simulation_files/asc/Velocity____161.0.asc
NCOLS        79
NROWS        79
XLLCENTER         -1.500000
YLLCENTER         -4.800000
CELLSIZE           0.100
NODATA_VALUE     -9999.0
[rows 0 to 26 of 79, columns 0 to 59 of 79]
-9999.000 -9999.000 -9999.000 -9999.000 -9999.000 -9999.000 -9999.000 -9999.000 -9999.000 -9999.000 -9999.000 -9999.000 -9999.000 -9999.000 -9999.000 0.1059037 0.1048101 0.1048876 0.1052179 0.1057137 0.1063031 0.1069052 0.1074235 0.1078621 0.1082004 0.1084431 0.1086510 0.1090258 0.1101361 0.1110924 0.1110924 -9999.000 -9999.000 -9999.000 -9999.000 -9999.000 -9999.000 -9999.000 -9999.000 -9999.000 -9999.000 -9999.000 -9999.000 -9999.000 -9999.000 -9999.000 -9999.000 -9999.000 -9999.000 -9999.000 -9999.000 -9999.000 -9999.000 -9999.000 -9999.000 -9999.000 -9999.000 -9999.000 -9999.000 -9999.000
-9999.000 -9999.000 -9999.000 -9999.000 -9999.000 -9999.000 -9999.000 -9999.000 -9999.000 -9999.000 -9999.000 -9999.000 -9999.000 -9999.000 -9999.000 0.1033743 0.1012228 0.1014369 0.1021977 0.1033178 0.1046453 0.1060098 0.1072037 0.1082284 0.1090363 0.1096347 0.1101565 0.1110515 0.1135707 0.1161156 0.1161156 -9999.000 -9999.000 -9999.000 -9999.000 -9999.000 -9999.000 -9999.000 -9999.000 -9999.000 -9999.000 -9999.000 -9999.000 -9999.000 -9999.000 -9999.000 -9999.000 -9999.000 -9999.000 -9999.000 -9999.000 -9999.000 -9999.000 -9999.000 -9999.000 -9999.000 -9999.000 -9999.000 -9999.000 -9999.000
-9999.000 -9999.000 -9999.000 -9999.000 -9999.000 -9999.000 -9999.000 -9999.000 -9999.000 -9999.000 -9999.000 -9999.000 -9999.000 -9999.000 -9999.000 0.9925361E-01 0.9610272E-01 0.9648571E-01 0.9777292E-01 0.9966426E-01 0.1019201 0.1042742 0.1063972 0.1082929 0.1098811 0.1111668 0.1123541 0.1141591 0.1185838 0.1235183 0.1235183 -9999.000 -9999.000 -9999.000 -9999.000 -9999.000 -9999.000 -9999.000 -9999.000 -9999.000 -9999.000 -9999.000 -9999.000 -9999.000 -9999.000 -9999.000 -9999.000 -9999.000 -9999.000 -9999.000 -9999.000 -9999.000 -9999.000 -9999.000 -9999.000 -9999.000 -9999.000 -9999.000 -9999.000 -9999.000
-9999.000 -9999.000 -9999.000 -9999.000 -9999.000 -9999.000 -9999.000 -9999.000 -9999.000 -9999.000 -9999.000 -9999.000 -9999.000 -9999.000 -9999.000 0.9441904E-01 0.9040406E-01 0.9098148E-01 0.9283303E-01 0.9554394E-01 0.9878711E-01 0.1022051 0.1053473 0.1082252 0.1107231 0.1128373 0.1148373 0.1177058 0.1242270 0.1321156 0.1321156 -9999.000 -9999.000 -9999.000 -9999.000 -9999.000 -9999.000 -9999.000 -9999.000 -9999.000 -9999.000 -9999.000 -9999.000 -9999.000 -9999.000 -9999.000 -9999.000 -9999.000 -9999.000 -9999.000 -9999.000 -9999.000 -9999.000 -9999.000 -9999.000 -9999.000 -9999.000 -9999.000 -9999.000 -9999.000
-9999.000 -9999.000 -9999.000 -9999.000 -9999.000 -9999.000 -9999.000 -9999.000 -9999.000 -9999.000 -9999.000 -9999.000 -9999.000 -9999.000 -9999.000 0.8909035E-01 0.8431499E-01 0.8511083E-01 0.8756062E-01 0.9113011E-01 0.9540405E-01 0.9993659E-01 0.1041542 0.1080842 0.1115718 0.1146020 0.1175073 0.1215470 0.1303324 0.1417676 0.1417676 -9999.000 -9999.000 -9999.000 -9999.000 -9999.000 -9999.000 -9999.000 -9999.000 -9999.000 -9999.000 -9999.000 -9999.000 -9999.000 -9999.000 -9999.000 -9999.000 -9999.000 -9999.000 -9999.000 -9999.000 -9999.000 -9999.000 -9999.000 -9999.000 -9999.000 -9999.000 -9999.000 -9999.000 -9999.000
-9999.000 -9999.000 -9999.000 -9999.000 -9999.000 -9999.000 -9999.000 -9999.000 -9999.000 -9999.000 -9999.000 -9999.000 -9999.000 -9999.000 -9999.000 0.8336432E-01 0.7792521E-01 0.7897084E-01 0.8205834E-01 0.8652637E-01 0.9186918E-01 0.9755564E-01 0.1028875 0.1079173 0.1124482 0.1164516 0.1203251 0.1256193 0.1368316 0.1524850 0.1524850 -9999.000 -9999.000 -9999.000 -9999.000 -9999.000 -9999.000 -9999.000 -9999.000 -9999.000 -9999.000 -9999.000 -9999.000 -9999.000 -9999.000 -9999.000 -9999.000 -9999.000 -9999.000 -9999.000 -9999.000 -9999.000 -9999.000 -9999.000 -9999.000 -9999.000 -9999.000 -9999.000 -9999.000 -9999.000
-9999.000 -9999.000 -9999.000 -9999.000 -9999.000 -9999.000 -9999.000 -9999.000 -9999.000 -9999.000 -9999.000 -9999.000 -9999.000 -9999.000 -9999.000 0.7727412E-01 0.7127246E-01 0.7261158E-01 0.7638576E-01 0.8179584E-01 0.8824296E-01 0.9511603E-01 0.1015900 0.1077549 0.1133677 0.1183851 0.1232739 0.1298950 0.1437044 0.1643757 0.1643757 -9999.000 -9999.000 -9999.000 -9999.000 -9999.000 -9999.000 -9999.000 -9999.000 -9999.000 -9999.000 -9999.000 -9999.000 -9999.000 -9999.000 -9999.000 -9999.000 -9999.000 -9999.000 -9999.000 -9999.000 -9999.000 -9999.000 -9999.000 -9999.000 -9999.000 -9999.000 -9999.000 -9999.000 -9999.000
-9999.000 -9999.000 -9999.000 -9999.000 -9999.000 -9999.000 -9999.000 -9999.000 -9999.000 -9999.000 -9999.000 -9999.000 -9999.000 -9999.000 -9999.000 0.7082003E-01 0.6436896E-01 0.6606200E-01 0.7058427E-01 0.7698375E-01 0.8456782E-01 0.9265420E-01 0.1002901 0.1076173 0.1143413 0.1204036 0.1263453 0.1343619 0.1509559 0.1776254 0.1776254 -9999.000 -9999.000 -9999.000 -9999.000 -9999.000 -9999.000 -9999.000 -9999.000 -9999.000 -9999.000 -9999.000 -9999.000 -9999.000 -9999.000 -9999.000 -9999.000 -9999.000 -9999.000 -9999.000 -9999.000 -9999.000 -9999.000 -9999.000 -9999.000 -9999.000 -9999.000 -9999.000 -9999.000 -9999.000
-9999.000 -9999.000 -9999.000 -9999.000 -9999.000 -9999.000 -9999.000 -9999.000 -9999.000 -9999.000 -9999.000 -9999.000 -9999.000 -9999.000 -9999.000 0.6398439E-01 0.5721634E-01 0.5934812E-01 0.6469584E-01 0.7213400E-01 0.8088157E-01 0.9020024E-01 0.9900945E-01 0.1075199 0.1153774 0.1225088 0.1295352 0.1390158 0.1586053 0.1924990 0.1924990 -9999.000 -9999.000 -9999.000 -9999.000 -9999.000 -9999.000 -9999.000 -9999.000 -9999.000 -9999.000 -9999.000 -9999.000 -9999.000 -9999.000 -9999.000 -9999.000 -9999.000 -9999.000 -9999.000 -9999.000 -9999.000 -9999.000 -9999.000 -9999.000 -9999.000 -9999.000 -9999.000 -9999.000 -9999.000
-9999.000 -9999.000 -9999.000 -9999.000 -9999.000 -9999.000 -9999.000 -9999.000 -9999.000 -9999.000 -9999.000 -9999.000 -9999.000 -9999.000 -9999.000 0.5673944E-01 0.4981609E-01 0.5250992E-01 0.5877911E-01 0.6730275E-01 0.7722852E-01 0.8778682E-01 0.9777098E-01 0.1074789 0.1164861 0.1247041 0.1328418 0.1438569 0.1666810 0.2093590 0.2093590 -9999.000 -9999.000 -9999.000 -9999.000 -9999.000 -9999.000 -9999.000 -9999.000 -9999.000 -9999.000 -9999.000 -9999.000 -9999.000 -9999.000 -9999.000 -9999.000 -9999.000 -9999.000 -9999.000 -9999.000 -9999.000 -9999.000 -9999.000 -9999.000 -9999.000 -9999.000 -9999.000 -9999.000 -9999.000
-9999.000 -9999.000 -9999.000 -9999.000 -9999.000 -9999.000 -9999.000 -9999.000 -9999.000 -9999.000 -9999.000 -9999.000 -9999.000 -9999.000 -9999.000 0.4905030E-01 0.4218455E-01 0.4562569E-01 0.5293220E-01 0.6257400E-01 0.7367055E-01 0.8545782E-01 0.9660538E-01 0.1075168 0.1176829 0.1269980 0.1362680 0.1488894 0.1752193 0.2287005 0.2287005 -9999.000 -9999.000 -9999.000 -9999.000 -9999.000 -9999.000 -9999.000 -9999.000 -9999.000 -9999.000 -9999.000 -9999.000 -9999.000 -9999.000 -9999.000 -9999.000 -9999.000 -9999.000 -9999.000 -9999.000 -9999.000 -9999.000 -9999.000 -9999.000 -9999.000 -9999.000 -9999.000 -9999.000 -9999.000
-9999.000 -9999.000 -9999.000 -9999.000 -9999.000 -9999.000 -9999.000 -9999.000 -9999.000 -9999.000 -9999.000 -9999.000 -9999.000 -9999.000 -9999.000 0.4087764E-01 0.3438525E-01 0.3886363E-01 0.4733111E-01 0.5808366E-01 0.7030236E-01 0.8327971E-01 0.9556127E-01 0.1076717 0.1189957 0.1294094 0.1398256 0.1541243 0.1842653 0.2512116 0.2512116 -9999.000 -9999.000 -9999.000 -9999.000 -9999.000 -9999.000 -9999.000 -9999.000 -9999.000 -9999.000 -9999.000 -9999.000 -9999.000 -9999.000 -9999.000 -9999.000 -9999.000 -9999.000 -9999.000 -9999.000 -9999.000 -9999.000 -9999.000 -9999.000 -9999.000 -9999.000 -9999.000 -9999.000 -9999.000
-9999.000 -9999.000 -9999.000 -9999.000 -9999.000 -9999.000 -9999.000 -9999.000 -9999.000 -9999.000 -9999.000 -9999.000 -9999.000 -9999.000 -9999.000 0.3218530E-01 0.2662585E-01 0.3259679E-01 0.4229720E-01 0.5405736E-01 0.6727740E-01 0.8136083E-01 0.9472221E-01 0.1080110 0.1204789 0.1319810 0.1435463 0.1595900 0.1938792 0.2778736 0.2778736 -9999.000 -9999.000 -9999.000 -9999.000 -9999.000 -9999.000 -9999.000 -9999.000 -9999.000 -9999.000 -9999.000 -9999.000 -9999.000 -9999.000 -9999.000 -9999.000 -9999.000 -9999.000 -9999.000 -9999.000 -9999.000 -9999.000 -9999.000 -9999.000 -9999.000 -9999.000 -9999.000 -9999.000 -9999.000
-9999.000 -9999.000 -9999.000 -9999.000 -9999.000 -9999.000 -9999.000 -9999.000 -9999.000 -9999.000 -9999.000 -9999.000 -9999.000 -9999.000 -9999.000 0.2295794E-01 0.1966379E-01 0.2776000E-01 0.3853532E-01 0.5099589E-01 0.6496019E-01 0.7997764E-01 0.9431025E-01 0.1087184 0.1222848 0.1348395 0.1475350 0.1653741 0.2041643 0.3101553 0.3101553 -9999.000 -9999.000 -9999.000 -9999.000 -9999.000 -9999.000 -9999.000 -9999.000 -9999.000 -9999.000 -9999.000 -9999.000 -9999.000 -9999.000 -9999.000 -9999.000 -9999.000 -9999.000 -9999.000 -9999.000 -9999.000 -9999.000 -9999.000 -9999.000 -9999.000 -9999.000 -9999.000 -9999.000 -9999.000
-9999.000 -9999.000 -9999.000 -9999.000 -9999.000 -9999.000 -9999.000 -9999.000 -9999.000 -9999.000 -9999.000 -9999.000 -9999.000 -9999.000 -9999.000 0.2322665E-01 0.3781663E-01 0.4900948E-01 0.5884455E-01 0.6815115E-01 0.7826203E-01 0.8979165E-01 0.1014734 0.1141152 0.1266216 0.1386870 0.1514765 0.1705703 0.2140514 0.3475354 0.3475354 -9999.000 -9999.000 -9999.000 -9999.000 -9999.000 -9999.000 -9999.000 -9999.000 -9999.000 -9999.000 -9999.000 -9999.000 -9999.000 -9999.000 -9999.000 -9999.000 -9999.000 -9999.000 -9999.000 -9999.000 -9999.000 -9999.000 -9999.000 -9999.000 -9999.000 -9999.000 -9999.000 -9999.000 -9999.000
2.601118 2.601118 2.645014 2.685570 2.690698 2.690698 2.693522 2.695249 2.695249 2.693654 2.693654 2.689802 2.687251 2.684378 2.681235 2.681235 2.729517 2.727488 2.713858 2.685921 2.640983 2.577344 2.492324 2.389005 2.267328 2.129400 1.979566 1.828205 1.701813 1.671654 1.671654 2.458542 2.615410 2.698583 2.718279 2.718279 2.741204 2.741204 2.710281 2.710281 2.660243 2.467269 2.467269 2.024637 2.024637 1.846464 1.846464 1.846464 1.850319 1.850319 1.887789 1.887789 1.934163 1.934163 1.980228 1.980228 2.020161 2.020161 2.020161 2.050420
2.618790 2.618790 2.677246 2.733690 2.749576 2.749576 2.763127 2.786190 2.786190 2.805791 2.805791 2.822999 2.830918 2.838467 2.845699 2.845699 2.880847 2.889833 2.897788 2.903511 2.905019 2.899992 2.885401 2.859646 2.820210 2.765259 2.694031 2.608063 2.514003 2.455635 2.455635 2.877098 3.022255 3.159342 3.195540 3.195540 3.233609 3.233609 3.226048 3.226048 3.200491 3.091037 3.091037 2.845566 2.845566 2.640917 2.640917 2.640917 2.644218 2.644218 2.683074 2.683074 2.732455 2.732455 2.781395 2.781395 2.824677 2.824677 2.824677 2.859930
2.622715 2.622715 2.681282 2.733948 2.750042 2.750042 2.763860 2.787486 2.787486 2.807682 2.807682 2.825547 2.833828 2.841763 2.849406 2.849406 2.881804 2.898439 2.916177 2.933280 2.948215 2.959720 2.966322 2.967197 2.960901 2.945810 2.920482 2.884572 2.841010 2.813274 2.813274 3.055305 3.193577 3.351098 3.395875 3.395875 3.437446 3.437446 3.419423 3.419423 3.388344 3.290838 3.290838 3.129120 3.129120 2.931331 2.931331 2.931331 2.919463 2.919463 2.948312 2.948312 2.990361 2.990361 3.033230 3.033230 3.071830 3.071830 3.071830 3.103642
2.625878 2.625878 2.684503 2.733874 2.749946 2.749946 2.763806 2.787494 2.787494 2.807709 2.807709 2.825583 2.833870 2.841814 2.849466 2.849466 2.881735 2.905459 2.931579 2.957107 2.980120 2.999461 3.014259 3.024245 3.029055 3.028181 3.021049 3.007522 2.989345 2.980911 2.980911 3.130273 3.253165 3.414750 3.462204 3.462204 3.495527 3.495527 3.456122 3.456122 3.418472 3.336880 3.336880 3.238250 3.238250 3.070893 3.070893 3.070893 3.043381 3.043381 3.060481 3.060481 3.095599 3.095599 3.134330 3.134330 3.170060 3.170060 3.170060 3.199613
2.628302 2.628302 2.686959 2.733821 2.749847 2.749847 2.763742 2.787487 2.787487 2.807710 2.807710 2.825581 2.833866 2.841809 2.849461 2.849461 2.884550 2.915240 2.949320 2.982707 3.013056 3.039093 3.060062 3.075748 3.086132 3.091255 3.091212 3.086407 3.078461 3.076979 3.076979 3.172850 3.276194 3.426881 3.467097 3.467097 3.470886 3.470886 3.407033 3.407033 3.371657 3.322157 3.322157 3.278508 3.278508 3.157545 3.157545 3.157545 3.119094 3.119094 3.122471 3.122471 3.148524 3.148524 3.181966 3.181966 3.214243 3.214243 3.214243 3.241107
2.630018 2.630018 2.688680 2.733792 2.749766 2.749766 2.763686 2.787482 2.787482 2.807712 2.807712 2.825579 2.833863 2.841805 2.849456 2.849456 2.891066 2.929006 2.970712 3.011395 3.048488 3.080667 3.107222 3.127911 3.142753 3.151924 3.155737 3.154817 3.150696 3.150079 3.150079 3.210657 3.291604 3.411880 3.429497 3.429497 3.383199 3.383199 3.312809 3.312809 3.293494 3.286879 3.286879 3.287566 3.287566 3.217889 3.217889 3.217889 3.177404 3.177404 3.168402 3.168402 3.183506 3.183506 3.209602 3.209602 3.236857 3.236857 3.236857 3.259866
2.631043 2.631043 2.689697 2.733779 2.749712 2.749712 2.763648 2.787477 2.787477 2.807714 2.807714 2.825579 2.833862 2.841803 2.849453 2.849453 2.902144 2.947966 2.997066 3.044432 3.087544 3.125163 3.156673 3.181851 3.200708 3.213415 3.220294 3.221940 3.219632 3.217935 3.217935 3.253515 3.309446 3.369030 3.343930 3.343930 3.248954 3.248954 3.207234 3.207234 3.213006 3.247495 3.247495 3.280441 3.280441 3.258287 3.258287 3.258287 3.225047 3.225047 3.208350 3.208350 3.212426 3.212426 3.229420 3.229420 3.249855 3.249855 3.249855 3.267587
2.631384 2.631384 2.690034 2.733776 2.749695 2.749695 2.763636 2.787475 2.787475 2.807715 2.807715 2.825579 2.833861 2.841803 2.849452 2.849452 2.918921 2.973490 3.029829 3.083233 3.131516 3.173687 3.209315 3.238265 3.260577 3.276406 3.286022 3.289901 3.288966 3.285901 3.285901 3.302349 3.327954 3.278710 3.199049 3.199049 3.098087 3.098087 3.114642 3.114642 3.144164 3.209346 3.209346 3.264258 3.264258 3.281685 3.281685 3.281685 3.262166 3.262166 3.243980 3.243980 3.239049 3.239049 3.246138 3.246138 3.258147 3.258147 3.258147 3.269149
2.631043 2.631043 2.689697 2.733780 2.749713 2.749713 2.763648 2.787477 2.787477 2.807715 2.807715 2.825579 2.833862 2.841803 2.849454 2.849454 2.942992 3.007272 3.070694 3.129410 3.181875 3.227527 3.266218 3.297982 3.322943 3.341272 3.353197 3.359059 3.359352 3.354542 3.354542 3.352286 3.331926 3.116945 3.005220 3.005220 2.966098 2.966098 3.043070 3.043070 3.088467 3.173051 3.173051 3.242644 3.242644 3.290878 3.290878 3.290878 3.287713 3.287713 3.273645 3.273645 3.263189 3.263189 3.260798 3.260798 3.263315 3.263315 3.263315 3.266342
2.630019 2.630019 2.688680 2.733792 2.749765 2.749765 2.763685 2.787481 2.787481 2.807712 2.807712 2.825579 2.833863 2.841805 2.849456 2.849456 2.976693 3.051557 3.121743 3.184857 3.240310 3.288147 3.328613 3.361989 3.388537 3.408487 3.422054 3.429456 3.430502 3.421514 3.421514 3.389057 3.282851 2.890830 2.808646 2.808646 2.870283 2.870283 2.986025 2.986025 3.039994 3.136452 3.136452 3.216236 3.216236 3.287600 3.287600 3.287600 3.300349 3.300349 3.294071 3.294071 3.281942 3.281942 3.271628 3.271628 3.264416 3.264416 3.264416 3.258698
2.628303 2.628303 2.686959 2.733822 2.749848 2.749848 2.763741 2.787487 2.787487 2.807710 2.807710 2.825581 2.833866 2.841810 2.849461 2.849461 3.023524 3.109463 3.185667 3.251870 3.308765 3.357183 3.397862 3.431389 3.458210 3.478648 3.492937 3.501131 3.501334 3.478198 3.478198 3.373040 3.118618 2.660420 2.661676 2.661676 2.801065 2.801065 2.934796 2.934796 2.993047 3.097346 3.097346 3.184403 3.184403 3.272573 3.272573 3.272573 3.298942 3.298942 3.301818 3.301818 3.290979 3.290979 3.274923 3.274923 3.258604 3.258604 3.258604 3.244050
2.625879 2.625879 2.684502 2.733874 2.749947 2.749947 2.763806 2.787494 2.787494 2.807709 2.807709 2.825583 2.833870 2.841814 2.849466 2.849466 3.088951 3.185519 3.266089 3.333325 3.389528 3.436462 3.475426 3.507349 3.532874 3.552430 3.566289 3.574046 3.567636 3.492313 3.492313 3.218550 2.808651 2.504213 2.563087 2.563087 2.737099 2.737099 2.878983 2.878983 2.939581 3.050108 3.050108 3.142560 3.142560 3.242816 3.242816 3.242816 3.279893 3.279893 3.291415 3.291415 3.283459 3.283459 3.263803 3.263803 3.239724 3.239724 3.239724 3.217040
