simulation_files/asc/Velocity__x_316.0.asc
NCOLS        79
NROWS        79
XLLCENTER         -1.500000
YLLCENTER         -4.800000
CELLSIZE           0.100
NODATA_VALUE     -9999.0
[rows 0 to 25 of 79, columns 0 to 57 of 79]
-9999.000 -9999.000 -9999.000 -9999.000 -9999.000 -9999.000 -9999.000 -9999.000 -9999.000 -9999.000 -9999.000 -9999.000 -9999.000 -9999.000 -9999.000 0.1898167E-03 0.1897056E-02 0.5431294E-02 0.9120241E-02 0.1232753E-01 0.1483570E-01 0.1656736E-01 0.1753025E-01 0.1778689E-01 0.1739975E-01 0.1643389E-01 0.1492100E-01 0.1270966E-01 0.9060971E-02 0.4455563E-02 0.4455563E-02 -9999.000 -9999.000 -9999.000 -9999.000 -9999.000 -9999.000 -9999.000 -9999.000 -9999.000 -9999.000 -9999.000 -9999.000 -9999.000 -9999.000 -9999.000 -9999.000 -9999.000 -9999.000 -9999.000 -9999.000 -9999.000 -9999.000 -9999.000 -9999.000 -9999.000 -9999.000 -9999.000
-9999.000 -9999.000 -9999.000 -9999.000 -9999.000 -9999.000 -9999.000 -9999.000 -9999.000 -9999.000 -9999.000 -9999.000 -9999.000 -9999.000 -9999.000 0.1388684E-02 0.4296739E-02 0.8964335E-02 0.1369531E-01 0.1783928E-01 0.2112276E-01 0.2341322E-01 0.2467238E-01 0.2492769E-01 0.2422052E-01 0.2260781E-01 0.2012615E-01 0.1666187E-01 0.1160563E-01 0.5690372E-02 0.5690372E-02 -9999.000 -9999.000 -9999.000 -9999.000 -9999.000 -9999.000 -9999.000 -9999.000 -9999.000 -9999.000 -9999.000 -9999.000 -9999.000 -9999.000 -9999.000 -9999.000 -9999.000 -9999.000 -9999.000 -9999.000 -9999.000 -9999.000 -9999.000 -9999.000 -9999.000 -9999.000 -9999.000
-9999.000 -9999.000 -9999.000 -9999.000 -9999.000 -9999.000 -9999.000 -9999.000 -9999.000 -9999.000 -9999.000 -9999.000 -9999.000 -9999.000 -9999.000 0.1958076E-02 0.5503923E-02 0.1087036E-01 0.1624002E-01 0.2092946E-01 0.2464276E-01 0.2722886E-01 0.2863629E-01 0.2888523E-01 0.2801524E-01 0.2608782E-01 0.2315073E-01 0.1910133E-01 0.1332292E-01 0.6570399E-02 0.6570399E-02 -9999.000 -9999.000 -9999.000 -9999.000 -9999.000 -9999.000 -9999.000 -9999.000 -9999.000 -9999.000 -9999.000 -9999.000 -9999.000 -9999.000 -9999.000 -9999.000 -9999.000 -9999.000 -9999.000 -9999.000 -9999.000 -9999.000 -9999.000 -9999.000 -9999.000 -9999.000 -9999.000
-9999.000 -9999.000 -9999.000 -9999.000 -9999.000 -9999.000 -9999.000 -9999.000 -9999.000 -9999.000 -9999.000 -9999.000 -9999.000 -9999.000 -9999.000 0.2303812E-02 0.6246398E-02 0.1205842E-01 0.1784143E-01 0.2288620E-01 0.2688277E-01 0.2966916E-01 0.3118820E-01 0.3145788E-01 0.3051711E-01 0.2843085E-01 0.2525126E-01 0.2087363E-01 0.1464871E-01 0.7280608E-02 0.7280608E-02 -9999.000 -9999.000 -9999.000 -9999.000 -9999.000 -9999.000 -9999.000 -9999.000 -9999.000 -9999.000 -9999.000 -9999.000 -9999.000 -9999.000 -9999.000 -9999.000 -9999.000 -9999.000 -9999.000 -9999.000 -9999.000 -9999.000 -9999.000 -9999.000 -9999.000 -9999.000 -9999.000
-9999.000 -9999.000 -9999.000 -9999.000 -9999.000 -9999.000 -9999.000 -9999.000 -9999.000 -9999.000 -9999.000 -9999.000 -9999.000 -9999.000 -9999.000 0.2562089E-02 0.6802998E-02 0.1295139E-01 0.1904826E-01 0.2436511E-01 0.2858254E-01 0.3153189E-01 0.3315273E-01 0.3346261E-01 0.3249975E-01 0.3033113E-01 0.2701033E-01 0.2242340E-01 0.1587291E-01 0.7960911E-02 0.7960911E-02 -9999.000 -9999.000 -9999.000 -9999.000 -9999.000 -9999.000 -9999.000 -9999.000 -9999.000 -9999.000 -9999.000 -9999.000 -9999.000 -9999.000 -9999.000 -9999.000 -9999.000 -9999.000 -9999.000 -9999.000 -9999.000 -9999.000 -9999.000 -9999.000 -9999.000 -9999.000 -9999.000
-9999.000 -9999.000 -9999.000 -9999.000 -9999.000 -9999.000 -9999.000 -9999.000 -9999.000 -9999.000 -9999.000 -9999.000 -9999.000 -9999.000 -9999.000 0.2795722E-02 0.7304124E-02 0.1375057E-01 0.2012461E-01 0.2568246E-01 0.3009893E-01 0.3319982E-01 0.3492391E-01 0.3528935E-01 0.3433328E-01 0.3212422E-01 0.2871565E-01 0.2397915E-01 0.1715499E-01 0.8693204E-02 0.8693204E-02 -9999.000 -9999.000 -9999.000 -9999.000 -9999.000 -9999.000 -9999.000 -9999.000 -9999.000 -9999.000 -9999.000 -9999.000 -9999.000 -9999.000 -9999.000 -9999.000 -9999.000 -9999.000 -9999.000 -9999.000 -9999.000 -9999.000 -9999.000 -9999.000 -9999.000 -9999.000 -9999.000
-9999.000 -9999.000 -9999.000 -9999.000 -9999.000 -9999.000 -9999.000 -9999.000 -9999.000 -9999.000 -9999.000 -9999.000 -9999.000 -9999.000 -9999.000 0.3035419E-02 0.7813785E-02 0.1455455E-01 0.2119975E-01 0.2699329E-01 0.3160677E-01 0.3486218E-01 0.3669818E-01 0.3713446E-01 0.3620711E-01 0.3398623E-01 0.3052402E-01 0.2567313E-01 0.1859570E-01 0.9532607E-02 0.9532607E-02 -9999.000 -9999.000 -9999.000 -9999.000 -9999.000 -9999.000 -9999.000 -9999.000 -9999.000 -9999.000 -9999.000 -9999.000 -9999.000 -9999.000 -9999.000 -9999.000 -9999.000 -9999.000 -9999.000 -9999.000 -9999.000 -9999.000 -9999.000 -9999.000 -9999.000 -9999.000 -9999.000
-9999.000 -9999.000 -9999.000 -9999.000 -9999.000 -9999.000 -9999.000 -9999.000 -9999.000 -9999.000 -9999.000 -9999.000 -9999.000 -9999.000 -9999.000 0.3297546E-02 0.8365779E-02 0.1541573E-01 0.2234251E-01 0.2838057E-01 0.3320086E-01 0.3662214E-01 0.3858465E-01 0.3910998E-01 0.3823316E-01 0.3602643E-01 0.3253959E-01 0.2760095E-01 0.2027834E-01 0.1052942E-01 0.1052942E-01 -9999.000 -9999.000 -9999.000 -9999.000 -9999.000 -9999.000 -9999.000 -9999.000 -9999.000 -9999.000 -9999.000 -9999.000 -9999.000 -9999.000 -9999.000 -9999.000 -9999.000 -9999.000 -9999.000 -9999.000 -9999.000 -9999.000 -9999.000 -9999.000 -9999.000 -9999.000 -9999.000
-9999.000 -9999.000 -9999.000 -9999.000 -9999.000 -9999.000 -9999.000 -9999.000 -9999.000 -9999.000 -9999.000 -9999.000 -9999.000 -9999.000 -9999.000 0.3591879E-02 0.8981293E-02 0.1636669E-01 0.2359610E-01 0.2989703E-01 0.3494195E-01 0.3854782E-01 0.4065713E-01 0.4129491E-01 0.4049503E-01 0.3833163E-01 0.3485185E-01 0.2985428E-01 0.2229169E-01 0.1174013E-01 0.1174013E-01 -9999.000 -9999.000 -9999.000 -9999.000 -9999.000 -9999.000 -9999.000 -9999.000 -9999.000 -9999.000 -9999.000 -9999.000 -9999.000 -9999.000 -9999.000 -9999.000 -9999.000 -9999.000 -9999.000 -9999.000 -9999.000 -9999.000 -9999.000 -9999.000 -9999.000 -9999.000 -9999.000
-9999.000 -9999.000 -9999.000 -9999.000 -9999.000 -9999.000 -9999.000 -9999.000 -9999.000 -9999.000 -9999.000 -9999.000 -9999.000 -9999.000 -9999.000 0.3927396E-02 0.9678357E-02 0.1743563E-01 0.2499747E-01 0.3158779E-01 0.3688315E-01 0.4069942E-01 0.4298338E-01 0.4376443E-01 0.4307513E-01 0.4099264E-01 0.3756066E-01 0.3254170E-01 0.2474851E-01 0.1323923E-01 0.1323923E-01 -9999.000 -9999.000 -9999.000 -9999.000 -9999.000 -9999.000 -9999.000 -9999.000 -9999.000 -9999.000 -9999.000 -9999.000 -9999.000 -9999.000 -9999.000 -9999.000 -9999.000 -9999.000 -9999.000 -9999.000 -9999.000 -9999.000 -9999.000 -9999.000 -9999.000 -9999.000 -9999.000
-9999.000 -9999.000 -9999.000 -9999.000 -9999.000 -9999.000 -9999.000 -9999.000 -9999.000 -9999.000 -9999.000 -9999.000 -9999.000 -9999.000 -9999.000 0.4312658E-02 0.1047528E-01 0.1865170E-01 0.2658623E-01 0.3350193E-01 0.3908304E-01 0.4314533E-01 0.4564187E-01 0.4660773E-01 0.4607446E-01 0.4412374E-01 0.4079549E-01 0.3580831E-01 0.2780438E-01 0.1513077E-01 0.1513077E-01 -9999.000 -9999.000 -9999.000 -9999.000 -9999.000 -9999.000 -9999.000 -9999.000 -9999.000 -9999.000 -9999.000 -9999.000 -9999.000 -9999.000 -9999.000 -9999.000 -9999.000 -9999.000 -9999.000 -9999.000 -9999.000 -9999.000 -9999.000 -9999.000 -9999.000 -9999.000 -9999.000
-9999.000 -9999.000 -9999.000 -9999.000 -9999.000 -9999.000 -9999.000 -9999.000 -9999.000 -9999.000 -9999.000 -9999.000 -9999.000 -9999.000 -9999.000 0.4758256E-02 0.1139607E-01 0.2005315E-01 0.2841380E-01 0.3570406E-01 0.4161897E-01 0.4597594E-01 0.4873719E-01 0.4994526E-01 0.4963135E-01 0.4788388E-01 0.4473902E-01 0.3986182E-01 0.3168692E-01 0.1756894E-01 0.1756894E-01 -9999.000 -9999.000 -9999.000 -9999.000 -9999.000 -9999.000 -9999.000 -9999.000 -9999.000 -9999.000 -9999.000 -9999.000 -9999.000 -9999.000 -9999.000 -9999.000 -9999.000 -9999.000 -9999.000 -9999.000 -9999.000 -9999.000 -9999.000 -9999.000 -9999.000 -9999.000 -9999.000
-9999.000 -9999.000 -9999.000 -9999.000 -9999.000 -9999.000 -9999.000 -9999.000 -9999.000 -9999.000 -9999.000 -9999.000 -9999.000 -9999.000 -9999.000 0.5281230E-02 0.1247605E-01 0.2169613E-01 0.3055619E-01 0.3828882E-01 0.4460463E-01 0.4932419E-01 0.5242281E-01 0.5395397E-01 0.5394932E-01 0.5250806E-01 0.4966373E-01 0.4501577E-01 0.3674397E-01 0.2079030E-01 0.2079030E-01 -9999.000 -9999.000 -9999.000 -9999.000 -9999.000 -9999.000 -9999.000 -9999.000 -9999.000 -9999.000 -9999.000 -9999.000 -9999.000 -9999.000 -9999.000 -9999.000 -9999.000 -9999.000 -9999.000 -9999.000 -9999.000 -9999.000 -9999.000 -9999.000 -9999.000 -9999.000 -9999.000
-9999.000 -9999.000 -9999.000 -9999.000 -9999.000 -9999.000 -9999.000 -9999.000 -9999.000 -9999.000 -9999.000 -9999.000 -9999.000 -9999.000 -9999.000 0.6089035E-02 0.1411762E-01 0.2413628E-01 0.3359104E-01 0.4183436E-01 0.4859914E-01 0.5372399E-01 0.5721128E-01 0.5913383E-01 0.5952866E-01 0.5851234E-01 0.5611610E-01 0.5185981E-01 0.4360506E-01 0.2523260E-01 0.2523260E-01 -9999.000 -9999.000 -9999.000 -9999.000 -9999.000 -9999.000 -9999.000 -9999.000 -9999.000 -9999.000 -9999.000 -9999.000 -9999.000 -9999.000 -9999.000 -9999.000 -9999.000 -9999.000 -9999.000 -9999.000 -9999.000 -9999.000 -9999.000 -9999.000 -9999.000 -9999.000 -9999.000
-9999.000 -9999.000 -9999.000 -9999.000 -9999.000 -9999.000 -9999.000 -9999.000 -9999.000 -9999.000 -9999.000 -9999.000 -9999.000 -9999.000 -9999.000 0.4957195E-01 0.7498570E-01 0.8560134E-01 0.8333502E-01 0.8274151E-01 0.8120856E-01 0.7890625E-01 0.7610528E-01 0.7289086E-01 0.6928426E-01 0.6533080E-01 0.6091451E-01 0.5532572E-01 0.4604989E-01 0.2298991E-01 0.2298991E-01 -9999.000 -9999.000 -9999.000 -9999.000 -9999.000 -9999.000 -9999.000 -9999.000 -9999.000 -9999.000 -9999.000 -9999.000 -9999.000 -9999.000 -9999.000 -9999.000 -9999.000 -9999.000 -9999.000 -9999.000 -9999.000 -9999.000 -9999.000 -9999.000 -9999.000 -9999.000 -9999.000
2.742424 2.742424 2.723928 2.755567 2.772747 2.772747 2.774903 2.774423 2.774423 2.771491 2.771491 2.766512 2.763370 2.759866 2.756179 2.756179 2.852552 2.855363 2.851205 2.826193 2.781634 2.716285 2.627687 2.518347 2.389188 2.242168 2.081763 1.918350 1.778062 1.727521 1.727521 2.580085 2.752619 2.845303 2.866951 2.866951 2.892029 2.892029 2.860130 2.860130 2.807777 2.605162 2.605162 2.144053 2.144053 1.954720 1.954720 1.954720 1.957919 1.957919 1.997192 1.997192 2.046597 2.046597 2.095676 2.095676 2.138189 2.138189
2.764964 2.764964 2.751004 2.807996 2.832245 2.832245 2.846127 2.867893 2.867893 2.886620 2.886620 2.903076 2.910590 2.917703 2.924584 2.924584 2.997152 3.012178 3.025116 3.032968 3.035355 3.030330 3.014771 2.986666 2.943563 2.883439 2.805536 2.711623 2.609087 2.543338 2.543338 3.004926 3.165007 3.314161 3.353280 3.353280 3.394765 3.394765 3.387784 3.387784 3.360895 3.244903 3.244903 2.991864 2.991864 2.773769 2.773769 2.773769 2.776287 2.776287 2.817306 2.817306 2.869737 2.869737 2.921487 2.921487 2.967297 2.967297
2.768779 2.768779 2.754171 2.809360 2.831681 2.831681 2.846249 2.869008 2.869008 2.888456 2.888456 2.905668 2.913587 2.921126 2.928472 2.928472 2.994716 3.020128 3.043758 3.063760 3.079653 3.090792 3.095904 3.094048 3.083811 3.063475 3.031563 2.987882 2.935985 2.901802 2.901802 3.172191 3.328041 3.504044 3.553761 3.553761 3.601091 3.601091 3.583991 3.583991 3.550636 3.444475 3.444475 3.277876 3.277876 3.071249 3.071249 3.071249 3.057834 3.057834 3.088184 3.088184 3.132782 3.132782 3.178369 3.178369 3.219468 3.219468
2.768931 2.768931 2.758566 2.809842 2.830791 2.830791 2.845709 2.868971 2.868971 2.888501 2.888501 2.905706 2.913623 2.921162 2.928549 2.928549 2.991849 3.026373 3.059703 3.089223 3.113845 3.133023 3.146188 3.153097 3.153446 3.146703 3.132299 3.110235 3.082783 3.066525 3.066525 3.233683 3.373331 3.558070 3.613125 3.613125 3.656430 3.656430 3.618371 3.618371 3.577250 3.485559 3.485559 3.383269 3.383269 3.213967 3.213967 3.213967 3.184892 3.184892 3.202706 3.202706 3.239874 3.239874 3.281080 3.281080 3.319176 3.319176
2.767842 2.767842 2.764253 2.810191 2.830111 2.830111 2.845232 2.868939 2.868939 2.888546 2.888546 2.905726 2.913629 2.921157 2.928587 2.928587 2.992710 3.035406 3.077628 3.115850 3.148449 3.174679 3.194093 3.206578 3.212175 3.210939 3.202985 3.188835 3.170547 3.159523 3.159523 3.264110 3.380854 3.556580 3.607292 3.607292 3.626513 3.626513 3.563963 3.563963 3.524419 3.465806 3.465806 3.419839 3.419839 3.302192 3.302192 3.302192 3.263124 3.263124 3.266552 3.266552 3.293947 3.293947 3.329405 3.329405 3.363781 3.363781
2.768411 2.768411 2.767082 2.810362 2.829609 2.829609 2.844850 2.868908 2.868908 2.888585 2.888585 2.905748 2.913639 2.921159 2.928663 2.928663 2.998274 3.048712 3.099030 3.145046 3.184829 3.217487 3.242585 3.259999 3.269813 3.272233 3.267601 3.256639 3.241222 3.229469 3.229469 3.291553 3.381477 3.527337 3.558949 3.558949 3.532966 3.532966 3.463028 3.463028 3.440158 3.427498 3.427498 3.427263 3.427263 3.363318 3.363318 3.363318 3.323670 3.323670 3.314463 3.314463 3.330122 3.330122 3.357584 3.357584 3.386509 3.386509
2.768787 2.768787 2.768675 2.810467 2.829309 2.829309 2.844607 2.868886 2.868886 2.888613 2.888613 2.905764 2.913649 2.921163 2.928778 2.928778 3.009403 3.067612 3.125312 3.178122 3.224064 3.262253 3.292290 3.314067 3.327655 3.333260 3.331231 3.322232 3.307807 3.293618 3.293618 3.325263 3.385919 3.473294 3.466384 3.466384 3.392733 3.392733 3.351157 3.351157 3.355167 3.387122 3.387122 3.420300 3.420300 3.404285 3.404285 3.404285 3.373188 3.373188 3.356494 3.356494 3.360451 3.360451 3.378046 3.378046 3.399573 3.399573
2.768914 2.768914 2.769195 2.810503 2.829210 2.829210 2.844524 2.868878 2.868878 2.888623 2.888623 2.905770 2.913652 2.921165 2.928941 2.928941 3.027188 3.093526 3.157974 3.216483 3.267345 3.309860 3.343772 3.369048 3.385779 3.394143 3.394424 3.387141 3.373410 3.356787 3.356787 3.365566 3.393245 3.378882 3.319483 3.319483 3.235794 3.235794 3.254391 3.254391 3.284024 3.349328 3.349328 3.405331 3.405331 3.428507 3.428507 3.428507 3.411911 3.411911 3.394206 3.394206 3.388741 3.388741 3.395642 3.395642 3.408033 3.408033
2.768777 2.768777 2.768686 2.810468 2.829311 2.829311 2.844609 2.868886 2.868886 2.888612 2.888612 2.905764 2.913649 2.921163 2.929168 2.929168 3.053142 3.128110 3.198644 3.261612 3.315911 3.361251 3.397642 3.425217 3.444134 3.454575 3.456753 3.451020 3.437996 3.418996 3.418996 3.407545 3.390900 3.220751 3.125166 3.125166 3.098742 3.098742 3.180222 3.180222 3.227106 3.313570 3.313570 3.385035 3.385035 3.438699 3.438699 3.438699 3.438753 3.438753 3.425676 3.425676 3.414563 3.414563 3.411318 3.411318 3.413457 3.413457
2.768391 2.768391 2.767103 2.810365 2.829612 2.829612 2.844852 2.868908 2.868908 2.888586 2.888586 2.905748 2.913640 2.921158 2.929483 2.929483 3.089461 3.173450 3.249167 3.315042 3.370972 3.417297 3.454442 3.482784 3.502614 3.514147 3.517550 3.513003 3.500446 3.477551 3.477551 3.438832 3.346524 2.999246 2.926560 2.926560 2.999517 2.999517 3.121360 3.121360 3.177772 3.277203 3.277203 3.359650 3.359650 3.436459 3.436459 3.436459 3.452432 3.452432 3.447512 3.447512 3.434805 3.434805 3.423159 3.423159 3.414828 3.414828
2.767812 2.767812 2.764276 2.810194 2.830114 2.830114 2.845234 2.868939 2.868939 2.888545 2.888545 2.905725 2.913628 2.921156 2.929929 2.929929 3.139434 3.232284 3.311646 3.378300 3.433552 3.478610 3.514431 3.541704 3.560888 3.572259 3.575960 3.571963 3.558742 3.524795 3.524795 3.427087 3.201827 2.769042 2.777442 2.777442 2.927796 2.927796 3.068405 3.068405 3.129880 3.237729 3.237729 3.328278 3.328278 3.422189 3.422189 3.422189 3.451697 3.451697 3.456119 3.456119 3.444892 3.444892 3.427223 3.427223 3.409140 3.409140
