simulation_files/asc/Velocity__x_334.0.asc
NCOLS        79
NROWS        79
XLLCENTER         -1.500000
YLLCENTER         -4.800000
CELLSIZE           0.100
NODATA_VALUE     -9999.0
[rows 0 to 25 of 79, columns 0 to 57 of 79]
-9999.000 -9999.000 -9999.000 -9999.000 -9999.000 -9999.000 -9999.000 -9999.000 -9999.000 -9999.000 -9999.000 -9999.000 -9999.000 -9999.000 -9999.000 0.4882971E-03 0.2364856E-02 0.5766935E-02 0.9149218E-02 0.1207922E-01 0.1438227E-01 0.1598113E-01 0.1688436E-01 0.1714200E-01 0.1680196E-01 0.1592422E-01 0.1452997E-01 0.1244667E-01 0.8905067E-02 0.4380502E-02 0.4380502E-02 -9999.000 -9999.000 -9999.000 -9999.000 -9999.000 -9999.000 -9999.000 -9999.000 -9999.000 -9999.000 -9999.000 -9999.000 -9999.000 -9999.000 -9999.000 -9999.000 -9999.000 -9999.000 -9999.000 -9999.000 -9999.000 -9999.000 -9999.000 -9999.000 -9999.000 -9999.000 -9999.000
-9999.000 -9999.000 -9999.000 -9999.000 -9999.000 -9999.000 -9999.000 -9999.000 -9999.000 -9999.000 -9999.000 -9999.000 -9999.000 -9999.000 -9999.000 0.1663608E-02 0.4726978E-02 0.9275219E-02 0.1371943E-01 0.1759450E-01 0.2067206E-01 0.2282527E-01 0.2401957E-01 0.2427263E-01 0.2361327E-01 0.2209196E-01 0.1973352E-01 0.1640193E-01 0.1145652E-01 0.5621153E-02 0.5621153E-02 -9999.000 -9999.000 -9999.000 -9999.000 -9999.000 -9999.000 -9999.000 -9999.000 -9999.000 -9999.000 -9999.000 -9999.000 -9999.000 -9999.000 -9999.000 -9999.000 -9999.000 -9999.000 -9999.000 -9999.000 -9999.000 -9999.000 -9999.000 -9999.000 -9999.000 -9999.000 -9999.000
-9999.000 -9999.000 -9999.000 -9999.000 -9999.000 -9999.000 -9999.000 -9999.000 -9999.000 -9999.000 -9999.000 -9999.000 -9999.000 -9999.000 -9999.000 0.2253657E-02 0.5970958E-02 0.1122563E-01 0.1631149E-01 0.2073497E-01 0.2424500E-01 0.2669547E-01 0.2803896E-01 0.2828546E-01 0.2746154E-01 0.2562276E-01 0.2280477E-01 0.1888157E-01 0.1320342E-01 0.6516564E-02 0.6516564E-02 -9999.000 -9999.000 -9999.000 -9999.000 -9999.000 -9999.000 -9999.000 -9999.000 -9999.000 -9999.000 -9999.000 -9999.000 -9999.000 -9999.000 -9999.000 -9999.000 -9999.000 -9999.000 -9999.000 -9999.000 -9999.000 -9999.000 -9999.000 -9999.000 -9999.000 -9999.000 -9999.000
-9999.000 -9999.000 -9999.000 -9999.000 -9999.000 -9999.000 -9999.000 -9999.000 -9999.000 -9999.000 -9999.000 -9999.000 -9999.000 -9999.000 -9999.000 0.2623372E-02 0.6755872E-02 0.1246376E-01 0.1796518E-01 0.2274666E-01 0.2654275E-01 0.2919568E-01 0.3065225E-01 0.3091970E-01 0.3002366E-01 0.2802341E-01 0.2495874E-01 0.2070043E-01 0.1456407E-01 0.7244962E-02 0.7244962E-02 -9999.000 -9999.000 -9999.000 -9999.000 -9999.000 -9999.000 -9999.000 -9999.000 -9999.000 -9999.000 -9999.000 -9999.000 -9999.000 -9999.000 -9999.000 -9999.000 -9999.000 -9999.000 -9999.000 -9999.000 -9999.000 -9999.000 -9999.000 -9999.000 -9999.000 -9999.000 -9999.000
-9999.000 -9999.000 -9999.000 -9999.000 -9999.000 -9999.000 -9999.000 -9999.000 -9999.000 -9999.000 -9999.000 -9999.000 -9999.000 -9999.000 -9999.000 0.2904029E-02 0.7350693E-02 0.1340010E-01 0.1921639E-01 0.2427192E-01 0.2829149E-01 0.3110989E-01 0.3267048E-01 0.3297938E-01 0.3206104E-01 0.2997735E-01 0.2676923E-01 0.2229673E-01 0.1582455E-01 0.7944928E-02 0.7944928E-02 -9999.000 -9999.000 -9999.000 -9999.000 -9999.000 -9999.000 -9999.000 -9999.000 -9999.000 -9999.000 -9999.000 -9999.000 -9999.000 -9999.000 -9999.000 -9999.000 -9999.000 -9999.000 -9999.000 -9999.000 -9999.000 -9999.000 -9999.000 -9999.000 -9999.000 -9999.000 -9999.000
-9999.000 -9999.000 -9999.000 -9999.000 -9999.000 -9999.000 -9999.000 -9999.000 -9999.000 -9999.000 -9999.000 -9999.000 -9999.000 -9999.000 -9999.000 0.3157520E-02 0.7885002E-02 0.1423479E-01 0.2032756E-01 0.2562561E-01 0.2984687E-01 0.3281990E-01 0.3448716E-01 0.3485382E-01 0.3394381E-01 0.3182069E-01 0.2852460E-01 0.2389951E-01 0.1714478E-01 0.8698178E-02 0.8698178E-02 -9999.000 -9999.000 -9999.000 -9999.000 -9999.000 -9999.000 -9999.000 -9999.000 -9999.000 -9999.000 -9999.000 -9999.000 -9999.000 -9999.000 -9999.000 -9999.000 -9999.000 -9999.000 -9999.000 -9999.000 -9999.000 -9999.000 -9999.000 -9999.000 -9999.000 -9999.000 -9999.000
-9999.000 -9999.000 -9999.000 -9999.000 -9999.000 -9999.000 -9999.000 -9999.000 -9999.000 -9999.000 -9999.000 -9999.000 -9999.000 -9999.000 -9999.000 0.3415132E-02 0.8423110E-02 0.1506755E-01 0.2142979E-01 0.2696546E-01 0.3138708E-01 0.3451841E-01 0.3630204E-01 0.3674324E-01 0.3586490E-01 0.3373275E-01 0.3038499E-01 0.2564442E-01 0.1862849E-01 0.9561836E-02 0.9561836E-02 -9999.000 -9999.000 -9999.000 -9999.000 -9999.000 -9999.000 -9999.000 -9999.000 -9999.000 -9999.000 -9999.000 -9999.000 -9999.000 -9999.000 -9999.000 -9999.000 -9999.000 -9999.000 -9999.000 -9999.000 -9999.000 -9999.000 -9999.000 -9999.000 -9999.000 -9999.000 -9999.000
-9999.000 -9999.000 -9999.000 -9999.000 -9999.000 -9999.000 -9999.000 -9999.000 -9999.000 -9999.000 -9999.000 -9999.000 -9999.000 -9999.000 -9999.000 0.3692469E-02 0.8998903E-02 0.1595093E-01 0.2259305E-01 0.2837605E-01 0.3300895E-01 0.3631136E-01 0.3822760E-01 0.3876327E-01 0.3794006E-01 0.3582682E-01 0.3245826E-01 0.2763071E-01 0.2036225E-01 0.1058805E-01 0.1058805E-01 -9999.000 -9999.000 -9999.000 -9999.000 -9999.000 -9999.000 -9999.000 -9999.000 -9999.000 -9999.000 -9999.000 -9999.000 -9999.000 -9999.000 -9999.000 -9999.000 -9999.000 -9999.000 -9999.000 -9999.000 -9999.000 -9999.000 -9999.000 -9999.000 -9999.000 -9999.000 -9999.000
-9999.000 -9999.000 -9999.000 -9999.000 -9999.000 -9999.000 -9999.000 -9999.000 -9999.000 -9999.000 -9999.000 -9999.000 -9999.000 -9999.000 -9999.000 0.4000056E-02 0.9634092E-02 0.1691876E-01 0.2386150E-01 0.2991180E-01 0.3477579E-01 0.3826999E-01 0.4034110E-01 0.4099656E-01 0.4025667E-01 0.3819395E-01 0.3483878E-01 0.2995514E-01 0.2243940E-01 0.1183628E-01 0.1183628E-01 -9999.000 -9999.000 -9999.000 -9999.000 -9999.000 -9999.000 -9999.000 -9999.000 -9999.000 -9999.000 -9999.000 -9999.000 -9999.000 -9999.000 -9999.000 -9999.000 -9999.000 -9999.000 -9999.000 -9999.000 -9999.000 -9999.000 -9999.000 -9999.000 -9999.000 -9999.000 -9999.000
-9999.000 -9999.000 -9999.000 -9999.000 -9999.000 -9999.000 -9999.000 -9999.000 -9999.000 -9999.000 -9999.000 -9999.000 -9999.000 -9999.000 -9999.000 0.4345967E-02 0.1034571E-01 0.1799851E-01 0.2527284E-01 0.3161892E-01 0.3674235E-01 0.4045671E-01 0.4271348E-01 0.4352183E-01 0.4290150E-01 0.4092960E-01 0.3763163E-01 0.3273160E-01 0.2497855E-01 0.1338471E-01 0.1338471E-01 -9999.000 -9999.000 -9999.000 -9999.000 -9999.000 -9999.000 -9999.000 -9999.000 -9999.000 -9999.000 -9999.000 -9999.000 -9999.000 -9999.000 -9999.000 -9999.000 -9999.000 -9999.000 -9999.000 -9999.000 -9999.000 -9999.000 -9999.000 -9999.000 -9999.000 -9999.000 -9999.000
-9999.000 -9999.000 -9999.000 -9999.000 -9999.000 -9999.000 -9999.000 -9999.000 -9999.000 -9999.000 -9999.000 -9999.000 -9999.000 -9999.000 -9999.000 0.4738911E-02 0.1115241E-01 0.1921972E-01 0.2686704E-01 0.3354803E-01 0.3896925E-01 0.4294252E-01 0.4542621E-01 0.4643270E-01 0.4598090E-01 0.4415466E-01 0.4097380E-01 0.3611369E-01 0.2814415E-01 0.1534350E-01 0.1534350E-01 -9999.000 -9999.000 -9999.000 -9999.000 -9999.000 -9999.000 -9999.000 -9999.000 -9999.000 -9999.000 -9999.000 -9999.000 -9999.000 -9999.000 -9999.000 -9999.000 -9999.000 -9999.000 -9999.000 -9999.000 -9999.000 -9999.000 -9999.000 -9999.000 -9999.000 -9999.000 -9999.000
-9999.000 -9999.000 -9999.000 -9999.000 -9999.000 -9999.000 -9999.000 -9999.000 -9999.000 -9999.000 -9999.000 -9999.000 -9999.000 -9999.000 -9999.000 0.5188914E-02 0.1207723E-01 0.2062027E-01 0.2869626E-01 0.3576523E-01 0.4153673E-01 0.4582220E-01 0.4858978E-01 0.4985622E-01 0.4964104E-01 0.4803754E-01 0.4505920E-01 0.4032271E-01 0.3217863E-01 0.1787638E-01 0.1787638E-01 -9999.000 -9999.000 -9999.000 -9999.000 -9999.000 -9999.000 -9999.000 -9999.000 -9999.000 -9999.000 -9999.000 -9999.000 -9999.000 -9999.000 -9999.000 -9999.000 -9999.000 -9999.000 -9999.000 -9999.000 -9999.000 -9999.000 -9999.000 -9999.000 -9999.000 -9999.000 -9999.000
-9999.000 -9999.000 -9999.000 -9999.000 -9999.000 -9999.000 -9999.000 -9999.000 -9999.000 -9999.000 -9999.000 -9999.000 -9999.000 -9999.000 -9999.000 0.5712477E-02 0.1315463E-01 0.2225577E-01 0.3083686E-01 0.3836725E-01 0.4456228E-01 0.4923433E-01 0.5236559E-01 0.5397977E-01 0.5409864E-01 0.5282936E-01 0.5017938E-01 0.4569406E-01 0.3745480E-01 0.2123707E-01 0.2123707E-01 -9999.000 -9999.000 -9999.000 -9999.000 -9999.000 -9999.000 -9999.000 -9999.000 -9999.000 -9999.000 -9999.000 -9999.000 -9999.000 -9999.000 -9999.000 -9999.000 -9999.000 -9999.000 -9999.000 -9999.000 -9999.000 -9999.000 -9999.000 -9999.000 -9999.000 -9999.000 -9999.000
-9999.000 -9999.000 -9999.000 -9999.000 -9999.000 -9999.000 -9999.000 -9999.000 -9999.000 -9999.000 -9999.000 -9999.000 -9999.000 -9999.000 -9999.000 0.6437538E-02 0.1462217E-01 0.2444972E-01 0.3366099E-01 0.4175005E-01 0.4845044E-01 0.5358697E-01 0.5716797E-01 0.5923044E-01 0.5980424E-01 0.5901763E-01 0.5687324E-01 0.5282880E-01 0.4462986E-01 0.2588689E-01 0.2588689E-01 -9999.000 -9999.000 -9999.000 -9999.000 -9999.000 -9999.000 -9999.000 -9999.000 -9999.000 -9999.000 -9999.000 -9999.000 -9999.000 -9999.000 -9999.000 -9999.000 -9999.000 -9999.000 -9999.000 -9999.000 -9999.000 -9999.000 -9999.000 -9999.000 -9999.000 -9999.000 -9999.000
-9999.000 -9999.000 -9999.000 -9999.000 -9999.000 -9999.000 -9999.000 -9999.000 -9999.000 -9999.000 -9999.000 -9999.000 -9999.000 -9999.000 -9999.000 0.3871428E-01 0.5915709E-01 0.6830202E-01 0.7144684E-01 0.7395770E-01 0.7491432E-01 0.7459801E-01 0.7337151E-01 0.7137341E-01 0.6872618E-01 0.6554982E-01 0.6174863E-01 0.5658947E-01 0.4746214E-01 0.2383869E-01 0.2383869E-01 -9999.000 -9999.000 -9999.000 -9999.000 -9999.000 -9999.000 -9999.000 -9999.000 -9999.000 -9999.000 -9999.000 -9999.000 -9999.000 -9999.000 -9999.000 -9999.000 -9999.000 -9999.000 -9999.000 -9999.000 -9999.000 -9999.000 -9999.000 -9999.000 -9999.000 -9999.000 -9999.000
2.699881 2.699881 2.692439 2.721040 2.740168 2.740168 2.743656 2.744415 2.744415 2.741754 2.741754 2.736613 2.733311 2.729624 2.725727 2.725727 2.806654 2.809040 2.799465 2.771635 2.724790 2.657269 2.567088 2.457127 2.327630 2.180971 2.021875 1.861179 1.725483 1.680479 1.680479 2.535853 2.706636 2.795685 2.815832 2.815832 2.837329 2.837329 2.799319 2.799319 2.743629 2.532316 2.532316 2.068701 2.068701 1.901750 1.901750 1.901750 1.911852 1.911852 1.953666 1.953666 2.003436 2.003436 2.052022 2.052022 2.093602 2.093602
2.722131 2.722131 2.718854 2.773032 2.799009 2.799009 2.814066 2.836788 2.836788 2.855566 2.855566 2.871706 2.878992 2.885853 2.892451 2.892451 2.953758 2.967602 2.978870 2.985867 2.987410 2.981210 2.964230 2.934654 2.889869 2.828079 2.748738 2.653817 2.551293 2.490803 2.490803 2.954920 3.114924 3.262311 3.300439 3.300439 3.339486 3.339486 3.329038 3.329038 3.299877 3.178497 3.178497 2.913761 2.913761 2.717005 2.717005 2.717005 2.726639 2.726639 2.769884 2.769884 2.822612 2.822612 2.873954 2.873954 2.918954 2.918954
2.726531 2.726531 2.720393 2.774272 2.798365 2.798365 2.814196 2.838014 2.838014 2.857512 2.857512 2.874371 2.882047 2.889322 2.896369 2.896369 2.952956 2.976486 2.998597 3.017722 3.033020 3.043540 3.047931 3.045293 3.034069 3.012565 2.979404 2.934546 2.881929 2.849834 2.849834 3.124772 3.280292 3.454498 3.503094 3.503094 3.547632 3.547632 3.527515 3.527515 3.492657 3.384549 3.384549 3.209585 3.209585 3.016139 3.016139 3.016139 3.010123 3.010123 3.043246 3.043246 3.088373 3.088373 3.133506 3.133506 3.173730 3.173730
2.728985 2.728985 2.723326 2.774808 2.797490 2.797490 2.813677 2.837999 2.837999 2.857535 2.857535 2.874346 2.882005 2.889272 2.896342 2.896342 2.951342 2.983558 3.015158 3.043500 3.067298 3.085790 3.098315 3.104640 3.104363 3.096919 3.081758 3.058943 3.030983 3.016040 3.016040 3.186965 3.326885 3.509902 3.563558 3.563558 3.603402 3.603402 3.562697 3.562697 3.521390 3.430746 3.430746 3.323635 3.323635 3.159379 3.159379 3.159379 3.137118 3.137118 3.158469 3.158469 3.196663 3.196663 3.237615 3.237615 3.274896 3.274896
2.729528 2.729528 2.727502 2.774767 2.796544 2.796544 2.812994 2.837823 2.837823 2.857476 2.857476 2.874310 2.881975 2.889250 2.896366 2.896366 2.953331 2.993518 3.033847 3.070647 3.102162 3.127509 3.146148 3.157957 3.162929 3.161093 3.152568 3.137912 3.119339 3.109322 3.109322 3.217106 3.334717 3.508765 3.557625 3.557625 3.573019 3.573019 3.510119 3.510119 3.471956 3.415945 3.415945 3.367131 3.367131 3.248607 3.248607 3.248607 3.214558 3.214558 3.221884 3.221884 3.250948 3.250948 3.286553 3.286553 3.320297 3.320297
2.725384 2.725384 2.734116 2.774835 2.796139 2.796139 2.812804 2.838005 2.838005 2.857657 2.857657 2.874403 2.882036 2.889286 2.896446 2.896446 2.959727 3.007609 3.055928 3.100352 3.138847 3.170434 3.194599 3.211195 3.220283 3.222045 3.216831 3.205392 3.189729 3.178704 3.178704 3.243462 3.334642 3.478444 3.507628 3.507628 3.479110 3.479110 3.412506 3.412506 3.391899 3.381559 3.381559 3.379235 3.379235 3.311294 3.311294 3.311294 3.274289 3.274289 3.268622 3.268622 3.286458 3.286458 3.314556 3.314556 3.343154 3.343154
2.724696 2.724696 2.737447 2.774712 2.795754 2.795754 2.812544 2.838005 2.838005 2.857695 2.857695 2.874418 2.882043 2.889288 2.896529 2.896529 2.971402 3.027104 3.082767 3.133880 3.178392 3.215353 3.244317 3.265140 3.277881 3.282727 3.280027 3.270476 3.255721 3.241938 3.241938 3.275636 3.337494 3.421397 3.412027 3.412027 3.340373 3.340373 3.304788 3.304788 3.310726 3.343737 3.343737 3.375147 3.375147 3.354182 3.354182 3.354182 3.323540 3.323540 3.309388 3.309388 3.315644 3.315644 3.334302 3.334302 3.355866 3.355866
2.724473 2.724473 2.738534 2.774668 2.795623 2.795623 2.812454 2.838003 2.838003 2.857707 2.857707 2.874424 2.882045 2.889290 2.896647 2.896647 2.989463 3.053399 3.115823 3.172592 3.221937 3.263118 3.295843 3.320057 3.335831 3.343331 3.342841 3.334899 3.320697 3.304141 3.304141 3.314195 3.342238 3.321922 3.262510 3.262510 3.187747 3.187747 3.212452 3.212452 3.242807 3.307828 3.307828 3.362211 3.362211 3.380522 3.380522 3.380522 3.362797 3.362797 3.346327 3.346327 3.342810 3.342810 3.351009 3.351009 3.363791 3.363791
2.724695 2.724695 2.737447 2.774710 2.795753 2.795753 2.812544 2.838005 2.838005 2.857695 2.857695 2.874419 2.882043 2.889288 2.896815 2.896815 3.015434 3.088125 3.156693 3.217922 3.270672 3.314622 3.349758 3.376193 3.394073 3.403565 3.404881 3.398382 3.384740 3.365454 3.365454 3.354200 3.335633 3.158618 3.069489 3.069489 3.056277 3.056277 3.140756 3.140756 3.187332 3.272880 3.272880 3.342956 3.342956 3.392308 3.392308 3.392308 3.390345 3.390345 3.377249 3.377249 3.367373 3.367373 3.365394 3.365394 3.368212 3.368212
2.725384 2.725384 2.734116 2.774834 2.796140 2.796140 2.812804 2.838005 2.838005 2.857657 2.857657 2.874403 2.882035 2.889286 2.897048 2.897048 3.051517 3.133359 3.207191 3.271376 3.325774 3.370704 3.406572 3.433739 3.452485 3.463011 3.465483 3.460084 3.446761 3.423166 3.423166 3.382759 3.283856 2.936718 2.877867 2.877867 2.960987 2.960987 3.082980 3.082980 3.138497 3.237010 3.237010 3.318256 3.318256 3.391305 3.391305 3.391305 3.404887 3.404887 3.398967 3.398967 3.386595 3.386595 3.375896 3.375896 3.368391 3.368391
2.729527 2.729527 2.727502 2.774768 2.796545 2.796545 2.812994 2.837823 2.837823 2.857477 2.857477 2.874309 2.881975 2.889249 2.897353 2.897353 3.100979 3.191802 3.269386 3.334437 3.388225 3.431933 3.466501 3.492608 3.510701 3.521045 3.523777 3.518865 3.504714 3.469367 3.469367 3.366001 3.128268 2.714683 2.737094 2.737094 2.890638 2.890638 3.030256 3.030256 3.090494 3.197891 3.197891 3.287304 3.287304 3.377900 3.377900 3.377900 3.404957 3.404957 3.407728 3.407728 3.396028 3.396028 3.378786 3.378786 3.361518 3.361518
