simulation_files/asc/Velocity__x_95.0.asc
NCOLS        79
NROWS        79
XLLCENTER         -1.500000
YLLCENTER         -4.800000
CELLSIZE           0.100
NODATA_VALUE     -9999.0
[rows 0 to 25 of 79, columns 0 to 57 of 79]
-9999.000 -9999.000 -9999.000 -9999.000 -9999.000 -9999.000 -9999.000 -9999.000 -9999.000 -9999.000 -9999.000 -9999.000 -9999.000 -9999.000 -9999.000 0.2300833E-03 0.1324768E-02 0.3216380E-02 0.4947126E-02 0.6474940E-02 0.7819832E-02 0.9005287E-02 0.1003853E-01 0.1089237E-01 0.1148218E-01 0.1163498E-01 0.1104349E-01 0.9196874E-02 0.5357136E-02 0.1852988E-02 0.1852988E-02 -9999.000 -9999.000 -9999.000 -9999.000 -9999.000 -9999.000 -9999.000 -9999.000 -9999.000 -9999.000 -9999.000 -9999.000 -9999.000 -9999.000 -9999.000 -9999.000 -9999.000 -9999.000 -9999.000 -9999.000 -9999.000 -9999.000 -9999.000 -9999.000 -9999.000 -9999.000 -9999.000
-9999.000 -9999.000 -9999.000 -9999.000 -9999.000 -9999.000 -9999.000 -9999.000 -9999.000 -9999.000 -9999.000 -9999.000 -9999.000 -9999.000 -9999.000 0.1055790E-02 0.3151485E-02 0.6198712E-02 0.9071114E-02 0.1166747E-01 0.1395699E-01 0.1591770E-01 0.1751062E-01 0.1865654E-01 0.1921189E-01 0.1894261E-01 0.1749350E-01 0.1435293E-01 0.8884868E-02 0.3618540E-02 0.3618540E-02 -9999.000 -9999.000 -9999.000 -9999.000 -9999.000 -9999.000 -9999.000 -9999.000 -9999.000 -9999.000 -9999.000 -9999.000 -9999.000 -9999.000 -9999.000 -9999.000 -9999.000 -9999.000 -9999.000 -9999.000 -9999.000 -9999.000 -9999.000 -9999.000 -9999.000 -9999.000 -9999.000
-9999.000 -9999.000 -9999.000 -9999.000 -9999.000 -9999.000 -9999.000 -9999.000 -9999.000 -9999.000 -9999.000 -9999.000 -9999.000 -9999.000 -9999.000 0.1753012E-02 0.4704312E-02 0.8749570E-02 0.1255883E-01 0.1599975E-01 0.1901379E-01 0.2155132E-01 0.2354460E-01 0.2488474E-01 0.2539678E-01 0.2481382E-01 0.2274658E-01 0.1864606E-01 0.1183267E-01 0.5068771E-02 0.5068771E-02 -9999.000 -9999.000 -9999.000 -9999.000 -9999.000 -9999.000 -9999.000 -9999.000 -9999.000 -9999.000 -9999.000 -9999.000 -9999.000 -9999.000 -9999.000 -9999.000 -9999.000 -9999.000 -9999.000 -9999.000 -9999.000 -9999.000 -9999.000 -9999.000 -9999.000 -9999.000 -9999.000
-9999.000 -9999.000 -9999.000 -9999.000 -9999.000 -9999.000 -9999.000 -9999.000 -9999.000 -9999.000 -9999.000 -9999.000 -9999.000 -9999.000 -9999.000 0.2366018E-02 0.6060101E-02 0.1096170E-01 0.1556824E-01 0.1972363E-01 0.2335004E-01 0.2637914E-01 0.2872464E-01 0.3025674E-01 0.3077606E-01 0.2998448E-01 0.2745178E-01 0.2257141E-01 0.1458301E-01 0.6433978E-02 0.6433978E-02 -9999.000 -9999.000 -9999.000 -9999.000 -9999.000 -9999.000 -9999.000 -9999.000 -9999.000 -9999.000 -9999.000 -9999.000 -9999.000 -9999.000 -9999.000 -9999.000 -9999.000 -9999.000 -9999.000 -9999.000 -9999.000 -9999.000 -9999.000 -9999.000 -9999.000 -9999.000 -9999.000
-9999.000 -9999.000 -9999.000 -9999.000 -9999.000 -9999.000 -9999.000 -9999.000 -9999.000 -9999.000 -9999.000 -9999.000 -9999.000 -9999.000 -9999.000 0.2934563E-02 0.7303347E-02 0.1296945E-01 0.1828905E-01 0.2308877E-01 0.2727645E-01 0.3077085E-01 0.3347111E-01 0.3522930E-01 0.3582127E-01 0.3491349E-01 0.3202397E-01 0.2646944E-01 0.1737445E-01 0.7836754E-02 0.7836754E-02 -9999.000 -9999.000 -9999.000 -9999.000 -9999.000 -9999.000 -9999.000 -9999.000 -9999.000 -9999.000 -9999.000 -9999.000 -9999.000 -9999.000 -9999.000 -9999.000 -9999.000 -9999.000 -9999.000 -9999.000 -9999.000 -9999.000 -9999.000 -9999.000 -9999.000 -9999.000 -9999.000
-9999.000 -9999.000 -9999.000 -9999.000 -9999.000 -9999.000 -9999.000 -9999.000 -9999.000 -9999.000 -9999.000 -9999.000 -9999.000 -9999.000 -9999.000 0.3495906E-02 0.8512532E-02 0.1489650E-01 0.2088862E-01 0.2630490E-01 0.3104292E-01 0.3501110E-01 0.3809648E-01 0.4013335E-01 0.4086969E-01 0.3992961E-01 0.3676641E-01 0.3059769E-01 0.2039430E-01 0.9373412E-02 0.9373412E-02 -9999.000 -9999.000 -9999.000 -9999.000 -9999.000 -9999.000 -9999.000 -9999.000 -9999.000 -9999.000 -9999.000 -9999.000 -9999.000 -9999.000 -9999.000 -9999.000 -9999.000 -9999.000 -9999.000 -9999.000 -9999.000 -9999.000 -9999.000 -9999.000 -9999.000 -9999.000 -9999.000
-9999.000 -9999.000 -9999.000 -9999.000 -9999.000 -9999.000 -9999.000 -9999.000 -9999.000 -9999.000 -9999.000 -9999.000 -9999.000 -9999.000 -9999.000 0.4081816E-02 0.9754050E-02 0.1684571E-01 0.2350441E-01 0.2954169E-01 0.3484817E-01 0.3932474E-01 0.4284699E-01 0.4523048E-01 0.4619158E-01 0.4530326E-01 0.4193864E-01 0.3518953E-01 0.2382381E-01 0.1114136E-01 0.1114136E-01 -9999.000 -9999.000 -9999.000 -9999.000 -9999.000 -9999.000 -9999.000 -9999.000 -9999.000 -9999.000 -9999.000 -9999.000 -9999.000 -9999.000 -9999.000 -9999.000 -9999.000 -9999.000 -9999.000 -9999.000 -9999.000 -9999.000 -9999.000 -9999.000 -9999.000 -9999.000 -9999.000
-9999.000 -9999.000 -9999.000 -9999.000 -9999.000 -9999.000 -9999.000 -9999.000 -9999.000 -9999.000 -9999.000 -9999.000 -9999.000 -9999.000 -9999.000 0.4719701E-02 0.1108464E-01 0.1890446E-01 0.2625256E-01 0.3294264E-01 0.3886156E-01 0.4390460E-01 0.4793704E-01 0.5075419E-01 0.5203616E-01 0.5129484E-01 0.4780405E-01 0.4049667E-01 0.2787291E-01 0.1325824E-01 0.1325824E-01 -9999.000 -9999.000 -9999.000 -9999.000 -9999.000 -9999.000 -9999.000 -9999.000 -9999.000 -9999.000 -9999.000 -9999.000 -9999.000 -9999.000 -9999.000 -9999.000 -9999.000 -9999.000 -9999.000 -9999.000 -9999.000 -9999.000 -9999.000 -9999.000 -9999.000 -9999.000 -9999.000
-9999.000 -9999.000 -9999.000 -9999.000 -9999.000 -9999.000 -9999.000 -9999.000 -9999.000 -9999.000 -9999.000 -9999.000 -9999.000 -9999.000 -9999.000 0.5434492E-02 0.1255580E-01 0.2115241E-01 0.2924042E-01 0.3664208E-01 0.4324403E-01 0.4893829E-01 0.5358079E-01 0.5694560E-01 0.5867121E-01 0.5819631E-01 0.5467299E-01 0.4683173E-01 0.3281939E-01 0.1588551E-01 0.1588551E-01 -9999.000 -9999.000 -9999.000 -9999.000 -9999.000 -9999.000 -9999.000 -9999.000 -9999.000 -9999.000 -9999.000 -9999.000 -9999.000 -9999.000 -9999.000 -9999.000 -9999.000 -9999.000 -9999.000 -9999.000 -9999.000 -9999.000 -9999.000 -9999.000 -9999.000 -9999.000 -9999.000
-9999.000 -9999.000 -9999.000 -9999.000 -9999.000 -9999.000 -9999.000 -9999.000 -9999.000 -9999.000 -9999.000 -9999.000 -9999.000 -9999.000 -9999.000 0.6250666E-02 0.1421882E-01 0.2367061E-01 0.3257858E-01 0.4078171E-01 0.4816955E-01 0.5463390E-01 0.6002320E-01 0.6408920E-01 0.6642342E-01 0.6637785E-01 0.6295452E-01 0.5462592E-01 0.3906604E-01 0.1926481E-01 0.1926481E-01 -9999.000 -9999.000 -9999.000 -9999.000 -9999.000 -9999.000 -9999.000 -9999.000 -9999.000 -9999.000 -9999.000 -9999.000 -9999.000 -9999.000 -9999.000 -9999.000 -9999.000 -9999.000 -9999.000 -9999.000 -9999.000 -9999.000 -9999.000 -9999.000 -9999.000 -9999.000 -9999.000
-9999.000 -9999.000 -9999.000 -9999.000 -9999.000 -9999.000 -9999.000 -9999.000 -9999.000 -9999.000 -9999.000 -9999.000 -9999.000 -9999.000 -9999.000 0.7195191E-02 0.1613111E-01 0.2655199E-01 0.3639704E-01 0.4553089E-01 0.5385067E-01 0.6125180E-01 0.6757808E-01 0.7255919E-01 0.7573432E-01 0.7635371E-01 0.7323521E-01 0.6452020E-01 0.4724185E-01 0.2378445E-01 0.2378445E-01 -9999.000 -9999.000 -9999.000 -9999.000 -9999.000 -9999.000 -9999.000 -9999.000 -9999.000 -9999.000 -9999.000 -9999.000 -9999.000 -9999.000 -9999.000 -9999.000 -9999.000 -9999.000 -9999.000 -9999.000 -9999.000 -9999.000 -9999.000 -9999.000 -9999.000 -9999.000 -9999.000
-9999.000 -9999.000 -9999.000 -9999.000 -9999.000 -9999.000 -9999.000 -9999.000 -9999.000 -9999.000 -9999.000 -9999.000 -9999.000 -9999.000 -9999.000 0.8301436E-02 0.1836606E-01 0.2991782E-01 0.4086803E-01 0.5111726E-01 0.6057699E-01 0.6915263E-01 0.7668832E-01 0.8289380E-01 0.8725236E-01 0.8889689E-01 0.8642040E-01 0.7753771E-01 0.5840047E-01 0.3011306E-01 0.3011306E-01 -9999.000 -9999.000 -9999.000 -9999.000 -9999.000 -9999.000 -9999.000 -9999.000 -9999.000 -9999.000 -9999.000 -9999.000 -9999.000 -9999.000 -9999.000 -9999.000 -9999.000 -9999.000 -9999.000 -9999.000 -9999.000 -9999.000 -9999.000 -9999.000 -9999.000 -9999.000 -9999.000
-9999.000 -9999.000 -9999.000 -9999.000 -9999.000 -9999.000 -9999.000 -9999.000 -9999.000 -9999.000 -9999.000 -9999.000 -9999.000 -9999.000 -9999.000 0.9618811E-02 0.2103280E-01 0.3395073E-01 0.4625278E-01 0.5788749E-01 0.6879169E-01 0.7889147E-01 0.8804128E-01 0.9593816E-01 0.1020105 0.1052615 0.1040157 0.9543870E-01 0.7445423E-01 0.3949923E-01 0.3949923E-01 -9999.000 -9999.000 -9999.000 -9999.000 -9999.000 -9999.000 -9999.000 -9999.000 -9999.000 -9999.000 -9999.000 -9999.000 -9999.000 -9999.000 -9999.000 -9999.000 -9999.000 -9999.000 -9999.000 -9999.000 -9999.000 -9999.000 -9999.000 -9999.000 -9999.000 -9999.000 -9999.000
-9999.000 -9999.000 -9999.000 -9999.000 -9999.000 -9999.000 -9999.000 -9999.000 -9999.000 -9999.000 -9999.000 -9999.000 -9999.000 -9999.000 -9999.000 0.1132900E-01 0.2448860E-01 0.3919502E-01 0.5326491E-01 0.6671410E-01 0.7952556E-01 0.9167087E-01 0.1030403 0.1133425 0.1219714 0.1278083 0.1288818 0.1216723 0.9937900E-01 0.5467602E-01 0.5467602E-01 -9999.000 -9999.000 -9999.000 -9999.000 -9999.000 -9999.000 -9999.000 -9999.000 -9999.000 -9999.000 -9999.000 -9999.000 -9999.000 -9999.000 -9999.000 -9999.000 -9999.000 -9999.000 -9999.000 -9999.000 -9999.000 -9999.000 -9999.000 -9999.000 -9999.000 -9999.000 -9999.000
-9999.000 -9999.000 -9999.000 -9999.000 -9999.000 -9999.000 -9999.000 -9999.000 -9999.000 -9999.000 -9999.000 -9999.000 -9999.000 -9999.000 -9999.000 0.2633664E-01 0.4629610E-01 0.6652570E-01 0.8394080E-01 0.9934337E-01 0.1132765 0.1261192 0.1380540 0.1489937 0.1584593 0.1653584 0.1675387 0.1607832 0.1360741 0.7177918E-01 0.7177918E-01 -9999.000 -9999.000 -9999.000 -9999.000 -9999.000 -9999.000 -9999.000 -9999.000 -9999.000 -9999.000 -9999.000 -9999.000 -9999.000 -9999.000 -9999.000 -9999.000 -9999.000 -9999.000 -9999.000 -9999.000 -9999.000 -9999.000 -9999.000 -9999.000 -9999.000 -9999.000 -9999.000
1.814207 1.814207 1.852040 1.899976 1.908508 1.908508 1.914213 1.920776 1.920776 1.923892 1.923892 1.925074 1.925040 1.924621 1.760219 1.760219 1.423634 1.362829 1.292506 1.213096 1.125999 1.033453 0.9385461 0.8452222 0.7582730 0.6833547 0.6273190 0.5996560 0.6176322 0.7067940 0.7067940 1.627887 1.834736 1.873350 1.836715 1.836715 1.731988 1.731988 1.463482 1.463482 1.183207 1.010088 1.010088 0.9991028 0.9991028 1.039297 1.039297 1.039297 1.091195 1.091195 1.138427 1.138427 1.178584 1.178584 1.222106 1.222106 1.248669 1.248669
1.824831 1.824831 1.878793 1.936195 1.953007 1.953007 1.966981 1.989969 1.989969 2.009340 2.009340 2.026627 2.034594 2.042139 1.974433 1.974433 1.678605 1.660740 1.634923 1.598685 1.551339 1.493026 1.424741 1.348466 1.267434 1.186645 1.113844 1.061469 1.051409 1.126646 1.126646 1.688140 1.865124 1.978526 1.992500 1.992500 1.968765 1.968765 1.849275 1.849275 1.662060 1.395920 1.395920 1.394668 1.394668 1.443913 1.443913 1.443913 1.497629 1.497629 1.547341 1.547341 1.578204 1.578204 1.631072 1.631072 1.663987 1.663987
1.826866 1.826866 1.883035 1.936363 1.953308 1.953308 1.967491 1.990938 1.990938 2.010791 2.010791 2.028608 2.036865 2.044718 2.005975 2.005975 1.726181 1.726727 1.723890 1.713476 1.694494 1.666494 1.629564 1.584560 1.533376 1.479323 1.427845 1.388155 1.377349 1.435055 1.435055 1.826409 1.986791 2.125380 2.154002 2.154002 2.152663 2.152663 2.075726 2.075726 1.969210 1.726913 1.726913 1.691420 1.691420 1.729087 1.729087 1.729087 1.774740 1.774740 1.816034 1.816034 1.848889 1.848889 1.886624 1.886624 1.913812 1.913812
1.828480 1.828480 1.886181 1.936298 1.953141 1.953141 1.967357 1.990910 1.990910 2.010812 2.010812 2.028641 2.036900 2.044756 2.022704 2.022704 1.752407 1.758305 1.765472 1.766441 1.760632 1.748013 1.728790 1.703598 1.673788 1.641713 1.611181 1.588559 1.585624 1.634122 1.634122 1.927337 2.064362 2.200871 2.230613 2.230613 2.234562 2.234562 2.181412 2.181412 2.121375 1.938685 1.938685 1.869943 1.869943 1.898034 1.898034 1.898034 1.937376 1.937376 1.973664 1.973664 2.003237 2.003237 2.033847 2.033847 2.057571 2.057571
1.829712 1.829712 1.888490 1.936301 1.952990 1.952990 1.967215 1.990864 1.990864 2.010815 2.010815 2.028646 2.036902 2.044753 2.033418 2.033418 1.783791 1.787372 1.800334 1.807322 1.807738 1.802091 1.791080 1.775678 1.757341 1.738179 1.721102 1.710551 1.713989 1.756911 1.756911 1.985618 2.101637 2.223921 2.248025 2.248025 2.248146 2.248146 2.215596 2.215596 2.186708 2.075856 2.075856 1.995225 1.995225 2.004010 2.004010 2.004010 2.037979 2.037979 2.070888 2.070888 2.098303 2.098303 2.124580 2.124580 2.145549 2.145549
1.830576 1.830576 1.890066 1.936340 1.952876 1.952876 1.967093 1.990824 1.990824 2.010818 2.010818 2.028653 2.036905 2.044752 2.040293 2.040293 1.829098 1.819370 1.836218 1.847667 1.851970 1.849890 1.842503 1.831128 1.817504 1.804083 1.793511 1.789335 1.797206 1.835264 1.835264 2.007543 2.106177 2.203960 2.218934 2.218934 2.218106 2.218106 2.211529 2.211529 2.205872 2.158128 2.158128 2.091711 2.091711 2.078989 2.078989 2.078989 2.105687 2.105687 2.134729 2.134729 2.159991 2.159991 2.182803 2.182803 2.200999 2.200999
1.831089 1.831089 1.890984 1.936379 1.952806 1.952806 1.967012 1.990796 1.990796 2.010820 2.010820 2.028658 2.036907 2.044751 2.044677 2.044677 1.883067 1.858378 1.875755 1.890278 1.897550 1.897819 1.892146 1.882071 1.869664 1.857620 1.848844 1.846651 1.854500 1.882583 1.882583 2.006600 2.083047 2.146898 2.154868 2.154868 2.166224 2.166224 2.190304 2.190304 2.202352 2.201152 2.201152 2.163833 2.163833 2.138469 2.138469 2.138469 2.156070 2.156070 2.179772 2.179772 2.201859 2.201859 2.221148 2.221148 2.236377 2.236377
1.831260 1.831260 1.891286 1.936395 1.952782 1.952782 1.966984 1.990786 1.990786 2.010821 2.010821 2.028661 2.036909 2.044751 2.047459 2.047459 1.938371 1.907893 1.920840 1.936729 1.946182 1.948131 1.943322 1.933290 1.920264 1.907162 1.897192 1.893543 1.896925 1.907783 1.907783 1.983540 2.029272 2.060364 2.070606 2.070606 2.109123 2.109123 2.162657 2.162657 2.187724 2.218158 2.218158 2.211784 2.211784 2.187754 2.187754 2.187754 2.196712 2.196712 2.213783 2.213783 2.231312 2.231312 2.246645 2.246645 2.258641 2.258641
1.831089 1.831089 1.890984 1.936379 1.952806 1.952806 1.967012 1.990796 1.990796 2.010820 2.010820 2.028658 2.036907 2.044751 2.049220 2.049220 1.991735 1.966350 1.973979 1.988749 1.998915 2.001665 1.997062 1.986384 1.971803 1.956311 1.943356 1.935862 1.929779 1.910684 1.910684 1.929057 1.939167 1.959063 1.982975 1.982975 2.055482 2.055482 2.132841 2.132841 2.167269 2.218930 2.218930 2.238396 2.238396 2.227192 2.227192 2.227192 2.230512 2.230512 2.240745 2.240745 2.252627 2.252627 2.263302 2.263302 2.271661 2.271661
1.830576 1.830576 1.890066 1.936339 1.952876 1.952876 1.967093 1.990824 1.990824 2.010818 2.010818 2.028653 2.036905 2.044752 2.050330 2.050330 2.042941 2.031223 2.036392 2.048076 2.056857 2.058961 2.053635 2.041667 2.024940 2.006325 1.989347 1.976087 1.952164 1.879163 1.879163 1.829412 1.816059 1.860388 1.903210 1.903210 2.007472 2.007472 2.102456 2.102456 2.143686 2.209868 2.209868 2.248575 2.248575 2.255780 2.255780 2.255780 2.257610 2.257610 2.262107 2.262107 2.267854 2.267854 2.273218 2.273218 2.277549 2.277549
1.829711 1.829711 1.888489 1.936300 1.952991 1.952991 1.967215 1.990865 1.990865 2.010814 2.010814 2.028646 2.036902 2.044754 2.051028 2.051028 2.094535 2.100815 2.107779 2.115858 2.121072 2.120513 2.113034 2.098871 2.079423 2.057214 2.035605 2.014076 1.952964 1.783932 1.783932 1.687018 1.685931 1.772870 1.828666 1.828666 1.962892 1.962892 2.071116 2.071116 2.117548 2.194107 2.194107 2.246582 2.246582 2.272709 2.272709 2.272709 2.276643 2.276643 2.277334 2.277334 2.277228 2.277228 2.277006 2.277006 2.277115 2.277115
