simulation_files/asc/Velocity__y_61.0.asc
NCOLS        79
NROWS        79
XLLCENTER         -1.500000
YLLCENTER         -4.800000
CELLSIZE           0.100
NODATA_VALUE     -9999.0
[rows 0 to 25 of 79, columns 0 to 58 of 79]
-9999.000 -9999.000 -9999.000 -9999.000 -9999.000 -9999.000 -9999.000 -9999.000 -9999.000 -9999.000 -9999.000 -9999.000 -9999.000 -9999.000 -9999.000 -0.2433308 -0.2422326 -0.2424268 -0.2427347 -0.2430707 -0.2434348 -0.2438401 -0.2443024 -0.2448405 -0.2454777 -0.2462468 -0.2471973 -0.2484018 -0.2498300 -0.2468467 -0.2468467 -9999.000 -9999.000 -9999.000 -9999.000 -9999.000 -9999.000 -9999.000 -9999.000 -9999.000 -9999.000 -9999.000 -9999.000 -9999.000 -9999.000 -9999.000 -9999.000 -9999.000 -9999.000 -9999.000 -9999.000 -9999.000 -9999.000 -9999.000 -9999.000 -9999.000 -9999.000 -9999.000 -9999.000
-9999.000 -9999.000 -9999.000 -9999.000 -9999.000 -9999.000 -9999.000 -9999.000 -9999.000 -9999.000 -9999.000 -9999.000 -9999.000 -9999.000 -9999.000 -0.2398040 -0.2372620 -0.2375995 -0.2381667 -0.2387812 -0.2394418 -0.2401801 -0.2410354 -0.2420557 -0.2432978 -0.2448369 -0.2467765 -0.2492573 -0.2521851 -0.2465013 -0.2465013 -9999.000 -9999.000 -9999.000 -9999.000 -9999.000 -9999.000 -9999.000 -9999.000 -9999.000 -9999.000 -9999.000 -9999.000 -9999.000 -9999.000 -9999.000 -9999.000 -9999.000 -9999.000 -9999.000 -9999.000 -9999.000 -9999.000 -9999.000 -9999.000 -9999.000 -9999.000 -9999.000 -9999.000
-9999.000 -9999.000 -9999.000 -9999.000 -9999.000 -9999.000 -9999.000 -9999.000 -9999.000 -9999.000 -9999.000 -9999.000 -9999.000 -9999.000 -9999.000 -0.2345722 -0.2303361 -0.2308715 -0.2318401 -0.2329291 -0.2341312 -0.2354969 -0.2370950 -0.2390081 -0.2413316 -0.2441824 -0.2477077 -0.2520869 -0.2570722 -0.2486724 -0.2486724 -9999.000 -9999.000 -9999.000 -9999.000 -9999.000 -9999.000 -9999.000 -9999.000 -9999.000 -9999.000 -9999.000 -9999.000 -9999.000 -9999.000 -9999.000 -9999.000 -9999.000 -9999.000 -9999.000 -9999.000 -9999.000 -9999.000 -9999.000 -9999.000 -9999.000 -9999.000 -9999.000 -9999.000
-9999.000 -9999.000 -9999.000 -9999.000 -9999.000 -9999.000 -9999.000 -9999.000 -9999.000 -9999.000 -9999.000 -9999.000 -9999.000 -9999.000 -9999.000 -0.2281690 -0.2222155 -0.2230131 -0.2244882 -0.2261891 -0.2281029 -0.2303004 -0.2328814 -0.2359630 -0.2396780 -0.2441828 -0.2496657 -0.2563444 -0.2638068 -0.2531637 -0.2531637 -9999.000 -9999.000 -9999.000 -9999.000 -9999.000 -9999.000 -9999.000 -9999.000 -9999.000 -9999.000 -9999.000 -9999.000 -9999.000 -9999.000 -9999.000 -9999.000 -9999.000 -9999.000 -9999.000 -9999.000 -9999.000 -9999.000 -9999.000 -9999.000 -9999.000 -9999.000 -9999.000 -9999.000
-9999.000 -9999.000 -9999.000 -9999.000 -9999.000 -9999.000 -9999.000 -9999.000 -9999.000 -9999.000 -9999.000 -9999.000 -9999.000 -9999.000 -9999.000 -0.2206338 -0.2130032 -0.2141261 -0.2162014 -0.2186331 -0.2214032 -0.2246062 -0.2283751 -0.2328646 -0.2382488 -0.2447273 -0.2525352 -0.2619362 -0.2723517 -0.2600159 -0.2600159 -9999.000 -9999.000 -9999.000 -9999.000 -9999.000 -9999.000 -9999.000 -9999.000 -9999.000 -9999.000 -9999.000 -9999.000 -9999.000 -9999.000 -9999.000 -9999.000 -9999.000 -9999.000 -9999.000 -9999.000 -9999.000 -9999.000 -9999.000 -9999.000 -9999.000 -9999.000 -9999.000 -9999.000
-9999.000 -9999.000 -9999.000 -9999.000 -9999.000 -9999.000 -9999.000 -9999.000 -9999.000 -9999.000 -9999.000 -9999.000 -9999.000 -9999.000 -9999.000 -0.2119454 -0.2027574 -0.2042680 -0.2070238 -0.2102855 -0.2140336 -0.2183901 -0.2235268 -0.2296423 -0.2369588 -0.2457288 -0.2562468 -0.2688391 -0.2827704 -0.2694110 -0.2694110 -9999.000 -9999.000 -9999.000 -9999.000 -9999.000 -9999.000 -9999.000 -9999.000 -9999.000 -9999.000 -9999.000 -9999.000 -9999.000 -9999.000 -9999.000 -9999.000 -9999.000 -9999.000 -9999.000 -9999.000 -9999.000 -9999.000 -9999.000 -9999.000 -9999.000 -9999.000 -9999.000 -9999.000
-9999.000 -9999.000 -9999.000 -9999.000 -9999.000 -9999.000 -9999.000 -9999.000 -9999.000 -9999.000 -9999.000 -9999.000 -9999.000 -9999.000 -9999.000 -0.2020261 -0.1914989 -0.1934615 -0.1969650 -0.2011372 -0.2059633 -0.2115999 -0.2182650 -0.2262104 -0.2357185 -0.2471102 -0.2607591 -0.2770822 -0.2952167 -0.2816724 -0.2816724 -9999.000 -9999.000 -9999.000 -9999.000 -9999.000 -9999.000 -9999.000 -9999.000 -9999.000 -9999.000 -9999.000 -9999.000 -9999.000 -9999.000 -9999.000 -9999.000 -9999.000 -9999.000 -9999.000 -9999.000 -9999.000 -9999.000 -9999.000 -9999.000 -9999.000 -9999.000 -9999.000 -9999.000
-9999.000 -9999.000 -9999.000 -9999.000 -9999.000 -9999.000 -9999.000 -9999.000 -9999.000 -9999.000 -9999.000 -9999.000 -9999.000 -9999.000 -9999.000 -0.1907484 -0.1792170 -0.1817013 -0.1860065 -0.1911516 -0.1971354 -0.2041582 -0.2124950 -0.2224644 -0.2344257 -0.2487911 -0.2660442 -0.2867354 -0.3099331 -0.2972948 -0.2972948 -9999.000 -9999.000 -9999.000 -9999.000 -9999.000 -9999.000 -9999.000 -9999.000 -9999.000 -9999.000 -9999.000 -9999.000 -9999.000 -9999.000 -9999.000 -9999.000 -9999.000 -9999.000 -9999.000 -9999.000 -9999.000 -9999.000 -9999.000 -9999.000 -9999.000 -9999.000 -9999.000 -9999.000
-9999.000 -9999.000 -9999.000 -9999.000 -9999.000 -9999.000 -9999.000 -9999.000 -9999.000 -9999.000 -9999.000 -9999.000 -9999.000 -9999.000 -9999.000 -0.1779394 -0.1658716 -0.1689552 -0.1741044 -0.1802663 -0.1874662 -0.1959602 -0.2060943 -0.2182720 -0.2329534 -0.2506736 -0.2720726 -0.2979005 -0.3272617 -0.3170066 -0.3170066 -9999.000 -9999.000 -9999.000 -9999.000 -9999.000 -9999.000 -9999.000 -9999.000 -9999.000 -9999.000 -9999.000 -9999.000 -9999.000 -9999.000 -9999.000 -9999.000 -9999.000 -9999.000 -9999.000 -9999.000 -9999.000 -9999.000 -9999.000 -9999.000 -9999.000 -9999.000 -9999.000 -9999.000
-9999.000 -9999.000 -9999.000 -9999.000 -9999.000 -9999.000 -9999.000 -9999.000 -9999.000 -9999.000 -9999.000 -9999.000 -9999.000 -9999.000 -9999.000 -0.1633819 -0.1513903 -0.1551616 -0.1611851 -0.1683881 -0.1768399 -0.1868665 -0.1989031 -0.2134608 -0.2311323 -0.2526221 -0.2787936 -0.3107007 -0.3476641 -0.3418898 -0.3418898 -9999.000 -9999.000 -9999.000 -9999.000 -9999.000 -9999.000 -9999.000 -9999.000 -9999.000 -9999.000 -9999.000 -9999.000 -9999.000 -9999.000 -9999.000 -9999.000 -9999.000 -9999.000 -9999.000 -9999.000 -9999.000 -9999.000 -9999.000 -9999.000 -9999.000 -9999.000 -9999.000 -9999.000
-9999.000 -9999.000 -9999.000 -9999.000 -9999.000 -9999.000 -9999.000 -9999.000 -9999.000 -9999.000 -9999.000 -9999.000 -9999.000 -9999.000 -9999.000 -0.1468165 -0.1356620 -0.1402203 -0.1471352 -0.1553826 -0.1650963 -0.1766890 -0.1907062 -0.2077957 -0.2287251 -0.2544316 -0.2861021 -0.3252583 -0.3717479 -0.3736009 -0.3736009 -9999.000 -9999.000 -9999.000 -9999.000 -9999.000 -9999.000 -9999.000 -9999.000 -9999.000 -9999.000 -9999.000 -9999.000 -9999.000 -9999.000 -9999.000 -9999.000 -9999.000 -9999.000 -9999.000 -9999.000 -9999.000 -9999.000 -9999.000 -9999.000 -9999.000 -9999.000 -9999.000 -9999.000
-9999.000 -9999.000 -9999.000 -9999.000 -9999.000 -9999.000 -9999.000 -9999.000 -9999.000 -9999.000 -9999.000 -9999.000 -9999.000 -9999.000 -9999.000 -0.1279416 -0.1185252 -0.1239778 -0.1317860 -0.1410561 -0.1520095 -0.1651652 -0.1812031 -0.2009425 -0.2253794 -0.2557712 -0.2937753 -0.3416426 -0.4002934 -0.4148091 -0.4148091 -9999.000 -9999.000 -9999.000 -9999.000 -9999.000 -9999.000 -9999.000 -9999.000 -9999.000 -9999.000 -9999.000 -9999.000 -9999.000 -9999.000 -9999.000 -9999.000 -9999.000 -9999.000 -9999.000 -9999.000 -9999.000 -9999.000 -9999.000 -9999.000 -9999.000 -9999.000 -9999.000 -9999.000
-9999.000 -9999.000 -9999.000 -9999.000 -9999.000 -9999.000 -9999.000 -9999.000 -9999.000 -9999.000 -9999.000 -9999.000 -9999.000 -9999.000 -9999.000 -0.1064150 -0.9975368E-01 -0.1062062 -0.1148880 -0.1251265 -0.1372553 -0.1519192 -0.1699585 -0.1924038 -0.2205454 -0.2560769 -0.3013396 -0.3597350 -0.4342361 -0.4701444 -0.4701444 -9999.000 -9999.000 -9999.000 -9999.000 -9999.000 -9999.000 -9999.000 -9999.000 -9999.000 -9999.000 -9999.000 -9999.000 -9999.000 -9999.000 -9999.000 -9999.000 -9999.000 -9999.000 -9999.000 -9999.000 -9999.000 -9999.000 -9999.000 -9999.000 -9999.000 -9999.000 -9999.000 -9999.000
-9999.000 -9999.000 -9999.000 -9999.000 -9999.000 -9999.000 -9999.000 -9999.000 -9999.000 -9999.000 -9999.000 -9999.000 -9999.000 -9999.000 -9999.000 -0.8177876E-01 -0.7899671E-01 -0.8654879E-01 -0.9606297E-01 -0.1071797 -0.1203649 -0.1364068 -0.1563301 -0.1814167 -0.2133255 -0.2543314 -0.3077610 -0.3788408 -0.4744105 -0.5485694 -0.5485694 -9999.000 -9999.000 -9999.000 -9999.000 -9999.000 -9999.000 -9999.000 -9999.000 -9999.000 -9999.000 -9999.000 -9999.000 -9999.000 -9999.000 -9999.000 -9999.000 -9999.000 -9999.000 -9999.000 -9999.000 -9999.000 -9999.000 -9999.000 -9999.000 -9999.000 -9999.000 -9999.000 -9999.000
-9999.000 -9999.000 -9999.000 -9999.000 -9999.000 -9999.000 -9999.000 -9999.000 -9999.000 -9999.000 -9999.000 -9999.000 -9999.000 -9999.000 -9999.000 -0.4795678E-01 -0.5383792E-01 -0.6376768E-01 -0.7481867E-01 -0.8716754E-01 -0.1015086 -0.1188351 -0.1404068 -0.1678157 -0.2031824 -0.2495473 -0.3116314 -0.3975216 -0.5211867 -0.6700377 -0.6700377 -9999.000 -9999.000 -9999.000 -9999.000 -9999.000 -9999.000 -9999.000 -9999.000 -9999.000 -9999.000 -9999.000 -9999.000 -9999.000 -9999.000 -9999.000 -9999.000 -9999.000 -9999.000 -9999.000 -9999.000 -9999.000 -9999.000 -9999.000 -9999.000 -9999.000 -9999.000 -9999.000 -9999.000
-0.2525809E-02 -0.2525809E-02 -0.3543838E-02 -0.4099939E-02 -0.4153044E-02 -0.4153044E-02 -0.4161788E-02 -0.4140184E-02 -0.4140184E-02 -0.7057665E-02 -0.7057665E-02 -0.1120967E-01 -0.1199062E-01 -0.1565393E-01 -0.2391996E-01 -0.2391996E-01 -0.6149027E-01 -0.7807777E-01 -0.9393328E-01 -0.1094017 -0.1250339 -0.1417557 -0.1609663 -0.1846452 -0.2155218 -0.2573882 -0.3157760 -0.3996731 -0.5248433 -0.7547319 -0.7547319 -0.5120440 -0.3353851 -0.9430117E-01 -0.3018552E-01 -0.3018552E-01 0.2539158E-01 0.2539158E-01 0.3472480E-01 0.3472480E-01 0.1969076E-03 -0.7733785E-02 -0.7733785E-02 0.5388889E-02 0.5388889E-02 0.1000550E-01 0.1000550E-01 0.1000550E-01 0.8307261E-02 0.8307261E-02 0.6245834E-02 0.6245834E-02 0.5779710E-02 0.5779710E-02 0.3539036E-02 0.3539036E-02 0.2188725E-02 0.2188725E-02 0.2188725E-02
-0.3808614E-02 -0.3808614E-02 -0.5196906E-02 -0.5864560E-02 -0.5903250E-02 -0.5903250E-02 -0.5891050E-02 -0.5839835E-02 -0.5839835E-02 -0.1032049E-01 -0.1032049E-01 -0.1956043E-01 -0.2229325E-01 -0.2992006E-01 -0.4460346E-01 -0.4460346E-01 -0.9814676E-01 -0.1231916 -0.1472182 -0.1698550 -0.1908861 -0.2104948 -0.2294483 -0.2492520 -0.2722817 -0.3019069 -0.3426322 -0.4003025 -0.4811967 -0.5959031 -0.5959031 -0.4099581 -0.2681269 -0.7526377E-01 -0.1481988E-01 -0.1481988E-01 0.5864263E-01 0.5864263E-01 0.8946617E-01 0.8946617E-01 0.4504427E-01 -0.3937884E-02 -0.3937884E-02 0.1459546E-01 0.1459546E-01 0.2194064E-01 0.2194064E-01 0.2194064E-01 0.1793021E-01 0.1793021E-01 0.1356563E-01 0.1356563E-01 0.9049125E-02 0.9049125E-02 0.7367780E-02 0.7367780E-02 0.5104653E-02 0.5104653E-02 0.5104653E-02
-0.3024485E-02 -0.3024485E-02 -0.4263570E-02 -0.4984581E-02 -0.5029359E-02 -0.5029359E-02 -0.5011522E-02 -0.4946629E-02 -0.4946629E-02 -0.8675924E-02 -0.8675924E-02 -0.2353147E-01 -0.2876573E-01 -0.3916260E-01 -0.5628497E-01 -0.5628497E-01 -0.1125891 -0.1431654 -0.1742223 -0.2048562 -0.2342759 -0.2619555 -0.2877803 -0.3121869 -0.3362968 -0.3620314 -0.3921604 -0.4301224 -0.4785916 -0.5363657 -0.5363657 -0.4247746 -0.3190289 -0.1446992 -0.7273611E-01 -0.7273611E-01 0.5148876E-01 0.5148876E-01 0.1389097 0.1389097 0.1312996 0.3671830E-01 0.3671830E-01 0.2927540E-01 0.2927540E-01 0.3195455E-01 0.3195455E-01 0.3195455E-01 0.2656551E-01 0.2656551E-01 0.1999517E-01 0.1999517E-01 0.1090329E-01 0.1090329E-01 0.9369192E-02 0.9369192E-02 0.6621185E-02 0.6621185E-02 0.6621185E-02
-0.2332495E-02 -0.2332495E-02 -0.3342792E-02 -0.4027507E-02 -0.4070736E-02 -0.4070736E-02 -0.4047269E-02 -0.3968050E-02 -0.3968050E-02 -0.6891652E-02 -0.6891652E-02 -0.2559853E-01 -0.3238984E-01 -0.4422459E-01 -0.6230576E-01 -0.6230576E-01 -0.1197969 -0.1535210 -0.1889422 -0.2249762 -0.2606359 -0.2950921 -0.3277565 -0.3583743 -0.3871158 -0.4146424 -0.4420790 -0.4707068 -0.5007546 -0.5282002 -0.5282002 -0.4549371 -0.3718011 -0.2084583 -0.1271983 -0.1271983 0.3363572E-01 0.3363572E-01 0.1611948 0.1611948 0.1856101 0.1079218 0.1079218 0.5415438E-01 0.5415438E-01 0.3859235E-01 0.3859235E-01 0.3859235E-01 0.3108476E-01 0.3108476E-01 0.2238407E-01 0.2238407E-01 0.1183085E-01 0.1183085E-01 0.7648722E-02 0.7648722E-02 0.4437510E-02 0.4437510E-02 0.4437510E-02
-0.1704805E-02 -0.1704805E-02 -0.2463030E-02 -0.3042149E-02 -0.3081485E-02 -0.3081485E-02 -0.3059360E-02 -0.2982898E-02 -0.2982898E-02 -0.5228199E-02 -0.5228199E-02 -0.2646225E-01 -0.3415582E-01 -0.4672832E-01 -0.6525189E-01 -0.6525189E-01 -0.1246293 -0.1609206 -0.1996032 -0.2394808 -0.2795165 -0.3188173 -0.3566409 -0.3924212 -0.4258054 -0.4566711 -0.4850326 -0.5105934 -0.5318128 -0.5438933 -0.5438933 -0.4907686 -0.4202585 -0.2564944 -0.1647465 -0.1647465 0.1995502E-01 0.1995502E-01 0.1630757 0.1630757 0.2033212 0.1735126 0.1735126 0.9264138E-01 0.9264138E-01 0.4684311E-01 0.4684311E-01 0.4684311E-01 0.3325937E-01 0.3325937E-01 0.2159313E-01 0.2159313E-01 0.9737454E-02 0.9737454E-02 0.3415865E-02 0.3415865E-02 -0.6628042E-04 -0.6628042E-04 -0.6628042E-04
-0.1115748E-02 -0.1115748E-02 -0.1620986E-02 -0.2037727E-02 -0.2067980E-02 -0.2067980E-02 -0.2051607E-02 -0.1992379E-02 -0.1992379E-02 -0.3697855E-02 -0.3697855E-02 -0.2621760E-01 -0.3433869E-01 -0.4716930E-01 -0.6583434E-01 -0.6583434E-01 -0.1284359 -0.1675870 -0.2094869 -0.2527788 -0.2963593 -0.3393260 -0.3809289 -0.4205320 -0.4575883 -0.4916031 -0.5219624 -0.5472069 -0.5643601 -0.5684069 -0.5684069 -0.5239679 -0.4576261 -0.2809645 -0.1790157 -0.1790157 0.1341765E-01 0.1341765E-01 0.1525911 0.1525911 0.1966862 0.2081076 0.2081076 0.1358988 0.1358988 0.5915872E-01 0.5915872E-01 0.5915872E-01 0.3561676E-01 0.3561676E-01 0.1933886E-01 0.1933886E-01 0.5754378E-02 0.5754378E-02 -0.2176607E-02 -0.2176607E-02 -0.5741381E-02 -0.5741381E-02 -0.5741381E-02
-0.5517465E-03 -0.5517465E-03 -0.8042507E-03 -0.1021612E-02 -0.1038141E-02 -0.1038141E-02 -0.1029519E-02 -0.9974703E-03 -0.9974703E-03 -0.2286609E-02 -0.2286609E-02 -0.2493581E-01 -0.3313319E-01 -0.4583972E-01 -0.6435216E-01 -0.6435216E-01 -0.1318255 -0.1744737 -0.2200253 -0.2669296 -0.3139651 -0.3601858 -0.4048541 -0.4473631 -0.4871630 -0.5236742 -0.5560088 -0.5816011 -0.5958202 -0.5930675 -0.5930675 -0.5485849 -0.4770790 -0.2788219 -0.1722168 -0.1722168 0.1013608E-01 0.1013608E-01 0.1347779 0.1347779 0.1769968 0.2115144 0.2115144 0.1683730 0.1683730 0.7554387E-01 0.7554387E-01 0.7554387E-01 0.4004689E-01 0.4004689E-01 0.1730091E-01 0.1730091E-01 0.1109433E-02 0.1109433E-02 -0.8201843E-02 -0.8201843E-02 -0.1170436E-01 -0.1170436E-01 -0.1170436E-01
-0.4560689E-07 -0.4560689E-07 -0.4948118E-07 -0.3621147E-07 -0.6006848E-07 -0.6006848E-07 -0.2033734E-07 -0.1144831E-06 -0.1144831E-06 -0.9726887E-03 -0.9726887E-03 -0.2270368E-01 -0.3072759E-01 -0.4299378E-01 -0.6101898E-01 -0.6101898E-01 -0.1354474 -0.1823825 -0.2322032 -0.2831899 -0.3339766 -0.3835241 -0.4310703 -0.4760481 -0.5179859 -0.5563887 -0.5903203 -0.6156148 -0.6250616 -0.6125195 -0.6125195 -0.5581068 -0.4719736 -0.2553894 -0.1536511 -0.1536511 0.6093459E-02 0.6093459E-02 0.1132352 0.1132352 0.1515119 0.1951772 0.1951772 0.1807157 0.1807157 0.9230061E-01 0.9230061E-01 0.9230061E-01 0.4675785E-01 0.4675785E-01 0.1669911E-01 0.1669911E-01 -0.2982133E-02 -0.2982133E-02 -0.1374863E-01 -0.1374863E-01 -0.1712456E-01 -0.1712456E-01 -0.1712456E-01
0.5516415E-03 0.5516415E-03 0.8042853E-03 0.1021610E-02 0.1038099E-02 0.1038099E-02 0.1029410E-02 0.9972793E-03 0.9972793E-03 0.2662076E-03 0.2662076E-03 -0.1962385E-01 -0.2731402E-01 -0.3889335E-01 -0.5609839E-01 -0.5609839E-01 -0.1402674 -0.1923634 -0.2471178 -0.3027415 -0.3577362 -0.4109280 -0.4614744 -0.5088148 -0.5525728 -0.5924228 -0.6274521 -0.6504737 -0.6499392 -0.6211565 -0.6211565 -0.5460545 -0.4405762 -0.2225562 -0.1330170 -0.1330170 0.4639671E-03 0.4639671E-03 0.9093733E-01 0.9093733E-01 0.1246093 0.1693502 0.1693502 0.1740096 0.1740096 0.1040640 0.1040640 0.1040640 0.5403730E-01 0.5403730E-01 0.1783425E-01 0.1783425E-01 -0.5587005E-02 -0.5587005E-02 -0.1790242E-01 -0.1790242E-01 -0.2116578E-01 -0.2116578E-01 -0.2116578E-01
0.1115818E-02 0.1115818E-02 0.1621052E-02 0.2037671E-02 0.2067987E-02 0.2067987E-02 0.2051552E-02 0.1992269E-02 0.1992269E-02 0.1449222E-02 0.1449222E-02 -0.1581807E-01 -0.2308932E-01 -0.3382200E-01 -0.5006310E-01 -0.5006310E-01 -0.1474898 -0.2058090 -0.2664001 -0.3273096 -0.3869634 -0.4441070 -0.4978233 -0.5475354 -0.5929431 -0.6338956 -0.6692833 -0.6856649 -0.6658066 -0.6121188 -0.6121188 -0.5095853 -0.3911031 -0.1904960 -0.1143655 -0.1143655 -0.5070230E-02 -0.5070230E-02 0.7006860E-01 0.7006860E-01 0.9878404E-01 0.1401832 0.1401832 0.1545180 0.1545180 0.1069033 0.1069033 0.1069033 0.5910166E-01 0.5910166E-01 0.1998149E-01 0.1998149E-01 -0.6266593E-02 -0.6266593E-02 -0.1988737E-01 -0.1988737E-01 -0.2307154E-01 -0.2307154E-01 -0.2307154E-01
0.1704801E-02 0.1704801E-02 0.2462920E-02 0.3042085E-02 0.3081474E-02 0.3081474E-02 0.3059326E-02 0.2982836E-02 0.2982836E-02 0.2592261E-02 0.2592261E-02 -0.1145529E-01 -0.1825750E-01 -0.2806143E-01 -0.4362471E-01 -0.4362471E-01 -0.1588771 -0.2252409 -0.2929303 -0.3597897 -0.4243355 -0.4854308 -0.5422201 -0.5941551 -0.6409886 -0.6826825 -0.7171047 -0.7172218 -0.6664095 -0.5815238 -0.5815238 -0.4549820 -0.3358637 -0.1617071 -0.9901024E-01 -0.9901024E-01 -0.8783725E-02 -0.8783725E-02 0.5175065E-01 0.5175065E-01 0.7519090E-01 0.1107786 0.1107786 0.1282010 0.1282010 0.9985711E-01 0.9985711E-01 0.9985711E-01 0.5945354E-01 0.5945354E-01 0.2175379E-01 0.2175379E-01 -0.5140225E-02 -0.5140225E-02 -0.1923165E-01 -0.1923165E-01 -0.2228213E-01 -0.2228213E-01 -0.2228213E-01
