simulation_files/asc/Velocity__y_251.0.asc
NCOLS        79
NROWS        79
XLLCENTER         -1.500000
YLLCENTER         -4.800000
CELLSIZE           0.100
NODATA_VALUE     -9999.0
[rows 0 to 26 of 79, columns 0 to 58 of 79]
-9999.000 -9999.000 -9999.000 -9999.000 -9999.000 -9999.000 -9999.000 -9999.000 -9999.000 -9999.000 -9999.000 -9999.000 -9999.000 -9999.000 -9999.000 -0.9134433E-01 -0.8838394E-01 -0.8722688E-01 -0.8691451E-01 -0.8740024E-01 -0.8814710E-01 -0.8893230E-01 -0.8970229E-01 -0.9036350E-01 -0.9094415E-01 -0.9145693E-01 -0.9193639E-01 -0.9255745E-01 -0.9391631E-01 -0.9529679E-01 -0.9529679E-01 -9999.000 -9999.000 -9999.000 -9999.000 -9999.000 -9999.000 -9999.000 -9999.000 -9999.000 -9999.000 -9999.000 -9999.000 -9999.000 -9999.000 -9999.000 -9999.000 -9999.000 -9999.000 -9999.000 -9999.000 -9999.000 -9999.000 -9999.000 -9999.000 -9999.000 -9999.000 -9999.000 -9999.000
-9999.000 -9999.000 -9999.000 -9999.000 -9999.000 -9999.000 -9999.000 -9999.000 -9999.000 -9999.000 -9999.000 -9999.000 -9999.000 -9999.000 -9999.000 -0.9165269E-01 -0.8545550E-01 -0.8298748E-01 -0.8234397E-01 -0.8343703E-01 -0.8512807E-01 -0.8693452E-01 -0.8873199E-01 -0.9031148E-01 -0.9172411E-01 -0.9299052E-01 -0.9417697E-01 -0.9564652E-01 -0.9864434E-01 -0.1019739 -0.1019739 -9999.000 -9999.000 -9999.000 -9999.000 -9999.000 -9999.000 -9999.000 -9999.000 -9999.000 -9999.000 -9999.000 -9999.000 -9999.000 -9999.000 -9999.000 -9999.000 -9999.000 -9999.000 -9999.000 -9999.000 -9999.000 -9999.000 -9999.000 -9999.000 -9999.000 -9999.000 -9999.000 -9999.000
-9999.000 -9999.000 -9999.000 -9999.000 -9999.000 -9999.000 -9999.000 -9999.000 -9999.000 -9999.000 -9999.000 -9999.000 -9999.000 -9999.000 -9999.000 -0.9092004E-01 -0.8120821E-01 -0.7724820E-01 -0.7628154E-01 -0.7818243E-01 -0.8111884E-01 -0.8430067E-01 -0.8750978E-01 -0.9039114E-01 -0.9301211E-01 -0.9539025E-01 -0.9761912E-01 -0.1002688 -0.1053197 -0.1113543 -0.1113543 -9999.000 -9999.000 -9999.000 -9999.000 -9999.000 -9999.000 -9999.000 -9999.000 -9999.000 -9999.000 -9999.000 -9999.000 -9999.000 -9999.000 -9999.000 -9999.000 -9999.000 -9999.000 -9999.000 -9999.000 -9999.000 -9999.000 -9999.000 -9999.000 -9999.000 -9999.000 -9999.000 -9999.000
-9999.000 -9999.000 -9999.000 -9999.000 -9999.000 -9999.000 -9999.000 -9999.000 -9999.000 -9999.000 -9999.000 -9999.000 -9999.000 -9999.000 -9999.000 -0.8965019E-01 -0.7645097E-01 -0.7100463E-01 -0.6975830E-01 -0.7254714E-01 -0.7682409E-01 -0.8148574E-01 -0.8621931E-01 -0.9051460E-01 -0.9445588E-01 -0.9805258E-01 -0.1014214 -0.1053456 -0.1125776 -0.1218070 -0.1218070 -9999.000 -9999.000 -9999.000 -9999.000 -9999.000 -9999.000 -9999.000 -9999.000 -9999.000 -9999.000 -9999.000 -9999.000 -9999.000 -9999.000 -9999.000 -9999.000 -9999.000 -9999.000 -9999.000 -9999.000 -9999.000 -9999.000 -9999.000 -9999.000 -9999.000 -9999.000 -9999.000 -9999.000
-9999.000 -9999.000 -9999.000 -9999.000 -9999.000 -9999.000 -9999.000 -9999.000 -9999.000 -9999.000 -9999.000 -9999.000 -9999.000 -9999.000 -9999.000 -0.8806750E-01 -0.7136418E-01 -0.6442069E-01 -0.6291602E-01 -0.6664735E-01 -0.7232735E-01 -0.7853518E-01 -0.8486392E-01 -0.9063927E-01 -0.9596801E-01 -0.1008478 -0.1054180 -0.1106869 -0.1202271 -0.1331807 -0.1331807 -9999.000 -9999.000 -9999.000 -9999.000 -9999.000 -9999.000 -9999.000 -9999.000 -9999.000 -9999.000 -9999.000 -9999.000 -9999.000 -9999.000 -9999.000 -9999.000 -9999.000 -9999.000 -9999.000 -9999.000 -9999.000 -9999.000 -9999.000 -9999.000 -9999.000 -9999.000 -9999.000 -9999.000
-9999.000 -9999.000 -9999.000 -9999.000 -9999.000 -9999.000 -9999.000 -9999.000 -9999.000 -9999.000 -9999.000 -9999.000 -9999.000 -9999.000 -9999.000 -0.8624188E-01 -0.6601086E-01 -0.5755747E-01 -0.5581049E-01 -0.6053077E-01 -0.6766316E-01 -0.7546563E-01 -0.8344173E-01 -0.9074245E-01 -0.9750607E-01 -0.1037150 -0.1095329 -0.1162082 -0.1281944 -0.1454904 -0.1454904 -9999.000 -9999.000 -9999.000 -9999.000 -9999.000 -9999.000 -9999.000 -9999.000 -9999.000 -9999.000 -9999.000 -9999.000 -9999.000 -9999.000 -9999.000 -9999.000 -9999.000 -9999.000 -9999.000 -9999.000 -9999.000 -9999.000 -9999.000 -9999.000 -9999.000 -9999.000 -9999.000 -9999.000
-9999.000 -9999.000 -9999.000 -9999.000 -9999.000 -9999.000 -9999.000 -9999.000 -9999.000 -9999.000 -9999.000 -9999.000 -9999.000 -9999.000 -9999.000 -0.8417589E-01 -0.6040117E-01 -0.5042927E-01 -0.4845715E-01 -0.5421262E-01 -0.6284192E-01 -0.7228074E-01 -0.8194786E-01 -0.9080885E-01 -0.9904552E-01 -0.1066216 -0.1137262 -0.1218688 -0.1364571 -0.1588462 -0.1588462 -9999.000 -9999.000 -9999.000 -9999.000 -9999.000 -9999.000 -9999.000 -9999.000 -9999.000 -9999.000 -9999.000 -9999.000 -9999.000 -9999.000 -9999.000 -9999.000 -9999.000 -9999.000 -9999.000 -9999.000 -9999.000 -9999.000 -9999.000 -9999.000 -9999.000 -9999.000 -9999.000 -9999.000
-9999.000 -9999.000 -9999.000 -9999.000 -9999.000 -9999.000 -9999.000 -9999.000 -9999.000 -9999.000 -9999.000 -9999.000 -9999.000 -9999.000 -9999.000 -0.8183856E-01 -0.5452002E-01 -0.4302736E-01 -0.4085188E-01 -0.4769297E-01 -0.5786295E-01 -0.6897651E-01 -0.8037502E-01 -0.9082520E-01 -0.1005682 -0.1095443 -0.1179717 -0.1276449 -0.1450156 -0.1734279 -0.1734279 -9999.000 -9999.000 -9999.000 -9999.000 -9999.000 -9999.000 -9999.000 -9999.000 -9999.000 -9999.000 -9999.000 -9999.000 -9999.000 -9999.000 -9999.000 -9999.000 -9999.000 -9999.000 -9999.000 -9999.000 -9999.000 -9999.000 -9999.000 -9999.000 -9999.000 -9999.000 -9999.000 -9999.000
-9999.000 -9999.000 -9999.000 -9999.000 -9999.000 -9999.000 -9999.000 -9999.000 -9999.000 -9999.000 -9999.000 -9999.000 -9999.000 -9999.000 -9999.000 -0.7917949E-01 -0.4833805E-01 -0.3533053E-01 -0.3297953E-01 -0.4096279E-01 -0.5271861E-01 -0.6554417E-01 -0.7871262E-01 -0.9077612E-01 -0.1020552 -0.1124611 -0.1222449 -0.1335163 -0.1538794 -0.1894853 -0.1894853 -9999.000 -9999.000 -9999.000 -9999.000 -9999.000 -9999.000 -9999.000 -9999.000 -9999.000 -9999.000 -9999.000 -9999.000 -9999.000 -9999.000 -9999.000 -9999.000 -9999.000 -9999.000 -9999.000 -9999.000 -9999.000 -9999.000 -9999.000 -9999.000 -9999.000 -9999.000 -9999.000 -9999.000
-9999.000 -9999.000 -9999.000 -9999.000 -9999.000 -9999.000 -9999.000 -9999.000 -9999.000 -9999.000 -9999.000 -9999.000 -9999.000 -9999.000 -9999.000 -0.7613362E-01 -0.4181457E-01 -0.2730735E-01 -0.2481676E-01 -0.3400651E-01 -0.4739578E-01 -0.6196937E-01 -0.7694557E-01 -0.9064170E-01 -0.1034839 -0.1153465 -0.1265174 -0.1394599 -0.1630604 -0.2073513 -0.2073513 -9999.000 -9999.000 -9999.000 -9999.000 -9999.000 -9999.000 -9999.000 -9999.000 -9999.000 -9999.000 -9999.000 -9999.000 -9999.000 -9999.000 -9999.000 -9999.000 -9999.000 -9999.000 -9999.000 -9999.000 -9999.000 -9999.000 -9999.000 -9999.000 -9999.000 -9999.000 -9999.000 -9999.000
-9999.000 -9999.000 -9999.000 -9999.000 -9999.000 -9999.000 -9999.000 -9999.000 -9999.000 -9999.000 -9999.000 -9999.000 -9999.000 -9999.000 -9999.000 -0.7262143E-01 -0.3489851E-01 -0.1891763E-01 -0.1633159E-01 -0.2680134E-01 -0.4187411E-01 -0.5823163E-01 -0.7505229E-01 -0.9039510E-01 -0.1048243 -0.1181659 -0.1307513 -0.1454435 -0.1725678 -0.2274741 -0.2274741 -9999.000 -9999.000 -9999.000 -9999.000 -9999.000 -9999.000 -9999.000 -9999.000 -9999.000 -9999.000 -9999.000 -9999.000 -9999.000 -9999.000 -9999.000 -9999.000 -9999.000 -9999.000 -9999.000 -9999.000 -9999.000 -9999.000 -9999.000 -9999.000 -9999.000 -9999.000 -9999.000 -9999.000
-9999.000 -9999.000 -9999.000 -9999.000 -9999.000 -9999.000 -9999.000 -9999.000 -9999.000 -9999.000 -9999.000 -9999.000 -9999.000 -9999.000 -9999.000 -0.6854618E-01 -0.2752614E-01 -0.1010882E-01 -0.7481451E-02 -0.1931554E-01 -0.3612473E-01 -0.5430109E-01 -0.7300153E-01 -0.8999839E-01 -0.1060339 -0.1208713 -0.1348936 -0.1514189 -0.1824031 -0.2504641 -0.2504641 -9999.000 -9999.000 -9999.000 -9999.000 -9999.000 -9999.000 -9999.000 -9999.000 -9999.000 -9999.000 -9999.000 -9999.000 -9999.000 -9999.000 -9999.000 -9999.000 -9999.000 -9999.000 -9999.000 -9999.000 -9999.000 -9999.000 -9999.000 -9999.000 -9999.000 -9999.000 -9999.000 -9999.000
-9999.000 -9999.000 -9999.000 -9999.000 -9999.000 -9999.000 -9999.000 -9999.000 -9999.000 -9999.000 -9999.000 -9999.000 -9999.000 -9999.000 -9999.000 -0.6377579E-01 -0.1960441E-01 -0.8044055E-03 0.1791781E-02 -0.1150857E-01 -0.3011060E-01 -0.5013888E-01 -0.7075236E-01 -0.8940046E-01 -0.1070550 -0.1233957 -0.1388678 -0.1573142 -0.1925523 -0.2771759 -0.2771759 -9999.000 -9999.000 -9999.000 -9999.000 -9999.000 -9999.000 -9999.000 -9999.000 -9999.000 -9999.000 -9999.000 -9999.000 -9999.000 -9999.000 -9999.000 -9999.000 -9999.000 -9999.000 -9999.000 -9999.000 -9999.000 -9999.000 -9999.000 -9999.000 -9999.000 -9999.000 -9999.000 -9999.000
-9999.000 -9999.000 -9999.000 -9999.000 -9999.000 -9999.000 -9999.000 -9999.000 -9999.000 -9999.000 -9999.000 -9999.000 -9999.000 -9999.000 -9999.000 -0.5737226E-01 -0.1043620E-01 0.9411750E-02 0.1153090E-01 -0.3507373E-02 -0.2397324E-01 -0.4587981E-01 -0.6842102E-01 -0.8868501E-01 -0.1079406 -0.1257586 -0.1426625 -0.1631058 -0.2030515 -0.3089384 -0.3089384 -9999.000 -9999.000 -9999.000 -9999.000 -9999.000 -9999.000 -9999.000 -9999.000 -9999.000 -9999.000 -9999.000 -9999.000 -9999.000 -9999.000 -9999.000 -9999.000 -9999.000 -9999.000 -9999.000 -9999.000 -9999.000 -9999.000 -9999.000 -9999.000 -9999.000 -9999.000 -9999.000 -9999.000
-9999.000 -9999.000 -9999.000 -9999.000 -9999.000 -9999.000 -9999.000 -9999.000 -9999.000 -9999.000 -9999.000 -9999.000 -9999.000 -9999.000 -9999.000 -0.5061130E-02 0.1607361E-01 0.2085775E-01 0.1222339E-01 -0.6878433E-02 -0.2752397E-01 -0.4954783E-01 -0.7235571E-01 -0.9272359E-01 -0.1123262 -0.1305718 -0.1480550 -0.1698768 -0.2143064 -0.3455577 -0.3455577 -9999.000 -9999.000 -9999.000 -9999.000 -9999.000 -9999.000 -9999.000 -9999.000 -9999.000 -9999.000 -9999.000 -9999.000 -9999.000 -9999.000 -9999.000 -9999.000 -9999.000 -9999.000 -9999.000 -9999.000 -9999.000 -9999.000 -9999.000 -9999.000 -9999.000 -9999.000 -9999.000 -9999.000
-0.3719303E-02 -0.3719303E-02 -0.5634878E-02 -0.7167524E-02 -0.6682046E-02 -0.6682046E-02 -0.6514300E-02 -0.6447875E-02 -0.6447875E-02 -0.6441039E-02 -0.6441039E-02 -0.6421561E-02 -0.6406725E-02 -0.6390254E-02 -0.6377743E-02 -0.6377743E-02 0.3356078E-01 0.2882573E-01 0.1365795E-01 -0.8994979E-02 -0.3579948E-01 -0.6571186E-01 -0.9760924E-01 -0.1295468 -0.1606712 -0.1900588 -0.2172021 -0.2435280 -0.2766467 -0.3520721 -0.3520721 -0.1971898 -0.1070484 -0.3795728E-01 -0.2864060E-01 -0.2864060E-01 -0.2180339E-01 -0.2180339E-01 -0.9678293E-02 -0.9678293E-02 0.1402611E-02 0.2683548E-01 0.2683548E-01 0.2091450E-01 0.2091450E-01 -0.3796986E-02 -0.3796986E-02 -0.3796986E-02 -0.4454005E-03 -0.4454005E-03 0.3561386E-03 0.3561386E-03 -0.3847429E-03 -0.3847429E-03 -0.1598565E-02 -0.1598565E-02 -0.2812357E-02 -0.2812357E-02 -0.2812357E-02
-0.5274889E-02 -0.5274889E-02 -0.7988127E-02 -0.1055603E-01 -0.9530206E-02 -0.9530206E-02 -0.9149038E-02 -0.9036167E-02 -0.9036167E-02 -0.9065068E-02 -0.9065068E-02 -0.9065358E-02 -0.9055480E-02 -0.9042856E-02 -0.9051715E-02 -0.9051715E-02 0.2788927E-01 0.2408258E-01 0.8647016E-02 -0.1679237E-01 -0.5119491E-01 -0.9216542E-01 -0.1376365 -0.1860657 -0.2352587 -0.2834897 -0.3290969 -0.3702563 -0.4047718 -0.4290599 -0.4290599 -0.2926392 -0.1958295 -0.1031942 -0.8478224E-01 -0.8478224E-01 -0.6118019E-01 -0.6118019E-01 -0.1964610E-01 -0.1964610E-01 0.1357897E-01 0.8460280E-01 0.8460280E-01 0.9045633E-01 0.9045633E-01 0.1807216E-01 0.1807216E-01 0.1807216E-01 0.7292180E-02 0.7292180E-02 0.1589862E-02 0.1589862E-02 -0.2886783E-02 -0.2886783E-02 -0.6654285E-02 -0.6654285E-02 -0.9542373E-02 -0.9542373E-02 -0.9542373E-02
-0.3407232E-02 -0.3407232E-02 -0.5875280E-02 -0.9414325E-02 -0.8295457E-02 -0.8295457E-02 -0.7760982E-02 -0.7585956E-02 -0.7585956E-02 -0.7649997E-02 -0.7649997E-02 -0.7679577E-02 -0.7682044E-02 -0.7681702E-02 -0.7735773E-02 -0.7735773E-02 0.1829925E-01 0.1479032E-01 -0.4020755E-03 -0.2600402E-01 -0.6108826E-01 -0.1039223 -0.1527859 -0.2063364 -0.2628466 -0.3206987 -0.3782347 -0.4334345 -0.4833629 -0.5213026 -0.5213026 -0.4328345 -0.3491071 -0.2337584 -0.1966529 -0.1966529 -0.1303520 -0.1303520 -0.3040011E-01 -0.3040011E-01 0.3652057E-01 0.1631032 0.1631032 0.1986125 0.1986125 0.7591717E-01 0.7591717E-01 0.7591717E-01 0.2923822E-01 0.2923822E-01 0.5184624E-02 0.5184624E-02 -0.8440767E-02 -0.8440767E-02 -0.1698725E-01 -0.1698725E-01 -0.2211736E-01 -0.2211736E-01 -0.2211736E-01
-0.1606439E-02 -0.1606439E-02 -0.4757051E-02 -0.7923006E-02 -0.6808912E-02 -0.6808912E-02 -0.6232051E-02 -0.6029284E-02 -0.6029284E-02 -0.6098253E-02 -0.6098253E-02 -0.6130265E-02 -0.6132599E-02 -0.6131164E-02 -0.6222586E-02 -0.6222586E-02 0.8714503E-02 0.3242145E-02 -0.1307724E-01 -0.3942499E-01 -0.7494671E-01 -0.1183404 -0.1681921 -0.2233156 -0.2823783 -0.3440711 -0.4070506 -0.4696350 -0.5291521 -0.5791269 -0.5791269 -0.5387748 -0.4796901 -0.3679319 -0.3175369 -0.3175369 -0.1991873 -0.1991873 -0.2564251E-01 -0.2564251E-01 0.7170356E-01 0.2283672 0.2283672 0.2786185 0.2786185 0.1400795 0.1400795 0.1400795 0.5904574E-01 0.5904574E-01 0.1197463E-01 0.1197463E-01 -0.1431433E-01 -0.1431433E-01 -0.2922724E-01 -0.2922724E-01 -0.3693768E-01 -0.3693768E-01 -0.3693768E-01
-0.6486292E-03 -0.6486292E-03 -0.3977757E-02 -0.6058516E-02 -0.5167241E-02 -0.5167241E-02 -0.4680817E-02 -0.4512236E-02 -0.4512236E-02 -0.4579156E-02 -0.4579156E-02 -0.4608277E-02 -0.4608436E-02 -0.4603629E-02 -0.4739064E-02 -0.4739064E-02 -0.8294705E-03 -0.1025056E-01 -0.2938323E-01 -0.5770219E-01 -0.9447311E-01 -0.1387034 -0.1892712 -0.2451526 -0.3052685 -0.3685392 -0.4338684 -0.4999260 -0.5645611 -0.6224082 -0.6224082 -0.6180818 -0.5847692 -0.4870307 -0.4238983 -0.4238983 -0.2404955 -0.2404955 0.2344981E-02 0.2344981E-02 0.1139928 0.2684536 0.2684536 0.3194989 0.3194989 0.1940866 0.1940866 0.1940866 0.9187113E-01 0.9187113E-01 0.2315033E-01 0.2315033E-01 -0.1751497E-01 -0.1751497E-01 -0.4023534E-01 -0.4023534E-01 -0.5117213E-01 -0.5117213E-01 -0.5117213E-01
-0.4610989E-03 -0.4610989E-03 -0.2538958E-02 -0.4080067E-02 -0.3478909E-02 -0.3478909E-02 -0.3136739E-02 -0.3016670E-02 -0.3016670E-02 -0.3064416E-02 -0.3064416E-02 -0.3083689E-02 -0.3082166E-02 -0.3076453E-02 -0.3273692E-02 -0.3273692E-02 -0.1080884E-01 -0.2591116E-01 -0.4961890E-01 -0.8139141E-01 -0.1205465 -0.1663077 -0.2178330 -0.2743228 -0.3349503 -0.3988611 -0.4651644 -0.5327965 -0.6000599 -0.6627177 -0.6627177 -0.6830412 -0.6713833 -0.5818757 -0.4965218 -0.4965218 -0.2337682 -0.2337682 0.4413447E-01 0.4413447E-01 0.1487511 0.2796064 0.2796064 0.3261918 0.3261918 0.2298680 0.2298680 0.2298680 0.1228273 0.1228273 0.3820825E-01 0.3820825E-01 -0.1667511E-01 -0.1667511E-01 -0.4826121E-01 -0.4826121E-01 -0.6318565E-01 -0.6318565E-01 -0.6318565E-01
-0.2366273E-03 -0.2366273E-03 -0.1233440E-02 -0.2050041E-02 -0.1746607E-02 -0.1746607E-02 -0.1570273E-02 -0.1506929E-02 -0.1506929E-02 -0.1529697E-02 -0.1529697E-02 -0.1539313E-02 -0.1539240E-02 -0.1537056E-02 -0.1822286E-02 -0.1822286E-02 -0.2196885E-01 -0.4442048E-01 -0.7449509E-01 -0.1113420 -0.1542066 -0.2024317 -0.2554135 -0.3126100 -0.3734795 -0.4374422 -0.5038533 -0.5719076 -0.6402835 -0.7056122 -0.7056122 -0.7417632 -0.7450618 -0.6397268 -0.5129376 -0.5129376 -0.1804847 -0.1804847 0.7943013E-01 0.7943013E-01 0.1634120 0.2660861 0.2660861 0.3087237 0.3087237 0.2452590 0.2452590 0.2452590 0.1470729 0.1470729 0.5504726E-01 0.5504726E-01 -0.1167601E-01 -0.1167601E-01 -0.5231039E-01 -0.5231039E-01 -0.7180823E-01 -0.7180823E-01 -0.7180823E-01
0.3651878E-05 0.3651878E-05 -0.2596617E-05 0.2230631E-05 0.3194883E-05 0.3194883E-05 0.3204624E-05 0.6041195E-06 0.6041195E-06 0.2317460E-06 0.2317460E-06 -0.5902055E-07 -0.6925882E-06 -0.1278767E-05 -0.4030275E-03 -0.4030275E-03 -0.3538118E-01 -0.6698783E-01 -0.1052889 -0.1488976 -0.1968748 -0.2486074 -0.3036871 -0.3618333 -0.4228098 -0.4863552 -0.5521305 -0.6196289 -0.6878675 -0.7539392 -0.7539392 -0.7982919 -0.8058826 -0.6364518 -0.4549259 -0.4549259 -0.1092872 -0.1092872 0.9378873E-01 0.9378873E-01 0.1559687 0.2364233 0.2364233 0.2767815 0.2767815 0.2421879 0.2421879 0.2421879 0.1609211 0.1609211 0.7051803E-01 0.7051803E-01 -0.3506537E-02 -0.3506537E-02 -0.5201305E-01 -0.5201305E-01 -0.7614473E-01 -0.7614473E-01 -0.7614473E-01
0.2447487E-03 0.2447487E-03 0.1225946E-02 0.2055482E-02 0.1753630E-02 0.1753630E-02 0.1577249E-02 0.1508511E-02 0.1508511E-02 0.1529139E-02 0.1529139E-02 0.1538231E-02 0.1537395E-02 0.1534484E-02 0.9757177E-03 0.9757177E-03 -0.5262905E-01 -0.9556400E-01 -0.1441037 -0.1961921 -0.2506585 -0.3069159 -0.3647387 -0.4241119 -0.4851148 -0.5478272 -0.6122550 -0.6782299 -0.7450301 -0.8093508 -0.8093508 -0.8523741 -0.8428661 -0.5472510 -0.3364865 -0.3364865 -0.5395897E-01 -0.5395897E-01 0.8712521E-01 0.8712521E-01 0.1332123 0.1989183 0.1989183 0.2374778 0.2374778 0.2245655 0.2245655 0.2245655 0.1627099 0.1627099 0.8137355E-01 0.8137355E-01 0.6021261E-02 0.6021261E-02 -0.4761663E-01 -0.4761663E-01 -0.7560328E-01 -0.7560328E-01 -0.7560328E-01
0.4690801E-03 0.4690801E-03 0.2523488E-02 0.4085815E-02 0.3485852E-02 0.3485852E-02 0.3144282E-02 0.3019890E-02 0.3019890E-02 0.3063576E-02 0.3063576E-02 0.3082217E-02 0.3080703E-02 0.3074592E-02 0.2302792E-02 0.2302792E-02 -0.7618381E-01 -0.1332285 -0.1942338 -0.2564860 -0.3186548 -0.3802519 -0.4412835 -0.5020317 -0.5629071 -0.6243390 -0.6866937 -0.7501400 -0.8139060 -0.8716858 -0.8716858 -0.8941000 -0.8216062 -0.3878376 -0.2107075 -0.2107075 -0.2737569E-01 -0.2737569E-01 0.6838370E-01 0.6838370E-01 0.1040340 0.1593462 0.1593462 0.1952249 0.1952249 0.1965742 0.1965742 0.1965742 0.1528157 0.1528157 0.8520164E-01 0.8520164E-01 0.1469939E-01 0.1469939E-01 -0.3994949E-01 -0.3994949E-01 -0.6998097E-01 -0.6998097E-01 -0.6998097E-01
0.6552374E-03 0.6552374E-03 0.3956963E-02 0.6063787E-02 0.5173813E-02 0.5173813E-02 0.4688095E-02 0.4515501E-02 0.4515501E-02 0.4577613E-02 0.4577613E-02 0.4606661E-02 0.4607613E-02 0.4602873E-02 0.3547506E-02 0.3547506E-02 -0.1101545 -0.1849394 -0.2608341 -0.3347417 -0.4054410 -0.4727466 -0.5370305 -0.5989497 -0.6592794 -0.7188069 -0.7782547 -0.8380340 -0.8960778 -0.9337817 -0.9337817 -0.8856909 -0.6845543 -0.2280953 -0.1242117 -0.1242117 -0.2110664E-01 -0.2110664E-01 0.4643689E-01 0.4643689E-01 0.7466094E-01 0.1208137 0.1208137 0.1524982 0.1524982 0.1618437 0.1618437 0.1618437 0.1330726 0.1330726 0.8101662E-01 0.8101662E-01 0.2056834E-01 0.2056834E-01 -0.3020094E-01 -0.3020094E-01 -0.5951319E-01 -0.5951319E-01 -0.5951319E-01
0.1601917E-02 0.1601917E-02 0.4756322E-02 0.7926273E-02 0.6812314E-02 0.6812314E-02 0.6234963E-02 0.6030809E-02 0.6030809E-02 0.6097900E-02 0.6097900E-02 0.6129468E-02 0.6131791E-02 0.6130247E-02 0.4688818E-02 0.4688818E-02 -0.1618980 -0.2590647 -0.3522300 -0.4387048 -0.5179633 -0.5905067 -0.6573067 -0.7195212 -0.7783487 -0.8349454 -0.8903728 -0.9448620 -0.9896471 -0.9594941 -0.9594941 -0.7430666 -0.4299119 -0.1257028 -0.8145526E-01 -0.8145526E-01 -0.2198178E-01 -0.2198178E-01 0.2642420E-01 0.2642420E-01 0.4818213E-01 0.8476148E-01 0.8476148E-01 0.1107458 0.1107458 0.1232970 0.1232970 0.1232970 0.1060434 0.1060434 0.6932308E-01 0.6932308E-01 0.2250992E-01 0.2250992E-01 -0.1959801E-01 -0.1959801E-01 -0.4489326E-01 -0.4489326E-01 -0.4489326E-01
