simulation_files/asc/Velocity____143.0.asc
NCOLS        79
NROWS        79
XLLCENTER         -1.500000
YLLCENTER         -4.800000
CELLSIZE           0.100
NODATA_VALUE     -9999.0
[rows 0 to 26 of 79, columns 0 to 59 of 79]
-9999.000 -9999.000 -9999.000 -9999.000 -9999.000 -9999.000 -9999.000 -9999.000 -9999.000 -9999.000 -9999.000 -9999.000 -9999.000 -9999.000 -9999.000 0.1205052 0.1193510 0.1193708 0.1195995 0.1199518 0.1203758 0.1208156 0.1212266 0.1215790 0.1218635 0.1221030 0.1223626 0.1229173 0.1243846 0.1251864 0.1251864 -9999.000 -9999.000 -9999.000 -9999.000 -9999.000 -9999.000 -9999.000 -9999.000 -9999.000 -9999.000 -9999.000 -9999.000 -9999.000 -9999.000 -9999.000 -9999.000 -9999.000 -9999.000 -9999.000 -9999.000 -9999.000 -9999.000 -9999.000 -9999.000 -9999.000 -9999.000 -9999.000 -9999.000 -9999.000
-9999.000 -9999.000 -9999.000 -9999.000 -9999.000 -9999.000 -9999.000 -9999.000 -9999.000 -9999.000 -9999.000 -9999.000 -9999.000 -9999.000 -9999.000 0.1183493 0.1160094 0.1160859 0.1166240 0.1174396 0.1184192 0.1194386 0.1203968 0.1212241 0.1218947 0.1224569 0.1230553 0.1242964 0.1275353 0.1297654 0.1297654 -9999.000 -9999.000 -9999.000 -9999.000 -9999.000 -9999.000 -9999.000 -9999.000 -9999.000 -9999.000 -9999.000 -9999.000 -9999.000 -9999.000 -9999.000 -9999.000 -9999.000 -9999.000 -9999.000 -9999.000 -9999.000 -9999.000 -9999.000 -9999.000 -9999.000 -9999.000 -9999.000 -9999.000 -9999.000
-9999.000 -9999.000 -9999.000 -9999.000 -9999.000 -9999.000 -9999.000 -9999.000 -9999.000 -9999.000 -9999.000 -9999.000 -9999.000 -9999.000 -9999.000 0.1147762 0.1112523 0.1114131 0.1123547 0.1137784 0.1154984 0.1173122 0.1190548 0.1206113 0.1219384 0.1231126 0.1243693 0.1266888 0.1322512 0.1367254 0.1367254 -9999.000 -9999.000 -9999.000 -9999.000 -9999.000 -9999.000 -9999.000 -9999.000 -9999.000 -9999.000 -9999.000 -9999.000 -9999.000 -9999.000 -9999.000 -9999.000 -9999.000 -9999.000 -9999.000 -9999.000 -9999.000 -9999.000 -9999.000 -9999.000 -9999.000 -9999.000 -9999.000 -9999.000 -9999.000
-9999.000 -9999.000 -9999.000 -9999.000 -9999.000 -9999.000 -9999.000 -9999.000 -9999.000 -9999.000 -9999.000 -9999.000 -9999.000 -9999.000 -9999.000 0.1104999 0.1059082 0.1061845 0.1075779 0.1096718 0.1122081 0.1149048 0.1175330 0.1199328 0.1220407 0.1239594 0.1260109 0.1295623 0.1376658 0.1450020 0.1450020 -9999.000 -9999.000 -9999.000 -9999.000 -9999.000 -9999.000 -9999.000 -9999.000 -9999.000 -9999.000 -9999.000 -9999.000 -9999.000 -9999.000 -9999.000 -9999.000 -9999.000 -9999.000 -9999.000 -9999.000 -9999.000 -9999.000 -9999.000 -9999.000 -9999.000 -9999.000 -9999.000 -9999.000 -9999.000
-9999.000 -9999.000 -9999.000 -9999.000 -9999.000 -9999.000 -9999.000 -9999.000 -9999.000 -9999.000 -9999.000 -9999.000 -9999.000 -9999.000 -9999.000 0.1057091 0.1001440 0.1005598 0.1024427 0.1052536 0.1086612 0.1123025 0.1158851 0.1192036 0.1221734 0.1249231 0.1278628 0.1327661 0.1436204 0.1544853 0.1544853 -9999.000 -9999.000 -9999.000 -9999.000 -9999.000 -9999.000 -9999.000 -9999.000 -9999.000 -9999.000 -9999.000 -9999.000 -9999.000 -9999.000 -9999.000 -9999.000 -9999.000 -9999.000 -9999.000 -9999.000 -9999.000 -9999.000 -9999.000 -9999.000 -9999.000 -9999.000 -9999.000 -9999.000 -9999.000
-9999.000 -9999.000 -9999.000 -9999.000 -9999.000 -9999.000 -9999.000 -9999.000 -9999.000 -9999.000 -9999.000 -9999.000 -9999.000 -9999.000 -9999.000 0.1004905 0.9404547E-01 0.9462769E-01 0.9703664E-01 0.1006073 0.1049323 0.1095668 0.1141545 0.1184453 0.1223336 0.1259749 0.1298714 0.1362297 0.1500512 0.1652110 0.1652110 -9999.000 -9999.000 -9999.000 -9999.000 -9999.000 -9999.000 -9999.000 -9999.000 -9999.000 -9999.000 -9999.000 -9999.000 -9999.000 -9999.000 -9999.000 -9999.000 -9999.000 -9999.000 -9999.000 -9999.000 -9999.000 -9999.000 -9999.000 -9999.000 -9999.000 -9999.000 -9999.000 -9999.000 -9999.000
-9999.000 -9999.000 -9999.000 -9999.000 -9999.000 -9999.000 -9999.000 -9999.000 -9999.000 -9999.000 -9999.000 -9999.000 -9999.000 -9999.000 -9999.000 0.9487159E-01 0.8765066E-01 0.8843295E-01 0.9141004E-01 0.9578411E-01 0.1010702 0.1067393 0.1123729 0.1176765 0.1225251 0.1271036 0.1320115 0.1399213 0.1569455 0.1773199 0.1773199 -9999.000 -9999.000 -9999.000 -9999.000 -9999.000 -9999.000 -9999.000 -9999.000 -9999.000 -9999.000 -9999.000 -9999.000 -9999.000 -9999.000 -9999.000 -9999.000 -9999.000 -9999.000 -9999.000 -9999.000 -9999.000 -9999.000 -9999.000 -9999.000 -9999.000 -9999.000 -9999.000 -9999.000 -9999.000
-9999.000 -9999.000 -9999.000 -9999.000 -9999.000 -9999.000 -9999.000 -9999.000 -9999.000 -9999.000 -9999.000 -9999.000 -9999.000 -9999.000 -9999.000 0.8884341E-01 0.8096907E-01 0.8199726E-01 0.8559370E-01 0.9081972E-01 0.9711031E-01 0.1038516 0.1105650 0.1169141 0.1227552 0.1283068 0.1342723 0.1438298 0.1643206 0.1910467 0.1910467 -9999.000 -9999.000 -9999.000 -9999.000 -9999.000 -9999.000 -9999.000 -9999.000 -9999.000 -9999.000 -9999.000 -9999.000 -9999.000 -9999.000 -9999.000 -9999.000 -9999.000 -9999.000 -9999.000 -9999.000 -9999.000 -9999.000 -9999.000 -9999.000 -9999.000 -9999.000 -9999.000 -9999.000 -9999.000
-9999.000 -9999.000 -9999.000 -9999.000 -9999.000 -9999.000 -9999.000 -9999.000 -9999.000 -9999.000 -9999.000 -9999.000 -9999.000 -9999.000 -9999.000 0.8237347E-01 0.7399403E-01 0.7533096E-01 0.7961155E-01 0.8574512E-01 0.9308472E-01 0.1009327 0.1087548 0.1161754 0.1230342 0.1295875 0.1366510 0.1479559 0.1722143 0.2067300 0.2067300 -9999.000 -9999.000 -9999.000 -9999.000 -9999.000 -9999.000 -9999.000 -9999.000 -9999.000 -9999.000 -9999.000 -9999.000 -9999.000 -9999.000 -9999.000 -9999.000 -9999.000 -9999.000 -9999.000 -9999.000 -9999.000 -9999.000 -9999.000 -9999.000 -9999.000 -9999.000 -9999.000 -9999.000 -9999.000
-9999.000 -9999.000 -9999.000 -9999.000 -9999.000 -9999.000 -9999.000 -9999.000 -9999.000 -9999.000 -9999.000 -9999.000 -9999.000 -9999.000 -9999.000 0.7541220E-01 0.6670815E-01 0.6844230E-01 0.7349162E-01 0.8059727E-01 0.8903102E-01 0.9801670E-01 0.1069709 0.1154830 0.1233780 0.1309550 0.1391523 0.1523093 0.1806808 0.2248433 0.2248433 -9999.000 -9999.000 -9999.000 -9999.000 -9999.000 -9999.000 -9999.000 -9999.000 -9999.000 -9999.000 -9999.000 -9999.000 -9999.000 -9999.000 -9999.000 -9999.000 -9999.000 -9999.000 -9999.000 -9999.000 -9999.000 -9999.000 -9999.000 -9999.000 -9999.000 -9999.000 -9999.000 -9999.000 -9999.000
-9999.000 -9999.000 -9999.000 -9999.000 -9999.000 -9999.000 -9999.000 -9999.000 -9999.000 -9999.000 -9999.000 -9999.000 -9999.000 -9999.000 -9999.000 0.6789535E-01 0.5909102E-01 0.6135058E-01 0.6728039E-01 0.7543164E-01 0.8500296E-01 0.9515131E-01 0.1052546 0.1148717 0.1238146 0.1324312 0.1417927 0.1569114 0.1897913 0.2460496 0.2460496 -9999.000 -9999.000 -9999.000 -9999.000 -9999.000 -9999.000 -9999.000 -9999.000 -9999.000 -9999.000 -9999.000 -9999.000 -9999.000 -9999.000 -9999.000 -9999.000 -9999.000 -9999.000 -9999.000 -9999.000 -9999.000 -9999.000 -9999.000 -9999.000 -9999.000 -9999.000 -9999.000 -9999.000 -9999.000
-9999.000 -9999.000 -9999.000 -9999.000 -9999.000 -9999.000 -9999.000 -9999.000 -9999.000 -9999.000 -9999.000 -9999.000 -9999.000 -9999.000 -9999.000 0.5974469E-01 0.5113001E-01 0.5410841E-01 0.6106729E-01 0.7034486E-01 0.8108887E-01 0.9241363E-01 0.1036737 0.1144010 0.1243964 0.1340613 0.1446103 0.1618030 0.1996399 0.2712981 0.2712981 -9999.000 -9999.000 -9999.000 -9999.000 -9999.000 -9999.000 -9999.000 -9999.000 -9999.000 -9999.000 -9999.000 -9999.000 -9999.000 -9999.000 -9999.000 -9999.000 -9999.000 -9999.000 -9999.000 -9999.000 -9999.000 -9999.000 -9999.000 -9999.000 -9999.000 -9999.000 -9999.000 -9999.000 -9999.000
-9999.000 -9999.000 -9999.000 -9999.000 -9999.000 -9999.000 -9999.000 -9999.000 -9999.000 -9999.000 -9999.000 -9999.000 -9999.000 -9999.000 -9999.000 0.5086845E-01 0.4284759E-01 0.4685448E-01 0.5503751E-01 0.6551643E-01 0.7744582E-01 0.8994066E-01 0.1023501 0.1141830 0.1252275 0.1359414 0.1476938 0.1670692 0.2103578 0.3019921 0.3019921 -9999.000 -9999.000 -9999.000 -9999.000 -9999.000 -9999.000 -9999.000 -9999.000 -9999.000 -9999.000 -9999.000 -9999.000 -9999.000 -9999.000 -9999.000 -9999.000 -9999.000 -9999.000 -9999.000 -9999.000 -9999.000 -9999.000 -9999.000 -9999.000 -9999.000 -9999.000 -9999.000 -9999.000 -9999.000
-9999.000 -9999.000 -9999.000 -9999.000 -9999.000 -9999.000 -9999.000 -9999.000 -9999.000 -9999.000 -9999.000 -9999.000 -9999.000 -9999.000 -9999.000 0.4113215E-01 0.3440550E-01 0.4001192E-01 0.4967928E-01 0.6140359E-01 0.7447647E-01 0.8808592E-01 0.1015992 0.1145050 0.1265751 0.1383240 0.1512792 0.1729213 0.2221670 0.3403187 0.3403187 -9999.000 -9999.000 -9999.000 -9999.000 -9999.000 -9999.000 -9999.000 -9999.000 -9999.000 -9999.000 -9999.000 -9999.000 -9999.000 -9999.000 -9999.000 -9999.000 -9999.000 -9999.000 -9999.000 -9999.000 -9999.000 -9999.000 -9999.000 -9999.000 -9999.000 -9999.000 -9999.000 -9999.000 -9999.000
-9999.000 -9999.000 -9999.000 -9999.000 -9999.000 -9999.000 -9999.000 -9999.000 -9999.000 -9999.000 -9999.000 -9999.000 -9999.000 -9999.000 -9999.000 0.3087557E-01 0.3915356E-01 0.5242468E-01 0.6458616E-01 0.7597649E-01 0.8734621E-01 0.9887445E-01 0.1104549 0.1217869 0.1326827 0.1436782 0.1564219 0.1793614 0.2345473 0.3871802 0.3871802 -9999.000 -9999.000 -9999.000 -9999.000 -9999.000 -9999.000 -9999.000 -9999.000 -9999.000 -9999.000 -9999.000 -9999.000 -9999.000 -9999.000 -9999.000 -9999.000 -9999.000 -9999.000 -9999.000 -9999.000 -9999.000 -9999.000 -9999.000 -9999.000 -9999.000 -9999.000 -9999.000 -9999.000 -9999.000
2.425921 2.425921 2.470502 2.512363 2.518655 2.518655 2.522530 2.526185 2.526185 2.526454 2.526454 2.524458 2.522811 2.520807 2.518492 2.518492 2.453748 2.433379 2.404524 2.362551 2.305352 2.231366 2.140297 2.032737 1.910232 1.775934 1.636624 1.505290 1.410190 1.422762 1.422762 2.223684 2.369726 2.429727 2.439893 2.439893 2.441748 2.441748 2.380707 2.380707 2.313030 1.963435 1.963435 1.646079 1.646079 1.573014 1.573014 1.573014 1.607107 1.607107 1.655196 1.655196 1.703803 1.703803 1.746864 1.746864 1.781790 1.781790 1.781790 1.806241
2.442041 2.442041 2.501362 2.557774 2.574288 2.574288 2.588367 2.612309 2.612309 2.632699 2.632699 2.650667 2.658943 2.666821 2.674345 2.674345 2.647327 2.646304 2.647933 2.647597 2.642063 2.628514 2.604542 2.568058 2.517405 2.451694 2.368177 2.276997 2.193104 2.161439 2.161439 2.601761 2.747411 2.874547 2.904951 2.904951 2.929310 2.929310 2.903846 2.903846 2.867062 2.693069 2.693069 2.429735 2.429735 2.335674 2.335674 2.335674 2.368568 2.368568 2.415282 2.415282 2.463669 2.463669 2.509405 2.509405 2.548536 2.548536 2.548536 2.578751
2.445671 2.445671 2.505393 2.558050 2.574737 2.574737 2.589050 2.613496 2.613496 2.634443 2.634443 2.653047 2.661675 2.669927 2.677848 2.677848 2.661024 2.665499 2.676731 2.689609 2.700824 2.708197 2.710114 2.705099 2.691658 2.668411 2.633220 2.589659 2.545389 2.526593 2.526593 2.799324 2.935380 3.082904 3.121516 3.121516 3.148735 3.148735 3.116454 3.116454 3.079606 2.957422 2.957422 2.761025 2.761025 2.645002 2.645002 2.645002 2.665614 2.665614 2.704484 2.704484 2.746878 2.746878 2.786590 2.786590 2.820453 2.820453 2.820453 2.846913
2.448564 2.448564 2.508488 2.557973 2.574620 2.574620 2.588980 2.613503 2.613503 2.634472 2.634472 2.653083 2.661715 2.669974 2.677904 2.677904 2.669838 2.678824 2.696072 2.716009 2.734895 2.750611 2.762001 2.768347 2.769041 2.763477 2.750445 2.731804 2.712553 2.709837 2.709837 2.881697 3.005130 3.156239 3.196014 3.196014 3.213221 3.213221 3.165915 3.165915 3.129365 3.044702 3.044702 2.913673 2.913673 2.789162 2.789162 2.789162 2.795414 2.795414 2.826901 2.826901 2.864925 2.864925 2.901180 2.901180 2.932263 2.932263 2.932263 2.956478
2.450778 2.450778 2.510843 2.557924 2.574503 2.574503 2.588898 2.613496 2.613496 2.634477 2.634477 2.653083 2.661711 2.669969 2.677897 2.677897 2.679899 2.694687 2.717951 2.744042 2.769029 2.790670 2.807820 2.819963 2.826901 2.828600 2.824729 2.816755 2.808595 2.812283 2.812283 2.925869 3.032294 3.171263 3.201493 3.201493 3.190636 3.190636 3.132272 3.132272 3.104453 3.061030 3.061030 2.991541 2.991541 2.878373 2.878373 2.878373 2.869140 2.869140 2.890453 2.890453 2.922668 2.922668 2.955367 2.955367 2.983763 2.983763 2.983763 3.005692
2.452338 2.452338 2.512497 2.557899 2.574405 2.574405 2.588827 2.613487 2.613487 2.634483 2.634483 2.653083 2.661709 2.669965 2.677892 2.677892 2.691843 2.713850 2.743556 2.775517 2.805992 2.832790 2.854754 2.871356 2.882464 2.888205 2.888679 2.885147 2.880856 2.884670 2.884670 2.959660 3.045182 3.150102 3.156063 3.156063 3.107039 3.107039 3.057677 3.057677 3.048423 3.047655 3.047655 3.028492 3.028492 2.943894 2.943894 2.943894 2.923108 2.923108 2.932580 2.932580 2.956953 2.956953 2.984670 2.984670 3.009423 3.009423 3.009423 3.028373
2.453264 2.453264 2.513479 2.557890 2.574342 2.574342 2.588778 2.613482 2.613482 2.634487 2.634487 2.653083 2.661707 2.669961 2.677889 2.677889 2.706512 2.737070 2.773703 2.811361 2.846799 2.878106 2.904233 2.924672 2.939266 2.948126 2.951463 2.950270 2.947107 2.948395 2.948395 2.994763 3.053992 3.090333 3.058049 3.058049 2.986533 2.986533 2.974848 2.974848 2.987864 3.023280 3.023280 3.040666 3.040666 2.993347 2.993347 2.993347 2.968694 2.968694 2.967472 2.967472 2.982478 2.982478 3.003429 3.003429 3.023129 3.023129 3.023129 3.038118
2.453572 2.453572 2.513805 2.557888 2.574321 2.574321 2.588762 2.613480 2.613480 2.634489 2.634489 2.653083 2.661707 2.669962 2.677889 2.677889 2.725132 2.765441 2.809415 2.852597 2.892450 2.927545 2.957092 2.980695 2.998211 3.009708 3.015375 3.015924 3.013174 3.011136 3.011136 3.033310 3.055440 2.975935 2.908710 2.908710 2.860238 2.860238 2.901444 2.901444 2.933096 2.994466 2.994466 3.036853 3.036853 3.027246 3.027246 3.027246 3.006823 3.006823 2.998611 2.998611 3.004138 3.004138 3.016872 3.016872 3.030057 3.030057 3.030057 3.040044
2.453264 2.453264 2.513479 2.557890 2.574343 2.574343 2.588778 2.613481 2.613481 2.634486 2.634486 2.653082 2.661706 2.669961 2.677889 2.677889 2.749413 2.800505 2.852043 2.900455 2.944088 2.982139 3.014216 3.040135 3.059847 3.073412 3.080981 3.083008 3.080510 3.074290 3.074290 3.069369 3.029122 2.799609 2.733193 2.733193 2.754420 2.754420 2.840874 2.840874 2.884746 2.963212 2.963212 3.022620 3.022620 3.046094 3.046094 3.046094 3.035700 3.035700 3.025335 3.025335 3.022832 3.022832 3.026657 3.026657 3.032102 3.032102 3.032102 3.036155
2.452337 2.452337 2.512497 2.557899 2.574405 2.574405 2.588826 2.613487 2.613487 2.634483 2.634483 2.653083 2.661708 2.669964 2.677891 2.677891 2.781759 2.844408 2.903405 2.956484 3.003053 3.043056 3.076595 3.103793 3.124766 3.139630 3.148514 3.151658 3.148955 3.134858 3.134858 3.082977 2.931225 2.590952 2.576462 2.576462 2.675231 2.675231 2.789113 2.789113 2.840112 2.929949 2.929949 3.001199 3.001199 3.051174 3.051174 3.051174 3.053357 3.053357 3.045189 3.045189 3.037160 3.037160 3.032328 3.032328 3.029325 3.029325 3.029325 3.026810
2.450778 2.450778 2.510842 2.557923 2.574503 2.574503 2.588897 2.613495 2.613495 2.634477 2.634477 2.653082 2.661711 2.669968 2.677897 2.677897 2.825646 2.900167 2.965966 3.022674 3.070964 3.111624 3.145323 3.172548 3.193637 3.208808 3.218214 3.221833 3.217035 3.180683 3.180683 3.022819 2.713954 2.412287 2.464757 2.464757 2.611893 2.611893 2.740114 2.740114 2.795317 2.893311 2.893311 2.972945 2.972945 3.042870 3.042870 3.042870 3.057443 3.057443 3.054265 3.054265 3.043442 3.043442 3.031073 3.031073 3.019648 3.019648 3.019648 3.010426
2.448565 2.448565 2.508488 2.557973 2.574621 2.574621 2.588980 2.613503 2.613503 2.634471 2.634471 2.653083 2.661714 2.669974 2.677903 2.677903 2.886354 2.972133 3.043128 3.101624 3.149797 3.189364 3.221582 3.247323 3.267162 3.281447 3.290375 3.293292 3.278871 3.168852 3.168852 2.802682 2.382639 2.298845 2.375663 2.375663 2.548511 2.548511 2.685561 2.685561 2.743584 2.848358 2.848358 2.934195 2.934195 3.018764 3.018764 3.018764 3.043983 3.043983 3.046762 3.046762 3.035277 3.035277 3.017001 3.017001 2.997974 2.997974 2.997974 2.982558
