simulation_files/asc/Velocity____347.0.asc
NCOLS        79
NROWS        79
XLLCENTER         -1.500000
YLLCENTER         -4.800000
CELLSIZE           0.100
NODATA_VALUE     -9999.0
[rows 0 to 26 of 79, columns 0 to 59 of 79]
-9999.000 -9999.000 -9999.000 -9999.000 -9999.000 -9999.000 -9999.000 -9999.000 -9999.000 -9999.000 -9999.000 -9999.000 -9999.000 -9999.000 -9999.000 0.1004901 0.9898592E-01 0.9910879E-01 0.9960022E-01 0.1002638 0.1009979 0.1017008 0.1022935 0.1027697 0.1031161 0.1033471 0.1035350 0.1038913 0.1050214 0.1060396 0.1060396 -9999.000 -9999.000 -9999.000 -9999.000 -9999.000 -9999.000 -9999.000 -9999.000 -9999.000 -9999.000 -9999.000 -9999.000 -9999.000 -9999.000 -9999.000 -9999.000 -9999.000 -9999.000 -9999.000 -9999.000 -9999.000 -9999.000 -9999.000 -9999.000 -9999.000 -9999.000 -9999.000 -9999.000 -9999.000
-9999.000 -9999.000 -9999.000 -9999.000 -9999.000 -9999.000 -9999.000 -9999.000 -9999.000 -9999.000 -9999.000 -9999.000 -9999.000 -9999.000 -9999.000 0.9855810E-01 0.9556465E-01 0.9587581E-01 0.9696431E-01 0.9842186E-01 0.1000408 0.1016099 0.1029602 0.1040711 0.1049074 0.1054958 0.1059944 0.1068794 0.1094946 0.1122231 0.1122231 -9999.000 -9999.000 -9999.000 -9999.000 -9999.000 -9999.000 -9999.000 -9999.000 -9999.000 -9999.000 -9999.000 -9999.000 -9999.000 -9999.000 -9999.000 -9999.000 -9999.000 -9999.000 -9999.000 -9999.000 -9999.000 -9999.000 -9999.000 -9999.000 -9999.000 -9999.000 -9999.000 -9999.000 -9999.000
-9999.000 -9999.000 -9999.000 -9999.000 -9999.000 -9999.000 -9999.000 -9999.000 -9999.000 -9999.000 -9999.000 -9999.000 -9999.000 -9999.000 -9999.000 0.9512866E-01 0.9065641E-01 0.9118172E-01 0.9296644E-01 0.9536555E-01 0.9805819E-01 0.1007201 0.1030900 0.1051371 0.1068007 0.1081134 0.1093172 0.1111682 0.1158158 0.1210972 0.1210972 -9999.000 -9999.000 -9999.000 -9999.000 -9999.000 -9999.000 -9999.000 -9999.000 -9999.000 -9999.000 -9999.000 -9999.000 -9999.000 -9999.000 -9999.000 -9999.000 -9999.000 -9999.000 -9999.000 -9999.000 -9999.000 -9999.000 -9999.000 -9999.000 -9999.000 -9999.000 -9999.000 -9999.000 -9999.000
-9999.000 -9999.000 -9999.000 -9999.000 -9999.000 -9999.000 -9999.000 -9999.000 -9999.000 -9999.000 -9999.000 -9999.000 -9999.000 -9999.000 -9999.000 0.9097115E-01 0.8515172E-01 0.8591548E-01 0.8842629E-01 0.9180164E-01 0.9561312E-01 0.9942934E-01 0.1029029 0.1059974 0.1086232 0.1108119 0.1128821 0.1158682 0.1227588 0.1311720 0.1311720 -9999.000 -9999.000 -9999.000 -9999.000 -9999.000 -9999.000 -9999.000 -9999.000 -9999.000 -9999.000 -9999.000 -9999.000 -9999.000 -9999.000 -9999.000 -9999.000 -9999.000 -9999.000 -9999.000 -9999.000 -9999.000 -9999.000 -9999.000 -9999.000 -9999.000 -9999.000 -9999.000 -9999.000 -9999.000
-9999.000 -9999.000 -9999.000 -9999.000 -9999.000 -9999.000 -9999.000 -9999.000 -9999.000 -9999.000 -9999.000 -9999.000 -9999.000 -9999.000 -9999.000 0.8631618E-01 0.7925241E-01 0.8028407E-01 0.8355256E-01 0.8793531E-01 0.9289924E-01 0.9790969E-01 0.1025386 0.1067479 0.1104160 0.1135704 0.1166046 0.1208413 0.1301570 0.1423094 0.1423094 -9999.000 -9999.000 -9999.000 -9999.000 -9999.000 -9999.000 -9999.000 -9999.000 -9999.000 -9999.000 -9999.000 -9999.000 -9999.000 -9999.000 -9999.000 -9999.000 -9999.000 -9999.000 -9999.000 -9999.000 -9999.000 -9999.000 -9999.000 -9999.000 -9999.000 -9999.000 -9999.000 -9999.000 -9999.000
-9999.000 -9999.000 -9999.000 -9999.000 -9999.000 -9999.000 -9999.000 -9999.000 -9999.000 -9999.000 -9999.000 -9999.000 -9999.000 -9999.000 -9999.000 0.8125515E-01 0.7305017E-01 0.7439308E-01 0.7846002E-01 0.8388424E-01 0.9003059E-01 0.9626546E-01 0.1020843 0.1074530 0.1122153 0.1163923 0.1204549 0.1260301 0.1379483 0.1545337 0.1545337 -9999.000 -9999.000 -9999.000 -9999.000 -9999.000 -9999.000 -9999.000 -9999.000 -9999.000 -9999.000 -9999.000 -9999.000 -9999.000 -9999.000 -9999.000 -9999.000 -9999.000 -9999.000 -9999.000 -9999.000 -9999.000 -9999.000 -9999.000 -9999.000 -9999.000 -9999.000 -9999.000 -9999.000 -9999.000
-9999.000 -9999.000 -9999.000 -9999.000 -9999.000 -9999.000 -9999.000 -9999.000 -9999.000 -9999.000 -9999.000 -9999.000 -9999.000 -9999.000 -9999.000 0.7581095E-01 0.6658206E-01 0.6829778E-01 0.7321528E-01 0.7971819E-01 0.8707371E-01 0.9455632E-01 0.1015898 0.1081501 0.1140427 0.1192814 0.1244201 0.1314108 0.1461200 0.1679740 0.1679740 -9999.000 -9999.000 -9999.000 -9999.000 -9999.000 -9999.000 -9999.000 -9999.000 -9999.000 -9999.000 -9999.000 -9999.000 -9999.000 -9999.000 -9999.000 -9999.000 -9999.000 -9999.000 -9999.000 -9999.000 -9999.000 -9999.000 -9999.000 -9999.000 -9999.000 -9999.000 -9999.000 -9999.000 -9999.000
-9999.000 -9999.000 -9999.000 -9999.000 -9999.000 -9999.000 -9999.000 -9999.000 -9999.000 -9999.000 -9999.000 -9999.000 -9999.000 -9999.000 -9999.000 0.6997182E-01 0.5986041E-01 0.6203414E-01 0.6786640E-01 0.7548628E-01 0.8407328E-01 0.9282007E-01 0.1010850 0.1088610 0.1159107 0.1222406 0.1284938 0.1369742 0.1546853 0.1828429 0.1828429 -9999.000 -9999.000 -9999.000 -9999.000 -9999.000 -9999.000 -9999.000 -9999.000 -9999.000 -9999.000 -9999.000 -9999.000 -9999.000 -9999.000 -9999.000 -9999.000 -9999.000 -9999.000 -9999.000 -9999.000 -9999.000 -9999.000 -9999.000 -9999.000 -9999.000 -9999.000 -9999.000 -9999.000 -9999.000
-9999.000 -9999.000 -9999.000 -9999.000 -9999.000 -9999.000 -9999.000 -9999.000 -9999.000 -9999.000 -9999.000 -9999.000 -9999.000 -9999.000 -9999.000 0.6370746E-01 0.5288951E-01 0.5563936E-01 0.6246329E-01 0.7123535E-01 0.8106759E-01 0.9108602E-01 0.1005917 0.1096015 0.1178281 0.1252711 0.1326717 0.1427179 0.1636714 0.1994410 0.1994410 -9999.000 -9999.000 -9999.000 -9999.000 -9999.000 -9999.000 -9999.000 -9999.000 -9999.000 -9999.000 -9999.000 -9999.000 -9999.000 -9999.000 -9999.000 -9999.000 -9999.000 -9999.000 -9999.000 -9999.000 -9999.000 -9999.000 -9999.000 -9999.000 -9999.000 -9999.000 -9999.000 -9999.000 -9999.000
-9999.000 -9999.000 -9999.000 -9999.000 -9999.000 -9999.000 -9999.000 -9999.000 -9999.000 -9999.000 -9999.000 -9999.000 -9999.000 -9999.000 -9999.000 0.5697627E-01 0.4567938E-01 0.4917277E-01 0.5707677E-01 0.6702460E-01 0.7810012E-01 0.8938518E-01 0.1001321 0.1103865 0.1198039 0.1283756 0.1369520 0.1486436 0.1731159 0.2181778 0.2181778 -9999.000 -9999.000 -9999.000 -9999.000 -9999.000 -9999.000 -9999.000 -9999.000 -9999.000 -9999.000 -9999.000 -9999.000 -9999.000 -9999.000 -9999.000 -9999.000 -9999.000 -9999.000 -9999.000 -9999.000 -9999.000 -9999.000 -9999.000 -9999.000 -9999.000 -9999.000 -9999.000 -9999.000 -9999.000
-9999.000 -9999.000 -9999.000 -9999.000 -9999.000 -9999.000 -9999.000 -9999.000 -9999.000 -9999.000 -9999.000 -9999.000 -9999.000 -9999.000 -9999.000 0.4972849E-01 0.3826736E-01 0.4274791E-01 0.5182149E-01 0.6294114E-01 0.7523110E-01 0.8775956E-01 0.9973590E-01 0.1112384 0.1218523 0.1315613 0.1413370 0.1547566 0.1830648 0.2396155 0.2396155 -9999.000 -9999.000 -9999.000 -9999.000 -9999.000 -9999.000 -9999.000 -9999.000 -9999.000 -9999.000 -9999.000 -9999.000 -9999.000 -9999.000 -9999.000 -9999.000 -9999.000 -9999.000 -9999.000 -9999.000 -9999.000 -9999.000 -9999.000 -9999.000 -9999.000 -9999.000 -9999.000 -9999.000 -9999.000
-9999.000 -9999.000 -9999.000 -9999.000 -9999.000 -9999.000 -9999.000 -9999.000 -9999.000 -9999.000 -9999.000 -9999.000 -9999.000 -9999.000 -9999.000 0.4190895E-01 0.3077222E-01 0.3659776E-01 0.4689493E-01 0.5912172E-01 0.7255226E-01 0.8627367E-01 0.9945145E-01 0.1121945 0.1240013 0.1348470 0.1458379 0.1610702 0.1935755 0.2645386 0.2645386 -9999.000 -9999.000 -9999.000 -9999.000 -9999.000 -9999.000 -9999.000 -9999.000 -9999.000 -9999.000 -9999.000 -9999.000 -9999.000 -9999.000 -9999.000 -9999.000 -9999.000 -9999.000 -9999.000 -9999.000 -9999.000 -9999.000 -9999.000 -9999.000 -9999.000 -9999.000 -9999.000 -9999.000 -9999.000
-9999.000 -9999.000 -9999.000 -9999.000 -9999.000 -9999.000 -9999.000 -9999.000 -9999.000 -9999.000 -9999.000 -9999.000 -9999.000 -9999.000 -9999.000 0.3346583E-01 0.2355991E-01 0.3121047E-01 0.4264034E-01 0.5578819E-01 0.7021184E-01 0.8503571E-01 0.9936402E-01 0.1133249 0.1263080 0.1382776 0.1504900 0.1676170 0.2047230 0.2940769 0.2940769 -9999.000 -9999.000 -9999.000 -9999.000 -9999.000 -9999.000 -9999.000 -9999.000 -9999.000 -9999.000 -9999.000 -9999.000 -9999.000 -9999.000 -9999.000 -9999.000 -9999.000 -9999.000 -9999.000 -9999.000 -9999.000 -9999.000 -9999.000 -9999.000 -9999.000 -9999.000 -9999.000 -9999.000 -9999.000
-9999.000 -9999.000 -9999.000 -9999.000 -9999.000 -9999.000 -9999.000 -9999.000 -9999.000 -9999.000 -9999.000 -9999.000 -9999.000 -9999.000 -9999.000 0.2436409E-01 0.1789428E-01 0.2770106E-01 0.3978888E-01 0.5344595E-01 0.6858035E-01 0.8433399E-01 0.9970906E-01 0.1148263 0.1289385 0.1419944 0.1554134 0.1745009 0.2166353 0.3299375 0.3299375 -9999.000 -9999.000 -9999.000 -9999.000 -9999.000 -9999.000 -9999.000 -9999.000 -9999.000 -9999.000 -9999.000 -9999.000 -9999.000 -9999.000 -9999.000 -9999.000 -9999.000 -9999.000 -9999.000 -9999.000 -9999.000 -9999.000 -9999.000 -9999.000 -9999.000 -9999.000 -9999.000 -9999.000 -9999.000
-9999.000 -9999.000 -9999.000 -9999.000 -9999.000 -9999.000 -9999.000 -9999.000 -9999.000 -9999.000 -9999.000 -9999.000 -9999.000 -9999.000 -9999.000 0.3084247E-01 0.4767576E-01 0.5573202E-01 0.6429264E-01 0.7305565E-01 0.8327189E-01 0.9500044E-01 0.1074739 0.1207246 0.1337599 0.1463532 0.1599602 0.1805157 0.2280191 0.3716919 0.3716919 -9999.000 -9999.000 -9999.000 -9999.000 -9999.000 -9999.000 -9999.000 -9999.000 -9999.000 -9999.000 -9999.000 -9999.000 -9999.000 -9999.000 -9999.000 -9999.000 -9999.000 -9999.000 -9999.000 -9999.000 -9999.000 -9999.000 -9999.000 -9999.000 -9999.000 -9999.000 -9999.000 -9999.000 -9999.000
2.675291 2.675291 2.656271 2.702821 2.712826 2.712826 2.717219 2.719749 2.719749 2.717930 2.717930 2.713370 2.710347 2.706933 2.703252 2.703252 2.772982 2.775032 2.761452 2.731701 2.683544 2.614913 2.525091 2.416018 2.288333 2.144516 1.989569 1.835116 1.709250 1.686053 1.686053 2.511355 2.675122 2.759707 2.778654 2.778654 2.797580 2.797580 2.755515 2.755515 2.697737 2.481025 2.481025 2.017244 2.017244 1.864516 1.864516 1.864516 1.878823 1.878823 1.922115 1.922115 1.972020 1.972020 2.020233 2.020233 2.061178 2.061178 2.061178 2.091348
2.697933 2.697933 2.683938 2.750870 2.771519 2.771519 2.786973 2.811203 2.811203 2.830783 2.830783 2.847421 2.854920 2.861978 2.868718 2.868718 2.921881 2.934831 2.944864 2.951475 2.953034 2.947119 2.931175 2.903200 2.860746 2.802073 2.726656 2.635588 2.539995 2.487278 2.487278 2.931343 3.083417 3.225463 3.262414 3.262414 3.299299 3.299299 3.286540 3.286540 3.256090 3.132278 3.132278 2.859196 2.859196 2.676693 2.676693 2.676693 2.690614 2.690614 2.735060 2.735060 2.787850 2.787850 2.838869 2.838869 2.883305 2.883305 2.883305 2.918878
2.703846 2.703846 2.681040 2.751368 2.771947 2.771947 2.787833 2.812647 2.812647 2.832700 2.832700 2.849947 2.857810 2.865263 2.872437 2.872437 2.922102 2.944242 2.965297 2.984126 2.999793 3.011287 3.017554 3.017666 3.010135 2.993301 2.965754 2.927002 2.881949 2.856632 2.856632 3.117396 3.261672 3.424591 3.470175 3.470175 3.509922 3.509922 3.486349 3.486349 3.451396 3.345771 3.345771 3.163991 3.163991 2.977093 2.977093 2.977093 2.975423 2.975423 3.010072 3.010072 3.055422 3.055422 3.100202 3.100202 3.139832 3.139832 3.139832 3.171929
2.708619 2.708619 2.680616 2.751354 2.771538 2.771538 2.787639 2.812710 2.812710 2.832755 2.832755 2.849982 2.857846 2.865307 2.872510 2.872510 2.921627 2.952138 2.982580 3.010489 3.034619 3.054239 3.068911 3.078489 3.082655 3.080900 3.072659 3.057692 3.038849 3.032458 3.032458 3.195047 3.324111 3.490945 3.538563 3.538563 3.567988 3.567988 3.522697 3.522697 3.483173 3.399545 3.399545 3.288785 3.288785 3.121680 3.121680 3.121680 3.102752 3.102752 3.126052 3.126052 3.164811 3.164811 3.205577 3.205577 3.242320 3.242320 3.242320 3.272106
2.712292 2.712292 2.680888 2.751545 2.771227 2.771227 2.787452 2.812756 2.812756 2.832790 2.832790 2.849983 2.857841 2.865301 2.872533 2.872533 2.924459 2.962826 3.001963 3.038296 3.070165 3.096767 3.117744 3.133104 3.142953 3.147404 3.146609 3.140952 3.132734 3.133033 3.133033 3.238541 3.347909 3.502665 3.541436 3.541436 3.538731 3.538731 3.472004 3.472004 3.437688 3.390746 3.390746 3.340702 3.340702 3.212934 3.212934 3.212934 3.179953 3.179953 3.189279 3.189279 3.219391 3.219391 3.255144 3.255144 3.288504 3.288504 3.288504 3.315568
2.714889 2.714889 2.681247 2.751768 2.771018 2.771018 2.787302 2.812793 2.812793 2.832819 2.832819 2.849978 2.857826 2.865282 2.872550 2.872550 2.931462 2.977566 3.024775 3.068845 3.107856 3.140934 3.167721 3.188205 3.202566 3.211089 3.214185 3.212531 3.208130 3.208808 3.208808 3.276345 3.362629 3.483690 3.497148 3.497148 3.444282 3.444282 3.377487 3.377487 3.361664 3.359529 3.359529 3.357256 3.357256 3.278166 3.278166 3.278166 3.239550 3.239550 3.235316 3.235316 3.254574 3.254574 3.283239 3.283239 3.311701 3.311701 3.311701 3.334917
2.716434 2.716434 2.681531 2.751928 2.770895 2.770895 2.787202 2.812807 2.812807 2.832819 2.832819 2.849942 2.857779 2.865226 2.872550 2.872550 2.943539 2.997657 3.052454 3.103520 3.148915 3.187795 3.219836 3.245020 3.263517 3.275617 3.281754 3.282616 3.279826 3.278788 3.278788 3.318971 3.378557 3.431749 3.400128 3.400128 3.305149 3.305149 3.273182 3.273182 3.283222 3.322184 3.322184 3.354251 3.354251 3.323430 3.323430 3.323430 3.289120 3.289120 3.275318 3.275318 3.283068 3.283068 3.302692 3.302692 3.324417 3.324417 3.324417 3.342391
2.716947 2.716947 2.681638 2.751984 2.770851 2.770851 2.787163 2.812800 2.812800 2.832799 2.832799 2.849910 2.857744 2.865191 2.872605 2.872605 2.961899 3.024593 3.086605 3.143878 3.194732 3.238503 3.274986 3.304216 3.326364 3.341699 3.350598 3.353640 3.352001 3.348909 3.348909 3.367545 3.393209 3.326106 3.242503 3.242503 3.154313 3.154313 3.183705 3.183705 3.216627 3.285369 3.285369 3.340580 3.340580 3.351495 3.351495 3.351495 3.329173 3.329173 3.311839 3.311839 3.309510 3.309510 3.318918 3.318918 3.332163 3.332163 3.332163 3.343424
2.716434 2.716434 2.681532 2.751928 2.770895 2.770895 2.787202 2.812807 2.812807 2.832818 2.832818 2.849942 2.857779 2.865226 2.872756 2.872756 2.988108 3.060090 3.128969 3.191581 3.246805 3.294335 3.334189 3.366530 3.391581 3.409604 3.420918 3.425961 3.425379 3.419803 3.419803 3.416558 3.388764 3.146526 3.041911 3.041911 3.026020 3.026020 3.113146 3.113146 3.161008 3.248730 3.248730 3.319576 3.319576 3.363890 3.363890 3.363890 3.357438 3.357438 3.342543 3.342543 3.333269 3.333269 3.332523 3.332523 3.336056 3.336056 3.336056 3.339365
2.714888 2.714888 2.681247 2.751768 2.771018 2.771018 2.787302 2.812793 2.812793 2.832819 2.832819 2.849978 2.857827 2.865281 2.872989 2.872989 3.024485 3.106470 3.181775 3.248693 3.306984 3.356886 3.398765 3.432988 3.459890 3.479761 3.492888 3.499558 3.499594 3.488735 3.488735 3.449370 3.322009 2.910022 2.849241 2.849241 2.933079 2.933079 3.055574 3.055574 3.111606 3.211270 3.211270 3.293037 3.293037 3.362752 3.362752 3.362752 3.372527 3.372527 3.364340 3.364340 3.351896 3.351896 3.342203 3.342203 3.335544 3.335544 3.335544 3.330073
2.712292 2.712292 2.680888 2.751545 2.771227 2.771227 2.787451 2.812756 2.812756 2.832790 2.832790 2.849984 2.857841 2.865301 2.873251 2.873251 3.074459 3.166857 3.247765 3.317585 3.377301 3.427883 3.470151 3.504750 3.532168 3.552766 3.566823 3.574416 3.573339 3.545648 3.545648 3.420605 3.130188 2.684899 2.711182 2.711182 2.863700 2.863700 3.002815 3.002815 3.063156 3.170972 3.170972 3.260547 3.260547 3.348821 3.348821 3.348821 3.372894 3.372894 3.373368 3.373368 3.361031 3.361031 3.344385 3.344385 3.327946 3.327946 3.327946 3.313550
2.708619 2.708619 2.680617 2.751355 2.771537 2.771537 2.787639 2.812709 2.812709 2.832755 2.832755 2.849982 2.857846 2.865306 2.873588 2.873588 3.143544 3.245858 3.330657 3.401233 3.460132 3.509228 3.549872 3.583021 3.609342 3.629280 3.643127 3.650398 3.641579 3.553579 3.553579 3.238859 2.794310 2.543064 2.614232 2.614232 2.797224 2.797224 2.944732 2.944732 3.007649 3.122077 3.122077 3.217469 3.217469 3.319144 3.319144 3.319144 3.354672 3.354672 3.363701 3.363701 3.353354 3.353354 3.331932 3.331932 3.306967 3.306967 3.306967 3.284302
