simulation_files/asc/Velocity__y_174.0.asc
NCOLS        79
NROWS        79
XLLCENTER         -1.500000
YLLCENTER         -4.800000
CELLSIZE           0.100
NODATA_VALUE     -9999.0
[rows 0 to 26 of 79, columns 0 to 58 of 79]
-9999.000 -9999.000 -9999.000 -9999.000 -9999.000 -9999.000 -9999.000 -9999.000 -9999.000 -9999.000 -9999.000 -9999.000 -9999.000 -9999.000 -9999.000 -0.9873249E-01 -0.9666765E-01 -0.9604133E-01 -0.9616498E-01 -0.9660101E-01 -0.9713383E-01 -0.9770752E-01 -0.9829098E-01 -0.9878987E-01 -0.9924974E-01 -0.9966529E-01 -0.1000666 -0.1006253 -0.1019184 -0.1031265 -0.1031265 -9999.000 -9999.000 -9999.000 -9999.000 -9999.000 -9999.000 -9999.000 -9999.000 -9999.000 -9999.000 -9999.000 -9999.000 -9999.000 -9999.000 -9999.000 -9999.000 -9999.000 -9999.000 -9999.000 -9999.000 -9999.000 -9999.000 -9999.000 -9999.000 -9999.000 -9999.000 -9999.000 -9999.000
-9999.000 -9999.000 -9999.000 -9999.000 -9999.000 -9999.000 -9999.000 -9999.000 -9999.000 -9999.000 -9999.000 -9999.000 -9999.000 -9999.000 -9999.000 -0.9731608E-01 -0.9304228E-01 -0.9171618E-01 -0.9200995E-01 -0.9300489E-01 -0.9423816E-01 -0.9558335E-01 -0.9696579E-01 -0.9817862E-01 -0.9931216E-01 -0.1003507 -0.1013532 -0.1026763 -0.1055229 -0.1084889 -0.1084889 -9999.000 -9999.000 -9999.000 -9999.000 -9999.000 -9999.000 -9999.000 -9999.000 -9999.000 -9999.000 -9999.000 -9999.000 -9999.000 -9999.000 -9999.000 -9999.000 -9999.000 -9999.000 -9999.000 -9999.000 -9999.000 -9999.000 -9999.000 -9999.000 -9999.000 -9999.000 -9999.000 -9999.000
-9999.000 -9999.000 -9999.000 -9999.000 -9999.000 -9999.000 -9999.000 -9999.000 -9999.000 -9999.000 -9999.000 -9999.000 -9999.000 -9999.000 -9999.000 -0.9450632E-01 -0.8790115E-01 -0.8579642E-01 -0.8635727E-01 -0.8811840E-01 -0.9032481E-01 -0.9275892E-01 -0.9528524E-01 -0.9755602E-01 -0.9970579E-01 -0.1016962 -0.1036116 -0.1060141 -0.1108168 -0.1162826 -0.1162826 -9999.000 -9999.000 -9999.000 -9999.000 -9999.000 -9999.000 -9999.000 -9999.000 -9999.000 -9999.000 -9999.000 -9999.000 -9999.000 -9999.000 -9999.000 -9999.000 -9999.000 -9999.000 -9999.000 -9999.000 -9999.000 -9999.000 -9999.000 -9999.000 -9999.000 -9999.000 -9999.000 -9999.000
-9999.000 -9999.000 -9999.000 -9999.000 -9999.000 -9999.000 -9999.000 -9999.000 -9999.000 -9999.000 -9999.000 -9999.000 -9999.000 -9999.000 -9999.000 -0.9108344E-01 -0.8221781E-01 -0.7934689E-01 -0.8022818E-01 -0.8283875E-01 -0.8611755E-01 -0.8975244E-01 -0.9354441E-01 -0.9699281E-01 -0.1002792 -0.1033352 -0.1062674 -0.1098486 -0.1167390 -0.1252075 -0.1252075 -9999.000 -9999.000 -9999.000 -9999.000 -9999.000 -9999.000 -9999.000 -9999.000 -9999.000 -9999.000 -9999.000 -9999.000 -9999.000 -9999.000 -9999.000 -9999.000 -9999.000 -9999.000 -9999.000 -9999.000 -9999.000 -9999.000 -9999.000 -9999.000 -9999.000 -9999.000 -9999.000 -9999.000
-9999.000 -9999.000 -9999.000 -9999.000 -9999.000 -9999.000 -9999.000 -9999.000 -9999.000 -9999.000 -9999.000 -9999.000 -9999.000 -9999.000 -9999.000 -0.8728001E-01 -0.7618016E-01 -0.7253658E-01 -0.7376759E-01 -0.7728226E-01 -0.8169945E-01 -0.8660875E-01 -0.9174590E-01 -0.9644563E-01 -0.1009441 -0.1051374 -0.1091537 -0.1139881 -0.1230956 -0.1351054 -0.1351054 -9999.000 -9999.000 -9999.000 -9999.000 -9999.000 -9999.000 -9999.000 -9999.000 -9999.000 -9999.000 -9999.000 -9999.000 -9999.000 -9999.000 -9999.000 -9999.000 -9999.000 -9999.000 -9999.000 -9999.000 -9999.000 -9999.000 -9999.000 -9999.000 -9999.000 -9999.000 -9999.000 -9999.000
-9999.000 -9999.000 -9999.000 -9999.000 -9999.000 -9999.000 -9999.000 -9999.000 -9999.000 -9999.000 -9999.000 -9999.000 -9999.000 -9999.000 -9999.000 -0.8319015E-01 -0.6986668E-01 -0.6543773E-01 -0.6703643E-01 -0.7149754E-01 -0.7710321E-01 -0.8334265E-01 -0.8988503E-01 -0.9588809E-01 -0.1016542 -0.1070373 -0.1121887 -0.1183417 -0.1298041 -0.1459751 -0.1459751 -9999.000 -9999.000 -9999.000 -9999.000 -9999.000 -9999.000 -9999.000 -9999.000 -9999.000 -9999.000 -9999.000 -9999.000 -9999.000 -9999.000 -9999.000 -9999.000 -9999.000 -9999.000 -9999.000 -9999.000 -9999.000 -9999.000 -9999.000 -9999.000 -9999.000 -9999.000 -9999.000 -9999.000
-9999.000 -9999.000 -9999.000 -9999.000 -9999.000 -9999.000 -9999.000 -9999.000 -9999.000 -9999.000 -9999.000 -9999.000 -9999.000 -9999.000 -9999.000 -0.7884122E-01 -0.6330332E-01 -0.5807393E-01 -0.6005412E-01 -0.6549936E-01 -0.7233724E-01 -0.7995464E-01 -0.8795428E-01 -0.9530193E-01 -0.1023817 -0.1089976 -0.1153280 -0.1228627 -0.1368340 -0.1579103 -0.1579103 -9999.000 -9999.000 -9999.000 -9999.000 -9999.000 -9999.000 -9999.000 -9999.000 -9999.000 -9999.000 -9999.000 -9999.000 -9999.000 -9999.000 -9999.000 -9999.000 -9999.000 -9999.000 -9999.000 -9999.000 -9999.000 -9999.000 -9999.000 -9999.000 -9999.000 -9999.000 -9999.000 -9999.000
-9999.000 -9999.000 -9999.000 -9999.000 -9999.000 -9999.000 -9999.000 -9999.000 -9999.000 -9999.000 -9999.000 -9999.000 -9999.000 -9999.000 -9999.000 -0.7422718E-01 -0.5648864E-01 -0.5044495E-01 -0.5281883E-01 -0.5928494E-01 -0.6739639E-01 -0.7643674E-01 -0.8594245E-01 -0.9466971E-01 -0.1031047 -0.1109921 -0.1185415 -0.1275231 -0.1441797 -0.1710756 -0.1710756 -9999.000 -9999.000 -9999.000 -9999.000 -9999.000 -9999.000 -9999.000 -9999.000 -9999.000 -9999.000 -9999.000 -9999.000 -9999.000 -9999.000 -9999.000 -9999.000 -9999.000 -9999.000 -9999.000 -9999.000 -9999.000 -9999.000 -9999.000 -9999.000 -9999.000 -9999.000 -9999.000 -9999.000
-9999.000 -9999.000 -9999.000 -9999.000 -9999.000 -9999.000 -9999.000 -9999.000 -9999.000 -9999.000 -9999.000 -9999.000 -9999.000 -9999.000 -9999.000 -0.6932314E-01 -0.4940643E-01 -0.4253681E-01 -0.4531676E-01 -0.5284151E-01 -0.6226754E-01 -0.7277491E-01 -0.8383416E-01 -0.9397177E-01 -0.1038011 -0.1129960 -0.1218023 -0.1322998 -0.1518454 -0.1857042 -0.1857042 -9999.000 -9999.000 -9999.000 -9999.000 -9999.000 -9999.000 -9999.000 -9999.000 -9999.000 -9999.000 -9999.000 -9999.000 -9999.000 -9999.000 -9999.000 -9999.000 -9999.000 -9999.000 -9999.000 -9999.000 -9999.000 -9999.000 -9999.000 -9999.000 -9999.000 -9999.000 -9999.000 -9999.000
-9999.000 -9999.000 -9999.000 -9999.000 -9999.000 -9999.000 -9999.000 -9999.000 -9999.000 -9999.000 -9999.000 -9999.000 -9999.000 -9999.000 -9999.000 -0.6409152E-01 -0.4203000E-01 -0.3432571E-01 -0.3752539E-01 -0.4614865E-01 -0.5693066E-01 -0.6894910E-01 -0.8160923E-01 -0.9318376E-01 -0.1044449 -0.1149802 -0.1250798 -0.1371674 -0.1598379 -0.2021095 -0.2021095 -9999.000 -9999.000 -9999.000 -9999.000 -9999.000 -9999.000 -9999.000 -9999.000 -9999.000 -9999.000 -9999.000 -9999.000 -9999.000 -9999.000 -9999.000 -9999.000 -9999.000 -9999.000 -9999.000 -9999.000 -9999.000 -9999.000 -9999.000 -9999.000 -9999.000 -9999.000 -9999.000 -9999.000
-9999.000 -9999.000 -9999.000 -9999.000 -9999.000 -9999.000 -9999.000 -9999.000 -9999.000 -9999.000 -9999.000 -9999.000 -9999.000 -9999.000 -9999.000 -0.5848277E-01 -0.3432302E-01 -0.2577950E-01 -0.2941485E-01 -0.3917910E-01 -0.5135930E-01 -0.6493240E-01 -0.7924052E-01 -0.9227401E-01 -0.1050023 -0.1169075 -0.1283336 -0.1420911 -0.1681617 -0.2207142 -0.2207142 -9999.000 -9999.000 -9999.000 -9999.000 -9999.000 -9999.000 -9999.000 -9999.000 -9999.000 -9999.000 -9999.000 -9999.000 -9999.000 -9999.000 -9999.000 -9999.000 -9999.000 -9999.000 -9999.000 -9999.000 -9999.000 -9999.000 -9999.000 -9999.000 -9999.000 -9999.000 -9999.000 -9999.000
-9999.000 -9999.000 -9999.000 -9999.000 -9999.000 -9999.000 -9999.000 -9999.000 -9999.000 -9999.000 -9999.000 -9999.000 -9999.000 -9999.000 -9999.000 -0.5243406E-01 -0.2623793E-01 -0.1685564E-01 -0.2094528E-01 -0.3189658E-01 -0.4551779E-01 -0.6068944E-01 -0.7669164E-01 -0.9120002E-01 -0.1054279 -0.1187272 -0.1315083 -0.1470207 -0.1768125 -0.2420954 -0.2420954 -9999.000 -9999.000 -9999.000 -9999.000 -9999.000 -9999.000 -9999.000 -9999.000 -9999.000 -9999.000 -9999.000 -9999.000 -9999.000 -9999.000 -9999.000 -9999.000 -9999.000 -9999.000 -9999.000 -9999.000 -9999.000 -9999.000 -9999.000 -9999.000 -9999.000 -9999.000 -9999.000 -9999.000
-9999.000 -9999.000 -9999.000 -9999.000 -9999.000 -9999.000 -9999.000 -9999.000 -9999.000 -9999.000 -9999.000 -9999.000 -9999.000 -9999.000 -9999.000 -0.4586355E-01 -0.1771109E-01 -0.7496755E-02 -0.1206423E-01 -0.2425262E-01 -0.3935839E-01 -0.5617191E-01 -0.7391274E-01 -0.8990329E-01 -0.1056589 -0.1203678 -0.1345244 -0.1518805 -0.1857693 -0.2670606 -0.2670606 -9999.000 -9999.000 -9999.000 -9999.000 -9999.000 -9999.000 -9999.000 -9999.000 -9999.000 -9999.000 -9999.000 -9999.000 -9999.000 -9999.000 -9999.000 -9999.000 -9999.000 -9999.000 -9999.000 -9999.000 -9999.000 -9999.000 -9999.000 -9999.000 -9999.000 -9999.000 -9999.000 -9999.000
-9999.000 -9999.000 -9999.000 -9999.000 -9999.000 -9999.000 -9999.000 -9999.000 -9999.000 -9999.000 -9999.000 -9999.000 -9999.000 -9999.000 -9999.000 -0.3843459E-01 -0.8500624E-02 0.2435909E-02 -0.2723635E-02 -0.1622267E-01 -0.3286491E-01 -0.5136313E-01 -0.7088076E-01 -0.8834326E-01 -0.1056403 -0.1217553 -0.1372896 -0.1565761 -0.1949998 -0.2968048 -0.2968048 -9999.000 -9999.000 -9999.000 -9999.000 -9999.000 -9999.000 -9999.000 -9999.000 -9999.000 -9999.000 -9999.000 -9999.000 -9999.000 -9999.000 -9999.000 -9999.000 -9999.000 -9999.000 -9999.000 -9999.000 -9999.000 -9999.000 -9999.000 -9999.000 -9999.000 -9999.000 -9999.000 -9999.000
-9999.000 -9999.000 -9999.000 -9999.000 -9999.000 -9999.000 -9999.000 -9999.000 -9999.000 -9999.000 -9999.000 -9999.000 -9999.000 -9999.000 -9999.000 -0.2506547E-02 0.1051307E-01 0.1183353E-01 0.1056190E-02 -0.1405575E-01 -0.3152524E-01 -0.5092611E-01 -0.7141946E-01 -0.8955390E-01 -0.1077059 -0.1246005 -0.1409764 -0.1618014 -0.2046788 -0.3309920 -0.3309920 -9999.000 -9999.000 -9999.000 -9999.000 -9999.000 -9999.000 -9999.000 -9999.000 -9999.000 -9999.000 -9999.000 -9999.000 -9999.000 -9999.000 -9999.000 -9999.000 -9999.000 -9999.000 -9999.000 -9999.000 -9999.000 -9999.000 -9999.000 -9999.000 -9999.000 -9999.000 -9999.000 -9999.000
-0.3816954E-02 -0.3816954E-02 -0.4848190E-02 -0.6450602E-02 -0.6392858E-02 -0.6392858E-02 -0.6350280E-02 -0.6295377E-02 -0.6295377E-02 -0.6267346E-02 -0.6267346E-02 -0.6242304E-02 -0.6226662E-02 -0.6208835E-02 -0.6189418E-02 -0.6189418E-02 0.2173687E-01 0.1760172E-01 0.4682891E-02 -0.1414761E-01 -0.3754601E-01 -0.6450647E-01 -0.9380733E-01 -0.1233763 -0.1525179 -0.1801793 -0.2058481 -0.2309093 -0.2627034 -0.3353338 -0.3353338 -0.1864739 -0.1004643 -0.3533667E-01 -0.2677451E-01 -0.2677451E-01 -0.2069550E-01 -0.2069550E-01 -0.9620467E-02 -0.9620467E-02 0.6091805E-03 0.2445774E-01 0.2445774E-01 0.1889697E-01 0.1889697E-01 -0.3642037E-02 -0.3642037E-02 -0.3642037E-02 -0.1340407E-03 -0.1340407E-03 0.7653220E-03 0.7653220E-03 0.2673126E-04 0.2673126E-04 -0.1142029E-02 -0.1142029E-02 -0.2323276E-02 -0.2323276E-02 -0.2323276E-02
-0.5474445E-02 -0.5474445E-02 -0.7488916E-02 -0.9164661E-02 -0.8999259E-02 -0.8999259E-02 -0.8915951E-02 -0.8854224E-02 -0.8854224E-02 -0.8838845E-02 -0.8838845E-02 -0.8823156E-02 -0.8810628E-02 -0.8795531E-02 -0.8778065E-02 -0.8778065E-02 0.1732442E-01 0.1375886E-01 0.3007853E-03 -0.2273156E-01 -0.5385261E-01 -0.9125961E-01 -0.1332026 -0.1782856 -0.2242988 -0.2696455 -0.3126782 -0.3516109 -0.3843139 -0.4073800 -0.4073800 -0.2768522 -0.1846225 -0.9709540E-01 -0.7996137E-01 -0.7996137E-01 -0.5830917E-01 -0.5830917E-01 -0.1995571E-01 -0.1995571E-01 0.1096053E-01 0.7799598E-01 0.7799598E-01 0.8438693E-01 0.8438693E-01 0.1746745E-01 0.1746745E-01 0.1746745E-01 0.7691080E-02 0.7691080E-02 0.2437939E-02 0.2437939E-02 -0.1874296E-02 -0.1874296E-02 -0.5509859E-02 -0.5509859E-02 -0.8338071E-02 -0.8338071E-02 -0.8338071E-02
-0.3688829E-02 -0.3688829E-02 -0.7040030E-02 -0.7732226E-02 -0.7568077E-02 -0.7568077E-02 -0.7493705E-02 -0.7474327E-02 -0.7474327E-02 -0.7492105E-02 -0.7492105E-02 -0.7498188E-02 -0.7496454E-02 -0.7493196E-02 -0.7488686E-02 -0.7488686E-02 0.1031285E-01 0.6515697E-02 -0.7307672E-02 -0.3090590E-01 -0.6319502E-01 -0.1027429 -0.1481177 -0.1981652 -0.2511995 -0.3057137 -0.3600983 -0.4123909 -0.4597616 -0.4957649 -0.4957649 -0.4110519 -0.3310794 -0.2214267 -0.1864463 -0.1864463 -0.1245940 -0.1245940 -0.3149300E-01 -0.3149300E-01 0.3128434E-01 0.1515725 0.1515725 0.1871936 0.1871936 0.7316752E-01 0.7316752E-01 0.7316752E-01 0.2925369E-01 0.2925369E-01 0.6437251E-02 0.6437251E-02 -0.6637843E-02 -0.6637843E-02 -0.1490648E-01 -0.1490648E-01 -0.1996006E-01 -0.1996006E-01 -0.1996006E-01
-0.1994958E-02 -0.1994958E-02 -0.6438895E-02 -0.6239135E-02 -0.6047082E-02 -0.6047082E-02 -0.5972193E-02 -0.5971950E-02 -0.5971950E-02 -0.5995896E-02 -0.5995896E-02 -0.5999991E-02 -0.5998030E-02 -0.5995316E-02 -0.5992601E-02 -0.5992601E-02 0.3266048E-02 -0.2650174E-02 -0.1807085E-01 -0.4278611E-01 -0.7594747E-01 -0.1164017 -0.1629513 -0.2146045 -0.2701235 -0.3283060 -0.3878740 -0.4472043 -0.5037235 -0.5512210 -0.5512210 -0.5125850 -0.4561132 -0.3497115 -0.3020972 -0.3020972 -0.1912401 -0.1912401 -0.2847666E-01 -0.2847666E-01 0.6360422E-01 0.2135445 0.2135445 0.2636229 0.2636229 0.1347934 0.1347934 0.1347934 0.5826015E-01 0.5826015E-01 0.1345142E-01 0.1345142E-01 -0.1177723E-01 -0.1177723E-01 -0.2621633E-01 -0.2621633E-01 -0.3383426E-01 -0.3383426E-01 -0.3383426E-01
-0.4488282E-03 -0.4488282E-03 -0.5628237E-02 -0.4771878E-02 -0.4544967E-02 -0.4544967E-02 -0.4462879E-02 -0.4467507E-02 -0.4467507E-02 -0.4493793E-02 -0.4493793E-02 -0.4498694E-02 -0.4497375E-02 -0.4495657E-02 -0.4493966E-02 -0.4493966E-02 -0.3858327E-02 -0.1359426E-01 -0.3209664E-01 -0.5910554E-01 -0.9390320E-01 -0.1355574 -0.1830838 -0.2356242 -0.2922233 -0.3519170 -0.4136970 -0.4763036 -0.5376777 -0.5926805 -0.5926805 -0.5885236 -0.5567214 -0.4638716 -0.4043973 -0.4043973 -0.2323531 -0.2323531 -0.2911561E-02 -0.2911561E-02 0.1036080 0.2523775 0.2523775 0.3030064 0.3030064 0.1864241 0.1864241 0.1864241 0.8991739E-01 0.8991739E-01 0.2454855E-01 0.2454855E-01 -0.1442392E-01 -0.1442392E-01 -0.3639694E-01 -0.3639694E-01 -0.4720076E-01 -0.4720076E-01 -0.4720076E-01
0.6996505E-03 0.6996505E-03 -0.4495434E-02 -0.3258133E-02 -0.3032106E-02 -0.3032106E-02 -0.2960813E-02 -0.2970579E-02 -0.2970579E-02 -0.2994038E-02 -0.2994038E-02 -0.2999354E-02 -0.2998950E-02 -0.2998053E-02 -0.2996982E-02 -0.2996982E-02 -0.1152795E-01 -0.2662041E-01 -0.4976066E-01 -0.8042986E-01 -0.1179138 -0.1614349 -0.2102171 -0.2635764 -0.3208022 -0.3811572 -0.4438542 -0.5079168 -0.5717438 -0.6312963 -0.6312963 -0.6506784 -0.6396295 -0.5552044 -0.4751675 -0.4751675 -0.2278768 -0.2278768 0.3687456E-01 0.3687456E-01 0.1374459 0.2639883 0.2639883 0.3098331 0.3098331 0.2203951 0.2203951 0.2203951 0.1195004 0.1195004 0.3918673E-01 0.3918673E-01 -0.1328734E-01 -0.1328734E-01 -0.4376648E-01 -0.4376648E-01 -0.5847722E-01 -0.5847722E-01 -0.5847722E-01
0.7299123E-03 0.7299123E-03 -0.2535810E-02 -0.1649208E-02 -0.1509316E-02 -0.1509316E-02 -0.1471833E-02 -0.1483067E-02 -0.1483067E-02 -0.1496648E-02 -0.1496648E-02 -0.1499741E-02 -0.1499615E-02 -0.1499101E-02 -0.1498644E-02 -0.1498644E-02 -0.2046846E-01 -0.4244694E-01 -0.7183042E-01 -0.1076340 -0.1490134 -0.1952651 -0.2457939 -0.3001179 -0.3577798 -0.4182992 -0.4811342 -0.5455761 -0.6104082 -0.6724475 -0.6724475 -0.7068967 -0.7102259 -0.6118746 -0.4930954 -0.4930954 -0.1781020 -0.1781020 0.7151940E-01 0.7151940E-01 0.1526492 0.2519872 0.2519872 0.2935267 0.2935267 0.2347821 0.2347821 0.2347821 0.1424275 0.1424275 0.5532083E-01 0.5532083E-01 -0.8288846E-02 -0.8288846E-02 -0.4738844E-01 -0.4738844E-01 -0.6654716E-01 -0.6654716E-01 -0.6654716E-01
0.5723122E-08 0.5723122E-08 -0.3678467E-07 -0.1894933E-06 -0.3704150E-06 -0.3704150E-06 -0.1127745E-06 0.8490181E-07 0.8490181E-07 0.2387704E-06 0.2387704E-06 0.1767941E-07 -0.5127022E-07 -0.1612457E-06 -0.9249491E-07 -0.9249491E-07 -0.3171809E-01 -0.6228267E-01 -0.9960638E-01 -0.1420786 -0.1886269 -0.2385587 -0.2914307 -0.3469725 -0.4049898 -0.4652879 -0.5276110 -0.5915442 -0.6562126 -0.7189046 -0.7189046 -0.7611457 -0.7687936 -0.6111657 -0.4401028 -0.4401028 -0.1095919 -0.1095919 0.8662066E-01 0.8662066E-01 0.1467141 0.2243089 0.2243089 0.2632841 0.2632841 0.2315389 0.2315389 0.2315389 0.1552702 0.1552702 0.6993869E-01 0.6993869E-01 -0.4058614E-03 -0.4058614E-03 -0.4694103E-01 -0.4694103E-01 -0.7057376E-01 -0.7057376E-01 -0.7057376E-01
-0.7299316E-03 -0.7299316E-03 0.2535835E-02 0.1648898E-02 0.1509002E-02 0.1509002E-02 0.1471686E-02 0.1483176E-02 0.1483176E-02 0.1497115E-02 0.1497115E-02 0.1499712E-02 0.1499499E-02 0.1498840E-02 0.1498385E-02 0.1498385E-02 -0.4680464E-01 -0.8803049E-01 -0.1351548 -0.1858625 -0.2388231 -0.2933453 -0.3491371 -0.4061522 -0.4644689 -0.5241939 -0.5853836 -0.6479418 -0.7112528 -0.7722628 -0.7722628 -0.8133117 -0.8052579 -0.5286899 -0.3278386 -0.3278386 -0.5511205E-01 -0.5511205E-01 0.8141576E-01 0.8141576E-01 0.1257949 0.1888901 0.1888901 0.2259292 0.2259292 0.2144693 0.2144693 0.2144693 0.1565515 0.1565515 0.7997962E-01 0.7997962E-01 0.8597136E-02 0.8597136E-02 -0.4270354E-01 -0.4270354E-01 -0.7001985E-01 -0.7001985E-01 -0.7001985E-01
-0.6995091E-03 -0.6995091E-03 0.4495488E-02 0.3257948E-02 0.3031959E-02 0.3031959E-02 0.2960834E-02 0.2970754E-02 0.2970754E-02 0.2994203E-02 0.2994203E-02 0.2999429E-02 0.2998863E-02 0.2997879E-02 0.2996797E-02 0.2996797E-02 -0.6811019E-01 -0.1226697 -0.1816767 -0.2421617 -0.3026222 -0.3624460 -0.4215477 -0.4801443 -0.5386063 -0.5973505 -0.6567565 -0.7170354 -0.7775296 -0.8324030 -0.8324030 -0.8542373 -0.7874532 -0.3772722 -0.2062221 -0.2062221 -0.2810555E-01 -0.2810555E-01 0.6420215E-01 0.6420215E-01 0.9837718E-01 0.1513393 0.1513393 0.1857171 0.1857171 0.1875865 0.1875865 0.1875865 0.1467148 0.1467148 0.8320894E-01 0.8320894E-01 0.1660545E-01 0.1660545E-01 -0.3550480E-01 -0.3550480E-01 -0.6472623E-01 -0.6472623E-01 -0.6472623E-01
0.4488647E-03 0.4488647E-03 0.5627987E-02 0.4771565E-02 0.4544824E-02 0.4544824E-02 0.4463173E-02 0.4467625E-02 0.4467625E-02 0.4493785E-02 0.4493785E-02 0.4498621E-02 0.4497246E-02 0.4495603E-02 0.4493899E-02 0.4493899E-02 -0.9959728E-01 -0.1709909 -0.2441662 -0.3157946 -0.3844770 -0.4498844 -0.5122721 -0.5722024 -0.6303783 -0.6875384 -0.7443805 -0.8013349 -0.8565375 -0.8926779 -0.8926779 -0.8485914 -0.6602482 -0.2226659 -0.1211710 -0.1211710 -0.2114963E-01 -0.2114963E-01 0.4358501E-01 0.4358501E-01 0.7056005E-01 0.1147097 0.1147097 0.1450360 0.1450360 0.1543430 0.1543430 0.1543430 0.1275488 0.1275488 0.7875401E-01 0.7875401E-01 0.2178494E-01 0.2178494E-01 -0.2649729E-01 -0.2649729E-01 -0.5494844E-01 -0.5494844E-01 -0.5494844E-01
0.1994877E-02 0.1994877E-02 0.6438579E-02 0.6238813E-02 0.6047096E-02 0.6047096E-02 0.5972502E-02 0.5972144E-02 0.5972144E-02 0.5995958E-02 0.5995958E-02 0.5999984E-02 0.5997941E-02 0.5995302E-02 0.5992476E-02 0.5992476E-02 -0.1483499 -0.2410571 -0.3306580 -0.4142513 -0.4911174 -0.5615881 -0.6264881 -0.6868524 -0.7437776 -0.7983407 -0.8515458 -0.9036598 -0.9465896 -0.9193541 -0.9193541 -0.7163399 -0.4188723 -0.1222472 -0.7879299E-01 -0.7879299E-01 -0.2156265E-01 -0.2156265E-01 0.2465123E-01 0.2465123E-01 0.4541796E-01 0.8042914E-01 0.8042914E-01 0.1052817 0.1052817 0.1175143 0.1175143 0.1175143 0.1015099 0.1015099 0.6715132E-01 0.6715132E-01 0.2311847E-01 0.2311847E-01 -0.1684181E-01 -0.1684181E-01 -0.4135880E-01 -0.4135880E-01 -0.4135880E-01
