simulation_files/asc/Velocity____269.0.asc
NCOLS        79
NROWS        79
XLLCENTER         -1.500000
YLLCENTER         -4.800000
CELLSIZE           0.100
NODATA_VALUE     -9999.0
[rows 0 to 26 of 79, columns 0 to 59 of 79]
-9999.000 -9999.000 -9999.000 -9999.000 -9999.000 -9999.000 -9999.000 -9999.000 -9999.000 -9999.000 -9999.000 -9999.000 -9999.000 -9999.000 -9999.000 0.9280975E-01 0.9008208E-01 0.8919147E-01 0.8936860E-01 0.9032870E-01 0.9150905E-01 0.9263212E-01 0.9357820E-01 0.9423907E-01 0.9467934E-01 0.9492828E-01 0.9505799E-01 0.9527195E-01 0.9616330E-01 0.9717180E-01 0.9717180E-01 -9999.000 -9999.000 -9999.000 -9999.000 -9999.000 -9999.000 -9999.000 -9999.000 -9999.000 -9999.000 -9999.000 -9999.000 -9999.000 -9999.000 -9999.000 -9999.000 -9999.000 -9999.000 -9999.000 -9999.000 -9999.000 -9999.000 -9999.000 -9999.000 -9999.000 -9999.000 -9999.000 -9999.000 -9999.000
-9999.000 -9999.000 -9999.000 -9999.000 -9999.000 -9999.000 -9999.000 -9999.000 -9999.000 -9999.000 -9999.000 -9999.000 -9999.000 -9999.000 -9999.000 0.9266074E-01 0.8702021E-01 0.8522671E-01 0.8563259E-01 0.8760887E-01 0.9003043E-01 0.9236978E-01 0.9440219E-01 0.9589828E-01 0.9697352E-01 0.9767411E-01 0.9814405E-01 0.9883010E-01 0.1010414 0.1037984 0.1037984 -9999.000 -9999.000 -9999.000 -9999.000 -9999.000 -9999.000 -9999.000 -9999.000 -9999.000 -9999.000 -9999.000 -9999.000 -9999.000 -9999.000 -9999.000 -9999.000 -9999.000 -9999.000 -9999.000 -9999.000 -9999.000 -9999.000 -9999.000 -9999.000 -9999.000 -9999.000 -9999.000 -9999.000 -9999.000
-9999.000 -9999.000 -9999.000 -9999.000 -9999.000 -9999.000 -9999.000 -9999.000 -9999.000 -9999.000 -9999.000 -9999.000 -9999.000 -9999.000 -9999.000 0.9137932E-01 0.8259545E-01 0.7972115E-01 0.8034680E-01 0.8345631E-01 0.8729144E-01 0.9106337E-01 0.9445209E-01 0.9710387E-01 0.9919307E-01 0.1007711 0.1020376 0.1036784 0.1077679 0.1131095 0.1131095 -9999.000 -9999.000 -9999.000 -9999.000 -9999.000 -9999.000 -9999.000 -9999.000 -9999.000 -9999.000 -9999.000 -9999.000 -9999.000 -9999.000 -9999.000 -9999.000 -9999.000 -9999.000 -9999.000 -9999.000 -9999.000 -9999.000 -9999.000 -9999.000 -9999.000 -9999.000 -9999.000 -9999.000 -9999.000
-9999.000 -9999.000 -9999.000 -9999.000 -9999.000 -9999.000 -9999.000 -9999.000 -9999.000 -9999.000 -9999.000 -9999.000 -9999.000 -9999.000 -9999.000 0.8952335E-01 0.7763679E-01 0.7367550E-01 0.7454117E-01 0.7880756E-01 0.8407482E-01 0.8931074E-01 0.9411705E-01 0.9801921E-01 0.1012542 0.1038666 0.1060997 0.1088707 0.1150419 0.1235076 0.1235076 -9999.000 -9999.000 -9999.000 -9999.000 -9999.000 -9999.000 -9999.000 -9999.000 -9999.000 -9999.000 -9999.000 -9999.000 -9999.000 -9999.000 -9999.000 -9999.000 -9999.000 -9999.000 -9999.000 -9999.000 -9999.000 -9999.000 -9999.000 -9999.000 -9999.000 -9999.000 -9999.000 -9999.000 -9999.000
-9999.000 -9999.000 -9999.000 -9999.000 -9999.000 -9999.000 -9999.000 -9999.000 -9999.000 -9999.000 -9999.000 -9999.000 -9999.000 -9999.000 -9999.000 0.8731892E-01 0.7233417E-01 0.6729012E-01 0.6843687E-01 0.7389778E-01 0.8061605E-01 0.8733525E-01 0.9359480E-01 0.9880003E-01 0.1032549 0.1069895 0.1102838 0.1142931 0.1227066 0.1348495 0.1348495 -9999.000 -9999.000 -9999.000 -9999.000 -9999.000 -9999.000 -9999.000 -9999.000 -9999.000 -9999.000 -9999.000 -9999.000 -9999.000 -9999.000 -9999.000 -9999.000 -9999.000 -9999.000 -9999.000 -9999.000 -9999.000 -9999.000 -9999.000 -9999.000 -9999.000 -9999.000 -9999.000 -9999.000 -9999.000
-9999.000 -9999.000 -9999.000 -9999.000 -9999.000 -9999.000 -9999.000 -9999.000 -9999.000 -9999.000 -9999.000 -9999.000 -9999.000 -9999.000 -9999.000 0.8483987E-01 0.6676079E-01 0.6066199E-01 0.6216175E-01 0.6886709E-01 0.7705252E-01 0.8526486E-01 0.9299764E-01 0.9953443E-01 0.1052550 0.1101647 0.1145789 0.1199017 0.1307065 0.1471551 0.1471551 -9999.000 -9999.000 -9999.000 -9999.000 -9999.000 -9999.000 -9999.000 -9999.000 -9999.000 -9999.000 -9999.000 -9999.000 -9999.000 -9999.000 -9999.000 -9999.000 -9999.000 -9999.000 -9999.000 -9999.000 -9999.000 -9999.000 -9999.000 -9999.000 -9999.000 -9999.000 -9999.000 -9999.000 -9999.000
-9999.000 -9999.000 -9999.000 -9999.000 -9999.000 -9999.000 -9999.000 -9999.000 -9999.000 -9999.000 -9999.000 -9999.000 -9999.000 -9999.000 -9999.000 0.8209078E-01 0.6093632E-01 0.5384457E-01 0.5580732E-01 0.6381290E-01 0.7347108E-01 0.8317353E-01 0.9238709E-01 0.1002706 0.1072870 0.1134070 0.1189818 0.1256805 0.1390315 0.1605395 0.1605395 -9999.000 -9999.000 -9999.000 -9999.000 -9999.000 -9999.000 -9999.000 -9999.000 -9999.000 -9999.000 -9999.000 -9999.000 -9999.000 -9999.000 -9999.000 -9999.000 -9999.000 -9999.000 -9999.000 -9999.000 -9999.000 -9999.000 -9999.000 -9999.000 -9999.000 -9999.000 -9999.000 -9999.000 -9999.000
-9999.000 -9999.000 -9999.000 -9999.000 -9999.000 -9999.000 -9999.000 -9999.000 -9999.000 -9999.000 -9999.000 -9999.000 -9999.000 -9999.000 -9999.000 0.7904295E-01 0.5485702E-01 0.4688572E-01 0.4947302E-01 0.5882686E-01 0.6993937E-01 0.8111106E-01 0.9180143E-01 0.1010353 0.1093685 0.1167245 0.1234911 0.1316240 0.1476927 0.1751907 0.1751907 -9999.000 -9999.000 -9999.000 -9999.000 -9999.000 -9999.000 -9999.000 -9999.000 -9999.000 -9999.000 -9999.000 -9999.000 -9999.000 -9999.000 -9999.000 -9999.000 -9999.000 -9999.000 -9999.000 -9999.000 -9999.000 -9999.000 -9999.000 -9999.000 -9999.000 -9999.000 -9999.000 -9999.000 -9999.000
-9999.000 -9999.000 -9999.000 -9999.000 -9999.000 -9999.000 -9999.000 -9999.000 -9999.000 -9999.000 -9999.000 -9999.000 -9999.000 -9999.000 -9999.000 0.7564841E-01 0.4850976E-01 0.3986130E-01 0.4330854E-01 0.5402240E-01 0.6652775E-01 0.7912223E-01 0.9127049E-01 0.1018478 0.1115122 0.1201224 0.1281057 0.1377307 0.1567123 0.1913676 0.1913676 -9999.000 -9999.000 -9999.000 -9999.000 -9999.000 -9999.000 -9999.000 -9999.000 -9999.000 -9999.000 -9999.000 -9999.000 -9999.000 -9999.000 -9999.000 -9999.000 -9999.000 -9999.000 -9999.000 -9999.000 -9999.000 -9999.000 -9999.000 -9999.000 -9999.000 -9999.000 -9999.000 -9999.000 -9999.000
-9999.000 -9999.000 -9999.000 -9999.000 -9999.000 -9999.000 -9999.000 -9999.000 -9999.000 -9999.000 -9999.000 -9999.000 -9999.000 -9999.000 -9999.000 0.7184480E-01 0.4188279E-01 0.3293233E-01 0.3757353E-01 0.4956072E-01 0.6332366E-01 0.7725666E-01 0.9082560E-01 0.1027276 0.1137302 0.1236062 0.1328257 0.1440018 0.1661192 0.2094191 0.2094191 -9999.000 -9999.000 -9999.000 -9999.000 -9999.000 -9999.000 -9999.000 -9999.000 -9999.000 -9999.000 -9999.000 -9999.000 -9999.000 -9999.000 -9999.000 -9999.000 -9999.000 -9999.000 -9999.000 -9999.000 -9999.000 -9999.000 -9999.000 -9999.000 -9999.000 -9999.000 -9999.000 -9999.000 -9999.000
-9999.000 -9999.000 -9999.000 -9999.000 -9999.000 -9999.000 -9999.000 -9999.000 -9999.000 -9999.000 -9999.000 -9999.000 -9999.000 -9999.000 -9999.000 0.6755713E-01 0.3498134E-01 0.2647625E-01 0.3273374E-01 0.4568058E-01 0.6044507E-01 0.7557978E-01 0.9050691E-01 0.1037000 0.1160394 0.1271847 0.1376530 0.1504406 0.1759484 0.2298144 0.2298144 -9999.000 -9999.000 -9999.000 -9999.000 -9999.000 -9999.000 -9999.000 -9999.000 -9999.000 -9999.000 -9999.000 -9999.000 -9999.000 -9999.000 -9999.000 -9999.000 -9999.000 -9999.000 -9999.000 -9999.000 -9999.000 -9999.000 -9999.000 -9999.000 -9999.000 -9999.000 -9999.000 -9999.000 -9999.000
-9999.000 -9999.000 -9999.000 -9999.000 -9999.000 -9999.000 -9999.000 -9999.000 -9999.000 -9999.000 -9999.000 -9999.000 -9999.000 -9999.000 -9999.000 0.6269504E-01 0.2786811E-01 0.2140230E-01 0.2956216E-01 0.4272671E-01 0.5805588E-01 0.7418304E-01 0.9037314E-01 0.1048043 0.1184681 0.1308749 0.1425959 0.1570540 0.1862411 0.2531961 0.2531961 -9999.000 -9999.000 -9999.000 -9999.000 -9999.000 -9999.000 -9999.000 -9999.000 -9999.000 -9999.000 -9999.000 -9999.000 -9999.000 -9999.000 -9999.000 -9999.000 -9999.000 -9999.000 -9999.000 -9999.000 -9999.000 -9999.000 -9999.000 -9999.000 -9999.000 -9999.000 -9999.000 -9999.000 -9999.000
-9999.000 -9999.000 -9999.000 -9999.000 -9999.000 -9999.000 -9999.000 -9999.000 -9999.000 -9999.000 -9999.000 -9999.000 -9999.000 -9999.000 -9999.000 0.5714544E-01 0.2080384E-01 0.1954693E-01 0.2907581E-01 0.4118112E-01 0.5640563E-01 0.7321585E-01 0.9052520E-01 0.1061133 0.1210712 0.1347155 0.1476787 0.1638608 0.1970497 0.2804684 0.2804684 -9999.000 -9999.000 -9999.000 -9999.000 -9999.000 -9999.000 -9999.000 -9999.000 -9999.000 -9999.000 -9999.000 -9999.000 -9999.000 -9999.000 -9999.000 -9999.000 -9999.000 -9999.000 -9999.000 -9999.000 -9999.000 -9999.000 -9999.000 -9999.000 -9999.000 -9999.000 -9999.000 -9999.000 -9999.000
-9999.000 -9999.000 -9999.000 -9999.000 -9999.000 -9999.000 -9999.000 -9999.000 -9999.000 -9999.000 -9999.000 -9999.000 -9999.000 -9999.000 -9999.000 0.5030813E-01 0.1584239E-01 0.2483574E-01 0.3424823E-01 0.4359818E-01 0.5741473E-01 0.7407789E-01 0.9198153E-01 0.1083795 0.1244031 0.1391089 0.1531879 0.1710613 0.2085436 0.3130230 0.3130230 -9999.000 -9999.000 -9999.000 -9999.000 -9999.000 -9999.000 -9999.000 -9999.000 -9999.000 -9999.000 -9999.000 -9999.000 -9999.000 -9999.000 -9999.000 -9999.000 -9999.000 -9999.000 -9999.000 -9999.000 -9999.000 -9999.000 -9999.000 -9999.000 -9999.000 -9999.000 -9999.000 -9999.000 -9999.000
-9999.000 -9999.000 -9999.000 -9999.000 -9999.000 -9999.000 -9999.000 -9999.000 -9999.000 -9999.000 -9999.000 -9999.000 -9999.000 -9999.000 -9999.000 0.7924519E-01 0.1212510 0.1402036 0.1316592 0.1180646 0.1113004 0.1104590 0.1156122 0.1237920 0.1349417 0.1469588 0.1598749 0.1782208 0.2198275 0.3501209 0.3501209 -9999.000 -9999.000 -9999.000 -9999.000 -9999.000 -9999.000 -9999.000 -9999.000 -9999.000 -9999.000 -9999.000 -9999.000 -9999.000 -9999.000 -9999.000 -9999.000 -9999.000 -9999.000 -9999.000 -9999.000 -9999.000 -9999.000 -9999.000 -9999.000 -9999.000 -9999.000 -9999.000 -9999.000 -9999.000
2.812242 2.812242 2.809671 2.833110 2.851415 2.851415 2.854171 2.854223 2.854223 2.850715 2.850715 2.844778 2.841142 2.837159 2.833145 2.833145 2.965658 2.969474 2.970544 2.956249 2.918040 2.857977 2.775582 2.668670 2.542382 2.397097 2.236828 2.071158 1.926002 1.876334 1.876334 2.697584 2.869413 2.968945 2.993860 2.993860 3.026711 3.026711 3.008301 3.008301 2.963501 2.780187 2.780187 2.396520 2.396520 2.084549 2.084549 2.084549 2.070093 2.070093 2.102590 2.102590 2.150745 2.150745 2.200772 2.200772 2.245339 2.245339 2.245339 2.280458
2.835196 2.835196 2.836389 2.886807 2.912262 2.912262 2.926972 2.949709 2.949709 2.968403 2.968403 2.984483 2.991789 2.998703 3.005520 3.005520 3.104225 3.122110 3.137276 3.148192 3.153059 3.151329 3.140889 3.118378 3.082384 3.030258 2.960609 2.874361 2.778088 2.704668 2.704668 3.140943 3.293746 3.442994 3.483906 3.483906 3.530375 3.530375 3.530869 3.530869 3.509154 3.406043 3.406043 3.192636 3.192636 2.916093 2.916093 2.916093 2.899210 2.899210 2.933773 2.933773 2.985010 2.985010 3.037574 3.037574 3.085230 3.085230 3.085230 3.125003
2.840564 2.840564 2.837951 2.888613 2.911998 2.911998 2.927404 2.950992 2.950992 2.970291 2.970291 2.987061 2.994759 3.002088 3.009375 3.009375 3.097839 3.127663 3.154148 3.176792 3.194866 3.208489 3.217316 3.220079 3.216038 3.203495 3.180711 3.146871 3.104550 3.072170 3.072170 3.316919 3.463006 3.633385 3.683478 3.683478 3.734343 3.734343 3.722577 3.722577 3.693097 3.594745 3.594745 3.446913 3.446913 3.210638 3.210638 3.210638 3.177422 3.177422 3.199719 3.199719 3.242460 3.242460 3.288910 3.288910 3.331998 3.331998 3.331998 3.368416
2.844572 2.844572 2.839973 2.889561 2.911374 2.911374 2.927082 2.951014 2.951014 2.970314 2.970314 2.987069 2.994771 3.002109 3.009468 3.009468 3.091782 3.131660 3.168686 3.201397 3.228874 3.251043 3.268000 3.279542 3.285777 3.286402 3.280857 3.268844 3.251910 3.241401 3.241401 3.391390 3.520282 3.694736 3.748172 3.748172 3.791554 3.791554 3.755512 3.755512 3.716095 3.628000 3.628000 3.535381 3.535381 3.352639 3.352639 3.352639 3.305498 3.305498 3.313433 3.313433 3.347413 3.347413 3.388904 3.388904 3.428812 3.428812 3.428812 3.462820
2.847381 2.847381 2.842267 2.890148 2.910928 2.910928 2.926824 2.951042 2.951042 2.970327 2.970327 2.987046 2.994740 3.002076 3.009530 3.009530 3.090108 3.138650 3.185234 3.227271 3.263483 3.293493 3.317330 3.335052 3.346976 3.353377 3.354460 3.350607 3.343360 3.340470 3.340470 3.435573 3.542839 3.705861 3.752681 3.752681 3.765381 3.765381 3.698080 3.698080 3.657449 3.599710 3.599710 3.560135 3.560135 3.439463 3.439463 3.439463 3.386240 3.386240 3.379054 3.379054 3.401708 3.401708 3.436468 3.436468 3.472176 3.472176 3.472176 3.503059
2.849158 2.849158 2.844439 2.890460 2.910620 2.910620 2.926626 2.951051 2.951051 2.970328 2.970328 2.987043 2.994753 3.002112 3.009733 3.009733 3.093970 3.150456 3.205644 3.256086 3.300234 3.337506 3.367820 3.391265 3.408141 3.418845 3.423830 3.423747 3.420093 3.418411 3.418411 3.477381 3.560382 3.692559 3.716965 3.716965 3.673328 3.673328 3.590311 3.590311 3.564597 3.552664 3.552664 3.558284 3.558284 3.497763 3.497763 3.497763 3.448882 3.448882 3.429929 3.429929 3.439778 3.439778 3.465449 3.465449 3.494995 3.494995 3.494995 3.521266
2.850113 2.850113 2.846058 2.890641 2.910493 2.910493 2.926575 2.951166 2.951166 2.970482 2.970482 2.987216 2.994930 3.002289 3.010102 3.010102 3.104106 3.168387 3.231354 3.289188 3.340263 3.383942 3.420099 3.448815 3.470345 3.485065 3.493438 3.496118 3.494370 3.492030 3.492030 3.525862 3.582798 3.654907 3.634439 3.634439 3.528286 3.528286 3.469114 3.469114 3.470599 3.504851 3.504851 3.543991 3.543991 3.534794 3.534794 3.534794 3.499169 3.499169 3.474930 3.474930 3.472980 3.472980 3.487913 3.487913 3.509259 3.509259 3.509259 3.529193
2.850428 2.850428 2.846671 2.890681 2.910443 2.910443 2.926557 2.951224 2.951224 2.970555 2.970555 2.987276 2.994980 3.002328 3.010409 3.010409 3.121459 3.193912 3.264072 3.328310 3.385185 3.434183 3.475236 3.508465 3.534114 3.552512 3.564066 3.569327 3.569237 3.566033 3.566033 3.581254 3.608337 3.572351 3.488526 3.488526 3.359414 3.359414 3.361652 3.361652 3.390820 3.460397 3.460397 3.522476 3.522476 3.554013 3.554013 3.554013 3.536721 3.536721 3.514388 3.514388 3.503963 3.503963 3.507869 3.507869 3.519372 3.519372 3.519372 3.531289
2.850113 2.850113 2.846059 2.890641 2.910494 2.910494 2.926575 2.951165 2.951165 2.970482 2.970482 2.987216 2.994931 3.002289 3.010764 3.010764 3.147667 3.228959 3.305835 3.375445 3.436846 3.489845 3.534556 3.571221 3.600121 3.621568 3.635908 3.643566 3.645075 3.640679 3.640679 3.638495 3.622721 3.414637 3.281985 3.281985 3.207349 3.207349 3.280313 3.280313 3.328539 3.420142 3.420142 3.497321 3.497321 3.559580 3.559580 3.559580 3.561582 3.561582 3.546812 3.546812 3.532574 3.532574 3.526611 3.526611 3.527346 3.527346 3.527346 3.529803
2.849156 2.849156 2.844439 2.890459 2.910620 2.910620 2.926626 2.951050 2.951050 2.970327 2.970327 2.987043 2.994752 3.002112 3.011129 3.011129 3.184957 3.275835 3.358908 3.432729 3.497202 3.552656 3.599530 3.638257 3.669225 3.692770 3.709203 3.718819 3.721494 3.713522 3.713522 3.683950 3.588945 3.178061 3.059593 3.059593 3.096995 3.096995 3.217875 3.217875 3.276327 3.380733 3.380733 3.468264 3.468264 3.553253 3.553253 3.553253 3.572792 3.572792 3.568698 3.568698 3.554884 3.554884 3.541433 3.541433 3.531524 3.531524 3.531524 3.523729
2.847380 2.847380 2.842268 2.890147 2.910928 2.910928 2.926823 2.951041 2.951041 2.970328 2.970328 2.987047 2.994740 3.002076 3.011802 3.011802 3.237045 3.337940 3.426285 3.502757 3.568477 3.624506 3.671731 3.710854 3.742406 3.766792 3.784320 3.795105 3.797375 3.775930 3.775930 3.679727 3.441468 2.918154 2.885307 2.885307 3.021052 3.021052 3.163826 3.163826 3.227232 3.339384 3.339384 3.434311 3.434311 3.535697 3.535697 3.535697 3.569608 3.569608 3.576751 3.576751 3.566370 3.566370 3.548194 3.548194 3.528694 3.528694 3.528694 3.510635
2.844571 2.844571 2.839973 2.889561 2.911374 2.911374 2.927082 2.951013 2.951013 2.970314 2.970314 2.987069 2.994771 3.002109 3.012849 3.012849 3.309732 3.420220 3.512054 3.588880 3.653421 3.707661 3.753022 3.790519 3.820861 3.844535 3.861863 3.872482 3.868640 3.795306 3.795306 3.539200 3.136222 2.725234 2.774281 2.774281 2.954703 2.954703 3.106123 3.106123 3.172249 3.289871 3.289871 3.390344 3.390344 3.503388 3.503388 3.503388 3.548223 3.548223 3.565330 3.565330 3.559714 3.559714 3.539215 3.539215 3.511845 3.511845 3.511845 3.484422
