simulation_files/asc/Velocity____233.0.asc
NCOLS        79
NROWS        79
XLLCENTER         -1.500000
YLLCENTER         -4.800000
CELLSIZE           0.100
NODATA_VALUE     -9999.0
[rows 0 to 26 of 79, columns 0 to 59 of 79]
-9999.000 -9999.000 -9999.000 -9999.000 -9999.000 -9999.000 -9999.000 -9999.000 -9999.000 -9999.000 -9999.000 -9999.000 -9999.000 -9999.000 -9999.000 0.8997458E-01 0.8678249E-01 0.8547774E-01 0.8523779E-01 0.8623721E-01 0.8764628E-01 0.8900195E-01 0.9013997E-01 0.9095262E-01 0.9145171E-01 0.9171285E-01 0.9181745E-01 0.9196787E-01 0.9275656E-01 0.9374458E-01 0.9374458E-01 -9999.000 -9999.000 -9999.000 -9999.000 -9999.000 -9999.000 -9999.000 -9999.000 -9999.000 -9999.000 -9999.000 -9999.000 -9999.000 -9999.000 -9999.000 -9999.000 -9999.000 -9999.000 -9999.000 -9999.000 -9999.000 -9999.000 -9999.000 -9999.000 -9999.000 -9999.000 -9999.000 -9999.000 -9999.000
-9999.000 -9999.000 -9999.000 -9999.000 -9999.000 -9999.000 -9999.000 -9999.000 -9999.000 -9999.000 -9999.000 -9999.000 -9999.000 -9999.000 -9999.000 0.9072027E-01 0.8404372E-01 0.8139908E-01 0.8095352E-01 0.8297351E-01 0.8578711E-01 0.8852466E-01 0.9089765E-01 0.9269110E-01 0.9390773E-01 0.9467785E-01 0.9515540E-01 0.9577336E-01 0.9783226E-01 0.1005795 0.1005795 -9999.000 -9999.000 -9999.000 -9999.000 -9999.000 -9999.000 -9999.000 -9999.000 -9999.000 -9999.000 -9999.000 -9999.000 -9999.000 -9999.000 -9999.000 -9999.000 -9999.000 -9999.000 -9999.000 -9999.000 -9999.000 -9999.000 -9999.000 -9999.000 -9999.000 -9999.000 -9999.000 -9999.000 -9999.000
-9999.000 -9999.000 -9999.000 -9999.000 -9999.000 -9999.000 -9999.000 -9999.000 -9999.000 -9999.000 -9999.000 -9999.000 -9999.000 -9999.000 -9999.000 0.9053234E-01 0.8005090E-01 0.7580840E-01 0.7506023E-01 0.7818928E-01 0.8256957E-01 0.8689522E-01 0.9076792E-01 0.9387019E-01 0.9619740E-01 0.9792645E-01 0.9926198E-01 0.1008545 0.1047520 0.1100907 0.1100907 -9999.000 -9999.000 -9999.000 -9999.000 -9999.000 -9999.000 -9999.000 -9999.000 -9999.000 -9999.000 -9999.000 -9999.000 -9999.000 -9999.000 -9999.000 -9999.000 -9999.000 -9999.000 -9999.000 -9999.000 -9999.000 -9999.000 -9999.000 -9999.000 -9999.000 -9999.000 -9999.000 -9999.000 -9999.000
-9999.000 -9999.000 -9999.000 -9999.000 -9999.000 -9999.000 -9999.000 -9999.000 -9999.000 -9999.000 -9999.000 -9999.000 -9999.000 -9999.000 -9999.000 0.8984389E-01 0.7556189E-01 0.6970384E-01 0.6866636E-01 0.7292741E-01 0.7888246E-01 0.8481162E-01 0.9023154E-01 0.9472969E-01 0.9829390E-01 0.1011386 0.1035038 0.1062478 0.1121844 0.1206365 0.1206365 -9999.000 -9999.000 -9999.000 -9999.000 -9999.000 -9999.000 -9999.000 -9999.000 -9999.000 -9999.000 -9999.000 -9999.000 -9999.000 -9999.000 -9999.000 -9999.000 -9999.000 -9999.000 -9999.000 -9999.000 -9999.000 -9999.000 -9999.000 -9999.000 -9999.000 -9999.000 -9999.000 -9999.000 -9999.000
-9999.000 -9999.000 -9999.000 -9999.000 -9999.000 -9999.000 -9999.000 -9999.000 -9999.000 -9999.000 -9999.000 -9999.000 -9999.000 -9999.000 -9999.000 0.8887669E-01 0.7075693E-01 0.6327465E-01 0.6199123E-01 0.6743138E-01 0.7497487E-01 0.8251526E-01 0.8950751E-01 0.9544867E-01 0.1003184 0.1043646 0.1078530 0.1118524 0.1199803 0.1320763 0.1320763 -9999.000 -9999.000 -9999.000 -9999.000 -9999.000 -9999.000 -9999.000 -9999.000 -9999.000 -9999.000 -9999.000 -9999.000 -9999.000 -9999.000 -9999.000 -9999.000 -9999.000 -9999.000 -9999.000 -9999.000 -9999.000 -9999.000 -9999.000 -9999.000 -9999.000 -9999.000 -9999.000 -9999.000 -9999.000
-9999.000 -9999.000 -9999.000 -9999.000 -9999.000 -9999.000 -9999.000 -9999.000 -9999.000 -9999.000 -9999.000 -9999.000 -9999.000 -9999.000 -9999.000 0.8769772E-01 0.6569962E-01 0.5660751E-01 0.5516624E-01 0.6185300E-01 0.7099441E-01 0.8014131E-01 0.8871552E-01 0.9612443E-01 0.1023392 0.1076380 0.1123059 0.1176312 0.1280883 0.1444306 0.1444306 -9999.000 -9999.000 -9999.000 -9999.000 -9999.000 -9999.000 -9999.000 -9999.000 -9999.000 -9999.000 -9999.000 -9999.000 -9999.000 -9999.000 -9999.000 -9999.000 -9999.000 -9999.000 -9999.000 -9999.000 -9999.000 -9999.000 -9999.000 -9999.000 -9999.000 -9999.000 -9999.000 -9999.000 -9999.000
-9999.000 -9999.000 -9999.000 -9999.000 -9999.000 -9999.000 -9999.000 -9999.000 -9999.000 -9999.000 -9999.000 -9999.000 -9999.000 -9999.000 -9999.000 0.8630686E-01 0.6040178E-01 0.4974741E-01 0.4829956E-01 0.5631073E-01 0.6703880E-01 0.7776932E-01 0.8792078E-01 0.9680796E-01 0.1043914 0.1109764 0.1168624 0.1235707 0.1365005 0.1578106 0.1578106 -9999.000 -9999.000 -9999.000 -9999.000 -9999.000 -9999.000 -9999.000 -9999.000 -9999.000 -9999.000 -9999.000 -9999.000 -9999.000 -9999.000 -9999.000 -9999.000 -9999.000 -9999.000 -9999.000 -9999.000 -9999.000 -9999.000 -9999.000 -9999.000 -9999.000 -9999.000 -9999.000 -9999.000 -9999.000
-9999.000 -9999.000 -9999.000 -9999.000 -9999.000 -9999.000 -9999.000 -9999.000 -9999.000 -9999.000 -9999.000 -9999.000 -9999.000 -9999.000 -9999.000 0.8467118E-01 0.5485212E-01 0.4273572E-01 0.4153303E-01 0.5093462E-01 0.6319373E-01 0.7545646E-01 0.8716477E-01 0.9752871E-01 0.1064942 0.1143894 0.1215227 0.1296665 0.1452272 0.1723945 0.1723945 -9999.000 -9999.000 -9999.000 -9999.000 -9999.000 -9999.000 -9999.000 -9999.000 -9999.000 -9999.000 -9999.000 -9999.000 -9999.000 -9999.000 -9999.000 -9999.000 -9999.000 -9999.000 -9999.000 -9999.000 -9999.000 -9999.000 -9999.000 -9999.000 -9999.000 -9999.000 -9999.000 -9999.000 -9999.000
-9999.000 -9999.000 -9999.000 -9999.000 -9999.000 -9999.000 -9999.000 -9999.000 -9999.000 -9999.000 -9999.000 -9999.000 -9999.000 -9999.000 -9999.000 0.8273922E-01 0.4902850E-01 0.3564651E-01 0.3511608E-01 0.4590426E-01 0.5955476E-01 0.7325630E-01 0.8648077E-01 0.9830863E-01 0.1086607 0.1178835 0.1262870 0.1359179 0.1542891 0.1884273 0.1884273 -9999.000 -9999.000 -9999.000 -9999.000 -9999.000 -9999.000 -9999.000 -9999.000 -9999.000 -9999.000 -9999.000 -9999.000 -9999.000 -9999.000 -9999.000 -9999.000 -9999.000 -9999.000 -9999.000 -9999.000 -9999.000 -9999.000 -9999.000 -9999.000 -9999.000 -9999.000 -9999.000 -9999.000 -9999.000
-9999.000 -9999.000 -9999.000 -9999.000 -9999.000 -9999.000 -9999.000 -9999.000 -9999.000 -9999.000 -9999.000 -9999.000 -9999.000 -9999.000 -9999.000 0.8044511E-01 0.4290622E-01 0.2865488E-01 0.2953040E-01 0.4148926E-01 0.5624408E-01 0.7123084E-01 0.8590505E-01 0.9917010E-01 0.1109044 0.1214655 0.1311565 0.1423262 0.1637127 0.2062353 0.2062353 -9999.000 -9999.000 -9999.000 -9999.000 -9999.000 -9999.000 -9999.000 -9999.000 -9999.000 -9999.000 -9999.000 -9999.000 -9999.000 -9999.000 -9999.000 -9999.000 -9999.000 -9999.000 -9999.000 -9999.000 -9999.000 -9999.000 -9999.000 -9999.000 -9999.000 -9999.000 -9999.000 -9999.000 -9999.000
-9999.000 -9999.000 -9999.000 -9999.000 -9999.000 -9999.000 -9999.000 -9999.000 -9999.000 -9999.000 -9999.000 -9999.000 -9999.000 -9999.000 -9999.000 0.7770838E-01 0.3646552E-01 0.2221829E-01 0.2567447E-01 0.3808736E-01 0.5342596E-01 0.6946059E-01 0.8548449E-01 0.1001423 0.1132436 0.1251451 0.1361338 0.1488943 0.1735294 0.2262553 0.2262553 -9999.000 -9999.000 -9999.000 -9999.000 -9999.000 -9999.000 -9999.000 -9999.000 -9999.000 -9999.000 -9999.000 -9999.000 -9999.000 -9999.000 -9999.000 -9999.000 -9999.000 -9999.000 -9999.000 -9999.000 -9999.000 -9999.000 -9999.000 -9999.000 -9999.000 -9999.000 -9999.000 -9999.000 -9999.000
-9999.000 -9999.000 -9999.000 -9999.000 -9999.000 -9999.000 -9999.000 -9999.000 -9999.000 -9999.000 -9999.000 -9999.000 -9999.000 -9999.000 -9999.000 0.7443129E-01 0.2971359E-01 0.1756490E-01 0.2482778E-01 0.3623095E-01 0.5132433E-01 0.6805871E-01 0.8528667E-01 0.1012697 0.1157076 0.1289410 0.1412277 0.1556281 0.1837765 0.2490815 0.2490815 -9999.000 -9999.000 -9999.000 -9999.000 -9999.000 -9999.000 -9999.000 -9999.000 -9999.000 -9999.000 -9999.000 -9999.000 -9999.000 -9999.000 -9999.000 -9999.000 -9999.000 -9999.000 -9999.000 -9999.000 -9999.000 -9999.000 -9999.000 -9999.000 -9999.000 -9999.000 -9999.000 -9999.000 -9999.000
-9999.000 -9999.000 -9999.000 -9999.000 -9999.000 -9999.000 -9999.000 -9999.000 -9999.000 -9999.000 -9999.000 -9999.000 -9999.000 -9999.000 -9999.000 0.7047181E-01 0.2275949E-01 0.1719650E-01 0.2791276E-01 0.3659073E-01 0.5031930E-01 0.6725159E-01 0.8546048E-01 0.1026563 0.1183702 0.1329042 0.1464703 0.1625501 0.1945042 0.2755452 0.2755452 -9999.000 -9999.000 -9999.000 -9999.000 -9999.000 -9999.000 -9999.000 -9999.000 -9999.000 -9999.000 -9999.000 -9999.000 -9999.000 -9999.000 -9999.000 -9999.000 -9999.000 -9999.000 -9999.000 -9999.000 -9999.000 -9999.000 -9999.000 -9999.000 -9999.000 -9999.000 -9999.000 -9999.000 -9999.000
-9999.000 -9999.000 -9999.000 -9999.000 -9999.000 -9999.000 -9999.000 -9999.000 -9999.000 -9999.000 -9999.000 -9999.000 -9999.000 -9999.000 -9999.000 0.6470071E-01 0.1756132E-01 0.2665585E-01 0.3895879E-01 0.4395260E-01 0.5446707E-01 0.7002945E-01 0.8814854E-01 0.1058450 0.1223429 0.1378267 0.1524133 0.1700339 0.2059850 0.3069971 0.3069971 -9999.000 -9999.000 -9999.000 -9999.000 -9999.000 -9999.000 -9999.000 -9999.000 -9999.000 -9999.000 -9999.000 -9999.000 -9999.000 -9999.000 -9999.000 -9999.000 -9999.000 -9999.000 -9999.000 -9999.000 -9999.000 -9999.000 -9999.000 -9999.000 -9999.000 -9999.000 -9999.000 -9999.000 -9999.000
-9999.000 -9999.000 -9999.000 -9999.000 -9999.000 -9999.000 -9999.000 -9999.000 -9999.000 -9999.000 -9999.000 -9999.000 -9999.000 -9999.000 -9999.000 0.1018310 0.1566720 0.1839022 0.1753495 0.1491659 0.1331356 0.1241761 0.1232564 0.1282502 0.1370217 0.1481892 0.1606602 0.1781179 0.2175949 0.3427335 0.3427335 -9999.000 -9999.000 -9999.000 -9999.000 -9999.000 -9999.000 -9999.000 -9999.000 -9999.000 -9999.000 -9999.000 -9999.000 -9999.000 -9999.000 -9999.000 -9999.000 -9999.000 -9999.000 -9999.000 -9999.000 -9999.000 -9999.000 -9999.000 -9999.000 -9999.000 -9999.000 -9999.000 -9999.000 -9999.000
2.872187 2.872187 2.887544 2.890666 2.910544 2.910544 2.913162 2.912524 2.912524 2.908292 2.908292 2.901656 2.897690 2.893389 2.889183 2.889183 3.046903 3.051495 3.052680 3.047457 3.013828 2.957181 2.877558 2.773224 2.646717 2.501051 2.338974 2.169367 2.017109 1.957409 1.957409 2.778109 2.953398 3.058815 3.085928 3.085928 3.123753 3.123753 3.114033 3.114033 3.074273 2.903825 2.903825 2.588905 2.588905 2.181769 2.181769 2.181769 2.153320 2.153320 2.179996 2.179996 2.226915 2.226915 2.277296 2.277296 2.323173 2.323173 2.323173 2.360201
2.895260 2.895260 2.919958 2.945425 2.972583 2.972583 2.987248 3.009676 3.009676 3.028065 3.028065 3.043839 3.051004 3.057782 3.064580 3.064580 3.181474 3.201412 3.217389 3.230610 3.236804 3.236423 3.227777 3.207681 3.173788 3.124083 3.056691 2.972064 2.876265 2.795583 2.795583 3.229354 3.382610 3.534825 3.577287 3.577287 3.627391 3.627391 3.633090 3.633090 3.614809 3.519633 3.519633 3.334017 3.334017 3.021054 3.021054 3.021054 2.988999 2.988999 3.017824 3.017824 3.067532 3.067532 3.120453 3.120453 3.169291 3.169291 3.169291 3.210699
2.899537 2.899537 2.922791 2.947242 2.972217 2.972217 2.987580 3.010923 3.010923 3.029974 3.029974 3.046469 3.054030 3.061234 3.068520 3.068520 3.172492 3.205419 3.233548 3.258011 3.277258 3.291705 3.301364 3.305270 3.302342 3.291243 3.270152 3.238005 3.196967 3.162361 3.162361 3.401669 3.548476 3.721888 3.773761 3.773761 3.829022 3.829022 3.822290 3.822290 3.795323 3.699906 3.699906 3.563585 3.563585 3.313019 3.313019 3.313019 3.265457 3.265457 3.281005 3.281005 3.321822 3.321822 3.368582 3.368582 3.412929 3.412929 3.412929 3.451049
2.901644 2.901644 2.923628 2.947940 2.971382 2.971382 2.987138 3.010898 3.010898 3.030007 3.030007 3.046536 3.054117 3.061341 3.068721 3.068721 3.164353 3.207921 3.247263 3.282005 3.311016 3.334296 3.352144 3.364567 3.371553 3.372986 3.368371 3.357339 3.341214 3.329484 3.329484 3.475135 3.603955 3.781351 3.837021 3.837021 3.886150 3.886150 3.854479 3.854479 3.815718 3.725626 3.725626 3.637064 3.637064 3.452737 3.452737 3.452737 3.394219 3.394219 3.394572 3.394572 3.425612 3.425612 3.466884 3.466884 3.507853 3.507853 3.507853 3.543498
2.901244 2.901244 2.925487 2.947875 2.970386 2.970386 2.986565 3.010895 3.010895 3.030121 3.030121 3.046660 3.054243 3.061472 3.068990 3.068990 3.161139 3.213638 3.262998 3.307323 3.345389 3.376854 3.401856 3.420590 3.433337 3.440456 3.442208 3.438960 3.432127 3.428299 3.428299 3.519799 3.626214 3.792168 3.842056 3.842056 3.861747 3.861747 3.796252 3.796252 3.753270 3.690022 3.690022 3.651666 3.651666 3.536487 3.536487 3.536487 3.476338 3.476338 3.461834 3.461834 3.480501 3.480501 3.514223 3.514223 3.550559 3.550559 3.550559 3.582875
2.899727 2.899727 2.929557 2.947882 2.969713 2.969713 2.986132 3.010826 3.010826 3.030093 3.030093 3.046604 3.054172 3.061389 3.069084 3.069084 3.163553 3.224043 3.282264 3.335221 3.381494 3.420540 3.452332 3.477045 3.494982 3.506572 3.512303 3.512817 3.509512 3.507182 3.507182 3.563227 3.644905 3.780793 3.809617 3.809617 3.771846 3.771846 3.683503 3.683503 3.653310 3.635815 3.635815 3.642568 3.642568 3.590579 3.590579 3.590579 3.539307 3.539307 3.514553 3.514553 3.519897 3.519897 3.543689 3.543689 3.573291 3.573291 3.573291 3.600658
2.899876 2.899876 2.930990 2.947837 2.969290 2.969290 2.985856 3.010783 3.010783 3.030082 3.030082 3.046582 3.054144 3.061356 3.069310 3.069310 3.172730 3.240972 3.307109 3.367625 3.421020 3.466706 3.504587 3.534800 3.557617 3.573429 3.582717 3.586128 3.584851 3.582231 3.582231 3.613936 3.669719 3.748321 3.733371 3.733371 3.626081 3.626081 3.555031 3.555031 3.552130 3.583166 3.583166 3.624063 3.624063 3.623746 3.623746 3.623746 3.589182 3.589182 3.561443 3.561443 3.555278 3.555278 3.567713 3.567713 3.588472 3.588472 3.588472 3.609027
2.899940 2.899940 2.931438 2.947821 2.969149 2.969149 2.985765 3.010772 3.010772 3.030084 3.030084 3.046582 3.054143 3.061355 3.069677 3.069677 3.189717 3.266010 3.339371 3.406372 3.465679 3.516826 3.559772 3.594672 3.621786 3.641456 3.654101 3.660264 3.660834 3.657745 3.657745 3.671833 3.699051 3.675026 3.594260 3.594260 3.450968 3.450968 3.440204 3.440204 3.466848 3.535848 3.535848 3.600114 3.600114 3.639635 3.639635 3.639635 3.625456 3.625456 3.602043 3.602043 3.588592 3.588592 3.589854 3.589854 3.600234 3.600234 3.600234 3.612214
2.899860 2.899860 2.931049 2.947824 2.969290 2.969290 2.985859 3.010783 3.010783 3.030081 3.030081 3.046579 3.054142 3.061353 3.070183 3.070183 3.216007 3.300993 3.381039 3.453433 3.517315 3.572535 3.619237 3.657682 3.688173 3.711031 3.726613 3.735338 3.737703 3.733830 3.733830 3.731923 3.719743 3.528200 3.388815 3.388815 3.288651 3.288651 3.352954 3.352954 3.400724 3.493586 3.493586 3.573177 3.573177 3.642338 3.642338 3.642338 3.648386 3.648386 3.634575 3.634575 3.618772 3.618772 3.610589 3.610589 3.609921 3.609921 3.609921 3.611901
2.899650 2.899650 2.929810 2.947861 2.969723 2.969723 2.986146 3.010834 3.010834 3.030097 3.030097 3.046605 3.054173 3.061389 3.070923 3.070923 3.253964 3.348386 3.434539 3.511090 3.578015 3.635683 3.684562 3.725108 3.757723 3.782757 3.800530 3.811335 3.815051 3.808086 3.808086 3.781446 3.697351 3.296185 3.157010 3.157010 3.169429 3.169429 3.287952 3.287952 3.347049 3.453437 3.453437 3.543345 3.543345 3.634192 3.634192 3.634192 3.657959 3.657959 3.656216 3.656216 3.642364 3.642364 3.627560 3.627560 3.616255 3.616255 3.616255 3.607464
2.899355 2.899355 2.927570 2.947956 2.970438 2.970438 2.986592 3.010901 3.010901 3.030122 3.030122 3.046660 3.054244 3.061472 3.071976 3.071976 3.307215 3.411562 3.502898 3.582018 3.650112 3.708287 3.757460 3.798361 3.831542 3.857422 3.876318 3.888354 3.891840 3.872241 3.872241 3.785072 3.567247 3.027235 2.966760 2.966760 3.089526 3.089526 3.233180 3.233180 3.297545 3.411820 3.411820 3.509029 3.509029 3.615477 3.615477 3.615477 3.653439 3.653439 3.663740 3.663740 3.654695 3.654695 3.636280 3.636280 3.615683 3.615683 3.615683 3.596234
2.901680 2.901680 2.924281 2.947817 2.971219 2.971219 2.987010 3.010875 3.010875 3.030021 3.030021 3.046546 3.054121 3.061340 3.073145 3.073145 3.381289 3.495167 3.589894 3.669263 3.736076 3.792368 3.839598 3.878807 3.910727 3.935863 3.954547 3.966455 3.964159 3.894724 3.894724 3.658993 3.278069 2.813637 2.846413 2.846413 3.023240 3.023240 3.176012 3.176012 3.242998 3.362613 3.362613 3.465201 3.465201 3.582639 3.582639 3.582639 3.631195 3.631195 3.651811 3.651811 3.648565 3.648565 3.628943 3.628943 3.600982 3.600982 3.600982 3.571898
