simulation_files/asc/Velocity__y_20.0.asc
NCOLS        79
NROWS        79
XLLCENTER         -1.500000
YLLCENTER         -4.800000
CELLSIZE           0.100
NODATA_VALUE     -9999.0
[rows 0 to 25 of 79, columns 0 to 58 of 79]
-9999.000 -9999.000 -9999.000 -9999.000 -9999.000 -9999.000 -9999.000 -9999.000 -9999.000 -9999.000 -9999.000 -9999.000 -9999.000 -9999.000 -9999.000 -0.4617247 -0.4632455 -0.4642785 -0.4650410 -0.4658119 -0.4666589 -0.4675466 -0.4684475 -0.4693118 -0.4701347 -0.4708658 -0.4715519 -0.4726369 -0.4739839 -0.4663003 -0.4663003 -9999.000 -9999.000 -9999.000 -9999.000 -9999.000 -9999.000 -9999.000 -9999.000 -9999.000 -9999.000 -9999.000 -9999.000 -9999.000 -9999.000 -9999.000 -9999.000 -9999.000 -9999.000 -9999.000 -9999.000 -9999.000 -9999.000 -9999.000 -9999.000 -9999.000 -9999.000 -9999.000 -9999.000
-9999.000 -9999.000 -9999.000 -9999.000 -9999.000 -9999.000 -9999.000 -9999.000 -9999.000 -9999.000 -9999.000 -9999.000 -9999.000 -9999.000 -9999.000 -0.4481742 -0.4497014 -0.4515318 -0.4527194 -0.4538648 -0.4551509 -0.4565474 -0.4580241 -0.4595056 -0.4609993 -0.4624254 -0.4638843 -0.4662241 -0.4691648 -0.4547381 -0.4547381 -9999.000 -9999.000 -9999.000 -9999.000 -9999.000 -9999.000 -9999.000 -9999.000 -9999.000 -9999.000 -9999.000 -9999.000 -9999.000 -9999.000 -9999.000 -9999.000 -9999.000 -9999.000 -9999.000 -9999.000 -9999.000 -9999.000 -9999.000 -9999.000 -9999.000 -9999.000 -9999.000 -9999.000
-9999.000 -9999.000 -9999.000 -9999.000 -9999.000 -9999.000 -9999.000 -9999.000 -9999.000 -9999.000 -9999.000 -9999.000 -9999.000 -9999.000 -9999.000 -0.4306136 -0.4324353 -0.4356937 -0.4377965 -0.4397447 -0.4419077 -0.4442925 -0.4468812 -0.4495691 -0.4523714 -0.4551584 -0.4580509 -0.4622564 -0.4670117 -0.4438542 -0.4438542 -9999.000 -9999.000 -9999.000 -9999.000 -9999.000 -9999.000 -9999.000 -9999.000 -9999.000 -9999.000 -9999.000 -9999.000 -9999.000 -9999.000 -9999.000 -9999.000 -9999.000 -9999.000 -9999.000 -9999.000 -9999.000 -9999.000 -9999.000 -9999.000 -9999.000 -9999.000 -9999.000 -9999.000
-9999.000 -9999.000 -9999.000 -9999.000 -9999.000 -9999.000 -9999.000 -9999.000 -9999.000 -9999.000 -9999.000 -9999.000 -9999.000 -9999.000 -9999.000 -0.4103543 -0.4128665 -0.4179648 -0.4213996 -0.4245582 -0.4280151 -0.4318316 -0.4360027 -0.4403871 -0.4449879 -0.4496080 -0.4543534 -0.4607312 -0.4674364 -0.4355486 -0.4355486 -9999.000 -9999.000 -9999.000 -9999.000 -9999.000 -9999.000 -9999.000 -9999.000 -9999.000 -9999.000 -9999.000 -9999.000 -9999.000 -9999.000 -9999.000 -9999.000 -9999.000 -9999.000 -9999.000 -9999.000 -9999.000 -9999.000 -9999.000 -9999.000 -9999.000 -9999.000 -9999.000 -9999.000
-9999.000 -9999.000 -9999.000 -9999.000 -9999.000 -9999.000 -9999.000 -9999.000 -9999.000 -9999.000 -9999.000 -9999.000 -9999.000 -9999.000 -9999.000 -0.3874113 -0.3911673 -0.3984371 -0.4035827 -0.4083312 -0.4134581 -0.4190858 -0.4252204 -0.4316777 -0.4384315 -0.4452139 -0.4520977 -0.4608267 -0.4695522 -0.4295151 -0.4295151 -9999.000 -9999.000 -9999.000 -9999.000 -9999.000 -9999.000 -9999.000 -9999.000 -9999.000 -9999.000 -9999.000 -9999.000 -9999.000 -9999.000 -9999.000 -9999.000 -9999.000 -9999.000 -9999.000 -9999.000 -9999.000 -9999.000 -9999.000 -9999.000 -9999.000 -9999.000 -9999.000 -9999.000
-9999.000 -9999.000 -9999.000 -9999.000 -9999.000 -9999.000 -9999.000 -9999.000 -9999.000 -9999.000 -9999.000 -9999.000 -9999.000 -9999.000 -9999.000 -0.3622895 -0.3677044 -0.3773492 -0.3844939 -0.3911272 -0.3981990 -0.4058950 -0.4142314 -0.4229843 -0.4320925 -0.4412284 -0.4504274 -0.4615970 -0.4723848 -0.4251993 -0.4251993 -9999.000 -9999.000 -9999.000 -9999.000 -9999.000 -9999.000 -9999.000 -9999.000 -9999.000 -9999.000 -9999.000 -9999.000 -9999.000 -9999.000 -9999.000 -9999.000 -9999.000 -9999.000 -9999.000 -9999.000 -9999.000 -9999.000 -9999.000 -9999.000 -9999.000 -9999.000 -9999.000 -9999.000
-9999.000 -9999.000 -9999.000 -9999.000 -9999.000 -9999.000 -9999.000 -9999.000 -9999.000 -9999.000 -9999.000 -9999.000 -9999.000 -9999.000 -9999.000 -0.3354570 -0.3426646 -0.3547475 -0.3640839 -0.3728178 -0.3820282 -0.3919600 -0.4026413 -0.4138233 -0.4254143 -0.4370485 -0.4487259 -0.4624303 -0.4753608 -0.4223577 -0.4223577 -9999.000 -9999.000 -9999.000 -9999.000 -9999.000 -9999.000 -9999.000 -9999.000 -9999.000 -9999.000 -9999.000 -9999.000 -9999.000 -9999.000 -9999.000 -9999.000 -9999.000 -9999.000 -9999.000 -9999.000 -9999.000 -9999.000 -9999.000 -9999.000 -9999.000 -9999.000 -9999.000 -9999.000
-9999.000 -9999.000 -9999.000 -9999.000 -9999.000 -9999.000 -9999.000 -9999.000 -9999.000 -9999.000 -9999.000 -9999.000 -9999.000 -9999.000 -9999.000 -0.3070819 -0.3159622 -0.3304245 -0.3420758 -0.3530866 -0.3646046 -0.3769221 -0.3900827 -0.4038329 -0.4180641 -0.4324009 -0.4468116 -0.4632600 -0.4785417 -0.4213266 -0.4213266 -9999.000 -9999.000 -9999.000 -9999.000 -9999.000 -9999.000 -9999.000 -9999.000 -9999.000 -9999.000 -9999.000 -9999.000 -9999.000 -9999.000 -9999.000 -9999.000 -9999.000 -9999.000 -9999.000 -9999.000 -9999.000 -9999.000 -9999.000 -9999.000 -9999.000 -9999.000 -9999.000 -9999.000
-9999.000 -9999.000 -9999.000 -9999.000 -9999.000 -9999.000 -9999.000 -9999.000 -9999.000 -9999.000 -9999.000 -9999.000 -9999.000 -9999.000 -9999.000 -0.2770834 -0.2873707 -0.3040565 -0.3180983 -0.3315552 -0.3455722 -0.3604698 -0.3763075 -0.3928508 -0.4099938 -0.4273837 -0.4449680 -0.4645942 -0.4826851 -0.4231095 -0.4231095 -9999.000 -9999.000 -9999.000 -9999.000 -9999.000 -9999.000 -9999.000 -9999.000 -9999.000 -9999.000 -9999.000 -9999.000 -9999.000 -9999.000 -9999.000 -9999.000 -9999.000 -9999.000 -9999.000 -9999.000 -9999.000 -9999.000 -9999.000 -9999.000 -9999.000 -9999.000 -9999.000 -9999.000
-9999.000 -9999.000 -9999.000 -9999.000 -9999.000 -9999.000 -9999.000 -9999.000 -9999.000 -9999.000 -9999.000 -9999.000 -9999.000 -9999.000 -9999.000 -0.2453154 -0.2567119 -0.2753865 -0.2918507 -0.3079232 -0.3246717 -0.3424177 -0.3612335 -0.3809257 -0.4014155 -0.4224098 -0.4438592 -0.4674238 -0.4891749 -0.4293603 -0.4293603 -9999.000 -9999.000 -9999.000 -9999.000 -9999.000 -9999.000 -9999.000 -9999.000 -9999.000 -9999.000 -9999.000 -9999.000 -9999.000 -9999.000 -9999.000 -9999.000 -9999.000 -9999.000 -9999.000 -9999.000 -9999.000 -9999.000 -9999.000 -9999.000 -9999.000 -9999.000 -9999.000 -9999.000
-9999.000 -9999.000 -9999.000 -9999.000 -9999.000 -9999.000 -9999.000 -9999.000 -9999.000 -9999.000 -9999.000 -9999.000 -9999.000 -9999.000 -9999.000 -0.2117290 -0.2239957 -0.2443571 -0.2632230 -0.2820671 -0.3018070 -0.3227347 -0.3449289 -0.3682556 -0.3926920 -0.4180526 -0.4443404 -0.4730144 -0.4998446 -0.4423224 -0.4423224 -9999.000 -9999.000 -9999.000 -9999.000 -9999.000 -9999.000 -9999.000 -9999.000 -9999.000 -9999.000 -9999.000 -9999.000 -9999.000 -9999.000 -9999.000 -9999.000 -9999.000 -9999.000 -9999.000 -9999.000 -9999.000 -9999.000 -9999.000 -9999.000 -9999.000 -9999.000 -9999.000 -9999.000
-9999.000 -9999.000 -9999.000 -9999.000 -9999.000 -9999.000 -9999.000 -9999.000 -9999.000 -9999.000 -9999.000 -9999.000 -9999.000 -9999.000 -9999.000 -0.1764404 -0.1894639 -0.2111531 -0.2323317 -0.2540587 -0.2770393 -0.3015009 -0.3275222 -0.3550441 -0.3841400 -0.4147980 -0.4471765 -0.4826311 -0.5167934 -0.4649284 -0.4649284 -9999.000 -9999.000 -9999.000 -9999.000 -9999.000 -9999.000 -9999.000 -9999.000 -9999.000 -9999.000 -9999.000 -9999.000 -9999.000 -9999.000 -9999.000 -9999.000 -9999.000 -9999.000 -9999.000 -9999.000 -9999.000 -9999.000 -9999.000 -9999.000 -9999.000 -9999.000 -9999.000 -9999.000
-9999.000 -9999.000 -9999.000 -9999.000 -9999.000 -9999.000 -9999.000 -9999.000 -9999.000 -9999.000 -9999.000 -9999.000 -9999.000 -9999.000 -9999.000 -0.1396856 -0.1535216 -0.1761327 -0.1994507 -0.2240911 -0.2504937 -0.2787887 -0.3090461 -0.3413011 -0.3757774 -0.4127466 -0.4527220 -0.4972678 -0.5423624 -0.5015073 -0.5015073 -9999.000 -9999.000 -9999.000 -9999.000 -9999.000 -9999.000 -9999.000 -9999.000 -9999.000 -9999.000 -9999.000 -9999.000 -9999.000 -9999.000 -9999.000 -9999.000 -9999.000 -9999.000 -9999.000 -9999.000 -9999.000 -9999.000 -9999.000 -9999.000 -9999.000 -9999.000 -9999.000 -9999.000
-9999.000 -9999.000 -9999.000 -9999.000 -9999.000 -9999.000 -9999.000 -9999.000 -9999.000 -9999.000 -9999.000 -9999.000 -9999.000 -9999.000 -9999.000 -0.1016390 -0.1165642 -0.1396697 -0.1648672 -0.1923397 -0.2222210 -0.2545123 -0.2892672 -0.3266350 -0.3670652 -0.4112805 -0.4605165 -0.5172852 -0.5793360 -0.5602155 -0.5602155 -9999.000 -9999.000 -9999.000 -9999.000 -9999.000 -9999.000 -9999.000 -9999.000 -9999.000 -9999.000 -9999.000 -9999.000 -9999.000 -9999.000 -9999.000 -9999.000 -9999.000 -9999.000 -9999.000 -9999.000 -9999.000 -9999.000 -9999.000 -9999.000 -9999.000 -9999.000 -9999.000 -9999.000
-9999.000 -9999.000 -9999.000 -9999.000 -9999.000 -9999.000 -9999.000 -9999.000 -9999.000 -9999.000 -9999.000 -9999.000 -9999.000 -9999.000 -9999.000 -0.5977163E-01 -0.7818667E-01 -0.1020086 -0.1290859 -0.1593088 -0.1925555 -0.2287265 -0.2678858 -0.3103312 -0.3568215 -0.4087454 -0.4686436 -0.5415297 -0.6311526 -0.6613745 -0.6613745 -9999.000 -9999.000 -9999.000 -9999.000 -9999.000 -9999.000 -9999.000 -9999.000 -9999.000 -9999.000 -9999.000 -9999.000 -9999.000 -9999.000 -9999.000 -9999.000 -9999.000 -9999.000 -9999.000 -9999.000 -9999.000 -9999.000 -9999.000 -9999.000 -9999.000 -9999.000 -9999.000 -9999.000
-0.3211243E-02 -0.3211243E-02 -0.3316408E-02 -0.3548306E-02 -0.3741162E-02 -0.3741162E-02 -0.4016918E-02 -0.4945357E-02 -0.4945357E-02 -0.6799919E-02 -0.6799919E-02 -0.1084394E-01 -0.1465436E-01 -0.2072349E-01 -0.3039590E-01 -0.3039590E-01 -0.7471998E-01 -0.9750624E-01 -0.1226197 -0.1506239 -0.1819467 -0.2169636 -0.2560557 -0.2997069 -0.3487926 -0.4049684 -0.4715411 -0.5557706 -0.6712694 -0.8469681 -0.8469681 -0.7694868 -0.7072821 -0.4571682 -0.2881717 -0.2881717 -0.7271018E-01 -0.7271018E-01 -0.3968842E-01 -0.3968842E-01 -0.1074068E-01 0.2677766E-01 0.2677766E-01 0.4248133E-01 0.4248133E-01 0.3409101E-01 0.3409101E-01 0.3409101E-01 0.2683624E-01 0.2683624E-01 0.2110960E-01 0.2110960E-01 0.1637296E-01 0.1637296E-01 0.1505786E-01 0.1505786E-01 0.1094476E-01 0.1094476E-01 0.1094476E-01
-0.5314334E-02 -0.5314334E-02 -0.5302264E-02 -0.5873224E-02 -0.6416969E-02 -0.6416969E-02 -0.7179006E-02 -0.9658839E-02 -0.9658839E-02 -0.1434052E-01 -0.1434052E-01 -0.2347756E-01 -0.3114999E-01 -0.4231310E-01 -0.5860764E-01 -0.5860764E-01 -0.1093974 -0.1325607 -0.1557127 -0.1797289 -0.2056634 -0.2346776 -0.2678965 -0.3063282 -0.3509711 -0.4030367 -0.4643680 -0.5382627 -0.6280857 -0.7236369 -0.7236369 -0.5701350 -0.4465115 -0.2420789 -0.1569335 -0.1569335 -0.4966212E-01 -0.4966212E-01 -0.5356307E-01 -0.5356307E-01 -0.1591021E-01 0.5267413E-01 0.5267413E-01 0.7739013E-01 0.7739013E-01 0.6598018E-01 0.6598018E-01 0.6598018E-01 0.5276994E-01 0.5276994E-01 0.4173566E-01 0.4173566E-01 0.3250111E-01 0.3250111E-01 0.2460361E-01 0.2460361E-01 0.2087499E-01 0.2087499E-01 0.2087499E-01
-0.5297332E-02 -0.5297332E-02 -0.5550878E-02 -0.6734073E-02 -0.7740136E-02 -0.7740136E-02 -0.9117444E-02 -0.1348103E-01 -0.1348103E-01 -0.2135329E-01 -0.2135329E-01 -0.3542917E-01 -0.4609984E-01 -0.6022932E-01 -0.7884198E-01 -0.7884198E-01 -0.1308189 -0.1572503 -0.1833613 -0.2091735 -0.2351753 -0.2623042 -0.2918053 -0.3250377 -0.3633404 -0.4079660 -0.4601155 -0.5210922 -0.5905289 -0.6527359 -0.6527359 -0.5547992 -0.4608552 -0.2903291 -0.2122239 -0.2122239 -0.6978107E-01 -0.6978107E-01 -0.1556093E-01 -0.1556093E-01 0.2023904E-01 0.8939080E-01 0.8939080E-01 0.1095088 0.1095088 0.9063706E-01 0.9063706E-01 0.9063706E-01 0.7287210E-01 0.7287210E-01 0.5762758E-01 0.5762758E-01 0.4474367E-01 0.4474367E-01 0.3038304E-01 0.3038304E-01 0.2657922E-01 0.2657922E-01 0.2657922E-01
-0.5251883E-02 -0.5251883E-02 -0.5676374E-02 -0.7351001E-02 -0.8734307E-02 -0.8734307E-02 -0.1060671E-01 -0.1643137E-01 -0.1643137E-01 -0.2661750E-01 -0.2661750E-01 -0.4401794E-01 -0.5660452E-01 -0.7255665E-01 -0.9252734E-01 -0.9252734E-01 -0.1456151 -0.1745182 -0.2036342 -0.2323937 -0.2606644 -0.2887997 -0.3175921 -0.3481450 -0.3817098 -0.4194925 -0.4624505 -0.5110546 -0.5636467 -0.6061314 -0.6061314 -0.5415637 -0.4696061 -0.3216505 -0.2451864 -0.2451864 -0.8230532E-01 -0.8230532E-01 0.2936410E-01 0.2936410E-01 0.6585810E-01 0.1214482 0.1214482 0.1384434 0.1384434 0.1120459 0.1120459 0.1120459 0.8898217E-01 0.8898217E-01 0.6917379E-01 0.6917379E-01 0.5264216E-01 0.5264216E-01 0.3609856E-01 0.3609856E-01 0.2822191E-01 0.2822191E-01 0.2822191E-01
-0.5140078E-02 -0.5140078E-02 -0.5670369E-02 -0.7724546E-02 -0.9401493E-02 -0.9401493E-02 -0.1165340E-01 -0.1856002E-01 -0.1856002E-01 -0.3037093E-01 -0.3037093E-01 -0.5001180E-01 -0.6389461E-01 -0.8113430E-01 -0.1022022 -0.1022022 -0.1569791 -0.1878451 -0.2194481 -0.2509314 -0.2817824 -0.3118885 -0.3415405 -0.3713753 -0.4022628 -0.4351228 -0.4706593 -0.5089673 -0.5481314 -0.5770641 -0.5770641 -0.5322142 -0.4753420 -0.3388499 -0.2583461 -0.2583461 -0.8027790E-01 -0.8027790E-01 0.5333521E-01 0.5333521E-01 0.9203920E-01 0.1402260 0.1402260 0.1575177 0.1575177 0.1316516 0.1316516 0.1316516 0.1043257 0.1043257 0.7968538E-01 0.7968538E-01 0.5902906E-01 0.5902906E-01 0.4001793E-01 0.4001793E-01 0.2824963E-01 0.2824963E-01 0.2824963E-01
-0.4909824E-02 -0.4909824E-02 -0.5496548E-02 -0.7812424E-02 -0.9693320E-02 -0.9693320E-02 -0.1220439E-01 -0.1982619E-01 -0.1982619E-01 -0.3266818E-01 -0.3266818E-01 -0.5372802E-01 -0.6849446E-01 -0.8673221E-01 -0.1088856 -0.1088856 -0.1663666 -0.1992207 -0.2330868 -0.2669770 -0.3001956 -0.3323600 -0.3634011 -0.3935361 -0.4232008 -0.4529136 -0.4830384 -0.5133905 -0.5421095 -0.5608231 -0.5608231 -0.5261776 -0.4765509 -0.3369547 -0.2487629 -0.2487629 -0.6760940E-01 -0.6760940E-01 0.6036058E-01 0.6036058E-01 0.9825332E-01 0.1443530 0.1443530 0.1644607 0.1644607 0.1460892 0.1460892 0.1460892 0.1180011 0.1180011 0.8980409E-01 0.8980409E-01 0.6511313E-01 0.6511313E-01 0.4325459E-01 0.4325459E-01 0.2785119E-01 0.2785119E-01 0.2785119E-01
-0.4522651E-02 -0.4522651E-02 -0.5127280E-02 -0.7586697E-02 -0.9579376E-02 -0.9579376E-02 -0.1222805E-01 -0.2020938E-01 -0.2020938E-01 -0.3354162E-01 -0.3354162E-01 -0.5531411E-01 -0.7062491E-01 -0.8964820E-01 -0.1129614 -0.1129614 -0.1745587 -0.2098541 -0.2461447 -0.2823615 -0.3177447 -0.3518000 -0.3842633 -0.4150651 -0.4442790 -0.4720197 -0.4982572 -0.5224813 -0.5428407 -0.5528672 -0.5528672 -0.5210061 -0.4694856 -0.3139125 -0.2208172 -0.2208172 -0.5319258E-01 -0.5319258E-01 0.5737551E-01 0.5737551E-01 0.9225884E-01 0.1373014 0.1373014 0.1604246 0.1604246 0.1524412 0.1524412 0.1524412 0.1275470 0.1275470 0.9848613E-01 0.9848613E-01 0.7090259E-01 0.7090259E-01 0.4629211E-01 0.4629211E-01 0.2758026E-01 0.2758026E-01 0.2758026E-01
-0.3953012E-02 -0.3953012E-02 -0.4545931E-02 -0.7035499E-02 -0.9049190E-02 -0.9049190E-02 -0.1171670E-01 -0.1971649E-01 -0.1971649E-01 -0.3302963E-01 -0.3302963E-01 -0.5484366E-01 -0.7035920E-01 -0.8993725E-01 -0.1144846 -0.1144846 -0.1821299 -0.2206617 -0.2598620 -0.2985920 -0.3360983 -0.3718873 -0.4056349 -0.4371191 -0.4661521 -0.4924824 -0.5156371 -0.5346518 -0.5474339 -0.5485400 -0.5485400 -0.5122597 -0.4481617 -0.2751390 -0.1855654 -0.1855654 -0.4247018E-01 -0.4247018E-01 0.4943202E-01 0.4943202E-01 0.8058555E-01 0.1236115 0.1236115 0.1483766 0.1483766 0.1498625 0.1498625 0.1498625 0.1307392 0.1307392 0.1039129 0.1039129 0.7556196E-01 0.7556196E-01 0.4907711E-01 0.4907711E-01 0.2766384E-01 0.2766384E-01 0.2766384E-01
-0.3185862E-02 -0.3185862E-02 -0.3746527E-02 -0.6161551E-02 -0.8109889E-02 -0.8109889E-02 -0.1068350E-01 -0.1837864E-01 -0.1837864E-01 -0.3118475E-01 -0.3118475E-01 -0.5235844E-01 -0.6769036E-01 -0.8749890E-01 -0.1132717 -0.1132717 -0.1897111 -0.2325885 -0.2754360 -0.3170719 -0.3568142 -0.3942586 -0.4291250 -0.4611432 -0.4899423 -0.5149093 -0.5350140 -0.5485734 -0.5527997 -0.5423227 -0.5423227 -0.4928787 -0.4107260 -0.2320674 -0.1529298 -0.1529298 -0.3539541E-01 -0.3539541E-01 0.4010917E-01 0.4010917E-01 0.6727420E-01 0.1068113 0.1068113 0.1313974 0.1313974 0.1394976 0.1394976 0.1394976 0.1267008 0.1267008 0.1043987 0.1043987 0.7775369E-01 0.7775369E-01 0.5101311E-01 0.5101311E-01 0.2797855E-01 0.2797855E-01 0.2797855E-01
-0.2215906E-02 -0.2215906E-02 -0.2733734E-02 -0.4980752E-02 -0.6783934E-02 -0.6783934E-02 -0.9159332E-02 -0.1624943E-01 -0.1624943E-01 -0.2808065E-01 -0.2808065E-01 -0.4790045E-01 -0.6257892E-01 -0.8212604E-01 -0.1089003 -0.1089003 -0.1982055 -0.2468694 -0.2942984 -0.3393573 -0.3815304 -0.4205972 -0.4564116 -0.4887311 -0.5170267 -0.5402305 -0.5564708 -0.5628582 -0.5552769 -0.5272593 -0.5272593 -0.4558794 -0.3624722 -0.1935443 -0.1286517 -0.1286517 -0.2962201E-01 -0.2962201E-01 0.3146299E-01 0.3146299E-01 0.5440415E-01 0.8910868E-01 0.8910868E-01 0.1118889 0.1118889 0.1234424 0.1234424 0.1234424 0.1160307 0.1160307 0.9912954E-01 0.9912954E-01 0.7619274E-01 0.7619274E-01 0.5114856E-01 0.5114856E-01 0.2804936E-01 0.2804936E-01 0.2804936E-01
-0.1045367E-02 -0.1045367E-02 -0.1521830E-02 -0.3520881E-02 -0.5107075E-02 -0.5107075E-02 -0.7190582E-02 -0.1340371E-01 -0.1340371E-01 -0.2381987E-01 -0.2381987E-01 -0.4154696E-01 -0.5501128E-01 -0.7357713E-01 -0.1007043 -0.1007043 -0.2090646 -0.2653266 -0.3184191 -0.3674503 -0.4122253 -0.4528354 -0.4893687 -0.5216653 -0.5489936 -0.5695536 -0.5800554 -0.5757601 -0.5511651 -0.4997277 -0.4997277 -0.4059583 -0.3081443 -0.1597989 -0.1088479 -0.1088479 -0.2409769E-01 -0.2409769E-01 0.2403610E-01 0.2403610E-01 0.4258242E-01 0.7149738E-01 0.7149738E-01 0.9126119E-01 0.9126119E-01 0.1036306 0.1036306 0.1036306 0.1000743 0.1000743 0.8826677E-01 0.8826677E-01 0.7011095E-01 0.7011095E-01 0.4851899E-01 0.4851899E-01 0.2717055E-01 0.2717055E-01 0.2717055E-01
