simulation_files/asc/Velocity__x_325.0.asc
NCOLS        79
NROWS        79
XLLCENTER         -1.500000
YLLCENTER         -4.800000
CELLSIZE           0.100
NODATA_VALUE     -9999.0
[rows 0 to 25 of 79, columns 0 to 57 of 79]
-9999.000 -9999.000 -9999.000 -9999.000 -9999.000 -9999.000 -9999.000 -9999.000 -9999.000 -9999.000 -9999.000 -9999.000 -9999.000 -9999.000 -9999.000 0.3387196E-03 0.2129516E-02 0.5595658E-02 0.9129214E-02 0.1219627E-01 0.1460123E-01 0.1626384E-01 0.1719528E-01 0.1745457E-01 0.1709268E-01 0.1617223E-01 0.1472010E-01 0.1257457E-01 0.8981795E-02 0.4417836E-02 0.4417836E-02 -9999.000 -9999.000 -9999.000 -9999.000 -9999.000 -9999.000 -9999.000 -9999.000 -9999.000 -9999.000 -9999.000 -9999.000 -9999.000 -9999.000 -9999.000 -9999.000 -9999.000 -9999.000 -9999.000 -9999.000 -9999.000 -9999.000 -9999.000 -9999.000 -9999.000 -9999.000 -9999.000
-9999.000 -9999.000 -9999.000 -9999.000 -9999.000 -9999.000 -9999.000 -9999.000 -9999.000 -9999.000 -9999.000 -9999.000 -9999.000 -9999.000 -9999.000 0.1524884E-02 0.4508885E-02 0.9114448E-02 0.1369977E-01 0.1770747E-01 0.2088705E-01 0.2310603E-01 0.2433134E-01 0.2458752E-01 0.2390613E-01 0.2234060E-01 0.1992240E-01 0.1652674E-01 0.1152856E-01 0.5654805E-02 0.5654805E-02 -9999.000 -9999.000 -9999.000 -9999.000 -9999.000 -9999.000 -9999.000 -9999.000 -9999.000 -9999.000 -9999.000 -9999.000 -9999.000 -9999.000 -9999.000 -9999.000 -9999.000 -9999.000 -9999.000 -9999.000 -9999.000 -9999.000 -9999.000 -9999.000 -9999.000 -9999.000 -9999.000
-9999.000 -9999.000 -9999.000 -9999.000 -9999.000 -9999.000 -9999.000 -9999.000 -9999.000 -9999.000 -9999.000 -9999.000 -9999.000 -9999.000 -9999.000 0.2104475E-02 0.5734292E-02 0.1104261E-01 0.1626838E-01 0.2082353E-01 0.2443447E-01 0.2695004E-01 0.2832408E-01 0.2857409E-01 0.2772895E-01 0.2584725E-01 0.2297136E-01 0.1898715E-01 0.1326131E-01 0.6542892E-02 0.6542892E-02 -9999.000 -9999.000 -9999.000 -9999.000 -9999.000 -9999.000 -9999.000 -9999.000 -9999.000 -9999.000 -9999.000 -9999.000 -9999.000 -9999.000 -9999.000 -9999.000 -9999.000 -9999.000 -9999.000 -9999.000 -9999.000 -9999.000 -9999.000 -9999.000 -9999.000 -9999.000 -9999.000
-9999.000 -9999.000 -9999.000 -9999.000 -9999.000 -9999.000 -9999.000 -9999.000 -9999.000 -9999.000 -9999.000 -9999.000 -9999.000 -9999.000 -9999.000 0.2461814E-02 0.6497182E-02 0.1225534E-01 0.1789624E-01 0.2280837E-01 0.2670430E-01 0.2942131E-01 0.3090789E-01 0.3117879E-01 0.3026224E-01 0.2822039E-01 0.2509963E-01 0.2078339E-01 0.1460483E-01 0.7262406E-02 0.7262406E-02 -9999.000 -9999.000 -9999.000 -9999.000 -9999.000 -9999.000 -9999.000 -9999.000 -9999.000 -9999.000 -9999.000 -9999.000 -9999.000 -9999.000 -9999.000 -9999.000 -9999.000 -9999.000 -9999.000 -9999.000 -9999.000 -9999.000 -9999.000 -9999.000 -9999.000 -9999.000 -9999.000
-9999.000 -9999.000 -9999.000 -9999.000 -9999.000 -9999.000 -9999.000 -9999.000 -9999.000 -9999.000 -9999.000 -9999.000 -9999.000 -9999.000 -9999.000 0.2730679E-02 0.7072108E-02 0.1316944E-01 0.1912515E-01 0.2431090E-01 0.2842936E-01 0.3131046E-01 0.3290008E-01 0.3321207E-01 0.3227313E-01 0.3014807E-01 0.2688480E-01 0.2235649E-01 0.1584727E-01 0.7952656E-02 0.7952656E-02 -9999.000 -9999.000 -9999.000 -9999.000 -9999.000 -9999.000 -9999.000 -9999.000 -9999.000 -9999.000 -9999.000 -9999.000 -9999.000 -9999.000 -9999.000 -9999.000 -9999.000 -9999.000 -9999.000 -9999.000 -9999.000 -9999.000 -9999.000 -9999.000 -9999.000 -9999.000 -9999.000
-9999.000 -9999.000 -9999.000 -9999.000 -9999.000 -9999.000 -9999.000 -9999.000 -9999.000 -9999.000 -9999.000 -9999.000 -9999.000 -9999.000 -9999.000 0.2973533E-02 0.7588422E-02 0.1398522E-01 0.2021877E-01 0.2564678E-01 0.2996578E-01 0.3300005E-01 0.3469441E-01 0.3506286E-01 0.3413118E-01 0.3196575E-01 0.2861425E-01 0.2393491E-01 0.1714755E-01 0.8695026E-02 0.8695026E-02 -9999.000 -9999.000 -9999.000 -9999.000 -9999.000 -9999.000 -9999.000 -9999.000 -9999.000 -9999.000 -9999.000 -9999.000 -9999.000 -9999.000 -9999.000 -9999.000 -9999.000 -9999.000 -9999.000 -9999.000 -9999.000 -9999.000 -9999.000 -9999.000 -9999.000 -9999.000 -9999.000
-9999.000 -9999.000 -9999.000 -9999.000 -9999.000 -9999.000 -9999.000 -9999.000 -9999.000 -9999.000 -9999.000 -9999.000 -9999.000 -9999.000 -9999.000 0.3220859E-02 0.8110265E-02 0.1480189E-01 0.2130658E-01 0.2697183E-01 0.3148975E-01 0.3468011E-01 0.3648840E-01 0.3692948E-01 0.3602728E-01 0.3385099E-01 0.3044632E-01 0.2565163E-01 0.1860780E-01 0.9545731E-02 0.9545731E-02 -9999.000 -9999.000 -9999.000 -9999.000 -9999.000 -9999.000 -9999.000 -9999.000 -9999.000 -9999.000 -9999.000 -9999.000 -9999.000 -9999.000 -9999.000 -9999.000 -9999.000 -9999.000 -9999.000 -9999.000 -9999.000 -9999.000 -9999.000 -9999.000 -9999.000 -9999.000 -9999.000
-9999.000 -9999.000 -9999.000 -9999.000 -9999.000 -9999.000 -9999.000 -9999.000 -9999.000 -9999.000 -9999.000 -9999.000 -9999.000 -9999.000 -9999.000 0.3488848E-02 0.8671274E-02 0.1567169E-01 0.2245807E-01 0.2837005E-01 0.3309728E-01 0.3645558E-01 0.3839268E-01 0.3892517E-01 0.3807507E-01 0.3591429E-01 0.3248624E-01 0.2760427E-01 0.2031240E-01 0.1055562E-01 0.1055562E-01 -9999.000 -9999.000 -9999.000 -9999.000 -9999.000 -9999.000 -9999.000 -9999.000 -9999.000 -9999.000 -9999.000 -9999.000 -9999.000 -9999.000 -9999.000 -9999.000 -9999.000 -9999.000 -9999.000 -9999.000 -9999.000 -9999.000 -9999.000 -9999.000 -9999.000 -9999.000 -9999.000
-9999.000 -9999.000 -9999.000 -9999.000 -9999.000 -9999.000 -9999.000 -9999.000 -9999.000 -9999.000 -9999.000 -9999.000 -9999.000 -9999.000 -9999.000 0.3787617E-02 0.9293032E-02 0.1662787E-01 0.2371707E-01 0.2989460E-01 0.3485004E-01 0.3839568E-01 0.4048316E-01 0.4113111E-01 0.4035954E-01 0.3824438E-01 0.3482587E-01 0.2988645E-01 0.2235242E-01 0.1178248E-01 0.1178248E-01 -9999.000 -9999.000 -9999.000 -9999.000 -9999.000 -9999.000 -9999.000 -9999.000 -9999.000 -9999.000 -9999.000 -9999.000 -9999.000 -9999.000 -9999.000 -9999.000 -9999.000 -9999.000 -9999.000 -9999.000 -9999.000 -9999.000 -9999.000 -9999.000 -9999.000 -9999.000 -9999.000
-9999.000 -9999.000 -9999.000 -9999.000 -9999.000 -9999.000 -9999.000 -9999.000 -9999.000 -9999.000 -9999.000 -9999.000 -9999.000 -9999.000 -9999.000 0.4125553E-02 0.9992586E-02 0.1769760E-01 0.2512033E-01 0.3159138E-01 0.3680196E-01 0.4056213E-01 0.4282910E-01 0.4362462E-01 0.4296632E-01 0.4093528E-01 0.3756805E-01 0.3260928E-01 0.2484269E-01 0.1330211E-01 0.1330211E-01 -9999.000 -9999.000 -9999.000 -9999.000 -9999.000 -9999.000 -9999.000 -9999.000 -9999.000 -9999.000 -9999.000 -9999.000 -9999.000 -9999.000 -9999.000 -9999.000 -9999.000 -9999.000 -9999.000 -9999.000 -9999.000 -9999.000 -9999.000 -9999.000 -9999.000 -9999.000 -9999.000
-9999.000 -9999.000 -9999.000 -9999.000 -9999.000 -9999.000 -9999.000 -9999.000 -9999.000 -9999.000 -9999.000 -9999.000 -9999.000 -9999.000 -9999.000 0.4511241E-02 0.1078891E-01 0.1891065E-01 0.2670750E-01 0.3350992E-01 0.3901292E-01 0.4302482E-01 0.4551095E-01 0.4649714E-01 0.4599904E-01 0.4410457E-01 0.4084586E-01 0.3592207E-01 0.2794350E-01 0.1522180E-01 0.1522180E-01 -9999.000 -9999.000 -9999.000 -9999.000 -9999.000 -9999.000 -9999.000 -9999.000 -9999.000 -9999.000 -9999.000 -9999.000 -9999.000 -9999.000 -9999.000 -9999.000 -9999.000 -9999.000 -9999.000 -9999.000 -9999.000 -9999.000 -9999.000 -9999.000 -9999.000 -9999.000 -9999.000
-9999.000 -9999.000 -9999.000 -9999.000 -9999.000 -9999.000 -9999.000 -9999.000 -9999.000 -9999.000 -9999.000 -9999.000 -9999.000 -9999.000 -9999.000 0.4955581E-02 0.1170533E-01 0.2030497E-01 0.2853027E-01 0.3571514E-01 0.4156104E-01 0.4587593E-01 0.4863606E-01 0.4987286E-01 0.4960017E-01 0.4791607E-01 0.4484769E-01 0.4003915E-01 0.3188899E-01 0.1769991E-01 0.1769991E-01 -9999.000 -9999.000 -9999.000 -9999.000 -9999.000 -9999.000 -9999.000 -9999.000 -9999.000 -9999.000 -9999.000 -9999.000 -9999.000 -9999.000 -9999.000 -9999.000 -9999.000 -9999.000 -9999.000 -9999.000 -9999.000 -9999.000 -9999.000 -9999.000 -9999.000 -9999.000 -9999.000
-9999.000 -9999.000 -9999.000 -9999.000 -9999.000 -9999.000 -9999.000 -9999.000 -9999.000 -9999.000 -9999.000 -9999.000 -9999.000 -9999.000 -9999.000 0.5475010E-02 0.1277731E-01 0.2193641E-01 0.3066479E-01 0.3830247E-01 0.4456159E-01 0.4925074E-01 0.5236181E-01 0.5393376E-01 0.5397980E-01 0.5261232E-01 0.4985469E-01 0.4528361E-01 0.3703781E-01 0.2098013E-01 0.2098013E-01 -9999.000 -9999.000 -9999.000 -9999.000 -9999.000 -9999.000 -9999.000 -9999.000 -9999.000 -9999.000 -9999.000 -9999.000 -9999.000 -9999.000 -9999.000 -9999.000 -9999.000 -9999.000 -9999.000 -9999.000 -9999.000 -9999.000 -9999.000 -9999.000 -9999.000 -9999.000 -9999.000
-9999.000 -9999.000 -9999.000 -9999.000 -9999.000 -9999.000 -9999.000 -9999.000 -9999.000 -9999.000 -9999.000 -9999.000 -9999.000 -9999.000 -9999.000 0.6217432E-02 0.1427883E-01 0.2417581E-01 0.3353051E-01 0.4171089E-01 0.4845543E-01 0.5358592E-01 0.5712312E-01 0.5912049E-01 0.5959490E-01 0.5868068E-01 0.5639797E-01 0.5224137E-01 0.4402608E-01 0.2550820E-01 0.2550820E-01 -9999.000 -9999.000 -9999.000 -9999.000 -9999.000 -9999.000 -9999.000 -9999.000 -9999.000 -9999.000 -9999.000 -9999.000 -9999.000 -9999.000 -9999.000 -9999.000 -9999.000 -9999.000 -9999.000 -9999.000 -9999.000 -9999.000 -9999.000 -9999.000 -9999.000 -9999.000 -9999.000
-9999.000 -9999.000 -9999.000 -9999.000 -9999.000 -9999.000 -9999.000 -9999.000 -9999.000 -9999.000 -9999.000 -9999.000 -9999.000 -9999.000 -9999.000 0.4429773E-01 0.6731223E-01 0.7722660E-01 0.7754091E-01 0.7843758E-01 0.7810407E-01 0.7674788E-01 0.7471453E-01 0.7208463E-01 0.6892581E-01 0.6533181E-01 0.6119962E-01 0.5581392E-01 0.4662715E-01 0.2334651E-01 0.2334651E-01 -9999.000 -9999.000 -9999.000 -9999.000 -9999.000 -9999.000 -9999.000 -9999.000 -9999.000 -9999.000 -9999.000 -9999.000 -9999.000 -9999.000 -9999.000 -9999.000 -9999.000 -9999.000 -9999.000 -9999.000 -9999.000 -9999.000 -9999.000 -9999.000 -9999.000 -9999.000 -9999.000
2.733891 2.733891 2.702755 2.734756 2.754021 2.754021 2.757683 2.759117 2.759117 2.756757 2.756757 2.751834 2.748662 2.745111 2.741359 2.741359 2.830206 2.832811 2.826070 2.799738 2.754127 2.687936 2.598369 2.488957 2.359717 2.212953 2.053243 1.891159 1.753054 1.705088 1.705088 2.558641 2.730330 2.821321 2.842248 2.842248 2.865529 2.865529 2.830497 2.830497 2.776412 2.569310 2.569310 2.106375 2.106375 1.928418 1.928418 1.928418 1.935155 1.935155 1.975692 1.975692 2.025245 2.025245 2.074022 2.074022 2.116005 2.116005
2.756787 2.756787 2.731880 2.787545 2.813149 2.813149 2.828282 2.851776 2.851776 2.871066 2.871066 2.887579 2.895051 2.902093 2.908876 2.908876 2.975927 2.990354 3.002478 3.009915 3.011902 3.006374 2.990079 2.961352 2.917501 2.856637 2.778105 2.683788 2.581208 2.517979 2.517979 2.980574 3.140568 3.288843 3.327470 3.327470 3.367722 3.367722 3.358932 3.358932 3.330874 3.212107 3.212107 2.952958 2.952958 2.745508 2.745508 2.745508 2.751730 2.751730 2.793921 2.793921 2.846496 2.846496 2.898008 2.898008 2.943374 2.943374
2.760502 2.760502 2.734258 2.789711 2.812926 2.812926 2.828624 2.852974 2.852974 2.872886 2.872886 2.890068 2.897913 2.905361 2.912585 2.912585 2.974084 2.998559 3.021446 3.041026 3.056644 3.067527 3.072276 3.070085 3.059415 3.038557 3.006082 2.961878 2.909619 2.876430 2.876430 3.148874 3.304530 3.479633 3.528793 3.528793 3.574716 3.574716 3.556092 3.556092 3.521948 3.414753 3.414753 3.243873 3.243873 3.043736 3.043736 3.043736 3.034166 3.034166 3.065995 3.065995 3.110881 3.110881 3.156232 3.156232 3.196874 3.196874
2.761173 2.761173 2.732821 2.791153 2.812613 2.812613 2.828508 2.853120 2.853120 2.872965 2.872965 2.890105 2.897958 2.905427 2.912707 2.912707 2.971939 3.005320 3.037794 3.066732 3.090944 3.109799 3.122631 3.129259 3.129311 3.122237 3.107475 3.085057 3.057338 3.041690 3.041690 3.210588 3.350340 3.534210 3.588567 3.588567 3.630115 3.630115 3.590672 3.590672 3.549433 3.458252 3.458252 3.353549 3.353549 3.186659 3.186659 3.186659 3.161095 3.161095 3.180781 3.180781 3.218509 3.218509 3.259600 3.259600 3.297284 3.297284
2.763235 2.763235 2.733045 2.791567 2.811816 2.811816 2.827926 2.853063 2.853063 2.873068 2.873068 2.890238 2.898091 2.905555 2.912873 2.912873 2.973448 3.014891 3.056164 3.093674 3.125727 3.151523 3.170538 3.182679 3.187962 3.186424 3.178183 3.163778 3.145321 3.134746 3.134746 3.240822 3.357955 3.532824 3.582595 3.582595 3.599838 3.599838 3.537059 3.537059 3.498206 3.440925 3.440925 3.393571 3.393571 3.275394 3.275394 3.275394 3.238880 3.238880 3.244342 3.244342 3.272627 3.272627 3.308186 3.308186 3.342251 3.342251
2.764814 2.764814 2.733068 2.792008 2.811338 2.811338 2.827512 2.852987 2.852987 2.873101 2.873101 2.890291 2.898145 2.905605 2.912985 2.912985 2.979438 3.028597 3.077914 3.123138 3.162278 3.194407 3.219033 3.236033 3.245478 3.247563 3.242631 3.231417 3.215847 3.204402 3.204402 3.267725 3.358223 3.503004 3.533360 3.533360 3.506003 3.506003 3.437732 3.437732 3.416023 3.404569 3.404569 3.403348 3.403348 3.337350 3.337350 3.337350 3.299014 3.299014 3.291626 3.291626 3.308422 3.308422 3.336231 3.336231 3.365004 3.365004
2.765728 2.765728 2.732986 2.792255 2.811037 2.811037 2.827244 2.852940 2.852940 2.873129 2.873129 2.890330 2.898181 2.905640 2.913114 2.913114 2.990852 3.047810 3.104496 3.156467 3.201703 3.239293 3.268800 3.290106 3.303272 3.308494 3.306119 3.296829 3.282208 3.268166 3.268166 3.300747 3.361938 3.447475 3.439251 3.439251 3.366495 3.366495 3.328000 3.328000 3.333004 3.365518 3.365518 3.397886 3.397886 3.379368 3.379368 3.379368 3.348450 3.348450 3.333025 3.333025 3.338160 3.338160 3.356310 3.356310 3.377863 3.377863
2.766030 2.766030 2.732952 2.792324 2.810918 2.810918 2.827129 2.852906 2.852906 2.873137 2.873137 2.890354 2.898211 2.905670 2.913282 2.913282 3.008793 3.073933 3.137379 3.195035 3.245156 3.287024 3.320363 3.345124 3.361389 3.369327 3.369224 3.361604 3.347614 3.330981 3.330981 3.340319 3.368106 3.350581 3.291044 3.291044 3.211820 3.211820 3.233615 3.233615 3.263590 3.328764 3.328764 3.384044 3.384044 3.404759 3.404759 3.404759 3.387516 3.387516 3.370382 3.370382 3.365885 3.365885 3.373443 3.373443 3.386035 3.386035
2.765729 2.765729 2.732986 2.792256 2.811038 2.811038 2.827244 2.852940 2.852940 2.873129 2.873129 2.890330 2.898182 2.905639 2.913441 2.913441 3.034712 3.108546 3.178109 3.240226 3.293772 3.338440 3.374232 3.401262 3.419688 3.429676 3.431440 3.425335 3.412001 3.392841 3.392841 3.381436 3.363763 3.189867 3.097400 3.097400 3.077741 3.077741 3.160825 3.160825 3.207462 3.293498 3.293498 3.364364 3.364364 3.415815 3.415815 3.415815 3.414758 3.414758 3.401594 3.401594 3.391067 3.391067 3.388447 3.388447 3.390927 3.390927
2.764814 2.764814 2.733067 2.792008 2.811338 2.811338 2.827512 2.852988 2.852988 2.873100 2.873100 2.890290 2.898144 2.905604 2.913677 2.913677 3.070873 3.153792 3.228576 3.293621 3.348801 3.394449 3.430978 3.458757 3.478073 3.489131 3.492096 3.487147 3.474226 3.451003 3.451003 3.411413 3.315727 2.968081 2.902338 2.902338 2.980612 2.980612 3.102554 3.102554 3.158325 3.257421 3.257421 3.339364 3.339364 3.414193 3.414193 3.414193 3.428863 3.428863 3.423353 3.423353 3.410754 3.410754 3.399567 3.399567 3.391646 3.391646
2.763235 2.763235 2.733044 2.791565 2.811815 2.811815 2.827925 2.853064 2.853064 2.873068 2.873068 2.890237 2.898090 2.905555 2.914008 2.914008 3.120556 3.212398 3.290880 3.356744 3.411277 3.455673 3.490884 3.517593 3.536255 3.547137 3.550380 3.545953 3.532293 3.497730 3.497730 3.397119 3.165436 2.741867 2.757460 2.757460 2.909555 2.909555 3.049635 3.049635 3.110155 3.218122 3.218122 3.308164 3.308164 3.400287 3.400287 3.400287 3.428472 3.428472 3.431987 3.431987 3.420475 3.420475 3.402995 3.402995 3.385313 3.385313
