simulation_files/asc/Velocity____239.0.asc
NCOLS        79
NROWS        79
XLLCENTER         -1.500000
YLLCENTER         -4.800000
CELLSIZE           0.100
NODATA_VALUE     -9999.0
[rows 0 to 26 of 79, columns 0 to 59 of 79]
-9999.000 -9999.000 -9999.000 -9999.000 -9999.000 -9999.000 -9999.000 -9999.000 -9999.000 -9999.000 -9999.000 -9999.000 -9999.000 -9999.000 -9999.000 0.9042377E-01 0.8730586E-01 0.8606757E-01 0.8589667E-01 0.8689018E-01 0.8826075E-01 0.8957702E-01 0.9068338E-01 0.9146961E-01 0.9195945E-01 0.9221946E-01 0.9232933E-01 0.9249148E-01 0.9329796E-01 0.9429100E-01 0.9429100E-01 -9999.000 -9999.000 -9999.000 -9999.000 -9999.000 -9999.000 -9999.000 -9999.000 -9999.000 -9999.000 -9999.000 -9999.000 -9999.000 -9999.000 -9999.000 -9999.000 -9999.000 -9999.000 -9999.000 -9999.000 -9999.000 -9999.000 -9999.000 -9999.000 -9999.000 -9999.000 -9999.000 -9999.000 -9999.000
-9999.000 -9999.000 -9999.000 -9999.000 -9999.000 -9999.000 -9999.000 -9999.000 -9999.000 -9999.000 -9999.000 -9999.000 -9999.000 -9999.000 -9999.000 0.9102432E-01 0.8451378E-01 0.8200581E-01 0.8170044E-01 0.8371412E-01 0.8646317E-01 0.8913492E-01 0.9145340E-01 0.9319597E-01 0.9438989E-01 0.9514984E-01 0.9562720E-01 0.9625728E-01 0.9834158E-01 0.1010929 0.1010929 -9999.000 -9999.000 -9999.000 -9999.000 -9999.000 -9999.000 -9999.000 -9999.000 -9999.000 -9999.000 -9999.000 -9999.000 -9999.000 -9999.000 -9999.000 -9999.000 -9999.000 -9999.000 -9999.000 -9999.000 -9999.000 -9999.000 -9999.000 -9999.000 -9999.000 -9999.000 -9999.000 -9999.000 -9999.000
-9999.000 -9999.000 -9999.000 -9999.000 -9999.000 -9999.000 -9999.000 -9999.000 -9999.000 -9999.000 -9999.000 -9999.000 -9999.000 -9999.000 -9999.000 0.9065881E-01 0.8044966E-01 0.7642652E-01 0.7590399E-01 0.7903140E-01 0.8332308E-01 0.8755845E-01 0.9135496E-01 0.9438084E-01 0.9666984E-01 0.9837548E-01 0.9970044E-01 0.1013011 0.1052296 0.1105721 0.1105721 -9999.000 -9999.000 -9999.000 -9999.000 -9999.000 -9999.000 -9999.000 -9999.000 -9999.000 -9999.000 -9999.000 -9999.000 -9999.000 -9999.000 -9999.000 -9999.000 -9999.000 -9999.000 -9999.000 -9999.000 -9999.000 -9999.000 -9999.000 -9999.000 -9999.000 -9999.000 -9999.000 -9999.000 -9999.000
-9999.000 -9999.000 -9999.000 -9999.000 -9999.000 -9999.000 -9999.000 -9999.000 -9999.000 -9999.000 -9999.000 -9999.000 -9999.000 -9999.000 -9999.000 0.8978112E-01 0.7588352E-01 0.7032909E-01 0.6960351E-01 0.7386783E-01 0.7971185E-01 0.8552887E-01 0.9085322E-01 0.9525061E-01 0.9876180E-01 0.1015699 0.1039139 0.1066616 0.1126349 0.1210935 0.1210935 -9999.000 -9999.000 -9999.000 -9999.000 -9999.000 -9999.000 -9999.000 -9999.000 -9999.000 -9999.000 -9999.000 -9999.000 -9999.000 -9999.000 -9999.000 -9999.000 -9999.000 -9999.000 -9999.000 -9999.000 -9999.000 -9999.000 -9999.000 -9999.000 -9999.000 -9999.000 -9999.000 -9999.000 -9999.000
-9999.000 -9999.000 -9999.000 -9999.000 -9999.000 -9999.000 -9999.000 -9999.000 -9999.000 -9999.000 -9999.000 -9999.000 -9999.000 -9999.000 -9999.000 0.8861389E-01 0.7099699E-01 0.6390467E-01 0.6301886E-01 0.6846540E-01 0.7587641E-01 0.8328482E-01 0.9016402E-01 0.9598064E-01 0.1007836 0.1047800 0.1082365 0.1122354 0.1204072 0.1325156 0.1325156 -9999.000 -9999.000 -9999.000 -9999.000 -9999.000 -9999.000 -9999.000 -9999.000 -9999.000 -9999.000 -9999.000 -9999.000 -9999.000 -9999.000 -9999.000 -9999.000 -9999.000 -9999.000 -9999.000 -9999.000 -9999.000 -9999.000 -9999.000 -9999.000 -9999.000 -9999.000 -9999.000 -9999.000 -9999.000
-9999.000 -9999.000 -9999.000 -9999.000 -9999.000 -9999.000 -9999.000 -9999.000 -9999.000 -9999.000 -9999.000 -9999.000 -9999.000 -9999.000 -9999.000 0.8722528E-01 0.6585557E-01 0.5724202E-01 0.5628043E-01 0.6297361E-01 0.7196245E-01 0.8096013E-01 0.8940568E-01 0.9666719E-01 0.1028022 0.1080380 0.1126634 0.1179847 0.1284943 0.1448586 0.1448586 -9999.000 -9999.000 -9999.000 -9999.000 -9999.000 -9999.000 -9999.000 -9999.000 -9999.000 -9999.000 -9999.000 -9999.000 -9999.000 -9999.000 -9999.000 -9999.000 -9999.000 -9999.000 -9999.000 -9999.000 -9999.000 -9999.000 -9999.000 -9999.000 -9999.000 -9999.000 -9999.000 -9999.000 -9999.000
-9999.000 -9999.000 -9999.000 -9999.000 -9999.000 -9999.000 -9999.000 -9999.000 -9999.000 -9999.000 -9999.000 -9999.000 -9999.000 -9999.000 -9999.000 0.8561566E-01 0.6047231E-01 0.5038739E-01 0.4949338E-01 0.5750669E-01 0.6806572E-01 0.7863332E-01 0.8864287E-01 0.9736030E-01 0.1048521 0.1113614 0.1171942 0.1238958 0.1368880 0.1582344 0.1582344 -9999.000 -9999.000 -9999.000 -9999.000 -9999.000 -9999.000 -9999.000 -9999.000 -9999.000 -9999.000 -9999.000 -9999.000 -9999.000 -9999.000 -9999.000 -9999.000 -9999.000 -9999.000 -9999.000 -9999.000 -9999.000 -9999.000 -9999.000 -9999.000 -9999.000 -9999.000 -9999.000 -9999.000 -9999.000
-9999.000 -9999.000 -9999.000 -9999.000 -9999.000 -9999.000 -9999.000 -9999.000 -9999.000 -9999.000 -9999.000 -9999.000 -9999.000 -9999.000 -9999.000 0.8375265E-01 0.5483666E-01 0.4338336E-01 0.4279096E-01 0.5218700E-01 0.6426819E-01 0.7636029E-01 0.8791628E-01 0.9808911E-01 0.1069524 0.1147594 0.1218293 0.1299642 0.1455991 0.1728229 0.1728229 -9999.000 -9999.000 -9999.000 -9999.000 -9999.000 -9999.000 -9999.000 -9999.000 -9999.000 -9999.000 -9999.000 -9999.000 -9999.000 -9999.000 -9999.000 -9999.000 -9999.000 -9999.000 -9999.000 -9999.000 -9999.000 -9999.000 -9999.000 -9999.000 -9999.000 -9999.000 -9999.000 -9999.000 -9999.000
-9999.000 -9999.000 -9999.000 -9999.000 -9999.000 -9999.000 -9999.000 -9999.000 -9999.000 -9999.000 -9999.000 -9999.000 -9999.000 -9999.000 -9999.000 0.8158505E-01 0.4892780E-01 0.3630412E-01 0.3640145E-01 0.4718043E-01 0.6066054E-01 0.7419287E-01 0.8725896E-01 0.9887489E-01 0.1091162 0.1182384 0.1265688 0.1361897 0.1546488 0.1888718 0.1888718 -9999.000 -9999.000 -9999.000 -9999.000 -9999.000 -9999.000 -9999.000 -9999.000 -9999.000 -9999.000 -9999.000 -9999.000 -9999.000 -9999.000 -9999.000 -9999.000 -9999.000 -9999.000 -9999.000 -9999.000 -9999.000 -9999.000 -9999.000 -9999.000 -9999.000 -9999.000 -9999.000 -9999.000 -9999.000
-9999.000 -9999.000 -9999.000 -9999.000 -9999.000 -9999.000 -9999.000 -9999.000 -9999.000 -9999.000 -9999.000 -9999.000 -9999.000 -9999.000 -9999.000 0.7904690E-01 0.4272277E-01 0.2932294E-01 0.3075939E-01 0.4273510E-01 0.5735870E-01 0.7219082E-01 0.8670605E-01 0.9973953E-01 0.1113567 0.1218050 0.1314136 0.1425733 0.1640640 0.2067105 0.2067105 -9999.000 -9999.000 -9999.000 -9999.000 -9999.000 -9999.000 -9999.000 -9999.000 -9999.000 -9999.000 -9999.000 -9999.000 -9999.000 -9999.000 -9999.000 -9999.000 -9999.000 -9999.000 -9999.000 -9999.000 -9999.000 -9999.000 -9999.000 -9999.000 -9999.000 -9999.000 -9999.000 -9999.000 -9999.000
-9999.000 -9999.000 -9999.000 -9999.000 -9999.000 -9999.000 -9999.000 -9999.000 -9999.000 -9999.000 -9999.000 -9999.000 -9999.000 -9999.000 -9999.000 0.7605822E-01 0.3620534E-01 0.2288423E-01 0.2667370E-01 0.3921778E-01 0.5451865E-01 0.7043210E-01 0.8630312E-01 0.1007115 0.1136919 0.1254690 0.1363666 0.1491183 0.1738772 0.2267803 0.2267803 -9999.000 -9999.000 -9999.000 -9999.000 -9999.000 -9999.000 -9999.000 -9999.000 -9999.000 -9999.000 -9999.000 -9999.000 -9999.000 -9999.000 -9999.000 -9999.000 -9999.000 -9999.000 -9999.000 -9999.000 -9999.000 -9999.000 -9999.000 -9999.000 -9999.000 -9999.000 -9999.000 -9999.000 -9999.000
-9999.000 -9999.000 -9999.000 -9999.000 -9999.000 -9999.000 -9999.000 -9999.000 -9999.000 -9999.000 -9999.000 -9999.000 -9999.000 -9999.000 -9999.000 0.7252204E-01 0.2939021E-01 0.1815573E-01 0.2534599E-01 0.3712731E-01 0.5235222E-01 0.6902491E-01 0.8611542E-01 0.1018335 0.1161503 0.1292480 0.1414360 0.1558308 0.1841257 0.2496822 0.2496822 -9999.000 -9999.000 -9999.000 -9999.000 -9999.000 -9999.000 -9999.000 -9999.000 -9999.000 -9999.000 -9999.000 -9999.000 -9999.000 -9999.000 -9999.000 -9999.000 -9999.000 -9999.000 -9999.000 -9999.000 -9999.000 -9999.000 -9999.000 -9999.000 -9999.000 -9999.000 -9999.000 -9999.000 -9999.000
-9999.000 -9999.000 -9999.000 -9999.000 -9999.000 -9999.000 -9999.000 -9999.000 -9999.000 -9999.000 -9999.000 -9999.000 -9999.000 -9999.000 -9999.000 0.6830069E-01 0.2240783E-01 0.1752445E-01 0.2780315E-01 0.3711775E-01 0.5121882E-01 0.6818306E-01 0.8628432E-01 0.1032048 0.1188027 0.1331911 0.1466520 0.1627318 0.1948596 0.2762575 0.2762575 -9999.000 -9999.000 -9999.000 -9999.000 -9999.000 -9999.000 -9999.000 -9999.000 -9999.000 -9999.000 -9999.000 -9999.000 -9999.000 -9999.000 -9999.000 -9999.000 -9999.000 -9999.000 -9999.000 -9999.000 -9999.000 -9999.000 -9999.000 -9999.000 -9999.000 -9999.000 -9999.000 -9999.000 -9999.000
-9999.000 -9999.000 -9999.000 -9999.000 -9999.000 -9999.000 -9999.000 -9999.000 -9999.000 -9999.000 -9999.000 -9999.000 -9999.000 -9999.000 -9999.000 0.6236896E-01 0.1721910E-01 0.2623651E-01 0.3787530E-01 0.4351737E-01 0.5470648E-01 0.7054335E-01 0.8870240E-01 0.1061937 0.1226380 0.1380047 0.1525083 0.1701565 0.2063280 0.3078565 0.3078565 -9999.000 -9999.000 -9999.000 -9999.000 -9999.000 -9999.000 -9999.000 -9999.000 -9999.000 -9999.000 -9999.000 -9999.000 -9999.000 -9999.000 -9999.000 -9999.000 -9999.000 -9999.000 -9999.000 -9999.000 -9999.000 -9999.000 -9999.000 -9999.000 -9999.000 -9999.000 -9999.000 -9999.000 -9999.000
-9999.000 -9999.000 -9999.000 -9999.000 -9999.000 -9999.000 -9999.000 -9999.000 -9999.000 -9999.000 -9999.000 -9999.000 -9999.000 -9999.000 -9999.000 0.9812903E-01 0.1508789 0.1767662 0.1681972 0.1440109 0.1294267 0.1217732 0.1218865 0.1274227 0.1366198 0.1479447 0.1604917 0.1780797 0.2178682 0.3437660 0.3437660 -9999.000 -9999.000 -9999.000 -9999.000 -9999.000 -9999.000 -9999.000 -9999.000 -9999.000 -9999.000 -9999.000 -9999.000 -9999.000 -9999.000 -9999.000 -9999.000 -9999.000 -9999.000 -9999.000 -9999.000 -9999.000 -9999.000 -9999.000 -9999.000 -9999.000 -9999.000 -9999.000 -9999.000 -9999.000
2.861943 2.861943 2.876319 2.880807 2.900390 2.900390 2.903115 2.902956 2.902956 2.899167 2.899167 2.892835 2.888965 2.884737 2.880559 2.880559 3.034034 3.038505 3.039685 3.033016 2.998670 2.941496 2.861491 2.756711 2.630290 2.484706 2.322929 2.153940 2.002771 1.944582 1.944582 2.765186 2.939915 3.044417 3.071191 3.071191 3.108244 3.108244 3.097161 3.097161 3.056594 2.884073 2.884073 2.557530 2.557530 2.165963 2.165963 2.165963 2.139832 2.139832 2.167477 2.167477 2.214601 2.214601 2.264908 2.264908 2.310554 2.310554 2.310554 2.347254
2.884101 2.884101 2.907632 2.934839 2.961717 2.961717 2.976500 2.999359 2.999359 3.018120 3.018120 3.034137 3.041373 3.048203 3.055008 3.055008 3.168845 3.188444 3.204286 3.217150 3.223148 3.222576 3.213687 3.193222 3.159039 3.108993 3.041285 2.956440 2.860596 2.781023 2.781023 3.215086 3.368243 3.519972 3.562188 3.562188 3.611721 3.611721 3.616597 3.616597 3.597768 3.501313 3.501313 3.311301 3.311301 3.003956 3.003956 3.003956 2.974443 2.974443 3.004274 3.004274 3.054259 3.054259 3.107123 3.107123 3.155767 3.155767 3.155767 3.196903
2.888791 2.888791 2.909463 2.936464 2.961260 2.961260 2.976809 3.000594 3.000594 3.019997 3.019997 3.036719 3.044353 3.051602 3.058894 3.058894 3.160254 3.192665 3.220523 3.244696 3.263760 3.278082 3.287625 3.291355 3.288269 3.276965 3.255631 3.223246 3.182030 3.147764 3.147764 3.387860 3.534536 3.707451 3.759040 3.759040 3.813605 3.813605 3.806061 3.806061 3.778678 3.682779 3.682779 3.544701 3.544701 3.296268 3.296268 3.296268 3.251085 3.251085 3.267812 3.267812 3.308981 3.308981 3.355711 3.355711 3.399861 3.399861 3.399861 3.437705
2.891830 2.891830 2.907765 2.936840 2.960206 2.960206 2.976254 3.000542 3.000542 3.019992 3.019992 3.036709 3.044348 3.051602 3.058979 3.058979 3.152354 3.195317 3.234282 3.268705 3.297481 3.320596 3.338319 3.350614 3.357497 3.358819 3.354075 3.342907 3.326672 3.315126 3.315126 3.461422 3.590241 3.767162 3.822481 3.822481 3.870696 3.870696 3.838293 3.838293 3.799405 3.709641 3.709641 3.620527 3.620527 3.436367 3.436367 3.436367 3.379696 3.379696 3.381340 3.381340 3.412913 3.412913 3.454252 3.454252 3.495064 3.495064 3.495064 3.530448
2.893290 2.893290 2.910432 2.936783 2.959286 2.959286 2.975748 3.000507 3.000507 3.019995 3.019995 3.036691 3.044325 3.051578 3.059074 3.059074 3.149230 3.201072 3.249976 3.293934 3.331717 3.362968 3.387805 3.406404 3.419048 3.426081 3.427754 3.424440 3.417568 3.413891 3.413891 3.505942 3.612491 3.777993 3.827402 3.827402 3.845964 3.845964 3.780117 3.780117 3.737502 3.675192 3.675192 3.636739 3.636739 3.520648 3.520648 3.520648 3.461589 3.461589 3.448304 3.448304 3.467669 3.467669 3.501596 3.501596 3.537848 3.537848 3.537848 3.569938
2.891362 2.891362 2.916300 2.937338 2.959346 2.959346 2.976108 3.001245 3.001245 3.020769 3.020769 3.037446 3.045074 3.052324 3.059996 3.059996 3.152648 3.212455 3.270151 3.322673 3.368573 3.407303 3.438826 3.463302 3.481036 3.492456 3.498037 3.498428 3.495044 3.492780 3.492780 3.549242 3.631104 3.766406 3.794526 3.794526 3.755745 3.755745 3.668190 3.668190 3.638734 3.622207 3.622207 3.628848 3.628848 3.575489 3.575489 3.575489 3.524553 3.524553 3.500738 3.500738 3.506846 3.506846 3.530971 3.530971 3.560579 3.560579 3.560579 3.587775
2.891291 2.891291 2.918843 2.937167 2.958925 2.958925 2.975870 3.001250 3.001250 3.020799 3.020799 3.037465 3.045092 3.052341 3.060264 3.060264 3.162001 3.229572 3.295180 3.355250 3.408264 3.453620 3.491214 3.521178 3.543774 3.559393 3.568512 3.571784 3.570403 3.567785 3.567785 3.599769 3.655697 3.733264 3.717406 3.717406 3.610140 3.610140 3.540977 3.540977 3.538815 3.570424 3.570424 3.611075 3.611075 3.609324 3.609324 3.609324 3.574536 3.574536 3.547335 3.547335 3.541865 3.541865 3.554730 3.554730 3.575600 3.575600 3.575600 3.596056
2.891268 2.891268 2.919686 2.937108 2.958783 2.958783 2.975788 3.001249 3.001249 3.020807 3.020807 3.037467 3.045094 3.052343 3.060615 3.060615 3.179039 3.254684 3.327513 3.394060 3.452971 3.503769 3.546409 3.581038 3.607917 3.627380 3.639843 3.645855 3.646302 3.643169 3.643169 3.657393 3.684565 3.658643 3.577273 3.577273 3.436064 3.436064 3.427431 3.427431 3.454510 3.523631 3.523631 3.587551 3.587551 3.625777 3.625777 3.625777 3.611051 3.611051 3.587772 3.587772 3.574790 3.574790 3.576489 3.576489 3.587059 3.587059 3.587059 3.599025
2.891290 2.891290 2.918844 2.937167 2.958924 2.958924 2.975871 3.001251 3.001251 3.020799 3.020799 3.037465 3.045092 3.052341 3.061096 3.061096 3.205314 3.289675 3.369195 3.441130 3.504606 3.559466 3.605846 3.644006 3.674244 3.696879 3.712263 3.720816 3.723042 3.719076 3.719076 3.717105 3.704372 3.510140 3.371612 3.371612 3.275451 3.275451 3.341225 3.341225 3.389080 3.481738 3.481738 3.560927 3.560927 3.628952 3.628952 3.628952 3.634313 3.634313 3.620297 3.620297 3.604731 3.604731 3.596902 3.596902 3.596461 3.596461 3.596461 3.598511
2.891362 2.891362 2.916300 2.937337 2.959346 2.959346 2.976109 3.001245 3.001245 3.020769 3.020769 3.037445 3.045074 3.052324 3.061740 3.061740 3.243146 3.336971 3.422614 3.498721 3.565248 3.622557 3.671114 3.711370 3.743722 3.768519 3.786082 3.796699 3.800253 3.793128 3.793128 3.766042 3.680291 3.277312 3.141221 3.141221 3.157740 3.157740 3.276682 3.276682 3.335672 3.441719 3.441719 3.531217 3.531217 3.621092 3.621092 3.621092 3.644148 3.644148 3.641987 3.641987 3.628105 3.628105 3.613502 3.613502 3.602413 3.602413 3.602413 3.593778
2.893290 2.893290 2.910432 2.936783 2.959285 2.959285 2.975749 3.000507 3.000507 3.019996 3.019996 3.036691 3.044325 3.051577 3.061906 3.061906 3.295496 3.399312 3.490201 3.568943 3.636708 3.694594 3.743514 3.784184 3.817155 3.842846 3.861567 3.873444 3.876780 3.856930 3.856930 3.768416 3.547431 3.009561 2.953469 2.953469 3.078496 3.078496 3.222010 3.222010 3.286208 3.400114 3.400114 3.496929 3.496929 3.602530 3.602530 3.602530 3.639819 3.639819 3.649582 3.649582 3.640291 3.640291 3.621892 3.621892 3.601459 3.601459 3.601459 3.582221
2.891831 2.891831 2.907766 2.936839 2.960205 2.960205 2.976255 3.000543 3.000543 3.019993 3.019993 3.036709 3.044348 3.051603 3.063180 3.063180 3.369435 3.482755 3.577009 3.655972 3.722434 3.778419 3.825380 3.864351 3.896060 3.921007 3.939522 3.951272 3.948812 3.878822 3.878822 3.639971 3.255501 2.798998 2.834647 2.834647 3.012119 3.012119 3.164666 3.164666 3.231505 3.350782 3.350782 3.453009 3.453009 3.569720 3.569720 3.569720 3.617667 3.617667 3.637699 3.637699 3.634050 3.634050 3.614263 3.614263 3.586378 3.586378 3.586378 3.557547
