simulation_files/asc/Velocity____327.0.asc
NCOLS        79
NROWS        79
XLLCENTER         -1.500000
YLLCENTER         -4.800000
CELLSIZE           0.100
NODATA_VALUE     -9999.0
[rows 0 to 26 of 79, columns 0 to 59 of 79]
-9999.000 -9999.000 -9999.000 -9999.000 -9999.000 -9999.000 -9999.000 -9999.000 -9999.000 -9999.000 -9999.000 -9999.000 -9999.000 -9999.000 -9999.000 0.9827416E-01 0.9643353E-01 0.9628526E-01 0.9679294E-01 0.9755986E-01 0.9839636E-01 0.9920114E-01 0.9985285E-01 0.1003674 0.1007341 0.1009676 0.1011387 0.1014600 0.1025205 0.1035437 0.1035437 -9999.000 -9999.000 -9999.000 -9999.000 -9999.000 -9999.000 -9999.000 -9999.000 -9999.000 -9999.000 -9999.000 -9999.000 -9999.000 -9999.000 -9999.000 -9999.000 -9999.000 -9999.000 -9999.000 -9999.000 -9999.000 -9999.000 -9999.000 -9999.000 -9999.000 -9999.000 -9999.000 -9999.000 -9999.000
-9999.000 -9999.000 -9999.000 -9999.000 -9999.000 -9999.000 -9999.000 -9999.000 -9999.000 -9999.000 -9999.000 -9999.000 -9999.000 -9999.000 -9999.000 0.9675977E-01 0.9304541E-01 0.9278898E-01 0.9389804E-01 0.9554868E-01 0.9735809E-01 0.9912464E-01 0.1005929 0.1017867 0.1026758 0.1032856 0.1037683 0.1046001 0.1070888 0.1098371 0.1098371 -9999.000 -9999.000 -9999.000 -9999.000 -9999.000 -9999.000 -9999.000 -9999.000 -9999.000 -9999.000 -9999.000 -9999.000 -9999.000 -9999.000 -9999.000 -9999.000 -9999.000 -9999.000 -9999.000 -9999.000 -9999.000 -9999.000 -9999.000 -9999.000 -9999.000 -9999.000 -9999.000 -9999.000 -9999.000
-9999.000 -9999.000 -9999.000 -9999.000 -9999.000 -9999.000 -9999.000 -9999.000 -9999.000 -9999.000 -9999.000 -9999.000 -9999.000 -9999.000 -9999.000 0.9382726E-01 0.8818307E-01 0.8778869E-01 0.8958554E-01 0.9226470E-01 0.9523334E-01 0.9818952E-01 0.1007378 0.1029192 0.1046800 0.1060482 0.1072521 0.1090422 0.1135058 0.1188203 0.1188203 -9999.000 -9999.000 -9999.000 -9999.000 -9999.000 -9999.000 -9999.000 -9999.000 -9999.000 -9999.000 -9999.000 -9999.000 -9999.000 -9999.000 -9999.000 -9999.000 -9999.000 -9999.000 -9999.000 -9999.000 -9999.000 -9999.000 -9999.000 -9999.000 -9999.000 -9999.000 -9999.000 -9999.000 -9999.000
-9999.000 -9999.000 -9999.000 -9999.000 -9999.000 -9999.000 -9999.000 -9999.000 -9999.000 -9999.000 -9999.000 -9999.000 -9999.000 -9999.000 -9999.000 0.9020390E-01 0.8273683E-01 0.8221972E-01 0.8473277E-01 0.8847164E-01 0.9263724E-01 0.9683843E-01 0.1005446 0.1038224 0.1065899 0.1088703 0.1109592 0.1138792 0.1205257 0.1289752 0.1289752 -9999.000 -9999.000 -9999.000 -9999.000 -9999.000 -9999.000 -9999.000 -9999.000 -9999.000 -9999.000 -9999.000 -9999.000 -9999.000 -9999.000 -9999.000 -9999.000 -9999.000 -9999.000 -9999.000 -9999.000 -9999.000 -9999.000 -9999.000 -9999.000 -9999.000 -9999.000 -9999.000 -9999.000 -9999.000
-9999.000 -9999.000 -9999.000 -9999.000 -9999.000 -9999.000 -9999.000 -9999.000 -9999.000 -9999.000 -9999.000 -9999.000 -9999.000 -9999.000 -9999.000 0.8612075E-01 0.7690715E-01 0.7628995E-01 0.7955441E-01 0.8438368E-01 0.8977579E-01 0.9525829E-01 0.1001690 0.1046080 0.1084614 0.1117436 0.1148146 0.1189780 0.1279826 0.1401604 0.1401604 -9999.000 -9999.000 -9999.000 -9999.000 -9999.000 -9999.000 -9999.000 -9999.000 -9999.000 -9999.000 -9999.000 -9999.000 -9999.000 -9999.000 -9999.000 -9999.000 -9999.000 -9999.000 -9999.000 -9999.000 -9999.000 -9999.000 -9999.000 -9999.000 -9999.000 -9999.000 -9999.000 -9999.000 -9999.000
-9999.000 -9999.000 -9999.000 -9999.000 -9999.000 -9999.000 -9999.000 -9999.000 -9999.000 -9999.000 -9999.000 -9999.000 -9999.000 -9999.000 -9999.000 0.8166488E-01 0.7078211E-01 0.7010486E-01 0.7416953E-01 0.8012483E-01 0.8676940E-01 0.9356014E-01 0.9970496E-01 0.1053474 0.1103372 0.1146771 0.1187931 0.1242851 0.1358159 0.1523981 0.1523981 -9999.000 -9999.000 -9999.000 -9999.000 -9999.000 -9999.000 -9999.000 -9999.000 -9999.000 -9999.000 -9999.000 -9999.000 -9999.000 -9999.000 -9999.000 -9999.000 -9999.000 -9999.000 -9999.000 -9999.000 -9999.000 -9999.000 -9999.000 -9999.000 -9999.000 -9999.000 -9999.000 -9999.000 -9999.000
-9999.000 -9999.000 -9999.000 -9999.000 -9999.000 -9999.000 -9999.000 -9999.000 -9999.000 -9999.000 -9999.000 -9999.000 -9999.000 -9999.000 -9999.000 0.7685442E-01 0.6439486E-01 0.6372111E-01 0.6865051E-01 0.7577043E-01 0.8368957E-01 0.9180741E-01 0.9920538E-01 0.1060810 0.1122420 0.1176779 0.1228843 0.1297785 0.1440126 0.1658130 0.1658130 -9999.000 -9999.000 -9999.000 -9999.000 -9999.000 -9999.000 -9999.000 -9999.000 -9999.000 -9999.000 -9999.000 -9999.000 -9999.000 -9999.000 -9999.000 -9999.000 -9999.000 -9999.000 -9999.000 -9999.000 -9999.000 -9999.000 -9999.000 -9999.000 -9999.000 -9999.000 -9999.000 -9999.000 -9999.000
-9999.000 -9999.000 -9999.000 -9999.000 -9999.000 -9999.000 -9999.000 -9999.000 -9999.000 -9999.000 -9999.000 -9999.000 -9999.000 -9999.000 -9999.000 0.7167276E-01 0.5775409E-01 0.5717970E-01 0.6305481E-01 0.7137725E-01 0.8058528E-01 0.9004090E-01 0.9870172E-01 0.1068324 0.1141903 0.1207503 0.1270829 0.1354498 0.1525851 0.1806100 0.1806100 -9999.000 -9999.000 -9999.000 -9999.000 -9999.000 -9999.000 -9999.000 -9999.000 -9999.000 -9999.000 -9999.000 -9999.000 -9999.000 -9999.000 -9999.000 -9999.000 -9999.000 -9999.000 -9999.000 -9999.000 -9999.000 -9999.000 -9999.000 -9999.000 -9999.000 -9999.000 -9999.000 -9999.000 -9999.000
-9999.000 -9999.000 -9999.000 -9999.000 -9999.000 -9999.000 -9999.000 -9999.000 -9999.000 -9999.000 -9999.000 -9999.000 -9999.000 -9999.000 -9999.000 0.6608433E-01 0.5086107E-01 0.5053018E-01 0.5744947E-01 0.6700338E-01 0.7750074E-01 0.8829299E-01 0.9821744E-01 0.1076180 0.1161916 0.1238965 0.1313860 0.1412973 0.1615586 0.1970775 0.1970775 -9999.000 -9999.000 -9999.000 -9999.000 -9999.000 -9999.000 -9999.000 -9999.000 -9999.000 -9999.000 -9999.000 -9999.000 -9999.000 -9999.000 -9999.000 -9999.000 -9999.000 -9999.000 -9999.000 -9999.000 -9999.000 -9999.000 -9999.000 -9999.000 -9999.000 -9999.000 -9999.000 -9999.000 -9999.000
-9999.000 -9999.000 -9999.000 -9999.000 -9999.000 -9999.000 -9999.000 -9999.000 -9999.000 -9999.000 -9999.000 -9999.000 -9999.000 -9999.000 -9999.000 0.6004121E-01 0.4372346E-01 0.4385876E-01 0.5193371E-01 0.6272456E-01 0.7448751E-01 0.8659868E-01 0.9777589E-01 0.1084546 0.1182559 0.1271200 0.1357919 0.1473225 0.1709675 0.2156076 0.2156076 -9999.000 -9999.000 -9999.000 -9999.000 -9999.000 -9999.000 -9999.000 -9999.000 -9999.000 -9999.000 -9999.000 -9999.000 -9999.000 -9999.000 -9999.000 -9999.000 -9999.000 -9999.000 -9999.000 -9999.000 -9999.000 -9999.000 -9999.000 -9999.000 -9999.000 -9999.000 -9999.000 -9999.000 -9999.000
-9999.000 -9999.000 -9999.000 -9999.000 -9999.000 -9999.000 -9999.000 -9999.000 -9999.000 -9999.000 -9999.000 -9999.000 -9999.000 -9999.000 -9999.000 0.5348559E-01 0.3637763E-01 0.3733921E-01 0.4667150E-01 0.5865146E-01 0.7161624E-01 0.8500387E-01 0.9740878E-01 0.1093647 0.1203976 0.1304282 0.1403023 0.1535299 0.1808536 0.2367343 0.2367343 -9999.000 -9999.000 -9999.000 -9999.000 -9999.000 -9999.000 -9999.000 -9999.000 -9999.000 -9999.000 -9999.000 -9999.000 -9999.000 -9999.000 -9999.000 -9999.000 -9999.000 -9999.000 -9999.000 -9999.000 -9999.000 -9999.000 -9999.000 -9999.000 -9999.000 -9999.000 -9999.000 -9999.000 -9999.000
-9999.000 -9999.000 -9999.000 -9999.000 -9999.000 -9999.000 -9999.000 -9999.000 -9999.000 -9999.000 -9999.000 -9999.000 -9999.000 -9999.000 -9999.000 0.4635053E-01 0.2894783E-01 0.3134049E-01 0.4194321E-01 0.5495466E-01 0.6899210E-01 0.8357815E-01 0.9716524E-01 0.1103859 0.1226446 0.1338384 0.1449270 0.1599311 0.1912687 0.2612005 0.2612005 -9999.000 -9999.000 -9999.000 -9999.000 -9999.000 -9999.000 -9999.000 -9999.000 -9999.000 -9999.000 -9999.000 -9999.000 -9999.000 -9999.000 -9999.000 -9999.000 -9999.000 -9999.000 -9999.000 -9999.000 -9999.000 -9999.000 -9999.000 -9999.000 -9999.000 -9999.000 -9999.000 -9999.000 -9999.000
-9999.000 -9999.000 -9999.000 -9999.000 -9999.000 -9999.000 -9999.000 -9999.000 -9999.000 -9999.000 -9999.000 -9999.000 -9999.000 -9999.000 -9999.000 0.3856194E-01 0.2183408E-01 0.2664003E-01 0.3821932E-01 0.5190013E-01 0.6677929E-01 0.8243323E-01 0.9713033E-01 0.1115870 0.1250506 0.1373921 0.1496967 0.1665537 0.2022793 0.2900678 0.2900678 -9999.000 -9999.000 -9999.000 -9999.000 -9999.000 -9999.000 -9999.000 -9999.000 -9999.000 -9999.000 -9999.000 -9999.000 -9999.000 -9999.000 -9999.000 -9999.000 -9999.000 -9999.000 -9999.000 -9999.000 -9999.000 -9999.000 -9999.000 -9999.000 -9999.000 -9999.000 -9999.000 -9999.000 -9999.000
-9999.000 -9999.000 -9999.000 -9999.000 -9999.000 -9999.000 -9999.000 -9999.000 -9999.000 -9999.000 -9999.000 -9999.000 -9999.000 -9999.000 -9999.000 0.3000160E-01 0.1653096E-01 0.2489586E-01 0.3648863E-01 0.5013579E-01 0.6543917E-01 0.8191451E-01 0.9757719E-01 0.1131884 0.1277947 0.1412346 0.1547290 0.1734961 0.2140028 0.3249327 0.3249327 -9999.000 -9999.000 -9999.000 -9999.000 -9999.000 -9999.000 -9999.000 -9999.000 -9999.000 -9999.000 -9999.000 -9999.000 -9999.000 -9999.000 -9999.000 -9999.000 -9999.000 -9999.000 -9999.000 -9999.000 -9999.000 -9999.000 -9999.000 -9999.000 -9999.000 -9999.000 -9999.000 -9999.000 -9999.000
-9999.000 -9999.000 -9999.000 -9999.000 -9999.000 -9999.000 -9999.000 -9999.000 -9999.000 -9999.000 -9999.000 -9999.000 -9999.000 -9999.000 -9999.000 0.4312788E-01 0.6591579E-01 0.7533269E-01 0.7669429E-01 0.8095144E-01 0.8761808E-01 0.9726267E-01 0.1081868 0.1207841 0.1336256 0.1462029 0.1596337 0.1796892 0.2252060 0.3652238 0.3652238 -9999.000 -9999.000 -9999.000 -9999.000 -9999.000 -9999.000 -9999.000 -9999.000 -9999.000 -9999.000 -9999.000 -9999.000 -9999.000 -9999.000 -9999.000 -9999.000 -9999.000 -9999.000 -9999.000 -9999.000 -9999.000 -9999.000 -9999.000 -9999.000 -9999.000 -9999.000 -9999.000 -9999.000 -9999.000
2.720407 2.720407 2.700141 2.745656 2.750608 2.750608 2.753232 2.754590 2.754590 2.752436 2.752436 2.747721 2.744638 2.741177 2.737505 2.737505 2.824842 2.827373 2.819973 2.793382 2.747789 2.681915 2.593213 2.485152 2.357804 2.213516 2.056972 1.899135 1.767738 1.737055 1.737055 2.560846 2.726738 2.815496 2.836154 2.836154 2.859041 2.859041 2.823428 2.823428 2.769079 2.561375 2.561375 2.098123 2.098123 1.922441 1.922441 1.922441 1.929919 1.929919 1.970782 1.970782 2.020423 2.020423 2.069198 2.069198 2.111135 2.111135 2.111135 2.142613
2.742948 2.742948 2.726602 2.794261 2.810457 2.810457 2.824200 2.847393 2.847393 2.866786 2.866786 2.883451 2.890997 2.898122 2.904981 2.904981 2.970986 2.985294 2.997256 3.004806 3.007281 3.002757 2.988185 2.961949 2.921389 2.864589 2.790789 2.701680 2.604404 2.546430 2.546430 2.987972 3.140164 3.284168 3.322219 3.322219 3.361757 3.361757 3.352310 3.352310 3.324199 3.206027 3.206027 2.944940 2.944940 2.739326 2.739326 2.739326 2.746243 2.746243 2.788658 2.788658 2.841280 2.841280 2.892779 2.892779 2.938092 2.938092 2.938092 2.974777
2.747244 2.747244 2.729588 2.794027 2.810613 2.810613 2.824831 2.848706 2.848706 2.868681 2.868681 2.886019 2.893947 2.901476 2.908781 2.908781 2.969402 2.993694 3.016473 3.036229 3.052488 3.064653 3.071551 3.072502 3.066050 3.050502 3.024351 2.987264 2.942413 2.915232 2.915232 3.171118 3.315895 3.480849 3.527663 3.527663 3.570375 3.570375 3.549917 3.549917 3.516250 3.412538 3.412538 3.240290 3.240290 3.038214 3.038214 3.038214 3.029030 3.029030 3.061064 3.061064 3.106007 3.106007 3.151335 3.151335 3.191911 3.191911 3.191911 3.225150
2.749268 2.749268 2.734206 2.793353 2.810093 2.810093 2.824608 2.848728 2.848728 2.868685 2.868685 2.885986 2.893908 2.901432 2.908766 2.908766 2.967237 3.000401 3.032806 3.061997 3.086979 3.107318 3.122569 3.132721 3.137526 3.136507 3.129085 3.115138 3.096560 3.088995 3.088995 3.247804 3.376821 3.545769 3.594967 3.594967 3.627961 3.627961 3.584720 3.584720 3.545029 3.460372 3.460372 3.355939 3.355939 3.182369 3.182369 3.182369 3.156165 3.156165 3.175961 3.175961 3.213811 3.213811 3.254940 3.254940 3.292588 3.292588 3.292588 3.323498
2.746003 2.746003 2.741490 2.792674 2.809556 2.809556 2.824364 2.848753 2.848753 2.868721 2.868721 2.886023 2.893955 2.901493 2.908886 2.908886 2.968888 3.010153 3.051451 3.089354 3.122365 3.149882 3.171596 3.187591 3.198027 3.203045 3.202803 3.197758 3.189670 3.188989 3.188989 3.291396 3.400184 3.557269 3.598184 3.598184 3.599104 3.599104 3.531614 3.531614 3.495602 3.446248 3.446248 3.400378 3.400378 3.272981 3.272981 3.272981 3.234258 3.234258 3.239518 3.239518 3.268011 3.268011 3.303719 3.303719 3.337799 3.337799 3.337799 3.365892
2.745791 2.745791 2.746197 2.792172 2.809145 2.809145 2.824182 2.848790 2.848790 2.868751 2.868751 2.886028 2.893957 2.901495 2.908957 2.908957 2.974980 3.024042 3.073540 3.119391 3.159794 3.194007 3.221729 3.243005 3.258054 3.267188 3.270819 3.269660 3.265384 3.265293 3.265293 3.330267 3.415639 3.539811 3.556015 3.556015 3.504640 3.504640 3.433272 3.433272 3.415066 3.410917 3.410917 3.411711 3.411711 3.336859 3.336859 3.336859 3.294863 3.294863 3.286730 3.286730 3.303774 3.303774 3.331884 3.331884 3.360758 3.360758 3.360758 3.384815
2.745666 2.745666 2.749024 2.791881 2.808887 2.808887 2.824063 2.848813 2.848813 2.868769 2.868769 2.886030 2.893956 2.901495 2.909052 2.909052 2.986492 3.043504 3.100630 3.153594 3.200551 3.240738 3.273884 3.300016 3.319333 3.332152 3.338910 3.340307 3.337759 3.336260 3.336260 3.374529 3.433391 3.491653 3.462356 3.462356 3.363245 3.363245 3.324528 3.324528 3.332678 3.370878 3.370878 3.405411 3.405411 3.380185 3.380185 3.380185 3.344874 3.344874 3.328063 3.328063 3.333374 3.333374 3.351969 3.351969 3.373733 3.373733 3.373733 3.392268
2.745625 2.745625 2.749964 2.791785 2.808798 2.808798 2.824021 2.848820 2.848820 2.868774 2.868774 2.886029 2.893955 2.901493 2.909186 2.909186 3.004549 3.070005 3.134320 3.193545 3.246066 3.291270 3.328995 3.359304 3.382401 3.398571 3.408202 3.411874 3.410640 3.407457 3.407457 3.425072 3.451192 3.391753 3.306771 3.306771 3.207332 3.207332 3.230582 3.230582 3.262814 3.332072 3.332072 3.389447 3.389447 3.405943 3.405943 3.405943 3.384463 3.384463 3.365438 3.365438 3.360932 3.360932 3.369029 3.369029 3.381940 3.381940 3.381940 3.393417
2.745666 2.745666 2.749024 2.791881 2.808886 2.808886 2.824063 2.848813 2.848813 2.868769 2.868769 2.886030 2.893956 2.901494 2.909378 2.909378 3.030724 3.105327 3.176455 3.241030 3.297972 3.347010 3.388196 3.421715 3.447811 3.466767 3.478910 3.484683 3.484668 3.479426 3.479426 3.476571 3.452208 3.216751 3.103296 3.103296 3.073106 3.073106 3.157536 3.157536 3.205613 3.294503 3.294503 3.367226 3.367226 3.416473 3.416473 3.416473 3.411951 3.411951 3.396716 3.396716 3.385940 3.385940 3.383862 3.383862 3.386738 3.386738 3.386738 3.389849
2.745791 2.745791 2.746197 2.792173 2.809145 2.809145 2.824181 2.848789 2.848789 2.868751 2.868751 2.886029 2.893957 2.901495 2.909643 2.909643 3.067319 3.151786 3.229261 3.298110 3.358125 3.409569 3.452828 3.488292 3.516307 3.537186 3.551222 3.558709 3.559478 3.549575 3.549575 3.513362 3.394579 2.978439 2.902160 2.902160 2.976198 2.976198 3.098806 3.098806 3.155438 3.256460 3.256460 3.339870 3.339870 3.413778 3.413778 3.413778 3.425977 3.425977 3.418568 3.418568 3.405526 3.405526 3.394774 3.394774 3.387268 3.387268 3.387268 3.381180
2.746003 2.746003 2.741489 2.792674 2.809556 2.809556 2.824363 2.848754 2.848754 2.868721 2.868721 2.886023 2.893955 2.901492 2.910012 2.910012 3.117854 3.212607 3.295578 3.367250 3.428639 3.480737 3.524383 3.560235 3.588794 3.610437 3.625454 3.633934 3.633810 3.608458 3.608458 3.492234 3.213533 2.742944 2.755250 2.755250 2.905322 2.905322 3.045562 3.045562 3.106555 3.215700 3.215700 3.306753 3.306753 3.398599 3.398599 3.398599 3.425214 3.425214 3.427240 3.427240 3.415205 3.415205 3.397999 3.397999 3.380674 3.380674 3.380674 3.365255
2.749268 2.749268 2.734206 2.793353 2.810093 2.810093 2.824607 2.848727 2.848727 2.868685 2.868685 2.885986 2.893908 2.901431 2.910458 2.910458 3.187815 3.292376 3.379119 3.451431 3.511909 3.562449 3.604416 3.638786 3.666233 3.687216 3.702038 3.710253 3.702915 3.621066 3.621066 3.322321 2.882155 2.589440 2.655530 2.655530 2.838656 2.838656 2.987215 2.987215 3.050700 3.166360 3.166360 3.263102 3.263102 3.367866 3.367866 3.367866 3.405865 3.405865 3.416909 3.416909 3.407603 3.407603 3.386207 3.386207 3.360431 3.360431 3.360431 3.336395
