simulation_files/asc/Velocity__y_263.0.asc
NCOLS        79
NROWS        79
XLLCENTER         -1.500000
YLLCENTER         -4.800000
CELLSIZE           0.100
NODATA_VALUE     -9999.0
[rows 0 to 26 of 79, columns 0 to 58 of 79]
-9999.000 -9999.000 -9999.000 -9999.000 -9999.000 -9999.000 -9999.000 -9999.000 -9999.000 -9999.000 -9999.000 -9999.000 -9999.000 -9999.000 -9999.000 -0.9231219E-01 -0.8950801E-01 -0.8847292E-01 -0.8829151E-01 -0.8878546E-01 -0.8949516E-01 -0.9024110E-01 -0.9097499E-01 -0.9159333E-01 -0.9214846E-01 -0.9264068E-01 -0.9310479E-01 -0.9372157E-01 -0.9509175E-01 -0.9646433E-01 -0.9646433E-01 -9999.000 -9999.000 -9999.000 -9999.000 -9999.000 -9999.000 -9999.000 -9999.000 -9999.000 -9999.000 -9999.000 -9999.000 -9999.000 -9999.000 -9999.000 -9999.000 -9999.000 -9999.000 -9999.000 -9999.000 -9999.000 -9999.000 -9999.000 -9999.000 -9999.000 -9999.000 -9999.000 -9999.000
-9999.000 -9999.000 -9999.000 -9999.000 -9999.000 -9999.000 -9999.000 -9999.000 -9999.000 -9999.000 -9999.000 -9999.000 -9999.000 -9999.000 -9999.000 -0.9231780E-01 -0.8646227E-01 -0.8425801E-01 -0.8389693E-01 -0.8501128E-01 -0.8662474E-01 -0.8834703E-01 -0.9006538E-01 -0.9155061E-01 -0.9290631E-01 -0.9412590E-01 -0.9527763E-01 -0.9673645E-01 -0.9975716E-01 -0.1030725 -0.1030725 -9999.000 -9999.000 -9999.000 -9999.000 -9999.000 -9999.000 -9999.000 -9999.000 -9999.000 -9999.000 -9999.000 -9999.000 -9999.000 -9999.000 -9999.000 -9999.000 -9999.000 -9999.000 -9999.000 -9999.000 -9999.000 -9999.000 -9999.000 -9999.000 -9999.000 -9999.000 -9999.000 -9999.000
-9999.000 -9999.000 -9999.000 -9999.000 -9999.000 -9999.000 -9999.000 -9999.000 -9999.000 -9999.000 -9999.000 -9999.000 -9999.000 -9999.000 -9999.000 -0.9121819E-01 -0.8206703E-01 -0.7853851E-01 -0.7803392E-01 -0.7997617E-01 -0.8279215E-01 -0.8583971E-01 -0.8892101E-01 -0.9164829E-01 -0.9417493E-01 -0.9647533E-01 -0.9864667E-01 -0.1012788 -0.1063672 -0.1123862 -0.1123862 -9999.000 -9999.000 -9999.000 -9999.000 -9999.000 -9999.000 -9999.000 -9999.000 -9999.000 -9999.000 -9999.000 -9999.000 -9999.000 -9999.000 -9999.000 -9999.000 -9999.000 -9999.000 -9999.000 -9999.000 -9999.000 -9999.000 -9999.000 -9999.000 -9999.000 -9999.000 -9999.000 -9999.000
-9999.000 -9999.000 -9999.000 -9999.000 -9999.000 -9999.000 -9999.000 -9999.000 -9999.000 -9999.000 -9999.000 -9999.000 -9999.000 -9999.000 -9999.000 -0.8955686E-01 -0.7715086E-01 -0.7230754E-01 -0.7170779E-01 -0.7455919E-01 -0.7867337E-01 -0.8315215E-01 -0.8771051E-01 -0.9179227E-01 -0.9560374E-01 -0.9909280E-01 -0.1023824 -0.1062836 -0.1135704 -0.1227896 -0.1227896 -9999.000 -9999.000 -9999.000 -9999.000 -9999.000 -9999.000 -9999.000 -9999.000 -9999.000 -9999.000 -9999.000 -9999.000 -9999.000 -9999.000 -9999.000 -9999.000 -9999.000 -9999.000 -9999.000 -9999.000 -9999.000 -9999.000 -9999.000 -9999.000 -9999.000 -9999.000 -9999.000 -9999.000
-9999.000 -9999.000 -9999.000 -9999.000 -9999.000 -9999.000 -9999.000 -9999.000 -9999.000 -9999.000 -9999.000 -9999.000 -9999.000 -9999.000 -9999.000 -0.8755960E-01 -0.7189604E-01 -0.6573106E-01 -0.6506240E-01 -0.6887814E-01 -0.7435331E-01 -0.8033041E-01 -0.8643708E-01 -0.9193958E-01 -0.9710457E-01 -0.1018474 -0.1063174 -0.1115595 -0.1211747 -0.1341312 -0.1341312 -9999.000 -9999.000 -9999.000 -9999.000 -9999.000 -9999.000 -9999.000 -9999.000 -9999.000 -9999.000 -9999.000 -9999.000 -9999.000 -9999.000 -9999.000 -9999.000 -9999.000 -9999.000 -9999.000 -9999.000 -9999.000 -9999.000 -9999.000 -9999.000 -9999.000 -9999.000 -9999.000 -9999.000
-9999.000 -9999.000 -9999.000 -9999.000 -9999.000 -9999.000 -9999.000 -9999.000 -9999.000 -9999.000 -9999.000 -9999.000 -9999.000 -9999.000 -9999.000 -0.8529797E-01 -0.6636758E-01 -0.5887258E-01 -0.5815532E-01 -0.6298153E-01 -0.6986563E-01 -0.7739031E-01 -0.8509829E-01 -0.9206640E-01 -0.9863379E-01 -0.1046772 -0.1103743 -0.1170206 -0.1291056 -0.1464261 -0.1464261 -9999.000 -9999.000 -9999.000 -9999.000 -9999.000 -9999.000 -9999.000 -9999.000 -9999.000 -9999.000 -9999.000 -9999.000 -9999.000 -9999.000 -9999.000 -9999.000 -9999.000 -9999.000 -9999.000 -9999.000 -9999.000 -9999.000 -9999.000 -9999.000 -9999.000 -9999.000 -9999.000 -9999.000
-9999.000 -9999.000 -9999.000 -9999.000 -9999.000 -9999.000 -9999.000 -9999.000 -9999.000 -9999.000 -9999.000 -9999.000 -9999.000 -9999.000 -9999.000 -0.8277542E-01 -0.6057684E-01 -0.5174701E-01 -0.5100262E-01 -0.5688449E-01 -0.6522102E-01 -0.7433525E-01 -0.8368856E-01 -0.9215624E-01 -0.1001662 -0.1075482 -0.1145124 -0.1226254 -0.1373405 -0.1597864 -0.1597864 -9999.000 -9999.000 -9999.000 -9999.000 -9999.000 -9999.000 -9999.000 -9999.000 -9999.000 -9999.000 -9999.000 -9999.000 -9999.000 -9999.000 -9999.000 -9999.000 -9999.000 -9999.000 -9999.000 -9999.000 -9999.000 -9999.000 -9999.000 -9999.000 -9999.000 -9999.000 -9999.000 -9999.000
-9999.000 -9999.000 -9999.000 -9999.000 -9999.000 -9999.000 -9999.000 -9999.000 -9999.000 -9999.000 -9999.000 -9999.000 -9999.000 -9999.000 -9999.000 -0.7996136E-01 -0.5450935E-01 -0.4434640E-01 -0.4360075E-01 -0.5058629E-01 -0.6041718E-01 -0.7115982E-01 -0.8219927E-01 -0.9219401E-01 -0.1016824 -0.1104365 -0.1187042 -0.1283496 -0.1458798 -0.1743957 -0.1743957 -9999.000 -9999.000 -9999.000 -9999.000 -9999.000 -9999.000 -9999.000 -9999.000 -9999.000 -9999.000 -9999.000 -9999.000 -9999.000 -9999.000 -9999.000 -9999.000 -9999.000 -9999.000 -9999.000 -9999.000 -9999.000 -9999.000 -9999.000 -9999.000 -9999.000 -9999.000 -9999.000 -9999.000
-9999.000 -9999.000 -9999.000 -9999.000 -9999.000 -9999.000 -9999.000 -9999.000 -9999.000 -9999.000 -9999.000 -9999.000 -9999.000 -9999.000 -9999.000 -0.7680591E-01 -0.4813605E-01 -0.3664944E-01 -0.3593452E-01 -0.4407703E-01 -0.5544498E-01 -0.6785341E-01 -0.8061797E-01 -0.9216235E-01 -0.1031622 -0.1133184 -0.1229244 -0.1341724 -0.1547337 -0.1905085 -0.1905085 -9999.000 -9999.000 -9999.000 -9999.000 -9999.000 -9999.000 -9999.000 -9999.000 -9999.000 -9999.000 -9999.000 -9999.000 -9999.000 -9999.000 -9999.000 -9999.000 -9999.000 -9999.000 -9999.000 -9999.000 -9999.000 -9999.000 -9999.000 -9999.000 -9999.000 -9999.000 -9999.000 -9999.000
-9999.000 -9999.000 -9999.000 -9999.000 -9999.000 -9999.000 -9999.000 -9999.000 -9999.000 -9999.000 -9999.000 -9999.000 -9999.000 -9999.000 -9999.000 -0.7324472E-01 -0.4141732E-01 -0.2862597E-01 -0.2798116E-01 -0.3734042E-01 -0.5028942E-01 -0.6440014E-01 -0.7892726E-01 -0.9203856E-01 -0.1045806 -0.1161661 -0.1271425 -0.1400691 -0.1639143 -0.2084657 -0.2084657 -9999.000 -9999.000 -9999.000 -9999.000 -9999.000 -9999.000 -9999.000 -9999.000 -9999.000 -9999.000 -9999.000 -9999.000 -9999.000 -9999.000 -9999.000 -9999.000 -9999.000 -9999.000 -9999.000 -9999.000 -9999.000 -9999.000 -9999.000 -9999.000 -9999.000 -9999.000 -9999.000 -9999.000
-9999.000 -9999.000 -9999.000 -9999.000 -9999.000 -9999.000 -9999.000 -9999.000 -9999.000 -9999.000 -9999.000 -9999.000 -9999.000 -9999.000 -9999.000 -0.6919961E-01 -0.3430299E-01 -0.2023623E-01 -0.1970948E-01 -0.3035276E-01 -0.4492870E-01 -0.6077726E-01 -0.7710330E-01 -0.9179240E-01 -0.1059049 -0.1189423 -0.1313177 -0.1460056 -0.1734300 -0.2287259 -0.2287259 -9999.000 -9999.000 -9999.000 -9999.000 -9999.000 -9999.000 -9999.000 -9999.000 -9999.000 -9999.000 -9999.000 -9999.000 -9999.000 -9999.000 -9999.000 -9999.000 -9999.000 -9999.000 -9999.000 -9999.000 -9999.000 -9999.000 -9999.000 -9999.000 -9999.000 -9999.000 -9999.000 -9999.000
-9999.000 -9999.000 -9999.000 -9999.000 -9999.000 -9999.000 -9999.000 -9999.000 -9999.000 -9999.000 -9999.000 -9999.000 -9999.000 -9999.000 -9999.000 -0.6457563E-01 -0.2673010E-01 -0.1142885E-01 -0.1107793E-01 -0.2308174E-01 -0.3933205E-01 -0.5695301E-01 -0.7511224E-01 -0.9138218E-01 -0.1070898 -0.1215949 -0.1353927 -0.1519300 -0.1832811 -0.2519150 -0.2519150 -9999.000 -9999.000 -9999.000 -9999.000 -9999.000 -9999.000 -9999.000 -9999.000 -9999.000 -9999.000 -9999.000 -9999.000 -9999.000 -9999.000 -9999.000 -9999.000 -9999.000 -9999.000 -9999.000 -9999.000 -9999.000 -9999.000 -9999.000 -9999.000 -9999.000 -9999.000 -9999.000 -9999.000
-9999.000 -9999.000 -9999.000 -9999.000 -9999.000 -9999.000 -9999.000 -9999.000 -9999.000 -9999.000 -9999.000 -9999.000 -9999.000 -9999.000 -9999.000 -0.5924832E-01 -0.1861252E-01 -0.2132257E-02 -0.2030190E-02 -0.1548390E-01 -0.3345837E-01 -0.5288457E-01 -0.7290887E-01 -0.9075137E-01 -0.1080729 -0.1240512 -0.1392847 -0.1577644 -0.1934500 -0.2789108 -0.2789108 -9999.000 -9999.000 -9999.000 -9999.000 -9999.000 -9999.000 -9999.000 -9999.000 -9999.000 -9999.000 -9999.000 -9999.000 -9999.000 -9999.000 -9999.000 -9999.000 -9999.000 -9999.000 -9999.000 -9999.000 -9999.000 -9999.000 -9999.000 -9999.000 -9999.000 -9999.000 -9999.000 -9999.000
-9999.000 -9999.000 -9999.000 -9999.000 -9999.000 -9999.000 -9999.000 -9999.000 -9999.000 -9999.000 -9999.000 -9999.000 -9999.000 -9999.000 -9999.000 -0.5245120E-01 -0.9392019E-02 0.7974945E-02 0.7473250E-02 -0.7636327E-02 -0.2739690E-01 -0.4865572E-01 -0.7056156E-01 -0.8993822E-01 -0.1088676 -0.1262939 -0.1429484 -0.1634545 -0.2039476 -0.3110599 -0.3110599 -9999.000 -9999.000 -9999.000 -9999.000 -9999.000 -9999.000 -9999.000 -9999.000 -9999.000 -9999.000 -9999.000 -9999.000 -9999.000 -9999.000 -9999.000 -9999.000 -9999.000 -9999.000 -9999.000 -9999.000 -9999.000 -9999.000 -9999.000 -9999.000 -9999.000 -9999.000 -9999.000 -9999.000
-9999.000 -9999.000 -9999.000 -9999.000 -9999.000 -9999.000 -9999.000 -9999.000 -9999.000 -9999.000 -9999.000 -9999.000 -9999.000 -9999.000 -9999.000 -0.4183920E-02 0.1504647E-01 0.1859220E-01 0.8728125E-02 -0.9661195E-02 -0.2976131E-01 -0.5134265E-01 -0.7369316E-01 -0.9327862E-01 -0.1127265 -0.1306633 -0.1479746 -0.1699588 -0.2150984 -0.3481639 -0.3481639 -9999.000 -9999.000 -9999.000 -9999.000 -9999.000 -9999.000 -9999.000 -9999.000 -9999.000 -9999.000 -9999.000 -9999.000 -9999.000 -9999.000 -9999.000 -9999.000 -9999.000 -9999.000 -9999.000 -9999.000 -9999.000 -9999.000 -9999.000 -9999.000 -9999.000 -9999.000 -9999.000 -9999.000
-0.3723359E-02 -0.3723359E-02 -0.5549891E-02 -0.7103316E-02 -0.6677845E-02 -0.6677845E-02 -0.6537932E-02 -0.6476165E-02 -0.6476165E-02 -0.6443437E-02 -0.6443437E-02 -0.6400753E-02 -0.6378816E-02 -0.6357568E-02 -0.6341546E-02 -0.6341546E-02 0.3081754E-01 0.2585180E-01 0.1071183E-01 -0.1144664E-01 -0.3782884E-01 -0.6737251E-01 -0.9889971E-01 -0.1303395 -0.1610788 -0.1900672 -0.2168411 -0.2429408 -0.2761627 -0.3530924 -0.3530924 -0.1968856 -0.1063854 -0.3731119E-01 -0.2804554E-01 -0.2804554E-01 -0.2114988E-01 -0.2114988E-01 -0.8809833E-02 -0.8809833E-02 0.2322831E-02 0.2700944E-01 0.2700944E-01 0.1614982E-01 0.1614982E-01 -0.3778721E-02 -0.3778721E-02 -0.3778721E-02 -0.1702474E-03 -0.1702474E-03 0.6049379E-03 0.6049379E-03 -0.2022000E-03 -0.2022000E-03 -0.1438098E-02 -0.1438098E-02 -0.2660295E-02 -0.2660295E-02 -0.2660295E-02
-0.5283777E-02 -0.5283777E-02 -0.7935571E-02 -0.1041593E-01 -0.9526455E-02 -0.9526455E-02 -0.9198648E-02 -0.9083901E-02 -0.9083901E-02 -0.9065231E-02 -0.9065231E-02 -0.9031516E-02 -0.9013601E-02 -0.8996550E-02 -0.9000794E-02 -0.9000794E-02 0.2548406E-01 0.2129345E-01 0.5773921E-02 -0.1976876E-01 -0.5402051E-01 -0.9469144E-01 -0.1397800 -0.1877968 -0.2364217 -0.2840549 -0.3290154 -0.3694843 -0.4033149 -0.4274622 -0.4274622 -0.2907811 -0.1940075 -0.1016399 -0.8328623E-01 -0.8328623E-01 -0.5940775E-01 -0.5940775E-01 -0.1725388E-01 -0.1725388E-01 0.1605163E-01 0.8533606E-01 0.8533606E-01 0.8326247E-01 0.8326247E-01 0.1653085E-01 0.1653085E-01 0.1653085E-01 0.7049366E-02 0.7049366E-02 0.1769297E-02 0.1769297E-02 -0.2598523E-02 -0.2598523E-02 -0.6313502E-02 -0.6313502E-02 -0.9168256E-02 -0.9168256E-02 -0.9168256E-02
-0.3288682E-02 -0.3288682E-02 -0.6214873E-02 -0.9155351E-02 -0.8251216E-02 -0.8251216E-02 -0.7801483E-02 -0.7631318E-02 -0.7631318E-02 -0.7642838E-02 -0.7642838E-02 -0.7644148E-02 -0.7643782E-02 -0.7644163E-02 -0.7695106E-02 -0.7695106E-02 0.1643638E-01 0.1242022E-01 -0.2995818E-02 -0.2877605E-01 -0.6385828E-01 -0.1065360 -0.1551404 -0.2083849 -0.2644586 -0.3218045 -0.3787588 -0.4332882 -0.4824640 -0.5194306 -0.5194306 -0.4305045 -0.3466163 -0.2312280 -0.1940091 -0.1940091 -0.1268976 -0.1268976 -0.2590079E-01 -0.2590079E-01 0.4088485E-01 0.1646037 0.1646037 0.1926328 0.1926328 0.7142013E-01 0.7142013E-01 0.7142013E-01 0.2741051E-01 0.2741051E-01 0.4739778E-02 0.4739778E-02 -0.8270897E-02 -0.8270897E-02 -0.1652585E-01 -0.1652585E-01 -0.2149157E-01 -0.2149157E-01 -0.2149157E-01
-0.1919041E-02 -0.1919041E-02 -0.4041919E-02 -0.7815365E-02 -0.6829984E-02 -0.6829984E-02 -0.6292036E-02 -0.6058330E-02 -0.6058330E-02 -0.6072644E-02 -0.6072644E-02 -0.6083203E-02 -0.6087671E-02 -0.6092969E-02 -0.6184276E-02 -0.6184276E-02 0.7327525E-02 0.1330448E-02 -0.1529460E-01 -0.4185681E-01 -0.7745317E-01 -0.1207793 -0.1704519 -0.2253338 -0.2840548 -0.3453332 -0.4078275 -0.4698390 -0.5286763 -0.5776761 -0.5776761 -0.5364284 -0.4768977 -0.3646160 -0.3137774 -0.3137774 -0.1938206 -0.1938206 -0.1946194E-01 -0.1946194E-01 0.7702993E-01 0.2298002 0.2298002 0.2739509 0.2739509 0.1335763 0.1335763 0.1335763 0.5549953E-01 0.5549953E-01 0.1059983E-01 0.1059983E-01 -0.1449734E-01 -0.1449734E-01 -0.2878404E-01 -0.2878404E-01 -0.3613517E-01 -0.3613517E-01 -0.3613517E-01
-0.1343544E-02 -0.1343544E-02 -0.2287447E-02 -0.6107788E-02 -0.5242238E-02 -0.5242238E-02 -0.4746532E-02 -0.4522717E-02 -0.4522717E-02 -0.4545057E-02 -0.4545057E-02 -0.4556311E-02 -0.4558970E-02 -0.4562623E-02 -0.4696306E-02 -0.4696306E-02 -0.1806366E-02 -0.1169923E-01 -0.3115788E-01 -0.5970806E-01 -0.9659814E-01 -0.1408252 -0.1912794 -0.2469707 -0.3068091 -0.3697287 -0.4346400 -0.5002039 -0.5642446 -0.6212227 -0.6212227 -0.6158573 -0.5818430 -0.4828896 -0.4187723 -0.4187723 -0.2330962 -0.2330962 0.9000140E-02 0.9000140E-02 0.1188802 0.2691620 0.2691620 0.3157915 0.3157915 0.1869235 0.1869235 0.1869235 0.8697085E-01 0.8697085E-01 0.2075158E-01 0.2075158E-01 -0.1822241E-01 -0.1822241E-01 -0.3994050E-01 -0.3994050E-01 -0.5027276E-01 -0.5027276E-01 -0.5027276E-01
-0.8320434E-03 -0.8320434E-03 -0.1539766E-02 -0.4061539E-02 -0.3501822E-02 -0.3501822E-02 -0.3166799E-02 -0.3021918E-02 -0.3021918E-02 -0.3046938E-02 -0.3046938E-02 -0.3050741E-02 -0.3047832E-02 -0.3045904E-02 -0.3231219E-02 -0.3231219E-02 -0.1142297E-01 -0.2689871E-01 -0.5089690E-01 -0.8288544E-01 -0.1221725 -0.1679698 -0.2194354 -0.2757876 -0.3361976 -0.3998170 -0.4657616 -0.5329639 -0.5997054 -0.6616083 -0.6616083 -0.6808839 -0.6683089 -0.5765315 -0.4894417 -0.4894417 -0.2249337 -0.2249337 0.4974088E-01 0.4974088E-01 0.1521506 0.2794767 0.2794767 0.3231877 0.3231877 0.2231238 0.2231238 0.2231238 0.1171807 0.1171807 0.3487216E-01 0.3487216E-01 -0.1801075E-01 -0.1801075E-01 -0.4823398E-01 -0.4823398E-01 -0.6227564E-01 -0.6227564E-01 -0.6227564E-01
-0.4038365E-03 -0.4038365E-03 -0.7599253E-03 -0.2031500E-02 -0.1755095E-02 -0.1755095E-02 -0.1585933E-02 -0.1510925E-02 -0.1510925E-02 -0.1524579E-02 -0.1524579E-02 -0.1525426E-02 -0.1523086E-02 -0.1521394E-02 -0.1782419E-02 -0.1782419E-02 -0.2225832E-01 -0.4495823E-01 -0.7524569E-01 -0.1122592 -0.1552351 -0.2035055 -0.2564598 -0.3135622 -0.3742695 -0.4380020 -0.5041177 -0.5718073 -0.6397316 -0.7044117 -0.7044117 -0.7395554 -0.7416881 -0.6323835 -0.5033767 -0.5033767 -0.1719676 -0.1719676 0.8305053E-01 0.8305053E-01 0.1651239 0.2653879 0.2653879 0.3062885 0.3062885 0.2395197 0.2395197 0.2395197 0.1413258 0.1413258 0.5102001E-01 0.5102001E-01 -0.1365396E-01 -0.1365396E-01 -0.5264070E-01 -0.5264070E-01 -0.7097331E-01 -0.7097331E-01 -0.7097331E-01
-0.1642663E-04 -0.1642663E-04 0.6900665E-05 0.2361199E-05 0.1114865E-05 0.1114865E-05 0.2128006E-06 -0.3813711E-06 -0.3813711E-06 -0.3737536E-06 -0.3737536E-06 0.5828421E-08 0.7065177E-07 0.2709581E-06 -0.3637544E-03 -0.3637544E-03 -0.3536981E-01 -0.6708424E-01 -0.1054932 -0.1491923 -0.1972331 -0.2489932 -0.3040546 -0.3621358 -0.4229960 -0.4863696 -0.5519143 -0.6191179 -0.6869794 -0.7525007 -0.7525007 -0.7958723 -0.8018460 -0.6262575 -0.4436948 -0.4436948 -0.1030702 -0.1030702 0.9545776E-01 0.9545776E-01 0.1564256 0.2355068 0.2355068 0.2748454 0.2748454 0.2376189 0.2376189 0.2376189 0.1556033 0.1556033 0.6616106E-01 0.6616106E-01 -0.6034022E-02 -0.6034022E-02 -0.5273985E-01 -0.5273985E-01 -0.7545682E-01 -0.7545682E-01 -0.7545682E-01
0.3836878E-03 0.3836878E-03 0.7632221E-03 0.2037661E-02 0.1757674E-02 0.1757674E-02 0.1586529E-02 0.1510242E-02 0.1510242E-02 0.1524018E-02 0.1524018E-02 0.1525392E-02 0.1523262E-02 0.1522001E-02 0.1017101E-02 0.1017101E-02 -0.5232031E-01 -0.9520995E-01 -0.1437302 -0.1958099 -0.2502693 -0.3065130 -0.3643052 -0.4236249 -0.4845442 -0.5471352 -0.6113966 -0.6771500 -0.7436532 -0.8075091 -0.8075091 -0.8494472 -0.8372980 -0.5349689 -0.3265031 -0.3265031 -0.5073411E-01 -0.5073411E-01 0.8753197E-01 0.8753197E-01 0.1330252 0.1980299 0.1980299 0.2359727 0.2359727 0.2210783 0.2210783 0.2210783 0.1581440 0.1581440 0.7707595E-01 0.7707595E-01 0.3138918E-02 0.3138918E-02 -0.4870947E-01 -0.4870947E-01 -0.7511023E-01 -0.7511023E-01 -0.7511023E-01
0.8133612E-03 0.8133612E-03 0.1538937E-02 0.4070406E-02 0.3505766E-02 0.3505766E-02 0.3167622E-02 0.3021323E-02 0.3021323E-02 0.3046499E-02 0.3046499E-02 0.3050786E-02 0.3048193E-02 0.3046363E-02 0.2349312E-02 0.2349312E-02 -0.7555814E-01 -0.1323915 -0.1932330 -0.2553597 -0.3174335 -0.3789569 -0.4399267 -0.5006161 -0.5614254 -0.6227744 -0.6850193 -0.7483156 -0.8118590 -0.8692153 -0.8692153 -0.8899940 -0.8129047 -0.3772014 -0.2048293 -0.2048293 -0.2637690E-01 -0.2637690E-01 0.6824524E-01 0.6824524E-01 0.1036556 0.1586053 0.1586053 0.1940832 0.1940832 0.1939881 0.1939881 0.1939881 0.1491270 0.1491270 0.8129862E-01 0.8129862E-01 0.1173426E-01 0.1173426E-01 -0.4129807E-01 -0.4129807E-01 -0.6969440E-01 -0.6969440E-01 -0.6969440E-01
0.1309925E-02 0.1309925E-02 0.2306920E-02 0.6113196E-02 0.5242427E-02 0.5242427E-02 0.4745001E-02 0.4521705E-02 0.4521705E-02 0.4544606E-02 0.4544606E-02 0.4556303E-02 0.4559300E-02 0.4562846E-02 0.3607778E-02 0.3607778E-02 -0.1091667 -0.1835584 -0.2591306 -0.3327834 -0.4032883 -0.4704493 -0.5346283 -0.5964695 -0.6567375 -0.7162084 -0.7755921 -0.8352838 -0.8931473 -0.9303194 -0.9303194 -0.8789629 -0.6721578 -0.2228736 -0.1225614 -0.1225614 -0.2114891E-01 -0.2114891E-01 0.4617872E-01 0.4617872E-01 0.7431478E-01 0.1202581 0.1202581 0.1516673 0.1516673 0.1599855 0.1599855 0.1599855 0.1302587 0.1302587 0.7774838E-01 0.7774838E-01 0.1781481E-01 0.1781481E-01 -0.3163033E-01 -0.3163033E-01 -0.5940407E-01 -0.5940407E-01 -0.5940407E-01
0.1921016E-02 0.1921016E-02 0.4047403E-02 0.7811429E-02 0.6827916E-02 0.6827916E-02 0.6291653E-02 0.6057892E-02 0.6057892E-02 0.6072322E-02 0.6072322E-02 0.6083287E-02 0.6087989E-02 0.6093347E-02 0.4776734E-02 0.4776734E-02 -0.1604637 -0.2570372 -0.3497120 -0.4357980 -0.5147593 -0.5870848 -0.6537315 -0.7158433 -0.7746059 -0.8311621 -0.8865606 -0.9410083 -0.9855296 -0.9543819 -0.9543819 -0.7326279 -0.4181871 -0.1253162 -0.8201321E-01 -0.8201321E-01 -0.2227745E-01 -0.2227745E-01 0.2623489E-01 0.2623489E-01 0.4795370E-01 0.8440045E-01 0.8440045E-01 0.1101945 0.1101945 0.1220377 0.1220377 0.1220377 0.1040455 0.1040455 0.6682946E-01 0.6682946E-01 0.2022874E-01 0.2022874E-01 -0.2090337E-01 -0.2090337E-01 -0.4490219E-01 -0.4490219E-01 -0.4490219E-01
