simulation_files/asc/Velocity__x_240.0.asc
NCOLS        79
NROWS        79
XLLCENTER         -1.500000
YLLCENTER         -4.800000
CELLSIZE           0.100
NODATA_VALUE     -9999.0
[rows 0 to 25 of 79, columns 0 to 57 of 79]
-9999.000 -9999.000 -9999.000 -9999.000 -9999.000 -9999.000 -9999.000 -9999.000 -9999.000 -9999.000 -9999.000 -9999.000 -9999.000 -9999.000 -9999.000 -0.1322966E-02 -0.7332092E-03 0.2700771E-02 0.7363727E-02 0.1200930E-01 0.1577147E-01 0.1840786E-01 0.1990589E-01 0.2035300E-01 0.1989231E-01 0.1864421E-01 0.1668548E-01 0.1394549E-01 0.9804257E-02 0.4805289E-02 0.4805289E-02 -9999.000 -9999.000 -9999.000 -9999.000 -9999.000 -9999.000 -9999.000 -9999.000 -9999.000 -9999.000 -9999.000 -9999.000 -9999.000 -9999.000 -9999.000 -9999.000 -9999.000 -9999.000 -9999.000 -9999.000 -9999.000 -9999.000 -9999.000 -9999.000 -9999.000 -9999.000 -9999.000
-9999.000 -9999.000 -9999.000 -9999.000 -9999.000 -9999.000 -9999.000 -9999.000 -9999.000 -9999.000 -9999.000 -9999.000 -9999.000 -9999.000 -9999.000 -0.6760081E-04 0.1742554E-02 0.6236908E-02 0.1181922E-01 0.1728997E-01 0.2177565E-01 0.2496844E-01 0.2678902E-01 0.2727319E-01 0.2652916E-01 0.2466383E-01 0.2176161E-01 0.1779270E-01 0.1226741E-01 0.5993105E-02 0.5993105E-02 -9999.000 -9999.000 -9999.000 -9999.000 -9999.000 -9999.000 -9999.000 -9999.000 -9999.000 -9999.000 -9999.000 -9999.000 -9999.000 -9999.000 -9999.000 -9999.000 -9999.000 -9999.000 -9999.000 -9999.000 -9999.000 -9999.000 -9999.000 -9999.000 -9999.000 -9999.000 -9999.000
-9999.000 -9999.000 -9999.000 -9999.000 -9999.000 -9999.000 -9999.000 -9999.000 -9999.000 -9999.000 -9999.000 -9999.000 -9999.000 -9999.000 -9999.000 0.3971953E-03 0.2753896E-02 0.7882949E-02 0.1406592E-01 0.2006082E-01 0.2496161E-01 0.2844305E-01 0.3041316E-01 0.3090061E-01 0.3001282E-01 0.2786050E-01 0.2453852E-01 0.2002969E-01 0.1384130E-01 0.6800340E-02 0.6800340E-02 -9999.000 -9999.000 -9999.000 -9999.000 -9999.000 -9999.000 -9999.000 -9999.000 -9999.000 -9999.000 -9999.000 -9999.000 -9999.000 -9999.000 -9999.000 -9999.000 -9999.000 -9999.000 -9999.000 -9999.000 -9999.000 -9999.000 -9999.000 -9999.000 -9999.000 -9999.000 -9999.000
-9999.000 -9999.000 -9999.000 -9999.000 -9999.000 -9999.000 -9999.000 -9999.000 -9999.000 -9999.000 -9999.000 -9999.000 -9999.000 -9999.000 -9999.000 0.6338910E-03 0.3298025E-02 0.8817827E-02 0.1538878E-01 0.2172957E-01 0.2690625E-01 0.3058424E-01 0.3266633E-01 0.3317980E-01 0.3223428E-01 0.2994341E-01 0.2640588E-01 0.2160521E-01 0.1502328E-01 0.7435893E-02 0.7435893E-02 -9999.000 -9999.000 -9999.000 -9999.000 -9999.000 -9999.000 -9999.000 -9999.000 -9999.000 -9999.000 -9999.000 -9999.000 -9999.000 -9999.000 -9999.000 -9999.000 -9999.000 -9999.000 -9999.000 -9999.000 -9999.000 -9999.000 -9999.000 -9999.000 -9999.000 -9999.000 -9999.000
-9999.000 -9999.000 -9999.000 -9999.000 -9999.000 -9999.000 -9999.000 -9999.000 -9999.000 -9999.000 -9999.000 -9999.000 -9999.000 -9999.000 -9999.000 0.7934378E-03 0.3679625E-02 0.9496396E-02 0.1636914E-01 0.2298095E-01 0.2837455E-01 0.3221168E-01 0.3439332E-01 0.3494701E-01 0.3398531E-01 0.3162272E-01 0.2795996E-01 0.2297487E-01 0.1611033E-01 0.8043214E-02 0.8043214E-02 -9999.000 -9999.000 -9999.000 -9999.000 -9999.000 -9999.000 -9999.000 -9999.000 -9999.000 -9999.000 -9999.000 -9999.000 -9999.000 -9999.000 -9999.000 -9999.000 -9999.000 -9999.000 -9999.000 -9999.000 -9999.000 -9999.000 -9999.000 -9999.000 -9999.000 -9999.000 -9999.000
-9999.000 -9999.000 -9999.000 -9999.000 -9999.000 -9999.000 -9999.000 -9999.000 -9999.000 -9999.000 -9999.000 -9999.000 -9999.000 -9999.000 -9999.000 0.9384226E-03 0.4028039E-02 0.1011645E-01 0.1726455E-01 0.2412172E-01 0.2971104E-01 0.3369448E-01 0.3597293E-01 0.3657633E-01 0.3562034E-01 0.3322021E-01 0.2947560E-01 0.2435619E-01 0.1725288E-01 0.8698856E-02 0.8698856E-02 -9999.000 -9999.000 -9999.000 -9999.000 -9999.000 -9999.000 -9999.000 -9999.000 -9999.000 -9999.000 -9999.000 -9999.000 -9999.000 -9999.000 -9999.000 -9999.000 -9999.000 -9999.000 -9999.000 -9999.000 -9999.000 -9999.000 -9999.000 -9999.000 -9999.000 -9999.000 -9999.000
-9999.000 -9999.000 -9999.000 -9999.000 -9999.000 -9999.000 -9999.000 -9999.000 -9999.000 -9999.000 -9999.000 -9999.000 -9999.000 -9999.000 -9999.000 0.1097788E-02 0.4402841E-02 0.1076917E-01 0.1819416E-01 0.2529430E-01 0.3107543E-01 0.3520415E-01 0.3758287E-01 0.3824455E-01 0.3730985E-01 0.3489289E-01 0.3109270E-01 0.2586598E-01 0.1853986E-01 0.9451817E-02 0.9451817E-02 -9999.000 -9999.000 -9999.000 -9999.000 -9999.000 -9999.000 -9999.000 -9999.000 -9999.000 -9999.000 -9999.000 -9999.000 -9999.000 -9999.000 -9999.000 -9999.000 -9999.000 -9999.000 -9999.000 -9999.000 -9999.000 -9999.000 -9999.000 -9999.000 -9999.000 -9999.000 -9999.000
-9999.000 -9999.000 -9999.000 -9999.000 -9999.000 -9999.000 -9999.000 -9999.000 -9999.000 -9999.000 -9999.000 -9999.000 -9999.000 -9999.000 -9999.000 0.1286906E-02 0.4835726E-02 0.1150255E-01 0.1921969E-01 0.2657155E-01 0.3255008E-01 0.3682932E-01 0.3931593E-01 0.4004715E-01 0.3914871E-01 0.3673361E-01 0.3289881E-01 0.2758533E-01 0.2004195E-01 0.1034449E-01 0.1034449E-01 -9999.000 -9999.000 -9999.000 -9999.000 -9999.000 -9999.000 -9999.000 -9999.000 -9999.000 -9999.000 -9999.000 -9999.000 -9999.000 -9999.000 -9999.000 -9999.000 -9999.000 -9999.000 -9999.000 -9999.000 -9999.000 -9999.000 -9999.000 -9999.000 -9999.000 -9999.000 -9999.000
-9999.000 -9999.000 -9999.000 -9999.000 -9999.000 -9999.000 -9999.000 -9999.000 -9999.000 -9999.000 -9999.000 -9999.000 -9999.000 -9999.000 -9999.000 0.1516232E-02 0.5347746E-02 0.1234783E-01 0.2038145E-01 0.2800185E-01 0.3418876E-01 0.3862965E-01 0.4123593E-01 0.4205081E-01 0.4120663E-01 0.3881452E-01 0.3496831E-01 0.2958981E-01 0.2183247E-01 0.1142393E-01 0.1142393E-01 -9999.000 -9999.000 -9999.000 -9999.000 -9999.000 -9999.000 -9999.000 -9999.000 -9999.000 -9999.000 -9999.000 -9999.000 -9999.000 -9999.000 -9999.000 -9999.000 -9999.000 -9999.000 -9999.000 -9999.000 -9999.000 -9999.000 -9999.000 -9999.000 -9999.000 -9999.000 -9999.000
-9999.000 -9999.000 -9999.000 -9999.000 -9999.000 -9999.000 -9999.000 -9999.000 -9999.000 -9999.000 -9999.000 -9999.000 -9999.000 -9999.000 -9999.000 0.1795193E-02 0.5957605E-02 0.1333316E-01 0.2171558E-01 0.2962751E-01 0.3603987E-01 0.4065806E-01 0.4340083E-01 0.4431908E-01 0.4355272E-01 0.4121062E-01 0.3738311E-01 0.3196792E-01 0.2400337E-01 0.1275100E-01 0.1275100E-01 -9999.000 -9999.000 -9999.000 -9999.000 -9999.000 -9999.000 -9999.000 -9999.000 -9999.000 -9999.000 -9999.000 -9999.000 -9999.000 -9999.000 -9999.000 -9999.000 -9999.000 -9999.000 -9999.000 -9999.000 -9999.000 -9999.000 -9999.000 -9999.000 -9999.000 -9999.000 -9999.000
-9999.000 -9999.000 -9999.000 -9999.000 -9999.000 -9999.000 -9999.000 -9999.000 -9999.000 -9999.000 -9999.000 -9999.000 -9999.000 -9999.000 -9999.000 0.2133787E-02 0.6686573E-02 0.1448988E-01 0.2326324E-01 0.3149780E-01 0.3815892E-01 0.4297663E-01 0.4587930E-01 0.4692787E-01 0.4627158E-01 0.4401616E-01 0.4024854E-01 0.3483687E-01 0.2668034E-01 0.1441002E-01 0.1441002E-01 -9999.000 -9999.000 -9999.000 -9999.000 -9999.000 -9999.000 -9999.000 -9999.000 -9999.000 -9999.000 -9999.000 -9999.000 -9999.000 -9999.000 -9999.000 -9999.000 -9999.000 -9999.000 -9999.000 -9999.000 -9999.000 -9999.000 -9999.000 -9999.000 -9999.000 -9999.000 -9999.000
-9999.000 -9999.000 -9999.000 -9999.000 -9999.000 -9999.000 -9999.000 -9999.000 -9999.000 -9999.000 -9999.000 -9999.000 -9999.000 -9999.000 -9999.000 0.2545291E-02 0.7561573E-02 0.1586000E-01 0.2507842E-01 0.3367658E-01 0.4061881E-01 0.4566730E-01 0.4876280E-01 0.4997912E-01 0.4947775E-01 0.4736063E-01 0.4371106E-01 0.3836233E-01 0.3004427E-01 0.1652357E-01 0.1652357E-01 -9999.000 -9999.000 -9999.000 -9999.000 -9999.000 -9999.000 -9999.000 -9999.000 -9999.000 -9999.000 -9999.000 -9999.000 -9999.000 -9999.000 -9999.000 -9999.000 -9999.000 -9999.000 -9999.000 -9999.000 -9999.000 -9999.000 -9999.000 -9999.000 -9999.000 -9999.000 -9999.000
-9999.000 -9999.000 -9999.000 -9999.000 -9999.000 -9999.000 -9999.000 -9999.000 -9999.000 -9999.000 -9999.000 -9999.000 -9999.000 -9999.000 -9999.000 0.3075153E-02 0.8679217E-02 0.1759649E-01 0.2735382E-01 0.3635443E-01 0.4361026E-01 0.4892045E-01 0.5224235E-01 0.5366814E-01 0.5337458E-01 0.5146040E-01 0.4800583E-01 0.4280262E-01 0.3437333E-01 0.1927870E-01 0.1927870E-01 -9999.000 -9999.000 -9999.000 -9999.000 -9999.000 -9999.000 -9999.000 -9999.000 -9999.000 -9999.000 -9999.000 -9999.000 -9999.000 -9999.000 -9999.000 -9999.000 -9999.000 -9999.000 -9999.000 -9999.000 -9999.000 -9999.000 -9999.000 -9999.000 -9999.000 -9999.000 -9999.000
-9999.000 -9999.000 -9999.000 -9999.000 -9999.000 -9999.000 -9999.000 -9999.000 -9999.000 -9999.000 -9999.000 -9999.000 -9999.000 -9999.000 -9999.000 0.5013297E-02 0.1278158E-01 0.2396238E-01 0.3461668E-01 0.4347477E-01 0.5058995E-01 0.5570236E-01 0.5882361E-01 0.6008910E-01 0.5970263E-01 0.5775803E-01 0.5432908E-01 0.4914923E-01 0.4047605E-01 0.2315820E-01 0.2315820E-01 -9999.000 -9999.000 -9999.000 -9999.000 -9999.000 -9999.000 -9999.000 -9999.000 -9999.000 -9999.000 -9999.000 -9999.000 -9999.000 -9999.000 -9999.000 -9999.000 -9999.000 -9999.000 -9999.000 -9999.000 -9999.000 -9999.000 -9999.000 -9999.000 -9999.000 -9999.000 -9999.000
-9999.000 -9999.000 -9999.000 -9999.000 -9999.000 -9999.000 -9999.000 -9999.000 -9999.000 -9999.000 -9999.000 -9999.000 -9999.000 -9999.000 -9999.000 0.9732161E-01 0.1489322 0.1740583 0.1662709 0.1430523 0.1262230 0.1114706 0.9865978E-01 0.8764488E-01 0.7806218E-01 0.6945702E-01 0.6142411E-01 0.5320667E-01 0.4249414E-01 0.2060724E-01 0.2060724E-01 -9999.000 -9999.000 -9999.000 -9999.000 -9999.000 -9999.000 -9999.000 -9999.000 -9999.000 -9999.000 -9999.000 -9999.000 -9999.000 -9999.000 -9999.000 -9999.000 -9999.000 -9999.000 -9999.000 -9999.000 -9999.000 -9999.000 -9999.000 -9999.000 -9999.000 -9999.000 -9999.000
2.861616 2.861616 2.872799 2.879854 2.898907 2.898907 2.901459 2.901202 2.901202 2.897433 2.897433 2.891140 2.887294 2.883085 2.878923 2.878923 3.031511 3.036002 3.037294 3.030404 2.995737 2.937948 2.856933 2.750661 2.622357 2.474373 2.309695 2.137135 1.980768 1.910150 1.910150 2.755812 2.935551 3.041618 3.068435 3.068435 3.105420 3.105420 3.094200 3.094200 3.053538 2.880603 2.880603 2.552296 2.552296 2.163278 2.163278 2.163278 2.137559 2.137559 2.165412 2.165412 2.212599 2.212599 2.262927 2.262927 2.308562 2.308562
2.883956 2.883956 2.904033 2.933949 2.960287 2.960287 2.974895 2.997645 2.997645 3.016410 3.016410 3.032455 3.039707 3.046550 3.053364 3.053364 3.166577 3.186147 3.202054 3.214837 3.220456 3.218952 3.208390 3.185372 3.147753 3.093408 3.020649 2.930236 2.828753 2.744837 2.744837 3.199069 3.359940 3.515837 3.558525 3.558525 3.608462 3.608462 3.613698 3.613698 3.594838 3.497215 3.497215 3.306102 3.306102 3.000953 3.000953 3.000953 2.971880 2.971880 3.001883 3.001883 3.051924 3.051924 3.104789 3.104789 3.153406 3.153406
2.888692 2.888692 2.905791 2.935573 2.959839 2.959839 2.975213 2.998893 2.998893 3.018303 3.018303 3.035053 3.042702 3.049965 3.057268 3.057268 3.158148 3.190489 3.218341 3.242376 3.260961 3.274204 3.281836 3.282617 3.275442 3.258857 3.231099 3.191343 3.142316 3.101408 3.101408 3.357430 3.514636 3.697468 3.751260 3.751260 3.808653 3.808653 3.803169 3.803169 3.775744 3.676358 3.676358 3.535654 3.535654 3.292391 3.292391 3.292391 3.248369 3.248369 3.265408 3.265408 3.306628 3.306628 3.353324 3.353324 3.397417 3.397417
2.891736 2.891736 2.904041 2.935939 2.958799 2.958799 2.974671 2.998855 2.998855 3.018313 3.018313 3.035059 3.042712 3.049981 3.057369 3.057369 3.150372 3.193241 3.232126 3.266294 3.294433 3.316278 3.331862 3.340930 3.343339 3.338840 3.326901 3.307268 3.281698 3.261396 3.261396 3.416540 3.555375 3.746462 3.806535 3.806535 3.862728 3.862728 3.835476 3.835476 3.796111 3.700009 3.700009 3.606655 3.606655 3.430413 3.430413 3.430413 3.376524 3.376524 3.378898 3.378898 3.410538 3.410538 3.451783 3.451783 3.492488 3.492488
2.893149 2.893149 2.906713 2.935843 2.957888 2.957888 2.974169 2.998822 2.998822 3.018322 3.018322 3.035048 3.042697 3.049964 3.057468 3.057468 3.147316 3.199033 3.247752 3.291290 3.328201 3.357904 3.380295 3.395329 3.403122 3.403888 3.397812 3.385293 3.368043 3.353971 3.353971 3.448293 3.562081 3.743599 3.800887 3.800887 3.835399 3.835399 3.777468 3.777468 3.733300 3.662927 3.662927 3.619828 3.619828 3.512185 3.512185 3.512185 3.457648 3.457648 3.445783 3.445783 3.465291 3.465291 3.499048 3.499048 3.535136 3.535136
2.890959 2.890959 2.912502 2.936254 2.957840 2.957840 2.974418 2.999449 2.999449 3.018985 3.018985 3.035694 3.043338 3.050605 3.058285 3.058285 3.150655 3.210271 3.267622 3.319469 3.364168 3.400965 3.429619 3.450097 3.462530 3.467210 3.464524 3.455100 3.440530 3.426594 3.426594 3.480072 3.565593 3.718002 3.758529 3.758529 3.745306 3.745306 3.665479 3.665479 3.633414 3.609090 3.609090 3.611570 3.611570 3.565118 3.565118 3.565118 3.519698 3.519698 3.498100 3.498100 3.504527 3.504527 3.528401 3.528401 3.557759 3.557759
2.890826 2.890826 2.915079 2.936073 2.957422 2.957422 2.974180 2.999454 2.999454 3.019014 3.019014 3.035714 3.043356 3.050622 3.058551 3.058551 3.159973 3.227214 3.292204 3.351207 3.402524 3.445388 3.479527 3.504901 3.521624 3.529947 3.530239 3.523098 3.509827 3.494493 3.494493 3.519574 3.575868 3.674335 3.677956 3.677956 3.602624 3.602624 3.537859 3.537859 3.532913 3.558311 3.558311 3.595482 3.595482 3.598233 3.598233 3.598233 3.568865 3.568865 3.544510 3.544510 3.539610 3.539610 3.552167 3.552167 3.572688 3.572688
2.890783 2.890783 2.915934 2.936011 2.957283 2.957283 2.974099 2.999453 2.999453 3.019022 3.019022 3.035719 3.043359 3.050625 3.058901 3.058901 3.176902 3.251951 3.323720 3.388594 3.445091 3.492618 3.531009 3.560287 3.580575 3.592086 3.595113 3.590121 3.578039 3.561382 3.561382 3.566118 3.591963 3.598442 3.544064 3.544064 3.431728 3.431728 3.424104 3.424104 3.448980 3.513619 3.513619 3.574662 3.574662 3.615162 3.615162 3.615162 3.604933 3.604933 3.584714 3.584714 3.572574 3.572574 3.573970 3.573970 3.584112 3.584112
2.890826 2.890826 2.915079 2.936073 2.957423 2.957423 2.974181 2.999453 2.999453 3.019013 3.019013 3.035713 3.043355 3.050622 3.059378 3.059378 3.202936 3.286237 3.363968 3.433307 3.493328 3.543835 3.584909 3.616734 3.639499 3.653411 3.658695 3.655662 3.644810 3.626879 3.626879 3.614748 3.603297 3.462378 3.351003 3.351003 3.272824 3.272824 3.338186 3.338186 3.384552 3.474078 3.474078 3.550934 3.550934 3.619684 3.619684 3.619684 3.628273 3.628273 3.617067 3.617067 3.602538 3.602538 3.594472 3.594472 3.593560 3.593560
2.890958 2.890958 2.912501 2.936253 2.957840 2.957840 2.974418 2.999449 2.999449 3.018985 3.018985 3.035694 3.043337 3.050603 3.060020 3.060020 3.240284 3.332231 3.414912 3.487019 3.548595 3.600072 3.641937 3.674616 3.698436 3.713634 3.720392 3.718865 3.708969 3.688359 3.688359 3.654676 3.582592 3.249930 3.131202 3.131202 3.155718 3.155718 3.274137 3.274137 3.332199 3.436123 3.436123 3.523842 3.523842 3.613579 3.613579 3.613579 3.638655 3.638655 3.638703 3.638703 3.625866 3.625866 3.611132 3.611132 3.599604 3.599604
2.893149 2.893149 2.906713 2.935842 2.957888 2.957888 2.974169 2.998822 2.998822 3.018322 3.018322 3.035048 3.042696 3.049963 3.060286 3.060286 3.291739 3.392222 3.478251 3.550885 3.611583 3.661648 3.702099 3.733680 3.756883 3.772012 3.779222 3.778489 3.768471 3.738657 3.738657 3.658424 3.475091 2.997607 2.948644 2.948644 3.076630 3.076630 3.219868 3.219868 3.283531 3.396083 3.396083 3.491654 3.491654 3.596789 3.596789 3.596789 3.635164 3.635164 3.646408 3.646408 3.637974 3.637974 3.619535 3.619535 3.598753 3.598753
