simulation_files/asc/Velocity____317.0.asc
NCOLS        79
NROWS        79
XLLCENTER         -1.500000
YLLCENTER         -4.800000
CELLSIZE           0.100
NODATA_VALUE     -9999.0
[rows 0 to 26 of 79, columns 0 to 59 of 79]
-9999.000 -9999.000 -9999.000 -9999.000 -9999.000 -9999.000 -9999.000 -9999.000 -9999.000 -9999.000 -9999.000 -9999.000 -9999.000 -9999.000 -9999.000 0.9722761E-01 0.9522271E-01 0.9494044E-01 0.9545435E-01 0.9627261E-01 0.9716017E-01 0.9800880E-01 0.9870157E-01 0.9923409E-01 0.9960914E-01 0.9984297E-01 0.1000059 0.1003077 0.1013378 0.1023607 0.1023607 -9999.000 -9999.000 -9999.000 -9999.000 -9999.000 -9999.000 -9999.000 -9999.000 -9999.000 -9999.000 -9999.000 -9999.000 -9999.000 -9999.000 -9999.000 -9999.000 -9999.000 -9999.000 -9999.000 -9999.000 -9999.000 -9999.000 -9999.000 -9999.000 -9999.000 -9999.000 -9999.000 -9999.000 -9999.000
-9999.000 -9999.000 -9999.000 -9999.000 -9999.000 -9999.000 -9999.000 -9999.000 -9999.000 -9999.000 -9999.000 -9999.000 -9999.000 -9999.000 -9999.000 0.9591755E-01 0.9185135E-01 0.9131551E-01 0.9243193E-01 0.9417748E-01 0.9608116E-01 0.9792951E-01 0.9947955E-01 0.1007125 0.1016245 0.1022435 0.1027193 0.1035210 0.1059564 0.1087089 0.1087089 -9999.000 -9999.000 -9999.000 -9999.000 -9999.000 -9999.000 -9999.000 -9999.000 -9999.000 -9999.000 -9999.000 -9999.000 -9999.000 -9999.000 -9999.000 -9999.000 -9999.000 -9999.000 -9999.000 -9999.000 -9999.000 -9999.000 -9999.000 -9999.000 -9999.000 -9999.000 -9999.000 -9999.000 -9999.000
-9999.000 -9999.000 -9999.000 -9999.000 -9999.000 -9999.000 -9999.000 -9999.000 -9999.000 -9999.000 -9999.000 -9999.000 -9999.000 -9999.000 -9999.000 0.9322780E-01 0.8701245E-01 0.8616661E-01 0.8796467E-01 0.9078109E-01 0.9388536E-01 0.9696033E-01 0.9963303E-01 0.1018778 0.1036817 0.1050757 0.1062815 0.1080362 0.1124247 0.1177474 0.1177474 -9999.000 -9999.000 -9999.000 -9999.000 -9999.000 -9999.000 -9999.000 -9999.000 -9999.000 -9999.000 -9999.000 -9999.000 -9999.000 -9999.000 -9999.000 -9999.000 -9999.000 -9999.000 -9999.000 -9999.000 -9999.000 -9999.000 -9999.000 -9999.000 -9999.000 -9999.000 -9999.000 -9999.000 -9999.000
-9999.000 -9999.000 -9999.000 -9999.000 -9999.000 -9999.000 -9999.000 -9999.000 -9999.000 -9999.000 -9999.000 -9999.000 -9999.000 -9999.000 -9999.000 0.8986484E-01 0.8159605E-01 0.8045131E-01 0.8295923E-01 0.8687560E-01 0.9121495E-01 0.9556808E-01 0.9943904E-01 0.1028023 0.1056331 0.1079572 0.1100580 0.1129381 0.1194869 0.1279438 0.1279438 -9999.000 -9999.000 -9999.000 -9999.000 -9999.000 -9999.000 -9999.000 -9999.000 -9999.000 -9999.000 -9999.000 -9999.000 -9999.000 -9999.000 -9999.000 -9999.000 -9999.000 -9999.000 -9999.000 -9999.000 -9999.000 -9999.000 -9999.000 -9999.000 -9999.000 -9999.000 -9999.000 -9999.000 -9999.000
-9999.000 -9999.000 -9999.000 -9999.000 -9999.000 -9999.000 -9999.000 -9999.000 -9999.000 -9999.000 -9999.000 -9999.000 -9999.000 -9999.000 -9999.000 0.8606002E-01 0.7580212E-01 0.7437820E-01 0.7763308E-01 0.8267998E-01 0.8828128E-01 0.9394641E-01 0.9906056E-01 0.1036058 0.1075423 0.1108855 0.1139787 0.1180964 0.1269782 0.1391549 0.1391549 -9999.000 -9999.000 -9999.000 -9999.000 -9999.000 -9999.000 -9999.000 -9999.000 -9999.000 -9999.000 -9999.000 -9999.000 -9999.000 -9999.000 -9999.000 -9999.000 -9999.000 -9999.000 -9999.000 -9999.000 -9999.000 -9999.000 -9999.000 -9999.000 -9999.000 -9999.000 -9999.000 -9999.000 -9999.000
-9999.000 -9999.000 -9999.000 -9999.000 -9999.000 -9999.000 -9999.000 -9999.000 -9999.000 -9999.000 -9999.000 -9999.000 -9999.000 -9999.000 -9999.000 0.8189896E-01 0.6971703E-01 0.6805276E-01 0.7210756E-01 0.7832104E-01 0.8520831E-01 0.9220992E-01 0.9859555E-01 0.1043628 0.1094549 0.1138730 0.1180203 0.1234594 0.1348384 0.1514028 0.1514028 -9999.000 -9999.000 -9999.000 -9999.000 -9999.000 -9999.000 -9999.000 -9999.000 -9999.000 -9999.000 -9999.000 -9999.000 -9999.000 -9999.000 -9999.000 -9999.000 -9999.000 -9999.000 -9999.000 -9999.000 -9999.000 -9999.000 -9999.000 -9999.000 -9999.000 -9999.000 -9999.000 -9999.000 -9999.000
-9999.000 -9999.000 -9999.000 -9999.000 -9999.000 -9999.000 -9999.000 -9999.000 -9999.000 -9999.000 -9999.000 -9999.000 -9999.000 -9999.000 -9999.000 0.7739750E-01 0.6337183E-01 0.6153266E-01 0.6645798E-01 0.7387723E-01 0.8206969E-01 0.9042412E-01 0.9809858E-01 0.1051152 0.1113971 0.1169280 0.1221742 0.1290060 0.1430553 0.1648100 0.1648100 -9999.000 -9999.000 -9999.000 -9999.000 -9999.000 -9999.000 -9999.000 -9999.000 -9999.000 -9999.000 -9999.000 -9999.000 -9999.000 -9999.000 -9999.000 -9999.000 -9999.000 -9999.000 -9999.000 -9999.000 -9999.000 -9999.000 -9999.000 -9999.000 -9999.000 -9999.000 -9999.000 -9999.000 -9999.000
-9999.000 -9999.000 -9999.000 -9999.000 -9999.000 -9999.000 -9999.000 -9999.000 -9999.000 -9999.000 -9999.000 -9999.000 -9999.000 -9999.000 -9999.000 0.7253629E-01 0.5677372E-01 0.5486223E-01 0.6074814E-01 0.6940976E-01 0.7891673E-01 0.8863080E-01 0.9760220E-01 0.1058872 0.1133840 0.1200552 0.1264354 0.1347281 0.1516402 0.1795776 0.1795776 -9999.000 -9999.000 -9999.000 -9999.000 -9999.000 -9999.000 -9999.000 -9999.000 -9999.000 -9999.000 -9999.000 -9999.000 -9999.000 -9999.000 -9999.000 -9999.000 -9999.000 -9999.000 -9999.000 -9999.000 -9999.000 -9999.000 -9999.000 -9999.000 -9999.000 -9999.000 -9999.000 -9999.000 -9999.000
-9999.000 -9999.000 -9999.000 -9999.000 -9999.000 -9999.000 -9999.000 -9999.000 -9999.000 -9999.000 -9999.000 -9999.000 -9999.000 -9999.000 -9999.000 0.6727738E-01 0.4992234E-01 0.4809859E-01 0.5505451E-01 0.6498259E-01 0.7579678E-01 0.8686408E-01 0.9713058E-01 0.1066959 0.1154258 0.1232578 0.1308014 0.1406241 0.1606181 0.1959886 0.1959886 -9999.000 -9999.000 -9999.000 -9999.000 -9999.000 -9999.000 -9999.000 -9999.000 -9999.000 -9999.000 -9999.000 -9999.000 -9999.000 -9999.000 -9999.000 -9999.000 -9999.000 -9999.000 -9999.000 -9999.000 -9999.000 -9999.000 -9999.000 -9999.000 -9999.000 -9999.000 -9999.000 -9999.000 -9999.000
-9999.000 -9999.000 -9999.000 -9999.000 -9999.000 -9999.000 -9999.000 -9999.000 -9999.000 -9999.000 -9999.000 -9999.000 -9999.000 -9999.000 -9999.000 0.6156989E-01 0.4282387E-01 0.4134518E-01 0.4949380E-01 0.6068037E-01 0.7276528E-01 0.8516081E-01 0.9670825E-01 0.1075578 0.1175324 0.1265396 0.1352709 0.1466954 0.1700223 0.2144268 0.2144268 -9999.000 -9999.000 -9999.000 -9999.000 -9999.000 -9999.000 -9999.000 -9999.000 -9999.000 -9999.000 -9999.000 -9999.000 -9999.000 -9999.000 -9999.000 -9999.000 -9999.000 -9999.000 -9999.000 -9999.000 -9999.000 -9999.000 -9999.000 -9999.000 -9999.000 -9999.000 -9999.000 -9999.000 -9999.000
-9999.000 -9999.000 -9999.000 -9999.000 -9999.000 -9999.000 -9999.000 -9999.000 -9999.000 -9999.000 -9999.000 -9999.000 -9999.000 -9999.000 -9999.000 0.5535232E-01 0.3551384E-01 0.3481489E-01 0.4426013E-01 0.5662700E-01 0.6989824E-01 0.8356913E-01 0.9636743E-01 0.1084957 0.1197188 0.1299076 0.1398454 0.1529462 0.1798934 0.2354141 0.2354141 -9999.000 -9999.000 -9999.000 -9999.000 -9999.000 -9999.000 -9999.000 -9999.000 -9999.000 -9999.000 -9999.000 -9999.000 -9999.000 -9999.000 -9999.000 -9999.000 -9999.000 -9999.000 -9999.000 -9999.000 -9999.000 -9999.000 -9999.000 -9999.000 -9999.000 -9999.000 -9999.000 -9999.000 -9999.000
-9999.000 -9999.000 -9999.000 -9999.000 -9999.000 -9999.000 -9999.000 -9999.000 -9999.000 -9999.000 -9999.000 -9999.000 -9999.000 -9999.000 -9999.000 0.4855273E-01 0.2811795E-01 0.2896875E-01 0.3968447E-01 0.5301110E-01 0.6730758E-01 0.8216099E-01 0.9615823E-01 0.1095472 0.1220121 0.1333795 0.1445343 0.1593871 0.1902807 0.2596735 0.2596735 -9999.000 -9999.000 -9999.000 -9999.000 -9999.000 -9999.000 -9999.000 -9999.000 -9999.000 -9999.000 -9999.000 -9999.000 -9999.000 -9999.000 -9999.000 -9999.000 -9999.000 -9999.000 -9999.000 -9999.000 -9999.000 -9999.000 -9999.000 -9999.000 -9999.000 -9999.000 -9999.000 -9999.000 -9999.000
-9999.000 -9999.000 -9999.000 -9999.000 -9999.000 -9999.000 -9999.000 -9999.000 -9999.000 -9999.000 -9999.000 -9999.000 -9999.000 -9999.000 -9999.000 0.4108898E-01 0.2105253E-01 0.2477397E-01 0.3631053E-01 0.5012268E-01 0.6516609E-01 0.8105107E-01 0.9616580E-01 0.1107794 0.1244650 0.1369942 0.1493658 0.1660433 0.2012475 0.2882358 0.2882358 -9999.000 -9999.000 -9999.000 -9999.000 -9999.000 -9999.000 -9999.000 -9999.000 -9999.000 -9999.000 -9999.000 -9999.000 -9999.000 -9999.000 -9999.000 -9999.000 -9999.000 -9999.000 -9999.000 -9999.000 -9999.000 -9999.000 -9999.000 -9999.000 -9999.000 -9999.000 -9999.000 -9999.000 -9999.000
-9999.000 -9999.000 -9999.000 -9999.000 -9999.000 -9999.000 -9999.000 -9999.000 -9999.000 -9999.000 -9999.000 -9999.000 -9999.000 -9999.000 -9999.000 0.3279139E-01 0.1599170E-01 0.2425408E-01 0.3534340E-01 0.4875834E-01 0.6404109E-01 0.8066019E-01 0.9671654E-01 0.1124498 0.1272815 0.1409130 0.1544664 0.1730168 0.2129117 0.3226502 0.3226502 -9999.000 -9999.000 -9999.000 -9999.000 -9999.000 -9999.000 -9999.000 -9999.000 -9999.000 -9999.000 -9999.000 -9999.000 -9999.000 -9999.000 -9999.000 -9999.000 -9999.000 -9999.000 -9999.000 -9999.000 -9999.000 -9999.000 -9999.000 -9999.000 -9999.000 -9999.000 -9999.000 -9999.000 -9999.000
-9999.000 -9999.000 -9999.000 -9999.000 -9999.000 -9999.000 -9999.000 -9999.000 -9999.000 -9999.000 -9999.000 -9999.000 -9999.000 -9999.000 -9999.000 0.4907284E-01 0.7474074E-01 0.8498280E-01 0.8298625E-01 0.8508452E-01 0.8998320E-01 0.9839164E-01 0.1087677 0.1208878 0.1336149 0.1461876 0.1595577 0.1792967 0.2240673 0.3622827 0.3622827 -9999.000 -9999.000 -9999.000 -9999.000 -9999.000 -9999.000 -9999.000 -9999.000 -9999.000 -9999.000 -9999.000 -9999.000 -9999.000 -9999.000 -9999.000 -9999.000 -9999.000 -9999.000 -9999.000 -9999.000 -9999.000 -9999.000 -9999.000 -9999.000 -9999.000 -9999.000 -9999.000 -9999.000 -9999.000
2.734535 2.734535 2.717429 2.762041 2.769736 2.769736 2.772594 2.772950 2.772950 2.769974 2.769974 2.764827 2.761625 2.758078 2.754370 2.754370 2.850104 2.852865 2.848399 2.823317 2.778932 2.714107 2.626417 2.518549 2.391352 2.246840 2.089555 1.930202 1.796193 1.761930 1.761930 2.585096 2.752041 2.842803 2.864282 2.864282 2.889111 2.889111 2.856826 2.856826 2.804293 2.601321 2.601321 2.139690 2.139690 1.951592 1.951592 1.951592 1.955178 1.955178 1.994587 1.994587 2.044001 2.044001 2.093044 2.093044 2.135503 2.135503 2.135503 2.167696
2.756752 2.756752 2.743430 2.810726 2.829473 2.829473 2.843607 2.865983 2.865983 2.884675 2.884675 2.901023 2.908504 2.915599 2.922476 2.922476 2.994616 3.009592 3.022470 3.030479 3.033400 3.029466 3.015700 2.990211 2.950543 2.894639 2.821627 2.733050 2.635882 2.574996 2.574996 3.015435 3.167714 3.312681 3.351271 3.351271 3.392136 3.392136 3.384585 3.384585 3.357677 3.242433 3.242433 2.987867 2.987867 2.770512 2.770512 2.770512 2.773432 2.773432 2.814573 2.814573 2.867017 2.867017 2.918742 2.918742 2.964520 2.964520 2.964520 3.001807
2.761529 2.761529 2.745689 2.810708 2.829565 2.829565 2.844195 2.867294 2.867294 2.886567 2.886567 2.903589 2.911452 2.918956 2.926287 2.926287 2.992153 3.017492 3.041110 3.061334 3.077893 3.090350 3.097629 3.098959 3.093003 3.078060 3.052572 3.016117 2.971726 2.943533 2.943533 3.197201 3.342218 3.508172 3.555600 3.555600 3.599836 3.599836 3.580907 3.580907 3.547994 3.445360 3.445360 3.278027 3.278027 3.068569 3.068569 3.068569 3.055226 3.055226 3.085684 3.085684 3.130322 3.130322 3.175907 3.175907 3.216978 3.216978 3.216978 3.250829
2.764509 2.764509 2.749018 2.810357 2.829023 2.829023 2.843940 2.867349 2.867349 2.886624 2.886624 2.903625 2.911490 2.919000 2.926374 2.926374 2.989350 3.023791 3.057147 3.086963 3.112363 3.133020 3.148578 3.158990 3.164077 3.163383 3.156332 3.142768 3.124501 3.116353 3.116353 3.273423 3.402416 3.572396 3.622395 3.622395 3.657294 3.657294 3.615292 3.615292 3.575590 3.490417 3.490417 3.389061 3.389061 3.212582 3.212582 3.212582 3.182492 3.182492 3.200279 3.200279 3.237550 3.237550 3.278820 3.278820 3.316926 3.316926 3.316926 3.348433
2.765740 2.765740 2.753453 2.809958 2.828444 2.828444 2.843616 2.867336 2.867336 2.886611 2.886611 2.903590 2.911460 2.918981 2.926423 2.926423 2.990327 3.032986 3.075333 3.114007 3.147588 3.175548 3.197643 3.213953 3.224669 3.229952 3.229966 3.225154 3.217219 3.216095 3.216095 3.317070 3.425577 3.583816 3.625848 3.625848 3.628837 3.628837 3.561165 3.561165 3.524297 3.473626 3.473626 3.429683 3.429683 3.302743 3.302743 3.302743 3.261080 3.261080 3.264121 3.264121 3.291675 3.291675 3.327306 3.327306 3.361750 3.361750 3.361750 3.390393
2.764697 2.764697 2.758632 2.809803 2.828266 2.828266 2.843699 2.867725 2.867725 2.886991 2.886991 2.903900 2.911734 2.919220 2.926707 2.926707 2.996113 3.046567 3.097144 3.143840 3.184908 3.219659 3.247838 3.269498 3.284880 3.294305 3.298191 3.297235 3.293069 3.292652 3.292652 3.356448 3.441388 3.567155 3.584874 3.584874 3.534637 3.534637 3.460988 3.460988 3.441504 3.436208 3.436208 3.438372 3.438372 3.365799 3.365799 3.365799 3.322174 3.322174 3.312000 3.312000 3.327820 3.327820 3.355587 3.355587 3.384658 3.384658 3.384658 3.409164
2.762052 2.762052 2.764133 2.809608 2.827977 2.827977 2.843537 2.867754 2.867754 2.887026 2.887026 2.903913 2.911742 2.919227 2.926829 2.926829 3.007340 3.065715 3.123942 3.177809 3.225512 3.266325 3.300006 3.326599 3.346318 3.359485 3.366542 3.368175 3.365770 3.364085 3.364085 3.401480 3.460010 3.521000 3.493183 3.493183 3.392342 3.392342 3.349989 3.349989 3.357095 3.394811 3.394811 3.430410 3.430410 3.408031 3.408031 3.408031 3.372352 3.372352 3.354043 3.354043 3.358059 3.358059 3.376077 3.376077 3.397846 3.397846 3.397846 3.416682
2.761820 2.761820 2.765477 2.809506 2.827863 2.827863 2.843474 2.867762 2.867762 2.887035 2.887035 2.903915 2.911743 2.919227 2.926990 2.926990 3.025259 3.092021 3.157428 3.217583 3.270899 3.316790 3.355111 3.385946 3.409503 3.426079 3.436063 3.440028 3.439000 3.435792 3.435792 3.452933 3.479314 3.424287 3.339080 3.339080 3.233925 3.233925 3.253634 3.253634 3.285519 3.354983 3.354983 3.413251 3.413251 3.432541 3.432541 3.432541 3.411638 3.411638 3.391850 3.391850 3.386240 3.386240 3.393635 3.393635 3.406358 3.406358 3.406358 3.417958
2.762048 2.762048 2.764135 2.809607 2.827977 2.827977 2.843536 2.867754 2.867754 2.887025 2.887025 2.903912 2.911742 2.919227 2.927214 2.927214 3.051435 3.127277 3.199475 3.264977 3.322738 3.372497 3.414321 3.448407 3.475012 3.494420 3.506965 3.513084 3.513348 3.508251 3.508251 3.505541 3.482989 3.252176 3.134583 3.134583 3.096533 3.096533 3.179244 3.179244 3.227580 3.316964 3.316964 3.390393 3.390393 3.442111 3.442111 3.442111 3.438715 3.438715 3.423437 3.423437 3.411947 3.411947 3.409183 3.409183 3.411718 3.411718 3.411718 3.414740
2.764689 2.764689 2.758636 2.809803 2.828265 2.828265 2.843698 2.867725 2.867725 2.886990 2.886990 2.903899 2.911733 2.919221 2.927523 2.927523 3.088172 3.173815 3.252317 3.322075 3.382904 3.435078 3.478995 3.515052 3.543603 3.564968 3.579442 3.587320 3.588441 3.578900 3.578900 3.544058 3.430071 3.013607 2.929247 2.929247 2.997406 2.997406 3.119925 3.119925 3.177212 3.278620 3.278620 3.362607 3.362607 3.438681 3.438681 3.438681 3.452244 3.452244 3.445368 3.445368 3.432122 3.432122 3.420859 3.420859 3.412929 3.412929 3.412929 3.406538
2.765730 2.765730 2.753459 2.809957 2.828441 2.828441 2.843614 2.867335 2.867335 2.886610 2.886610 2.903591 2.911460 2.918981 2.927760 2.927760 3.138875 3.234772 3.318746 3.391313 3.453505 3.506333 3.550640 3.587092 3.616201 3.638347 3.653824 3.662731 3.663056 3.638465 3.638465 3.526325 3.255390 2.773130 2.777527 2.777527 2.925757 2.925757 3.066575 3.066575 3.128538 3.237619 3.237619 3.329236 3.329236 3.423016 3.423016 3.423016 3.451036 3.451036 3.453972 3.453972 3.442181 3.442181 3.424752 3.424752 3.407011 3.407011 3.407011 3.391090
2.764496 2.764496 2.749028 2.810357 2.829021 2.829021 2.843937 2.867347 2.867347 2.886622 2.886622 2.903624 2.911489 2.918998 2.928377 2.928377 3.209370 3.315020 3.402699 3.475845 3.537072 3.588294 3.630888 3.665833 3.693813 3.715291 3.730573 3.739233 3.732565 3.652406 3.652406 3.362165 2.928514 2.613019 2.676198 2.676198 2.859185 2.859185 3.008371 3.008371 3.073240 3.188013 3.188013 3.285460 3.285460 3.391964 3.391964 3.391964 3.431303 3.431303 3.443472 3.443472 3.434800 3.434800 3.413507 3.413507 3.387383 3.387383 3.387383 3.362674
