cruce_test.gid/Rasters/Hydraulic/Depth____000106.asc
NCOLS        79
NROWS        79
XLLCENTER         -1.500000
YLLCENTER         -4.800000
CELLSIZE           0.100
NODATA_VALUE     -9999.0
[rows 0 to 25 of 79, columns 0 to 57 of 79]
-9999.000 -9999.000 -9999.000 -9999.000 -9999.000 -9999.000 -9999.000 -9999.000 -9999.000 -9999.000 -9999.000 -9999.000 -9999.000 -9999.000 -9999.000 0.3780075 0.3781720 0.3781461 0.3780693 0.3779608 0.3778291 0.3776791 0.3775133 0.3773312 0.3771283 0.3768962 0.3766215 0.3762861 0.3758785 0.3760433 0.3760433 -9999.000 -9999.000 -9999.000 -9999.000 -9999.000 -9999.000 -9999.000 -9999.000 -9999.000 -9999.000 -9999.000 -9999.000 -9999.000 -9999.000 -9999.000 -9999.000 -9999.000 -9999.000 -9999.000 -9999.000 -9999.000 -9999.000 -9999.000 -9999.000 -9999.000 -9999.000 -9999.000
-9999.000 -9999.000 -9999.000 -9999.000 -9999.000 -9999.000 -9999.000 -9999.000 -9999.000 -9999.000 -9999.000 -9999.000 -9999.000 -9999.000 -9999.000 0.3798881 0.3800553 0.3800258 0.3799534 0.3798548 0.3797370 0.3796043 0.3794596 0.3793033 0.3791327 0.3789411 0.3787167 0.3784396 0.3780904 0.3782709 0.3782709 -9999.000 -9999.000 -9999.000 -9999.000 -9999.000 -9999.000 -9999.000 -9999.000 -9999.000 -9999.000 -9999.000 -9999.000 -9999.000 -9999.000 -9999.000 -9999.000 -9999.000 -9999.000 -9999.000 -9999.000 -9999.000 -9999.000 -9999.000 -9999.000 -9999.000 -9999.000 -9999.000
-9999.000 -9999.000 -9999.000 -9999.000 -9999.000 -9999.000 -9999.000 -9999.000 -9999.000 -9999.000 -9999.000 -9999.000 -9999.000 -9999.000 -9999.000 0.3818800 0.3820796 0.3820542 0.3819850 0.3818908 0.3817791 0.3816545 0.3815194 0.3813738 0.3812135 0.3810298 0.3808076 0.3805231 0.3801523 0.3803425 0.3803425 -9999.000 -9999.000 -9999.000 -9999.000 -9999.000 -9999.000 -9999.000 -9999.000 -9999.000 -9999.000 -9999.000 -9999.000 -9999.000 -9999.000 -9999.000 -9999.000 -9999.000 -9999.000 -9999.000 -9999.000 -9999.000 -9999.000 -9999.000 -9999.000 -9999.000 -9999.000 -9999.000
-9999.000 -9999.000 -9999.000 -9999.000 -9999.000 -9999.000 -9999.000 -9999.000 -9999.000 -9999.000 -9999.000 -9999.000 -9999.000 -9999.000 -9999.000 0.3839002 0.3841263 0.3841038 0.3840368 0.3839450 0.3838362 0.3837153 0.3835844 0.3834426 0.3832849 0.3831005 0.3828717 0.3825710 0.3821684 0.3823532 0.3823532 -9999.000 -9999.000 -9999.000 -9999.000 -9999.000 -9999.000 -9999.000 -9999.000 -9999.000 -9999.000 -9999.000 -9999.000 -9999.000 -9999.000 -9999.000 -9999.000 -9999.000 -9999.000 -9999.000 -9999.000 -9999.000 -9999.000 -9999.000 -9999.000 -9999.000 -9999.000 -9999.000
-9999.000 -9999.000 -9999.000 -9999.000 -9999.000 -9999.000 -9999.000 -9999.000 -9999.000 -9999.000 -9999.000 -9999.000 -9999.000 -9999.000 -9999.000 0.3859401 0.3861880 0.3861673 0.3861007 0.3860090 0.3859005 0.3857799 0.3856491 0.3855068 0.3853465 0.3851559 0.3849146 0.3845905 0.3841463 0.3843128 0.3843128 -9999.000 -9999.000 -9999.000 -9999.000 -9999.000 -9999.000 -9999.000 -9999.000 -9999.000 -9999.000 -9999.000 -9999.000 -9999.000 -9999.000 -9999.000 -9999.000 -9999.000 -9999.000 -9999.000 -9999.000 -9999.000 -9999.000 -9999.000 -9999.000 -9999.000 -9999.000 -9999.000
-9999.000 -9999.000 -9999.000 -9999.000 -9999.000 -9999.000 -9999.000 -9999.000 -9999.000 -9999.000 -9999.000 -9999.000 -9999.000 -9999.000 -9999.000 0.3879929 0.3882587 0.3882386 0.3881711 0.3880777 0.3879673 0.3878444 0.3877109 0.3875647 0.3873982 0.3871973 0.3869381 0.3865837 0.3860871 0.3862212 0.3862212 -9999.000 -9999.000 -9999.000 -9999.000 -9999.000 -9999.000 -9999.000 -9999.000 -9999.000 -9999.000 -9999.000 -9999.000 -9999.000 -9999.000 -9999.000 -9999.000 -9999.000 -9999.000 -9999.000 -9999.000 -9999.000 -9999.000 -9999.000 -9999.000 -9999.000 -9999.000 -9999.000
-9999.000 -9999.000 -9999.000 -9999.000 -9999.000 -9999.000 -9999.000 -9999.000 -9999.000 -9999.000 -9999.000 -9999.000 -9999.000 -9999.000 -9999.000 0.3900533 0.3903338 0.3903132 0.3902435 0.3901471 0.3900330 0.3899059 0.3897675 0.3896149 0.3894393 0.3892241 0.3889420 0.3885498 0.3879876 0.3880717 0.3880717 -9999.000 -9999.000 -9999.000 -9999.000 -9999.000 -9999.000 -9999.000 -9999.000 -9999.000 -9999.000 -9999.000 -9999.000 -9999.000 -9999.000 -9999.000 -9999.000 -9999.000 -9999.000 -9999.000 -9999.000 -9999.000 -9999.000 -9999.000 -9999.000 -9999.000 -9999.000 -9999.000
-9999.000 -9999.000 -9999.000 -9999.000 -9999.000 -9999.000 -9999.000 -9999.000 -9999.000 -9999.000 -9999.000 -9999.000 -9999.000 -9999.000 -9999.000 0.3921170 0.3924093 0.3923872 0.3923144 0.3922138 0.3920946 0.3919618 0.3918166 0.3916554 0.3914680 0.3912348 0.3909242 0.3904852 0.3898411 0.3898502 0.3898502 -9999.000 -9999.000 -9999.000 -9999.000 -9999.000 -9999.000 -9999.000 -9999.000 -9999.000 -9999.000 -9999.000 -9999.000 -9999.000 -9999.000 -9999.000 -9999.000 -9999.000 -9999.000 -9999.000 -9999.000 -9999.000 -9999.000 -9999.000 -9999.000 -9999.000 -9999.000 -9999.000
-9999.000 -9999.000 -9999.000 -9999.000 -9999.000 -9999.000 -9999.000 -9999.000 -9999.000 -9999.000 -9999.000 -9999.000 -9999.000 -9999.000 -9999.000 0.3941803 0.3944820 0.3944572 0.3943804 0.3942745 0.3941490 0.3940091 0.3938555 0.3936837 0.3934816 0.3932264 0.3928808 0.3923838 0.3916365 0.3915336 0.3915336 -9999.000 -9999.000 -9999.000 -9999.000 -9999.000 -9999.000 -9999.000 -9999.000 -9999.000 -9999.000 -9999.000 -9999.000 -9999.000 -9999.000 -9999.000 -9999.000 -9999.000 -9999.000 -9999.000 -9999.000 -9999.000 -9999.000 -9999.000 -9999.000 -9999.000 -9999.000 -9999.000
-9999.000 -9999.000 -9999.000 -9999.000 -9999.000 -9999.000 -9999.000 -9999.000 -9999.000 -9999.000 -9999.000 -9999.000 -9999.000 -9999.000 -9999.000 0.3962398 0.3965489 0.3965200 0.3964381 0.3963257 0.3961927 0.3960442 0.3958806 0.3956960 0.3954761 0.3951939 0.3948051 0.3942358 0.3933566 0.3930839 0.3930839 -9999.000 -9999.000 -9999.000 -9999.000 -9999.000 -9999.000 -9999.000 -9999.000 -9999.000 -9999.000 -9999.000 -9999.000 -9999.000 -9999.000 -9999.000 -9999.000 -9999.000 -9999.000 -9999.000 -9999.000 -9999.000 -9999.000 -9999.000 -9999.000 -9999.000 -9999.000 -9999.000
-9999.000 -9999.000 -9999.000 -9999.000 -9999.000 -9999.000 -9999.000 -9999.000 -9999.000 -9999.000 -9999.000 -9999.000 -9999.000 -9999.000 -9999.000 0.3982917 0.3986067 0.3985722 0.3984837 0.3983634 0.3982213 0.3980624 0.3978867 0.3976868 0.3974452 0.3971296 0.3966868 0.3960256 0.3949751 0.3944375 0.3944375 -9999.000 -9999.000 -9999.000 -9999.000 -9999.000 -9999.000 -9999.000 -9999.000 -9999.000 -9999.000 -9999.000 -9999.000 -9999.000 -9999.000 -9999.000 -9999.000 -9999.000 -9999.000 -9999.000 -9999.000 -9999.000 -9999.000 -9999.000 -9999.000 -9999.000 -9999.000 -9999.000
-9999.000 -9999.000 -9999.000 -9999.000 -9999.000 -9999.000 -9999.000 -9999.000 -9999.000 -9999.000 -9999.000 -9999.000 -9999.000 -9999.000 -9999.000 0.4003306 0.4006512 0.4006093 0.4005126 0.4003823 0.4002287 0.4000571 0.3998666 0.3996477 0.3993790 0.3990213 0.3985093 0.3977287 0.3964499 0.3954832 0.3954832 -9999.000 -9999.000 -9999.000 -9999.000 -9999.000 -9999.000 -9999.000 -9999.000 -9999.000 -9999.000 -9999.000 -9999.000 -9999.000 -9999.000 -9999.000 -9999.000 -9999.000 -9999.000 -9999.000 -9999.000 -9999.000 -9999.000 -9999.000 -9999.000 -9999.000 -9999.000 -9999.000
-9999.000 -9999.000 -9999.000 -9999.000 -9999.000 -9999.000 -9999.000 -9999.000 -9999.000 -9999.000 -9999.000 -9999.000 -9999.000 -9999.000 -9999.000 0.4023474 0.4026754 0.4026246 0.4025176 0.4023747 0.4022065 0.4020184 0.4018087 0.4015650 0.4012611 0.4008482 0.4002444 0.3993031 0.3977104 0.3960119 0.3960119 -9999.000 -9999.000 -9999.000 -9999.000 -9999.000 -9999.000 -9999.000 -9999.000 -9999.000 -9999.000 -9999.000 -9999.000 -9999.000 -9999.000 -9999.000 -9999.000 -9999.000 -9999.000 -9999.000 -9999.000 -9999.000 -9999.000 -9999.000 -9999.000 -9999.000 -9999.000 -9999.000
-9999.000 -9999.000 -9999.000 -9999.000 -9999.000 -9999.000 -9999.000 -9999.000 -9999.000 -9999.000 -9999.000 -9999.000 -9999.000 -9999.000 -9999.000 0.4043120 0.4046576 0.4045997 0.4044830 0.4043262 0.4041403 0.4039310 0.4036954 0.4034179 0.4030647 0.4025744 0.4018416 0.4006721 0.3986269 0.3955946 0.3955946 -9999.000 -9999.000 -9999.000 -9999.000 -9999.000 -9999.000 -9999.000 -9999.000 -9999.000 -9999.000 -9999.000 -9999.000 -9999.000 -9999.000 -9999.000 -9999.000 -9999.000 -9999.000 -9999.000 -9999.000 -9999.000 -9999.000 -9999.000 -9999.000 -9999.000 -9999.000 -9999.000
-9999.000 -9999.000 -9999.000 -9999.000 -9999.000 -9999.000 -9999.000 -9999.000 -9999.000 -9999.000 -9999.000 -9999.000 -9999.000 -9999.000 -9999.000 0.4048479 0.4060192 0.4062428 0.4063182 0.4062841 0.4061690 0.4059932 0.4057636 0.4054670 0.4050629 0.4044706 0.4035455 0.4020097 0.3991937 0.3929322 0.3929322 -9999.000 -9999.000 -9999.000 -9999.000 -9999.000 -9999.000 -9999.000 -9999.000 -9999.000 -9999.000 -9999.000 -9999.000 -9999.000 -9999.000 -9999.000 -9999.000 -9999.000 -9999.000 -9999.000 -9999.000 -9999.000 -9999.000 -9999.000 -9999.000 -9999.000 -9999.000 -9999.000
0.4025068 0.4025068 0.3881812 0.3781317 0.3748345 0.3748345 0.3720585 0.3674589 0.3674589 0.3636460 0.3636460 0.3603481 0.3588479 0.3574292 0.3616931 0.3616931 0.4136273 0.4140402 0.4143797 0.4149361 0.4156047 0.4162495 0.4167061 0.4167504 0.4160733 0.4142394 0.4106020 0.4039786 0.3913735 0.3582232 0.3582232 0.2083343 0.1877611 0.1887154 0.1926158 0.1926158 0.2029827 0.2029827 0.2314540 0.2314540 0.2703343 0.3028430 0.3028430 0.3095818 0.3095818 0.3092590 0.3092590 0.3092590 0.3036475 0.3036475 0.2978707 0.2978707 0.2902272 0.2902272 0.2845217 0.2845217 0.2798386 0.2798386
0.4009975 0.4009975 0.3872473 0.3774993 0.3742401 0.3742401 0.3714807 0.3668931 0.3668931 0.3630883 0.3630883 0.3597997 0.3583041 0.3568901 0.3586082 0.3586082 0.4071901 0.4081301 0.4070839 0.4064886 0.4064621 0.4068910 0.4076109 0.4083764 0.4088342 0.4084531 0.4064581 0.4015704 0.3912495 0.3676580 0.3676580 0.2601870 0.2262208 0.2024003 0.1992745 0.1992745 0.2036832 0.2036832 0.2251613 0.2251613 0.2545799 0.3037033 0.3037033 0.3108568 0.3108568 0.3094191 0.3094191 0.3094191 0.3035581 0.3035581 0.2983302 0.2983302 0.2900028 0.2900028 0.2842928 0.2842928 0.2796103 0.2796103
0.4001912 0.4001912 0.3869292 0.3774422 0.3742161 0.3742161 0.3714682 0.3668792 0.3668792 0.3630674 0.3630674 0.3597743 0.3582771 0.3568617 0.3574624 0.3574624 0.4007421 0.4041050 0.4017138 0.3996041 0.3982919 0.3977091 0.3977177 0.3980898 0.3984816 0.3983147 0.3968333 0.3929218 0.3845681 0.3658947 0.3658947 0.2858508 0.2509480 0.2171845 0.2101941 0.2101941 0.2105623 0.2105623 0.2279198 0.2279198 0.2484425 0.2967282 0.2967282 0.3125110 0.3125110 0.3102086 0.3102086 0.3102086 0.3038908 0.3038908 0.2978959 0.2978959 0.2904364 0.2904364 0.2845047 0.2845047 0.2797526 0.2797526
0.3995591 0.3995591 0.3866556 0.3773959 0.3742055 0.3742055 0.3714719 0.3668845 0.3668845 0.3630677 0.3630677 0.3597726 0.3582753 0.3568602 0.3567605 0.3567605 0.3929380 0.3994471 0.3965969 0.3932517 0.3907489 0.3891261 0.3882816 0.3880211 0.3880873 0.3878652 0.3866046 0.3833274 0.3764711 0.3612567 0.3612567 0.3005282 0.2689459 0.2334227 0.2253918 0.2253918 0.2244533 0.2244533 0.2378587 0.2378587 0.2510399 0.2890755 0.2890755 0.3107162 0.3107162 0.3100099 0.3100099 0.3100099 0.3036178 0.3036178 0.2973065 0.2973065 0.2902496 0.2902496 0.2842921 0.2842921 0.2795933 0.2795933
0.3990838 0.3990838 0.3864331 0.3773549 0.3741969 0.3741969 0.3714770 0.3668909 0.3668909 0.3630686 0.3630686 0.3597713 0.3582740 0.3568593 0.3563100 0.3563100 0.3844285 0.3930194 0.3907166 0.3864919 0.3829290 0.3803462 0.3787094 0.3778515 0.3775168 0.3771509 0.3760541 0.3732905 0.3674403 0.3547714 0.3547714 0.3099420 0.2820783 0.2503828 0.2440286 0.2440286 0.2443895 0.2443895 0.2529703 0.2529703 0.2597429 0.2832194 0.2832194 0.3049235 0.3049235 0.3082511 0.3082511 0.3082511 0.3024825 0.3024825 0.2962126 0.2962126 0.2895805 0.2895805 0.2838365 0.2838365 0.2793548 0.2793548
0.3987531 0.3987531 0.3862692 0.3773229 0.3741905 0.3741905 0.3714817 0.3668966 0.3668966 0.3630694 0.3630694 0.3597702 0.3582729 0.3568586 0.3560214 0.3560214 0.3760247 0.3848324 0.3835049 0.3788447 0.3743885 0.3709092 0.3685114 0.3670800 0.3663780 0.3658996 0.3649682 0.3626865 0.3578157 0.3476665 0.3476665 0.3151968 0.2924170 0.2694701 0.2665322 0.2665322 0.2680061 0.2680061 0.2700319 0.2700319 0.2712915 0.2809288 0.2809288 0.2972233 0.2972233 0.3044904 0.3044904 0.3044904 0.3002160 0.3002160 0.2945377 0.2945377 0.2885134 0.2885134 0.2832263 0.2832263 0.2791338 0.2791338
0.3985583 0.3985583 0.3861689 0.3773024 0.3741865 0.3741865 0.3714849 0.3669004 0.3669004 0.3630700 0.3630700 0.3597695 0.3582721 0.3568580 0.3558371 0.3558371 0.3681512 0.3752736 0.3745969 0.3699027 0.3648050 0.3605407 0.3574251 0.3554361 0.3543800 0.3538097 0.3530788 0.3513276 0.3475058 0.3400695 0.3400695 0.3181551 0.3027477 0.2925816 0.2927274 0.2927274 0.2919371 0.2919371 0.2862446 0.2862446 0.2831162 0.2820697 0.2820697 0.2903607 0.2903607 0.2989960 0.2989960 0.2989960 0.2966910 0.2966910 0.2921667 0.2921667 0.2870563 0.2870563 0.2824847 0.2824847 0.2789661 0.2789661
0.3984939 0.3984939 0.3861352 0.3772953 0.3741851 0.3741851 0.3714860 0.3669018 0.3669018 0.3630702 0.3630702 0.3597692 0.3582719 0.3568579 0.3557198 0.3557198 0.3607884 0.3647687 0.3638459 0.3592608 0.3538156 0.3489608 0.3452287 0.3427256 0.3413314 0.3406759 0.3401632 0.3389848 0.3363446 0.3323173 0.3323173 0.3215546 0.3168766 0.3198477 0.3201976 0.3201976 0.3130549 0.3130549 0.3002047 0.3002047 0.2939230 0.2855027 0.2855027 0.2859507 0.2859507 0.2926477 0.2926477 0.2926477 0.2920694 0.2920694 0.2890550 0.2890550 0.2851905 0.2851905 0.2816112 0.2816112 0.2788641 0.2788641
0.3985583 0.3985583 0.3861689 0.3773024 0.3741864 0.3741864 0.3714849 0.3669004 0.3669004 0.3630700 0.3630700 0.3597695 0.3582721 0.3568580 0.3556454 0.3556454 0.3535614 0.3535183 0.3512668 0.3465764 0.3410072 0.3358200 0.3316566 0.3287471 0.3270664 0.3263404 0.3260508 0.3254759 0.3242997 0.3255944 0.3255944 0.3297162 0.3388032 0.3480198 0.3449957 0.3449957 0.3299368 0.3299368 0.3117169 0.3117169 0.3033260 0.2900327 0.2900327 0.2841482 0.2841482 0.2864972 0.2864972 0.2864972 0.2868054 0.2868054 0.2853083 0.2853083 0.2829354 0.2829354 0.2806118 0.2806118 0.2788244 0.2788244
0.3987531 0.3987531 0.3862691 0.3773229 0.3741905 0.3741905 0.3714817 0.3668965 0.3668965 0.3630694 0.3630694 0.3597702 0.3582729 0.3568585 0.3555984 0.3555984 0.3458090 0.3413484 0.3368600 0.3315939 0.3259615 0.3207019 0.3163669 0.3132435 0.3113939 0.3106502 0.3105971 0.3106737 0.3117057 0.3231402 0.3231402 0.3485840 0.3692172 0.3722700 0.3645907 0.3645907 0.3428438 0.3428438 0.3210771 0.3210771 0.3112946 0.2947752 0.2947752 0.2842760 0.2842760 0.2813278 0.2813278 0.2813278 0.2815008 0.2815008 0.2811997 0.2811997 0.2803943 0.2803943 0.2795149 0.2795149 0.2788326 0.2788326
0.3990838 0.3990838 0.3864331 0.3773549 0.3741969 0.3741969 0.3714770 0.3668909 0.3668909 0.3630686 0.3630686 0.3597713 0.3582740 0.3568593 0.3555691 0.3555691 0.3365699 0.3276336 0.3203899 0.3140620 0.3082807 0.3031521 0.2989433 0.2958792 0.2940626 0.2934191 0.2936519 0.2945383 0.3000278 0.3321347 0.3321347 0.3819431 0.4009106 0.3907776 0.3797438 0.3797438 0.3525981 0.3525981 0.3285576 0.3285576 0.3178245 0.2991406 0.2991406 0.2854723 0.2854723 0.2774714 0.2774714 0.2774714 0.2767127 0.2767127 0.2771179 0.2771179 0.2777638 0.2777638 0.2783873 0.2783873 0.2788715 0.2788715
