cruce_test.gid/Rasters/Hydraulic/Depth____000154.asc
NCOLS        79
NROWS        79
XLLCENTER         -1.500000
YLLCENTER         -4.800000
CELLSIZE           0.100
NODATA_VALUE     -9999.0
[rows 0 to 25 of 79, columns 0 to 58 of 79]
-9999.000 -9999.000 -9999.000 -9999.000 -9999.000 -9999.000 -9999.000 -9999.000 -9999.000 -9999.000 -9999.000 -9999.000 -9999.000 -9999.000 -9999.000 0.5945413 0.5947647 0.5947295 0.5946336 0.5944892 0.5943077 0.5941065 0.5938917 0.5936739 0.5934619 0.5932595 0.5930591 0.5928286 0.5924633 0.5924123 0.5924123 -9999.000 -9999.000 -9999.000 -9999.000 -9999.000 -9999.000 -9999.000 -9999.000 -9999.000 -9999.000 -9999.000 -9999.000 -9999.000 -9999.000 -9999.000 -9999.000 -9999.000 -9999.000 -9999.000 -9999.000 -9999.000 -9999.000 -9999.000 -9999.000 -9999.000 -9999.000 -9999.000 -9999.000
-9999.000 -9999.000 -9999.000 -9999.000 -9999.000 -9999.000 -9999.000 -9999.000 -9999.000 -9999.000 -9999.000 -9999.000 -9999.000 -9999.000 -9999.000 0.5963095 0.5965362 0.5965047 0.5964251 0.5963074 0.5961613 0.5960013 0.5958318 0.5956617 0.5954982 0.5953444 0.5951937 0.5950174 0.5947210 0.5947381 0.5947381 -9999.000 -9999.000 -9999.000 -9999.000 -9999.000 -9999.000 -9999.000 -9999.000 -9999.000 -9999.000 -9999.000 -9999.000 -9999.000 -9999.000 -9999.000 -9999.000 -9999.000 -9999.000 -9999.000 -9999.000 -9999.000 -9999.000 -9999.000 -9999.000 -9999.000 -9999.000 -9999.000 -9999.000
-9999.000 -9999.000 -9999.000 -9999.000 -9999.000 -9999.000 -9999.000 -9999.000 -9999.000 -9999.000 -9999.000 -9999.000 -9999.000 -9999.000 -9999.000 0.5982579 0.5985093 0.5984825 0.5984083 0.5982968 0.5981576 0.5980060 0.5978458 0.5976858 0.5975326 0.5973885 0.5972455 0.5970719 0.5967668 0.5967786 0.5967786 -9999.000 -9999.000 -9999.000 -9999.000 -9999.000 -9999.000 -9999.000 -9999.000 -9999.000 -9999.000 -9999.000 -9999.000 -9999.000 -9999.000 -9999.000 -9999.000 -9999.000 -9999.000 -9999.000 -9999.000 -9999.000 -9999.000 -9999.000 -9999.000 -9999.000 -9999.000 -9999.000 -9999.000
-9999.000 -9999.000 -9999.000 -9999.000 -9999.000 -9999.000 -9999.000 -9999.000 -9999.000 -9999.000 -9999.000 -9999.000 -9999.000 -9999.000 -9999.000 0.6002494 0.6005154 0.6004902 0.6004172 0.6003067 0.6001682 0.6000178 0.5998589 0.5997005 0.5995491 0.5994065 0.5992637 0.5990868 0.5987670 0.5987576 0.5987576 -9999.000 -9999.000 -9999.000 -9999.000 -9999.000 -9999.000 -9999.000 -9999.000 -9999.000 -9999.000 -9999.000 -9999.000 -9999.000 -9999.000 -9999.000 -9999.000 -9999.000 -9999.000 -9999.000 -9999.000 -9999.000 -9999.000 -9999.000 -9999.000 -9999.000 -9999.000 -9999.000 -9999.000
-9999.000 -9999.000 -9999.000 -9999.000 -9999.000 -9999.000 -9999.000 -9999.000 -9999.000 -9999.000 -9999.000 -9999.000 -9999.000 -9999.000 -9999.000 0.6022624 0.6025376 0.6025121 0.6024382 0.6023256 0.6021844 0.6020312 0.6018692 0.6017079 0.6015538 0.6014086 0.6012622 0.6010780 0.6007384 0.6006941 0.6006941 -9999.000 -9999.000 -9999.000 -9999.000 -9999.000 -9999.000 -9999.000 -9999.000 -9999.000 -9999.000 -9999.000 -9999.000 -9999.000 -9999.000 -9999.000 -9999.000 -9999.000 -9999.000 -9999.000 -9999.000 -9999.000 -9999.000 -9999.000 -9999.000 -9999.000 -9999.000 -9999.000 -9999.000
-9999.000 -9999.000 -9999.000 -9999.000 -9999.000 -9999.000 -9999.000 -9999.000 -9999.000 -9999.000 -9999.000 -9999.000 -9999.000 -9999.000 -9999.000 0.6042849 0.6045666 0.6045398 0.6044636 0.6043476 0.6042016 0.6040436 0.6038762 0.6037093 0.6035501 0.6033998 0.6032472 0.6030529 0.6026887 0.6025953 0.6025953 -9999.000 -9999.000 -9999.000 -9999.000 -9999.000 -9999.000 -9999.000 -9999.000 -9999.000 -9999.000 -9999.000 -9999.000 -9999.000 -9999.000 -9999.000 -9999.000 -9999.000 -9999.000 -9999.000 -9999.000 -9999.000 -9999.000 -9999.000 -9999.000 -9999.000 -9999.000 -9999.000 -9999.000
-9999.000 -9999.000 -9999.000 -9999.000 -9999.000 -9999.000 -9999.000 -9999.000 -9999.000 -9999.000 -9999.000 -9999.000 -9999.000 -9999.000 -9999.000 0.6063101 0.6065968 0.6065680 0.6064892 0.6063690 0.6062173 0.6060534 0.6058793 0.6057056 0.6055394 0.6053824 0.6052219 0.6050149 0.6046208 0.6044616 0.6044616 -9999.000 -9999.000 -9999.000 -9999.000 -9999.000 -9999.000 -9999.000 -9999.000 -9999.000 -9999.000 -9999.000 -9999.000 -9999.000 -9999.000 -9999.000 -9999.000 -9999.000 -9999.000 -9999.000 -9999.000 -9999.000 -9999.000 -9999.000 -9999.000 -9999.000 -9999.000 -9999.000 -9999.000
-9999.000 -9999.000 -9999.000 -9999.000 -9999.000 -9999.000 -9999.000 -9999.000 -9999.000 -9999.000 -9999.000 -9999.000 -9999.000 -9999.000 -9999.000 0.6083333 0.6086241 0.6085932 0.6085116 0.6083869 0.6082290 0.6080591 0.6078776 0.6076962 0.6075224 0.6073574 0.6071874 0.6069652 0.6065351 0.6062889 0.6062889 -9999.000 -9999.000 -9999.000 -9999.000 -9999.000 -9999.000 -9999.000 -9999.000 -9999.000 -9999.000 -9999.000 -9999.000 -9999.000 -9999.000 -9999.000 -9999.000 -9999.000 -9999.000 -9999.000 -9999.000 -9999.000 -9999.000 -9999.000 -9999.000 -9999.000 -9999.000 -9999.000 -9999.000
-9999.000 -9999.000 -9999.000 -9999.000 -9999.000 -9999.000 -9999.000 -9999.000 -9999.000 -9999.000 -9999.000 -9999.000 -9999.000 -9999.000 -9999.000 0.6103509 0.6106456 0.6106122 0.6105276 0.6103985 0.6102344 0.6100585 0.6098696 0.6096804 0.6094984 0.6093247 0.6091439 0.6089036 0.6084304 0.6080686 0.6080686 -9999.000 -9999.000 -9999.000 -9999.000 -9999.000 -9999.000 -9999.000 -9999.000 -9999.000 -9999.000 -9999.000 -9999.000 -9999.000 -9999.000 -9999.000 -9999.000 -9999.000 -9999.000 -9999.000 -9999.000 -9999.000 -9999.000 -9999.000 -9999.000 -9999.000 -9999.000 -9999.000 -9999.000
-9999.000 -9999.000 -9999.000 -9999.000 -9999.000 -9999.000 -9999.000 -9999.000 -9999.000 -9999.000 -9999.000 -9999.000 -9999.000 -9999.000 -9999.000 0.6123598 0.6126584 0.6126220 0.6125343 0.6124005 0.6122303 0.6120487 0.6118526 0.6116557 0.6114656 0.6112829 0.6110901 0.6108289 0.6103039 0.6097871 0.6097871 -9999.000 -9999.000 -9999.000 -9999.000 -9999.000 -9999.000 -9999.000 -9999.000 -9999.000 -9999.000 -9999.000 -9999.000 -9999.000 -9999.000 -9999.000 -9999.000 -9999.000 -9999.000 -9999.000 -9999.000 -9999.000 -9999.000 -9999.000 -9999.000 -9999.000 -9999.000 -9999.000 -9999.000
-9999.000 -9999.000 -9999.000 -9999.000 -9999.000 -9999.000 -9999.000 -9999.000 -9999.000 -9999.000 -9999.000 -9999.000 -9999.000 -9999.000 -9999.000 0.6143566 0.6146595 0.6146197 0.6145285 0.6143897 0.6142130 0.6140259 0.6138228 0.6136186 0.6134208 0.6132293 0.6130235 0.6127383 0.6121510 0.6114230 0.6114230 -9999.000 -9999.000 -9999.000 -9999.000 -9999.000 -9999.000 -9999.000 -9999.000 -9999.000 -9999.000 -9999.000 -9999.000 -9999.000 -9999.000 -9999.000 -9999.000 -9999.000 -9999.000 -9999.000 -9999.000 -9999.000 -9999.000 -9999.000 -9999.000 -9999.000 -9999.000 -9999.000 -9999.000
-9999.000 -9999.000 -9999.000 -9999.000 -9999.000 -9999.000 -9999.000 -9999.000 -9999.000 -9999.000 -9999.000 -9999.000 -9999.000 -9999.000 -9999.000 0.6163383 0.6166465 0.6166024 0.6165068 0.6163623 0.6161783 0.6159855 0.6157752 0.6155640 0.6153590 0.6151589 0.6149395 0.6146262 0.6139636 0.6129423 0.6129423 -9999.000 -9999.000 -9999.000 -9999.000 -9999.000 -9999.000 -9999.000 -9999.000 -9999.000 -9999.000 -9999.000 -9999.000 -9999.000 -9999.000 -9999.000 -9999.000 -9999.000 -9999.000 -9999.000 -9999.000 -9999.000 -9999.000 -9999.000 -9999.000 -9999.000 -9999.000 -9999.000 -9999.000
-9999.000 -9999.000 -9999.000 -9999.000 -9999.000 -9999.000 -9999.000 -9999.000 -9999.000 -9999.000 -9999.000 -9999.000 -9999.000 -9999.000 -9999.000 0.6183003 0.6186156 0.6185664 0.6184655 0.6183140 0.6181216 0.6179221 0.6177038 0.6174852 0.6172729 0.6170641 0.6168298 0.6164836 0.6157285 0.6142895 0.6142895 -9999.000 -9999.000 -9999.000 -9999.000 -9999.000 -9999.000 -9999.000 -9999.000 -9999.000 -9999.000 -9999.000 -9999.000 -9999.000 -9999.000 -9999.000 -9999.000 -9999.000 -9999.000 -9999.000 -9999.000 -9999.000 -9999.000 -9999.000 -9999.000 -9999.000 -9999.000 -9999.000 -9999.000
-9999.000 -9999.000 -9999.000 -9999.000 -9999.000 -9999.000 -9999.000 -9999.000 -9999.000 -9999.000 -9999.000 -9999.000 -9999.000 -9999.000 -9999.000 0.6202267 0.6205559 0.6205031 0.6203979 0.6202397 0.6200383 0.6198309 0.6196032 0.6193755 0.6191543 0.6189350 0.6186829 0.6182957 0.6174241 0.6153736 0.6153736 -9999.000 -9999.000 -9999.000 -9999.000 -9999.000 -9999.000 -9999.000 -9999.000 -9999.000 -9999.000 -9999.000 -9999.000 -9999.000 -9999.000 -9999.000 -9999.000 -9999.000 -9999.000 -9999.000 -9999.000 -9999.000 -9999.000 -9999.000 -9999.000 -9999.000 -9999.000 -9999.000 -9999.000
-9999.000 -9999.000 -9999.000 -9999.000 -9999.000 -9999.000 -9999.000 -9999.000 -9999.000 -9999.000 -9999.000 -9999.000 -9999.000 -9999.000 -9999.000 0.6203809 0.6218117 0.6221737 0.6223616 0.6223925 0.6222929 0.6221245 0.6218880 0.6216221 0.6213475 0.6210679 0.6207442 0.6202437 0.6191061 0.6154984 0.6154984 -9999.000 -9999.000 -9999.000 -9999.000 -9999.000 -9999.000 -9999.000 -9999.000 -9999.000 -9999.000 -9999.000 -9999.000 -9999.000 -9999.000 -9999.000 -9999.000 -9999.000 -9999.000 -9999.000 -9999.000 -9999.000 -9999.000 -9999.000 -9999.000 -9999.000 -9999.000 -9999.000 -9999.000
0.6854754 0.6854754 0.6716466 0.6562273 0.6523849 0.6523849 0.6491704 0.6437899 0.6437899 0.6392560 0.6392560 0.6353020 0.6335006 0.6317961 0.6301748 0.6301748 0.6253919 0.6252045 0.6253198 0.6258062 0.6266771 0.6282215 0.6299540 0.6319083 0.6339489 0.6358177 0.6369011 0.6357242 0.6283546 0.6000292 0.6000292 0.4146626 0.3849266 0.3691162 0.3638060 0.3638060 0.3560857 0.3560857 0.3617474 0.3617474 0.3734043 0.4207792 0.4207792 0.5106611 0.5106611 0.5388766 0.5388766 0.5388766 0.5356579 0.5356579 0.5259081 0.5259081 0.5139976 0.5139976 0.5019748 0.5019748 0.4910995 0.4910995 0.4910995
0.6836372 0.6836372 0.6692285 0.6552940 0.6514509 0.6514509 0.6482372 0.6428665 0.6428665 0.6383478 0.6383478 0.6344085 0.6326137 0.6309159 0.6293012 0.6293012 0.6249287 0.6227612 0.6201331 0.6174873 0.6151958 0.6136252 0.6127614 0.6126860 0.6133763 0.6147059 0.6163672 0.6179794 0.6165217 0.6032657 0.6032657 0.4763776 0.4293336 0.3846914 0.3726654 0.3726654 0.3600473 0.3600473 0.3646104 0.3646104 0.3753571 0.4161300 0.4161300 0.4930099 0.4930099 0.5382378 0.5382378 0.5382378 0.5359526 0.5359526 0.5262889 0.5262889 0.5143524 0.5143524 0.5023414 0.5023414 0.4914961 0.4914961 0.4914961
0.6826048 0.6826048 0.6681877 0.6553028 0.6514535 0.6514535 0.6482266 0.6428384 0.6428384 0.6383131 0.6383131 0.6343693 0.6325721 0.6308717 0.6292545 0.6292545 0.6245984 0.6206340 0.6157220 0.6106234 0.6059045 0.6019931 0.5990101 0.5970443 0.5961137 0.5961522 0.5969466 0.5981193 0.5976553 0.5895079 0.5895079 0.5068071 0.4579408 0.4006937 0.3841139 0.3841139 0.3686656 0.3686656 0.3762165 0.3762165 0.3881436 0.4239457 0.4239457 0.4820039 0.4820039 0.5336691 0.5336691 0.5336691 0.5344831 0.5344831 0.5257917 0.5257917 0.5141296 0.5141296 0.5022690 0.5022690 0.4915390 0.4915390 0.4915390
0.6817741 0.6817741 0.6673634 0.6553211 0.6514799 0.6514799 0.6482422 0.6428384 0.6428384 0.6383111 0.6383111 0.6343684 0.6325715 0.6308713 0.6292542 0.6292542 0.6237808 0.6180111 0.6109087 0.6035332 0.5966129 0.5906308 0.5857897 0.5821831 0.5798261 0.5786629 0.5785254 0.5791027 0.5789359 0.5734659 0.5734659 0.5201872 0.4763117 0.4166352 0.3986274 0.3986274 0.3852099 0.3852099 0.3982883 0.3982883 0.4107511 0.4383678 0.4383678 0.4754598 0.4754598 0.5240304 0.5240304 0.5240304 0.5292990 0.5292990 0.5230547 0.5230547 0.5125194 0.5125194 0.5012659 0.5012659 0.4909925 0.4909925 0.4909925
0.6811367 0.6811367 0.6667343 0.6553328 0.6515068 0.6515068 0.6482596 0.6428396 0.6428396 0.6383096 0.6383096 0.6343681 0.6325717 0.6308717 0.6292549 0.6292549 0.6222723 0.6145725 0.6052864 0.5957060 0.5866701 0.5787044 0.5720711 0.5668885 0.5631806 0.5608969 0.5598915 0.5598935 0.5598397 0.5563548 0.5563548 0.5219536 0.4856419 0.4310135 0.4157284 0.4157284 0.4115065 0.4115065 0.4298214 0.4298214 0.4400303 0.4553443 0.4553443 0.4729660 0.4729660 0.5111099 0.5111099 0.5111099 0.5203918 0.5203918 0.5177839 0.5177839 0.5094117 0.5094117 0.4994272 0.4994272 0.4900630 0.4900630 0.4900630
0.6806865 0.6806865 0.6662915 0.6553392 0.6515293 0.6515293 0.6482754 0.6428407 0.6428407 0.6383083 0.6383083 0.6343676 0.6325716 0.6308720 0.6292554 0.6292554 0.6198714 0.6100262 0.5985284 0.5868128 0.5757619 0.5659105 0.5575507 0.5508243 0.5457748 0.5423689 0.5404871 0.5398980 0.5398251 0.5378208 0.5378208 0.5159700 0.4879425 0.4452948 0.4378428 0.4378428 0.4483165 0.4483165 0.4659750 0.4659750 0.4704173 0.4716106 0.4716106 0.4737322 0.4737322 0.4978258 0.4978258 0.4978258 0.5089318 0.5089318 0.5101036 0.5101036 0.5047030 0.5047030 0.4967086 0.4967086 0.4887867 0.4887867 0.4887867
0.6804186 0.6804186 0.6660281 0.6553420 0.6515440 0.6515440 0.6482862 0.6428416 0.6428416 0.6383072 0.6383072 0.6343673 0.6325716 0.6308722 0.6292558 0.6292558 0.6163182 0.6040339 0.5902612 0.5764759 0.5635341 0.5519384 0.5419737 0.5337889 0.5274415 0.5229188 0.5201331 0.5188996 0.5186632 0.5177264 0.5177264 0.5045960 0.4853442 0.4639923 0.4697458 0.4697458 0.4926369 0.4926369 0.4999799 0.4999799 0.4968957 0.4856468 0.4856468 0.4767747 0.4767747 0.4864865 0.4864865 0.4864865 0.4965916 0.4965916 0.5005689 0.5005689 0.4984350 0.4984350 0.4930522 0.4930522 0.4871378 0.4871378 0.4871378
0.6803295 0.6803295 0.6659407 0.6553428 0.6515492 0.6515492 0.6482900 0.6428420 0.6428420 0.6383068 0.6383068 0.6343672 0.6325716 0.6308724 0.6292558 0.6292558 0.6112510 0.5961701 0.5800309 0.5642398 0.5495548 0.5364006 0.5250168 0.5155321 0.5080027 0.5024292 0.4987530 0.4968385 0.4963158 0.4961607 0.4961607 0.4896758 0.4808522 0.4942746 0.5147287 0.5147287 0.5364263 0.5364263 0.5270130 0.5270130 0.5174668 0.4974191 0.4974191 0.4812374 0.4812374 0.4781911 0.4781911 0.4781911 0.4849463 0.4849463 0.4900647 0.4900647 0.4908745 0.4908745 0.4884811 0.4884811 0.4850959 0.4850959 0.4850959
0.6804186 0.6804186 0.6660281 0.6553421 0.6515439 0.6515439 0.6482861 0.6428418 0.6428418 0.6383072 0.6383072 0.6343672 0.6325716 0.6308724 0.6292558 0.6292558 0.6041470 0.5858657 0.5672588 0.5495397 0.5332940 0.5188186 0.5062681 0.4957208 0.4872095 0.4807330 0.4762526 0.4736793 0.4728236 0.4734541 0.4734541 0.4735569 0.4802726 0.5415960 0.5680748 0.5680748 0.5710117 0.5710117 0.5464651 0.5464651 0.5328436 0.5073789 0.5073789 0.4863870 0.4863870 0.4729650 0.4729650 0.4729650 0.4750700 0.4750700 0.4795958 0.4795958 0.4825257 0.4825257 0.4831609 0.4831609 0.4826895 0.4826895 0.4826895
0.6806867 0.6806867 0.6662914 0.6553392 0.6515291 0.6515291 0.6482754 0.6428408 0.6428408 0.6383082 0.6383082 0.6343676 0.6325716 0.6308722 0.6292555 0.6292555 0.5942238 0.5723193 0.5511703 0.5316512 0.5140902 0.4986017 0.4852147 0.4739264 0.4647222 0.4575818 0.4524726 0.4493484 0.4482738 0.4504814 0.4504814 0.4610958 0.4948922 0.6005965 0.6157545 0.6157545 0.5936240 0.5936240 0.5602624 0.5602624 0.5445506 0.5158554 0.5158554 0.4916207 0.4916207 0.4702337 0.4702337 0.4702337 0.4674317 0.4674317 0.4700586 0.4700586 0.4740670 0.4740670 0.4774313 0.4774313 0.4800356 0.4800356 0.4800356
0.6811368 0.6811368 0.6667345 0.6553327 0.6515066 0.6515066 0.6482597 0.6428396 0.6428396 0.6383096 0.6383096 0.6343681 0.6325716 0.6308718 0.6292550 0.6292550 0.5802594 0.5543436 0.5306784 0.5096055 0.4910922 0.4750081 0.4612169 0.4496065 0.4400949 0.4326262 0.4271595 0.4237051 0.4229299 0.4300112 0.4300112 0.4639131 0.5391576 0.6519933 0.6457180 0.6457180 0.6074134 0.6074134 0.5703478 0.5703478 0.5536711 0.5229226 0.5229226 0.4964628 0.4964628 0.4692343 0.4692343 0.4692343 0.4620035 0.4620035 0.4620810 0.4620810 0.4662240 0.4662240 0.4717760 0.4717760 0.4773460 0.4773460 0.4773460
