cruce_test.gid/Rasters/Hydraulic/Depth____000188.asc
NCOLS        79
NROWS        79
XLLCENTER         -1.500000
YLLCENTER         -4.800000
CELLSIZE           0.100
NODATA_VALUE     -9999.0
[rows 0 to 25 of 79, columns 0 to 58 of 79]
-9999.000 -9999.000 -9999.000 -9999.000 -9999.000 -9999.000 -9999.000 -9999.000 -9999.000 -9999.000 -9999.000 -9999.000 -9999.000 -9999.000 -9999.000 0.7268220 0.7273374 0.7276046 0.7276907 0.7275295 0.7272567 0.7269449 0.7266177 0.7262945 0.7259994 0.7257270 0.7254786 0.7252321 0.7248874 0.7248613 0.7248613 -9999.000 -9999.000 -9999.000 -9999.000 -9999.000 -9999.000 -9999.000 -9999.000 -9999.000 -9999.000 -9999.000 -9999.000 -9999.000 -9999.000 -9999.000 -9999.000 -9999.000 -9999.000 -9999.000 -9999.000 -9999.000 -9999.000 -9999.000 -9999.000 -9999.000 -9999.000 -9999.000 -9999.000
-9999.000 -9999.000 -9999.000 -9999.000 -9999.000 -9999.000 -9999.000 -9999.000 -9999.000 -9999.000 -9999.000 -9999.000 -9999.000 -9999.000 -9999.000 0.7286295 0.7290903 0.7293075 0.7293767 0.7292438 0.7290250 0.7287806 0.7285282 0.7282823 0.7280619 0.7278607 0.7276788 0.7274958 0.7272224 0.7272789 0.7272789 -9999.000 -9999.000 -9999.000 -9999.000 -9999.000 -9999.000 -9999.000 -9999.000 -9999.000 -9999.000 -9999.000 -9999.000 -9999.000 -9999.000 -9999.000 -9999.000 -9999.000 -9999.000 -9999.000 -9999.000 -9999.000 -9999.000 -9999.000 -9999.000 -9999.000 -9999.000 -9999.000 -9999.000
-9999.000 -9999.000 -9999.000 -9999.000 -9999.000 -9999.000 -9999.000 -9999.000 -9999.000 -9999.000 -9999.000 -9999.000 -9999.000 -9999.000 -9999.000 0.7305445 0.7310438 0.7312753 0.7313560 0.7312291 0.7310154 0.7307772 0.7305322 0.7302948 0.7300840 0.7298920 0.7297179 0.7295391 0.7292613 0.7293150 0.7293150 -9999.000 -9999.000 -9999.000 -9999.000 -9999.000 -9999.000 -9999.000 -9999.000 -9999.000 -9999.000 -9999.000 -9999.000 -9999.000 -9999.000 -9999.000 -9999.000 -9999.000 -9999.000 -9999.000 -9999.000 -9999.000 -9999.000 -9999.000 -9999.000 -9999.000 -9999.000 -9999.000 -9999.000
-9999.000 -9999.000 -9999.000 -9999.000 -9999.000 -9999.000 -9999.000 -9999.000 -9999.000 -9999.000 -9999.000 -9999.000 -9999.000 -9999.000 -9999.000 0.7325075 0.7330329 0.7332736 0.7333603 0.7332331 0.7330177 0.7327784 0.7325326 0.7322947 0.7320849 0.7318934 0.7317193 0.7315385 0.7312506 0.7312848 0.7312848 -9999.000 -9999.000 -9999.000 -9999.000 -9999.000 -9999.000 -9999.000 -9999.000 -9999.000 -9999.000 -9999.000 -9999.000 -9999.000 -9999.000 -9999.000 -9999.000 -9999.000 -9999.000 -9999.000 -9999.000 -9999.000 -9999.000 -9999.000 -9999.000 -9999.000 -9999.000 -9999.000 -9999.000
-9999.000 -9999.000 -9999.000 -9999.000 -9999.000 -9999.000 -9999.000 -9999.000 -9999.000 -9999.000 -9999.000 -9999.000 -9999.000 -9999.000 -9999.000 0.7344881 0.7350348 0.7352828 0.7353730 0.7352423 0.7350218 0.7347777 0.7345273 0.7342851 0.7340723 0.7338775 0.7337000 0.7335140 0.7332119 0.7332136 0.7332136 -9999.000 -9999.000 -9999.000 -9999.000 -9999.000 -9999.000 -9999.000 -9999.000 -9999.000 -9999.000 -9999.000 -9999.000 -9999.000 -9999.000 -9999.000 -9999.000 -9999.000 -9999.000 -9999.000 -9999.000 -9999.000 -9999.000 -9999.000 -9999.000 -9999.000 -9999.000 -9999.000 -9999.000
-9999.000 -9999.000 -9999.000 -9999.000 -9999.000 -9999.000 -9999.000 -9999.000 -9999.000 -9999.000 -9999.000 -9999.000 -9999.000 -9999.000 -9999.000 0.7364732 0.7370394 0.7372935 0.7373859 0.7372500 0.7370226 0.7367722 0.7365153 0.7362669 0.7360496 0.7358497 0.7356671 0.7354739 0.7351540 0.7351109 0.7351109 -9999.000 -9999.000 -9999.000 -9999.000 -9999.000 -9999.000 -9999.000 -9999.000 -9999.000 -9999.000 -9999.000 -9999.000 -9999.000 -9999.000 -9999.000 -9999.000 -9999.000 -9999.000 -9999.000 -9999.000 -9999.000 -9999.000 -9999.000 -9999.000 -9999.000 -9999.000 -9999.000 -9999.000
-9999.000 -9999.000 -9999.000 -9999.000 -9999.000 -9999.000 -9999.000 -9999.000 -9999.000 -9999.000 -9999.000 -9999.000 -9999.000 -9999.000 -9999.000 0.7384569 0.7390419 0.7393012 0.7393950 0.7392527 0.7390175 0.7387600 0.7384958 0.7382401 0.7380177 0.7378118 0.7376230 0.7374212 0.7370799 0.7369779 0.7369779 -9999.000 -9999.000 -9999.000 -9999.000 -9999.000 -9999.000 -9999.000 -9999.000 -9999.000 -9999.000 -9999.000 -9999.000 -9999.000 -9999.000 -9999.000 -9999.000 -9999.000 -9999.000 -9999.000 -9999.000 -9999.000 -9999.000 -9999.000 -9999.000 -9999.000 -9999.000 -9999.000 -9999.000
-9999.000 -9999.000 -9999.000 -9999.000 -9999.000 -9999.000 -9999.000 -9999.000 -9999.000 -9999.000 -9999.000 -9999.000 -9999.000 -9999.000 -9999.000 0.7404361 0.7410398 0.7413034 0.7413980 0.7412484 0.7410046 0.7407396 0.7404676 0.7402042 0.7399764 0.7397637 0.7395682 0.7393565 0.7389899 0.7388114 0.7388114 -9999.000 -9999.000 -9999.000 -9999.000 -9999.000 -9999.000 -9999.000 -9999.000 -9999.000 -9999.000 -9999.000 -9999.000 -9999.000 -9999.000 -9999.000 -9999.000 -9999.000 -9999.000 -9999.000 -9999.000 -9999.000 -9999.000 -9999.000 -9999.000 -9999.000 -9999.000 -9999.000 -9999.000
-9999.000 -9999.000 -9999.000 -9999.000 -9999.000 -9999.000 -9999.000 -9999.000 -9999.000 -9999.000 -9999.000 -9999.000 -9999.000 -9999.000 -9999.000 0.7424092 0.7430315 0.7432986 0.7433933 0.7432354 0.7429824 0.7427096 0.7424296 0.7421580 0.7419248 0.7417049 0.7415020 0.7412789 0.7408828 0.7406046 0.7406046 -9999.000 -9999.000 -9999.000 -9999.000 -9999.000 -9999.000 -9999.000 -9999.000 -9999.000 -9999.000 -9999.000 -9999.000 -9999.000 -9999.000 -9999.000 -9999.000 -9999.000 -9999.000 -9999.000 -9999.000 -9999.000 -9999.000 -9999.000 -9999.000 -9999.000 -9999.000 -9999.000 -9999.000
-9999.000 -9999.000 -9999.000 -9999.000 -9999.000 -9999.000 -9999.000 -9999.000 -9999.000 -9999.000 -9999.000 -9999.000 -9999.000 -9999.000 -9999.000 0.7443749 0.7450159 0.7452854 0.7453795 0.7452121 0.7449493 0.7446685 0.7443800 0.7441000 0.7438617 0.7436339 0.7434229 0.7431870 0.7427558 0.7423471 0.7423471 -9999.000 -9999.000 -9999.000 -9999.000 -9999.000 -9999.000 -9999.000 -9999.000 -9999.000 -9999.000 -9999.000 -9999.000 -9999.000 -9999.000 -9999.000 -9999.000 -9999.000 -9999.000 -9999.000 -9999.000 -9999.000 -9999.000 -9999.000 -9999.000 -9999.000 -9999.000 -9999.000 -9999.000
-9999.000 -9999.000 -9999.000 -9999.000 -9999.000 -9999.000 -9999.000 -9999.000 -9999.000 -9999.000 -9999.000 -9999.000 -9999.000 -9999.000 -9999.000 0.7463314 0.7469914 0.7472622 0.7473547 0.7471766 0.7469032 0.7466143 0.7463170 0.7460281 0.7457849 0.7455487 0.7453288 0.7450782 0.7446055 0.7440237 0.7440237 -9999.000 -9999.000 -9999.000 -9999.000 -9999.000 -9999.000 -9999.000 -9999.000 -9999.000 -9999.000 -9999.000 -9999.000 -9999.000 -9999.000 -9999.000 -9999.000 -9999.000 -9999.000 -9999.000 -9999.000 -9999.000 -9999.000 -9999.000 -9999.000 -9999.000 -9999.000 -9999.000 -9999.000
-9999.000 -9999.000 -9999.000 -9999.000 -9999.000 -9999.000 -9999.000 -9999.000 -9999.000 -9999.000 -9999.000 -9999.000 -9999.000 -9999.000 -9999.000 0.7482766 0.7489561 0.7492269 0.7493170 0.7491266 0.7488418 0.7485445 0.7482381 0.7479400 0.7476922 0.7474466 0.7472169 0.7469491 0.7464266 0.7456123 0.7456123 -9999.000 -9999.000 -9999.000 -9999.000 -9999.000 -9999.000 -9999.000 -9999.000 -9999.000 -9999.000 -9999.000 -9999.000 -9999.000 -9999.000 -9999.000 -9999.000 -9999.000 -9999.000 -9999.000 -9999.000 -9999.000 -9999.000 -9999.000 -9999.000 -9999.000 -9999.000 -9999.000 -9999.000
-9999.000 -9999.000 -9999.000 -9999.000 -9999.000 -9999.000 -9999.000 -9999.000 -9999.000 -9999.000 -9999.000 -9999.000 -9999.000 -9999.000 -9999.000 0.7502004 0.7509015 0.7511716 0.7512619 0.7510605 0.7507643 0.7504584 0.7501422 0.7498341 0.7495817 0.7493253 0.7490844 0.7487959 0.7482129 0.7470801 0.7470801 -9999.000 -9999.000 -9999.000 -9999.000 -9999.000 -9999.000 -9999.000 -9999.000 -9999.000 -9999.000 -9999.000 -9999.000 -9999.000 -9999.000 -9999.000 -9999.000 -9999.000 -9999.000 -9999.000 -9999.000 -9999.000 -9999.000 -9999.000 -9999.000 -9999.000 -9999.000 -9999.000 -9999.000
-9999.000 -9999.000 -9999.000 -9999.000 -9999.000 -9999.000 -9999.000 -9999.000 -9999.000 -9999.000 -9999.000 -9999.000 -9999.000 -9999.000 -9999.000 0.7517905 0.7525766 0.7529321 0.7531782 0.7530529 0.7527571 0.7524390 0.7521052 0.7517768 0.7515109 0.7512330 0.7509716 0.7506520 0.7499900 0.7484159 0.7484159 -9999.000 -9999.000 -9999.000 -9999.000 -9999.000 -9999.000 -9999.000 -9999.000 -9999.000 -9999.000 -9999.000 -9999.000 -9999.000 -9999.000 -9999.000 -9999.000 -9999.000 -9999.000 -9999.000 -9999.000 -9999.000 -9999.000 -9999.000 -9999.000 -9999.000 -9999.000 -9999.000 -9999.000
-9999.000 -9999.000 -9999.000 -9999.000 -9999.000 -9999.000 -9999.000 -9999.000 -9999.000 -9999.000 -9999.000 -9999.000 -9999.000 -9999.000 -9999.000 0.7393505 0.7488715 0.7542089 0.7580529 0.7589635 0.7580667 0.7571074 0.7561727 0.7553131 0.7546145 0.7539747 0.7534198 0.7528391 0.7518504 0.7489482 0.7489482 -9999.000 -9999.000 -9999.000 -9999.000 -9999.000 -9999.000 -9999.000 -9999.000 -9999.000 -9999.000 -9999.000 -9999.000 -9999.000 -9999.000 -9999.000 -9999.000 -9999.000 -9999.000 -9999.000 -9999.000 -9999.000 -9999.000 -9999.000 -9999.000 -9999.000 -9999.000 -9999.000 -9999.000
0.8463922 0.8463922 0.8511339 0.8265008 0.8218880 0.8218880 0.8182055 0.8121012 0.8121012 0.8070625 0.8070625 0.8027651 0.8008239 0.7989939 0.7972590 0.7972590 0.7586066 0.7572837 0.7560978 0.7545336 0.7556023 0.7573284 0.7593769 0.7617859 0.7650463 0.7678307 0.7703370 0.7713904 0.7671394 0.7420055 0.7420055 0.5355353 0.4962952 0.4696727 0.4604025 0.4604025 0.4443470 0.4443470 0.4388425 0.4388425 0.4444241 0.4800059 0.4800059 0.5520059 0.5520059 0.6561581 0.6561581 0.6561581 0.6661943 0.6661943 0.6596120 0.6596120 0.6460156 0.6460156 0.6304370 0.6304370 0.6152726 0.6152726 0.6152726
0.8432609 0.8432609 0.8499544 0.8255277 0.8207974 0.8207974 0.8170758 0.8109694 0.8109694 0.8059494 0.8059494 0.8016699 0.7997370 0.7979147 0.7961876 0.7961876 0.7637254 0.7575136 0.7523364 0.7474502 0.7439857 0.7414382 0.7397131 0.7389148 0.7392984 0.7404147 0.7422515 0.7443221 0.7450336 0.7385276 0.7385276 0.6027827 0.5468956 0.4892205 0.4721282 0.4721282 0.4498205 0.4498205 0.4437354 0.4437354 0.4491941 0.4816726 0.4816726 0.5424357 0.5424357 0.6449794 0.6449794 0.6449794 0.6630397 0.6630397 0.6589947 0.6589947 0.6462571 0.6462571 0.6310223 0.6310223 0.6160114 0.6160114 0.6160114
0.8417757 0.8417757 0.8493680 0.8256599 0.8208642 0.8208642 0.8170801 0.8109297 0.8109297 0.8059044 0.8059044 0.8016214 0.7996858 0.7978609 0.7961307 0.7961307 0.7677867 0.7576907 0.7487175 0.7404770 0.7335988 0.7280155 0.7236391 0.7204764 0.7186712 0.7180073 0.7184114 0.7195660 0.7203326 0.7163945 0.7163945 0.6337598 0.5774512 0.5069819 0.4846485 0.4846485 0.4580273 0.4580273 0.4556243 0.4556243 0.4642606 0.4984906 0.4984906 0.5472198 0.5472198 0.6332058 0.6332058 0.6332058 0.6561015 0.6561015 0.6558663 0.6558663 0.6449038 0.6449038 0.6304118 0.6304118 0.6157585 0.6157585 0.6157585
0.8408998 0.8408998 0.8483943 0.8258028 0.8209725 0.8209725 0.8171225 0.8109229 0.8109229 0.8058985 0.8058985 0.8016201 0.7996855 0.7978608 0.7961307 0.7961307 0.7706808 0.7574608 0.7449390 0.7333558 0.7232464 0.7147614 0.7078893 0.7025990 0.6989268 0.6967238 0.6958629 0.6960844 0.6965640 0.6942220 0.6942220 0.6434745 0.5950850 0.5232949 0.4989496 0.4989496 0.4730308 0.4730308 0.4789682 0.4789682 0.4917251 0.5247147 0.5247147 0.5575652 0.5575652 0.6193832 0.6193832 0.6193832 0.6440021 0.6440021 0.6485050 0.6485050 0.6408022 0.6408022 0.6280822 0.6280822 0.6144529 0.6144529 0.6144529
0.8409271 0.8409271 0.8466727 0.8259776 0.8211008 0.8211008 0.8171758 0.8109174 0.8109174 0.8058935 0.8058935 0.8016202 0.7996868 0.7978626 0.7961327 0.7961327 0.7720063 0.7561460 0.7404140 0.7256514 0.7124607 0.7011274 0.6917340 0.6842729 0.6787369 0.6750095 0.6729405 0.6722864 0.6724203 0.6711575 0.6711575 0.6400712 0.6016964 0.5361556 0.5137962 0.5137962 0.4972354 0.4972354 0.5153871 0.5153871 0.5301974 0.5546416 0.5546416 0.5696140 0.5696140 0.6058313 0.6058313 0.6058313 0.6285306 0.6285306 0.6372432 0.6372432 0.6338431 0.6338431 0.6239896 0.6239896 0.6121879 0.6121879 0.6121879
0.8410605 0.8410605 0.8452568 0.8261168 0.8212017 0.8212017 0.8172190 0.8109130 0.8109130 0.8058888 0.8058888 0.8016196 0.7996871 0.7978629 0.7961329 0.7961329 0.7714870 0.7531680 0.7345263 0.7168319 0.7007891 0.6867671 0.6749212 0.6652853 0.6578504 0.6525292 0.6491805 0.6475849 0.6472577 0.6466652 0.6466652 0.6280501 0.5995941 0.5462852 0.5309812 0.5309812 0.5340292 0.5340292 0.5621315 0.5621315 0.5736392 0.5825673 0.5825673 0.5810925 0.5810925 0.5947109 0.5947109 0.5947109 0.6123107 0.6123107 0.6232892 0.6232892 0.6242523 0.6242523 0.6180772 0.6180772 0.6089140 0.6089140 0.6089140
0.8411114 0.8411114 0.8443433 0.8262262 0.8212779 0.8212779 0.8172519 0.8109103 0.8109103 0.8058857 0.8058857 0.8016196 0.7996875 0.7978637 0.7961335 0.7961335 0.7688630 0.7480074 0.7266518 0.7062886 0.6876788 0.6712230 0.6571129 0.6454137 0.6361287 0.6291970 0.6245043 0.6218674 0.6209208 0.6206353 0.6206353 0.6100901 0.5909384 0.5572250 0.5559912 0.5559912 0.5848285 0.5848285 0.6109700 0.6109700 0.6137657 0.6053646 0.6053646 0.5913181 0.5913181 0.5870464 0.5870464 0.5870464 0.5975772 0.5975772 0.6082419 0.6082419 0.6126031 0.6126031 0.6104141 0.6104141 0.6045783 0.6045783 0.6045783
0.8411332 0.8411332 0.8440296 0.8262641 0.8213045 0.8213045 0.8172634 0.8109094 0.8109094 0.8058847 0.8058847 0.8016195 0.7996877 0.7978640 0.7961338 0.7961338 0.7637745 0.7401012 0.7161192 0.6933337 0.6724752 0.6539171 0.6378404 0.6243146 0.6133466 0.6048955 0.5988753 0.5951458 0.5934541 0.5932219 0.5932219 0.5881784 0.5783247 0.5764213 0.5967715 0.5967715 0.6438068 0.6438068 0.6523849 0.6523849 0.6450459 0.6228647 0.6228647 0.6004243 0.6004243 0.5827886 0.5827886 0.5827886 0.5856472 0.5856472 0.5936638 0.5936638 0.5998054 0.5998054 0.6012890 0.6012890 0.5992098 0.5992098 0.5992098
0.8411114 0.8411114 0.8443432 0.8262264 0.8212779 0.8212779 0.8172520 0.8109103 0.8109103 0.8058858 0.8058858 0.8016195 0.7996875 0.7978637 0.7961335 0.7961335 0.7556689 0.7287514 0.7021477 0.6771716 0.6544152 0.6341539 0.6165064 0.6015084 0.5891510 0.5793970 0.5721810 0.5674045 0.5649395 0.5647731 0.5647731 0.5644543 0.5663022 0.6147001 0.6570168 0.6570168 0.6977730 0.6977730 0.6818766 0.6818766 0.6670171 0.6363216 0.6363216 0.6086266 0.6086266 0.5812514 0.5812514 0.5812514 0.5769012 0.5769012 0.5807518 0.5807518 0.5869048 0.5869048 0.5912398 0.5912398 0.5929982 0.5929982 0.5929982
0.8410606 0.8410606 0.8452566 0.8261169 0.8212017 0.8212017 0.8172190 0.8109129 0.8109129 0.8058889 0.8058889 0.8016195 0.7996871 0.7978631 0.7961329 0.7961329 0.7436684 0.7129933 0.6837461 0.6568366 0.6325912 0.6111062 0.5923827 0.5763818 0.5630528 0.5523416 0.5441897 0.5385363 0.5354512 0.5360622 0.5360622 0.5427665 0.5645607 0.6780818 0.7264994 0.7264994 0.7354776 0.7354776 0.7009711 0.7009711 0.6821921 0.6470207 0.6470207 0.6159998 0.6159998 0.5815800 0.5815800 0.5815800 0.5710784 0.5710784 0.5701938 0.5701938 0.5749089 0.5749089 0.5810072 0.5810072 0.5863191 0.5863191 0.5863191
0.8409272 0.8409272 0.8466727 0.8259777 0.8211007 0.8211007 0.8171759 0.8109173 0.8109173 0.8058936 0.8058936 0.8016201 0.7996870 0.7978628 0.7961325 0.7961325 0.7263402 0.6913953 0.6595591 0.6310834 0.6058794 0.5837733 0.5645897 0.5481775 0.5344186 0.5232238 0.5145265 0.5083125 0.5051544 0.5094866 0.5094866 0.5327306 0.5906839 0.7542649 0.7828569 0.7828569 0.7564360 0.7564360 0.7133936 0.7133936 0.6930533 0.6556327 0.6556327 0.6224039 0.6224039 0.5829535 0.5829535 0.5829535 0.5675777 0.5675777 0.5621805 0.5621805 0.5646123 0.5646123 0.5714216 0.5714216 0.5797112 0.5797112 0.5797112
