cruce_test.gid/Rasters/Hydraulic/Depth____000144.asc
NCOLS        79
NROWS        79
XLLCENTER         -1.500000
YLLCENTER         -4.800000
CELLSIZE           0.100
NODATA_VALUE     -9999.0
[rows 0 to 25 of 79, columns 0 to 58 of 79]
-9999.000 -9999.000 -9999.000 -9999.000 -9999.000 -9999.000 -9999.000 -9999.000 -9999.000 -9999.000 -9999.000 -9999.000 -9999.000 -9999.000 -9999.000 0.5533305 0.5535423 0.5535123 0.5534249 0.5532953 0.5531318 0.5529454 0.5527469 0.5525452 0.5523468 0.5521525 0.5519549 0.5517115 0.5513222 0.5512810 0.5512810 -9999.000 -9999.000 -9999.000 -9999.000 -9999.000 -9999.000 -9999.000 -9999.000 -9999.000 -9999.000 -9999.000 -9999.000 -9999.000 -9999.000 -9999.000 -9999.000 -9999.000 -9999.000 -9999.000 -9999.000 -9999.000 -9999.000 -9999.000 -9999.000 -9999.000 -9999.000 -9999.000 -9999.000
-9999.000 -9999.000 -9999.000 -9999.000 -9999.000 -9999.000 -9999.000 -9999.000 -9999.000 -9999.000 -9999.000 -9999.000 -9999.000 -9999.000 -9999.000 0.5551269 0.5553391 0.5553106 0.5552360 0.5551284 0.5549945 0.5548435 0.5546842 0.5545240 0.5543686 0.5542187 0.5540683 0.5538797 0.5535609 0.5535816 0.5535816 -9999.000 -9999.000 -9999.000 -9999.000 -9999.000 -9999.000 -9999.000 -9999.000 -9999.000 -9999.000 -9999.000 -9999.000 -9999.000 -9999.000 -9999.000 -9999.000 -9999.000 -9999.000 -9999.000 -9999.000 -9999.000 -9999.000 -9999.000 -9999.000 -9999.000 -9999.000 -9999.000 -9999.000
-9999.000 -9999.000 -9999.000 -9999.000 -9999.000 -9999.000 -9999.000 -9999.000 -9999.000 -9999.000 -9999.000 -9999.000 -9999.000 -9999.000 -9999.000 0.5570788 0.5573166 0.5572927 0.5572231 0.5571214 0.5569945 0.5568516 0.5567013 0.5565512 0.5564061 0.5562660 0.5561230 0.5559358 0.5556058 0.5556204 0.5556204 -9999.000 -9999.000 -9999.000 -9999.000 -9999.000 -9999.000 -9999.000 -9999.000 -9999.000 -9999.000 -9999.000 -9999.000 -9999.000 -9999.000 -9999.000 -9999.000 -9999.000 -9999.000 -9999.000 -9999.000 -9999.000 -9999.000 -9999.000 -9999.000 -9999.000 -9999.000 -9999.000 -9999.000
-9999.000 -9999.000 -9999.000 -9999.000 -9999.000 -9999.000 -9999.000 -9999.000 -9999.000 -9999.000 -9999.000 -9999.000 -9999.000 -9999.000 -9999.000 0.5590691 0.5593231 0.5593010 0.5592329 0.5591326 0.5590070 0.5588658 0.5587175 0.5585696 0.5584269 0.5582885 0.5581458 0.5579541 0.5576066 0.5575996 0.5575996 -9999.000 -9999.000 -9999.000 -9999.000 -9999.000 -9999.000 -9999.000 -9999.000 -9999.000 -9999.000 -9999.000 -9999.000 -9999.000 -9999.000 -9999.000 -9999.000 -9999.000 -9999.000 -9999.000 -9999.000 -9999.000 -9999.000 -9999.000 -9999.000 -9999.000 -9999.000 -9999.000 -9999.000
-9999.000 -9999.000 -9999.000 -9999.000 -9999.000 -9999.000 -9999.000 -9999.000 -9999.000 -9999.000 -9999.000 -9999.000 -9999.000 -9999.000 -9999.000 0.5610788 0.5613437 0.5613216 0.5612527 0.5611512 0.5610237 0.5608804 0.5607300 0.5605802 0.5604357 0.5602953 0.5601491 0.5599487 0.5595782 0.5595357 0.5595357 -9999.000 -9999.000 -9999.000 -9999.000 -9999.000 -9999.000 -9999.000 -9999.000 -9999.000 -9999.000 -9999.000 -9999.000 -9999.000 -9999.000 -9999.000 -9999.000 -9999.000 -9999.000 -9999.000 -9999.000 -9999.000 -9999.000 -9999.000 -9999.000 -9999.000 -9999.000 -9999.000 -9999.000
-9999.000 -9999.000 -9999.000 -9999.000 -9999.000 -9999.000 -9999.000 -9999.000 -9999.000 -9999.000 -9999.000 -9999.000 -9999.000 -9999.000 -9999.000 0.5630968 0.5633696 0.5633464 0.5632755 0.5631711 0.5630399 0.5628923 0.5627376 0.5625837 0.5624352 0.5622903 0.5621384 0.5619266 0.5615274 0.5614349 0.5614349 -9999.000 -9999.000 -9999.000 -9999.000 -9999.000 -9999.000 -9999.000 -9999.000 -9999.000 -9999.000 -9999.000 -9999.000 -9999.000 -9999.000 -9999.000 -9999.000 -9999.000 -9999.000 -9999.000 -9999.000 -9999.000 -9999.000 -9999.000 -9999.000 -9999.000 -9999.000 -9999.000 -9999.000
-9999.000 -9999.000 -9999.000 -9999.000 -9999.000 -9999.000 -9999.000 -9999.000 -9999.000 -9999.000 -9999.000 -9999.000 -9999.000 -9999.000 -9999.000 0.5651169 0.5653958 0.5653707 0.5652970 0.5651888 0.5650527 0.5648997 0.5647395 0.5645801 0.5644262 0.5642756 0.5641162 0.5638903 0.5634565 0.5632966 0.5632966 -9999.000 -9999.000 -9999.000 -9999.000 -9999.000 -9999.000 -9999.000 -9999.000 -9999.000 -9999.000 -9999.000 -9999.000 -9999.000 -9999.000 -9999.000 -9999.000 -9999.000 -9999.000 -9999.000 -9999.000 -9999.000 -9999.000 -9999.000 -9999.000 -9999.000 -9999.000 -9999.000 -9999.000
-9999.000 -9999.000 -9999.000 -9999.000 -9999.000 -9999.000 -9999.000 -9999.000 -9999.000 -9999.000 -9999.000 -9999.000 -9999.000 -9999.000 -9999.000 0.5671349 0.5674189 0.5673913 0.5673144 0.5672018 0.5670602 0.5669011 0.5667346 0.5665688 0.5664088 0.5662515 0.5660833 0.5658405 0.5653650 0.5651149 0.5651149 -9999.000 -9999.000 -9999.000 -9999.000 -9999.000 -9999.000 -9999.000 -9999.000 -9999.000 -9999.000 -9999.000 -9999.000 -9999.000 -9999.000 -9999.000 -9999.000 -9999.000 -9999.000 -9999.000 -9999.000 -9999.000 -9999.000 -9999.000 -9999.000 -9999.000 -9999.000 -9999.000 -9999.000
-9999.000 -9999.000 -9999.000 -9999.000 -9999.000 -9999.000 -9999.000 -9999.000 -9999.000 -9999.000 -9999.000 -9999.000 -9999.000 -9999.000 -9999.000 0.5691483 0.5694366 0.5694062 0.5693256 0.5692081 0.5690606 0.5688948 0.5687213 0.5685487 0.5683817 0.5682168 0.5680385 0.5677757 0.5672501 0.5668789 0.5668789 -9999.000 -9999.000 -9999.000 -9999.000 -9999.000 -9999.000 -9999.000 -9999.000 -9999.000 -9999.000 -9999.000 -9999.000 -9999.000 -9999.000 -9999.000 -9999.000 -9999.000 -9999.000 -9999.000 -9999.000 -9999.000 -9999.000 -9999.000 -9999.000 -9999.000 -9999.000 -9999.000 -9999.000
-9999.000 -9999.000 -9999.000 -9999.000 -9999.000 -9999.000 -9999.000 -9999.000 -9999.000 -9999.000 -9999.000 -9999.000 -9999.000 -9999.000 -9999.000 0.5711544 0.5714471 0.5714131 0.5713286 0.5712059 0.5710519 0.5708789 0.5706979 0.5705178 0.5703434 0.5701699 0.5699798 0.5696932 0.5691068 0.5685709 0.5685709 -9999.000 -9999.000 -9999.000 -9999.000 -9999.000 -9999.000 -9999.000 -9999.000 -9999.000 -9999.000 -9999.000 -9999.000 -9999.000 -9999.000 -9999.000 -9999.000 -9999.000 -9999.000 -9999.000 -9999.000 -9999.000 -9999.000 -9999.000 -9999.000 -9999.000 -9999.000 -9999.000 -9999.000
-9999.000 -9999.000 -9999.000 -9999.000 -9999.000 -9999.000 -9999.000 -9999.000 -9999.000 -9999.000 -9999.000 -9999.000 -9999.000 -9999.000 -9999.000 0.5731506 0.5734479 0.5734100 0.5733210 0.5731927 0.5730317 0.5728509 0.5726619 0.5724736 0.5722910 0.5721079 0.5719042 0.5715887 0.5709279 0.5701635 0.5701635 -9999.000 -9999.000 -9999.000 -9999.000 -9999.000 -9999.000 -9999.000 -9999.000 -9999.000 -9999.000 -9999.000 -9999.000 -9999.000 -9999.000 -9999.000 -9999.000 -9999.000 -9999.000 -9999.000 -9999.000 -9999.000 -9999.000 -9999.000 -9999.000 -9999.000 -9999.000 -9999.000 -9999.000
-9999.000 -9999.000 -9999.000 -9999.000 -9999.000 -9999.000 -9999.000 -9999.000 -9999.000 -9999.000 -9999.000 -9999.000 -9999.000 -9999.000 -9999.000 0.5751332 0.5754362 0.5753937 0.5753000 0.5751653 0.5749968 0.5748075 0.5746095 0.5744123 0.5742204 0.5740262 0.5738061 0.5734552 0.5727018 0.5716136 0.5716136 -9999.000 -9999.000 -9999.000 -9999.000 -9999.000 -9999.000 -9999.000 -9999.000 -9999.000 -9999.000 -9999.000 -9999.000 -9999.000 -9999.000 -9999.000 -9999.000 -9999.000 -9999.000 -9999.000 -9999.000 -9999.000 -9999.000 -9999.000 -9999.000 -9999.000 -9999.000 -9999.000 -9999.000
-9999.000 -9999.000 -9999.000 -9999.000 -9999.000 -9999.000 -9999.000 -9999.000 -9999.000 -9999.000 -9999.000 -9999.000 -9999.000 -9999.000 -9999.000 0.5770974 0.5774078 0.5773602 0.5772611 0.5771192 0.5769422 0.5767434 0.5765354 0.5763280 0.5761253 0.5759178 0.5756775 0.5752817 0.5744111 0.5728499 0.5728499 -9999.000 -9999.000 -9999.000 -9999.000 -9999.000 -9999.000 -9999.000 -9999.000 -9999.000 -9999.000 -9999.000 -9999.000 -9999.000 -9999.000 -9999.000 -9999.000 -9999.000 -9999.000 -9999.000 -9999.000 -9999.000 -9999.000 -9999.000 -9999.000 -9999.000 -9999.000 -9999.000 -9999.000
-9999.000 -9999.000 -9999.000 -9999.000 -9999.000 -9999.000 -9999.000 -9999.000 -9999.000 -9999.000 -9999.000 -9999.000 -9999.000 -9999.000 -9999.000 0.5790257 0.5793505 0.5792990 0.5791959 0.5790474 0.5788619 0.5786527 0.5784334 0.5782138 0.5779975 0.5777727 0.5775058 0.5770513 0.5760280 0.5737535 0.5737535 -9999.000 -9999.000 -9999.000 -9999.000 -9999.000 -9999.000 -9999.000 -9999.000 -9999.000 -9999.000 -9999.000 -9999.000 -9999.000 -9999.000 -9999.000 -9999.000 -9999.000 -9999.000 -9999.000 -9999.000 -9999.000 -9999.000 -9999.000 -9999.000 -9999.000 -9999.000 -9999.000 -9999.000
-9999.000 -9999.000 -9999.000 -9999.000 -9999.000 -9999.000 -9999.000 -9999.000 -9999.000 -9999.000 -9999.000 -9999.000 -9999.000 -9999.000 -9999.000 0.5792430 0.5806139 0.5809501 0.5811213 0.5811525 0.5810695 0.5809026 0.5806828 0.5804357 0.5801773 0.5799007 0.5795668 0.5789863 0.5776492 0.5736167 0.5736167 -9999.000 -9999.000 -9999.000 -9999.000 -9999.000 -9999.000 -9999.000 -9999.000 -9999.000 -9999.000 -9999.000 -9999.000 -9999.000 -9999.000 -9999.000 -9999.000 -9999.000 -9999.000 -9999.000 -9999.000 -9999.000 -9999.000 -9999.000 -9999.000 -9999.000 -9999.000 -9999.000 -9999.000
0.6323065 0.6323065 0.6185967 0.6036118 0.5998456 0.5998456 0.5966822 0.5913669 0.5913669 0.5868797 0.5868797 0.5829408 0.5811328 0.5794180 0.5777884 0.5777884 0.5849144 0.5849862 0.5851693 0.5857592 0.5867189 0.5880259 0.5896103 0.5913582 0.5930995 0.5945010 0.5948999 0.5926501 0.5839367 0.5542794 0.5542794 0.3747138 0.3480489 0.3361699 0.3324220 0.3324220 0.3279628 0.3279628 0.3373915 0.3373915 0.3510326 0.4172246 0.4172246 0.4801397 0.4801397 0.4975899 0.4975899 0.4975899 0.4921096 0.4921096 0.4825039 0.4825039 0.4716654 0.4716654 0.4610685 0.4610685 0.4516816 0.4516816 0.4516816
0.6306514 0.6306514 0.6162909 0.6027504 0.5989819 0.5989819 0.5958176 0.5905101 0.5905101 0.5860367 0.5860367 0.5821130 0.5803121 0.5786042 0.5769809 0.5769809 0.5821520 0.5812335 0.5792462 0.5770907 0.5752497 0.5739990 0.5734618 0.5736557 0.5745155 0.5758666 0.5778358 0.5785680 0.5751899 0.5594791 0.5594791 0.4352388 0.3907903 0.3505576 0.3403610 0.3403610 0.3312863 0.3312863 0.3393732 0.3393732 0.3516498 0.4016106 0.4016106 0.4711173 0.4711173 0.4982272 0.4982272 0.4982272 0.4926795 0.4926795 0.4829017 0.4829017 0.4719730 0.4719730 0.4613033 0.4613033 0.4519040 0.4519040 0.4519040
0.6297212 0.6297212 0.6152926 0.6027611 0.5989881 0.5989881 0.5958099 0.5904838 0.5904838 0.5860036 0.5860036 0.5820765 0.5802739 0.5785637 0.5769383 0.5769383 0.5802131 0.5782714 0.5745196 0.5702257 0.5661776 0.5628109 0.5603375 0.5588352 0.5582922 0.5585970 0.5597240 0.5605215 0.5588582 0.5489366 0.5489366 0.4650771 0.4188178 0.3661228 0.3515659 0.3515659 0.3398924 0.3398924 0.3502081 0.3502081 0.3627534 0.4021493 0.4021493 0.4606090 0.4606090 0.4960336 0.4960336 0.4960336 0.4923092 0.4923092 0.4828388 0.4828388 0.4719025 0.4719025 0.4612946 0.4612946 0.4519866 0.4519866 0.4519866
0.6289726 0.6289726 0.6145063 0.6027789 0.5990165 0.5990165 0.5958276 0.5904837 0.5904837 0.5860009 0.5860009 0.5820755 0.5802737 0.5785639 0.5769385 0.5769385 0.5780101 0.5747946 0.5693678 0.5631751 0.5571988 0.5519936 0.5478369 0.5448387 0.5430056 0.5422527 0.5425279 0.5430319 0.5420367 0.5350025 0.5350025 0.4798465 0.4375405 0.3821341 0.3663182 0.3663182 0.3566183 0.3566183 0.3708052 0.3708052 0.3827079 0.4105752 0.4105752 0.4510220 0.4510220 0.4892528 0.4892528 0.4892528 0.4890860 0.4890860 0.4810876 0.4810876 0.4707562 0.4707562 0.4605350 0.4605350 0.4515779 0.4515779 0.4515779
0.6283982 0.6283982 0.6139087 0.6027895 0.5990452 0.5990452 0.5958473 0.5904847 0.5904847 0.5859987 0.5859987 0.5820752 0.5802739 0.5785648 0.5769396 0.5769396 0.5753857 0.5705242 0.5633386 0.5553232 0.5475379 0.5406083 0.5348679 0.5304645 0.5274272 0.5256897 0.5251765 0.5253199 0.5247540 0.5199739 0.5199739 0.4835511 0.4479145 0.3972766 0.3843072 0.3843072 0.3827998 0.3827998 0.3995923 0.3995923 0.4083050 0.4226722 0.4226722 0.4442639 0.4442639 0.4785538 0.4785538 0.4785538 0.4826062 0.4826062 0.4773585 0.4773585 0.4684967 0.4684967 0.4591616 0.4591616 0.4509090 0.4509090 0.4509090
0.6279926 0.6279926 0.6134889 0.6027945 0.5990691 0.5990691 0.5958646 0.5904860 0.5904860 0.5859967 0.5859967 0.5820746 0.5802742 0.5785654 0.5769404 0.5769404 0.5721920 0.5652859 0.5561910 0.5463772 0.5368774 0.5283246 0.5210780 0.5153173 0.5111006 0.5083896 0.5071059 0.5068420 0.5065455 0.5035582 0.5035582 0.4798221 0.4519080 0.4132503 0.4078824 0.4078824 0.4181816 0.4181816 0.4317480 0.4317480 0.4345856 0.4352987 0.4352987 0.4411936 0.4411936 0.4662766 0.4662766 0.4662766 0.4734442 0.4734442 0.4715784 0.4715784 0.4650013 0.4650013 0.4571630 0.4571630 0.4500467 0.4500467 0.4500467
0.6277512 0.6277512 0.6132398 0.6027961 0.5990847 0.5990847 0.5958765 0.5904869 0.5904869 0.5859953 0.5859953 0.5820743 0.5802742 0.5785658 0.5769409 0.5769409 0.5681843 0.5588323 0.5476480 0.5360299 0.5249067 0.5148550 0.5062181 0.4991847 0.4938346 0.4901592 0.4880961 0.4873584 0.4871674 0.4855962 0.4855962 0.4709569 0.4517666 0.4346094 0.4409339 0.4409339 0.4588645 0.4588645 0.4613953 0.4613953 0.4574932 0.4469105 0.4469105 0.4414213 0.4414213 0.4548153 0.4548153 0.4548153 0.4628153 0.4628153 0.4640095 0.4640095 0.4602295 0.4602295 0.4544882 0.4544882 0.4489886 0.4489886 0.4489886
0.6276711 0.6276711 0.6131570 0.6027965 0.5990901 0.5990901 0.5958807 0.5904872 0.5904872 0.5859949 0.5859949 0.5820742 0.5802742 0.5785660 0.5769411 0.5769411 0.5630022 0.5508050 0.5373472 0.5239084 0.5112566 0.4998576 0.4899947 0.4818336 0.4754562 0.4708747 0.4680492 0.4667878 0.4665569 0.4661482 0.4661482 0.4588370 0.4508612 0.4675245 0.4846980 0.4846980 0.4973161 0.4973161 0.4849662 0.4849662 0.4756089 0.4571726 0.4571726 0.4439858 0.4439858 0.4456839 0.4456839 0.4456839 0.4521149 0.4521149 0.4552493 0.4552493 0.4543048 0.4543048 0.4511232 0.4511232 0.4477146 0.4477146 0.4477146
0.6277513 0.6277513 0.6132396 0.6027962 0.5990847 0.5990847 0.5958764 0.5904869 0.5904869 0.5859954 0.5859954 0.5820743 0.5802742 0.5785658 0.5769409 0.5769409 0.5561273 0.5406883 0.5247952 0.5095375 0.4954746 0.4829159 0.4720433 0.4629647 0.4557388 0.4503813 0.4468701 0.4450887 0.4447454 0.4455618 0.4455618 0.4460794 0.4556469 0.5145891 0.5327068 0.5327068 0.5269463 0.5269463 0.5023322 0.5023322 0.4895660 0.4661908 0.4661908 0.4478768 0.4478768 0.4393487 0.4393487 0.4393487 0.4424985 0.4424985 0.4461118 0.4461118 0.4475634 0.4475634 0.4471581 0.4471581 0.4462295 0.4462295 0.4462295
0.6279926 0.6279926 0.6134888 0.6027945 0.5990691 0.5990691 0.5958646 0.5904859 0.5904859 0.5859967 0.5859967 0.5820746 0.5802741 0.5785654 0.5769404 0.5769404 0.5468009 0.5277358 0.5093015 0.4922875 0.4769889 0.4635166 0.4519136 0.4421985 0.4343805 0.4284578 0.4244145 0.4221965 0.4218379 0.4248600 0.4248600 0.4383040 0.4774028 0.5675406 0.5724807 0.5724807 0.5466729 0.5466729 0.5151095 0.5151095 0.5005103 0.4740449 0.4740449 0.4522603 0.4522603 0.4355350 0.4355350 0.4355350 0.4346536 0.4346536 0.4374355 0.4374355 0.4405294 0.4405294 0.4428224 0.4428224 0.4445929 0.4445929 0.4445929
0.6283982 0.6283982 0.6139086 0.6027895 0.5990452 0.5990452 0.5958472 0.5904847 0.5904847 0.5859987 0.5859987 0.5820751 0.5802739 0.5785648 0.5769396 0.5769396 0.5338613 0.5108357 0.4898729 0.4712929 0.4550493 0.4410089 0.4290437 0.4190575 0.4109875 0.4047962 0.4004596 0.3979965 0.3981685 0.4073170 0.4073170 0.4480928 0.5272050 0.6088787 0.5968359 0.5968359 0.5594418 0.5594418 0.5247330 0.5247330 0.5091932 0.4806684 0.4806684 0.4565118 0.4565118 0.4336241 0.4336241 0.4336241 0.4287885 0.4287885 0.4299052 0.4299052 0.4338273 0.4338273 0.4384766 0.4384766 0.4429298 0.4429298 0.4429298
