cruce_test.gid/Rasters/Hydraulic/Depth____000146.asc
NCOLS        79
NROWS        79
XLLCENTER         -1.500000
YLLCENTER         -4.800000
CELLSIZE           0.100
NODATA_VALUE     -9999.0
[rows 0 to 25 of 79, columns 0 to 58 of 79]
-9999.000 -9999.000 -9999.000 -9999.000 -9999.000 -9999.000 -9999.000 -9999.000 -9999.000 -9999.000 -9999.000 -9999.000 -9999.000 -9999.000 -9999.000 0.5616795 0.5618947 0.5618658 0.5617793 0.5616504 0.5614888 0.5613042 0.5611073 0.5609073 0.5607110 0.5605193 0.5603246 0.5600874 0.5597048 0.5596617 0.5596617 -9999.000 -9999.000 -9999.000 -9999.000 -9999.000 -9999.000 -9999.000 -9999.000 -9999.000 -9999.000 -9999.000 -9999.000 -9999.000 -9999.000 -9999.000 -9999.000 -9999.000 -9999.000 -9999.000 -9999.000 -9999.000 -9999.000 -9999.000 -9999.000 -9999.000 -9999.000 -9999.000 -9999.000
-9999.000 -9999.000 -9999.000 -9999.000 -9999.000 -9999.000 -9999.000 -9999.000 -9999.000 -9999.000 -9999.000 -9999.000 -9999.000 -9999.000 -9999.000 0.5634693 0.5636855 0.5636587 0.5635859 0.5634800 0.5633493 0.5632014 0.5630451 0.5628881 0.5627361 0.5625901 0.5624435 0.5622610 0.5619489 0.5619694 0.5619694 -9999.000 -9999.000 -9999.000 -9999.000 -9999.000 -9999.000 -9999.000 -9999.000 -9999.000 -9999.000 -9999.000 -9999.000 -9999.000 -9999.000 -9999.000 -9999.000 -9999.000 -9999.000 -9999.000 -9999.000 -9999.000 -9999.000 -9999.000 -9999.000 -9999.000 -9999.000 -9999.000 -9999.000
-9999.000 -9999.000 -9999.000 -9999.000 -9999.000 -9999.000 -9999.000 -9999.000 -9999.000 -9999.000 -9999.000 -9999.000 -9999.000 -9999.000 -9999.000 0.5654210 0.5656625 0.5656403 0.5655725 0.5654725 0.5653487 0.5652090 0.5650620 0.5649152 0.5647737 0.5646377 0.5644987 0.5643185 0.5639959 0.5640106 0.5640106 -9999.000 -9999.000 -9999.000 -9999.000 -9999.000 -9999.000 -9999.000 -9999.000 -9999.000 -9999.000 -9999.000 -9999.000 -9999.000 -9999.000 -9999.000 -9999.000 -9999.000 -9999.000 -9999.000 -9999.000 -9999.000 -9999.000 -9999.000 -9999.000 -9999.000 -9999.000 -9999.000 -9999.000
-9999.000 -9999.000 -9999.000 -9999.000 -9999.000 -9999.000 -9999.000 -9999.000 -9999.000 -9999.000 -9999.000 -9999.000 -9999.000 -9999.000 -9999.000 0.5674120 0.5676695 0.5676488 0.5675825 0.5674837 0.5673613 0.5672231 0.5670779 0.5669334 0.5667945 0.5666606 0.5665222 0.5663381 0.5659989 0.5659922 0.5659922 -9999.000 -9999.000 -9999.000 -9999.000 -9999.000 -9999.000 -9999.000 -9999.000 -9999.000 -9999.000 -9999.000 -9999.000 -9999.000 -9999.000 -9999.000 -9999.000 -9999.000 -9999.000 -9999.000 -9999.000 -9999.000 -9999.000 -9999.000 -9999.000 -9999.000 -9999.000 -9999.000 -9999.000
-9999.000 -9999.000 -9999.000 -9999.000 -9999.000 -9999.000 -9999.000 -9999.000 -9999.000 -9999.000 -9999.000 -9999.000 -9999.000 -9999.000 -9999.000 0.5694231 0.5696911 0.5696703 0.5696031 0.5695026 0.5693782 0.5692377 0.5690904 0.5689440 0.5688034 0.5686677 0.5685261 0.5683341 0.5679728 0.5679308 0.5679308 -9999.000 -9999.000 -9999.000 -9999.000 -9999.000 -9999.000 -9999.000 -9999.000 -9999.000 -9999.000 -9999.000 -9999.000 -9999.000 -9999.000 -9999.000 -9999.000 -9999.000 -9999.000 -9999.000 -9999.000 -9999.000 -9999.000 -9999.000 -9999.000 -9999.000 -9999.000 -9999.000 -9999.000
-9999.000 -9999.000 -9999.000 -9999.000 -9999.000 -9999.000 -9999.000 -9999.000 -9999.000 -9999.000 -9999.000 -9999.000 -9999.000 -9999.000 -9999.000 0.5714430 0.5717186 0.5716965 0.5716271 0.5715232 0.5713949 0.5712500 0.5710983 0.5709476 0.5708029 0.5706629 0.5705157 0.5703129 0.5699240 0.5698322 0.5698322 -9999.000 -9999.000 -9999.000 -9999.000 -9999.000 -9999.000 -9999.000 -9999.000 -9999.000 -9999.000 -9999.000 -9999.000 -9999.000 -9999.000 -9999.000 -9999.000 -9999.000 -9999.000 -9999.000 -9999.000 -9999.000 -9999.000 -9999.000 -9999.000 -9999.000 -9999.000 -9999.000 -9999.000
-9999.000 -9999.000 -9999.000 -9999.000 -9999.000 -9999.000 -9999.000 -9999.000 -9999.000 -9999.000 -9999.000 -9999.000 -9999.000 -9999.000 -9999.000 0.5734656 0.5737470 0.5737227 0.5736504 0.5735421 0.5734087 0.5732581 0.5731005 0.5729441 0.5727938 0.5726480 0.5724933 0.5722769 0.5718545 0.5716955 0.5716955 -9999.000 -9999.000 -9999.000 -9999.000 -9999.000 -9999.000 -9999.000 -9999.000 -9999.000 -9999.000 -9999.000 -9999.000 -9999.000 -9999.000 -9999.000 -9999.000 -9999.000 -9999.000 -9999.000 -9999.000 -9999.000 -9999.000 -9999.000 -9999.000 -9999.000 -9999.000 -9999.000 -9999.000
-9999.000 -9999.000 -9999.000 -9999.000 -9999.000 -9999.000 -9999.000 -9999.000 -9999.000 -9999.000 -9999.000 -9999.000 -9999.000 -9999.000 -9999.000 0.5754871 0.5757731 0.5757461 0.5756702 0.5755569 0.5754176 0.5752603 0.5750959 0.5749328 0.5747759 0.5746230 0.5744593 0.5742265 0.5737635 0.5735150 0.5735150 -9999.000 -9999.000 -9999.000 -9999.000 -9999.000 -9999.000 -9999.000 -9999.000 -9999.000 -9999.000 -9999.000 -9999.000 -9999.000 -9999.000 -9999.000 -9999.000 -9999.000 -9999.000 -9999.000 -9999.000 -9999.000 -9999.000 -9999.000 -9999.000 -9999.000 -9999.000 -9999.000 -9999.000
-9999.000 -9999.000 -9999.000 -9999.000 -9999.000 -9999.000 -9999.000 -9999.000 -9999.000 -9999.000 -9999.000 -9999.000 -9999.000 -9999.000 -9999.000 0.5775046 0.5777947 0.5777645 0.5776845 0.5775655 0.5774198 0.5772551 0.5770831 0.5769123 0.5767480 0.5765870 0.5764126 0.5761605 0.5756487 0.5752800 0.5752800 -9999.000 -9999.000 -9999.000 -9999.000 -9999.000 -9999.000 -9999.000 -9999.000 -9999.000 -9999.000 -9999.000 -9999.000 -9999.000 -9999.000 -9999.000 -9999.000 -9999.000 -9999.000 -9999.000 -9999.000 -9999.000 -9999.000 -9999.000 -9999.000 -9999.000 -9999.000 -9999.000 -9999.000
-9999.000 -9999.000 -9999.000 -9999.000 -9999.000 -9999.000 -9999.000 -9999.000 -9999.000 -9999.000 -9999.000 -9999.000 -9999.000 -9999.000 -9999.000 0.5795156 0.5798098 0.5797756 0.5796913 0.5795659 0.5794131 0.5792404 0.5790600 0.5788809 0.5787084 0.5785384 0.5783517 0.5780764 0.5775056 0.5769740 0.5769740 -9999.000 -9999.000 -9999.000 -9999.000 -9999.000 -9999.000 -9999.000 -9999.000 -9999.000 -9999.000 -9999.000 -9999.000 -9999.000 -9999.000 -9999.000 -9999.000 -9999.000 -9999.000 -9999.000 -9999.000 -9999.000 -9999.000 -9999.000 -9999.000 -9999.000 -9999.000 -9999.000 -9999.000
-9999.000 -9999.000 -9999.000 -9999.000 -9999.000 -9999.000 -9999.000 -9999.000 -9999.000 -9999.000 -9999.000 -9999.000 -9999.000 -9999.000 -9999.000 0.5815174 0.5818160 0.5817774 0.5816881 0.5815558 0.5813954 0.5812138 0.5810243 0.5808361 0.5806545 0.5804744 0.5802735 0.5799705 0.5793275 0.5785709 0.5785709 -9999.000 -9999.000 -9999.000 -9999.000 -9999.000 -9999.000 -9999.000 -9999.000 -9999.000 -9999.000 -9999.000 -9999.000 -9999.000 -9999.000 -9999.000 -9999.000 -9999.000 -9999.000 -9999.000 -9999.000 -9999.000 -9999.000 -9999.000 -9999.000 -9999.000 -9999.000 -9999.000 -9999.000
-9999.000 -9999.000 -9999.000 -9999.000 -9999.000 -9999.000 -9999.000 -9999.000 -9999.000 -9999.000 -9999.000 -9999.000 -9999.000 -9999.000 -9999.000 0.5835062 0.5838102 0.5837666 0.5836719 0.5835320 0.5833631 0.5831718 0.5829723 0.5827743 0.5825825 0.5823908 0.5821732 0.5818365 0.5811042 0.5800298 0.5800298 -9999.000 -9999.000 -9999.000 -9999.000 -9999.000 -9999.000 -9999.000 -9999.000 -9999.000 -9999.000 -9999.000 -9999.000 -9999.000 -9999.000 -9999.000 -9999.000 -9999.000 -9999.000 -9999.000 -9999.000 -9999.000 -9999.000 -9999.000 -9999.000 -9999.000 -9999.000 -9999.000 -9999.000
-9999.000 -9999.000 -9999.000 -9999.000 -9999.000 -9999.000 -9999.000 -9999.000 -9999.000 -9999.000 -9999.000 -9999.000 -9999.000 -9999.000 -9999.000 0.5854766 0.5857880 0.5857388 0.5856382 0.5854898 0.5853117 0.5851096 0.5848989 0.5846897 0.5844865 0.5842814 0.5840433 0.5836644 0.5828194 0.5812834 0.5812834 -9999.000 -9999.000 -9999.000 -9999.000 -9999.000 -9999.000 -9999.000 -9999.000 -9999.000 -9999.000 -9999.000 -9999.000 -9999.000 -9999.000 -9999.000 -9999.000 -9999.000 -9999.000 -9999.000 -9999.000 -9999.000 -9999.000 -9999.000 -9999.000 -9999.000 -9999.000 -9999.000 -9999.000
-9999.000 -9999.000 -9999.000 -9999.000 -9999.000 -9999.000 -9999.000 -9999.000 -9999.000 -9999.000 -9999.000 -9999.000 -9999.000 -9999.000 -9999.000 0.5874111 0.5877369 0.5876838 0.5875785 0.5874224 0.5872352 0.5870214 0.5867982 0.5865759 0.5863588 0.5861366 0.5858723 0.5854385 0.5844475 0.5822194 0.5822194 -9999.000 -9999.000 -9999.000 -9999.000 -9999.000 -9999.000 -9999.000 -9999.000 -9999.000 -9999.000 -9999.000 -9999.000 -9999.000 -9999.000 -9999.000 -9999.000 -9999.000 -9999.000 -9999.000 -9999.000 -9999.000 -9999.000 -9999.000 -9999.000 -9999.000 -9999.000 -9999.000 -9999.000
-9999.000 -9999.000 -9999.000 -9999.000 -9999.000 -9999.000 -9999.000 -9999.000 -9999.000 -9999.000 -9999.000 -9999.000 -9999.000 -9999.000 -9999.000 0.5876206 0.5890049 0.5893456 0.5895184 0.5895424 0.5894575 0.5892836 0.5890568 0.5888035 0.5885409 0.5882643 0.5879304 0.5873742 0.5860782 0.5821341 0.5821341 -9999.000 -9999.000 -9999.000 -9999.000 -9999.000 -9999.000 -9999.000 -9999.000 -9999.000 -9999.000 -9999.000 -9999.000 -9999.000 -9999.000 -9999.000 -9999.000 -9999.000 -9999.000 -9999.000 -9999.000 -9999.000 -9999.000 -9999.000 -9999.000 -9999.000 -9999.000 -9999.000 -9999.000
0.6441903 0.6441903 0.6291984 0.6141804 0.6104031 0.6104031 0.6072286 0.6018981 0.6018981 0.5974163 0.5974163 0.5935081 0.5917196 0.5900232 0.5884070 0.5884070 0.5931623 0.5931894 0.5933607 0.5938892 0.5948939 0.5962102 0.5978181 0.5996049 0.6014078 0.6029106 0.6034460 0.6014352 0.5929754 0.5635709 0.5635709 0.3828087 0.3555530 0.3428916 0.3388191 0.3388191 0.3336775 0.3336775 0.3423358 0.3423358 0.3555786 0.4161482 0.4161482 0.4866712 0.4866712 0.5061544 0.5061544 0.5061544 0.5010436 0.5010436 0.4913677 0.4913677 0.4802961 0.4802961 0.4694070 0.4694070 0.4597007 0.4597007 0.4597007
0.6424994 0.6424994 0.6268759 0.6133041 0.6095249 0.6095249 0.6063498 0.6010274 0.6010274 0.5965598 0.5965598 0.5926661 0.5908846 0.5891949 0.5875853 0.5875853 0.5908391 0.5896751 0.5875646 0.5852981 0.5833897 0.5820611 0.5814528 0.5815906 0.5824165 0.5837664 0.5855937 0.5867029 0.5836245 0.5683904 0.5683904 0.4436090 0.3986323 0.3575073 0.3469367 0.3469367 0.3371326 0.3371326 0.3445069 0.3445069 0.3564819 0.4036737 0.4036737 0.4760408 0.4760408 0.5066046 0.5066046 0.5066046 0.5015836 0.5015836 0.4917709 0.4917709 0.4806153 0.4806153 0.4696600 0.4696600 0.4599617 0.4599617 0.4599617
0.6415489 0.6415489 0.6258708 0.6133149 0.6095310 0.6095310 0.6063418 0.6010007 0.6010007 0.5965260 0.5965260 0.5926286 0.5908452 0.5891534 0.5875417 0.5875417 0.5892196 0.5868717 0.5828940 0.5784341 0.5742651 0.5707836 0.5682015 0.5666016 0.5659779 0.5662293 0.5672479 0.5682241 0.5667752 0.5572027 0.5572027 0.4736097 0.4267940 0.3731593 0.3581873 0.3581873 0.3457473 0.3457473 0.3555273 0.3555273 0.3679625 0.4061781 0.4061781 0.4651886 0.4651886 0.5039681 0.5039681 0.5039681 0.5010262 0.5010262 0.4916384 0.4916384 0.4805226 0.4805226 0.4696439 0.4696439 0.4600417 0.4600417 0.4600417
0.6407838 0.6407838 0.6250769 0.6133336 0.6095598 0.6095598 0.6063594 0.6010005 0.6010005 0.5965231 0.5965231 0.5926273 0.5908446 0.5891532 0.5875418 0.5875418 0.5872957 0.5835598 0.5778007 0.5713710 0.5652148 0.5598537 0.5555555 0.5524304 0.5504881 0.5496508 0.5498137 0.5503930 0.5495682 0.5428500 0.5428500 0.4881054 0.4454570 0.3891553 0.3728877 0.3728877 0.3624513 0.3624513 0.3764631 0.3764631 0.3884926 0.4160738 0.4160738 0.4559974 0.4559974 0.4965887 0.4965887 0.4965887 0.4974378 0.4974378 0.4897134 0.4897134 0.4792968 0.4792968 0.4688444 0.4688444 0.4596110 0.4596110 0.4596110
0.6401970 0.6401970 0.6244726 0.6133453 0.6095889 0.6095889 0.6063789 0.6010015 0.6010015 0.5965206 0.5965206 0.5926268 0.5908447 0.5891539 0.5875427 0.5875427 0.5848995 0.5794544 0.5718455 0.5635165 0.5554868 0.5483518 0.5424305 0.5378674 0.5346917 0.5328418 0.5322096 0.5323578 0.5319116 0.5274025 0.5274025 0.4914173 0.4556246 0.4041376 0.3906956 0.3906956 0.3886912 0.3886912 0.4058452 0.4058452 0.4148588 0.4292776 0.4292776 0.4500125 0.4500125 0.4853698 0.4853698 0.4853698 0.4904760 0.4904760 0.4856972 0.4856972 0.4768839 0.4768839 0.4673884 0.4673884 0.4588974 0.4588974 0.4588974
0.6397826 0.6397826 0.6240473 0.6133512 0.6096131 0.6096131 0.6063963 0.6010025 0.6010025 0.5965186 0.5965186 0.5926262 0.5908449 0.5891544 0.5875434 0.5875434 0.5818699 0.5743572 0.5647722 0.5545742 0.5447662 0.5359555 0.5284852 0.5225286 0.5181417 0.5152885 0.5138711 0.5135589 0.5133267 0.5105543 0.5105543 0.4872262 0.4592718 0.4197592 0.4139892 0.4139892 0.4244184 0.4244184 0.4388286 0.4388286 0.4419701 0.4426889 0.4426889 0.4477198 0.4477198 0.4728062 0.4728062 0.4728062 0.4808319 0.4808319 0.4795488 0.4795488 0.4731618 0.4731618 0.4652584 0.4652584 0.4579621 0.4579621 0.4579621
0.6395361 0.6395361 0.6237946 0.6133536 0.6096290 0.6096290 0.6064081 0.6010033 0.6010033 0.5965171 0.5965171 0.5926256 0.5908449 0.5891547 0.5875439 0.5875439 0.5779578 0.5680006 0.5562842 0.5442246 0.5327354 0.5223747 0.5134713 0.5062053 0.5006526 0.4968045 0.4945871 0.4937572 0.4935743 0.4921502 0.4921502 0.4778396 0.4586146 0.4405831 0.4468648 0.4468648 0.4658900 0.4658900 0.4693478 0.4693478 0.4655821 0.4548083 0.4548083 0.4485510 0.4485510 0.4613053 0.4613053 0.4613053 0.4698218 0.4698218 0.4715848 0.4715848 0.4681030 0.4681030 0.4624008 0.4624008 0.4567979 0.4567979 0.4567979
0.6394542 0.6394542 0.6237108 0.6133541 0.6096346 0.6096346 0.6064123 0.6010036 0.6010036 0.5965167 0.5965167 0.5926254 0.5908449 0.5891548 0.5875441 0.5875441 0.5728018 0.5600109 0.5460001 0.5320788 0.5190136 0.5072602 0.4970908 0.4886624 0.4820513 0.4772681 0.4742651 0.4728747 0.4725975 0.4722574 0.4722574 0.4651257 0.4569393 0.4730271 0.4909845 0.4909845 0.5054306 0.5054306 0.4935927 0.4935927 0.4841764 0.4653846 0.4653846 0.4515357 0.4515357 0.4523077 0.4523077 0.4523077 0.4588908 0.4588908 0.4624610 0.4624610 0.4618569 0.4618569 0.4588072 0.4588072 0.4553842 0.4553842 0.4553842
0.6395361 0.6395361 0.6237946 0.6133536 0.6096290 0.6096290 0.6064081 0.6010033 0.6010033 0.5965171 0.5965171 0.5926257 0.5908449 0.5891547 0.5875439 0.5875439 0.5658823 0.5498605 0.5334074 0.5176429 0.5031329 0.4901841 0.4789711 0.4695949 0.4621082 0.4565230 0.4528118 0.4508703 0.4504311 0.4512195 0.4512195 0.4516374 0.4605680 0.5202990 0.5401745 0.5401745 0.5360250 0.5360250 0.5113608 0.5113608 0.4984114 0.4745995 0.4745995 0.4557084 0.4557084 0.4461845 0.4461845 0.4461845 0.4491880 0.4491880 0.4530343 0.4530343 0.4547915 0.4547915 0.4545809 0.4545809 0.4537295 0.4537295 0.4537295
0.6397826 0.6397826 0.6240473 0.6133513 0.6096131 0.6096131 0.6063963 0.6010025 0.6010025 0.5965186 0.5965186 0.5926261 0.5908448 0.5891544 0.5875434 0.5875434 0.5564360 0.5367907 0.5177974 0.5002669 0.4845028 0.4706174 0.4586503 0.4486148 0.4405145 0.4343435 0.4300811 0.4276781 0.4271768 0.4300263 0.4300263 0.4428258 0.4808370 0.5746622 0.5815364 0.5815364 0.5562938 0.5562938 0.5243371 0.5243371 0.5095088 0.4825853 0.4825853 0.4602825 0.4602825 0.4425913 0.4425913 0.4425913 0.4413614 0.4413614 0.4441608 0.4441608 0.4474631 0.4474631 0.4499722 0.4499722 0.4519038 0.4519038 0.4519038
0.6401970 0.6401970 0.6244726 0.6133453 0.6095889 0.6095889 0.6063789 0.6010014 0.6010014 0.5965206 0.5965206 0.5926268 0.5908448 0.5891539 0.5875427 0.5875427 0.5432888 0.5196747 0.4981572 0.4790634 0.4623517 0.4478907 0.4355508 0.4252320 0.4168670 0.4104141 0.4058453 0.4031781 0.4031528 0.4118361 0.4118361 0.4511016 0.5296270 0.6180938 0.6069019 0.6069019 0.5692534 0.5692534 0.5340555 0.5340555 0.5182834 0.4893036 0.4893036 0.4646658 0.4646658 0.4408723 0.4408723 0.4408723 0.4355715 0.4355715 0.4365186 0.4365186 0.4405188 0.4405188 0.4453661 0.4453661 0.4500483 0.4500483 0.4500483
