cruce_test.gid/Rasters/Hydraulic/Depth____000091.asc
NCOLS        79
NROWS        79
XLLCENTER         -1.500000
YLLCENTER         -4.800000
CELLSIZE           0.100
NODATA_VALUE     -9999.0
[rows 0 to 25 of 79, columns 0 to 57 of 79]
-9999.000 -9999.000 -9999.000 -9999.000 -9999.000 -9999.000 -9999.000 -9999.000 -9999.000 -9999.000 -9999.000 -9999.000 -9999.000 -9999.000 -9999.000 0.3374613 0.3376108 0.3375547 0.3374547 0.3373244 0.3371684 0.3369885 0.3367850 0.3365566 0.3363012 0.3360163 0.3356995 0.3353494 0.3349811 0.3352249 0.3352249 -9999.000 -9999.000 -9999.000 -9999.000 -9999.000 -9999.000 -9999.000 -9999.000 -9999.000 -9999.000 -9999.000 -9999.000 -9999.000 -9999.000 -9999.000 -9999.000 -9999.000 -9999.000 -9999.000 -9999.000 -9999.000 -9999.000 -9999.000 -9999.000 -9999.000 -9999.000 -9999.000
-9999.000 -9999.000 -9999.000 -9999.000 -9999.000 -9999.000 -9999.000 -9999.000 -9999.000 -9999.000 -9999.000 -9999.000 -9999.000 -9999.000 -9999.000 0.3393397 0.3395003 0.3394439 0.3393503 0.3392312 0.3390901 0.3389290 0.3387487 0.3385491 0.3383293 0.3380875 0.3378207 0.3375233 0.3371994 0.3374447 0.3374447 -9999.000 -9999.000 -9999.000 -9999.000 -9999.000 -9999.000 -9999.000 -9999.000 -9999.000 -9999.000 -9999.000 -9999.000 -9999.000 -9999.000 -9999.000 -9999.000 -9999.000 -9999.000 -9999.000 -9999.000 -9999.000 -9999.000 -9999.000 -9999.000 -9999.000 -9999.000 -9999.000
-9999.000 -9999.000 -9999.000 -9999.000 -9999.000 -9999.000 -9999.000 -9999.000 -9999.000 -9999.000 -9999.000 -9999.000 -9999.000 -9999.000 -9999.000 0.3413169 0.3415133 0.3414584 0.3413666 0.3412508 0.3411150 0.3409609 0.3407888 0.3405978 0.3403853 0.3401476 0.3398789 0.3395705 0.3392242 0.3394938 0.3394938 -9999.000 -9999.000 -9999.000 -9999.000 -9999.000 -9999.000 -9999.000 -9999.000 -9999.000 -9999.000 -9999.000 -9999.000 -9999.000 -9999.000 -9999.000 -9999.000 -9999.000 -9999.000 -9999.000 -9999.000 -9999.000 -9999.000 -9999.000 -9999.000 -9999.000 -9999.000 -9999.000
-9999.000 -9999.000 -9999.000 -9999.000 -9999.000 -9999.000 -9999.000 -9999.000 -9999.000 -9999.000 -9999.000 -9999.000 -9999.000 -9999.000 -9999.000 0.3433272 0.3435523 0.3434971 0.3434050 0.3432895 0.3431545 0.3430018 0.3428310 0.3426402 0.3424256 0.3421817 0.3419004 0.3415703 0.3411902 0.3414696 0.3414696 -9999.000 -9999.000 -9999.000 -9999.000 -9999.000 -9999.000 -9999.000 -9999.000 -9999.000 -9999.000 -9999.000 -9999.000 -9999.000 -9999.000 -9999.000 -9999.000 -9999.000 -9999.000 -9999.000 -9999.000 -9999.000 -9999.000 -9999.000 -9999.000 -9999.000 -9999.000 -9999.000
-9999.000 -9999.000 -9999.000 -9999.000 -9999.000 -9999.000 -9999.000 -9999.000 -9999.000 -9999.000 -9999.000 -9999.000 -9999.000 -9999.000 -9999.000 0.3453611 0.3456089 0.3455516 0.3454569 0.3453386 0.3452009 0.3450451 0.3448703 0.3446736 0.3444501 0.3441924 0.3438903 0.3435292 0.3431037 0.3433815 0.3433815 -9999.000 -9999.000 -9999.000 -9999.000 -9999.000 -9999.000 -9999.000 -9999.000 -9999.000 -9999.000 -9999.000 -9999.000 -9999.000 -9999.000 -9999.000 -9999.000 -9999.000 -9999.000 -9999.000 -9999.000 -9999.000 -9999.000 -9999.000 -9999.000 -9999.000 -9999.000 -9999.000
-9999.000 -9999.000 -9999.000 -9999.000 -9999.000 -9999.000 -9999.000 -9999.000 -9999.000 -9999.000 -9999.000 -9999.000 -9999.000 -9999.000 -9999.000 0.3474110 0.3476761 0.3476149 0.3475157 0.3473924 0.3472490 0.3470866 0.3469038 0.3466967 0.3464589 0.3461810 0.3458505 0.3454487 0.3449647 0.3452290 0.3452290 -9999.000 -9999.000 -9999.000 -9999.000 -9999.000 -9999.000 -9999.000 -9999.000 -9999.000 -9999.000 -9999.000 -9999.000 -9999.000 -9999.000 -9999.000 -9999.000 -9999.000 -9999.000 -9999.000 -9999.000 -9999.000 -9999.000 -9999.000 -9999.000 -9999.000 -9999.000 -9999.000
-9999.000 -9999.000 -9999.000 -9999.000 -9999.000 -9999.000 -9999.000 -9999.000 -9999.000 -9999.000 -9999.000 -9999.000 -9999.000 -9999.000 -9999.000 0.3494702 0.3497485 0.3496816 0.3495765 0.3494463 0.3492950 0.3491235 0.3489295 0.3487081 0.3484510 0.3481469 0.3477798 0.3473264 0.3467675 0.3470035 0.3470035 -9999.000 -9999.000 -9999.000 -9999.000 -9999.000 -9999.000 -9999.000 -9999.000 -9999.000 -9999.000 -9999.000 -9999.000 -9999.000 -9999.000 -9999.000 -9999.000 -9999.000 -9999.000 -9999.000 -9999.000 -9999.000 -9999.000 -9999.000 -9999.000 -9999.000 -9999.000 -9999.000
-9999.000 -9999.000 -9999.000 -9999.000 -9999.000 -9999.000 -9999.000 -9999.000 -9999.000 -9999.000 -9999.000 -9999.000 -9999.000 -9999.000 -9999.000 0.3515337 0.3518211 0.3517471 0.3516349 0.3514964 0.3513356 0.3511528 0.3509449 0.3507056 0.3504246 0.3500877 0.3496748 0.3491563 0.3485015 0.3486876 0.3486876 -9999.000 -9999.000 -9999.000 -9999.000 -9999.000 -9999.000 -9999.000 -9999.000 -9999.000 -9999.000 -9999.000 -9999.000 -9999.000 -9999.000 -9999.000 -9999.000 -9999.000 -9999.000 -9999.000 -9999.000 -9999.000 -9999.000 -9999.000 -9999.000 -9999.000 -9999.000 -9999.000
-9999.000 -9999.000 -9999.000 -9999.000 -9999.000 -9999.000 -9999.000 -9999.000 -9999.000 -9999.000 -9999.000 -9999.000 -9999.000 -9999.000 -9999.000 0.3535966 0.3538898 0.3538072 0.3536869 0.3535390 0.3533672 0.3531711 0.3529468 0.3526859 0.3523757 0.3519984 0.3515285 0.3509279 0.3501488 0.3502514 0.3502514 -9999.000 -9999.000 -9999.000 -9999.000 -9999.000 -9999.000 -9999.000 -9999.000 -9999.000 -9999.000 -9999.000 -9999.000 -9999.000 -9999.000 -9999.000 -9999.000 -9999.000 -9999.000 -9999.000 -9999.000 -9999.000 -9999.000 -9999.000 -9999.000 -9999.000 -9999.000 -9999.000
-9999.000 -9999.000 -9999.000 -9999.000 -9999.000 -9999.000 -9999.000 -9999.000 -9999.000 -9999.000 -9999.000 -9999.000 -9999.000 -9999.000 -9999.000 0.3556538 0.3559501 0.3558574 0.3557281 0.3555698 0.3553856 0.3551744 0.3549307 0.3546441 0.3542986 0.3538715 0.3533303 0.3526246 0.3516821 0.3516459 0.3516459 -9999.000 -9999.000 -9999.000 -9999.000 -9999.000 -9999.000 -9999.000 -9999.000 -9999.000 -9999.000 -9999.000 -9999.000 -9999.000 -9999.000 -9999.000 -9999.000 -9999.000 -9999.000 -9999.000 -9999.000 -9999.000 -9999.000 -9999.000 -9999.000 -9999.000 -9999.000 -9999.000
-9999.000 -9999.000 -9999.000 -9999.000 -9999.000 -9999.000 -9999.000 -9999.000 -9999.000 -9999.000 -9999.000 -9999.000 -9999.000 -9999.000 -9999.000 0.3576993 0.3579969 0.3578925 0.3577533 0.3575834 0.3573851 0.3571564 0.3568901 0.3565727 0.3561839 0.3556949 0.3550631 0.3542211 0.3530590 0.3527874 0.3527874 -9999.000 -9999.000 -9999.000 -9999.000 -9999.000 -9999.000 -9999.000 -9999.000 -9999.000 -9999.000 -9999.000 -9999.000 -9999.000 -9999.000 -9999.000 -9999.000 -9999.000 -9999.000 -9999.000 -9999.000 -9999.000 -9999.000 -9999.000 -9999.000 -9999.000 -9999.000 -9999.000
-9999.000 -9999.000 -9999.000 -9999.000 -9999.000 -9999.000 -9999.000 -9999.000 -9999.000 -9999.000 -9999.000 -9999.000 -9999.000 -9999.000 -9999.000 0.3597246 0.3600230 0.3599055 0.3597553 0.3595724 0.3593580 0.3591087 0.3588151 0.3584599 0.3580173 0.3574495 0.3567001 0.3556765 0.3542109 0.3535258 0.3535258 -9999.000 -9999.000 -9999.000 -9999.000 -9999.000 -9999.000 -9999.000 -9999.000 -9999.000 -9999.000 -9999.000 -9999.000 -9999.000 -9999.000 -9999.000 -9999.000 -9999.000 -9999.000 -9999.000 -9999.000 -9999.000 -9999.000 -9999.000 -9999.000 -9999.000 -9999.000 -9999.000
-9999.000 -9999.000 -9999.000 -9999.000 -9999.000 -9999.000 -9999.000 -9999.000 -9999.000 -9999.000 -9999.000 -9999.000 -9999.000 -9999.000 -9999.000 0.3617169 0.3620180 0.3618859 0.3617235 0.3615255 0.3612920 0.3610179 0.3606904 0.3602873 0.3597749 0.3591036 0.3581964 0.3569222 0.3550209 0.3535684 0.3535684 -9999.000 -9999.000 -9999.000 -9999.000 -9999.000 -9999.000 -9999.000 -9999.000 -9999.000 -9999.000 -9999.000 -9999.000 -9999.000 -9999.000 -9999.000 -9999.000 -9999.000 -9999.000 -9999.000 -9999.000 -9999.000 -9999.000 -9999.000 -9999.000 -9999.000 -9999.000 -9999.000
-9999.000 -9999.000 -9999.000 -9999.000 -9999.000 -9999.000 -9999.000 -9999.000 -9999.000 -9999.000 -9999.000 -9999.000 -9999.000 -9999.000 -9999.000 0.3636431 0.3639574 0.3638122 0.3636381 0.3634239 0.3631682 0.3628632 0.3624918 0.3620247 0.3614172 0.3606018 0.3594707 0.3578309 0.3552698 0.3522763 0.3522763 -9999.000 -9999.000 -9999.000 -9999.000 -9999.000 -9999.000 -9999.000 -9999.000 -9999.000 -9999.000 -9999.000 -9999.000 -9999.000 -9999.000 -9999.000 -9999.000 -9999.000 -9999.000 -9999.000 -9999.000 -9999.000 -9999.000 -9999.000 -9999.000 -9999.000 -9999.000 -9999.000
-9999.000 -9999.000 -9999.000 -9999.000 -9999.000 -9999.000 -9999.000 -9999.000 -9999.000 -9999.000 -9999.000 -9999.000 -9999.000 -9999.000 -9999.000 0.3642851 0.3653524 0.3654470 0.3654315 0.3653140 0.3651075 0.3648129 0.3644141 0.3638761 0.3631400 0.3621126 0.3606362 0.3584098 0.3547198 0.3477419 0.3477419 -9999.000 -9999.000 -9999.000 -9999.000 -9999.000 -9999.000 -9999.000 -9999.000 -9999.000 -9999.000 -9999.000 -9999.000 -9999.000 -9999.000 -9999.000 -9999.000 -9999.000 -9999.000 -9999.000 -9999.000 -9999.000 -9999.000 -9999.000 -9999.000 -9999.000 -9999.000 -9999.000
0.3386048 0.3386048 0.3266164 0.3184597 0.3157243 0.3157243 0.3134362 0.3096928 0.3096928 0.3066342 0.3066342 0.3040221 0.3028453 0.3017397 0.3312164 0.3312164 0.3728709 0.3733875 0.3739538 0.3744800 0.3748511 0.3749264 0.3745378 0.3734927 0.3715703 0.3684834 0.3637432 0.3562529 0.3429000 0.3080161 0.3080161 0.1653341 0.1423163 0.1425936 0.1481935 0.1481935 0.1629361 0.1629361 0.1975687 0.1975687 0.2351790 0.2600717 0.2600717 0.2637162 0.2637162 0.2626506 0.2626506 0.2626506 0.2573591 0.2573591 0.2519309 0.2519309 0.2472770 0.2472770 0.2411059 0.2411059 0.2371772 0.2371772
0.3373060 0.3373060 0.3258038 0.3179245 0.3152176 0.3152176 0.3129388 0.3092018 0.3092018 0.3061517 0.3061517 0.3035497 0.3023774 0.3012761 0.3195331 0.3195331 0.3665486 0.3663374 0.3663001 0.3665764 0.3670827 0.3676679 0.3681229 0.3681775 0.3674811 0.3655592 0.3617211 0.3548313 0.3425609 0.3172532 0.3172532 0.2152240 0.1829913 0.1608153 0.1582346 0.1582346 0.1641856 0.1641856 0.1887374 0.1887374 0.2202573 0.2611720 0.2611720 0.2644769 0.2644769 0.2624937 0.2624937 0.2624937 0.2570587 0.2570587 0.2515935 0.2515935 0.2475797 0.2475797 0.2407939 0.2407939 0.2368750 0.2368750
0.3366141 0.3366141 0.3255113 0.3178891 0.3152063 0.3152063 0.3129307 0.3091847 0.3091847 0.3061292 0.3061292 0.3035260 0.3023535 0.3012516 0.3125078 0.3125078 0.3622796 0.3610593 0.3599337 0.3593247 0.3591700 0.3593238 0.3595686 0.3596136 0.3590874 0.3575116 0.3542322 0.3482422 0.3376201 0.3167713 0.3167713 0.2400367 0.2071531 0.1768309 0.1706094 0.1706094 0.1716214 0.1716214 0.1896320 0.1896320 0.2117416 0.2581435 0.2581435 0.2664095 0.2664095 0.2631039 0.2631039 0.2631039 0.2572458 0.2572458 0.2516306 0.2516306 0.2469951 0.2469951 0.2411607 0.2411607 0.2370549 0.2370549
0.3360732 0.3360732 0.3252530 0.3178658 0.3152098 0.3152098 0.3129382 0.3091833 0.3091833 0.3061240 0.3061240 0.3035228 0.3023516 0.3012509 0.3081895 0.3081895 0.3581614 0.3562392 0.3540602 0.3525643 0.3516900 0.3512861 0.3511308 0.3509258 0.3502949 0.3487699 0.3457509 0.3403915 0.3312024 0.3136443 0.3136443 0.2543932 0.2247672 0.1933511 0.1862768 0.1862768 0.1853590 0.1853590 0.1976546 0.1976546 0.2113266 0.2507133 0.2507133 0.2660123 0.2660123 0.2630205 0.2630205 0.2630205 0.2570845 0.2570845 0.2513102 0.2513102 0.2464542 0.2464542 0.2411214 0.2411214 0.2370216 0.2370216
0.3356674 0.3356674 0.3250389 0.3178471 0.3152159 0.3152159 0.3129474 0.3091826 0.3091826 0.3061190 0.3061190 0.3035199 0.3023502 0.3012507 0.3053364 0.3053364 0.3530682 0.3511047 0.3479200 0.3455693 0.3440105 0.3430813 0.3425480 0.3421015 0.3413604 0.3398679 0.3370727 0.3322683 0.3243624 0.3095581 0.3095581 0.2631448 0.2379437 0.2101727 0.2044580 0.2044580 0.2039320 0.2039320 0.2106907 0.2106907 0.2173721 0.2431245 0.2431245 0.2618302 0.2618302 0.2619333 0.2619333 0.2619333 0.2563284 0.2563284 0.2505741 0.2505741 0.2456421 0.2456421 0.2407570 0.2407570 0.2368717 0.2368717
0.3353851 0.3353851 0.3248799 0.3178333 0.3152220 0.3152220 0.3129559 0.3091822 0.3091822 0.3061148 0.3061148 0.3035173 0.3023489 0.3012506 0.3034787 0.3034787 0.3458742 0.3452756 0.3411796 0.3379797 0.3357366 0.3342998 0.3334301 0.3328042 0.3320257 0.3306355 0.3281091 0.3238424 0.3169954 0.3048230 0.3048230 0.2695413 0.2490460 0.2285108 0.2253539 0.2253539 0.2250565 0.2250565 0.2256621 0.2256621 0.2268985 0.2387177 0.2387177 0.2549405 0.2549405 0.2592530 0.2592530 0.2592530 0.2547173 0.2547173 0.2493680 0.2493680 0.2445958 0.2445958 0.2401913 0.2401913 0.2366867 0.2366867
0.3352186 0.3352186 0.3247823 0.3178248 0.3152265 0.3152265 0.3129619 0.3091820 0.3091820 0.3061119 0.3061119 0.3035155 0.3023481 0.3012506 0.3022840 0.3022840 0.3362400 0.3382484 0.3335649 0.3295859 0.3266589 0.3246987 0.3234923 0.3227202 0.3219741 0.3207752 0.3185882 0.3148601 0.3092048 0.3003319 0.3003319 0.2752044 0.2605855 0.2496187 0.2485722 0.2485722 0.2460001 0.2460001 0.2400785 0.2400785 0.2372931 0.2382227 0.2382227 0.2479793 0.2479793 0.2548940 0.2548940 0.2548940 0.2520356 0.2520356 0.2475793 0.2475793 0.2432998 0.2432998 0.2394945 0.2394945 0.2365142 0.2365142
0.3351635 0.3351635 0.3247496 0.3178218 0.3152281 0.3152281 0.3129640 0.3091819 0.3091819 0.3061109 0.3061109 0.3035149 0.3023479 0.3012506 0.3015222 0.3015222 0.3255312 0.3291839 0.3247878 0.3201630 0.3165546 0.3140599 0.3125184 0.3116250 0.3109629 0.3100309 0.3082750 0.3052150 0.3011728 0.2968951 0.2968951 0.2823374 0.2753705 0.2732185 0.2721526 0.2721526 0.2644598 0.2644598 0.2526938 0.2526938 0.2471052 0.2405984 0.2405984 0.2430152 0.2430152 0.2494378 0.2494378 0.2494378 0.2482942 0.2482942 0.2451256 0.2451256 0.2417108 0.2417108 0.2386915 0.2386915 0.2363791 0.2363791
0.3352186 0.3352186 0.3247823 0.3178248 0.3152265 0.3152265 0.3129619 0.3091820 0.3091820 0.3061119 0.3061119 0.3035156 0.3023482 0.3012506 0.3010393 0.3010393 0.3145834 0.3179394 0.3142211 0.3092891 0.3051320 0.3021548 0.3003037 0.2993161 0.2987846 0.2981940 0.2969684 0.2947527 0.2932056 0.2962464 0.2962464 0.2941814 0.2954625 0.2968173 0.2933413 0.2933413 0.2794419 0.2794419 0.2632454 0.2632454 0.2557739 0.2444519 0.2444519 0.2406204 0.2406204 0.2438365 0.2438365 0.2438365 0.2438067 0.2438067 0.2420454 0.2420454 0.2398057 0.2398057 0.2377932 0.2377932 0.2362941 0.2362941
0.3353851 0.3353851 0.3248798 0.3178333 0.3152220 0.3152220 0.3129559 0.3091823 0.3091823 0.3061148 0.3061148 0.3035173 0.3023490 0.3012507 0.3007348 0.3007348 0.3036211 0.3047108 0.3013018 0.2964099 0.2919795 0.2886797 0.2866087 0.2855837 0.2852359 0.2850565 0.2844585 0.2833856 0.2864250 0.3018034 0.3018034 0.3135639 0.3199743 0.3173345 0.3105287 0.3105287 0.2911251 0.2911251 0.2718802 0.2718802 0.2631425 0.2487228 0.2487228 0.2402877 0.2402877 0.2389340 0.2389340 0.2389340 0.2390980 0.2390980 0.2385410 0.2385410 0.2376363 0.2376363 0.2368197 0.2368197 0.2362570 0.2362570
0.3356673 0.3356673 0.3250389 0.3178471 0.3152158 0.3152158 0.3129474 0.3091827 0.3091827 0.3061191 0.3061191 0.3035198 0.3023502 0.3012508 0.3005441 0.3005441 0.2922104 0.2896308 0.2856484 0.2809057 0.2765433 0.2732090 0.2711127 0.2701731 0.2700932 0.2704018 0.2705339 0.2712805 0.2840312 0.3184223 0.3184223 0.3390396 0.3441294 0.3338235 0.3243805 0.3243805 0.3000737 0.3000737 0.2787543 0.2787543 0.2691493 0.2527356 0.2527356 0.2411654 0.2411654 0.2351722 0.2351722 0.2351722 0.2347146 0.2347146 0.2349492 0.2349492 0.2353496 0.2353496 0.2358199 0.2358199 0.2362574 0.2362574
