cruce_test.gid/Rasters/Hydraulic/Depth____000058.asc
NCOLS        79
NROWS        79
XLLCENTER         -1.500000
YLLCENTER         -4.800000
CELLSIZE           0.100
NODATA_VALUE     -9999.0
[rows 0 to 25 of 79, columns 0 to 57 of 79]
-9999.000 -9999.000 -9999.000 -9999.000 -9999.000 -9999.000 -9999.000 -9999.000 -9999.000 -9999.000 -9999.000 -9999.000 -9999.000 -9999.000 -9999.000 0.2656813 0.2658072 0.2657231 0.2655805 0.2653944 0.2651705 0.2649131 0.2646267 0.2643166 0.2639895 0.2636540 0.2633210 0.2630045 0.2627370 0.2630340 0.2630340 -9999.000 -9999.000 -9999.000 -9999.000 -9999.000 -9999.000 -9999.000 -9999.000 -9999.000 -9999.000 -9999.000 -9999.000 -9999.000 -9999.000 -9999.000 -9999.000 -9999.000 -9999.000 -9999.000 -9999.000 -9999.000 -9999.000 -9999.000 -9999.000 -9999.000 -9999.000 -9999.000
-9999.000 -9999.000 -9999.000 -9999.000 -9999.000 -9999.000 -9999.000 -9999.000 -9999.000 -9999.000 -9999.000 -9999.000 -9999.000 -9999.000 -9999.000 0.2675853 0.2677358 0.2676519 0.2675167 0.2673433 0.2671363 0.2668999 0.2666384 0.2663576 0.2660639 0.2657648 0.2654685 0.2651835 0.2649308 0.2652073 0.2652073 -9999.000 -9999.000 -9999.000 -9999.000 -9999.000 -9999.000 -9999.000 -9999.000 -9999.000 -9999.000 -9999.000 -9999.000 -9999.000 -9999.000 -9999.000 -9999.000 -9999.000 -9999.000 -9999.000 -9999.000 -9999.000 -9999.000 -9999.000 -9999.000 -9999.000 -9999.000 -9999.000
-9999.000 -9999.000 -9999.000 -9999.000 -9999.000 -9999.000 -9999.000 -9999.000 -9999.000 -9999.000 -9999.000 -9999.000 -9999.000 -9999.000 -9999.000 0.2696092 0.2698055 0.2697212 0.2695853 0.2694125 0.2692075 0.2689742 0.2687164 0.2684387 0.2681464 0.2678455 0.2675422 0.2672431 0.2669705 0.2672863 0.2672863 -9999.000 -9999.000 -9999.000 -9999.000 -9999.000 -9999.000 -9999.000 -9999.000 -9999.000 -9999.000 -9999.000 -9999.000 -9999.000 -9999.000 -9999.000 -9999.000 -9999.000 -9999.000 -9999.000 -9999.000 -9999.000 -9999.000 -9999.000 -9999.000 -9999.000 -9999.000 -9999.000
-9999.000 -9999.000 -9999.000 -9999.000 -9999.000 -9999.000 -9999.000 -9999.000 -9999.000 -9999.000 -9999.000 -9999.000 -9999.000 -9999.000 -9999.000 0.2716688 0.2719033 0.2718161 0.2716764 0.2714997 0.2712909 0.2710534 0.2707904 0.2705058 0.2702041 0.2698900 0.2695684 0.2692450 0.2689424 0.2692867 0.2692867 -9999.000 -9999.000 -9999.000 -9999.000 -9999.000 -9999.000 -9999.000 -9999.000 -9999.000 -9999.000 -9999.000 -9999.000 -9999.000 -9999.000 -9999.000 -9999.000 -9999.000 -9999.000 -9999.000 -9999.000 -9999.000 -9999.000 -9999.000 -9999.000 -9999.000 -9999.000 -9999.000
-9999.000 -9999.000 -9999.000 -9999.000 -9999.000 -9999.000 -9999.000 -9999.000 -9999.000 -9999.000 -9999.000 -9999.000 -9999.000 -9999.000 -9999.000 0.2737569 0.2740223 0.2739295 0.2737827 0.2735981 0.2733804 0.2731324 0.2728569 0.2725572 0.2722368 0.2718997 0.2715499 0.2711915 0.2708477 0.2712117 0.2712117 -9999.000 -9999.000 -9999.000 -9999.000 -9999.000 -9999.000 -9999.000 -9999.000 -9999.000 -9999.000 -9999.000 -9999.000 -9999.000 -9999.000 -9999.000 -9999.000 -9999.000 -9999.000 -9999.000 -9999.000 -9999.000 -9999.000 -9999.000 -9999.000 -9999.000 -9999.000 -9999.000
-9999.000 -9999.000 -9999.000 -9999.000 -9999.000 -9999.000 -9999.000 -9999.000 -9999.000 -9999.000 -9999.000 -9999.000 -9999.000 -9999.000 -9999.000 0.2758675 0.2761563 0.2760552 0.2758986 0.2757027 0.2754717 0.2752080 0.2749137 0.2745914 0.2742439 0.2738742 0.2734853 0.2730802 0.2726815 0.2730570 0.2730570 -9999.000 -9999.000 -9999.000 -9999.000 -9999.000 -9999.000 -9999.000 -9999.000 -9999.000 -9999.000 -9999.000 -9999.000 -9999.000 -9999.000 -9999.000 -9999.000 -9999.000 -9999.000 -9999.000 -9999.000 -9999.000 -9999.000 -9999.000 -9999.000 -9999.000 -9999.000 -9999.000
-9999.000 -9999.000 -9999.000 -9999.000 -9999.000 -9999.000 -9999.000 -9999.000 -9999.000 -9999.000 -9999.000 -9999.000 -9999.000 -9999.000 -9999.000 0.2779954 0.2783001 0.2781878 0.2780192 0.2778092 0.2775614 0.2772773 0.2769584 0.2766065 0.2762233 0.2758109 0.2753709 0.2749046 0.2744336 0.2748105 0.2748105 -9999.000 -9999.000 -9999.000 -9999.000 -9999.000 -9999.000 -9999.000 -9999.000 -9999.000 -9999.000 -9999.000 -9999.000 -9999.000 -9999.000 -9999.000 -9999.000 -9999.000 -9999.000 -9999.000 -9999.000 -9999.000 -9999.000 -9999.000 -9999.000 -9999.000 -9999.000 -9999.000
-9999.000 -9999.000 -9999.000 -9999.000 -9999.000 -9999.000 -9999.000 -9999.000 -9999.000 -9999.000 -9999.000 -9999.000 -9999.000 -9999.000 -9999.000 0.2801352 0.2804483 0.2803220 0.2801395 0.2799131 0.2796454 0.2793369 0.2789881 0.2785994 0.2781715 0.2777048 0.2771992 0.2766538 0.2760872 0.2764511 0.2764511 -9999.000 -9999.000 -9999.000 -9999.000 -9999.000 -9999.000 -9999.000 -9999.000 -9999.000 -9999.000 -9999.000 -9999.000 -9999.000 -9999.000 -9999.000 -9999.000 -9999.000 -9999.000 -9999.000 -9999.000 -9999.000 -9999.000 -9999.000 -9999.000 -9999.000 -9999.000 -9999.000
-9999.000 -9999.000 -9999.000 -9999.000 -9999.000 -9999.000 -9999.000 -9999.000 -9999.000 -9999.000 -9999.000 -9999.000 -9999.000 -9999.000 -9999.000 0.2822813 0.2825952 0.2824521 0.2822540 0.2820094 0.2817191 0.2813823 0.2809980 0.2805651 0.2800823 0.2795479 0.2789588 0.2783106 0.2776164 0.2779437 0.2779437 -9999.000 -9999.000 -9999.000 -9999.000 -9999.000 -9999.000 -9999.000 -9999.000 -9999.000 -9999.000 -9999.000 -9999.000 -9999.000 -9999.000 -9999.000 -9999.000 -9999.000 -9999.000 -9999.000 -9999.000 -9999.000 -9999.000 -9999.000 -9999.000 -9999.000 -9999.000 -9999.000
-9999.000 -9999.000 -9999.000 -9999.000 -9999.000 -9999.000 -9999.000 -9999.000 -9999.000 -9999.000 -9999.000 -9999.000 -9999.000 -9999.000 -9999.000 0.2844265 0.2847340 0.2845714 0.2843564 0.2840917 0.2837760 0.2834069 0.2829813 0.2824957 0.2819463 0.2813275 0.2806321 0.2798492 0.2789815 0.2792315 0.2792315 -9999.000 -9999.000 -9999.000 -9999.000 -9999.000 -9999.000 -9999.000 -9999.000 -9999.000 -9999.000 -9999.000 -9999.000 -9999.000 -9999.000 -9999.000 -9999.000 -9999.000 -9999.000 -9999.000 -9999.000 -9999.000 -9999.000 -9999.000 -9999.000 -9999.000 -9999.000 -9999.000
-9999.000 -9999.000 -9999.000 -9999.000 -9999.000 -9999.000 -9999.000 -9999.000 -9999.000 -9999.000 -9999.000 -9999.000 -9999.000 -9999.000 -9999.000 0.2865611 0.2868567 0.2866719 0.2864386 0.2861520 0.2858081 0.2854020 0.2849281 0.2843798 0.2837490 0.2830248 0.2821923 0.2812299 0.2801207 0.2802167 0.2802167 -9999.000 -9999.000 -9999.000 -9999.000 -9999.000 -9999.000 -9999.000 -9999.000 -9999.000 -9999.000 -9999.000 -9999.000 -9999.000 -9999.000 -9999.000 -9999.000 -9999.000 -9999.000 -9999.000 -9999.000 -9999.000 -9999.000 -9999.000 -9999.000 -9999.000 -9999.000 -9999.000
-9999.000 -9999.000 -9999.000 -9999.000 -9999.000 -9999.000 -9999.000 -9999.000 -9999.000 -9999.000 -9999.000 -9999.000 -9999.000 -9999.000 -9999.000 0.2886721 0.2889524 0.2887433 0.2884905 0.2881799 0.2878041 0.2873554 0.2868245 0.2862004 0.2854688 0.2846105 0.2835979 0.2823899 0.2809325 0.2807218 0.2807218 -9999.000 -9999.000 -9999.000 -9999.000 -9999.000 -9999.000 -9999.000 -9999.000 -9999.000 -9999.000 -9999.000 -9999.000 -9999.000 -9999.000 -9999.000 -9999.000 -9999.000 -9999.000 -9999.000 -9999.000 -9999.000 -9999.000 -9999.000 -9999.000 -9999.000 -9999.000 -9999.000
-9999.000 -9999.000 -9999.000 -9999.000 -9999.000 -9999.000 -9999.000 -9999.000 -9999.000 -9999.000 -9999.000 -9999.000 -9999.000 -9999.000 -9999.000 0.2907412 0.2910068 0.2907721 0.2904985 0.2901612 0.2897488 0.2892497 0.2886500 0.2879321 0.2870727 0.2860390 0.2847822 0.2832254 0.2812412 0.2803912 0.2803912 -9999.000 -9999.000 -9999.000 -9999.000 -9999.000 -9999.000 -9999.000 -9999.000 -9999.000 -9999.000 -9999.000 -9999.000 -9999.000 -9999.000 -9999.000 -9999.000 -9999.000 -9999.000 -9999.000 -9999.000 -9999.000 -9999.000 -9999.000 -9999.000 -9999.000 -9999.000 -9999.000
-9999.000 -9999.000 -9999.000 -9999.000 -9999.000 -9999.000 -9999.000 -9999.000 -9999.000 -9999.000 -9999.000 -9999.000 -9999.000 -9999.000 -9999.000 0.2927304 0.2929935 0.2927357 0.2924418 0.2920759 0.2916214 0.2910615 0.2903757 0.2895371 0.2885086 0.2872347 0.2856296 0.2835481 0.2807131 0.2784085 0.2784085 -9999.000 -9999.000 -9999.000 -9999.000 -9999.000 -9999.000 -9999.000 -9999.000 -9999.000 -9999.000 -9999.000 -9999.000 -9999.000 -9999.000 -9999.000 -9999.000 -9999.000 -9999.000 -9999.000 -9999.000 -9999.000 -9999.000 -9999.000 -9999.000 -9999.000 -9999.000 -9999.000
-9999.000 -9999.000 -9999.000 -9999.000 -9999.000 -9999.000 -9999.000 -9999.000 -9999.000 -9999.000 -9999.000 -9999.000 -9999.000 -9999.000 -9999.000 0.2936771 0.2945692 0.2944957 0.2943116 0.2939950 0.2935373 0.2929238 0.2921312 0.2911243 0.2898482 0.2882148 0.2860734 0.2831411 0.2787832 0.2722478 0.2722478 -9999.000 -9999.000 -9999.000 -9999.000 -9999.000 -9999.000 -9999.000 -9999.000 -9999.000 -9999.000 -9999.000 -9999.000 -9999.000 -9999.000 -9999.000 -9999.000 -9999.000 -9999.000 -9999.000 -9999.000 -9999.000 -9999.000 -9999.000 -9999.000 -9999.000 -9999.000 -9999.000
0.2514398 0.2514398 0.2401468 0.2331659 0.2308973 0.2308973 0.2289677 0.2259485 0.2259485 0.2658238 0.2658238 0.2758370 0.2809175 0.2867263 0.2937671 0.2937671 0.3020606 0.3024409 0.3026014 0.3024171 0.3017973 0.3006746 0.2990064 0.2967609 0.2938741 0.2901691 0.2851948 0.2778217 0.2648774 0.2310068 0.2310068 0.1094844 0.8498363E-01 0.8014778E-01 0.8461659E-01 0.8461659E-01 0.9986293E-01 0.9986293E-01 0.1227661 0.1227661 0.1535995 0.1890503 0.1890503 0.1925255 0.1925255 0.1918753 0.1918753 0.1918753 0.1871350 0.1871350 0.1827886 0.1827886 0.1792048 0.1792048 0.1736691 0.1736691 0.1701031 0.1701031
0.2504537 0.2504537 0.2395250 0.2327398 0.2305005 0.2305005 0.2285849 0.2255651 0.2255651 0.2660834 0.2660834 0.2753372 0.2801352 0.2853525 0.2909403 0.2909403 0.2957968 0.2961883 0.2965699 0.2968719 0.2969840 0.2967651 0.2960497 0.2946450 0.2923203 0.2887726 0.2835353 0.2757319 0.2633196 0.2391037 0.2391037 0.1538358 0.1257849 0.1053660 0.1020817 0.1020817 0.1051916 0.1051916 0.1209730 0.1209730 0.1410519 0.1885842 0.1885842 0.1929990 0.1929990 0.1917155 0.1917155 0.1917155 0.1868061 0.1868061 0.1824582 0.1824582 0.1795130 0.1795130 0.1734157 0.1734157 0.1698768 0.1698768
0.2499351 0.2499351 0.2393094 0.2326935 0.2304802 0.2304802 0.2285752 0.2255481 0.2255481 0.2664132 0.2664132 0.2746425 0.2788933 0.2833283 0.2878226 0.2878226 0.2908725 0.2908407 0.2908360 0.2908515 0.2908069 0.2905716 0.2899754 0.2888086 0.2868102 0.2836401 0.2788117 0.2715264 0.2601533 0.2399007 0.2399007 0.1745498 0.1469362 0.1219917 0.1162051 0.1162051 0.1148748 0.1148748 0.1255367 0.1255367 0.1383550 0.1817637 0.1817637 0.1938816 0.1938816 0.1922333 0.1922333 0.1922333 0.1867727 0.1867727 0.1823658 0.1823658 0.1788365 0.1788365 0.1736952 0.1736952 0.1699910 0.1699910
0.2495318 0.2495318 0.2391244 0.2326541 0.2304685 0.2304685 0.2285764 0.2255444 0.2255444 0.2664605 0.2664605 0.2738091 0.2775206 0.2812503 0.2848646 0.2848646 0.2863271 0.2858384 0.2854204 0.2850778 0.2847397 0.2842833 0.2835434 0.2823152 0.2803465 0.2773172 0.2727905 0.2660868 0.2558731 0.2383565 0.2383565 0.1874474 0.1621273 0.1370526 0.1310095 0.1310095 0.1286086 0.1286086 0.1350986 0.1350986 0.1420768 0.1726124 0.1726124 0.1917069 0.1917069 0.1917617 0.1917617 0.1917617 0.1866737 0.1866737 0.1821133 0.1821133 0.1783498 0.1783498 0.1736927 0.1736927 0.1699546 0.1699546
0.2492306 0.2492306 0.2389747 0.2326188 0.2304581 0.2304581 0.2285783 0.2255415 0.2255415 0.2661696 0.2661696 0.2728442 0.2760246 0.2790822 0.2818918 0.2818918 0.2816893 0.2806821 0.2798493 0.2791720 0.2785638 0.2778926 0.2769919 0.2756628 0.2736693 0.2707248 0.2664612 0.2603425 0.2513064 0.2361071 0.2361071 0.1957075 0.1736199 0.1514312 0.1466252 0.1466252 0.1448826 0.1448826 0.1475798 0.1475798 0.1501386 0.1663358 0.1663358 0.1858830 0.1858830 0.1903443 0.1903443 0.1903443 0.1860534 0.1860534 0.1815366 0.1815366 0.1776437 0.1776437 0.1733844 0.1733844 0.1697795 0.1697795
0.2490219 0.2490219 0.2388650 0.2325908 0.2304499 0.2304499 0.2285801 0.2255378 0.2255378 0.2651087 0.2651087 0.2718230 0.2744763 0.2768748 0.2788885 0.2788885 0.2767544 0.2751276 0.2738450 0.2728447 0.2720074 0.2711761 0.2701698 0.2687881 0.2668085 0.2639796 0.2600127 0.2545525 0.2468102 0.2340348 0.2340348 0.2012726 0.1832995 0.1665024 0.1636501 0.1636501 0.1621925 0.1621925 0.1606845 0.1606845 0.1599199 0.1647574 0.1647574 0.1787294 0.1787294 0.1872626 0.1872626 0.1872626 0.1845291 0.1845291 0.1804954 0.1804954 0.1766973 0.1766973 0.1728260 0.1728260 0.1695026 0.1695026
0.2488994 0.2488994 0.2387982 0.2325728 0.2304446 0.2304446 0.2285814 0.2255329 0.2255329 0.2638954 0.2638954 0.2707835 0.2729371 0.2746895 0.2758806 0.2758806 0.2713752 0.2690050 0.2672147 0.2658837 0.2648484 0.2639147 0.2628752 0.2615170 0.2596223 0.2569694 0.2533607 0.2487076 0.2425086 0.2323373 0.2323373 0.2063083 0.1930877 0.1832918 0.1819619 0.1819619 0.1788327 0.1788327 0.1728445 0.1728445 0.1696172 0.1668964 0.1668964 0.1731663 0.1731663 0.1826565 0.1826565 0.1826565 0.1818525 0.1818525 0.1788033 0.1788033 0.1754314 0.1754314 0.1720505 0.1720505 0.1691489 0.1691489
0.2488590 0.2488590 0.2387757 0.2325667 0.2304427 0.2304427 0.2285818 0.2255262 0.2255262 0.2625944 0.2625944 0.2697620 0.2714392 0.2725653 0.2729015 0.2729015 0.2653866 0.2621405 0.2597753 0.2580941 0.2568831 0.2559022 0.2549061 0.2536574 0.2519313 0.2495245 0.2463472 0.2427897 0.2386789 0.2318067 0.2318067 0.2125507 0.2049261 0.2015841 0.2002361 0.2002361 0.1933863 0.1933863 0.1833702 0.1833702 0.1783915 0.1709733 0.1709733 0.1705077 0.1705077 0.1774381 0.1774381 0.1774381 0.1781300 0.1781300 0.1763509 0.1763509 0.1737580 0.1737580 0.1710543 0.1710543 0.1687272 0.1687272
0.2488994 0.2488994 0.2387982 0.2325728 0.2304446 0.2304446 0.2285814 0.2255179 0.2255179 0.2612759 0.2612759 0.2687890 0.2700265 0.2705555 0.2700107 0.2700107 0.2585742 0.2543251 0.2513178 0.2492600 0.2478905 0.2469182 0.2460487 0.2450067 0.2435447 0.2414607 0.2387978 0.2369282 0.2360015 0.2335532 0.2335532 0.2218951 0.2201529 0.2196250 0.2166303 0.2166303 0.2052739 0.2052739 0.1921663 0.1921663 0.1859766 0.1756418 0.1756418 0.1703724 0.1703724 0.1726971 0.1726971 0.1726971 0.1738409 0.1738409 0.1732166 0.1732166 0.1716427 0.1716427 0.1698258 0.1698258 0.1682447 0.1682447
0.2490220 0.2490220 0.2388650 0.2325908 0.2304499 0.2304499 0.2285801 0.2255085 0.2255085 0.2600205 0.2600205 0.2678854 0.2687311 0.2687056 0.2672841 0.2672841 0.2506262 0.2452814 0.2416029 0.2391456 0.2376211 0.2367029 0.2360478 0.2353272 0.2342491 0.2325818 0.2305513 0.2316397 0.2358431 0.2388698 0.2388698 0.2355921 0.2383364 0.2353761 0.2301250 0.2301250 0.2146305 0.2146305 0.1993541 0.1993541 0.1923240 0.1801302 0.1801302 0.1717374 0.1717374 0.1691122 0.1691122 0.1691122 0.1696156 0.1696156 0.1696832 0.1696832 0.1691581 0.1691581 0.1683889 0.1683889 0.1677118 0.1677118
0.2492306 0.2492306 0.2389748 0.2326188 0.2304581 0.2304581 0.2285783 0.2254989 0.2254989 0.2589118 0.2589118 0.2670623 0.2675707 0.2670417 0.2647815 0.2647815 0.2411883 0.2347425 0.2302765 0.2273928 0.2257455 0.2249541 0.2246161 0.2243404 0.2237790 0.2226638 0.2216157 0.2282198 0.2402013 0.2493916 0.2493916 0.2534669 0.2566070 0.2484435 0.2413970 0.2413970 0.2218568 0.2218568 0.2050709 0.2050709 0.1974505 0.1840543 0.1840543 0.1737028 0.1737028 0.1668122 0.1668122 0.1668122 0.1659721 0.1659721 0.1661535 0.1661535 0.1665013 0.1665013 0.1668279 0.1668279 0.1671531 0.1671531
