cruce_test.gid/Rasters/Hydraulic/Depth____000132.asc
NCOLS        79
NROWS        79
XLLCENTER         -1.500000
YLLCENTER         -4.800000
CELLSIZE           0.100
NODATA_VALUE     -9999.0
[rows 0 to 25 of 79, columns 0 to 58 of 79]
-9999.000 -9999.000 -9999.000 -9999.000 -9999.000 -9999.000 -9999.000 -9999.000 -9999.000 -9999.000 -9999.000 -9999.000 -9999.000 -9999.000 -9999.000 0.5016242 0.5018207 0.5017946 0.5017142 0.5015935 0.5014427 0.5012718 0.5010902 0.5009047 0.5007212 0.5005363 0.5003316 0.5000646 0.4996528 0.4996480 0.4996480 -9999.000 -9999.000 -9999.000 -9999.000 -9999.000 -9999.000 -9999.000 -9999.000 -9999.000 -9999.000 -9999.000 -9999.000 -9999.000 -9999.000 -9999.000 -9999.000 -9999.000 -9999.000 -9999.000 -9999.000 -9999.000 -9999.000 -9999.000 -9999.000 -9999.000 -9999.000 -9999.000 -9999.000
-9999.000 -9999.000 -9999.000 -9999.000 -9999.000 -9999.000 -9999.000 -9999.000 -9999.000 -9999.000 -9999.000 -9999.000 -9999.000 -9999.000 -9999.000 0.5034552 0.5036501 0.5036229 0.5035516 0.5034480 0.5033207 0.5031781 0.5030281 0.5028767 0.5027294 0.5025839 0.5024248 0.5022139 0.5018731 0.5019196 0.5019196 -9999.000 -9999.000 -9999.000 -9999.000 -9999.000 -9999.000 -9999.000 -9999.000 -9999.000 -9999.000 -9999.000 -9999.000 -9999.000 -9999.000 -9999.000 -9999.000 -9999.000 -9999.000 -9999.000 -9999.000 -9999.000 -9999.000 -9999.000 -9999.000 -9999.000 -9999.000 -9999.000 -9999.000
-9999.000 -9999.000 -9999.000 -9999.000 -9999.000 -9999.000 -9999.000 -9999.000 -9999.000 -9999.000 -9999.000 -9999.000 -9999.000 -9999.000 -9999.000 0.5054170 0.5056389 0.5056163 0.5055498 0.5054517 0.5053309 0.5051958 0.5050544 0.5049123 0.5047745 0.5046376 0.5044840 0.5042715 0.5039154 0.5039559 0.5039559 -9999.000 -9999.000 -9999.000 -9999.000 -9999.000 -9999.000 -9999.000 -9999.000 -9999.000 -9999.000 -9999.000 -9999.000 -9999.000 -9999.000 -9999.000 -9999.000 -9999.000 -9999.000 -9999.000 -9999.000 -9999.000 -9999.000 -9999.000 -9999.000 -9999.000 -9999.000 -9999.000 -9999.000
-9999.000 -9999.000 -9999.000 -9999.000 -9999.000 -9999.000 -9999.000 -9999.000 -9999.000 -9999.000 -9999.000 -9999.000 -9999.000 -9999.000 -9999.000 0.5074136 0.5076545 0.5076343 0.5075700 0.5074738 0.5073549 0.5072219 0.5070824 0.5069422 0.5068060 0.5066698 0.5065140 0.5062929 0.5059141 0.5059334 0.5059334 -9999.000 -9999.000 -9999.000 -9999.000 -9999.000 -9999.000 -9999.000 -9999.000 -9999.000 -9999.000 -9999.000 -9999.000 -9999.000 -9999.000 -9999.000 -9999.000 -9999.000 -9999.000 -9999.000 -9999.000 -9999.000 -9999.000 -9999.000 -9999.000 -9999.000 -9999.000 -9999.000 -9999.000
-9999.000 -9999.000 -9999.000 -9999.000 -9999.000 -9999.000 -9999.000 -9999.000 -9999.000 -9999.000 -9999.000 -9999.000 -9999.000 -9999.000 -9999.000 0.5094298 0.5096847 0.5096653 0.5096012 0.5095047 0.5093848 0.5092502 0.5091090 0.5089666 0.5088277 0.5086879 0.5085254 0.5082911 0.5078829 0.5078669 0.5078669 -9999.000 -9999.000 -9999.000 -9999.000 -9999.000 -9999.000 -9999.000 -9999.000 -9999.000 -9999.000 -9999.000 -9999.000 -9999.000 -9999.000 -9999.000 -9999.000 -9999.000 -9999.000 -9999.000 -9999.000 -9999.000 -9999.000 -9999.000 -9999.000 -9999.000 -9999.000 -9999.000 -9999.000
-9999.000 -9999.000 -9999.000 -9999.000 -9999.000 -9999.000 -9999.000 -9999.000 -9999.000 -9999.000 -9999.000 -9999.000 -9999.000 -9999.000 -9999.000 0.5114556 0.5117213 0.5117016 0.5116366 0.5115381 0.5114154 0.5112775 0.5111323 0.5109856 0.5108417 0.5106959 0.5105242 0.5102729 0.5098283 0.5097620 0.5097620 -9999.000 -9999.000 -9999.000 -9999.000 -9999.000 -9999.000 -9999.000 -9999.000 -9999.000 -9999.000 -9999.000 -9999.000 -9999.000 -9999.000 -9999.000 -9999.000 -9999.000 -9999.000 -9999.000 -9999.000 -9999.000 -9999.000 -9999.000 -9999.000 -9999.000 -9999.000 -9999.000 -9999.000
-9999.000 -9999.000 -9999.000 -9999.000 -9999.000 -9999.000 -9999.000 -9999.000 -9999.000 -9999.000 -9999.000 -9999.000 -9999.000 -9999.000 -9999.000 0.5134846 0.5137590 0.5137382 0.5136714 0.5135700 0.5134435 0.5133011 0.5131509 0.5129988 0.5128489 0.5126958 0.5125129 0.5122412 0.5117531 0.5116183 0.5116183 -9999.000 -9999.000 -9999.000 -9999.000 -9999.000 -9999.000 -9999.000 -9999.000 -9999.000 -9999.000 -9999.000 -9999.000 -9999.000 -9999.000 -9999.000 -9999.000 -9999.000 -9999.000 -9999.000 -9999.000 -9999.000 -9999.000 -9999.000 -9999.000 -9999.000 -9999.000 -9999.000 -9999.000
-9999.000 -9999.000 -9999.000 -9999.000 -9999.000 -9999.000 -9999.000 -9999.000 -9999.000 -9999.000 -9999.000 -9999.000 -9999.000 -9999.000 -9999.000 0.5155124 0.5157940 0.5157713 0.5157021 0.5155970 0.5154660 0.5153186 0.5151629 0.5150048 0.5148484 0.5146875 0.5144922 0.5141968 0.5136564 0.5134292 0.5134292 -9999.000 -9999.000 -9999.000 -9999.000 -9999.000 -9999.000 -9999.000 -9999.000 -9999.000 -9999.000 -9999.000 -9999.000 -9999.000 -9999.000 -9999.000 -9999.000 -9999.000 -9999.000 -9999.000 -9999.000 -9999.000 -9999.000 -9999.000 -9999.000 -9999.000 -9999.000 -9999.000 -9999.000
-9999.000 -9999.000 -9999.000 -9999.000 -9999.000 -9999.000 -9999.000 -9999.000 -9999.000 -9999.000 -9999.000 -9999.000 -9999.000 -9999.000 -9999.000 0.5175359 0.5178238 0.5177984 0.5177262 0.5176169 0.5174807 0.5173275 0.5171659 0.5170016 0.5168387 0.5166697 0.5164605 0.5161377 0.5155348 0.5151815 0.5151815 -9999.000 -9999.000 -9999.000 -9999.000 -9999.000 -9999.000 -9999.000 -9999.000 -9999.000 -9999.000 -9999.000 -9999.000 -9999.000 -9999.000 -9999.000 -9999.000 -9999.000 -9999.000 -9999.000 -9999.000 -9999.000 -9999.000 -9999.000 -9999.000 -9999.000 -9999.000 -9999.000 -9999.000
-9999.000 -9999.000 -9999.000 -9999.000 -9999.000 -9999.000 -9999.000 -9999.000 -9999.000 -9999.000 -9999.000 -9999.000 -9999.000 -9999.000 -9999.000 0.5195524 0.5198461 0.5198172 0.5197413 0.5196270 0.5194848 0.5193253 0.5191572 0.5189864 0.5188166 0.5186392 0.5184146 0.5180596 0.5173807 0.5168527 0.5168527 -9999.000 -9999.000 -9999.000 -9999.000 -9999.000 -9999.000 -9999.000 -9999.000 -9999.000 -9999.000 -9999.000 -9999.000 -9999.000 -9999.000 -9999.000 -9999.000 -9999.000 -9999.000 -9999.000 -9999.000 -9999.000 -9999.000 -9999.000 -9999.000 -9999.000 -9999.000 -9999.000 -9999.000
-9999.000 -9999.000 -9999.000 -9999.000 -9999.000 -9999.000 -9999.000 -9999.000 -9999.000 -9999.000 -9999.000 -9999.000 -9999.000 -9999.000 -9999.000 0.5215591 0.5218585 0.5218251 0.5217450 0.5216249 0.5214759 0.5213090 0.5211335 0.5209556 0.5207783 0.5205914 0.5203488 0.5199550 0.5191823 0.5184066 0.5184066 -9999.000 -9999.000 -9999.000 -9999.000 -9999.000 -9999.000 -9999.000 -9999.000 -9999.000 -9999.000 -9999.000 -9999.000 -9999.000 -9999.000 -9999.000 -9999.000 -9999.000 -9999.000 -9999.000 -9999.000 -9999.000 -9999.000 -9999.000 -9999.000 -9999.000 -9999.000 -9999.000 -9999.000
-9999.000 -9999.000 -9999.000 -9999.000 -9999.000 -9999.000 -9999.000 -9999.000 -9999.000 -9999.000 -9999.000 -9999.000 -9999.000 -9999.000 -9999.000 0.5235520 0.5238577 0.5238190 0.5237337 0.5236069 0.5234500 0.5232746 0.5230908 0.5229043 0.5227181 0.5225199 0.5222549 0.5218125 0.5209215 0.5197839 0.5197839 -9999.000 -9999.000 -9999.000 -9999.000 -9999.000 -9999.000 -9999.000 -9999.000 -9999.000 -9999.000 -9999.000 -9999.000 -9999.000 -9999.000 -9999.000 -9999.000 -9999.000 -9999.000 -9999.000 -9999.000 -9999.000 -9999.000 -9999.000 -9999.000 -9999.000 -9999.000 -9999.000 -9999.000
-9999.000 -9999.000 -9999.000 -9999.000 -9999.000 -9999.000 -9999.000 -9999.000 -9999.000 -9999.000 -9999.000 -9999.000 -9999.000 -9999.000 -9999.000 0.5255250 0.5258386 0.5257936 0.5257022 0.5255676 0.5254015 0.5252163 0.5250223 0.5248253 0.5246278 0.5244147 0.5241205 0.5236148 0.5225703 0.5208851 0.5208851 -9999.000 -9999.000 -9999.000 -9999.000 -9999.000 -9999.000 -9999.000 -9999.000 -9999.000 -9999.000 -9999.000 -9999.000 -9999.000 -9999.000 -9999.000 -9999.000 -9999.000 -9999.000 -9999.000 -9999.000 -9999.000 -9999.000 -9999.000 -9999.000 -9999.000 -9999.000 -9999.000 -9999.000
-9999.000 -9999.000 -9999.000 -9999.000 -9999.000 -9999.000 -9999.000 -9999.000 -9999.000 -9999.000 -9999.000 -9999.000 -9999.000 -9999.000 -9999.000 0.5274583 0.5277868 0.5277364 0.5276400 0.5274977 0.5273220 0.5271257 0.5269195 0.5267090 0.5264959 0.5262617 0.5259264 0.5253347 0.5240844 0.5215361 0.5215361 -9999.000 -9999.000 -9999.000 -9999.000 -9999.000 -9999.000 -9999.000 -9999.000 -9999.000 -9999.000 -9999.000 -9999.000 -9999.000 -9999.000 -9999.000 -9999.000 -9999.000 -9999.000 -9999.000 -9999.000 -9999.000 -9999.000 -9999.000 -9999.000 -9999.000 -9999.000 -9999.000 -9999.000
-9999.000 -9999.000 -9999.000 -9999.000 -9999.000 -9999.000 -9999.000 -9999.000 -9999.000 -9999.000 -9999.000 -9999.000 -9999.000 -9999.000 -9999.000 0.5277499 0.5290583 0.5293622 0.5295172 0.5295407 0.5294626 0.5293124 0.5291162 0.5288930 0.5286540 0.5283832 0.5279777 0.5272300 0.5255895 0.5209731 0.5209731 -9999.000 -9999.000 -9999.000 -9999.000 -9999.000 -9999.000 -9999.000 -9999.000 -9999.000 -9999.000 -9999.000 -9999.000 -9999.000 -9999.000 -9999.000 -9999.000 -9999.000 -9999.000 -9999.000 -9999.000 -9999.000 -9999.000 -9999.000 -9999.000 -9999.000 -9999.000 -9999.000 -9999.000
0.5652440 0.5652440 0.5515949 0.5372595 0.5335948 0.5335948 0.5305173 0.5253513 0.5253513 0.5210018 0.5210018 0.5172035 0.5154648 0.5138155 0.5122448 0.5122448 0.5343591 0.5346761 0.5349740 0.5355393 0.5364404 0.5376348 0.5390265 0.5404692 0.5417483 0.5424589 0.5417581 0.5380926 0.5278563 0.4968118 0.4968118 0.3248481 0.3014217 0.2942809 0.2926692 0.2926692 0.2926529 0.2926529 0.3067760 0.3067760 0.3227894 0.4031588 0.4031588 0.4366698 0.4366698 0.4435520 0.4435520 0.4435520 0.4367119 0.4367119 0.4278440 0.4278440 0.4184850 0.4184850 0.4096717 0.4096717 0.4021152 0.4021152 0.4021152
0.5638230 0.5638230 0.5494210 0.5364911 0.5328213 0.5328213 0.5297403 0.5245789 0.5245789 0.5202416 0.5202416 0.5164570 0.5147249 0.5130816 0.5115169 0.5115169 0.5290605 0.5296031 0.5283117 0.5266472 0.5252864 0.5245039 0.5243772 0.5248743 0.5261136 0.5278184 0.5287874 0.5279959 0.5226506 0.5041907 0.5041907 0.3833396 0.3421904 0.3074617 0.2996069 0.2996069 0.2951005 0.2951005 0.3074544 0.3074544 0.3215050 0.3855020 0.3855020 0.4352661 0.4352661 0.4446823 0.4446823 0.4446823 0.4372199 0.4372199 0.4281044 0.4281044 0.4186426 0.4186426 0.4097652 0.4097652 0.4021295 0.4021295 0.4021295
0.5630294 0.5630294 0.5484632 0.5365056 0.5328329 0.5328329 0.5297377 0.5245556 0.5245556 0.5202110 0.5202110 0.5164233 0.5146897 0.5130448 0.5114782 0.5114782 0.5251397 0.5257322 0.5232788 0.5198317 0.5165278 0.5138794 0.5120826 0.5111754 0.5112165 0.5120183 0.5128063 0.5127098 0.5096449 0.4975723 0.4975723 0.4116776 0.3692606 0.3225602 0.3105795 0.3105795 0.3035038 0.3035038 0.3168031 0.3168031 0.3299339 0.3777891 0.3777891 0.4283516 0.4283516 0.4445256 0.4445256 0.4445256 0.4376274 0.4376274 0.4283227 0.4283227 0.4187082 0.4187082 0.4097808 0.4097808 0.4022065 0.4022065 0.4022065
0.5623934 0.5623934 0.5477111 0.5365234 0.5328650 0.5328650 0.5297590 0.5245566 0.5245566 0.5202076 0.5202076 0.5164216 0.5146889 0.5130446 0.5114784 0.5114784 0.5211375 0.5212734 0.5178277 0.5129318 0.5080059 0.5037553 0.5004804 0.4982722 0.4971831 0.4970901 0.4974197 0.4973764 0.4952176 0.4861467 0.4861467 0.4280766 0.3882588 0.3386911 0.3256432 0.3256432 0.3200746 0.3200746 0.3349067 0.3349067 0.3460433 0.3777483 0.3777483 0.4186639 0.4186639 0.4411145 0.4411145 0.4411145 0.4361707 0.4361707 0.4273672 0.4273672 0.4179252 0.4179252 0.4092033 0.4092033 0.4018985 0.4018985 0.4018985
0.5619072 0.5619072 0.5471414 0.5365322 0.5328964 0.5328964 0.5297823 0.5245590 0.5245590 0.5202046 0.5202046 0.5164204 0.5146887 0.5130451 0.5114793 0.5114793 0.5169955 0.5159561 0.5113851 0.5051744 0.4988081 0.4931131 0.4884854 0.4850754 0.4829440 0.4820096 0.4818458 0.4817518 0.4802776 0.4736731 0.4736731 0.4342257 0.3998664 0.3548024 0.3445854 0.3445854 0.3453901 0.3453901 0.3597629 0.3597629 0.3668524 0.3827429 0.3827429 0.4088433 0.4088433 0.4339210 0.4339210 0.4339210 0.4323026 0.4323026 0.4250762 0.4250762 0.4164096 0.4164096 0.4082355 0.4082355 0.4014429 0.4014429 0.4014429
0.5615648 0.5615648 0.5467424 0.5365347 0.5329221 0.5329221 0.5298027 0.5245612 0.5245612 0.5202022 0.5202022 0.5164192 0.5146885 0.5130454 0.5114800 0.5114800 0.5126795 0.5097681 0.5037782 0.4962632 0.4885781 0.4815661 0.4756808 0.4711299 0.4679997 0.4662501 0.4655733 0.4653780 0.4644662 0.4599453 0.4599453 0.4334048 0.4060280 0.3727930 0.3693912 0.3693912 0.3780667 0.3780667 0.3868737 0.3868737 0.3882622 0.3902517 0.3902517 0.4017031 0.4017031 0.4241373 0.4241373 0.4241373 0.4260299 0.4260299 0.4212748 0.4212748 0.4140803 0.4140803 0.4069005 0.4069005 0.4009316 0.4009316 0.4009316
0.5613614 0.5613614 0.5465062 0.5365345 0.5329387 0.5329387 0.5298166 0.5245629 0.5245629 0.5202005 0.5202005 0.5164185 0.5146883 0.5130457 0.5114805 0.5114805 0.5079919 0.5026135 0.4948492 0.4859520 0.4770285 0.4688306 0.4618090 0.4562023 0.4521244 0.4495766 0.4483537 0.4479856 0.4475110 0.4447877 0.4447877 0.4278795 0.4092151 0.3968589 0.4024991 0.4024991 0.4136665 0.4136665 0.4115731 0.4115731 0.4071895 0.3985363 0.3985363 0.3982666 0.3982666 0.4137132 0.4137132 0.4137132 0.4179477 0.4179477 0.4159705 0.4159705 0.4108510 0.4108510 0.4051717 0.4051717 0.4003887 0.4003887 0.4003887
0.5612940 0.5612940 0.5464278 0.5365340 0.5329444 0.5329444 0.5298215 0.5245635 0.5245635 0.5201999 0.5201999 0.5164182 0.5146881 0.5130458 0.5114806 0.5114806 0.5025831 0.4942515 0.4843692 0.4739637 0.4638471 0.4545981 0.4465966 0.4400700 0.4351433 0.4318503 0.4300702 0.4294582 0.4292943 0.4282238 0.4282238 0.4196790 0.4133689 0.4312363 0.4428342 0.4428342 0.4458522 0.4458522 0.4314353 0.4314353 0.4226198 0.4067283 0.4067283 0.3980567 0.3980567 0.4043828 0.4043828 0.4043828 0.4090450 0.4090450 0.4094414 0.4094414 0.4067325 0.4067325 0.4030236 0.4030236 0.3998060 0.3998060 0.3998060
0.5613614 0.5613614 0.5465062 0.5365344 0.5329387 0.5329387 0.5298166 0.5245628 0.5245628 0.5202005 0.5202005 0.5164185 0.5146883 0.5130456 0.5114803 0.5114803 0.4959400 0.4842556 0.4719775 0.4599433 0.4486688 0.4385104 0.4297188 0.4224626 0.4168484 0.4129237 0.4106306 0.4097410 0.4098137 0.4106286 0.4106286 0.4119186 0.4255702 0.4749544 0.4831761 0.4831761 0.4703610 0.4703610 0.4465775 0.4465775 0.4349722 0.4144370 0.4144370 0.4000013 0.4000013 0.3971235 0.3971235 0.3971235 0.4003797 0.4003797 0.4022206 0.4022206 0.4018910 0.4018910 0.4004854 0.4004854 0.3991728 0.3991728 0.3991728
0.5615648 0.5615648 0.5467425 0.5365347 0.5329221 0.5329221 0.5298027 0.5245612 0.5245612 0.5202021 0.5202021 0.5164192 0.5146885 0.5130454 0.5114800 0.5114800 0.4873278 0.4719588 0.4571127 0.4433981 0.4310371 0.4201403 0.4107877 0.4030464 0.3969718 0.3925999 0.3899098 0.3887801 0.3891861 0.3932686 0.3932686 0.4112764 0.4558519 0.5180552 0.5144210 0.5144210 0.4872952 0.4872952 0.4581690 0.4581690 0.4449636 0.4214103 0.4214103 0.4030470 0.4030470 0.3921344 0.3921344 0.3921344 0.3927835 0.3927835 0.3949827 0.3949827 0.3966634 0.3966634 0.3976777 0.3976777 0.3984976 0.3984976 0.3984976
0.5619072 0.5619072 0.5471415 0.5365322 0.5328965 0.5328965 0.5297822 0.5245590 0.5245590 0.5202045 0.5202045 0.5164203 0.5146887 0.5130451 0.5114793 0.5114793 0.4756549 0.4563450 0.4389156 0.4236137 0.4103426 0.3989530 0.3893307 0.3814114 0.3751715 0.3706111 0.3677194 0.3664935 0.3678544 0.3802058 0.3802058 0.4307605 0.5092941 0.5480514 0.5345751 0.5345751 0.4989720 0.4989720 0.4671320 0.4671320 0.4530188 0.4273996 0.4273996 0.4063696 0.4063696 0.3890988 0.3890988 0.3890988 0.3867170 0.3867170 0.3883874 0.3883874 0.3915164 0.3915164 0.3948221 0.3948221 0.3978219 0.3978219 0.3978219
