cruce_test.gid/Rasters/Hydraulic/Depth____000336.asc
NCOLS        79
NROWS        79
XLLCENTER         -1.500000
YLLCENTER         -4.800000
CELLSIZE           0.100
NODATA_VALUE     -9999.0
[rows 0 to 25 of 79, columns 0 to 58 of 79]
-9999.000 -9999.000 -9999.000 -9999.000 -9999.000 -9999.000 -9999.000 -9999.000 -9999.000 -9999.000 -9999.000 -9999.000 -9999.000 -9999.000 -9999.000 0.6689256 0.6692722 0.6692615 0.6691378 0.6689515 0.6687245 0.6684727 0.6682173 0.6679620 0.6677161 0.6674852 0.6672637 0.6670166 0.6666372 0.6665881 0.6665881 -9999.000 -9999.000 -9999.000 -9999.000 -9999.000 -9999.000 -9999.000 -9999.000 -9999.000 -9999.000 -9999.000 -9999.000 -9999.000 -9999.000 -9999.000 -9999.000 -9999.000 -9999.000 -9999.000 -9999.000 -9999.000 -9999.000 -9999.000 -9999.000 -9999.000 -9999.000 -9999.000 -9999.000
-9999.000 -9999.000 -9999.000 -9999.000 -9999.000 -9999.000 -9999.000 -9999.000 -9999.000 -9999.000 -9999.000 -9999.000 -9999.000 -9999.000 -9999.000 0.6706803 0.6710173 0.6710073 0.6709062 0.6707574 0.6705784 0.6703820 0.6701853 0.6699905 0.6698049 0.6696330 0.6694694 0.6692829 0.6689776 0.6690090 0.6690090 -9999.000 -9999.000 -9999.000 -9999.000 -9999.000 -9999.000 -9999.000 -9999.000 -9999.000 -9999.000 -9999.000 -9999.000 -9999.000 -9999.000 -9999.000 -9999.000 -9999.000 -9999.000 -9999.000 -9999.000 -9999.000 -9999.000 -9999.000 -9999.000 -9999.000 -9999.000 -9999.000 -9999.000
-9999.000 -9999.000 -9999.000 -9999.000 -9999.000 -9999.000 -9999.000 -9999.000 -9999.000 -9999.000 -9999.000 -9999.000 -9999.000 -9999.000 -9999.000 0.6726007 0.6729665 0.6729624 0.6728669 0.6727243 0.6725529 0.6723652 0.6721787 0.6719949 0.6718204 0.6716589 0.6715035 0.6713203 0.6710075 0.6710342 0.6710342 -9999.000 -9999.000 -9999.000 -9999.000 -9999.000 -9999.000 -9999.000 -9999.000 -9999.000 -9999.000 -9999.000 -9999.000 -9999.000 -9999.000 -9999.000 -9999.000 -9999.000 -9999.000 -9999.000 -9999.000 -9999.000 -9999.000 -9999.000 -9999.000 -9999.000 -9999.000 -9999.000 -9999.000
-9999.000 -9999.000 -9999.000 -9999.000 -9999.000 -9999.000 -9999.000 -9999.000 -9999.000 -9999.000 -9999.000 -9999.000 -9999.000 -9999.000 -9999.000 0.6745707 0.6749531 0.6749505 0.6748555 0.6747131 0.6745420 0.6743549 0.6741698 0.6739874 0.6738146 0.6736546 0.6734996 0.6733131 0.6729862 0.6729910 0.6729910 -9999.000 -9999.000 -9999.000 -9999.000 -9999.000 -9999.000 -9999.000 -9999.000 -9999.000 -9999.000 -9999.000 -9999.000 -9999.000 -9999.000 -9999.000 -9999.000 -9999.000 -9999.000 -9999.000 -9999.000 -9999.000 -9999.000 -9999.000 -9999.000 -9999.000 -9999.000 -9999.000 -9999.000
-9999.000 -9999.000 -9999.000 -9999.000 -9999.000 -9999.000 -9999.000 -9999.000 -9999.000 -9999.000 -9999.000 -9999.000 -9999.000 -9999.000 -9999.000 0.6765624 0.6769556 0.6769524 0.6768551 0.6767099 0.6765353 0.6763446 0.6761566 0.6759710 0.6757955 0.6756328 0.6754742 0.6752805 0.6749341 0.6749024 0.6749024 -9999.000 -9999.000 -9999.000 -9999.000 -9999.000 -9999.000 -9999.000 -9999.000 -9999.000 -9999.000 -9999.000 -9999.000 -9999.000 -9999.000 -9999.000 -9999.000 -9999.000 -9999.000 -9999.000 -9999.000 -9999.000 -9999.000 -9999.000 -9999.000 -9999.000 -9999.000 -9999.000 -9999.000
-9999.000 -9999.000 -9999.000 -9999.000 -9999.000 -9999.000 -9999.000 -9999.000 -9999.000 -9999.000 -9999.000 -9999.000 -9999.000 -9999.000 -9999.000 0.6785622 0.6789636 0.6789584 0.6788574 0.6787077 0.6785278 0.6783316 0.6781384 0.6779474 0.6777667 0.6775990 0.6774346 0.6772308 0.6768599 0.6767768 0.6767768 -9999.000 -9999.000 -9999.000 -9999.000 -9999.000 -9999.000 -9999.000 -9999.000 -9999.000 -9999.000 -9999.000 -9999.000 -9999.000 -9999.000 -9999.000 -9999.000 -9999.000 -9999.000 -9999.000 -9999.000 -9999.000 -9999.000 -9999.000 -9999.000 -9999.000 -9999.000 -9999.000 -9999.000
-9999.000 -9999.000 -9999.000 -9999.000 -9999.000 -9999.000 -9999.000 -9999.000 -9999.000 -9999.000 -9999.000 -9999.000 -9999.000 -9999.000 -9999.000 0.6805633 0.6809715 0.6809633 0.6808580 0.6807029 0.6805169 0.6803138 0.6801144 0.6799167 0.6797294 0.6795554 0.6793836 0.6791673 0.6787665 0.6786147 0.6786147 -9999.000 -9999.000 -9999.000 -9999.000 -9999.000 -9999.000 -9999.000 -9999.000 -9999.000 -9999.000 -9999.000 -9999.000 -9999.000 -9999.000 -9999.000 -9999.000 -9999.000 -9999.000 -9999.000 -9999.000 -9999.000 -9999.000 -9999.000 -9999.000 -9999.000 -9999.000 -9999.000 -9999.000
-9999.000 -9999.000 -9999.000 -9999.000 -9999.000 -9999.000 -9999.000 -9999.000 -9999.000 -9999.000 -9999.000 -9999.000 -9999.000 -9999.000 -9999.000 0.6825618 0.6829762 0.6829642 0.6828540 0.6826932 0.6825005 0.6822900 0.6820838 0.6818784 0.6816837 0.6815023 0.6813218 0.6810905 0.6806538 0.6804110 0.6804110 -9999.000 -9999.000 -9999.000 -9999.000 -9999.000 -9999.000 -9999.000 -9999.000 -9999.000 -9999.000 -9999.000 -9999.000 -9999.000 -9999.000 -9999.000 -9999.000 -9999.000 -9999.000 -9999.000 -9999.000 -9999.000 -9999.000 -9999.000 -9999.000 -9999.000 -9999.000 -9999.000 -9999.000
-9999.000 -9999.000 -9999.000 -9999.000 -9999.000 -9999.000 -9999.000 -9999.000 -9999.000 -9999.000 -9999.000 -9999.000 -9999.000 -9999.000 -9999.000 0.6845548 0.6849751 0.6849588 0.6848432 0.6846764 0.6844767 0.6842585 0.6840454 0.6838316 0.6836289 0.6834394 0.6832488 0.6829998 0.6825198 0.6821560 0.6821560 -9999.000 -9999.000 -9999.000 -9999.000 -9999.000 -9999.000 -9999.000 -9999.000 -9999.000 -9999.000 -9999.000 -9999.000 -9999.000 -9999.000 -9999.000 -9999.000 -9999.000 -9999.000 -9999.000 -9999.000 -9999.000 -9999.000 -9999.000 -9999.000 -9999.000 -9999.000 -9999.000 -9999.000
-9999.000 -9999.000 -9999.000 -9999.000 -9999.000 -9999.000 -9999.000 -9999.000 -9999.000 -9999.000 -9999.000 -9999.000 -9999.000 -9999.000 -9999.000 0.6865395 0.6869659 0.6869445 0.6868232 0.6866503 0.6864433 0.6862172 0.6859970 0.6857746 0.6855632 0.6853648 0.6851628 0.6848929 0.6843609 0.6838345 0.6838345 -9999.000 -9999.000 -9999.000 -9999.000 -9999.000 -9999.000 -9999.000 -9999.000 -9999.000 -9999.000 -9999.000 -9999.000 -9999.000 -9999.000 -9999.000 -9999.000 -9999.000 -9999.000 -9999.000 -9999.000 -9999.000 -9999.000 -9999.000 -9999.000 -9999.000 -9999.000 -9999.000 -9999.000
-9999.000 -9999.000 -9999.000 -9999.000 -9999.000 -9999.000 -9999.000 -9999.000 -9999.000 -9999.000 -9999.000 -9999.000 -9999.000 -9999.000 -9999.000 0.6885127 0.6889459 0.6889188 0.6887912 0.6886117 0.6883973 0.6881632 0.6879359 0.6877045 0.6874843 0.6872764 0.6870615 0.6867666 0.6861713 0.6854239 0.6854239 -9999.000 -9999.000 -9999.000 -9999.000 -9999.000 -9999.000 -9999.000 -9999.000 -9999.000 -9999.000 -9999.000 -9999.000 -9999.000 -9999.000 -9999.000 -9999.000 -9999.000 -9999.000 -9999.000 -9999.000 -9999.000 -9999.000 -9999.000 -9999.000 -9999.000 -9999.000 -9999.000 -9999.000
-9999.000 -9999.000 -9999.000 -9999.000 -9999.000 -9999.000 -9999.000 -9999.000 -9999.000 -9999.000 -9999.000 -9999.000 -9999.000 -9999.000 -9999.000 0.6904709 0.6909119 0.6908784 0.6907437 0.6905572 0.6903351 0.6900924 0.6898584 0.6896175 0.6893881 0.6891701 0.6889405 0.6886157 0.6879430 0.6868887 0.6868887 -9999.000 -9999.000 -9999.000 -9999.000 -9999.000 -9999.000 -9999.000 -9999.000 -9999.000 -9999.000 -9999.000 -9999.000 -9999.000 -9999.000 -9999.000 -9999.000 -9999.000 -9999.000 -9999.000 -9999.000 -9999.000 -9999.000 -9999.000 -9999.000 -9999.000 -9999.000 -9999.000 -9999.000
-9999.000 -9999.000 -9999.000 -9999.000 -9999.000 -9999.000 -9999.000 -9999.000 -9999.000 -9999.000 -9999.000 -9999.000 -9999.000 -9999.000 -9999.000 0.6924094 0.6928601 0.6928192 0.6926765 0.6924824 0.6922516 0.6919997 0.6917587 0.6915077 0.6912686 0.6910396 0.6907930 0.6904320 0.6896634 0.6881732 0.6881732 -9999.000 -9999.000 -9999.000 -9999.000 -9999.000 -9999.000 -9999.000 -9999.000 -9999.000 -9999.000 -9999.000 -9999.000 -9999.000 -9999.000 -9999.000 -9999.000 -9999.000 -9999.000 -9999.000 -9999.000 -9999.000 -9999.000 -9999.000 -9999.000 -9999.000 -9999.000 -9999.000 -9999.000
-9999.000 -9999.000 -9999.000 -9999.000 -9999.000 -9999.000 -9999.000 -9999.000 -9999.000 -9999.000 -9999.000 -9999.000 -9999.000 -9999.000 -9999.000 0.6943045 0.6947754 0.6947308 0.6945828 0.6943826 0.6941435 0.6938817 0.6936328 0.6933697 0.6931190 0.6928769 0.6926096 0.6922030 0.6913133 0.6891890 0.6891890 -9999.000 -9999.000 -9999.000 -9999.000 -9999.000 -9999.000 -9999.000 -9999.000 -9999.000 -9999.000 -9999.000 -9999.000 -9999.000 -9999.000 -9999.000 -9999.000 -9999.000 -9999.000 -9999.000 -9999.000 -9999.000 -9999.000 -9999.000 -9999.000 -9999.000 -9999.000 -9999.000 -9999.000
-9999.000 -9999.000 -9999.000 -9999.000 -9999.000 -9999.000 -9999.000 -9999.000 -9999.000 -9999.000 -9999.000 -9999.000 -9999.000 -9999.000 -9999.000 0.6921765 0.6956186 0.6968891 0.6971564 0.6970088 0.6967551 0.6964291 0.6960924 0.6957228 0.6953639 0.6950176 0.6946436 0.6940919 0.6929063 0.6891288 0.6891288 -9999.000 -9999.000 -9999.000 -9999.000 -9999.000 -9999.000 -9999.000 -9999.000 -9999.000 -9999.000 -9999.000 -9999.000 -9999.000 -9999.000 -9999.000 -9999.000 -9999.000 -9999.000 -9999.000 -9999.000 -9999.000 -9999.000 -9999.000 -9999.000 -9999.000 -9999.000 -9999.000 -9999.000
0.7576798 0.7576798 0.7626846 0.7487913 0.7411894 0.7411894 0.7377040 0.7323465 0.7323465 0.7280644 0.7280644 0.7245146 0.7229443 0.7214828 0.7200907 0.7200907 0.6995624 0.6983889 0.6981546 0.6988379 0.6999880 0.7015980 0.7038976 0.7061968 0.7086084 0.7108778 0.7124014 0.7115984 0.7042870 0.6741581 0.6741581 0.4692745 0.4349033 0.4155957 0.4092370 0.4092370 0.3998730 0.3998730 0.4050809 0.4050809 0.4174705 0.4688643 0.4688643 0.5716154 0.5716154 0.6080685 0.6080685 0.6080685 0.6057936 0.6057936 0.5951365 0.5951365 0.5816394 0.5816394 0.5678969 0.5678969 0.5554855 0.5554855 0.5554855
0.7549713 0.7549713 0.7609924 0.7468137 0.7403908 0.7403908 0.7367653 0.7313368 0.7313368 0.7270549 0.7270549 0.7235181 0.7219551 0.7205016 0.7191175 0.7191175 0.7012616 0.6968365 0.6929221 0.6896474 0.6869918 0.6851046 0.6842021 0.6841104 0.6848725 0.6863788 0.6883221 0.6899993 0.6894854 0.6762275 0.6762275 0.5367885 0.4842811 0.4334971 0.4195984 0.4195984 0.4046022 0.4046022 0.4087352 0.4087352 0.4202406 0.4647364 0.4647364 0.5478714 0.5478714 0.6063803 0.6063803 0.6063803 0.6058226 0.6058226 0.5954775 0.5954775 0.5820279 0.5820279 0.5683821 0.5683821 0.5560091 0.5560091 0.5560091
0.7542693 0.7542693 0.7598760 0.7462890 0.7405685 0.7405685 0.7368655 0.7313282 0.7313282 0.7270178 0.7270178 0.7234731 0.7219077 0.7204517 0.7190617 0.7190617 0.7024406 0.6951066 0.6880752 0.6817433 0.6762808 0.6718351 0.6685730 0.6664300 0.6654147 0.6654716 0.6663994 0.6676633 0.6677772 0.6597281 0.6597281 0.5698697 0.5156044 0.4512838 0.4323948 0.4323948 0.4142818 0.4142818 0.4220069 0.4220069 0.4351376 0.4747791 0.4747791 0.5362688 0.5362688 0.5999957 0.5999957 0.5999957 0.6034925 0.6034925 0.5946326 0.5946326 0.5816874 0.5816874 0.5682658 0.5682658 0.5560362 0.5560362 0.5560362
0.7535748 0.7535748 0.7598484 0.7459813 0.7407339 0.7407339 0.7369966 0.7313595 0.7313595 0.7270241 0.7270241 0.7234748 0.7219090 0.7204528 0.7190559 0.7190559 0.7028744 0.6929104 0.6829382 0.6737179 0.6656108 0.6588112 0.6534566 0.6495216 0.6469714 0.6457344 0.6456427 0.6462838 0.6465241 0.6412843 0.6412843 0.5837715 0.5353953 0.4687434 0.4483409 0.4483409 0.4326642 0.4326642 0.4471029 0.4471029 0.4611879 0.4922038 0.4922038 0.5308546 0.5308546 0.5880252 0.5880252 0.5880252 0.5967200 0.5967200 0.5910685 0.5910685 0.5796743 0.5796743 0.5670573 0.5670573 0.5553980 0.5553980 0.5553980
0.7530072 0.7530072 0.7596970 0.7458068 0.7408609 0.7408609 0.7371017 0.7313790 0.7313790 0.7270266 0.7270266 0.7234772 0.7219115 0.7204551 0.7190475 0.7190475 0.7022414 0.6898235 0.6770809 0.6650996 0.6544096 0.6452751 0.6378447 0.6321297 0.6280868 0.6256290 0.6245943 0.6246385 0.6248858 0.6217001 0.6217001 0.5848742 0.5451036 0.4842574 0.4669222 0.4669222 0.4618918 0.4618918 0.4829796 0.4829796 0.4948237 0.5122659 0.5122659 0.5299370 0.5299370 0.5729095 0.5729095 0.5729095 0.5857464 0.5857464 0.5844963 0.5844963 0.5758481 0.5758481 0.5648420 0.5648420 0.5543017 0.5543017 0.5543017
0.7525997 0.7525997 0.7596010 0.7457141 0.7409638 0.7409638 0.7371920 0.7313958 0.7313958 0.7270246 0.7270246 0.7234754 0.7219104 0.7204546 0.7190315 0.7190315 0.7002743 0.6854289 0.6700643 0.6554863 0.6423381 0.6309424 0.6214679 0.6139597 0.6083891 0.6046748 0.6026675 0.6020781 0.6022272 0.6005473 0.6005473 0.5774264 0.5469477 0.4994313 0.4908905 0.4908905 0.5030918 0.5030918 0.5242069 0.5242069 0.5296564 0.5311922 0.5311922 0.5321701 0.5321701 0.5579789 0.5579789 0.5579789 0.5721183 0.5721183 0.5751550 0.5751550 0.5701121 0.5701121 0.5615552 0.5615552 0.5527689 0.5527689 0.5527689
0.7523538 0.7523538 0.7595596 0.7456656 0.7410266 0.7410266 0.7372503 0.7314095 0.7314095 0.7270240 0.7270240 0.7234724 0.7219071 0.7204515 0.7190064 0.7190064 0.6966885 0.6792934 0.6614008 0.6444005 0.6289759 0.6154723 0.6040675 0.5948262 0.5877382 0.5827389 0.5797031 0.5783961 0.5783041 0.5776807 0.5776807 0.5640115 0.5432364 0.5192429 0.5257742 0.5257742 0.5531697 0.5531697 0.5630049 0.5630049 0.5598788 0.5472983 0.5472983 0.5364416 0.5364416 0.5456379 0.5456379 0.5456379 0.5578324 0.5578324 0.5637845 0.5637845 0.5625507 0.5625507 0.5571294 0.5571294 0.5507584 0.5507584 0.5507584
0.7522712 0.7522712 0.7595488 0.7456502 0.7410474 0.7410474 0.7372704 0.7314150 0.7314150 0.7270246 0.7270246 0.7234713 0.7219056 0.7204499 0.7189729 0.7189729 0.6911121 0.6709158 0.6505261 0.6312733 0.6137969 0.5984151 0.5852851 0.5744688 0.5659646 0.5597234 0.5556477 0.5535572 0.5530908 0.5532108 0.5532108 0.5466433 0.5371987 0.5518361 0.5757590 0.5757590 0.6030567 0.6030567 0.5937385 0.5937385 0.5831785 0.5606384 0.5606384 0.5419314 0.5419314 0.5368806 0.5368806 0.5368806 0.5446492 0.5446492 0.5514702 0.5514702 0.5535190 0.5535190 0.5516050 0.5516050 0.5482456 0.5482456 0.5482456
0.7523537 0.7523537 0.7595595 0.7456657 0.7410266 0.7410266 0.7372503 0.7314093 0.7314093 0.7270242 0.7270242 0.7234725 0.7219071 0.7204516 0.7189292 0.7189292 0.6830066 0.6596547 0.6367510 0.6154184 0.5961598 0.5792031 0.5646464 0.5525184 0.5428061 0.5354661 0.5304231 0.5275494 0.5266502 0.5275072 0.5275072 0.5278462 0.5351045 0.6039573 0.6361334 0.6361334 0.6425671 0.6425671 0.6156582 0.6156582 0.6004304 0.5718251 0.5718251 0.5479645 0.5479645 0.5315626 0.5315626 0.5315626 0.5336867 0.5336867 0.5393832 0.5393832 0.5436420 0.5436420 0.5451972 0.5451972 0.5452713 0.5452713 0.5452713
0.7525997 0.7525997 0.7596009 0.7457141 0.7409637 0.7409637 0.7371921 0.7313957 0.7313957 0.7270249 0.7270249 0.7234754 0.7219102 0.7204545 0.7188683 0.7188683 0.6715476 0.6446207 0.6191818 0.5959803 0.5752760 0.5571362 0.5415519 0.5284848 0.5178863 0.5097030 0.5038714 0.5003139 0.4990958 0.5015169 0.5015169 0.5127885 0.5494252 0.6705450 0.6910341 0.6910341 0.6681923 0.6681923 0.6310416 0.6310416 0.6134605 0.5812965 0.5812965 0.5539633 0.5539633 0.5289515 0.5289515 0.5289515 0.5253590 0.5253590 0.5285214 0.5285214 0.5337272 0.5337272 0.5383239 0.5383239 0.5419850 0.5419850 0.5419850
0.7530073 0.7530073 0.7596969 0.7458068 0.7408609 0.7408609 0.7371016 0.7313791 0.7313791 0.7270268 0.7270268 0.7234772 0.7219115 0.7204551 0.7187800 0.7187800 0.6554177 0.6245008 0.5965862 0.5718390 0.5501486 0.5313413 0.5152504 0.5017377 0.4906958 0.4820446 0.4757195 0.4717110 0.4707285 0.4782091 0.4782091 0.5139942 0.5969499 0.7300847 0.7257631 0.7257631 0.6835294 0.6835294 0.6421940 0.6421940 0.6235612 0.5891706 0.5891706 0.5594521 0.5594521 0.5281672 0.5281672 0.5281672 0.5195416 0.5195416 0.5195444 0.5195444 0.5246123 0.5246123 0.5315684 0.5315684 0.5386542 0.5386542 0.5386542
