cruce_test.gid/Rasters/Hydraulic/Depth____000189.asc
NCOLS        79
NROWS        79
XLLCENTER         -1.500000
YLLCENTER         -4.800000
CELLSIZE           0.100
NODATA_VALUE     -9999.0
[rows 0 to 25 of 79, columns 0 to 58 of 79]
-9999.000 -9999.000 -9999.000 -9999.000 -9999.000 -9999.000 -9999.000 -9999.000 -9999.000 -9999.000 -9999.000 -9999.000 -9999.000 -9999.000 -9999.000 0.7305353 0.7310584 0.7313373 0.7314361 0.7312804 0.7310066 0.7306916 0.7303610 0.7300338 0.7297360 0.7294615 0.7292114 0.7289639 0.7286192 0.7285942 0.7285942 -9999.000 -9999.000 -9999.000 -9999.000 -9999.000 -9999.000 -9999.000 -9999.000 -9999.000 -9999.000 -9999.000 -9999.000 -9999.000 -9999.000 -9999.000 -9999.000 -9999.000 -9999.000 -9999.000 -9999.000 -9999.000 -9999.000 -9999.000 -9999.000 -9999.000 -9999.000 -9999.000 -9999.000
-9999.000 -9999.000 -9999.000 -9999.000 -9999.000 -9999.000 -9999.000 -9999.000 -9999.000 -9999.000 -9999.000 -9999.000 -9999.000 -9999.000 -9999.000 0.7323473 0.7328137 0.7330403 0.7331198 0.7329915 0.7327716 0.7325248 0.7322699 0.7320210 0.7317988 0.7315962 0.7314132 0.7312297 0.7309566 0.7310145 0.7310145 -9999.000 -9999.000 -9999.000 -9999.000 -9999.000 -9999.000 -9999.000 -9999.000 -9999.000 -9999.000 -9999.000 -9999.000 -9999.000 -9999.000 -9999.000 -9999.000 -9999.000 -9999.000 -9999.000 -9999.000 -9999.000 -9999.000 -9999.000 -9999.000 -9999.000 -9999.000 -9999.000 -9999.000
-9999.000 -9999.000 -9999.000 -9999.000 -9999.000 -9999.000 -9999.000 -9999.000 -9999.000 -9999.000 -9999.000 -9999.000 -9999.000 -9999.000 -9999.000 0.7342622 0.7347673 0.7350085 0.7350997 0.7349775 0.7347627 0.7345219 0.7342743 0.7340337 0.7338210 0.7336274 0.7334521 0.7332728 0.7329953 0.7330503 0.7330503 -9999.000 -9999.000 -9999.000 -9999.000 -9999.000 -9999.000 -9999.000 -9999.000 -9999.000 -9999.000 -9999.000 -9999.000 -9999.000 -9999.000 -9999.000 -9999.000 -9999.000 -9999.000 -9999.000 -9999.000 -9999.000 -9999.000 -9999.000 -9999.000 -9999.000 -9999.000 -9999.000 -9999.000
-9999.000 -9999.000 -9999.000 -9999.000 -9999.000 -9999.000 -9999.000 -9999.000 -9999.000 -9999.000 -9999.000 -9999.000 -9999.000 -9999.000 -9999.000 0.7362252 0.7367567 0.7370073 0.7371047 0.7369824 0.7367659 0.7365238 0.7362752 0.7360340 0.7358221 0.7356289 0.7354535 0.7352722 0.7349846 0.7350202 0.7350202 -9999.000 -9999.000 -9999.000 -9999.000 -9999.000 -9999.000 -9999.000 -9999.000 -9999.000 -9999.000 -9999.000 -9999.000 -9999.000 -9999.000 -9999.000 -9999.000 -9999.000 -9999.000 -9999.000 -9999.000 -9999.000 -9999.000 -9999.000 -9999.000 -9999.000 -9999.000 -9999.000 -9999.000
-9999.000 -9999.000 -9999.000 -9999.000 -9999.000 -9999.000 -9999.000 -9999.000 -9999.000 -9999.000 -9999.000 -9999.000 -9999.000 -9999.000 -9999.000 0.7382060 0.7387592 0.7390172 0.7391182 0.7389928 0.7387710 0.7385241 0.7382706 0.7380249 0.7378100 0.7376134 0.7374346 0.7372479 0.7369462 0.7369493 0.7369493 -9999.000 -9999.000 -9999.000 -9999.000 -9999.000 -9999.000 -9999.000 -9999.000 -9999.000 -9999.000 -9999.000 -9999.000 -9999.000 -9999.000 -9999.000 -9999.000 -9999.000 -9999.000 -9999.000 -9999.000 -9999.000 -9999.000 -9999.000 -9999.000 -9999.000 -9999.000 -9999.000 -9999.000
-9999.000 -9999.000 -9999.000 -9999.000 -9999.000 -9999.000 -9999.000 -9999.000 -9999.000 -9999.000 -9999.000 -9999.000 -9999.000 -9999.000 -9999.000 0.7401915 0.7407647 0.7410288 0.7411321 0.7410017 0.7407731 0.7405196 0.7402596 0.7400074 0.7397879 0.7395861 0.7394021 0.7392082 0.7388887 0.7388471 0.7388471 -9999.000 -9999.000 -9999.000 -9999.000 -9999.000 -9999.000 -9999.000 -9999.000 -9999.000 -9999.000 -9999.000 -9999.000 -9999.000 -9999.000 -9999.000 -9999.000 -9999.000 -9999.000 -9999.000 -9999.000 -9999.000 -9999.000 -9999.000 -9999.000 -9999.000 -9999.000 -9999.000 -9999.000
-9999.000 -9999.000 -9999.000 -9999.000 -9999.000 -9999.000 -9999.000 -9999.000 -9999.000 -9999.000 -9999.000 -9999.000 -9999.000 -9999.000 -9999.000 0.7421758 0.7427681 0.7430375 0.7431422 0.7430058 0.7427693 0.7425085 0.7422411 0.7419815 0.7417569 0.7415488 0.7413586 0.7411560 0.7408153 0.7407147 0.7407147 -9999.000 -9999.000 -9999.000 -9999.000 -9999.000 -9999.000 -9999.000 -9999.000 -9999.000 -9999.000 -9999.000 -9999.000 -9999.000 -9999.000 -9999.000 -9999.000 -9999.000 -9999.000 -9999.000 -9999.000 -9999.000 -9999.000 -9999.000 -9999.000 -9999.000 -9999.000 -9999.000 -9999.000
-9999.000 -9999.000 -9999.000 -9999.000 -9999.000 -9999.000 -9999.000 -9999.000 -9999.000 -9999.000 -9999.000 -9999.000 -9999.000 -9999.000 -9999.000 0.7441558 0.7447672 0.7450410 0.7451465 0.7450030 0.7447578 0.7444894 0.7442141 0.7439466 0.7437165 0.7435017 0.7433044 0.7430919 0.7427261 0.7425491 0.7425491 -9999.000 -9999.000 -9999.000 -9999.000 -9999.000 -9999.000 -9999.000 -9999.000 -9999.000 -9999.000 -9999.000 -9999.000 -9999.000 -9999.000 -9999.000 -9999.000 -9999.000 -9999.000 -9999.000 -9999.000 -9999.000 -9999.000 -9999.000 -9999.000 -9999.000 -9999.000 -9999.000 -9999.000
-9999.000 -9999.000 -9999.000 -9999.000 -9999.000 -9999.000 -9999.000 -9999.000 -9999.000 -9999.000 -9999.000 -9999.000 -9999.000 -9999.000 -9999.000 0.7461299 0.7467603 0.7470375 0.7471431 0.7469916 0.7467371 0.7464607 0.7461773 0.7459013 0.7456659 0.7454437 0.7452390 0.7450152 0.7446198 0.7443434 0.7443434 -9999.000 -9999.000 -9999.000 -9999.000 -9999.000 -9999.000 -9999.000 -9999.000 -9999.000 -9999.000 -9999.000 -9999.000 -9999.000 -9999.000 -9999.000 -9999.000 -9999.000 -9999.000 -9999.000 -9999.000 -9999.000 -9999.000 -9999.000 -9999.000 -9999.000 -9999.000 -9999.000 -9999.000
-9999.000 -9999.000 -9999.000 -9999.000 -9999.000 -9999.000 -9999.000 -9999.000 -9999.000 -9999.000 -9999.000 -9999.000 -9999.000 -9999.000 -9999.000 0.7480965 0.7487461 0.7490258 0.7491307 0.7489699 0.7487054 0.7484209 0.7481289 0.7478442 0.7476037 0.7473736 0.7471607 0.7469241 0.7464939 0.7460873 0.7460873 -9999.000 -9999.000 -9999.000 -9999.000 -9999.000 -9999.000 -9999.000 -9999.000 -9999.000 -9999.000 -9999.000 -9999.000 -9999.000 -9999.000 -9999.000 -9999.000 -9999.000 -9999.000 -9999.000 -9999.000 -9999.000 -9999.000 -9999.000 -9999.000 -9999.000 -9999.000 -9999.000 -9999.000
-9999.000 -9999.000 -9999.000 -9999.000 -9999.000 -9999.000 -9999.000 -9999.000 -9999.000 -9999.000 -9999.000 -9999.000 -9999.000 -9999.000 -9999.000 0.7500542 0.7507234 0.7510043 0.7511075 0.7509362 0.7506609 0.7503680 0.7500671 0.7497733 0.7495281 0.7492894 0.7490676 0.7488163 0.7483447 0.7477656 0.7477656 -9999.000 -9999.000 -9999.000 -9999.000 -9999.000 -9999.000 -9999.000 -9999.000 -9999.000 -9999.000 -9999.000 -9999.000 -9999.000 -9999.000 -9999.000 -9999.000 -9999.000 -9999.000 -9999.000 -9999.000 -9999.000 -9999.000 -9999.000 -9999.000 -9999.000 -9999.000 -9999.000 -9999.000
-9999.000 -9999.000 -9999.000 -9999.000 -9999.000 -9999.000 -9999.000 -9999.000 -9999.000 -9999.000 -9999.000 -9999.000 -9999.000 -9999.000 -9999.000 0.7520006 0.7526898 0.7529706 0.7530713 0.7528881 0.7526011 0.7522995 0.7519894 0.7516861 0.7514364 0.7511883 0.7509567 0.7506883 0.7501673 0.7493564 0.7493564 -9999.000 -9999.000 -9999.000 -9999.000 -9999.000 -9999.000 -9999.000 -9999.000 -9999.000 -9999.000 -9999.000 -9999.000 -9999.000 -9999.000 -9999.000 -9999.000 -9999.000 -9999.000 -9999.000 -9999.000 -9999.000 -9999.000 -9999.000 -9999.000 -9999.000 -9999.000 -9999.000 -9999.000
-9999.000 -9999.000 -9999.000 -9999.000 -9999.000 -9999.000 -9999.000 -9999.000 -9999.000 -9999.000 -9999.000 -9999.000 -9999.000 -9999.000 -9999.000 0.7539243 0.7546357 0.7549160 0.7550172 0.7548245 0.7545258 0.7542152 0.7538952 0.7535813 0.7533274 0.7530683 0.7528255 0.7525366 0.7519555 0.7508274 0.7508274 -9999.000 -9999.000 -9999.000 -9999.000 -9999.000 -9999.000 -9999.000 -9999.000 -9999.000 -9999.000 -9999.000 -9999.000 -9999.000 -9999.000 -9999.000 -9999.000 -9999.000 -9999.000 -9999.000 -9999.000 -9999.000 -9999.000 -9999.000 -9999.000 -9999.000 -9999.000 -9999.000 -9999.000
-9999.000 -9999.000 -9999.000 -9999.000 -9999.000 -9999.000 -9999.000 -9999.000 -9999.000 -9999.000 -9999.000 -9999.000 -9999.000 -9999.000 -9999.000 0.7554893 0.7562898 0.7566593 0.7569283 0.7568241 0.7565297 0.7562063 0.7558677 0.7555324 0.7552645 0.7549830 0.7547191 0.7543988 0.7537389 0.7521721 0.7521721 -9999.000 -9999.000 -9999.000 -9999.000 -9999.000 -9999.000 -9999.000 -9999.000 -9999.000 -9999.000 -9999.000 -9999.000 -9999.000 -9999.000 -9999.000 -9999.000 -9999.000 -9999.000 -9999.000 -9999.000 -9999.000 -9999.000 -9999.000 -9999.000 -9999.000 -9999.000 -9999.000 -9999.000
-9999.000 -9999.000 -9999.000 -9999.000 -9999.000 -9999.000 -9999.000 -9999.000 -9999.000 -9999.000 -9999.000 -9999.000 -9999.000 -9999.000 -9999.000 0.7425520 0.7523388 0.7578315 0.7618433 0.7628840 0.7620062 0.7610098 0.7600402 0.7591467 0.7584258 0.7577660 0.7571965 0.7566065 0.7556142 0.7527182 0.7527182 -9999.000 -9999.000 -9999.000 -9999.000 -9999.000 -9999.000 -9999.000 -9999.000 -9999.000 -9999.000 -9999.000 -9999.000 -9999.000 -9999.000 -9999.000 -9999.000 -9999.000 -9999.000 -9999.000 -9999.000 -9999.000 -9999.000 -9999.000 -9999.000 -9999.000 -9999.000 -9999.000 -9999.000
0.8506373 0.8506373 0.8553044 0.8310111 0.8264546 0.8264546 0.8228177 0.8167674 0.8167674 0.8117519 0.8117519 0.8074653 0.8055261 0.8036959 0.8019586 0.8019586 0.7623934 0.7610480 0.7598603 0.7582504 0.7592465 0.7609838 0.7630504 0.7654437 0.7687574 0.7715644 0.7741019 0.7752031 0.7710216 0.7459454 0.7459454 0.5388717 0.4993790 0.4724746 0.4631045 0.4631045 0.4468544 0.4468544 0.4411064 0.4411064 0.4465417 0.4818534 0.4818534 0.5537129 0.5537129 0.6592468 0.6592468 0.6592468 0.6697145 0.6697145 0.6632838 0.6632838 0.6496749 0.6496749 0.6340197 0.6340197 0.6187482 0.6187482 0.6187482
0.8475379 0.8475379 0.8540108 0.8300494 0.8253675 0.8253675 0.8216861 0.8156306 0.8156306 0.8106329 0.8106329 0.8063639 0.8044330 0.8026108 0.8008817 0.8008817 0.7676578 0.7613381 0.7561044 0.7511601 0.7476404 0.7450675 0.7433256 0.7425004 0.7428828 0.7439940 0.7458313 0.7479153 0.7486565 0.7421874 0.7421874 0.6063722 0.5501785 0.4921325 0.4749081 0.4749081 0.4523662 0.4523662 0.4460353 0.4460353 0.4513724 0.4836461 0.4836461 0.5443231 0.5443231 0.6476530 0.6476530 0.6476530 0.6664105 0.6664105 0.6626191 0.6626191 0.6499079 0.6499079 0.6346070 0.6346070 0.6194940 0.6194940 0.6194940
0.8461745 0.8461745 0.8531986 0.8302112 0.8254501 0.8254501 0.8216982 0.8155923 0.8155923 0.8105870 0.8105870 0.8063143 0.8043811 0.8025560 0.8008241 0.8008241 0.7718358 0.7615778 0.7525014 0.7441776 0.7372264 0.7315933 0.7271814 0.7239834 0.7221586 0.7214782 0.7218707 0.7230239 0.7238049 0.7198988 0.7198988 0.6372955 0.5807822 0.5099508 0.4874683 0.4874683 0.4605722 0.4605722 0.4579155 0.4579155 0.4664573 0.5006385 0.5006385 0.5494086 0.5494086 0.6357669 0.6357669 0.6357669 0.6593087 0.6593087 0.6593987 0.6593987 0.6485116 0.6485116 0.6339760 0.6339760 0.6192303 0.6192303 0.6192303
0.8454682 0.8454682 0.8519109 0.8303949 0.8255804 0.8255804 0.8217518 0.8155876 0.8155876 0.8105807 0.8105807 0.8063119 0.8043798 0.8025551 0.8008235 0.8008235 0.7748256 0.7614110 0.7487484 0.7370525 0.7268481 0.7182888 0.7113602 0.7060214 0.7023149 0.7000856 0.6992052 0.6994163 0.6999003 0.6975828 0.6975828 0.6468979 0.5983931 0.5262861 0.5017819 0.5017819 0.4755477 0.4755477 0.4812623 0.4812623 0.4939967 0.5271239 0.5271239 0.5600950 0.5600950 0.6219658 0.6219658 0.6219658 0.6470473 0.6470473 0.6518970 0.6518970 0.6443275 0.6443275 0.6316017 0.6316017 0.6178994 0.6178994 0.6178994
0.8457691 0.8457691 0.8498762 0.8305796 0.8257157 0.8257157 0.8218108 0.8155841 0.8155841 0.8105750 0.8105750 0.8063104 0.8043795 0.8025553 0.8008236 0.8008236 0.7762201 0.7601479 0.7442476 0.7293467 0.7160386 0.7046082 0.6951368 0.6876110 0.6820249 0.6782593 0.6761616 0.6754894 0.6756194 0.6743731 0.6743731 0.6433554 0.6049307 0.5391245 0.5165952 0.5165952 0.4996959 0.4996959 0.5177570 0.5177570 0.5326585 0.5573756 0.5573756 0.5724570 0.5724570 0.6085098 0.6085098 0.6085098 0.6314534 0.6314534 0.6404734 0.6404734 0.6372510 0.6372510 0.6274378 0.6274378 0.6155920 0.6155920 0.6155920
0.8457479 0.8457479 0.8485882 0.8307247 0.8258267 0.8258267 0.8218614 0.8155815 0.8155815 0.8105703 0.8105703 0.8063093 0.8043795 0.8025560 0.8008243 0.8008243 0.7757474 0.7572077 0.7383795 0.7205257 0.7043455 0.6902055 0.6782607 0.6685421 0.6610404 0.6556662 0.6522775 0.6506538 0.6503130 0.6497278 0.6497278 0.6311743 0.6027108 0.5491723 0.5336797 0.5336797 0.5364467 0.5364467 0.5647173 0.5647173 0.5764202 0.5856265 0.5856265 0.5841812 0.5841812 0.5975142 0.5975142 0.5975142 0.6151690 0.6151690 0.6263680 0.6263680 0.6275219 0.6275219 0.6214293 0.6214293 0.6122572 0.6122572 0.6122572
0.8457349 0.8457349 0.8478131 0.8308091 0.8258961 0.8258961 0.8218940 0.8155797 0.8155797 0.8105668 0.8105668 0.8063087 0.8043793 0.8025562 0.8008243 0.8008243 0.7731438 0.7520631 0.7305088 0.7099710 0.6912073 0.6746169 0.6603906 0.6485926 0.6392248 0.6322259 0.6274804 0.6248043 0.6238336 0.6235442 0.6235442 0.6130439 0.5939026 0.5599499 0.5585152 0.5585152 0.5873271 0.5873271 0.6139392 0.6139392 0.6169323 0.6086854 0.6086854 0.5945765 0.5945765 0.5899723 0.5899723 0.5899723 0.6004252 0.6004252 0.6112033 0.6112033 0.6157311 0.6157311 0.6136519 0.6136519 0.6078417 0.6078417 0.6078417
0.8457305 0.8457305 0.8475544 0.8308366 0.8259197 0.8259197 0.8219051 0.8155790 0.8155790 0.8105657 0.8105657 0.8063084 0.8043795 0.8025562 0.8008239 0.8008239 0.7680510 0.7441496 0.7199606 0.6969892 0.6759645 0.6572586 0.6410522 0.6274137 0.6163496 0.6078184 0.6017332 0.5979532 0.5962260 0.5959775 0.5959775 0.5909564 0.5811015 0.5788874 0.5991124 0.5991124 0.6466230 0.6466230 0.6557755 0.6557755 0.6485472 0.6263646 0.6263646 0.6037961 0.6037961 0.5858212 0.5858212 0.5858212 0.5885241 0.5885241 0.5965515 0.5965515 0.6028082 0.6028082 0.6044037 0.6044037 0.6023781 0.6023781 0.6023781
0.8457349 0.8457349 0.8478132 0.8308091 0.8258962 0.8258962 0.8218938 0.8155797 0.8155797 0.8105668 0.8105668 0.8063087 0.8043795 0.8025560 0.8008227 0.8008227 0.7599155 0.7327657 0.7059489 0.6807793 0.6578481 0.6374298 0.6196430 0.6045220 0.5920584 0.5822135 0.5749218 0.5700842 0.5675735 0.5673780 0.5673780 0.5670505 0.5688424 0.6168750 0.6593594 0.6593594 0.7011043 0.7011043 0.6855974 0.6855974 0.6707424 0.6399333 0.6399333 0.6120745 0.6120745 0.5843704 0.5843704 0.5843704 0.5798270 0.5798270 0.5836068 0.5836068 0.5898077 0.5898077 0.5942339 0.5942339 0.5960611 0.5960611 0.5960611
0.8457479 0.8457479 0.8485882 0.8307247 0.8258267 0.8258267 0.8218613 0.8155815 0.8155815 0.8105702 0.8105702 0.8063094 0.8043796 0.8025558 0.8008205 0.8008205 0.7478562 0.7169425 0.6874775 0.6603695 0.6359442 0.6142974 0.5954291 0.5792994 0.5658571 0.5550478 0.5468122 0.5410891 0.5379491 0.5385195 0.5385195 0.5451626 0.5667869 0.6801683 0.7292243 0.7292243 0.7393005 0.7393005 0.7048827 0.7048827 0.6860404 0.6507006 0.6507006 0.6195003 0.6195003 0.5847660 0.5847660 0.5847660 0.5740582 0.5740582 0.5730461 0.5730461 0.5777420 0.5777420 0.5838935 0.5838935 0.5892743 0.5892743 0.5892743
0.8457691 0.8457691 0.8498762 0.8305798 0.8257157 0.8257157 0.8218108 0.8155841 0.8155841 0.8105750 0.8105750 0.8063105 0.8043795 0.8025553 0.8008167 0.8008167 0.7304327 0.6952403 0.6631821 0.6345057 0.6091214 0.5868531 0.5675238 0.5509819 0.5371075 0.5258113 0.5170259 0.5107368 0.5075179 0.5117990 0.5117990 0.5348775 0.5925497 0.7567307 0.7862577 0.7862577 0.7605433 0.7605433 0.7173930 0.7173930 0.6969638 0.6593567 0.6593567 0.6259438 0.6259438 0.5861905 0.5861905 0.5861905 0.5706068 0.5706068 0.5650483 0.5650483 0.5674037 0.5674037 0.5742193 0.5742193 0.5825653 0.5825653 0.5825653
