cruce_test.gid/Rasters/Hydraulic/Depth____000098.asc
NCOLS        79
NROWS        79
XLLCENTER         -1.500000
YLLCENTER         -4.800000
CELLSIZE           0.100
NODATA_VALUE     -9999.0
[rows 0 to 25 of 79, columns 0 to 57 of 79]
-9999.000 -9999.000 -9999.000 -9999.000 -9999.000 -9999.000 -9999.000 -9999.000 -9999.000 -9999.000 -9999.000 -9999.000 -9999.000 -9999.000 -9999.000 0.3507776 0.3509369 0.3508842 0.3507855 0.3506562 0.3505017 0.3503250 0.3501269 0.3499062 0.3496600 0.3493840 0.3490731 0.3487215 0.3483383 0.3485684 0.3485684 -9999.000 -9999.000 -9999.000 -9999.000 -9999.000 -9999.000 -9999.000 -9999.000 -9999.000 -9999.000 -9999.000 -9999.000 -9999.000 -9999.000 -9999.000 -9999.000 -9999.000 -9999.000 -9999.000 -9999.000 -9999.000 -9999.000 -9999.000 -9999.000 -9999.000 -9999.000 -9999.000
-9999.000 -9999.000 -9999.000 -9999.000 -9999.000 -9999.000 -9999.000 -9999.000 -9999.000 -9999.000 -9999.000 -9999.000 -9999.000 -9999.000 -9999.000 0.3526524 0.3528207 0.3527674 0.3526755 0.3525579 0.3524192 0.3522621 0.3520879 0.3518966 0.3516866 0.3514547 0.3511955 0.3508998 0.3505659 0.3508022 0.3508022 -9999.000 -9999.000 -9999.000 -9999.000 -9999.000 -9999.000 -9999.000 -9999.000 -9999.000 -9999.000 -9999.000 -9999.000 -9999.000 -9999.000 -9999.000 -9999.000 -9999.000 -9999.000 -9999.000 -9999.000 -9999.000 -9999.000 -9999.000 -9999.000 -9999.000 -9999.000 -9999.000
-9999.000 -9999.000 -9999.000 -9999.000 -9999.000 -9999.000 -9999.000 -9999.000 -9999.000 -9999.000 -9999.000 -9999.000 -9999.000 -9999.000 -9999.000 0.3546226 0.3548265 0.3547756 0.3546866 0.3545735 0.3544413 0.3542926 0.3541281 0.3539469 0.3537458 0.3535196 0.3532600 0.3529543 0.3525982 0.3528556 0.3528556 -9999.000 -9999.000 -9999.000 -9999.000 -9999.000 -9999.000 -9999.000 -9999.000 -9999.000 -9999.000 -9999.000 -9999.000 -9999.000 -9999.000 -9999.000 -9999.000 -9999.000 -9999.000 -9999.000 -9999.000 -9999.000 -9999.000 -9999.000 -9999.000 -9999.000 -9999.000 -9999.000
-9999.000 -9999.000 -9999.000 -9999.000 -9999.000 -9999.000 -9999.000 -9999.000 -9999.000 -9999.000 -9999.000 -9999.000 -9999.000 -9999.000 -9999.000 0.3566264 0.3568589 0.3568090 0.3567210 0.3566096 0.3564799 0.3563342 0.3561727 0.3559935 0.3557921 0.3555613 0.3552907 0.3549644 0.3545746 0.3548382 0.3548382 -9999.000 -9999.000 -9999.000 -9999.000 -9999.000 -9999.000 -9999.000 -9999.000 -9999.000 -9999.000 -9999.000 -9999.000 -9999.000 -9999.000 -9999.000 -9999.000 -9999.000 -9999.000 -9999.000 -9999.000 -9999.000 -9999.000 -9999.000 -9999.000 -9999.000 -9999.000 -9999.000
-9999.000 -9999.000 -9999.000 -9999.000 -9999.000 -9999.000 -9999.000 -9999.000 -9999.000 -9999.000 -9999.000 -9999.000 -9999.000 -9999.000 -9999.000 0.3586539 0.3589093 0.3588587 0.3587696 0.3586572 0.3585266 0.3583798 0.3582164 0.3580335 0.3578252 0.3575826 0.3572928 0.3569368 0.3565018 0.3567597 0.3567597 -9999.000 -9999.000 -9999.000 -9999.000 -9999.000 -9999.000 -9999.000 -9999.000 -9999.000 -9999.000 -9999.000 -9999.000 -9999.000 -9999.000 -9999.000 -9999.000 -9999.000 -9999.000 -9999.000 -9999.000 -9999.000 -9999.000 -9999.000 -9999.000 -9999.000 -9999.000 -9999.000
-9999.000 -9999.000 -9999.000 -9999.000 -9999.000 -9999.000 -9999.000 -9999.000 -9999.000 -9999.000 -9999.000 -9999.000 -9999.000 -9999.000 -9999.000 0.3606971 0.3609707 0.3609176 0.3608257 0.3607101 0.3605760 0.3604251 0.3602561 0.3600652 0.3598450 0.3595846 0.3592683 0.3588732 0.3583799 0.3586198 0.3586198 -9999.000 -9999.000 -9999.000 -9999.000 -9999.000 -9999.000 -9999.000 -9999.000 -9999.000 -9999.000 -9999.000 -9999.000 -9999.000 -9999.000 -9999.000 -9999.000 -9999.000 -9999.000 -9999.000 -9999.000 -9999.000 -9999.000 -9999.000 -9999.000 -9999.000 -9999.000 -9999.000
-9999.000 -9999.000 -9999.000 -9999.000 -9999.000 -9999.000 -9999.000 -9999.000 -9999.000 -9999.000 -9999.000 -9999.000 -9999.000 -9999.000 -9999.000 0.3627495 0.3630374 0.3629803 0.3628841 0.3627637 0.3626241 0.3624666 0.3622892 0.3620869 0.3618504 0.3615665 0.3612163 0.3607717 0.3602042 0.3604104 0.3604104 -9999.000 -9999.000 -9999.000 -9999.000 -9999.000 -9999.000 -9999.000 -9999.000 -9999.000 -9999.000 -9999.000 -9999.000 -9999.000 -9999.000 -9999.000 -9999.000 -9999.000 -9999.000 -9999.000 -9999.000 -9999.000 -9999.000 -9999.000 -9999.000 -9999.000 -9999.000 -9999.000
-9999.000 -9999.000 -9999.000 -9999.000 -9999.000 -9999.000 -9999.000 -9999.000 -9999.000 -9999.000 -9999.000 -9999.000 -9999.000 -9999.000 -9999.000 0.3648060 0.3651048 0.3650422 0.3649406 0.3648139 0.3646671 0.3645011 0.3643130 0.3640961 0.3638391 0.3635260 0.3631335 0.3626269 0.3619648 0.3621148 0.3621148 -9999.000 -9999.000 -9999.000 -9999.000 -9999.000 -9999.000 -9999.000 -9999.000 -9999.000 -9999.000 -9999.000 -9999.000 -9999.000 -9999.000 -9999.000 -9999.000 -9999.000 -9999.000 -9999.000 -9999.000 -9999.000 -9999.000 -9999.000 -9999.000 -9999.000 -9999.000 -9999.000
-9999.000 -9999.000 -9999.000 -9999.000 -9999.000 -9999.000 -9999.000 -9999.000 -9999.000 -9999.000 -9999.000 -9999.000 -9999.000 -9999.000 -9999.000 0.3668620 0.3671687 0.3670990 0.3669909 0.3668568 0.3667014 0.3665251 0.3663239 0.3660893 0.3658075 0.3654584 0.3650135 0.3644291 0.3636453 0.3637044 0.3637044 -9999.000 -9999.000 -9999.000 -9999.000 -9999.000 -9999.000 -9999.000 -9999.000 -9999.000 -9999.000 -9999.000 -9999.000 -9999.000 -9999.000 -9999.000 -9999.000 -9999.000 -9999.000 -9999.000 -9999.000 -9999.000 -9999.000 -9999.000 -9999.000 -9999.000 -9999.000 -9999.000
-9999.000 -9999.000 -9999.000 -9999.000 -9999.000 -9999.000 -9999.000 -9999.000 -9999.000 -9999.000 -9999.000 -9999.000 -9999.000 -9999.000 -9999.000 0.3689126 0.3692249 0.3691466 0.3690309 0.3688881 0.3687225 0.3685340 0.3683173 0.3680616 0.3677496 0.3673566 0.3668466 0.3661633 0.3652205 0.3651318 0.3651318 -9999.000 -9999.000 -9999.000 -9999.000 -9999.000 -9999.000 -9999.000 -9999.000 -9999.000 -9999.000 -9999.000 -9999.000 -9999.000 -9999.000 -9999.000 -9999.000 -9999.000 -9999.000 -9999.000 -9999.000 -9999.000 -9999.000 -9999.000 -9999.000 -9999.000 -9999.000 -9999.000
-9999.000 -9999.000 -9999.000 -9999.000 -9999.000 -9999.000 -9999.000 -9999.000 -9999.000 -9999.000 -9999.000 -9999.000 -9999.000 -9999.000 -9999.000 0.3709522 0.3712685 0.3711799 0.3710555 0.3709027 0.3707252 0.3705223 0.3702870 0.3700057 0.3696568 0.3692092 0.3686168 0.3678059 0.3666510 0.3663163 0.3663163 -9999.000 -9999.000 -9999.000 -9999.000 -9999.000 -9999.000 -9999.000 -9999.000 -9999.000 -9999.000 -9999.000 -9999.000 -9999.000 -9999.000 -9999.000 -9999.000 -9999.000 -9999.000 -9999.000 -9999.000 -9999.000 -9999.000 -9999.000 -9999.000 -9999.000 -9999.000 -9999.000
-9999.000 -9999.000 -9999.000 -9999.000 -9999.000 -9999.000 -9999.000 -9999.000 -9999.000 -9999.000 -9999.000 -9999.000 -9999.000 -9999.000 -9999.000 0.3729729 0.3732928 0.3731922 0.3730578 0.3728933 0.3727019 0.3724817 0.3722236 0.3719106 0.3715154 0.3709983 0.3702992 0.3693191 0.3678730 0.3671136 0.3671136 -9999.000 -9999.000 -9999.000 -9999.000 -9999.000 -9999.000 -9999.000 -9999.000 -9999.000 -9999.000 -9999.000 -9999.000 -9999.000 -9999.000 -9999.000 -9999.000 -9999.000 -9999.000 -9999.000 -9999.000 -9999.000 -9999.000 -9999.000 -9999.000 -9999.000 -9999.000 -9999.000
-9999.000 -9999.000 -9999.000 -9999.000 -9999.000 -9999.000 -9999.000 -9999.000 -9999.000 -9999.000 -9999.000 -9999.000 -9999.000 -9999.000 -9999.000 0.3749630 0.3752880 0.3751733 0.3750274 0.3748491 0.3746408 0.3743992 0.3741125 0.3737588 0.3733033 0.3726944 0.3718521 0.3706393 0.3687785 0.3672442 0.3672442 -9999.000 -9999.000 -9999.000 -9999.000 -9999.000 -9999.000 -9999.000 -9999.000 -9999.000 -9999.000 -9999.000 -9999.000 -9999.000 -9999.000 -9999.000 -9999.000 -9999.000 -9999.000 -9999.000 -9999.000 -9999.000 -9999.000 -9999.000 -9999.000 -9999.000 -9999.000 -9999.000
-9999.000 -9999.000 -9999.000 -9999.000 -9999.000 -9999.000 -9999.000 -9999.000 -9999.000 -9999.000 -9999.000 -9999.000 -9999.000 -9999.000 -9999.000 0.3768916 0.3772310 0.3771025 0.3769448 0.3767512 0.3765230 0.3762546 0.3759304 0.3755217 0.3749830 0.3742457 0.3731998 0.3716488 0.3691661 0.3661062 0.3661062 -9999.000 -9999.000 -9999.000 -9999.000 -9999.000 -9999.000 -9999.000 -9999.000 -9999.000 -9999.000 -9999.000 -9999.000 -9999.000 -9999.000 -9999.000 -9999.000 -9999.000 -9999.000 -9999.000 -9999.000 -9999.000 -9999.000 -9999.000 -9999.000 -9999.000 -9999.000 -9999.000
-9999.000 -9999.000 -9999.000 -9999.000 -9999.000 -9999.000 -9999.000 -9999.000 -9999.000 -9999.000 -9999.000 -9999.000 -9999.000 -9999.000 -9999.000 0.3775063 0.3786139 0.3787303 0.3787362 0.3786443 0.3784713 0.3782212 0.3778812 0.3774173 0.3767704 0.3758464 0.3744874 0.3723931 0.3688486 0.3619034 0.3619034 -9999.000 -9999.000 -9999.000 -9999.000 -9999.000 -9999.000 -9999.000 -9999.000 -9999.000 -9999.000 -9999.000 -9999.000 -9999.000 -9999.000 -9999.000 -9999.000 -9999.000 -9999.000 -9999.000 -9999.000 -9999.000 -9999.000 -9999.000 -9999.000 -9999.000 -9999.000 -9999.000
0.3569065 0.3569065 0.3433808 0.3350166 0.3323257 0.3323257 0.3300572 0.3262750 0.3262750 0.3231223 0.3231223 0.3203985 0.3191636 0.3180000 0.3398725 0.3398725 0.3862212 0.3866545 0.3872072 0.3877960 0.3882980 0.3885651 0.3884172 0.3876379 0.3859716 0.3830926 0.3784813 0.3710275 0.3576260 0.3226449 0.3226449 0.1763859 0.1536738 0.1544474 0.1599372 0.1599372 0.1741941 0.1741941 0.2111856 0.2111856 0.2475525 0.2734275 0.2734275 0.2774847 0.2774847 0.2765240 0.2765240 0.2765240 0.2711179 0.2711179 0.2654960 0.2654960 0.2606415 0.2606415 0.2543429 0.2543429 0.2503276 0.2503276
0.3555518 0.3555518 0.3425511 0.3344465 0.3317902 0.3317902 0.3295369 0.3257661 0.3257661 0.3226208 0.3226208 0.3199052 0.3186745 0.3175152 0.3295736 0.3295736 0.3801405 0.3797010 0.3794156 0.3795528 0.3800249 0.3806717 0.3812796 0.3815681 0.3811705 0.3795893 0.3760988 0.3695117 0.3574264 0.3320728 0.3320728 0.2273496 0.1943413 0.1716930 0.1691137 0.1691137 0.1751892 0.1751892 0.2011699 0.2011699 0.2329996 0.2746048 0.2746048 0.2783518 0.2783518 0.2764035 0.2764035 0.2764035 0.2708421 0.2708421 0.2651702 0.2651702 0.2609512 0.2609512 0.2540309 0.2540309 0.2500239 0.2500239
0.3548250 0.3548250 0.3422708 0.3343956 0.3317689 0.3317689 0.3295256 0.3257532 0.3257532 0.3226019 0.3226019 0.3198823 0.3186501 0.3174895 0.3248683 0.3248683 0.3760158 0.3746256 0.3730777 0.3721713 0.3718499 0.3719527 0.3722618 0.3724791 0.3722147 0.3709626 0.3680351 0.3623876 0.3520530 0.3312797 0.3312797 0.2527797 0.2189707 0.1876059 0.1812566 0.1812566 0.1824897 0.1824897 0.2016270 0.2016270 0.2243778 0.2713903 0.2713903 0.2803974 0.2803974 0.2770696 0.2770696 0.2770696 0.2710725 0.2710725 0.2652340 0.2652340 0.2603822 0.2603822 0.2544097 0.2544097 0.2502086 0.2502086
0.3542536 0.3542536 0.3420295 0.3343554 0.3317602 0.3317602 0.3295291 0.3257577 0.3257577 0.3226023 0.3226023 0.3198812 0.3186489 0.3174884 0.3218539 0.3218539 0.3715743 0.3699343 0.3672345 0.3653174 0.3641703 0.3636192 0.3634484 0.3633591 0.3629578 0.3617446 0.3590782 0.3540705 0.3452093 0.3278273 0.3278273 0.2673499 0.2369288 0.2043310 0.1970621 0.1970621 0.1963959 0.1963959 0.2096661 0.2096661 0.2240005 0.2640255 0.2640255 0.2799715 0.2799715 0.2770089 0.2770089 0.2770089 0.2709047 0.2709047 0.2649007 0.2649007 0.2598283 0.2598283 0.2543563 0.2543563 0.2501690 0.2501690
0.3538229 0.3538229 0.3418328 0.3343204 0.3317535 0.3317535 0.3295339 0.3257630 0.3257630 0.3226033 0.3226033 0.3198805 0.3186483 0.3174880 0.3198860 0.3198860 0.3653635 0.3647846 0.3610744 0.3582021 0.3562745 0.3551036 0.3544753 0.3540886 0.3535482 0.3523614 0.3499231 0.3454677 0.3378790 0.3233584 0.3233584 0.2761361 0.2502968 0.2215221 0.2156877 0.2156877 0.2155097 0.2155097 0.2230327 0.2230327 0.2301998 0.2565342 0.2565342 0.2756646 0.2756646 0.2758707 0.2758707 0.2758707 0.2701021 0.2701021 0.2641297 0.2641297 0.2589948 0.2589948 0.2539778 0.2539778 0.2500212 0.2500212
0.3535227 0.3535227 0.3416877 0.3342930 0.3317488 0.3317488 0.3295383 0.3257678 0.3257678 0.3226042 0.3226042 0.3198800 0.3186477 0.3174875 0.3186149 0.3186149 0.3565033 0.3586938 0.3542374 0.3504569 0.3477694 0.3459899 0.3449253 0.3442824 0.3436660 0.3425802 0.3404235 0.3364825 0.3298649 0.3179609 0.3179609 0.2826738 0.2615266 0.2404132 0.2373194 0.2373194 0.2374430 0.2374430 0.2384786 0.2384786 0.2399538 0.2521543 0.2521543 0.2686315 0.2686315 0.2730711 0.2730711 0.2730711 0.2684065 0.2684065 0.2628711 0.2628711 0.2579238 0.2579238 0.2534077 0.2534077 0.2498515 0.2498515
0.3533455 0.3533455 0.3415989 0.3342758 0.3317458 0.3317458 0.3295414 0.3257710 0.3257710 0.3226048 0.3226048 0.3198797 0.3186474 0.3174872 0.3178009 0.3178009 0.3463286 0.3508685 0.3464335 0.3419006 0.3384326 0.3360271 0.3345281 0.3336544 0.3330077 0.3320802 0.3302646 0.3268938 0.3214328 0.3127432 0.3127432 0.2880698 0.2731940 0.2623720 0.2615471 0.2615471 0.2592645 0.2592645 0.2533670 0.2533670 0.2505960 0.2516351 0.2516351 0.2615285 0.2615285 0.2685558 0.2685558 0.2685558 0.2656131 0.2656131 0.2610171 0.2610171 0.2566045 0.2566045 0.2527180 0.2527180 0.2497083 0.2497083
0.3532870 0.3532870 0.3415690 0.3342699 0.3317448 0.3317448 0.3295425 0.3257722 0.3257722 0.3226050 0.3226050 0.3198795 0.3186472 0.3174871 0.3172829 0.3172829 0.3359000 0.3409199 0.3371918 0.3321827 0.3280118 0.3249960 0.3230670 0.3219773 0.3213382 0.3206351 0.3192492 0.3165625 0.3125870 0.3083330 0.3083330 0.2948424 0.2883869 0.2871242 0.2862485 0.2862485 0.2784863 0.2784863 0.2663812 0.2663812 0.2606432 0.2539891 0.2539891 0.2564232 0.2564232 0.2629308 0.2629308 0.2629308 0.2617455 0.2617455 0.2584909 0.2584909 0.2549950 0.2549950 0.2519329 0.2519329 0.2496162 0.2496162
0.3533455 0.3533455 0.3415990 0.3342758 0.3317458 0.3317458 0.3295414 0.3257710 0.3257710 0.3226048 0.3226048 0.3198796 0.3186473 0.3174872 0.3169549 0.3169549 0.3256578 0.3290660 0.3259450 0.3208372 0.3161783 0.3126506 0.3103365 0.3090576 0.3084590 0.3080349 0.3071606 0.3053027 0.3035274 0.3064617 0.3064617 0.3066515 0.3094921 0.3119354 0.3084111 0.3084111 0.2940407 0.2940407 0.2772525 0.2772525 0.2695247 0.2578523 0.2578523 0.2539007 0.2539007 0.2571591 0.2571591 0.2571591 0.2571273 0.2571273 0.2553377 0.2553377 0.2530749 0.2530749 0.2510638 0.2510638 0.2495858 0.2495858
0.3535227 0.3535227 0.3416877 0.3342931 0.3317488 0.3317488 0.3295383 0.3257677 0.3257677 0.3226042 0.3226042 0.3198800 0.3186477 0.3174875 0.3167483 0.3167483 0.3154688 0.3156088 0.3123135 0.3073134 0.3024779 0.2986529 0.2960809 0.2946855 0.2941764 0.2940830 0.2937939 0.2929914 0.2951509 0.3108236 0.3108236 0.3270029 0.3356239 0.3334013 0.3262858 0.3262858 0.3061343 0.3061343 0.2861444 0.2861444 0.2770818 0.2621635 0.2621635 0.2534711 0.2534711 0.2520920 0.2520920 0.2520920 0.2522897 0.2522897 0.2517649 0.2517649 0.2508993 0.2508993 0.2501303 0.2501303 0.2496113 0.2496113
0.3538229 0.3538229 0.3418328 0.3343203 0.3317536 0.3317536 0.3295339 0.3257629 0.3257629 0.3226033 0.3226033 0.3198805 0.3186483 0.3174879 0.3166191 0.3166191 0.3046462 0.3005573 0.2960719 0.2910705 0.2863486 0.2825436 0.2799523 0.2785953 0.2782708 0.2785757 0.2789485 0.2797010 0.2902805 0.3273586 0.3273586 0.3549183 0.3612199 0.3504997 0.3405915 0.3405915 0.3153814 0.3153814 0.2932244 0.2932244 0.2832487 0.2662330 0.2662330 0.2542880 0.2542880 0.2481808 0.2481808 0.2481808 0.2477851 0.2477851 0.2481131 0.2481131 0.2486162 0.2486162 0.2491788 0.2491788 0.2496772 0.2496772
