cruce_test.gid/Rasters/Hydraulic/Depth____000299.asc
NCOLS        79
NROWS        79
XLLCENTER         -1.500000
YLLCENTER         -4.800000
CELLSIZE           0.100
NODATA_VALUE     -9999.0
[rows 0 to 25 of 79, columns 0 to 58 of 79]
-9999.000 -9999.000 -9999.000 -9999.000 -9999.000 -9999.000 -9999.000 -9999.000 -9999.000 -9999.000 -9999.000 -9999.000 -9999.000 -9999.000 -9999.000 0.7001533 0.7005928 0.7006871 0.7005749 0.7003689 0.7001183 0.6998408 0.6995569 0.6992812 0.6990172 0.6987712 0.6985402 0.6982917 0.6979173 0.6978740 0.6978740 -9999.000 -9999.000 -9999.000 -9999.000 -9999.000 -9999.000 -9999.000 -9999.000 -9999.000 -9999.000 -9999.000 -9999.000 -9999.000 -9999.000 -9999.000 -9999.000 -9999.000 -9999.000 -9999.000 -9999.000 -9999.000 -9999.000 -9999.000 -9999.000 -9999.000 -9999.000 -9999.000 -9999.000
-9999.000 -9999.000 -9999.000 -9999.000 -9999.000 -9999.000 -9999.000 -9999.000 -9999.000 -9999.000 -9999.000 -9999.000 -9999.000 -9999.000 -9999.000 0.7019205 0.7023323 0.7024093 0.7023162 0.7021505 0.7019529 0.7017372 0.7015193 0.7013106 0.7011128 0.7009309 0.7007614 0.7005752 0.7002756 0.7003161 0.7003161 -9999.000 -9999.000 -9999.000 -9999.000 -9999.000 -9999.000 -9999.000 -9999.000 -9999.000 -9999.000 -9999.000 -9999.000 -9999.000 -9999.000 -9999.000 -9999.000 -9999.000 -9999.000 -9999.000 -9999.000 -9999.000 -9999.000 -9999.000 -9999.000 -9999.000 -9999.000 -9999.000 -9999.000
-9999.000 -9999.000 -9999.000 -9999.000 -9999.000 -9999.000 -9999.000 -9999.000 -9999.000 -9999.000 -9999.000 -9999.000 -9999.000 -9999.000 -9999.000 0.7038348 0.7042793 0.7043654 0.7042780 0.7041181 0.7039275 0.7037200 0.7035117 0.7033136 0.7031268 0.7029551 0.7027939 0.7026115 0.7023051 0.7023416 0.7023416 -9999.000 -9999.000 -9999.000 -9999.000 -9999.000 -9999.000 -9999.000 -9999.000 -9999.000 -9999.000 -9999.000 -9999.000 -9999.000 -9999.000 -9999.000 -9999.000 -9999.000 -9999.000 -9999.000 -9999.000 -9999.000 -9999.000 -9999.000 -9999.000 -9999.000 -9999.000 -9999.000 -9999.000
-9999.000 -9999.000 -9999.000 -9999.000 -9999.000 -9999.000 -9999.000 -9999.000 -9999.000 -9999.000 -9999.000 -9999.000 -9999.000 -9999.000 -9999.000 0.7057999 0.7062643 0.7063544 0.7062671 0.7061067 0.7059160 0.7057085 0.7055010 0.7053043 0.7051188 0.7049483 0.7047875 0.7046022 0.7042829 0.7042977 0.7042977 -9999.000 -9999.000 -9999.000 -9999.000 -9999.000 -9999.000 -9999.000 -9999.000 -9999.000 -9999.000 -9999.000 -9999.000 -9999.000 -9999.000 -9999.000 -9999.000 -9999.000 -9999.000 -9999.000 -9999.000 -9999.000 -9999.000 -9999.000 -9999.000 -9999.000 -9999.000 -9999.000 -9999.000
-9999.000 -9999.000 -9999.000 -9999.000 -9999.000 -9999.000 -9999.000 -9999.000 -9999.000 -9999.000 -9999.000 -9999.000 -9999.000 -9999.000 -9999.000 0.7077857 0.7082644 0.7083561 0.7082660 0.7081019 0.7079075 0.7076962 0.7074853 0.7072856 0.7070971 0.7069239 0.7067596 0.7065677 0.7062303 0.7062091 0.7062091 -9999.000 -9999.000 -9999.000 -9999.000 -9999.000 -9999.000 -9999.000 -9999.000 -9999.000 -9999.000 -9999.000 -9999.000 -9999.000 -9999.000 -9999.000 -9999.000 -9999.000 -9999.000 -9999.000 -9999.000 -9999.000 -9999.000 -9999.000 -9999.000 -9999.000 -9999.000 -9999.000 -9999.000
-9999.000 -9999.000 -9999.000 -9999.000 -9999.000 -9999.000 -9999.000 -9999.000 -9999.000 -9999.000 -9999.000 -9999.000 -9999.000 -9999.000 -9999.000 0.7097785 0.7102689 0.7103605 0.7102659 0.7100965 0.7098969 0.7096798 0.7094635 0.7092589 0.7090653 0.7088872 0.7087175 0.7085164 0.7081562 0.7080847 0.7080847 -9999.000 -9999.000 -9999.000 -9999.000 -9999.000 -9999.000 -9999.000 -9999.000 -9999.000 -9999.000 -9999.000 -9999.000 -9999.000 -9999.000 -9999.000 -9999.000 -9999.000 -9999.000 -9999.000 -9999.000 -9999.000 -9999.000 -9999.000 -9999.000 -9999.000 -9999.000 -9999.000 -9999.000
-9999.000 -9999.000 -9999.000 -9999.000 -9999.000 -9999.000 -9999.000 -9999.000 -9999.000 -9999.000 -9999.000 -9999.000 -9999.000 -9999.000 -9999.000 0.7117720 0.7122724 0.7123628 0.7122624 0.7120869 0.7118811 0.7116573 0.7114346 0.7112241 0.7110243 0.7108402 0.7106637 0.7104513 0.7100635 0.7099250 0.7099250 -9999.000 -9999.000 -9999.000 -9999.000 -9999.000 -9999.000 -9999.000 -9999.000 -9999.000 -9999.000 -9999.000 -9999.000 -9999.000 -9999.000 -9999.000 -9999.000 -9999.000 -9999.000 -9999.000 -9999.000 -9999.000 -9999.000 -9999.000 -9999.000 -9999.000 -9999.000 -9999.000 -9999.000
-9999.000 -9999.000 -9999.000 -9999.000 -9999.000 -9999.000 -9999.000 -9999.000 -9999.000 -9999.000 -9999.000 -9999.000 -9999.000 -9999.000 -9999.000 0.7137625 0.7142721 0.7143601 0.7142529 0.7140706 0.7138582 0.7136271 0.7133975 0.7131805 0.7129738 0.7127829 0.7125986 0.7123730 0.7119520 0.7117254 0.7117254 -9999.000 -9999.000 -9999.000 -9999.000 -9999.000 -9999.000 -9999.000 -9999.000 -9999.000 -9999.000 -9999.000 -9999.000 -9999.000 -9999.000 -9999.000 -9999.000 -9999.000 -9999.000 -9999.000 -9999.000 -9999.000 -9999.000 -9999.000 -9999.000 -9999.000 -9999.000 -9999.000 -9999.000
-9999.000 -9999.000 -9999.000 -9999.000 -9999.000 -9999.000 -9999.000 -9999.000 -9999.000 -9999.000 -9999.000 -9999.000 -9999.000 -9999.000 -9999.000 0.7157478 0.7162662 0.7163504 0.7162355 0.7160458 0.7158265 0.7155876 0.7153507 0.7151269 0.7149127 0.7147144 0.7145213 0.7142802 0.7138198 0.7134765 0.7134765 -9999.000 -9999.000 -9999.000 -9999.000 -9999.000 -9999.000 -9999.000 -9999.000 -9999.000 -9999.000 -9999.000 -9999.000 -9999.000 -9999.000 -9999.000 -9999.000 -9999.000 -9999.000 -9999.000 -9999.000 -9999.000 -9999.000 -9999.000 -9999.000 -9999.000 -9999.000 -9999.000 -9999.000
-9999.000 -9999.000 -9999.000 -9999.000 -9999.000 -9999.000 -9999.000 -9999.000 -9999.000 -9999.000 -9999.000 -9999.000 -9999.000 -9999.000 -9999.000 0.7177262 0.7182529 0.7183322 0.7182083 0.7180107 0.7177840 0.7175369 0.7172925 0.7170616 0.7168393 0.7166330 0.7164301 0.7161708 0.7156630 0.7151644 0.7151644 -9999.000 -9999.000 -9999.000 -9999.000 -9999.000 -9999.000 -9999.000 -9999.000 -9999.000 -9999.000 -9999.000 -9999.000 -9999.000 -9999.000 -9999.000 -9999.000 -9999.000 -9999.000 -9999.000 -9999.000 -9999.000 -9999.000 -9999.000 -9999.000 -9999.000 -9999.000 -9999.000 -9999.000
-9999.000 -9999.000 -9999.000 -9999.000 -9999.000 -9999.000 -9999.000 -9999.000 -9999.000 -9999.000 -9999.000 -9999.000 -9999.000 -9999.000 -9999.000 0.7196952 0.7202303 0.7203032 0.7201691 0.7199630 0.7197288 0.7194729 0.7192207 0.7189823 0.7187511 0.7185361 0.7183223 0.7180414 0.7174764 0.7167677 0.7167677 -9999.000 -9999.000 -9999.000 -9999.000 -9999.000 -9999.000 -9999.000 -9999.000 -9999.000 -9999.000 -9999.000 -9999.000 -9999.000 -9999.000 -9999.000 -9999.000 -9999.000 -9999.000 -9999.000 -9999.000 -9999.000 -9999.000 -9999.000 -9999.000 -9999.000 -9999.000 -9999.000 -9999.000
-9999.000 -9999.000 -9999.000 -9999.000 -9999.000 -9999.000 -9999.000 -9999.000 -9999.000 -9999.000 -9999.000 -9999.000 -9999.000 -9999.000 -9999.000 0.7216522 0.7221961 0.7222610 0.7221153 0.7219000 0.7216576 0.7213925 0.7211321 0.7208859 0.7206450 0.7204204 0.7201938 0.7198871 0.7192522 0.7182544 0.7182544 -9999.000 -9999.000 -9999.000 -9999.000 -9999.000 -9999.000 -9999.000 -9999.000 -9999.000 -9999.000 -9999.000 -9999.000 -9999.000 -9999.000 -9999.000 -9999.000 -9999.000 -9999.000 -9999.000 -9999.000 -9999.000 -9999.000 -9999.000 -9999.000 -9999.000 -9999.000 -9999.000 -9999.000
-9999.000 -9999.000 -9999.000 -9999.000 -9999.000 -9999.000 -9999.000 -9999.000 -9999.000 -9999.000 -9999.000 -9999.000 -9999.000 -9999.000 -9999.000 0.7235926 0.7241465 0.7242018 0.7240429 0.7238176 0.7235668 0.7232917 0.7230225 0.7227678 0.7225161 0.7222806 0.7220389 0.7217004 0.7209792 0.7195749 0.7195749 -9999.000 -9999.000 -9999.000 -9999.000 -9999.000 -9999.000 -9999.000 -9999.000 -9999.000 -9999.000 -9999.000 -9999.000 -9999.000 -9999.000 -9999.000 -9999.000 -9999.000 -9999.000 -9999.000 -9999.000 -9999.000 -9999.000 -9999.000 -9999.000 -9999.000 -9999.000 -9999.000 -9999.000
-9999.000 -9999.000 -9999.000 -9999.000 -9999.000 -9999.000 -9999.000 -9999.000 -9999.000 -9999.000 -9999.000 -9999.000 -9999.000 -9999.000 -9999.000 0.7254442 0.7260343 0.7261063 0.7259538 0.7257218 0.7254637 0.7251776 0.7248982 0.7246327 0.7243667 0.7241169 0.7238555 0.7234762 0.7226455 0.7206572 0.7206572 -9999.000 -9999.000 -9999.000 -9999.000 -9999.000 -9999.000 -9999.000 -9999.000 -9999.000 -9999.000 -9999.000 -9999.000 -9999.000 -9999.000 -9999.000 -9999.000 -9999.000 -9999.000 -9999.000 -9999.000 -9999.000 -9999.000 -9999.000 -9999.000 -9999.000 -9999.000 -9999.000 -9999.000
-9999.000 -9999.000 -9999.000 -9999.000 -9999.000 -9999.000 -9999.000 -9999.000 -9999.000 -9999.000 -9999.000 -9999.000 -9999.000 -9999.000 -9999.000 0.7201154 0.7258018 0.7286097 0.7295005 0.7291274 0.7286856 0.7281900 0.7276991 0.7272339 0.7267823 0.7263687 0.7259571 0.7254058 0.7242718 0.7207077 0.7207077 -9999.000 -9999.000 -9999.000 -9999.000 -9999.000 -9999.000 -9999.000 -9999.000 -9999.000 -9999.000 -9999.000 -9999.000 -9999.000 -9999.000 -9999.000 -9999.000 -9999.000 -9999.000 -9999.000 -9999.000 -9999.000 -9999.000 -9999.000 -9999.000 -9999.000 -9999.000 -9999.000 -9999.000
0.8022594 0.8022594 0.8007540 0.7889983 0.7811238 0.7811238 0.7777297 0.7724797 0.7724797 0.7682046 0.7682046 0.7646410 0.7630644 0.7615950 0.7601644 0.7601644 0.7312180 0.7299257 0.7284871 0.7291951 0.7304540 0.7320945 0.7343367 0.7369873 0.7395609 0.7420654 0.7439607 0.7437397 0.7371941 0.7079033 0.7079033 0.4980249 0.4614516 0.4395832 0.4322372 0.4322372 0.4206907 0.4206907 0.4229016 0.4229016 0.4337114 0.4821008 0.4821008 0.5846635 0.5846635 0.6368066 0.6368066 0.6368066 0.6372778 0.6372778 0.6270518 0.6270518 0.6129800 0.6129800 0.5983018 0.5983018 0.5847942 0.5847942 0.5847942
0.7993535 0.7993535 0.7991644 0.7871357 0.7803628 0.7803628 0.7767490 0.7714080 0.7714080 0.7671435 0.7671435 0.7635977 0.7620289 0.7605669 0.7591442 0.7591442 0.7340955 0.7288066 0.7239406 0.7202895 0.7174097 0.7152880 0.7141213 0.7139392 0.7145855 0.7160370 0.7180380 0.7198946 0.7198308 0.7087635 0.7087635 0.5666499 0.5122198 0.4583875 0.4432530 0.4432530 0.4257820 0.4257820 0.4271346 0.4271346 0.4372842 0.4796995 0.4796995 0.5589227 0.5589227 0.6332510 0.6332510 0.6332510 0.6367554 0.6367554 0.6272553 0.6272553 0.6133847 0.6133847 0.5988591 0.5988591 0.5854117 0.5854117 0.5854117
0.7979871 0.7979871 0.7993495 0.7868128 0.7806479 0.7806479 0.7768615 0.7713765 0.7713765 0.7670986 0.7670986 0.7635533 0.7619821 0.7605172 0.7590843 0.7590843 0.7362655 0.7275554 0.7193865 0.7123515 0.7064236 0.7015951 0.6979666 0.6955751 0.6943347 0.6942129 0.6950510 0.6963530 0.6967441 0.6900455 0.6900455 0.6001350 0.5440605 0.4765568 0.4562460 0.4562460 0.4352961 0.4352961 0.4405681 0.4405681 0.4529525 0.4922461 0.4922461 0.5504753 0.5504753 0.6248767 0.6248767 0.6248767 0.6332568 0.6332568 0.6259057 0.6259057 0.6128397 0.6128397 0.5986393 0.5986393 0.5853800 0.5853800 0.5853800
0.7971188 0.7971188 0.7988486 0.7866958 0.7809327 0.7809327 0.7770171 0.7713774 0.7713774 0.7670842 0.7670842 0.7635460 0.7619770 0.7605133 0.7590681 0.7590681 0.7375470 0.7258789 0.7145460 0.7043312 0.6954950 0.6881173 0.6822629 0.6779421 0.6750731 0.6735778 0.6733111 0.6738943 0.6742892 0.6700464 0.6700464 0.6132177 0.5637111 0.4940539 0.4720424 0.4720424 0.4532239 0.4532239 0.4661317 0.4661317 0.4804703 0.5127905 0.5127905 0.5492663 0.5492663 0.6112929 0.6112929 0.6112929 0.6247871 0.6247871 0.6213518 0.6213518 0.6103199 0.6103199 0.5971608 0.5971608 0.5845829 0.5845829 0.5845829
0.7967226 0.7967226 0.7980090 0.7866670 0.7811656 0.7811656 0.7771552 0.7713780 0.7713780 0.7670730 0.7670730 0.7635439 0.7619771 0.7605141 0.7590486 0.7590486 0.7375702 0.7232624 0.7089747 0.6957620 0.6840979 0.6741747 0.6660790 0.6598254 0.6553442 0.6525344 0.6512412 0.6511454 0.6514457 0.6489697 0.6489697 0.6130760 0.5727805 0.5091056 0.4899240 0.4899240 0.4819565 0.4819565 0.5035318 0.5035318 0.5166342 0.5360717 0.5360717 0.5521317 0.5521317 0.5954412 0.5954412 0.5954412 0.6120284 0.6120284 0.6133942 0.6133942 0.6056634 0.6056634 0.5944683 0.5944683 0.5832000 0.5832000 0.5832000
0.7967891 0.7967891 0.7969210 0.7867008 0.7813425 0.7813425 0.7772589 0.7713731 0.7713731 0.7670613 0.7670613 0.7635418 0.7619771 0.7605147 0.7590189 0.7590189 0.7360478 0.7192226 0.7021778 0.6861853 0.6718569 0.6594747 0.6491641 0.6409601 0.6348169 0.6306382 0.6282750 0.6274543 0.6275531 0.6263371 0.6263371 0.6041442 0.5735453 0.5230861 0.5125073 0.5125073 0.5234179 0.5234179 0.5476379 0.5476379 0.5547454 0.5577407 0.5577407 0.5571698 0.5571698 0.5806552 0.5806552 0.5806552 0.5969672 0.5969672 0.6025053 0.6025053 0.5988209 0.5988209 0.5904811 0.5904811 0.5812317 0.5812317 0.5812317
0.7974708 0.7974708 0.7954283 0.7867675 0.7814761 0.7814761 0.7773439 0.7713804 0.7713804 0.7670574 0.7670574 0.7635409 0.7619773 0.7605153 0.7589759 0.7589759 0.7326932 0.7132825 0.6936173 0.6750671 0.6582999 0.6436412 0.6312428 0.6211568 0.6133609 0.6077780 0.6042790 0.6026391 0.6023858 0.6020042 0.6020042 0.5890903 0.5682938 0.5407186 0.5456716 0.5456716 0.5755949 0.5755949 0.5900857 0.5900857 0.5881457 0.5758352 0.5758352 0.5633271 0.5633271 0.5690438 0.5690438 0.5690438 0.5818312 0.5818312 0.5896850 0.5896850 0.5899820 0.5899820 0.5851460 0.5851460 0.5786236 0.5786236 0.5786236
0.7975929 0.7975929 0.7950248 0.7867951 0.7815204 0.7815204 0.7773706 0.7713813 0.7713813 0.7670556 0.7670556 0.7635406 0.7619773 0.7605155 0.7589149 0.7589149 0.7271312 0.7049061 0.6826829 0.6617854 0.6428471 0.6261784 0.6119236 0.6001338 0.5907983 0.5838588 0.5792124 0.5766841 0.5759410 0.5760944 0.5760944 0.5699590 0.5600913 0.5703945 0.5950931 0.5950931 0.6296151 0.6296151 0.6240992 0.6240992 0.6137751 0.5904336 0.5904336 0.5700271 0.5700271 0.5612454 0.5612454 0.5612454 0.5683747 0.5683747 0.5762192 0.5762192 0.5796426 0.5796426 0.5785515 0.5785515 0.5753562 0.5753562 0.5753562
0.7974709 0.7974709 0.7954282 0.7867675 0.7814761 0.7814761 0.7773439 0.7713803 0.7713803 0.7670575 0.7670575 0.7635409 0.7619773 0.7605153 0.7588295 0.7588295 0.7188134 0.6934189 0.6686411 0.6456011 0.6248007 0.6064659 0.5906876 0.5774868 0.5668430 0.5587057 0.5529946 0.5495839 0.5482938 0.5489760 0.5489760 0.5491989 0.5547860 0.6206651 0.6582128 0.6582128 0.6737671 0.6737671 0.6481360 0.6481360 0.6323922 0.6024064 0.6024064 0.5768732 0.5768732 0.5568796 0.5568796 0.5568796 0.5575700 0.5575700 0.5633724 0.5633724 0.5685694 0.5685694 0.5709946 0.5709946 0.5715030 0.5715030 0.5715030
0.7967891 0.7967891 0.7969210 0.7867008 0.7813424 0.7813424 0.7772591 0.7713731 0.7713731 0.7670614 0.7670614 0.7635416 0.7619771 0.7605148 0.7587104 0.7587104 0.7068911 0.6778901 0.6505463 0.6256020 0.6033137 0.5837455 0.5668825 0.5526795 0.5410813 0.5320280 0.5254511 0.5212731 0.5195533 0.5215567 0.5215567 0.5316685 0.5644116 0.6895592 0.7194278 0.7194278 0.7025642 0.7025642 0.6645920 0.6645920 0.6461110 0.6124072 0.6124072 0.5834482 0.5834482 0.5550827 0.5550827 0.5550827 0.5496332 0.5496332 0.5521204 0.5521204 0.5576696 0.5576696 0.5629867 0.5629867 0.5672663 0.5672663 0.5672663
0.7967227 0.7967227 0.7980091 0.7866671 0.7811657 0.7811657 0.7771554 0.7713780 0.7713780 0.7670731 0.7670731 0.7635438 0.7619771 0.7605142 0.7585451 0.7585451 0.6899967 0.6569464 0.6271019 0.6006027 0.5773237 0.5570808 0.5396978 0.5250282 0.5129570 0.5033972 0.4962795 0.4915899 0.4899861 0.4966691 0.4966691 0.5293413 0.6069025 0.7566161 0.7604933 0.7604933 0.7192205 0.7192205 0.6762199 0.6762199 0.6565272 0.6206917 0.6206917 0.5893617 0.5893617 0.5549366 0.5549366 0.5549366 0.5442763 0.5442763 0.5430334 0.5430334 0.5478362 0.5478362 0.5552074 0.5552074 0.5629919 0.5629919 0.5629919
