cruce_test.gid/Rasters/Hydraulic/Depth____000035.asc
NCOLS        79
NROWS        79
XLLCENTER         -1.500000
YLLCENTER         -4.800000
CELLSIZE           0.100
NODATA_VALUE     -9999.0
[rows 0 to 25 of 79, columns 0 to 56 of 79]
-9999.000 -9999.000 -9999.000 -9999.000 -9999.000 -9999.000 -9999.000 -9999.000 -9999.000 -9999.000 -9999.000 -9999.000 -9999.000 -9999.000 -9999.000 0.2008228 0.2008800 0.2007578 0.2005584 0.2003005 0.1999965 0.1996581 0.1992973 0.1989270 0.1985608 0.1982135 0.1979010 0.1976416 0.1974649 0.1977469 0.1977469 -9999.000 -9999.000 -9999.000 -9999.000 -9999.000 -9999.000 -9999.000 -9999.000 -9999.000 -9999.000 -9999.000 -9999.000 -9999.000 -9999.000 -9999.000 -9999.000 -9999.000 -9999.000 -9999.000 -9999.000 -9999.000 -9999.000 -9999.000 -9999.000 -9999.000 -9999.000
-9999.000 -9999.000 -9999.000 -9999.000 -9999.000 -9999.000 -9999.000 -9999.000 -9999.000 -9999.000 -9999.000 -9999.000 -9999.000 -9999.000 -9999.000 0.2028217 0.2029316 0.2028132 0.2026229 0.2023785 0.2020911 0.2017714 0.2014311 0.2010825 0.2007384 0.2004120 0.2001166 0.1998652 0.1996786 0.1999245 0.1999245 -9999.000 -9999.000 -9999.000 -9999.000 -9999.000 -9999.000 -9999.000 -9999.000 -9999.000 -9999.000 -9999.000 -9999.000 -9999.000 -9999.000 -9999.000 -9999.000 -9999.000 -9999.000 -9999.000 -9999.000 -9999.000 -9999.000 -9999.000 -9999.000 -9999.000 -9999.000
-9999.000 -9999.000 -9999.000 -9999.000 -9999.000 -9999.000 -9999.000 -9999.000 -9999.000 -9999.000 -9999.000 -9999.000 -9999.000 -9999.000 -9999.000 0.2049875 0.2051567 0.2050356 0.2048401 0.2045903 0.2042976 0.2039729 0.2036272 0.2032723 0.2029203 0.2025835 0.2022743 0.2020051 0.2018002 0.2020882 0.2020882 -9999.000 -9999.000 -9999.000 -9999.000 -9999.000 -9999.000 -9999.000 -9999.000 -9999.000 -9999.000 -9999.000 -9999.000 -9999.000 -9999.000 -9999.000 -9999.000 -9999.000 -9999.000 -9999.000 -9999.000 -9999.000 -9999.000 -9999.000 -9999.000 -9999.000 -9999.000
-9999.000 -9999.000 -9999.000 -9999.000 -9999.000 -9999.000 -9999.000 -9999.000 -9999.000 -9999.000 -9999.000 -9999.000 -9999.000 -9999.000 -9999.000 0.2071944 0.2074169 0.2072891 0.2070827 0.2068201 0.2065133 0.2061731 0.2058107 0.2054376 0.2050657 0.2047070 0.2043737 0.2040784 0.2038484 0.2041730 0.2041730 -9999.000 -9999.000 -9999.000 -9999.000 -9999.000 -9999.000 -9999.000 -9999.000 -9999.000 -9999.000 -9999.000 -9999.000 -9999.000 -9999.000 -9999.000 -9999.000 -9999.000 -9999.000 -9999.000 -9999.000 -9999.000 -9999.000 -9999.000 -9999.000 -9999.000 -9999.000
-9999.000 -9999.000 -9999.000 -9999.000 -9999.000 -9999.000 -9999.000 -9999.000 -9999.000 -9999.000 -9999.000 -9999.000 -9999.000 -9999.000 -9999.000 0.2094350 0.2097041 0.2095656 0.2093431 0.2090615 0.2087331 0.2083688 0.2079801 0.2075783 0.2071757 0.2067842 0.2064162 0.2060850 0.2058208 0.2061768 0.2061768 -9999.000 -9999.000 -9999.000 -9999.000 -9999.000 -9999.000 -9999.000 -9999.000 -9999.000 -9999.000 -9999.000 -9999.000 -9999.000 -9999.000 -9999.000 -9999.000 -9999.000 -9999.000 -9999.000 -9999.000 -9999.000 -9999.000 -9999.000 -9999.000 -9999.000 -9999.000
-9999.000 -9999.000 -9999.000 -9999.000 -9999.000 -9999.000 -9999.000 -9999.000 -9999.000 -9999.000 -9999.000 -9999.000 -9999.000 -9999.000 -9999.000 0.2117032 0.2120108 0.2118575 0.2116148 0.2113089 0.2109526 0.2105568 0.2101331 0.2096931 0.2092491 0.2088136 0.2083994 0.2080205 0.2077103 0.2080925 0.2080925 -9999.000 -9999.000 -9999.000 -9999.000 -9999.000 -9999.000 -9999.000 -9999.000 -9999.000 -9999.000 -9999.000 -9999.000 -9999.000 -9999.000 -9999.000 -9999.000 -9999.000 -9999.000 -9999.000 -9999.000 -9999.000 -9999.000 -9999.000 -9999.000 -9999.000 -9999.000
-9999.000 -9999.000 -9999.000 -9999.000 -9999.000 -9999.000 -9999.000 -9999.000 -9999.000 -9999.000 -9999.000 -9999.000 -9999.000 -9999.000 -9999.000 0.2139940 0.2143300 0.2141576 0.2138909 0.2135565 0.2131668 0.2127330 0.2122663 0.2117787 0.2112826 0.2107908 0.2103168 0.2098756 0.2095041 0.2099060 0.2099060 -9999.000 -9999.000 -9999.000 -9999.000 -9999.000 -9999.000 -9999.000 -9999.000 -9999.000 -9999.000 -9999.000 -9999.000 -9999.000 -9999.000 -9999.000 -9999.000 -9999.000 -9999.000 -9999.000 -9999.000 -9999.000 -9999.000 -9999.000 -9999.000 -9999.000 -9999.000
-9999.000 -9999.000 -9999.000 -9999.000 -9999.000 -9999.000 -9999.000 -9999.000 -9999.000 -9999.000 -9999.000 -9999.000 -9999.000 -9999.000 -9999.000 0.2163025 0.2166543 0.2164582 0.2161642 0.2157974 0.2153697 0.2148916 0.2143742 0.2138294 0.2132695 0.2127075 0.2121572 0.2116351 0.2111816 0.2115946 0.2115946 -9999.000 -9999.000 -9999.000 -9999.000 -9999.000 -9999.000 -9999.000 -9999.000 -9999.000 -9999.000 -9999.000 -9999.000 -9999.000 -9999.000 -9999.000 -9999.000 -9999.000 -9999.000 -9999.000 -9999.000 -9999.000 -9999.000 -9999.000 -9999.000 -9999.000 -9999.000
-9999.000 -9999.000 -9999.000 -9999.000 -9999.000 -9999.000 -9999.000 -9999.000 -9999.000 -9999.000 -9999.000 -9999.000 -9999.000 -9999.000 -9999.000 0.2186229 0.2189760 0.2187508 0.2184265 0.2180237 0.2175533 0.2170249 0.2164490 0.2158367 0.2151997 0.2145507 0.2139038 0.2132761 0.2127117 0.2131216 0.2131216 -9999.000 -9999.000 -9999.000 -9999.000 -9999.000 -9999.000 -9999.000 -9999.000 -9999.000 -9999.000 -9999.000 -9999.000 -9999.000 -9999.000 -9999.000 -9999.000 -9999.000 -9999.000 -9999.000 -9999.000 -9999.000 -9999.000 -9999.000 -9999.000 -9999.000 -9999.000
-9999.000 -9999.000 -9999.000 -9999.000 -9999.000 -9999.000 -9999.000 -9999.000 -9999.000 -9999.000 -9999.000 -9999.000 -9999.000 -9999.000 -9999.000 0.2209472 0.2212858 0.2210260 0.2206682 0.2202260 0.2197081 0.2191229 0.2184796 0.2177879 0.2170582 0.2163015 0.2155311 0.2147639 0.2140465 0.2144279 0.2144279 -9999.000 -9999.000 -9999.000 -9999.000 -9999.000 -9999.000 -9999.000 -9999.000 -9999.000 -9999.000 -9999.000 -9999.000 -9999.000 -9999.000 -9999.000 -9999.000 -9999.000 -9999.000 -9999.000 -9999.000 -9999.000 -9999.000 -9999.000 -9999.000 -9999.000 -9999.000
-9999.000 -9999.000 -9999.000 -9999.000 -9999.000 -9999.000 -9999.000 -9999.000 -9999.000 -9999.000 -9999.000 -9999.000 -9999.000 -9999.000 -9999.000 0.2232638 0.2235725 0.2232722 0.2228780 0.2223931 0.2218225 0.2211730 0.2204518 0.2196663 0.2188239 0.2179324 0.2170017 0.2160461 0.2151110 0.2154136 0.2154136 -9999.000 -9999.000 -9999.000 -9999.000 -9999.000 -9999.000 -9999.000 -9999.000 -9999.000 -9999.000 -9999.000 -9999.000 -9999.000 -9999.000 -9999.000 -9999.000 -9999.000 -9999.000 -9999.000 -9999.000 -9999.000 -9999.000 -9999.000 -9999.000 -9999.000 -9999.000
-9999.000 -9999.000 -9999.000 -9999.000 -9999.000 -9999.000 -9999.000 -9999.000 -9999.000 -9999.000 -9999.000 -9999.000 -9999.000 -9999.000 -9999.000 0.2255546 0.2258213 0.2254755 0.2250424 0.2245108 0.2238817 0.2231590 0.2223470 0.2214492 0.2204678 0.2194042 0.2182603 0.2170414 0.2157822 0.2158986 0.2158986 -9999.000 -9999.000 -9999.000 -9999.000 -9999.000 -9999.000 -9999.000 -9999.000 -9999.000 -9999.000 -9999.000 -9999.000 -9999.000 -9999.000 -9999.000 -9999.000 -9999.000 -9999.000 -9999.000 -9999.000 -9999.000 -9999.000 -9999.000 -9999.000 -9999.000 -9999.000
-9999.000 -9999.000 -9999.000 -9999.000 -9999.000 -9999.000 -9999.000 -9999.000 -9999.000 -9999.000 -9999.000 -9999.000 -9999.000 -9999.000 -9999.000 0.2277927 0.2280121 0.2276179 0.2271436 0.2265613 0.2258668 0.2250600 0.2241408 0.2231062 0.2219498 0.2206604 0.2192228 0.2176180 0.2158459 0.2155253 0.2155253 -9999.000 -9999.000 -9999.000 -9999.000 -9999.000 -9999.000 -9999.000 -9999.000 -9999.000 -9999.000 -9999.000 -9999.000 -9999.000 -9999.000 -9999.000 -9999.000 -9999.000 -9999.000 -9999.000 -9999.000 -9999.000 -9999.000 -9999.000 -9999.000 -9999.000 -9999.000
-9999.000 -9999.000 -9999.000 -9999.000 -9999.000 -9999.000 -9999.000 -9999.000 -9999.000 -9999.000 -9999.000 -9999.000 -9999.000 -9999.000 -9999.000 0.2299318 0.2301144 0.2296748 0.2291592 0.2285226 0.2277545 0.2268497 0.2258013 0.2245964 0.2232130 0.2216164 0.2197543 0.2175483 0.2148928 0.2134621 0.2134621 -9999.000 -9999.000 -9999.000 -9999.000 -9999.000 -9999.000 -9999.000 -9999.000 -9999.000 -9999.000 -9999.000 -9999.000 -9999.000 -9999.000 -9999.000 -9999.000 -9999.000 -9999.000 -9999.000 -9999.000 -9999.000 -9999.000 -9999.000 -9999.000 -9999.000 -9999.000
-9999.000 -9999.000 -9999.000 -9999.000 -9999.000 -9999.000 -9999.000 -9999.000 -9999.000 -9999.000 -9999.000 -9999.000 -9999.000 -9999.000 -9999.000 0.2313472 0.2319493 0.2316047 0.2311207 0.2304596 0.2296174 0.2285915 0.2273721 0.2259349 0.2242351 0.2221955 0.2196860 0.2164759 0.2121124 0.2070161 0.2070161 -9999.000 -9999.000 -9999.000 -9999.000 -9999.000 -9999.000 -9999.000 -9999.000 -9999.000 -9999.000 -9999.000 -9999.000 -9999.000 -9999.000 -9999.000 -9999.000 -9999.000 -9999.000 -9999.000 -9999.000 -9999.000 -9999.000 -9999.000 -9999.000 -9999.000 -9999.000
0.1886509 0.1886509 0.1967485 0.2010394 0.2030965 0.2030965 0.2051573 0.2094765 0.2094765 0.2144080 0.2144080 0.2204970 0.2242367 0.2286492 0.2339033 0.2339033 0.2393128 0.2387665 0.2378429 0.2365084 0.2348065 0.2327994 0.2305306 0.2279919 0.2250901 0.2215930 0.2170017 0.2101890 0.1981443 0.1672514 0.1672514 0.6814507E-01 0.4482893E-01 0.3528472E-01 0.3676293E-01 0.3676293E-01 0.4686465E-01 0.4686465E-01 0.6628884E-01 0.6628884E-01 0.9578428E-01 0.1302129 0.1302129 0.1329482 0.1329482 0.1339524 0.1339524 0.1339524 0.1307317 0.1307317 0.1279807 0.1279807 0.1257078 0.1257078 0.1216751 0.1216751 0.1189135
0.1876375 0.1876375 0.1964343 0.2007496 0.2028113 0.2028113 0.2048762 0.2092056 0.2092056 0.2141438 0.2141438 0.2201191 0.2235929 0.2273646 0.2312812 0.2312812 0.2345740 0.2345800 0.2343345 0.2337669 0.2328102 0.2314049 0.2294970 0.2270261 0.2238941 0.2199078 0.2146714 0.2073589 0.1960697 0.1743177 0.1743177 0.1070705 0.8382610E-01 0.6520377E-01 0.6109677E-01 0.6109677E-01 0.5999042E-01 0.5999042E-01 0.6881685E-01 0.6881685E-01 0.8413467E-01 0.1294230 0.1294230 0.1334118 0.1334118 0.1340102 0.1340102 0.1340102 0.1304585 0.1304585 0.1277273 0.1277273 0.1260850 0.1260850 0.1214880 0.1214880 0.1187521
0.1869897 0.1869897 0.1964066 0.2006888 0.2027231 0.2027231 0.2047498 0.2089511 0.2089511 0.2136257 0.2136257 0.2190437 0.2220511 0.2251938 0.2283321 0.2283321 0.2306170 0.2304920 0.2301683 0.2296253 0.2288033 0.2276200 0.2259755 0.2237497 0.2207892 0.2168742 0.2116470 0.2044509 0.1938830 0.1757918 0.1757918 0.1233056 0.1010645 0.8081083E-01 0.7556304E-01 0.7556304E-01 0.7226299E-01 0.7226299E-01 0.7724994E-01 0.7724994E-01 0.8516177E-01 0.1215694 0.1215694 0.1339802 0.1339802 0.1347258 0.1347258 0.1347258 0.1303163 0.1303163 0.1275342 0.1275342 0.1253609 0.1253609 0.1216362 0.1216362 0.1188088
0.1863952 0.1863952 0.1963752 0.2006113 0.2026090 0.2026090 0.2045856 0.2086229 0.2086229 0.2129858 0.2129858 0.2178307 0.2204143 0.2230356 0.2255829 0.2255829 0.2269636 0.2266138 0.2260894 0.2253907 0.2244714 0.2232541 0.2216358 0.2194866 0.2166413 0.2128769 0.2078618 0.2010396 0.1912973 0.1755727 0.1755727 0.1339031 0.1134382 0.9388314E-01 0.8885485E-01 0.8885485E-01 0.8591795E-01 0.8591795E-01 0.8884200E-01 0.8884200E-01 0.9228666E-01 0.1138832 0.1138832 0.1315554 0.1315554 0.1338428 0.1338428 0.1338428 0.1301753 0.1301753 0.1272459 0.1272459 0.1248650 0.1248650 0.1215560 0.1215560 0.1187121
0.1858568 0.1858568 0.1963377 0.2005139 0.2024662 0.2024662 0.2043818 0.2082255 0.2082255 0.2122413 0.2122413 0.2164986 0.2186762 0.2208204 0.2228473 0.2228473 0.2233148 0.2226958 0.2219474 0.2210642 0.2200005 0.2186816 0.2170086 0.2148571 0.2120708 0.2084447 0.2036862 0.1973242 0.1884513 0.1746334 0.1746334 0.1411055 0.1227771 0.1057020 0.1019124 0.1019124 0.1003377 0.1003377 0.1011850 0.1011850 0.1017611 0.1106636 0.1106636 0.1262719 0.1262719 0.1322598 0.1322598 0.1322598 0.1295825 0.1295825 0.1266922 0.1266922 0.1241826 0.1241826 0.1211922 0.1211922 0.1184547
0.1853834 0.1853834 0.1962959 0.2004018 0.2023025 0.2023025 0.2041498 0.2077816 0.2077816 0.2114306 0.2114306 0.2150901 0.2168643 0.2185383 0.2200501 0.2200501 0.2194997 0.2185628 0.2175773 0.2165148 0.2153163 0.2139019 0.2121743 0.2100176 0.2072923 0.2038222 0.1993627 0.1935265 0.1855734 0.1734875 0.1734875 0.1464134 0.1306220 0.1176832 0.1156519 0.1156519 0.1147699 0.1147699 0.1127629 0.1127629 0.1112335 0.1118863 0.1118863 0.1210210 0.1210210 0.1293910 0.1293910 0.1293910 0.1281878 0.1281878 0.1257327 0.1257327 0.1232811 0.1232811 0.1205798 0.1205798 0.1180438
0.1849859 0.1849859 0.1962521 0.2002810 0.2021266 0.2021266 0.2039016 0.2073136 0.2073136 0.2105900 0.2105900 0.2136486 0.2150137 0.2161997 0.2171540 0.2171540 0.2153787 0.2140653 0.2128272 0.2115983 0.2102929 0.2088168 0.2070693 0.2049424 0.2023173 0.1990564 0.1949750 0.1897755 0.1828683 0.1725616 0.1725616 0.1510527 0.1383870 0.1308065 0.1301795 0.1301795 0.1281222 0.1281222 0.1228415 0.1228415 0.1197458 0.1155931 0.1155931 0.1180965 0.1180965 0.1256281 0.1256281 0.1256281 0.1258740 0.1258740 0.1242128 0.1242128 0.1220806 0.1220806 0.1197258 0.1197258 0.1174821
0.1846765 0.1846765 0.1962082 0.2001570 0.2019467 0.2019467 0.2036490 0.2068426 0.2068426 0.2097528 0.2097528 0.2122161 0.2131635 0.2138283 0.2141408 0.2141408 0.2107962 0.2090395 0.2075348 0.2061590 0.2047854 0.2032954 0.2015796 0.1995362 0.1970721 0.1941046 0.1905333 0.1861718 0.1805820 0.1723755 0.1723755 0.1562752 0.1474811 0.1450255 0.1445627 0.1445627 0.1395126 0.1395126 0.1312860 0.1312860 0.1270798 0.1201371 0.1201371 0.1177866 0.1177866 0.1219148 0.1219148 0.1219148 0.1228855 0.1228855 0.1220864 0.1220864 0.1205037 0.1205037 0.1186155 0.1186155 0.1167750
0.1844685 0.1844685 0.1961657 0.2000355 0.2017707 0.2017707 0.2034029 0.2063876 0.2063876 0.2089490 0.2089490 0.2108348 0.2113594 0.2114634 0.2110124 0.2110124 0.2055482 0.2032771 0.2015017 0.2000130 0.1986250 0.1971835 0.1955640 0.1936701 0.1914436 0.1888909 0.1860487 0.1828901 0.1791338 0.1736602 0.1736602 0.1633927 0.1589569 0.1590950 0.1574577 0.1574577 0.1487087 0.1487087 0.1382548 0.1382548 0.1332788 0.1246356 0.1246356 0.1192006 0.1192006 0.1190599 0.1190599 0.1190599 0.1197375 0.1197375 0.1194991 0.1194991 0.1185444 0.1185444 0.1172423 0.1172423 0.1159271
0.1843752 0.1843752 0.1961262 0.1999213 0.2016060 0.2016060 0.2031732 0.2059655 0.2059655 0.2082056 0.2082056 0.2095472 0.2096541 0.2091654 0.2078045 0.2078045 0.1993471 0.1964965 0.1944683 0.1929268 0.1916032 0.1902940 0.1888526 0.1871870 0.1852906 0.1833336 0.1816032 0.1803062 0.1792549 0.1773343 0.1773343 0.1731064 0.1727786 0.1715240 0.1684516 0.1684516 0.1559764 0.1559764 0.1439182 0.1439182 0.1383993 0.1286655 0.1286655 0.1213587 0.1213587 0.1173415 0.1173415 0.1173415 0.1169404 0.1169404 0.1167535 0.1167535 0.1163103 0.1163103 0.1156454 0.1156454 0.1149556
0.1844092 0.1844092 0.1960906 0.1998192 0.2014588 0.2014588 0.2029685 0.2055908 0.2055908 0.2075462 0.2075462 0.2083937 0.2081042 0.2070157 0.2046102 0.2046102 0.1917741 0.1883041 0.1860790 0.1845859 0.1834459 0.1823872 0.1812325 0.1798918 0.1784350 0.1773679 0.1774535 0.1791489 0.1820063 0.1845354 0.1845354 0.1858905 0.1868952 0.1816397 0.1763619 0.1763619 0.1618055 0.1618055 0.1484370 0.1484370 0.1425258 0.1320755 0.1320755 0.1236323 0.1236323 0.1166087 0.1166087 0.1166087 0.1147977 0.1147977 0.1141921 0.1141921 0.1140109 0.1140109 0.1139322 0.1139322 0.1139118
