cruce_test.gid/Rasters/Hydraulic/Depth____000073.asc
NCOLS        79
NROWS        79
XLLCENTER         -1.500000
YLLCENTER         -4.800000
CELLSIZE           0.100
NODATA_VALUE     -9999.0
[rows 0 to 25 of 79, columns 0 to 57 of 79]
-9999.000 -9999.000 -9999.000 -9999.000 -9999.000 -9999.000 -9999.000 -9999.000 -9999.000 -9999.000 -9999.000 -9999.000 -9999.000 -9999.000 -9999.000 0.2992431 0.2993810 0.2993102 0.2991909 0.2990364 0.2988507 0.2986359 0.2983935 0.2981250 0.2978326 0.2975197 0.2971915 0.2968558 0.2965398 0.2968222 0.2968222 -9999.000 -9999.000 -9999.000 -9999.000 -9999.000 -9999.000 -9999.000 -9999.000 -9999.000 -9999.000 -9999.000 -9999.000 -9999.000 -9999.000 -9999.000 -9999.000 -9999.000 -9999.000 -9999.000 -9999.000 -9999.000 -9999.000 -9999.000 -9999.000 -9999.000 -9999.000 -9999.000
-9999.000 -9999.000 -9999.000 -9999.000 -9999.000 -9999.000 -9999.000 -9999.000 -9999.000 -9999.000 -9999.000 -9999.000 -9999.000 -9999.000 -9999.000 0.3011306 0.3012863 0.3012159 0.3011041 0.3009619 0.3007926 0.3005983 0.3003808 0.3001425 0.2998858 0.2996141 0.2993304 0.2990375 0.2987506 0.2990225 0.2990225 -9999.000 -9999.000 -9999.000 -9999.000 -9999.000 -9999.000 -9999.000 -9999.000 -9999.000 -9999.000 -9999.000 -9999.000 -9999.000 -9999.000 -9999.000 -9999.000 -9999.000 -9999.000 -9999.000 -9999.000 -9999.000 -9999.000 -9999.000 -9999.000 -9999.000 -9999.000 -9999.000
-9999.000 -9999.000 -9999.000 -9999.000 -9999.000 -9999.000 -9999.000 -9999.000 -9999.000 -9999.000 -9999.000 -9999.000 -9999.000 -9999.000 -9999.000 0.3031316 0.3033270 0.3032575 0.3031470 0.3030080 0.3028436 0.3026555 0.3024451 0.3022135 0.3019619 0.3016915 0.3014034 0.3010976 0.3007892 0.3010938 0.3010938 -9999.000 -9999.000 -9999.000 -9999.000 -9999.000 -9999.000 -9999.000 -9999.000 -9999.000 -9999.000 -9999.000 -9999.000 -9999.000 -9999.000 -9999.000 -9999.000 -9999.000 -9999.000 -9999.000 -9999.000 -9999.000 -9999.000 -9999.000 -9999.000 -9999.000 -9999.000 -9999.000
-9999.000 -9999.000 -9999.000 -9999.000 -9999.000 -9999.000 -9999.000 -9999.000 -9999.000 -9999.000 -9999.000 -9999.000 -9999.000 -9999.000 -9999.000 0.3051699 0.3053976 0.3053270 0.3052154 0.3050759 0.3049114 0.3047234 0.3045121 0.3042780 0.3040209 0.3037407 0.3034366 0.3031070 0.3027658 0.3030898 0.3030898 -9999.000 -9999.000 -9999.000 -9999.000 -9999.000 -9999.000 -9999.000 -9999.000 -9999.000 -9999.000 -9999.000 -9999.000 -9999.000 -9999.000 -9999.000 -9999.000 -9999.000 -9999.000 -9999.000 -9999.000 -9999.000 -9999.000 -9999.000 -9999.000 -9999.000 -9999.000 -9999.000
-9999.000 -9999.000 -9999.000 -9999.000 -9999.000 -9999.000 -9999.000 -9999.000 -9999.000 -9999.000 -9999.000 -9999.000 -9999.000 -9999.000 -9999.000 0.3072362 0.3074893 0.3074154 0.3073003 0.3071569 0.3069883 0.3067950 0.3065769 0.3063332 0.3060627 0.3057638 0.3054343 0.3050704 0.3046845 0.3050180 0.3050180 -9999.000 -9999.000 -9999.000 -9999.000 -9999.000 -9999.000 -9999.000 -9999.000 -9999.000 -9999.000 -9999.000 -9999.000 -9999.000 -9999.000 -9999.000 -9999.000 -9999.000 -9999.000 -9999.000 -9999.000 -9999.000 -9999.000 -9999.000 -9999.000 -9999.000 -9999.000 -9999.000
-9999.000 -9999.000 -9999.000 -9999.000 -9999.000 -9999.000 -9999.000 -9999.000 -9999.000 -9999.000 -9999.000 -9999.000 -9999.000 -9999.000 -9999.000 0.3093223 0.3095946 0.3095154 0.3093945 0.3092448 0.3090687 0.3088662 0.3086363 0.3083771 0.3080864 0.3077610 0.3073969 0.3069878 0.3065436 0.3068767 0.3068767 -9999.000 -9999.000 -9999.000 -9999.000 -9999.000 -9999.000 -9999.000 -9999.000 -9999.000 -9999.000 -9999.000 -9999.000 -9999.000 -9999.000 -9999.000 -9999.000 -9999.000 -9999.000 -9999.000 -9999.000 -9999.000 -9999.000 -9999.000 -9999.000 -9999.000 -9999.000 -9999.000
-9999.000 -9999.000 -9999.000 -9999.000 -9999.000 -9999.000 -9999.000 -9999.000 -9999.000 -9999.000 -9999.000 -9999.000 -9999.000 -9999.000 -9999.000 0.3114216 0.3117073 0.3116207 0.3114925 0.3113344 0.3111482 0.3109331 0.3106872 0.3104075 0.3100902 0.3097304 0.3093217 0.3088548 0.3083353 0.3086558 0.3086558 -9999.000 -9999.000 -9999.000 -9999.000 -9999.000 -9999.000 -9999.000 -9999.000 -9999.000 -9999.000 -9999.000 -9999.000 -9999.000 -9999.000 -9999.000 -9999.000 -9999.000 -9999.000 -9999.000 -9999.000 -9999.000 -9999.000 -9999.000 -9999.000 -9999.000 -9999.000 -9999.000
-9999.000 -9999.000 -9999.000 -9999.000 -9999.000 -9999.000 -9999.000 -9999.000 -9999.000 -9999.000 -9999.000 -9999.000 -9999.000 -9999.000 -9999.000 0.3135282 0.3138216 0.3137258 0.3135890 0.3134209 0.3132225 0.3129921 0.3127264 0.3124212 0.3120706 0.3116678 0.3112031 0.3106630 0.3100457 0.3103361 0.3103361 -9999.000 -9999.000 -9999.000 -9999.000 -9999.000 -9999.000 -9999.000 -9999.000 -9999.000 -9999.000 -9999.000 -9999.000 -9999.000 -9999.000 -9999.000 -9999.000 -9999.000 -9999.000 -9999.000 -9999.000 -9999.000 -9999.000 -9999.000 -9999.000 -9999.000 -9999.000 -9999.000
-9999.000 -9999.000 -9999.000 -9999.000 -9999.000 -9999.000 -9999.000 -9999.000 -9999.000 -9999.000 -9999.000 -9999.000 -9999.000 -9999.000 -9999.000 0.3156362 0.3159322 0.3158251 0.3156787 0.3154992 0.3152868 0.3150385 0.3147495 0.3144135 0.3140225 0.3135665 0.3130317 0.3123981 0.3116528 0.3118847 0.3118847 -9999.000 -9999.000 -9999.000 -9999.000 -9999.000 -9999.000 -9999.000 -9999.000 -9999.000 -9999.000 -9999.000 -9999.000 -9999.000 -9999.000 -9999.000 -9999.000 -9999.000 -9999.000 -9999.000 -9999.000 -9999.000 -9999.000 -9999.000 -9999.000 -9999.000 -9999.000 -9999.000
-9999.000 -9999.000 -9999.000 -9999.000 -9999.000 -9999.000 -9999.000 -9999.000 -9999.000 -9999.000 -9999.000 -9999.000 -9999.000 -9999.000 -9999.000 0.3177393 0.3180333 0.3179131 0.3177559 0.3175639 0.3173356 0.3170667 0.3167504 0.3163778 0.3159379 0.3154163 0.3147931 0.3140388 0.3131222 0.3132473 0.3132473 -9999.000 -9999.000 -9999.000 -9999.000 -9999.000 -9999.000 -9999.000 -9999.000 -9999.000 -9999.000 -9999.000 -9999.000 -9999.000 -9999.000 -9999.000 -9999.000 -9999.000 -9999.000 -9999.000 -9999.000 -9999.000 -9999.000 -9999.000 -9999.000 -9999.000 -9999.000 -9999.000
-9999.000 -9999.000 -9999.000 -9999.000 -9999.000 -9999.000 -9999.000 -9999.000 -9999.000 -9999.000 -9999.000 -9999.000 -9999.000 -9999.000 -9999.000 0.3198296 0.3201183 0.3199831 0.3198141 0.3196081 0.3193619 0.3190693 0.3187209 0.3183046 0.3178049 0.3172013 0.3164650 0.3155515 0.3144005 0.3143310 0.3143310 -9999.000 -9999.000 -9999.000 -9999.000 -9999.000 -9999.000 -9999.000 -9999.000 -9999.000 -9999.000 -9999.000 -9999.000 -9999.000 -9999.000 -9999.000 -9999.000 -9999.000 -9999.000 -9999.000 -9999.000 -9999.000 -9999.000 -9999.000 -9999.000 -9999.000 -9999.000 -9999.000
-9999.000 -9999.000 -9999.000 -9999.000 -9999.000 -9999.000 -9999.000 -9999.000 -9999.000 -9999.000 -9999.000 -9999.000 -9999.000 -9999.000 -9999.000 0.3218972 0.3221788 0.3220270 0.3218450 0.3216233 0.3213565 0.3210359 0.3206491 0.3201794 0.3196052 0.3188972 0.3180127 0.3168840 0.3154010 0.3149678 0.3149678 -9999.000 -9999.000 -9999.000 -9999.000 -9999.000 -9999.000 -9999.000 -9999.000 -9999.000 -9999.000 -9999.000 -9999.000 -9999.000 -9999.000 -9999.000 -9999.000 -9999.000 -9999.000 -9999.000 -9999.000 -9999.000 -9999.000 -9999.000 -9999.000 -9999.000 -9999.000 -9999.000
-9999.000 -9999.000 -9999.000 -9999.000 -9999.000 -9999.000 -9999.000 -9999.000 -9999.000 -9999.000 -9999.000 -9999.000 -9999.000 -9999.000 -9999.000 0.3239272 0.3242032 0.3240334 0.3238370 0.3235972 0.3233059 0.3229515 0.3225171 0.3219801 0.3213101 0.3204648 0.3193797 0.3179486 0.3159752 0.3148255 0.3148255 -9999.000 -9999.000 -9999.000 -9999.000 -9999.000 -9999.000 -9999.000 -9999.000 -9999.000 -9999.000 -9999.000 -9999.000 -9999.000 -9999.000 -9999.000 -9999.000 -9999.000 -9999.000 -9999.000 -9999.000 -9999.000 -9999.000 -9999.000 -9999.000 -9999.000 -9999.000 -9999.000
-9999.000 -9999.000 -9999.000 -9999.000 -9999.000 -9999.000 -9999.000 -9999.000 -9999.000 -9999.000 -9999.000 -9999.000 -9999.000 -9999.000 -9999.000 0.3258851 0.3261666 0.3259807 0.3257703 0.3255107 0.3251906 0.3247942 0.3242986 0.3236726 0.3228731 0.3218372 0.3204656 0.3185856 0.3158443 0.3131598 0.3131598 -9999.000 -9999.000 -9999.000 -9999.000 -9999.000 -9999.000 -9999.000 -9999.000 -9999.000 -9999.000 -9999.000 -9999.000 -9999.000 -9999.000 -9999.000 -9999.000 -9999.000 -9999.000 -9999.000 -9999.000 -9999.000 -9999.000 -9999.000 -9999.000 -9999.000 -9999.000 -9999.000
-9999.000 -9999.000 -9999.000 -9999.000 -9999.000 -9999.000 -9999.000 -9999.000 -9999.000 -9999.000 -9999.000 -9999.000 -9999.000 -9999.000 -9999.000 0.3266827 0.3276544 0.3276802 0.3276046 0.3274209 0.3271286 0.3267159 0.3261575 0.3254139 0.3244261 0.3231021 0.3212862 0.3186821 0.3146028 0.3077201 0.3077201 -9999.000 -9999.000 -9999.000 -9999.000 -9999.000 -9999.000 -9999.000 -9999.000 -9999.000 -9999.000 -9999.000 -9999.000 -9999.000 -9999.000 -9999.000 -9999.000 -9999.000 -9999.000 -9999.000 -9999.000 -9999.000 -9999.000 -9999.000 -9999.000 -9999.000 -9999.000 -9999.000
0.2934397 0.2934397 0.2810537 0.2733672 0.2708979 0.2708979 0.2688306 0.2654182 0.2654182 0.2625927 0.2625927 0.2601510 0.2590421 0.2784486 0.3198604 0.3198604 0.3352382 0.3357985 0.3362512 0.3364924 0.3364141 0.3358964 0.3348209 0.3330769 0.3305428 0.3270187 0.3220644 0.3145807 0.3014145 0.2669131 0.2669131 0.1349826 0.1111058 0.1092916 0.1148013 0.1148013 0.1306614 0.1306614 0.1567592 0.1567592 0.1995713 0.2226928 0.2226928 0.2258902 0.2258902 0.2246428 0.2246428 0.2246428 0.2197203 0.2197203 0.2148481 0.2148481 0.2107388 0.2107388 0.2048742 0.2048742 0.2011215 0.2011215
0.2923074 0.2923074 0.2803503 0.2728840 0.2704456 0.2704456 0.2683924 0.2649904 0.2649904 0.2621714 0.2621714 0.2597370 0.2586321 0.2700672 0.3164495 0.3164495 0.3286278 0.3289594 0.3293613 0.3298294 0.3302772 0.3305587 0.3304816 0.3298074 0.3282360 0.3253728 0.3206458 0.3130778 0.3005289 0.2756064 0.2756064 0.1819451 0.1519232 0.1308891 0.1281230 0.1281230 0.1332496 0.1332496 0.1526974 0.1526974 0.1826488 0.2233320 0.2233320 0.2265522 0.2265522 0.2243940 0.2243940 0.2243940 0.2193734 0.2193734 0.2144957 0.2144957 0.2110327 0.2110327 0.2045834 0.2045834 0.2008512 0.2008512
0.2917065 0.2917065 0.2801090 0.2728360 0.2704247 0.2704247 0.2683819 0.2649801 0.2649801 0.2621556 0.2621556 0.2597174 0.2586112 0.2655507 0.3097473 0.3097473 0.3237351 0.3233910 0.3231700 0.3231379 0.3232414 0.3233456 0.3232551 0.3227191 0.3214236 0.3189628 0.3147704 0.3079484 0.2967319 0.2759660 0.2759660 0.2048340 0.1746491 0.1472380 0.1413164 0.1413164 0.1414568 0.1414568 0.1556331 0.1556331 0.1750564 0.2200477 0.2200477 0.2285100 0.2285100 0.2248718 0.2248718 0.2248718 0.2194422 0.2194422 0.2144611 0.2144611 0.2104035 0.2104035 0.2049132 0.2049132 0.2010100 0.2010100
0.2912370 0.2912370 0.2799011 0.2727963 0.2704144 0.2704144 0.2683842 0.2649851 0.2649851 0.2621565 0.2621565 0.2597163 0.2586099 0.2627535 0.3011551 0.3011551 0.3193995 0.3183142 0.3174334 0.3168393 0.3164838 0.3162343 0.3158956 0.3152167 0.3138875 0.3115229 0.3076154 0.3014132 0.2915149 0.2737035 0.2737035 0.2187029 0.1911508 0.1630649 0.1565587 0.1565587 0.1549778 0.1549778 0.1642683 0.1642683 0.1753917 0.2120301 0.2120301 0.2272594 0.2272594 0.2247697 0.2247697 0.2247697 0.2193187 0.2193187 0.2141874 0.2141874 0.2099047 0.2099047 0.2049122 0.2049122 0.2009929 0.2009929
0.2908849 0.2908849 0.2797318 0.2727613 0.2704059 0.2704059 0.2683877 0.2649910 0.2649910 0.2621579 0.2621579 0.2597156 0.2586091 0.2609098 0.2914328 0.2914328 0.3150128 0.3131051 0.3115373 0.3103918 0.3096023 0.3090182 0.3084339 0.3075951 0.3061984 0.3038850 0.3002116 0.2945824 0.2859843 0.2708808 0.2708808 0.2271023 0.2035916 0.1787109 0.1734491 0.1734491 0.1722281 0.1722281 0.1768222 0.1768222 0.1817172 0.2044211 0.2044211 0.2227359 0.2227359 0.2237602 0.2237602 0.2237602 0.2186954 0.2186954 0.2135582 0.2135582 0.2091622 0.2091622 0.2045939 0.2045939 0.2008465 0.2008465
0.2906404 0.2906404 0.2796070 0.2727337 0.2703993 0.2703993 0.2683910 0.2649962 0.2649962 0.2621593 0.2621593 0.2597149 0.2586083 0.2597082 0.2816609 0.2816609 0.3103406 0.3074971 0.3051677 0.3034497 0.3022457 0.3013733 0.3006044 0.2996697 0.2982632 0.2960457 0.2926302 0.2875786 0.2803256 0.2678718 0.2678718 0.2329964 0.2140944 0.1954268 0.1923401 0.1923401 0.1912745 0.1912745 0.1907165 0.1907165 0.1910418 0.2005397 0.2005397 0.2158961 0.2158961 0.2211970 0.2211970 0.2211970 0.2172612 0.2172612 0.2124888 0.2124888 0.2081906 0.2081906 0.2040480 0.2040480 0.2006298 0.2006298
0.2904966 0.2904966 0.2795307 0.2727160 0.2703952 0.2703952 0.2683933 0.2649998 0.2649998 0.2621602 0.2621602 0.2597145 0.2586077 0.2589329 0.2738118 0.2738118 0.3051646 0.3013026 0.2981180 0.2957794 0.2941549 0.2930248 0.2921334 0.2911859 0.2898581 0.2878152 0.2847087 0.2802669 0.2745006 0.2651801 0.2651801 0.2385620 0.2249003 0.2142839 0.2129534 0.2129534 0.2099226 0.2099226 0.2039350 0.2039350 0.2009688 0.2007185 0.2007185 0.2094074 0.2094074 0.2169998 0.2169998 0.2169998 0.2147639 0.2147639 0.2108369 0.2108369 0.2069482 0.2069482 0.2033335 0.2033335 0.2003836 0.2003836
0.2904490 0.2904490 0.2795050 0.2727100 0.2703938 0.2703938 0.2683941 0.2650011 0.2650011 0.2621605 0.2621605 0.2597144 0.2586076 0.2584362 0.2682494 0.2682494 0.2990386 0.2942947 0.2901952 0.2871881 0.2851231 0.2837419 0.2827716 0.2818916 0.2807408 0.2789668 0.2762340 0.2724831 0.2687888 0.2637936 0.2637936 0.2457282 0.2383105 0.2350199 0.2336942 0.2336942 0.2263442 0.2263442 0.2154864 0.2154864 0.2102330 0.2035998 0.2035998 0.2051944 0.2051944 0.2118078 0.2118078 0.2118078 0.2112110 0.2112110 0.2084999 0.2084999 0.2053788 0.2053788 0.2024691 0.2024691 0.2001297 0.2001297
0.2904966 0.2904966 0.2795307 0.2727160 0.2703952 0.2703952 0.2683933 0.2649998 0.2649998 0.2621602 0.2621602 0.2597145 0.2586078 0.2581201 0.2643560 0.2643560 0.2910058 0.2860681 0.2811961 0.2775142 0.2749678 0.2733283 0.2723053 0.2715482 0.2706609 0.2692555 0.2669944 0.2642312 0.2639188 0.2653330 0.2653330 0.2566033 0.2558858 0.2556157 0.2523554 0.2523554 0.2397512 0.2397512 0.2251646 0.2251646 0.2183619 0.2077052 0.2077052 0.2035774 0.2035774 0.2066194 0.2066194 0.2066194 0.2069443 0.2069443 0.2055135 0.2055135 0.2034524 0.2034524 0.2014588 0.2014588 0.1998827 0.1998827
0.2906404 0.2906404 0.2796070 0.2727336 0.2703994 0.2703994 0.2683910 0.2649962 0.2649962 0.2621592 0.2621592 0.2597149 0.2586083 0.2579200 0.2617167 0.2617167 0.2804034 0.2761223 0.2707071 0.2663942 0.2633897 0.2615213 0.2604935 0.2599314 0.2594040 0.2584805 0.2568298 0.2556473 0.2614227 0.2718587 0.2718587 0.2728094 0.2770857 0.2736221 0.2676526 0.2676526 0.2502781 0.2502781 0.2330857 0.2330857 0.2252281 0.2120214 0.2120214 0.2038637 0.2038637 0.2022513 0.2022513 0.2022513 0.2025151 0.2025151 0.2020920 0.2020920 0.2012179 0.2012179 0.2003239 0.2003239 0.1996491 0.1996491
0.2908848 0.2908848 0.2797317 0.2727612 0.2704059 0.2704059 0.2683877 0.2649909 0.2649909 0.2621579 0.2621579 0.2597156 0.2586091 0.2577946 0.2599759 0.2599759 0.2676391 0.2635948 0.2580159 0.2533143 0.2499973 0.2480003 0.2470550 0.2467813 0.2467234 0.2464084 0.2455537 0.2473848 0.2648742 0.2856221 0.2856221 0.2938392 0.2978031 0.2884013 0.2802047 0.2802047 0.2583766 0.2583766 0.2393883 0.2393883 0.2308034 0.2159683 0.2159683 0.2051584 0.2051584 0.1990630 0.1990630 0.1990630 0.1984660 0.1984660 0.1985861 0.1985861 0.1988323 0.1988323 0.1991249 0.1991249 0.1994340 0.1994340
