cruce_test.gid/Rasters/Hydraulic/Depth____000229.asc
NCOLS        79
NROWS        79
XLLCENTER         -1.500000
YLLCENTER         -4.800000
CELLSIZE           0.100
NODATA_VALUE     -9999.0
[rows 0 to 25 of 79, columns 0 to 58 of 79]
-9999.000 -9999.000 -9999.000 -9999.000 -9999.000 -9999.000 -9999.000 -9999.000 -9999.000 -9999.000 -9999.000 -9999.000 -9999.000 -9999.000 -9999.000 0.7575534 0.7581244 0.7583983 0.7584670 0.7582834 0.7579904 0.7576602 0.7573173 0.7569869 0.7566816 0.7564010 0.7561447 0.7558854 0.7555134 0.7554854 0.7554854 -9999.000 -9999.000 -9999.000 -9999.000 -9999.000 -9999.000 -9999.000 -9999.000 -9999.000 -9999.000 -9999.000 -9999.000 -9999.000 -9999.000 -9999.000 -9999.000 -9999.000 -9999.000 -9999.000 -9999.000 -9999.000 -9999.000 -9999.000 -9999.000 -9999.000 -9999.000 -9999.000 -9999.000
-9999.000 -9999.000 -9999.000 -9999.000 -9999.000 -9999.000 -9999.000 -9999.000 -9999.000 -9999.000 -9999.000 -9999.000 -9999.000 -9999.000 -9999.000 0.7593740 0.7598839 0.7601064 0.7601611 0.7600104 0.7597765 0.7595190 0.7592559 0.7590067 0.7587803 0.7585748 0.7583887 0.7581971 0.7579023 0.7579632 0.7579632 -9999.000 -9999.000 -9999.000 -9999.000 -9999.000 -9999.000 -9999.000 -9999.000 -9999.000 -9999.000 -9999.000 -9999.000 -9999.000 -9999.000 -9999.000 -9999.000 -9999.000 -9999.000 -9999.000 -9999.000 -9999.000 -9999.000 -9999.000 -9999.000 -9999.000 -9999.000 -9999.000 -9999.000
-9999.000 -9999.000 -9999.000 -9999.000 -9999.000 -9999.000 -9999.000 -9999.000 -9999.000 -9999.000 -9999.000 -9999.000 -9999.000 -9999.000 -9999.000 0.7612790 0.7618277 0.7620637 0.7621285 0.7619833 0.7617543 0.7615031 0.7612475 0.7610072 0.7607904 0.7605940 0.7604156 0.7602277 0.7599273 0.7599841 0.7599841 -9999.000 -9999.000 -9999.000 -9999.000 -9999.000 -9999.000 -9999.000 -9999.000 -9999.000 -9999.000 -9999.000 -9999.000 -9999.000 -9999.000 -9999.000 -9999.000 -9999.000 -9999.000 -9999.000 -9999.000 -9999.000 -9999.000 -9999.000 -9999.000 -9999.000 -9999.000 -9999.000 -9999.000
-9999.000 -9999.000 -9999.000 -9999.000 -9999.000 -9999.000 -9999.000 -9999.000 -9999.000 -9999.000 -9999.000 -9999.000 -9999.000 -9999.000 -9999.000 0.7632355 0.7638095 0.7640532 0.7641217 0.7639750 0.7637441 0.7634914 0.7632348 0.7629945 0.7627781 0.7625821 0.7624034 0.7622129 0.7619008 0.7619360 0.7619360 -9999.000 -9999.000 -9999.000 -9999.000 -9999.000 -9999.000 -9999.000 -9999.000 -9999.000 -9999.000 -9999.000 -9999.000 -9999.000 -9999.000 -9999.000 -9999.000 -9999.000 -9999.000 -9999.000 -9999.000 -9999.000 -9999.000 -9999.000 -9999.000 -9999.000 -9999.000 -9999.000 -9999.000
-9999.000 -9999.000 -9999.000 -9999.000 -9999.000 -9999.000 -9999.000 -9999.000 -9999.000 -9999.000 -9999.000 -9999.000 -9999.000 -9999.000 -9999.000 0.7652107 0.7658051 0.7660539 0.7661232 0.7659715 0.7657351 0.7654775 0.7652161 0.7649719 0.7647521 0.7645526 0.7643701 0.7641736 0.7638451 0.7638451 0.7638451 -9999.000 -9999.000 -9999.000 -9999.000 -9999.000 -9999.000 -9999.000 -9999.000 -9999.000 -9999.000 -9999.000 -9999.000 -9999.000 -9999.000 -9999.000 -9999.000 -9999.000 -9999.000 -9999.000 -9999.000 -9999.000 -9999.000 -9999.000 -9999.000 -9999.000 -9999.000 -9999.000 -9999.000
-9999.000 -9999.000 -9999.000 -9999.000 -9999.000 -9999.000 -9999.000 -9999.000 -9999.000 -9999.000 -9999.000 -9999.000 -9999.000 -9999.000 -9999.000 0.7671912 0.7678038 0.7680563 0.7681245 0.7679660 0.7677223 0.7674584 0.7671903 0.7669405 0.7667158 0.7665110 0.7663231 0.7661183 0.7657694 0.7657206 0.7657206 -9999.000 -9999.000 -9999.000 -9999.000 -9999.000 -9999.000 -9999.000 -9999.000 -9999.000 -9999.000 -9999.000 -9999.000 -9999.000 -9999.000 -9999.000 -9999.000 -9999.000 -9999.000 -9999.000 -9999.000 -9999.000 -9999.000 -9999.000 -9999.000 -9999.000 -9999.000 -9999.000 -9999.000
-9999.000 -9999.000 -9999.000 -9999.000 -9999.000 -9999.000 -9999.000 -9999.000 -9999.000 -9999.000 -9999.000 -9999.000 -9999.000 -9999.000 -9999.000 0.7691712 0.7698010 0.7700557 0.7701217 0.7699547 0.7697030 0.7694319 0.7691566 0.7689005 0.7686700 0.7684590 0.7682646 0.7680498 0.7676762 0.7675633 0.7675633 -9999.000 -9999.000 -9999.000 -9999.000 -9999.000 -9999.000 -9999.000 -9999.000 -9999.000 -9999.000 -9999.000 -9999.000 -9999.000 -9999.000 -9999.000 -9999.000 -9999.000 -9999.000 -9999.000 -9999.000 -9999.000 -9999.000 -9999.000 -9999.000 -9999.000 -9999.000 -9999.000 -9999.000
-9999.000 -9999.000 -9999.000 -9999.000 -9999.000 -9999.000 -9999.000 -9999.000 -9999.000 -9999.000 -9999.000 -9999.000 -9999.000 -9999.000 -9999.000 0.7711480 0.7717944 0.7720500 0.7721125 0.7719358 0.7716752 0.7713966 0.7711135 0.7708508 0.7706142 0.7703964 0.7701948 0.7699686 0.7695657 0.7693689 0.7693689 -9999.000 -9999.000 -9999.000 -9999.000 -9999.000 -9999.000 -9999.000 -9999.000 -9999.000 -9999.000 -9999.000 -9999.000 -9999.000 -9999.000 -9999.000 -9999.000 -9999.000 -9999.000 -9999.000 -9999.000 -9999.000 -9999.000 -9999.000 -9999.000 -9999.000 -9999.000 -9999.000 -9999.000
-9999.000 -9999.000 -9999.000 -9999.000 -9999.000 -9999.000 -9999.000 -9999.000 -9999.000 -9999.000 -9999.000 -9999.000 -9999.000 -9999.000 -9999.000 0.7731198 0.7737825 0.7740375 0.7740952 0.7739074 0.7736372 0.7733510 0.7730598 0.7727904 0.7725475 0.7723224 0.7721129 0.7718736 0.7714359 0.7711293 0.7711293 -9999.000 -9999.000 -9999.000 -9999.000 -9999.000 -9999.000 -9999.000 -9999.000 -9999.000 -9999.000 -9999.000 -9999.000 -9999.000 -9999.000 -9999.000 -9999.000 -9999.000 -9999.000 -9999.000 -9999.000 -9999.000 -9999.000 -9999.000 -9999.000 -9999.000 -9999.000 -9999.000 -9999.000
-9999.000 -9999.000 -9999.000 -9999.000 -9999.000 -9999.000 -9999.000 -9999.000 -9999.000 -9999.000 -9999.000 -9999.000 -9999.000 -9999.000 -9999.000 0.7750854 0.7757640 0.7760169 0.7760685 0.7758679 0.7755875 0.7752933 0.7749937 0.7747176 0.7744682 0.7742354 0.7740171 0.7737626 0.7732835 0.7728320 0.7728320 -9999.000 -9999.000 -9999.000 -9999.000 -9999.000 -9999.000 -9999.000 -9999.000 -9999.000 -9999.000 -9999.000 -9999.000 -9999.000 -9999.000 -9999.000 -9999.000 -9999.000 -9999.000 -9999.000 -9999.000 -9999.000 -9999.000 -9999.000 -9999.000 -9999.000 -9999.000 -9999.000 -9999.000
-9999.000 -9999.000 -9999.000 -9999.000 -9999.000 -9999.000 -9999.000 -9999.000 -9999.000 -9999.000 -9999.000 -9999.000 -9999.000 -9999.000 -9999.000 0.7770431 0.7777374 0.7779864 0.7780304 0.7778150 0.7775236 0.7772214 0.7769131 0.7766302 0.7763742 0.7761328 0.7759050 0.7756330 0.7751042 0.7744592 0.7744592 -9999.000 -9999.000 -9999.000 -9999.000 -9999.000 -9999.000 -9999.000 -9999.000 -9999.000 -9999.000 -9999.000 -9999.000 -9999.000 -9999.000 -9999.000 -9999.000 -9999.000 -9999.000 -9999.000 -9999.000 -9999.000 -9999.000 -9999.000 -9999.000 -9999.000 -9999.000 -9999.000 -9999.000
-9999.000 -9999.000 -9999.000 -9999.000 -9999.000 -9999.000 -9999.000 -9999.000 -9999.000 -9999.000 -9999.000 -9999.000 -9999.000 -9999.000 -9999.000 0.7789904 0.7797004 0.7799435 0.7799783 0.7797462 0.7794431 0.7791325 0.7788150 0.7785253 0.7782624 0.7780119 0.7777733 0.7774804 0.7768916 0.7759843 0.7759843 -9999.000 -9999.000 -9999.000 -9999.000 -9999.000 -9999.000 -9999.000 -9999.000 -9999.000 -9999.000 -9999.000 -9999.000 -9999.000 -9999.000 -9999.000 -9999.000 -9999.000 -9999.000 -9999.000 -9999.000 -9999.000 -9999.000 -9999.000 -9999.000 -9999.000 -9999.000 -9999.000 -9999.000
-9999.000 -9999.000 -9999.000 -9999.000 -9999.000 -9999.000 -9999.000 -9999.000 -9999.000 -9999.000 -9999.000 -9999.000 -9999.000 -9999.000 -9999.000 0.7809171 0.7816444 0.7818809 0.7819085 0.7816597 0.7813440 0.7810249 0.7806976 0.7804009 0.7801306 0.7798694 0.7796183 0.7793000 0.7786377 0.7773674 0.7773674 -9999.000 -9999.000 -9999.000 -9999.000 -9999.000 -9999.000 -9999.000 -9999.000 -9999.000 -9999.000 -9999.000 -9999.000 -9999.000 -9999.000 -9999.000 -9999.000 -9999.000 -9999.000 -9999.000 -9999.000 -9999.000 -9999.000 -9999.000 -9999.000 -9999.000 -9999.000 -9999.000 -9999.000
-9999.000 -9999.000 -9999.000 -9999.000 -9999.000 -9999.000 -9999.000 -9999.000 -9999.000 -9999.000 -9999.000 -9999.000 -9999.000 -9999.000 -9999.000 0.7825091 0.7833262 0.7836505 0.7838182 0.7836249 0.7833044 0.7829745 0.7826306 0.7823185 0.7820317 0.7817503 0.7814776 0.7811226 0.7803648 0.7785853 0.7785853 -9999.000 -9999.000 -9999.000 -9999.000 -9999.000 -9999.000 -9999.000 -9999.000 -9999.000 -9999.000 -9999.000 -9999.000 -9999.000 -9999.000 -9999.000 -9999.000 -9999.000 -9999.000 -9999.000 -9999.000 -9999.000 -9999.000 -9999.000 -9999.000 -9999.000 -9999.000 -9999.000 -9999.000
-9999.000 -9999.000 -9999.000 -9999.000 -9999.000 -9999.000 -9999.000 -9999.000 -9999.000 -9999.000 -9999.000 -9999.000 -9999.000 -9999.000 -9999.000 0.7699528 0.7797821 0.7851936 0.7888138 0.7894619 0.7885062 0.7875457 0.7866104 0.7857862 0.7850718 0.7844371 0.7838755 0.7832550 0.7821430 0.7788714 0.7788714 -9999.000 -9999.000 -9999.000 -9999.000 -9999.000 -9999.000 -9999.000 -9999.000 -9999.000 -9999.000 -9999.000 -9999.000 -9999.000 -9999.000 -9999.000 -9999.000 -9999.000 -9999.000 -9999.000 -9999.000 -9999.000 -9999.000 -9999.000 -9999.000 -9999.000 -9999.000 -9999.000 -9999.000
0.8759741 0.8759741 0.8736649 0.8638024 0.8553704 0.8553704 0.8517531 0.8461956 0.8461956 0.8417534 0.8417534 0.8380700 0.8364365 0.8349125 0.8333670 0.8333670 0.7893826 0.7878454 0.7864230 0.7850732 0.7864162 0.7883255 0.7905437 0.7934438 0.7966112 0.7995057 0.8019840 0.8026856 0.7973913 0.7694560 0.7694560 0.5500076 0.5094393 0.4830990 0.4740928 0.4740928 0.4589627 0.4589627 0.4562311 0.4562311 0.4643122 0.5073749 0.5073749 0.5882794 0.5882794 0.6871176 0.6871176 0.6871176 0.6935851 0.6935851 0.6848385 0.6848385 0.6700671 0.6700671 0.6538882 0.6538882 0.6385020 0.6385020 0.6385020
0.8727857 0.8727857 0.8718731 0.8616410 0.8544316 0.8544316 0.8506497 0.8450350 0.8450350 0.8406044 0.8406044 0.8369369 0.8353119 0.8337961 0.8322609 0.8322609 0.7944356 0.7875721 0.7819199 0.7768903 0.7734585 0.7710109 0.7694479 0.7689824 0.7695407 0.7709045 0.7729660 0.7751312 0.7756198 0.7679836 0.7679836 0.6207337 0.5628159 0.5035701 0.4862965 0.4862965 0.4646520 0.4646520 0.4612591 0.4612591 0.4690036 0.5077131 0.5077131 0.5758793 0.5758793 0.6790270 0.6790270 0.6790270 0.6915656 0.6915656 0.6846097 0.6846097 0.6704434 0.6704434 0.6545293 0.6545293 0.6392595 0.6392595 0.6392595
0.8709826 0.8709826 0.8714966 0.8610548 0.8546121 0.8546121 0.8507166 0.8450031 0.8450031 0.8405576 0.8405576 0.8368843 0.8352560 0.8337377 0.8321860 0.8321860 0.7983902 0.7872367 0.7775728 0.7690026 0.7620476 0.7565206 0.7522833 0.7493926 0.7478158 0.7474138 0.7480869 0.7494373 0.7501599 0.7454609 0.7454609 0.6548992 0.5956279 0.5224932 0.4997180 0.4997180 0.4738841 0.4738841 0.4746527 0.4746527 0.4855133 0.5241455 0.5241455 0.5775914 0.5775914 0.6673874 0.6673874 0.6673874 0.6856388 0.6856388 0.6821001 0.6821001 0.6693897 0.6693897 0.6540611 0.6540611 0.6390902 0.6390902 0.6390902
0.8695222 0.8695222 0.8712748 0.8606833 0.8547832 0.8547832 0.8508178 0.8450075 0.8450075 0.8405522 0.8405522 0.8368798 0.8352516 0.8337333 0.8321557 0.8321557 0.8011634 0.7865195 0.7730981 0.7610290 0.7507348 0.7422527 0.7355004 0.7304511 0.7270369 0.7251156 0.7245476 0.7250193 0.7255741 0.7227463 0.7227463 0.6666232 0.6150851 0.5401729 0.5153979 0.5153979 0.4909839 0.4909839 0.5005624 0.5005624 0.5150037 0.5498583 0.5498583 0.5848368 0.5848368 0.6520357 0.6520357 0.6520357 0.6740962 0.6740962 0.6754940 0.6754940 0.6657640 0.6657640 0.6519913 0.6519913 0.6379499 0.6379499 0.6379499
0.8684139 0.8684139 0.8711534 0.8604704 0.8549286 0.8549286 0.8509134 0.8450123 0.8450123 0.8405464 0.8405464 0.8368748 0.8352465 0.8337281 0.8321098 0.8321098 0.8023149 0.7847365 0.7679214 0.7525269 0.7390308 0.7276179 0.7182980 0.7110419 0.7057743 0.7023535 0.7006108 0.7002614 0.7005742 0.6990628 0.6990628 0.6643699 0.6230834 0.5545966 0.5322554 0.5322554 0.5185799 0.5185799 0.5399239 0.5399239 0.5551459 0.5788700 0.5788700 0.5942721 0.5942721 0.6360968 0.6360968 0.6360968 0.6584641 0.6584641 0.6648792 0.6648792 0.6594009 0.6594009 0.6482974 0.6482974 0.6359662 0.6359662 0.6359662
0.8678074 0.8678074 0.8709319 0.8603742 0.8550439 0.8550439 0.8509902 0.8450147 0.8450147 0.8405390 0.8405390 0.8368685 0.8352405 0.8337228 0.8320458 0.8320458 0.8015409 0.7812978 0.7614231 0.7429630 0.7264894 0.7122824 0.7004325 0.6909427 0.6837553 0.6787483 0.6757553 0.6745176 0.6744678 0.6738411 0.6738411 0.6528979 0.6220231 0.5667711 0.5525606 0.5525606 0.5597907 0.5597907 0.5887198 0.5887198 0.5990769 0.6057054 0.6057054 0.6039256 0.6039256 0.6224411 0.6224411 0.6224411 0.6413730 0.6413730 0.6512215 0.6512215 0.6503959 0.6503959 0.6428915 0.6428915 0.6331017 0.6331017 0.6331017
0.8676936 0.8676936 0.8705164 0.8603623 0.8551263 0.8551263 0.8510402 0.8450133 0.8450133 0.8405319 0.8405319 0.8368639 0.8352371 0.8337201 0.8319595 0.8319595 0.7985561 0.7756574 0.7529581 0.7317121 0.7125489 0.6957921 0.6815792 0.6699451 0.6608563 0.6542197 0.6498920 0.6476528 0.6470696 0.6469423 0.6469423 0.6350457 0.6142151 0.5809206 0.5824276 0.5824276 0.6146929 0.6146929 0.6378053 0.6378053 0.6385912 0.6276808 0.6276808 0.6131188 0.6131188 0.6125569 0.6125569 0.6125569 0.6252771 0.6252771 0.6359927 0.6359927 0.6391814 0.6391814 0.6357791 0.6357791 0.6292915 0.6292915 0.6292915
0.8676241 0.8676241 0.8704175 0.8603594 0.8551534 0.8551534 0.8510563 0.8450109 0.8450109 0.8405284 0.8405284 0.8368626 0.8352364 0.8337199 0.8318418 0.8318418 0.7929846 0.7672266 0.7418288 0.7180631 0.6965387 0.6775631 0.6612754 0.6477176 0.6368711 0.6286679 0.6229953 0.6196799 0.6184152 0.6185114 0.6185114 0.6129382 0.6025515 0.6054337 0.6296148 0.6296148 0.6755226 0.6755226 0.6782910 0.6782910 0.6690223 0.6448122 0.6448122 0.6217664 0.6217664 0.6065734 0.6065734 0.6065734 0.6117843 0.6117843 0.6207748 0.6207748 0.6265273 0.6265273 0.6271631 0.6271631 0.6245356 0.6245356 0.6245356
0.8677025 0.8677025 0.8704855 0.8603575 0.8551218 0.8551218 0.8510369 0.8450122 0.8450122 0.8405316 0.8405316 0.8368640 0.8352370 0.8337201 0.8316792 0.8316792 0.7842584 0.7552756 0.7272186 0.7011877 0.6776689 0.6568835 0.6389177 0.6237857 0.6114610 0.6018860 0.5949744 0.5906006 0.5885998 0.5889249 0.5889249 0.5889534 0.5923039 0.6511893 0.6955528 0.6955528 0.7284918 0.7284918 0.7068270 0.7068270 0.6905870 0.6583215 0.6583215 0.6298871 0.6298871 0.6038238 0.6038238 0.6038238 0.6015448 0.6015448 0.6069084 0.6069084 0.6134591 0.6134591 0.6175080 0.6175080 0.6189765 0.6189765 0.6189765
0.8678864 0.8678864 0.8708110 0.8603658 0.8550355 0.8550355 0.8509837 0.8450125 0.8450125 0.8405386 0.8405386 0.8368688 0.8352408 0.8337231 0.8314579 0.8314579 0.7714820 0.7388021 0.7080931 0.6800773 0.6549945 0.6328972 0.6137605 0.5975296 0.5841414 0.5735288 0.5656189 0.5603328 0.5577279 0.5590581 0.5590581 0.5675390 0.5946520 0.7215216 0.7666736 0.7666736 0.7641177 0.7641177 0.7256393 0.7256393 0.7058648 0.6692895 0.6692895 0.6373564 0.6373564 0.6033490 0.6033490 0.6033490 0.5944492 0.5944492 0.5952656 0.5952656 0.6010332 0.6010332 0.6075061 0.6075061 0.6129326 0.6129326 0.6129326
0.8684184 0.8684184 0.8710901 0.8604615 0.8549174 0.8549174 0.8509047 0.8450087 0.8450087 0.8405454 0.8405454 0.8368748 0.8352466 0.8337284 0.8311569 0.8311569 0.7531935 0.7163233 0.6830394 0.6534326 0.6273438 0.6045625 0.5848928 0.5681713 0.5542709 0.5430951 0.5345686 0.5286726 0.5260224 0.5316227 0.5316227 0.5597834 0.6285990 0.7996011 0.8201078 0.8201078 0.7839423 0.7839423 0.7383086 0.7383086 0.7170944 0.6782336 0.6782336 0.6439276 0.6439276 0.6042230 0.6042230 0.6042230 0.5899628 0.5899628 0.5862138 0.5862138 0.5901524 0.5901524 0.5979890 0.5979890 0.6068959 0.6068959 0.6068959
