cruce_test.gid/Rasters/Hydraulic/Depth____000159.asc
NCOLS        79
NROWS        79
XLLCENTER         -1.500000
YLLCENTER         -4.800000
CELLSIZE           0.100
NODATA_VALUE     -9999.0
[rows 0 to 25 of 79, columns 0 to 58 of 79]
-9999.000 -9999.000 -9999.000 -9999.000 -9999.000 -9999.000 -9999.000 -9999.000 -9999.000 -9999.000 -9999.000 -9999.000 -9999.000 -9999.000 -9999.000 0.6145900 0.6148185 0.6147803 0.6146801 0.6145293 0.6143386 0.6141236 0.6138995 0.6136721 0.6134509 0.6132412 0.6130376 0.6128079 0.6124529 0.6124011 0.6124011 -9999.000 -9999.000 -9999.000 -9999.000 -9999.000 -9999.000 -9999.000 -9999.000 -9999.000 -9999.000 -9999.000 -9999.000 -9999.000 -9999.000 -9999.000 -9999.000 -9999.000 -9999.000 -9999.000 -9999.000 -9999.000 -9999.000 -9999.000 -9999.000 -9999.000 -9999.000 -9999.000 -9999.000
-9999.000 -9999.000 -9999.000 -9999.000 -9999.000 -9999.000 -9999.000 -9999.000 -9999.000 -9999.000 -9999.000 -9999.000 -9999.000 -9999.000 -9999.000 0.6163439 0.6165772 0.6165439 0.6164616 0.6163399 0.6161875 0.6160173 0.6158416 0.6156649 0.6154949 0.6153360 0.6151834 0.6150081 0.6147209 0.6147397 0.6147397 -9999.000 -9999.000 -9999.000 -9999.000 -9999.000 -9999.000 -9999.000 -9999.000 -9999.000 -9999.000 -9999.000 -9999.000 -9999.000 -9999.000 -9999.000 -9999.000 -9999.000 -9999.000 -9999.000 -9999.000 -9999.000 -9999.000 -9999.000 -9999.000 -9999.000 -9999.000 -9999.000 -9999.000
-9999.000 -9999.000 -9999.000 -9999.000 -9999.000 -9999.000 -9999.000 -9999.000 -9999.000 -9999.000 -9999.000 -9999.000 -9999.000 -9999.000 -9999.000 0.6182917 0.6185495 0.6185212 0.6184445 0.6183292 0.6181841 0.6180220 0.6178558 0.6176891 0.6175291 0.6173797 0.6172345 0.6170621 0.6167672 0.6167812 0.6167812 -9999.000 -9999.000 -9999.000 -9999.000 -9999.000 -9999.000 -9999.000 -9999.000 -9999.000 -9999.000 -9999.000 -9999.000 -9999.000 -9999.000 -9999.000 -9999.000 -9999.000 -9999.000 -9999.000 -9999.000 -9999.000 -9999.000 -9999.000 -9999.000 -9999.000 -9999.000 -9999.000 -9999.000
-9999.000 -9999.000 -9999.000 -9999.000 -9999.000 -9999.000 -9999.000 -9999.000 -9999.000 -9999.000 -9999.000 -9999.000 -9999.000 -9999.000 -9999.000 0.6202844 0.6205561 0.6205294 0.6204542 0.6203400 0.6201958 0.6200346 0.6198697 0.6197042 0.6195456 0.6193972 0.6192520 0.6190762 0.6187678 0.6187609 0.6187609 -9999.000 -9999.000 -9999.000 -9999.000 -9999.000 -9999.000 -9999.000 -9999.000 -9999.000 -9999.000 -9999.000 -9999.000 -9999.000 -9999.000 -9999.000 -9999.000 -9999.000 -9999.000 -9999.000 -9999.000 -9999.000 -9999.000 -9999.000 -9999.000 -9999.000 -9999.000 -9999.000 -9999.000
-9999.000 -9999.000 -9999.000 -9999.000 -9999.000 -9999.000 -9999.000 -9999.000 -9999.000 -9999.000 -9999.000 -9999.000 -9999.000 -9999.000 -9999.000 0.6222982 0.6225786 0.6225517 0.6224757 0.6223599 0.6222131 0.6220489 0.6218813 0.6217129 0.6215512 0.6213998 0.6212507 0.6210675 0.6207406 0.6206992 0.6206992 -9999.000 -9999.000 -9999.000 -9999.000 -9999.000 -9999.000 -9999.000 -9999.000 -9999.000 -9999.000 -9999.000 -9999.000 -9999.000 -9999.000 -9999.000 -9999.000 -9999.000 -9999.000 -9999.000 -9999.000 -9999.000 -9999.000 -9999.000 -9999.000 -9999.000 -9999.000 -9999.000 -9999.000
-9999.000 -9999.000 -9999.000 -9999.000 -9999.000 -9999.000 -9999.000 -9999.000 -9999.000 -9999.000 -9999.000 -9999.000 -9999.000 -9999.000 -9999.000 0.6243201 0.6246064 0.6245784 0.6245006 0.6243817 0.6242309 0.6240619 0.6238897 0.6237161 0.6235493 0.6233926 0.6232373 0.6230441 0.6226941 0.6226043 0.6226043 -9999.000 -9999.000 -9999.000 -9999.000 -9999.000 -9999.000 -9999.000 -9999.000 -9999.000 -9999.000 -9999.000 -9999.000 -9999.000 -9999.000 -9999.000 -9999.000 -9999.000 -9999.000 -9999.000 -9999.000 -9999.000 -9999.000 -9999.000 -9999.000 -9999.000 -9999.000 -9999.000 -9999.000
-9999.000 -9999.000 -9999.000 -9999.000 -9999.000 -9999.000 -9999.000 -9999.000 -9999.000 -9999.000 -9999.000 -9999.000 -9999.000 -9999.000 -9999.000 0.6263430 0.6266336 0.6266038 0.6265237 0.6264012 0.6262455 0.6260709 0.6258935 0.6257138 0.6255409 0.6253779 0.6252152 0.6250098 0.6246319 0.6244779 0.6244779 -9999.000 -9999.000 -9999.000 -9999.000 -9999.000 -9999.000 -9999.000 -9999.000 -9999.000 -9999.000 -9999.000 -9999.000 -9999.000 -9999.000 -9999.000 -9999.000 -9999.000 -9999.000 -9999.000 -9999.000 -9999.000 -9999.000 -9999.000 -9999.000 -9999.000 -9999.000 -9999.000 -9999.000
-9999.000 -9999.000 -9999.000 -9999.000 -9999.000 -9999.000 -9999.000 -9999.000 -9999.000 -9999.000 -9999.000 -9999.000 -9999.000 -9999.000 -9999.000 0.6283620 0.6286564 0.6286244 0.6285415 0.6284149 0.6282540 0.6280735 0.6278907 0.6277049 0.6275256 0.6273560 0.6271852 0.6269658 0.6265552 0.6263165 0.6263165 -9999.000 -9999.000 -9999.000 -9999.000 -9999.000 -9999.000 -9999.000 -9999.000 -9999.000 -9999.000 -9999.000 -9999.000 -9999.000 -9999.000 -9999.000 -9999.000 -9999.000 -9999.000 -9999.000 -9999.000 -9999.000 -9999.000 -9999.000 -9999.000 -9999.000 -9999.000 -9999.000 -9999.000
-9999.000 -9999.000 -9999.000 -9999.000 -9999.000 -9999.000 -9999.000 -9999.000 -9999.000 -9999.000 -9999.000 -9999.000 -9999.000 -9999.000 -9999.000 0.6303742 0.6306720 0.6306372 0.6305513 0.6304201 0.6302537 0.6300670 0.6298790 0.6296870 0.6295016 0.6293256 0.6291465 0.6289116 0.6284626 0.6281125 0.6281125 -9999.000 -9999.000 -9999.000 -9999.000 -9999.000 -9999.000 -9999.000 -9999.000 -9999.000 -9999.000 -9999.000 -9999.000 -9999.000 -9999.000 -9999.000 -9999.000 -9999.000 -9999.000 -9999.000 -9999.000 -9999.000 -9999.000 -9999.000 -9999.000 -9999.000 -9999.000 -9999.000 -9999.000
-9999.000 -9999.000 -9999.000 -9999.000 -9999.000 -9999.000 -9999.000 -9999.000 -9999.000 -9999.000 -9999.000 -9999.000 -9999.000 -9999.000 -9999.000 0.6323770 0.6326783 0.6326404 0.6325508 0.6324146 0.6322421 0.6320486 0.6318554 0.6316573 0.6314662 0.6312842 0.6310968 0.6308448 0.6303507 0.6298524 0.6298524 -9999.000 -9999.000 -9999.000 -9999.000 -9999.000 -9999.000 -9999.000 -9999.000 -9999.000 -9999.000 -9999.000 -9999.000 -9999.000 -9999.000 -9999.000 -9999.000 -9999.000 -9999.000 -9999.000 -9999.000 -9999.000 -9999.000 -9999.000 -9999.000 -9999.000 -9999.000 -9999.000 -9999.000
-9999.000 -9999.000 -9999.000 -9999.000 -9999.000 -9999.000 -9999.000 -9999.000 -9999.000 -9999.000 -9999.000 -9999.000 -9999.000 -9999.000 -9999.000 0.6343681 0.6346735 0.6346318 0.6345379 0.6343960 0.6342165 0.6340155 0.6338168 0.6336122 0.6334155 0.6332279 0.6330321 0.6327611 0.6322137 0.6315148 0.6315148 -9999.000 -9999.000 -9999.000 -9999.000 -9999.000 -9999.000 -9999.000 -9999.000 -9999.000 -9999.000 -9999.000 -9999.000 -9999.000 -9999.000 -9999.000 -9999.000 -9999.000 -9999.000 -9999.000 -9999.000 -9999.000 -9999.000 -9999.000 -9999.000 -9999.000 -9999.000 -9999.000 -9999.000
-9999.000 -9999.000 -9999.000 -9999.000 -9999.000 -9999.000 -9999.000 -9999.000 -9999.000 -9999.000 -9999.000 -9999.000 -9999.000 -9999.000 -9999.000 0.6363448 0.6366555 0.6366094 0.6365106 0.6363618 0.6361743 0.6359646 0.6357598 0.6355479 0.6353450 0.6351516 0.6349468 0.6346535 0.6340419 0.6330665 0.6330665 -9999.000 -9999.000 -9999.000 -9999.000 -9999.000 -9999.000 -9999.000 -9999.000 -9999.000 -9999.000 -9999.000 -9999.000 -9999.000 -9999.000 -9999.000 -9999.000 -9999.000 -9999.000 -9999.000 -9999.000 -9999.000 -9999.000 -9999.000 -9999.000 -9999.000 -9999.000 -9999.000 -9999.000
-9999.000 -9999.000 -9999.000 -9999.000 -9999.000 -9999.000 -9999.000 -9999.000 -9999.000 -9999.000 -9999.000 -9999.000 -9999.000 -9999.000 -9999.000 0.6383029 0.6386211 0.6385701 0.6384655 0.6383090 0.6381121 0.6378922 0.6376804 0.6374596 0.6372494 0.6370487 0.6368331 0.6365125 0.6358215 0.6344548 0.6344548 -9999.000 -9999.000 -9999.000 -9999.000 -9999.000 -9999.000 -9999.000 -9999.000 -9999.000 -9999.000 -9999.000 -9999.000 -9999.000 -9999.000 -9999.000 -9999.000 -9999.000 -9999.000 -9999.000 -9999.000 -9999.000 -9999.000 -9999.000 -9999.000 -9999.000 -9999.000 -9999.000 -9999.000
-9999.000 -9999.000 -9999.000 -9999.000 -9999.000 -9999.000 -9999.000 -9999.000 -9999.000 -9999.000 -9999.000 -9999.000 -9999.000 -9999.000 -9999.000 0.6402263 0.6405593 0.6405054 0.6403965 0.6402328 0.6400264 0.6397949 0.6395748 0.6393428 0.6391225 0.6389120 0.6386814 0.6383250 0.6375330 0.6355987 0.6355987 -9999.000 -9999.000 -9999.000 -9999.000 -9999.000 -9999.000 -9999.000 -9999.000 -9999.000 -9999.000 -9999.000 -9999.000 -9999.000 -9999.000 -9999.000 -9999.000 -9999.000 -9999.000 -9999.000 -9999.000 -9999.000 -9999.000 -9999.000 -9999.000 -9999.000 -9999.000 -9999.000 -9999.000
-9999.000 -9999.000 -9999.000 -9999.000 -9999.000 -9999.000 -9999.000 -9999.000 -9999.000 -9999.000 -9999.000 -9999.000 -9999.000 -9999.000 -9999.000 0.6403517 0.6418131 0.6421881 0.6423817 0.6424119 0.6423083 0.6421074 0.6418744 0.6415948 0.6413115 0.6410317 0.6407239 0.6402528 0.6392111 0.6358005 0.6358005 -9999.000 -9999.000 -9999.000 -9999.000 -9999.000 -9999.000 -9999.000 -9999.000 -9999.000 -9999.000 -9999.000 -9999.000 -9999.000 -9999.000 -9999.000 -9999.000 -9999.000 -9999.000 -9999.000 -9999.000 -9999.000 -9999.000 -9999.000 -9999.000 -9999.000 -9999.000 -9999.000 -9999.000
0.7113932 0.7113932 0.6974084 0.6818630 0.6779865 0.6779865 0.6747345 0.6693062 0.6693062 0.6647521 0.6647521 0.6607730 0.6589566 0.6572387 0.6556064 0.6556064 0.6450605 0.6447362 0.6448068 0.6452875 0.6461808 0.6475269 0.6495097 0.6515392 0.6537003 0.6557592 0.6571615 0.6564451 0.6497763 0.6221728 0.6221728 0.4340359 0.4027387 0.3850350 0.3790174 0.3790174 0.3698146 0.3698146 0.3735726 0.3735726 0.3842772 0.4297985 0.4297985 0.5237781 0.5237781 0.5582266 0.5582266 0.5582266 0.5565221 0.5565221 0.5469011 0.5469011 0.5345523 0.5345523 0.5218601 0.5218601 0.5102760 0.5102760 0.5102760
0.7094685 0.7094685 0.6949385 0.6808948 0.6770185 0.6770185 0.6737679 0.6683496 0.6683496 0.6638112 0.6638112 0.6598480 0.6580389 0.6563277 0.6547021 0.6547021 0.6457911 0.6429801 0.6400111 0.6371285 0.6346355 0.6327911 0.6318269 0.6316217 0.6322165 0.6335139 0.6352391 0.6367186 0.6363481 0.6244035 0.6244035 0.4962273 0.4479559 0.4012196 0.3883363 0.3883363 0.3740556 0.3740556 0.3768940 0.3768940 0.3868222 0.4263155 0.4263155 0.5016694 0.5016694 0.5565971 0.5565971 0.5565971 0.5565394 0.5565394 0.5472170 0.5472170 0.5349045 0.5349045 0.5222840 0.5222840 0.5107480 0.5107480 0.5107480
0.7083883 0.7083883 0.6938800 0.6809023 0.6770198 0.6770198 0.6737555 0.6683195 0.6683195 0.6637749 0.6637749 0.6598077 0.6579960 0.6562822 0.6546538 0.6546538 0.6462179 0.6412657 0.6357581 0.6302553 0.6252186 0.6209747 0.6177654 0.6155894 0.6144736 0.6143740 0.6151099 0.6161793 0.6163041 0.6090650 0.6090650 0.5268028 0.4767919 0.4174386 0.3999098 0.3999098 0.3826320 0.3826320 0.3887164 0.3887164 0.4002491 0.4358342 0.4358342 0.4915106 0.4915106 0.5507202 0.5507202 0.5507202 0.5543762 0.5543762 0.5464301 0.5464301 0.5345734 0.5345734 0.5221660 0.5221660 0.5107631 0.5107631 0.5107631
0.7075188 0.7075188 0.6930405 0.6809207 0.6770451 0.6770451 0.6737698 0.6683186 0.6683186 0.6637728 0.6637728 0.6598071 0.6579956 0.6562819 0.6546535 0.6546535 0.6460468 0.6390609 0.6311247 0.6231537 0.6157700 0.6093658 0.6041911 0.6002995 0.5976968 0.5963347 0.5960677 0.5965129 0.5966865 0.5919693 0.5919693 0.5394906 0.4949593 0.4333540 0.4143136 0.4143136 0.3989903 0.3989903 0.4112869 0.4112869 0.4239596 0.4522919 0.4522919 0.4873445 0.4873445 0.5398266 0.5398266 0.5398266 0.5481092 0.5481092 0.5431007 0.5431007 0.5326751 0.5326751 0.5210132 0.5210132 0.5101327 0.5101327 0.5101327
0.7068512 0.7068512 0.6923993 0.6809331 0.6770709 0.6770709 0.6737860 0.6683187 0.6683187 0.6637712 0.6637712 0.6598071 0.6579960 0.6562825 0.6546543 0.6546543 0.6450473 0.6360132 0.6257078 0.6153509 0.6056975 0.5971967 0.5901181 0.5845593 0.5805323 0.5779866 0.5767892 0.5766290 0.5767410 0.5738384 0.5738384 0.5403203 0.5037714 0.4473802 0.4309669 0.4309669 0.4251399 0.4251399 0.4439577 0.4439577 0.4549319 0.4712895 0.4712895 0.4872887 0.4872887 0.5261677 0.5261677 0.5261677 0.5379995 0.5379995 0.5369733 0.5369733 0.5290750 0.5290750 0.5189015 0.5189015 0.5090480 0.5090480 0.5090480
0.7063792 0.7063792 0.6919474 0.6809402 0.6770926 0.6770926 0.6738005 0.6683193 0.6683193 0.6637698 0.6637698 0.6598070 0.6579962 0.6562828 0.6546547 0.6546547 0.6429998 0.6317784 0.6191340 0.6064908 0.5946783 0.5841746 0.5752594 0.5680602 0.5626091 0.5588688 0.5567268 0.5559307 0.5558873 0.5542900 0.5542900 0.5332626 0.5052707 0.4608561 0.4522603 0.4522603 0.4623371 0.4623371 0.4819894 0.4819894 0.4873620 0.4892309 0.4892309 0.4899428 0.4899428 0.5127667 0.5127667 0.5127667 0.5255175 0.5255175 0.5283061 0.5283061 0.5236957 0.5236957 0.5157739 0.5157739 0.5075295 0.5075295 0.5075295
0.7060980 0.7060980 0.6916786 0.6809435 0.6771069 0.6771069 0.6738104 0.6683199 0.6683199 0.6637689 0.6637689 0.6598068 0.6579963 0.6562830 0.6546550 0.6546550 0.6396416 0.6259807 0.6109848 0.5961578 0.5823323 0.5699745 0.5593524 0.5506018 0.5437697 0.5388375 0.5357200 0.5342223 0.5339002 0.5331950 0.5331950 0.5207195 0.5015647 0.4781833 0.4832653 0.4832653 0.5081621 0.5081621 0.5182123 0.5182123 0.5157329 0.5044600 0.5044600 0.4942677 0.4942677 0.5017740 0.5017740 0.5017740 0.5125170 0.5125170 0.5178176 0.5178176 0.5166370 0.5166370 0.5115766 0.5115766 0.5055413 0.5055413 0.5055413
0.7060047 0.7060047 0.6915894 0.6809444 0.6771117 0.6771117 0.6738140 0.6683202 0.6683202 0.6637687 0.6637687 0.6598068 0.6579963 0.6562830 0.6546551 0.6546551 0.6346117 0.6181684 0.6007663 0.5838560 0.5681933 0.5541847 0.5420553 0.5319223 0.5238317 0.5177773 0.5137001 0.5114594 0.5107502 0.5106534 0.5106534 0.5045407 0.4955451 0.5067925 0.5282351 0.5282351 0.5545518 0.5545518 0.5471464 0.5471464 0.5376554 0.5169832 0.5169832 0.4995485 0.4995485 0.4940463 0.4940463 0.4940463 0.5005983 0.5005983 0.5065281 0.5065281 0.5082501 0.5082501 0.5063589 0.5063589 0.5030644 0.5030644 0.5030644
0.7060981 0.7060981 0.6916786 0.6809436 0.6771067 0.6771067 0.6738105 0.6683200 0.6683200 0.6637689 0.6637689 0.6598068 0.6579963 0.6562830 0.6546550 0.6546550 0.6273840 0.6077504 0.5878634 0.5689794 0.5516928 0.5362949 0.5229305 0.5116686 0.5025322 0.4955134 0.4905708 0.4876117 0.4864804 0.4869881 0.4869881 0.4869937 0.4927725 0.5533590 0.5836398 0.5836398 0.5918483 0.5918483 0.5677872 0.5677872 0.5538215 0.5274090 0.5274090 0.5052323 0.5052323 0.4894265 0.4894265 0.4894265 0.4907550 0.4907550 0.4955147 0.4955147 0.4991287 0.4991287 0.5003346 0.5003346 0.5001459 0.5001459 0.5001459
0.7063793 0.7063793 0.6919473 0.6809402 0.6770925 0.6770925 0.6738005 0.6683195 0.6683195 0.6637698 0.6637698 0.6598068 0.6579963 0.6562828 0.6546546 0.6546546 0.6171640 0.5938994 0.5714648 0.5507615 0.5321277 0.5156770 0.5014331 0.4893851 0.4795106 0.4717820 0.4661624 0.4626018 0.4611709 0.4630198 0.4630198 0.4726624 0.5044245 0.6143072 0.6352942 0.6352942 0.6162009 0.6162009 0.5821725 0.5821725 0.5659448 0.5361897 0.5361897 0.5108294 0.5108294 0.4872327 0.4872327 0.4872327 0.4833295 0.4833295 0.4856740 0.4856740 0.4900199 0.4900199 0.4939012 0.4939012 0.4969339 0.4969339 0.4969339
0.7068512 0.7068512 0.6923993 0.6809332 0.6770708 0.6770708 0.6737861 0.6683189 0.6683189 0.6637711 0.6637711 0.6598071 0.6579961 0.6562823 0.6546541 0.6546541 0.6026987 0.5753917 0.5504401 0.5281872 0.5086001 0.4915464 0.4768850 0.4644971 0.4542933 0.4462107 0.4402037 0.4362758 0.4350561 0.4413360 0.4413360 0.4727419 0.5461071 0.6705469 0.6688291 0.6688291 0.6306574 0.6306574 0.5925121 0.5925121 0.5752906 0.5434695 0.5434695 0.5159270 0.5159270 0.4866623 0.4866623 0.4866623 0.4781812 0.4781812 0.4775830 0.4775830 0.4816874 0.4816874 0.4876034 0.4876034 0.4936880 0.4936880 0.4936880
