cruce_test.gid/Rasters/Hydraulic/Depth____000051.asc
NCOLS        79
NROWS        79
XLLCENTER         -1.500000
YLLCENTER         -4.800000
CELLSIZE           0.100
NODATA_VALUE     -9999.0
[rows 0 to 25 of 79, columns 0 to 56 of 79]
-9999.000 -9999.000 -9999.000 -9999.000 -9999.000 -9999.000 -9999.000 -9999.000 -9999.000 -9999.000 -9999.000 -9999.000 -9999.000 -9999.000 -9999.000 0.2474678 0.2475843 0.2474935 0.2473386 0.2471353 0.2468908 0.2466111 0.2463028 0.2459736 0.2456328 0.2452911 0.2449615 0.2446603 0.2444205 0.2447198 0.2447198 -9999.000 -9999.000 -9999.000 -9999.000 -9999.000 -9999.000 -9999.000 -9999.000 -9999.000 -9999.000 -9999.000 -9999.000 -9999.000 -9999.000 -9999.000 -9999.000 -9999.000 -9999.000 -9999.000 -9999.000 -9999.000 -9999.000 -9999.000 -9999.000 -9999.000 -9999.000
-9999.000 -9999.000 -9999.000 -9999.000 -9999.000 -9999.000 -9999.000 -9999.000 -9999.000 -9999.000 -9999.000 -9999.000 -9999.000 -9999.000 -9999.000 0.2493920 0.2495393 0.2494493 0.2493026 0.2491129 0.2488861 0.2486277 0.2483442 0.2480430 0.2477329 0.2474236 0.2471252 0.2468482 0.2466151 0.2468894 0.2468894 -9999.000 -9999.000 -9999.000 -9999.000 -9999.000 -9999.000 -9999.000 -9999.000 -9999.000 -9999.000 -9999.000 -9999.000 -9999.000 -9999.000 -9999.000 -9999.000 -9999.000 -9999.000 -9999.000 -9999.000 -9999.000 -9999.000 -9999.000 -9999.000 -9999.000 -9999.000
-9999.000 -9999.000 -9999.000 -9999.000 -9999.000 -9999.000 -9999.000 -9999.000 -9999.000 -9999.000 -9999.000 -9999.000 -9999.000 -9999.000 -9999.000 0.2514526 0.2516496 0.2515593 0.2514113 0.2512212 0.2509951 0.2507380 0.2504556 0.2501547 0.2498428 0.2495283 0.2492199 0.2489268 0.2486736 0.2489892 0.2489892 -9999.000 -9999.000 -9999.000 -9999.000 -9999.000 -9999.000 -9999.000 -9999.000 -9999.000 -9999.000 -9999.000 -9999.000 -9999.000 -9999.000 -9999.000 -9999.000 -9999.000 -9999.000 -9999.000 -9999.000 -9999.000 -9999.000 -9999.000 -9999.000 -9999.000 -9999.000
-9999.000 -9999.000 -9999.000 -9999.000 -9999.000 -9999.000 -9999.000 -9999.000 -9999.000 -9999.000 -9999.000 -9999.000 -9999.000 -9999.000 -9999.000 0.2535543 0.2537938 0.2537003 0.2535475 0.2533522 0.2531203 0.2528564 0.2525658 0.2522545 0.2519294 0.2515980 0.2512683 0.2509490 0.2506660 0.2510132 0.2510132 -9999.000 -9999.000 -9999.000 -9999.000 -9999.000 -9999.000 -9999.000 -9999.000 -9999.000 -9999.000 -9999.000 -9999.000 -9999.000 -9999.000 -9999.000 -9999.000 -9999.000 -9999.000 -9999.000 -9999.000 -9999.000 -9999.000 -9999.000 -9999.000 -9999.000 -9999.000
-9999.000 -9999.000 -9999.000 -9999.000 -9999.000 -9999.000 -9999.000 -9999.000 -9999.000 -9999.000 -9999.000 -9999.000 -9999.000 -9999.000 -9999.000 0.2556881 0.2559625 0.2558630 0.2557022 0.2554974 0.2552542 0.2549771 0.2546706 0.2543404 0.2539927 0.2536344 0.2532730 0.2529168 0.2525932 0.2529643 0.2529643 -9999.000 -9999.000 -9999.000 -9999.000 -9999.000 -9999.000 -9999.000 -9999.000 -9999.000 -9999.000 -9999.000 -9999.000 -9999.000 -9999.000 -9999.000 -9999.000 -9999.000 -9999.000 -9999.000 -9999.000 -9999.000 -9999.000 -9999.000 -9999.000 -9999.000 -9999.000
-9999.000 -9999.000 -9999.000 -9999.000 -9999.000 -9999.000 -9999.000 -9999.000 -9999.000 -9999.000 -9999.000 -9999.000 -9999.000 -9999.000 -9999.000 0.2578461 0.2581476 0.2580394 0.2578676 0.2576498 0.2573912 0.2570954 0.2567666 0.2564100 0.2560311 0.2556364 0.2552328 0.2548282 0.2544509 0.2548386 0.2548386 -9999.000 -9999.000 -9999.000 -9999.000 -9999.000 -9999.000 -9999.000 -9999.000 -9999.000 -9999.000 -9999.000 -9999.000 -9999.000 -9999.000 -9999.000 -9999.000 -9999.000 -9999.000 -9999.000 -9999.000 -9999.000 -9999.000 -9999.000 -9999.000 -9999.000 -9999.000
-9999.000 -9999.000 -9999.000 -9999.000 -9999.000 -9999.000 -9999.000 -9999.000 -9999.000 -9999.000 -9999.000 -9999.000 -9999.000 -9999.000 -9999.000 0.2600217 0.2603422 0.2602221 0.2600372 0.2598036 0.2595257 0.2592067 0.2588499 0.2584597 0.2580413 0.2576002 0.2571426 0.2566757 0.2562283 0.2566243 0.2566243 -9999.000 -9999.000 -9999.000 -9999.000 -9999.000 -9999.000 -9999.000 -9999.000 -9999.000 -9999.000 -9999.000 -9999.000 -9999.000 -9999.000 -9999.000 -9999.000 -9999.000 -9999.000 -9999.000 -9999.000 -9999.000 -9999.000 -9999.000 -9999.000 -9999.000 -9999.000
-9999.000 -9999.000 -9999.000 -9999.000 -9999.000 -9999.000 -9999.000 -9999.000 -9999.000 -9999.000 -9999.000 -9999.000 -9999.000 -9999.000 -9999.000 0.2622091 0.2625398 0.2624049 0.2622047 0.2619530 0.2616527 0.2613061 0.2609157 0.2604849 0.2600178 0.2595190 0.2589934 0.2584467 0.2579071 0.2582993 0.2582993 -9999.000 -9999.000 -9999.000 -9999.000 -9999.000 -9999.000 -9999.000 -9999.000 -9999.000 -9999.000 -9999.000 -9999.000 -9999.000 -9999.000 -9999.000 -9999.000 -9999.000 -9999.000 -9999.000 -9999.000 -9999.000 -9999.000 -9999.000 -9999.000 -9999.000 -9999.000
-9999.000 -9999.000 -9999.000 -9999.000 -9999.000 -9999.000 -9999.000 -9999.000 -9999.000 -9999.000 -9999.000 -9999.000 -9999.000 -9999.000 -9999.000 0.2644019 0.2647337 0.2645808 0.2643638 0.2640918 0.2637663 0.2633879 0.2629580 0.2624788 0.2619525 0.2613823 0.2607708 0.2601211 0.2594585 0.2598271 0.2598271 -9999.000 -9999.000 -9999.000 -9999.000 -9999.000 -9999.000 -9999.000 -9999.000 -9999.000 -9999.000 -9999.000 -9999.000 -9999.000 -9999.000 -9999.000 -9999.000 -9999.000 -9999.000 -9999.000 -9999.000 -9999.000 -9999.000 -9999.000 -9999.000 -9999.000 -9999.000
-9999.000 -9999.000 -9999.000 -9999.000 -9999.000 -9999.000 -9999.000 -9999.000 -9999.000 -9999.000 -9999.000 -9999.000 -9999.000 -9999.000 -9999.000 0.2665925 0.2669167 0.2667426 0.2665072 0.2662131 0.2658593 0.2654448 0.2649690 0.2644320 0.2638339 0.2631748 0.2624538 0.2616690 0.2608387 0.2611476 0.2611476 -9999.000 -9999.000 -9999.000 -9999.000 -9999.000 -9999.000 -9999.000 -9999.000 -9999.000 -9999.000 -9999.000 -9999.000 -9999.000 -9999.000 -9999.000 -9999.000 -9999.000 -9999.000 -9999.000 -9999.000 -9999.000 -9999.000 -9999.000 -9999.000 -9999.000 -9999.000
-9999.000 -9999.000 -9999.000 -9999.000 -9999.000 -9999.000 -9999.000 -9999.000 -9999.000 -9999.000 -9999.000 -9999.000 -9999.000 -9999.000 -9999.000 0.2687707 0.2690797 0.2688814 0.2686262 0.2683081 0.2679229 0.2674671 0.2669376 0.2663315 0.2656455 0.2648745 0.2640113 0.2630449 0.2619787 0.2621588 0.2621588 -9999.000 -9999.000 -9999.000 -9999.000 -9999.000 -9999.000 -9999.000 -9999.000 -9999.000 -9999.000 -9999.000 -9999.000 -9999.000 -9999.000 -9999.000 -9999.000 -9999.000 -9999.000 -9999.000 -9999.000 -9999.000 -9999.000 -9999.000 -9999.000 -9999.000 -9999.000
-9999.000 -9999.000 -9999.000 -9999.000 -9999.000 -9999.000 -9999.000 -9999.000 -9999.000 -9999.000 -9999.000 -9999.000 -9999.000 -9999.000 -9999.000 0.2709223 0.2712113 0.2709861 0.2707099 0.2703656 0.2699452 0.2694418 0.2688488 0.2681590 0.2673633 0.2664486 0.2653964 0.2641784 0.2627672 0.2626770 0.2626770 -9999.000 -9999.000 -9999.000 -9999.000 -9999.000 -9999.000 -9999.000 -9999.000 -9999.000 -9999.000 -9999.000 -9999.000 -9999.000 -9999.000 -9999.000 -9999.000 -9999.000 -9999.000 -9999.000 -9999.000 -9999.000 -9999.000 -9999.000 -9999.000 -9999.000 -9999.000
-9999.000 -9999.000 -9999.000 -9999.000 -9999.000 -9999.000 -9999.000 -9999.000 -9999.000 -9999.000 -9999.000 -9999.000 -9999.000 -9999.000 -9999.000 0.2730273 0.2732959 0.2730423 0.2727436 0.2723705 0.2719099 0.2713506 0.2706810 0.2698875 0.2689517 0.2678475 0.2665357 0.2649548 0.2630127 0.2623369 0.2623369 -9999.000 -9999.000 -9999.000 -9999.000 -9999.000 -9999.000 -9999.000 -9999.000 -9999.000 -9999.000 -9999.000 -9999.000 -9999.000 -9999.000 -9999.000 -9999.000 -9999.000 -9999.000 -9999.000 -9999.000 -9999.000 -9999.000 -9999.000 -9999.000 -9999.000 -9999.000
-9999.000 -9999.000 -9999.000 -9999.000 -9999.000 -9999.000 -9999.000 -9999.000 -9999.000 -9999.000 -9999.000 -9999.000 -9999.000 -9999.000 -9999.000 0.2750459 0.2753063 0.2750268 0.2747062 0.2743021 0.2737953 0.2731689 0.2724041 0.2714775 0.2703564 0.2689914 0.2673058 0.2651711 0.2623534 0.2602986 0.2602986 -9999.000 -9999.000 -9999.000 -9999.000 -9999.000 -9999.000 -9999.000 -9999.000 -9999.000 -9999.000 -9999.000 -9999.000 -9999.000 -9999.000 -9999.000 -9999.000 -9999.000 -9999.000 -9999.000 -9999.000 -9999.000 -9999.000 -9999.000 -9999.000 -9999.000 -9999.000
-9999.000 -9999.000 -9999.000 -9999.000 -9999.000 -9999.000 -9999.000 -9999.000 -9999.000 -9999.000 -9999.000 -9999.000 -9999.000 -9999.000 -9999.000 0.2760967 0.2769398 0.2768271 0.2766022 0.2762344 0.2757108 0.2750155 0.2741266 0.2730116 0.2716191 0.2698645 0.2676028 0.2645618 0.2601448 0.2539331 0.2539331 -9999.000 -9999.000 -9999.000 -9999.000 -9999.000 -9999.000 -9999.000 -9999.000 -9999.000 -9999.000 -9999.000 -9999.000 -9999.000 -9999.000 -9999.000 -9999.000 -9999.000 -9999.000 -9999.000 -9999.000 -9999.000 -9999.000 -9999.000 -9999.000 -9999.000 -9999.000
0.2293812 0.2293812 0.2196770 0.2134267 0.2178665 0.2178665 0.2388787 0.2465141 0.2465141 0.2533058 0.2533058 0.2608028 0.2652492 0.2705122 0.2769725 0.2769725 0.2845016 0.2847273 0.2846832 0.2842450 0.2833419 0.2819408 0.2800377 0.2776305 0.2746675 0.2709675 0.2660654 0.2588189 0.2460693 0.2127911 0.2127911 0.9717068E-01 0.7264780E-01 0.6620002E-01 0.6988194E-01 0.6988194E-01 0.8422110E-01 0.8422110E-01 0.1067200 0.1067200 0.1319547 0.1722004 0.1722004 0.1755808 0.1755808 0.1755686 0.1755686 0.1755686 0.1708693 0.1708693 0.1668582 0.1668582 0.1636020 0.1636020 0.1583346 0.1583346 0.1549397
0.2284673 0.2284673 0.2190848 0.2130225 0.2167567 0.2167567 0.2383850 0.2461410 0.2461410 0.2528747 0.2528747 0.2602588 0.2644878 0.2691678 0.2741943 0.2741943 0.2786346 0.2790107 0.2793134 0.2794615 0.2793444 0.2788308 0.2777756 0.2760188 0.2733732 0.2695845 0.2642286 0.2564586 0.2442668 0.2205960 0.2205960 0.1400941 0.1131892 0.9312371E-01 0.8957043E-01 0.8957043E-01 0.9149885E-01 0.9149885E-01 0.1056516 0.1056516 0.1220595 0.1711782 0.1711782 0.1759848 0.1759848 0.1755458 0.1755458 0.1755458 0.1705389 0.1705389 0.1665386 0.1665386 0.1639216 0.1639216 0.1580978 0.1580978 0.1547306
0.2279924 0.2279924 0.2188741 0.2129721 0.2163266 0.2163266 0.2383007 0.2460193 0.2460193 0.2524983 0.2524983 0.2593718 0.2631173 0.2670717 0.2710996 0.2710996 0.2739958 0.2740291 0.2740220 0.2739567 0.2737524 0.2732862 0.2724034 0.2709159 0.2685919 0.2651265 0.2600757 0.2526890 0.2414055 0.2216135 0.2216135 0.1596045 0.1334004 0.1097396 0.1040656 0.1040656 0.1020525 0.1020525 0.1110636 0.1110636 0.1213875 0.1628272 0.1628272 0.1766094 0.1766094 0.1763308 0.1763308 0.1763308 0.1704656 0.1704656 0.1664178 0.1664178 0.1632262 0.1632262 0.1583494 0.1583494 0.1548233
0.2276251 0.2276251 0.2186945 0.2129276 0.2159475 0.2159475 0.2381914 0.2458532 0.2458532 0.2520325 0.2520325 0.2583372 0.2616110 0.2649293 0.2681713 0.2681713 0.2697159 0.2693624 0.2689994 0.2686249 0.2681710 0.2675245 0.2665368 0.2650241 0.2627599 0.2594535 0.2546996 0.2478504 0.2376294 0.2204717 0.2204717 0.1718982 0.1478470 0.1243367 0.1185725 0.1185725 0.1159011 0.1159011 0.1211484 0.1211484 0.1265433 0.1536359 0.1536359 0.1738949 0.1738949 0.1754224 0.1754224 0.1754224 0.1703916 0.1703916 0.1661796 0.1661796 0.1627491 0.1627491 0.1583460 0.1583460 0.1547764
0.2273485 0.2273485 0.2185542 0.2128869 0.2156774 0.2156774 0.2379581 0.2456351 0.2456351 0.2514825 0.2514825 0.2571756 0.2599779 0.2626933 0.2652227 0.2652227 0.2653651 0.2645746 0.2638550 0.2631870 0.2624921 0.2616535 0.2605246 0.2589301 0.2566603 0.2534562 0.2489753 0.2426879 0.2335585 0.2186106 0.2186106 0.1798889 0.1587745 0.1380307 0.1335197 0.1335197 0.1316920 0.1316920 0.1335972 0.1335972 0.1352675 0.1483577 0.1483577 0.1676249 0.1676249 0.1736834 0.1736834 0.1736834 0.1697844 0.1697844 0.1656341 0.1656341 0.1620651 0.1620651 0.1580453 0.1580453 0.1545880
0.2271521 0.2271521 0.2184585 0.2128534 0.2154539 0.2154539 0.2376745 0.2453782 0.2453782 0.2508748 0.2508748 0.2559434 0.2582763 0.2603968 0.2622158 0.2622158 0.2607423 0.2594334 0.2583351 0.2573913 0.2564947 0.2555095 0.2542812 0.2526384 0.2503889 0.2473124 0.2431458 0.2374969 0.2295564 0.2168674 0.2168674 0.1853280 0.1679886 0.1522502 0.1496280 0.1496280 0.1481531 0.1481531 0.1462755 0.1462755 0.1451152 0.1479699 0.1479699 0.1606355 0.1606355 0.1703277 0.1703277 0.1703277 0.1682199 0.1682199 0.1646121 0.1646121 0.1611370 0.1611370 0.1574851 0.1574851 0.1542815
0.2270353 0.2270353 0.2184024 0.2128308 0.2152853 0.2152853 0.2373559 0.2450937 0.2450937 0.2502406 0.2502406 0.2546931 0.2565634 0.2580868 0.2591552 0.2591552 0.2556968 0.2537669 0.2522501 0.2510373 0.2499779 0.2489037 0.2476411 0.2460147 0.2438452 0.2409540 0.2371847 0.2323261 0.2257773 0.2154361 0.2154361 0.1902338 0.1772562 0.1680373 0.1668568 0.1668568 0.1637985 0.1637985 0.1578597 0.1578597 0.1545796 0.1509481 0.1509481 0.1557951 0.1557951 0.1656068 0.1656068 0.1656068 0.1654792 0.1654792 0.1629119 0.1629119 0.1598707 0.1598707 0.1566850 0.1566850 0.1538738
0.2269969 0.2269969 0.2183839 0.2128213 0.2151703 0.2151703 0.2370187 0.2447962 0.2447962 0.2496080 0.2496080 0.2534698 0.2548919 0.2558156 0.2560685 0.2560685 0.2500626 0.2473950 0.2454120 0.2439326 0.2427490 0.2416477 0.2404252 0.2388919 0.2368750 0.2342377 0.2309891 0.2272100 0.2224922 0.2150443 0.2150443 0.1961883 0.1883435 0.1852902 0.1839940 0.1839940 0.1774033 0.1774033 0.1678267 0.1678267 0.1630278 0.1554502 0.1554502 0.1540079 0.1540079 0.1605366 0.1605366 0.1605366 0.1617395 0.1617395 0.1604321 0.1604321 0.1581651 0.1581651 0.1556327 0.1556327 0.1533677
0.2270362 0.2270362 0.2184023 0.2128259 0.2151076 0.2151076 0.2366770 0.2445003 0.2445003 0.2490016 0.2490016 0.2523122 0.2533095 0.2536405 0.2530093 0.2530093 0.2436265 0.2400991 0.2376013 0.2358592 0.2345954 0.2335379 0.2324405 0.2310888 0.2293055 0.2269928 0.2244543 0.2223225 0.2202888 0.2166685 0.2166685 0.2049165 0.2024792 0.2025042 0.1992976 0.1992976 0.1885015 0.1885015 0.1761498 0.1761498 0.1702909 0.1602651 0.1602651 0.1545745 0.1545745 0.1561880 0.1561880 0.1561880 0.1575489 0.1575489 0.1572818 0.1572818 0.1559859 0.1559859 0.1543090 0.1543090 0.1527638
0.2271538 0.2271538 0.2184584 0.2128438 0.2151087 0.2151087 0.2363446 0.2442149 0.2442149 0.2484398 0.2484398 0.2512529 0.2518582 0.2516203 0.2500603 0.2500603 0.2361012 0.2316031 0.2285463 0.2265482 0.2252569 0.2243296 0.2234620 0.2224001 0.2209469 0.2190260 0.2175259 0.2181884 0.2202912 0.2214189 0.2214189 0.2175687 0.2193231 0.2180661 0.2118185 0.2118185 0.1972564 0.1972564 0.1829556 0.1829556 0.1763515 0.1647499 0.1647499 0.1563876 0.1563876 0.1531186 0.1531186 0.1531186 0.1535558 0.1535558 0.1537799 0.1537799 0.1534230 0.1534230 0.1527391 0.1527391 0.1520727
0.2273509 0.2273509 0.2185540 0.2128731 0.2151657 0.2151657 0.2360415 0.2439509 0.2439509 0.2479402 0.2479402 0.2503172 0.2505710 0.2498042 0.2473218 0.2473218 0.2270393 0.2215493 0.2179381 0.2156917 0.2144142 0.2137050 0.2131930 0.2125628 0.2115719 0.2101156 0.2103160 0.2160213 0.2241346 0.2308893 0.2308893 0.2339794 0.2363648 0.2297875 0.2224499 0.2224499 0.2040655 0.2040655 0.1883857 0.1883857 0.1812495 0.1686144 0.1686144 0.1586039 0.1586039 0.1513297 0.1513297 0.1513297 0.1502390 0.1502390 0.1503467 0.1503467 0.1506962 0.1506962 0.1510198 0.1510198 0.1513284
