cruce_test.gid/Rasters/Hydraulic/Depth____000344.asc
NCOLS        79
NROWS        79
XLLCENTER         -1.500000
YLLCENTER         -4.800000
CELLSIZE           0.100
NODATA_VALUE     -9999.0
[rows 0 to 25 of 79, columns 0 to 58 of 79]
-9999.000 -9999.000 -9999.000 -9999.000 -9999.000 -9999.000 -9999.000 -9999.000 -9999.000 -9999.000 -9999.000 -9999.000 -9999.000 -9999.000 -9999.000 0.6621310 0.6624589 0.6624271 0.6623014 0.6621192 0.6618971 0.6616517 0.6614009 0.6611500 0.6609082 0.6606805 0.6604609 0.6602146 0.6598332 0.6597836 0.6597836 -9999.000 -9999.000 -9999.000 -9999.000 -9999.000 -9999.000 -9999.000 -9999.000 -9999.000 -9999.000 -9999.000 -9999.000 -9999.000 -9999.000 -9999.000 -9999.000 -9999.000 -9999.000 -9999.000 -9999.000 -9999.000 -9999.000 -9999.000 -9999.000 -9999.000 -9999.000 -9999.000 -9999.000
-9999.000 -9999.000 -9999.000 -9999.000 -9999.000 -9999.000 -9999.000 -9999.000 -9999.000 -9999.000 -9999.000 -9999.000 -9999.000 -9999.000 -9999.000 0.6638829 0.6642050 0.6641774 0.6640751 0.6639297 0.6637546 0.6635633 0.6633699 0.6631782 0.6629955 0.6628258 0.6626633 0.6624771 0.6621698 0.6622000 0.6622000 -9999.000 -9999.000 -9999.000 -9999.000 -9999.000 -9999.000 -9999.000 -9999.000 -9999.000 -9999.000 -9999.000 -9999.000 -9999.000 -9999.000 -9999.000 -9999.000 -9999.000 -9999.000 -9999.000 -9999.000 -9999.000 -9999.000 -9999.000 -9999.000 -9999.000 -9999.000 -9999.000 -9999.000
-9999.000 -9999.000 -9999.000 -9999.000 -9999.000 -9999.000 -9999.000 -9999.000 -9999.000 -9999.000 -9999.000 -9999.000 -9999.000 -9999.000 -9999.000 0.6658040 0.6661540 0.6661317 0.6660350 0.6658962 0.6657288 0.6655464 0.6653634 0.6651828 0.6650112 0.6648519 0.6646976 0.6645147 0.6641995 0.6642251 0.6642251 -9999.000 -9999.000 -9999.000 -9999.000 -9999.000 -9999.000 -9999.000 -9999.000 -9999.000 -9999.000 -9999.000 -9999.000 -9999.000 -9999.000 -9999.000 -9999.000 -9999.000 -9999.000 -9999.000 -9999.000 -9999.000 -9999.000 -9999.000 -9999.000 -9999.000 -9999.000 -9999.000 -9999.000
-9999.000 -9999.000 -9999.000 -9999.000 -9999.000 -9999.000 -9999.000 -9999.000 -9999.000 -9999.000 -9999.000 -9999.000 -9999.000 -9999.000 -9999.000 0.6677737 0.6681396 0.6681185 0.6680224 0.6678841 0.6677173 0.6675358 0.6673544 0.6671754 0.6670057 0.6668479 0.6666941 0.6665078 0.6661782 0.6661818 0.6661818 -9999.000 -9999.000 -9999.000 -9999.000 -9999.000 -9999.000 -9999.000 -9999.000 -9999.000 -9999.000 -9999.000 -9999.000 -9999.000 -9999.000 -9999.000 -9999.000 -9999.000 -9999.000 -9999.000 -9999.000 -9999.000 -9999.000 -9999.000 -9999.000 -9999.000 -9999.000 -9999.000 -9999.000
-9999.000 -9999.000 -9999.000 -9999.000 -9999.000 -9999.000 -9999.000 -9999.000 -9999.000 -9999.000 -9999.000 -9999.000 -9999.000 -9999.000 -9999.000 0.6697645 0.6701407 0.6701185 0.6700204 0.6698796 0.6697096 0.6695250 0.6693408 0.6691590 0.6689867 0.6688265 0.6686691 0.6684754 0.6681260 0.6680929 0.6680929 -9999.000 -9999.000 -9999.000 -9999.000 -9999.000 -9999.000 -9999.000 -9999.000 -9999.000 -9999.000 -9999.000 -9999.000 -9999.000 -9999.000 -9999.000 -9999.000 -9999.000 -9999.000 -9999.000 -9999.000 -9999.000 -9999.000 -9999.000 -9999.000 -9999.000 -9999.000 -9999.000 -9999.000
-9999.000 -9999.000 -9999.000 -9999.000 -9999.000 -9999.000 -9999.000 -9999.000 -9999.000 -9999.000 -9999.000 -9999.000 -9999.000 -9999.000 -9999.000 0.6717629 0.6721465 0.6721218 0.6720205 0.6718755 0.6717006 0.6715108 0.6713217 0.6711348 0.6709577 0.6707927 0.6706296 0.6704259 0.6700514 0.6699668 0.6699668 -9999.000 -9999.000 -9999.000 -9999.000 -9999.000 -9999.000 -9999.000 -9999.000 -9999.000 -9999.000 -9999.000 -9999.000 -9999.000 -9999.000 -9999.000 -9999.000 -9999.000 -9999.000 -9999.000 -9999.000 -9999.000 -9999.000 -9999.000 -9999.000 -9999.000 -9999.000 -9999.000 -9999.000
-9999.000 -9999.000 -9999.000 -9999.000 -9999.000 -9999.000 -9999.000 -9999.000 -9999.000 -9999.000 -9999.000 -9999.000 -9999.000 -9999.000 -9999.000 0.6737621 0.6741516 0.6741234 0.6740180 0.6738681 0.6736873 0.6734911 0.6732962 0.6731029 0.6729196 0.6727487 0.6725783 0.6723622 0.6719573 0.6718037 0.6718037 -9999.000 -9999.000 -9999.000 -9999.000 -9999.000 -9999.000 -9999.000 -9999.000 -9999.000 -9999.000 -9999.000 -9999.000 -9999.000 -9999.000 -9999.000 -9999.000 -9999.000 -9999.000 -9999.000 -9999.000 -9999.000 -9999.000 -9999.000 -9999.000 -9999.000 -9999.000 -9999.000 -9999.000
-9999.000 -9999.000 -9999.000 -9999.000 -9999.000 -9999.000 -9999.000 -9999.000 -9999.000 -9999.000 -9999.000 -9999.000 -9999.000 -9999.000 -9999.000 0.6757582 0.6761529 0.6761203 0.6760103 0.6758549 0.6756675 0.6754644 0.6752629 0.6750624 0.6748723 0.6746945 0.6745157 0.6742848 0.6738433 0.6735983 0.6735983 -9999.000 -9999.000 -9999.000 -9999.000 -9999.000 -9999.000 -9999.000 -9999.000 -9999.000 -9999.000 -9999.000 -9999.000 -9999.000 -9999.000 -9999.000 -9999.000 -9999.000 -9999.000 -9999.000 -9999.000 -9999.000 -9999.000 -9999.000 -9999.000 -9999.000 -9999.000 -9999.000 -9999.000
-9999.000 -9999.000 -9999.000 -9999.000 -9999.000 -9999.000 -9999.000 -9999.000 -9999.000 -9999.000 -9999.000 -9999.000 -9999.000 -9999.000 -9999.000 0.6777487 0.6781482 0.6781105 0.6779953 0.6778340 0.6776396 0.6774291 0.6772205 0.6770122 0.6768146 0.6766292 0.6764408 0.6761924 0.6757071 0.6753404 0.6753404 -9999.000 -9999.000 -9999.000 -9999.000 -9999.000 -9999.000 -9999.000 -9999.000 -9999.000 -9999.000 -9999.000 -9999.000 -9999.000 -9999.000 -9999.000 -9999.000 -9999.000 -9999.000 -9999.000 -9999.000 -9999.000 -9999.000 -9999.000 -9999.000 -9999.000 -9999.000 -9999.000 -9999.000
-9999.000 -9999.000 -9999.000 -9999.000 -9999.000 -9999.000 -9999.000 -9999.000 -9999.000 -9999.000 -9999.000 -9999.000 -9999.000 -9999.000 -9999.000 0.6797312 0.6801357 0.6800920 0.6799712 0.6798036 0.6796016 0.6793832 0.6791673 0.6789505 0.6787448 0.6785511 0.6783518 0.6780828 0.6775445 0.6770142 0.6770142 -9999.000 -9999.000 -9999.000 -9999.000 -9999.000 -9999.000 -9999.000 -9999.000 -9999.000 -9999.000 -9999.000 -9999.000 -9999.000 -9999.000 -9999.000 -9999.000 -9999.000 -9999.000 -9999.000 -9999.000 -9999.000 -9999.000 -9999.000 -9999.000 -9999.000 -9999.000 -9999.000 -9999.000
-9999.000 -9999.000 -9999.000 -9999.000 -9999.000 -9999.000 -9999.000 -9999.000 -9999.000 -9999.000 -9999.000 -9999.000 -9999.000 -9999.000 -9999.000 0.6817033 0.6821131 0.6820626 0.6819357 0.6817613 0.6815512 0.6813244 0.6811007 0.6808749 0.6806604 0.6804576 0.6802457 0.6799520 0.6793495 0.6785961 0.6785961 -9999.000 -9999.000 -9999.000 -9999.000 -9999.000 -9999.000 -9999.000 -9999.000 -9999.000 -9999.000 -9999.000 -9999.000 -9999.000 -9999.000 -9999.000 -9999.000 -9999.000 -9999.000 -9999.000 -9999.000 -9999.000 -9999.000 -9999.000 -9999.000 -9999.000 -9999.000 -9999.000 -9999.000
-9999.000 -9999.000 -9999.000 -9999.000 -9999.000 -9999.000 -9999.000 -9999.000 -9999.000 -9999.000 -9999.000 -9999.000 -9999.000 -9999.000 -9999.000 0.6836617 0.6840779 0.6840196 0.6838860 0.6837043 0.6834854 0.6832495 0.6830176 0.6827818 0.6825577 0.6823446 0.6821180 0.6817945 0.6811131 0.6800491 0.6800491 -9999.000 -9999.000 -9999.000 -9999.000 -9999.000 -9999.000 -9999.000 -9999.000 -9999.000 -9999.000 -9999.000 -9999.000 -9999.000 -9999.000 -9999.000 -9999.000 -9999.000 -9999.000 -9999.000 -9999.000 -9999.000 -9999.000 -9999.000 -9999.000 -9999.000 -9999.000 -9999.000 -9999.000
-9999.000 -9999.000 -9999.000 -9999.000 -9999.000 -9999.000 -9999.000 -9999.000 -9999.000 -9999.000 -9999.000 -9999.000 -9999.000 -9999.000 -9999.000 0.6856015 0.6860260 0.6859589 0.6858180 0.6856284 0.6853999 0.6851542 0.6849133 0.6846662 0.6844313 0.6842063 0.6839620 0.6836016 0.6828215 0.6813152 0.6813152 -9999.000 -9999.000 -9999.000 -9999.000 -9999.000 -9999.000 -9999.000 -9999.000 -9999.000 -9999.000 -9999.000 -9999.000 -9999.000 -9999.000 -9999.000 -9999.000 -9999.000 -9999.000 -9999.000 -9999.000 -9999.000 -9999.000 -9999.000 -9999.000 -9999.000 -9999.000 -9999.000 -9999.000
-9999.000 -9999.000 -9999.000 -9999.000 -9999.000 -9999.000 -9999.000 -9999.000 -9999.000 -9999.000 -9999.000 -9999.000 -9999.000 -9999.000 -9999.000 0.6875014 0.6879439 0.6878709 0.6877248 0.6875287 0.6872908 0.6870347 0.6867837 0.6865231 0.6862750 0.6860352 0.6857683 0.6853606 0.6844548 0.6823021 0.6823021 -9999.000 -9999.000 -9999.000 -9999.000 -9999.000 -9999.000 -9999.000 -9999.000 -9999.000 -9999.000 -9999.000 -9999.000 -9999.000 -9999.000 -9999.000 -9999.000 -9999.000 -9999.000 -9999.000 -9999.000 -9999.000 -9999.000 -9999.000 -9999.000 -9999.000 -9999.000 -9999.000 -9999.000
-9999.000 -9999.000 -9999.000 -9999.000 -9999.000 -9999.000 -9999.000 -9999.000 -9999.000 -9999.000 -9999.000 -9999.000 -9999.000 -9999.000 -9999.000 0.6860606 0.6890187 0.6899489 0.6900844 0.6899893 0.6897759 0.6894884 0.6891727 0.6888238 0.6884807 0.6881458 0.6877781 0.6872289 0.6860244 0.6821963 0.6821963 -9999.000 -9999.000 -9999.000 -9999.000 -9999.000 -9999.000 -9999.000 -9999.000 -9999.000 -9999.000 -9999.000 -9999.000 -9999.000 -9999.000 -9999.000 -9999.000 -9999.000 -9999.000 -9999.000 -9999.000 -9999.000 -9999.000 -9999.000 -9999.000 -9999.000 -9999.000 -9999.000 -9999.000
0.7512965 0.7512965 0.7552462 0.7361358 0.7318844 0.7318844 0.7285157 0.7231359 0.7231359 0.7190180 0.7190180 0.7156894 0.7142131 0.7128248 0.7114847 0.7114847 0.6926635 0.6914957 0.6915208 0.6921961 0.6933221 0.6949709 0.6971866 0.6994505 0.7018156 0.7040221 0.7054510 0.7045195 0.6970136 0.6667071 0.6667071 0.4628737 0.4289855 0.4102615 0.4041305 0.4041305 0.3952448 0.3952448 0.4010429 0.4010429 0.4137177 0.4656132 0.4656132 0.5670392 0.5670392 0.6015384 0.6015384 0.6015384 0.5988058 0.5988058 0.5881215 0.5881215 0.5747751 0.5747751 0.5612399 0.5612399 0.5490597 0.5490597 0.5490597
0.7483675 0.7483675 0.7539451 0.7351681 0.7308635 0.7308635 0.7274892 0.7221239 0.7221239 0.7180225 0.7180225 0.7147083 0.7132382 0.7118563 0.7105230 0.7105230 0.6941079 0.6898392 0.6861230 0.6829206 0.6803125 0.6784947 0.6776189 0.6775637 0.6783526 0.6798680 0.6817946 0.6835240 0.6826799 0.6690531 0.6690531 0.5301635 0.4780790 0.4279761 0.4143533 0.4143533 0.3998890 0.3998890 0.4045553 0.4045553 0.4163070 0.4611410 0.4611410 0.5446115 0.5446115 0.6001554 0.6001554 0.6001554 0.5989199 0.5989199 0.5884809 0.5884809 0.5751553 0.5751553 0.5617070 0.5617070 0.5495619 0.5495619 0.5495619
0.7466996 0.7466996 0.7539708 0.7352347 0.7308919 0.7308919 0.7274804 0.7220880 0.7220880 0.7179818 0.7179818 0.7146620 0.7131892 0.7118042 0.7104654 0.7104654 0.6950676 0.6879964 0.6811956 0.6750069 0.6696442 0.6652954 0.6621011 0.6600212 0.6590614 0.6591607 0.6601080 0.6614096 0.6613501 0.6530417 0.6530417 0.5631500 0.5092928 0.4456840 0.4271071 0.4271071 0.4095838 0.4095838 0.4177651 0.4177651 0.4310027 0.4706557 0.4706557 0.5327408 0.5327408 0.5941682 0.5941682 0.5941682 0.5968018 0.5968018 0.5877242 0.5877242 0.5748492 0.5748492 0.5616084 0.5616084 0.5495985 0.5495985 0.5495985
0.7453555 0.7453555 0.7542406 0.7353421 0.7309722 0.7309722 0.7275047 0.7220766 0.7220766 0.7179784 0.7179784 0.7146660 0.7131941 0.7118091 0.7104633 0.7104633 0.6953141 0.6856798 0.6759819 0.6669672 0.6590171 0.6523526 0.6471050 0.6432607 0.6407880 0.6396137 0.6395640 0.6402501 0.6403932 0.6349359 0.6349359 0.5772375 0.5291168 0.4631362 0.4430788 0.4430788 0.4280207 0.4280207 0.4426904 0.4426904 0.4566914 0.4874372 0.4874372 0.5266114 0.5266114 0.5825800 0.5825800 0.5825800 0.5903624 0.5903624 0.5843437 0.5843437 0.5729280 0.5729280 0.5604485 0.5604485 0.5489886 0.5489886 0.5489886
0.7443271 0.7443271 0.7547731 0.7354136 0.7310499 0.7310499 0.7275398 0.7220845 0.7220845 0.7179887 0.7179887 0.7146752 0.7132013 0.7118139 0.7104567 0.7104567 0.6945322 0.6824821 0.6700519 0.6583278 0.6478475 0.6388916 0.6316091 0.6260181 0.6220793 0.6197066 0.6187346 0.6188334 0.6190367 0.6156826 0.6156826 0.5786213 0.5389687 0.4787464 0.4617894 0.4617894 0.4572781 0.4572781 0.4781819 0.4781819 0.4897692 0.5068565 0.5068565 0.5249648 0.5249648 0.5676950 0.5676950 0.5676950 0.5797620 0.5797620 0.5780380 0.5780380 0.5692565 0.5692565 0.5583208 0.5583208 0.5479431 0.5479431 0.5479431
0.7435987 0.7435987 0.7555439 0.7354831 0.7311387 0.7311387 0.7275849 0.7220891 0.7220891 0.7179939 0.7179939 0.7146814 0.7132062 0.7118173 0.7104442 0.7104442 0.6924624 0.6780029 0.6629800 0.6486992 0.6358054 0.6246293 0.6153417 0.6079921 0.6025553 0.5989515 0.5970303 0.5965105 0.5966573 0.5948617 0.5948617 0.5715107 0.5410572 0.4941627 0.4860013 0.4860013 0.4983212 0.4983212 0.5187809 0.5187809 0.5239305 0.5252478 0.5252478 0.5266330 0.5266330 0.5528105 0.5528105 0.5528105 0.5664552 0.5664552 0.5690060 0.5690060 0.5637314 0.5637314 0.5551636 0.5551636 0.5464880 0.5464880 0.5464880
0.7431607 0.7431607 0.7558144 0.7354784 0.7311710 0.7311710 0.7276038 0.7220922 0.7220922 0.7179981 0.7179981 0.7146859 0.7132096 0.7118195 0.7104246 0.7104246 0.6888204 0.6718196 0.6542892 0.6376157 0.6224808 0.6092320 0.5980490 0.5889986 0.5820739 0.5772119 0.5742871 0.5730689 0.5730107 0.5723252 0.5723252 0.5584725 0.5376982 0.5143958 0.5211407 0.5211407 0.5478727 0.5478727 0.5568452 0.5568452 0.5535343 0.5409721 0.5409721 0.5305188 0.5305188 0.5403767 0.5403767 0.5403767 0.5523816 0.5523816 0.5579364 0.5579364 0.5564190 0.5564190 0.5509090 0.5509090 0.5445857 0.5445857 0.5445857
0.7430148 0.7430148 0.7558953 0.7354681 0.7311783 0.7311783 0.7276092 0.7220935 0.7220935 0.7179999 0.7179999 0.7146875 0.7132110 0.7118204 0.7103955 0.7103955 0.6832345 0.6634387 0.6434263 0.6245217 0.6073605 0.5922608 0.5793808 0.5687833 0.5604689 0.5543902 0.5504494 0.5484688 0.5480682 0.5481800 0.5481800 0.5415183 0.5321575 0.5474924 0.5710762 0.5710762 0.5968865 0.5968865 0.5869575 0.5869575 0.5763937 0.5540705 0.5540705 0.5357602 0.5357602 0.5314581 0.5314581 0.5314581 0.5392931 0.5392931 0.5458724 0.5458724 0.5476485 0.5476485 0.5455889 0.5455889 0.5422107 0.5422107 0.5422107
0.7431607 0.7431607 0.7558143 0.7354786 0.7311710 0.7311710 0.7276038 0.7220923 0.7220923 0.7179982 0.7179982 0.7146859 0.7132097 0.7118194 0.7103534 0.7103534 0.6751676 0.6522257 0.6297117 0.6087425 0.5898165 0.5731611 0.5588742 0.5469859 0.5374840 0.5303271 0.5254400 0.5226964 0.5218920 0.5227986 0.5227986 0.5232019 0.5307816 0.5997927 0.6307255 0.6307255 0.6355088 0.6355088 0.6084911 0.6084911 0.5933884 0.5651054 0.5651054 0.5416288 0.5416288 0.5259646 0.5259646 0.5259646 0.5283313 0.5283313 0.5339622 0.5339622 0.5380171 0.5380171 0.5394035 0.5394035 0.5393981 0.5393981 0.5393981
0.7435986 0.7435986 0.7555440 0.7354831 0.7311388 0.7311388 0.7275849 0.7220891 0.7220891 0.7179939 0.7179939 0.7146813 0.7132062 0.7118173 0.7102938 0.7102938 0.6638016 0.6372999 0.6122619 0.5894333 0.5690712 0.5512428 0.5359399 0.5231249 0.5127506 0.5047650 0.4991050 0.4956947 0.4945974 0.4971466 0.4971466 0.5087945 0.5460594 0.6656766 0.6843104 0.6843104 0.6605760 0.6605760 0.6236826 0.6236826 0.6062811 0.5744767 0.5744767 0.5475138 0.5475138 0.5231960 0.5231960 0.5231960 0.5199476 0.5199476 0.5232027 0.5232027 0.5283101 0.5283101 0.5327530 0.5327530 0.5362880 0.5362880 0.5362880
0.7443270 0.7443270 0.7547731 0.7354136 0.7310500 0.7310500 0.7275398 0.7220843 0.7220843 0.7179887 0.7179887 0.7146752 0.7132013 0.7118139 0.7102098 0.7102098 0.6478312 0.6173607 0.5898569 0.5654863 0.5441399 0.5256452 0.5098376 0.4965803 0.4857680 0.4773215 0.4711774 0.4673278 0.4664951 0.4742582 0.4742582 0.5109882 0.5943446 0.7236297 0.7179022 0.7179022 0.6757034 0.6757034 0.6347505 0.6347505 0.6163062 0.5822802 0.5822802 0.5529213 0.5529213 0.5222853 0.5222853 0.5222853 0.5140521 0.5140521 0.5142685 0.5142685 0.5193533 0.5193533 0.5262011 0.5262011 0.5331323 0.5331323 0.5331323
