cruce_test.gid/Rasters/Hydraulic/Depth____000031.asc
NCOLS        79
NROWS        79
XLLCENTER         -1.500000
YLLCENTER         -4.800000
CELLSIZE           0.100
NODATA_VALUE     -9999.0
[rows 0 to 25 of 79, columns 0 to 56 of 79]
-9999.000 -9999.000 -9999.000 -9999.000 -9999.000 -9999.000 -9999.000 -9999.000 -9999.000 -9999.000 -9999.000 -9999.000 -9999.000 -9999.000 -9999.000 0.1870623 0.1870903 0.1869551 0.1867409 0.1864670 0.1861469 0.1857939 0.1854215 0.1850436 0.1846747 0.1843300 0.1840259 0.1837802 0.1836206 0.1838930 0.1838930 -9999.000 -9999.000 -9999.000 -9999.000 -9999.000 -9999.000 -9999.000 -9999.000 -9999.000 -9999.000 -9999.000 -9999.000 -9999.000 -9999.000 -9999.000 -9999.000 -9999.000 -9999.000 -9999.000 -9999.000 -9999.000 -9999.000 -9999.000 -9999.000 -9999.000 -9999.000
-9999.000 -9999.000 -9999.000 -9999.000 -9999.000 -9999.000 -9999.000 -9999.000 -9999.000 -9999.000 -9999.000 -9999.000 -9999.000 -9999.000 -9999.000 0.1891049 0.1891946 0.1890646 0.1888594 0.1885978 0.1882923 0.1879553 0.1876000 0.1872395 0.1868878 0.1865588 0.1862662 0.1860231 0.1858487 0.1860806 0.1860806 -9999.000 -9999.000 -9999.000 -9999.000 -9999.000 -9999.000 -9999.000 -9999.000 -9999.000 -9999.000 -9999.000 -9999.000 -9999.000 -9999.000 -9999.000 -9999.000 -9999.000 -9999.000 -9999.000 -9999.000 -9999.000 -9999.000 -9999.000 -9999.000 -9999.000 -9999.000
-9999.000 -9999.000 -9999.000 -9999.000 -9999.000 -9999.000 -9999.000 -9999.000 -9999.000 -9999.000 -9999.000 -9999.000 -9999.000 -9999.000 -9999.000 0.1913264 0.1914780 0.1913437 0.1911309 0.1908610 0.1905470 0.1902014 0.1898368 0.1894661 0.1891027 0.1887597 0.1884502 0.1881873 0.1879938 0.1882660 0.1882660 -9999.000 -9999.000 -9999.000 -9999.000 -9999.000 -9999.000 -9999.000 -9999.000 -9999.000 -9999.000 -9999.000 -9999.000 -9999.000 -9999.000 -9999.000 -9999.000 -9999.000 -9999.000 -9999.000 -9999.000 -9999.000 -9999.000 -9999.000 -9999.000 -9999.000 -9999.000
-9999.000 -9999.000 -9999.000 -9999.000 -9999.000 -9999.000 -9999.000 -9999.000 -9999.000 -9999.000 -9999.000 -9999.000 -9999.000 -9999.000 -9999.000 0.1935904 0.1937985 0.1936551 0.1934281 0.1931415 0.1928094 0.1924444 0.1920591 0.1916663 0.1912793 0.1909110 0.1905746 0.1902839 0.1900652 0.1903739 0.1903739 -9999.000 -9999.000 -9999.000 -9999.000 -9999.000 -9999.000 -9999.000 -9999.000 -9999.000 -9999.000 -9999.000 -9999.000 -9999.000 -9999.000 -9999.000 -9999.000 -9999.000 -9999.000 -9999.000 -9999.000 -9999.000 -9999.000 -9999.000 -9999.000 -9999.000 -9999.000
-9999.000 -9999.000 -9999.000 -9999.000 -9999.000 -9999.000 -9999.000 -9999.000 -9999.000 -9999.000 -9999.000 -9999.000 -9999.000 -9999.000 -9999.000 0.1958887 0.1961474 0.1959903 0.1957432 0.1954332 0.1950749 0.1946814 0.1942654 0.1938401 0.1934186 0.1930144 0.1926410 0.1923130 0.1920607 0.1924015 0.1924015 -9999.000 -9999.000 -9999.000 -9999.000 -9999.000 -9999.000 -9999.000 -9999.000 -9999.000 -9999.000 -9999.000 -9999.000 -9999.000 -9999.000 -9999.000 -9999.000 -9999.000 -9999.000 -9999.000 -9999.000 -9999.000 -9999.000 -9999.000 -9999.000 -9999.000 -9999.000
-9999.000 -9999.000 -9999.000 -9999.000 -9999.000 -9999.000 -9999.000 -9999.000 -9999.000 -9999.000 -9999.000 -9999.000 -9999.000 -9999.000 -9999.000 0.1982157 0.1985170 0.1983417 0.1980697 0.1977302 0.1973388 0.1969087 0.1964531 0.1959854 0.1955191 0.1950680 0.1946464 0.1942701 0.1939734 0.1943416 0.1943416 -9999.000 -9999.000 -9999.000 -9999.000 -9999.000 -9999.000 -9999.000 -9999.000 -9999.000 -9999.000 -9999.000 -9999.000 -9999.000 -9999.000 -9999.000 -9999.000 -9999.000 -9999.000 -9999.000 -9999.000 -9999.000 -9999.000 -9999.000 -9999.000 -9999.000 -9999.000
-9999.000 -9999.000 -9999.000 -9999.000 -9999.000 -9999.000 -9999.000 -9999.000 -9999.000 -9999.000 -9999.000 -9999.000 -9999.000 -9999.000 -9999.000 0.2005667 0.2009004 0.2007021 0.2004007 0.2000267 0.1995958 0.1991218 0.1986181 0.1980983 0.1975763 0.1970664 0.1965837 0.1961455 0.1957903 0.1961808 0.1961808 -9999.000 -9999.000 -9999.000 -9999.000 -9999.000 -9999.000 -9999.000 -9999.000 -9999.000 -9999.000 -9999.000 -9999.000 -9999.000 -9999.000 -9999.000 -9999.000 -9999.000 -9999.000 -9999.000 -9999.000 -9999.000 -9999.000 -9999.000 -9999.000 -9999.000 -9999.000
-9999.000 -9999.000 -9999.000 -9999.000 -9999.000 -9999.000 -9999.000 -9999.000 -9999.000 -9999.000 -9999.000 -9999.000 -9999.000 -9999.000 -9999.000 0.2029380 0.2032906 0.2030642 0.2027293 0.2023160 0.2018400 0.2013150 0.2007546 0.2001725 0.1995829 0.1990003 0.1984409 0.1979233 0.1974907 0.1978962 0.1978962 -9999.000 -9999.000 -9999.000 -9999.000 -9999.000 -9999.000 -9999.000 -9999.000 -9999.000 -9999.000 -9999.000 -9999.000 -9999.000 -9999.000 -9999.000 -9999.000 -9999.000 -9999.000 -9999.000 -9999.000 -9999.000 -9999.000 -9999.000 -9999.000 -9999.000 -9999.000
-9999.000 -9999.000 -9999.000 -9999.000 -9999.000 -9999.000 -9999.000 -9999.000 -9999.000 -9999.000 -9999.000 -9999.000 -9999.000 -9999.000 -9999.000 0.2053247 0.2056800 0.2054195 0.2050475 0.2045907 0.2040640 0.2034809 0.2028547 0.2021990 0.2015278 0.2008557 0.2001994 0.1995790 0.1990422 0.1994507 0.1994507 -9999.000 -9999.000 -9999.000 -9999.000 -9999.000 -9999.000 -9999.000 -9999.000 -9999.000 -9999.000 -9999.000 -9999.000 -9999.000 -9999.000 -9999.000 -9999.000 -9999.000 -9999.000 -9999.000 -9999.000 -9999.000 -9999.000 -9999.000 -9999.000 -9999.000 -9999.000
-9999.000 -9999.000 -9999.000 -9999.000 -9999.000 -9999.000 -9999.000 -9999.000 -9999.000 -9999.000 -9999.000 -9999.000 -9999.000 -9999.000 -9999.000 0.2077195 0.2080592 0.2077582 0.2073455 0.2068412 0.2062584 0.2056096 0.2049076 0.2041652 0.2033954 0.2026124 0.2018321 0.2010758 0.2003951 0.2007843 0.2007843 -9999.000 -9999.000 -9999.000 -9999.000 -9999.000 -9999.000 -9999.000 -9999.000 -9999.000 -9999.000 -9999.000 -9999.000 -9999.000 -9999.000 -9999.000 -9999.000 -9999.000 -9999.000 -9999.000 -9999.000 -9999.000 -9999.000 -9999.000 -9999.000 -9999.000 -9999.000
-9999.000 -9999.000 -9999.000 -9999.000 -9999.000 -9999.000 -9999.000 -9999.000 -9999.000 -9999.000 -9999.000 -9999.000 -9999.000 -9999.000 -9999.000 0.2101101 0.2104158 0.2100679 0.2096115 0.2090558 0.2084112 0.2076885 0.2068991 0.2060541 0.2051643 0.2042416 0.2032998 0.2023585 0.2014715 0.2017967 0.2017967 -9999.000 -9999.000 -9999.000 -9999.000 -9999.000 -9999.000 -9999.000 -9999.000 -9999.000 -9999.000 -9999.000 -9999.000 -9999.000 -9999.000 -9999.000 -9999.000 -9999.000 -9999.000 -9999.000 -9999.000 -9999.000 -9999.000 -9999.000 -9999.000 -9999.000 -9999.000
-9999.000 -9999.000 -9999.000 -9999.000 -9999.000 -9999.000 -9999.000 -9999.000 -9999.000 -9999.000 -9999.000 -9999.000 -9999.000 -9999.000 -9999.000 0.2124767 0.2127332 0.2123329 0.2118302 0.2112194 0.2105068 0.2097009 0.2088103 0.2078429 0.2068050 0.2057031 0.2045445 0.2033421 0.2021448 0.2023092 0.2023092 -9999.000 -9999.000 -9999.000 -9999.000 -9999.000 -9999.000 -9999.000 -9999.000 -9999.000 -9999.000 -9999.000 -9999.000 -9999.000 -9999.000 -9999.000 -9999.000 -9999.000 -9999.000 -9999.000 -9999.000 -9999.000 -9999.000 -9999.000 -9999.000 -9999.000 -9999.000
-9999.000 -9999.000 -9999.000 -9999.000 -9999.000 -9999.000 -9999.000 -9999.000 -9999.000 -9999.000 -9999.000 -9999.000 -9999.000 -9999.000 -9999.000 0.2147887 0.2149886 0.2145330 0.2139822 0.2133126 0.2125251 0.2116248 0.2106161 0.2095006 0.2082767 0.2069390 0.2054794 0.2038905 0.2021956 0.2019701 0.2019701 -9999.000 -9999.000 -9999.000 -9999.000 -9999.000 -9999.000 -9999.000 -9999.000 -9999.000 -9999.000 -9999.000 -9999.000 -9999.000 -9999.000 -9999.000 -9999.000 -9999.000 -9999.000 -9999.000 -9999.000 -9999.000 -9999.000 -9999.000 -9999.000 -9999.000 -9999.000
-9999.000 -9999.000 -9999.000 -9999.000 -9999.000 -9999.000 -9999.000 -9999.000 -9999.000 -9999.000 -9999.000 -9999.000 -9999.000 -9999.000 -9999.000 0.2169954 0.2171488 0.2166416 0.2160430 0.2153114 0.2144413 0.2134329 0.2122840 0.2109862 0.2095225 0.2078643 0.2059676 0.2037699 0.2012042 0.1999654 0.1999654 -9999.000 -9999.000 -9999.000 -9999.000 -9999.000 -9999.000 -9999.000 -9999.000 -9999.000 -9999.000 -9999.000 -9999.000 -9999.000 -9999.000 -9999.000 -9999.000 -9999.000 -9999.000 -9999.000 -9999.000 -9999.000 -9999.000 -9999.000 -9999.000 -9999.000 -9999.000
-9999.000 -9999.000 -9999.000 -9999.000 -9999.000 -9999.000 -9999.000 -9999.000 -9999.000 -9999.000 -9999.000 -9999.000 -9999.000 -9999.000 -9999.000 0.2185492 0.2190678 0.2186329 0.2180459 0.2172717 0.2163119 0.2151694 0.2138382 0.2122978 0.2105063 0.2083911 0.2058284 0.2026034 0.1983171 0.1936345 0.1936345 -9999.000 -9999.000 -9999.000 -9999.000 -9999.000 -9999.000 -9999.000 -9999.000 -9999.000 -9999.000 -9999.000 -9999.000 -9999.000 -9999.000 -9999.000 -9999.000 -9999.000 -9999.000 -9999.000 -9999.000 -9999.000 -9999.000 -9999.000 -9999.000 -9999.000 -9999.000
0.1820671 0.1820671 0.1861176 0.1906157 0.1925967 0.1925967 0.1944769 0.1985319 0.1985319 0.2033543 0.2033543 0.2092183 0.2127500 0.2168539 0.2216433 0.2216433 0.2262515 0.2254093 0.2241897 0.2226001 0.2207128 0.2185982 0.2162898 0.2137610 0.2109010 0.2074668 0.2029593 0.1962673 0.1844406 0.1543936 0.1543936 0.6022622E-01 0.3736003E-01 0.2727825E-01 0.2816702E-01 0.2816702E-01 0.3678148E-01 0.3678148E-01 0.5486764E-01 0.5486764E-01 0.1001512 0.1166331 0.1166331 0.1191524 0.1191524 0.1209299 0.1209299 0.1209299 0.1189486 0.1189486 0.1168167 0.1168167 0.1145399 0.1145399 0.1128041 0.1128041 0.1092629
0.1812047 0.1812047 0.1858308 0.1903423 0.1923408 0.1923408 0.1942330 0.1983106 0.1983106 0.2031543 0.2031543 0.2089035 0.2121595 0.2156291 0.2191668 0.2191668 0.2219814 0.2217891 0.2212993 0.2204547 0.2192126 0.2175432 0.2154221 0.2128103 0.2096187 0.2056519 0.2005078 0.1933636 0.1823615 0.1612339 0.1612339 0.9800075E-01 0.7590848E-01 0.5788433E-01 0.5361156E-01 0.5361156E-01 0.5163054E-01 0.5163054E-01 0.5886088E-01 0.5886088E-01 0.8125022E-01 0.1168770 0.1168770 0.1197759 0.1197759 0.1208862 0.1208862 0.1208862 0.1186959 0.1186959 0.1165897 0.1165897 0.1142940 0.1142940 0.1132094 0.1132094 0.1091007
0.1806924 0.1806924 0.1857577 0.1902565 0.1922314 0.1922314 0.1940835 0.1980234 0.1980234 0.2025944 0.2025944 0.2077925 0.2106064 0.2134981 0.2163420 0.2163420 0.2183004 0.2180421 0.2175472 0.2167976 0.2157433 0.2143175 0.2124406 0.2100154 0.2069110 0.2029270 0.1977202 0.1906500 0.1803541 0.1628193 0.1628193 0.1132269 0.9214364E-01 0.7287388E-01 0.6775314E-01 0.6775314E-01 0.6420007E-01 0.6420007E-01 0.6828895E-01 0.6828895E-01 0.7887365E-01 0.1130071 0.1130071 0.1207616 0.1207616 0.1214044 0.1214044 0.1214044 0.1185451 0.1185451 0.1164165 0.1164165 0.1141408 0.1141408 0.1124923 0.1124923 0.1092967
0.1802058 0.1802058 0.1856795 0.1901472 0.1920865 0.1920865 0.1938849 0.1976516 0.1976516 0.2019089 0.2019089 0.2065553 0.2089747 0.2113927 0.2137115 0.2137115 0.2148814 0.2144439 0.2137967 0.2129418 0.2118398 0.2104239 0.2086051 0.2062701 0.2032726 0.1994090 0.1943686 0.1876201 0.1780955 0.1628606 0.1628606 0.1232991 0.1038886 0.8541243E-01 0.8059604E-01 0.8059604E-01 0.7770664E-01 0.7770664E-01 0.8027690E-01 0.8027690E-01 0.8461570E-01 0.1068926 0.1068926 0.1195711 0.1195711 0.1208447 0.1208447 0.1208447 0.1183109 0.1183109 0.1160717 0.1160717 0.1137836 0.1137836 0.1119719 0.1119719 0.1092278
0.1797400 0.1797400 0.1856014 0.1900129 0.1919058 0.1919058 0.1936384 0.1972034 0.1972034 0.2011179 0.2011179 0.2052089 0.2072560 0.2092452 0.2111042 0.2111042 0.2114779 0.2108123 0.2099772 0.2089716 0.2077582 0.2062729 0.2044285 0.2021143 0.1991886 0.1954622 0.1906597 0.1843333 0.1756184 0.1622169 0.1622169 0.1302228 0.1127502 0.9668888E-01 0.9312773E-01 0.9312773E-01 0.9176782E-01 0.9176782E-01 0.9257723E-01 0.9257723E-01 0.9348247E-01 0.1036139 0.1036139 0.1160018 0.1160018 0.1197400 0.1197400 0.1197400 0.1176901 0.1176901 0.1154560 0.1154560 0.1131868 0.1131868 0.1112881 0.1112881 0.1088955
0.1793069 0.1793069 0.1855230 0.1898609 0.1916996 0.1916996 0.1933585 0.1967038 0.1967038 0.2002589 0.2002589 0.2037887 0.2054677 0.2070360 0.2084420 0.2084420 0.2079372 0.2069992 0.2059596 0.2047994 0.2034718 0.2019098 0.2000289 0.1977255 0.1948719 0.1913028 0.1867853 0.1809486 0.1730885 0.1613375 0.1613375 0.1353641 0.1201745 0.1081070 0.1063077 0.1063077 0.1057334 0.1057334 0.1038643 0.1038643 0.1025289 0.1042136 0.1042136 0.1120445 0.1120445 0.1176440 0.1176440 0.1176440 0.1164675 0.1164675 0.1144970 0.1144970 0.1123491 0.1123491 0.1104570 0.1104570 0.1083576
0.1789193 0.1789193 0.1854456 0.1896991 0.1914787 0.1914787 0.1930595 0.1961773 0.1961773 0.1993674 0.1993674 0.2023315 0.2036353 0.2047648 0.2056801 0.2056801 0.2041289 0.2028687 0.2016105 0.2003042 0.1988823 0.1972677 0.1953750 0.1931088 0.1903603 0.1869968 0.1828363 0.1775885 0.1706912 0.1606103 0.1606103 0.1398461 0.1275053 0.1206338 0.1202434 0.1202434 0.1185380 0.1185380 0.1135369 0.1135369 0.1106427 0.1073122 0.1073122 0.1096928 0.1096928 0.1148276 0.1148276 0.1148276 0.1145676 0.1145676 0.1130994 0.1130994 0.1112277 0.1112277 0.1094649 0.1094649 0.1076518
0.1785912 0.1785912 0.1853722 0.1895352 0.1912539 0.1912539 0.1927556 0.1956469 0.1956469 0.1984766 0.1984766 0.2008746 0.2017900 0.2024439 0.2027888 0.2027888 0.1999052 0.1982680 0.1967808 0.1953460 0.1938628 0.1922361 0.1903751 0.1881932 0.1856062 0.1825272 0.1788435 0.1743612 0.1686606 0.1605107 0.1605107 0.1448321 0.1360953 0.1342108 0.1339975 0.1339975 0.1293486 0.1293486 0.1215593 0.1215593 0.1176047 0.1113870 0.1113870 0.1094445 0.1094445 0.1120113 0.1120113 0.1120113 0.1121822 0.1121822 0.1112507 0.1112507 0.1097859 0.1097859 0.1082879 0.1082879 0.1068009
0.1783373 0.1783373 0.1853056 0.1893766 0.1910348 0.1910348 0.1924599 0.1951335 0.1951335 0.1976173 0.1976173 0.1994576 0.1999712 0.2001012 0.1997533 0.1997533 0.1950715 0.1930011 0.1912861 0.1897554 0.1882596 0.1866763 0.1849050 0.1828690 0.1805200 0.1778432 0.1748350 0.1714367 0.1673791 0.1616680 0.1616680 0.1515871 0.1469942 0.1476037 0.1462597 0.1462597 0.1380055 0.1380055 0.1281478 0.1281478 0.1234760 0.1155332 0.1155332 0.1107006 0.1107006 0.1098434 0.1098434 0.1098434 0.1097076 0.1097076 0.1090824 0.1090824 0.1080453 0.1080453 0.1069194 0.1069194 0.1058229
0.1781729 0.1781729 0.1852481 0.1892297 0.1908306 0.1908306 0.1921840 0.1946562 0.1946562 0.1968182 0.1968182 0.1981232 0.1982289 0.1977867 0.1965860 0.1965860 0.1893501 0.1868002 0.1848825 0.1833154 0.1818802 0.1804169 0.1788098 0.1769960 0.1749844 0.1728892 0.1708994 0.1691562 0.1675145 0.1650656 0.1650656 0.1606757 0.1601261 0.1593873 0.1567003 0.1567003 0.1448238 0.1448238 0.1334948 0.1334948 0.1283231 0.1192963 0.1192963 0.1126538 0.1126538 0.1085661 0.1085661 0.1085661 0.1075345 0.1075345 0.1068388 0.1068388 0.1061142 0.1061142 0.1053976 0.1053976 0.1047483
0.1781126 0.1781126 0.1852019 0.1891003 0.1906489 0.1906489 0.1919383 0.1942316 0.1942316 0.1961056 0.1961056 0.1969153 0.1966227 0.1955790 0.1933530 0.1933530 0.1823276 0.1792840 0.1772326 0.1757329 0.1744712 0.1732376 0.1718930 0.1703949 0.1688518 0.1676309 0.1672744 0.1681567 0.1700193 0.1717234 0.1717234 0.1726681 0.1735339 0.1689233 0.1641331 0.1641331 0.1503095 0.1503095 0.1377621 0.1377621 0.1322303 0.1225032 0.1225032 0.1147426 0.1147426 0.1080757 0.1080757 0.1080757 0.1058927 0.1058927 0.1047855 0.1047855 0.1041733 0.1041733 0.1038200 0.1038200 0.1036351
