cruce_test.gid/Rasters/Hydraulic/Depth____000043.asc
NCOLS        79
NROWS        79
XLLCENTER         -1.500000
YLLCENTER         -4.800000
CELLSIZE           0.100
NODATA_VALUE     -9999.0
[rows 0 to 25 of 79, columns 0 to 56 of 79]
-9999.000 -9999.000 -9999.000 -9999.000 -9999.000 -9999.000 -9999.000 -9999.000 -9999.000 -9999.000 -9999.000 -9999.000 -9999.000 -9999.000 -9999.000 0.2251310 0.2252244 0.2251199 0.2249439 0.2247138 0.2244390 0.2241284 0.2237915 0.2234387 0.2230819 0.2227341 0.2224103 0.2221281 0.2219196 0.2222128 0.2222128 -9999.000 -9999.000 -9999.000 -9999.000 -9999.000 -9999.000 -9999.000 -9999.000 -9999.000 -9999.000 -9999.000 -9999.000 -9999.000 -9999.000 -9999.000 -9999.000 -9999.000 -9999.000 -9999.000 -9999.000 -9999.000 -9999.000 -9999.000 -9999.000 -9999.000 -9999.000
-9999.000 -9999.000 -9999.000 -9999.000 -9999.000 -9999.000 -9999.000 -9999.000 -9999.000 -9999.000 -9999.000 -9999.000 -9999.000 -9999.000 -9999.000 0.2270858 0.2272186 0.2271158 0.2269482 0.2267315 0.2264739 0.2261835 0.2258694 0.2255416 0.2252112 0.2248899 0.2245900 0.2243236 0.2241130 0.2243755 0.2243755 -9999.000 -9999.000 -9999.000 -9999.000 -9999.000 -9999.000 -9999.000 -9999.000 -9999.000 -9999.000 -9999.000 -9999.000 -9999.000 -9999.000 -9999.000 -9999.000 -9999.000 -9999.000 -9999.000 -9999.000 -9999.000 -9999.000 -9999.000 -9999.000 -9999.000 -9999.000
-9999.000 -9999.000 -9999.000 -9999.000 -9999.000 -9999.000 -9999.000 -9999.000 -9999.000 -9999.000 -9999.000 -9999.000 -9999.000 -9999.000 -9999.000 0.2291893 0.2293766 0.2292725 0.2291020 0.2288827 0.2286230 0.2283307 0.2280143 0.2276832 0.2273475 0.2270179 0.2267053 0.2264213 0.2261911 0.2264962 0.2264962 -9999.000 -9999.000 -9999.000 -9999.000 -9999.000 -9999.000 -9999.000 -9999.000 -9999.000 -9999.000 -9999.000 -9999.000 -9999.000 -9999.000 -9999.000 -9999.000 -9999.000 -9999.000 -9999.000 -9999.000 -9999.000 -9999.000 -9999.000 -9999.000 -9999.000 -9999.000
-9999.000 -9999.000 -9999.000 -9999.000 -9999.000 -9999.000 -9999.000 -9999.000 -9999.000 -9999.000 -9999.000 -9999.000 -9999.000 -9999.000 -9999.000 0.2313328 0.2315680 0.2314597 0.2312821 0.2310546 0.2307856 0.2304827 0.2301542 0.2298088 0.2294562 0.2291067 0.2287708 0.2284599 0.2282016 0.2285415 0.2285415 -9999.000 -9999.000 -9999.000 -9999.000 -9999.000 -9999.000 -9999.000 -9999.000 -9999.000 -9999.000 -9999.000 -9999.000 -9999.000 -9999.000 -9999.000 -9999.000 -9999.000 -9999.000 -9999.000 -9999.000 -9999.000 -9999.000 -9999.000 -9999.000 -9999.000 -9999.000
-9999.000 -9999.000 -9999.000 -9999.000 -9999.000 -9999.000 -9999.000 -9999.000 -9999.000 -9999.000 -9999.000 -9999.000 -9999.000 -9999.000 -9999.000 0.2335085 0.2337842 0.2336685 0.2334800 0.2332394 0.2329552 0.2326346 0.2322856 0.2319169 0.2315377 0.2311580 0.2307883 0.2304402 0.2301437 0.2305119 0.2305119 -9999.000 -9999.000 -9999.000 -9999.000 -9999.000 -9999.000 -9999.000 -9999.000 -9999.000 -9999.000 -9999.000 -9999.000 -9999.000 -9999.000 -9999.000 -9999.000 -9999.000 -9999.000 -9999.000 -9999.000 -9999.000 -9999.000 -9999.000 -9999.000 -9999.000 -9999.000
-9999.000 -9999.000 -9999.000 -9999.000 -9999.000 -9999.000 -9999.000 -9999.000 -9999.000 -9999.000 -9999.000 -9999.000 -9999.000 -9999.000 -9999.000 0.2357097 0.2360177 0.2358912 0.2356886 0.2354309 0.2351264 0.2347821 0.2344055 0.2340050 0.2335899 0.2331700 0.2327556 0.2323587 0.2320117 0.2324019 0.2324019 -9999.000 -9999.000 -9999.000 -9999.000 -9999.000 -9999.000 -9999.000 -9999.000 -9999.000 -9999.000 -9999.000 -9999.000 -9999.000 -9999.000 -9999.000 -9999.000 -9999.000 -9999.000 -9999.000 -9999.000 -9999.000 -9999.000 -9999.000 -9999.000 -9999.000 -9999.000
-9999.000 -9999.000 -9999.000 -9999.000 -9999.000 -9999.000 -9999.000 -9999.000 -9999.000 -9999.000 -9999.000 -9999.000 -9999.000 -9999.000 -9999.000 0.2379306 0.2382616 0.2381209 0.2379014 0.2376232 0.2372941 0.2369205 0.2365097 0.2360696 0.2356092 0.2351381 0.2346667 0.2342070 0.2337937 0.2341988 0.2341988 -9999.000 -9999.000 -9999.000 -9999.000 -9999.000 -9999.000 -9999.000 -9999.000 -9999.000 -9999.000 -9999.000 -9999.000 -9999.000 -9999.000 -9999.000 -9999.000 -9999.000 -9999.000 -9999.000 -9999.000 -9999.000 -9999.000 -9999.000 -9999.000 -9999.000 -9999.000
-9999.000 -9999.000 -9999.000 -9999.000 -9999.000 -9999.000 -9999.000 -9999.000 -9999.000 -9999.000 -9999.000 -9999.000 -9999.000 -9999.000 -9999.000 0.2401658 0.2405094 0.2403508 0.2401118 0.2398102 0.2394526 0.2390447 0.2385930 0.2381051 0.2375893 0.2370546 0.2365112 0.2359710 0.2354700 0.2358800 0.2358800 -9999.000 -9999.000 -9999.000 -9999.000 -9999.000 -9999.000 -9999.000 -9999.000 -9999.000 -9999.000 -9999.000 -9999.000 -9999.000 -9999.000 -9999.000 -9999.000 -9999.000 -9999.000 -9999.000 -9999.000 -9999.000 -9999.000 -9999.000 -9999.000 -9999.000 -9999.000
-9999.000 -9999.000 -9999.000 -9999.000 -9999.000 -9999.000 -9999.000 -9999.000 -9999.000 -9999.000 -9999.000 -9999.000 -9999.000 -9999.000 -9999.000 0.2424094 0.2427542 0.2425736 0.2423130 0.2419854 0.2415956 0.2411482 0.2406488 0.2401039 0.2395208 0.2389076 0.2382732 0.2376286 0.2370102 0.2374083 0.2374083 -9999.000 -9999.000 -9999.000 -9999.000 -9999.000 -9999.000 -9999.000 -9999.000 -9999.000 -9999.000 -9999.000 -9999.000 -9999.000 -9999.000 -9999.000 -9999.000 -9999.000 -9999.000 -9999.000 -9999.000 -9999.000 -9999.000 -9999.000 -9999.000 -9999.000 -9999.000
-9999.000 -9999.000 -9999.000 -9999.000 -9999.000 -9999.000 -9999.000 -9999.000 -9999.000 -9999.000 -9999.000 -9999.000 -9999.000 -9999.000 -9999.000 0.2446535 0.2449878 0.2447812 0.2444969 0.2441407 0.2437151 0.2432228 0.2426680 0.2420555 0.2413908 0.2406799 0.2399291 0.2391470 0.2383674 0.2387230 0.2387230 -9999.000 -9999.000 -9999.000 -9999.000 -9999.000 -9999.000 -9999.000 -9999.000 -9999.000 -9999.000 -9999.000 -9999.000 -9999.000 -9999.000 -9999.000 -9999.000 -9999.000 -9999.000 -9999.000 -9999.000 -9999.000 -9999.000 -9999.000 -9999.000 -9999.000 -9999.000
-9999.000 -9999.000 -9999.000 -9999.000 -9999.000 -9999.000 -9999.000 -9999.000 -9999.000 -9999.000 -9999.000 -9999.000 -9999.000 -9999.000 -9999.000 0.2468871 0.2472003 0.2469636 0.2466537 0.2462666 0.2458010 0.2452577 0.2446384 0.2439453 0.2431808 0.2423467 0.2414446 0.2404767 0.2394684 0.2397214 0.2397214 -9999.000 -9999.000 -9999.000 -9999.000 -9999.000 -9999.000 -9999.000 -9999.000 -9999.000 -9999.000 -9999.000 -9999.000 -9999.000 -9999.000 -9999.000 -9999.000 -9999.000 -9999.000 -9999.000 -9999.000 -9999.000 -9999.000 -9999.000 -9999.000 -9999.000 -9999.000
-9999.000 -9999.000 -9999.000 -9999.000 -9999.000 -9999.000 -9999.000 -9999.000 -9999.000 -9999.000 -9999.000 -9999.000 -9999.000 -9999.000 -9999.000 0.2490940 0.2493787 0.2491085 0.2487713 0.2483504 0.2478403 0.2472385 0.2465433 0.2457530 0.2448645 0.2438723 0.2427682 0.2415409 0.2401945 0.2402189 0.2402189 -9999.000 -9999.000 -9999.000 -9999.000 -9999.000 -9999.000 -9999.000 -9999.000 -9999.000 -9999.000 -9999.000 -9999.000 -9999.000 -9999.000 -9999.000 -9999.000 -9999.000 -9999.000 -9999.000 -9999.000 -9999.000 -9999.000 -9999.000 -9999.000 -9999.000 -9999.000
-9999.000 -9999.000 -9999.000 -9999.000 -9999.000 -9999.000 -9999.000 -9999.000 -9999.000 -9999.000 -9999.000 -9999.000 -9999.000 -9999.000 -9999.000 0.2512513 0.2515055 0.2511998 0.2508335 0.2503757 0.2498153 0.2491454 0.2483597 0.2474499 0.2464039 0.2452034 0.2438208 0.2422157 0.2403406 0.2398491 0.2398491 -9999.000 -9999.000 -9999.000 -9999.000 -9999.000 -9999.000 -9999.000 -9999.000 -9999.000 -9999.000 -9999.000 -9999.000 -9999.000 -9999.000 -9999.000 -9999.000 -9999.000 -9999.000 -9999.000 -9999.000 -9999.000 -9999.000 -9999.000 -9999.000 -9999.000 -9999.000
-9999.000 -9999.000 -9999.000 -9999.000 -9999.000 -9999.000 -9999.000 -9999.000 -9999.000 -9999.000 -9999.000 -9999.000 -9999.000 -9999.000 -9999.000 0.2533165 0.2535521 0.2532136 0.2528189 0.2523212 0.2517034 0.2509529 0.2500562 0.2489952 0.2477426 0.2462566 0.2444721 0.2422840 0.2395180 0.2377642 0.2377642 -9999.000 -9999.000 -9999.000 -9999.000 -9999.000 -9999.000 -9999.000 -9999.000 -9999.000 -9999.000 -9999.000 -9999.000 -9999.000 -9999.000 -9999.000 -9999.000 -9999.000 -9999.000 -9999.000 -9999.000 -9999.000 -9999.000 -9999.000 -9999.000 -9999.000 -9999.000
-9999.000 -9999.000 -9999.000 -9999.000 -9999.000 -9999.000 -9999.000 -9999.000 -9999.000 -9999.000 -9999.000 -9999.000 -9999.000 -9999.000 -9999.000 0.2545244 0.2552740 0.2550732 0.2547481 0.2542611 0.2536006 0.2527559 0.2517108 0.2504374 0.2488881 0.2469821 0.2445813 0.2414308 0.2369956 0.2312669 0.2312669 -9999.000 -9999.000 -9999.000 -9999.000 -9999.000 -9999.000 -9999.000 -9999.000 -9999.000 -9999.000 -9999.000 -9999.000 -9999.000 -9999.000 -9999.000 -9999.000 -9999.000 -9999.000 -9999.000 -9999.000 -9999.000 -9999.000 -9999.000 -9999.000 -9999.000 -9999.000
0.2032418 0.2032418 0.2128187 0.2187225 0.2214363 0.2214363 0.2240759 0.2293289 0.2293289 0.2349342 0.2349342 0.2415684 0.2456103 0.2504226 0.2562882 0.2562882 0.2628421 0.2627615 0.2623432 0.2614906 0.2601832 0.2584417 0.2563014 0.2537730 0.2507947 0.2471630 0.2423916 0.2353358 0.2228886 0.1906060 0.1906060 0.8273233E-01 0.5857868E-01 0.5042188E-01 0.5303538E-01 0.5303538E-01 0.6561371E-01 0.6561371E-01 0.8703181E-01 0.8703181E-01 0.1081889 0.1520613 0.1520613 0.1552888 0.1552888 0.1556114 0.1556114 0.1556114 0.1514497 0.1514497 0.1479433 0.1479433 0.1451145 0.1451145 0.1402763 0.1402763 0.1371630
0.2021347 0.2021347 0.2123713 0.2183609 0.2210839 0.2210839 0.2237278 0.2289843 0.2289843 0.2345829 0.2345829 0.2411120 0.2449173 0.2491155 0.2535726 0.2535726 0.2574764 0.2577292 0.2578222 0.2576708 0.2571772 0.2562372 0.2547453 0.2525907 0.2496379 0.2456760 0.2403079 0.2327017 0.2208934 0.1980580 0.1980580 0.1237860 0.9850916E-01 0.7905006E-01 0.7521996E-01 0.7521996E-01 0.7567379E-01 0.7567379E-01 0.8737508E-01 0.8737508E-01 0.1006688 0.1505404 0.1505404 0.1556680 0.1556680 0.1556190 0.1556190 0.1556190 0.1511434 0.1511434 0.1476507 0.1476507 0.1454620 0.1454620 0.1400605 0.1400605 0.1369730
0.2014576 0.2014576 0.2122935 0.2183069 0.2210121 0.2210121 0.2236266 0.2287761 0.2287761 0.2341404 0.2341404 0.2401345 0.2434592 0.2469728 0.2505353 0.2505353 0.2531687 0.2531742 0.2530591 0.2527995 0.2523213 0.2515184 0.2502604 0.2483903 0.2457137 0.2419691 0.2367593 0.2293858 0.2183665 0.1993056 0.1993056 0.1417563 0.1174098 0.9540340E-01 0.8993337E-01 0.8993337E-01 0.8722328E-01 0.8722328E-01 0.9414541E-01 0.9414541E-01 0.1020986 0.1408018 0.1408018 0.1560344 0.1560344 0.1563593 0.1563593 0.1563593 0.1510387 0.1510387 0.1475007 0.1475007 0.1447540 0.1447540 0.1402768 0.1402768 0.1370419
0.2008768 0.2008768 0.2122291 0.2182423 0.2209228 0.2209228 0.2234987 0.2285099 0.2285099 0.2335884 0.2335884 0.2390087 0.2418798 0.2448090 0.2476808 0.2476808 0.2491974 0.2488937 0.2484934 0.2479923 0.2473308 0.2464124 0.2451102 0.2432667 0.2406854 0.2371088 0.2321674 0.2252561 0.2151752 0.1986079 0.1986079 0.1532723 0.1309075 0.1093623 0.1039715 0.1039715 0.1010960 0.1010960 0.1049732 0.1049732 0.1088310 0.1319917 0.1319917 0.1528318 0.1528318 0.1554141 0.1554141 0.1554141 0.1509308 0.1509308 0.1472532 0.1472532 0.1442786 0.1442786 0.1402617 0.1402617 0.1369749
0.2003943 0.2003943 0.2121719 0.2181628 0.2208108 0.2208108 0.2233387 0.2281840 0.2281840 0.2329376 0.2329376 0.2377552 0.2401813 0.2425643 0.2448170 0.2448170 0.2451912 0.2445357 0.2438434 0.2430988 0.2422382 0.2411656 0.2397585 0.2378680 0.2353117 0.2318584 0.2271882 0.2207922 0.2116869 0.1971553 0.1971553 0.1609628 0.1411252 0.1222085 0.1180636 0.1180636 0.1162391 0.1162391 0.1173752 0.1173752 0.1182078 0.1280660 0.1280660 0.1463438 0.1463438 0.1535813 0.1535813 0.1535813 0.1503080 0.1503080 0.1467131 0.1467131 0.1436058 0.1436058 0.1399570 0.1399570 0.1367634
0.2000148 0.2000148 0.2121210 0.2180725 0.2206821 0.2206821 0.2231552 0.2278171 0.2278171 0.2322245 0.2322245 0.2364260 0.2384081 0.2402501 0.2418846 0.2418846 0.2409603 0.2398909 0.2388932 0.2379210 0.2368896 0.2356911 0.2342013 0.2322787 0.2297603 0.2264510 0.2220945 0.2162828 0.2082166 0.1955613 0.1955613 0.1665711 0.1497559 0.1353780 0.1330269 0.1330269 0.1316497 0.1316497 0.1294937 0.1294937 0.1279985 0.1289831 0.1289831 0.1398633 0.1398633 0.1501630 0.1501630 0.1501630 0.1487340 0.1487340 0.1457038 0.1457038 0.1426907 0.1426907 0.1393926 0.1393926 0.1364162
0.1997434 0.1997434 0.2120764 0.2179760 0.2205433 0.2205433 0.2229578 0.2274282 0.2274282 0.2314839 0.2314839 0.2350709 0.2366086 0.2378963 0.2388658 0.2388658 0.2363565 0.2347945 0.2334670 0.2322817 0.2311169 0.2298413 0.2283203 0.2264159 0.2239849 0.2208782 0.2169252 0.2118338 0.2049750 0.1943039 0.1943039 0.1715227 0.1583685 0.1498907 0.1488913 0.1488913 0.1460743 0.1460743 0.1403217 0.1403217 0.1370633 0.1327266 0.1327266 0.1360179 0.1360179 0.1455728 0.1455728 0.1455728 0.1460267 0.1460267 0.1440246 0.1440246 0.1414323 0.1414323 0.1385691 0.1385691 0.1359432
0.1995853 0.1995853 0.2120388 0.2178779 0.2204011 0.2204011 0.2227558 0.2270353 0.2270353 0.2307471 0.2307471 0.2337355 0.2348310 0.2355433 0.2357651 0.2357651 0.2312156 0.2290694 0.2273846 0.2260023 0.2247478 0.2234537 0.2219660 0.2201448 0.2178665 0.2150438 0.2116409 0.2075193 0.2022205 0.1939811 0.1939811 0.1772618 0.1685206 0.1656910 0.1645845 0.1645845 0.1585045 0.1585045 0.1495453 0.1495453 0.1450168 0.1375132 0.1375132 0.1352049 0.1352049 0.1409131 0.1409131 0.1409131 0.1424308 0.1424308 0.1415919 0.1415919 0.1397272 0.1397272 0.1374676 0.1374676 0.1353423
0.1995456 0.1995456 0.2120092 0.2177827 0.2202618 0.2202618 0.2225582 0.2266547 0.2266547 0.2300417 0.2300417 0.2324621 0.2331252 0.2332440 0.2326125 0.2326125 0.2253244 0.2224949 0.2204296 0.2188767 0.2175886 0.2163475 0.2149702 0.2133077 0.2112558 0.2088185 0.2062095 0.2035208 0.2004503 0.1954802 0.1954802 0.1852627 0.1813180 0.1814369 0.1785606 0.1785606 0.1686115 0.1686115 0.1572294 0.1572294 0.1518083 0.1423372 0.1423372 0.1364489 0.1364489 0.1371828 0.1371828 0.1371828 0.1385393 0.1385393 0.1385473 0.1385473 0.1375486 0.1375486 0.1360700 0.1360700 0.1346070
0.1996291 0.1996291 0.2119894 0.2176945 0.2201314 0.2201314 0.2223730 0.2263008 0.2263008 0.2293913 0.2293913 0.2312886 0.2315407 0.2310636 0.2294750 0.2294750 0.2183896 0.2147817 0.2123250 0.2106457 0.2094014 0.2083066 0.2071364 0.2057234 0.2039788 0.2020532 0.2006815 0.2002928 0.2005765 0.1998672 0.1998672 0.1963116 0.1966142 0.1957078 0.1900357 0.1900357 0.1765958 0.1765958 0.1635165 0.1635165 0.1574596 0.1467051 0.1467051 0.1386344 0.1386344 0.1347818 0.1347818 0.1347818 0.1349809 0.1349809 0.1352343 0.1352343 0.1350028 0.1350028 0.1344031 0.1344031 0.1337477
0.1998397 0.1998397 0.2119814 0.2176168 0.2200149 0.2200149 0.2222074 0.2259860 0.2259860 0.2288158 0.2288158 0.2302478 0.2301230 0.2290728 0.2264653 0.2264653 0.2099982 0.2055428 0.2027027 0.2009643 0.1998720 0.1990513 0.1982180 0.1971724 0.1958264 0.1945754 0.1953255 0.1987806 0.2039080 0.2083063 0.2083063 0.2107547 0.2121827 0.2063952 0.1998500 0.1998500 0.1828285 0.1828285 0.1685390 0.1685390 0.1620213 0.1504134 0.1504134 0.1410157 0.1410157 0.1335802 0.1335802 0.1335802 0.1321612 0.1321612 0.1320679 0.1320679 0.1323241 0.1323241 0.1325754 0.1325754 0.1328079
