cruce_test.gid/Rasters/Hydraulic/Depth____000107.asc
NCOLS        79
NROWS        79
XLLCENTER         -1.500000
YLLCENTER         -4.800000
CELLSIZE           0.100
NODATA_VALUE     -9999.0
[rows 0 to 25 of 79, columns 0 to 57 of 79]
-9999.000 -9999.000 -9999.000 -9999.000 -9999.000 -9999.000 -9999.000 -9999.000 -9999.000 -9999.000 -9999.000 -9999.000 -9999.000 -9999.000 -9999.000 0.3830060 0.3831685 0.3831488 0.3830791 0.3829786 0.3828557 0.3827156 0.3825608 0.3823907 0.3822006 0.3819812 0.3817182 0.3813910 0.3809845 0.3811394 0.3811394 -9999.000 -9999.000 -9999.000 -9999.000 -9999.000 -9999.000 -9999.000 -9999.000 -9999.000 -9999.000 -9999.000 -9999.000 -9999.000 -9999.000 -9999.000 -9999.000 -9999.000 -9999.000 -9999.000 -9999.000 -9999.000 -9999.000 -9999.000 -9999.000 -9999.000 -9999.000 -9999.000
-9999.000 -9999.000 -9999.000 -9999.000 -9999.000 -9999.000 -9999.000 -9999.000 -9999.000 -9999.000 -9999.000 -9999.000 -9999.000 -9999.000 -9999.000 0.3848833 0.3850478 0.3850240 0.3849578 0.3848664 0.3847569 0.3846336 0.3844992 0.3843541 0.3841953 0.3840155 0.3838016 0.3835324 0.3831851 0.3833569 0.3833569 -9999.000 -9999.000 -9999.000 -9999.000 -9999.000 -9999.000 -9999.000 -9999.000 -9999.000 -9999.000 -9999.000 -9999.000 -9999.000 -9999.000 -9999.000 -9999.000 -9999.000 -9999.000 -9999.000 -9999.000 -9999.000 -9999.000 -9999.000 -9999.000 -9999.000 -9999.000 -9999.000
-9999.000 -9999.000 -9999.000 -9999.000 -9999.000 -9999.000 -9999.000 -9999.000 -9999.000 -9999.000 -9999.000 -9999.000 -9999.000 -9999.000 -9999.000 0.3868688 0.3870650 0.3870450 0.3869821 0.3868949 0.3867912 0.3866757 0.3865508 0.3864162 0.3862675 0.3860955 0.3858839 0.3856072 0.3852379 0.3854179 0.3854179 -9999.000 -9999.000 -9999.000 -9999.000 -9999.000 -9999.000 -9999.000 -9999.000 -9999.000 -9999.000 -9999.000 -9999.000 -9999.000 -9999.000 -9999.000 -9999.000 -9999.000 -9999.000 -9999.000 -9999.000 -9999.000 -9999.000 -9999.000 -9999.000 -9999.000 -9999.000 -9999.000
-9999.000 -9999.000 -9999.000 -9999.000 -9999.000 -9999.000 -9999.000 -9999.000 -9999.000 -9999.000 -9999.000 -9999.000 -9999.000 -9999.000 -9999.000 0.3888789 0.3891008 0.3890835 0.3890223 0.3889370 0.3888359 0.3887237 0.3886027 0.3884718 0.3883256 0.3881527 0.3879345 0.3876416 0.3872404 0.3874132 0.3874132 -9999.000 -9999.000 -9999.000 -9999.000 -9999.000 -9999.000 -9999.000 -9999.000 -9999.000 -9999.000 -9999.000 -9999.000 -9999.000 -9999.000 -9999.000 -9999.000 -9999.000 -9999.000 -9999.000 -9999.000 -9999.000 -9999.000 -9999.000 -9999.000 -9999.000 -9999.000 -9999.000
-9999.000 -9999.000 -9999.000 -9999.000 -9999.000 -9999.000 -9999.000 -9999.000 -9999.000 -9999.000 -9999.000 -9999.000 -9999.000 -9999.000 -9999.000 0.3909058 0.3911485 0.3911326 0.3910713 0.3909855 0.3908838 0.3907713 0.3906500 0.3905181 0.3903692 0.3901902 0.3899595 0.3896434 0.3892007 0.3893532 0.3893532 -9999.000 -9999.000 -9999.000 -9999.000 -9999.000 -9999.000 -9999.000 -9999.000 -9999.000 -9999.000 -9999.000 -9999.000 -9999.000 -9999.000 -9999.000 -9999.000 -9999.000 -9999.000 -9999.000 -9999.000 -9999.000 -9999.000 -9999.000 -9999.000 -9999.000 -9999.000 -9999.000
-9999.000 -9999.000 -9999.000 -9999.000 -9999.000 -9999.000 -9999.000 -9999.000 -9999.000 -9999.000 -9999.000 -9999.000 -9999.000 -9999.000 -9999.000 0.3929434 0.3932030 0.3931870 0.3931240 0.3930356 0.3929310 0.3928152 0.3926903 0.3925541 0.3923988 0.3922096 0.3919616 0.3916159 0.3911214 0.3912394 0.3912394 -9999.000 -9999.000 -9999.000 -9999.000 -9999.000 -9999.000 -9999.000 -9999.000 -9999.000 -9999.000 -9999.000 -9999.000 -9999.000 -9999.000 -9999.000 -9999.000 -9999.000 -9999.000 -9999.000 -9999.000 -9999.000 -9999.000 -9999.000 -9999.000 -9999.000 -9999.000 -9999.000
-9999.000 -9999.000 -9999.000 -9999.000 -9999.000 -9999.000 -9999.000 -9999.000 -9999.000 -9999.000 -9999.000 -9999.000 -9999.000 -9999.000 -9999.000 0.3949870 0.3952602 0.3952430 0.3951770 0.3950844 0.3949747 0.3948534 0.3947225 0.3945792 0.3944146 0.3942116 0.3939418 0.3935595 0.3930007 0.3930665 0.3930665 -9999.000 -9999.000 -9999.000 -9999.000 -9999.000 -9999.000 -9999.000 -9999.000 -9999.000 -9999.000 -9999.000 -9999.000 -9999.000 -9999.000 -9999.000 -9999.000 -9999.000 -9999.000 -9999.000 -9999.000 -9999.000 -9999.000 -9999.000 -9999.000 -9999.000 -9999.000 -9999.000
-9999.000 -9999.000 -9999.000 -9999.000 -9999.000 -9999.000 -9999.000 -9999.000 -9999.000 -9999.000 -9999.000 -9999.000 -9999.000 -9999.000 -9999.000 0.3970331 0.3973172 0.3972978 0.3972277 0.3971295 0.3970132 0.3968846 0.3967454 0.3965927 0.3964161 0.3961959 0.3958991 0.3954720 0.3948332 0.3948218 0.3948218 -9999.000 -9999.000 -9999.000 -9999.000 -9999.000 -9999.000 -9999.000 -9999.000 -9999.000 -9999.000 -9999.000 -9999.000 -9999.000 -9999.000 -9999.000 -9999.000 -9999.000 -9999.000 -9999.000 -9999.000 -9999.000 -9999.000 -9999.000 -9999.000 -9999.000 -9999.000 -9999.000
-9999.000 -9999.000 -9999.000 -9999.000 -9999.000 -9999.000 -9999.000 -9999.000 -9999.000 -9999.000 -9999.000 -9999.000 -9999.000 -9999.000 -9999.000 0.3990787 0.3993715 0.3993486 0.3992736 0.3991687 0.3990445 0.3989069 0.3987579 0.3985936 0.3984022 0.3981609 0.3978308 0.3973484 0.3966092 0.3964832 0.3964832 -9999.000 -9999.000 -9999.000 -9999.000 -9999.000 -9999.000 -9999.000 -9999.000 -9999.000 -9999.000 -9999.000 -9999.000 -9999.000 -9999.000 -9999.000 -9999.000 -9999.000 -9999.000 -9999.000 -9999.000 -9999.000 -9999.000 -9999.000 -9999.000 -9999.000 -9999.000 -9999.000
-9999.000 -9999.000 -9999.000 -9999.000 -9999.000 -9999.000 -9999.000 -9999.000 -9999.000 -9999.000 -9999.000 -9999.000 -9999.000 -9999.000 -9999.000 0.4011205 0.4014202 0.4013928 0.4013119 0.4011994 0.4010660 0.4009181 0.4007575 0.4005795 0.4003703 0.4001032 0.3997323 0.3991807 0.3983132 0.3980146 0.3980146 -9999.000 -9999.000 -9999.000 -9999.000 -9999.000 -9999.000 -9999.000 -9999.000 -9999.000 -9999.000 -9999.000 -9999.000 -9999.000 -9999.000 -9999.000 -9999.000 -9999.000 -9999.000 -9999.000 -9999.000 -9999.000 -9999.000 -9999.000 -9999.000 -9999.000 -9999.000 -9999.000
-9999.000 -9999.000 -9999.000 -9999.000 -9999.000 -9999.000 -9999.000 -9999.000 -9999.000 -9999.000 -9999.000 -9999.000 -9999.000 -9999.000 -9999.000 0.4031543 0.4034596 0.4034267 0.4033390 0.4032179 0.4030741 0.4029143 0.4027403 0.4025463 0.4023156 0.4020168 0.4015948 0.4009554 0.3999215 0.3993556 0.3993556 -9999.000 -9999.000 -9999.000 -9999.000 -9999.000 -9999.000 -9999.000 -9999.000 -9999.000 -9999.000 -9999.000 -9999.000 -9999.000 -9999.000 -9999.000 -9999.000 -9999.000 -9999.000 -9999.000 -9999.000 -9999.000 -9999.000 -9999.000 -9999.000 -9999.000 -9999.000 -9999.000
-9999.000 -9999.000 -9999.000 -9999.000 -9999.000 -9999.000 -9999.000 -9999.000 -9999.000 -9999.000 -9999.000 -9999.000 -9999.000 -9999.000 -9999.000 0.4051739 0.4054843 0.4054449 0.4053497 0.4052188 0.4050632 0.4048897 0.4046998 0.4044864 0.4042294 0.4038909 0.4034038 0.4026507 0.4013962 0.4004009 0.4004009 -9999.000 -9999.000 -9999.000 -9999.000 -9999.000 -9999.000 -9999.000 -9999.000 -9999.000 -9999.000 -9999.000 -9999.000 -9999.000 -9999.000 -9999.000 -9999.000 -9999.000 -9999.000 -9999.000 -9999.000 -9999.000 -9999.000 -9999.000 -9999.000 -9999.000 -9999.000 -9999.000
-9999.000 -9999.000 -9999.000 -9999.000 -9999.000 -9999.000 -9999.000 -9999.000 -9999.000 -9999.000 -9999.000 -9999.000 -9999.000 -9999.000 -9999.000 0.4071690 0.4074857 0.4074388 0.4073353 0.4071933 0.4070240 0.4068341 0.4066247 0.4063869 0.4060962 0.4057061 0.4051334 0.4042284 0.4026726 0.4009523 0.4009523 -9999.000 -9999.000 -9999.000 -9999.000 -9999.000 -9999.000 -9999.000 -9999.000 -9999.000 -9999.000 -9999.000 -9999.000 -9999.000 -9999.000 -9999.000 -9999.000 -9999.000 -9999.000 -9999.000 -9999.000 -9999.000 -9999.000 -9999.000 -9999.000 -9999.000 -9999.000 -9999.000
-9999.000 -9999.000 -9999.000 -9999.000 -9999.000 -9999.000 -9999.000 -9999.000 -9999.000 -9999.000 -9999.000 -9999.000 -9999.000 -9999.000 -9999.000 0.4091110 0.4094415 0.4093886 0.4092779 0.4091254 0.4089411 0.4087318 0.4084977 0.4082273 0.4078902 0.4074285 0.4067363 0.4056176 0.4036313 0.4006049 0.4006049 -9999.000 -9999.000 -9999.000 -9999.000 -9999.000 -9999.000 -9999.000 -9999.000 -9999.000 -9999.000 -9999.000 -9999.000 -9999.000 -9999.000 -9999.000 -9999.000 -9999.000 -9999.000 -9999.000 -9999.000 -9999.000 -9999.000 -9999.000 -9999.000 -9999.000 -9999.000 -9999.000
-9999.000 -9999.000 -9999.000 -9999.000 -9999.000 -9999.000 -9999.000 -9999.000 -9999.000 -9999.000 -9999.000 -9999.000 -9999.000 -9999.000 -9999.000 0.4096214 0.4107719 0.4110003 0.4110851 0.4110608 0.4109530 0.4107814 0.4105562 0.4102698 0.4098873 0.4093341 0.4084661 0.4070059 0.4042872 0.3981194 0.3981194 -9999.000 -9999.000 -9999.000 -9999.000 -9999.000 -9999.000 -9999.000 -9999.000 -9999.000 -9999.000 -9999.000 -9999.000 -9999.000 -9999.000 -9999.000 -9999.000 -9999.000 -9999.000 -9999.000 -9999.000 -9999.000 -9999.000 -9999.000 -9999.000 -9999.000 -9999.000 -9999.000
0.4105244 0.4105244 0.3947524 0.3846342 0.3813198 0.3813198 0.3785208 0.3738700 0.3738700 0.3700018 0.3700018 0.3666394 0.3651036 0.3636495 0.3663967 0.3663967 0.4182273 0.4186666 0.4189962 0.4195511 0.4202380 0.4209227 0.4214468 0.4215946 0.4210581 0.4193963 0.4159354 0.4094673 0.3969868 0.3640324 0.3640324 0.2133804 0.1928982 0.1935637 0.1971603 0.1971603 0.2069918 0.2069918 0.2342743 0.2342743 0.2742387 0.3080072 0.3080072 0.3151630 0.3151630 0.3149075 0.3149075 0.3149075 0.3092573 0.3092573 0.3033928 0.3033928 0.2956642 0.2956642 0.2898684 0.2898684 0.2850922 0.2850922
0.4089960 0.4089960 0.3938126 0.3839912 0.3807161 0.3807161 0.3779341 0.3732955 0.3732955 0.3694356 0.3694356 0.3660830 0.3645523 0.3631032 0.3639737 0.3639737 0.4115125 0.4127584 0.4117192 0.4110496 0.4109567 0.4113481 0.4120695 0.4128852 0.4134450 0.4132375 0.4114597 0.4068268 0.3967764 0.3734324 0.3734324 0.2654593 0.2312246 0.2070010 0.2036893 0.2036893 0.2077442 0.2077442 0.2286443 0.2286443 0.2581397 0.3088146 0.3088146 0.3164551 0.3164551 0.3150909 0.3150909 0.3150909 0.3091778 0.3091778 0.3038510 0.3038510 0.2954323 0.2954323 0.2896329 0.2896329 0.2848566 0.2848566
0.4081784 0.4081784 0.3934935 0.3839334 0.3806922 0.3806922 0.3779216 0.3732813 0.3732813 0.3694144 0.3694144 0.3660573 0.3645251 0.3630747 0.3631267 0.3631267 0.4047191 0.4086867 0.4064190 0.4042042 0.4027682 0.4020898 0.4020467 0.4024225 0.4028701 0.4028757 0.4016019 0.3979411 0.3898768 0.3714924 0.3714924 0.2911658 0.2559898 0.2217128 0.2145402 0.2145402 0.2146611 0.2146611 0.2318249 0.2318249 0.2522912 0.3012748 0.3012748 0.3180091 0.3180091 0.3158885 0.3158885 0.3158885 0.3095245 0.3095245 0.3034293 0.3034293 0.2958771 0.2958771 0.2898501 0.2898501 0.2850047 0.2850047
0.4075365 0.4075365 0.3932185 0.3838871 0.3806821 0.3806821 0.3779258 0.3732866 0.3732866 0.3694145 0.3694145 0.3660557 0.3645235 0.3630735 0.3626129 0.3626129 0.3968997 0.4037818 0.4013109 0.3978866 0.3952274 0.3934665 0.3925267 0.3922262 0.3922631 0.3922278 0.3911694 0.3881366 0.3815751 0.3666908 0.3666908 0.3058038 0.2739747 0.2379024 0.2296991 0.2296991 0.2286595 0.2286595 0.2421659 0.2421659 0.2553455 0.2935571 0.2935571 0.3160036 0.3160036 0.3156467 0.3156467 0.3156467 0.3092294 0.3092294 0.3028264 0.3028264 0.2956764 0.2956764 0.2896266 0.2896266 0.2848397 0.2848397
0.4070534 0.4070534 0.3929944 0.3838466 0.3806743 0.3806743 0.3779314 0.3732930 0.3732930 0.3694154 0.3694154 0.3660545 0.3645224 0.3630726 0.3622829 0.3622829 0.3885601 0.3971597 0.3953411 0.3911119 0.3873844 0.3846290 0.3828562 0.3819184 0.3815392 0.3813054 0.3803850 0.3778524 0.3722818 0.3599126 0.3599126 0.3152277 0.2870387 0.2548218 0.2483651 0.2483651 0.2488405 0.2488405 0.2576784 0.2576784 0.2644884 0.2878808 0.2878808 0.3099867 0.3099867 0.3137677 0.3137677 0.3137677 0.3080301 0.3080301 0.3016967 0.3016967 0.2949814 0.2949814 0.2891517 0.2891517 0.2845896 0.2845896
0.4067170 0.4067170 0.3928290 0.3838149 0.3806686 0.3806686 0.3779365 0.3732988 0.3732988 0.3694162 0.3694162 0.3660535 0.3645214 0.3630720 0.3620710 0.3620710 0.3804472 0.3889008 0.3879727 0.3833918 0.3787938 0.3751233 0.3725534 0.3710007 0.3702237 0.3698254 0.3690502 0.3669932 0.3623961 0.3525194 0.3525194 0.3202510 0.2972010 0.2739295 0.2710430 0.2710430 0.2728374 0.2728374 0.2751095 0.2751095 0.2763826 0.2858309 0.2858309 0.3021606 0.3021606 0.3098319 0.3098319 0.3098319 0.3056552 0.3056552 0.2999595 0.2999595 0.2938750 0.2938750 0.2885162 0.2885162 0.2843552 0.2843552
0.4065186 0.4065186 0.3927278 0.3837947 0.3806650 0.3806650 0.3779401 0.3733027 0.3733027 0.3694169 0.3694169 0.3660528 0.3645207 0.3630715 0.3619353 0.3619353 0.3728949 0.3794118 0.3789064 0.3743203 0.3691217 0.3646685 0.3613561 0.3592073 0.3580403 0.3574939 0.3568877 0.3553473 0.3517832 0.3445597 0.3445597 0.3228217 0.3072677 0.2972386 0.2976263 0.2976263 0.2972160 0.2972160 0.2916141 0.2916141 0.2884442 0.2871687 0.2871687 0.2952852 0.2952852 0.3041544 0.3041544 0.3041544 0.3019884 0.3019884 0.2974980 0.2974980 0.2923621 0.2923621 0.2877423 0.2877423 0.2841726 0.2841726
0.4064531 0.4064531 0.3926938 0.3837877 0.3806638 0.3806638 0.3779413 0.3733041 0.3733041 0.3694171 0.3694171 0.3660525 0.3645204 0.3630713 0.3618485 0.3618485 0.3658171 0.3690774 0.3680539 0.3635175 0.3579994 0.3529736 0.3490368 0.3463451 0.3448041 0.3441150 0.3436828 0.3426877 0.3402671 0.3363285 0.3363285 0.3256638 0.3211384 0.3249807 0.3256535 0.3256535 0.3187180 0.3187180 0.3057709 0.3057709 0.2994011 0.2907362 0.2907362 0.2909290 0.2909290 0.2976582 0.2976582 0.2976582 0.2972144 0.2972144 0.2942738 0.2942738 0.2904239 0.2904239 0.2868280 0.2868280 0.2840533 0.2840533
0.4065186 0.4065186 0.3927278 0.3837947 0.3806650 0.3806650 0.3779401 0.3733027 0.3733027 0.3694169 0.3694169 0.3660527 0.3645207 0.3630715 0.3617934 0.3617934 0.3588009 0.3580306 0.3554502 0.3506783 0.3450231 0.3396820 0.3353200 0.3322073 0.3303508 0.3295379 0.3292756 0.3288410 0.3277988 0.3289312 0.3289312 0.3331297 0.3430879 0.3538261 0.3509839 0.3509839 0.3358483 0.3358483 0.3174083 0.3174083 0.3089019 0.2953556 0.2953556 0.2891990 0.2891990 0.2914132 0.2914132 0.2914132 0.2918106 0.2918106 0.2904040 0.2904040 0.2880829 0.2880829 0.2857789 0.2857789 0.2839927 0.2839927
0.4067170 0.4067170 0.3928291 0.3838149 0.3806686 0.3806686 0.3779365 0.3732988 0.3732988 0.3694162 0.3694162 0.3660534 0.3645214 0.3630719 0.3617585 0.3617585 0.3511688 0.3460324 0.3410726 0.3355738 0.3297959 0.3243799 0.3198563 0.3165283 0.3144856 0.3136119 0.3135309 0.3136878 0.3146639 0.3254919 0.3254919 0.3514635 0.3741843 0.3786471 0.3709108 0.3709108 0.3488924 0.3488924 0.3268532 0.3268532 0.3169403 0.3001606 0.3001606 0.2893928 0.2893928 0.2861988 0.2861988 0.2861988 0.2863952 0.2863952 0.2861757 0.2861757 0.2854489 0.2854489 0.2846259 0.2846259 0.2839769 0.2839769
0.4070534 0.4070534 0.3929943 0.3838466 0.3806743 0.3806743 0.3779314 0.3732930 0.3732930 0.3694154 0.3694154 0.3660544 0.3645223 0.3630727 0.3617366 0.3617366 0.3419518 0.3324080 0.3246348 0.3179515 0.3119396 0.3066252 0.3022289 0.2989652 0.2969501 0.2961475 0.2963028 0.2971874 0.3021780 0.3332199 0.3332199 0.3852104 0.4071802 0.3974219 0.3862101 0.3862101 0.3587238 0.3587238 0.3343963 0.3343963 0.3235226 0.3045709 0.3045709 0.2906412 0.2906412 0.2823315 0.2823315 0.2823315 0.2815308 0.2815308 0.2819906 0.2819906 0.2827280 0.2827280 0.2834403 0.2834403 0.2839900 0.2839900
