cruce_test.gid/Rasters/Hydraulic/Depth____000310.asc
NCOLS        79
NROWS        79
XLLCENTER         -1.500000
YLLCENTER         -4.800000
CELLSIZE           0.100
NODATA_VALUE     -9999.0
[rows 0 to 25 of 79, columns 0 to 58 of 79]
-9999.000 -9999.000 -9999.000 -9999.000 -9999.000 -9999.000 -9999.000 -9999.000 -9999.000 -9999.000 -9999.000 -9999.000 -9999.000 -9999.000 -9999.000 0.6909399 0.6913519 0.6914151 0.6912986 0.6910982 0.6908545 0.6905843 0.6903098 0.6900403 0.6897819 0.6895407 0.6893128 0.6890650 0.6886894 0.6886439 0.6886439 -9999.000 -9999.000 -9999.000 -9999.000 -9999.000 -9999.000 -9999.000 -9999.000 -9999.000 -9999.000 -9999.000 -9999.000 -9999.000 -9999.000 -9999.000 -9999.000 -9999.000 -9999.000 -9999.000 -9999.000 -9999.000 -9999.000 -9999.000 -9999.000 -9999.000 -9999.000 -9999.000 -9999.000
-9999.000 -9999.000 -9999.000 -9999.000 -9999.000 -9999.000 -9999.000 -9999.000 -9999.000 -9999.000 -9999.000 -9999.000 -9999.000 -9999.000 -9999.000 0.6927029 0.6930927 0.6931438 0.6930478 0.6928868 0.6926949 0.6924847 0.6922740 0.6920696 0.6918756 0.6916969 0.6915294 0.6913434 0.6910423 0.6910797 0.6910797 -9999.000 -9999.000 -9999.000 -9999.000 -9999.000 -9999.000 -9999.000 -9999.000 -9999.000 -9999.000 -9999.000 -9999.000 -9999.000 -9999.000 -9999.000 -9999.000 -9999.000 -9999.000 -9999.000 -9999.000 -9999.000 -9999.000 -9999.000 -9999.000 -9999.000 -9999.000 -9999.000 -9999.000
-9999.000 -9999.000 -9999.000 -9999.000 -9999.000 -9999.000 -9999.000 -9999.000 -9999.000 -9999.000 -9999.000 -9999.000 -9999.000 -9999.000 -9999.000 0.6946186 0.6950400 0.6950994 0.6950090 0.6948540 0.6946692 0.6944674 0.6942666 0.6940730 0.6938900 0.6937215 0.6935623 0.6933799 0.6930720 0.6931052 0.6931052 -9999.000 -9999.000 -9999.000 -9999.000 -9999.000 -9999.000 -9999.000 -9999.000 -9999.000 -9999.000 -9999.000 -9999.000 -9999.000 -9999.000 -9999.000 -9999.000 -9999.000 -9999.000 -9999.000 -9999.000 -9999.000 -9999.000 -9999.000 -9999.000 -9999.000 -9999.000 -9999.000 -9999.000
-9999.000 -9999.000 -9999.000 -9999.000 -9999.000 -9999.000 -9999.000 -9999.000 -9999.000 -9999.000 -9999.000 -9999.000 -9999.000 -9999.000 -9999.000 0.6965846 0.6970249 0.6970876 0.6969975 0.6968423 0.6966575 0.6964560 0.6962562 0.6960639 0.6958824 0.6957154 0.6955566 0.6953712 0.6950499 0.6950614 0.6950614 -9999.000 -9999.000 -9999.000 -9999.000 -9999.000 -9999.000 -9999.000 -9999.000 -9999.000 -9999.000 -9999.000 -9999.000 -9999.000 -9999.000 -9999.000 -9999.000 -9999.000 -9999.000 -9999.000 -9999.000 -9999.000 -9999.000 -9999.000 -9999.000 -9999.000 -9999.000 -9999.000 -9999.000
-9999.000 -9999.000 -9999.000 -9999.000 -9999.000 -9999.000 -9999.000 -9999.000 -9999.000 -9999.000 -9999.000 -9999.000 -9999.000 -9999.000 -9999.000 0.6985715 0.6990251 0.6990887 0.6989959 0.6988373 0.6986491 0.6984438 0.6982408 0.6980457 0.6978613 0.6976914 0.6975292 0.6973370 0.6969973 0.6969726 0.6969726 -9999.000 -9999.000 -9999.000 -9999.000 -9999.000 -9999.000 -9999.000 -9999.000 -9999.000 -9999.000 -9999.000 -9999.000 -9999.000 -9999.000 -9999.000 -9999.000 -9999.000 -9999.000 -9999.000 -9999.000 -9999.000 -9999.000 -9999.000 -9999.000 -9999.000 -9999.000 -9999.000 -9999.000
-9999.000 -9999.000 -9999.000 -9999.000 -9999.000 -9999.000 -9999.000 -9999.000 -9999.000 -9999.000 -9999.000 -9999.000 -9999.000 -9999.000 -9999.000 0.7005655 0.7010296 0.7010926 0.7009957 0.7008321 0.7006387 0.7004276 0.7002195 0.7000193 0.6998299 0.6996553 0.6994875 0.6992859 0.6989229 0.6988477 0.6988477 -9999.000 -9999.000 -9999.000 -9999.000 -9999.000 -9999.000 -9999.000 -9999.000 -9999.000 -9999.000 -9999.000 -9999.000 -9999.000 -9999.000 -9999.000 -9999.000 -9999.000 -9999.000 -9999.000 -9999.000 -9999.000 -9999.000 -9999.000 -9999.000 -9999.000 -9999.000 -9999.000 -9999.000
-9999.000 -9999.000 -9999.000 -9999.000 -9999.000 -9999.000 -9999.000 -9999.000 -9999.000 -9999.000 -9999.000 -9999.000 -9999.000 -9999.000 -9999.000 0.7025601 0.7030333 0.7030944 0.7029922 0.7028228 0.7026233 0.7024055 0.7021913 0.7019849 0.7017894 0.7016087 0.7014341 0.7012209 0.7008298 0.7006871 0.7006871 -9999.000 -9999.000 -9999.000 -9999.000 -9999.000 -9999.000 -9999.000 -9999.000 -9999.000 -9999.000 -9999.000 -9999.000 -9999.000 -9999.000 -9999.000 -9999.000 -9999.000 -9999.000 -9999.000 -9999.000 -9999.000 -9999.000 -9999.000 -9999.000 -9999.000 -9999.000 -9999.000 -9999.000
-9999.000 -9999.000 -9999.000 -9999.000 -9999.000 -9999.000 -9999.000 -9999.000 -9999.000 -9999.000 -9999.000 -9999.000 -9999.000 -9999.000 -9999.000 0.7045518 0.7050331 0.7050913 0.7049829 0.7048071 0.7046010 0.7043758 0.7041550 0.7039419 0.7037393 0.7035519 0.7033694 0.7031426 0.7027177 0.7024859 0.7024859 -9999.000 -9999.000 -9999.000 -9999.000 -9999.000 -9999.000 -9999.000 -9999.000 -9999.000 -9999.000 -9999.000 -9999.000 -9999.000 -9999.000 -9999.000 -9999.000 -9999.000 -9999.000 -9999.000 -9999.000 -9999.000 -9999.000 -9999.000 -9999.000 -9999.000 -9999.000 -9999.000 -9999.000
-9999.000 -9999.000 -9999.000 -9999.000 -9999.000 -9999.000 -9999.000 -9999.000 -9999.000 -9999.000 -9999.000 -9999.000 -9999.000 -9999.000 -9999.000 0.7065383 0.7070273 0.7070814 0.7069659 0.7067831 0.7065700 0.7063370 0.7061093 0.7058889 0.7056788 0.7054840 0.7052925 0.7050497 0.7045844 0.7042348 0.7042348 -9999.000 -9999.000 -9999.000 -9999.000 -9999.000 -9999.000 -9999.000 -9999.000 -9999.000 -9999.000 -9999.000 -9999.000 -9999.000 -9999.000 -9999.000 -9999.000 -9999.000 -9999.000 -9999.000 -9999.000 -9999.000 -9999.000 -9999.000 -9999.000 -9999.000 -9999.000 -9999.000 -9999.000
-9999.000 -9999.000 -9999.000 -9999.000 -9999.000 -9999.000 -9999.000 -9999.000 -9999.000 -9999.000 -9999.000 -9999.000 -9999.000 -9999.000 -9999.000 0.7085177 0.7090140 0.7090628 0.7089393 0.7087490 0.7085285 0.7082872 0.7080523 0.7078242 0.7076060 0.7074031 0.7072017 0.7069401 0.7064263 0.7059193 0.7059193 -9999.000 -9999.000 -9999.000 -9999.000 -9999.000 -9999.000 -9999.000 -9999.000 -9999.000 -9999.000 -9999.000 -9999.000 -9999.000 -9999.000 -9999.000 -9999.000 -9999.000 -9999.000 -9999.000 -9999.000 -9999.000 -9999.000 -9999.000 -9999.000 -9999.000 -9999.000 -9999.000 -9999.000
-9999.000 -9999.000 -9999.000 -9999.000 -9999.000 -9999.000 -9999.000 -9999.000 -9999.000 -9999.000 -9999.000 -9999.000 -9999.000 -9999.000 -9999.000 0.7104875 0.7109914 0.7110337 0.7109009 0.7107027 0.7104744 0.7102242 0.7099819 0.7097456 0.7095186 0.7093070 0.7090940 0.7088102 0.7082378 0.7075176 0.7075176 -9999.000 -9999.000 -9999.000 -9999.000 -9999.000 -9999.000 -9999.000 -9999.000 -9999.000 -9999.000 -9999.000 -9999.000 -9999.000 -9999.000 -9999.000 -9999.000 -9999.000 -9999.000 -9999.000 -9999.000 -9999.000 -9999.000 -9999.000 -9999.000 -9999.000 -9999.000 -9999.000 -9999.000
-9999.000 -9999.000 -9999.000 -9999.000 -9999.000 -9999.000 -9999.000 -9999.000 -9999.000 -9999.000 -9999.000 -9999.000 -9999.000 -9999.000 -9999.000 0.7124450 0.7129570 0.7129914 0.7128481 0.7126411 0.7124047 0.7121450 0.7118949 0.7116498 0.7114131 0.7111918 0.7109658 0.7106550 0.7100109 0.7089965 0.7089965 -9999.000 -9999.000 -9999.000 -9999.000 -9999.000 -9999.000 -9999.000 -9999.000 -9999.000 -9999.000 -9999.000 -9999.000 -9999.000 -9999.000 -9999.000 -9999.000 -9999.000 -9999.000 -9999.000 -9999.000 -9999.000 -9999.000 -9999.000 -9999.000 -9999.000 -9999.000 -9999.000 -9999.000
-9999.000 -9999.000 -9999.000 -9999.000 -9999.000 -9999.000 -9999.000 -9999.000 -9999.000 -9999.000 -9999.000 -9999.000 -9999.000 -9999.000 -9999.000 0.7143856 0.7149071 0.7149320 0.7147769 0.7145605 0.7143153 0.7140453 0.7137871 0.7135323 0.7132849 0.7130524 0.7128107 0.7124669 0.7117339 0.7103047 0.7103047 -9999.000 -9999.000 -9999.000 -9999.000 -9999.000 -9999.000 -9999.000 -9999.000 -9999.000 -9999.000 -9999.000 -9999.000 -9999.000 -9999.000 -9999.000 -9999.000 -9999.000 -9999.000 -9999.000 -9999.000 -9999.000 -9999.000 -9999.000 -9999.000 -9999.000 -9999.000 -9999.000 -9999.000
-9999.000 -9999.000 -9999.000 -9999.000 -9999.000 -9999.000 -9999.000 -9999.000 -9999.000 -9999.000 -9999.000 -9999.000 -9999.000 -9999.000 -9999.000 0.7162597 0.7168096 0.7168403 0.7166845 0.7164615 0.7162087 0.7159278 0.7156604 0.7153937 0.7151326 0.7148859 0.7146240 0.7142379 0.7133923 0.7113649 0.7113649 -9999.000 -9999.000 -9999.000 -9999.000 -9999.000 -9999.000 -9999.000 -9999.000 -9999.000 -9999.000 -9999.000 -9999.000 -9999.000 -9999.000 -9999.000 -9999.000 -9999.000 -9999.000 -9999.000 -9999.000 -9999.000 -9999.000 -9999.000 -9999.000 -9999.000 -9999.000 -9999.000 -9999.000
-9999.000 -9999.000 -9999.000 -9999.000 -9999.000 -9999.000 -9999.000 -9999.000 -9999.000 -9999.000 -9999.000 -9999.000 -9999.000 -9999.000 -9999.000 0.7118918 0.7168981 0.7192425 0.7199425 0.7196338 0.7192470 0.7187995 0.7183587 0.7179196 0.7174959 0.7171026 0.7167032 0.7161527 0.7150064 0.7113814 0.7113814 -9999.000 -9999.000 -9999.000 -9999.000 -9999.000 -9999.000 -9999.000 -9999.000 -9999.000 -9999.000 -9999.000 -9999.000 -9999.000 -9999.000 -9999.000 -9999.000 -9999.000 -9999.000 -9999.000 -9999.000 -9999.000 -9999.000 -9999.000 -9999.000 -9999.000 -9999.000 -9999.000 -9999.000
0.7896690 0.7896690 0.7924504 0.7772096 0.7694257 0.7694257 0.7658802 0.7604605 0.7604605 0.7561755 0.7561755 0.7526502 0.7510949 0.7496474 0.7482480 0.7482480 0.7218655 0.7206054 0.7195317 0.7202328 0.7214590 0.7230655 0.7253706 0.7278885 0.7304140 0.7328497 0.7346387 0.7342487 0.7274827 0.6979419 0.6979419 0.4895466 0.4536330 0.4325236 0.4254653 0.4254653 0.4145506 0.4145506 0.4176357 0.4176357 0.4289136 0.4781949 0.4781949 0.5846618 0.5846618 0.6284263 0.6284263 0.6284263 0.6280437 0.6280437 0.6176654 0.6176654 0.6037501 0.6037501 0.5893407 0.5893407 0.5761506 0.5761506 0.5761506
0.7866278 0.7866278 0.7911150 0.7752160 0.7686162 0.7686162 0.7648925 0.7594047 0.7594047 0.7551308 0.7551308 0.7516193 0.7500707 0.7486303 0.7472389 0.7472389 0.7243850 0.7193555 0.7147673 0.7112361 0.7084240 0.7063630 0.7052895 0.7051249 0.7058033 0.7072709 0.7092568 0.7110528 0.7108971 0.6991671 0.6991671 0.5578524 0.5039911 0.4510583 0.4362863 0.4362863 0.4195374 0.4195374 0.4217100 0.4217100 0.4322629 0.4752955 0.4752955 0.5566020 0.5566020 0.6255506 0.6255506 0.6255506 0.6277218 0.6277218 0.6179205 0.6179205 0.6041539 0.6041539 0.5898781 0.5898781 0.5767411 0.5767411 0.5767411
0.7849066 0.7849066 0.7912695 0.7746876 0.7687815 0.7687815 0.7649424 0.7593647 0.7593647 0.7550912 0.7550912 0.7515795 0.7500283 0.7485840 0.7471825 0.7471825 0.7262580 0.7179612 0.7101296 0.7033080 0.6975196 0.6927989 0.6892852 0.6869629 0.6857856 0.6857147 0.6865798 0.6878680 0.6881990 0.6811041 0.6811041 0.5912296 0.5356827 0.4691131 0.4492188 0.4492188 0.4291024 0.4291024 0.4351133 0.4351133 0.4477292 0.4871254 0.4871254 0.5463070 0.5463070 0.6177968 0.6177968 0.6177968 0.6246116 0.6246116 0.6167418 0.6167418 0.6036787 0.6036787 0.5896932 0.5896932 0.5767286 0.5767286 0.5767286
0.7835166 0.7835166 0.7918892 0.7743535 0.7689427 0.7689427 0.7650424 0.7593669 0.7593669 0.7550877 0.7550877 0.7515814 0.7500306 0.7485859 0.7471727 0.7471727 0.7272880 0.7161303 0.7052011 0.6952847 0.6866664 0.6794568 0.6737527 0.6695444 0.6667668 0.6653454 0.6651295 0.6657276 0.6660906 0.6615626 0.6615626 0.6045520 0.5553753 0.4865960 0.4650552 0.4650552 0.4471707 0.4471707 0.4605641 0.4605641 0.4748437 0.5067629 0.5067629 0.5436368 0.5436368 0.6046225 0.6046225 0.6046225 0.6166636 0.6166636 0.6125052 0.6125052 0.6013227 0.6013227 0.5883009 0.5883009 0.5759817 0.5759817 0.5759817
0.7824385 0.7824385 0.7920406 0.7740811 0.7690233 0.7690233 0.7651072 0.7593629 0.7593629 0.7550842 0.7550842 0.7515848 0.7500346 0.7485893 0.7471581 0.7471581 0.7271169 0.7133741 0.6995451 0.6866993 0.6753252 0.6656337 0.6577355 0.6516406 0.6472872 0.6445790 0.6433607 0.6433048 0.6435981 0.6409233 0.6409233 0.6047733 0.5646316 0.5017784 0.4831384 0.4831384 0.4760702 0.4760702 0.4975509 0.4975509 0.5102841 0.5290915 0.5290915 0.5453982 0.5453982 0.5888901 0.5888901 0.5888901 0.6044196 0.6044196 0.6049743 0.6049743 0.5969272 0.5969272 0.5857581 0.5857581 0.5746882 0.5746882 0.5746882
0.7816715 0.7816715 0.7920844 0.7738740 0.7690570 0.7690570 0.7651473 0.7593582 0.7593582 0.7550815 0.7550815 0.7515880 0.7500384 0.7485927 0.7471353 0.7471353 0.7254647 0.7092308 0.6926841 0.6771115 0.6631330 0.6510415 0.6409779 0.6329792 0.6270036 0.6229599 0.6207002 0.6199464 0.6200651 0.6187225 0.6187225 0.5962730 0.5657100 0.5161011 0.5061316 0.5061316 0.5174961 0.5174961 0.5408280 0.5408280 0.5474263 0.5499364 0.5499364 0.5496687 0.5496687 0.5739833 0.5739833 0.5739833 0.5897463 0.5897463 0.5945453 0.5945453 0.5904242 0.5904242 0.5819881 0.5819881 0.5728549 0.5728549 0.5728549
0.7812126 0.7812126 0.7920848 0.7737499 0.7690681 0.7690681 0.7651682 0.7593549 0.7593549 0.7550800 0.7550800 0.7515909 0.7500416 0.7485956 0.7471011 0.7471011 0.7220438 0.7032340 0.6840939 0.6660022 0.6496319 0.6353139 0.6232084 0.6133716 0.6057838 0.6003717 0.5970080 0.5954652 0.5952622 0.5948174 0.5948174 0.5816955 0.5609040 0.5343696 0.5398304 0.5398304 0.5691023 0.5691023 0.5821905 0.5821905 0.5798654 0.5674269 0.5674269 0.5553214 0.5553214 0.5621144 0.5621144 0.5621144 0.5748188 0.5748188 0.5821413 0.5821413 0.5819681 0.5819681 0.5769303 0.5769303 0.5704309 0.5704309 0.5704309
0.7810597 0.7810597 0.7920807 0.7737089 0.7690704 0.7690704 0.7651748 0.7593538 0.7593538 0.7550799 0.7550799 0.7515921 0.7500430 0.7485967 0.7470503 0.7470503 0.7164792 0.6948585 0.6731783 0.6527661 0.6342592 0.6179698 0.6040466 0.5925440 0.5834531 0.5767187 0.5722395 0.5698392 0.5691791 0.5693278 0.5693278 0.5630755 0.5533233 0.5649265 0.5894910 0.5894910 0.6219218 0.6219218 0.6152055 0.6152055 0.6047765 0.5816423 0.5816423 0.5617015 0.5617015 0.5540206 0.5540206 0.5540206 0.5614063 0.5614063 0.5689932 0.5689932 0.5720118 0.5720118 0.5706577 0.5706577 0.5673940 0.5673940 0.5673940
0.7812124 0.7812124 0.7920849 0.7737499 0.7690681 0.7690681 0.7651682 0.7593548 0.7593548 0.7550800 0.7550800 0.7515909 0.7500418 0.7485956 0.7469777 0.7469777 0.7082263 0.6834401 0.6592174 0.6366812 0.6163352 0.5984061 0.5829874 0.5701025 0.5597327 0.5518296 0.5463144 0.5430609 0.5418862 0.5426211 0.5426211 0.5428813 0.5489352 0.6158242 0.6518965 0.6518965 0.6646724 0.6646724 0.6385881 0.6385881 0.6229635 0.5933791 0.5933791 0.5683346 0.5683346 0.5493780 0.5493780 0.5493780 0.5505294 0.5505294 0.5563439 0.5563439 0.5612805 0.5612805 0.5634411 0.5634411 0.5638075 0.5638075 0.5638075
0.7816713 0.7816713 0.7920843 0.7738740 0.7690571 0.7690571 0.7651472 0.7593582 0.7593582 0.7550814 0.7550814 0.7515880 0.7500385 0.7485926 0.7468750 0.7468750 0.6964420 0.6680592 0.6412797 0.6168498 0.5950281 0.5758804 0.5593935 0.5455245 0.5342203 0.5254223 0.5190637 0.5150673 0.5134945 0.5156141 0.5156141 0.5260608 0.5599144 0.6841651 0.7112881 0.7112881 0.6924817 0.6924817 0.6547095 0.6547095 0.6364545 0.6032284 0.6032284 0.5747600 0.5747600 0.5473508 0.5473508 0.5473508 0.5424622 0.5424622 0.5451823 0.5451823 0.5506552 0.5506552 0.5557646 0.5557646 0.5598572 0.5598572 0.5598572
0.7824383 0.7824383 0.7920406 0.7740812 0.7690234 0.7690234 0.7651071 0.7593629 0.7593629 0.7550843 0.7550843 0.7515848 0.7500346 0.7485893 0.7467330 0.7467330 0.6797740 0.6473587 0.6180859 0.5921041 0.5692934 0.5494731 0.5324704 0.5181408 0.5063720 0.4970789 0.4901935 0.4857033 0.4842800 0.4911700 0.4911700 0.5247602 0.6039045 0.7490714 0.7504136 0.7504136 0.7087170 0.7087170 0.6661889 0.6661889 0.6467481 0.6114070 0.6114070 0.5805634 0.5805634 0.5470255 0.5470255 0.5470255 0.5369623 0.5369623 0.5361080 0.5361080 0.5410150 0.5410150 0.5482801 0.5482801 0.5558651 0.5558651 0.5558651
