cruce_test.gid/Rasters/Hydraulic/Depth____000300.asc
NCOLS        79
NROWS        79
XLLCENTER         -1.500000
YLLCENTER         -4.800000
CELLSIZE           0.100
NODATA_VALUE     -9999.0
[rows 0 to 25 of 79, columns 0 to 58 of 79]
-9999.000 -9999.000 -9999.000 -9999.000 -9999.000 -9999.000 -9999.000 -9999.000 -9999.000 -9999.000 -9999.000 -9999.000 -9999.000 -9999.000 -9999.000 0.6993165 0.6997535 0.6998452 0.6997320 0.6995264 0.6992765 0.6989999 0.6987170 0.6984420 0.6981786 0.6979332 0.6977025 0.6974541 0.6970797 0.6970361 0.6970361 -9999.000 -9999.000 -9999.000 -9999.000 -9999.000 -9999.000 -9999.000 -9999.000 -9999.000 -9999.000 -9999.000 -9999.000 -9999.000 -9999.000 -9999.000 -9999.000 -9999.000 -9999.000 -9999.000 -9999.000 -9999.000 -9999.000 -9999.000 -9999.000 -9999.000 -9999.000 -9999.000 -9999.000
-9999.000 -9999.000 -9999.000 -9999.000 -9999.000 -9999.000 -9999.000 -9999.000 -9999.000 -9999.000 -9999.000 -9999.000 -9999.000 -9999.000 -9999.000 0.7010831 0.7014929 0.7015678 0.7014740 0.7013086 0.7011117 0.7008967 0.7006797 0.7004714 0.7002742 0.7000926 0.6999233 0.6997373 0.6994375 0.6994777 0.6994777 -9999.000 -9999.000 -9999.000 -9999.000 -9999.000 -9999.000 -9999.000 -9999.000 -9999.000 -9999.000 -9999.000 -9999.000 -9999.000 -9999.000 -9999.000 -9999.000 -9999.000 -9999.000 -9999.000 -9999.000 -9999.000 -9999.000 -9999.000 -9999.000 -9999.000 -9999.000 -9999.000 -9999.000
-9999.000 -9999.000 -9999.000 -9999.000 -9999.000 -9999.000 -9999.000 -9999.000 -9999.000 -9999.000 -9999.000 -9999.000 -9999.000 -9999.000 -9999.000 0.7029974 0.7034399 0.7035236 0.7034357 0.7032761 0.7030862 0.7028794 0.7026720 0.7024745 0.7022881 0.7021168 0.7019558 0.7017735 0.7014670 0.7015032 0.7015032 -9999.000 -9999.000 -9999.000 -9999.000 -9999.000 -9999.000 -9999.000 -9999.000 -9999.000 -9999.000 -9999.000 -9999.000 -9999.000 -9999.000 -9999.000 -9999.000 -9999.000 -9999.000 -9999.000 -9999.000 -9999.000 -9999.000 -9999.000 -9999.000 -9999.000 -9999.000 -9999.000 -9999.000
-9999.000 -9999.000 -9999.000 -9999.000 -9999.000 -9999.000 -9999.000 -9999.000 -9999.000 -9999.000 -9999.000 -9999.000 -9999.000 -9999.000 -9999.000 0.7049625 0.7054248 0.7055125 0.7054246 0.7052646 0.7050745 0.7048678 0.7046611 0.7044650 0.7042800 0.7041099 0.7039493 0.7037641 0.7034447 0.7034591 0.7034591 -9999.000 -9999.000 -9999.000 -9999.000 -9999.000 -9999.000 -9999.000 -9999.000 -9999.000 -9999.000 -9999.000 -9999.000 -9999.000 -9999.000 -9999.000 -9999.000 -9999.000 -9999.000 -9999.000 -9999.000 -9999.000 -9999.000 -9999.000 -9999.000 -9999.000 -9999.000 -9999.000 -9999.000
-9999.000 -9999.000 -9999.000 -9999.000 -9999.000 -9999.000 -9999.000 -9999.000 -9999.000 -9999.000 -9999.000 -9999.000 -9999.000 -9999.000 -9999.000 0.7069483 0.7074248 0.7075140 0.7074233 0.7072596 0.7070659 0.7068554 0.7066453 0.7064462 0.7062582 0.7060853 0.7059213 0.7057294 0.7053918 0.7053703 0.7053703 -9999.000 -9999.000 -9999.000 -9999.000 -9999.000 -9999.000 -9999.000 -9999.000 -9999.000 -9999.000 -9999.000 -9999.000 -9999.000 -9999.000 -9999.000 -9999.000 -9999.000 -9999.000 -9999.000 -9999.000 -9999.000 -9999.000 -9999.000 -9999.000 -9999.000 -9999.000 -9999.000 -9999.000
-9999.000 -9999.000 -9999.000 -9999.000 -9999.000 -9999.000 -9999.000 -9999.000 -9999.000 -9999.000 -9999.000 -9999.000 -9999.000 -9999.000 -9999.000 0.7089412 0.7094291 0.7095183 0.7094231 0.7092542 0.7090552 0.7088388 0.7086234 0.7084193 0.7082263 0.7080485 0.7078790 0.7076779 0.7073175 0.7072457 0.7072457 -9999.000 -9999.000 -9999.000 -9999.000 -9999.000 -9999.000 -9999.000 -9999.000 -9999.000 -9999.000 -9999.000 -9999.000 -9999.000 -9999.000 -9999.000 -9999.000 -9999.000 -9999.000 -9999.000 -9999.000 -9999.000 -9999.000 -9999.000 -9999.000 -9999.000 -9999.000 -9999.000 -9999.000
-9999.000 -9999.000 -9999.000 -9999.000 -9999.000 -9999.000 -9999.000 -9999.000 -9999.000 -9999.000 -9999.000 -9999.000 -9999.000 -9999.000 -9999.000 0.7109349 0.7114328 0.7115206 0.7114197 0.7112446 0.7110395 0.7108163 0.7105945 0.7103844 0.7101851 0.7100013 0.7098250 0.7096126 0.7092246 0.7090858 0.7090858 -9999.000 -9999.000 -9999.000 -9999.000 -9999.000 -9999.000 -9999.000 -9999.000 -9999.000 -9999.000 -9999.000 -9999.000 -9999.000 -9999.000 -9999.000 -9999.000 -9999.000 -9999.000 -9999.000 -9999.000 -9999.000 -9999.000 -9999.000 -9999.000 -9999.000 -9999.000 -9999.000 -9999.000
-9999.000 -9999.000 -9999.000 -9999.000 -9999.000 -9999.000 -9999.000 -9999.000 -9999.000 -9999.000 -9999.000 -9999.000 -9999.000 -9999.000 -9999.000 0.7129259 0.7134329 0.7135180 0.7134106 0.7132287 0.7130168 0.7127861 0.7125574 0.7123408 0.7121344 0.7119439 0.7117597 0.7115341 0.7111129 0.7108858 0.7108858 -9999.000 -9999.000 -9999.000 -9999.000 -9999.000 -9999.000 -9999.000 -9999.000 -9999.000 -9999.000 -9999.000 -9999.000 -9999.000 -9999.000 -9999.000 -9999.000 -9999.000 -9999.000 -9999.000 -9999.000 -9999.000 -9999.000 -9999.000 -9999.000 -9999.000 -9999.000 -9999.000 -9999.000
-9999.000 -9999.000 -9999.000 -9999.000 -9999.000 -9999.000 -9999.000 -9999.000 -9999.000 -9999.000 -9999.000 -9999.000 -9999.000 -9999.000 -9999.000 0.7149122 0.7154278 0.7155091 0.7153940 0.7152046 0.7149855 0.7147469 0.7145107 0.7142872 0.7140732 0.7138752 0.7136824 0.7134411 0.7129803 0.7126365 0.7126365 -9999.000 -9999.000 -9999.000 -9999.000 -9999.000 -9999.000 -9999.000 -9999.000 -9999.000 -9999.000 -9999.000 -9999.000 -9999.000 -9999.000 -9999.000 -9999.000 -9999.000 -9999.000 -9999.000 -9999.000 -9999.000 -9999.000 -9999.000 -9999.000 -9999.000 -9999.000 -9999.000 -9999.000
-9999.000 -9999.000 -9999.000 -9999.000 -9999.000 -9999.000 -9999.000 -9999.000 -9999.000 -9999.000 -9999.000 -9999.000 -9999.000 -9999.000 -9999.000 0.7168919 0.7174159 0.7174922 0.7173681 0.7171708 0.7169442 0.7166970 0.7164531 0.7162220 0.7159998 0.7157937 0.7155910 0.7153315 0.7148232 0.7143238 0.7143238 -9999.000 -9999.000 -9999.000 -9999.000 -9999.000 -9999.000 -9999.000 -9999.000 -9999.000 -9999.000 -9999.000 -9999.000 -9999.000 -9999.000 -9999.000 -9999.000 -9999.000 -9999.000 -9999.000 -9999.000 -9999.000 -9999.000 -9999.000 -9999.000 -9999.000 -9999.000 -9999.000 -9999.000
-9999.000 -9999.000 -9999.000 -9999.000 -9999.000 -9999.000 -9999.000 -9999.000 -9999.000 -9999.000 -9999.000 -9999.000 -9999.000 -9999.000 -9999.000 0.7188631 0.7193956 0.7194655 0.7193313 0.7191252 0.7188906 0.7186344 0.7183822 0.7181434 0.7179121 0.7176971 0.7174831 0.7172019 0.7166362 0.7159264 0.7159264 -9999.000 -9999.000 -9999.000 -9999.000 -9999.000 -9999.000 -9999.000 -9999.000 -9999.000 -9999.000 -9999.000 -9999.000 -9999.000 -9999.000 -9999.000 -9999.000 -9999.000 -9999.000 -9999.000 -9999.000 -9999.000 -9999.000 -9999.000 -9999.000 -9999.000 -9999.000 -9999.000 -9999.000
-9999.000 -9999.000 -9999.000 -9999.000 -9999.000 -9999.000 -9999.000 -9999.000 -9999.000 -9999.000 -9999.000 -9999.000 -9999.000 -9999.000 -9999.000 0.7208226 0.7213644 0.7214265 0.7212808 0.7210653 0.7208223 0.7205563 0.7202954 0.7200482 0.7198068 0.7195818 0.7193548 0.7190475 0.7184117 0.7174124 0.7174124 -9999.000 -9999.000 -9999.000 -9999.000 -9999.000 -9999.000 -9999.000 -9999.000 -9999.000 -9999.000 -9999.000 -9999.000 -9999.000 -9999.000 -9999.000 -9999.000 -9999.000 -9999.000 -9999.000 -9999.000 -9999.000 -9999.000 -9999.000 -9999.000 -9999.000 -9999.000 -9999.000 -9999.000
-9999.000 -9999.000 -9999.000 -9999.000 -9999.000 -9999.000 -9999.000 -9999.000 -9999.000 -9999.000 -9999.000 -9999.000 -9999.000 -9999.000 -9999.000 0.7227656 0.7233185 0.7233717 0.7232130 0.7229873 0.7227353 0.7224588 0.7221888 0.7219324 0.7216796 0.7214432 0.7212006 0.7208611 0.7201385 0.7187318 0.7187318 -9999.000 -9999.000 -9999.000 -9999.000 -9999.000 -9999.000 -9999.000 -9999.000 -9999.000 -9999.000 -9999.000 -9999.000 -9999.000 -9999.000 -9999.000 -9999.000 -9999.000 -9999.000 -9999.000 -9999.000 -9999.000 -9999.000 -9999.000 -9999.000 -9999.000 -9999.000 -9999.000 -9999.000
-9999.000 -9999.000 -9999.000 -9999.000 -9999.000 -9999.000 -9999.000 -9999.000 -9999.000 -9999.000 -9999.000 -9999.000 -9999.000 -9999.000 -9999.000 0.7246212 0.7252113 0.7252820 0.7251291 0.7248964 0.7246368 0.7243489 0.7240680 0.7238002 0.7235326 0.7232813 0.7230185 0.7226374 0.7218047 0.7198128 0.7198128 -9999.000 -9999.000 -9999.000 -9999.000 -9999.000 -9999.000 -9999.000 -9999.000 -9999.000 -9999.000 -9999.000 -9999.000 -9999.000 -9999.000 -9999.000 -9999.000 -9999.000 -9999.000 -9999.000 -9999.000 -9999.000 -9999.000 -9999.000 -9999.000 -9999.000 -9999.000 -9999.000 -9999.000
-9999.000 -9999.000 -9999.000 -9999.000 -9999.000 -9999.000 -9999.000 -9999.000 -9999.000 -9999.000 -9999.000 -9999.000 -9999.000 -9999.000 -9999.000 0.7193663 0.7250094 0.7277856 0.7286608 0.7282893 0.7278490 0.7273547 0.7268652 0.7263996 0.7259479 0.7255335 0.7251208 0.7245678 0.7234316 0.7198619 0.7198619 -9999.000 -9999.000 -9999.000 -9999.000 -9999.000 -9999.000 -9999.000 -9999.000 -9999.000 -9999.000 -9999.000 -9999.000 -9999.000 -9999.000 -9999.000 -9999.000 -9999.000 -9999.000 -9999.000 -9999.000 -9999.000 -9999.000 -9999.000 -9999.000 -9999.000 -9999.000 -9999.000 -9999.000
0.7984460 0.7984460 0.8003555 0.7884958 0.7804637 0.7804637 0.7769469 0.7715448 0.7715448 0.7672166 0.7672166 0.7636338 0.7620501 0.7605752 0.7591413 0.7591413 0.7304017 0.7291163 0.7277055 0.7284131 0.7296680 0.7313032 0.7335467 0.7361829 0.7387483 0.7412428 0.7431253 0.7428864 0.7363193 0.7070064 0.7070064 0.4972680 0.4607532 0.4389507 0.4316295 0.4316295 0.4201379 0.4201379 0.4224254 0.4224254 0.4332763 0.4817424 0.4817424 0.5845636 0.5845636 0.6360494 0.6360494 0.6360494 0.6364450 0.6364450 0.6262055 0.6262055 0.6121476 0.6121476 0.5974936 0.5974936 0.5840150 0.5840150 0.5840150
0.7954710 0.7954710 0.7988170 0.7864772 0.7796273 0.7796273 0.7759339 0.7704734 0.7704734 0.7661622 0.7661622 0.7625965 0.7610196 0.7595503 0.7581229 0.7581229 0.7332550 0.7279881 0.7231444 0.7195020 0.7166253 0.7145054 0.7133427 0.7131583 0.7138041 0.7152534 0.7172503 0.7190991 0.7190255 0.7079000 0.7079000 0.5658624 0.5114835 0.4577307 0.4426278 0.4426278 0.4252201 0.4252201 0.4266447 0.4266447 0.4368296 0.4792975 0.4792975 0.5586776 0.5586776 0.6325518 0.6325518 0.6325518 0.6359400 0.6359400 0.6264133 0.6264133 0.6125525 0.6125525 0.5980493 0.5980493 0.5846300 0.5846300 0.5846300
0.7939640 0.7939640 0.7985626 0.7859615 0.7798162 0.7798162 0.7760022 0.7704364 0.7704364 0.7661167 0.7661167 0.7625509 0.7609719 0.7594999 0.7580627 0.7580627 0.7354061 0.7267309 0.7185895 0.7115706 0.7056511 0.7008273 0.6972038 0.6948133 0.6935745 0.6934530 0.6942904 0.6955888 0.6959724 0.6892387 0.6892387 0.5993363 0.5433095 0.4758887 0.4556146 0.4556146 0.4347385 0.4347385 0.4400758 0.4400758 0.4524804 0.4917812 0.4917812 0.5500877 0.5500877 0.6242305 0.6242305 0.6242305 0.6324748 0.6324748 0.6250787 0.6250787 0.6120137 0.6120137 0.5978330 0.5978330 0.5846000 0.5846000 0.5846000
0.7933168 0.7933168 0.7980182 0.7857135 0.7800323 0.7800323 0.7761285 0.7704414 0.7704414 0.7661099 0.7661099 0.7625471 0.7609683 0.7594959 0.7580456 0.7580456 0.7366681 0.7250440 0.7137446 0.7035537 0.6947328 0.6873655 0.6815193 0.6772034 0.6743377 0.6728448 0.6725789 0.6731604 0.6735495 0.6692809 0.6692809 0.6124393 0.5629632 0.4933840 0.4714141 0.4714141 0.4526784 0.4526784 0.4656298 0.4656298 0.4799630 0.5122460 0.5122460 0.5487554 0.5487554 0.6106824 0.6106824 0.6106824 0.6240506 0.6240506 0.6205529 0.6205529 0.6095081 0.6095081 0.5963621 0.5963621 0.5838075 0.5838075 0.5838075
0.7925732 0.7925732 0.7986194 0.7856224 0.7802344 0.7802344 0.7762548 0.7704453 0.7704453 0.7661004 0.7661004 0.7625462 0.7609704 0.7594995 0.7580299 0.7580299 0.7366812 0.7224223 0.7081724 0.6949886 0.6833454 0.6734371 0.6653530 0.6591078 0.6546330 0.6518275 0.6505371 0.6504415 0.6507382 0.6482434 0.6482434 0.6123295 0.5720488 0.5084468 0.4893131 0.4893131 0.4814262 0.4814262 0.5029938 0.5029938 0.5160632 0.5354429 0.5354429 0.5515240 0.5515240 0.5948421 0.5948421 0.5948421 0.6113373 0.6113373 0.6126331 0.6126331 0.6048749 0.6048749 0.5936828 0.5936828 0.5824327 0.5824327 0.5824327
0.7919897 0.7919897 0.7989520 0.7855824 0.7803815 0.7803815 0.7763488 0.7704517 0.7704517 0.7661008 0.7661008 0.7625500 0.7609739 0.7595023 0.7580022 0.7580022 0.7351506 0.7183771 0.7013736 0.6854143 0.6711118 0.6587493 0.6484543 0.6402625 0.6341285 0.6299570 0.6275986 0.6267800 0.6268775 0.6256487 0.6256487 0.6034344 0.5728400 0.5224565 0.5119320 0.5119320 0.5228850 0.5228850 0.5470264 0.5470264 0.5540881 0.5570382 0.5570382 0.5564933 0.5564933 0.5800464 0.5800464 0.5800464 0.5963106 0.5963106 0.6017849 0.6017849 0.5980628 0.5980628 0.5897152 0.5897152 0.5804763 0.5804763 0.5804763
0.7916908 0.7916908 0.7990745 0.7855592 0.7804766 0.7804766 0.7764151 0.7704594 0.7704594 0.7661021 0.7661021 0.7625530 0.7609767 0.7595046 0.7579618 0.7579618 0.7317925 0.7124341 0.6928127 0.6742990 0.6575614 0.6429268 0.6305476 0.6204776 0.6126945 0.6071218 0.6036304 0.6019952 0.6017429 0.6013538 0.6013538 0.5884221 0.5676265 0.5401440 0.5451434 0.5451434 0.5750119 0.5750119 0.5893765 0.5893765 0.5874013 0.5750776 0.5750776 0.5626050 0.5626050 0.5684133 0.5684133 0.5684133 0.5811934 0.5811934 0.5890014 0.5890014 0.5892577 0.5892577 0.5844048 0.5844048 0.5778848 0.5778848 0.5778848
0.7915972 0.7915972 0.7991046 0.7855499 0.7805070 0.7805070 0.7764365 0.7704622 0.7704622 0.7661036 0.7661036 0.7625549 0.7609783 0.7595056 0.7579023 0.7579023 0.7262310 0.7040586 0.6818808 0.6610217 0.6421162 0.6254752 0.6112435 0.5994733 0.5901542 0.5832280 0.5785918 0.5760711 0.5753319 0.5754827 0.5754827 0.5693365 0.5594783 0.5698975 0.5945870 0.5945870 0.6289241 0.6289241 0.6232987 0.6232987 0.6129650 0.5896407 0.5896407 0.5692760 0.5692760 0.5605896 0.5605896 0.5605896 0.5677415 0.5677415 0.5755640 0.5755640 0.5789524 0.5789524 0.5778389 0.5778389 0.5746380 0.5746380 0.5746380
0.7916907 0.7916907 0.7990745 0.7855592 0.7804765 0.7804765 0.7764151 0.7704596 0.7704596 0.7661021 0.7661021 0.7625531 0.7609767 0.7595046 0.7578181 0.7578181 0.7179208 0.6925788 0.6678472 0.6448472 0.6240817 0.6057769 0.5900244 0.5768460 0.5662212 0.5580997 0.5524015 0.5490012 0.5477178 0.5484024 0.5484024 0.5486272 0.5542532 0.6202243 0.6576442 0.6576442 0.6729484 0.6729484 0.6472753 0.6472753 0.6315417 0.6015916 0.6015916 0.5761027 0.5761027 0.5562001 0.5562001 0.5562001 0.5569310 0.5569310 0.5627347 0.5627347 0.5679097 0.5679097 0.5703124 0.5703124 0.5708088 0.5708088 0.5708088
0.7919896 0.7919896 0.7989519 0.7855825 0.7803815 0.7803815 0.7763488 0.7704517 0.7704517 0.7661005 0.7661005 0.7625499 0.7609740 0.7595024 0.7576998 0.7576998 0.7060112 0.6770631 0.6497660 0.6248626 0.6026103 0.5830739 0.5662385 0.5520599 0.5404829 0.5314477 0.5248860 0.5207204 0.5190104 0.5210217 0.5210217 0.5311598 0.5639966 0.6890706 0.7186968 0.7186968 0.7016546 0.7016546 0.6637000 0.6637000 0.6452390 0.6115784 0.6115784 0.5826637 0.5826637 0.5543830 0.5543830 0.5543830 0.5489829 0.5489829 0.5514913 0.5514913 0.5570344 0.5570344 0.5623341 0.5623341 0.5665979 0.5665979 0.5665979
0.7925731 0.7925731 0.7986194 0.7856224 0.7802346 0.7802346 0.7762549 0.7704453 0.7704453 0.7661003 0.7661003 0.7625461 0.7609702 0.7594995 0.7575365 0.7575365 0.6891359 0.6561388 0.6263412 0.5998831 0.5766404 0.5564300 0.5390758 0.5244316 0.5123829 0.5028428 0.4957421 0.4910669 0.4894761 0.4961745 0.4961745 0.5289217 0.6066172 0.7559373 0.7595865 0.7595865 0.7182716 0.7182716 0.6753136 0.6753136 0.6556437 0.6198531 0.6198531 0.5885671 0.5885671 0.5542214 0.5542214 0.5542214 0.5436139 0.5436139 0.5424058 0.5424058 0.5472186 0.5472186 0.5545811 0.5545811 0.5623486 0.5623486 0.5623486
