cruce_test.gid/Rasters/Hydraulic/Depth____000296.asc
NCOLS        79
NROWS        79
XLLCENTER         -1.500000
YLLCENTER         -4.800000
CELLSIZE           0.100
NODATA_VALUE     -9999.0
[rows 0 to 25 of 79, columns 0 to 58 of 79]
-9999.000 -9999.000 -9999.000 -9999.000 -9999.000 -9999.000 -9999.000 -9999.000 -9999.000 -9999.000 -9999.000 -9999.000 -9999.000 -9999.000 -9999.000 0.7026737 0.7031195 0.7032221 0.7031174 0.7029119 0.7026590 0.7023788 0.7020918 0.7018138 0.7015479 0.7013004 0.7010682 0.7008193 0.7004451 0.7004024 0.7004024 -9999.000 -9999.000 -9999.000 -9999.000 -9999.000 -9999.000 -9999.000 -9999.000 -9999.000 -9999.000 -9999.000 -9999.000 -9999.000 -9999.000 -9999.000 -9999.000 -9999.000 -9999.000 -9999.000 -9999.000 -9999.000 -9999.000 -9999.000 -9999.000 -9999.000 -9999.000 -9999.000 -9999.000
-9999.000 -9999.000 -9999.000 -9999.000 -9999.000 -9999.000 -9999.000 -9999.000 -9999.000 -9999.000 -9999.000 -9999.000 -9999.000 -9999.000 -9999.000 0.7044431 0.7048598 0.7049434 0.7048565 0.7046909 0.7044914 0.7042735 0.7040533 0.7038429 0.7036439 0.7034609 0.7032906 0.7031043 0.7028049 0.7028462 0.7028462 -9999.000 -9999.000 -9999.000 -9999.000 -9999.000 -9999.000 -9999.000 -9999.000 -9999.000 -9999.000 -9999.000 -9999.000 -9999.000 -9999.000 -9999.000 -9999.000 -9999.000 -9999.000 -9999.000 -9999.000 -9999.000 -9999.000 -9999.000 -9999.000 -9999.000 -9999.000 -9999.000 -9999.000
-9999.000 -9999.000 -9999.000 -9999.000 -9999.000 -9999.000 -9999.000 -9999.000 -9999.000 -9999.000 -9999.000 -9999.000 -9999.000 -9999.000 -9999.000 0.7063569 0.7068066 0.7068995 0.7068184 0.7066586 0.7064660 0.7062563 0.7060456 0.7058460 0.7056577 0.7054849 0.7053229 0.7051404 0.7048343 0.7048716 0.7048716 -9999.000 -9999.000 -9999.000 -9999.000 -9999.000 -9999.000 -9999.000 -9999.000 -9999.000 -9999.000 -9999.000 -9999.000 -9999.000 -9999.000 -9999.000 -9999.000 -9999.000 -9999.000 -9999.000 -9999.000 -9999.000 -9999.000 -9999.000 -9999.000 -9999.000 -9999.000 -9999.000 -9999.000
-9999.000 -9999.000 -9999.000 -9999.000 -9999.000 -9999.000 -9999.000 -9999.000 -9999.000 -9999.000 -9999.000 -9999.000 -9999.000 -9999.000 -9999.000 0.7083215 0.7087915 0.7088886 0.7088076 0.7086472 0.7084544 0.7082447 0.7080348 0.7078364 0.7076495 0.7074779 0.7073163 0.7071309 0.7068119 0.7068276 0.7068276 -9999.000 -9999.000 -9999.000 -9999.000 -9999.000 -9999.000 -9999.000 -9999.000 -9999.000 -9999.000 -9999.000 -9999.000 -9999.000 -9999.000 -9999.000 -9999.000 -9999.000 -9999.000 -9999.000 -9999.000 -9999.000 -9999.000 -9999.000 -9999.000 -9999.000 -9999.000 -9999.000 -9999.000
-9999.000 -9999.000 -9999.000 -9999.000 -9999.000 -9999.000 -9999.000 -9999.000 -9999.000 -9999.000 -9999.000 -9999.000 -9999.000 -9999.000 -9999.000 0.7103068 0.7107914 0.7108904 0.7108065 0.7106423 0.7104458 0.7102323 0.7100188 0.7098175 0.7096276 0.7094532 0.7092882 0.7090961 0.7087591 0.7087389 0.7087389 -9999.000 -9999.000 -9999.000 -9999.000 -9999.000 -9999.000 -9999.000 -9999.000 -9999.000 -9999.000 -9999.000 -9999.000 -9999.000 -9999.000 -9999.000 -9999.000 -9999.000 -9999.000 -9999.000 -9999.000 -9999.000 -9999.000 -9999.000 -9999.000 -9999.000 -9999.000 -9999.000 -9999.000
-9999.000 -9999.000 -9999.000 -9999.000 -9999.000 -9999.000 -9999.000 -9999.000 -9999.000 -9999.000 -9999.000 -9999.000 -9999.000 -9999.000 -9999.000 0.7122992 0.7127957 0.7128948 0.7128063 0.7126367 0.7124349 0.7122156 0.7119966 0.7117905 0.7115955 0.7114162 0.7112457 0.7110445 0.7106849 0.7106144 0.7106144 -9999.000 -9999.000 -9999.000 -9999.000 -9999.000 -9999.000 -9999.000 -9999.000 -9999.000 -9999.000 -9999.000 -9999.000 -9999.000 -9999.000 -9999.000 -9999.000 -9999.000 -9999.000 -9999.000 -9999.000 -9999.000 -9999.000 -9999.000 -9999.000 -9999.000 -9999.000 -9999.000 -9999.000
-9999.000 -9999.000 -9999.000 -9999.000 -9999.000 -9999.000 -9999.000 -9999.000 -9999.000 -9999.000 -9999.000 -9999.000 -9999.000 -9999.000 -9999.000 0.7142920 0.7147990 0.7148970 0.7148027 0.7146267 0.7144187 0.7141927 0.7139674 0.7137554 0.7135542 0.7133689 0.7131916 0.7129793 0.7125921 0.7124549 0.7124549 -9999.000 -9999.000 -9999.000 -9999.000 -9999.000 -9999.000 -9999.000 -9999.000 -9999.000 -9999.000 -9999.000 -9999.000 -9999.000 -9999.000 -9999.000 -9999.000 -9999.000 -9999.000 -9999.000 -9999.000 -9999.000 -9999.000 -9999.000 -9999.000 -9999.000 -9999.000 -9999.000 -9999.000
-9999.000 -9999.000 -9999.000 -9999.000 -9999.000 -9999.000 -9999.000 -9999.000 -9999.000 -9999.000 -9999.000 -9999.000 -9999.000 -9999.000 -9999.000 0.7162821 0.7167987 0.7168943 0.7167932 0.7166101 0.7163954 0.7161621 0.7159299 0.7157114 0.7155033 0.7153112 0.7151262 0.7149007 0.7144807 0.7142553 0.7142553 -9999.000 -9999.000 -9999.000 -9999.000 -9999.000 -9999.000 -9999.000 -9999.000 -9999.000 -9999.000 -9999.000 -9999.000 -9999.000 -9999.000 -9999.000 -9999.000 -9999.000 -9999.000 -9999.000 -9999.000 -9999.000 -9999.000 -9999.000 -9999.000 -9999.000 -9999.000 -9999.000 -9999.000
-9999.000 -9999.000 -9999.000 -9999.000 -9999.000 -9999.000 -9999.000 -9999.000 -9999.000 -9999.000 -9999.000 -9999.000 -9999.000 -9999.000 -9999.000 0.7182670 0.7187927 0.7188849 0.7187757 0.7185850 0.7183632 0.7181222 0.7178826 0.7176574 0.7174417 0.7172424 0.7170487 0.7168078 0.7163484 0.7160068 0.7160068 -9999.000 -9999.000 -9999.000 -9999.000 -9999.000 -9999.000 -9999.000 -9999.000 -9999.000 -9999.000 -9999.000 -9999.000 -9999.000 -9999.000 -9999.000 -9999.000 -9999.000 -9999.000 -9999.000 -9999.000 -9999.000 -9999.000 -9999.000 -9999.000 -9999.000 -9999.000 -9999.000 -9999.000
-9999.000 -9999.000 -9999.000 -9999.000 -9999.000 -9999.000 -9999.000 -9999.000 -9999.000 -9999.000 -9999.000 -9999.000 -9999.000 -9999.000 -9999.000 0.7202451 0.7207795 0.7208669 0.7207484 0.7205493 0.7203202 0.7200710 0.7198238 0.7195917 0.7193679 0.7191606 0.7189572 0.7186983 0.7181918 0.7176952 0.7176952 -9999.000 -9999.000 -9999.000 -9999.000 -9999.000 -9999.000 -9999.000 -9999.000 -9999.000 -9999.000 -9999.000 -9999.000 -9999.000 -9999.000 -9999.000 -9999.000 -9999.000 -9999.000 -9999.000 -9999.000 -9999.000 -9999.000 -9999.000 -9999.000 -9999.000 -9999.000 -9999.000 -9999.000
-9999.000 -9999.000 -9999.000 -9999.000 -9999.000 -9999.000 -9999.000 -9999.000 -9999.000 -9999.000 -9999.000 -9999.000 -9999.000 -9999.000 -9999.000 0.7222140 0.7227572 0.7228382 0.7227092 0.7225011 0.7222642 0.7220064 0.7217513 0.7215120 0.7212794 0.7210635 0.7208492 0.7205689 0.7200055 0.7192996 0.7192996 -9999.000 -9999.000 -9999.000 -9999.000 -9999.000 -9999.000 -9999.000 -9999.000 -9999.000 -9999.000 -9999.000 -9999.000 -9999.000 -9999.000 -9999.000 -9999.000 -9999.000 -9999.000 -9999.000 -9999.000 -9999.000 -9999.000 -9999.000 -9999.000 -9999.000 -9999.000 -9999.000 -9999.000
-9999.000 -9999.000 -9999.000 -9999.000 -9999.000 -9999.000 -9999.000 -9999.000 -9999.000 -9999.000 -9999.000 -9999.000 -9999.000 -9999.000 -9999.000 0.7241709 0.7247233 0.7247965 0.7246551 0.7244374 0.7241924 0.7239254 0.7236620 0.7234151 0.7231730 0.7229474 0.7227205 0.7224146 0.7217819 0.7207882 0.7207882 -9999.000 -9999.000 -9999.000 -9999.000 -9999.000 -9999.000 -9999.000 -9999.000 -9999.000 -9999.000 -9999.000 -9999.000 -9999.000 -9999.000 -9999.000 -9999.000 -9999.000 -9999.000 -9999.000 -9999.000 -9999.000 -9999.000 -9999.000 -9999.000 -9999.000 -9999.000 -9999.000 -9999.000
-9999.000 -9999.000 -9999.000 -9999.000 -9999.000 -9999.000 -9999.000 -9999.000 -9999.000 -9999.000 -9999.000 -9999.000 -9999.000 -9999.000 -9999.000 0.7261115 0.7266743 0.7267379 0.7265825 0.7263541 0.7261006 0.7258238 0.7255516 0.7252967 0.7250437 0.7248074 0.7245656 0.7242284 0.7235098 0.7221118 0.7221118 -9999.000 -9999.000 -9999.000 -9999.000 -9999.000 -9999.000 -9999.000 -9999.000 -9999.000 -9999.000 -9999.000 -9999.000 -9999.000 -9999.000 -9999.000 -9999.000 -9999.000 -9999.000 -9999.000 -9999.000 -9999.000 -9999.000 -9999.000 -9999.000 -9999.000 -9999.000 -9999.000 -9999.000
-9999.000 -9999.000 -9999.000 -9999.000 -9999.000 -9999.000 -9999.000 -9999.000 -9999.000 -9999.000 -9999.000 -9999.000 -9999.000 -9999.000 -9999.000 0.7279578 0.7285585 0.7286417 0.7284941 0.7282584 0.7279977 0.7277101 0.7274274 0.7271621 0.7268948 0.7266443 0.7263830 0.7260053 0.7251781 0.7231997 0.7231997 -9999.000 -9999.000 -9999.000 -9999.000 -9999.000 -9999.000 -9999.000 -9999.000 -9999.000 -9999.000 -9999.000 -9999.000 -9999.000 -9999.000 -9999.000 -9999.000 -9999.000 -9999.000 -9999.000 -9999.000 -9999.000 -9999.000 -9999.000 -9999.000 -9999.000 -9999.000 -9999.000 -9999.000
-9999.000 -9999.000 -9999.000 -9999.000 -9999.000 -9999.000 -9999.000 -9999.000 -9999.000 -9999.000 -9999.000 -9999.000 -9999.000 -9999.000 -9999.000 0.7223048 0.7281881 0.7311224 0.7321141 0.7317643 0.7312996 0.7307847 0.7302748 0.7297978 0.7293352 0.7289135 0.7284967 0.7279435 0.7268113 0.7232617 0.7232617 -9999.000 -9999.000 -9999.000 -9999.000 -9999.000 -9999.000 -9999.000 -9999.000 -9999.000 -9999.000 -9999.000 -9999.000 -9999.000 -9999.000 -9999.000 -9999.000 -9999.000 -9999.000 -9999.000 -9999.000 -9999.000 -9999.000 -9999.000 -9999.000 -9999.000 -9999.000 -9999.000 -9999.000
0.8051907 0.8051907 0.8070260 0.7919413 0.7842939 0.7842939 0.7809100 0.7757149 0.7757149 0.7715114 0.7715114 0.7679774 0.7663975 0.7649167 0.7634669 0.7634669 0.7337781 0.7324750 0.7309982 0.7316397 0.7329060 0.7345593 0.7367893 0.7394757 0.7420640 0.7445880 0.7465117 0.7463343 0.7398440 0.7106120 0.7106120 0.5003082 0.4635571 0.4414895 0.4340681 0.4340681 0.4223554 0.4223554 0.4243354 0.4243354 0.4350208 0.4831715 0.4831715 0.5849199 0.5849199 0.6390676 0.6390676 0.6390676 0.6397775 0.6397775 0.6295975 0.6295975 0.6154850 0.6154850 0.6007349 0.6007349 0.5871419 0.5871419 0.5871419
0.8021742 0.8021742 0.8060138 0.7900169 0.7834982 0.7834982 0.7799057 0.7746333 0.7746333 0.7704472 0.7704472 0.7669322 0.7653599 0.7638865 0.7624442 0.7624442 0.7367532 0.7313884 0.7264681 0.7227616 0.7198600 0.7177249 0.7165369 0.7163521 0.7169920 0.7184406 0.7204466 0.7223195 0.7222773 0.7113798 0.7113798 0.5690297 0.5144419 0.4603675 0.4451365 0.4451365 0.4274743 0.4274743 0.4286093 0.4286093 0.4386511 0.4809013 0.4809013 0.5596310 0.5596310 0.6353310 0.6353310 0.6353310 0.6392003 0.6392003 0.6297863 0.6297863 0.6158899 0.6158899 0.6012975 0.6012975 0.5877667 0.5877667 0.5877667
0.8005665 0.8005665 0.8056778 0.7895727 0.7837106 0.7837106 0.7799773 0.7745897 0.7745897 0.7703986 0.7703986 0.7668850 0.7653113 0.7638353 0.7623828 0.7623828 0.7390037 0.7301748 0.7219265 0.7148235 0.7088524 0.7039950 0.7003377 0.6979294 0.6966743 0.6965405 0.6973730 0.6986797 0.6990853 0.6924871 0.6924871 0.6025476 0.5463267 0.4785696 0.4581470 0.4581470 0.4369751 0.4369751 0.4420486 0.4420486 0.4543700 0.4936365 0.4936365 0.5516203 0.5516203 0.6267959 0.6267959 0.6267959 0.6355982 0.6355982 0.6283908 0.6283908 0.6153260 0.6153260 0.6010686 0.6010686 0.5877297 0.5877297 0.5877297
0.7993346 0.7993346 0.8052087 0.7892886 0.7838831 0.7838831 0.7800679 0.7745744 0.7745744 0.7703860 0.7703860 0.7668827 0.7653112 0.7638355 0.7623692 0.7623692 0.7403558 0.7285412 0.7171041 0.7068044 0.6979048 0.6904806 0.6845860 0.6802366 0.6773453 0.6758322 0.6755533 0.6761335 0.6765360 0.6723650 0.6723650 0.6155700 0.5659696 0.4960732 0.4739352 0.4739352 0.4548657 0.4548657 0.4676397 0.4676397 0.4819925 0.5144228 0.5144228 0.5507892 0.5507892 0.6131053 0.6131053 0.6131053 0.6269894 0.6269894 0.6237515 0.6237515 0.6127615 0.6127615 0.5995665 0.5995665 0.5869186 0.5869186 0.5869186
0.7984453 0.7984453 0.8046741 0.7891173 0.7840084 0.7840084 0.7801426 0.7745585 0.7745585 0.7703737 0.7703737 0.7668819 0.7653127 0.7638378 0.7623497 0.7623497 0.7404330 0.7259626 0.7115520 0.6982386 0.6864932 0.6765056 0.6683562 0.6620610 0.6575474 0.6547122 0.6534005 0.6532953 0.6535972 0.6511707 0.6511707 0.6153347 0.5749922 0.5110934 0.4917661 0.4917661 0.4835535 0.4835535 0.5051479 0.5051479 0.5183491 0.5379611 0.5379611 0.5539520 0.5539520 0.5972227 0.5972227 0.5972227 0.6140933 0.6140933 0.6156787 0.6156787 0.6080343 0.6080343 0.5968328 0.5968328 0.5855110 0.5855110 0.5855110
0.7978604 0.7978604 0.8041697 0.7890276 0.7840942 0.7840942 0.7801973 0.7745457 0.7745457 0.7703643 0.7703643 0.7668815 0.7653133 0.7638381 0.7623169 0.7623169 0.7389440 0.7219488 0.7047679 0.6886616 0.6742372 0.6617754 0.6513979 0.6431397 0.6369531 0.6327400 0.6303511 0.6295137 0.6296075 0.6284229 0.6284229 0.6062906 0.5756767 0.5249869 0.5142433 0.5142433 0.5250225 0.5250225 0.5494761 0.5494761 0.5567226 0.5598548 0.5598548 0.5592006 0.5592006 0.5824695 0.5824695 0.5824695 0.5989284 0.5989284 0.6046655 0.6046655 0.6010995 0.6010995 0.5927864 0.5927864 0.5835056 0.5835056 0.5835056
0.7975373 0.7975373 0.8038038 0.7889900 0.7841451 0.7841451 0.7802296 0.7745340 0.7745340 0.7703532 0.7703532 0.7668769 0.7653105 0.7638366 0.7622704 0.7622704 0.7356085 0.7160255 0.6962158 0.6775414 0.6606660 0.6459142 0.6334359 0.6232831 0.6154323 0.6098050 0.6062716 0.6046071 0.6043407 0.6039748 0.6039748 0.5911112 0.5703093 0.5424545 0.5472662 0.5472662 0.5773500 0.5773500 0.5922193 0.5922193 0.5903866 0.5781150 0.5781150 0.5654974 0.5654974 0.5709274 0.5709274 0.5709274 0.5837367 0.5837367 0.5917329 0.5917329 0.5921565 0.5921565 0.5873755 0.5873755 0.5808469 0.5808469 0.5808469
0.7974370 0.7974370 0.8036704 0.7889807 0.7841604 0.7841604 0.7802377 0.7745267 0.7745267 0.7703483 0.7703483 0.7668769 0.7653116 0.7638382 0.7622076 0.7622076 0.7300479 0.7076493 0.6852758 0.6642456 0.6451899 0.6284180 0.6140730 0.6022060 0.5928054 0.5858119 0.5811222 0.5785613 0.5777968 0.5779511 0.5779511 0.5718441 0.5619445 0.5718982 0.5966200 0.5966200 0.6316929 0.6316929 0.6265075 0.6265075 0.6162150 0.5928193 0.5928193 0.5722860 0.5722860 0.5632083 0.5632083 0.5632083 0.5702687 0.5702687 0.5781814 0.5781814 0.5817136 0.5817136 0.5806935 0.5806935 0.5775163 0.5775163 0.5775163
0.7975374 0.7975374 0.8038038 0.7889900 0.7841451 0.7841451 0.7802296 0.7745340 0.7745340 0.7703531 0.7703531 0.7668771 0.7653105 0.7638365 0.7621157 0.7621157 0.7217093 0.6961416 0.6712101 0.6480325 0.6271089 0.6086640 0.5927882 0.5795022 0.5687850 0.5605856 0.5548230 0.5513718 0.5500518 0.5507206 0.5507206 0.5509338 0.5564004 0.6219980 0.6599228 0.6599228 0.6762275 0.6762275 0.6507267 0.6507267 0.6349518 0.6048577 0.6048577 0.5791911 0.5791911 0.5589174 0.5589174 0.5589174 0.5594837 0.5594837 0.5652813 0.5652813 0.5705477 0.5705477 0.5730438 0.5730438 0.5735902 0.5735902 0.5735902
0.7978606 0.7978606 0.8041697 0.7890275 0.7840942 0.7840942 0.7801973 0.7745457 0.7745457 0.7703643 0.7703643 0.7668816 0.7653133 0.7638382 0.7619910 0.7619910 0.7097461 0.6805700 0.6530700 0.6279850 0.6055698 0.5858878 0.5689234 0.5546306 0.5429537 0.5338325 0.5271980 0.5229726 0.5212150 0.5231892 0.5231892 0.5332163 0.5656738 0.6910292 0.7216230 0.7216230 0.7052995 0.7052995 0.6672768 0.6672768 0.6487345 0.6149006 0.6149006 0.5858074 0.5858074 0.5571829 0.5571829 0.5571829 0.5515819 0.5515819 0.5540055 0.5540055 0.5595736 0.5595736 0.5649459 0.5649459 0.5692754 0.5692754 0.5692754
0.7984455 0.7984455 0.8046741 0.7891173 0.7840083 0.7840083 0.7801425 0.7745585 0.7745585 0.7703737 0.7703737 0.7668821 0.7653126 0.7638378 0.7618182 0.7618182 0.6927906 0.6595621 0.6295593 0.6029180 0.5795112 0.5591533 0.5416674 0.5269060 0.5147535 0.5051224 0.4979428 0.4932010 0.4915505 0.4981818 0.4981818 0.5306219 0.6077718 0.7586539 0.7632176 0.7632176 0.7220749 0.7220749 0.6789469 0.6789469 0.6591852 0.6232145 0.6232145 0.5917518 0.5917518 0.5570855 0.5570855 0.5570855 0.5462636 0.5462636 0.5449153 0.5449153 0.5496885 0.5496885 0.5570865 0.5570865 0.5649235 0.5649235 0.5649235
