cruce_test.gid/Rasters/Hydraulic/Depth____000069.asc
NCOLS        79
NROWS        79
XLLCENTER         -1.500000
YLLCENTER         -4.800000
CELLSIZE           0.100
NODATA_VALUE     -9999.0
[rows 0 to 25 of 79, columns 0 to 57 of 79]
-9999.000 -9999.000 -9999.000 -9999.000 -9999.000 -9999.000 -9999.000 -9999.000 -9999.000 -9999.000 -9999.000 -9999.000 -9999.000 -9999.000 -9999.000 0.2904461 0.2905794 0.2905021 0.2903729 0.2902059 0.2900055 0.2897742 0.2895144 0.2892287 0.2889208 0.2885957 0.2882606 0.2879256 0.2876202 0.2879055 0.2879055 -9999.000 -9999.000 -9999.000 -9999.000 -9999.000 -9999.000 -9999.000 -9999.000 -9999.000 -9999.000 -9999.000 -9999.000 -9999.000 -9999.000 -9999.000 -9999.000 -9999.000 -9999.000 -9999.000 -9999.000 -9999.000 -9999.000 -9999.000 -9999.000 -9999.000 -9999.000 -9999.000
-9999.000 -9999.000 -9999.000 -9999.000 -9999.000 -9999.000 -9999.000 -9999.000 -9999.000 -9999.000 -9999.000 -9999.000 -9999.000 -9999.000 -9999.000 0.2923393 0.2924915 0.2924146 0.2922929 0.2921382 0.2919540 0.2917431 0.2915079 0.2912518 0.2909786 0.2906930 0.2904000 0.2901043 0.2898237 0.2900953 0.2900953 -9999.000 -9999.000 -9999.000 -9999.000 -9999.000 -9999.000 -9999.000 -9999.000 -9999.000 -9999.000 -9999.000 -9999.000 -9999.000 -9999.000 -9999.000 -9999.000 -9999.000 -9999.000 -9999.000 -9999.000 -9999.000 -9999.000 -9999.000 -9999.000 -9999.000 -9999.000 -9999.000
-9999.000 -9999.000 -9999.000 -9999.000 -9999.000 -9999.000 -9999.000 -9999.000 -9999.000 -9999.000 -9999.000 -9999.000 -9999.000 -9999.000 -9999.000 0.2943432 0.2945369 0.2944606 0.2943397 0.2941875 0.2940076 0.2938020 0.2935728 0.2933221 0.2930525 0.2927668 0.2924679 0.2921585 0.2918563 0.2921628 0.2921628 -9999.000 -9999.000 -9999.000 -9999.000 -9999.000 -9999.000 -9999.000 -9999.000 -9999.000 -9999.000 -9999.000 -9999.000 -9999.000 -9999.000 -9999.000 -9999.000 -9999.000 -9999.000 -9999.000 -9999.000 -9999.000 -9999.000 -9999.000 -9999.000 -9999.000 -9999.000 -9999.000
-9999.000 -9999.000 -9999.000 -9999.000 -9999.000 -9999.000 -9999.000 -9999.000 -9999.000 -9999.000 -9999.000 -9999.000 -9999.000 -9999.000 -9999.000 0.2963822 0.2966101 0.2965324 0.2964101 0.2962570 0.2960765 0.2958702 0.2956393 0.2953851 0.2951089 0.2948121 0.2944964 0.2941625 0.2938280 0.2941570 0.2941570 -9999.000 -9999.000 -9999.000 -9999.000 -9999.000 -9999.000 -9999.000 -9999.000 -9999.000 -9999.000 -9999.000 -9999.000 -9999.000 -9999.000 -9999.000 -9999.000 -9999.000 -9999.000 -9999.000 -9999.000 -9999.000 -9999.000 -9999.000 -9999.000 -9999.000 -9999.000 -9999.000
-9999.000 -9999.000 -9999.000 -9999.000 -9999.000 -9999.000 -9999.000 -9999.000 -9999.000 -9999.000 -9999.000 -9999.000 -9999.000 -9999.000 -9999.000 0.2984481 0.2987030 0.2986218 0.2984956 0.2983384 0.2981533 0.2979412 0.2977027 0.2974379 0.2971472 0.2968308 0.2964887 0.2961201 0.2957416 0.2960836 0.2960836 -9999.000 -9999.000 -9999.000 -9999.000 -9999.000 -9999.000 -9999.000 -9999.000 -9999.000 -9999.000 -9999.000 -9999.000 -9999.000 -9999.000 -9999.000 -9999.000 -9999.000 -9999.000 -9999.000 -9999.000 -9999.000 -9999.000 -9999.000 -9999.000 -9999.000 -9999.000 -9999.000
-9999.000 -9999.000 -9999.000 -9999.000 -9999.000 -9999.000 -9999.000 -9999.000 -9999.000 -9999.000 -9999.000 -9999.000 -9999.000 -9999.000 -9999.000 0.3005334 0.3008086 0.3007216 0.3005895 0.3004256 0.3002325 0.3000106 0.2997595 0.2994784 0.2991663 0.2988223 0.2984447 0.2980306 0.2975946 0.2979401 0.2979401 -9999.000 -9999.000 -9999.000 -9999.000 -9999.000 -9999.000 -9999.000 -9999.000 -9999.000 -9999.000 -9999.000 -9999.000 -9999.000 -9999.000 -9999.000 -9999.000 -9999.000 -9999.000 -9999.000 -9999.000 -9999.000 -9999.000 -9999.000 -9999.000 -9999.000 -9999.000 -9999.000
-9999.000 -9999.000 -9999.000 -9999.000 -9999.000 -9999.000 -9999.000 -9999.000 -9999.000 -9999.000 -9999.000 -9999.000 -9999.000 -9999.000 -9999.000 0.3026315 0.3029206 0.3028257 0.3026858 0.3025131 0.3023095 0.3020745 0.3018066 0.3015039 0.3011641 0.3007845 0.3003612 0.2998888 0.2993783 0.2997160 0.2997160 -9999.000 -9999.000 -9999.000 -9999.000 -9999.000 -9999.000 -9999.000 -9999.000 -9999.000 -9999.000 -9999.000 -9999.000 -9999.000 -9999.000 -9999.000 -9999.000 -9999.000 -9999.000 -9999.000 -9999.000 -9999.000 -9999.000 -9999.000 -9999.000 -9999.000 -9999.000 -9999.000
-9999.000 -9999.000 -9999.000 -9999.000 -9999.000 -9999.000 -9999.000 -9999.000 -9999.000 -9999.000 -9999.000 -9999.000 -9999.000 -9999.000 -9999.000 0.3047367 0.3050335 0.3049286 0.3047796 0.3045964 0.3043801 0.3041289 0.3038404 0.3035110 0.3031366 0.3027125 0.3022318 0.3016852 0.3010778 0.3013910 0.3013910 -9999.000 -9999.000 -9999.000 -9999.000 -9999.000 -9999.000 -9999.000 -9999.000 -9999.000 -9999.000 -9999.000 -9999.000 -9999.000 -9999.000 -9999.000 -9999.000 -9999.000 -9999.000 -9999.000 -9999.000 -9999.000 -9999.000 -9999.000 -9999.000 -9999.000 -9999.000 -9999.000
-9999.000 -9999.000 -9999.000 -9999.000 -9999.000 -9999.000 -9999.000 -9999.000 -9999.000 -9999.000 -9999.000 -9999.000 -9999.000 -9999.000 -9999.000 0.3068434 0.3071421 0.3070250 0.3068657 0.3066706 0.3064395 0.3061695 0.3058563 0.3054946 0.3050781 0.3045988 0.3040459 0.3034042 0.3026691 0.3029310 0.3029310 -9999.000 -9999.000 -9999.000 -9999.000 -9999.000 -9999.000 -9999.000 -9999.000 -9999.000 -9999.000 -9999.000 -9999.000 -9999.000 -9999.000 -9999.000 -9999.000 -9999.000 -9999.000 -9999.000 -9999.000 -9999.000 -9999.000 -9999.000 -9999.000 -9999.000 -9999.000 -9999.000
-9999.000 -9999.000 -9999.000 -9999.000 -9999.000 -9999.000 -9999.000 -9999.000 -9999.000 -9999.000 -9999.000 -9999.000 -9999.000 -9999.000 -9999.000 0.3089454 0.3092408 0.3091094 0.3089386 0.3087302 0.3084823 0.3081904 0.3078482 0.3074478 0.3069798 0.3064319 0.3057875 0.3050224 0.3041156 0.3042797 0.3042797 -9999.000 -9999.000 -9999.000 -9999.000 -9999.000 -9999.000 -9999.000 -9999.000 -9999.000 -9999.000 -9999.000 -9999.000 -9999.000 -9999.000 -9999.000 -9999.000 -9999.000 -9999.000 -9999.000 -9999.000 -9999.000 -9999.000 -9999.000 -9999.000 -9999.000 -9999.000 -9999.000
-9999.000 -9999.000 -9999.000 -9999.000 -9999.000 -9999.000 -9999.000 -9999.000 -9999.000 -9999.000 -9999.000 -9999.000 -9999.000 -9999.000 -9999.000 0.3110348 0.3113228 0.3111750 0.3109916 0.3107686 0.3105016 0.3101843 0.3098077 0.3093606 0.3088291 0.3081949 0.3074326 0.3065037 0.3053603 0.3053415 0.3053415 -9999.000 -9999.000 -9999.000 -9999.000 -9999.000 -9999.000 -9999.000 -9999.000 -9999.000 -9999.000 -9999.000 -9999.000 -9999.000 -9999.000 -9999.000 -9999.000 -9999.000 -9999.000 -9999.000 -9999.000 -9999.000 -9999.000 -9999.000 -9999.000 -9999.000 -9999.000 -9999.000
-9999.000 -9999.000 -9999.000 -9999.000 -9999.000 -9999.000 -9999.000 -9999.000 -9999.000 -9999.000 -9999.000 -9999.000 -9999.000 -9999.000 -9999.000 0.3131009 0.3133795 0.3132134 0.3130163 0.3127767 0.3124879 0.3121407 0.3117226 0.3112181 0.3106069 0.3098620 0.3089443 0.3077924 0.3063114 0.3059440 0.3059440 -9999.000 -9999.000 -9999.000 -9999.000 -9999.000 -9999.000 -9999.000 -9999.000 -9999.000 -9999.000 -9999.000 -9999.000 -9999.000 -9999.000 -9999.000 -9999.000 -9999.000 -9999.000 -9999.000 -9999.000 -9999.000 -9999.000 -9999.000 -9999.000 -9999.000 -9999.000 -9999.000
-9999.000 -9999.000 -9999.000 -9999.000 -9999.000 -9999.000 -9999.000 -9999.000 -9999.000 -9999.000 -9999.000 -9999.000 -9999.000 -9999.000 -9999.000 0.3151286 0.3153986 0.3152128 0.3150004 0.3147419 0.3144273 0.3140438 0.3135745 0.3129974 0.3122836 0.3113924 0.3102630 0.3087959 0.3068124 0.3057462 0.3057462 -9999.000 -9999.000 -9999.000 -9999.000 -9999.000 -9999.000 -9999.000 -9999.000 -9999.000 -9999.000 -9999.000 -9999.000 -9999.000 -9999.000 -9999.000 -9999.000 -9999.000 -9999.000 -9999.000 -9999.000 -9999.000 -9999.000 -9999.000 -9999.000 -9999.000 -9999.000 -9999.000
-9999.000 -9999.000 -9999.000 -9999.000 -9999.000 -9999.000 -9999.000 -9999.000 -9999.000 -9999.000 -9999.000 -9999.000 -9999.000 -9999.000 -9999.000 0.3170828 0.3173557 0.3171517 0.3169242 0.3166447 0.3162995 0.3158711 0.3153361 0.3146634 0.3138109 0.3127168 0.3112842 0.3093463 0.3065678 0.3039783 0.3039783 -9999.000 -9999.000 -9999.000 -9999.000 -9999.000 -9999.000 -9999.000 -9999.000 -9999.000 -9999.000 -9999.000 -9999.000 -9999.000 -9999.000 -9999.000 -9999.000 -9999.000 -9999.000 -9999.000 -9999.000 -9999.000 -9999.000 -9999.000 -9999.000 -9999.000 -9999.000 -9999.000
-9999.000 -9999.000 -9999.000 -9999.000 -9999.000 -9999.000 -9999.000 -9999.000 -9999.000 -9999.000 -9999.000 -9999.000 -9999.000 -9999.000 -9999.000 0.3179094 0.3188557 0.3188553 0.3187556 0.3185457 0.3182217 0.3177693 0.3171620 0.3163599 0.3153041 0.3139025 0.3119998 0.3093008 0.3051274 0.2983008 0.2983008 -9999.000 -9999.000 -9999.000 -9999.000 -9999.000 -9999.000 -9999.000 -9999.000 -9999.000 -9999.000 -9999.000 -9999.000 -9999.000 -9999.000 -9999.000 -9999.000 -9999.000 -9999.000 -9999.000 -9999.000 -9999.000 -9999.000 -9999.000 -9999.000 -9999.000 -9999.000 -9999.000
0.2833056 0.2833056 0.2707983 0.2628902 0.2604401 0.2604401 0.2583979 0.2550522 0.2550522 0.2523005 0.2523005 0.2499226 0.2559478 0.2964513 0.3146588 0.3146588 0.3264005 0.3269430 0.3273469 0.3275000 0.3272965 0.3266267 0.3253905 0.3234997 0.3208523 0.3172596 0.3122811 0.3048073 0.2916674 0.2572196 0.2572196 0.1278325 0.1036331 0.1009223 0.1061893 0.1061893 0.1220465 0.1220465 0.1456914 0.1456914 0.1885675 0.2136800 0.2136800 0.2169072 0.2169072 0.2157210 0.2157210 0.2157210 0.2108769 0.2108769 0.2061299 0.2061299 0.2021507 0.2021507 0.1963647 0.1963647 0.1926586 0.1926586
0.2824021 0.2824021 0.2699344 0.2624210 0.2600013 0.2600013 0.2579730 0.2546378 0.2546378 0.2518926 0.2518926 0.2495222 0.2526627 0.2912880 0.3125601 0.3125601 0.3197338 0.3201495 0.3206139 0.3210969 0.3215031 0.3216870 0.3214625 0.3206012 0.3188198 0.3157471 0.3108416 0.3031581 0.2905864 0.2657693 0.2657693 0.1741730 0.1445990 0.1236441 0.1207097 0.1207097 0.1253172 0.1253172 0.1432258 0.1432258 0.1713759 0.2140801 0.2140801 0.2174792 0.2174792 0.2154645 0.2154645 0.2154645 0.2105317 0.2105317 0.2057816 0.2057816 0.2024453 0.2024453 0.1960803 0.1960803 0.1923965 0.1923965
0.2818337 0.2818337 0.2696937 0.2623727 0.2599798 0.2599798 0.2579620 0.2546275 0.2546275 0.2518772 0.2518772 0.2495032 0.2512586 0.2848080 0.3100516 0.3100516 0.3146484 0.3145112 0.3144599 0.3145319 0.3146659 0.3147297 0.3145353 0.3138444 0.3123584 0.3096896 0.3052936 0.2982999 0.2869796 0.2662724 0.2662724 0.1965163 0.1669601 0.1401612 0.1342516 0.1342516 0.1339810 0.1339810 0.1469591 0.1469591 0.1648177 0.2099671 0.2099671 0.2188263 0.2188263 0.2158752 0.2158752 0.2158752 0.2105565 0.2105565 0.2057244 0.2057244 0.2018003 0.2018003 0.1963929 0.1963929 0.1925392 0.1925392
0.2813800 0.2813800 0.2694962 0.2623329 0.2599684 0.2599684 0.2579633 0.2546321 0.2546321 0.2518781 0.2518781 0.2495021 0.2503335 0.2775084 0.3073502 0.3073502 0.3100689 0.3093297 0.3087333 0.3083317 0.3080735 0.3078328 0.3074252 0.3066148 0.3051108 0.3025483 0.2984417 0.2920622 0.2820280 0.2642323 0.2642323 0.2101504 0.1831445 0.1558496 0.1494653 0.1494653 0.1476503 0.1476503 0.1560345 0.1560345 0.1660100 0.2014591 0.2014591 0.2176155 0.2176155 0.2157555 0.2157555 0.2157555 0.2104310 0.2104310 0.2054516 0.2054516 0.2013018 0.2013018 0.1963895 0.1963895 0.1925143 0.1925143
0.2810396 0.2810396 0.2693355 0.2622979 0.2599590 0.2599590 0.2579658 0.2546376 0.2546376 0.2518794 0.2518794 0.2495013 0.2497051 0.2698026 0.3039517 0.3039517 0.3054452 0.3040149 0.3028525 0.3019925 0.3013678 0.3008404 0.3002186 0.2992668 0.2977054 0.2952000 0.2913328 0.2855349 0.2767921 0.2616524 0.2616524 0.2184781 0.1953615 0.1712230 0.1660973 0.1660973 0.1647173 0.1647173 0.1686753 0.1686753 0.1728529 0.1939867 0.1939867 0.2127615 0.2127615 0.2146712 0.2146712 0.2146712 0.2098024 0.2098024 0.2048295 0.2048295 0.2005634 0.2005634 0.1960692 0.1960692 0.1923553 0.1923553
0.2808031 0.2808031 0.2692171 0.2622705 0.2599518 0.2599518 0.2579685 0.2546426 0.2546426 0.2518807 0.2518807 0.2495007 0.2492807 0.2625911 0.2992470 0.2992470 0.3005874 0.2983164 0.2965159 0.2951822 0.2942163 0.2934531 0.2926790 0.2916472 0.2900820 0.2876738 0.2840699 0.2788782 0.2715133 0.2589544 0.2589544 0.2243384 0.2056748 0.1875754 0.1845651 0.1845651 0.1833438 0.1833438 0.1824137 0.1824137 0.1823654 0.1906013 0.1906013 0.2057618 0.2057618 0.2119767 0.2119767 0.2119767 0.2083390 0.2083390 0.2037586 0.2037586 0.1995897 0.1995897 0.1955117 0.1955117 0.1921150 0.1921150
0.2806638 0.2806638 0.2691446 0.2622529 0.2599472 0.2599472 0.2579703 0.2546460 0.2546460 0.2518817 0.2518817 0.2495003 0.2489958 0.2582232 0.2915378 0.2915378 0.2953410 0.2920510 0.2895144 0.2876646 0.2863612 0.2854046 0.2845485 0.2835217 0.2820387 0.2798015 0.2765094 0.2719863 0.2662499 0.2567389 0.2567389 0.2296634 0.2162237 0.2059667 0.2046200 0.2046200 0.2014673 0.2014673 0.1953800 0.1953800 0.1922846 0.1912896 0.1912896 0.1994231 0.1994231 0.2076448 0.2076448 0.2076448 0.2057818 0.2057818 0.2020831 0.2020831 0.1983268 0.1983268 0.1947687 0.1947687 0.1918302 0.1918302
0.2806179 0.2806179 0.2691202 0.2622469 0.2599457 0.2599457 0.2579710 0.2546472 0.2546472 0.2518820 0.2518820 0.2495001 0.2488055 0.2548935 0.2830882 0.2830882 0.2895283 0.2850626 0.2816882 0.2792601 0.2775977 0.2764693 0.2755908 0.2746549 0.2733506 0.2713731 0.2684525 0.2647273 0.2612181 0.2557385 0.2557385 0.2366343 0.2292256 0.2261103 0.2247121 0.2247121 0.2173825 0.2173825 0.2066785 0.2066785 0.2014583 0.1945263 0.1945263 0.1955690 0.1955690 0.2023937 0.2023937 0.2023937 0.2021570 0.2021570 0.1996949 0.1996949 0.1967103 0.1967103 0.1938528 0.1938528 0.1915196 0.1915196
0.2806639 0.2806639 0.2691446 0.2622530 0.2599472 0.2599472 0.2579703 0.2546460 0.2546460 0.2518816 0.2518816 0.2495002 0.2486792 0.2525397 0.2747312 0.2747312 0.2828355 0.2771071 0.2728440 0.2697967 0.2677435 0.2664401 0.2655776 0.2648109 0.2637876 0.2621695 0.2596982 0.2570943 0.2572306 0.2575820 0.2575820 0.2471189 0.2461479 0.2460071 0.2427302 0.2427302 0.2303738 0.2303738 0.2161387 0.2161387 0.2094721 0.1988272 0.1988272 0.1943421 0.1943421 0.1972665 0.1972665 0.1972665 0.1978433 0.1978433 0.1966382 0.1966382 0.1947082 0.1947082 0.1927639 0.1927639 0.1911965 0.1911965
0.2808031 0.2808031 0.2692170 0.2622705 0.2599518 0.2599518 0.2579685 0.2546426 0.2546426 0.2518807 0.2518807 0.2495006 0.2485960 0.2509170 0.2681274 0.2681274 0.2747853 0.2679429 0.2627212 0.2589860 0.2565241 0.2550657 0.2542709 0.2537533 0.2531126 0.2519687 0.2500937 0.2493720 0.2558838 0.2639546 0.2639546 0.2626177 0.2664269 0.2633240 0.2575025 0.2575025 0.2405846 0.2405846 0.2238752 0.2238752 0.2162188 0.2032249 0.2032249 0.1949380 0.1949380 0.1930617 0.1930617 0.1930617 0.1934203 0.1934203 0.1931462 0.1931462 0.1923743 0.1923743 0.1915246 0.1915246 0.1908696 0.1908696
0.2810395 0.2810395 0.2693355 0.2622979 0.2599590 0.2599590 0.2579659 0.2546376 0.2546376 0.2518794 0.2518794 0.2495013 0.2485418 0.2498240 0.2628421 0.2628421 0.2648181 0.2569680 0.2507945 0.2464025 0.2435808 0.2420309 0.2413839 0.2412164 0.2410806 0.2405465 0.2394797 0.2424499 0.2605051 0.2765553 0.2765553 0.2828423 0.2866870 0.2776360 0.2697235 0.2697235 0.2484641 0.2484641 0.2300364 0.2300364 0.2216927 0.2071958 0.2071958 0.1964441 0.1964441 0.1900867 0.1900867 0.1900867 0.1894348 0.1894348 0.1895874 0.1895874 0.1898776 0.1898776 0.1902026 0.1902026 0.1905504 0.1905504
