cruce_test.gid/Rasters/Hydraulic/Depth____000027.asc
NCOLS        79
NROWS        79
XLLCENTER         -1.500000
YLLCENTER         -4.800000
CELLSIZE           0.100
NODATA_VALUE     -9999.0
[rows 0 to 25 of 79, columns 0 to 56 of 79]
-9999.000 -9999.000 -9999.000 -9999.000 -9999.000 -9999.000 -9999.000 -9999.000 -9999.000 -9999.000 -9999.000 -9999.000 -9999.000 -9999.000 -9999.000 0.1718679 0.1718573 0.1717013 0.1714612 0.1711560 0.1708011 0.1704114 0.1700024 0.1695899 0.1691906 0.1688218 0.1685016 0.1682496 0.1680931 0.1683575 0.1683575 -9999.000 -9999.000 -9999.000 -9999.000 -9999.000 -9999.000 -9999.000 -9999.000 -9999.000 -9999.000 -9999.000 -9999.000 -9999.000 -9999.000 -9999.000 -9999.000 -9999.000 -9999.000 -9999.000 -9999.000 -9999.000 -9999.000 -9999.000 -9999.000 -9999.000 -9999.000
-9999.000 -9999.000 -9999.000 -9999.000 -9999.000 -9999.000 -9999.000 -9999.000 -9999.000 -9999.000 -9999.000 -9999.000 -9999.000 -9999.000 -9999.000 0.1739874 0.1740507 0.1739031 0.1736740 0.1733828 0.1730444 0.1726731 0.1722839 0.1718921 0.1715132 0.1711631 0.1708567 0.1706083 0.1704362 0.1706570 0.1706570 -9999.000 -9999.000 -9999.000 -9999.000 -9999.000 -9999.000 -9999.000 -9999.000 -9999.000 -9999.000 -9999.000 -9999.000 -9999.000 -9999.000 -9999.000 -9999.000 -9999.000 -9999.000 -9999.000 -9999.000 -9999.000 -9999.000 -9999.000 -9999.000 -9999.000 -9999.000
-9999.000 -9999.000 -9999.000 -9999.000 -9999.000 -9999.000 -9999.000 -9999.000 -9999.000 -9999.000 -9999.000 -9999.000 -9999.000 -9999.000 -9999.000 0.1763127 0.1764409 0.1762899 0.1760545 0.1757571 0.1754130 0.1750369 0.1746434 0.1742473 0.1738635 0.1735064 0.1731901 0.1729280 0.1727418 0.1730030 0.1730030 -9999.000 -9999.000 -9999.000 -9999.000 -9999.000 -9999.000 -9999.000 -9999.000 -9999.000 -9999.000 -9999.000 -9999.000 -9999.000 -9999.000 -9999.000 -9999.000 -9999.000 -9999.000 -9999.000 -9999.000 -9999.000 -9999.000 -9999.000 -9999.000 -9999.000 -9999.000
-9999.000 -9999.000 -9999.000 -9999.000 -9999.000 -9999.000 -9999.000 -9999.000 -9999.000 -9999.000 -9999.000 -9999.000 -9999.000 -9999.000 -9999.000 0.1786651 0.1788536 0.1786939 0.1784451 0.1781330 0.1777738 0.1773827 0.1769742 0.1765631 0.1761638 0.1757902 0.1754556 0.1751737 0.1749689 0.1752683 0.1752683 -9999.000 -9999.000 -9999.000 -9999.000 -9999.000 -9999.000 -9999.000 -9999.000 -9999.000 -9999.000 -9999.000 -9999.000 -9999.000 -9999.000 -9999.000 -9999.000 -9999.000 -9999.000 -9999.000 -9999.000 -9999.000 -9999.000 -9999.000 -9999.000 -9999.000 -9999.000
-9999.000 -9999.000 -9999.000 -9999.000 -9999.000 -9999.000 -9999.000 -9999.000 -9999.000 -9999.000 -9999.000 -9999.000 -9999.000 -9999.000 -9999.000 0.1810390 0.1812828 0.1811094 0.1808409 0.1805067 0.1801242 0.1797089 0.1792757 0.1788394 0.1784141 0.1780135 0.1776510 0.1773403 0.1771093 0.1774428 0.1774428 -9999.000 -9999.000 -9999.000 -9999.000 -9999.000 -9999.000 -9999.000 -9999.000 -9999.000 -9999.000 -9999.000 -9999.000 -9999.000 -9999.000 -9999.000 -9999.000 -9999.000 -9999.000 -9999.000 -9999.000 -9999.000 -9999.000 -9999.000 -9999.000 -9999.000 -9999.000
-9999.000 -9999.000 -9999.000 -9999.000 -9999.000 -9999.000 -9999.000 -9999.000 -9999.000 -9999.000 -9999.000 -9999.000 -9999.000 -9999.000 -9999.000 0.1834330 0.1837246 0.1835324 0.1832385 0.1828756 0.1824621 0.1820139 0.1815464 0.1810742 0.1806116 0.1801723 0.1797697 0.1794184 0.1791502 0.1795131 0.1795131 -9999.000 -9999.000 -9999.000 -9999.000 -9999.000 -9999.000 -9999.000 -9999.000 -9999.000 -9999.000 -9999.000 -9999.000 -9999.000 -9999.000 -9999.000 -9999.000 -9999.000 -9999.000 -9999.000 -9999.000 -9999.000 -9999.000 -9999.000 -9999.000 -9999.000 -9999.000
-9999.000 -9999.000 -9999.000 -9999.000 -9999.000 -9999.000 -9999.000 -9999.000 -9999.000 -9999.000 -9999.000 -9999.000 -9999.000 -9999.000 -9999.000 0.1858482 0.1861767 0.1859599 0.1856348 0.1852366 0.1847846 0.1842950 0.1837831 0.1832638 0.1827512 0.1822592 0.1818018 0.1813949 0.1810748 0.1814611 0.1814611 -9999.000 -9999.000 -9999.000 -9999.000 -9999.000 -9999.000 -9999.000 -9999.000 -9999.000 -9999.000 -9999.000 -9999.000 -9999.000 -9999.000 -9999.000 -9999.000 -9999.000 -9999.000 -9999.000 -9999.000 -9999.000 -9999.000 -9999.000 -9999.000 -9999.000 -9999.000
-9999.000 -9999.000 -9999.000 -9999.000 -9999.000 -9999.000 -9999.000 -9999.000 -9999.000 -9999.000 -9999.000 -9999.000 -9999.000 -9999.000 -9999.000 0.1882872 0.1886375 0.1883889 0.1880265 0.1875863 0.1870879 0.1865477 0.1859808 0.1854019 0.1848249 0.1842638 0.1837336 0.1832519 0.1828605 0.1832624 0.1832624 -9999.000 -9999.000 -9999.000 -9999.000 -9999.000 -9999.000 -9999.000 -9999.000 -9999.000 -9999.000 -9999.000 -9999.000 -9999.000 -9999.000 -9999.000 -9999.000 -9999.000 -9999.000 -9999.000 -9999.000 -9999.000 -9999.000 -9999.000 -9999.000 -9999.000 -9999.000
-9999.000 -9999.000 -9999.000 -9999.000 -9999.000 -9999.000 -9999.000 -9999.000 -9999.000 -9999.000 -9999.000 -9999.000 -9999.000 -9999.000 -9999.000 0.1907525 0.1911053 0.1908164 0.1904099 0.1899202 0.1893668 0.1887659 0.1881322 0.1874796 0.1868215 0.1861719 0.1855464 0.1849650 0.1844754 0.1848812 0.1848812 -9999.000 -9999.000 -9999.000 -9999.000 -9999.000 -9999.000 -9999.000 -9999.000 -9999.000 -9999.000 -9999.000 -9999.000 -9999.000 -9999.000 -9999.000 -9999.000 -9999.000 -9999.000 -9999.000 -9999.000 -9999.000 -9999.000 -9999.000 -9999.000 -9999.000 -9999.000
-9999.000 -9999.000 -9999.000 -9999.000 -9999.000 -9999.000 -9999.000 -9999.000 -9999.000 -9999.000 -9999.000 -9999.000 -9999.000 -9999.000 -9999.000 0.1932427 0.1935759 0.1932376 0.1927802 0.1922330 0.1916149 0.1909419 0.1902277 0.1894850 0.1887260 0.1879638 0.1872143 0.1864992 0.1858725 0.1862618 0.1862618 -9999.000 -9999.000 -9999.000 -9999.000 -9999.000 -9999.000 -9999.000 -9999.000 -9999.000 -9999.000 -9999.000 -9999.000 -9999.000 -9999.000 -9999.000 -9999.000 -9999.000 -9999.000 -9999.000 -9999.000 -9999.000 -9999.000 -9999.000 -9999.000 -9999.000 -9999.000
-9999.000 -9999.000 -9999.000 -9999.000 -9999.000 -9999.000 -9999.000 -9999.000 -9999.000 -9999.000 -9999.000 -9999.000 -9999.000 -9999.000 -9999.000 0.1957463 0.1960385 0.1956432 0.1951296 0.1945174 0.1938244 0.1930660 0.1922552 0.1914028 0.1905185 0.1896128 0.1886999 0.1878021 0.1869784 0.1873111 0.1873111 -9999.000 -9999.000 -9999.000 -9999.000 -9999.000 -9999.000 -9999.000 -9999.000 -9999.000 -9999.000 -9999.000 -9999.000 -9999.000 -9999.000 -9999.000 -9999.000 -9999.000 -9999.000 -9999.000 -9999.000 -9999.000 -9999.000 -9999.000 -9999.000 -9999.000 -9999.000
-9999.000 -9999.000 -9999.000 -9999.000 -9999.000 -9999.000 -9999.000 -9999.000 -9999.000 -9999.000 -9999.000 -9999.000 -9999.000 -9999.000 -9999.000 0.1982359 0.1984711 0.1980150 0.1974435 0.1967614 0.1959837 0.1951259 0.1941998 0.1932135 0.1921722 0.1910812 0.1899486 0.1887924 0.1876719 0.1878616 0.1878616 -9999.000 -9999.000 -9999.000 -9999.000 -9999.000 -9999.000 -9999.000 -9999.000 -9999.000 -9999.000 -9999.000 -9999.000 -9999.000 -9999.000 -9999.000 -9999.000 -9999.000 -9999.000 -9999.000 -9999.000 -9999.000 -9999.000 -9999.000 -9999.000 -9999.000 -9999.000
-9999.000 -9999.000 -9999.000 -9999.000 -9999.000 -9999.000 -9999.000 -9999.000 -9999.000 -9999.000 -9999.000 -9999.000 -9999.000 -9999.000 -9999.000 0.2006655 0.2008376 0.2003226 0.1996966 0.1989438 0.1980749 0.1971039 0.1960413 0.1948911 0.1936512 0.1923155 0.1908776 0.1893382 0.1877396 0.1875802 0.1875802 -9999.000 -9999.000 -9999.000 -9999.000 -9999.000 -9999.000 -9999.000 -9999.000 -9999.000 -9999.000 -9999.000 -9999.000 -9999.000 -9999.000 -9999.000 -9999.000 -9999.000 -9999.000 -9999.000 -9999.000 -9999.000 -9999.000 -9999.000 -9999.000 -9999.000 -9999.000
-9999.000 -9999.000 -9999.000 -9999.000 -9999.000 -9999.000 -9999.000 -9999.000 -9999.000 -9999.000 -9999.000 -9999.000 -9999.000 -9999.000 -9999.000 0.2029690 0.2030901 0.2025253 0.2018526 0.2010333 0.2000703 0.1989742 0.1977518 0.1964006 0.1949052 0.1932374 0.1913562 0.1892105 0.1867676 0.1856910 0.1856910 -9999.000 -9999.000 -9999.000 -9999.000 -9999.000 -9999.000 -9999.000 -9999.000 -9999.000 -9999.000 -9999.000 -9999.000 -9999.000 -9999.000 -9999.000 -9999.000 -9999.000 -9999.000 -9999.000 -9999.000 -9999.000 -9999.000 -9999.000 -9999.000 -9999.000 -9999.000
-9999.000 -9999.000 -9999.000 -9999.000 -9999.000 -9999.000 -9999.000 -9999.000 -9999.000 -9999.000 -9999.000 -9999.000 -9999.000 -9999.000 -9999.000 0.2046506 0.2050995 0.2045982 0.2039331 0.2030675 0.2020076 0.2007651 0.1993446 0.1977342 0.1958966 0.1937606 0.1912053 0.1880296 0.1838888 0.1796253 0.1796253 -9999.000 -9999.000 -9999.000 -9999.000 -9999.000 -9999.000 -9999.000 -9999.000 -9999.000 -9999.000 -9999.000 -9999.000 -9999.000 -9999.000 -9999.000 -9999.000 -9999.000 -9999.000 -9999.000 -9999.000 -9999.000 -9999.000 -9999.000 -9999.000 -9999.000 -9999.000
0.1702189 0.1702189 0.1773376 0.1801567 0.1818563 0.1818563 0.1835978 0.1871178 0.1871178 0.1912509 0.1912509 0.1966537 0.1999727 0.2037797 0.2081260 0.2081260 0.2120030 0.2109401 0.2095279 0.2077941 0.2058156 0.2036570 0.2013440 0.1988437 0.1960415 0.1926944 0.1883108 0.1818070 0.1703235 0.1413846 0.1413846 0.5292494E-01 0.3082536E-01 0.2068495E-01 0.2112316E-01 0.2112316E-01 0.2812141E-01 0.2812141E-01 0.8248606E-01 0.8248606E-01 0.9249564E-01 0.9862886E-01 0.9862886E-01 0.1016555 0.1016555 0.1058842 0.1058842 0.1058842 0.1055635 0.1055635 0.1044158 0.1044158 0.1027898 0.1027898 0.1013885 0.1013885 0.9817739E-01
0.1693843 0.1693843 0.1770964 0.1799278 0.1816370 0.1816370 0.1833959 0.1869552 0.1869552 0.1911113 0.1911113 0.1963864 0.1994287 0.2026276 0.2058222 0.2058222 0.2081698 0.2078007 0.2071214 0.2060823 0.2046517 0.2028170 0.2005737 0.1979001 0.1947161 0.1908276 0.1858333 0.1789257 0.1683110 0.1480015 0.1480015 0.8902457E-01 0.6819138E-01 0.5109280E-01 0.4680727E-01 0.4680727E-01 0.4403510E-01 0.4403510E-01 0.6627415E-01 0.6627415E-01 0.8830235E-01 0.9912493E-01 0.9912493E-01 0.1020025 0.1020025 0.1056971 0.1056971 0.1056971 0.1053162 0.1053162 0.1042058 0.1042058 0.1026010 0.1026010 0.1018673 0.1018673 0.9807765E-01
0.1689230 0.1689230 0.1770490 0.1798377 0.1815220 0.1815220 0.1832456 0.1866675 0.1866675 0.1905431 0.1905431 0.1952817 0.1979144 0.2005934 0.2031757 0.2031757 0.2047838 0.2043942 0.2037608 0.2028617 0.2016458 0.2000526 0.1980190 0.1954717 0.1923045 0.1883359 0.1832364 0.1763833 0.1664643 0.1496366 0.1496366 0.1032055 0.8335926E-01 0.6517702E-01 0.6023238E-01 0.6023238E-01 0.5640218E-01 0.5640218E-01 0.6624522E-01 0.6624522E-01 0.8172893E-01 0.1004069 0.1004069 0.1033115 0.1033115 0.1057294 0.1057294 0.1057294 0.1050786 0.1050786 0.1039606 0.1039606 0.1023996 0.1023996 0.1011498 0.1011498 0.9828343E-01
0.1684969 0.1684969 0.1769759 0.1797186 0.1813718 0.1813718 0.1830483 0.1862976 0.1862976 0.1898530 0.1898530 0.1940572 0.1963270 0.1985832 0.2007058 0.2007058 0.2016222 0.2010886 0.2003405 0.1993749 0.1981477 0.1965927 0.1946313 0.1921702 0.1890873 0.1852029 0.1802279 0.1736547 0.1644617 0.1498483 0.1498483 0.1126705 0.9439823E-01 0.7698682E-01 0.7235511E-01 0.7235511E-01 0.6936660E-01 0.6936660E-01 0.7424596E-01 0.7424596E-01 0.8269739E-01 0.9954546E-01 0.9954546E-01 0.1038204 0.1038204 0.1051776 0.1051776 0.1051776 0.1044352 0.1044352 0.1033247 0.1033247 0.1018407 0.1018407 0.1005078 0.1005078 0.9811560E-01
0.1680857 0.1680857 0.1768846 0.1795724 0.1811875 0.1811875 0.1828070 0.1858574 0.1858574 0.1890652 0.1890652 0.1927333 0.1946612 0.1965355 0.1982569 0.1982569 0.1984767 0.1977479 0.1968413 0.1957534 0.1944420 0.1928424 0.1908753 0.1884460 0.1854346 0.1816737 0.1769094 0.1707176 0.1622756 0.1494076 0.1494076 0.1192086 0.1027072 0.8755675E-01 0.8412776E-01 0.8412776E-01 0.8278960E-01 0.8278960E-01 0.8479444E-01 0.8479444E-01 0.8815046E-01 0.9838066E-01 0.9838066E-01 0.1031811 0.1031811 0.1042945 0.1042945 0.1042945 0.1034869 0.1034869 0.1023916 0.1023916 0.1010032 0.1010032 0.9966667E-01 0.9966667E-01 0.9765282E-01
0.1676928 0.1676928 0.1767881 0.1794094 0.1809798 0.1809798 0.1825348 0.1853693 0.1853693 0.1882137 0.1882137 0.1913401 0.1929290 0.1944272 0.1957533 0.1957533 0.1952109 0.1942455 0.1931608 0.1919397 0.1905331 0.1888741 0.1868847 0.1844760 0.1815388 0.1779266 0.1734238 0.1676789 0.1600226 0.1487062 0.1487062 0.1240469 0.1096337 0.9824447E-01 0.9653125E-01 0.9653125E-01 0.9613590E-01 0.9613590E-01 0.9515367E-01 0.9515367E-01 0.9522542E-01 0.9872033E-01 0.9872033E-01 0.1020422 0.1020422 0.1030598 0.1030598 0.1030598 0.1022374 0.1022374 0.1011785 0.1011785 0.9990377E-01 0.9990377E-01 0.9863128E-01 0.9863128E-01 0.9693900E-01
0.1673239 0.1673239 0.1766930 0.1792377 0.1807593 0.1807593 0.1822458 0.1848569 0.1848569 0.1873326 0.1873326 0.1899105 0.1911509 0.1922539 0.1931496 0.1931496 0.1917050 0.1904595 0.1891833 0.1878338 0.1863458 0.1846442 0.1826510 0.1802842 0.1774507 0.1740317 0.1698559 0.1646444 0.1578609 0.1480857 0.1480857 0.1281823 0.1164815 0.1099941 0.1096871 0.1096871 0.1083628 0.1083628 0.1041803 0.1041803 0.1021672 0.1007346 0.1007346 0.1013885 0.1013885 0.1016577 0.1016577 0.1016577 0.1007580 0.1007580 0.9972057E-01 0.9972057E-01 0.9856213E-01 0.9856213E-01 0.9740479E-01 0.9740479E-01 0.9600675E-01
0.1669921 0.1669921 0.1766049 0.1790664 0.1805367 0.1805367 0.1819531 0.1843414 0.1843414 0.1864528 0.1864528 0.1884774 0.1893526 0.1900213 0.1904121 0.1904121 0.1878232 0.1862509 0.1847750 0.1833127 0.1817714 0.1800619 0.1781028 0.1758202 0.1731426 0.1699888 0.1662456 0.1617184 0.1560023 0.1479685 0.1479685 0.1326420 0.1246402 0.1227345 0.1226704 0.1226704 0.1186435 0.1186435 0.1116672 0.1116672 0.1083433 0.1037339 0.1037339 0.1016966 0.1016966 0.1004110 0.1004110 0.1004110 0.9921610E-01 0.9921610E-01 0.9810502E-01 0.9810502E-01 0.9702507E-01 0.9702507E-01 0.9600466E-01 0.9600466E-01 0.9488796E-01
0.1667117 0.1667117 0.1765270 0.1789030 0.1803215 0.1803215 0.1816687 0.1838427 0.1838427 0.1856042 0.1856042 0.1870776 0.1875682 0.1877496 0.1875182 0.1875182 0.1833862 0.1814406 0.1797687 0.1782243 0.1766736 0.1750057 0.1731335 0.1709936 0.1685454 0.1657660 0.1626301 0.1590585 0.1547866 0.1488940 0.1488940 0.1383869 0.1354776 0.1352632 0.1342038 0.1342038 0.1268353 0.1268353 0.1177817 0.1177817 0.1136262 0.1070265 0.1070265 0.1028405 0.1028405 0.9957862E-01 0.9957862E-01 0.9957862E-01 0.9781965E-01 0.9781965E-01 0.9647127E-01 0.9647127E-01 0.9538029E-01 0.9538029E-01 0.9447764E-01 0.9447764E-01 0.9362575E-01
0.1664998 0.1664998 0.1764618 0.1787542 0.1801223 0.1801223 0.1814037 0.1833787 0.1833787 0.1848145 0.1848145 0.1857520 0.1858439 0.1854803 0.1844652 0.1844652 0.1781349 0.1757804 0.1739411 0.1723718 0.1708787 0.1693212 0.1676052 0.1656826 0.1635637 0.1613263 0.1590964 0.1569677 0.1548176 0.1518736 0.1518736 0.1471128 0.1474023 0.1462905 0.1440189 0.1440189 0.1332814 0.1332814 0.1227196 0.1227196 0.1180181 0.1101594 0.1101594 0.1044374 0.1044374 0.9923237E-01 0.9923237E-01 0.9923237E-01 0.9672532E-01 0.9672532E-01 0.9497277E-01 0.9497277E-01 0.9374958E-01 0.9374958E-01 0.9290580E-01 0.9290580E-01 0.9228457E-01
0.1663746 0.1663746 0.1764107 0.1786255 0.1799467 0.1799467 0.1811679 0.1829650 0.1829650 0.1841090 0.1841090 0.1845449 0.1842386 0.1832845 0.1812955 0.1812955 0.1716768 0.1689121 0.1669797 0.1654876 0.1641562 0.1628070 0.1613386 0.1597280 0.1580764 0.1566522 0.1558536 0.1559949 0.1569495 0.1578565 0.1578565 0.1583434 0.1596399 0.1552072 0.1509359 0.1509359 0.1384896 0.1384896 0.1266451 0.1266451 0.1215715 0.1129086 0.1129086 0.1061437 0.1061437 0.9929181E-01 0.9929181E-01 0.9929181E-01 0.9599274E-01 0.9599274E-01 0.9373092E-01 0.9373092E-01 0.9226409E-01 0.9226409E-01 0.9139921E-01 0.9139921E-01 0.9095383E-01
