cruce_test.gid/Rasters/Hydraulic/Depth____000109.asc
NCOLS        79
NROWS        79
XLLCENTER         -1.500000
YLLCENTER         -4.800000
CELLSIZE           0.100
NODATA_VALUE     -9999.0
[rows 0 to 25 of 79, columns 0 to 57 of 79]
-9999.000 -9999.000 -9999.000 -9999.000 -9999.000 -9999.000 -9999.000 -9999.000 -9999.000 -9999.000 -9999.000 -9999.000 -9999.000 -9999.000 -9999.000 0.3929375 0.3930986 0.3930849 0.3930214 0.3929271 0.3928106 0.3926775 0.3925309 0.3923701 0.3921908 0.3919832 0.3917314 0.3914116 0.3910018 0.3911382 0.3911382 -9999.000 -9999.000 -9999.000 -9999.000 -9999.000 -9999.000 -9999.000 -9999.000 -9999.000 -9999.000 -9999.000 -9999.000 -9999.000 -9999.000 -9999.000 -9999.000 -9999.000 -9999.000 -9999.000 -9999.000 -9999.000 -9999.000 -9999.000 -9999.000 -9999.000 -9999.000 -9999.000
-9999.000 -9999.000 -9999.000 -9999.000 -9999.000 -9999.000 -9999.000 -9999.000 -9999.000 -9999.000 -9999.000 -9999.000 -9999.000 -9999.000 -9999.000 0.3948140 0.3949768 0.3949586 0.3948985 0.3948131 0.3947099 0.3945934 0.3944669 0.3943306 0.3941817 0.3940126 0.3938092 0.3935475 0.3931989 0.3933558 0.3933558 -9999.000 -9999.000 -9999.000 -9999.000 -9999.000 -9999.000 -9999.000 -9999.000 -9999.000 -9999.000 -9999.000 -9999.000 -9999.000 -9999.000 -9999.000 -9999.000 -9999.000 -9999.000 -9999.000 -9999.000 -9999.000 -9999.000 -9999.000 -9999.000 -9999.000 -9999.000 -9999.000
-9999.000 -9999.000 -9999.000 -9999.000 -9999.000 -9999.000 -9999.000 -9999.000 -9999.000 -9999.000 -9999.000 -9999.000 -9999.000 -9999.000 -9999.000 0.3968011 0.3969942 0.3969796 0.3969223 0.3968403 0.3967418 0.3966317 0.3965131 0.3963858 0.3962457 0.3960835 0.3958821 0.3956130 0.3952427 0.3954056 0.3954056 -9999.000 -9999.000 -9999.000 -9999.000 -9999.000 -9999.000 -9999.000 -9999.000 -9999.000 -9999.000 -9999.000 -9999.000 -9999.000 -9999.000 -9999.000 -9999.000 -9999.000 -9999.000 -9999.000 -9999.000 -9999.000 -9999.000 -9999.000 -9999.000 -9999.000 -9999.000 -9999.000
-9999.000 -9999.000 -9999.000 -9999.000 -9999.000 -9999.000 -9999.000 -9999.000 -9999.000 -9999.000 -9999.000 -9999.000 -9999.000 -9999.000 -9999.000 0.3988151 0.3990322 0.3990200 0.3989637 0.3988825 0.3987849 0.3986762 0.3985593 0.3984337 0.3982945 0.3981305 0.3979221 0.3976372 0.3972354 0.3973888 0.3973888 -9999.000 -9999.000 -9999.000 -9999.000 -9999.000 -9999.000 -9999.000 -9999.000 -9999.000 -9999.000 -9999.000 -9999.000 -9999.000 -9999.000 -9999.000 -9999.000 -9999.000 -9999.000 -9999.000 -9999.000 -9999.000 -9999.000 -9999.000 -9999.000 -9999.000 -9999.000 -9999.000
-9999.000 -9999.000 -9999.000 -9999.000 -9999.000 -9999.000 -9999.000 -9999.000 -9999.000 -9999.000 -9999.000 -9999.000 -9999.000 -9999.000 -9999.000 0.4008476 0.4010838 0.4010723 0.4010150 0.4009320 0.4008322 0.4007210 0.4006014 0.4004727 0.4003290 0.4001577 0.3999365 0.3996288 0.3991863 0.3993169 0.3993169 -9999.000 -9999.000 -9999.000 -9999.000 -9999.000 -9999.000 -9999.000 -9999.000 -9999.000 -9999.000 -9999.000 -9999.000 -9999.000 -9999.000 -9999.000 -9999.000 -9999.000 -9999.000 -9999.000 -9999.000 -9999.000 -9999.000 -9999.000 -9999.000 -9999.000 -9999.000 -9999.000
-9999.000 -9999.000 -9999.000 -9999.000 -9999.000 -9999.000 -9999.000 -9999.000 -9999.000 -9999.000 -9999.000 -9999.000 -9999.000 -9999.000 -9999.000 0.4028917 0.4031432 0.4031312 0.4030713 0.4029844 0.4028798 0.4027633 0.4026379 0.4025026 0.4023509 0.4021682 0.4019294 0.4015926 0.4010989 0.4011923 0.4011923 -9999.000 -9999.000 -9999.000 -9999.000 -9999.000 -9999.000 -9999.000 -9999.000 -9999.000 -9999.000 -9999.000 -9999.000 -9999.000 -9999.000 -9999.000 -9999.000 -9999.000 -9999.000 -9999.000 -9999.000 -9999.000 -9999.000 -9999.000 -9999.000 -9999.000 -9999.000 -9999.000
-9999.000 -9999.000 -9999.000 -9999.000 -9999.000 -9999.000 -9999.000 -9999.000 -9999.000 -9999.000 -9999.000 -9999.000 -9999.000 -9999.000 -9999.000 0.4049425 0.4052061 0.4051924 0.4051289 0.4050366 0.4049254 0.4048015 0.4046682 0.4045239 0.4043613 0.4041638 0.4039027 0.4035298 0.4029728 0.4030105 0.4030105 -9999.000 -9999.000 -9999.000 -9999.000 -9999.000 -9999.000 -9999.000 -9999.000 -9999.000 -9999.000 -9999.000 -9999.000 -9999.000 -9999.000 -9999.000 -9999.000 -9999.000 -9999.000 -9999.000 -9999.000 -9999.000 -9999.000 -9999.000 -9999.000 -9999.000 -9999.000 -9999.000
-9999.000 -9999.000 -9999.000 -9999.000 -9999.000 -9999.000 -9999.000 -9999.000 -9999.000 -9999.000 -9999.000 -9999.000 -9999.000 -9999.000 -9999.000 0.4069955 0.4072688 0.4072526 0.4071846 0.4070860 0.4069672 0.4068346 0.4066916 0.4065365 0.4063605 0.4061449 0.4058566 0.4054394 0.4048036 0.4047604 0.4047604 -9999.000 -9999.000 -9999.000 -9999.000 -9999.000 -9999.000 -9999.000 -9999.000 -9999.000 -9999.000 -9999.000 -9999.000 -9999.000 -9999.000 -9999.000 -9999.000 -9999.000 -9999.000 -9999.000 -9999.000 -9999.000 -9999.000 -9999.000 -9999.000 -9999.000 -9999.000 -9999.000
-9999.000 -9999.000 -9999.000 -9999.000 -9999.000 -9999.000 -9999.000 -9999.000 -9999.000 -9999.000 -9999.000 -9999.000 -9999.000 -9999.000 -9999.000 0.4090472 0.4093280 0.4093086 0.4092357 0.4091303 0.4090031 0.4088607 0.4087070 0.4085394 0.4083478 0.4081105 0.4077892 0.4073178 0.4065836 0.4064218 0.4064218 -9999.000 -9999.000 -9999.000 -9999.000 -9999.000 -9999.000 -9999.000 -9999.000 -9999.000 -9999.000 -9999.000 -9999.000 -9999.000 -9999.000 -9999.000 -9999.000 -9999.000 -9999.000 -9999.000 -9999.000 -9999.000 -9999.000 -9999.000 -9999.000 -9999.000 -9999.000 -9999.000
-9999.000 -9999.000 -9999.000 -9999.000 -9999.000 -9999.000 -9999.000 -9999.000 -9999.000 -9999.000 -9999.000 -9999.000 -9999.000 -9999.000 -9999.000 0.4110933 0.4113801 0.4113568 0.4112787 0.4111662 0.4110302 0.4108775 0.4107119 0.4105302 0.4103206 0.4100577 0.4096964 0.4091581 0.4082995 0.4079614 0.4079614 -9999.000 -9999.000 -9999.000 -9999.000 -9999.000 -9999.000 -9999.000 -9999.000 -9999.000 -9999.000 -9999.000 -9999.000 -9999.000 -9999.000 -9999.000 -9999.000 -9999.000 -9999.000 -9999.000 -9999.000 -9999.000 -9999.000 -9999.000 -9999.000 -9999.000 -9999.000 -9999.000
-9999.000 -9999.000 -9999.000 -9999.000 -9999.000 -9999.000 -9999.000 -9999.000 -9999.000 -9999.000 -9999.000 -9999.000 -9999.000 -9999.000 -9999.000 0.4131289 0.4134204 0.4133926 0.4133090 0.4131893 0.4130442 0.4128807 0.4127022 0.4125048 0.4122742 0.4119805 0.4115704 0.4109483 0.4099300 0.4093227 0.4093227 -9999.000 -9999.000 -9999.000 -9999.000 -9999.000 -9999.000 -9999.000 -9999.000 -9999.000 -9999.000 -9999.000 -9999.000 -9999.000 -9999.000 -9999.000 -9999.000 -9999.000 -9999.000 -9999.000 -9999.000 -9999.000 -9999.000 -9999.000 -9999.000 -9999.000 -9999.000 -9999.000
-9999.000 -9999.000 -9999.000 -9999.000 -9999.000 -9999.000 -9999.000 -9999.000 -9999.000 -9999.000 -9999.000 -9999.000 -9999.000 -9999.000 -9999.000 0.4151476 0.4154434 0.4154099 0.4153204 0.4151931 0.4150387 0.4148636 0.4146711 0.4144557 0.4142002 0.4138688 0.4133974 0.4126683 0.4114402 0.4104061 0.4104061 -9999.000 -9999.000 -9999.000 -9999.000 -9999.000 -9999.000 -9999.000 -9999.000 -9999.000 -9999.000 -9999.000 -9999.000 -9999.000 -9999.000 -9999.000 -9999.000 -9999.000 -9999.000 -9999.000 -9999.000 -9999.000 -9999.000 -9999.000 -9999.000 -9999.000 -9999.000 -9999.000
-9999.000 -9999.000 -9999.000 -9999.000 -9999.000 -9999.000 -9999.000 -9999.000 -9999.000 -9999.000 -9999.000 -9999.000 -9999.000 -9999.000 -9999.000 0.4171404 0.4174411 0.4174004 0.4173038 0.4171680 0.4170033 0.4168153 0.4166068 0.4163700 0.4160837 0.4157044 0.4151533 0.4142825 0.4127702 0.4110249 0.4110249 -9999.000 -9999.000 -9999.000 -9999.000 -9999.000 -9999.000 -9999.000 -9999.000 -9999.000 -9999.000 -9999.000 -9999.000 -9999.000 -9999.000 -9999.000 -9999.000 -9999.000 -9999.000 -9999.000 -9999.000 -9999.000 -9999.000 -9999.000 -9999.000 -9999.000 -9999.000 -9999.000
-9999.000 -9999.000 -9999.000 -9999.000 -9999.000 -9999.000 -9999.000 -9999.000 -9999.000 -9999.000 -9999.000 -9999.000 -9999.000 -9999.000 -9999.000 0.4190813 0.4193938 0.4193462 0.4192425 0.4190980 0.4189221 0.4187195 0.4184916 0.4182276 0.4179002 0.4174555 0.4167943 0.4157252 0.4138100 0.4108028 0.4108028 -9999.000 -9999.000 -9999.000 -9999.000 -9999.000 -9999.000 -9999.000 -9999.000 -9999.000 -9999.000 -9999.000 -9999.000 -9999.000 -9999.000 -9999.000 -9999.000 -9999.000 -9999.000 -9999.000 -9999.000 -9999.000 -9999.000 -9999.000 -9999.000 -9999.000 -9999.000 -9999.000
-9999.000 -9999.000 -9999.000 -9999.000 -9999.000 -9999.000 -9999.000 -9999.000 -9999.000 -9999.000 -9999.000 -9999.000 -9999.000 -9999.000 -9999.000 0.4195691 0.4207148 0.4209513 0.4210460 0.4210340 0.4209401 0.4207818 0.4205700 0.4202980 0.4199344 0.4194092 0.4185880 0.4172016 0.4145979 0.4085733 0.4085733 -9999.000 -9999.000 -9999.000 -9999.000 -9999.000 -9999.000 -9999.000 -9999.000 -9999.000 -9999.000 -9999.000 -9999.000 -9999.000 -9999.000 -9999.000 -9999.000 -9999.000 -9999.000 -9999.000 -9999.000 -9999.000 -9999.000 -9999.000 -9999.000 -9999.000 -9999.000 -9999.000
0.4241696 0.4241696 0.4080721 0.3977941 0.3944297 0.3944297 0.3915871 0.3868557 0.3868557 0.3829069 0.3829069 0.3794631 0.3778862 0.3763906 0.3768684 0.3768684 0.4279669 0.4284885 0.4288138 0.4293716 0.4300996 0.4308638 0.4315086 0.4318141 0.4314701 0.4300212 0.4267725 0.4204777 0.4081114 0.3753378 0.3753378 0.2228344 0.2025240 0.2028524 0.2059711 0.2059711 0.2148674 0.2148674 0.2392955 0.2392955 0.2815621 0.3173234 0.3173234 0.3260683 0.3260683 0.3260545 0.3260545 0.3260545 0.3203087 0.3203087 0.3142487 0.3142487 0.3063243 0.3063243 0.3003387 0.3003387 0.2953841 0.2953841
0.4225944 0.4225944 0.4071069 0.3971332 0.3938086 0.3938086 0.3909831 0.3862640 0.3862640 0.3823240 0.3823240 0.3788907 0.3773190 0.3758286 0.3754611 0.3754611 0.4206797 0.4225580 0.4215850 0.4207919 0.4205680 0.4208663 0.4215773 0.4224494 0.4231415 0.4231428 0.4216694 0.4173960 0.4077286 0.3847301 0.3847301 0.2755391 0.2407830 0.2158843 0.2122701 0.2122701 0.2157033 0.2157033 0.2351843 0.2351843 0.2646566 0.3170890 0.3170890 0.3274415 0.3274415 0.3263160 0.3263160 0.3263160 0.3202790 0.3202790 0.3147359 0.3147359 0.3061135 0.3061135 0.3001257 0.3001257 0.2951645 0.2951645
0.4217499 0.4217499 0.4067802 0.3970755 0.3937849 0.3937849 0.3909704 0.3862489 0.3862489 0.3823020 0.3823020 0.3788644 0.3772914 0.3757998 0.3750575 0.3750575 0.4137403 0.4182657 0.4163702 0.4140211 0.4123497 0.4114287 0.4112694 0.4116086 0.4121107 0.4122684 0.4113186 0.4080439 0.4004151 0.3825157 0.3825157 0.3014955 0.2657422 0.2305082 0.2230171 0.2230171 0.2227052 0.2227052 0.2393211 0.2393211 0.2594861 0.3092665 0.3092665 0.3287384 0.3287384 0.3271355 0.3271355 0.3271355 0.3206524 0.3206524 0.3143309 0.3143309 0.3065681 0.3065681 0.3003373 0.3003373 0.2953090 0.2953090
0.4210861 0.4210861 0.4064984 0.3970299 0.3937756 0.3937756 0.3909747 0.3862535 0.3862535 0.3823018 0.3823018 0.3788629 0.3772902 0.3757990 0.3748198 0.3748198 0.4060560 0.4130532 0.4112015 0.4077060 0.4047683 0.4027086 0.4015653 0.4011393 0.4011460 0.4011327 0.4004305 0.3978105 0.3916423 0.3773523 0.3773523 0.3163527 0.2838427 0.2466704 0.2381473 0.2381473 0.2369377 0.2369377 0.2505166 0.2505166 0.2635305 0.3017380 0.3017380 0.3262053 0.3262053 0.3268099 0.3268099 0.3268099 0.3203214 0.3203214 0.3137054 0.3137054 0.3063414 0.3063414 0.3000898 0.3000898 0.2951306 0.2951306
0.4205861 0.4205861 0.4062684 0.3969902 0.3937687 0.3937687 0.3909806 0.3862593 0.3862593 0.3823022 0.3823022 0.3788619 0.3772894 0.3757988 0.3746656 0.3746656 0.3980971 0.4062290 0.4050262 0.4008393 0.3968368 0.3937378 0.3916855 0.3905475 0.3900687 0.3898275 0.3891854 0.3870326 0.3818788 0.3700893 0.3700893 0.3257409 0.2968575 0.2635808 0.2569203 0.2569203 0.2576098 0.2576098 0.2668568 0.2668568 0.2736212 0.2966015 0.2966015 0.3196800 0.3196800 0.3246837 0.3246837 0.3246837 0.3190044 0.3190044 0.3125156 0.3125156 0.3056040 0.3056040 0.2995903 0.2995903 0.2948728 0.2948728
0.4202377 0.4202377 0.4060986 0.3969593 0.3937638 0.3937638 0.3909861 0.3862644 0.3862644 0.3823027 0.3823027 0.3788610 0.3772888 0.3757985 0.3745652 0.3745652 0.3904790 0.3979701 0.3973899 0.3929285 0.3880987 0.3840688 0.3811598 0.3793364 0.3783891 0.3779324 0.3773639 0.3756662 0.3715014 0.3621641 0.3621641 0.3303306 0.3067373 0.2827709 0.2799667 0.2799667 0.2823676 0.2823676 0.2850481 0.2850481 0.2862655 0.2951600 0.2951600 0.3116040 0.3116040 0.3203905 0.3203905 0.3203905 0.3164264 0.3164264 0.3106709 0.3106709 0.3044378 0.3044378 0.2989250 0.2989250 0.2946336 0.2946336
0.4200321 0.4200321 0.4059945 0.3969398 0.3937608 0.3937608 0.3909899 0.3862680 0.3862680 0.3823030 0.3823030 0.3788604 0.3772883 0.3757983 0.3745000 0.3745000 0.3834109 0.3886725 0.3880952 0.3835886 0.3782066 0.3734077 0.3697218 0.3672423 0.3658341 0.3651662 0.3646845 0.3634632 0.3603237 0.3535334 0.3535334 0.3321686 0.3163080 0.3064671 0.3073169 0.3073169 0.3076326 0.3076326 0.3021611 0.3021611 0.2988542 0.2969939 0.2969939 0.3047498 0.3047498 0.3143495 0.3143495 0.3143495 0.3124967 0.3124967 0.3080542 0.3080542 0.3028401 0.3028401 0.2981111 0.2981111 0.2944465 0.2944465
0.4199642 0.4199642 0.4059595 0.3969331 0.3937598 0.3937598 0.3909912 0.3862692 0.3862692 0.3823031 0.3823031 0.3788601 0.3772881 0.3757982 0.3744578 0.3744578 0.3767235 0.3786364 0.3771208 0.3724904 0.3667933 0.3614479 0.3571301 0.3540678 0.3522232 0.3513435 0.3509440 0.3502027 0.3481598 0.3444208 0.3444208 0.3339301 0.3296259 0.3351263 0.3364500 0.3364500 0.3299205 0.3299205 0.3167404 0.3167404 0.3101562 0.3009087 0.3009087 0.3005627 0.3005627 0.3075692 0.3075692 0.3075692 0.3074445 0.3074445 0.3046378 0.3046378 0.3007897 0.3007897 0.2971452 0.2971452 0.2943222 0.2943222
0.4200321 0.4200321 0.4059945 0.3969398 0.3937608 0.3937608 0.3909898 0.3862680 0.3862680 0.3823030 0.3823030 0.3788604 0.3772882 0.3757983 0.3744305 0.3744305 0.3699612 0.3678872 0.3645022 0.3593843 0.3534798 0.3478277 0.3430936 0.3395939 0.3373889 0.3363207 0.3359968 0.3357259 0.3349499 0.3357788 0.3357788 0.3399741 0.3514878 0.3653120 0.3628639 0.3628639 0.3475730 0.3475730 0.3286554 0.3286554 0.3198882 0.3057654 0.3057654 0.2990347 0.2990347 0.3011518 0.3011518 0.3011518 0.3017905 0.3017905 0.3005604 0.3005604 0.2983160 0.2983160 0.2960333 0.2960333 0.2942549 0.2942549
0.4202377 0.4202377 0.4060986 0.3969594 0.3937638 0.3937638 0.3909861 0.3862644 0.3862644 0.3823026 0.3823026 0.3788610 0.3772887 0.3757985 0.3744129 0.3744129 0.3624278 0.3560924 0.3501579 0.3440666 0.3379048 0.3321456 0.3272552 0.3235407 0.3211263 0.3199469 0.3197170 0.3199263 0.3209365 0.3304445 0.3304445 0.3570413 0.3837951 0.3913182 0.3834891 0.3834891 0.3609160 0.3609160 0.3382932 0.3382932 0.3280939 0.3107371 0.3107371 0.2994054 0.2994054 0.2958617 0.2958617 0.2958617 0.2961794 0.2961794 0.2961325 0.2961325 0.2955398 0.2955398 0.2948092 0.2948092 0.2942296 0.2942296
0.4205862 0.4205862 0.4062684 0.3969902 0.3937686 0.3937686 0.3909806 0.3862593 0.3862593 0.3823022 0.3823022 0.3788619 0.3772894 0.3757987 0.3744015 0.3744015 0.3531425 0.3425088 0.3337128 0.3262612 0.3197120 0.3139812 0.3092028 0.3055569 0.3031645 0.3020257 0.3019608 0.3027584 0.3072834 0.3354113 0.3354113 0.3911471 0.4195331 0.4106707 0.3991075 0.3991075 0.3709248 0.3709248 0.3459811 0.3459811 0.3348018 0.3152669 0.3152669 0.3007909 0.3007909 0.2919818 0.2919818 0.2919818 0.2911806 0.2911806 0.2917762 0.2917762 0.2926821 0.2926821 0.2935508 0.2935508 0.2942315 0.2942315
