cruce_test.gid/Rasters/Hydraulic/Depth____000200.asc
NCOLS        79
NROWS        79
XLLCENTER         -1.500000
YLLCENTER         -4.800000
CELLSIZE           0.100
NODATA_VALUE     -9999.0
[rows 0 to 25 of 79, columns 0 to 58 of 79]
-9999.000 -9999.000 -9999.000 -9999.000 -9999.000 -9999.000 -9999.000 -9999.000 -9999.000 -9999.000 -9999.000 -9999.000 -9999.000 -9999.000 -9999.000 0.7708458 0.7714270 0.7718183 0.7720422 0.7720008 0.7717422 0.7713959 0.7710243 0.7706527 0.7703117 0.7700063 0.7697318 0.7694689 0.7691193 0.7691022 0.7691022 -9999.000 -9999.000 -9999.000 -9999.000 -9999.000 -9999.000 -9999.000 -9999.000 -9999.000 -9999.000 -9999.000 -9999.000 -9999.000 -9999.000 -9999.000 -9999.000 -9999.000 -9999.000 -9999.000 -9999.000 -9999.000 -9999.000 -9999.000 -9999.000 -9999.000 -9999.000 -9999.000 -9999.000
-9999.000 -9999.000 -9999.000 -9999.000 -9999.000 -9999.000 -9999.000 -9999.000 -9999.000 -9999.000 -9999.000 -9999.000 -9999.000 -9999.000 -9999.000 0.7727113 0.7732153 0.7735317 0.7737114 0.7736757 0.7734664 0.7731928 0.7729055 0.7726227 0.7723683 0.7721441 0.7719443 0.7717509 0.7714761 0.7715458 0.7715458 -9999.000 -9999.000 -9999.000 -9999.000 -9999.000 -9999.000 -9999.000 -9999.000 -9999.000 -9999.000 -9999.000 -9999.000 -9999.000 -9999.000 -9999.000 -9999.000 -9999.000 -9999.000 -9999.000 -9999.000 -9999.000 -9999.000 -9999.000 -9999.000 -9999.000 -9999.000 -9999.000 -9999.000
-9999.000 -9999.000 -9999.000 -9999.000 -9999.000 -9999.000 -9999.000 -9999.000 -9999.000 -9999.000 -9999.000 -9999.000 -9999.000 -9999.000 -9999.000 0.7746195 0.7751656 0.7754985 0.7756920 0.7756653 0.7754605 0.7751911 0.7749092 0.7746328 0.7743860 0.7741696 0.7739766 0.7737869 0.7735079 0.7735736 0.7735736 -9999.000 -9999.000 -9999.000 -9999.000 -9999.000 -9999.000 -9999.000 -9999.000 -9999.000 -9999.000 -9999.000 -9999.000 -9999.000 -9999.000 -9999.000 -9999.000 -9999.000 -9999.000 -9999.000 -9999.000 -9999.000 -9999.000 -9999.000 -9999.000 -9999.000 -9999.000 -9999.000 -9999.000
-9999.000 -9999.000 -9999.000 -9999.000 -9999.000 -9999.000 -9999.000 -9999.000 -9999.000 -9999.000 -9999.000 -9999.000 -9999.000 -9999.000 -9999.000 0.7765744 0.7771506 0.7774944 0.7776957 0.7776718 0.7774647 0.7771927 0.7769085 0.7766302 0.7763827 0.7761661 0.7759723 0.7757802 0.7754915 0.7755370 0.7755370 -9999.000 -9999.000 -9999.000 -9999.000 -9999.000 -9999.000 -9999.000 -9999.000 -9999.000 -9999.000 -9999.000 -9999.000 -9999.000 -9999.000 -9999.000 -9999.000 -9999.000 -9999.000 -9999.000 -9999.000 -9999.000 -9999.000 -9999.000 -9999.000 -9999.000 -9999.000 -9999.000 -9999.000
-9999.000 -9999.000 -9999.000 -9999.000 -9999.000 -9999.000 -9999.000 -9999.000 -9999.000 -9999.000 -9999.000 -9999.000 -9999.000 -9999.000 -9999.000 0.7785447 0.7791471 0.7794997 0.7797064 0.7796823 0.7794698 0.7791915 0.7789017 0.7786179 0.7783663 0.7781459 0.7779482 0.7777508 0.7774486 0.7774614 0.7774614 -9999.000 -9999.000 -9999.000 -9999.000 -9999.000 -9999.000 -9999.000 -9999.000 -9999.000 -9999.000 -9999.000 -9999.000 -9999.000 -9999.000 -9999.000 -9999.000 -9999.000 -9999.000 -9999.000 -9999.000 -9999.000 -9999.000 -9999.000 -9999.000 -9999.000 -9999.000 -9999.000 -9999.000
-9999.000 -9999.000 -9999.000 -9999.000 -9999.000 -9999.000 -9999.000 -9999.000 -9999.000 -9999.000 -9999.000 -9999.000 -9999.000 -9999.000 -9999.000 0.7805176 0.7811453 0.7815054 0.7817161 0.7816907 0.7814708 0.7811847 0.7808878 0.7805970 0.7803397 0.7801142 0.7799109 0.7797064 0.7793875 0.7793557 0.7793557 -9999.000 -9999.000 -9999.000 -9999.000 -9999.000 -9999.000 -9999.000 -9999.000 -9999.000 -9999.000 -9999.000 -9999.000 -9999.000 -9999.000 -9999.000 -9999.000 -9999.000 -9999.000 -9999.000 -9999.000 -9999.000 -9999.000 -9999.000 -9999.000 -9999.000 -9999.000 -9999.000 -9999.000
-9999.000 -9999.000 -9999.000 -9999.000 -9999.000 -9999.000 -9999.000 -9999.000 -9999.000 -9999.000 -9999.000 -9999.000 -9999.000 -9999.000 -9999.000 0.7824878 0.7831407 0.7835075 0.7837213 0.7836935 0.7834652 0.7831705 0.7828658 0.7825671 0.7823036 0.7820724 0.7818627 0.7816498 0.7813110 0.7812209 0.7812209 -9999.000 -9999.000 -9999.000 -9999.000 -9999.000 -9999.000 -9999.000 -9999.000 -9999.000 -9999.000 -9999.000 -9999.000 -9999.000 -9999.000 -9999.000 -9999.000 -9999.000 -9999.000 -9999.000 -9999.000 -9999.000 -9999.000 -9999.000 -9999.000 -9999.000 -9999.000 -9999.000 -9999.000
-9999.000 -9999.000 -9999.000 -9999.000 -9999.000 -9999.000 -9999.000 -9999.000 -9999.000 -9999.000 -9999.000 -9999.000 -9999.000 -9999.000 -9999.000 0.7844525 0.7851313 0.7855038 0.7857198 0.7856891 0.7854513 0.7851474 0.7848346 0.7845278 0.7842578 0.7840204 0.7838037 0.7835814 0.7832192 0.7830538 0.7830538 -9999.000 -9999.000 -9999.000 -9999.000 -9999.000 -9999.000 -9999.000 -9999.000 -9999.000 -9999.000 -9999.000 -9999.000 -9999.000 -9999.000 -9999.000 -9999.000 -9999.000 -9999.000 -9999.000 -9999.000 -9999.000 -9999.000 -9999.000 -9999.000 -9999.000 -9999.000 -9999.000 -9999.000
-9999.000 -9999.000 -9999.000 -9999.000 -9999.000 -9999.000 -9999.000 -9999.000 -9999.000 -9999.000 -9999.000 -9999.000 -9999.000 -9999.000 -9999.000 0.7864104 0.7871158 0.7874931 0.7877104 0.7876759 0.7874275 0.7871141 0.7867929 0.7864776 0.7862012 0.7859575 0.7857333 0.7855005 0.7851109 0.7848480 0.7848480 -9999.000 -9999.000 -9999.000 -9999.000 -9999.000 -9999.000 -9999.000 -9999.000 -9999.000 -9999.000 -9999.000 -9999.000 -9999.000 -9999.000 -9999.000 -9999.000 -9999.000 -9999.000 -9999.000 -9999.000 -9999.000 -9999.000 -9999.000 -9999.000 -9999.000 -9999.000 -9999.000 -9999.000
-9999.000 -9999.000 -9999.000 -9999.000 -9999.000 -9999.000 -9999.000 -9999.000 -9999.000 -9999.000 -9999.000 -9999.000 -9999.000 -9999.000 -9999.000 0.7883601 0.7890928 0.7894739 0.7896917 0.7896524 0.7893924 0.7890688 0.7887393 0.7884151 0.7881324 0.7878823 0.7876500 0.7874053 0.7869837 0.7865938 0.7865938 -9999.000 -9999.000 -9999.000 -9999.000 -9999.000 -9999.000 -9999.000 -9999.000 -9999.000 -9999.000 -9999.000 -9999.000 -9999.000 -9999.000 -9999.000 -9999.000 -9999.000 -9999.000 -9999.000 -9999.000 -9999.000 -9999.000 -9999.000 -9999.000 -9999.000 -9999.000 -9999.000 -9999.000
-9999.000 -9999.000 -9999.000 -9999.000 -9999.000 -9999.000 -9999.000 -9999.000 -9999.000 -9999.000 -9999.000 -9999.000 -9999.000 -9999.000 -9999.000 0.7903004 0.7910610 0.7914448 0.7916622 0.7916170 0.7913439 0.7910097 0.7906716 0.7903384 0.7900494 0.7897929 0.7895519 0.7892938 0.7888342 0.7882773 0.7882773 -9999.000 -9999.000 -9999.000 -9999.000 -9999.000 -9999.000 -9999.000 -9999.000 -9999.000 -9999.000 -9999.000 -9999.000 -9999.000 -9999.000 -9999.000 -9999.000 -9999.000 -9999.000 -9999.000 -9999.000 -9999.000 -9999.000 -9999.000 -9999.000 -9999.000 -9999.000 -9999.000 -9999.000
-9999.000 -9999.000 -9999.000 -9999.000 -9999.000 -9999.000 -9999.000 -9999.000 -9999.000 -9999.000 -9999.000 -9999.000 -9999.000 -9999.000 -9999.000 0.7922280 0.7930173 0.7934026 0.7936188 0.7935677 0.7932804 0.7929350 0.7925881 0.7922454 0.7919504 0.7916872 0.7914365 0.7911628 0.7906582 0.7898788 0.7898788 -9999.000 -9999.000 -9999.000 -9999.000 -9999.000 -9999.000 -9999.000 -9999.000 -9999.000 -9999.000 -9999.000 -9999.000 -9999.000 -9999.000 -9999.000 -9999.000 -9999.000 -9999.000 -9999.000 -9999.000 -9999.000 -9999.000 -9999.000 -9999.000 -9999.000 -9999.000 -9999.000 -9999.000
-9999.000 -9999.000 -9999.000 -9999.000 -9999.000 -9999.000 -9999.000 -9999.000 -9999.000 -9999.000 -9999.000 -9999.000 -9999.000 -9999.000 -9999.000 0.7941149 0.7949373 0.7953241 0.7955476 0.7955042 0.7952085 0.7948516 0.7944952 0.7941419 0.7938399 0.7935686 0.7933061 0.7930135 0.7924540 0.7913730 0.7913730 -9999.000 -9999.000 -9999.000 -9999.000 -9999.000 -9999.000 -9999.000 -9999.000 -9999.000 -9999.000 -9999.000 -9999.000 -9999.000 -9999.000 -9999.000 -9999.000 -9999.000 -9999.000 -9999.000 -9999.000 -9999.000 -9999.000 -9999.000 -9999.000 -9999.000 -9999.000 -9999.000 -9999.000
-9999.000 -9999.000 -9999.000 -9999.000 -9999.000 -9999.000 -9999.000 -9999.000 -9999.000 -9999.000 -9999.000 -9999.000 -9999.000 -9999.000 -9999.000 0.7953171 0.7962860 0.7968050 0.7973286 0.7975394 0.7973266 0.7969625 0.7965837 0.7962000 0.7958705 0.7955704 0.7952763 0.7949466 0.7943088 0.7928187 0.7928187 -9999.000 -9999.000 -9999.000 -9999.000 -9999.000 -9999.000 -9999.000 -9999.000 -9999.000 -9999.000 -9999.000 -9999.000 -9999.000 -9999.000 -9999.000 -9999.000 -9999.000 -9999.000 -9999.000 -9999.000 -9999.000 -9999.000 -9999.000 -9999.000 -9999.000 -9999.000 -9999.000 -9999.000
-9999.000 -9999.000 -9999.000 -9999.000 -9999.000 -9999.000 -9999.000 -9999.000 -9999.000 -9999.000 -9999.000 -9999.000 -9999.000 -9999.000 -9999.000 0.7768613 0.7894139 0.7964336 0.8021665 0.8050276 0.8048313 0.8034643 0.8021148 0.8008510 0.7997892 0.7988990 0.7981339 0.7974158 0.7963663 0.7935254 0.7935254 -9999.000 -9999.000 -9999.000 -9999.000 -9999.000 -9999.000 -9999.000 -9999.000 -9999.000 -9999.000 -9999.000 -9999.000 -9999.000 -9999.000 -9999.000 -9999.000 -9999.000 -9999.000 -9999.000 -9999.000 -9999.000 -9999.000 -9999.000 -9999.000 -9999.000 -9999.000 -9999.000 -9999.000
0.8985677 0.8985677 0.9069093 0.8822583 0.8772693 0.8772693 0.8735194 0.8674297 0.8674297 0.8624079 0.8624079 0.8581062 0.8561595 0.8543230 0.8525605 0.8525605 0.8031996 0.8015920 0.8003911 0.7988829 0.7985948 0.8004075 0.8026971 0.8052303 0.8085513 0.8119133 0.8147614 0.8163499 0.8128864 0.7883939 0.7883939 0.5745663 0.5323590 0.5024548 0.4920245 0.4920245 0.4736960 0.4736960 0.4653275 0.4653275 0.4691689 0.5015634 0.5015634 0.5721891 0.5721891 0.6922356 0.6922356 0.6922356 0.7073999 0.7073999 0.7027372 0.7027372 0.6890972 0.6890972 0.6726595 0.6726595 0.6562757 0.6562757 0.6562757
0.8952327 0.8952327 0.9051992 0.8812507 0.8761305 0.8761305 0.8723313 0.8662305 0.8662305 0.8612256 0.8612256 0.8569428 0.8550051 0.8531774 0.8514236 0.8514236 0.8099954 0.8025114 0.7966705 0.7913967 0.7871150 0.7842306 0.7823271 0.7813447 0.7815418 0.7827083 0.7845787 0.7868043 0.7878574 0.7817692 0.7817692 0.6446939 0.5852848 0.5232933 0.5046587 0.5046587 0.4796086 0.4796086 0.4706199 0.4706199 0.4745854 0.5046483 0.5046483 0.5646343 0.5646343 0.6761283 0.6761283 0.6761283 0.7024091 0.7024091 0.7015117 0.7015117 0.6891997 0.6891997 0.6732443 0.6732443 0.6570757 0.6570757 0.6570757
0.8937432 0.8937432 0.9051886 0.8814788 0.8762599 0.8762599 0.8723679 0.8661956 0.8661956 0.8611768 0.8611768 0.8568895 0.8549495 0.8531191 0.8513592 0.8513592 0.8154009 0.8034103 0.7932264 0.7841802 0.7764097 0.7702056 0.7654145 0.7619206 0.7598168 0.7590109 0.7593214 0.7604811 0.7614272 0.7578474 0.7578474 0.6751663 0.6164352 0.5417188 0.5176402 0.5176402 0.4877921 0.4877921 0.4823630 0.4823630 0.4898691 0.5234291 0.5234291 0.5728616 0.5728616 0.6632200 0.6632200 0.6632200 0.6935750 0.6935750 0.6972628 0.6972628 0.6873082 0.6873082 0.6723770 0.6723770 0.6566880 0.6566880 0.6566880
0.8930855 0.8930855 0.9041404 0.8817341 0.8764496 0.8764496 0.8724560 0.8661984 0.8661984 0.8611697 0.8611697 0.8568855 0.8549468 0.8531174 0.8513519 0.8513519 0.8193867 0.8039029 0.7897389 0.7769447 0.7657353 0.7563643 0.7488241 0.7430159 0.7389190 0.7364343 0.7353849 0.7355199 0.7360711 0.7340083 0.7340083 0.6836824 0.6338544 0.5583085 0.5320982 0.5320982 0.5024617 0.5024617 0.5056696 0.5056696 0.5180926 0.5526682 0.5526682 0.5871851 0.5871851 0.6497987 0.6497987 0.6497987 0.6796386 0.6796386 0.6882225 0.6882225 0.6821889 0.6821889 0.6694899 0.6694899 0.6550667 0.6550667 0.6550667
0.8930995 0.8930995 0.9026217 0.8819420 0.8766263 0.8766263 0.8725428 0.8662000 0.8662000 0.8611610 0.8611610 0.8568813 0.8549449 0.8531176 0.8513436 0.8513436 0.8215140 0.8031925 0.7855065 0.7691960 0.7546638 0.7421976 0.7318874 0.7236948 0.7175698 0.7134076 0.7110338 0.7101992 0.7103109 0.7092424 0.7092424 0.6787268 0.6396499 0.5709370 0.5465832 0.5465832 0.5259885 0.5259885 0.5428809 0.5428809 0.5587020 0.5864297 0.5864297 0.6029202 0.6029202 0.6374395 0.6374395 0.6374395 0.6627993 0.6627993 0.6750467 0.6750467 0.6737975 0.6737975 0.6645111 0.6645111 0.6522692 0.6522692 0.6522692
0.8929858 0.8929858 0.9015962 0.8820893 0.8767685 0.8767685 0.8726195 0.8662075 0.8662075 0.8611579 0.8611579 0.8568789 0.8549429 0.8531156 0.8513265 0.8513265 0.8214985 0.8006183 0.7798143 0.7603119 0.7427013 0.7273238 0.7143351 0.7037564 0.6955515 0.6896303 0.6858382 0.6839472 0.6834916 0.6829913 0.6829913 0.6649260 0.6362563 0.5801837 0.5626575 0.5626575 0.5622201 0.5622201 0.5920714 0.5920714 0.6058824 0.6182522 0.6182522 0.6173016 0.6173016 0.6277852 0.6277852 0.6277852 0.6458761 0.6458761 0.6593212 0.6593212 0.6625283 0.6625283 0.6574158 0.6574158 0.6482311 0.6482311 0.6482311
0.8929222 0.8929222 0.9009816 0.8821682 0.8768545 0.8768545 0.8726671 0.8662108 0.8662108 0.8611546 0.8611546 0.8568774 0.8549426 0.8531160 0.8513059 0.8513059 0.8190926 0.7956267 0.7719714 0.7496085 0.7292395 0.7112387 0.6957920 0.6829591 0.6727274 0.6650310 0.6597462 0.6566831 0.6554870 0.6551720 0.6551720 0.6450461 0.6259090 0.5893437 0.5856970 0.5856970 0.6138490 0.6138490 0.6454171 0.6454171 0.6506262 0.6442077 0.6442077 0.6295303 0.6295303 0.6215168 0.6215168 0.6215168 0.6310483 0.6310483 0.6429119 0.6429119 0.6492057 0.6492057 0.6483562 0.6483562 0.6429030 0.6429030 0.6429030
0.8929008 0.8929008 0.9007781 0.8821930 0.8768834 0.8768834 0.8726835 0.8662119 0.8662119 0.8611534 0.8611534 0.8568769 0.8549422 0.8531160 0.8512750 0.8512750 0.8139355 0.7876168 0.7612415 0.7363197 0.7135550 0.6933023 0.6757352 0.6609181 0.6488498 0.6394839 0.6327285 0.6284389 0.6263690 0.6259732 0.6259732 0.6211382 0.6112174 0.6056433 0.6243249 0.6243249 0.6764364 0.6764364 0.6919028 0.6919028 0.6859691 0.6638715 0.6638715 0.6399633 0.6399633 0.6184589 0.6184589 0.6184589 0.6194593 0.6194593 0.6274912 0.6274912 0.6349186 0.6349186 0.6377420 0.6377420 0.6363590 0.6363590 0.6363590
0.8929223 0.8929223 0.9009817 0.8821681 0.8768545 0.8768545 0.8726671 0.8662108 0.8662108 0.8611546 0.8611546 0.8568774 0.8549425 0.8531163 0.8512309 0.8512309 0.8054633 0.7758550 0.7467878 0.7195810 0.6948150 0.6727524 0.6535040 0.6370991 0.6235225 0.6127316 0.6046569 0.5991972 0.5962306 0.5957642 0.5957642 0.5953490 0.5966046 0.6405280 0.6844373 0.6844373 0.7364723 0.7364723 0.7254221 0.7254221 0.7106709 0.6786666 0.6786666 0.6490502 0.6490502 0.6178886 0.6178886 0.6178886 0.6112736 0.6112736 0.6142120 0.6142120 0.6208471 0.6208471 0.6262437 0.6262437 0.6288535 0.6288535 0.6288535
0.8929858 0.8929858 0.9015964 0.8820894 0.8767684 0.8767684 0.8726195 0.8662077 0.8662077 0.8611578 0.8611578 0.8568789 0.8549429 0.8531156 0.8511678 0.8511678 0.7927626 0.7593242 0.7275536 0.6983531 0.6720378 0.6486917 0.6283041 0.6108277 0.5962034 0.5843715 0.5752695 0.5688341 0.5651428 0.5653292 0.5653292 0.5714197 0.5914797 0.7025818 0.7582545 0.7582545 0.7801311 0.7801311 0.7468536 0.7468536 0.7273338 0.6901687 0.6901687 0.6570366 0.6570366 0.6189685 0.6189685 0.6189685 0.6060615 0.6060615 0.6036345 0.6036345 0.6080439 0.6080439 0.6147236 0.6147236 0.6208589 0.6208589 0.6208589
0.8930996 0.8930996 0.9026219 0.8819420 0.8766261 0.8766261 0.8725428 0.8662001 0.8662001 0.8611608 0.8611608 0.8568813 0.8549449 0.8531178 0.8510821 0.8510821 0.7743313 0.7365138 0.7021002 0.6713061 0.6440177 0.6200405 0.5991817 0.5812770 0.5661962 0.5538430 0.5441450 0.5370851 0.5332550 0.5370720 0.5370720 0.5586706 0.6137461 0.7826431 0.8227620 0.8227620 0.8045911 0.8045911 0.7603335 0.7603335 0.7389319 0.6992956 0.6992956 0.6638958 0.6638958 0.6209193 0.6209193 0.6209193 0.6031228 0.6031228 0.5958029 0.5958029 0.5972688 0.5972688 0.6040923 0.6040923 0.6130204 0.6130204 0.6130204
