cruce_test.gid/Rasters/Hydraulic/Depth____000131.asc
NCOLS        79
NROWS        79
XLLCENTER         -1.500000
YLLCENTER         -4.800000
CELLSIZE           0.100
NODATA_VALUE     -9999.0
[rows 0 to 25 of 79, columns 0 to 58 of 79]
-9999.000 -9999.000 -9999.000 -9999.000 -9999.000 -9999.000 -9999.000 -9999.000 -9999.000 -9999.000 -9999.000 -9999.000 -9999.000 -9999.000 -9999.000 0.4972375 0.4974324 0.4974076 0.4973289 0.4972099 0.4970604 0.4968902 0.4967082 0.4965211 0.4963353 0.4961461 0.4959358 0.4956625 0.4952461 0.4952438 0.4952438 -9999.000 -9999.000 -9999.000 -9999.000 -9999.000 -9999.000 -9999.000 -9999.000 -9999.000 -9999.000 -9999.000 -9999.000 -9999.000 -9999.000 -9999.000 -9999.000 -9999.000 -9999.000 -9999.000 -9999.000 -9999.000 -9999.000 -9999.000 -9999.000 -9999.000 -9999.000 -9999.000 -9999.000
-9999.000 -9999.000 -9999.000 -9999.000 -9999.000 -9999.000 -9999.000 -9999.000 -9999.000 -9999.000 -9999.000 -9999.000 -9999.000 -9999.000 -9999.000 0.4990700 0.4992633 0.4992373 0.4991674 0.4990651 0.4989389 0.4987967 0.4986461 0.4984930 0.4983434 0.4981941 0.4980299 0.4978132 0.4974681 0.4975161 0.4975161 -9999.000 -9999.000 -9999.000 -9999.000 -9999.000 -9999.000 -9999.000 -9999.000 -9999.000 -9999.000 -9999.000 -9999.000 -9999.000 -9999.000 -9999.000 -9999.000 -9999.000 -9999.000 -9999.000 -9999.000 -9999.000 -9999.000 -9999.000 -9999.000 -9999.000 -9999.000 -9999.000 -9999.000
-9999.000 -9999.000 -9999.000 -9999.000 -9999.000 -9999.000 -9999.000 -9999.000 -9999.000 -9999.000 -9999.000 -9999.000 -9999.000 -9999.000 -9999.000 0.5010338 0.5012541 0.5012327 0.5011677 0.5010710 0.5009514 0.5008172 0.5006756 0.5005326 0.5003933 0.5002533 0.5000951 0.4998772 0.4995168 0.4995594 0.4995594 -9999.000 -9999.000 -9999.000 -9999.000 -9999.000 -9999.000 -9999.000 -9999.000 -9999.000 -9999.000 -9999.000 -9999.000 -9999.000 -9999.000 -9999.000 -9999.000 -9999.000 -9999.000 -9999.000 -9999.000 -9999.000 -9999.000 -9999.000 -9999.000 -9999.000 -9999.000 -9999.000 -9999.000
-9999.000 -9999.000 -9999.000 -9999.000 -9999.000 -9999.000 -9999.000 -9999.000 -9999.000 -9999.000 -9999.000 -9999.000 -9999.000 -9999.000 -9999.000 0.5030313 0.5032707 0.5032517 0.5031889 0.5030945 0.5029774 0.5028458 0.5027073 0.5025673 0.5024309 0.5022928 0.5021334 0.5019078 0.5015249 0.5015468 0.5015468 -9999.000 -9999.000 -9999.000 -9999.000 -9999.000 -9999.000 -9999.000 -9999.000 -9999.000 -9999.000 -9999.000 -9999.000 -9999.000 -9999.000 -9999.000 -9999.000 -9999.000 -9999.000 -9999.000 -9999.000 -9999.000 -9999.000 -9999.000 -9999.000 -9999.000 -9999.000 -9999.000 -9999.000
-9999.000 -9999.000 -9999.000 -9999.000 -9999.000 -9999.000 -9999.000 -9999.000 -9999.000 -9999.000 -9999.000 -9999.000 -9999.000 -9999.000 -9999.000 0.5050470 0.5053005 0.5052823 0.5052198 0.5051252 0.5050077 0.5048757 0.5047368 0.5045963 0.5044591 0.5043191 0.5041549 0.5039170 0.5035051 0.5034925 0.5034925 -9999.000 -9999.000 -9999.000 -9999.000 -9999.000 -9999.000 -9999.000 -9999.000 -9999.000 -9999.000 -9999.000 -9999.000 -9999.000 -9999.000 -9999.000 -9999.000 -9999.000 -9999.000 -9999.000 -9999.000 -9999.000 -9999.000 -9999.000 -9999.000 -9999.000 -9999.000 -9999.000 -9999.000
-9999.000 -9999.000 -9999.000 -9999.000 -9999.000 -9999.000 -9999.000 -9999.000 -9999.000 -9999.000 -9999.000 -9999.000 -9999.000 -9999.000 -9999.000 0.5070705 0.5073348 0.5073162 0.5072527 0.5071565 0.5070369 0.5069027 0.5067616 0.5066189 0.5064792 0.5063356 0.5061641 0.5059108 0.5054635 0.5054015 0.5054015 -9999.000 -9999.000 -9999.000 -9999.000 -9999.000 -9999.000 -9999.000 -9999.000 -9999.000 -9999.000 -9999.000 -9999.000 -9999.000 -9999.000 -9999.000 -9999.000 -9999.000 -9999.000 -9999.000 -9999.000 -9999.000 -9999.000 -9999.000 -9999.000 -9999.000 -9999.000 -9999.000 -9999.000
-9999.000 -9999.000 -9999.000 -9999.000 -9999.000 -9999.000 -9999.000 -9999.000 -9999.000 -9999.000 -9999.000 -9999.000 -9999.000 -9999.000 -9999.000 0.5090957 0.5093685 0.5093484 0.5092829 0.5091838 0.5090609 0.5089234 0.5087792 0.5086333 0.5084906 0.5083426 0.5081627 0.5078912 0.5074014 0.5072720 0.5072720 -9999.000 -9999.000 -9999.000 -9999.000 -9999.000 -9999.000 -9999.000 -9999.000 -9999.000 -9999.000 -9999.000 -9999.000 -9999.000 -9999.000 -9999.000 -9999.000 -9999.000 -9999.000 -9999.000 -9999.000 -9999.000 -9999.000 -9999.000 -9999.000 -9999.000 -9999.000 -9999.000 -9999.000
-9999.000 -9999.000 -9999.000 -9999.000 -9999.000 -9999.000 -9999.000 -9999.000 -9999.000 -9999.000 -9999.000 -9999.000 -9999.000 -9999.000 -9999.000 0.5111184 0.5113981 0.5113755 0.5113071 0.5112041 0.5110768 0.5109350 0.5107868 0.5106374 0.5104913 0.5103388 0.5101496 0.5098572 0.5093168 0.5090960 0.5090960 -9999.000 -9999.000 -9999.000 -9999.000 -9999.000 -9999.000 -9999.000 -9999.000 -9999.000 -9999.000 -9999.000 -9999.000 -9999.000 -9999.000 -9999.000 -9999.000 -9999.000 -9999.000 -9999.000 -9999.000 -9999.000 -9999.000 -9999.000 -9999.000 -9999.000 -9999.000 -9999.000 -9999.000
-9999.000 -9999.000 -9999.000 -9999.000 -9999.000 -9999.000 -9999.000 -9999.000 -9999.000 -9999.000 -9999.000 -9999.000 -9999.000 -9999.000 -9999.000 0.5131364 0.5134220 0.5133959 0.5133235 0.5132153 0.5130824 0.5129350 0.5127820 0.5126284 0.5124786 0.5123214 0.5121219 0.5118052 0.5112041 0.5108585 0.5108585 -9999.000 -9999.000 -9999.000 -9999.000 -9999.000 -9999.000 -9999.000 -9999.000 -9999.000 -9999.000 -9999.000 -9999.000 -9999.000 -9999.000 -9999.000 -9999.000 -9999.000 -9999.000 -9999.000 -9999.000 -9999.000 -9999.000 -9999.000 -9999.000 -9999.000 -9999.000 -9999.000 -9999.000
-9999.000 -9999.000 -9999.000 -9999.000 -9999.000 -9999.000 -9999.000 -9999.000 -9999.000 -9999.000 -9999.000 -9999.000 -9999.000 -9999.000 -9999.000 0.5151482 0.5154389 0.5154082 0.5153308 0.5152162 0.5150762 0.5149218 0.5147623 0.5146034 0.5144491 0.5142863 0.5140749 0.5137292 0.5130541 0.5125347 0.5125347 -9999.000 -9999.000 -9999.000 -9999.000 -9999.000 -9999.000 -9999.000 -9999.000 -9999.000 -9999.000 -9999.000 -9999.000 -9999.000 -9999.000 -9999.000 -9999.000 -9999.000 -9999.000 -9999.000 -9999.000 -9999.000 -9999.000 -9999.000 -9999.000 -9999.000 -9999.000 -9999.000 -9999.000
-9999.000 -9999.000 -9999.000 -9999.000 -9999.000 -9999.000 -9999.000 -9999.000 -9999.000 -9999.000 -9999.000 -9999.000 -9999.000 -9999.000 -9999.000 0.5171515 0.5174474 0.5174111 0.5173277 0.5172054 0.5170566 0.5168933 0.5167257 0.5165594 0.5163989 0.5162287 0.5160021 0.5156204 0.5148534 0.5140863 0.5140863 -9999.000 -9999.000 -9999.000 -9999.000 -9999.000 -9999.000 -9999.000 -9999.000 -9999.000 -9999.000 -9999.000 -9999.000 -9999.000 -9999.000 -9999.000 -9999.000 -9999.000 -9999.000 -9999.000 -9999.000 -9999.000 -9999.000 -9999.000 -9999.000 -9999.000 -9999.000 -9999.000 -9999.000
-9999.000 -9999.000 -9999.000 -9999.000 -9999.000 -9999.000 -9999.000 -9999.000 -9999.000 -9999.000 -9999.000 -9999.000 -9999.000 -9999.000 -9999.000 0.5191428 0.5194445 0.5194018 0.5193118 0.5191805 0.5190213 0.5188470 0.5186688 0.5184928 0.5183232 0.5181423 0.5178951 0.5174668 0.5165825 0.5154522 0.5154522 -9999.000 -9999.000 -9999.000 -9999.000 -9999.000 -9999.000 -9999.000 -9999.000 -9999.000 -9999.000 -9999.000 -9999.000 -9999.000 -9999.000 -9999.000 -9999.000 -9999.000 -9999.000 -9999.000 -9999.000 -9999.000 -9999.000 -9999.000 -9999.000 -9999.000 -9999.000 -9999.000 -9999.000
-9999.000 -9999.000 -9999.000 -9999.000 -9999.000 -9999.000 -9999.000 -9999.000 -9999.000 -9999.000 -9999.000 -9999.000 -9999.000 -9999.000 -9999.000 0.5211161 0.5214257 0.5213758 0.5212782 0.5211368 0.5209654 0.5207781 0.5205866 0.5203975 0.5202150 0.5200184 0.5197422 0.5192515 0.5182136 0.5165313 0.5165313 -9999.000 -9999.000 -9999.000 -9999.000 -9999.000 -9999.000 -9999.000 -9999.000 -9999.000 -9999.000 -9999.000 -9999.000 -9999.000 -9999.000 -9999.000 -9999.000 -9999.000 -9999.000 -9999.000 -9999.000 -9999.000 -9999.000 -9999.000 -9999.000 -9999.000 -9999.000 -9999.000 -9999.000
-9999.000 -9999.000 -9999.000 -9999.000 -9999.000 -9999.000 -9999.000 -9999.000 -9999.000 -9999.000 -9999.000 -9999.000 -9999.000 -9999.000 -9999.000 0.5230507 0.5233759 0.5233203 0.5232164 0.5230652 0.5228810 0.5226788 0.5224711 0.5222648 0.5220641 0.5218439 0.5215258 0.5209483 0.5197030 0.5171477 0.5171477 -9999.000 -9999.000 -9999.000 -9999.000 -9999.000 -9999.000 -9999.000 -9999.000 -9999.000 -9999.000 -9999.000 -9999.000 -9999.000 -9999.000 -9999.000 -9999.000 -9999.000 -9999.000 -9999.000 -9999.000 -9999.000 -9999.000 -9999.000 -9999.000 -9999.000 -9999.000 -9999.000 -9999.000
-9999.000 -9999.000 -9999.000 -9999.000 -9999.000 -9999.000 -9999.000 -9999.000 -9999.000 -9999.000 -9999.000 -9999.000 -9999.000 -9999.000 -9999.000 0.5233511 0.5246527 0.5249492 0.5250937 0.5251048 0.5250142 0.5248539 0.5246524 0.5244299 0.5242014 0.5239427 0.5235537 0.5228196 0.5211816 0.5165379 0.5165379 -9999.000 -9999.000 -9999.000 -9999.000 -9999.000 -9999.000 -9999.000 -9999.000 -9999.000 -9999.000 -9999.000 -9999.000 -9999.000 -9999.000 -9999.000 -9999.000 -9999.000 -9999.000 -9999.000 -9999.000 -9999.000 -9999.000 -9999.000 -9999.000 -9999.000 -9999.000 -9999.000 -9999.000
0.5585197 0.5585197 0.5458530 0.5316079 0.5279689 0.5279689 0.5249206 0.5197919 0.5197919 0.5154524 0.5154524 0.5116575 0.5099202 0.5082718 0.5067015 0.5067015 0.5300398 0.5303688 0.5306562 0.5311992 0.5320697 0.5332285 0.5345823 0.5359855 0.5372324 0.5378926 0.5371448 0.5334219 0.5231331 0.4920602 0.4920602 0.3208612 0.2976323 0.2908172 0.2893822 0.2893822 0.2897384 0.2897384 0.3042078 0.3042078 0.3204030 0.4005162 0.4005162 0.4327249 0.4327249 0.4388701 0.4388701 0.4388701 0.4319493 0.4319493 0.4231484 0.4231484 0.4139101 0.4139101 0.4052407 0.4052407 0.3978283 0.3978283 0.3978283
0.5571193 0.5571193 0.5436805 0.5308488 0.5272034 0.5272034 0.5241511 0.5190267 0.5190267 0.5146996 0.5146996 0.5109181 0.5091872 0.5075449 0.5059808 0.5059808 0.5245497 0.5251984 0.5239452 0.5223050 0.5209676 0.5202077 0.5201007 0.5206120 0.5219470 0.5235618 0.5244943 0.5236286 0.5181628 0.4995441 0.4995441 0.3790751 0.3382088 0.3039135 0.2962451 0.2962451 0.2921034 0.2921034 0.3047662 0.3047662 0.3189457 0.3838511 0.3838511 0.4317816 0.4317816 0.4399982 0.4399982 0.4399982 0.4324343 0.4324343 0.4233886 0.4233886 0.4140500 0.4140500 0.4053205 0.4053205 0.3978286 0.3978286 0.3978286
0.5563394 0.5563394 0.5427185 0.5308644 0.5272157 0.5272157 0.5241490 0.5190041 0.5190041 0.5146694 0.5146694 0.5108847 0.5091522 0.5075083 0.5059424 0.5059424 0.5204676 0.5212612 0.5188955 0.5155018 0.5122467 0.5096476 0.5078990 0.5070357 0.5071604 0.5079454 0.5087226 0.5085853 0.5054320 0.4932154 0.4932154 0.4071824 0.3651385 0.3189563 0.3071861 0.3071861 0.3004630 0.3004630 0.3139526 0.3139526 0.3271111 0.3757597 0.3757597 0.4252735 0.4252735 0.4399529 0.4399529 0.4399529 0.4328802 0.4328802 0.4236216 0.4236216 0.4141265 0.4141265 0.4053386 0.4053386 0.3979059 0.3979059 0.3979059
0.5557157 0.5557157 0.5419631 0.5308822 0.5272480 0.5272480 0.5241707 0.5190055 0.5190055 0.5146661 0.5146661 0.5108830 0.5091514 0.5075082 0.5059425 0.5059425 0.5163142 0.5167293 0.5134313 0.5086248 0.5037722 0.4995919 0.4963852 0.4942401 0.4932395 0.4931713 0.4935078 0.4934390 0.4912019 0.4819800 0.4819800 0.4236655 0.3841102 0.3350742 0.3222555 0.3222555 0.3169787 0.3169787 0.3318000 0.3318000 0.3428632 0.3750692 0.3750692 0.4157596 0.4157596 0.4367854 0.4367854 0.4367854 0.4315325 0.4315325 0.4227114 0.4227114 0.4133632 0.4133632 0.4047704 0.4047704 0.3976013 0.3976013 0.3976013
0.5552395 0.5552395 0.5413910 0.5308906 0.5272795 0.5272795 0.5241943 0.5190082 0.5190082 0.5146633 0.5146633 0.5108819 0.5091512 0.5075086 0.5059434 0.5059434 0.5120418 0.5113293 0.5069659 0.5008878 0.4946244 0.4890225 0.4844823 0.4811537 0.4791175 0.4782379 0.4781005 0.4779969 0.4764579 0.4697090 0.4697090 0.4299969 0.3957922 0.3512451 0.3412447 0.3412447 0.3421581 0.3421581 0.3562884 0.3562884 0.3632570 0.3794426 0.3794426 0.4058293 0.4058293 0.4298934 0.4298934 0.4298934 0.4278496 0.4278496 0.4205132 0.4205132 0.4118925 0.4118925 0.4038261 0.4038261 0.3971557 0.3971557 0.3971557
0.5549045 0.5549045 0.5409904 0.5308928 0.5273052 0.5273052 0.5242149 0.5190107 0.5190107 0.5146611 0.5146611 0.5108808 0.5091510 0.5075089 0.5059441 0.5059441 0.5076285 0.5050626 0.4993292 0.4919921 0.4844435 0.4775493 0.4717715 0.4673200 0.4642944 0.4626235 0.4619952 0.4618096 0.4608511 0.4562030 0.4562030 0.4294168 0.4021292 0.3693772 0.3660929 0.3660929 0.3745373 0.3745373 0.3829693 0.3829693 0.3842697 0.3864882 0.3864882 0.3984142 0.3984142 0.4203644 0.4203644 0.4203644 0.4218033 0.4218033 0.4168498 0.4168498 0.4096390 0.4096390 0.4025310 0.4025310 0.3966615 0.3966615 0.3966615
0.5547056 0.5547056 0.5407532 0.5308921 0.5273217 0.5273217 0.5242289 0.5190127 0.5190127 0.5146596 0.5146596 0.5108802 0.5091509 0.5075091 0.5059444 0.5059444 0.5028819 0.4978479 0.4903731 0.4816949 0.4729425 0.4648886 0.4579949 0.4525051 0.4485428 0.4460931 0.4449409 0.4446054 0.4441077 0.4412851 0.4412851 0.4241894 0.4056151 0.3936068 0.3991024 0.3991024 0.4096693 0.4096693 0.4072767 0.4072767 0.4028868 0.3944702 0.3944702 0.3946766 0.3946766 0.4100853 0.4100853 0.4100853 0.4139400 0.4139400 0.4117140 0.4117140 0.4065152 0.4065152 0.4008614 0.4008614 0.3961450 0.3961450 0.3961450
0.5546395 0.5546395 0.5406747 0.5308916 0.5273274 0.5273274 0.5242339 0.5190135 0.5190135 0.5146590 0.5146590 0.5108799 0.5091509 0.5075091 0.5059446 0.5059446 0.4974534 0.4894555 0.4798799 0.4697259 0.4598128 0.4507340 0.4428809 0.4364878 0.4316879 0.4285084 0.4268194 0.4262636 0.4261047 0.4249764 0.4249764 0.4163700 0.4102389 0.4279729 0.4390334 0.4390334 0.4413447 0.4413447 0.4268598 0.4268598 0.4181131 0.4024742 0.4024742 0.3942160 0.3942160 0.4007876 0.4007876 0.4007876 0.4052094 0.4052094 0.4053613 0.4053613 0.4025253 0.4025253 0.3987921 0.3987921 0.3955995 0.3955995 0.3955995
0.5547055 0.5547055 0.5407532 0.5308923 0.5273216 0.5273216 0.5242289 0.5190127 0.5190127 0.5146595 0.5146595 0.5108802 0.5091509 0.5075091 0.5059444 0.5059444 0.4908302 0.4794683 0.4675016 0.4557398 0.4446951 0.4347309 0.4261072 0.4189998 0.4135233 0.4097243 0.4075385 0.4067273 0.4068354 0.4076567 0.4076567 0.4091506 0.4230906 0.4712396 0.4786889 0.4786889 0.4654755 0.4654755 0.4418393 0.4418393 0.4303432 0.4100644 0.4100644 0.3959765 0.3959765 0.3934832 0.3934832 0.3934832 0.3966518 0.3966518 0.3983017 0.3983017 0.3978244 0.3978244 0.3963488 0.3963488 0.3950135 0.3950135 0.3950135
0.5549043 0.5549043 0.5409904 0.5308928 0.5273052 0.5273052 0.5242150 0.5190108 0.5190108 0.5146611 0.5146611 0.5108809 0.5091510 0.5075088 0.5059440 0.5059440 0.4822795 0.4672258 0.4526888 0.4392561 0.4271420 0.4164580 0.4072899 0.3997107 0.3937835 0.3895465 0.3869758 0.3859428 0.3864178 0.3906195 0.3906195 0.4093564 0.4539438 0.5134584 0.5092950 0.5092950 0.4822204 0.4822204 0.4533435 0.4533435 0.4402601 0.4169591 0.4169591 0.3988945 0.3988945 0.3884128 0.3884128 0.3884128 0.3891031 0.3891031 0.3911929 0.3911929 0.3927353 0.3927353 0.3936450 0.3936450 0.3943929 0.3943929 0.3943929
0.5552394 0.5552394 0.5413909 0.5308908 0.5272796 0.5272796 0.5241942 0.5190081 0.5190081 0.5146634 0.5146634 0.5108820 0.5091513 0.5075085 0.5059434 0.5059434 0.4707150 0.4517207 0.4345944 0.4195741 0.4065561 0.3953895 0.3859626 0.3782151 0.3721295 0.3677100 0.3649457 0.3638308 0.3653053 0.3780099 0.3780099 0.4300482 0.5071397 0.5427041 0.5291620 0.5291620 0.4938290 0.4938290 0.4622563 0.4622563 0.4482650 0.4228941 0.4228941 0.4021300 0.4021300 0.3852903 0.3852903 0.3852903 0.3830411 0.3830411 0.3846887 0.3846887 0.3877115 0.3877115 0.3908925 0.3908925 0.3937739 0.3937739 0.3937739
