cruce_test.gid/Rasters/Hydraulic/Depth____000187.asc
NCOLS        79
NROWS        79
XLLCENTER         -1.500000
YLLCENTER         -4.800000
CELLSIZE           0.100
NODATA_VALUE     -9999.0
[rows 0 to 25 of 79, columns 0 to 58 of 79]
-9999.000 -9999.000 -9999.000 -9999.000 -9999.000 -9999.000 -9999.000 -9999.000 -9999.000 -9999.000 -9999.000 -9999.000 -9999.000 -9999.000 -9999.000 0.7230899 0.7235972 0.7238531 0.7239271 0.7237629 0.7234923 0.7231839 0.7228605 0.7225416 0.7222499 0.7219805 0.7217345 0.7214895 0.7211454 0.7211186 0.7211186 -9999.000 -9999.000 -9999.000 -9999.000 -9999.000 -9999.000 -9999.000 -9999.000 -9999.000 -9999.000 -9999.000 -9999.000 -9999.000 -9999.000 -9999.000 -9999.000 -9999.000 -9999.000 -9999.000 -9999.000 -9999.000 -9999.000 -9999.000 -9999.000 -9999.000 -9999.000 -9999.000 -9999.000
-9999.000 -9999.000 -9999.000 -9999.000 -9999.000 -9999.000 -9999.000 -9999.000 -9999.000 -9999.000 -9999.000 -9999.000 -9999.000 -9999.000 -9999.000 0.7248954 0.7253503 0.7255582 0.7256175 0.7254821 0.7252651 0.7250234 0.7247738 0.7245311 0.7243130 0.7241137 0.7239333 0.7237512 0.7234780 0.7235333 0.7235333 -9999.000 -9999.000 -9999.000 -9999.000 -9999.000 -9999.000 -9999.000 -9999.000 -9999.000 -9999.000 -9999.000 -9999.000 -9999.000 -9999.000 -9999.000 -9999.000 -9999.000 -9999.000 -9999.000 -9999.000 -9999.000 -9999.000 -9999.000 -9999.000 -9999.000 -9999.000 -9999.000 -9999.000
-9999.000 -9999.000 -9999.000 -9999.000 -9999.000 -9999.000 -9999.000 -9999.000 -9999.000 -9999.000 -9999.000 -9999.000 -9999.000 -9999.000 -9999.000 0.7268122 0.7273052 0.7275271 0.7275974 0.7274678 0.7272556 0.7270200 0.7267776 0.7265431 0.7263342 0.7261435 0.7259704 0.7257921 0.7255141 0.7255664 0.7255664 -9999.000 -9999.000 -9999.000 -9999.000 -9999.000 -9999.000 -9999.000 -9999.000 -9999.000 -9999.000 -9999.000 -9999.000 -9999.000 -9999.000 -9999.000 -9999.000 -9999.000 -9999.000 -9999.000 -9999.000 -9999.000 -9999.000 -9999.000 -9999.000 -9999.000 -9999.000 -9999.000 -9999.000
-9999.000 -9999.000 -9999.000 -9999.000 -9999.000 -9999.000 -9999.000 -9999.000 -9999.000 -9999.000 -9999.000 -9999.000 -9999.000 -9999.000 -9999.000 0.7287775 0.7292961 0.7295269 0.7296028 0.7294724 0.7292584 0.7290213 0.7287777 0.7285425 0.7283339 0.7281432 0.7279695 0.7277886 0.7275000 0.7275327 0.7275327 -9999.000 -9999.000 -9999.000 -9999.000 -9999.000 -9999.000 -9999.000 -9999.000 -9999.000 -9999.000 -9999.000 -9999.000 -9999.000 -9999.000 -9999.000 -9999.000 -9999.000 -9999.000 -9999.000 -9999.000 -9999.000 -9999.000 -9999.000 -9999.000 -9999.000 -9999.000 -9999.000 -9999.000
-9999.000 -9999.000 -9999.000 -9999.000 -9999.000 -9999.000 -9999.000 -9999.000 -9999.000 -9999.000 -9999.000 -9999.000 -9999.000 -9999.000 -9999.000 0.7307611 0.7313007 0.7315382 0.7316170 0.7314826 0.7312631 0.7310210 0.7307723 0.7305323 0.7303202 0.7301257 0.7299480 0.7297612 0.7294579 0.7294580 0.7294580 -9999.000 -9999.000 -9999.000 -9999.000 -9999.000 -9999.000 -9999.000 -9999.000 -9999.000 -9999.000 -9999.000 -9999.000 -9999.000 -9999.000 -9999.000 -9999.000 -9999.000 -9999.000 -9999.000 -9999.000 -9999.000 -9999.000 -9999.000 -9999.000 -9999.000 -9999.000 -9999.000 -9999.000
-9999.000 -9999.000 -9999.000 -9999.000 -9999.000 -9999.000 -9999.000 -9999.000 -9999.000 -9999.000 -9999.000 -9999.000 -9999.000 -9999.000 -9999.000 0.7327497 0.7333083 0.7335514 0.7336318 0.7334914 0.7332647 0.7330159 0.7327604 0.7325137 0.7322966 0.7320964 0.7319131 0.7317187 0.7313971 0.7313523 0.7313523 -9999.000 -9999.000 -9999.000 -9999.000 -9999.000 -9999.000 -9999.000 -9999.000 -9999.000 -9999.000 -9999.000 -9999.000 -9999.000 -9999.000 -9999.000 -9999.000 -9999.000 -9999.000 -9999.000 -9999.000 -9999.000 -9999.000 -9999.000 -9999.000 -9999.000 -9999.000 -9999.000 -9999.000
-9999.000 -9999.000 -9999.000 -9999.000 -9999.000 -9999.000 -9999.000 -9999.000 -9999.000 -9999.000 -9999.000 -9999.000 -9999.000 -9999.000 -9999.000 0.7347373 0.7353141 0.7355618 0.7356431 0.7354953 0.7352603 0.7350042 0.7347410 0.7344869 0.7342642 0.7340576 0.7338679 0.7336645 0.7333212 0.7332175 0.7332175 -9999.000 -9999.000 -9999.000 -9999.000 -9999.000 -9999.000 -9999.000 -9999.000 -9999.000 -9999.000 -9999.000 -9999.000 -9999.000 -9999.000 -9999.000 -9999.000 -9999.000 -9999.000 -9999.000 -9999.000 -9999.000 -9999.000 -9999.000 -9999.000 -9999.000 -9999.000 -9999.000 -9999.000
-9999.000 -9999.000 -9999.000 -9999.000 -9999.000 -9999.000 -9999.000 -9999.000 -9999.000 -9999.000 -9999.000 -9999.000 -9999.000 -9999.000 -9999.000 0.7367209 0.7373157 0.7375671 0.7376484 0.7374921 0.7372482 0.7369843 0.7367131 0.7364512 0.7362228 0.7360094 0.7358128 0.7355993 0.7352306 0.7350504 0.7350504 -9999.000 -9999.000 -9999.000 -9999.000 -9999.000 -9999.000 -9999.000 -9999.000 -9999.000 -9999.000 -9999.000 -9999.000 -9999.000 -9999.000 -9999.000 -9999.000 -9999.000 -9999.000 -9999.000 -9999.000 -9999.000 -9999.000 -9999.000 -9999.000 -9999.000 -9999.000 -9999.000 -9999.000
-9999.000 -9999.000 -9999.000 -9999.000 -9999.000 -9999.000 -9999.000 -9999.000 -9999.000 -9999.000 -9999.000 -9999.000 -9999.000 -9999.000 -9999.000 0.7386987 0.7393113 0.7395655 0.7396461 0.7394801 0.7392268 0.7389550 0.7386755 0.7384055 0.7381716 0.7379511 0.7377471 0.7375224 0.7371238 0.7368439 0.7368439 -9999.000 -9999.000 -9999.000 -9999.000 -9999.000 -9999.000 -9999.000 -9999.000 -9999.000 -9999.000 -9999.000 -9999.000 -9999.000 -9999.000 -9999.000 -9999.000 -9999.000 -9999.000 -9999.000 -9999.000 -9999.000 -9999.000 -9999.000 -9999.000 -9999.000 -9999.000 -9999.000 -9999.000
-9999.000 -9999.000 -9999.000 -9999.000 -9999.000 -9999.000 -9999.000 -9999.000 -9999.000 -9999.000 -9999.000 -9999.000 -9999.000 -9999.000 -9999.000 0.7406692 0.7412998 0.7415558 0.7416350 0.7414579 0.7411943 0.7409145 0.7406266 0.7403483 0.7401092 0.7398812 0.7396693 0.7394318 0.7389979 0.7385873 0.7385873 -9999.000 -9999.000 -9999.000 -9999.000 -9999.000 -9999.000 -9999.000 -9999.000 -9999.000 -9999.000 -9999.000 -9999.000 -9999.000 -9999.000 -9999.000 -9999.000 -9999.000 -9999.000 -9999.000 -9999.000 -9999.000 -9999.000 -9999.000 -9999.000 -9999.000 -9999.000 -9999.000 -9999.000
-9999.000 -9999.000 -9999.000 -9999.000 -9999.000 -9999.000 -9999.000 -9999.000 -9999.000 -9999.000 -9999.000 -9999.000 -9999.000 -9999.000 -9999.000 0.7426310 0.7432799 0.7435364 0.7436131 0.7434235 0.7431491 0.7428611 0.7425644 0.7422776 0.7420336 0.7417973 0.7415770 0.7413248 0.7408490 0.7402648 0.7402648 -9999.000 -9999.000 -9999.000 -9999.000 -9999.000 -9999.000 -9999.000 -9999.000 -9999.000 -9999.000 -9999.000 -9999.000 -9999.000 -9999.000 -9999.000 -9999.000 -9999.000 -9999.000 -9999.000 -9999.000 -9999.000 -9999.000 -9999.000 -9999.000 -9999.000 -9999.000 -9999.000 -9999.000
-9999.000 -9999.000 -9999.000 -9999.000 -9999.000 -9999.000 -9999.000 -9999.000 -9999.000 -9999.000 -9999.000 -9999.000 -9999.000 -9999.000 -9999.000 0.7445819 0.7452494 0.7455052 0.7455785 0.7453746 0.7450886 0.7447923 0.7444865 0.7441908 0.7439420 0.7436968 0.7434670 0.7431975 0.7426713 0.7418533 0.7418533 -9999.000 -9999.000 -9999.000 -9999.000 -9999.000 -9999.000 -9999.000 -9999.000 -9999.000 -9999.000 -9999.000 -9999.000 -9999.000 -9999.000 -9999.000 -9999.000 -9999.000 -9999.000 -9999.000 -9999.000 -9999.000 -9999.000 -9999.000 -9999.000 -9999.000 -9999.000 -9999.000 -9999.000
-9999.000 -9999.000 -9999.000 -9999.000 -9999.000 -9999.000 -9999.000 -9999.000 -9999.000 -9999.000 -9999.000 -9999.000 -9999.000 -9999.000 -9999.000 0.7465127 0.7472008 0.7474552 0.7475273 0.7473098 0.7470116 0.7467068 0.7463911 0.7460858 0.7458323 0.7455767 0.7453359 0.7450457 0.7444581 0.7433195 0.7433195 -9999.000 -9999.000 -9999.000 -9999.000 -9999.000 -9999.000 -9999.000 -9999.000 -9999.000 -9999.000 -9999.000 -9999.000 -9999.000 -9999.000 -9999.000 -9999.000 -9999.000 -9999.000 -9999.000 -9999.000 -9999.000 -9999.000 -9999.000 -9999.000 -9999.000 -9999.000 -9999.000 -9999.000
-9999.000 -9999.000 -9999.000 -9999.000 -9999.000 -9999.000 -9999.000 -9999.000 -9999.000 -9999.000 -9999.000 -9999.000 -9999.000 -9999.000 -9999.000 0.7481353 0.7489043 0.7492387 0.7494528 0.7492974 0.7489954 0.7486789 0.7483461 0.7480221 0.7477556 0.7474798 0.7472195 0.7468986 0.7462313 0.7446475 0.7446475 -9999.000 -9999.000 -9999.000 -9999.000 -9999.000 -9999.000 -9999.000 -9999.000 -9999.000 -9999.000 -9999.000 -9999.000 -9999.000 -9999.000 -9999.000 -9999.000 -9999.000 -9999.000 -9999.000 -9999.000 -9999.000 -9999.000 -9999.000 -9999.000 -9999.000 -9999.000 -9999.000 -9999.000
-9999.000 -9999.000 -9999.000 -9999.000 -9999.000 -9999.000 -9999.000 -9999.000 -9999.000 -9999.000 -9999.000 -9999.000 -9999.000 -9999.000 -9999.000 0.7362341 0.7454640 0.7506238 0.7542735 0.7550406 0.7541271 0.7532061 0.7523062 0.7514809 0.7508042 0.7501842 0.7496437 0.7490711 0.7480819 0.7451680 0.7451680 -9999.000 -9999.000 -9999.000 -9999.000 -9999.000 -9999.000 -9999.000 -9999.000 -9999.000 -9999.000 -9999.000 -9999.000 -9999.000 -9999.000 -9999.000 -9999.000 -9999.000 -9999.000 -9999.000 -9999.000 -9999.000 -9999.000 -9999.000 -9999.000 -9999.000 -9999.000 -9999.000 -9999.000
0.8417979 0.8417979 0.8463693 0.8217604 0.8171168 0.8171168 0.8134243 0.8073380 0.8073380 0.8023274 0.8023274 0.7980505 0.7961167 0.7942919 0.7925606 0.7925606 0.7548748 0.7535657 0.7523674 0.7508498 0.7519784 0.7536874 0.7557133 0.7581393 0.7613429 0.7641047 0.7665780 0.7675767 0.7632414 0.7380269 0.7380269 0.5321262 0.4931520 0.4668390 0.4576775 0.4576775 0.4418298 0.4418298 0.4365858 0.4365858 0.4423243 0.4781905 0.4781905 0.5503096 0.5503096 0.6530362 0.6530362 0.6530362 0.6626588 0.6626588 0.6559415 0.6559415 0.6423674 0.6423674 0.6268755 0.6268755 0.6118241 0.6118241 0.6118241
0.8387288 0.8387288 0.8451005 0.8208121 0.8160409 0.8160409 0.8123038 0.8062114 0.8062114 0.8012192 0.8012192 0.7969605 0.7950350 0.7932184 0.7914950 0.7914950 0.7598362 0.7537298 0.7485998 0.7437658 0.7403478 0.7378200 0.7361093 0.7353382 0.7357216 0.7368426 0.7386766 0.7407293 0.7414011 0.7348440 0.7348440 0.5991459 0.5435700 0.4862797 0.4693259 0.4693259 0.4472647 0.4472647 0.4414417 0.4414417 0.4470313 0.4797308 0.4797308 0.5405698 0.5405698 0.6422596 0.6422596 0.6422596 0.6596464 0.6596464 0.6553686 0.6553686 0.6426179 0.6426179 0.6274590 0.6274590 0.6125562 0.6125562 0.6125562
0.8373777 0.8373777 0.8443031 0.8209741 0.8161227 0.8161227 0.8123149 0.8061718 0.8061718 0.8011733 0.8011733 0.7969120 0.7949843 0.7931646 0.7914382 0.7914382 0.7637691 0.7538367 0.7449617 0.7367995 0.7299875 0.7244493 0.7201051 0.7169768 0.7151898 0.7145404 0.7149534 0.7161042 0.7168467 0.7128648 0.7128648 0.6301945 0.5740927 0.5039934 0.4818132 0.4818132 0.4554769 0.4554769 0.4533427 0.4533427 0.4620822 0.4963712 0.4963712 0.5450547 0.5450547 0.6306080 0.6306080 0.6306080 0.6528713 0.6528713 0.6523310 0.6523310 0.6413063 0.6413063 0.6268676 0.6268676 0.6123129 0.6123129 0.6123129
0.8366765 0.8366765 0.8430337 0.8211584 0.8162518 0.8162518 0.8123670 0.8061655 0.8061655 0.8011665 0.8011665 0.7969103 0.7949837 0.7931644 0.7914382 0.7914382 0.7665582 0.7535354 0.7411525 0.7296786 0.7196604 0.7112458 0.7044271 0.6991830 0.6955433 0.6933641 0.6925195 0.6927454 0.6932117 0.6908348 0.6908348 0.6400275 0.5917577 0.5202916 0.4961076 0.4961076 0.4705123 0.4705123 0.4766870 0.4766870 0.4894722 0.5223286 0.5223286 0.5550570 0.5550570 0.6167809 0.6167809 0.6167809 0.6409392 0.6409392 0.6451107 0.6451107 0.6372876 0.6372876 0.6245828 0.6245828 0.6110326 0.6110326 0.6110326
0.8369747 0.8369747 0.8410220 0.8213434 0.8163862 0.8163862 0.8124247 0.8061607 0.8061607 0.8011604 0.8011604 0.7969095 0.7949842 0.7931656 0.7914395 0.7914395 0.7678044 0.7521589 0.7365951 0.7219694 0.7088938 0.6976551 0.6883372 0.6809388 0.6754514 0.6717602 0.6697162 0.6690751 0.6692051 0.6679162 0.6679162 0.6367656 0.5984480 0.5331787 0.5109890 0.5109890 0.4947750 0.4947750 0.5130316 0.5130316 0.5277542 0.5519268 0.5519268 0.5667918 0.5667918 0.6031514 0.6031514 0.6031514 0.6256014 0.6256014 0.6340148 0.6340148 0.6304479 0.6304479 0.6205630 0.6205630 0.6088111 0.6088111 0.6088111
0.8369536 0.8369536 0.8397502 0.8214890 0.8164969 0.8164969 0.8124743 0.8061567 0.8061567 0.8011550 0.8011550 0.7969088 0.7949845 0.7931666 0.7914406 0.7914406 0.7672344 0.7491388 0.7306848 0.7131488 0.6972423 0.6833358 0.6715857 0.6620296 0.6546592 0.6493877 0.6460754 0.6445026 0.6441814 0.6435731 0.6435731 0.6249002 0.5964599 0.5433835 0.5282654 0.5282654 0.5316107 0.5316107 0.5595608 0.5595608 0.5708755 0.5795262 0.5795262 0.5780259 0.5780259 0.5919211 0.5919211 0.5919211 0.6094596 0.6094596 0.6202198 0.6202198 0.6209993 0.6209993 0.6147493 0.6147493 0.6056006 0.6056006 0.6056006
0.8369409 0.8369409 0.8389898 0.8215744 0.8165663 0.8165663 0.8125064 0.8061541 0.8061541 0.8011514 0.8011514 0.7969083 0.7949847 0.7931672 0.7914412 0.7914412 0.7645856 0.7439569 0.7228017 0.7026132 0.6841567 0.6678341 0.6538379 0.6422349 0.6330295 0.6261616 0.6215180 0.6189148 0.6179854 0.6176956 0.6176956 0.6071059 0.5879505 0.5544615 0.5534273 0.5534273 0.5823300 0.5823300 0.6080174 0.6080174 0.6106163 0.6020629 0.6020629 0.5880831 0.5880831 0.5841448 0.5841448 0.5841448 0.5947492 0.5947492 0.6052998 0.6052998 0.6094984 0.6094984 0.6072050 0.6072050 0.6013477 0.6013477 0.6013477
0.8369367 0.8369367 0.8387348 0.8216025 0.8165901 0.8165901 0.8125176 0.8061532 0.8061532 0.8011501 0.8011501 0.7969082 0.7949847 0.7931675 0.7914414 0.7914414 0.7594983 0.7360545 0.7122808 0.6896815 0.6689891 0.6505778 0.6346292 0.6212136 0.6103389 0.6019647 0.5960056 0.5923214 0.5906582 0.5904342 0.5904342 0.5853660 0.5755162 0.5738562 0.5943635 0.5943635 0.6410008 0.6410008 0.6490118 0.6490118 0.6415622 0.6193852 0.6193852 0.5970780 0.5970780 0.5797864 0.5797864 0.5797864 0.5828000 0.5828000 0.5908051 0.5908051 0.5968336 0.5968336 0.5982081 0.5982081 0.5960792 0.5960792 0.5960792
0.8369410 0.8369410 0.8389899 0.8215743 0.8165663 0.8165663 0.8125065 0.8061541 0.8061541 0.8011514 0.8011514 0.7969083 0.7949847 0.7931672 0.7914413 0.7914413 0.7514207 0.7247362 0.6983466 0.6735646 0.6509829 0.6308777 0.6133684 0.5984911 0.5862376 0.5765712 0.5694271 0.5647066 0.5622811 0.5621351 0.5621351 0.5618193 0.5637177 0.6123000 0.6546212 0.6546212 0.6944664 0.6944664 0.6781719 0.6781719 0.6633090 0.6327316 0.6327316 0.6052055 0.6052055 0.5781661 0.5781661 0.5781661 0.5740116 0.5740116 0.5779341 0.5779341 0.5840408 0.5840408 0.5882864 0.5882864 0.5899785 0.5899785 0.5899785
0.8369538 0.8369538 0.8397502 0.8214889 0.8164968 0.8164968 0.8124744 0.8061567 0.8061567 0.8011550 0.8011550 0.7969089 0.7949845 0.7931667 0.7914407 0.7914407 0.7394778 0.7090418 0.6800135 0.6533028 0.6292369 0.6079134 0.5893335 0.5734596 0.5602410 0.5496250 0.5415530 0.5359644 0.5329278 0.5335710 0.5335710 0.5403247 0.5622683 0.6755614 0.7238747 0.7238747 0.7316784 0.7316784 0.6970725 0.6970725 0.6783607 0.6433641 0.6433641 0.6125265 0.6125265 0.5784290 0.5784290 0.5784290 0.5681387 0.5681387 0.5673847 0.5673847 0.5721220 0.5721220 0.5781695 0.5781695 0.5834137 0.5834137 0.5834137
0.8369748 0.8369748 0.8410220 0.8213432 0.8163861 0.8163861 0.8124248 0.8061606 0.8061606 0.8011602 0.8011602 0.7969096 0.7949842 0.7931657 0.7914396 0.7914396 0.7222421 0.6875459 0.6559327 0.6276576 0.6026341 0.5806899 0.5616508 0.5453673 0.5317217 0.5206255 0.5120125 0.5058692 0.5027659 0.5071388 0.5071388 0.5305228 0.5887130 0.7510842 0.7799548 0.7799548 0.7523256 0.7523256 0.7094049 0.7094049 0.6891604 0.6519341 0.6519341 0.6188934 0.6188934 0.5797523 0.5797523 0.5797523 0.5645901 0.5645901 0.5593601 0.5593601 0.5618733 0.5618733 0.5686792 0.5686792 0.5769140 0.5769140 0.5769140
