cruce_test.gid/Rasters/Hydraulic/Depth____000268.asc
NCOLS        79
NROWS        79
XLLCENTER         -1.500000
YLLCENTER         -4.800000
CELLSIZE           0.100
NODATA_VALUE     -9999.0
[rows 0 to 25 of 79, columns 0 to 58 of 79]
-9999.000 -9999.000 -9999.000 -9999.000 -9999.000 -9999.000 -9999.000 -9999.000 -9999.000 -9999.000 -9999.000 -9999.000 -9999.000 -9999.000 -9999.000 0.7258640 0.7263647 0.7265408 0.7265079 0.7263099 0.7260388 0.7257364 0.7254225 0.7251251 0.7248421 0.7245800 0.7243376 0.7240846 0.7237113 0.7236740 0.7236740 -9999.000 -9999.000 -9999.000 -9999.000 -9999.000 -9999.000 -9999.000 -9999.000 -9999.000 -9999.000 -9999.000 -9999.000 -9999.000 -9999.000 -9999.000 -9999.000 -9999.000 -9999.000 -9999.000 -9999.000 -9999.000 -9999.000 -9999.000 -9999.000 -9999.000 -9999.000 -9999.000 -9999.000
-9999.000 -9999.000 -9999.000 -9999.000 -9999.000 -9999.000 -9999.000 -9999.000 -9999.000 -9999.000 -9999.000 -9999.000 -9999.000 -9999.000 -9999.000 0.7276553 0.7281130 0.7282562 0.7282277 0.7280669 0.7278517 0.7276162 0.7273749 0.7271505 0.7269394 0.7267463 0.7265691 0.7263808 0.7260833 0.7261323 0.7261323 -9999.000 -9999.000 -9999.000 -9999.000 -9999.000 -9999.000 -9999.000 -9999.000 -9999.000 -9999.000 -9999.000 -9999.000 -9999.000 -9999.000 -9999.000 -9999.000 -9999.000 -9999.000 -9999.000 -9999.000 -9999.000 -9999.000 -9999.000 -9999.000 -9999.000 -9999.000 -9999.000 -9999.000
-9999.000 -9999.000 -9999.000 -9999.000 -9999.000 -9999.000 -9999.000 -9999.000 -9999.000 -9999.000 -9999.000 -9999.000 -9999.000 -9999.000 -9999.000 0.7295651 0.7300584 0.7302127 0.7301921 0.7300367 0.7298276 0.7295993 0.7293665 0.7291522 0.7289513 0.7287679 0.7285988 0.7284142 0.7281106 0.7281554 0.7281554 -9999.000 -9999.000 -9999.000 -9999.000 -9999.000 -9999.000 -9999.000 -9999.000 -9999.000 -9999.000 -9999.000 -9999.000 -9999.000 -9999.000 -9999.000 -9999.000 -9999.000 -9999.000 -9999.000 -9999.000 -9999.000 -9999.000 -9999.000 -9999.000 -9999.000 -9999.000 -9999.000 -9999.000
-9999.000 -9999.000 -9999.000 -9999.000 -9999.000 -9999.000 -9999.000 -9999.000 -9999.000 -9999.000 -9999.000 -9999.000 -9999.000 -9999.000 -9999.000 0.7315262 0.7320419 0.7322021 0.7321832 0.7320266 0.7318165 0.7315875 0.7313545 0.7311411 0.7309409 0.7307583 0.7305892 0.7304018 0.7300857 0.7301090 0.7301090 -9999.000 -9999.000 -9999.000 -9999.000 -9999.000 -9999.000 -9999.000 -9999.000 -9999.000 -9999.000 -9999.000 -9999.000 -9999.000 -9999.000 -9999.000 -9999.000 -9999.000 -9999.000 -9999.000 -9999.000 -9999.000 -9999.000 -9999.000 -9999.000 -9999.000 -9999.000 -9999.000 -9999.000
-9999.000 -9999.000 -9999.000 -9999.000 -9999.000 -9999.000 -9999.000 -9999.000 -9999.000 -9999.000 -9999.000 -9999.000 -9999.000 -9999.000 -9999.000 0.7335071 0.7340400 0.7342035 0.7341834 0.7340224 0.7338075 0.7335742 0.7333369 0.7331204 0.7329168 0.7327310 0.7325583 0.7323644 0.7320310 0.7320187 0.7320187 -9999.000 -9999.000 -9999.000 -9999.000 -9999.000 -9999.000 -9999.000 -9999.000 -9999.000 -9999.000 -9999.000 -9999.000 -9999.000 -9999.000 -9999.000 -9999.000 -9999.000 -9999.000 -9999.000 -9999.000 -9999.000 -9999.000 -9999.000 -9999.000 -9999.000 -9999.000 -9999.000 -9999.000
-9999.000 -9999.000 -9999.000 -9999.000 -9999.000 -9999.000 -9999.000 -9999.000 -9999.000 -9999.000 -9999.000 -9999.000 -9999.000 -9999.000 -9999.000 0.7354945 0.7360420 0.7362071 0.7361842 0.7360169 0.7357957 0.7355562 0.7353127 0.7350914 0.7348825 0.7346916 0.7345133 0.7343106 0.7339554 0.7338936 0.7338936 -9999.000 -9999.000 -9999.000 -9999.000 -9999.000 -9999.000 -9999.000 -9999.000 -9999.000 -9999.000 -9999.000 -9999.000 -9999.000 -9999.000 -9999.000 -9999.000 -9999.000 -9999.000 -9999.000 -9999.000 -9999.000 -9999.000 -9999.000 -9999.000 -9999.000 -9999.000 -9999.000 -9999.000
-9999.000 -9999.000 -9999.000 -9999.000 -9999.000 -9999.000 -9999.000 -9999.000 -9999.000 -9999.000 -9999.000 -9999.000 -9999.000 -9999.000 -9999.000 0.7374821 0.7380429 0.7382084 0.7381814 0.7380065 0.7377781 0.7375316 0.7372810 0.7370542 0.7368389 0.7366418 0.7364569 0.7362436 0.7358621 0.7357346 0.7357346 -9999.000 -9999.000 -9999.000 -9999.000 -9999.000 -9999.000 -9999.000 -9999.000 -9999.000 -9999.000 -9999.000 -9999.000 -9999.000 -9999.000 -9999.000 -9999.000 -9999.000 -9999.000 -9999.000 -9999.000 -9999.000 -9999.000 -9999.000 -9999.000 -9999.000 -9999.000 -9999.000 -9999.000
-9999.000 -9999.000 -9999.000 -9999.000 -9999.000 -9999.000 -9999.000 -9999.000 -9999.000 -9999.000 -9999.000 -9999.000 -9999.000 -9999.000 -9999.000 0.7394668 0.7400401 0.7402046 0.7401724 0.7399889 0.7397528 0.7394989 0.7392406 0.7390080 0.7387857 0.7385818 0.7383894 0.7381637 0.7377509 0.7375373 0.7375373 -9999.000 -9999.000 -9999.000 -9999.000 -9999.000 -9999.000 -9999.000 -9999.000 -9999.000 -9999.000 -9999.000 -9999.000 -9999.000 -9999.000 -9999.000 -9999.000 -9999.000 -9999.000 -9999.000 -9999.000 -9999.000 -9999.000 -9999.000 -9999.000 -9999.000 -9999.000 -9999.000 -9999.000
-9999.000 -9999.000 -9999.000 -9999.000 -9999.000 -9999.000 -9999.000 -9999.000 -9999.000 -9999.000 -9999.000 -9999.000 -9999.000 -9999.000 -9999.000 0.7414467 0.7420321 0.7421942 0.7421555 0.7419624 0.7417181 0.7414563 0.7411901 0.7409517 0.7407218 0.7405106 0.7403100 0.7400700 0.7396198 0.7392929 0.7392929 -9999.000 -9999.000 -9999.000 -9999.000 -9999.000 -9999.000 -9999.000 -9999.000 -9999.000 -9999.000 -9999.000 -9999.000 -9999.000 -9999.000 -9999.000 -9999.000 -9999.000 -9999.000 -9999.000 -9999.000 -9999.000 -9999.000 -9999.000 -9999.000 -9999.000 -9999.000 -9999.000 -9999.000
-9999.000 -9999.000 -9999.000 -9999.000 -9999.000 -9999.000 -9999.000 -9999.000 -9999.000 -9999.000 -9999.000 -9999.000 -9999.000 -9999.000 -9999.000 0.7434202 0.7440171 0.7441754 0.7441291 0.7439252 0.7436721 0.7434024 0.7431278 0.7428837 0.7426457 0.7424268 0.7422169 0.7419602 0.7414654 0.7409881 0.7409881 -9999.000 -9999.000 -9999.000 -9999.000 -9999.000 -9999.000 -9999.000 -9999.000 -9999.000 -9999.000 -9999.000 -9999.000 -9999.000 -9999.000 -9999.000 -9999.000 -9999.000 -9999.000 -9999.000 -9999.000 -9999.000 -9999.000 -9999.000 -9999.000 -9999.000 -9999.000 -9999.000 -9999.000
-9999.000 -9999.000 -9999.000 -9999.000 -9999.000 -9999.000 -9999.000 -9999.000 -9999.000 -9999.000 -9999.000 -9999.000 -9999.000 -9999.000 -9999.000 0.7453853 0.7459936 0.7461465 0.7460909 0.7458749 0.7456127 0.7453346 0.7450513 0.7448016 0.7445550 0.7443277 0.7441077 0.7438313 0.7432829 0.7426033 0.7426033 -9999.000 -9999.000 -9999.000 -9999.000 -9999.000 -9999.000 -9999.000 -9999.000 -9999.000 -9999.000 -9999.000 -9999.000 -9999.000 -9999.000 -9999.000 -9999.000 -9999.000 -9999.000 -9999.000 -9999.000 -9999.000 -9999.000 -9999.000 -9999.000 -9999.000 -9999.000 -9999.000 -9999.000
-9999.000 -9999.000 -9999.000 -9999.000 -9999.000 -9999.000 -9999.000 -9999.000 -9999.000 -9999.000 -9999.000 -9999.000 -9999.000 -9999.000 -9999.000 0.7473396 0.7479594 0.7481050 0.7480386 0.7478091 0.7475370 0.7472501 0.7469578 0.7467026 0.7464464 0.7462099 0.7459784 0.7456785 0.7450648 0.7441089 0.7441089 -9999.000 -9999.000 -9999.000 -9999.000 -9999.000 -9999.000 -9999.000 -9999.000 -9999.000 -9999.000 -9999.000 -9999.000 -9999.000 -9999.000 -9999.000 -9999.000 -9999.000 -9999.000 -9999.000 -9999.000 -9999.000 -9999.000 -9999.000 -9999.000 -9999.000 -9999.000 -9999.000 -9999.000
-9999.000 -9999.000 -9999.000 -9999.000 -9999.000 -9999.000 -9999.000 -9999.000 -9999.000 -9999.000 -9999.000 -9999.000 -9999.000 -9999.000 -9999.000 0.7492778 0.7499101 0.7500469 0.7499685 0.7497239 0.7494415 0.7491455 0.7488433 0.7485827 0.7483156 0.7480689 0.7478238 0.7474955 0.7468012 0.7454595 0.7454595 -9999.000 -9999.000 -9999.000 -9999.000 -9999.000 -9999.000 -9999.000 -9999.000 -9999.000 -9999.000 -9999.000 -9999.000 -9999.000 -9999.000 -9999.000 -9999.000 -9999.000 -9999.000 -9999.000 -9999.000 -9999.000 -9999.000 -9999.000 -9999.000 -9999.000 -9999.000 -9999.000 -9999.000
-9999.000 -9999.000 -9999.000 -9999.000 -9999.000 -9999.000 -9999.000 -9999.000 -9999.000 -9999.000 -9999.000 -9999.000 -9999.000 -9999.000 -9999.000 0.7510439 0.7517322 0.7519143 0.7518859 0.7516472 0.7513565 0.7510501 0.7507344 0.7504649 0.7501814 0.7499192 0.7496547 0.7492884 0.7484917 0.7466015 0.7466015 -9999.000 -9999.000 -9999.000 -9999.000 -9999.000 -9999.000 -9999.000 -9999.000 -9999.000 -9999.000 -9999.000 -9999.000 -9999.000 -9999.000 -9999.000 -9999.000 -9999.000 -9999.000 -9999.000 -9999.000 -9999.000 -9999.000 -9999.000 -9999.000 -9999.000 -9999.000 -9999.000 -9999.000
-9999.000 -9999.000 -9999.000 -9999.000 -9999.000 -9999.000 -9999.000 -9999.000 -9999.000 -9999.000 -9999.000 -9999.000 -9999.000 -9999.000 -9999.000 0.7424259 0.7499976 0.7539994 0.7561151 0.7561679 0.7554727 0.7547575 0.7540541 0.7534503 0.7528721 0.7523636 0.7518885 0.7513100 0.7501885 0.7467656 0.7467656 -9999.000 -9999.000 -9999.000 -9999.000 -9999.000 -9999.000 -9999.000 -9999.000 -9999.000 -9999.000 -9999.000 -9999.000 -9999.000 -9999.000 -9999.000 -9999.000 -9999.000 -9999.000 -9999.000 -9999.000 -9999.000 -9999.000 -9999.000 -9999.000 -9999.000 -9999.000 -9999.000 -9999.000
0.8358793 0.8358793 0.8315377 0.8221944 0.8141926 0.8141926 0.8108440 0.8056391 0.8056391 0.8013253 0.8013253 0.7976746 0.7960478 0.7945285 0.7930270 0.7930270 0.7572671 0.7558700 0.7544177 0.7542004 0.7555089 0.7572734 0.7593929 0.7623909 0.7651042 0.7677950 0.7699656 0.7701754 0.7641969 0.7355226 0.7355226 0.5213761 0.4830156 0.4591308 0.4510250 0.4510250 0.4378211 0.4378211 0.4377501 0.4377501 0.4473230 0.4933456 0.4933456 0.5870256 0.5870256 0.6597277 0.6597277 0.6597277 0.6627217 0.6627217 0.6530397 0.6530397 0.6385969 0.6385969 0.6232115 0.6232115 0.6088479 0.6088479 0.6088479
0.8330082 0.8330082 0.8296700 0.8202885 0.8133910 0.8133910 0.8098206 0.8045264 0.8045264 0.8002251 0.8002251 0.7965935 0.7949750 0.7934636 0.7919702 0.7919702 0.7611168 0.7551220 0.7498909 0.7456164 0.7424952 0.7402300 0.7388452 0.7386190 0.7391856 0.7405937 0.7426280 0.7446331 0.7448002 0.7353907 0.7353907 0.5909543 0.5349500 0.4786760 0.4625697 0.4625697 0.4431860 0.4431860 0.4423712 0.4423712 0.4514425 0.4922236 0.4922236 0.5664975 0.5664975 0.6542553 0.6542553 0.6542553 0.6615961 0.6615961 0.6530769 0.6530769 0.6389964 0.6389964 0.6238158 0.6238158 0.6095340 0.6095340 0.6095340
0.8317699 0.8317699 0.8295098 0.8199724 0.8136883 0.8136883 0.8099360 0.8044896 0.8044896 0.8001704 0.8001704 0.7965402 0.7949219 0.7934101 0.7919055 0.7919055 0.7640936 0.7542790 0.7454327 0.7377050 0.7313207 0.7261834 0.7222571 0.7196830 0.7182799 0.7180240 0.7187876 0.7201169 0.7206525 0.7149279 0.7149279 0.6247638 0.5672334 0.4971786 0.4757457 0.4757457 0.4525686 0.4525686 0.4558325 0.4558325 0.4675686 0.5066077 0.5066077 0.5625340 0.5625340 0.6443254 0.6443254 0.6443254 0.6570330 0.6570330 0.6512385 0.6512385 0.6382440 0.6382440 0.6234940 0.6234940 0.6094449 0.6094449 0.6094449
0.8311217 0.8311217 0.8285053 0.8198715 0.8139881 0.8139881 0.8100973 0.8044883 0.8044883 0.8001499 0.8001499 0.7965270 0.7949119 0.7934028 0.7918812 0.7918812 0.7660543 0.7530335 0.7407554 0.7297053 0.7202177 0.7123495 0.7060795 0.7014528 0.6983395 0.6966482 0.6962434 0.6967788 0.6972439 0.6936935 0.6936935 0.6372339 0.5868022 0.5147481 0.4914711 0.4914711 0.4701225 0.4701225 0.4816237 0.4816237 0.4960770 0.5295441 0.5295441 0.5651297 0.5651297 0.6297887 0.6297887 0.6297887 0.6471692 0.6471692 0.6457961 0.6457961 0.6352548 0.6352548 0.6217664 0.6217664 0.6085029 0.6085029 0.6085029
0.8313575 0.8313575 0.8267277 0.8198562 0.8142383 0.8142383 0.8102490 0.8044959 0.8044959 0.8001413 0.8001413 0.7965268 0.7949145 0.7934073 0.7918568 0.7918568 0.7666005 0.7508001 0.7353665 0.7211682 0.7086810 0.6980910 0.6894388 0.6827446 0.6779143 0.6748289 0.6733318 0.6731229 0.6734294 0.6714287 0.6714287 0.6361303 0.5953870 0.5294930 0.5088591 0.5088591 0.4983776 0.4983776 0.5200409 0.5200409 0.5341305 0.5554111 0.5554111 0.5709631 0.5709631 0.6137454 0.6137454 0.6137454 0.6330649 0.6330649 0.6366639 0.6366639 0.6298623 0.6298623 0.6186459 0.6186459 0.6068643 0.6068643 0.6068643
0.8313003 0.8313003 0.8256734 0.8198723 0.8144256 0.8144256 0.8103690 0.8044988 0.8044988 0.8001278 0.8001278 0.7965207 0.7949117 0.7934067 0.7918147 0.7918147 0.7654266 0.7470405 0.7287101 0.7116014 0.6963059 0.6831035 0.6720971 0.6633190 0.6567101 0.6521600 0.6495126 0.6485047 0.6485378 0.6476169 0.6476169 0.6260380 0.5953179 0.5426118 0.5303811 0.5303811 0.5398366 0.5398366 0.5663419 0.5663419 0.5748832 0.5793670 0.5793670 0.5780902 0.5780902 0.5993664 0.5993664 0.5993664 0.6170166 0.6170166 0.6245263 0.6245263 0.6220732 0.6220732 0.6140465 0.6140465 0.6045119 0.6045119 0.6045119
0.8312606 0.8312606 0.8250636 0.8198850 0.8145396 0.8145396 0.8104456 0.8045009 0.8045009 0.8001187 0.8001187 0.7965165 0.7949097 0.7934061 0.7917537 0.7917537 0.7622474 0.7412446 0.7202003 0.7004292 0.6825798 0.6669757 0.6537580 0.6429766 0.6346015 0.6285461 0.6246740 0.6227647 0.6223636 0.6221171 0.6221171 0.6097029 0.5888866 0.5586033 0.5620791 0.5620791 0.5934166 0.5934166 0.6117810 0.6117810 0.6109820 0.5991589 0.5991589 0.5856240 0.5856240 0.5884842 0.5884842 0.5884842 0.6013758 0.6013758 0.6105958 0.6105958 0.6121789 0.6121789 0.6079350 0.6079350 0.6013840 0.6013840 0.6013840
0.8312464 0.8312464 0.8248646 0.8198897 0.8145777 0.8145777 0.8104719 0.8045018 0.8045018 0.8001156 0.8001156 0.7965151 0.7949090 0.7934060 0.7916681 0.7916681 0.7566875 0.7328524 0.7091867 0.6869895 0.6668817 0.6491717 0.6339989 0.6214124 0.6113976 0.6038904 0.5987822 0.5958996 0.5949219 0.5950614 0.5950614 0.5892036 0.5790654 0.5859185 0.6106694 0.6106694 0.6506299 0.6506299 0.6486265 0.6486265 0.6386802 0.6148512 0.6148512 0.5932027 0.5932027 0.5814887 0.5814887 0.5814887 0.5878454 0.5878454 0.5963004 0.5963004 0.6007977 0.6007977 0.6004489 0.6004489 0.5974691 0.5974691 0.5974691
0.8312607 0.8312607 0.8250636 0.8198850 0.8145395 0.8145395 0.8104455 0.8045010 0.8045010 0.8001187 0.8001187 0.7965164 0.7949096 0.7934061 0.7915485 0.7915485 0.7481893 0.7211639 0.6948979 0.6705028 0.6484723 0.6290300 0.6122632 0.5981906 0.5867891 0.5780042 0.5717523 0.5679078 0.5662962 0.5668206 0.5668206 0.5669476 0.5714148 0.6343109 0.6754035 0.6754035 0.6987041 0.6987041 0.6745756 0.6745756 0.6585506 0.6274925 0.6274925 0.6006290 0.6006290 0.5778585 0.5778585 0.5778585 0.5772605 0.5772605 0.5829509 0.5829509 0.5888038 0.5888038 0.5919563 0.5919563 0.5928707 0.5928707 0.5928707
0.8313004 0.8313004 0.8256735 0.8198722 0.8144255 0.8144255 0.8103689 0.8044989 0.8044989 0.8001277 0.8001277 0.7965207 0.7949117 0.7934065 0.7913828 0.7913828 0.7358839 0.7052153 0.6763468 0.6500120 0.6264593 0.6057473 0.5878558 0.5727364 0.5603297 0.5505726 0.5433942 0.5387159 0.5365922 0.5382817 0.5382817 0.5475829 0.5775822 0.7043022 0.7413692 0.7413692 0.7303987 0.7303987 0.6920204 0.6920204 0.6729324 0.6379187 0.6379187 0.6076109 0.6076109 0.5766699 0.5766699 0.5766699 0.5696853 0.5696853 0.5714840 0.5714840 0.5771896 0.5771896 0.5830485 0.5830485 0.5878383 0.5878383 0.5878383
0.8313576 0.8313576 0.8267276 0.8198563 0.8142381 0.8142381 0.8102489 0.8044961 0.8044961 0.8001415 0.8001415 0.7965268 0.7949147 0.7934071 0.7911538 0.7911538 0.7183602 0.6835833 0.6521840 0.6242798 0.5997301 0.5783391 0.5599216 0.5443238 0.5314251 0.5211346 0.5133797 0.5081441 0.5060520 0.5122077 0.5122077 0.5426549 0.6161209 0.7768959 0.7879017 0.7879017 0.7483416 0.7483416 0.7040868 0.7040868 0.6837007 0.6464984 0.6464984 0.6138254 0.6138254 0.5769964 0.5769964 0.5769964 0.5647157 0.5647157 0.5623843 0.5623843 0.5668541 0.5668541 0.5744756 0.5744756 0.5827833 0.5827833 0.5827833
