cruce_test.gid/Rasters/Hydraulic/Depth____000055.asc
NCOLS        79
NROWS        79
XLLCENTER         -1.500000
YLLCENTER         -4.800000
CELLSIZE           0.100
NODATA_VALUE     -9999.0
[rows 0 to 24 of 79, columns 0 to 57 of 79]
-9999.000 -9999.000 -9999.000 -9999.000 -9999.000 -9999.000 -9999.000 -9999.000 -9999.000 -9999.000 -9999.000 -9999.000 -9999.000 -9999.000 -9999.000 0.2579237 0.2580482 0.2579604 0.2578110 0.2576152 0.2573794 0.2571089 0.2568090 0.2564865 0.2561493 0.2558073 0.2554725 0.2551602 0.2549033 0.2552027 0.2552027 -9999.000 -9999.000 -9999.000 -9999.000 -9999.000 -9999.000 -9999.000 -9999.000 -9999.000 -9999.000 -9999.000 -9999.000 -9999.000 -9999.000 -9999.000 -9999.000 -9999.000 -9999.000 -9999.000 -9999.000 -9999.000 -9999.000 -9999.000 -9999.000 -9999.000 -9999.000 -9999.000
-9999.000 -9999.000 -9999.000 -9999.000 -9999.000 -9999.000 -9999.000 -9999.000 -9999.000 -9999.000 -9999.000 -9999.000 -9999.000 -9999.000 -9999.000 0.2598359 0.2599878 0.2599007 0.2597596 0.2595777 0.2593600 0.2591113 0.2588371 0.2585439 0.2582394 0.2579324 0.2576321 0.2573481 0.2571023 0.2573795 0.2573795 -9999.000 -9999.000 -9999.000 -9999.000 -9999.000 -9999.000 -9999.000 -9999.000 -9999.000 -9999.000 -9999.000 -9999.000 -9999.000 -9999.000 -9999.000 -9999.000 -9999.000 -9999.000 -9999.000 -9999.000 -9999.000 -9999.000 -9999.000 -9999.000 -9999.000 -9999.000 -9999.000
-9999.000 -9999.000 -9999.000 -9999.000 -9999.000 -9999.000 -9999.000 -9999.000 -9999.000 -9999.000 -9999.000 -9999.000 -9999.000 -9999.000 -9999.000 0.2618795 0.2620791 0.2619920 0.2618504 0.2616692 0.2614535 0.2612076 0.2609362 0.2606451 0.2603406 0.2600300 0.2597210 0.2594217 0.2591557 0.2594731 0.2594731 -9999.000 -9999.000 -9999.000 -9999.000 -9999.000 -9999.000 -9999.000 -9999.000 -9999.000 -9999.000 -9999.000 -9999.000 -9999.000 -9999.000 -9999.000 -9999.000 -9999.000 -9999.000 -9999.000 -9999.000 -9999.000 -9999.000 -9999.000 -9999.000 -9999.000 -9999.000 -9999.000
-9999.000 -9999.000 -9999.000 -9999.000 -9999.000 -9999.000 -9999.000 -9999.000 -9999.000 -9999.000 -9999.000 -9999.000 -9999.000 -9999.000 -9999.000 0.2639648 0.2642044 0.2641147 0.2639693 0.2637841 0.2635642 0.2633133 0.2630356 0.2627360 0.2624201 0.2620943 0.2617652 0.2614402 0.2611438 0.2614908 0.2614908 -9999.000 -9999.000 -9999.000 -9999.000 -9999.000 -9999.000 -9999.000 -9999.000 -9999.000 -9999.000 -9999.000 -9999.000 -9999.000 -9999.000 -9999.000 -9999.000 -9999.000 -9999.000 -9999.000 -9999.000 -9999.000 -9999.000 -9999.000 -9999.000 -9999.000 -9999.000 -9999.000
-9999.000 -9999.000 -9999.000 -9999.000 -9999.000 -9999.000 -9999.000 -9999.000 -9999.000 -9999.000 -9999.000 -9999.000 -9999.000 -9999.000 -9999.000 0.2660820 0.2663542 0.2662592 0.2661068 0.2659136 0.2656843 0.2654222 0.2651309 0.2648146 0.2644782 0.2641273 0.2637679 0.2634065 0.2630686 0.2634371 0.2634371 -9999.000 -9999.000 -9999.000 -9999.000 -9999.000 -9999.000 -9999.000 -9999.000 -9999.000 -9999.000 -9999.000 -9999.000 -9999.000 -9999.000 -9999.000 -9999.000 -9999.000 -9999.000 -9999.000 -9999.000 -9999.000 -9999.000 -9999.000 -9999.000 -9999.000 -9999.000 -9999.000
-9999.000 -9999.000 -9999.000 -9999.000 -9999.000 -9999.000 -9999.000 -9999.000 -9999.000 -9999.000 -9999.000 -9999.000 -9999.000 -9999.000 -9999.000 0.2682230 0.2685203 0.2684171 0.2682552 0.2680507 0.2678079 0.2675295 0.2672184 0.2668782 0.2665131 0.2661280 0.2657279 0.2653185 0.2649258 0.2653083 0.2653083 -9999.000 -9999.000 -9999.000 -9999.000 -9999.000 -9999.000 -9999.000 -9999.000 -9999.000 -9999.000 -9999.000 -9999.000 -9999.000 -9999.000 -9999.000 -9999.000 -9999.000 -9999.000 -9999.000 -9999.000 -9999.000 -9999.000 -9999.000 -9999.000 -9999.000 -9999.000 -9999.000
-9999.000 -9999.000 -9999.000 -9999.000 -9999.000 -9999.000 -9999.000 -9999.000 -9999.000 -9999.000 -9999.000 -9999.000 -9999.000 -9999.000 -9999.000 0.2703808 0.2706954 0.2705814 0.2704077 0.2701892 0.2699296 0.2696306 0.2692943 0.2689236 0.2685218 0.2680928 0.2676405 0.2671696 0.2667054 0.2670927 0.2670927 -9999.000 -9999.000 -9999.000 -9999.000 -9999.000 -9999.000 -9999.000 -9999.000 -9999.000 -9999.000 -9999.000 -9999.000 -9999.000 -9999.000 -9999.000 -9999.000 -9999.000 -9999.000 -9999.000 -9999.000 -9999.000 -9999.000 -9999.000 -9999.000 -9999.000 -9999.000 -9999.000
-9999.000 -9999.000 -9999.000 -9999.000 -9999.000 -9999.000 -9999.000 -9999.000 -9999.000 -9999.000 -9999.000 -9999.000 -9999.000 -9999.000 -9999.000 0.2725490 0.2728729 0.2727452 0.2725579 0.2723234 0.2720440 0.2717205 0.2713540 0.2709461 0.2704991 0.2700154 0.2694973 0.2689475 0.2683895 0.2687686 0.2687686 -9999.000 -9999.000 -9999.000 -9999.000 -9999.000 -9999.000 -9999.000 -9999.000 -9999.000 -9999.000 -9999.000 -9999.000 -9999.000 -9999.000 -9999.000 -9999.000 -9999.000 -9999.000 -9999.000 -9999.000 -9999.000 -9999.000 -9999.000 -9999.000 -9999.000 -9999.000 -9999.000
-9999.000 -9999.000 -9999.000 -9999.000 -9999.000 -9999.000 -9999.000 -9999.000 -9999.000 -9999.000 -9999.000 -9999.000 -9999.000 -9999.000 -9999.000 0.2747211 0.2750460 0.2749017 0.2746994 0.2744470 0.2741453 0.2737936 0.2733915 0.2729393 0.2724372 0.2718858 0.2712848 0.2706333 0.2699505 0.2702999 0.2702999 -9999.000 -9999.000 -9999.000 -9999.000 -9999.000 -9999.000 -9999.000 -9999.000 -9999.000 -9999.000 -9999.000 -9999.000 -9999.000 -9999.000 -9999.000 -9999.000 -9999.000 -9999.000 -9999.000 -9999.000 -9999.000 -9999.000 -9999.000 -9999.000 -9999.000 -9999.000 -9999.000
-9999.000 -9999.000 -9999.000 -9999.000 -9999.000 -9999.000 -9999.000 -9999.000 -9999.000 -9999.000 -9999.000 -9999.000 -9999.000 -9999.000 -9999.000 0.2768895 0.2772077 0.2770440 0.2768251 0.2765532 0.2762265 0.2758425 0.2753991 0.2748940 0.2743252 0.2736896 0.2729830 0.2721984 0.2713458 0.2716269 0.2716269 -9999.000 -9999.000 -9999.000 -9999.000 -9999.000 -9999.000 -9999.000 -9999.000 -9999.000 -9999.000 -9999.000 -9999.000 -9999.000 -9999.000 -9999.000 -9999.000 -9999.000 -9999.000 -9999.000 -9999.000 -9999.000 -9999.000 -9999.000 -9999.000 -9999.000 -9999.000 -9999.000
-9999.000 -9999.000 -9999.000 -9999.000 -9999.000 -9999.000 -9999.000 -9999.000 -9999.000 -9999.000 -9999.000 -9999.000 -9999.000 -9999.000 -9999.000 0.2790447 0.2793497 0.2791636 0.2789269 0.2786335 0.2782789 0.2778581 0.2773661 0.2767978 0.2761470 0.2754056 0.2745621 0.2735993 0.2725090 0.2726487 0.2726487 -9999.000 -9999.000 -9999.000 -9999.000 -9999.000 -9999.000 -9999.000 -9999.000 -9999.000 -9999.000 -9999.000 -9999.000 -9999.000 -9999.000 -9999.000 -9999.000 -9999.000 -9999.000 -9999.000 -9999.000 -9999.000 -9999.000 -9999.000 -9999.000 -9999.000 -9999.000 -9999.000
-9999.000 -9999.000 -9999.000 -9999.000 -9999.000 -9999.000 -9999.000 -9999.000 -9999.000 -9999.000 -9999.000 -9999.000 -9999.000 -9999.000 -9999.000 0.2811737 0.2814615 0.2812506 0.2809947 0.2806778 0.2802916 0.2798279 0.2792782 0.2786329 0.2778798 0.2770025 0.2759773 0.2747685 0.2733327 0.2731828 0.2731828 -9999.000 -9999.000 -9999.000 -9999.000 -9999.000 -9999.000 -9999.000 -9999.000 -9999.000 -9999.000 -9999.000 -9999.000 -9999.000 -9999.000 -9999.000 -9999.000 -9999.000 -9999.000 -9999.000 -9999.000 -9999.000 -9999.000 -9999.000 -9999.000 -9999.000 -9999.000 -9999.000
-9999.000 -9999.000 -9999.000 -9999.000 -9999.000 -9999.000 -9999.000 -9999.000 -9999.000 -9999.000 -9999.000 -9999.000 -9999.000 -9999.000 -9999.000 0.2832577 0.2835285 0.2832913 0.2830147 0.2826716 0.2822489 0.2817345 0.2811146 0.2803732 0.2794890 0.2784322 0.2771581 0.2755958 0.2736322 0.2728667 0.2728667 -9999.000 -9999.000 -9999.000 -9999.000 -9999.000 -9999.000 -9999.000 -9999.000 -9999.000 -9999.000 -9999.000 -9999.000 -9999.000 -9999.000 -9999.000 -9999.000 -9999.000 -9999.000 -9999.000 -9999.000 -9999.000 -9999.000 -9999.000 -9999.000 -9999.000 -9999.000 -9999.000
-9999.000 -9999.000 -9999.000 -9999.000 -9999.000 -9999.000 -9999.000 -9999.000 -9999.000 -9999.000 -9999.000 -9999.000 -9999.000 -9999.000 -9999.000 0.2852577 0.2855238 0.2852629 0.2849662 0.2845948 0.2841301 0.2835540 0.2828460 0.2819803 0.2809213 0.2796167 0.2779842 0.2758852 0.2730595 0.2708698 0.2708698 -9999.000 -9999.000 -9999.000 -9999.000 -9999.000 -9999.000 -9999.000 -9999.000 -9999.000 -9999.000 -9999.000 -9999.000 -9999.000 -9999.000 -9999.000 -9999.000 -9999.000 -9999.000 -9999.000 -9999.000 -9999.000 -9999.000 -9999.000 -9999.000 -9999.000 -9999.000 -9999.000
-9999.000 -9999.000 -9999.000 -9999.000 -9999.000 -9999.000 -9999.000 -9999.000 -9999.000 -9999.000 -9999.000 -9999.000 -9999.000 -9999.000 -9999.000 0.2862432 0.2871194 0.2870362 0.2868449 0.2865195 0.2860483 0.2854145 0.2845943 0.2835527 0.2822364 0.2805589 0.2783720 0.2753969 0.2710125 0.2646121 0.2646121 -9999.000 -9999.000 -9999.000 -9999.000 -9999.000 -9999.000 -9999.000 -9999.000 -9999.000 -9999.000 -9999.000 -9999.000 -9999.000 -9999.000 -9999.000 -9999.000 -9999.000 -9999.000 -9999.000 -9999.000 -9999.000 -9999.000 -9999.000 -9999.000 -9999.000 -9999.000 -9999.000
0.2431923 0.2431923 0.2316172 0.2245005 0.2222433 0.2222433 0.2204554 0.2499998 0.2499998 0.2613325 0.2613325 0.2696658 0.2743913 0.2799174 0.2866781 0.2866781 0.2946347 0.2949652 0.2950603 0.2947922 0.2940740 0.2928485 0.2910881 0.2887747 0.2858527 0.2821460 0.2771989 0.2698748 0.2570003 0.2233328 0.2233328 0.1041993 0.7961525E-01 0.7403149E-01 0.7816880E-01 0.7816880E-01 0.9310208E-01 0.9310208E-01 0.1159419 0.1159419 0.1444942 0.1818303 0.1818303 0.1851996 0.1851996 0.1850540 0.1850540 0.1850540 0.1801539 0.1801539 0.1759406 0.1759406 0.1724972 0.1724972 0.1670745 0.1670745 0.1635813 0.1635813
0.2422393 0.2422393 0.2310162 0.2240862 0.2218569 0.2218569 0.2200793 0.2480199 0.2480199 0.2610329 0.2610329 0.2691115 0.2736079 0.2785582 0.2838818 0.2838818 0.2885611 0.2889611 0.2893269 0.2895832 0.2896176 0.2892906 0.2884422 0.2868919 0.2844267 0.2807658 0.2754635 0.2676578 0.2553197 0.2313016 0.2313016 0.1479840 0.1203776 0.1000606 0.9664430E-01 0.9664430E-01 0.9924961E-01 0.9924961E-01 0.1144144 0.1144144 0.1329756 0.1811393 0.1811393 0.1856255 0.1856255 0.1850193 0.1850193 0.1850193 0.1798133 0.1798133 0.1756119 0.1756119 0.1728090 0.1728090 0.1668280 0.1668280 0.1633627 0.1633627
0.2417401 0.2417401 0.2308070 0.2240393 0.2218354 0.2218354 0.2200668 0.2471035 0.2471035 0.2608278 0.2608278 0.2683052 0.2723031 0.2765046 0.2807804 0.2807804 0.2837740 0.2837857 0.2837965 0.2837943 0.2836974 0.2833769 0.2826676 0.2813678 0.2792284 0.2759244 0.2709877 0.2636411 0.2522825 0.2321938 0.2321938 0.1681989 0.1411550 0.1167201 0.1109643 0.1109643 0.1093278 0.1093278 0.1193180 0.1193180 0.1310971 0.1737277 0.1737277 0.1864223 0.1864223 0.1858363 0.1858363 0.1858363 0.1797590 0.1797590 0.1755060 0.1755060 0.1721240 0.1721240 0.1670958 0.1670958 0.1634681 0.1634681
0.2413527 0.2413527 0.2306269 0.2239991 0.2218225 0.2218225 0.2200654 0.2462763 0.2462763 0.2605171 0.2605171 0.2673633 0.2708670 0.2744008 0.2778409 0.2778409 0.2793545 0.2789392 0.2785601 0.2782185 0.2778439 0.2773164 0.2764769 0.2751289 0.2730308 0.2698753 0.2652395 0.2584575 0.2482177 0.2308245 0.2308245 0.1808506 0.1560405 0.1315960 0.1256623 0.1256623 0.1231410 0.1231410 0.1291031 0.1291031 0.1354061 0.1645299 0.1645299 0.1840496 0.1840496 0.1849605 0.1849605 0.1849605 0.1797018 0.1797018 0.1752687 0.1752687 0.1716454 0.1716454 0.1670959 0.1670959 0.1634296 0.1634296
0.2410640 0.2410640 0.2304806 0.2239630 0.2218112 0.2218112 0.2200651 0.2454282 0.2454282 0.2601007 0.2601007 0.2662956 0.2693060 0.2722038 0.2748821 0.2748821 0.2748500 0.2739509 0.2731811 0.2725213 0.2718869 0.2711518 0.2701573 0.2687143 0.2665979 0.2635338 0.2591659 0.2529616 0.2438639 0.2287447 0.2287447 0.1890056 0.1672998 0.1456841 0.1410074 0.1410074 0.1392366 0.1392366 0.1415812 0.1415812 0.1437485 0.1586341 0.1586341 0.1780509 0.1780509 0.1832999 0.1832999 0.1832999 0.1791055 0.1791055 0.1747169 0.1747169 0.1709544 0.1709544 0.1667945 0.1667945 0.1632514 0.1632514
0.2408645 0.2408645 0.2303730 0.2239344 0.2218022 0.2218022 0.2200652 0.2445474 0.2445474 0.2596140 0.2596140 0.2651554 0.2676787 0.2699536 0.2718766 0.2718766 0.2700572 0.2685814 0.2673921 0.2664296 0.2655767 0.2646853 0.2635860 0.2620901 0.2599883 0.2570437 0.2529807 0.2474319 0.2395848 0.2268202 0.2268202 0.1945217 0.1767829 0.1603950 0.1576649 0.1576649 0.1562079 0.1562079 0.1545149 0.1545149 0.1535659 0.1575407 0.1575407 0.1709601 0.1709601 0.1800397 0.1800397 0.1800397 0.1775642 0.1775642 0.1736916 0.1736916 0.1700210 0.1700210 0.1662382 0.1662382 0.1629646 0.1629646
0.2407475 0.2407475 0.2303074 0.2239160 0.2217965 0.2217965 0.2200650 0.2436529 0.2436529 0.2590902 0.2590902 0.2639930 0.2660424 0.2677009 0.2688374 0.2688374 0.2648258 0.2626579 0.2609997 0.2597348 0.2586993 0.2577107 0.2565765 0.2550992 0.2530777 0.2503107 0.2466228 0.2418864 0.2355190 0.2252476 0.2252476 0.1994953 0.1863417 0.1767883 0.1755591 0.1755591 0.1724394 0.1724394 0.1664382 0.1664382 0.1631746 0.1600391 0.1600391 0.1656933 0.1656933 0.1753485 0.1753485 0.1753485 0.1748504 0.1748504 0.1719978 0.1719978 0.1687588 0.1687588 0.1654546 0.1654546 0.1625904 0.1625904
0.2407089 0.2407089 0.2302853 0.2239097 0.2217944 0.2217944 0.2200643 0.2427797 0.2427797 0.2585551 0.2585551 0.2628511 0.2644480 0.2654994 0.2658002 0.2658002 0.2589910 0.2560025 0.2538167 0.2522420 0.2510549 0.2500285 0.2489366 0.2475606 0.2456974 0.2431754 0.2399543 0.2363344 0.2319414 0.2247883 0.2247883 0.2055887 0.1978453 0.1947444 0.1934032 0.1934032 0.1865928 0.1865928 0.1767342 0.1767342 0.1718217 0.1643102 0.1643102 0.1634047 0.1634047 0.1701708 0.1701708 0.1701708 0.1711055 0.1711055 0.1695296 0.1695296 0.1670709 0.1670709 0.1644359 0.1644359 0.1621348 0.1621348
0.2407475 0.2407475 0.2303074 0.2239160 0.2217964 0.2217964 0.2200630 0.2419749 0.2419749 0.2580286 0.2580286 0.2617653 0.2629402 0.2634042 0.2628236 0.2628236 0.2523413 0.2484010 0.2456273 0.2437324 0.2424244 0.2414245 0.2404614 0.2392813 0.2376647 0.2354582 0.2328224 0.2309374 0.2294897 0.2264869 0.2264869 0.2146249 0.2125978 0.2126683 0.2093492 0.2093492 0.1981413 0.1981413 0.1853396 0.1853396 0.1792829 0.1690569 0.1690569 0.1635779 0.1635779 0.1655844 0.1655844 0.1655844 0.1668422 0.1668422 0.1663796 0.1663796 0.1649243 0.1649243 0.1631664 0.1631664 0.1616023 0.1616023
0.2408645 0.2408645 0.2303730 0.2239344 0.2218021 0.2218021 0.2200613 0.2412945 0.2412945 0.2575235 0.2575235 0.2607640 0.2615559 0.2614664 0.2599877 0.2599877 0.2445864 0.2395775 0.2361724 0.2339508 0.2325473 0.2316402 0.2309078 0.2300422 0.2287793 0.2269656 0.2250916 0.2262449 0.2294125 0.2315448 0.2315448 0.2278397 0.2302155 0.2288395 0.2223827 0.2223827 0.2072453 0.2072453 0.1923742 0.1923742 0.1855178 0.1735542 0.1735542 0.1651442 0.1651442 0.1622141 0.1622141 0.1622141 0.1627014 0.1627014 0.1628478 0.1628478 0.1624003 0.1624003 0.1616707 0.1616707 0.1610034 0.1610034
