cruce_test.gid/Rasters/Hydraulic/Depth____000041.asc
NCOLS        79
NROWS        79
XLLCENTER         -1.500000
YLLCENTER         -4.800000
CELLSIZE           0.100
NODATA_VALUE     -9999.0
[rows 0 to 25 of 79, columns 0 to 56 of 79]
-9999.000 -9999.000 -9999.000 -9999.000 -9999.000 -9999.000 -9999.000 -9999.000 -9999.000 -9999.000 -9999.000 -9999.000 -9999.000 -9999.000 -9999.000 0.2194077 0.2194930 0.2193830 0.2191994 0.2189597 0.2186742 0.2183525 0.2180049 0.2176428 0.2172784 0.2169258 0.2166004 0.2163202 0.2161172 0.2164069 0.2164069 -9999.000 -9999.000 -9999.000 -9999.000 -9999.000 -9999.000 -9999.000 -9999.000 -9999.000 -9999.000 -9999.000 -9999.000 -9999.000 -9999.000 -9999.000 -9999.000 -9999.000 -9999.000 -9999.000 -9999.000 -9999.000 -9999.000 -9999.000 -9999.000 -9999.000 -9999.000
-9999.000 -9999.000 -9999.000 -9999.000 -9999.000 -9999.000 -9999.000 -9999.000 -9999.000 -9999.000 -9999.000 -9999.000 -9999.000 -9999.000 -9999.000 0.2213666 0.2214942 0.2213865 0.2212118 0.2209861 0.2207182 0.2204170 0.2200923 0.2197548 0.2194163 0.2190893 0.2187864 0.2185204 0.2183135 0.2185714 0.2185714 -9999.000 -9999.000 -9999.000 -9999.000 -9999.000 -9999.000 -9999.000 -9999.000 -9999.000 -9999.000 -9999.000 -9999.000 -9999.000 -9999.000 -9999.000 -9999.000 -9999.000 -9999.000 -9999.000 -9999.000 -9999.000 -9999.000 -9999.000 -9999.000 -9999.000 -9999.000
-9999.000 -9999.000 -9999.000 -9999.000 -9999.000 -9999.000 -9999.000 -9999.000 -9999.000 -9999.000 -9999.000 -9999.000 -9999.000 -9999.000 -9999.000 0.2234743 0.2236575 0.2235485 0.2233707 0.2231423 0.2228723 0.2225693 0.2222424 0.2219017 0.2215579 0.2212226 0.2209073 0.2206241 0.2203982 0.2206987 0.2206987 -9999.000 -9999.000 -9999.000 -9999.000 -9999.000 -9999.000 -9999.000 -9999.000 -9999.000 -9999.000 -9999.000 -9999.000 -9999.000 -9999.000 -9999.000 -9999.000 -9999.000 -9999.000 -9999.000 -9999.000 -9999.000 -9999.000 -9999.000 -9999.000 -9999.000 -9999.000
-9999.000 -9999.000 -9999.000 -9999.000 -9999.000 -9999.000 -9999.000 -9999.000 -9999.000 -9999.000 -9999.000 -9999.000 -9999.000 -9999.000 -9999.000 0.2256200 0.2258522 0.2257386 0.2255532 0.2253162 0.2250367 0.2247231 0.2243842 0.2240296 0.2236695 0.2233149 0.2229769 0.2226676 0.2224147 0.2227509 0.2227509 -9999.000 -9999.000 -9999.000 -9999.000 -9999.000 -9999.000 -9999.000 -9999.000 -9999.000 -9999.000 -9999.000 -9999.000 -9999.000 -9999.000 -9999.000 -9999.000 -9999.000 -9999.000 -9999.000 -9999.000 -9999.000 -9999.000 -9999.000 -9999.000 -9999.000 -9999.000
-9999.000 -9999.000 -9999.000 -9999.000 -9999.000 -9999.000 -9999.000 -9999.000 -9999.000 -9999.000 -9999.000 -9999.000 -9999.000 -9999.000 -9999.000 0.2277962 0.2280701 0.2279482 0.2277510 0.2275000 0.2272048 0.2268733 0.2265141 0.2261366 0.2257506 0.2253668 0.2249961 0.2246509 0.2243615 0.2247271 0.2247271 -9999.000 -9999.000 -9999.000 -9999.000 -9999.000 -9999.000 -9999.000 -9999.000 -9999.000 -9999.000 -9999.000 -9999.000 -9999.000 -9999.000 -9999.000 -9999.000 -9999.000 -9999.000 -9999.000 -9999.000 -9999.000 -9999.000 -9999.000 -9999.000 -9999.000 -9999.000
-9999.000 -9999.000 -9999.000 -9999.000 -9999.000 -9999.000 -9999.000 -9999.000 -9999.000 -9999.000 -9999.000 -9999.000 -9999.000 -9999.000 -9999.000 0.2299976 0.2303049 0.2301709 0.2299578 0.2296881 0.2293712 0.2290152 0.2286283 0.2282196 0.2277987 0.2273758 0.2269619 0.2265695 0.2262315 0.2266207 0.2266207 -9999.000 -9999.000 -9999.000 -9999.000 -9999.000 -9999.000 -9999.000 -9999.000 -9999.000 -9999.000 -9999.000 -9999.000 -9999.000 -9999.000 -9999.000 -9999.000 -9999.000 -9999.000 -9999.000 -9999.000 -9999.000 -9999.000 -9999.000 -9999.000 -9999.000 -9999.000
-9999.000 -9999.000 -9999.000 -9999.000 -9999.000 -9999.000 -9999.000 -9999.000 -9999.000 -9999.000 -9999.000 -9999.000 -9999.000 -9999.000 -9999.000 0.2322210 0.2325519 0.2324017 0.2321689 0.2318759 0.2315318 0.2311447 0.2307227 0.2302743 0.2298089 0.2293361 0.2288669 0.2284137 0.2280119 0.2284179 0.2284179 -9999.000 -9999.000 -9999.000 -9999.000 -9999.000 -9999.000 -9999.000 -9999.000 -9999.000 -9999.000 -9999.000 -9999.000 -9999.000 -9999.000 -9999.000 -9999.000 -9999.000 -9999.000 -9999.000 -9999.000 -9999.000 -9999.000 -9999.000 -9999.000 -9999.000 -9999.000
-9999.000 -9999.000 -9999.000 -9999.000 -9999.000 -9999.000 -9999.000 -9999.000 -9999.000 -9999.000 -9999.000 -9999.000 -9999.000 -9999.000 -9999.000 0.2344635 0.2348070 0.2346361 0.2343802 0.2340596 0.2336831 0.2332581 0.2327927 0.2322952 0.2317742 0.2312389 0.2306993 0.2301679 0.2296817 0.2300951 0.2300951 -9999.000 -9999.000 -9999.000 -9999.000 -9999.000 -9999.000 -9999.000 -9999.000 -9999.000 -9999.000 -9999.000 -9999.000 -9999.000 -9999.000 -9999.000 -9999.000 -9999.000 -9999.000 -9999.000 -9999.000 -9999.000 -9999.000 -9999.000 -9999.000 -9999.000 -9999.000
-9999.000 -9999.000 -9999.000 -9999.000 -9999.000 -9999.000 -9999.000 -9999.000 -9999.000 -9999.000 -9999.000 -9999.000 -9999.000 -9999.000 -9999.000 0.2367206 0.2370649 0.2368690 0.2365871 0.2362353 0.2358209 0.2353511 0.2348333 0.2342756 0.2336856 0.2330715 0.2324422 0.2318089 0.2312091 0.2316142 0.2316142 -9999.000 -9999.000 -9999.000 -9999.000 -9999.000 -9999.000 -9999.000 -9999.000 -9999.000 -9999.000 -9999.000 -9999.000 -9999.000 -9999.000 -9999.000 -9999.000 -9999.000 -9999.000 -9999.000 -9999.000 -9999.000 -9999.000 -9999.000 -9999.000 -9999.000 -9999.000
-9999.000 -9999.000 -9999.000 -9999.000 -9999.000 -9999.000 -9999.000 -9999.000 -9999.000 -9999.000 -9999.000 -9999.000 -9999.000 -9999.000 -9999.000 0.2389846 0.2393175 0.2390924 0.2387826 0.2383966 0.2379397 0.2374178 0.2368377 0.2362065 0.2355308 0.2348168 0.2340711 0.2333024 0.2325458 0.2329133 0.2329133 -9999.000 -9999.000 -9999.000 -9999.000 -9999.000 -9999.000 -9999.000 -9999.000 -9999.000 -9999.000 -9999.000 -9999.000 -9999.000 -9999.000 -9999.000 -9999.000 -9999.000 -9999.000 -9999.000 -9999.000 -9999.000 -9999.000 -9999.000 -9999.000 -9999.000 -9999.000
-9999.000 -9999.000 -9999.000 -9999.000 -9999.000 -9999.000 -9999.000 -9999.000 -9999.000 -9999.000 -9999.000 -9999.000 -9999.000 -9999.000 -9999.000 0.2412427 0.2415531 0.2412951 0.2409560 0.2405339 0.2400304 0.2394494 0.2387960 0.2380758 0.2372930 0.2364509 0.2355514 0.2345976 0.2336171 0.2338893 0.2338893 -9999.000 -9999.000 -9999.000 -9999.000 -9999.000 -9999.000 -9999.000 -9999.000 -9999.000 -9999.000 -9999.000 -9999.000 -9999.000 -9999.000 -9999.000 -9999.000 -9999.000 -9999.000 -9999.000 -9999.000 -9999.000 -9999.000 -9999.000 -9999.000 -9999.000 -9999.000
-9999.000 -9999.000 -9999.000 -9999.000 -9999.000 -9999.000 -9999.000 -9999.000 -9999.000 -9999.000 -9999.000 -9999.000 -9999.000 -9999.000 -9999.000 0.2434758 0.2437557 0.2434619 0.2430927 0.2426328 0.2420789 0.2414315 0.2406929 0.2398650 0.2389482 0.2379394 0.2368322 0.2356169 0.2343023 0.2343572 0.2343572 -9999.000 -9999.000 -9999.000 -9999.000 -9999.000 -9999.000 -9999.000 -9999.000 -9999.000 -9999.000 -9999.000 -9999.000 -9999.000 -9999.000 -9999.000 -9999.000 -9999.000 -9999.000 -9999.000 -9999.000 -9999.000 -9999.000 -9999.000 -9999.000 -9999.000 -9999.000
-9999.000 -9999.000 -9999.000 -9999.000 -9999.000 -9999.000 -9999.000 -9999.000 -9999.000 -9999.000 -9999.000 -9999.000 -9999.000 -9999.000 -9999.000 0.2456582 0.2459055 0.2455742 0.2451738 0.2446738 0.2440649 0.2433429 0.2425048 0.2415465 0.2404600 0.2392308 0.2378349 0.2362356 0.2343938 0.2339517 0.2339517 -9999.000 -9999.000 -9999.000 -9999.000 -9999.000 -9999.000 -9999.000 -9999.000 -9999.000 -9999.000 -9999.000 -9999.000 -9999.000 -9999.000 -9999.000 -9999.000 -9999.000 -9999.000 -9999.000 -9999.000 -9999.000 -9999.000 -9999.000 -9999.000 -9999.000 -9999.000
-9999.000 -9999.000 -9999.000 -9999.000 -9999.000 -9999.000 -9999.000 -9999.000 -9999.000 -9999.000 -9999.000 -9999.000 -9999.000 -9999.000 -9999.000 0.2477453 0.2479723 0.2476070 0.2471761 0.2466333 0.2459631 0.2451550 0.2441984 0.2430787 0.2417727 0.2402435 0.2384308 0.2362357 0.2334983 0.2318274 0.2318274 -9999.000 -9999.000 -9999.000 -9999.000 -9999.000 -9999.000 -9999.000 -9999.000 -9999.000 -9999.000 -9999.000 -9999.000 -9999.000 -9999.000 -9999.000 -9999.000 -9999.000 -9999.000 -9999.000 -9999.000 -9999.000 -9999.000 -9999.000 -9999.000 -9999.000 -9999.000
-9999.000 -9999.000 -9999.000 -9999.000 -9999.000 -9999.000 -9999.000 -9999.000 -9999.000 -9999.000 -9999.000 -9999.000 -9999.000 -9999.000 -9999.000 0.2490071 0.2497289 0.2494940 0.2491248 0.2485839 0.2478624 0.2469522 0.2458394 0.2444984 0.2428843 0.2409203 0.2384727 0.2352932 0.2308649 0.2252806 0.2252806 -9999.000 -9999.000 -9999.000 -9999.000 -9999.000 -9999.000 -9999.000 -9999.000 -9999.000 -9999.000 -9999.000 -9999.000 -9999.000 -9999.000 -9999.000 -9999.000 -9999.000 -9999.000 -9999.000 -9999.000 -9999.000 -9999.000 -9999.000 -9999.000 -9999.000 -9999.000
0.2008001 0.2008001 0.2092553 0.2145594 0.2170119 0.2170119 0.2194349 0.2244135 0.2244135 0.2298874 0.2298874 0.2364578 0.2404702 0.2452289 0.2509833 0.2509833 0.2573048 0.2571130 0.2565539 0.2555502 0.2541041 0.2522539 0.2500414 0.2474747 0.2444848 0.2408608 0.2361139 0.2291024 0.2167390 0.1847511 0.1847511 0.7898147E-01 0.5501783E-01 0.4654869E-01 0.4892077E-01 0.4892077E-01 0.6102958E-01 0.6102958E-01 0.8211476E-01 0.8211476E-01 0.1031322 0.1468878 0.1468878 0.1501014 0.1501014 0.1505824 0.1505824 0.1505824 0.1466053 0.1466053 0.1432545 0.1432545 0.1405459 0.1405459 0.1358428 0.1358428 0.1328162
0.1997184 0.1997184 0.2088486 0.2142161 0.2166754 0.2166754 0.2191008 0.2240818 0.2240818 0.2295520 0.2295520 0.2360155 0.2397830 0.2439162 0.2482689 0.2482689 0.2520635 0.2522694 0.2522808 0.2520165 0.2513881 0.2503041 0.2486728 0.2463976 0.2433555 0.2393444 0.2339720 0.2264107 0.2147113 0.1921204 0.1921204 0.1195406 0.9475906E-01 0.7554323E-01 0.7167540E-01 0.7167540E-01 0.7181201E-01 0.7181201E-01 0.8289947E-01 0.8289947E-01 0.9579539E-01 0.1453372 0.1453372 0.1504902 0.1504902 0.1506003 0.1506003 0.1506003 0.1463049 0.1463049 0.1429682 0.1429682 0.1408996 0.1408996 0.1356300 0.1356300 0.1326287
0.1990473 0.1990473 0.2087930 0.2141617 0.2165993 0.2165993 0.2189917 0.2238577 0.2238577 0.2290830 0.2290830 0.2349983 0.2382838 0.2417421 0.2452269 0.2452269 0.2478174 0.2478054 0.2476436 0.2473098 0.2467352 0.2458209 0.2444443 0.2424567 0.2396739 0.2358462 0.2305905 0.2232231 0.2122854 0.1934420 0.1934420 0.1370962 0.1132757 0.9175376E-01 0.8636622E-01 0.8636622E-01 0.8355331E-01 0.8355331E-01 0.9002383E-01 0.9002383E-01 0.9758725E-01 0.1355021 0.1355021 0.1508318 0.1508318 0.1513343 0.1513343 0.1513343 0.1461942 0.1461942 0.1428119 0.1428119 0.1401906 0.1401906 0.1358380 0.1358380 0.1326927
0.1984618 0.1984618 0.2087466 0.2140957 0.2165040 0.2165040 0.2188530 0.2235703 0.2235703 0.2284991 0.2284991 0.2338330 0.2366684 0.2395560 0.2423754 0.2423754 0.2439065 0.2436068 0.2431818 0.2426292 0.2418955 0.2408902 0.2394925 0.2375512 0.2348766 0.2312200 0.2262231 0.2192961 0.2092646 0.1928805 0.1928805 0.1484011 0.1265067 0.1055080 0.1002368 0.1002368 0.9738000E-01 0.9738000E-01 0.1010147 0.1010147 0.1046156 0.1269115 0.1269115 0.1475941 0.1475941 0.1503912 0.1503912 0.1503912 0.1460821 0.1460821 0.1425627 0.1425627 0.1397172 0.1397172 0.1358202 0.1358202 0.1326223
0.1979652 0.1979652 0.2087032 0.2140139 0.2163846 0.2163846 0.2186801 0.2232199 0.2232199 0.2278130 0.2278130 0.2325402 0.2349363 0.2372936 0.2395202 0.2395202 0.2399743 0.2393453 0.2386463 0.2378659 0.2369475 0.2358025 0.2343149 0.2323409 0.2297041 0.2261792 0.2214540 0.2150310 0.2059481 0.1915667 0.1915667 0.1559873 0.1365170 0.1181107 0.1140846 0.1140846 0.1123385 0.1123385 0.1133852 0.1133852 0.1140935 0.1233307 0.1233307 0.1411780 0.1411780 0.1485639 0.1485639 0.1485639 0.1454622 0.1454622 0.1420259 0.1420259 0.1390496 0.1390496 0.1355158 0.1355158 0.1324078
0.1975636 0.1975636 0.2086619 0.2139207 0.2162477 0.2162477 0.2184826 0.2228263 0.2228263 0.2270626 0.2270626 0.2311709 0.2331291 0.2349608 0.2365962 0.2365962 0.2358323 0.2348170 0.2338319 0.2328373 0.2317576 0.2304948 0.2289323 0.2269347 0.2243439 0.2209692 0.2165572 0.2107058 0.2026322 0.1900910 0.1900910 0.1615354 0.1449653 0.1310027 0.1287545 0.1287545 0.1274887 0.1274887 0.1253585 0.1253585 0.1238380 0.1245192 0.1245192 0.1349194 0.1349194 0.1451827 0.1451827 0.1451827 0.1439043 0.1439043 0.1410270 0.1410270 0.1381429 0.1381429 0.1349539 0.1349539 0.1320539
0.1972637 0.1972637 0.2086231 0.2138207 0.2161003 0.2161003 0.2182707 0.2224099 0.2224099 0.2262837 0.2262837 0.2297742 0.2312926 0.2325832 0.2335801 0.2335801 0.2313326 0.2298585 0.2285665 0.2273725 0.2261671 0.2248314 0.2232408 0.2212649 0.2187664 0.2155991 0.2115875 0.2064372 0.1995304 0.1889220 0.1889220 0.1664212 0.1533821 0.1452020 0.1442921 0.1442921 0.1416239 0.1416239 0.1359997 0.1359997 0.1327876 0.1283929 0.1283929 0.1313521 0.1313521 0.1406932 0.1406932 0.1406932 0.1412403 0.1412403 0.1393700 0.1393700 0.1368972 0.1368972 0.1341328 0.1341328 0.1315702
0.1970725 0.1970725 0.2085874 0.2137189 0.2159496 0.2159496 0.2180546 0.2219899 0.2219899 0.2255088 0.2255088 0.2283958 0.2294741 0.2301984 0.2304710 0.2304710 0.2263116 0.2242940 0.2226723 0.2212968 0.2200088 0.2186564 0.2170990 0.2152066 0.2128640 0.2099873 0.2065198 0.2023082 0.1969002 0.1886409 0.1886409 0.1720428 0.1632896 0.1606630 0.1596491 0.1596491 0.1537778 0.1537778 0.1450393 0.1450393 0.1406084 0.1332052 0.1332052 0.1307631 0.1307631 0.1361983 0.1361983 0.1361983 0.1377295 0.1377295 0.1369794 0.1369794 0.1352117 0.1352117 0.1330324 0.1330324 0.1309552
0.1969969 0.1969969 0.2085560 0.2136197 0.2158023 0.2158023 0.2178436 0.2215836 0.2215836 0.2247665 0.2247665 0.2270787 0.2277234 0.2278574 0.2272930 0.2272930 0.2205573 0.2179042 0.2159356 0.2144082 0.2130939 0.2117947 0.2103446 0.2086086 0.2064957 0.2040187 0.2013350 0.1985002 0.1952210 0.1901021 0.1901021 0.1798359 0.1757806 0.1760703 0.1733137 0.1733137 0.1636493 0.1636493 0.1525626 0.1525626 0.1472746 0.1380010 0.1380010 0.1321398 0.1321398 0.1326621 0.1326621 0.1326621 0.1339650 0.1339650 0.1340035 0.1340035 0.1330641 0.1330641 0.1316370 0.1316370 0.1302008
0.1970437 0.1970437 0.2085304 0.2135274 0.2156645 0.2156645 0.2176464 0.2212064 0.2212064 0.2240819 0.2240819 0.2258624 0.2260918 0.2256258 0.2241069 0.2241069 0.2137767 0.2103995 0.2080817 0.2064521 0.2051907 0.2040369 0.2027875 0.2012954 0.1994941 0.1975633 0.1960950 0.1954494 0.1953596 0.1943236 0.1943236 0.1905810 0.1907427 0.1900320 0.1845362 0.1845362 0.1714473 0.1714473 0.1587165 0.1587165 0.1528167 0.1423201 0.1423201 0.1343845 0.1343845 0.1304420 0.1304420 0.1304420 0.1305588 0.1305588 0.1307861 0.1307861 0.1305637 0.1305637 0.1299761 0.1299761 0.1293184
0.1972183 0.1972183 0.2085124 0.2134457 0.2155416 0.2155416 0.2174706 0.2208713 0.2208713 0.2234761 0.2234761 0.2247819 0.2246279 0.2235785 0.2210239 0.2210239 0.2055544 0.2013891 0.1987430 0.1970889 0.1959935 0.1951128 0.1941905 0.1930544 0.1916550 0.1904806 0.1910706 0.1940474 0.1985645 0.2024773 0.2024773 0.2046455 0.2059810 0.2004652 0.1941420 0.1941420 0.1775407 0.1775407 0.1636329 0.1636329 0.1572887 0.1459766 0.1459766 0.1367816 0.1367816 0.1293833 0.1293833 0.1293833 0.1278917 0.1278917 0.1277327 0.1277327 0.1279443 0.1279443 0.1281589 0.1281589 0.1283533
