cruce_test.gid/Rasters/Hydraulic/Depth____000140.asc
NCOLS        79
NROWS        79
XLLCENTER         -1.500000
YLLCENTER         -4.800000
CELLSIZE           0.100
NODATA_VALUE     -9999.0
[rows 0 to 25 of 79, columns 0 to 58 of 79]
-9999.000 -9999.000 -9999.000 -9999.000 -9999.000 -9999.000 -9999.000 -9999.000 -9999.000 -9999.000 -9999.000 -9999.000 -9999.000 -9999.000 -9999.000 0.5363856 0.5365939 0.5365671 0.5364850 0.5363602 0.5362030 0.5360240 0.5358329 0.5356385 0.5354459 0.5352564 0.5350588 0.5348085 0.5344109 0.5343800 0.5343800 -9999.000 -9999.000 -9999.000 -9999.000 -9999.000 -9999.000 -9999.000 -9999.000 -9999.000 -9999.000 -9999.000 -9999.000 -9999.000 -9999.000 -9999.000 -9999.000 -9999.000 -9999.000 -9999.000 -9999.000 -9999.000 -9999.000 -9999.000 -9999.000 -9999.000 -9999.000 -9999.000 -9999.000
-9999.000 -9999.000 -9999.000 -9999.000 -9999.000 -9999.000 -9999.000 -9999.000 -9999.000 -9999.000 -9999.000 -9999.000 -9999.000 -9999.000 -9999.000 0.5381946 0.5384026 0.5383763 0.5383058 0.5382015 0.5380722 0.5379263 0.5377721 0.5376168 0.5374651 0.5373183 0.5371673 0.5369720 0.5366454 0.5366732 0.5366732 -9999.000 -9999.000 -9999.000 -9999.000 -9999.000 -9999.000 -9999.000 -9999.000 -9999.000 -9999.000 -9999.000 -9999.000 -9999.000 -9999.000 -9999.000 -9999.000 -9999.000 -9999.000 -9999.000 -9999.000 -9999.000 -9999.000 -9999.000 -9999.000 -9999.000 -9999.000 -9999.000 -9999.000
-9999.000 -9999.000 -9999.000 -9999.000 -9999.000 -9999.000 -9999.000 -9999.000 -9999.000 -9999.000 -9999.000 -9999.000 -9999.000 -9999.000 -9999.000 0.5401530 0.5403869 0.5403653 0.5403000 0.5402017 0.5400794 0.5399415 0.5397967 0.5396513 0.5395098 0.5393725 0.5392283 0.5390337 0.5386943 0.5387159 0.5387159 -9999.000 -9999.000 -9999.000 -9999.000 -9999.000 -9999.000 -9999.000 -9999.000 -9999.000 -9999.000 -9999.000 -9999.000 -9999.000 -9999.000 -9999.000 -9999.000 -9999.000 -9999.000 -9999.000 -9999.000 -9999.000 -9999.000 -9999.000 -9999.000 -9999.000 -9999.000 -9999.000 -9999.000
-9999.000 -9999.000 -9999.000 -9999.000 -9999.000 -9999.000 -9999.000 -9999.000 -9999.000 -9999.000 -9999.000 -9999.000 -9999.000 -9999.000 -9999.000 0.5421492 0.5424002 0.5423807 0.5423173 0.5422210 0.5421005 0.5419649 0.5418225 0.5416798 0.5415407 0.5414051 0.5412607 0.5410603 0.5407017 0.5407016 0.5407016 -9999.000 -9999.000 -9999.000 -9999.000 -9999.000 -9999.000 -9999.000 -9999.000 -9999.000 -9999.000 -9999.000 -9999.000 -9999.000 -9999.000 -9999.000 -9999.000 -9999.000 -9999.000 -9999.000 -9999.000 -9999.000 -9999.000 -9999.000 -9999.000 -9999.000 -9999.000 -9999.000 -9999.000
-9999.000 -9999.000 -9999.000 -9999.000 -9999.000 -9999.000 -9999.000 -9999.000 -9999.000 -9999.000 -9999.000 -9999.000 -9999.000 -9999.000 -9999.000 0.5441650 0.5444278 0.5444086 0.5443451 0.5442480 0.5441265 0.5439897 0.5438460 0.5437021 0.5435618 0.5434242 0.5432760 0.5430659 0.5426823 0.5426466 0.5426466 -9999.000 -9999.000 -9999.000 -9999.000 -9999.000 -9999.000 -9999.000 -9999.000 -9999.000 -9999.000 -9999.000 -9999.000 -9999.000 -9999.000 -9999.000 -9999.000 -9999.000 -9999.000 -9999.000 -9999.000 -9999.000 -9999.000 -9999.000 -9999.000 -9999.000 -9999.000 -9999.000 -9999.000
-9999.000 -9999.000 -9999.000 -9999.000 -9999.000 -9999.000 -9999.000 -9999.000 -9999.000 -9999.000 -9999.000 -9999.000 -9999.000 -9999.000 -9999.000 0.5461887 0.5464602 0.5464400 0.5463752 0.5462758 0.5461514 0.5460116 0.5458648 0.5457178 0.5455744 0.5454331 0.5452793 0.5450569 0.5446428 0.5445569 0.5445569 -9999.000 -9999.000 -9999.000 -9999.000 -9999.000 -9999.000 -9999.000 -9999.000 -9999.000 -9999.000 -9999.000 -9999.000 -9999.000 -9999.000 -9999.000 -9999.000 -9999.000 -9999.000 -9999.000 -9999.000 -9999.000 -9999.000 -9999.000 -9999.000 -9999.000 -9999.000 -9999.000 -9999.000
-9999.000 -9999.000 -9999.000 -9999.000 -9999.000 -9999.000 -9999.000 -9999.000 -9999.000 -9999.000 -9999.000 -9999.000 -9999.000 -9999.000 -9999.000 0.5482137 0.5484917 0.5484696 0.5484025 0.5482997 0.5481714 0.5480273 0.5478765 0.5477257 0.5475786 0.5474328 0.5472726 0.5470356 0.5465850 0.5464315 0.5464315 -9999.000 -9999.000 -9999.000 -9999.000 -9999.000 -9999.000 -9999.000 -9999.000 -9999.000 -9999.000 -9999.000 -9999.000 -9999.000 -9999.000 -9999.000 -9999.000 -9999.000 -9999.000 -9999.000 -9999.000 -9999.000 -9999.000 -9999.000 -9999.000 -9999.000 -9999.000 -9999.000 -9999.000
-9999.000 -9999.000 -9999.000 -9999.000 -9999.000 -9999.000 -9999.000 -9999.000 -9999.000 -9999.000 -9999.000 -9999.000 -9999.000 -9999.000 -9999.000 0.5502356 0.5505188 0.5504938 0.5504236 0.5503165 0.5501832 0.5500342 0.5498787 0.5497236 0.5495725 0.5494220 0.5492549 0.5490013 0.5485076 0.5482637 0.5482637 -9999.000 -9999.000 -9999.000 -9999.000 -9999.000 -9999.000 -9999.000 -9999.000 -9999.000 -9999.000 -9999.000 -9999.000 -9999.000 -9999.000 -9999.000 -9999.000 -9999.000 -9999.000 -9999.000 -9999.000 -9999.000 -9999.000 -9999.000 -9999.000 -9999.000 -9999.000 -9999.000 -9999.000
-9999.000 -9999.000 -9999.000 -9999.000 -9999.000 -9999.000 -9999.000 -9999.000 -9999.000 -9999.000 -9999.000 -9999.000 -9999.000 -9999.000 -9999.000 0.5522520 0.5525393 0.5525106 0.5524364 0.5523239 0.5521848 0.5520298 0.5518687 0.5517089 0.5515535 0.5513984 0.5512238 0.5509511 0.5504060 0.5500403 0.5500403 -9999.000 -9999.000 -9999.000 -9999.000 -9999.000 -9999.000 -9999.000 -9999.000 -9999.000 -9999.000 -9999.000 -9999.000 -9999.000 -9999.000 -9999.000 -9999.000 -9999.000 -9999.000 -9999.000 -9999.000 -9999.000 -9999.000 -9999.000 -9999.000 -9999.000 -9999.000 -9999.000 -9999.000
-9999.000 -9999.000 -9999.000 -9999.000 -9999.000 -9999.000 -9999.000 -9999.000 -9999.000 -9999.000 -9999.000 -9999.000 -9999.000 -9999.000 -9999.000 0.5542613 0.5545524 0.5545188 0.5544394 0.5543205 0.5541739 0.5540118 0.5538442 0.5536789 0.5535187 0.5533583 0.5531754 0.5528800 0.5522729 0.5517403 0.5517403 -9999.000 -9999.000 -9999.000 -9999.000 -9999.000 -9999.000 -9999.000 -9999.000 -9999.000 -9999.000 -9999.000 -9999.000 -9999.000 -9999.000 -9999.000 -9999.000 -9999.000 -9999.000 -9999.000 -9999.000 -9999.000 -9999.000 -9999.000 -9999.000 -9999.000 -9999.000 -9999.000 -9999.000
-9999.000 -9999.000 -9999.000 -9999.000 -9999.000 -9999.000 -9999.000 -9999.000 -9999.000 -9999.000 -9999.000 -9999.000 -9999.000 -9999.000 -9999.000 0.5562619 0.5565568 0.5565172 0.5564318 0.5563048 0.5561494 0.5559782 0.5558024 0.5556301 0.5554640 0.5552970 0.5551040 0.5547810 0.5540974 0.5533316 0.5533316 -9999.000 -9999.000 -9999.000 -9999.000 -9999.000 -9999.000 -9999.000 -9999.000 -9999.000 -9999.000 -9999.000 -9999.000 -9999.000 -9999.000 -9999.000 -9999.000 -9999.000 -9999.000 -9999.000 -9999.000 -9999.000 -9999.000 -9999.000 -9999.000 -9999.000 -9999.000 -9999.000 -9999.000
-9999.000 -9999.000 -9999.000 -9999.000 -9999.000 -9999.000 -9999.000 -9999.000 -9999.000 -9999.000 -9999.000 -9999.000 -9999.000 -9999.000 -9999.000 0.5582508 0.5585507 0.5585045 0.5584118 0.5582752 0.5581090 0.5579268 0.5577406 0.5575591 0.5573848 0.5572088 0.5570025 0.5566440 0.5558645 0.5547647 0.5547647 -9999.000 -9999.000 -9999.000 -9999.000 -9999.000 -9999.000 -9999.000 -9999.000 -9999.000 -9999.000 -9999.000 -9999.000 -9999.000 -9999.000 -9999.000 -9999.000 -9999.000 -9999.000 -9999.000 -9999.000 -9999.000 -9999.000 -9999.000 -9999.000 -9999.000 -9999.000 -9999.000 -9999.000
-9999.000 -9999.000 -9999.000 -9999.000 -9999.000 -9999.000 -9999.000 -9999.000 -9999.000 -9999.000 -9999.000 -9999.000 -9999.000 -9999.000 -9999.000 0.5602230 0.5605302 0.5604768 0.5603762 0.5602288 0.5600498 0.5598540 0.5596545 0.5594607 0.5592750 0.5590860 0.5588611 0.5584561 0.5575532 0.5559598 0.5559598 -9999.000 -9999.000 -9999.000 -9999.000 -9999.000 -9999.000 -9999.000 -9999.000 -9999.000 -9999.000 -9999.000 -9999.000 -9999.000 -9999.000 -9999.000 -9999.000 -9999.000 -9999.000 -9999.000 -9999.000 -9999.000 -9999.000 -9999.000 -9999.000 -9999.000 -9999.000 -9999.000 -9999.000
-9999.000 -9999.000 -9999.000 -9999.000 -9999.000 -9999.000 -9999.000 -9999.000 -9999.000 -9999.000 -9999.000 -9999.000 -9999.000 -9999.000 -9999.000 0.5621591 0.5624817 0.5624235 0.5623168 0.5621591 0.5619665 0.5617552 0.5615392 0.5613291 0.5611268 0.5609184 0.5606666 0.5601975 0.5591316 0.5567836 0.5567836 -9999.000 -9999.000 -9999.000 -9999.000 -9999.000 -9999.000 -9999.000 -9999.000 -9999.000 -9999.000 -9999.000 -9999.000 -9999.000 -9999.000 -9999.000 -9999.000 -9999.000 -9999.000 -9999.000 -9999.000 -9999.000 -9999.000 -9999.000 -9999.000 -9999.000 -9999.000 -9999.000 -9999.000
-9999.000 -9999.000 -9999.000 -9999.000 -9999.000 -9999.000 -9999.000 -9999.000 -9999.000 -9999.000 -9999.000 -9999.000 -9999.000 -9999.000 -9999.000 0.5624037 0.5637552 0.5640753 0.5642352 0.5642499 0.5641535 0.5639798 0.5637607 0.5635225 0.5632792 0.5630210 0.5627061 0.5621064 0.5607116 0.5565219 0.5565219 -9999.000 -9999.000 -9999.000 -9999.000 -9999.000 -9999.000 -9999.000 -9999.000 -9999.000 -9999.000 -9999.000 -9999.000 -9999.000 -9999.000 -9999.000 -9999.000 -9999.000 -9999.000 -9999.000 -9999.000 -9999.000 -9999.000 -9999.000 -9999.000 -9999.000 -9999.000 -9999.000 -9999.000
0.6098035 0.6098035 0.5965994 0.5818554 0.5781127 0.5781127 0.5749710 0.5696995 0.5696995 0.5652637 0.5652637 0.5613931 0.5596221 0.5579422 0.5563430 0.5563430 0.5683691 0.5685224 0.5687836 0.5693210 0.5702264 0.5714701 0.5729728 0.5746197 0.5762259 0.5774387 0.5775706 0.5749032 0.5657446 0.5356670 0.5356670 0.3586149 0.3330690 0.3227147 0.3196251 0.3196251 0.3165584 0.3165584 0.3275321 0.3275321 0.3419629 0.4186146 0.4186146 0.4666946 0.4666946 0.4801967 0.4801967 0.4801967 0.4740624 0.4740624 0.4646164 0.4646164 0.4542352 0.4542352 0.4442233 0.4442233 0.4354608 0.4354608 0.4354608
0.6082256 0.6082256 0.5943289 0.5810262 0.5772792 0.5772792 0.5741354 0.5688704 0.5688704 0.5644479 0.5644479 0.5605913 0.5588270 0.5571536 0.5555606 0.5555606 0.5647200 0.5642911 0.5625625 0.5605565 0.5588553 0.5577409 0.5573248 0.5576134 0.5585279 0.5599921 0.5619954 0.5621067 0.5581529 0.5415615 0.5415615 0.4184844 0.3751087 0.3366552 0.3272073 0.3272073 0.3196005 0.3196005 0.3291062 0.3291062 0.3419766 0.3975568 0.3975568 0.4606824 0.4606824 0.4811178 0.4811178 0.4811178 0.4746546 0.4746546 0.4649855 0.4649855 0.4545012 0.4545012 0.4444137 0.4444137 0.4356100 0.4356100 0.4356100
0.6073430 0.6073430 0.5933357 0.5810397 0.5772878 0.5772878 0.5741298 0.5688454 0.5688454 0.5644156 0.5644156 0.5605556 0.5587894 0.5571142 0.5555192 0.5555192 0.5621231 0.5610089 0.5577173 0.5537087 0.5498959 0.5467491 0.5444821 0.5431659 0.5427758 0.5432428 0.5444607 0.5449398 0.5428655 0.5322795 0.5322795 0.4478950 0.4028142 0.3520329 0.3383107 0.3383107 0.3281626 0.3281626 0.3395138 0.3395138 0.3522629 0.3941613 0.3941613 0.4510441 0.4510441 0.4797352 0.4797352 0.4797352 0.4746155 0.4746155 0.4650469 0.4650469 0.4544874 0.4544874 0.4444191 0.4444191 0.4356942 0.4356942 0.4356942
0.6066347 0.6066347 0.5925525 0.5810586 0.5773183 0.5773183 0.5741491 0.5688459 0.5688459 0.5644127 0.5644127 0.5605543 0.5587888 0.5571140 0.5555191 0.5555191 0.5593401 0.5571976 0.5524462 0.5466976 0.5410675 0.5361659 0.5322852 0.5295359 0.5279171 0.5273721 0.5277989 0.5281489 0.5268173 0.5191648 0.5191648 0.4631752 0.4216178 0.3680594 0.3531538 0.3531538 0.3448918 0.3448918 0.3593657 0.3593657 0.3710045 0.3995801 0.3995801 0.4409017 0.4409017 0.4741395 0.4741395 0.4741395 0.4720739 0.4720739 0.4636142 0.4636142 0.4534881 0.4534881 0.4437326 0.4437326 0.4353256 0.4353256 0.4353256
0.6060927 0.6060927 0.5919572 0.5810694 0.5773485 0.5773485 0.5741704 0.5688476 0.5688476 0.5644103 0.5644103 0.5605535 0.5587888 0.5571146 0.5555200 0.5555200 0.5562387 0.5525866 0.5462653 0.5388605 0.5315489 0.5250213 0.5196367 0.5155503 0.5127886 0.5113031 0.5109903 0.5111046 0.5102912 0.5049679 0.5049679 0.4676527 0.4323830 0.3835074 0.3714804 0.3714804 0.3708873 0.3708873 0.3869064 0.3869064 0.3950295 0.4094117 0.4094117 0.4327312 0.4327312 0.4645387 0.4645387 0.4645387 0.4665296 0.4665296 0.4604267 0.4604267 0.4515140 0.4515140 0.4425148 0.4425148 0.4347403 0.4347403 0.4347403
0.6057106 0.6057106 0.5915391 0.5810741 0.5773733 0.5773733 0.5741892 0.5688494 0.5688494 0.5644082 0.5644082 0.5605528 0.5587888 0.5571150 0.5555207 0.5555207 0.5527007 0.5470528 0.5389628 0.5299119 0.5210161 0.5129697 0.5061646 0.5007940 0.4969184 0.4945115 0.4934796 0.4932922 0.4928506 0.4894212 0.4894212 0.4648487 0.4370643 0.4001613 0.3955607 0.3955607 0.4054894 0.4054894 0.4173814 0.4173814 0.4196544 0.4204490 0.4204490 0.4281412 0.4281412 0.4529288 0.4529288 0.4529288 0.4583373 0.4583373 0.4553585 0.4553585 0.4484503 0.4484503 0.4407658 0.4407658 0.4340150 0.4340150 0.4340150
0.6054835 0.6054835 0.5912910 0.5810754 0.5773897 0.5773897 0.5742019 0.5688507 0.5688507 0.5644069 0.5644069 0.5605522 0.5587887 0.5571152 0.5555211 0.5555211 0.5484915 0.5403929 0.5303009 0.5195701 0.5091715 0.4997295 0.4916198 0.4850496 0.4801064 0.4767909 0.4750338 0.4744660 0.4742411 0.4723563 0.4723563 0.4570404 0.4379686 0.4225241 0.4288458 0.4288458 0.4445355 0.4445355 0.4453146 0.4453146 0.4411821 0.4310367 0.4310367 0.4271436 0.4271436 0.4416338 0.4416338 0.4416338 0.4485053 0.4485053 0.4485711 0.4485711 0.4442341 0.4442341 0.4384414 0.4384414 0.4331568 0.4331568 0.4331568
0.6054081 0.6054081 0.5912087 0.5810755 0.5773953 0.5773953 0.5742064 0.5688512 0.5688512 0.5644063 0.5644063 0.5605521 0.5587887 0.5571153 0.5555211 0.5555211 0.5432520 0.5322805 0.5199583 0.5074958 0.4956692 0.4849733 0.4757184 0.4680898 0.4621809 0.4580138 0.4555473 0.4545373 0.4543836 0.4538191 0.4538191 0.4461405 0.4386403 0.4562335 0.4717489 0.4717489 0.4808245 0.4808245 0.4675788 0.4675788 0.4583655 0.4406645 0.4406645 0.4288386 0.4288386 0.4322948 0.4322948 0.4322948 0.4383149 0.4383149 0.4405475 0.4405475 0.4389420 0.4389420 0.4355190 0.4355190 0.4321479 0.4321479 0.4321479
0.6054835 0.6054835 0.5912909 0.5810753 0.5773896 0.5773896 0.5742019 0.5688507 0.5688507 0.5644068 0.5644068 0.5605523 0.5587888 0.5571152 0.5555211 0.5555211 0.5364652 0.5222254 0.5074798 0.4932517 0.4800872 0.4683071 0.4581117 0.4496264 0.4429235 0.4380291 0.4349245 0.4334629 0.4333019 0.4341632 0.4341632 0.4349045 0.4457745 0.5027186 0.5173273 0.5173273 0.5085956 0.5085956 0.4841685 0.4841685 0.4717795 0.4492837 0.4492837 0.4321411 0.4321411 0.4255653 0.4255653 0.4255653 0.4289183 0.4289183 0.4320122 0.4320122 0.4328476 0.4328476 0.4320647 0.4320647 0.4309866 0.4309866 0.4309866
0.6057105 0.6057105 0.5915390 0.5810741 0.5773734 0.5773734 0.5741891 0.5688493 0.5688493 0.5644082 0.5644082 0.5605528 0.5587888 0.5571150 0.5555206 0.5555206 0.5273806 0.5095046 0.4922131 0.4762496 0.4618907 0.4492472 0.4383721 0.4292975 0.4220451 0.4166248 0.4130270 0.4111831 0.4111069 0.4144821 0.4144821 0.4292890 0.4704159 0.5529366 0.5540052 0.5540052 0.5272900 0.5272900 0.4965570 0.4965570 0.4824204 0.4568699 0.4568699 0.4361263 0.4361263 0.4213194 0.4213194 0.4213194 0.4210726 0.4210726 0.4237605 0.4237605 0.4264112 0.4264112 0.4282673 0.4282673 0.4297124 0.4297124 0.4297124
0.6060927 0.6060927 0.5919572 0.5810695 0.5773485 0.5773485 0.5741704 0.5688475 0.5688475 0.5644103 0.5644103 0.5605535 0.5587890 0.5571145 0.5555199 0.5555199 0.5148602 0.4930375 0.4732056 0.4556699 0.4403734 0.4271807 0.4159683 0.4066490 0.3991711 0.3935075 0.3896427 0.3875937 0.3881659 0.3982867 0.3982867 0.4421397 0.5218809 0.5909033 0.5764564 0.5764564 0.5396920 0.5396920 0.5059891 0.5059891 0.4909159 0.4632974 0.4632974 0.4401011 0.4401011 0.4190218 0.4190218 0.4190218 0.4150790 0.4150790 0.4164824 0.4164824 0.4202081 0.4202081 0.4244386 0.4244386 0.4284188 0.4284188 0.4284188
