cruce_test.gid/Rasters/Hydraulic/Depth____000155.asc
NCOLS        79
NROWS        79
XLLCENTER         -1.500000
YLLCENTER         -4.800000
CELLSIZE           0.100
NODATA_VALUE     -9999.0
[rows 0 to 25 of 79, columns 0 to 58 of 79]
-9999.000 -9999.000 -9999.000 -9999.000 -9999.000 -9999.000 -9999.000 -9999.000 -9999.000 -9999.000 -9999.000 -9999.000 -9999.000 -9999.000 -9999.000 0.5986319 0.5988536 0.5988131 0.5987098 0.5985559 0.5983626 0.5981491 0.5979218 0.5976918 0.5974682 0.5972556 0.5970474 0.5968116 0.5964447 0.5963914 0.5963914 -9999.000 -9999.000 -9999.000 -9999.000 -9999.000 -9999.000 -9999.000 -9999.000 -9999.000 -9999.000 -9999.000 -9999.000 -9999.000 -9999.000 -9999.000 -9999.000 -9999.000 -9999.000 -9999.000 -9999.000 -9999.000 -9999.000 -9999.000 -9999.000 -9999.000 -9999.000 -9999.000 -9999.000
-9999.000 -9999.000 -9999.000 -9999.000 -9999.000 -9999.000 -9999.000 -9999.000 -9999.000 -9999.000 -9999.000 -9999.000 -9999.000 -9999.000 -9999.000 0.6003963 0.6006215 0.6005852 0.6004988 0.6003726 0.6002159 0.6000448 0.5998641 0.5996829 0.5995090 0.5993460 0.5991882 0.5990070 0.5987090 0.5987245 0.5987245 -9999.000 -9999.000 -9999.000 -9999.000 -9999.000 -9999.000 -9999.000 -9999.000 -9999.000 -9999.000 -9999.000 -9999.000 -9999.000 -9999.000 -9999.000 -9999.000 -9999.000 -9999.000 -9999.000 -9999.000 -9999.000 -9999.000 -9999.000 -9999.000 -9999.000 -9999.000 -9999.000 -9999.000
-9999.000 -9999.000 -9999.000 -9999.000 -9999.000 -9999.000 -9999.000 -9999.000 -9999.000 -9999.000 -9999.000 -9999.000 -9999.000 -9999.000 -9999.000 0.6023408 0.6025907 0.6025597 0.6024793 0.6023600 0.6022112 0.6020494 0.6018791 0.6017091 0.6015465 0.6013942 0.6012448 0.6010671 0.6007611 0.6007716 0.6007716 -9999.000 -9999.000 -9999.000 -9999.000 -9999.000 -9999.000 -9999.000 -9999.000 -9999.000 -9999.000 -9999.000 -9999.000 -9999.000 -9999.000 -9999.000 -9999.000 -9999.000 -9999.000 -9999.000 -9999.000 -9999.000 -9999.000 -9999.000 -9999.000 -9999.000 -9999.000 -9999.000 -9999.000
-9999.000 -9999.000 -9999.000 -9999.000 -9999.000 -9999.000 -9999.000 -9999.000 -9999.000 -9999.000 -9999.000 -9999.000 -9999.000 -9999.000 -9999.000 0.6043268 0.6045915 0.6045625 0.6044842 0.6043669 0.6042201 0.6040608 0.6038935 0.6037266 0.6035672 0.6034179 0.6032700 0.6030898 0.6027702 0.6027600 0.6027600 -9999.000 -9999.000 -9999.000 -9999.000 -9999.000 -9999.000 -9999.000 -9999.000 -9999.000 -9999.000 -9999.000 -9999.000 -9999.000 -9999.000 -9999.000 -9999.000 -9999.000 -9999.000 -9999.000 -9999.000 -9999.000 -9999.000 -9999.000 -9999.000 -9999.000 -9999.000 -9999.000 -9999.000
-9999.000 -9999.000 -9999.000 -9999.000 -9999.000 -9999.000 -9999.000 -9999.000 -9999.000 -9999.000 -9999.000 -9999.000 -9999.000 -9999.000 -9999.000 0.6063325 0.6066067 0.6065780 0.6064996 0.6063815 0.6062334 0.6060731 0.6059047 0.6057369 0.6055768 0.6054265 0.6052765 0.6050903 0.6047521 0.6047075 0.6047075 -9999.000 -9999.000 -9999.000 -9999.000 -9999.000 -9999.000 -9999.000 -9999.000 -9999.000 -9999.000 -9999.000 -9999.000 -9999.000 -9999.000 -9999.000 -9999.000 -9999.000 -9999.000 -9999.000 -9999.000 -9999.000 -9999.000 -9999.000 -9999.000 -9999.000 -9999.000 -9999.000 -9999.000
-9999.000 -9999.000 -9999.000 -9999.000 -9999.000 -9999.000 -9999.000 -9999.000 -9999.000 -9999.000 -9999.000 -9999.000 -9999.000 -9999.000 -9999.000 0.6083461 0.6086270 0.6085975 0.6085178 0.6083974 0.6082462 0.6080830 0.6079113 0.6077404 0.6075774 0.6074241 0.6072698 0.6070750 0.6067135 0.6066207 0.6066207 -9999.000 -9999.000 -9999.000 -9999.000 -9999.000 -9999.000 -9999.000 -9999.000 -9999.000 -9999.000 -9999.000 -9999.000 -9999.000 -9999.000 -9999.000 -9999.000 -9999.000 -9999.000 -9999.000 -9999.000 -9999.000 -9999.000 -9999.000 -9999.000 -9999.000 -9999.000 -9999.000 -9999.000
-9999.000 -9999.000 -9999.000 -9999.000 -9999.000 -9999.000 -9999.000 -9999.000 -9999.000 -9999.000 -9999.000 -9999.000 -9999.000 -9999.000 -9999.000 0.6103614 0.6106473 0.6106163 0.6105345 0.6104110 0.6102556 0.6100881 0.6099120 0.6097366 0.6095693 0.6094117 0.6092516 0.6090458 0.6086561 0.6084986 0.6084986 -9999.000 -9999.000 -9999.000 -9999.000 -9999.000 -9999.000 -9999.000 -9999.000 -9999.000 -9999.000 -9999.000 -9999.000 -9999.000 -9999.000 -9999.000 -9999.000 -9999.000 -9999.000 -9999.000 -9999.000 -9999.000 -9999.000 -9999.000 -9999.000 -9999.000 -9999.000 -9999.000 -9999.000
-9999.000 -9999.000 -9999.000 -9999.000 -9999.000 -9999.000 -9999.000 -9999.000 -9999.000 -9999.000 -9999.000 -9999.000 -9999.000 -9999.000 -9999.000 0.6123744 0.6126646 0.6126314 0.6125471 0.6124197 0.6122592 0.6120867 0.6119052 0.6117244 0.6115518 0.6113888 0.6112217 0.6110028 0.6105791 0.6103360 0.6103360 -9999.000 -9999.000 -9999.000 -9999.000 -9999.000 -9999.000 -9999.000 -9999.000 -9999.000 -9999.000 -9999.000 -9999.000 -9999.000 -9999.000 -9999.000 -9999.000 -9999.000 -9999.000 -9999.000 -9999.000 -9999.000 -9999.000 -9999.000 -9999.000 -9999.000 -9999.000 -9999.000 -9999.000
-9999.000 -9999.000 -9999.000 -9999.000 -9999.000 -9999.000 -9999.000 -9999.000 -9999.000 -9999.000 -9999.000 -9999.000 -9999.000 -9999.000 -9999.000 0.6143824 0.6146765 0.6146407 0.6145533 0.6144215 0.6142552 0.6140769 0.6138892 0.6137022 0.6135235 0.6133543 0.6131789 0.6129444 0.6124800 0.6121230 0.6121230 -9999.000 -9999.000 -9999.000 -9999.000 -9999.000 -9999.000 -9999.000 -9999.000 -9999.000 -9999.000 -9999.000 -9999.000 -9999.000 -9999.000 -9999.000 -9999.000 -9999.000 -9999.000 -9999.000 -9999.000 -9999.000 -9999.000 -9999.000 -9999.000 -9999.000 -9999.000 -9999.000 -9999.000
-9999.000 -9999.000 -9999.000 -9999.000 -9999.000 -9999.000 -9999.000 -9999.000 -9999.000 -9999.000 -9999.000 -9999.000 -9999.000 -9999.000 -9999.000 0.6163831 0.6166811 0.6166421 0.6165512 0.6164142 0.6162415 0.6160567 0.6158621 0.6156679 0.6154826 0.6153063 0.6151212 0.6148680 0.6143547 0.6138448 0.6138448 -9999.000 -9999.000 -9999.000 -9999.000 -9999.000 -9999.000 -9999.000 -9999.000 -9999.000 -9999.000 -9999.000 -9999.000 -9999.000 -9999.000 -9999.000 -9999.000 -9999.000 -9999.000 -9999.000 -9999.000 -9999.000 -9999.000 -9999.000 -9999.000 -9999.000 -9999.000 -9999.000 -9999.000
-9999.000 -9999.000 -9999.000 -9999.000 -9999.000 -9999.000 -9999.000 -9999.000 -9999.000 -9999.000 -9999.000 -9999.000 -9999.000 -9999.000 -9999.000 0.6183740 0.6186764 0.6186334 0.6185383 0.6183955 0.6182154 0.6180235 0.6178211 0.6176191 0.6174262 0.6172419 0.6170456 0.6167702 0.6161973 0.6154789 0.6154789 -9999.000 -9999.000 -9999.000 -9999.000 -9999.000 -9999.000 -9999.000 -9999.000 -9999.000 -9999.000 -9999.000 -9999.000 -9999.000 -9999.000 -9999.000 -9999.000 -9999.000 -9999.000 -9999.000 -9999.000 -9999.000 -9999.000 -9999.000 -9999.000 -9999.000 -9999.000 -9999.000 -9999.000
-9999.000 -9999.000 -9999.000 -9999.000 -9999.000 -9999.000 -9999.000 -9999.000 -9999.000 -9999.000 -9999.000 -9999.000 -9999.000 -9999.000 -9999.000 0.6203521 0.6206599 0.6206124 0.6205122 0.6203625 0.6201742 0.6199740 0.6197630 0.6195521 0.6193506 0.6191573 0.6189479 0.6186455 0.6179995 0.6169911 0.6169911 -9999.000 -9999.000 -9999.000 -9999.000 -9999.000 -9999.000 -9999.000 -9999.000 -9999.000 -9999.000 -9999.000 -9999.000 -9999.000 -9999.000 -9999.000 -9999.000 -9999.000 -9999.000 -9999.000 -9999.000 -9999.000 -9999.000 -9999.000 -9999.000 -9999.000 -9999.000 -9999.000 -9999.000
-9999.000 -9999.000 -9999.000 -9999.000 -9999.000 -9999.000 -9999.000 -9999.000 -9999.000 -9999.000 -9999.000 -9999.000 -9999.000 -9999.000 -9999.000 0.6223132 0.6226284 0.6225756 0.6224694 0.6223115 0.6221135 0.6219040 0.6216829 0.6214620 0.6212509 0.6210470 0.6208217 0.6204861 0.6197490 0.6183270 0.6183270 -9999.000 -9999.000 -9999.000 -9999.000 -9999.000 -9999.000 -9999.000 -9999.000 -9999.000 -9999.000 -9999.000 -9999.000 -9999.000 -9999.000 -9999.000 -9999.000 -9999.000 -9999.000 -9999.000 -9999.000 -9999.000 -9999.000 -9999.000 -9999.000 -9999.000 -9999.000 -9999.000 -9999.000
-9999.000 -9999.000 -9999.000 -9999.000 -9999.000 -9999.000 -9999.000 -9999.000 -9999.000 -9999.000 -9999.000 -9999.000 -9999.000 -9999.000 -9999.000 0.6242412 0.6245711 0.6245146 0.6244035 0.6242377 0.6240292 0.6238092 0.6235765 0.6233435 0.6231204 0.6229033 0.6226578 0.6222796 0.6214266 0.6193992 0.6193992 -9999.000 -9999.000 -9999.000 -9999.000 -9999.000 -9999.000 -9999.000 -9999.000 -9999.000 -9999.000 -9999.000 -9999.000 -9999.000 -9999.000 -9999.000 -9999.000 -9999.000 -9999.000 -9999.000 -9999.000 -9999.000 -9999.000 -9999.000 -9999.000 -9999.000 -9999.000 -9999.000 -9999.000
-9999.000 -9999.000 -9999.000 -9999.000 -9999.000 -9999.000 -9999.000 -9999.000 -9999.000 -9999.000 -9999.000 -9999.000 -9999.000 -9999.000 -9999.000 0.6243983 0.6258356 0.6261966 0.6263790 0.6264011 0.6262922 0.6261070 0.6258615 0.6255853 0.6253037 0.6250213 0.6246999 0.6242046 0.6230848 0.6195103 0.6195103 -9999.000 -9999.000 -9999.000 -9999.000 -9999.000 -9999.000 -9999.000 -9999.000 -9999.000 -9999.000 -9999.000 -9999.000 -9999.000 -9999.000 -9999.000 -9999.000 -9999.000 -9999.000 -9999.000 -9999.000 -9999.000 -9999.000 -9999.000 -9999.000 -9999.000 -9999.000 -9999.000 -9999.000
0.6910608 0.6910608 0.6766746 0.6613603 0.6575269 0.6575269 0.6543037 0.6488971 0.6488971 0.6443571 0.6443571 0.6404009 0.6385906 0.6368727 0.6352361 0.6352361 0.6293759 0.6291581 0.6292574 0.6297309 0.6305942 0.6320838 0.6338431 0.6357949 0.6378459 0.6397437 0.6408863 0.6397978 0.6325642 0.6043701 0.6043701 0.4184320 0.3884189 0.3722848 0.3668512 0.3668512 0.3588599 0.3588599 0.3641670 0.3641670 0.3756476 0.4226596 0.4226596 0.5134138 0.5134138 0.5428489 0.5428489 0.5428489 0.5399205 0.5399205 0.5301831 0.5301831 0.5181724 0.5181724 0.5060059 0.5060059 0.4949851 0.4949851 0.4949851
0.6892053 0.6892053 0.6742491 0.6604198 0.6565860 0.6565860 0.6533638 0.6479667 0.6479667 0.6434418 0.6434418 0.6395007 0.6376977 0.6359868 0.6343572 0.6343572 0.6291112 0.6268148 0.6241118 0.6214104 0.6190715 0.6174360 0.6165413 0.6164310 0.6170954 0.6184143 0.6200867 0.6216685 0.6204412 0.6074336 0.6074336 0.4802829 0.4330091 0.3879840 0.3758017 0.3758017 0.3628749 0.3628749 0.3671198 0.3671198 0.3777153 0.4182427 0.4182427 0.4948200 0.4948200 0.5420280 0.5420280 0.5420280 0.5401692 0.5401692 0.5305555 0.5305555 0.5185288 0.5185288 0.5063875 0.5063875 0.4954006 0.4954006 0.4954006
0.6881619 0.6881619 0.6732054 0.6604296 0.6565893 0.6565893 0.6533532 0.6479381 0.6479381 0.6434062 0.6434062 0.6394608 0.6376557 0.6359426 0.6343106 0.6343106 0.6289154 0.6247513 0.6197155 0.6145300 0.6097416 0.6057549 0.6027176 0.6007019 0.5997279 0.5997347 0.6005156 0.6016647 0.6013280 0.5933619 0.5933619 0.5107634 0.4616757 0.4040318 0.3872748 0.3872748 0.3714862 0.3714862 0.3787739 0.3787739 0.3906393 0.4264073 0.4264073 0.4839492 0.4839492 0.5371930 0.5371930 0.5371930 0.5385632 0.5385632 0.5300015 0.5300015 0.5182854 0.5182854 0.5063065 0.5063065 0.4954372 0.4954372 0.4954372
0.6873221 0.6873221 0.6723773 0.6604496 0.6566169 0.6566169 0.6533691 0.6479377 0.6479377 0.6434035 0.6434035 0.6394597 0.6376552 0.6359425 0.6343107 0.6343107 0.6282125 0.6221956 0.6149232 0.6074248 0.6004077 0.5943348 0.5894200 0.5857491 0.5833367 0.5821289 0.5819624 0.5825092 0.5824165 0.5771025 0.5771025 0.5240061 0.4800093 0.4199674 0.4017645 0.4017645 0.3879978 0.3879978 0.4009606 0.4009606 0.4134797 0.4412390 0.4412390 0.4778705 0.4778705 0.5272862 0.5272862 0.5272862 0.5331615 0.5331615 0.5271486 0.5271486 0.5166206 0.5166206 0.5052754 0.5052754 0.4948755 0.4948755 0.4948755
0.6866776 0.6866776 0.6717443 0.6604635 0.6566450 0.6566450 0.6533871 0.6479382 0.6479382 0.6434014 0.6434014 0.6394593 0.6376554 0.6359432 0.6343117 0.6343117 0.6267951 0.6188223 0.6093286 0.5995901 0.5904281 0.5823511 0.5756236 0.5703602 0.5665830 0.5642418 0.5631937 0.5631583 0.5631397 0.5597778 0.5597778 0.5255774 0.4892318 0.4342707 0.4187728 0.4187728 0.4142754 0.4142754 0.4327344 0.4327344 0.4431036 0.4586156 0.4586156 0.4758685 0.4758685 0.5142000 0.5142000 0.5142000 0.5240098 0.5240098 0.5217099 0.5217099 0.5134187 0.5134187 0.5033861 0.5033861 0.4939183 0.4939183 0.4939183
0.6862224 0.6862224 0.6712977 0.6604716 0.6566685 0.6566685 0.6534030 0.6479389 0.6479389 0.6433996 0.6433996 0.6394589 0.6376556 0.6359438 0.6343125 0.6343125 0.6244578 0.6143292 0.6025969 0.5906928 0.5794875 0.5695029 0.5610286 0.5542038 0.5490695 0.5455921 0.5436535 0.5430174 0.5429493 0.5410313 0.5410313 0.5193670 0.4913629 0.4483824 0.4407216 0.4407216 0.4511799 0.4511799 0.4692687 0.4692687 0.4738955 0.4752101 0.4752101 0.4770211 0.4770211 0.5008807 0.5008807 0.5008807 0.5123401 0.5123401 0.5138353 0.5138353 0.5085817 0.5085817 0.5005915 0.5005915 0.4925989 0.4925989 0.4925989
0.6859514 0.6859514 0.6710318 0.6604755 0.6566842 0.6566842 0.6534140 0.6479396 0.6479396 0.6433985 0.6433985 0.6394585 0.6376557 0.6359441 0.6343129 0.6343129 0.6209391 0.6083695 0.5943460 0.5803487 0.5672278 0.5554778 0.5453793 0.5370786 0.5306309 0.5260224 0.5231658 0.5218736 0.5216168 0.5207284 0.5207284 0.5077450 0.4885298 0.4667962 0.4724529 0.4724529 0.4958184 0.4958184 0.5037106 0.5037106 0.5007416 0.4894787 0.4894787 0.4803283 0.4803283 0.4896066 0.4896066 0.4896066 0.4998634 0.4998634 0.5041124 0.5041124 0.5021623 0.5021623 0.4968342 0.4968342 0.4908891 0.4908891 0.4908891
0.6858614 0.6858614 0.6709434 0.6604766 0.6566896 0.6566896 0.6534178 0.6479398 0.6479398 0.6433981 0.6433981 0.6394585 0.6376557 0.6359442 0.6343130 0.6343130 0.6158765 0.6005125 0.5841137 0.5680944 0.5532110 0.5398840 0.5283493 0.5187330 0.5110890 0.5054160 0.5016554 0.4996703 0.4991055 0.4989609 0.4989609 0.4925563 0.4837166 0.4967436 0.5174583 0.5174583 0.5401324 0.5401324 0.5311103 0.5311103 0.5215719 0.5013983 0.5013983 0.4849613 0.4849613 0.4814264 0.4814264 0.4814264 0.4881609 0.4881609 0.4934530 0.4934530 0.4944431 0.4944431 0.4921423 0.4921423 0.4887688 0.4887688 0.4887688
0.6859514 0.6859514 0.6710318 0.6604754 0.6566842 0.6566842 0.6534139 0.6479396 0.6479396 0.6433985 0.6433985 0.6394586 0.6376558 0.6359442 0.6343129 0.6343129 0.6087460 0.5901840 0.5713136 0.5533566 0.5368994 0.5222372 0.5095222 0.4988304 0.4901922 0.4836046 0.4790283 0.4763728 0.4754564 0.4760572 0.4760572 0.4761273 0.4826896 0.5439364 0.5712503 0.5712503 0.5752468 0.5752468 0.5507886 0.5507886 0.5370999 0.5114510 0.5114510 0.4902231 0.4902231 0.4763259 0.4763259 0.4763259 0.4782907 0.4782907 0.4828765 0.4828765 0.4859461 0.4859461 0.4866906 0.4866906 0.4862701 0.4862701 0.4862701
0.6862224 0.6862224 0.6712976 0.6604716 0.6566685 0.6566685 0.6534029 0.6479390 0.6479390 0.6433997 0.6433997 0.6394588 0.6376556 0.6359438 0.6343125 0.6343125 0.5987627 0.5765767 0.5551634 0.5354025 0.5176233 0.5019397 0.4883793 0.4769374 0.4675974 0.4603372 0.4551229 0.4519067 0.4507549 0.4528783 0.4528783 0.4632459 0.4967500 0.6033697 0.6197414 0.6197414 0.5981880 0.5981880 0.5646972 0.5646972 0.5488877 0.5199898 0.5199898 0.4955338 0.4955338 0.4737070 0.4737070 0.4737070 0.4706957 0.4706957 0.4732797 0.4732797 0.4773626 0.4773626 0.4808295 0.4808295 0.4835156 0.4835156 0.4835156
0.6866777 0.6866777 0.6717442 0.6604635 0.6566449 0.6566449 0.6533870 0.6479383 0.6479383 0.6434015 0.6434015 0.6394594 0.6376554 0.6359432 0.6343117 0.6343117 0.5846979 0.5584957 0.5345670 0.5132533 0.4945216 0.4782408 0.4642731 0.4525054 0.4428535 0.4352599 0.4296825 0.4261290 0.4252580 0.4321491 0.4321491 0.4654262 0.5406555 0.6557765 0.6503999 0.6503999 0.6120975 0.6120975 0.5748307 0.5748307 0.5580525 0.5271006 0.5271006 0.5004297 0.5004297 0.4727971 0.4727971 0.4727971 0.4653246 0.4653246 0.4652798 0.4652798 0.4694254 0.4694254 0.4750540 0.4750540 0.4807257 0.4807257 0.4807257
