cruce_test.gid/Rasters/Hydraulic/Depth____000199.asc
NCOLS        79
NROWS        79
XLLCENTER         -1.500000
YLLCENTER         -4.800000
CELLSIZE           0.100
NODATA_VALUE     -9999.0
[rows 0 to 25 of 79, columns 0 to 58 of 79]
-9999.000 -9999.000 -9999.000 -9999.000 -9999.000 -9999.000 -9999.000 -9999.000 -9999.000 -9999.000 -9999.000 -9999.000 -9999.000 -9999.000 -9999.000 0.7672300 0.7678071 0.7681885 0.7684012 0.7683488 0.7680883 0.7677449 0.7673773 0.7670098 0.7666734 0.7663713 0.7660994 0.7658383 0.7654893 0.7654716 0.7654716 -9999.000 -9999.000 -9999.000 -9999.000 -9999.000 -9999.000 -9999.000 -9999.000 -9999.000 -9999.000 -9999.000 -9999.000 -9999.000 -9999.000 -9999.000 -9999.000 -9999.000 -9999.000 -9999.000 -9999.000 -9999.000 -9999.000 -9999.000 -9999.000 -9999.000 -9999.000 -9999.000 -9999.000
-9999.000 -9999.000 -9999.000 -9999.000 -9999.000 -9999.000 -9999.000 -9999.000 -9999.000 -9999.000 -9999.000 -9999.000 -9999.000 -9999.000 -9999.000 0.7690900 0.7695916 0.7699000 0.7700709 0.7700263 0.7698158 0.7695448 0.7692608 0.7689812 0.7687305 0.7685087 0.7683110 0.7681189 0.7678446 0.7679133 0.7679133 -9999.000 -9999.000 -9999.000 -9999.000 -9999.000 -9999.000 -9999.000 -9999.000 -9999.000 -9999.000 -9999.000 -9999.000 -9999.000 -9999.000 -9999.000 -9999.000 -9999.000 -9999.000 -9999.000 -9999.000 -9999.000 -9999.000 -9999.000 -9999.000 -9999.000 -9999.000 -9999.000 -9999.000
-9999.000 -9999.000 -9999.000 -9999.000 -9999.000 -9999.000 -9999.000 -9999.000 -9999.000 -9999.000 -9999.000 -9999.000 -9999.000 -9999.000 -9999.000 0.7709981 0.7715416 0.7718664 0.7720509 0.7720150 0.7718092 0.7715427 0.7712642 0.7709913 0.7707485 0.7705348 0.7703439 0.7701555 0.7698770 0.7699419 0.7699419 -9999.000 -9999.000 -9999.000 -9999.000 -9999.000 -9999.000 -9999.000 -9999.000 -9999.000 -9999.000 -9999.000 -9999.000 -9999.000 -9999.000 -9999.000 -9999.000 -9999.000 -9999.000 -9999.000 -9999.000 -9999.000 -9999.000 -9999.000 -9999.000 -9999.000 -9999.000 -9999.000 -9999.000
-9999.000 -9999.000 -9999.000 -9999.000 -9999.000 -9999.000 -9999.000 -9999.000 -9999.000 -9999.000 -9999.000 -9999.000 -9999.000 -9999.000 -9999.000 0.7729528 0.7735260 0.7738616 0.7740539 0.7740207 0.7738128 0.7735437 0.7732632 0.7729887 0.7727454 0.7725315 0.7723399 0.7721493 0.7718611 0.7719058 0.7719058 -9999.000 -9999.000 -9999.000 -9999.000 -9999.000 -9999.000 -9999.000 -9999.000 -9999.000 -9999.000 -9999.000 -9999.000 -9999.000 -9999.000 -9999.000 -9999.000 -9999.000 -9999.000 -9999.000 -9999.000 -9999.000 -9999.000 -9999.000 -9999.000 -9999.000 -9999.000 -9999.000 -9999.000
-9999.000 -9999.000 -9999.000 -9999.000 -9999.000 -9999.000 -9999.000 -9999.000 -9999.000 -9999.000 -9999.000 -9999.000 -9999.000 -9999.000 -9999.000 0.7749228 0.7755218 0.7758662 0.7760638 0.7760304 0.7758170 0.7755420 0.7752560 0.7749763 0.7747290 0.7745115 0.7743161 0.7741202 0.7738184 0.7738304 0.7738304 -9999.000 -9999.000 -9999.000 -9999.000 -9999.000 -9999.000 -9999.000 -9999.000 -9999.000 -9999.000 -9999.000 -9999.000 -9999.000 -9999.000 -9999.000 -9999.000 -9999.000 -9999.000 -9999.000 -9999.000 -9999.000 -9999.000 -9999.000 -9999.000 -9999.000 -9999.000 -9999.000 -9999.000
-9999.000 -9999.000 -9999.000 -9999.000 -9999.000 -9999.000 -9999.000 -9999.000 -9999.000 -9999.000 -9999.000 -9999.000 -9999.000 -9999.000 -9999.000 0.7768955 0.7775192 0.7778712 0.7780727 0.7780377 0.7778171 0.7775345 0.7772416 0.7769549 0.7767023 0.7764797 0.7762790 0.7760760 0.7757574 0.7757248 0.7757248 -9999.000 -9999.000 -9999.000 -9999.000 -9999.000 -9999.000 -9999.000 -9999.000 -9999.000 -9999.000 -9999.000 -9999.000 -9999.000 -9999.000 -9999.000 -9999.000 -9999.000 -9999.000 -9999.000 -9999.000 -9999.000 -9999.000 -9999.000 -9999.000 -9999.000 -9999.000 -9999.000 -9999.000
-9999.000 -9999.000 -9999.000 -9999.000 -9999.000 -9999.000 -9999.000 -9999.000 -9999.000 -9999.000 -9999.000 -9999.000 -9999.000 -9999.000 -9999.000 0.7788653 0.7795138 0.7798724 0.7800770 0.7800396 0.7798107 0.7795197 0.7792192 0.7789247 0.7786661 0.7784378 0.7782307 0.7780195 0.7776809 0.7775899 0.7775899 -9999.000 -9999.000 -9999.000 -9999.000 -9999.000 -9999.000 -9999.000 -9999.000 -9999.000 -9999.000 -9999.000 -9999.000 -9999.000 -9999.000 -9999.000 -9999.000 -9999.000 -9999.000 -9999.000 -9999.000 -9999.000 -9999.000 -9999.000 -9999.000 -9999.000 -9999.000 -9999.000 -9999.000
-9999.000 -9999.000 -9999.000 -9999.000 -9999.000 -9999.000 -9999.000 -9999.000 -9999.000 -9999.000 -9999.000 -9999.000 -9999.000 -9999.000 -9999.000 0.7808296 0.7815033 0.7818677 0.7820746 0.7820342 0.7817959 0.7814960 0.7811874 0.7808849 0.7806200 0.7803856 0.7801716 0.7799510 0.7795889 0.7794224 0.7794224 -9999.000 -9999.000 -9999.000 -9999.000 -9999.000 -9999.000 -9999.000 -9999.000 -9999.000 -9999.000 -9999.000 -9999.000 -9999.000 -9999.000 -9999.000 -9999.000 -9999.000 -9999.000 -9999.000 -9999.000 -9999.000 -9999.000 -9999.000 -9999.000 -9999.000 -9999.000 -9999.000 -9999.000
-9999.000 -9999.000 -9999.000 -9999.000 -9999.000 -9999.000 -9999.000 -9999.000 -9999.000 -9999.000 -9999.000 -9999.000 -9999.000 -9999.000 -9999.000 0.7827870 0.7834865 0.7838558 0.7840642 0.7840198 0.7837713 0.7834619 0.7831451 0.7828341 0.7825631 0.7823223 0.7821010 0.7818698 0.7814802 0.7812160 0.7812160 -9999.000 -9999.000 -9999.000 -9999.000 -9999.000 -9999.000 -9999.000 -9999.000 -9999.000 -9999.000 -9999.000 -9999.000 -9999.000 -9999.000 -9999.000 -9999.000 -9999.000 -9999.000 -9999.000 -9999.000 -9999.000 -9999.000 -9999.000 -9999.000 -9999.000 -9999.000 -9999.000 -9999.000
-9999.000 -9999.000 -9999.000 -9999.000 -9999.000 -9999.000 -9999.000 -9999.000 -9999.000 -9999.000 -9999.000 -9999.000 -9999.000 -9999.000 -9999.000 0.7847363 0.7854622 0.7858354 0.7860444 0.7859953 0.7857352 0.7854159 0.7850907 0.7847710 0.7844939 0.7842466 0.7840173 0.7837743 0.7833524 0.7829608 0.7829608 -9999.000 -9999.000 -9999.000 -9999.000 -9999.000 -9999.000 -9999.000 -9999.000 -9999.000 -9999.000 -9999.000 -9999.000 -9999.000 -9999.000 -9999.000 -9999.000 -9999.000 -9999.000 -9999.000 -9999.000 -9999.000 -9999.000 -9999.000 -9999.000 -9999.000 -9999.000 -9999.000 -9999.000
-9999.000 -9999.000 -9999.000 -9999.000 -9999.000 -9999.000 -9999.000 -9999.000 -9999.000 -9999.000 -9999.000 -9999.000 -9999.000 -9999.000 -9999.000 0.7866762 0.7874290 0.7878053 0.7880139 0.7879590 0.7876860 0.7873563 0.7870224 0.7866937 0.7864106 0.7861565 0.7859185 0.7856621 0.7852021 0.7846432 0.7846432 -9999.000 -9999.000 -9999.000 -9999.000 -9999.000 -9999.000 -9999.000 -9999.000 -9999.000 -9999.000 -9999.000 -9999.000 -9999.000 -9999.000 -9999.000 -9999.000 -9999.000 -9999.000 -9999.000 -9999.000 -9999.000 -9999.000 -9999.000 -9999.000 -9999.000 -9999.000 -9999.000 -9999.000
-9999.000 -9999.000 -9999.000 -9999.000 -9999.000 -9999.000 -9999.000 -9999.000 -9999.000 -9999.000 -9999.000 -9999.000 -9999.000 -9999.000 -9999.000 0.7886034 0.7893839 0.7897619 0.7899695 0.7899087 0.7896218 0.7892810 0.7889383 0.7886001 0.7883111 0.7880501 0.7878025 0.7875305 0.7870253 0.7862430 0.7862430 -9999.000 -9999.000 -9999.000 -9999.000 -9999.000 -9999.000 -9999.000 -9999.000 -9999.000 -9999.000 -9999.000 -9999.000 -9999.000 -9999.000 -9999.000 -9999.000 -9999.000 -9999.000 -9999.000 -9999.000 -9999.000 -9999.000 -9999.000 -9999.000 -9999.000 -9999.000 -9999.000 -9999.000
-9999.000 -9999.000 -9999.000 -9999.000 -9999.000 -9999.000 -9999.000 -9999.000 -9999.000 -9999.000 -9999.000 -9999.000 -9999.000 -9999.000 -9999.000 0.7904927 0.7913049 0.7916846 0.7918991 0.7918447 0.7915483 0.7911958 0.7908437 0.7904948 0.7901992 0.7899299 0.7896705 0.7893797 0.7888194 0.7877342 0.7877342 -9999.000 -9999.000 -9999.000 -9999.000 -9999.000 -9999.000 -9999.000 -9999.000 -9999.000 -9999.000 -9999.000 -9999.000 -9999.000 -9999.000 -9999.000 -9999.000 -9999.000 -9999.000 -9999.000 -9999.000 -9999.000 -9999.000 -9999.000 -9999.000 -9999.000 -9999.000 -9999.000 -9999.000
-9999.000 -9999.000 -9999.000 -9999.000 -9999.000 -9999.000 -9999.000 -9999.000 -9999.000 -9999.000 -9999.000 -9999.000 -9999.000 -9999.000 -9999.000 0.7917318 0.7926842 0.7931922 0.7936949 0.7938781 0.7936547 0.7932928 0.7929183 0.7925396 0.7922177 0.7919201 0.7916303 0.7913032 0.7906650 0.7891682 0.7891682 -9999.000 -9999.000 -9999.000 -9999.000 -9999.000 -9999.000 -9999.000 -9999.000 -9999.000 -9999.000 -9999.000 -9999.000 -9999.000 -9999.000 -9999.000 -9999.000 -9999.000 -9999.000 -9999.000 -9999.000 -9999.000 -9999.000 -9999.000 -9999.000 -9999.000 -9999.000 -9999.000 -9999.000
-9999.000 -9999.000 -9999.000 -9999.000 -9999.000 -9999.000 -9999.000 -9999.000 -9999.000 -9999.000 -9999.000 -9999.000 -9999.000 -9999.000 -9999.000 0.7737573 0.7860674 0.7929590 0.7985440 0.8012456 0.8009844 0.7996455 0.7983266 0.7970945 0.7960652 0.7951962 0.7944507 0.7937465 0.7927046 0.7898602 0.7898602 -9999.000 -9999.000 -9999.000 -9999.000 -9999.000 -9999.000 -9999.000 -9999.000 -9999.000 -9999.000 -9999.000 -9999.000 -9999.000 -9999.000 -9999.000 -9999.000 -9999.000 -9999.000 -9999.000 -9999.000 -9999.000 -9999.000 -9999.000 -9999.000 -9999.000 -9999.000 -9999.000 -9999.000
0.8954262 0.8954262 0.9034761 0.8776301 0.8727974 0.8727974 0.8690133 0.8628418 0.8628418 0.8578018 0.8578018 0.8535096 0.8515698 0.8497398 0.8479854 0.8479854 0.7995132 0.7979338 0.7967378 0.7952263 0.7950519 0.7968604 0.7991317 0.8016457 0.8049834 0.8082868 0.8111095 0.8126574 0.8091312 0.7845824 0.7845824 0.5713510 0.5293847 0.4997463 0.4894088 0.4894088 0.4712588 0.4712588 0.4631095 0.4631095 0.4670833 0.4997223 0.4997223 0.5704618 0.5704618 0.6892946 0.6892946 0.6892946 0.7040344 0.7040344 0.6992023 0.6992023 0.6855612 0.6855612 0.6691917 0.6691917 0.6529073 0.6529073 0.6529073
0.8919989 0.8919989 0.9019545 0.8765534 0.8716207 0.8716207 0.8678153 0.8616505 0.8616505 0.8566267 0.8566267 0.8523502 0.8504184 0.8485969 0.8468511 0.8468511 0.8061708 0.7987950 0.7930125 0.7877703 0.7835593 0.7807053 0.7788180 0.7778485 0.7780691 0.7792293 0.7810984 0.7833142 0.7843422 0.7782212 0.7782212 0.6412466 0.5821191 0.5204763 0.5019661 0.5019661 0.4771338 0.4771338 0.4683701 0.4683701 0.4724512 0.5026988 0.5026988 0.5627449 0.5627449 0.6736031 0.6736031 0.6736031 0.6992052 0.6992052 0.6980321 0.6980321 0.6856763 0.6856763 0.6697763 0.6697763 0.6537020 0.6537020 0.6537020
0.8902045 0.8902045 0.9023100 0.8766741 0.8716748 0.8716748 0.8678110 0.8616113 0.8616113 0.8565849 0.8565849 0.8523050 0.8503700 0.8485446 0.8467917 0.8467917 0.8114690 0.7996358 0.7895542 0.7805748 0.7728800 0.7667291 0.7619741 0.7585064 0.7564315 0.7556379 0.7559572 0.7571188 0.7580532 0.7544459 0.7544459 0.6717615 0.6132213 0.5388461 0.5149076 0.5149076 0.4853154 0.4853154 0.4801231 0.4801231 0.4877172 0.5213314 0.5213314 0.5707025 0.5707025 0.6607687 0.6607687 0.6607687 0.6905247 0.6905247 0.6938784 0.6938784 0.6838311 0.6838311 0.6689317 0.6689317 0.6533266 0.6533266 0.6533266
0.8888897 0.8888897 0.9020478 0.8768018 0.8717701 0.8717701 0.8678465 0.8616076 0.8616076 0.8565829 0.8565829 0.8523059 0.8503712 0.8485456 0.8467867 0.8467867 0.8153666 0.8000698 0.7860419 0.7733483 0.7622311 0.7529355 0.7454525 0.7396873 0.7356284 0.7331684 0.7321358 0.7322801 0.7328280 0.7307441 0.7307441 0.6803782 0.6306604 0.5554128 0.5293508 0.5293508 0.5000072 0.5000072 0.5034332 0.5034332 0.5158859 0.5503386 0.5503386 0.5847130 0.5847130 0.6472946 0.6472946 0.6472946 0.6767296 0.6767296 0.6849763 0.6849763 0.6787974 0.6787974 0.6660916 0.6660916 0.6517317 0.6517317 0.6517317
0.8880661 0.8880661 0.9014953 0.8768938 0.8718532 0.8718532 0.8678797 0.8616038 0.8616038 0.8565817 0.8565817 0.8523080 0.8503739 0.8485479 0.8467798 0.8467798 0.8174271 0.7993079 0.7817833 0.7656013 0.7511812 0.7388105 0.7285782 0.7204472 0.7143736 0.7102496 0.7079029 0.7070855 0.7072016 0.7061194 0.7061194 0.6755530 0.6365260 0.5680601 0.5438626 0.5438626 0.5235854 0.5235854 0.5405872 0.5405872 0.5563330 0.5837982 0.5837982 0.6001555 0.6001555 0.6348234 0.6348234 0.6348234 0.6599896 0.6599896 0.6719543 0.6719543 0.6705243 0.6705243 0.6611865 0.6611865 0.6489781 0.6489781 0.6489781
0.8877482 0.8877482 0.9006542 0.8769863 0.8719261 0.8719261 0.8679087 0.8616006 0.8616006 0.8565810 0.8565810 0.8523103 0.8503765 0.8485507 0.8467689 0.8467689 0.8173751 0.7967050 0.7760789 0.7567258 0.7392451 0.7239805 0.7110878 0.7005879 0.6924483 0.6865786 0.6828253 0.6809608 0.6805180 0.6800125 0.6800125 0.6618999 0.6332411 0.5773769 0.5600222 0.5600222 0.5598656 0.5598656 0.5895925 0.5895925 0.6032209 0.6153075 0.6153075 0.6143044 0.6143044 0.6250418 0.6250418 0.6250418 0.6431115 0.6431115 0.6563674 0.6563674 0.6593914 0.6593914 0.6541882 0.6541882 0.6450027 0.6450027 0.6450027
0.8882859 0.8882859 0.8992927 0.8770736 0.8719822 0.8719822 0.8679302 0.8615983 0.8615983 0.8565800 0.8565800 0.8523112 0.8503774 0.8485515 0.8467497 0.8467497 0.8149501 0.7916979 0.7682319 0.7460340 0.7258112 0.7079394 0.6926051 0.6798677 0.6697164 0.6620854 0.6568524 0.6538268 0.6526540 0.6523438 0.6523438 0.6421819 0.6230370 0.5866791 0.5832191 0.5832191 0.6114427 0.6114427 0.6425836 0.6425836 0.6475933 0.6410049 0.6410049 0.6263720 0.6263720 0.6186574 0.6186574 0.6186574 0.6282822 0.6282822 0.6400613 0.6400613 0.6462024 0.6462024 0.6452423 0.6452423 0.6397558 0.6397558 0.6397558
0.8883551 0.8883551 0.8989099 0.8771109 0.8720040 0.8720040 0.8679385 0.8615974 0.8615974 0.8565797 0.8565797 0.8523117 0.8503779 0.8485520 0.8467219 0.8467219 0.8097986 0.7836967 0.7575182 0.7327726 0.7101660 0.6900542 0.6726116 0.6579029 0.6459278 0.6366400 0.6299483 0.6257079 0.6236722 0.6232927 0.6232927 0.6184403 0.6085182 0.6032104 0.6220292 0.6220292 0.6737602 0.6737602 0.6886584 0.6886584 0.6826027 0.6604908 0.6604908 0.6366987 0.6366987 0.6155030 0.6155030 0.6155030 0.6166602 0.6166602 0.6247020 0.6247020 0.6320322 0.6320322 0.6347482 0.6347482 0.6333074 0.6333074 0.6333074
0.8882859 0.8882859 0.8992927 0.8770736 0.8719822 0.8719822 0.8679303 0.8615981 0.8615981 0.8565798 0.8565798 0.8523114 0.8503774 0.8485514 0.8466817 0.8466817 0.8013558 0.7719684 0.7431041 0.7160813 0.6914814 0.6695685 0.6504535 0.6341664 0.6206925 0.6099895 0.6019886 0.5965884 0.5936665 0.5932276 0.5932276 0.5928203 0.5941153 0.6383753 0.6821809 0.6821809 0.7333170 0.7333170 0.7218443 0.7218443 0.7070776 0.6751761 0.6751761 0.6457149 0.6457149 0.6148565 0.6148565 0.6148565 0.6084270 0.6084270 0.6114469 0.6114469 0.6180508 0.6180508 0.6233649 0.6233649 0.6259063 0.6259063 0.6259063
0.8877481 0.8877481 0.9006542 0.8769863 0.8719260 0.8719260 0.8679088 0.8616005 0.8616005 0.8565808 0.8565808 0.8523104 0.8503765 0.8485508 0.8466247 0.8466247 0.7887138 0.7555027 0.7239400 0.6949282 0.6687837 0.6455914 0.6253420 0.6079887 0.5934728 0.5817353 0.5727141 0.5663461 0.5627080 0.5629320 0.5629320 0.5690710 0.5892576 0.7005641 0.7556882 0.7556882 0.7764852 0.7764852 0.7430791 0.7430791 0.7236166 0.6866130 0.6866130 0.6536530 0.6536530 0.6158779 0.6158779 0.6158779 0.6031652 0.6031652 0.6008675 0.6008675 0.6053085 0.6053085 0.6119460 0.6119460 0.6180171 0.6180171 0.6180171
0.8880661 0.8880661 0.9014952 0.8768938 0.8718530 0.8718530 0.8678797 0.8616036 0.8616036 0.8565814 0.8565814 0.8523080 0.8503737 0.8485481 0.8465425 0.8465425 0.7703695 0.7327893 0.6985890 0.6679870 0.6408715 0.6170496 0.5963301 0.5785498 0.5635798 0.5513238 0.5417106 0.5347228 0.5309508 0.5348120 0.5348120 0.5565369 0.6118301 0.7803552 0.8195585 0.8195585 0.8006454 0.8006454 0.7564705 0.7564705 0.7351545 0.6956990 0.6956990 0.6604762 0.6604762 0.6177838 0.6177838 0.6177838 0.6001821 0.6001821 0.5930195 0.5930195 0.5945683 0.5945683 0.6013960 0.6013960 0.6102765 0.6102765 0.6102765
