cruce_test.gid/Rasters/Hydraulic/Depth____000319.asc
NCOLS        79
NROWS        79
XLLCENTER         -1.500000
YLLCENTER         -4.800000
CELLSIZE           0.100
NODATA_VALUE     -9999.0
[rows 0 to 25 of 79, columns 0 to 58 of 79]
-9999.000 -9999.000 -9999.000 -9999.000 -9999.000 -9999.000 -9999.000 -9999.000 -9999.000 -9999.000 -9999.000 -9999.000 -9999.000 -9999.000 -9999.000 0.6833925 0.6837831 0.6838215 0.6837021 0.6835059 0.6832674 0.6830024 0.6827348 0.6824698 0.6822154 0.6819775 0.6817517 0.6815041 0.6811274 0.6810805 0.6810805 -9999.000 -9999.000 -9999.000 -9999.000 -9999.000 -9999.000 -9999.000 -9999.000 -9999.000 -9999.000 -9999.000 -9999.000 -9999.000 -9999.000 -9999.000 -9999.000 -9999.000 -9999.000 -9999.000 -9999.000 -9999.000 -9999.000 -9999.000 -9999.000 -9999.000 -9999.000 -9999.000 -9999.000
-9999.000 -9999.000 -9999.000 -9999.000 -9999.000 -9999.000 -9999.000 -9999.000 -9999.000 -9999.000 -9999.000 -9999.000 -9999.000 -9999.000 -9999.000 0.6851525 0.6855251 0.6855558 0.6854576 0.6853003 0.6851124 0.6849059 0.6847003 0.6844988 0.6843075 0.6841309 0.6839647 0.6837784 0.6834761 0.6835113 0.6835113 -9999.000 -9999.000 -9999.000 -9999.000 -9999.000 -9999.000 -9999.000 -9999.000 -9999.000 -9999.000 -9999.000 -9999.000 -9999.000 -9999.000 -9999.000 -9999.000 -9999.000 -9999.000 -9999.000 -9999.000 -9999.000 -9999.000 -9999.000 -9999.000 -9999.000 -9999.000 -9999.000 -9999.000
-9999.000 -9999.000 -9999.000 -9999.000 -9999.000 -9999.000 -9999.000 -9999.000 -9999.000 -9999.000 -9999.000 -9999.000 -9999.000 -9999.000 -9999.000 0.6870692 0.6874726 0.6875108 0.6874183 0.6872671 0.6870865 0.6868886 0.6866931 0.6865026 0.6863222 0.6861559 0.6859980 0.6858152 0.6855057 0.6855367 0.6855367 -9999.000 -9999.000 -9999.000 -9999.000 -9999.000 -9999.000 -9999.000 -9999.000 -9999.000 -9999.000 -9999.000 -9999.000 -9999.000 -9999.000 -9999.000 -9999.000 -9999.000 -9999.000 -9999.000 -9999.000 -9999.000 -9999.000 -9999.000 -9999.000 -9999.000 -9999.000 -9999.000 -9999.000
-9999.000 -9999.000 -9999.000 -9999.000 -9999.000 -9999.000 -9999.000 -9999.000 -9999.000 -9999.000 -9999.000 -9999.000 -9999.000 -9999.000 -9999.000 0.6890359 0.6894575 0.6894985 0.6894063 0.6892551 0.6890748 0.6888772 0.6886830 0.6884938 0.6883151 0.6881502 0.6879927 0.6878069 0.6874838 0.6874930 0.6874930 -9999.000 -9999.000 -9999.000 -9999.000 -9999.000 -9999.000 -9999.000 -9999.000 -9999.000 -9999.000 -9999.000 -9999.000 -9999.000 -9999.000 -9999.000 -9999.000 -9999.000 -9999.000 -9999.000 -9999.000 -9999.000 -9999.000 -9999.000 -9999.000 -9999.000 -9999.000 -9999.000 -9999.000
-9999.000 -9999.000 -9999.000 -9999.000 -9999.000 -9999.000 -9999.000 -9999.000 -9999.000 -9999.000 -9999.000 -9999.000 -9999.000 -9999.000 -9999.000 0.6910235 0.6914577 0.6914992 0.6914046 0.6912501 0.6910663 0.6908651 0.6906680 0.6904759 0.6902943 0.6901268 0.6899658 0.6897730 0.6894313 0.6894041 0.6894041 -9999.000 -9999.000 -9999.000 -9999.000 -9999.000 -9999.000 -9999.000 -9999.000 -9999.000 -9999.000 -9999.000 -9999.000 -9999.000 -9999.000 -9999.000 -9999.000 -9999.000 -9999.000 -9999.000 -9999.000 -9999.000 -9999.000 -9999.000 -9999.000 -9999.000 -9999.000 -9999.000 -9999.000
-9999.000 -9999.000 -9999.000 -9999.000 -9999.000 -9999.000 -9999.000 -9999.000 -9999.000 -9999.000 -9999.000 -9999.000 -9999.000 -9999.000 -9999.000 0.6930185 0.6934625 0.6935030 0.6934043 0.6932451 0.6930560 0.6928492 0.6926472 0.6924499 0.6922634 0.6920910 0.6919245 0.6917221 0.6913567 0.6912787 0.6912787 -9999.000 -9999.000 -9999.000 -9999.000 -9999.000 -9999.000 -9999.000 -9999.000 -9999.000 -9999.000 -9999.000 -9999.000 -9999.000 -9999.000 -9999.000 -9999.000 -9999.000 -9999.000 -9999.000 -9999.000 -9999.000 -9999.000 -9999.000 -9999.000 -9999.000 -9999.000 -9999.000 -9999.000
-9999.000 -9999.000 -9999.000 -9999.000 -9999.000 -9999.000 -9999.000 -9999.000 -9999.000 -9999.000 -9999.000 -9999.000 -9999.000 -9999.000 -9999.000 0.6950142 0.6954666 0.6955049 0.6954012 0.6952363 0.6950411 0.6948275 0.6946196 0.6944160 0.6942233 0.6940449 0.6938714 0.6936572 0.6932632 0.6931173 0.6931173 -9999.000 -9999.000 -9999.000 -9999.000 -9999.000 -9999.000 -9999.000 -9999.000 -9999.000 -9999.000 -9999.000 -9999.000 -9999.000 -9999.000 -9999.000 -9999.000 -9999.000 -9999.000 -9999.000 -9999.000 -9999.000 -9999.000 -9999.000 -9999.000 -9999.000 -9999.000 -9999.000 -9999.000
-9999.000 -9999.000 -9999.000 -9999.000 -9999.000 -9999.000 -9999.000 -9999.000 -9999.000 -9999.000 -9999.000 -9999.000 -9999.000 -9999.000 -9999.000 0.6970071 0.6974670 0.6975021 0.6973925 0.6972214 0.6970196 0.6967985 0.6965842 0.6963735 0.6961737 0.6959886 0.6958070 0.6955788 0.6951504 0.6949149 0.6949149 -9999.000 -9999.000 -9999.000 -9999.000 -9999.000 -9999.000 -9999.000 -9999.000 -9999.000 -9999.000 -9999.000 -9999.000 -9999.000 -9999.000 -9999.000 -9999.000 -9999.000 -9999.000 -9999.000 -9999.000 -9999.000 -9999.000 -9999.000 -9999.000 -9999.000 -9999.000 -9999.000 -9999.000
-9999.000 -9999.000 -9999.000 -9999.000 -9999.000 -9999.000 -9999.000 -9999.000 -9999.000 -9999.000 -9999.000 -9999.000 -9999.000 -9999.000 -9999.000 0.6989949 0.6994618 0.6994927 0.6993765 0.6991986 0.6989897 0.6987606 0.6985396 0.6983212 0.6981138 0.6979212 0.6977304 0.6974858 0.6970161 0.6966617 0.6966617 -9999.000 -9999.000 -9999.000 -9999.000 -9999.000 -9999.000 -9999.000 -9999.000 -9999.000 -9999.000 -9999.000 -9999.000 -9999.000 -9999.000 -9999.000 -9999.000 -9999.000 -9999.000 -9999.000 -9999.000 -9999.000 -9999.000 -9999.000 -9999.000 -9999.000 -9999.000 -9999.000 -9999.000
-9999.000 -9999.000 -9999.000 -9999.000 -9999.000 -9999.000 -9999.000 -9999.000 -9999.000 -9999.000 -9999.000 -9999.000 -9999.000 -9999.000 -9999.000 0.7009753 0.7014492 0.7014747 0.7013509 0.7011659 0.7009495 0.7007121 0.7004842 0.7002575 0.7000419 0.6998410 0.6996399 0.6993758 0.6988565 0.6983430 0.6983430 -9999.000 -9999.000 -9999.000 -9999.000 -9999.000 -9999.000 -9999.000 -9999.000 -9999.000 -9999.000 -9999.000 -9999.000 -9999.000 -9999.000 -9999.000 -9999.000 -9999.000 -9999.000 -9999.000 -9999.000 -9999.000 -9999.000 -9999.000 -9999.000 -9999.000 -9999.000 -9999.000 -9999.000
-9999.000 -9999.000 -9999.000 -9999.000 -9999.000 -9999.000 -9999.000 -9999.000 -9999.000 -9999.000 -9999.000 -9999.000 -9999.000 -9999.000 -9999.000 0.7029461 0.7034270 0.7034460 0.7033137 0.7031209 0.7028968 0.7026504 0.7024156 0.7021800 0.7019556 0.7017456 0.7015326 0.7012454 0.7006660 0.6999365 0.6999365 -9999.000 -9999.000 -9999.000 -9999.000 -9999.000 -9999.000 -9999.000 -9999.000 -9999.000 -9999.000 -9999.000 -9999.000 -9999.000 -9999.000 -9999.000 -9999.000 -9999.000 -9999.000 -9999.000 -9999.000 -9999.000 -9999.000 -9999.000 -9999.000 -9999.000 -9999.000 -9999.000 -9999.000
-9999.000 -9999.000 -9999.000 -9999.000 -9999.000 -9999.000 -9999.000 -9999.000 -9999.000 -9999.000 -9999.000 -9999.000 -9999.000 -9999.000 -9999.000 0.7049041 0.7053928 0.7054039 0.7052620 0.7050609 0.7048285 0.7045726 0.7043304 0.7040853 0.7038512 0.7036313 0.7034046 0.7030894 0.7024364 0.7014084 0.7014084 -9999.000 -9999.000 -9999.000 -9999.000 -9999.000 -9999.000 -9999.000 -9999.000 -9999.000 -9999.000 -9999.000 -9999.000 -9999.000 -9999.000 -9999.000 -9999.000 -9999.000 -9999.000 -9999.000 -9999.000 -9999.000 -9999.000 -9999.000 -9999.000 -9999.000 -9999.000 -9999.000 -9999.000
-9999.000 -9999.000 -9999.000 -9999.000 -9999.000 -9999.000 -9999.000 -9999.000 -9999.000 -9999.000 -9999.000 -9999.000 -9999.000 -9999.000 -9999.000 0.7068449 0.7073429 0.7073447 0.7071918 0.7069816 0.7067403 0.7064740 0.7062244 0.7059686 0.7057238 0.7054927 0.7052496 0.7049000 0.7041557 0.7027056 0.7027056 -9999.000 -9999.000 -9999.000 -9999.000 -9999.000 -9999.000 -9999.000 -9999.000 -9999.000 -9999.000 -9999.000 -9999.000 -9999.000 -9999.000 -9999.000 -9999.000 -9999.000 -9999.000 -9999.000 -9999.000 -9999.000 -9999.000 -9999.000 -9999.000 -9999.000 -9999.000 -9999.000 -9999.000
-9999.000 -9999.000 -9999.000 -9999.000 -9999.000 -9999.000 -9999.000 -9999.000 -9999.000 -9999.000 -9999.000 -9999.000 -9999.000 -9999.000 -9999.000 0.7087331 0.7092548 0.7092555 0.7090976 0.7088809 0.7086315 0.7083543 0.7080965 0.7078279 0.7075700 0.7073246 0.7070609 0.7066674 0.7058076 0.7037465 0.7037465 -9999.000 -9999.000 -9999.000 -9999.000 -9999.000 -9999.000 -9999.000 -9999.000 -9999.000 -9999.000 -9999.000 -9999.000 -9999.000 -9999.000 -9999.000 -9999.000 -9999.000 -9999.000 -9999.000 -9999.000 -9999.000 -9999.000 -9999.000 -9999.000 -9999.000 -9999.000 -9999.000 -9999.000
-9999.000 -9999.000 -9999.000 -9999.000 -9999.000 -9999.000 -9999.000 -9999.000 -9999.000 -9999.000 -9999.000 -9999.000 -9999.000 -9999.000 -9999.000 0.7050865 0.7095878 0.7115811 0.7121359 0.7118770 0.7115316 0.7111202 0.7107179 0.7102973 0.7098941 0.7095154 0.7091234 0.7085710 0.7074112 0.7037324 0.7037324 -9999.000 -9999.000 -9999.000 -9999.000 -9999.000 -9999.000 -9999.000 -9999.000 -9999.000 -9999.000 -9999.000 -9999.000 -9999.000 -9999.000 -9999.000 -9999.000 -9999.000 -9999.000 -9999.000 -9999.000 -9999.000 -9999.000 -9999.000 -9999.000 -9999.000 -9999.000 -9999.000 -9999.000
0.7775539 0.7775539 0.7803945 0.7659332 0.7586831 0.7586831 0.7555670 0.7507463 0.7507463 0.7467118 0.7467118 0.7432591 0.7417014 0.7402352 0.7388104 0.7388104 0.7142186 0.7129802 0.7121823 0.7128805 0.7140826 0.7156637 0.7180257 0.7204340 0.7229202 0.7252981 0.7269956 0.7264616 0.7195088 0.6897570 0.6897570 0.4825556 0.4471748 0.4266900 0.4198738 0.4198738 0.4094944 0.4094944 0.4133146 0.4133146 0.4249814 0.4750061 0.4750061 0.5803156 0.5803156 0.6214938 0.6214938 0.6214938 0.6204179 0.6204179 0.6099194 0.6099194 0.5961365 0.5961365 0.5819530 0.5819530 0.5690297 0.5690297 0.5690297
0.7747355 0.7747355 0.7787391 0.7640148 0.7578724 0.7578724 0.7546084 0.7497166 0.7497166 0.7456828 0.7456828 0.7422423 0.7406920 0.7392331 0.7378159 0.7378159 0.7164639 0.7116186 0.7072461 0.7038019 0.7010454 0.6990361 0.6980442 0.6978951 0.6986014 0.7000828 0.7020555 0.7037991 0.7035551 0.6912746 0.6912746 0.5505999 0.4972031 0.4450105 0.4305395 0.4305395 0.4143960 0.4143960 0.4172533 0.4172533 0.4281404 0.4716907 0.4716907 0.5536782 0.5536782 0.6190429 0.6190429 0.6190429 0.6202233 0.6202233 0.6102062 0.6102062 0.5965368 0.5965368 0.5824744 0.5824744 0.5695986 0.5695986 0.5695986
0.7735654 0.7735654 0.7782047 0.7636042 0.7580786 0.7580786 0.7547185 0.7497109 0.7497109 0.7456467 0.7456467 0.7421955 0.7406419 0.7391803 0.7377557 0.7377557 0.7181045 0.7101025 0.7025274 0.6958705 0.6901965 0.6855673 0.6821544 0.6798931 0.6787714 0.6787453 0.6796335 0.6809091 0.6811838 0.6737545 0.6737545 0.5838842 0.5287738 0.4629761 0.4434278 0.4434278 0.4240060 0.4240060 0.4306220 0.4306220 0.4434272 0.4829198 0.4829198 0.5428847 0.5428847 0.6117507 0.6117507 0.6117507 0.6173840 0.6173840 0.6091444 0.6091444 0.5961097 0.5961097 0.5823140 0.5823140 0.5696007 0.5696007 0.5696007
0.7733052 0.7733052 0.7777044 0.7634741 0.7583082 0.7583082 0.7548713 0.7497376 0.7497376 0.7456429 0.7456429 0.7421900 0.7406383 0.7391786 0.7377459 0.7377459 0.7189405 0.7081474 0.6975248 0.6878402 0.6793988 0.6723298 0.6667554 0.6626447 0.6599466 0.6585896 0.6584182 0.6590295 0.6593623 0.6545915 0.6545915 0.5974087 0.5485032 0.4804524 0.4593036 0.4593036 0.4421921 0.4421921 0.4559723 0.4559723 0.4701956 0.5018053 0.5018053 0.5392497 0.5392497 0.5989639 0.5989639 0.5989639 0.6098365 0.6098365 0.6051415 0.6051415 0.5938742 0.5938742 0.5809869 0.5809869 0.5688927 0.5688927 0.5688927
0.7732634 0.7732634 0.7767926 0.7634243 0.7584988 0.7584988 0.7550204 0.7497815 0.7497815 0.7456513 0.7456513 0.7421883 0.7406350 0.7391749 0.7377269 0.7377269 0.7186156 0.7052781 0.6917967 0.6792381 0.6680985 0.6585992 0.6508687 0.6449096 0.6406662 0.6380465 0.6368937 0.6368722 0.6371579 0.6343131 0.6343131 0.5979333 0.5579162 0.4957487 0.4775607 0.4775607 0.4712228 0.4712228 0.4925976 0.4925976 0.5050276 0.5233553 0.5233553 0.5400853 0.5400853 0.5834115 0.5834115 0.5834115 0.5980184 0.5980184 0.5979409 0.5979409 0.5896778 0.5896778 0.5785601 0.5785601 0.5676696 0.5676696 0.5676696
0.7731625 0.7731625 0.7761634 0.7634024 0.7586331 0.7586331 0.7551320 0.7498156 0.7498156 0.7456578 0.7456578 0.7421882 0.7406341 0.7391736 0.7377021 0.7377021 0.7168581 0.7010493 0.6848811 0.6696376 0.6559414 0.6440893 0.6342329 0.6264082 0.6205766 0.6166502 0.6144806 0.6137850 0.6139207 0.6124692 0.6124692 0.5897940 0.5592580 0.5103645 0.5008982 0.5008982 0.5125995 0.5125995 0.5351784 0.5351784 0.5413752 0.5435374 0.5435374 0.5436558 0.5436558 0.5684687 0.5684687 0.5684687 0.5836884 0.5836884 0.5878838 0.5878838 0.5834416 0.5834416 0.5749597 0.5749597 0.5659426 0.5659426 0.5659426
0.7731060 0.7731060 0.7758049 0.7633830 0.7587083 0.7587083 0.7551994 0.7498380 0.7498380 0.7456622 0.7456622 0.7421890 0.7406344 0.7391738 0.7376686 0.7376686 0.7133827 0.6950082 0.6762680 0.6585365 0.6424854 0.6284459 0.6165838 0.6069560 0.5995449 0.5942794 0.5910327 0.5895739 0.5894145 0.5889156 0.5889156 0.5756125 0.5548258 0.5291692 0.5350307 0.5350307 0.5637074 0.5637074 0.5756497 0.5756497 0.5730435 0.5605493 0.5605493 0.5488318 0.5488318 0.5564180 0.5564180 0.5564180 0.5689648 0.5689648 0.5758295 0.5758295 0.5752945 0.5752945 0.5701226 0.5701226 0.5636641 0.5636641 0.5636641
0.7730873 0.7730873 0.7756903 0.7633753 0.7587323 0.7587323 0.7552221 0.7498457 0.7498457 0.7456638 0.7456638 0.7421891 0.7406344 0.7391739 0.7376212 0.7376212 0.7078143 0.6866361 0.6653711 0.6453416 0.6271808 0.6111998 0.5975494 0.5862852 0.5773997 0.5708393 0.5665030 0.5642129 0.5636244 0.5637696 0.5637696 0.5574164 0.5477686 0.5604513 0.5848522 0.5848522 0.6155223 0.6155223 0.6078597 0.6078597 0.5973964 0.5744624 0.5744624 0.5548987 0.5548987 0.5480847 0.5480847 0.5480847 0.5556180 0.5556180 0.5629610 0.5629610 0.5656554 0.5656554 0.5641092 0.5641092 0.5608104 0.5608104 0.5608104
0.7731060 0.7731060 0.7758048 0.7633832 0.7587082 0.7587082 0.7551997 0.7498379 0.7498379 0.7456623 0.7456623 0.7421889 0.7406343 0.7391738 0.7375541 0.7375541 0.6996090 0.6752748 0.6514794 0.6293411 0.6093591 0.5917591 0.5766348 0.5640106 0.5538690 0.5461628 0.5408137 0.5376945 0.5366192 0.5373995 0.5373995 0.5376940 0.5441588 0.6118287 0.6466112 0.6466112 0.6571317 0.6571317 0.6307226 0.6307226 0.6152722 0.5860053 0.5860053 0.5613115 0.5613115 0.5432052 0.5432052 0.5432052 0.5447041 0.5447041 0.5504984 0.5504984 0.5552154 0.5552154 0.5571713 0.5571713 0.5574367 0.5574367 0.5574367
0.7731625 0.7731625 0.7761632 0.7634026 0.7586332 0.7586332 0.7551321 0.7498156 0.7498156 0.7456577 0.7456577 0.7421883 0.7406341 0.7391735 0.7374604 0.7374604 0.6879324 0.6600157 0.6336744 0.6096519 0.5882040 0.5693960 0.5532154 0.5396206 0.5285593 0.5199744 0.5137997 0.5099573 0.5085101 0.5107301 0.5107301 0.5214715 0.5562848 0.6796392 0.7044656 0.7044656 0.6841550 0.6841550 0.6465831 0.6465831 0.6286353 0.5957093 0.5957093 0.5675719 0.5675719 0.5409780 0.5409780 0.5409780 0.5365462 0.5365462 0.5394351 0.5394351 0.5448306 0.5448306 0.5497697 0.5497697 0.5537161 0.5537161 0.5537161
0.7732633 0.7732633 0.7767923 0.7634246 0.7584990 0.7584990 0.7550207 0.7497815 0.7497815 0.7456512 0.7456512 0.7421882 0.7406349 0.7391748 0.7373318 0.7373318 0.6714450 0.6395176 0.6106930 0.5851220 0.5626860 0.5432062 0.5265114 0.5124590 0.5009388 0.4918662 0.4851745 0.4808519 0.4795824 0.4866513 0.4866513 0.5210427 0.6015220 0.7427191 0.7420211 0.7420211 0.7000613 0.7000613 0.6579512 0.6579512 0.6389198 0.6037484 0.6037484 0.5732492 0.5732492 0.5405003 0.5405003 0.5405003 0.5309405 0.5309405 0.5303919 0.5303919 0.5353659 0.5353659 0.5425333 0.5425333 0.5499519 0.5499519 0.5499519
