cruce_test.gid/Rasters/Hydraulic/Depth____000151.asc
NCOLS        79
NROWS        79
XLLCENTER         -1.500000
YLLCENTER         -4.800000
CELLSIZE           0.100
NODATA_VALUE     -9999.0
[rows 0 to 25 of 79, columns 0 to 58 of 79]
-9999.000 -9999.000 -9999.000 -9999.000 -9999.000 -9999.000 -9999.000 -9999.000 -9999.000 -9999.000 -9999.000 -9999.000 -9999.000 -9999.000 -9999.000 0.5823379 0.5825571 0.5825226 0.5824280 0.5822855 0.5821095 0.5819109 0.5816990 0.5814844 0.5812751 0.5810741 0.5808728 0.5806393 0.5802662 0.5802157 0.5802157 -9999.000 -9999.000 -9999.000 -9999.000 -9999.000 -9999.000 -9999.000 -9999.000 -9999.000 -9999.000 -9999.000 -9999.000 -9999.000 -9999.000 -9999.000 -9999.000 -9999.000 -9999.000 -9999.000 -9999.000 -9999.000 -9999.000 -9999.000 -9999.000 -9999.000 -9999.000 -9999.000 -9999.000
-9999.000 -9999.000 -9999.000 -9999.000 -9999.000 -9999.000 -9999.000 -9999.000 -9999.000 -9999.000 -9999.000 -9999.000 -9999.000 -9999.000 -9999.000 0.5841133 0.5843348 0.5843036 0.5842243 0.5841075 0.5839651 0.5838060 0.5836378 0.5834691 0.5833067 0.5831531 0.5830008 0.5828215 0.5825177 0.5825338 0.5825338 -9999.000 -9999.000 -9999.000 -9999.000 -9999.000 -9999.000 -9999.000 -9999.000 -9999.000 -9999.000 -9999.000 -9999.000 -9999.000 -9999.000 -9999.000 -9999.000 -9999.000 -9999.000 -9999.000 -9999.000 -9999.000 -9999.000 -9999.000 -9999.000 -9999.000 -9999.000 -9999.000 -9999.000
-9999.000 -9999.000 -9999.000 -9999.000 -9999.000 -9999.000 -9999.000 -9999.000 -9999.000 -9999.000 -9999.000 -9999.000 -9999.000 -9999.000 -9999.000 0.5860606 0.5863070 0.5862807 0.5862070 0.5860964 0.5859614 0.5858109 0.5856523 0.5854940 0.5853422 0.5851985 0.5850538 0.5848770 0.5845640 0.5845743 0.5845743 -9999.000 -9999.000 -9999.000 -9999.000 -9999.000 -9999.000 -9999.000 -9999.000 -9999.000 -9999.000 -9999.000 -9999.000 -9999.000 -9999.000 -9999.000 -9999.000 -9999.000 -9999.000 -9999.000 -9999.000 -9999.000 -9999.000 -9999.000 -9999.000 -9999.000 -9999.000 -9999.000 -9999.000
-9999.000 -9999.000 -9999.000 -9999.000 -9999.000 -9999.000 -9999.000 -9999.000 -9999.000 -9999.000 -9999.000 -9999.000 -9999.000 -9999.000 -9999.000 0.5880483 0.5883099 0.5882853 0.5882133 0.5881041 0.5879706 0.5878220 0.5876654 0.5875094 0.5873600 0.5872182 0.5870740 0.5868938 0.5865654 0.5865544 0.5865544 -9999.000 -9999.000 -9999.000 -9999.000 -9999.000 -9999.000 -9999.000 -9999.000 -9999.000 -9999.000 -9999.000 -9999.000 -9999.000 -9999.000 -9999.000 -9999.000 -9999.000 -9999.000 -9999.000 -9999.000 -9999.000 -9999.000 -9999.000 -9999.000 -9999.000 -9999.000 -9999.000 -9999.000
-9999.000 -9999.000 -9999.000 -9999.000 -9999.000 -9999.000 -9999.000 -9999.000 -9999.000 -9999.000 -9999.000 -9999.000 -9999.000 -9999.000 -9999.000 0.5900555 0.5903269 0.5903023 0.5902296 0.5901191 0.5899837 0.5898332 0.5896747 0.5895167 0.5893655 0.5892219 0.5890745 0.5888870 0.5885381 0.5884920 0.5884920 -9999.000 -9999.000 -9999.000 -9999.000 -9999.000 -9999.000 -9999.000 -9999.000 -9999.000 -9999.000 -9999.000 -9999.000 -9999.000 -9999.000 -9999.000 -9999.000 -9999.000 -9999.000 -9999.000 -9999.000 -9999.000 -9999.000 -9999.000 -9999.000 -9999.000 -9999.000 -9999.000 -9999.000
-9999.000 -9999.000 -9999.000 -9999.000 -9999.000 -9999.000 -9999.000 -9999.000 -9999.000 -9999.000 -9999.000 -9999.000 -9999.000 -9999.000 -9999.000 0.5920706 0.5923489 0.5923231 0.5922487 0.5921353 0.5919960 0.5918416 0.5916788 0.5915167 0.5913616 0.5912139 0.5910611 0.5908639 0.5904894 0.5903940 0.5903940 -9999.000 -9999.000 -9999.000 -9999.000 -9999.000 -9999.000 -9999.000 -9999.000 -9999.000 -9999.000 -9999.000 -9999.000 -9999.000 -9999.000 -9999.000 -9999.000 -9999.000 -9999.000 -9999.000 -9999.000 -9999.000 -9999.000 -9999.000 -9999.000 -9999.000 -9999.000 -9999.000 -9999.000
-9999.000 -9999.000 -9999.000 -9999.000 -9999.000 -9999.000 -9999.000 -9999.000 -9999.000 -9999.000 -9999.000 -9999.000 -9999.000 -9999.000 -9999.000 0.5940872 0.5943707 0.5943431 0.5942662 0.5941488 0.5940047 0.5938452 0.5936769 0.5935095 0.5933491 0.5931961 0.5930363 0.5928271 0.5924219 0.5922604 0.5922604 -9999.000 -9999.000 -9999.000 -9999.000 -9999.000 -9999.000 -9999.000 -9999.000 -9999.000 -9999.000 -9999.000 -9999.000 -9999.000 -9999.000 -9999.000 -9999.000 -9999.000 -9999.000 -9999.000 -9999.000 -9999.000 -9999.000 -9999.000 -9999.000 -9999.000 -9999.000 -9999.000 -9999.000
-9999.000 -9999.000 -9999.000 -9999.000 -9999.000 -9999.000 -9999.000 -9999.000 -9999.000 -9999.000 -9999.000 -9999.000 -9999.000 -9999.000 -9999.000 0.5961015 0.5963894 0.5963594 0.5962794 0.5961576 0.5960078 0.5958425 0.5956680 0.5954943 0.5953279 0.5951686 0.5950006 0.5947772 0.5943351 0.5940861 0.5940861 -9999.000 -9999.000 -9999.000 -9999.000 -9999.000 -9999.000 -9999.000 -9999.000 -9999.000 -9999.000 -9999.000 -9999.000 -9999.000 -9999.000 -9999.000 -9999.000 -9999.000 -9999.000 -9999.000 -9999.000 -9999.000 -9999.000 -9999.000 -9999.000 -9999.000 -9999.000 -9999.000 -9999.000
-9999.000 -9999.000 -9999.000 -9999.000 -9999.000 -9999.000 -9999.000 -9999.000 -9999.000 -9999.000 -9999.000 -9999.000 -9999.000 -9999.000 -9999.000 0.5981108 0.5984026 0.5983698 0.5982863 0.5981596 0.5980036 0.5978320 0.5976505 0.5974699 0.5972968 0.5971306 0.5969533 0.5967131 0.5962268 0.5958610 0.5958610 -9999.000 -9999.000 -9999.000 -9999.000 -9999.000 -9999.000 -9999.000 -9999.000 -9999.000 -9999.000 -9999.000 -9999.000 -9999.000 -9999.000 -9999.000 -9999.000 -9999.000 -9999.000 -9999.000 -9999.000 -9999.000 -9999.000 -9999.000 -9999.000 -9999.000 -9999.000 -9999.000 -9999.000
-9999.000 -9999.000 -9999.000 -9999.000 -9999.000 -9999.000 -9999.000 -9999.000 -9999.000 -9999.000 -9999.000 -9999.000 -9999.000 -9999.000 -9999.000 0.6001127 0.6004086 0.6003724 0.6002852 0.6001530 0.5999904 0.5998119 0.5996228 0.5994347 0.5992544 0.5990804 0.5988925 0.5986324 0.5980929 0.5975695 0.5975695 -9999.000 -9999.000 -9999.000 -9999.000 -9999.000 -9999.000 -9999.000 -9999.000 -9999.000 -9999.000 -9999.000 -9999.000 -9999.000 -9999.000 -9999.000 -9999.000 -9999.000 -9999.000 -9999.000 -9999.000 -9999.000 -9999.000 -9999.000 -9999.000 -9999.000 -9999.000 -9999.000 -9999.000
-9999.000 -9999.000 -9999.000 -9999.000 -9999.000 -9999.000 -9999.000 -9999.000 -9999.000 -9999.000 -9999.000 -9999.000 -9999.000 -9999.000 -9999.000 0.6021047 0.6024050 0.6023651 0.6022738 0.6021357 0.6019657 0.6017799 0.6015825 0.6013864 0.6011980 0.6010155 0.6008151 0.6005313 0.5999269 0.5991878 0.5991878 -9999.000 -9999.000 -9999.000 -9999.000 -9999.000 -9999.000 -9999.000 -9999.000 -9999.000 -9999.000 -9999.000 -9999.000 -9999.000 -9999.000 -9999.000 -9999.000 -9999.000 -9999.000 -9999.000 -9999.000 -9999.000 -9999.000 -9999.000 -9999.000 -9999.000 -9999.000 -9999.000 -9999.000
-9999.000 -9999.000 -9999.000 -9999.000 -9999.000 -9999.000 -9999.000 -9999.000 -9999.000 -9999.000 -9999.000 -9999.000 -9999.000 -9999.000 -9999.000 0.6040833 0.6043893 0.6043451 0.6042492 0.6041047 0.6039267 0.6037329 0.6035265 0.6033214 0.6031241 0.6029317 0.6027165 0.6024039 0.6017196 0.6006784 0.6006784 -9999.000 -9999.000 -9999.000 -9999.000 -9999.000 -9999.000 -9999.000 -9999.000 -9999.000 -9999.000 -9999.000 -9999.000 -9999.000 -9999.000 -9999.000 -9999.000 -9999.000 -9999.000 -9999.000 -9999.000 -9999.000 -9999.000 -9999.000 -9999.000 -9999.000 -9999.000 -9999.000 -9999.000
-9999.000 -9999.000 -9999.000 -9999.000 -9999.000 -9999.000 -9999.000 -9999.000 -9999.000 -9999.000 -9999.000 -9999.000 -9999.000 -9999.000 -9999.000 0.6060440 0.6063576 0.6063088 0.6062077 0.6060559 0.6058689 0.6056665 0.6054499 0.6052347 0.6050272 0.6048232 0.6045901 0.6042415 0.6034568 0.6019816 0.6019816 -9999.000 -9999.000 -9999.000 -9999.000 -9999.000 -9999.000 -9999.000 -9999.000 -9999.000 -9999.000 -9999.000 -9999.000 -9999.000 -9999.000 -9999.000 -9999.000 -9999.000 -9999.000 -9999.000 -9999.000 -9999.000 -9999.000 -9999.000 -9999.000 -9999.000 -9999.000 -9999.000 -9999.000
-9999.000 -9999.000 -9999.000 -9999.000 -9999.000 -9999.000 -9999.000 -9999.000 -9999.000 -9999.000 -9999.000 -9999.000 -9999.000 -9999.000 -9999.000 0.6079700 0.6082984 0.6082463 0.6081415 0.6079832 0.6077873 0.6075758 0.6073475 0.6071204 0.6069005 0.6066817 0.6064253 0.6060303 0.6051168 0.6030000 0.6030000 -9999.000 -9999.000 -9999.000 -9999.000 -9999.000 -9999.000 -9999.000 -9999.000 -9999.000 -9999.000 -9999.000 -9999.000 -9999.000 -9999.000 -9999.000 -9999.000 -9999.000 -9999.000 -9999.000 -9999.000 -9999.000 -9999.000 -9999.000 -9999.000 -9999.000 -9999.000 -9999.000 -9999.000
-9999.000 -9999.000 -9999.000 -9999.000 -9999.000 -9999.000 -9999.000 -9999.000 -9999.000 -9999.000 -9999.000 -9999.000 -9999.000 -9999.000 -9999.000 0.6081459 0.6095588 0.6099139 0.6100972 0.6101251 0.6100312 0.6098597 0.6096237 0.6093597 0.6090873 0.6088082 0.6084778 0.6079654 0.6067691 0.6030355 0.6030355 -9999.000 -9999.000 -9999.000 -9999.000 -9999.000 -9999.000 -9999.000 -9999.000 -9999.000 -9999.000 -9999.000 -9999.000 -9999.000 -9999.000 -9999.000 -9999.000 -9999.000 -9999.000 -9999.000 -9999.000 -9999.000 -9999.000 -9999.000 -9999.000 -9999.000 -9999.000 -9999.000 -9999.000
0.6710870 0.6710870 0.6559779 0.6406577 0.6368058 0.6368058 0.6335658 0.6281568 0.6281568 0.6236359 0.6236359 0.6196984 0.6178970 0.6161879 0.6145599 0.6145599 0.6133552 0.6132542 0.6133943 0.6138787 0.6148304 0.6162820 0.6179563 0.6198432 0.6217922 0.6235274 0.6244000 0.6229371 0.6151388 0.5863936 0.5863936 0.4027193 0.3739418 0.3593350 0.3544874 0.3544874 0.3477182 0.3477182 0.3544894 0.3544894 0.3667352 0.4151176 0.4151176 0.5020570 0.5020570 0.5268227 0.5268227 0.5268227 0.5228290 0.5228290 0.5130763 0.5130763 0.5014659 0.5014659 0.4898620 0.4898620 0.4794220 0.4794220 0.4794220
0.6693025 0.6693025 0.6536074 0.6397442 0.6358921 0.6358921 0.6326528 0.6272528 0.6272528 0.6227465 0.6227465 0.6188239 0.6170296 0.6153274 0.6137062 0.6137062 0.6121764 0.6103858 0.6079540 0.6054452 0.6033086 0.6018260 0.6010538 0.6010574 0.6017994 0.6031411 0.6047559 0.6064476 0.6042573 0.5902407 0.5902407 0.4641294 0.4178597 0.3745439 0.3630639 0.3630639 0.3514919 0.3514919 0.3571006 0.3571006 0.3683096 0.4097794 0.4097794 0.4872673 0.4872673 0.5266906 0.5266906 0.5266906 0.5232517 0.5232517 0.5134791 0.5134791 0.5018128 0.5018128 0.4901880 0.4901880 0.4797681 0.4797681 0.4797681
0.6682963 0.6682963 0.6525903 0.6397530 0.6358958 0.6358958 0.6326429 0.6272248 0.6272248 0.6227118 0.6227118 0.6187853 0.6169887 0.6152844 0.6136608 0.6136608 0.6113597 0.6079962 0.6034367 0.5985758 0.5940697 0.5903180 0.5874810 0.5856496 0.5848333 0.5849548 0.5857814 0.5870164 0.5861456 0.5774528 0.5774528 0.4944345 0.4463148 0.3904122 0.3744328 0.3744328 0.3601098 0.3601098 0.3685107 0.3685107 0.3806393 0.4165437 0.4165437 0.4760130 0.4760130 0.5229062 0.5229062 0.5229062 0.5221657 0.5221657 0.5131366 0.5131366 0.5016464 0.5016464 0.4901403 0.4901403 0.4798275 0.4798275 0.4798275
0.6674849 0.6674849 0.6517866 0.6397713 0.6359229 0.6359229 0.6326590 0.6272243 0.6272243 0.6227090 0.6227090 0.6187841 0.6169884 0.6152843 0.6136609 0.6136609 0.6101277 0.6051087 0.5985094 0.5914887 0.5848599 0.5791112 0.5744709 0.5710415 0.5688382 0.5677984 0.5677397 0.5683980 0.5679882 0.5620483 0.5620483 0.5082386 0.4648031 0.4063698 0.3890088 0.3890088 0.3767209 0.3767209 0.3901910 0.3901910 0.4025061 0.4297305 0.4297305 0.4681773 0.4681773 0.5140953 0.5140953 0.5140953 0.5176168 0.5176168 0.5107321 0.5107321 0.5001957 0.5001957 0.4892213 0.4892213 0.4793293 0.4793293 0.4793293
0.6668616 0.6668616 0.6511741 0.6397833 0.6359506 0.6359506 0.6326770 0.6272247 0.6272247 0.6227067 0.6227067 0.6187836 0.6169887 0.6152851 0.6136620 0.6136620 0.6082887 0.6014180 0.5927554 0.5836440 0.5749890 0.5673363 0.5609689 0.5560160 0.5525057 0.5503846 0.5494970 0.5495988 0.5494180 0.5455580 0.5455580 0.5105821 0.4744487 0.4209654 0.4063676 0.4063676 0.4030214 0.4030214 0.4209559 0.4209559 0.4307222 0.4455072 0.4455072 0.4642610 0.4642610 0.5017281 0.5017281 0.5017281 0.5094468 0.5094468 0.5059578 0.5059578 0.4973675 0.4973675 0.4875375 0.4875375 0.4784881 0.4784881 0.4784881
0.6664208 0.6664208 0.6507428 0.6397898 0.6359738 0.6359738 0.6326932 0.6272253 0.6272253 0.6227047 0.6227047 0.6187832 0.6169888 0.6152856 0.6136627 0.6136627 0.6056550 0.5966659 0.5858757 0.5747265 0.5641434 0.5546837 0.5466574 0.5402180 0.5354149 0.5322155 0.5304936 0.5300318 0.5299224 0.5276468 0.5276468 0.5052627 0.4772483 0.4357356 0.4289288 0.4289288 0.4394740 0.4394740 0.4559452 0.4559452 0.4598911 0.4607984 0.4607984 0.4638907 0.4638907 0.4886147 0.4886147 0.4886147 0.4986427 0.4986427 0.4988658 0.4988658 0.4930474 0.4930474 0.4850538 0.4850538 0.4773501 0.4773501 0.4773501
0.6661582 0.6661582 0.6504864 0.6397927 0.6359891 0.6359891 0.6327042 0.6272259 0.6272259 0.6227034 0.6227034 0.6187828 0.6169888 0.6152859 0.6136632 0.6136632 0.6019693 0.5905393 0.5775254 0.5643814 0.5519834 0.5408515 0.5312849 0.5234436 0.5173925 0.5131215 0.5105397 0.5094683 0.5092716 0.5081720 0.5081720 0.4946193 0.4753598 0.4552262 0.4612394 0.4612394 0.4827792 0.4827792 0.4886480 0.4886480 0.4852857 0.4741526 0.4741526 0.4661525 0.4661525 0.4771379 0.4771379 0.4771379 0.4867553 0.4867553 0.4899170 0.4899170 0.4872465 0.4872465 0.4817118 0.4817118 0.4758959 0.4758959 0.4758959
0.6660710 0.6660710 0.6504013 0.6397935 0.6359944 0.6359944 0.6327081 0.6272262 0.6272262 0.6227029 0.6227029 0.6187826 0.6169888 0.6152861 0.6136634 0.6136634 0.5968697 0.5826309 0.5672763 0.5521782 0.5380970 0.5254670 0.5145383 0.5054488 0.4982623 0.4929835 0.4895537 0.4878395 0.4874229 0.4872164 0.4872164 0.4805015 0.4718852 0.4863656 0.5059943 0.5059943 0.5249956 0.5249956 0.5146178 0.5146178 0.5051047 0.4854966 0.4854966 0.4701128 0.4701128 0.4685390 0.4685390 0.4685390 0.4753293 0.4753293 0.4799125 0.4799125 0.4801843 0.4801843 0.4775210 0.4775210 0.4741048 0.4741048 0.4741048
0.6661583 0.6661583 0.6504864 0.6397927 0.6359891 0.6359891 0.6327041 0.6272260 0.6272260 0.6227034 0.6227034 0.6187829 0.6169888 0.6152859 0.6136632 0.6136632 0.5898347 0.5723865 0.5545741 0.5375783 0.5219777 0.5080717 0.4960212 0.4859117 0.4777829 0.4716390 0.4674428 0.4651065 0.4644152 0.4651158 0.4651158 0.4653268 0.4728226 0.5338042 0.5578830 0.5578830 0.5580611 0.5580611 0.5334249 0.5334249 0.5200486 0.4951892 0.4951892 0.4749350 0.4749350 0.4629643 0.4629643 0.4629643 0.4654781 0.4654781 0.4698070 0.4698070 0.4723123 0.4723123 0.4726206 0.4726206 0.4719957 0.4719957 0.4719957
0.6664208 0.6664208 0.6507428 0.6397898 0.6359739 0.6359739 0.6326932 0.6272254 0.6272254 0.6227047 0.6227047 0.6187831 0.6169888 0.6152856 0.6136627 0.6136627 0.5800894 0.5590203 0.5386679 0.5198846 0.5029903 0.4880980 0.4752402 0.4644194 0.4556269 0.4488481 0.4440529 0.4411975 0.4403409 0.4427854 0.4427854 0.4541643 0.4895244 0.5912459 0.6031997 0.6031997 0.5797630 0.5797630 0.5469103 0.5469103 0.5315282 0.5034909 0.5034909 0.4799485 0.4799485 0.4599145 0.4599145 0.4599145 0.4577432 0.4577432 0.4604895 0.4604895 0.4642650 0.4642650 0.4673160 0.4673160 0.4696671 0.4696671 0.4696671
0.6668615 0.6668615 0.6511741 0.6397833 0.6359507 0.6359507 0.6326770 0.6272247 0.6272247 0.6227067 0.6227067 0.6187837 0.6169886 0.6152850 0.6136619 0.6136619 0.5664298 0.5413674 0.5184976 0.4981579 0.4803125 0.4648308 0.4515792 0.4404494 0.4313648 0.4242744 0.4191412 0.4159792 0.4154817 0.4231301 0.4231301 0.4589503 0.5355840 0.6397406 0.6313268 0.6313268 0.5932299 0.5932299 0.5568615 0.5568615 0.5405241 0.5104350 0.5104350 0.4846369 0.4846369 0.4586569 0.4586569 0.4586569 0.4521662 0.4521662 0.4526125 0.4526125 0.4567420 0.4567420 0.4620541 0.4620541 0.4673034 0.4673034 0.4673034
