cruce_test.gid/Rasters/Hydraulic/Depth____000307.asc
NCOLS        79
NROWS        79
XLLCENTER         -1.500000
YLLCENTER         -4.800000
CELLSIZE           0.100
NODATA_VALUE     -9999.0
[rows 0 to 25 of 79, columns 0 to 58 of 79]
-9999.000 -9999.000 -9999.000 -9999.000 -9999.000 -9999.000 -9999.000 -9999.000 -9999.000 -9999.000 -9999.000 -9999.000 -9999.000 -9999.000 -9999.000 0.6934763 0.6938963 0.6939684 0.6938528 0.6936505 0.6934048 0.6931326 0.6928555 0.6925844 0.6923245 0.6920820 0.6918533 0.6916053 0.6912301 0.6911852 0.6911852 -9999.000 -9999.000 -9999.000 -9999.000 -9999.000 -9999.000 -9999.000 -9999.000 -9999.000 -9999.000 -9999.000 -9999.000 -9999.000 -9999.000 -9999.000 -9999.000 -9999.000 -9999.000 -9999.000 -9999.000 -9999.000 -9999.000 -9999.000 -9999.000 -9999.000 -9999.000 -9999.000 -9999.000
-9999.000 -9999.000 -9999.000 -9999.000 -9999.000 -9999.000 -9999.000 -9999.000 -9999.000 -9999.000 -9999.000 -9999.000 -9999.000 -9999.000 -9999.000 0.6952402 0.6956365 0.6956952 0.6955997 0.6954372 0.6952436 0.6950319 0.6948192 0.6946136 0.6944188 0.6942393 0.6940712 0.6938852 0.6935846 0.6936228 0.6936228 -9999.000 -9999.000 -9999.000 -9999.000 -9999.000 -9999.000 -9999.000 -9999.000 -9999.000 -9999.000 -9999.000 -9999.000 -9999.000 -9999.000 -9999.000 -9999.000 -9999.000 -9999.000 -9999.000 -9999.000 -9999.000 -9999.000 -9999.000 -9999.000 -9999.000 -9999.000 -9999.000 -9999.000
-9999.000 -9999.000 -9999.000 -9999.000 -9999.000 -9999.000 -9999.000 -9999.000 -9999.000 -9999.000 -9999.000 -9999.000 -9999.000 -9999.000 -9999.000 0.6971555 0.6975837 0.6976508 0.6975611 0.6974046 0.6972181 0.6970147 0.6968118 0.6966169 0.6964330 0.6962638 0.6961040 0.6959217 0.6956142 0.6956483 0.6956483 -9999.000 -9999.000 -9999.000 -9999.000 -9999.000 -9999.000 -9999.000 -9999.000 -9999.000 -9999.000 -9999.000 -9999.000 -9999.000 -9999.000 -9999.000 -9999.000 -9999.000 -9999.000 -9999.000 -9999.000 -9999.000 -9999.000 -9999.000 -9999.000 -9999.000 -9999.000 -9999.000 -9999.000
-9999.000 -9999.000 -9999.000 -9999.000 -9999.000 -9999.000 -9999.000 -9999.000 -9999.000 -9999.000 -9999.000 -9999.000 -9999.000 -9999.000 -9999.000 0.6991212 0.6995687 0.6996395 0.6995500 0.6993931 0.6992066 0.6990033 0.6988013 0.6986079 0.6984253 0.6982574 0.6980981 0.6979127 0.6975920 0.6976044 0.6976044 -9999.000 -9999.000 -9999.000 -9999.000 -9999.000 -9999.000 -9999.000 -9999.000 -9999.000 -9999.000 -9999.000 -9999.000 -9999.000 -9999.000 -9999.000 -9999.000 -9999.000 -9999.000 -9999.000 -9999.000 -9999.000 -9999.000 -9999.000 -9999.000 -9999.000 -9999.000 -9999.000 -9999.000
-9999.000 -9999.000 -9999.000 -9999.000 -9999.000 -9999.000 -9999.000 -9999.000 -9999.000 -9999.000 -9999.000 -9999.000 -9999.000 -9999.000 -9999.000 0.7011077 0.7015690 0.7016408 0.7015487 0.7013884 0.7011983 0.7009912 0.7007860 0.7005895 0.7004040 0.7002333 0.7000705 0.6998784 0.6995393 0.6995156 0.6995156 -9999.000 -9999.000 -9999.000 -9999.000 -9999.000 -9999.000 -9999.000 -9999.000 -9999.000 -9999.000 -9999.000 -9999.000 -9999.000 -9999.000 -9999.000 -9999.000 -9999.000 -9999.000 -9999.000 -9999.000 -9999.000 -9999.000 -9999.000 -9999.000 -9999.000 -9999.000 -9999.000 -9999.000
-9999.000 -9999.000 -9999.000 -9999.000 -9999.000 -9999.000 -9999.000 -9999.000 -9999.000 -9999.000 -9999.000 -9999.000 -9999.000 -9999.000 -9999.000 0.7031015 0.7035736 0.7036451 0.7035486 0.7033833 0.7031880 0.7029752 0.7027647 0.7025632 0.7023727 0.7021970 0.7020286 0.7018271 0.7014650 0.7013907 0.7013907 -9999.000 -9999.000 -9999.000 -9999.000 -9999.000 -9999.000 -9999.000 -9999.000 -9999.000 -9999.000 -9999.000 -9999.000 -9999.000 -9999.000 -9999.000 -9999.000 -9999.000 -9999.000 -9999.000 -9999.000 -9999.000 -9999.000 -9999.000 -9999.000 -9999.000 -9999.000 -9999.000 -9999.000
-9999.000 -9999.000 -9999.000 -9999.000 -9999.000 -9999.000 -9999.000 -9999.000 -9999.000 -9999.000 -9999.000 -9999.000 -9999.000 -9999.000 -9999.000 0.7050958 0.7055773 0.7056472 0.7055454 0.7053742 0.7051729 0.7049533 0.7047367 0.7045291 0.7043322 0.7041505 0.7039753 0.7037622 0.7033719 0.7032303 0.7032303 -9999.000 -9999.000 -9999.000 -9999.000 -9999.000 -9999.000 -9999.000 -9999.000 -9999.000 -9999.000 -9999.000 -9999.000 -9999.000 -9999.000 -9999.000 -9999.000 -9999.000 -9999.000 -9999.000 -9999.000 -9999.000 -9999.000 -9999.000 -9999.000 -9999.000 -9999.000 -9999.000 -9999.000
-9999.000 -9999.000 -9999.000 -9999.000 -9999.000 -9999.000 -9999.000 -9999.000 -9999.000 -9999.000 -9999.000 -9999.000 -9999.000 -9999.000 -9999.000 0.7070872 0.7075773 0.7076445 0.7075365 0.7073587 0.7071508 0.7069239 0.7067006 0.7064863 0.7062825 0.7060940 0.7059107 0.7056841 0.7052602 0.7050297 0.7050297 -9999.000 -9999.000 -9999.000 -9999.000 -9999.000 -9999.000 -9999.000 -9999.000 -9999.000 -9999.000 -9999.000 -9999.000 -9999.000 -9999.000 -9999.000 -9999.000 -9999.000 -9999.000 -9999.000 -9999.000 -9999.000 -9999.000 -9999.000 -9999.000 -9999.000 -9999.000 -9999.000 -9999.000
-9999.000 -9999.000 -9999.000 -9999.000 -9999.000 -9999.000 -9999.000 -9999.000 -9999.000 -9999.000 -9999.000 -9999.000 -9999.000 -9999.000 -9999.000 0.7090733 0.7095715 0.7096349 0.7095196 0.7093349 0.7091200 0.7088853 0.7086551 0.7084336 0.7082223 0.7080263 0.7078342 0.7075917 0.7071276 0.7067796 0.7067796 -9999.000 -9999.000 -9999.000 -9999.000 -9999.000 -9999.000 -9999.000 -9999.000 -9999.000 -9999.000 -9999.000 -9999.000 -9999.000 -9999.000 -9999.000 -9999.000 -9999.000 -9999.000 -9999.000 -9999.000 -9999.000 -9999.000 -9999.000 -9999.000 -9999.000 -9999.000 -9999.000 -9999.000
-9999.000 -9999.000 -9999.000 -9999.000 -9999.000 -9999.000 -9999.000 -9999.000 -9999.000 -9999.000 -9999.000 -9999.000 -9999.000 -9999.000 -9999.000 0.7110522 0.7115583 0.7116167 0.7114932 0.7113008 0.7110786 0.7108356 0.7105982 0.7103693 0.7101499 0.7099460 0.7097440 0.7094829 0.7089705 0.7084656 0.7084656 -9999.000 -9999.000 -9999.000 -9999.000 -9999.000 -9999.000 -9999.000 -9999.000 -9999.000 -9999.000 -9999.000 -9999.000 -9999.000 -9999.000 -9999.000 -9999.000 -9999.000 -9999.000 -9999.000 -9999.000 -9999.000 -9999.000 -9999.000 -9999.000 -9999.000 -9999.000 -9999.000 -9999.000
-9999.000 -9999.000 -9999.000 -9999.000 -9999.000 -9999.000 -9999.000 -9999.000 -9999.000 -9999.000 -9999.000 -9999.000 -9999.000 -9999.000 -9999.000 0.7130216 0.7135357 0.7135876 0.7134547 0.7132543 0.7130244 0.7127727 0.7125277 0.7122909 0.7120628 0.7118503 0.7116371 0.7113541 0.7107836 0.7100663 0.7100663 -9999.000 -9999.000 -9999.000 -9999.000 -9999.000 -9999.000 -9999.000 -9999.000 -9999.000 -9999.000 -9999.000 -9999.000 -9999.000 -9999.000 -9999.000 -9999.000 -9999.000 -9999.000 -9999.000 -9999.000 -9999.000 -9999.000 -9999.000 -9999.000 -9999.000 -9999.000 -9999.000 -9999.000
-9999.000 -9999.000 -9999.000 -9999.000 -9999.000 -9999.000 -9999.000 -9999.000 -9999.000 -9999.000 -9999.000 -9999.000 -9999.000 -9999.000 -9999.000 0.7149785 0.7155011 0.7155454 0.7154016 0.7151924 0.7149543 0.7146932 0.7144405 0.7141953 0.7139577 0.7137356 0.7135096 0.7132001 0.7125586 0.7115487 0.7115487 -9999.000 -9999.000 -9999.000 -9999.000 -9999.000 -9999.000 -9999.000 -9999.000 -9999.000 -9999.000 -9999.000 -9999.000 -9999.000 -9999.000 -9999.000 -9999.000 -9999.000 -9999.000 -9999.000 -9999.000 -9999.000 -9999.000 -9999.000 -9999.000 -9999.000 -9999.000 -9999.000 -9999.000
-9999.000 -9999.000 -9999.000 -9999.000 -9999.000 -9999.000 -9999.000 -9999.000 -9999.000 -9999.000 -9999.000 -9999.000 -9999.000 -9999.000 -9999.000 0.7169186 0.7174510 0.7174860 0.7173302 0.7171112 0.7168645 0.7165933 0.7163323 0.7160778 0.7158294 0.7155966 0.7153553 0.7150133 0.7142839 0.7128617 0.7128617 -9999.000 -9999.000 -9999.000 -9999.000 -9999.000 -9999.000 -9999.000 -9999.000 -9999.000 -9999.000 -9999.000 -9999.000 -9999.000 -9999.000 -9999.000 -9999.000 -9999.000 -9999.000 -9999.000 -9999.000 -9999.000 -9999.000 -9999.000 -9999.000 -9999.000 -9999.000 -9999.000 -9999.000
-9999.000 -9999.000 -9999.000 -9999.000 -9999.000 -9999.000 -9999.000 -9999.000 -9999.000 -9999.000 -9999.000 -9999.000 -9999.000 -9999.000 -9999.000 0.7187857 0.7193491 0.7193932 0.7192386 0.7190131 0.7187589 0.7184767 0.7182060 0.7179400 0.7176780 0.7174310 0.7171699 0.7167864 0.7159456 0.7139293 0.7139293 -9999.000 -9999.000 -9999.000 -9999.000 -9999.000 -9999.000 -9999.000 -9999.000 -9999.000 -9999.000 -9999.000 -9999.000 -9999.000 -9999.000 -9999.000 -9999.000 -9999.000 -9999.000 -9999.000 -9999.000 -9999.000 -9999.000 -9999.000 -9999.000 -9999.000 -9999.000 -9999.000 -9999.000
-9999.000 -9999.000 -9999.000 -9999.000 -9999.000 -9999.000 -9999.000 -9999.000 -9999.000 -9999.000 -9999.000 -9999.000 -9999.000 -9999.000 -9999.000 0.7141177 0.7193388 0.7218280 0.7225865 0.7222574 0.7218533 0.7213911 0.7209355 0.7204887 0.7200570 0.7196585 0.7192562 0.7187063 0.7175644 0.7139568 0.7139568 -9999.000 -9999.000 -9999.000 -9999.000 -9999.000 -9999.000 -9999.000 -9999.000 -9999.000 -9999.000 -9999.000 -9999.000 -9999.000 -9999.000 -9999.000 -9999.000 -9999.000 -9999.000 -9999.000 -9999.000 -9999.000 -9999.000 -9999.000 -9999.000 -9999.000 -9999.000 -9999.000 -9999.000
0.7914693 0.7914693 0.7955453 0.7782390 0.7722586 0.7722586 0.7688725 0.7635778 0.7635778 0.7594677 0.7594677 0.7560594 0.7545275 0.7530826 0.7516657 0.7516657 0.7244406 0.7231719 0.7219896 0.7226936 0.7239310 0.7255483 0.7278368 0.7303934 0.7329335 0.7353901 0.7372104 0.7368692 0.7301658 0.7006931 0.7006931 0.4918816 0.4557791 0.4344541 0.4273151 0.4273151 0.4162220 0.4162220 0.4190575 0.4190575 0.4302010 0.4792246 0.4792246 0.5839009 0.5839009 0.6307136 0.6307136 0.6307136 0.6305697 0.6305697 0.6202348 0.6202348 0.6062771 0.6062771 0.5917934 0.5917934 0.5785151 0.5785151 0.5785151
0.7883950 0.7883950 0.7941687 0.7763433 0.7712926 0.7712926 0.7678421 0.7625226 0.7625226 0.7584282 0.7584282 0.7550359 0.7535107 0.7520714 0.7506606 0.7506606 0.7270706 0.7219582 0.7172828 0.7137195 0.7108904 0.7088141 0.7077164 0.7075484 0.7082195 0.7096843 0.7116759 0.7134905 0.7133633 0.7018117 0.7018117 0.5602725 0.5062506 0.4530647 0.4381907 0.4381907 0.4212382 0.4212382 0.4231771 0.4231771 0.4336144 0.4764676 0.4764676 0.5570096 0.5570096 0.6276300 0.6276300 0.6276300 0.6301875 0.6301875 0.6204741 0.6204741 0.6066806 0.6066806 0.5923361 0.5923361 0.5791128 0.5791128 0.5791128
0.7866394 0.7866394 0.7941459 0.7760113 0.7713534 0.7713534 0.7678592 0.7624921 0.7624921 0.7583911 0.7583911 0.7549922 0.7534629 0.7520195 0.7505987 0.7505987 0.7290303 0.7206014 0.7126667 0.7057852 0.6999606 0.6952130 0.6916699 0.6893308 0.6881384 0.6880550 0.6889145 0.6902082 0.6905581 0.6835700 0.6835700 0.5936779 0.5379828 0.4711514 0.4511400 0.4511400 0.4307880 0.4307880 0.4365886 0.4365886 0.4491380 0.4885006 0.4885006 0.5473998 0.5473998 0.6196912 0.6196912 0.6196912 0.6269623 0.6269623 0.6192454 0.6192454 0.6061853 0.6061853 0.5921413 0.5921413 0.5790951 0.5790951 0.5790951
0.7852208 0.7852208 0.7943458 0.7759003 0.7714261 0.7714261 0.7678975 0.7624865 0.7624865 0.7583885 0.7583885 0.7549955 0.7534670 0.7520238 0.7505906 0.7505906 0.7301396 0.7188172 0.7077639 0.6977614 0.6890838 0.6818307 0.6760876 0.6718512 0.6690514 0.6676120 0.6673839 0.6679802 0.6683541 0.6639038 0.6639038 0.6069356 0.5576643 0.4886381 0.4669647 0.4669647 0.4488156 0.4488156 0.4620704 0.4620704 0.4763657 0.5083938 0.5083938 0.5451803 0.5451803 0.6064050 0.6064050 0.6064050 0.6188638 0.6188638 0.6149176 0.6149176 0.6037822 0.6037822 0.5907246 0.5907246 0.5783339 0.5783339 0.5783339
0.7841333 0.7841333 0.7947435 0.7758940 0.7715009 0.7715009 0.7679322 0.7624824 0.7624824 0.7583938 0.7583938 0.7550063 0.7534769 0.7520315 0.7505774 0.7505774 0.7300289 0.7161028 0.7021323 0.6891794 0.6777246 0.6679718 0.6600218 0.6538863 0.6495010 0.6467679 0.6455315 0.6454673 0.6457647 0.6431448 0.6431448 0.6070591 0.5668705 0.5037841 0.4849906 0.4849906 0.4776668 0.4776668 0.4991725 0.4991725 0.5120083 0.5309895 0.5309895 0.5472511 0.5472511 0.5906479 0.5906479 0.5906479 0.6064749 0.6064749 0.6072649 0.6072649 0.5993123 0.5993123 0.5881394 0.5881394 0.5770149 0.5770149 0.5770149
0.7833696 0.7833696 0.7953526 0.7759030 0.7715828 0.7715828 0.7679872 0.7624950 0.7624950 0.7584022 0.7584022 0.7550135 0.7534828 0.7520358 0.7505528 0.7505528 0.7284167 0.7119908 0.6952911 0.6795949 0.6655182 0.6533477 0.6432185 0.6351663 0.6291478 0.6250708 0.6227856 0.6220162 0.6221321 0.6208255 0.6208255 0.5984423 0.5678646 0.5180112 0.5078679 0.5078679 0.5191019 0.5191019 0.5426812 0.5426812 0.5494211 0.5520648 0.5520648 0.5517282 0.5517282 0.5757836 0.5757836 0.5757836 0.5916947 0.5916947 0.5967057 0.5967057 0.5927128 0.5927128 0.5843074 0.5843074 0.5751432 0.5751432 0.5751432
0.7829131 0.7829131 0.7959974 0.7759302 0.7716426 0.7716426 0.7680209 0.7624996 0.7624996 0.7584058 0.7584058 0.7550178 0.7534862 0.7520384 0.7505151 0.7505151 0.7250164 0.7060124 0.6867117 0.6684854 0.6520023 0.6375904 0.6254059 0.6155031 0.6078612 0.6024057 0.5990081 0.5974417 0.5972278 0.5968024 0.5968024 0.5837353 0.5629374 0.5361013 0.5414168 0.5414168 0.5708683 0.5708683 0.5843465 0.5843465 0.5821279 0.5697238 0.5697238 0.5575157 0.5575157 0.5639929 0.5639929 0.5639929 0.5767121 0.5767121 0.5841844 0.5841844 0.5841478 0.5841478 0.5791706 0.5791706 0.5726665 0.5726665 0.5726665
0.7827606 0.7827606 0.7961378 0.7759215 0.7716559 0.7716559 0.7680314 0.7625015 0.7625015 0.7584071 0.7584071 0.7550191 0.7534874 0.7520394 0.7504600 0.7504600 0.7194535 0.6976392 0.6757939 0.6552395 0.6366093 0.6202141 0.6062001 0.5946204 0.5854648 0.5786771 0.5741552 0.5717230 0.5710433 0.5711958 0.5711958 0.5649748 0.5551853 0.5664124 0.5910125 0.5910125 0.6240237 0.6240237 0.6176395 0.6176395 0.6072392 0.5840467 0.5840467 0.5639817 0.5639817 0.5559858 0.5559858 0.5559858 0.5632910 0.5632910 0.5709478 0.5709478 0.5740829 0.5740829 0.5728058 0.5728058 0.5695631 0.5695631 0.5695631
0.7829131 0.7829131 0.7959974 0.7759303 0.7716426 0.7716426 0.7680210 0.7624996 0.7624996 0.7584057 0.7584057 0.7550176 0.7534863 0.7520385 0.7503815 0.7503815 0.7111809 0.6862036 0.6618135 0.6391299 0.6186537 0.6006106 0.5850925 0.5721216 0.5616782 0.5537133 0.5481472 0.5448537 0.5436506 0.5443739 0.5443739 0.5446234 0.5505412 0.6171383 0.6536218 0.6536218 0.6671648 0.6671648 0.6412042 0.6412042 0.6255463 0.5958501 0.5958501 0.5706728 0.5706728 0.5514233 0.5514233 0.5514233 0.5524378 0.5524378 0.5582446 0.5582446 0.5632549 0.5632549 0.5654917 0.5654917 0.5658997 0.5658997 0.5658997
0.7833695 0.7833695 0.7953527 0.7759031 0.7715829 0.7715829 0.7679872 0.7624951 0.7624951 0.7584022 0.7584022 0.7550136 0.7534828 0.7520358 0.7502711 0.7502711 0.6993563 0.6707830 0.6438354 0.6192554 0.5972999 0.5780331 0.5614414 0.5474805 0.5360962 0.5272301 0.5208138 0.5167705 0.5151604 0.5172508 0.5172508 0.5276037 0.5611413 0.6856402 0.7135252 0.7135252 0.6952488 0.6952488 0.6574197 0.6574197 0.6391015 0.6057426 0.6057426 0.5771394 0.5771394 0.5494620 0.5494620 0.5494620 0.5444100 0.5444100 0.5470596 0.5470596 0.5525520 0.5525520 0.5577203 0.5577203 0.5618666 0.5618666 0.5618666
0.7841332 0.7841332 0.7947434 0.7758943 0.7715010 0.7715010 0.7679322 0.7624824 0.7624824 0.7583938 0.7583938 0.7550063 0.7534769 0.7520314 0.7501175 0.7501175 0.6826224 0.6500162 0.6205751 0.5944436 0.5714986 0.5515583 0.5344487 0.5200247 0.5081727 0.4988072 0.4918596 0.4873170 0.4858468 0.4926818 0.4926818 0.5260143 0.6047143 0.7511498 0.7531887 0.7531887 0.7116015 0.7116015 0.6689414 0.6689414 0.6494305 0.6139517 0.6139517 0.5829737 0.5829737 0.5491878 0.5491878 0.5491878 0.5389526 0.5389526 0.5379837 0.5379837 0.5428578 0.5428578 0.5501515 0.5501515 0.5577930 0.5577930 0.5577930
