cruce_test.gid/Rasters/Hydraulic/Depth____000325.asc
NCOLS        79
NROWS        79
XLLCENTER         -1.500000
YLLCENTER         -4.800000
CELLSIZE           0.100
NODATA_VALUE     -9999.0
[rows 0 to 25 of 79, columns 0 to 58 of 79]
-9999.000 -9999.000 -9999.000 -9999.000 -9999.000 -9999.000 -9999.000 -9999.000 -9999.000 -9999.000 -9999.000 -9999.000 -9999.000 -9999.000 -9999.000 0.6783168 0.6786913 0.6787119 0.6785906 0.6783974 0.6781623 0.6779004 0.6776368 0.6773739 0.6771210 0.6768841 0.6766586 0.6764102 0.6760319 0.6759835 0.6759835 -9999.000 -9999.000 -9999.000 -9999.000 -9999.000 -9999.000 -9999.000 -9999.000 -9999.000 -9999.000 -9999.000 -9999.000 -9999.000 -9999.000 -9999.000 -9999.000 -9999.000 -9999.000 -9999.000 -9999.000 -9999.000 -9999.000 -9999.000 -9999.000 -9999.000 -9999.000 -9999.000 -9999.000
-9999.000 -9999.000 -9999.000 -9999.000 -9999.000 -9999.000 -9999.000 -9999.000 -9999.000 -9999.000 -9999.000 -9999.000 -9999.000 -9999.000 -9999.000 0.6800742 0.6804338 0.6804498 0.6803503 0.6801956 0.6800102 0.6798060 0.6796033 0.6794031 0.6792125 0.6790362 0.6788698 0.6786825 0.6783785 0.6784118 0.6784118 -9999.000 -9999.000 -9999.000 -9999.000 -9999.000 -9999.000 -9999.000 -9999.000 -9999.000 -9999.000 -9999.000 -9999.000 -9999.000 -9999.000 -9999.000 -9999.000 -9999.000 -9999.000 -9999.000 -9999.000 -9999.000 -9999.000 -9999.000 -9999.000 -9999.000 -9999.000 -9999.000 -9999.000
-9999.000 -9999.000 -9999.000 -9999.000 -9999.000 -9999.000 -9999.000 -9999.000 -9999.000 -9999.000 -9999.000 -9999.000 -9999.000 -9999.000 -9999.000 0.6819922 0.6823819 0.6824049 0.6823112 0.6821628 0.6819849 0.6817895 0.6815973 0.6814081 0.6812288 0.6810632 0.6809053 0.6807216 0.6804104 0.6804394 0.6804394 -9999.000 -9999.000 -9999.000 -9999.000 -9999.000 -9999.000 -9999.000 -9999.000 -9999.000 -9999.000 -9999.000 -9999.000 -9999.000 -9999.000 -9999.000 -9999.000 -9999.000 -9999.000 -9999.000 -9999.000 -9999.000 -9999.000 -9999.000 -9999.000 -9999.000 -9999.000 -9999.000 -9999.000
-9999.000 -9999.000 -9999.000 -9999.000 -9999.000 -9999.000 -9999.000 -9999.000 -9999.000 -9999.000 -9999.000 -9999.000 -9999.000 -9999.000 -9999.000 0.6839598 0.6843672 0.6843928 0.6842995 0.6841513 0.6839738 0.6837791 0.6835885 0.6834012 0.6832238 0.6830602 0.6829031 0.6827165 0.6823919 0.6823992 0.6823992 -9999.000 -9999.000 -9999.000 -9999.000 -9999.000 -9999.000 -9999.000 -9999.000 -9999.000 -9999.000 -9999.000 -9999.000 -9999.000 -9999.000 -9999.000 -9999.000 -9999.000 -9999.000 -9999.000 -9999.000 -9999.000 -9999.000 -9999.000 -9999.000 -9999.000 -9999.000 -9999.000 -9999.000
-9999.000 -9999.000 -9999.000 -9999.000 -9999.000 -9999.000 -9999.000 -9999.000 -9999.000 -9999.000 -9999.000 -9999.000 -9999.000 -9999.000 -9999.000 0.6859481 0.6863676 0.6863934 0.6862978 0.6861467 0.6859662 0.6857681 0.6855751 0.6853851 0.6852055 0.6850398 0.6848797 0.6846867 0.6843434 0.6843144 0.6843144 -9999.000 -9999.000 -9999.000 -9999.000 -9999.000 -9999.000 -9999.000 -9999.000 -9999.000 -9999.000 -9999.000 -9999.000 -9999.000 -9999.000 -9999.000 -9999.000 -9999.000 -9999.000 -9999.000 -9999.000 -9999.000 -9999.000 -9999.000 -9999.000 -9999.000 -9999.000 -9999.000 -9999.000
-9999.000 -9999.000 -9999.000 -9999.000 -9999.000 -9999.000 -9999.000 -9999.000 -9999.000 -9999.000 -9999.000 -9999.000 -9999.000 -9999.000 -9999.000 0.6879435 0.6883724 0.6883969 0.6882976 0.6881421 0.6879566 0.6877531 0.6875557 0.6873611 0.6871771 0.6870071 0.6868420 0.6866398 0.6862732 0.6861934 0.6861934 -9999.000 -9999.000 -9999.000 -9999.000 -9999.000 -9999.000 -9999.000 -9999.000 -9999.000 -9999.000 -9999.000 -9999.000 -9999.000 -9999.000 -9999.000 -9999.000 -9999.000 -9999.000 -9999.000 -9999.000 -9999.000 -9999.000 -9999.000 -9999.000 -9999.000 -9999.000 -9999.000 -9999.000
-9999.000 -9999.000 -9999.000 -9999.000 -9999.000 -9999.000 -9999.000 -9999.000 -9999.000 -9999.000 -9999.000 -9999.000 -9999.000 -9999.000 -9999.000 0.6899394 0.6903762 0.6903984 0.6902944 0.6901334 0.6899421 0.6897321 0.6895294 0.6893287 0.6891391 0.6889638 0.6887923 0.6885788 0.6881837 0.6880361 0.6880361 -9999.000 -9999.000 -9999.000 -9999.000 -9999.000 -9999.000 -9999.000 -9999.000 -9999.000 -9999.000 -9999.000 -9999.000 -9999.000 -9999.000 -9999.000 -9999.000 -9999.000 -9999.000 -9999.000 -9999.000 -9999.000 -9999.000 -9999.000 -9999.000 -9999.000 -9999.000 -9999.000 -9999.000
-9999.000 -9999.000 -9999.000 -9999.000 -9999.000 -9999.000 -9999.000 -9999.000 -9999.000 -9999.000 -9999.000 -9999.000 -9999.000 -9999.000 -9999.000 0.6919322 0.6923760 0.6923950 0.6922854 0.6921185 0.6919206 0.6917036 0.6914948 0.6912873 0.6910913 0.6909097 0.6907308 0.6905036 0.6900742 0.6898368 0.6898368 -9999.000 -9999.000 -9999.000 -9999.000 -9999.000 -9999.000 -9999.000 -9999.000 -9999.000 -9999.000 -9999.000 -9999.000 -9999.000 -9999.000 -9999.000 -9999.000 -9999.000 -9999.000 -9999.000 -9999.000 -9999.000 -9999.000 -9999.000 -9999.000 -9999.000 -9999.000 -9999.000 -9999.000
-9999.000 -9999.000 -9999.000 -9999.000 -9999.000 -9999.000 -9999.000 -9999.000 -9999.000 -9999.000 -9999.000 -9999.000 -9999.000 -9999.000 -9999.000 0.6939195 0.6943699 0.6943846 0.6942688 0.6940954 0.6938906 0.6936657 0.6934507 0.6932357 0.6930324 0.6928438 0.6926561 0.6924127 0.6919422 0.6915854 0.6915854 -9999.000 -9999.000 -9999.000 -9999.000 -9999.000 -9999.000 -9999.000 -9999.000 -9999.000 -9999.000 -9999.000 -9999.000 -9999.000 -9999.000 -9999.000 -9999.000 -9999.000 -9999.000 -9999.000 -9999.000 -9999.000 -9999.000 -9999.000 -9999.000 -9999.000 -9999.000 -9999.000 -9999.000
-9999.000 -9999.000 -9999.000 -9999.000 -9999.000 -9999.000 -9999.000 -9999.000 -9999.000 -9999.000 -9999.000 -9999.000 -9999.000 -9999.000 -9999.000 0.6958995 0.6963562 0.6963657 0.6962427 0.6960623 0.6958501 0.6956169 0.6953954 0.6951720 0.6949608 0.6947642 0.6945664 0.6943037 0.6937834 0.6932668 0.6932668 -9999.000 -9999.000 -9999.000 -9999.000 -9999.000 -9999.000 -9999.000 -9999.000 -9999.000 -9999.000 -9999.000 -9999.000 -9999.000 -9999.000 -9999.000 -9999.000 -9999.000 -9999.000 -9999.000 -9999.000 -9999.000 -9999.000 -9999.000 -9999.000 -9999.000 -9999.000 -9999.000 -9999.000
-9999.000 -9999.000 -9999.000 -9999.000 -9999.000 -9999.000 -9999.000 -9999.000 -9999.000 -9999.000 -9999.000 -9999.000 -9999.000 -9999.000 -9999.000 0.6978696 0.6983331 0.6983360 0.6982051 0.6980171 0.6977969 0.6975548 0.6973264 0.6970938 0.6968739 0.6966684 0.6964588 0.6961728 0.6955921 0.6948582 0.6948582 -9999.000 -9999.000 -9999.000 -9999.000 -9999.000 -9999.000 -9999.000 -9999.000 -9999.000 -9999.000 -9999.000 -9999.000 -9999.000 -9999.000 -9999.000 -9999.000 -9999.000 -9999.000 -9999.000 -9999.000 -9999.000 -9999.000 -9999.000 -9999.000 -9999.000 -9999.000 -9999.000 -9999.000
-9999.000 -9999.000 -9999.000 -9999.000 -9999.000 -9999.000 -9999.000 -9999.000 -9999.000 -9999.000 -9999.000 -9999.000 -9999.000 -9999.000 -9999.000 0.6998268 0.7002977 0.7002929 0.7001529 0.6999568 0.6997282 0.6994763 0.6992409 0.6989980 0.6987684 0.6985527 0.6983292 0.6980149 0.6973602 0.6963256 0.6963256 -9999.000 -9999.000 -9999.000 -9999.000 -9999.000 -9999.000 -9999.000 -9999.000 -9999.000 -9999.000 -9999.000 -9999.000 -9999.000 -9999.000 -9999.000 -9999.000 -9999.000 -9999.000 -9999.000 -9999.000 -9999.000 -9999.000 -9999.000 -9999.000 -9999.000 -9999.000 -9999.000 -9999.000
-9999.000 -9999.000 -9999.000 -9999.000 -9999.000 -9999.000 -9999.000 -9999.000 -9999.000 -9999.000 -9999.000 -9999.000 -9999.000 -9999.000 -9999.000 0.7017670 0.7022465 0.7022326 0.7020824 0.7018774 0.7016397 0.7013772 0.7011344 0.7008801 0.7006394 0.7004120 0.7001716 0.6998224 0.6990755 0.6976150 0.6976150 -9999.000 -9999.000 -9999.000 -9999.000 -9999.000 -9999.000 -9999.000 -9999.000 -9999.000 -9999.000 -9999.000 -9999.000 -9999.000 -9999.000 -9999.000 -9999.000 -9999.000 -9999.000 -9999.000 -9999.000 -9999.000 -9999.000 -9999.000 -9999.000 -9999.000 -9999.000 -9999.000 -9999.000
-9999.000 -9999.000 -9999.000 -9999.000 -9999.000 -9999.000 -9999.000 -9999.000 -9999.000 -9999.000 -9999.000 -9999.000 -9999.000 -9999.000 -9999.000 0.7036620 0.7041621 0.7041436 0.7039867 0.7037752 0.7035291 0.7032556 0.7030049 0.7027366 0.7024825 0.7022405 0.7019788 0.7015849 0.7007211 0.6986432 0.6986432 -9999.000 -9999.000 -9999.000 -9999.000 -9999.000 -9999.000 -9999.000 -9999.000 -9999.000 -9999.000 -9999.000 -9999.000 -9999.000 -9999.000 -9999.000 -9999.000 -9999.000 -9999.000 -9999.000 -9999.000 -9999.000 -9999.000 -9999.000 -9999.000 -9999.000 -9999.000 -9999.000 -9999.000
-9999.000 -9999.000 -9999.000 -9999.000 -9999.000 -9999.000 -9999.000 -9999.000 -9999.000 -9999.000 -9999.000 -9999.000 -9999.000 -9999.000 -9999.000 0.7005503 0.7046713 0.7064084 0.7068620 0.7066418 0.7063286 0.7059447 0.7055700 0.7051641 0.7047764 0.7044095 0.7040256 0.7034766 0.7023148 0.6986102 0.6986102 -9999.000 -9999.000 -9999.000 -9999.000 -9999.000 -9999.000 -9999.000 -9999.000 -9999.000 -9999.000 -9999.000 -9999.000 -9999.000 -9999.000 -9999.000 -9999.000 -9999.000 -9999.000 -9999.000 -9999.000 -9999.000 -9999.000 -9999.000 -9999.000 -9999.000 -9999.000 -9999.000 -9999.000
0.7690834 0.7690834 0.7753787 0.7612007 0.7533759 0.7533759 0.7498785 0.7445163 0.7445163 0.7402191 0.7402191 0.7366472 0.7350640 0.7335897 0.7321753 0.7321753 0.7090566 0.7078404 0.7072394 0.7079310 0.7091125 0.7106731 0.7130644 0.7153990 0.7178569 0.7201968 0.7218394 0.7212250 0.7141746 0.6843299 0.6843299 0.4780102 0.4429734 0.4228776 0.4162157 0.4162157 0.4061889 0.4061889 0.4105047 0.4105047 0.4224342 0.4729608 0.4729608 0.5774388 0.5774388 0.6168793 0.6168793 0.6168793 0.6153375 0.6153375 0.6047566 0.6047566 0.5910595 0.5910595 0.5770249 0.5770249 0.5642813 0.5642813 0.5642813
0.7662434 0.7662434 0.7738732 0.7591999 0.7525859 0.7525859 0.7489258 0.7434924 0.7434924 0.7392006 0.7392006 0.7356423 0.7340657 0.7325979 0.7311903 0.7311903 0.7111107 0.7064183 0.7022081 0.6988229 0.6960998 0.6941197 0.6931736 0.6930290 0.6937488 0.6952358 0.6971985 0.6989125 0.6986166 0.6860171 0.6860171 0.5458329 0.4927561 0.4410507 0.4267765 0.4267765 0.4110321 0.4110321 0.4143472 0.4143472 0.4254580 0.4693556 0.4693556 0.5518019 0.5518019 0.6147102 0.6147102 0.6147102 0.6152270 0.6152270 0.6050641 0.6050641 0.5914565 0.5914565 0.5775336 0.5775336 0.5648339 0.5648339 0.5648339
0.7651941 0.7651941 0.7733053 0.7586616 0.7527850 0.7527850 0.7490249 0.7434813 0.7434813 0.7391689 0.7391689 0.7356030 0.7340226 0.7325498 0.7311337 0.7311337 0.7125878 0.7048284 0.6974475 0.6909047 0.6853032 0.6807290 0.6773745 0.6751471 0.6740563 0.6740555 0.6749564 0.6762256 0.6764678 0.6688414 0.6688414 0.5790263 0.5242218 0.4589447 0.4396272 0.4396272 0.4206678 0.4206678 0.4276837 0.4276837 0.4406123 0.4801650 0.4801650 0.5406874 0.5406874 0.6077398 0.6077398 0.6077398 0.6125736 0.6125736 0.6040822 0.6040822 0.5910617 0.5910617 0.5773895 0.5773895 0.5648450 0.5648450 0.5648450
0.7646635 0.7646635 0.7732237 0.7583562 0.7529965 0.7529965 0.7491785 0.7435206 0.7435206 0.7391827 0.7391827 0.7356083 0.7340248 0.7325494 0.7311233 0.7311233 0.7132789 0.7027876 0.6923988 0.6828787 0.6745538 0.6675726 0.6620762 0.6580228 0.6553711 0.6540523 0.6539069 0.6545267 0.6548422 0.6499252 0.6499252 0.5926634 0.5439559 0.4764048 0.4555214 0.4555214 0.4389265 0.4389265 0.4529554 0.4529554 0.4671342 0.4985285 0.4985285 0.5363964 0.5363964 0.5952347 0.5952347 0.5952347 0.6053060 0.6053060 0.6002404 0.6002404 0.5889081 0.5889081 0.5761063 0.5761063 0.5641631 0.5641631 0.5641631
0.7641022 0.7641022 0.7731184 0.7581669 0.7531636 0.7531636 0.7493039 0.7435375 0.7435375 0.7391820 0.7391820 0.7356097 0.7340267 0.7325515 0.7311119 0.7311119 0.7128502 0.6998466 0.6866301 0.6742754 0.6632922 0.6539157 0.6462886 0.6404116 0.6362336 0.6336666 0.6325526 0.6325524 0.6328340 0.6298847 0.6298847 0.5933763 0.5534592 0.4917690 0.4738883 0.4738883 0.4680340 0.4680340 0.4893225 0.4893225 0.5015427 0.5195412 0.5195412 0.5365937 0.5365937 0.5798241 0.5798241 0.5798241 0.5937899 0.5937899 0.5932693 0.5932693 0.5848485 0.5848485 0.5737581 0.5737581 0.5629875 0.5629875 0.5629875
0.7636852 0.7636852 0.7730917 0.7580287 0.7532848 0.7532848 0.7494079 0.7435555 0.7435555 0.7391817 0.7391817 0.7356101 0.7340273 0.7325521 0.7310925 0.7310925 0.7110232 0.6955638 0.6796827 0.6646740 0.6511688 0.6394725 0.6297470 0.6220296 0.6162852 0.6124288 0.6103131 0.6096529 0.6097984 0.6082783 0.6082783 0.5854686 0.5549666 0.5065753 0.4974487 0.4974487 0.5093585 0.5093585 0.5314217 0.5314217 0.5373443 0.5392657 0.5392657 0.5396791 0.5396791 0.5648710 0.5648710 0.5648710 0.5797075 0.5797075 0.5834723 0.5834723 0.5787963 0.5787963 0.5702744 0.5702744 0.5613334 0.5613334 0.5613334
0.7634345 0.7634345 0.7730943 0.7579443 0.7533556 0.7533556 0.7494720 0.7435660 0.7435660 0.7391812 0.7391812 0.7356104 0.7340279 0.7325522 0.7310635 0.7310635 0.7075117 0.6894916 0.6710536 0.6535801 0.6377478 0.6238927 0.6121877 0.6026916 0.5953899 0.5902137 0.5870379 0.5856302 0.5854968 0.5849625 0.5849625 0.5715480 0.5507792 0.5257344 0.5318556 0.5318556 0.5601084 0.5601084 0.5712879 0.5712879 0.5684858 0.5559464 0.5559464 0.5445280 0.5445280 0.5527044 0.5527044 0.5527044 0.5651339 0.5651339 0.5716646 0.5716646 0.5708641 0.5708641 0.5655898 0.5655898 0.5591556 0.5591556 0.5591556
0.7633504 0.7633504 0.7730973 0.7579167 0.7533800 0.7533800 0.7494944 0.7435689 0.7435689 0.7391797 0.7391797 0.7356097 0.7340273 0.7325518 0.7310228 0.7310228 0.7019432 0.6811192 0.6601657 0.6404096 0.6224879 0.6067143 0.5932431 0.5821324 0.5733768 0.5669246 0.5626764 0.5604540 0.5599090 0.5600499 0.5600499 0.5536352 0.5440729 0.5574889 0.5817538 0.5817538 0.6112362 0.6112362 0.6029601 0.6029601 0.5924542 0.5696515 0.5696515 0.5503877 0.5503877 0.5442111 0.5442111 0.5442111 0.5518383 0.5518383 0.5589935 0.5589935 0.5614465 0.5614465 0.5597574 0.5597574 0.5564296 0.5564296 0.5564296
0.7634343 0.7634343 0.7730945 0.7579442 0.7533556 0.7533556 0.7494721 0.7435659 0.7435659 0.7391811 0.7391811 0.7356105 0.7340279 0.7325523 0.7309664 0.7309664 0.6937758 0.6697946 0.6463158 0.6244608 0.6047316 0.5873548 0.5724264 0.5599727 0.5499776 0.5423959 0.5371508 0.5341147 0.5331003 0.5339079 0.5339079 0.5342304 0.5409898 0.6091533 0.6430421 0.6430421 0.6520879 0.6520879 0.6254795 0.6254795 0.6101038 0.5810673 0.5810673 0.5566662 0.5566662 0.5391700 0.5391700 0.5391700 0.5409000 0.5409000 0.5466622 0.5466622 0.5512100 0.5512100 0.5530143 0.5530143 0.5532050 0.5532050 0.5532050
0.7636852 0.7636852 0.7730918 0.7580288 0.7532848 0.7532848 0.7494079 0.7435552 0.7435552 0.7391818 0.7391818 0.7356102 0.7340275 0.7325523 0.7308871 0.7308871 0.6821783 0.6546158 0.6285942 0.6048601 0.5836723 0.5650968 0.5491226 0.5357096 0.5248067 0.5163586 0.5103005 0.5065547 0.5051855 0.5074683 0.5074683 0.5184154 0.5538930 0.6765617 0.6998528 0.6998528 0.6786015 0.6786015 0.6411673 0.6411673 0.6233478 0.5906900 0.5906900 0.5628349 0.5628349 0.5368027 0.5368027 0.5368027 0.5326755 0.5326755 0.5356666 0.5356666 0.5409939 0.5409939 0.5458059 0.5458059 0.5496460 0.5496460 0.5496460
0.7641020 0.7641020 0.7731186 0.7581672 0.7531636 0.7531636 0.7493038 0.7435371 0.7435371 0.7391821 0.7391821 0.7356100 0.7340270 0.7325516 0.7307752 0.7307752 0.6658173 0.6342499 0.6057472 0.5804660 0.5582913 0.5390462 0.5225612 0.5086953 0.4973395 0.4884111 0.4818443 0.4776282 0.4764558 0.4836410 0.4836410 0.5185859 0.5999637 0.7383971 0.7363836 0.7363836 0.6942976 0.6942976 0.6524577 0.6524577 0.6335672 0.5986716 0.5986716 0.5684459 0.5684459 0.5362136 0.5362136 0.5362136 0.5269893 0.5269893 0.5266424 0.5266424 0.5316528 0.5316528 0.5387447 0.5387447 0.5460427 0.5460427 0.5460427
