cruce_test.gid/Rasters/Hydraulic/Depth____000263.asc
NCOLS        79
NROWS        79
XLLCENTER         -1.500000
YLLCENTER         -4.800000
CELLSIZE           0.100
NODATA_VALUE     -9999.0
[rows 0 to 25 of 79, columns 0 to 58 of 79]
-9999.000 -9999.000 -9999.000 -9999.000 -9999.000 -9999.000 -9999.000 -9999.000 -9999.000 -9999.000 -9999.000 -9999.000 -9999.000 -9999.000 -9999.000 0.7299420 0.7304521 0.7306409 0.7306212 0.7304254 0.7301520 0.7298466 0.7295288 0.7292288 0.7289434 0.7286794 0.7284357 0.7281823 0.7278093 0.7277731 0.7277731 -9999.000 -9999.000 -9999.000 -9999.000 -9999.000 -9999.000 -9999.000 -9999.000 -9999.000 -9999.000 -9999.000 -9999.000 -9999.000 -9999.000 -9999.000 -9999.000 -9999.000 -9999.000 -9999.000 -9999.000 -9999.000 -9999.000 -9999.000 -9999.000 -9999.000 -9999.000 -9999.000 -9999.000
-9999.000 -9999.000 -9999.000 -9999.000 -9999.000 -9999.000 -9999.000 -9999.000 -9999.000 -9999.000 -9999.000 -9999.000 -9999.000 -9999.000 -9999.000 0.7317368 0.7322014 0.7323551 0.7323374 0.7321783 0.7319613 0.7317235 0.7314795 0.7312534 0.7310408 0.7308467 0.7306690 0.7304806 0.7301836 0.7302340 0.7302340 -9999.000 -9999.000 -9999.000 -9999.000 -9999.000 -9999.000 -9999.000 -9999.000 -9999.000 -9999.000 -9999.000 -9999.000 -9999.000 -9999.000 -9999.000 -9999.000 -9999.000 -9999.000 -9999.000 -9999.000 -9999.000 -9999.000 -9999.000 -9999.000 -9999.000 -9999.000 -9999.000 -9999.000
-9999.000 -9999.000 -9999.000 -9999.000 -9999.000 -9999.000 -9999.000 -9999.000 -9999.000 -9999.000 -9999.000 -9999.000 -9999.000 -9999.000 -9999.000 0.7336460 0.7341467 0.7343118 0.7343023 0.7341486 0.7339375 0.7337068 0.7334712 0.7332551 0.7330527 0.7328683 0.7326986 0.7325140 0.7322110 0.7322574 0.7322574 -9999.000 -9999.000 -9999.000 -9999.000 -9999.000 -9999.000 -9999.000 -9999.000 -9999.000 -9999.000 -9999.000 -9999.000 -9999.000 -9999.000 -9999.000 -9999.000 -9999.000 -9999.000 -9999.000 -9999.000 -9999.000 -9999.000 -9999.000 -9999.000 -9999.000 -9999.000 -9999.000 -9999.000
-9999.000 -9999.000 -9999.000 -9999.000 -9999.000 -9999.000 -9999.000 -9999.000 -9999.000 -9999.000 -9999.000 -9999.000 -9999.000 -9999.000 -9999.000 0.7356065 0.7361300 0.7363012 0.7362938 0.7361389 0.7359266 0.7356952 0.7354592 0.7352440 0.7350425 0.7348587 0.7346890 0.7345017 0.7341865 0.7342114 0.7342114 -9999.000 -9999.000 -9999.000 -9999.000 -9999.000 -9999.000 -9999.000 -9999.000 -9999.000 -9999.000 -9999.000 -9999.000 -9999.000 -9999.000 -9999.000 -9999.000 -9999.000 -9999.000 -9999.000 -9999.000 -9999.000 -9999.000 -9999.000 -9999.000 -9999.000 -9999.000 -9999.000 -9999.000
-9999.000 -9999.000 -9999.000 -9999.000 -9999.000 -9999.000 -9999.000 -9999.000 -9999.000 -9999.000 -9999.000 -9999.000 -9999.000 -9999.000 -9999.000 0.7375868 0.7381278 0.7383027 0.7382944 0.7381349 0.7379178 0.7376819 0.7374416 0.7372234 0.7370184 0.7368315 0.7366583 0.7364646 0.7361323 0.7361215 0.7361215 -9999.000 -9999.000 -9999.000 -9999.000 -9999.000 -9999.000 -9999.000 -9999.000 -9999.000 -9999.000 -9999.000 -9999.000 -9999.000 -9999.000 -9999.000 -9999.000 -9999.000 -9999.000 -9999.000 -9999.000 -9999.000 -9999.000 -9999.000 -9999.000 -9999.000 -9999.000 -9999.000 -9999.000
-9999.000 -9999.000 -9999.000 -9999.000 -9999.000 -9999.000 -9999.000 -9999.000 -9999.000 -9999.000 -9999.000 -9999.000 -9999.000 -9999.000 -9999.000 0.7395734 0.7401296 0.7403063 0.7402954 0.7401296 0.7399060 0.7396640 0.7394174 0.7391944 0.7389840 0.7387921 0.7386134 0.7384111 0.7380572 0.7379971 0.7379971 -9999.000 -9999.000 -9999.000 -9999.000 -9999.000 -9999.000 -9999.000 -9999.000 -9999.000 -9999.000 -9999.000 -9999.000 -9999.000 -9999.000 -9999.000 -9999.000 -9999.000 -9999.000 -9999.000 -9999.000 -9999.000 -9999.000 -9999.000 -9999.000 -9999.000 -9999.000 -9999.000 -9999.000
-9999.000 -9999.000 -9999.000 -9999.000 -9999.000 -9999.000 -9999.000 -9999.000 -9999.000 -9999.000 -9999.000 -9999.000 -9999.000 -9999.000 -9999.000 0.7415602 0.7421301 0.7423075 0.7422928 0.7421193 0.7418883 0.7416393 0.7413855 0.7411571 0.7409403 0.7407422 0.7405570 0.7403442 0.7399642 0.7398387 0.7398387 -9999.000 -9999.000 -9999.000 -9999.000 -9999.000 -9999.000 -9999.000 -9999.000 -9999.000 -9999.000 -9999.000 -9999.000 -9999.000 -9999.000 -9999.000 -9999.000 -9999.000 -9999.000 -9999.000 -9999.000 -9999.000 -9999.000 -9999.000 -9999.000 -9999.000 -9999.000 -9999.000 -9999.000
-9999.000 -9999.000 -9999.000 -9999.000 -9999.000 -9999.000 -9999.000 -9999.000 -9999.000 -9999.000 -9999.000 -9999.000 -9999.000 -9999.000 -9999.000 0.7435439 0.7441270 0.7443036 0.7442840 0.7441016 0.7438628 0.7436063 0.7433447 0.7431107 0.7428869 0.7426820 0.7424893 0.7422643 0.7418533 0.7416419 0.7416419 -9999.000 -9999.000 -9999.000 -9999.000 -9999.000 -9999.000 -9999.000 -9999.000 -9999.000 -9999.000 -9999.000 -9999.000 -9999.000 -9999.000 -9999.000 -9999.000 -9999.000 -9999.000 -9999.000 -9999.000 -9999.000 -9999.000 -9999.000 -9999.000 -9999.000 -9999.000 -9999.000 -9999.000
-9999.000 -9999.000 -9999.000 -9999.000 -9999.000 -9999.000 -9999.000 -9999.000 -9999.000 -9999.000 -9999.000 -9999.000 -9999.000 -9999.000 -9999.000 0.7455229 0.7461184 0.7462931 0.7462673 0.7460750 0.7458278 0.7455635 0.7452937 0.7450540 0.7448227 0.7446105 0.7444095 0.7441703 0.7437223 0.7433980 0.7433980 -9999.000 -9999.000 -9999.000 -9999.000 -9999.000 -9999.000 -9999.000 -9999.000 -9999.000 -9999.000 -9999.000 -9999.000 -9999.000 -9999.000 -9999.000 -9999.000 -9999.000 -9999.000 -9999.000 -9999.000 -9999.000 -9999.000 -9999.000 -9999.000 -9999.000 -9999.000 -9999.000 -9999.000
-9999.000 -9999.000 -9999.000 -9999.000 -9999.000 -9999.000 -9999.000 -9999.000 -9999.000 -9999.000 -9999.000 -9999.000 -9999.000 -9999.000 -9999.000 0.7474955 0.7481030 0.7482741 0.7482409 0.7480375 0.7477814 0.7475091 0.7472308 0.7469854 0.7467459 0.7465259 0.7463158 0.7460602 0.7455680 0.7450940 0.7450940 -9999.000 -9999.000 -9999.000 -9999.000 -9999.000 -9999.000 -9999.000 -9999.000 -9999.000 -9999.000 -9999.000 -9999.000 -9999.000 -9999.000 -9999.000 -9999.000 -9999.000 -9999.000 -9999.000 -9999.000 -9999.000 -9999.000 -9999.000 -9999.000 -9999.000 -9999.000 -9999.000 -9999.000
-9999.000 -9999.000 -9999.000 -9999.000 -9999.000 -9999.000 -9999.000 -9999.000 -9999.000 -9999.000 -9999.000 -9999.000 -9999.000 -9999.000 -9999.000 0.7494597 0.7500792 0.7502450 0.7502029 0.7499869 0.7497213 0.7494407 0.7491535 0.7489027 0.7486544 0.7484260 0.7482058 0.7479308 0.7473854 0.7467105 0.7467105 -9999.000 -9999.000 -9999.000 -9999.000 -9999.000 -9999.000 -9999.000 -9999.000 -9999.000 -9999.000 -9999.000 -9999.000 -9999.000 -9999.000 -9999.000 -9999.000 -9999.000 -9999.000 -9999.000 -9999.000 -9999.000 -9999.000 -9999.000 -9999.000 -9999.000 -9999.000 -9999.000 -9999.000
-9999.000 -9999.000 -9999.000 -9999.000 -9999.000 -9999.000 -9999.000 -9999.000 -9999.000 -9999.000 -9999.000 -9999.000 -9999.000 -9999.000 -9999.000 0.7514133 0.7520446 0.7522033 0.7521507 0.7519205 0.7516448 0.7513554 0.7510589 0.7508029 0.7505450 0.7503074 0.7500756 0.7497776 0.7491677 0.7482183 0.7482183 -9999.000 -9999.000 -9999.000 -9999.000 -9999.000 -9999.000 -9999.000 -9999.000 -9999.000 -9999.000 -9999.000 -9999.000 -9999.000 -9999.000 -9999.000 -9999.000 -9999.000 -9999.000 -9999.000 -9999.000 -9999.000 -9999.000 -9999.000 -9999.000 -9999.000 -9999.000 -9999.000 -9999.000
-9999.000 -9999.000 -9999.000 -9999.000 -9999.000 -9999.000 -9999.000 -9999.000 -9999.000 -9999.000 -9999.000 -9999.000 -9999.000 -9999.000 -9999.000 0.7533503 0.7539946 0.7541447 0.7540805 0.7538348 0.7535484 0.7532500 0.7529433 0.7526824 0.7524136 0.7521657 0.7519204 0.7515943 0.7509051 0.7495731 0.7495731 -9999.000 -9999.000 -9999.000 -9999.000 -9999.000 -9999.000 -9999.000 -9999.000 -9999.000 -9999.000 -9999.000 -9999.000 -9999.000 -9999.000 -9999.000 -9999.000 -9999.000 -9999.000 -9999.000 -9999.000 -9999.000 -9999.000 -9999.000 -9999.000 -9999.000 -9999.000 -9999.000 -9999.000
-9999.000 -9999.000 -9999.000 -9999.000 -9999.000 -9999.000 -9999.000 -9999.000 -9999.000 -9999.000 -9999.000 -9999.000 -9999.000 -9999.000 -9999.000 0.7550985 0.7558022 0.7560024 0.7559980 0.7557627 0.7554675 0.7551586 0.7548379 0.7545681 0.7542822 0.7540185 0.7537537 0.7533898 0.7525994 0.7507244 0.7507244 -9999.000 -9999.000 -9999.000 -9999.000 -9999.000 -9999.000 -9999.000 -9999.000 -9999.000 -9999.000 -9999.000 -9999.000 -9999.000 -9999.000 -9999.000 -9999.000 -9999.000 -9999.000 -9999.000 -9999.000 -9999.000 -9999.000 -9999.000 -9999.000 -9999.000 -9999.000 -9999.000 -9999.000
-9999.000 -9999.000 -9999.000 -9999.000 -9999.000 -9999.000 -9999.000 -9999.000 -9999.000 -9999.000 -9999.000 -9999.000 -9999.000 -9999.000 -9999.000 0.7459722 0.7538336 0.7580184 0.7603291 0.7604558 0.7597245 0.7589765 0.7582404 0.7576148 0.7570165 0.7564929 0.7560076 0.7554249 0.7543061 0.7509053 0.7509053 -9999.000 -9999.000 -9999.000 -9999.000 -9999.000 -9999.000 -9999.000 -9999.000 -9999.000 -9999.000 -9999.000 -9999.000 -9999.000 -9999.000 -9999.000 -9999.000 -9999.000 -9999.000 -9999.000 -9999.000 -9999.000 -9999.000 -9999.000 -9999.000 -9999.000 -9999.000 -9999.000 -9999.000
0.8413256 0.8413256 0.8361129 0.8284915 0.8199430 0.8199430 0.8163418 0.8108636 0.8108636 0.8064659 0.8064659 0.8028132 0.8011949 0.7996865 0.7981900 0.7981900 0.7614006 0.7599860 0.7585377 0.7581727 0.7594868 0.7612710 0.7633722 0.7664232 0.7691584 0.7718777 0.7740907 0.7743677 0.7684811 0.7399068 0.7399068 0.5250877 0.4864431 0.4622355 0.4540094 0.4540094 0.4405482 0.4405482 0.4401264 0.4401264 0.4495070 0.4951600 0.4951600 0.5873851 0.5873851 0.6633361 0.6633361 0.6633361 0.6667404 0.6667404 0.6571525 0.6571525 0.6426555 0.6426555 0.6271626 0.6271626 0.6126655 0.6126655 0.6126655
0.8385527 0.8385527 0.8340911 0.8264242 0.8190613 0.8190613 0.8152850 0.8097398 0.8097398 0.8053545 0.8053545 0.8017203 0.8001110 0.7986111 0.7971240 0.7971240 0.7654055 0.7593002 0.7540162 0.7496427 0.7464823 0.7441940 0.7427755 0.7425414 0.7430958 0.7444969 0.7465361 0.7485644 0.7487765 0.7396112 0.7396112 0.5948158 0.5385627 0.4818990 0.4656389 0.4656389 0.4459563 0.4459563 0.4448046 0.4448046 0.4537062 0.4942302 0.4942302 0.5677640 0.5677640 0.6575509 0.6575509 0.6575509 0.6655130 0.6655130 0.6571612 0.6571612 0.6430539 0.6430539 0.6277723 0.6277723 0.6133608 0.6133608 0.6133608
0.8373122 0.8373122 0.8333245 0.8259026 0.8192783 0.8192783 0.8153741 0.8097132 0.8097132 0.8053125 0.8053125 0.8016742 0.8000612 0.7985574 0.7970571 0.7970571 0.7685069 0.7585212 0.7495711 0.7417338 0.7352763 0.7300887 0.7261155 0.7235121 0.7220834 0.7218066 0.7225587 0.7238930 0.7244565 0.7188754 0.7188754 0.6286730 0.5709139 0.5004547 0.4788452 0.4788452 0.4553196 0.4553196 0.4582649 0.4582649 0.4698939 0.5088897 0.5088897 0.5645016 0.5645016 0.6473909 0.6473909 0.6473909 0.6607810 0.6607810 0.6552424 0.6552424 0.6422658 0.6422658 0.6274335 0.6274335 0.6132626 0.6132626 0.6132626
0.8369431 0.8369431 0.8321910 0.8256906 0.8195457 0.8195457 0.8155267 0.8097259 0.8097259 0.8053104 0.8053104 0.8016756 0.8000631 0.7985592 0.7970392 0.7970392 0.7705758 0.7573478 0.7449232 0.7337407 0.7241482 0.7161999 0.7098626 0.7051857 0.7020329 0.7003095 0.6998829 0.7004112 0.7008911 0.6974426 0.6974426 0.6410379 0.5904628 0.5180346 0.4945611 0.4945611 0.4728164 0.4728164 0.4840846 0.4840846 0.4985450 0.5321925 0.5321925 0.5676841 0.5676841 0.6327255 0.6327255 0.6327255 0.6507014 0.6507014 0.6496570 0.6496570 0.6391994 0.6391994 0.6256642 0.6256642 0.6122965 0.6122965 0.6122965
0.8364767 0.8364767 0.8321732 0.8256530 0.8197946 0.8197946 0.8156754 0.8097495 0.8097495 0.8053218 0.8053218 0.8016887 0.8000751 0.7985693 0.7970162 0.7970162 0.7711998 0.7551716 0.7395607 0.7252079 0.7125903 0.7018942 0.6931530 0.6863883 0.6815023 0.6783724 0.6768432 0.6766165 0.6769258 0.6749942 0.6749942 0.6397826 0.5989693 0.5327341 0.5118772 0.5118772 0.5009946 0.5009946 0.5226422 0.5226422 0.5368823 0.5584648 0.5584648 0.5739751 0.5739751 0.6166701 0.6166701 0.6166701 0.6363938 0.6363938 0.6403387 0.6403387 0.6336878 0.6336878 0.6224739 0.6224739 0.6106156 0.6106156 0.6106156
0.8361484 0.8361484 0.8319147 0.8257043 0.8200046 0.8200046 0.8157974 0.8097574 0.8097574 0.8053155 0.8053155 0.8016862 0.8000742 0.7985691 0.7969715 0.7969715 0.7700772 0.7514535 0.7329251 0.7156423 0.7001953 0.6868635 0.6757467 0.6668774 0.6601948 0.6555854 0.6528932 0.6518560 0.6518797 0.6510013 0.6510013 0.6295108 0.5987707 0.5457261 0.5332409 0.5332409 0.5424417 0.5424417 0.5692795 0.5692795 0.5780479 0.5827847 0.5827847 0.5814236 0.5814236 0.6023641 0.6023641 0.6023641 0.6202000 0.6202000 0.6280069 0.6280069 0.6257477 0.6257477 0.6177754 0.6177754 0.6082006 0.6082006 0.6082006
0.8359757 0.8359757 0.8317437 0.8257387 0.8201305 0.8201305 0.8158731 0.8097613 0.8097613 0.8053123 0.8053123 0.8016866 0.8000763 0.7985721 0.7969109 0.7969109 0.7669255 0.7456797 0.7244230 0.7044618 0.6864430 0.6706899 0.6573430 0.6464515 0.6379846 0.6318539 0.6279231 0.6259714 0.6255483 0.6253204 0.6253204 0.6129780 0.5921594 0.5614747 0.5647120 0.5647120 0.5962203 0.5962203 0.6151876 0.6151876 0.6145769 0.6028479 0.6028479 0.5891680 0.5891680 0.5915973 0.5915973 0.5915973 0.6044880 0.6044880 0.6139066 0.6139066 0.6156876 0.6156876 0.6115401 0.6115401 0.6049893 0.6049893 0.6049893
0.8358868 0.8358868 0.8317028 0.8257532 0.8201717 0.8201717 0.8158993 0.8097647 0.8097647 0.8053135 0.8053135 0.8016879 0.8000773 0.7985727 0.7968218 0.7968218 0.7613633 0.7372820 0.7133939 0.6909946 0.6707047 0.6528317 0.6375148 0.6248028 0.6146809 0.6070838 0.6019028 0.5989646 0.5979509 0.5980874 0.5980874 0.5922697 0.5820961 0.5884323 0.6131545 0.6131545 0.6539168 0.6539168 0.6524864 0.6524864 0.6426114 0.6187177 0.6187177 0.5968824 0.5968824 0.5847249 0.5847249 0.5847249 0.5909514 0.5909514 0.5994866 0.5994866 0.6041448 0.6041448 0.6039132 0.6039132 0.6009712 0.6009712 0.6009712
0.8359650 0.8359650 0.8317417 0.8257417 0.8201309 0.8201309 0.8158734 0.8097613 0.8097613 0.8053125 0.8053125 0.8016868 0.8000763 0.7985721 0.7966980 0.7966980 0.7528386 0.7255626 0.6990662 0.6744602 0.6522380 0.6326222 0.6157007 0.6014909 0.5899701 0.5810831 0.5747458 0.5708333 0.5691719 0.5696722 0.5696722 0.5697868 0.5741010 0.6365188 0.6780987 0.6780987 0.7026103 0.7026103 0.6787496 0.6787496 0.6626871 0.6314661 0.6314661 0.6043973 0.6043973 0.5812045 0.5812045 0.5812045 0.5804024 0.5804024 0.5860636 0.5860636 0.5920098 0.5920098 0.5952742 0.5952742 0.5962545 0.5962545 0.5962545
0.8361222 0.8361222 0.8319374 0.8257049 0.8200052 0.8200052 0.8157977 0.8097575 0.8097575 0.8053158 0.8053158 0.8016864 0.8000743 0.7985693 0.7965233 0.7965233 0.7404723 0.7095464 0.6804416 0.6538902 0.6301405 0.6092499 0.5911981 0.5759348 0.5634013 0.5535337 0.5462606 0.5415041 0.5393179 0.5409606 0.5409606 0.5501508 0.5797638 0.7066338 0.7447700 0.7447700 0.7347800 0.7347800 0.6963581 0.6963581 0.6771774 0.6419596 0.6419596 0.6114416 0.6114416 0.5801061 0.5801061 0.5801061 0.5728830 0.5728830 0.5745671 0.5745671 0.5802883 0.5802883 0.5862273 0.5862273 0.5910965 0.5910965 0.5910965
0.8364485 0.8364485 0.8322043 0.8256521 0.8197960 0.8197960 0.8156763 0.8097496 0.8097496 0.8053220 0.8053220 0.8016890 0.8000754 0.7985694 0.7962864 0.7962864 0.7228529 0.6878070 0.6561651 0.6280411 0.6032926 0.5817224 0.5631433 0.5474004 0.5343725 0.5239676 0.5161130 0.5107924 0.5086254 0.5147061 0.5147061 0.5448461 0.6177132 0.7800435 0.7921671 0.7921671 0.7529409 0.7529409 0.7084969 0.7084969 0.6880023 0.6505854 0.6505854 0.6177017 0.6177017 0.5805024 0.5805024 0.5805024 0.5679718 0.5679718 0.5654674 0.5654674 0.5698784 0.5698784 0.5775329 0.5775329 0.5859192 0.5859192 0.5859192
