cruce_test.gid/Rasters/Hydraulic/Depth____000255.asc
NCOLS        79
NROWS        79
XLLCENTER         -1.500000
YLLCENTER         -4.800000
CELLSIZE           0.100
NODATA_VALUE     -9999.0
[rows 0 to 25 of 79, columns 0 to 58 of 79]
-9999.000 -9999.000 -9999.000 -9999.000 -9999.000 -9999.000 -9999.000 -9999.000 -9999.000 -9999.000 -9999.000 -9999.000 -9999.000 -9999.000 -9999.000 0.7365007 0.7370258 0.7372353 0.7372364 0.7370435 0.7367653 0.7364540 0.7361302 0.7358230 0.7355328 0.7352648 0.7350181 0.7347633 0.7343906 0.7343563 0.7343563 -9999.000 -9999.000 -9999.000 -9999.000 -9999.000 -9999.000 -9999.000 -9999.000 -9999.000 -9999.000 -9999.000 -9999.000 -9999.000 -9999.000 -9999.000 -9999.000 -9999.000 -9999.000 -9999.000 -9999.000 -9999.000 -9999.000 -9999.000 -9999.000 -9999.000 -9999.000 -9999.000 -9999.000
-9999.000 -9999.000 -9999.000 -9999.000 -9999.000 -9999.000 -9999.000 -9999.000 -9999.000 -9999.000 -9999.000 -9999.000 -9999.000 -9999.000 -9999.000 0.7383013 0.7387771 0.7389475 0.7389470 0.7387898 0.7385687 0.7383263 0.7380777 0.7378462 0.7376304 0.7374337 0.7372540 0.7370650 0.7367686 0.7368216 0.7368216 -9999.000 -9999.000 -9999.000 -9999.000 -9999.000 -9999.000 -9999.000 -9999.000 -9999.000 -9999.000 -9999.000 -9999.000 -9999.000 -9999.000 -9999.000 -9999.000 -9999.000 -9999.000 -9999.000 -9999.000 -9999.000 -9999.000 -9999.000 -9999.000 -9999.000 -9999.000 -9999.000 -9999.000
-9999.000 -9999.000 -9999.000 -9999.000 -9999.000 -9999.000 -9999.000 -9999.000 -9999.000 -9999.000 -9999.000 -9999.000 -9999.000 -9999.000 -9999.000 0.7402092 0.7407216 0.7409041 0.7409122 0.7407604 0.7405451 0.7403097 0.7400694 0.7398478 0.7396424 0.7394553 0.7392838 0.7390988 0.7387968 0.7388456 0.7388456 -9999.000 -9999.000 -9999.000 -9999.000 -9999.000 -9999.000 -9999.000 -9999.000 -9999.000 -9999.000 -9999.000 -9999.000 -9999.000 -9999.000 -9999.000 -9999.000 -9999.000 -9999.000 -9999.000 -9999.000 -9999.000 -9999.000 -9999.000 -9999.000 -9999.000 -9999.000 -9999.000 -9999.000
-9999.000 -9999.000 -9999.000 -9999.000 -9999.000 -9999.000 -9999.000 -9999.000 -9999.000 -9999.000 -9999.000 -9999.000 -9999.000 -9999.000 -9999.000 0.7421682 0.7427042 0.7428931 0.7429038 0.7427507 0.7425340 0.7422978 0.7420572 0.7418365 0.7416320 0.7414459 0.7412747 0.7410872 0.7407732 0.7408007 0.7408007 -9999.000 -9999.000 -9999.000 -9999.000 -9999.000 -9999.000 -9999.000 -9999.000 -9999.000 -9999.000 -9999.000 -9999.000 -9999.000 -9999.000 -9999.000 -9999.000 -9999.000 -9999.000 -9999.000 -9999.000 -9999.000 -9999.000 -9999.000 -9999.000 -9999.000 -9999.000 -9999.000 -9999.000
-9999.000 -9999.000 -9999.000 -9999.000 -9999.000 -9999.000 -9999.000 -9999.000 -9999.000 -9999.000 -9999.000 -9999.000 -9999.000 -9999.000 -9999.000 0.7441468 0.7447010 0.7448939 0.7449042 0.7447464 0.7445248 0.7442842 0.7440391 0.7438154 0.7436077 0.7434188 0.7432442 0.7430508 0.7427200 0.7427120 0.7427120 -9999.000 -9999.000 -9999.000 -9999.000 -9999.000 -9999.000 -9999.000 -9999.000 -9999.000 -9999.000 -9999.000 -9999.000 -9999.000 -9999.000 -9999.000 -9999.000 -9999.000 -9999.000 -9999.000 -9999.000 -9999.000 -9999.000 -9999.000 -9999.000 -9999.000 -9999.000 -9999.000 -9999.000
-9999.000 -9999.000 -9999.000 -9999.000 -9999.000 -9999.000 -9999.000 -9999.000 -9999.000 -9999.000 -9999.000 -9999.000 -9999.000 -9999.000 -9999.000 0.7461315 0.7467015 0.7468969 0.7469049 0.7467406 0.7465124 0.7462655 0.7460142 0.7457857 0.7455729 0.7453790 0.7451993 0.7449976 0.7446457 0.7445885 0.7445885 -9999.000 -9999.000 -9999.000 -9999.000 -9999.000 -9999.000 -9999.000 -9999.000 -9999.000 -9999.000 -9999.000 -9999.000 -9999.000 -9999.000 -9999.000 -9999.000 -9999.000 -9999.000 -9999.000 -9999.000 -9999.000 -9999.000 -9999.000 -9999.000 -9999.000 -9999.000 -9999.000 -9999.000
-9999.000 -9999.000 -9999.000 -9999.000 -9999.000 -9999.000 -9999.000 -9999.000 -9999.000 -9999.000 -9999.000 -9999.000 -9999.000 -9999.000 -9999.000 0.7481163 0.7487010 0.7488973 0.7489020 0.7487298 0.7484939 0.7482399 0.7479814 0.7477474 0.7475284 0.7473284 0.7471423 0.7469304 0.7465529 0.7464306 0.7464306 -9999.000 -9999.000 -9999.000 -9999.000 -9999.000 -9999.000 -9999.000 -9999.000 -9999.000 -9999.000 -9999.000 -9999.000 -9999.000 -9999.000 -9999.000 -9999.000 -9999.000 -9999.000 -9999.000 -9999.000 -9999.000 -9999.000 -9999.000 -9999.000 -9999.000 -9999.000 -9999.000 -9999.000
-9999.000 -9999.000 -9999.000 -9999.000 -9999.000 -9999.000 -9999.000 -9999.000 -9999.000 -9999.000 -9999.000 -9999.000 -9999.000 -9999.000 -9999.000 0.7500983 0.7506970 0.7508929 0.7508931 0.7507117 0.7504676 0.7502061 0.7499397 0.7496998 0.7494738 0.7492669 0.7490733 0.7488493 0.7484413 0.7482337 0.7482337 -9999.000 -9999.000 -9999.000 -9999.000 -9999.000 -9999.000 -9999.000 -9999.000 -9999.000 -9999.000 -9999.000 -9999.000 -9999.000 -9999.000 -9999.000 -9999.000 -9999.000 -9999.000 -9999.000 -9999.000 -9999.000 -9999.000 -9999.000 -9999.000 -9999.000 -9999.000 -9999.000 -9999.000
-9999.000 -9999.000 -9999.000 -9999.000 -9999.000 -9999.000 -9999.000 -9999.000 -9999.000 -9999.000 -9999.000 -9999.000 -9999.000 -9999.000 -9999.000 0.7520759 0.7526878 0.7528821 0.7528765 0.7526848 0.7524318 0.7521623 0.7518876 0.7516416 0.7514082 0.7511937 0.7509917 0.7507536 0.7503090 0.7499891 0.7499891 -9999.000 -9999.000 -9999.000 -9999.000 -9999.000 -9999.000 -9999.000 -9999.000 -9999.000 -9999.000 -9999.000 -9999.000 -9999.000 -9999.000 -9999.000 -9999.000 -9999.000 -9999.000 -9999.000 -9999.000 -9999.000 -9999.000 -9999.000 -9999.000 -9999.000 -9999.000 -9999.000 -9999.000
-9999.000 -9999.000 -9999.000 -9999.000 -9999.000 -9999.000 -9999.000 -9999.000 -9999.000 -9999.000 -9999.000 -9999.000 -9999.000 -9999.000 -9999.000 0.7540472 0.7546720 0.7548630 0.7548504 0.7546470 0.7543846 0.7541070 0.7538235 0.7535715 0.7533299 0.7531072 0.7528957 0.7526411 0.7521528 0.7516842 0.7516842 -9999.000 -9999.000 -9999.000 -9999.000 -9999.000 -9999.000 -9999.000 -9999.000 -9999.000 -9999.000 -9999.000 -9999.000 -9999.000 -9999.000 -9999.000 -9999.000 -9999.000 -9999.000 -9999.000 -9999.000 -9999.000 -9999.000 -9999.000 -9999.000 -9999.000 -9999.000 -9999.000 -9999.000
-9999.000 -9999.000 -9999.000 -9999.000 -9999.000 -9999.000 -9999.000 -9999.000 -9999.000 -9999.000 -9999.000 -9999.000 -9999.000 -9999.000 -9999.000 0.7560105 0.7566481 0.7568341 0.7568129 0.7565963 0.7563239 0.7560378 0.7557452 0.7554873 0.7552369 0.7550053 0.7547832 0.7545092 0.7539683 0.7533004 0.7533004 -9999.000 -9999.000 -9999.000 -9999.000 -9999.000 -9999.000 -9999.000 -9999.000 -9999.000 -9999.000 -9999.000 -9999.000 -9999.000 -9999.000 -9999.000 -9999.000 -9999.000 -9999.000 -9999.000 -9999.000 -9999.000 -9999.000 -9999.000 -9999.000 -9999.000 -9999.000 -9999.000 -9999.000
-9999.000 -9999.000 -9999.000 -9999.000 -9999.000 -9999.000 -9999.000 -9999.000 -9999.000 -9999.000 -9999.000 -9999.000 -9999.000 -9999.000 -9999.000 0.7579636 0.7586138 0.7587929 0.7587613 0.7585297 0.7582467 0.7579519 0.7576497 0.7573861 0.7571263 0.7568849 0.7566509 0.7563537 0.7557490 0.7548094 0.7548094 -9999.000 -9999.000 -9999.000 -9999.000 -9999.000 -9999.000 -9999.000 -9999.000 -9999.000 -9999.000 -9999.000 -9999.000 -9999.000 -9999.000 -9999.000 -9999.000 -9999.000 -9999.000 -9999.000 -9999.000 -9999.000 -9999.000 -9999.000 -9999.000 -9999.000 -9999.000 -9999.000 -9999.000
-9999.000 -9999.000 -9999.000 -9999.000 -9999.000 -9999.000 -9999.000 -9999.000 -9999.000 -9999.000 -9999.000 -9999.000 -9999.000 -9999.000 -9999.000 0.7598994 0.7605634 0.7607341 0.7606919 0.7604440 0.7601499 0.7598461 0.7595336 0.7592646 0.7589944 0.7587422 0.7584943 0.7581691 0.7574859 0.7561685 0.7561685 -9999.000 -9999.000 -9999.000 -9999.000 -9999.000 -9999.000 -9999.000 -9999.000 -9999.000 -9999.000 -9999.000 -9999.000 -9999.000 -9999.000 -9999.000 -9999.000 -9999.000 -9999.000 -9999.000 -9999.000 -9999.000 -9999.000 -9999.000 -9999.000 -9999.000 -9999.000 -9999.000 -9999.000
-9999.000 -9999.000 -9999.000 -9999.000 -9999.000 -9999.000 -9999.000 -9999.000 -9999.000 -9999.000 -9999.000 -9999.000 -9999.000 -9999.000 -9999.000 0.7616157 0.7623459 0.7625753 0.7626101 0.7623805 0.7620772 0.7617629 0.7614357 0.7611569 0.7608695 0.7606003 0.7603319 0.7599687 0.7591852 0.7573331 0.7573331 -9999.000 -9999.000 -9999.000 -9999.000 -9999.000 -9999.000 -9999.000 -9999.000 -9999.000 -9999.000 -9999.000 -9999.000 -9999.000 -9999.000 -9999.000 -9999.000 -9999.000 -9999.000 -9999.000 -9999.000 -9999.000 -9999.000 -9999.000 -9999.000 -9999.000 -9999.000 -9999.000 -9999.000
-9999.000 -9999.000 -9999.000 -9999.000 -9999.000 -9999.000 -9999.000 -9999.000 -9999.000 -9999.000 -9999.000 -9999.000 -9999.000 -9999.000 -9999.000 0.7516513 0.7599925 0.7644770 0.7671054 0.7673547 0.7665656 0.7657639 0.7649778 0.7643060 0.7636784 0.7631266 0.7626207 0.7620265 0.7609078 0.7575386 0.7575386 -9999.000 -9999.000 -9999.000 -9999.000 -9999.000 -9999.000 -9999.000 -9999.000 -9999.000 -9999.000 -9999.000 -9999.000 -9999.000 -9999.000 -9999.000 -9999.000 -9999.000 -9999.000 -9999.000 -9999.000 -9999.000 -9999.000 -9999.000 -9999.000 -9999.000 -9999.000 -9999.000 -9999.000
0.8490433 0.8490433 0.8446295 0.8363650 0.8280008 0.8280008 0.8245282 0.8192220 0.8192220 0.8148910 0.8148910 0.8112455 0.8096209 0.8081028 0.8065894 0.8065894 0.7680462 0.7666034 0.7651612 0.7645559 0.7658789 0.7676939 0.7698152 0.7728468 0.7756764 0.7784358 0.7807101 0.7810879 0.7753446 0.7469303 0.7469303 0.5310358 0.4919357 0.4672157 0.4588006 0.4588006 0.4449373 0.4449373 0.4439654 0.4439654 0.4530416 0.4980966 0.4980966 0.5877499 0.5877499 0.6690752 0.6690752 0.6690752 0.6731706 0.6731706 0.6637543 0.6637543 0.6491747 0.6491747 0.6335088 0.6335088 0.6187932 0.6187932 0.6187932
0.8461869 0.8461869 0.8425061 0.8343470 0.8271534 0.8271534 0.8234916 0.8181036 0.8181036 0.8137770 0.8137770 0.8101460 0.8085291 0.8070188 0.8055142 0.8055142 0.7723004 0.7660129 0.7606417 0.7561076 0.7528827 0.7505566 0.7491005 0.7488161 0.7493685 0.7507586 0.7528009 0.7548613 0.7551402 0.7463545 0.7463545 0.6009931 0.5443487 0.4870709 0.4705678 0.4705678 0.4504149 0.4504149 0.4487332 0.4487332 0.4573656 0.4974737 0.4974737 0.5697280 0.5697280 0.6627592 0.6627592 0.6627592 0.6717662 0.6717662 0.6637115 0.6637115 0.6495711 0.6495711 0.6341278 0.6341278 0.6195049 0.6195049 0.6195049
0.8450618 0.8450618 0.8415177 0.8339095 0.8274192 0.8274192 0.8236133 0.8180878 0.8180878 0.8137339 0.8137339 0.8100946 0.8084742 0.8069611 0.8054423 0.8054423 0.7756050 0.7653374 0.7562174 0.7482038 0.7416283 0.7363611 0.7323235 0.7296538 0.7281888 0.7278802 0.7286114 0.7299489 0.7305514 0.7251921 0.7251921 0.6349227 0.5768069 0.5057120 0.4838238 0.4838238 0.4597490 0.4597490 0.4621891 0.4621891 0.4736459 0.5125672 0.5125672 0.5676347 0.5676347 0.6522285 0.6522285 0.6522285 0.6667519 0.6667519 0.6616564 0.6616564 0.6487224 0.6487224 0.6337594 0.6337594 0.6193903 0.6193903 0.6193903
0.8449113 0.8449113 0.8405164 0.8337198 0.8277035 0.8277035 0.8237851 0.8181120 0.8181120 0.8137324 0.8137324 0.8100938 0.8084744 0.8069620 0.8054228 0.8054228 0.7778491 0.7642769 0.7516131 0.7402182 0.7304586 0.7223840 0.7159473 0.7111824 0.7079674 0.7061957 0.7057338 0.7062479 0.7067466 0.7034555 0.7034555 0.6471335 0.5963323 0.5233124 0.4995282 0.4995282 0.4771553 0.4771553 0.4880483 0.4880483 0.5025163 0.5364486 0.5364486 0.5717775 0.5717775 0.6373696 0.6373696 0.6373696 0.6563193 0.6563193 0.6558326 0.6558326 0.6455271 0.6455271 0.6319212 0.6319212 0.6183842 0.6183842 0.6183842
0.8445620 0.8445620 0.8396900 0.8336204 0.8279408 0.8279408 0.8239493 0.8181419 0.8181419 0.8137307 0.8137307 0.8100871 0.8084672 0.8069547 0.8053830 0.8053830 0.7785971 0.7621931 0.7462932 0.7316915 0.7188647 0.7079983 0.6991196 0.6922382 0.6872613 0.6840618 0.6824808 0.6822245 0.6825356 0.6807121 0.6807121 0.6456375 0.6047154 0.5379413 0.5167310 0.5167310 0.5052071 0.5052071 0.5268193 0.5268193 0.5412970 0.5633661 0.5633661 0.5788103 0.5788103 0.6213135 0.6213135 0.6213135 0.6416849 0.6416849 0.6462082 0.6462082 0.6398178 0.6398178 0.6286145 0.6286145 0.6166335 0.6166335 0.6166335
0.8443125 0.8443125 0.8391131 0.8335359 0.8280992 0.8280992 0.8240718 0.8181666 0.8181666 0.8137316 0.8137316 0.8100855 0.8084649 0.8069522 0.8053315 0.8053315 0.7775571 0.7585406 0.7396880 0.7221231 0.7064310 0.6928906 0.6815997 0.6725829 0.6657805 0.6610770 0.6583131 0.6572282 0.6572360 0.6564241 0.6564241 0.6350759 0.6043083 0.5507315 0.5378417 0.5378417 0.5466233 0.5466233 0.5739835 0.5739835 0.5831179 0.5882687 0.5882687 0.5867773 0.5867773 0.6071422 0.6071422 0.6071422 0.6252626 0.6252626 0.6335586 0.6335586 0.6316283 0.6316283 0.6237519 0.6237519 0.6141146 0.6141146 0.6141146
0.8441645 0.8441645 0.8387728 0.8334841 0.8281903 0.8281903 0.8241467 0.8181822 0.8181822 0.8137319 0.8137319 0.8100845 0.8084638 0.8069512 0.8052614 0.8052614 0.7744444 0.7527982 0.7311938 0.7109243 0.6926318 0.6766393 0.6630860 0.6520178 0.6434036 0.6371531 0.6331280 0.6311086 0.6306489 0.6304501 0.6304501 0.6182241 0.5974067 0.5660914 0.5689427 0.5689427 0.6007027 0.6007027 0.6206400 0.6206400 0.6203379 0.6087704 0.6087704 0.5948620 0.5948620 0.5965745 0.5965745 0.5965745 0.6094449 0.6094449 0.6191836 0.6191836 0.6212949 0.6212949 0.6173114 0.6173114 0.6107644 0.6107644 0.6107644
0.8441181 0.8441181 0.8386605 0.8334662 0.8282193 0.8282193 0.8241717 0.8181874 0.8181874 0.8137319 0.8137319 0.8100842 0.8084635 0.8069509 0.8051648 0.8051648 0.7688818 0.7443951 0.7201431 0.6974158 0.6768300 0.6586928 0.6431437 0.6302299 0.6199357 0.6121946 0.6068968 0.6038696 0.6027972 0.6029276 0.6029276 0.5971757 0.5869525 0.5924694 0.6171287 0.6171287 0.6591623 0.6591623 0.6586705 0.6586705 0.6489176 0.6249277 0.6249277 0.6027953 0.6027953 0.5899088 0.5899088 0.5899088 0.5959072 0.5959072 0.6045649 0.6045649 0.6094867 0.6094867 0.6094516 0.6094516 0.6065742 0.6065742 0.6065742
0.8441672 0.8441672 0.8387718 0.8334832 0.8281898 0.8281898 0.8241467 0.8181822 0.8181822 0.8137319 0.8137319 0.8100846 0.8084640 0.8069512 0.8050317 0.8050317 0.7603088 0.7326212 0.7057492 0.6808009 0.6582679 0.6383718 0.6212000 0.6067703 0.5950577 0.5860071 0.5795331 0.5755111 0.5737694 0.5742295 0.5742295 0.5743268 0.5784053 0.6400443 0.6823804 0.6823804 0.7088524 0.7088524 0.6854451 0.6854451 0.6693280 0.6378496 0.6378496 0.6104525 0.6104525 0.5865706 0.5865706 0.5865706 0.5854241 0.5854241 0.5910270 0.5910270 0.5971227 0.5971227 0.6005710 0.6005710 0.6016604 0.6016604 0.6016604
0.8443251 0.8443251 0.8391103 0.8335318 0.8280967 0.8280967 0.8240710 0.8181665 0.8181665 0.8137317 0.8137317 0.8100856 0.8084652 0.8069524 0.8048487 0.8048487 0.7478479 0.7164993 0.6870086 0.6601057 0.6360357 0.6148553 0.5965431 0.5810483 0.5683104 0.5582649 0.5508398 0.5459571 0.5436703 0.5452374 0.5452374 0.5542544 0.5832597 0.7103246 0.7501629 0.7501629 0.7417971 0.7417971 0.7033207 0.7033207 0.6839943 0.6484518 0.6484518 0.6175967 0.6175967 0.5856206 0.5856206 0.5856206 0.5780008 0.5780008 0.5794877 0.5794877 0.5852280 0.5852280 0.5912951 0.5912951 0.5962937 0.5962937 0.5962937
0.8445650 0.8445650 0.8396882 0.8336193 0.8279400 0.8279400 0.8239490 0.8181419 0.8181419 0.8137308 0.8137308 0.8100874 0.8084675 0.8069549 0.8045979 0.8045979 0.7300700 0.6945863 0.6625503 0.6340708 0.6090005 0.5871391 0.5682979 0.5523200 0.5390828 0.5284931 0.5204778 0.5150193 0.5127319 0.5186924 0.5186924 0.5483491 0.6202573 0.7850209 0.7989549 0.7989549 0.7603165 0.7603165 0.7155769 0.7155769 0.6949106 0.6571512 0.6571512 0.6239305 0.6239305 0.5861317 0.5861317 0.5861317 0.5731888 0.5731888 0.5703931 0.5703931 0.5746990 0.5746990 0.5824017 0.5824017 0.5909132 0.5909132 0.5909132
