cruce_test.gid/Rasters/Hydraulic/Depth____000257.asc
NCOLS        79
NROWS        79
XLLCENTER         -1.500000
YLLCENTER         -4.800000
CELLSIZE           0.100
NODATA_VALUE     -9999.0
[rows 0 to 25 of 79, columns 0 to 58 of 79]
-9999.000 -9999.000 -9999.000 -9999.000 -9999.000 -9999.000 -9999.000 -9999.000 -9999.000 -9999.000 -9999.000 -9999.000 -9999.000 -9999.000 -9999.000 0.7348676 0.7353891 0.7355936 0.7355896 0.7353960 0.7351190 0.7348092 0.7344870 0.7341816 0.7338929 0.7336261 0.7333804 0.7331262 0.7327535 0.7327187 0.7327187 -9999.000 -9999.000 -9999.000 -9999.000 -9999.000 -9999.000 -9999.000 -9999.000 -9999.000 -9999.000 -9999.000 -9999.000 -9999.000 -9999.000 -9999.000 -9999.000 -9999.000 -9999.000 -9999.000 -9999.000 -9999.000 -9999.000 -9999.000 -9999.000 -9999.000 -9999.000 -9999.000 -9999.000
-9999.000 -9999.000 -9999.000 -9999.000 -9999.000 -9999.000 -9999.000 -9999.000 -9999.000 -9999.000 -9999.000 -9999.000 -9999.000 -9999.000 -9999.000 0.7366671 0.7371403 0.7373065 0.7373019 0.7371442 0.7369242 0.7366828 0.7364355 0.7362055 0.7359906 0.7357946 0.7356156 0.7354268 0.7351304 0.7351827 0.7351827 -9999.000 -9999.000 -9999.000 -9999.000 -9999.000 -9999.000 -9999.000 -9999.000 -9999.000 -9999.000 -9999.000 -9999.000 -9999.000 -9999.000 -9999.000 -9999.000 -9999.000 -9999.000 -9999.000 -9999.000 -9999.000 -9999.000 -9999.000 -9999.000 -9999.000 -9999.000 -9999.000 -9999.000
-9999.000 -9999.000 -9999.000 -9999.000 -9999.000 -9999.000 -9999.000 -9999.000 -9999.000 -9999.000 -9999.000 -9999.000 -9999.000 -9999.000 -9999.000 0.7385756 0.7390852 0.7392634 0.7392672 0.7391149 0.7389006 0.7386663 0.7384272 0.7382070 0.7380022 0.7378158 0.7376447 0.7374597 0.7371573 0.7372056 0.7372056 -9999.000 -9999.000 -9999.000 -9999.000 -9999.000 -9999.000 -9999.000 -9999.000 -9999.000 -9999.000 -9999.000 -9999.000 -9999.000 -9999.000 -9999.000 -9999.000 -9999.000 -9999.000 -9999.000 -9999.000 -9999.000 -9999.000 -9999.000 -9999.000 -9999.000 -9999.000 -9999.000 -9999.000
-9999.000 -9999.000 -9999.000 -9999.000 -9999.000 -9999.000 -9999.000 -9999.000 -9999.000 -9999.000 -9999.000 -9999.000 -9999.000 -9999.000 -9999.000 0.7405353 0.7410682 0.7412528 0.7412590 0.7411055 0.7408897 0.7406546 0.7404150 0.7401956 0.7399915 0.7398058 0.7396347 0.7394470 0.7391324 0.7391590 0.7391590 -9999.000 -9999.000 -9999.000 -9999.000 -9999.000 -9999.000 -9999.000 -9999.000 -9999.000 -9999.000 -9999.000 -9999.000 -9999.000 -9999.000 -9999.000 -9999.000 -9999.000 -9999.000 -9999.000 -9999.000 -9999.000 -9999.000 -9999.000 -9999.000 -9999.000 -9999.000 -9999.000 -9999.000
-9999.000 -9999.000 -9999.000 -9999.000 -9999.000 -9999.000 -9999.000 -9999.000 -9999.000 -9999.000 -9999.000 -9999.000 -9999.000 -9999.000 -9999.000 0.7425146 0.7430657 0.7432541 0.7432597 0.7431015 0.7428809 0.7426412 0.7423971 0.7421745 0.7419671 0.7417781 0.7416034 0.7414094 0.7410778 0.7410689 0.7410689 -9999.000 -9999.000 -9999.000 -9999.000 -9999.000 -9999.000 -9999.000 -9999.000 -9999.000 -9999.000 -9999.000 -9999.000 -9999.000 -9999.000 -9999.000 -9999.000 -9999.000 -9999.000 -9999.000 -9999.000 -9999.000 -9999.000 -9999.000 -9999.000 -9999.000 -9999.000 -9999.000 -9999.000
-9999.000 -9999.000 -9999.000 -9999.000 -9999.000 -9999.000 -9999.000 -9999.000 -9999.000 -9999.000 -9999.000 -9999.000 -9999.000 -9999.000 -9999.000 0.7445000 0.7450668 0.7452574 0.7452608 0.7450960 0.7448689 0.7446229 0.7443725 0.7441450 0.7439323 0.7437382 0.7435580 0.7433555 0.7430025 0.7429444 0.7429444 -9999.000 -9999.000 -9999.000 -9999.000 -9999.000 -9999.000 -9999.000 -9999.000 -9999.000 -9999.000 -9999.000 -9999.000 -9999.000 -9999.000 -9999.000 -9999.000 -9999.000 -9999.000 -9999.000 -9999.000 -9999.000 -9999.000 -9999.000 -9999.000 -9999.000 -9999.000 -9999.000 -9999.000
-9999.000 -9999.000 -9999.000 -9999.000 -9999.000 -9999.000 -9999.000 -9999.000 -9999.000 -9999.000 -9999.000 -9999.000 -9999.000 -9999.000 -9999.000 0.7464855 0.7470667 0.7472582 0.7472581 0.7470855 0.7468507 0.7465978 0.7463402 0.7461072 0.7458881 0.7456878 0.7455012 0.7452883 0.7449095 0.7447861 0.7447861 -9999.000 -9999.000 -9999.000 -9999.000 -9999.000 -9999.000 -9999.000 -9999.000 -9999.000 -9999.000 -9999.000 -9999.000 -9999.000 -9999.000 -9999.000 -9999.000 -9999.000 -9999.000 -9999.000 -9999.000 -9999.000 -9999.000 -9999.000 -9999.000 -9999.000 -9999.000 -9999.000 -9999.000
-9999.000 -9999.000 -9999.000 -9999.000 -9999.000 -9999.000 -9999.000 -9999.000 -9999.000 -9999.000 -9999.000 -9999.000 -9999.000 -9999.000 -9999.000 0.7484681 0.7490629 0.7492540 0.7492492 0.7490675 0.7488247 0.7485642 0.7482988 0.7480600 0.7478341 0.7476270 0.7474329 0.7472079 0.7467985 0.7465897 0.7465897 -9999.000 -9999.000 -9999.000 -9999.000 -9999.000 -9999.000 -9999.000 -9999.000 -9999.000 -9999.000 -9999.000 -9999.000 -9999.000 -9999.000 -9999.000 -9999.000 -9999.000 -9999.000 -9999.000 -9999.000 -9999.000 -9999.000 -9999.000 -9999.000 -9999.000 -9999.000 -9999.000 -9999.000
-9999.000 -9999.000 -9999.000 -9999.000 -9999.000 -9999.000 -9999.000 -9999.000 -9999.000 -9999.000 -9999.000 -9999.000 -9999.000 -9999.000 -9999.000 0.7504458 0.7510538 0.7512431 0.7512323 0.7510404 0.7507889 0.7505207 0.7502470 0.7500024 0.7497691 0.7495548 0.7493525 0.7491136 0.7486675 0.7483464 0.7483464 -9999.000 -9999.000 -9999.000 -9999.000 -9999.000 -9999.000 -9999.000 -9999.000 -9999.000 -9999.000 -9999.000 -9999.000 -9999.000 -9999.000 -9999.000 -9999.000 -9999.000 -9999.000 -9999.000 -9999.000 -9999.000 -9999.000 -9999.000 -9999.000 -9999.000 -9999.000 -9999.000 -9999.000
-9999.000 -9999.000 -9999.000 -9999.000 -9999.000 -9999.000 -9999.000 -9999.000 -9999.000 -9999.000 -9999.000 -9999.000 -9999.000 -9999.000 -9999.000 0.7524173 0.7530379 0.7532238 0.7532058 0.7530023 0.7527416 0.7524653 0.7521830 0.7519329 0.7516916 0.7514694 0.7512581 0.7510030 0.7505133 0.7500433 0.7500433 -9999.000 -9999.000 -9999.000 -9999.000 -9999.000 -9999.000 -9999.000 -9999.000 -9999.000 -9999.000 -9999.000 -9999.000 -9999.000 -9999.000 -9999.000 -9999.000 -9999.000 -9999.000 -9999.000 -9999.000 -9999.000 -9999.000 -9999.000 -9999.000 -9999.000 -9999.000 -9999.000 -9999.000
-9999.000 -9999.000 -9999.000 -9999.000 -9999.000 -9999.000 -9999.000 -9999.000 -9999.000 -9999.000 -9999.000 -9999.000 -9999.000 -9999.000 -9999.000 0.7543808 0.7550138 0.7551945 0.7551678 0.7549513 0.7546806 0.7543960 0.7541047 0.7538490 0.7535993 0.7533687 0.7531474 0.7528731 0.7523310 0.7516614 0.7516614 -9999.000 -9999.000 -9999.000 -9999.000 -9999.000 -9999.000 -9999.000 -9999.000 -9999.000 -9999.000 -9999.000 -9999.000 -9999.000 -9999.000 -9999.000 -9999.000 -9999.000 -9999.000 -9999.000 -9999.000 -9999.000 -9999.000 -9999.000 -9999.000 -9999.000 -9999.000 -9999.000 -9999.000
-9999.000 -9999.000 -9999.000 -9999.000 -9999.000 -9999.000 -9999.000 -9999.000 -9999.000 -9999.000 -9999.000 -9999.000 -9999.000 -9999.000 -9999.000 0.7563338 0.7569794 0.7571531 0.7571159 0.7568844 0.7566033 0.7563099 0.7560090 0.7557480 0.7554890 0.7552492 0.7550164 0.7547195 0.7541137 0.7531719 0.7531719 -9999.000 -9999.000 -9999.000 -9999.000 -9999.000 -9999.000 -9999.000 -9999.000 -9999.000 -9999.000 -9999.000 -9999.000 -9999.000 -9999.000 -9999.000 -9999.000 -9999.000 -9999.000 -9999.000 -9999.000 -9999.000 -9999.000 -9999.000 -9999.000 -9999.000 -9999.000 -9999.000 -9999.000
-9999.000 -9999.000 -9999.000 -9999.000 -9999.000 -9999.000 -9999.000 -9999.000 -9999.000 -9999.000 -9999.000 -9999.000 -9999.000 -9999.000 -9999.000 0.7582699 0.7589291 0.7590944 0.7590463 0.7587988 0.7585065 0.7582040 0.7578929 0.7576266 0.7573571 0.7571069 0.7568608 0.7565362 0.7558520 0.7545311 0.7545311 -9999.000 -9999.000 -9999.000 -9999.000 -9999.000 -9999.000 -9999.000 -9999.000 -9999.000 -9999.000 -9999.000 -9999.000 -9999.000 -9999.000 -9999.000 -9999.000 -9999.000 -9999.000 -9999.000 -9999.000 -9999.000 -9999.000 -9999.000 -9999.000 -9999.000 -9999.000 -9999.000 -9999.000
-9999.000 -9999.000 -9999.000 -9999.000 -9999.000 -9999.000 -9999.000 -9999.000 -9999.000 -9999.000 -9999.000 -9999.000 -9999.000 -9999.000 -9999.000 0.7599944 0.7607182 0.7609401 0.7609645 0.7607331 0.7604318 0.7601187 0.7597929 0.7595170 0.7592303 0.7589635 0.7586974 0.7583353 0.7575508 0.7556931 0.7556931 -9999.000 -9999.000 -9999.000 -9999.000 -9999.000 -9999.000 -9999.000 -9999.000 -9999.000 -9999.000 -9999.000 -9999.000 -9999.000 -9999.000 -9999.000 -9999.000 -9999.000 -9999.000 -9999.000 -9999.000 -9999.000 -9999.000 -9999.000 -9999.000 -9999.000 -9999.000 -9999.000 -9999.000
-9999.000 -9999.000 -9999.000 -9999.000 -9999.000 -9999.000 -9999.000 -9999.000 -9999.000 -9999.000 -9999.000 -9999.000 -9999.000 -9999.000 -9999.000 0.7502419 0.7584628 0.7628717 0.7654187 0.7656360 0.7648614 0.7640731 0.7632991 0.7626396 0.7620196 0.7614760 0.7609771 0.7603876 0.7592702 0.7558927 0.7558927 -9999.000 -9999.000 -9999.000 -9999.000 -9999.000 -9999.000 -9999.000 -9999.000 -9999.000 -9999.000 -9999.000 -9999.000 -9999.000 -9999.000 -9999.000 -9999.000 -9999.000 -9999.000 -9999.000 -9999.000 -9999.000 -9999.000 -9999.000 -9999.000 -9999.000 -9999.000 -9999.000 -9999.000
0.8477843 0.8477843 0.8462318 0.8343074 0.8261412 0.8261412 0.8225733 0.8171003 0.8171003 0.8127412 0.8127412 0.8091227 0.8075134 0.8060081 0.8045051 0.8045051 0.7663935 0.7649570 0.7635124 0.7629687 0.7642900 0.7660972 0.7682101 0.7712531 0.7740559 0.7768068 0.7790678 0.7794214 0.7736405 0.7451781 0.7451781 0.5295292 0.4905412 0.4659526 0.4575858 0.4575858 0.4438211 0.4438211 0.4429794 0.4429794 0.4521269 0.4973240 0.4973240 0.5876520 0.5876520 0.6676367 0.6676367 0.6676367 0.6715595 0.6715595 0.6621017 0.6621017 0.6475458 0.6475458 0.6319262 0.6319262 0.6172684 0.6172684 0.6172684
0.8446363 0.8446363 0.8446743 0.8322223 0.8252489 0.8252489 0.8215066 0.8159798 0.8159798 0.8116362 0.8116362 0.8080323 0.8064293 0.8049302 0.8034344 0.8034344 0.7705845 0.7643407 0.7589900 0.7544965 0.7512882 0.7489724 0.7475254 0.7472566 0.7478096 0.7492042 0.7512480 0.7533014 0.7535636 0.7446766 0.7446766 0.5994390 0.5428870 0.4857608 0.4693184 0.4693184 0.4492804 0.4492804 0.4477245 0.4477245 0.4564202 0.4966278 0.4966278 0.5692158 0.5692158 0.6614580 0.6614580 0.6614580 0.6702020 0.6702020 0.6620724 0.6620724 0.6479424 0.6479424 0.6325423 0.6325423 0.6179755 0.6179755 0.6179755
0.8428817 0.8428817 0.8446150 0.8316996 0.8254373 0.8254373 0.8215670 0.8159399 0.8159399 0.8115874 0.8115874 0.8079810 0.8063755 0.8048744 0.8033655 0.8033655 0.7738398 0.7636406 0.7545614 0.7465914 0.7400460 0.7347988 0.7307776 0.7281263 0.7266708 0.7263713 0.7271097 0.7284473 0.7290401 0.7236211 0.7236211 0.6333547 0.5753223 0.5043821 0.4825625 0.4825625 0.4586199 0.4586199 0.4611793 0.4611793 0.4726766 0.5116171 0.5116171 0.5668300 0.5668300 0.6510211 0.6510211 0.6510211 0.6652610 0.6652610 0.6600530 0.6600530 0.6471093 0.6471093 0.6321813 0.6321813 0.6178650 0.6178650 0.6178650
0.8414714 0.8414714 0.8448772 0.8313615 0.8255902 0.8255902 0.8216432 0.8159362 0.8159362 0.8115904 0.8115904 0.8079885 0.8063822 0.8048793 0.8033478 0.8033478 0.7760370 0.7625478 0.7499419 0.7385998 0.7288820 0.7208396 0.7144285 0.7096874 0.7064891 0.7047309 0.7042799 0.7047989 0.7052927 0.7019596 0.7019596 0.6456068 0.5948566 0.5219790 0.4982696 0.4982696 0.4760455 0.4760455 0.4870261 0.4870261 0.5014929 0.5353599 0.5353599 0.5707364 0.5707364 0.6362107 0.6362107 0.6362107 0.6549187 0.6549187 0.6542908 0.6542908 0.6439474 0.6439474 0.6303610 0.6303610 0.6168687 0.6168687 0.6168687
0.8403884 0.8403884 0.8456042 0.8311488 0.8257281 0.8257281 0.8217373 0.8159459 0.8159459 0.8115935 0.8115935 0.8079937 0.8063869 0.8048832 0.8033179 0.8033179 0.7767560 0.7604418 0.7446120 0.7300712 0.7172968 0.7064737 0.6976300 0.6907791 0.6858262 0.6826454 0.6810791 0.6808313 0.6811422 0.6792897 0.6792897 0.6441731 0.6032728 0.5366257 0.5154986 0.5154986 0.5041234 0.5041234 0.5257435 0.5257435 0.5401660 0.5621226 0.5621226 0.5775883 0.5775883 0.6201537 0.6201537 0.6201537 0.6403670 0.6403670 0.6447445 0.6447445 0.6382890 0.6382890 0.6270843 0.6270843 0.6151359 0.6151359 0.6151359
0.8396168 0.8396168 0.8458296 0.8309664 0.8257959 0.8257959 0.8217938 0.8159492 0.8159492 0.8115952 0.8115952 0.8079985 0.8063915 0.8048868 0.8032726 0.8032726 0.7756975 0.7567742 0.7380006 0.7205046 0.7048736 0.6913857 0.6801391 0.6711606 0.6643891 0.6597105 0.6569661 0.6558942 0.6559061 0.6550762 0.6550762 0.6336864 0.6029202 0.5494643 0.5366673 0.5366673 0.5455425 0.5455425 0.5727802 0.5727802 0.5818297 0.5868856 0.5868856 0.5854295 0.5854295 0.6059476 0.6059476 0.6059476 0.6240020 0.6240020 0.6321759 0.6321759 0.6301633 0.6301633 0.6222637 0.6222637 0.6126436 0.6126436 0.6126436
0.8391549 0.8391549 0.8459247 0.8308342 0.8258216 0.8258216 0.8218239 0.8159506 0.8159506 0.8115963 0.8115963 0.8080015 0.8063941 0.8048886 0.8032056 0.8032056 0.7725742 0.7510234 0.7295039 0.7093103 0.6910862 0.6751540 0.6616537 0.6506308 0.6420548 0.6358360 0.6318361 0.6298346 0.6293842 0.6291772 0.6291772 0.6169176 0.5960939 0.5649164 0.5678529 0.5678529 0.5995474 0.5995474 0.6192582 0.6192582 0.6188853 0.6072829 0.6072829 0.5934327 0.5934327 0.5953298 0.5953298 0.5953298 0.6082105 0.6082105 0.6178705 0.6178705 0.6198996 0.6198996 0.6158755 0.6158755 0.6093286 0.6093286 0.6093286
0.8390009 0.8390009 0.8459469 0.8307877 0.8258275 0.8258275 0.8218329 0.8159509 0.8159509 0.8115967 0.8115967 0.8080025 0.8063949 0.8048894 0.8031109 0.8031109 0.7670115 0.7426219 0.7184585 0.6958121 0.6752999 0.6572293 0.6417392 0.6288774 0.6186274 0.6109239 0.6056570 0.6026532 0.6015959 0.6017275 0.6017275 0.5959557 0.5857376 0.5914301 0.6160960 0.6160960 0.6578260 0.6578260 0.6571165 0.6571165 0.6473367 0.6233726 0.6233726 0.6013141 0.6013141 0.5886127 0.5886127 0.5886127 0.5946724 0.5946724 0.6033023 0.6033023 0.6081591 0.6081591 0.6080750 0.6080750 0.6051822 0.6051822 0.6051822
0.8391544 0.8391544 0.8459149 0.8308355 0.8258212 0.8258212 0.8218233 0.8159504 0.8159504 0.8115962 0.8115962 0.8080013 0.8063939 0.8048887 0.8029787 0.8029787 0.7584493 0.7308608 0.7040806 0.6792169 0.6567611 0.6369355 0.6198270 0.6054531 0.5937898 0.5847812 0.5783431 0.5743497 0.5726288 0.5730990 0.5730990 0.5731974 0.5773243 0.6391234 0.6812732 0.6812732 0.7072819 0.7072819 0.6837719 0.6837719 0.6676691 0.6362545 0.6362545 0.6089381 0.6089381 0.5852298 0.5852298 0.5852298 0.5841726 0.5841726 0.5897930 0.5897930 0.5958524 0.5958524 0.5992558 0.5992558 0.6003185 0.6003185 0.6003185
0.8396158 0.8396158 0.8458092 0.8309681 0.8257947 0.8257947 0.8217923 0.8159485 0.8159485 0.8115951 0.8115951 0.8079982 0.8063914 0.8048868 0.8027959 0.8027959 0.7460115 0.7147657 0.6853694 0.6585532 0.6345630 0.6134551 0.5952082 0.5797718 0.5670859 0.5570857 0.5496998 0.5448498 0.5425888 0.5441747 0.5441747 0.5532301 0.5823705 0.7093627 0.7487934 0.7487934 0.7400457 0.7400457 0.7015856 0.7015856 0.6822948 0.6468317 0.6468317 0.6160591 0.6160591 0.5842438 0.5842438 0.5842438 0.5767254 0.5767254 0.5782641 0.5782641 0.5840015 0.5840015 0.5900382 0.5900382 0.5950049 0.5950049 0.5950049
0.8403867 0.8403867 0.8455729 0.8311486 0.8257254 0.8257254 0.8217348 0.8159447 0.8159447 0.8115930 0.8115930 0.8079936 0.8063869 0.8048831 0.8025429 0.8025429 0.7282711 0.6928957 0.6609572 0.6325660 0.6075759 0.5857873 0.5670118 0.5510929 0.5379087 0.5273657 0.5193914 0.5139681 0.5117111 0.5177003 0.5177003 0.5474672 0.6195921 0.7837532 0.7972563 0.7972563 0.7584816 0.7584816 0.7138149 0.7138149 0.6931903 0.6555141 0.6555141 0.6223757 0.6223757 0.5847268 0.5847268 0.5847268 0.5718886 0.5718886 0.5691684 0.5691684 0.5735028 0.5735028 0.5811951 0.5811951 0.5896757 0.5896757 0.5896757
