cruce_test.gid/Rasters/Hydraulic/Depth____000080.asc
NCOLS        79
NROWS        79
XLLCENTER         -1.500000
YLLCENTER         -4.800000
CELLSIZE           0.100
NODATA_VALUE     -9999.0
[rows 0 to 25 of 79, columns 0 to 57 of 79]
-9999.000 -9999.000 -9999.000 -9999.000 -9999.000 -9999.000 -9999.000 -9999.000 -9999.000 -9999.000 -9999.000 -9999.000 -9999.000 -9999.000 -9999.000 0.3147459 0.3148843 0.3148153 0.3146988 0.3145481 0.3143677 0.3141598 0.3139254 0.3136652 0.3133796 0.3130701 0.3127393 0.3123916 0.3120503 0.3123165 0.3123165 -9999.000 -9999.000 -9999.000 -9999.000 -9999.000 -9999.000 -9999.000 -9999.000 -9999.000 -9999.000 -9999.000 -9999.000 -9999.000 -9999.000 -9999.000 -9999.000 -9999.000 -9999.000 -9999.000 -9999.000 -9999.000 -9999.000 -9999.000 -9999.000 -9999.000 -9999.000 -9999.000
-9999.000 -9999.000 -9999.000 -9999.000 -9999.000 -9999.000 -9999.000 -9999.000 -9999.000 -9999.000 -9999.000 -9999.000 -9999.000 -9999.000 -9999.000 0.3166316 0.3167850 0.3167161 0.3166065 0.3164675 0.3163025 0.3161139 0.3159033 0.3156723 0.3154222 0.3151546 0.3148705 0.3145697 0.3142636 0.3145239 0.3145239 -9999.000 -9999.000 -9999.000 -9999.000 -9999.000 -9999.000 -9999.000 -9999.000 -9999.000 -9999.000 -9999.000 -9999.000 -9999.000 -9999.000 -9999.000 -9999.000 -9999.000 -9999.000 -9999.000 -9999.000 -9999.000 -9999.000 -9999.000 -9999.000 -9999.000 -9999.000 -9999.000
-9999.000 -9999.000 -9999.000 -9999.000 -9999.000 -9999.000 -9999.000 -9999.000 -9999.000 -9999.000 -9999.000 -9999.000 -9999.000 -9999.000 -9999.000 0.3186246 0.3188157 0.3187479 0.3186398 0.3185037 0.3183435 0.3181610 0.3179575 0.3177333 0.3174885 0.3172227 0.3169346 0.3166211 0.3162928 0.3165823 0.3165823 -9999.000 -9999.000 -9999.000 -9999.000 -9999.000 -9999.000 -9999.000 -9999.000 -9999.000 -9999.000 -9999.000 -9999.000 -9999.000 -9999.000 -9999.000 -9999.000 -9999.000 -9999.000 -9999.000 -9999.000 -9999.000 -9999.000 -9999.000 -9999.000 -9999.000 -9999.000 -9999.000
-9999.000 -9999.000 -9999.000 -9999.000 -9999.000 -9999.000 -9999.000 -9999.000 -9999.000 -9999.000 -9999.000 -9999.000 -9999.000 -9999.000 -9999.000 0.3206535 0.3208753 0.3208069 0.3206981 0.3205619 0.3204020 0.3202199 0.3200160 0.3197898 0.3195403 0.3192654 0.3189620 0.3186249 0.3182628 0.3185678 0.3185678 -9999.000 -9999.000 -9999.000 -9999.000 -9999.000 -9999.000 -9999.000 -9999.000 -9999.000 -9999.000 -9999.000 -9999.000 -9999.000 -9999.000 -9999.000 -9999.000 -9999.000 -9999.000 -9999.000 -9999.000 -9999.000 -9999.000 -9999.000 -9999.000 -9999.000 -9999.000 -9999.000
-9999.000 -9999.000 -9999.000 -9999.000 -9999.000 -9999.000 -9999.000 -9999.000 -9999.000 -9999.000 -9999.000 -9999.000 -9999.000 -9999.000 -9999.000 0.3227092 0.3229553 0.3228843 0.3227727 0.3226335 0.3224702 0.3222838 0.3220740 0.3218393 0.3215775 0.3212852 0.3209574 0.3205865 0.3201787 0.3204888 0.3204888 -9999.000 -9999.000 -9999.000 -9999.000 -9999.000 -9999.000 -9999.000 -9999.000 -9999.000 -9999.000 -9999.000 -9999.000 -9999.000 -9999.000 -9999.000 -9999.000 -9999.000 -9999.000 -9999.000 -9999.000 -9999.000 -9999.000 -9999.000 -9999.000 -9999.000 -9999.000 -9999.000
-9999.000 -9999.000 -9999.000 -9999.000 -9999.000 -9999.000 -9999.000 -9999.000 -9999.000 -9999.000 -9999.000 -9999.000 -9999.000 -9999.000 -9999.000 0.3247835 0.3250482 0.3249728 0.3248566 0.3247122 0.3245427 0.3243485 0.3241284 0.3238801 0.3235999 0.3232828 0.3229218 0.3225066 0.3220396 0.3223439 0.3223439 -9999.000 -9999.000 -9999.000 -9999.000 -9999.000 -9999.000 -9999.000 -9999.000 -9999.000 -9999.000 -9999.000 -9999.000 -9999.000 -9999.000 -9999.000 -9999.000 -9999.000 -9999.000 -9999.000 -9999.000 -9999.000 -9999.000 -9999.000 -9999.000 -9999.000 -9999.000 -9999.000
-9999.000 -9999.000 -9999.000 -9999.000 -9999.000 -9999.000 -9999.000 -9999.000 -9999.000 -9999.000 -9999.000 -9999.000 -9999.000 -9999.000 -9999.000 0.3268695 0.3271475 0.3270660 0.3269438 0.3267925 0.3266147 0.3264100 0.3261764 0.3259101 0.3256059 0.3252570 0.3248537 0.3243821 0.3238388 0.3241241 0.3241241 -9999.000 -9999.000 -9999.000 -9999.000 -9999.000 -9999.000 -9999.000 -9999.000 -9999.000 -9999.000 -9999.000 -9999.000 -9999.000 -9999.000 -9999.000 -9999.000 -9999.000 -9999.000 -9999.000 -9999.000 -9999.000 -9999.000 -9999.000 -9999.000 -9999.000 -9999.000 -9999.000
-9999.000 -9999.000 -9999.000 -9999.000 -9999.000 -9999.000 -9999.000 -9999.000 -9999.000 -9999.000 -9999.000 -9999.000 -9999.000 -9999.000 -9999.000 0.3289609 0.3292474 0.3291582 0.3290288 0.3288694 0.3286816 0.3284643 0.3282142 0.3279260 0.3275924 0.3272042 0.3267482 0.3262055 0.3255638 0.3258108 0.3258108 -9999.000 -9999.000 -9999.000 -9999.000 -9999.000 -9999.000 -9999.000 -9999.000 -9999.000 -9999.000 -9999.000 -9999.000 -9999.000 -9999.000 -9999.000 -9999.000 -9999.000 -9999.000 -9999.000 -9999.000 -9999.000 -9999.000 -9999.000 -9999.000 -9999.000 -9999.000 -9999.000
-9999.000 -9999.000 -9999.000 -9999.000 -9999.000 -9999.000 -9999.000 -9999.000 -9999.000 -9999.000 -9999.000 -9999.000 -9999.000 -9999.000 -9999.000 0.3310522 0.3313429 0.3312441 0.3311067 0.3309379 0.3307386 0.3305067 0.3302373 0.3299231 0.3295543 0.3291181 0.3285969 0.3279642 0.3271946 0.3273728 0.3273728 -9999.000 -9999.000 -9999.000 -9999.000 -9999.000 -9999.000 -9999.000 -9999.000 -9999.000 -9999.000 -9999.000 -9999.000 -9999.000 -9999.000 -9999.000 -9999.000 -9999.000 -9999.000 -9999.000 -9999.000 -9999.000 -9999.000 -9999.000 -9999.000 -9999.000 -9999.000 -9999.000
-9999.000 -9999.000 -9999.000 -9999.000 -9999.000 -9999.000 -9999.000 -9999.000 -9999.000 -9999.000 -9999.000 -9999.000 -9999.000 -9999.000 -9999.000 0.3331376 0.3334285 0.3333186 0.3331721 0.3329928 0.3327805 0.3325317 0.3322397 0.3318947 0.3314835 0.3309888 0.3303861 0.3296385 0.3286995 0.3287577 0.3287577 -9999.000 -9999.000 -9999.000 -9999.000 -9999.000 -9999.000 -9999.000 -9999.000 -9999.000 -9999.000 -9999.000 -9999.000 -9999.000 -9999.000 -9999.000 -9999.000 -9999.000 -9999.000 -9999.000 -9999.000 -9999.000 -9999.000 -9999.000 -9999.000 -9999.000 -9999.000 -9999.000
-9999.000 -9999.000 -9999.000 -9999.000 -9999.000 -9999.000 -9999.000 -9999.000 -9999.000 -9999.000 -9999.000 -9999.000 -9999.000 -9999.000 -9999.000 0.3352101 0.3354984 0.3353757 0.3352191 0.3350279 0.3348007 0.3345322 0.3342135 0.3338315 0.3333686 0.3328012 0.3320951 0.3311976 0.3300290 0.3298757 0.3298757 -9999.000 -9999.000 -9999.000 -9999.000 -9999.000 -9999.000 -9999.000 -9999.000 -9999.000 -9999.000 -9999.000 -9999.000 -9999.000 -9999.000 -9999.000 -9999.000 -9999.000 -9999.000 -9999.000 -9999.000 -9999.000 -9999.000 -9999.000 -9999.000 -9999.000 -9999.000 -9999.000
-9999.000 -9999.000 -9999.000 -9999.000 -9999.000 -9999.000 -9999.000 -9999.000 -9999.000 -9999.000 -9999.000 -9999.000 -9999.000 -9999.000 -9999.000 0.3372601 0.3375447 0.3374076 0.3372398 0.3370353 0.3367907 0.3364988 0.3361477 0.3357201 0.3351924 0.3345322 0.3336915 0.3325928 0.3311029 0.3305646 0.3305646 -9999.000 -9999.000 -9999.000 -9999.000 -9999.000 -9999.000 -9999.000 -9999.000 -9999.000 -9999.000 -9999.000 -9999.000 -9999.000 -9999.000 -9999.000 -9999.000 -9999.000 -9999.000 -9999.000 -9999.000 -9999.000 -9999.000 -9999.000 -9999.000 -9999.000 -9999.000 -9999.000
-9999.000 -9999.000 -9999.000 -9999.000 -9999.000 -9999.000 -9999.000 -9999.000 -9999.000 -9999.000 -9999.000 -9999.000 -9999.000 -9999.000 -9999.000 0.3392742 0.3395563 0.3394032 0.3392230 0.3390030 0.3387378 0.3384174 0.3380257 0.3375399 0.3369281 0.3361453 0.3351224 0.3337430 0.3317841 0.3305053 0.3305053 -9999.000 -9999.000 -9999.000 -9999.000 -9999.000 -9999.000 -9999.000 -9999.000 -9999.000 -9999.000 -9999.000 -9999.000 -9999.000 -9999.000 -9999.000 -9999.000 -9999.000 -9999.000 -9999.000 -9999.000 -9999.000 -9999.000 -9999.000 -9999.000 -9999.000 -9999.000 -9999.000
-9999.000 -9999.000 -9999.000 -9999.000 -9999.000 -9999.000 -9999.000 -9999.000 -9999.000 -9999.000 -9999.000 -9999.000 -9999.000 -9999.000 -9999.000 0.3412199 0.3415093 0.3413409 0.3411483 0.3409117 0.3406224 0.3402665 0.3398224 0.3392588 0.3385321 0.3375780 0.3362945 0.3345001 0.3318159 0.3289906 0.3289906 -9999.000 -9999.000 -9999.000 -9999.000 -9999.000 -9999.000 -9999.000 -9999.000 -9999.000 -9999.000 -9999.000 -9999.000 -9999.000 -9999.000 -9999.000 -9999.000 -9999.000 -9999.000 -9999.000 -9999.000 -9999.000 -9999.000 -9999.000 -9999.000 -9999.000 -9999.000 -9999.000
-9999.000 -9999.000 -9999.000 -9999.000 -9999.000 -9999.000 -9999.000 -9999.000 -9999.000 -9999.000 -9999.000 -9999.000 -9999.000 -9999.000 -9999.000 0.3419527 0.3429586 0.3430117 0.3429633 0.3428130 0.3425637 0.3422060 0.3417162 0.3410552 0.3401642 0.3389516 0.3372624 0.3347985 0.3308595 0.3239013 0.3239013 -9999.000 -9999.000 -9999.000 -9999.000 -9999.000 -9999.000 -9999.000 -9999.000 -9999.000 -9999.000 -9999.000 -9999.000 -9999.000 -9999.000 -9999.000 -9999.000 -9999.000 -9999.000 -9999.000 -9999.000 -9999.000 -9999.000 -9999.000 -9999.000 -9999.000 -9999.000 -9999.000
0.3102196 0.3102196 0.3002793 0.2914092 0.2887528 0.2887528 0.2865834 0.2830617 0.2830617 0.2801706 0.2801706 0.2776714 0.2765313 0.2806569 0.3242224 0.3242224 0.3505363 0.3510878 0.3516085 0.3519931 0.3521245 0.3518642 0.3510645 0.3495776 0.3472458 0.3438439 0.3389242 0.3313970 0.3181259 0.2834095 0.2834095 0.1469524 0.1233856 0.1225621 0.1282186 0.1282186 0.1437407 0.1437407 0.1737968 0.1737968 0.2140551 0.2376987 0.2376987 0.2408303 0.2408303 0.2397527 0.2397527 0.2397527 0.2347066 0.2347066 0.2296263 0.2296263 0.2253119 0.2253119 0.2193416 0.2193416 0.2155376 0.2155376
0.3090297 0.3090297 0.2994652 0.2909302 0.2882900 0.2882900 0.2861255 0.2826082 0.2826082 0.2797223 0.2797223 0.2772305 0.2760947 0.2778498 0.3145352 0.3145352 0.3440072 0.3441044 0.3443606 0.3447878 0.3452957 0.3457306 0.3458883 0.3455135 0.3442837 0.3417700 0.3373517 0.3299915 0.3174832 0.2923389 0.2923389 0.1950998 0.1641712 0.1427193 0.1400702 0.1400702 0.1456467 0.1456467 0.1674042 0.1674042 0.1981428 0.2385811 0.2385811 0.2414302 0.2414302 0.2395521 0.2395521 0.2395521 0.2343790 0.2343790 0.2292799 0.2292799 0.2256108 0.2256108 0.2190419 0.2190419 0.2152531 0.2152531
0.3084469 0.3084469 0.2990818 0.2909152 0.2882909 0.2882909 0.2861250 0.2825963 0.2825963 0.2797027 0.2797027 0.2772075 0.2760709 0.2767912 0.3047065 0.3047065 0.3393597 0.3386116 0.3380715 0.3378515 0.3378919 0.3380497 0.3381151 0.3378180 0.3368212 0.3346915 0.3308292 0.3242934 0.3132575 0.2924062 0.2924062 0.2187885 0.1875011 0.1589295 0.1528995 0.1528995 0.1534510 0.1534510 0.1693271 0.1693271 0.1900298 0.2356084 0.2356084 0.2431528 0.2431528 0.2400800 0.2400800 0.2400800 0.2344961 0.2344961 0.2292741 0.2292741 0.2249997 0.2249997 0.2193863 0.2193863 0.2154211 0.2154211
0.3080219 0.3080219 0.2987103 0.2909123 0.2883117 0.2883117 0.2861452 0.2826020 0.2826020 0.2796999 0.2796999 0.2772029 0.2760668 0.2761391 0.2953673 0.2953673 0.3351998 0.3336173 0.3322689 0.3313649 0.3308479 0.3305754 0.3303348 0.3298520 0.3287906 0.3267350 0.3231449 0.3172351 0.3075795 0.2899144 0.2899144 0.2327425 0.2044721 0.1750553 0.1683149 0.1683149 0.1670041 0.1670041 0.1775822 0.1775822 0.1898811 0.2279063 0.2279063 0.2427021 0.2427021 0.2399646 0.2399646 0.2399646 0.2343550 0.2343550 0.2289809 0.2289809 0.2244841 0.2244841 0.2193717 0.2193717 0.2153995 0.2153995
0.3077243 0.3077243 0.2983879 0.2909086 0.2883364 0.2883364 0.2861704 0.2826104 0.2826104 0.2796975 0.2796975 0.2771983 0.2760628 0.2757199 0.2881861 0.2881861 0.3308794 0.3284436 0.3262506 0.3246729 0.3236287 0.3229567 0.3224285 0.3217606 0.3206177 0.3186056 0.3152430 0.3098956 0.3015364 0.2865763 0.2865763 0.2413821 0.2172433 0.1911897 0.1857250 0.1857250 0.1847564 0.1847564 0.1902571 0.1902571 0.1959600 0.2202343 0.2202343 0.2385694 0.2385694 0.2389310 0.2389310 0.2389310 0.2336738 0.2336738 0.2283068 0.2283068 0.2237137 0.2237137 0.2190364 0.2190364 0.2152532 0.2152532
0.3075294 0.3075294 0.2981429 0.2909026 0.2883582 0.2883582 0.2861945 0.2826190 0.2826190 0.2796956 0.2796956 0.2771943 0.2760594 0.2754512 0.2833696 0.2833696 0.3259785 0.3228071 0.3197039 0.3174238 0.3158582 0.3148238 0.3140676 0.3132847 0.3121302 0.3102202 0.3071190 0.3023260 0.2952318 0.2830620 0.2830620 0.2473581 0.2280086 0.2085622 0.2054140 0.2054140 0.2046275 0.2046275 0.2045618 0.2045618 0.2053016 0.2160052 0.2160052 0.2318154 0.2318154 0.2363797 0.2363797 0.2363797 0.2321813 0.2321813 0.2271855 0.2271855 0.2227135 0.2227135 0.2184852 0.2184852 0.2150520 0.2150520
0.3074196 0.3074196 0.2979910 0.2908967 0.2883728 0.2883728 0.2862115 0.2826256 0.2826256 0.2796945 0.2796945 0.2771916 0.2760572 0.2752799 0.2800983 0.2800983 0.3198150 0.3164587 0.3124396 0.3094224 0.3073129 0.3059237 0.3049820 0.3041565 0.3030795 0.3013590 0.2985806 0.2943569 0.2885570 0.2795765 0.2795765 0.2532436 0.2391722 0.2282939 0.2270527 0.2270527 0.2242057 0.2242057 0.2182653 0.2182653 0.2153954 0.2157902 0.2157902 0.2251139 0.2251139 0.2321968 0.2321968 0.2321968 0.2296436 0.2296436 0.2254917 0.2254917 0.2214559 0.2214559 0.2177828 0.2177828 0.2148399 0.2148399
0.3073841 0.3073841 0.2979397 0.2908942 0.2883779 0.2883779 0.2862177 0.2826280 0.2826280 0.2796941 0.2796941 0.2771907 0.2760564 0.2751714 0.2779269 0.2779269 0.3111098 0.3089761 0.3042115 0.3004882 0.2978204 0.2960593 0.2949409 0.2941206 0.2932031 0.2917663 0.2893830 0.2858119 0.2818579 0.2775196 0.2775196 0.2606358 0.2531394 0.2501344 0.2489247 0.2489247 0.2414668 0.2414668 0.2302561 0.2302561 0.2248772 0.2183877 0.2183877 0.2205099 0.2205099 0.2269617 0.2269617 0.2269617 0.2260617 0.2260617 0.2231334 0.2231334 0.2198930 0.2198930 0.2169523 0.2169523 0.2146404 0.2146404
0.3074196 0.3074196 0.2979910 0.2908967 0.2883727 0.2883727 0.2862115 0.2826256 0.2826256 0.2796945 0.2796945 0.2771916 0.2760572 0.2751034 0.2765107 0.2765107 0.3002606 0.2996848 0.2947279 0.2903556 0.2871285 0.2849980 0.2837243 0.2829561 0.2822715 0.2812135 0.2793369 0.2766562 0.2756733 0.2784801 0.2784801 0.2721027 0.2715955 0.2719307 0.2686253 0.2686253 0.2555297 0.2555297 0.2402964 0.2402964 0.2332263 0.2223479 0.2223479 0.2184849 0.2184849 0.2216336 0.2216336 0.2216336 0.2217509 0.2217509 0.2201441 0.2201441 0.2179983 0.2179983 0.2160023 0.2160023 0.2144684 0.2144684
0.3075294 0.3075294 0.2981429 0.2909026 0.2883582 0.2883582 0.2861945 0.2826191 0.2826191 0.2796956 0.2796956 0.2771944 0.2760594 0.2750618 0.2755994 0.2755994 0.2882212 0.2880011 0.2833172 0.2785724 0.2749095 0.2724760 0.2710977 0.2704398 0.2700671 0.2694900 0.2682463 0.2668966 0.2713909 0.2852508 0.2852508 0.2896716 0.2937850 0.2910081 0.2847232 0.2847232 0.2665393 0.2665393 0.2485151 0.2485151 0.2403017 0.2266272 0.2266272 0.2184513 0.2184513 0.2170430 0.2170430 0.2170430 0.2172399 0.2172399 0.2167266 0.2167266 0.2158205 0.2158205 0.2149539 0.2149539 0.2143273 0.2143273
0.3077243 0.3077243 0.2983880 0.2909085 0.2883363 0.2883363 0.2861704 0.2826104 0.2826104 0.2796974 0.2796974 0.2771983 0.2760628 0.2750371 0.2750209 0.2750209 0.2753490 0.2737078 0.2692521 0.2645096 0.2606941 0.2581386 0.2567743 0.2563188 0.2563504 0.2563621 0.2559022 0.2569333 0.2724315 0.3008192 0.3008192 0.3119854 0.3159310 0.3065015 0.2978157 0.2978157 0.2749897 0.2749897 0.2550513 0.2550513 0.2460517 0.2305879 0.2305879 0.2195289 0.2195289 0.2135945 0.2135945 0.2135945 0.2130681 0.2130681 0.2132184 0.2132184 0.2135087 0.2135087 0.2138615 0.2138615 0.2142152 0.2142152
