cruce_test.gid/Rasters/Hydraulic/Depth____000052.asc
NCOLS        79
NROWS        79
XLLCENTER         -1.500000
YLLCENTER         -4.800000
CELLSIZE           0.100
NODATA_VALUE     -9999.0
[rows 0 to 24 of 79, columns 0 to 57 of 79]
-9999.000 -9999.000 -9999.000 -9999.000 -9999.000 -9999.000 -9999.000 -9999.000 -9999.000 -9999.000 -9999.000 -9999.000 -9999.000 -9999.000 -9999.000 0.2502871 0.2504037 0.2503115 0.2501546 0.2499490 0.2497017 0.2494188 0.2491066 0.2487731 0.2484272 0.2480799 0.2477441 0.2474361 0.2471891 0.2474871 0.2474871 -9999.000 -9999.000 -9999.000 -9999.000 -9999.000 -9999.000 -9999.000 -9999.000 -9999.000 -9999.000 -9999.000 -9999.000 -9999.000 -9999.000 -9999.000 -9999.000 -9999.000 -9999.000 -9999.000 -9999.000 -9999.000 -9999.000 -9999.000 -9999.000 -9999.000 -9999.000 -9999.000
-9999.000 -9999.000 -9999.000 -9999.000 -9999.000 -9999.000 -9999.000 -9999.000 -9999.000 -9999.000 -9999.000 -9999.000 -9999.000 -9999.000 -9999.000 0.2522075 0.2523536 0.2522620 0.2521133 0.2519213 0.2516917 0.2514302 0.2511432 0.2508381 0.2505237 0.2502095 0.2499060 0.2496234 0.2493843 0.2496578 0.2496578 -9999.000 -9999.000 -9999.000 -9999.000 -9999.000 -9999.000 -9999.000 -9999.000 -9999.000 -9999.000 -9999.000 -9999.000 -9999.000 -9999.000 -9999.000 -9999.000 -9999.000 -9999.000 -9999.000 -9999.000 -9999.000 -9999.000 -9999.000 -9999.000 -9999.000 -9999.000 -9999.000
-9999.000 -9999.000 -9999.000 -9999.000 -9999.000 -9999.000 -9999.000 -9999.000 -9999.000 -9999.000 -9999.000 -9999.000 -9999.000 -9999.000 -9999.000 0.2542612 0.2544562 0.2543646 0.2542151 0.2540233 0.2537952 0.2535359 0.2532509 0.2529469 0.2526316 0.2523130 0.2520000 0.2517018 0.2514426 0.2517569 0.2517569 -9999.000 -9999.000 -9999.000 -9999.000 -9999.000 -9999.000 -9999.000 -9999.000 -9999.000 -9999.000 -9999.000 -9999.000 -9999.000 -9999.000 -9999.000 -9999.000 -9999.000 -9999.000 -9999.000 -9999.000 -9999.000 -9999.000 -9999.000 -9999.000 -9999.000 -9999.000 -9999.000
-9999.000 -9999.000 -9999.000 -9999.000 -9999.000 -9999.000 -9999.000 -9999.000 -9999.000 -9999.000 -9999.000 -9999.000 -9999.000 -9999.000 -9999.000 0.2563528 0.2565897 0.2564954 0.2563419 0.2561459 0.2559132 0.2556484 0.2553566 0.2550437 0.2547164 0.2543821 0.2540486 0.2537246 0.2534357 0.2537812 0.2537812 -9999.000 -9999.000 -9999.000 -9999.000 -9999.000 -9999.000 -9999.000 -9999.000 -9999.000 -9999.000 -9999.000 -9999.000 -9999.000 -9999.000 -9999.000 -9999.000 -9999.000 -9999.000 -9999.000 -9999.000 -9999.000 -9999.000 -9999.000 -9999.000 -9999.000 -9999.000 -9999.000
-9999.000 -9999.000 -9999.000 -9999.000 -9999.000 -9999.000 -9999.000 -9999.000 -9999.000 -9999.000 -9999.000 -9999.000 -9999.000 -9999.000 -9999.000 0.2584741 0.2587455 0.2586459 0.2584852 0.2582809 0.2580385 0.2577620 0.2574561 0.2571259 0.2567777 0.2564180 0.2560540 0.2556938 0.2553644 0.2557332 0.2557332 -9999.000 -9999.000 -9999.000 -9999.000 -9999.000 -9999.000 -9999.000 -9999.000 -9999.000 -9999.000 -9999.000 -9999.000 -9999.000 -9999.000 -9999.000 -9999.000 -9999.000 -9999.000 -9999.000 -9999.000 -9999.000 -9999.000 -9999.000 -9999.000 -9999.000 -9999.000 -9999.000
-9999.000 -9999.000 -9999.000 -9999.000 -9999.000 -9999.000 -9999.000 -9999.000 -9999.000 -9999.000 -9999.000 -9999.000 -9999.000 -9999.000 -9999.000 0.2606185 0.2609165 0.2608086 0.2606379 0.2604219 0.2601655 0.2598721 0.2595459 0.2591912 0.2588137 0.2584192 0.2580144 0.2576065 0.2572235 0.2576084 0.2576084 -9999.000 -9999.000 -9999.000 -9999.000 -9999.000 -9999.000 -9999.000 -9999.000 -9999.000 -9999.000 -9999.000 -9999.000 -9999.000 -9999.000 -9999.000 -9999.000 -9999.000 -9999.000 -9999.000 -9999.000 -9999.000 -9999.000 -9999.000 -9999.000 -9999.000 -9999.000 -9999.000
-9999.000 -9999.000 -9999.000 -9999.000 -9999.000 -9999.000 -9999.000 -9999.000 -9999.000 -9999.000 -9999.000 -9999.000 -9999.000 -9999.000 -9999.000 0.2627800 0.2630963 0.2629770 0.2627940 0.2625634 0.2622893 0.2619745 0.2616222 0.2612361 0.2608210 0.2603819 0.2599245 0.2594552 0.2590021 0.2593945 0.2593945 -9999.000 -9999.000 -9999.000 -9999.000 -9999.000 -9999.000 -9999.000 -9999.000 -9999.000 -9999.000 -9999.000 -9999.000 -9999.000 -9999.000 -9999.000 -9999.000 -9999.000 -9999.000 -9999.000 -9999.000 -9999.000 -9999.000 -9999.000 -9999.000 -9999.000 -9999.000 -9999.000
-9999.000 -9999.000 -9999.000 -9999.000 -9999.000 -9999.000 -9999.000 -9999.000 -9999.000 -9999.000 -9999.000 -9999.000 -9999.000 -9999.000 -9999.000 0.2649528 0.2652788 0.2651451 0.2649477 0.2646999 0.2644050 0.2640645 0.2636805 0.2632559 0.2627942 0.2622992 0.2617753 0.2612272 0.2606820 0.2610693 0.2610693 -9999.000 -9999.000 -9999.000 -9999.000 -9999.000 -9999.000 -9999.000 -9999.000 -9999.000 -9999.000 -9999.000 -9999.000 -9999.000 -9999.000 -9999.000 -9999.000 -9999.000 -9999.000 -9999.000 -9999.000 -9999.000 -9999.000 -9999.000 -9999.000 -9999.000 -9999.000 -9999.000
-9999.000 -9999.000 -9999.000 -9999.000 -9999.000 -9999.000 -9999.000 -9999.000 -9999.000 -9999.000 -9999.000 -9999.000 -9999.000 -9999.000 -9999.000 0.2671311 0.2674577 0.2673063 0.2670926 0.2668256 0.2665068 0.2661363 0.2657149 0.2652441 0.2647254 0.2641611 0.2635530 0.2629029 0.2622346 0.2625963 0.2625963 -9999.000 -9999.000 -9999.000 -9999.000 -9999.000 -9999.000 -9999.000 -9999.000 -9999.000 -9999.000 -9999.000 -9999.000 -9999.000 -9999.000 -9999.000 -9999.000 -9999.000 -9999.000 -9999.000 -9999.000 -9999.000 -9999.000 -9999.000 -9999.000 -9999.000 -9999.000 -9999.000
-9999.000 -9999.000 -9999.000 -9999.000 -9999.000 -9999.000 -9999.000 -9999.000 -9999.000 -9999.000 -9999.000 -9999.000 -9999.000 -9999.000 -9999.000 0.2693072 0.2696259 0.2694534 0.2692217 0.2689334 0.2685877 0.2681829 0.2677178 0.2671916 0.2666036 0.2659528 0.2652370 0.2644531 0.2636167 0.2639160 0.2639160 -9999.000 -9999.000 -9999.000 -9999.000 -9999.000 -9999.000 -9999.000 -9999.000 -9999.000 -9999.000 -9999.000 -9999.000 -9999.000 -9999.000 -9999.000 -9999.000 -9999.000 -9999.000 -9999.000 -9999.000 -9999.000 -9999.000 -9999.000 -9999.000 -9999.000 -9999.000 -9999.000
-9999.000 -9999.000 -9999.000 -9999.000 -9999.000 -9999.000 -9999.000 -9999.000 -9999.000 -9999.000 -9999.000 -9999.000 -9999.000 -9999.000 -9999.000 0.2714712 0.2717746 0.2715778 0.2713264 0.2710149 0.2706390 0.2701947 0.2696783 0.2690858 0.2684126 0.2676527 0.2667971 0.2658332 0.2647608 0.2649271 0.2649271 -9999.000 -9999.000 -9999.000 -9999.000 -9999.000 -9999.000 -9999.000 -9999.000 -9999.000 -9999.000 -9999.000 -9999.000 -9999.000 -9999.000 -9999.000 -9999.000 -9999.000 -9999.000 -9999.000 -9999.000 -9999.000 -9999.000 -9999.000 -9999.000 -9999.000 -9999.000 -9999.000
-9999.000 -9999.000 -9999.000 -9999.000 -9999.000 -9999.000 -9999.000 -9999.000 -9999.000 -9999.000 -9999.000 -9999.000 -9999.000 -9999.000 -9999.000 0.2736094 0.2738926 0.2736687 0.2733961 0.2730588 0.2726488 0.2721588 0.2715815 0.2709084 0.2701290 0.2692289 0.2681875 0.2669744 0.2655572 0.2654471 0.2654471 -9999.000 -9999.000 -9999.000 -9999.000 -9999.000 -9999.000 -9999.000 -9999.000 -9999.000 -9999.000 -9999.000 -9999.000 -9999.000 -9999.000 -9999.000 -9999.000 -9999.000 -9999.000 -9999.000 -9999.000 -9999.000 -9999.000 -9999.000 -9999.000 -9999.000 -9999.000 -9999.000
-9999.000 -9999.000 -9999.000 -9999.000 -9999.000 -9999.000 -9999.000 -9999.000 -9999.000 -9999.000 -9999.000 -9999.000 -9999.000 -9999.000 -9999.000 0.2757022 0.2759649 0.2757121 0.2754164 0.2750503 0.2746010 0.2740570 0.2734058 0.2726326 0.2717175 0.2706324 0.2693362 0.2677642 0.2658178 0.2651129 0.2651129 -9999.000 -9999.000 -9999.000 -9999.000 -9999.000 -9999.000 -9999.000 -9999.000 -9999.000 -9999.000 -9999.000 -9999.000 -9999.000 -9999.000 -9999.000 -9999.000 -9999.000 -9999.000 -9999.000 -9999.000 -9999.000 -9999.000 -9999.000 -9999.000 -9999.000 -9999.000 -9999.000
-9999.000 -9999.000 -9999.000 -9999.000 -9999.000 -9999.000 -9999.000 -9999.000 -9999.000 -9999.000 -9999.000 -9999.000 -9999.000 -9999.000 -9999.000 0.2777104 0.2779646 0.2776850 0.2773665 0.2769689 0.2764740 0.2758647 0.2751214 0.2742193 0.2731240 0.2717843 0.2701212 0.2680026 0.2651865 0.2630897 0.2630897 -9999.000 -9999.000 -9999.000 -9999.000 -9999.000 -9999.000 -9999.000 -9999.000 -9999.000 -9999.000 -9999.000 -9999.000 -9999.000 -9999.000 -9999.000 -9999.000 -9999.000 -9999.000 -9999.000 -9999.000 -9999.000 -9999.000 -9999.000 -9999.000 -9999.000 -9999.000 -9999.000
-9999.000 -9999.000 -9999.000 -9999.000 -9999.000 -9999.000 -9999.000 -9999.000 -9999.000 -9999.000 -9999.000 -9999.000 -9999.000 -9999.000 -9999.000 0.2787394 0.2795824 0.2794704 0.2792479 0.2788875 0.2783777 0.2777028 0.2768401 0.2757555 0.2743959 0.2726750 0.2704459 0.2674340 0.2630351 0.2567703 0.2567703 -9999.000 -9999.000 -9999.000 -9999.000 -9999.000 -9999.000 -9999.000 -9999.000 -9999.000 -9999.000 -9999.000 -9999.000 -9999.000 -9999.000 -9999.000 -9999.000 -9999.000 -9999.000 -9999.000 -9999.000 -9999.000 -9999.000 -9999.000 -9999.000 -9999.000 -9999.000 -9999.000
0.2298720 0.2298720 0.2224879 0.2161855 0.2150349 0.2150349 0.2316846 0.2484022 0.2484022 0.2554774 0.2554774 0.2630461 0.2675334 0.2728636 0.2794284 0.2794284 0.2871030 0.2873436 0.2873281 0.2869348 0.2860896 0.2847512 0.2829062 0.2805446 0.2776117 0.2739268 0.2690277 0.2617760 0.2490135 0.2156734 0.2156734 0.9917204E-01 0.7466271E-01 0.6845713E-01 0.7224648E-01 0.7224648E-01 0.8667360E-01 0.8667360E-01 0.1091395 0.1091395 0.1350486 0.1748091 0.1748091 0.1781594 0.1781594 0.1780603 0.1780603 0.1780603 0.1732804 0.1732804 0.1691948 0.1691948 0.1658720 0.1658720 0.1605505 0.1605505 0.1571195 0.1571195
0.2288878 0.2288878 0.2219373 0.2157832 0.2146370 0.2146370 0.2300227 0.2481265 0.2481265 0.2550637 0.2550637 0.2624935 0.2667569 0.2715010 0.2766221 0.2766221 0.2811497 0.2815262 0.2818412 0.2820182 0.2819483 0.2814986 0.2805191 0.2788422 0.2762710 0.2725411 0.2672213 0.2594609 0.2472489 0.2235121 0.2235121 0.1422790 0.1151940 0.9506006E-01 0.9153552E-01 0.9153552E-01 0.9360860E-01 0.9360860E-01 0.1079520 0.1079520 0.1247996 0.1738763 0.1738763 0.1785733 0.1785733 0.1780362 0.1780362 0.1780362 0.1729492 0.1729492 0.1688749 0.1688749 0.1661917 0.1661917 0.1603126 0.1603126 0.1569089 0.1569089
0.2283553 0.2283553 0.2217703 0.2157370 0.2146078 0.2146078 0.2291870 0.2480917 0.2480917 0.2547261 0.2547261 0.2616332 0.2654074 0.2694152 0.2735176 0.2735176 0.2764567 0.2764819 0.2764781 0.2764311 0.2762615 0.2758457 0.2750256 0.2736089 0.2713576 0.2679597 0.2629632 0.2556096 0.2443271 0.2244790 0.2244790 0.1619675 0.1355422 0.1116647 0.1059610 0.1059610 0.1040213 0.1040213 0.1132368 0.1132368 0.1238658 0.1657098 0.1657098 0.1792397 0.1792397 0.1788248 0.1788248 0.1788248 0.1728770 0.1728770 0.1687550 0.1687550 0.1654970 0.1654970 0.1605665 0.1605665 0.1570036 0.1570036
0.2279380 0.2279380 0.2216291 0.2156964 0.2145866 0.2145866 0.2284620 0.2480005 0.2480005 0.2543064 0.2543064 0.2606335 0.2639265 0.2672838 0.2705805 0.2705805 0.2721289 0.2717592 0.2713929 0.2710305 0.2706045 0.2700005 0.2690666 0.2676152 0.2654151 0.2621702 0.2574698 0.2506603 0.2404559 0.2232579 0.2232579 0.1743415 0.1500914 0.1263206 0.1205043 0.1205043 0.1178512 0.1178512 0.1232470 0.1232470 0.1288338 0.1564727 0.1564727 0.1766072 0.1766072 0.1779193 0.1779193 0.1779193 0.1728017 0.1728017 0.1685128 0.1685128 0.1650165 0.1650165 0.1605618 0.1605618 0.1569568 0.1569568
0.2276243 0.2276243 0.2215154 0.2156596 0.2145642 0.2145642 0.2278030 0.2478414 0.2478414 0.2538010 0.2538010 0.2595111 0.2623231 0.2650623 0.2676262 0.2676262 0.2677277 0.2669098 0.2661795 0.2655187 0.2648481 0.2640480 0.2629685 0.2614301 0.2592187 0.2560709 0.2516402 0.2453958 0.2362963 0.2213261 0.2213261 0.1823587 0.1610907 0.1401052 0.1355444 0.1355444 0.1337132 0.1337132 0.1357025 0.1357025 0.1374742 0.1510131 0.1510131 0.1703869 0.1703869 0.1761959 0.1761959 0.1761959 0.1721918 0.1721918 0.1679606 0.1679606 0.1643266 0.1643266 0.1602577 0.1602577 0.1567678 0.1567678
0.2274063 0.2274063 0.2214321 0.2156303 0.2145411 0.2145411 0.2272028 0.2476283 0.2476283 0.2532377 0.2532377 0.2583205 0.2606554 0.2627861 0.2646206 0.2646206 0.2630521 0.2616999 0.2605805 0.2596380 0.2587625 0.2578142 0.2566338 0.2550452 0.2528512 0.2498275 0.2457084 0.2401072 0.2322138 0.2195312 0.2195312 0.1877978 0.1703552 0.1544394 0.1517838 0.1517838 0.1502955 0.1502955 0.1484399 0.1484399 0.1473157 0.1504349 0.1504349 0.1633426 0.1633426 0.1728606 0.1728606 0.1728606 0.1706289 0.1706289 0.1669327 0.1669327 0.1633923 0.1633923 0.1596937 0.1596937 0.1564623 0.1564623
0.2272779 0.2272779 0.2213814 0.2156113 0.2145191 0.2145191 0.2266620 0.2473766 0.2473766 0.2526443 0.2526443 0.2571127 0.2589803 0.2605033 0.2615708 0.2615708 0.2579524 0.2559584 0.2544059 0.2531859 0.2521438 0.2511055 0.2498911 0.2483191 0.2462046 0.2433634 0.2396371 0.2348344 0.2283585 0.2180678 0.2180678 0.1926907 0.1796726 0.1703687 0.1691701 0.1691701 0.1660762 0.1660762 0.1600991 0.1600991 0.1568103 0.1532845 0.1532845 0.1583643 0.1583643 0.1681404 0.1681404 0.1681404 0.1678917 0.1678917 0.1652299 0.1652299 0.1621221 0.1621221 0.1588928 0.1588928 0.1560583 0.1560583
0.2272357 0.2272357 0.2213643 0.2156045 0.2145004 0.2145004 0.2261883 0.2471012 0.2471012 0.2520461 0.2520461 0.2559312 0.2573490 0.2582662 0.2585065 0.2585065 0.2522635 0.2495065 0.2474682 0.2459698 0.2447978 0.2437311 0.2425578 0.2410810 0.2391200 0.2365300 0.2333140 0.2296060 0.2250028 0.2176691 0.2176691 0.1986284 0.1908394 0.1877858 0.1864694 0.1864694 0.1798020 0.1798020 0.1701355 0.1701355 0.1652986 0.1577214 0.1577214 0.1564264 0.1564264 0.1630307 0.1630307 0.1630307 0.1641460 0.1641460 0.1627489 0.1627489 0.1604162 0.1604162 0.1578440 0.1578440 0.1555596 0.1555596
0.2272783 0.2272783 0.2213814 0.2156105 0.2144867 0.2144867 0.2257971 0.2468147 0.2468147 0.2514657 0.2514657 0.2548131 0.2558075 0.2561305 0.2554822 0.2554822 0.2457734 0.2421282 0.2395498 0.2377723 0.2365108 0.2354853 0.2344386 0.2331467 0.2314224 0.2291536 0.2266227 0.2245948 0.2227467 0.2193181 0.2193181 0.2073584 0.2051135 0.2051583 0.2019112 0.2019112 0.1909938 0.1909938 0.1785167 0.1785167 0.1726017 0.1625130 0.1625130 0.1568776 0.1568776 0.1586062 0.1586062 0.1586062 0.1599291 0.1599291 0.1595936 0.1595936 0.1582399 0.1582399 0.1565283 0.1565283 0.1549682 0.1549682
0.2274070 0.2274070 0.2214320 0.2156287 0.2144792 0.2144792 0.2255105 0.2465276 0.2465276 0.2509228 0.2509228 0.2537890 0.2543954 0.2541516 0.2525787 0.2525787 0.2381971 0.2335510 0.2303815 0.2283264 0.2270215 0.2261207 0.2253049 0.2243077 0.2229194 0.2210401 0.2194889 0.2203346 0.2227380 0.2241242 0.2241242 0.2200875 0.2221451 0.2208478 0.2145368 0.2145368 0.1998195 0.1998195 0.1853679 0.1853679 0.1786960 0.1669939 0.1669939 0.1586170 0.1586170 0.1554442 0.1554442 0.1554442 0.1558878 0.1558878 0.1560770 0.1560770 0.1556803 0.1556803 0.1549706 0.1549706 0.1542946 0.1542946
