cruce_test.gid/Rasters/Hydraulic/Depth____000089.asc
NCOLS        79
NROWS        79
XLLCENTER         -1.500000
YLLCENTER         -4.800000
CELLSIZE           0.100
NODATA_VALUE     -9999.0
[rows 0 to 25 of 79, columns 0 to 57 of 79]
-9999.000 -9999.000 -9999.000 -9999.000 -9999.000 -9999.000 -9999.000 -9999.000 -9999.000 -9999.000 -9999.000 -9999.000 -9999.000 -9999.000 -9999.000 0.3334720 0.3336177 0.3335559 0.3334486 0.3333096 0.3331436 0.3329530 0.3327384 0.3324991 0.3322336 0.3319403 0.3316178 0.3312657 0.3309006 0.3311489 0.3311489 -9999.000 -9999.000 -9999.000 -9999.000 -9999.000 -9999.000 -9999.000 -9999.000 -9999.000 -9999.000 -9999.000 -9999.000 -9999.000 -9999.000 -9999.000 -9999.000 -9999.000 -9999.000 -9999.000 -9999.000 -9999.000 -9999.000 -9999.000 -9999.000 -9999.000 -9999.000 -9999.000
-9999.000 -9999.000 -9999.000 -9999.000 -9999.000 -9999.000 -9999.000 -9999.000 -9999.000 -9999.000 -9999.000 -9999.000 -9999.000 -9999.000 -9999.000 0.3353517 0.3355092 0.3354473 0.3353467 0.3352191 0.3350683 0.3348966 0.3347054 0.3344951 0.3342653 0.3340150 0.3337419 0.3334416 0.3331193 0.3333675 0.3333675 -9999.000 -9999.000 -9999.000 -9999.000 -9999.000 -9999.000 -9999.000 -9999.000 -9999.000 -9999.000 -9999.000 -9999.000 -9999.000 -9999.000 -9999.000 -9999.000 -9999.000 -9999.000 -9999.000 -9999.000 -9999.000 -9999.000 -9999.000 -9999.000 -9999.000 -9999.000 -9999.000
-9999.000 -9999.000 -9999.000 -9999.000 -9999.000 -9999.000 -9999.000 -9999.000 -9999.000 -9999.000 -9999.000 -9999.000 -9999.000 -9999.000 -9999.000 0.3373297 0.3375232 0.3374628 0.3373640 0.3372398 0.3370943 0.3369297 0.3367467 0.3365447 0.3363219 0.3360752 0.3357998 0.3354879 0.3351432 0.3354163 0.3354163 -9999.000 -9999.000 -9999.000 -9999.000 -9999.000 -9999.000 -9999.000 -9999.000 -9999.000 -9999.000 -9999.000 -9999.000 -9999.000 -9999.000 -9999.000 -9999.000 -9999.000 -9999.000 -9999.000 -9999.000 -9999.000 -9999.000 -9999.000 -9999.000 -9999.000 -9999.000 -9999.000
-9999.000 -9999.000 -9999.000 -9999.000 -9999.000 -9999.000 -9999.000 -9999.000 -9999.000 -9999.000 -9999.000 -9999.000 -9999.000 -9999.000 -9999.000 0.3393413 0.3395637 0.3395031 0.3394042 0.3392804 0.3391360 0.3389729 0.3387910 0.3385890 0.3383636 0.3381101 0.3378215 0.3374875 0.3371086 0.3373925 0.3373925 -9999.000 -9999.000 -9999.000 -9999.000 -9999.000 -9999.000 -9999.000 -9999.000 -9999.000 -9999.000 -9999.000 -9999.000 -9999.000 -9999.000 -9999.000 -9999.000 -9999.000 -9999.000 -9999.000 -9999.000 -9999.000 -9999.000 -9999.000 -9999.000 -9999.000 -9999.000 -9999.000
-9999.000 -9999.000 -9999.000 -9999.000 -9999.000 -9999.000 -9999.000 -9999.000 -9999.000 -9999.000 -9999.000 -9999.000 -9999.000 -9999.000 -9999.000 0.3413773 0.3416227 0.3415599 0.3414585 0.3413323 0.3411853 0.3410191 0.3408332 0.3406250 0.3403901 0.3401222 0.3398119 0.3394461 0.3390216 0.3393049 0.3393049 -9999.000 -9999.000 -9999.000 -9999.000 -9999.000 -9999.000 -9999.000 -9999.000 -9999.000 -9999.000 -9999.000 -9999.000 -9999.000 -9999.000 -9999.000 -9999.000 -9999.000 -9999.000 -9999.000 -9999.000 -9999.000 -9999.000 -9999.000 -9999.000 -9999.000 -9999.000 -9999.000
-9999.000 -9999.000 -9999.000 -9999.000 -9999.000 -9999.000 -9999.000 -9999.000 -9999.000 -9999.000 -9999.000 -9999.000 -9999.000 -9999.000 -9999.000 0.3434302 0.3436933 0.3436265 0.3435207 0.3433895 0.3432369 0.3430642 0.3428700 0.3426509 0.3424010 0.3421120 0.3417723 0.3413649 0.3408815 0.3411527 0.3411527 -9999.000 -9999.000 -9999.000 -9999.000 -9999.000 -9999.000 -9999.000 -9999.000 -9999.000 -9999.000 -9999.000 -9999.000 -9999.000 -9999.000 -9999.000 -9999.000 -9999.000 -9999.000 -9999.000 -9999.000 -9999.000 -9999.000 -9999.000 -9999.000 -9999.000 -9999.000 -9999.000
-9999.000 -9999.000 -9999.000 -9999.000 -9999.000 -9999.000 -9999.000 -9999.000 -9999.000 -9999.000 -9999.000 -9999.000 -9999.000 -9999.000 -9999.000 0.3454938 0.3457699 0.3456974 0.3455856 0.3454475 0.3452870 0.3451048 0.3448990 0.3446648 0.3443948 0.3440785 0.3437011 0.3432411 0.3426826 0.3429270 0.3429270 -9999.000 -9999.000 -9999.000 -9999.000 -9999.000 -9999.000 -9999.000 -9999.000 -9999.000 -9999.000 -9999.000 -9999.000 -9999.000 -9999.000 -9999.000 -9999.000 -9999.000 -9999.000 -9999.000 -9999.000 -9999.000 -9999.000 -9999.000 -9999.000 -9999.000 -9999.000 -9999.000
-9999.000 -9999.000 -9999.000 -9999.000 -9999.000 -9999.000 -9999.000 -9999.000 -9999.000 -9999.000 -9999.000 -9999.000 -9999.000 -9999.000 -9999.000 0.3475626 0.3478477 0.3477679 0.3476488 0.3475023 0.3473319 0.3471378 0.3469174 0.3466643 0.3463692 0.3460188 0.3455943 0.3450683 0.3444134 0.3446100 0.3446100 -9999.000 -9999.000 -9999.000 -9999.000 -9999.000 -9999.000 -9999.000 -9999.000 -9999.000 -9999.000 -9999.000 -9999.000 -9999.000 -9999.000 -9999.000 -9999.000 -9999.000 -9999.000 -9999.000 -9999.000 -9999.000 -9999.000 -9999.000 -9999.000 -9999.000 -9999.000 -9999.000
-9999.000 -9999.000 -9999.000 -9999.000 -9999.000 -9999.000 -9999.000 -9999.000 -9999.000 -9999.000 -9999.000 -9999.000 -9999.000 -9999.000 -9999.000 0.3496319 0.3499225 0.3498336 0.3497061 0.3495497 0.3493678 0.3491597 0.3489217 0.3486457 0.3483200 0.3479276 0.3474447 0.3468352 0.3460555 0.3461714 0.3461714 -9999.000 -9999.000 -9999.000 -9999.000 -9999.000 -9999.000 -9999.000 -9999.000 -9999.000 -9999.000 -9999.000 -9999.000 -9999.000 -9999.000 -9999.000 -9999.000 -9999.000 -9999.000 -9999.000 -9999.000 -9999.000 -9999.000 -9999.000 -9999.000 -9999.000 -9999.000 -9999.000
-9999.000 -9999.000 -9999.000 -9999.000 -9999.000 -9999.000 -9999.000 -9999.000 -9999.000 -9999.000 -9999.000 -9999.000 -9999.000 -9999.000 -9999.000 0.3516965 0.3519895 0.3518900 0.3517530 0.3515856 0.3513904 0.3511660 0.3509073 0.3506039 0.3502409 0.3497968 0.3492406 0.3485244 0.3475803 0.3475609 0.3475609 -9999.000 -9999.000 -9999.000 -9999.000 -9999.000 -9999.000 -9999.000 -9999.000 -9999.000 -9999.000 -9999.000 -9999.000 -9999.000 -9999.000 -9999.000 -9999.000 -9999.000 -9999.000 -9999.000 -9999.000 -9999.000 -9999.000 -9999.000 -9999.000 -9999.000 -9999.000 -9999.000
-9999.000 -9999.000 -9999.000 -9999.000 -9999.000 -9999.000 -9999.000 -9999.000 -9999.000 -9999.000 -9999.000 -9999.000 -9999.000 -9999.000 -9999.000 0.3537500 0.3540435 0.3539316 0.3537841 0.3536043 0.3533940 0.3531508 0.3528675 0.3525312 0.3521225 0.3516138 0.3509642 0.3501091 0.3489436 0.3486930 0.3486930 -9999.000 -9999.000 -9999.000 -9999.000 -9999.000 -9999.000 -9999.000 -9999.000 -9999.000 -9999.000 -9999.000 -9999.000 -9999.000 -9999.000 -9999.000 -9999.000 -9999.000 -9999.000 -9999.000 -9999.000 -9999.000 -9999.000 -9999.000 -9999.000 -9999.000 -9999.000 -9999.000
-9999.000 -9999.000 -9999.000 -9999.000 -9999.000 -9999.000 -9999.000 -9999.000 -9999.000 -9999.000 -9999.000 -9999.000 -9999.000 -9999.000 -9999.000 0.3557840 0.3560773 0.3559515 0.3557922 0.3555984 0.3553706 0.3551053 0.3547925 0.3544157 0.3539499 0.3533588 0.3525878 0.3515469 0.3500742 0.3494148 0.3494148 -9999.000 -9999.000 -9999.000 -9999.000 -9999.000 -9999.000 -9999.000 -9999.000 -9999.000 -9999.000 -9999.000 -9999.000 -9999.000 -9999.000 -9999.000 -9999.000 -9999.000 -9999.000 -9999.000 -9999.000 -9999.000 -9999.000 -9999.000 -9999.000 -9999.000 -9999.000 -9999.000
-9999.000 -9999.000 -9999.000 -9999.000 -9999.000 -9999.000 -9999.000 -9999.000 -9999.000 -9999.000 -9999.000 -9999.000 -9999.000 -9999.000 -9999.000 0.3577860 0.3580807 0.3579392 0.3577665 0.3575565 0.3573081 0.3570159 0.3566666 0.3562385 0.3556988 0.3549992 0.3540647 0.3527666 0.3508511 0.3494277 0.3494277 -9999.000 -9999.000 -9999.000 -9999.000 -9999.000 -9999.000 -9999.000 -9999.000 -9999.000 -9999.000 -9999.000 -9999.000 -9999.000 -9999.000 -9999.000 -9999.000 -9999.000 -9999.000 -9999.000 -9999.000 -9999.000 -9999.000 -9999.000 -9999.000 -9999.000 -9999.000 -9999.000
-9999.000 -9999.000 -9999.000 -9999.000 -9999.000 -9999.000 -9999.000 -9999.000 -9999.000 -9999.000 -9999.000 -9999.000 -9999.000 -9999.000 -9999.000 0.3597241 0.3600302 0.3598738 0.3596878 0.3594600 0.3591875 0.3588620 0.3584656 0.3579692 0.3573289 0.3564785 0.3553115 0.3536372 0.3510483 0.3480795 0.3480795 -9999.000 -9999.000 -9999.000 -9999.000 -9999.000 -9999.000 -9999.000 -9999.000 -9999.000 -9999.000 -9999.000 -9999.000 -9999.000 -9999.000 -9999.000 -9999.000 -9999.000 -9999.000 -9999.000 -9999.000 -9999.000 -9999.000 -9999.000 -9999.000 -9999.000 -9999.000 -9999.000
-9999.000 -9999.000 -9999.000 -9999.000 -9999.000 -9999.000 -9999.000 -9999.000 -9999.000 -9999.000 -9999.000 -9999.000 -9999.000 -9999.000 -9999.000 0.3603960 0.3614481 0.3615258 0.3614930 0.3613572 0.3611300 0.3608103 0.3603810 0.3598067 0.3590291 0.3579558 0.3564302 0.3541518 0.3504089 0.3434218 0.3434218 -9999.000 -9999.000 -9999.000 -9999.000 -9999.000 -9999.000 -9999.000 -9999.000 -9999.000 -9999.000 -9999.000 -9999.000 -9999.000 -9999.000 -9999.000 -9999.000 -9999.000 -9999.000 -9999.000 -9999.000 -9999.000 -9999.000 -9999.000 -9999.000 -9999.000 -9999.000 -9999.000
0.3347211 0.3347211 0.3240090 0.3132914 0.3106593 0.3106593 0.3084826 0.3048890 0.3048890 0.3018990 0.3018990 0.2992961 0.2981069 0.2969818 0.3298249 0.3298249 0.3690169 0.3695268 0.3700689 0.3705498 0.3708555 0.3708462 0.3703583 0.3692080 0.3671874 0.3640225 0.3592334 0.3517252 0.3383796 0.3035072 0.3035072 0.1619007 0.1387980 0.1389521 0.1446002 0.1446002 0.1595165 0.1595165 0.1933502 0.1933502 0.2314006 0.2560581 0.2560581 0.2596044 0.2596044 0.2585301 0.2585301 0.2585301 0.2532778 0.2532778 0.2479077 0.2479077 0.2433105 0.2433105 0.2371716 0.2371716 0.2332633 0.2332633
0.3340821 0.3340821 0.3223369 0.3128254 0.3101851 0.3101851 0.3080034 0.3044095 0.3044095 0.3014252 0.3014252 0.2988302 0.2976452 0.2965242 0.3178817 0.3178817 0.3626093 0.3624389 0.3624544 0.3627528 0.3632510 0.3637971 0.3641835 0.3641436 0.3633326 0.3612851 0.3573227 0.3503282 0.3379958 0.3126999 0.3126999 0.2114899 0.1795055 0.1575011 0.1549313 0.1549313 0.1608558 0.1608558 0.1849178 0.1849178 0.2163120 0.2571263 0.2571263 0.2603409 0.2603409 0.2583678 0.2583678 0.2583678 0.2529752 0.2529752 0.2475712 0.2475712 0.2436151 0.2436151 0.2368636 0.2368636 0.2329652 0.2329652
0.3337128 0.3337128 0.3215953 0.3128301 0.3101953 0.3101953 0.3080080 0.3044016 0.3044016 0.3014087 0.3014087 0.2988090 0.2976226 0.2965003 0.3096372 0.3096372 0.3582604 0.3570850 0.3560740 0.3555380 0.3554184 0.3555683 0.3557721 0.3557434 0.3551179 0.3534264 0.3500251 0.3439193 0.3332043 0.3123371 0.3123371 0.2361285 0.2035354 0.1735543 0.1673829 0.1673829 0.1683430 0.1683430 0.1859809 0.1859809 0.2078517 0.2541271 0.2541271 0.2622421 0.2622421 0.2589616 0.2589616 0.2589616 0.2531473 0.2531473 0.2475981 0.2475981 0.2430235 0.2430235 0.2372251 0.2372251 0.2331427 0.2331427
0.3334107 0.3334107 0.3210502 0.3128206 0.3102128 0.3102128 0.3080283 0.3044122 0.3044122 0.3014114 0.3014114 0.2988086 0.2976218 0.2964995 0.3046621 0.3046621 0.3541844 0.3522010 0.3501811 0.3487987 0.3479956 0.3476175 0.3474440 0.3471823 0.3464635 0.3448300 0.3416930 0.3362178 0.3269271 0.3093338 0.3093338 0.2504379 0.2210563 0.1900174 0.1830134 0.1830134 0.1820401 0.1820401 0.1940286 0.1940286 0.2074620 0.2466486 0.2466486 0.2618455 0.2618455 0.2588727 0.2588727 0.2588727 0.2529879 0.2529879 0.2472805 0.2472805 0.2424852 0.2424852 0.2371890 0.2371890 0.2331108 0.2331108
0.3331751 0.3331751 0.3206624 0.3127969 0.3102251 0.3102251 0.3080487 0.3044249 0.3044249 0.3014150 0.3014150 0.2988086 0.2976214 0.2964991 0.3013615 0.3013615 0.3493603 0.3470377 0.3440360 0.3418328 0.3403796 0.3395044 0.3389743 0.3384855 0.3376655 0.3360691 0.3331577 0.3282379 0.3202331 0.3053900 0.3053900 0.2591918 0.2341832 0.2067328 0.2010671 0.2010671 0.2004604 0.2004604 0.2069862 0.2069862 0.2134951 0.2390304 0.2390304 0.2576828 0.2576828 0.2577989 0.2577989 0.2577989 0.2522448 0.2522448 0.2465539 0.2465539 0.2416791 0.2416791 0.2368286 0.2368286 0.2329617 0.2329617
0.3330066 0.3330066 0.3204047 0.3127696 0.3102318 0.3102318 0.3080655 0.3044365 0.3044365 0.3014184 0.3014184 0.2988086 0.2976209 0.2964987 0.2992077 0.2992077 0.3428283 0.3412345 0.3373084 0.3342808 0.3321797 0.3308291 0.3299876 0.3293359 0.3284872 0.3269956 0.3243514 0.3199678 0.3130575 0.3008868 0.3008868 0.2655426 0.2452497 0.2249113 0.2217512 0.2217512 0.2213511 0.2213511 0.2218278 0.2218278 0.2229767 0.2346356 0.2346356 0.2508205 0.2508205 0.2551492 0.2551492 0.2551492 0.2506571 0.2506571 0.2453628 0.2453628 0.2406400 0.2406400 0.2362653 0.2362653 0.2327744 0.2327744
0.3329053 0.3329053 0.3202579 0.3127486 0.3102346 0.3102346 0.3080765 0.3044447 0.3044447 0.3014208 0.3014208 0.2988085 0.2976206 0.2964983 0.2978224 0.2978224 0.3335435 0.3343665 0.3297449 0.3259288 0.3231736 0.3213355 0.3201910 0.3194198 0.3186199 0.3173255 0.3150180 0.3111702 0.3054678 0.2965965 0.2965965 0.2712801 0.2567492 0.2457746 0.2446789 0.2446789 0.2420383 0.2420383 0.2361094 0.2361094 0.2333110 0.2341735 0.2341735 0.2438983 0.2438983 0.2508306 0.2508306 0.2508306 0.2480065 0.2480065 0.2435931 0.2435931 0.2393515 0.2393515 0.2355682 0.2355682 0.2325955 0.2325955
0.3328715 0.3328715 0.3202102 0.3127407 0.3102354 0.3102354 0.3080802 0.3044477 0.3044477 0.3014218 0.3014218 0.2988085 0.2976204 0.2964981 0.2969404 0.2969404 0.3228178 0.3256282 0.3210701 0.3165802 0.3131562 0.3108143 0.3093688 0.3085059 0.3078100 0.3067907 0.3049119 0.3017302 0.2976837 0.2934375 0.2934375 0.2785049 0.2714088 0.2690442 0.2679357 0.2679357 0.2602733 0.2602733 0.2486087 0.2486087 0.2430606 0.2365768 0.2365768 0.2389837 0.2389837 0.2454199 0.2454199 0.2454199 0.2443006 0.2443006 0.2411608 0.2411608 0.2377698 0.2377698 0.2347619 0.2347619 0.2324504 0.2324504
0.3329053 0.3329053 0.3202579 0.3127486 0.3102346 0.3102346 0.3080765 0.3044447 0.3044447 0.3014209 0.3014209 0.2988086 0.2976205 0.2964983 0.2963829 0.2963829 0.3116446 0.3146571 0.3106988 0.3058325 0.3018456 0.2990383 0.2973135 0.2963884 0.2958488 0.2951850 0.2938381 0.2915072 0.2900489 0.2931308 0.2931308 0.2903307 0.2912025 0.2922947 0.2888406 0.2888406 0.2750850 0.2750850 0.2590666 0.2590666 0.2516702 0.2404417 0.2404417 0.2366386 0.2366386 0.2398679 0.2398679 0.2398679 0.2398512 0.2398512 0.2381029 0.2381029 0.2358709 0.2358709 0.2338574 0.2338574 0.2323525 0.2323525
0.3330066 0.3330066 0.3204047 0.3127696 0.3102318 0.3102318 0.3080656 0.3044366 0.3044366 0.3014185 0.3014185 0.2988086 0.2976209 0.2964987 0.2960327 0.2960327 0.3003869 0.3015703 0.2980174 0.2931418 0.2888463 0.2857142 0.2837891 0.2828561 0.2825296 0.2822976 0.2815863 0.2804263 0.2837496 0.2989954 0.2989954 0.3094031 0.3152533 0.3125348 0.3058239 0.3058239 0.2866453 0.2866453 0.2676257 0.2676257 0.2589852 0.2447093 0.2447093 0.2363455 0.2363455 0.2350160 0.2350160 0.2350160 0.2351816 0.2351816 0.2346206 0.2346206 0.2337059 0.2337059 0.2328752 0.2328752 0.2323006 0.2323006
0.3331751 0.3331751 0.3206623 0.3127970 0.3102251 0.3102251 0.3080488 0.3044249 0.3044249 0.3014151 0.3014151 0.2988087 0.2976214 0.2964992 0.2958147 0.2958147 0.2887196 0.2865130 0.2825797 0.2778715 0.2736144 0.2704296 0.2684830 0.2676563 0.2676261 0.2679078 0.2679430 0.2686862 0.2820750 0.3155384 0.3155384 0.3342102 0.3390014 0.3288397 0.3195384 0.3195384 0.2955042 0.2955042 0.2744389 0.2744389 0.2649456 0.2487100 0.2487100 0.2372489 0.2372489 0.2313016 0.2313016 0.2313016 0.2308364 0.2308364 0.2310492 0.2310492 0.2314212 0.2314212 0.2318645 0.2318645 0.2322856 0.2322856
