cruce_test.gid/Rasters/Hydraulic/Depth____000094.asc
NCOLS        79
NROWS        79
XLLCENTER         -1.500000
YLLCENTER         -4.800000
CELLSIZE           0.100
NODATA_VALUE     -9999.0
[rows 0 to 25 of 79, columns 0 to 57 of 79]
-9999.000 -9999.000 -9999.000 -9999.000 -9999.000 -9999.000 -9999.000 -9999.000 -9999.000 -9999.000 -9999.000 -9999.000 -9999.000 -9999.000 -9999.000 0.3432856 0.3434369 0.3433792 0.3432756 0.3431406 0.3429794 0.3427946 0.3425869 0.3423554 0.3420977 0.3418109 0.3414917 0.3411369 0.3407593 0.3409956 0.3409956 -9999.000 -9999.000 -9999.000 -9999.000 -9999.000 -9999.000 -9999.000 -9999.000 -9999.000 -9999.000 -9999.000 -9999.000 -9999.000 -9999.000 -9999.000 -9999.000 -9999.000 -9999.000 -9999.000 -9999.000 -9999.000 -9999.000 -9999.000 -9999.000 -9999.000 -9999.000 -9999.000
-9999.000 -9999.000 -9999.000 -9999.000 -9999.000 -9999.000 -9999.000 -9999.000 -9999.000 -9999.000 -9999.000 -9999.000 -9999.000 -9999.000 -9999.000 0.3451639 0.3453253 0.3452671 0.3451700 0.3450463 0.3449002 0.3447342 0.3445498 0.3443470 0.3441249 0.3438815 0.3436127 0.3433119 0.3429807 0.3432203 0.3432203 -9999.000 -9999.000 -9999.000 -9999.000 -9999.000 -9999.000 -9999.000 -9999.000 -9999.000 -9999.000 -9999.000 -9999.000 -9999.000 -9999.000 -9999.000 -9999.000 -9999.000 -9999.000 -9999.000 -9999.000 -9999.000 -9999.000 -9999.000 -9999.000 -9999.000 -9999.000 -9999.000
-9999.000 -9999.000 -9999.000 -9999.000 -9999.000 -9999.000 -9999.000 -9999.000 -9999.000 -9999.000 -9999.000 -9999.000 -9999.000 -9999.000 -9999.000 0.3471372 0.3473341 0.3472776 0.3471826 0.3470624 0.3469218 0.3467631 0.3465872 0.3463932 0.3461787 0.3459397 0.3456693 0.3453575 0.3450038 0.3452660 0.3452660 -9999.000 -9999.000 -9999.000 -9999.000 -9999.000 -9999.000 -9999.000 -9999.000 -9999.000 -9999.000 -9999.000 -9999.000 -9999.000 -9999.000 -9999.000 -9999.000 -9999.000 -9999.000 -9999.000 -9999.000 -9999.000 -9999.000 -9999.000 -9999.000 -9999.000 -9999.000 -9999.000
-9999.000 -9999.000 -9999.000 -9999.000 -9999.000 -9999.000 -9999.000 -9999.000 -9999.000 -9999.000 -9999.000 -9999.000 -9999.000 -9999.000 -9999.000 0.3491435 0.3493689 0.3493126 0.3492176 0.3490980 0.3489587 0.3488018 0.3486276 0.3484343 0.3482181 0.3479732 0.3476906 0.3473573 0.3469695 0.3472398 0.3472398 -9999.000 -9999.000 -9999.000 -9999.000 -9999.000 -9999.000 -9999.000 -9999.000 -9999.000 -9999.000 -9999.000 -9999.000 -9999.000 -9999.000 -9999.000 -9999.000 -9999.000 -9999.000 -9999.000 -9999.000 -9999.000 -9999.000 -9999.000 -9999.000 -9999.000 -9999.000 -9999.000
-9999.000 -9999.000 -9999.000 -9999.000 -9999.000 -9999.000 -9999.000 -9999.000 -9999.000 -9999.000 -9999.000 -9999.000 -9999.000 -9999.000 -9999.000 0.3511736 0.3514217 0.3513637 0.3512664 0.3511446 0.3510031 0.3508436 0.3506659 0.3504674 0.3502429 0.3499846 0.3496816 0.3493176 0.3488842 0.3491511 0.3491511 -9999.000 -9999.000 -9999.000 -9999.000 -9999.000 -9999.000 -9999.000 -9999.000 -9999.000 -9999.000 -9999.000 -9999.000 -9999.000 -9999.000 -9999.000 -9999.000 -9999.000 -9999.000 -9999.000 -9999.000 -9999.000 -9999.000 -9999.000 -9999.000 -9999.000 -9999.000 -9999.000
-9999.000 -9999.000 -9999.000 -9999.000 -9999.000 -9999.000 -9999.000 -9999.000 -9999.000 -9999.000 -9999.000 -9999.000 -9999.000 -9999.000 -9999.000 0.3532199 0.3534857 0.3534241 0.3533228 0.3531964 0.3530498 0.3528843 0.3526992 0.3524909 0.3522527 0.3519751 0.3516442 0.3512399 0.3507478 0.3509992 0.3509992 -9999.000 -9999.000 -9999.000 -9999.000 -9999.000 -9999.000 -9999.000 -9999.000 -9999.000 -9999.000 -9999.000 -9999.000 -9999.000 -9999.000 -9999.000 -9999.000 -9999.000 -9999.000 -9999.000 -9999.000 -9999.000 -9999.000 -9999.000 -9999.000 -9999.000 -9999.000 -9999.000
-9999.000 -9999.000 -9999.000 -9999.000 -9999.000 -9999.000 -9999.000 -9999.000 -9999.000 -9999.000 -9999.000 -9999.000 -9999.000 -9999.000 -9999.000 0.3552762 0.3555554 0.3554886 0.3553817 0.3552489 0.3550949 0.3549208 0.3547252 0.3545031 0.3542466 0.3539436 0.3535771 0.3531219 0.3525553 0.3527759 0.3527759 -9999.000 -9999.000 -9999.000 -9999.000 -9999.000 -9999.000 -9999.000 -9999.000 -9999.000 -9999.000 -9999.000 -9999.000 -9999.000 -9999.000 -9999.000 -9999.000 -9999.000 -9999.000 -9999.000 -9999.000 -9999.000 -9999.000 -9999.000 -9999.000 -9999.000 -9999.000 -9999.000
-9999.000 -9999.000 -9999.000 -9999.000 -9999.000 -9999.000 -9999.000 -9999.000 -9999.000 -9999.000 -9999.000 -9999.000 -9999.000 -9999.000 -9999.000 0.3573373 0.3576261 0.3575525 0.3574389 0.3572981 0.3571349 0.3569500 0.3567410 0.3565019 0.3562224 0.3558877 0.3554768 0.3549579 0.3542959 0.3544639 0.3544639 -9999.000 -9999.000 -9999.000 -9999.000 -9999.000 -9999.000 -9999.000 -9999.000 -9999.000 -9999.000 -9999.000 -9999.000 -9999.000 -9999.000 -9999.000 -9999.000 -9999.000 -9999.000 -9999.000 -9999.000 -9999.000 -9999.000 -9999.000 -9999.000 -9999.000 -9999.000 -9999.000
-9999.000 -9999.000 -9999.000 -9999.000 -9999.000 -9999.000 -9999.000 -9999.000 -9999.000 -9999.000 -9999.000 -9999.000 -9999.000 -9999.000 -9999.000 0.3593983 0.3596936 0.3596117 0.3594902 0.3593403 0.3591663 0.3589686 0.3587437 0.3584838 0.3581763 0.3578027 0.3573366 0.3567375 0.3559525 0.3560337 0.3560337 -9999.000 -9999.000 -9999.000 -9999.000 -9999.000 -9999.000 -9999.000 -9999.000 -9999.000 -9999.000 -9999.000 -9999.000 -9999.000 -9999.000 -9999.000 -9999.000 -9999.000 -9999.000 -9999.000 -9999.000 -9999.000 -9999.000 -9999.000 -9999.000 -9999.000 -9999.000 -9999.000
-9999.000 -9999.000 -9999.000 -9999.000 -9999.000 -9999.000 -9999.000 -9999.000 -9999.000 -9999.000 -9999.000 -9999.000 -9999.000 -9999.000 -9999.000 0.3614545 0.3617535 0.3616617 0.3615313 0.3613711 0.3611848 0.3609723 0.3607286 0.3604439 0.3601024 0.3596810 0.3591459 0.3584445 0.3574981 0.3574365 0.3574365 -9999.000 -9999.000 -9999.000 -9999.000 -9999.000 -9999.000 -9999.000 -9999.000 -9999.000 -9999.000 -9999.000 -9999.000 -9999.000 -9999.000 -9999.000 -9999.000 -9999.000 -9999.000 -9999.000 -9999.000 -9999.000 -9999.000 -9999.000 -9999.000 -9999.000 -9999.000 -9999.000
-9999.000 -9999.000 -9999.000 -9999.000 -9999.000 -9999.000 -9999.000 -9999.000 -9999.000 -9999.000 -9999.000 -9999.000 -9999.000 -9999.000 -9999.000 0.3634998 0.3638007 0.3636974 0.3635570 0.3633853 0.3631851 0.3629554 0.3626896 0.3623751 0.3619919 0.3615108 0.3608881 0.3600540 0.3588913 0.3585895 0.3585895 -9999.000 -9999.000 -9999.000 -9999.000 -9999.000 -9999.000 -9999.000 -9999.000 -9999.000 -9999.000 -9999.000 -9999.000 -9999.000 -9999.000 -9999.000 -9999.000 -9999.000 -9999.000 -9999.000 -9999.000 -9999.000 -9999.000 -9999.000 -9999.000 -9999.000 -9999.000 -9999.000
-9999.000 -9999.000 -9999.000 -9999.000 -9999.000 -9999.000 -9999.000 -9999.000 -9999.000 -9999.000 -9999.000 -9999.000 -9999.000 -9999.000 -9999.000 0.3655264 0.3658286 0.3657119 0.3655604 0.3653755 0.3651592 0.3649094 0.3646171 0.3642660 0.3638307 0.3632736 0.3625371 0.3615262 0.3600653 0.3593447 0.3593447 -9999.000 -9999.000 -9999.000 -9999.000 -9999.000 -9999.000 -9999.000 -9999.000 -9999.000 -9999.000 -9999.000 -9999.000 -9999.000 -9999.000 -9999.000 -9999.000 -9999.000 -9999.000 -9999.000 -9999.000 -9999.000 -9999.000 -9999.000 -9999.000 -9999.000 -9999.000 -9999.000
-9999.000 -9999.000 -9999.000 -9999.000 -9999.000 -9999.000 -9999.000 -9999.000 -9999.000 -9999.000 -9999.000 -9999.000 -9999.000 -9999.000 -9999.000 0.3675223 0.3678272 0.3676953 0.3675310 0.3673308 0.3670955 0.3668212 0.3664959 0.3660984 0.3655958 0.3649385 0.3640493 0.3627946 0.3609067 0.3594145 0.3594145 -9999.000 -9999.000 -9999.000 -9999.000 -9999.000 -9999.000 -9999.000 -9999.000 -9999.000 -9999.000 -9999.000 -9999.000 -9999.000 -9999.000 -9999.000 -9999.000 -9999.000 -9999.000 -9999.000 -9999.000 -9999.000 -9999.000 -9999.000 -9999.000 -9999.000 -9999.000 -9999.000
-9999.000 -9999.000 -9999.000 -9999.000 -9999.000 -9999.000 -9999.000 -9999.000 -9999.000 -9999.000 -9999.000 -9999.000 -9999.000 -9999.000 -9999.000 0.3694564 0.3697735 0.3696268 0.3694497 0.3692327 0.3689752 0.3686705 0.3683025 0.3678430 0.3672484 0.3664518 0.3653457 0.3637359 0.3612039 0.3581762 0.3581762 -9999.000 -9999.000 -9999.000 -9999.000 -9999.000 -9999.000 -9999.000 -9999.000 -9999.000 -9999.000 -9999.000 -9999.000 -9999.000 -9999.000 -9999.000 -9999.000 -9999.000 -9999.000 -9999.000 -9999.000 -9999.000 -9999.000 -9999.000 -9999.000 -9999.000 -9999.000 -9999.000
-9999.000 -9999.000 -9999.000 -9999.000 -9999.000 -9999.000 -9999.000 -9999.000 -9999.000 -9999.000 -9999.000 -9999.000 -9999.000 -9999.000 -9999.000 0.3700974 0.3711738 0.3712669 0.3712483 0.3711281 0.3709207 0.3706281 0.3702356 0.3697095 0.3689924 0.3679920 0.3665523 0.3643731 0.3607406 0.3537703 0.3537703 -9999.000 -9999.000 -9999.000 -9999.000 -9999.000 -9999.000 -9999.000 -9999.000 -9999.000 -9999.000 -9999.000 -9999.000 -9999.000 -9999.000 -9999.000 -9999.000 -9999.000 -9999.000 -9999.000 -9999.000 -9999.000 -9999.000 -9999.000 -9999.000 -9999.000 -9999.000 -9999.000
0.3469214 0.3469214 0.3362014 0.3253243 0.3226549 0.3226549 0.3204466 0.3167943 0.3167943 0.3137473 0.3137473 0.3110911 0.3098774 0.3087294 0.3341853 0.3341853 0.3787465 0.3792226 0.3797707 0.3803057 0.3807101 0.3808406 0.3805252 0.3795638 0.3777239 0.3747047 0.3700057 0.3625249 0.3491531 0.3142349 0.3142349 0.1700301 0.1471837 0.1477330 0.1532963 0.1532963 0.1678073 0.1678073 0.2033997 0.2033997 0.2405336 0.2658658 0.2658658 0.2696764 0.2696764 0.2686337 0.2686337 0.2686337 0.2632810 0.2632810 0.2577616 0.2577616 0.2530161 0.2530161 0.2467876 0.2467876 0.2428207 0.2428207
0.3462412 0.3462412 0.3344980 0.3248425 0.3221648 0.3221648 0.3199515 0.3162990 0.3162990 0.3132578 0.3132578 0.3106098 0.3094004 0.3082566 0.3227724 0.3227724 0.3724727 0.3721660 0.3720239 0.3722342 0.3727145 0.3733108 0.3738116 0.3739444 0.3733542 0.3715594 0.3678560 0.3610871 0.3488926 0.3235675 0.3235675 0.2203788 0.1878360 0.1654947 0.1629276 0.1629276 0.1689351 0.1689351 0.1940599 0.1940599 0.2257422 0.2670179 0.2670179 0.2704932 0.2704932 0.2684976 0.2684976 0.2684976 0.2629955 0.2629955 0.2574330 0.2574330 0.2533252 0.2533252 0.2464770 0.2464770 0.2425179 0.2425179
0.3458513 0.3458513 0.3337397 0.3248484 0.3221760 0.3221760 0.3199565 0.3162906 0.3162906 0.3132406 0.3132406 0.3105877 0.3093768 0.3082317 0.3171991 0.3171991 0.3682538 0.3669375 0.3656348 0.3648950 0.3646626 0.3647864 0.3650464 0.3651510 0.3647214 0.3632697 0.3601302 0.3542813 0.3437809 0.3229629 0.3229629 0.2454720 0.2122036 0.1814588 0.1751939 0.1751939 0.1763104 0.1763104 0.1947783 0.1947783 0.2171706 0.2639119 0.2639119 0.2724798 0.2724798 0.2691285 0.2691285 0.2691285 0.2631975 0.2631975 0.2574782 0.2574782 0.2527444 0.2527444 0.2468472 0.2468472 0.2426994 0.2426994
0.3455339 0.3455339 0.3331781 0.3248414 0.3221956 0.3221956 0.3199782 0.3163014 0.3163014 0.3132430 0.3132430 0.3105870 0.3093757 0.3082307 0.3136413 0.3136413 0.3640225 0.3621499 0.3597518 0.3580722 0.3570772 0.3566078 0.3564386 0.3562755 0.3557324 0.3543288 0.3514516 0.3462393 0.3371904 0.3196968 0.3196968 0.2599315 0.2299757 0.1980723 0.1909235 0.1909235 0.1901200 0.1901200 0.2028136 0.2028136 0.2167678 0.2565026 0.2565026 0.2720794 0.2720794 0.2690524 0.2690524 0.2690524 0.2630291 0.2630291 0.2571481 0.2571481 0.2521946 0.2521946 0.2467993 0.2467993 0.2426614 0.2426614
0.3452876 0.3452876 0.3327755 0.3248203 0.3222103 0.3222103 0.3200002 0.3163140 0.3163140 0.3132462 0.3132462 0.3105866 0.3093750 0.3082300 0.3113070 0.3113070 0.3585124 0.3569886 0.3535835 0.3510042 0.3492860 0.3482572 0.3476808 0.3472596 0.3465991 0.3452268 0.3425762 0.3379204 0.3301564 0.3154371 0.3154371 0.2687075 0.2432462 0.2150626 0.2093022 0.2093022 0.2089230 0.2089230 0.2159906 0.2159906 0.2228758 0.2489370 0.2489370 0.2678519 0.2678519 0.2679453 0.2679453 0.2679453 0.2622506 0.2622506 0.2563936 0.2563936 0.2513700 0.2513700 0.2464260 0.2464260 0.2425111 0.2425111
0.3451120 0.3451120 0.3325064 0.3247952 0.3222195 0.3222195 0.3200184 0.3163258 0.3163258 0.3132492 0.3132492 0.3105862 0.3093743 0.3082293 0.3097947 0.3097947 0.3504027 0.3510392 0.3467908 0.3433250 0.3408883 0.3393160 0.3383635 0.3377405 0.3370362 0.3357658 0.3333897 0.3292678 0.3225186 0.3104108 0.3104108 0.2751819 0.2544170 0.2336468 0.2305162 0.2305162 0.2303864 0.2303864 0.2311594 0.2311594 0.2324944 0.2445203 0.2445203 0.2609003 0.2609003 0.2652209 0.2652209 0.2652209 0.2606043 0.2606043 0.2551632 0.2551632 0.2503103 0.2503103 0.2458566 0.2458566 0.2423315 0.2423315
0.3450067 0.3450067 0.3323522 0.3247756 0.3222240 0.3222240 0.3200305 0.3163340 0.3163340 0.3132514 0.3132514 0.3105859 0.3093737 0.3082288 0.3088249 0.3088249 0.3403667 0.3436697 0.3390756 0.3348441 0.3316832 0.3295430 0.3282171 0.3274146 0.3267192 0.3256327 0.3236004 0.3200289 0.3144549 0.3056288 0.3056288 0.2807463 0.2660263 0.2551196 0.2541594 0.2541594 0.2516927 0.2516927 0.2457696 0.2457696 0.2429886 0.2439951 0.2439951 0.2538663 0.2538663 0.2608038 0.2608038 0.2608038 0.2578795 0.2578795 0.2533472 0.2533472 0.2490034 0.2490034 0.2451616 0.2451616 0.2421702 0.2421702
0.3449716 0.3449716 0.3323020 0.3247683 0.3222253 0.3222253 0.3200346 0.3163370 0.3163370 0.3132522 0.3132522 0.3105859 0.3093735 0.3082286 0.3082074 0.3082074 0.3296957 0.3341632 0.3300839 0.3252810 0.3214274 0.3187178 0.3170190 0.3160571 0.3154180 0.3145874 0.3129901 0.3100938 0.3060781 0.3017959 0.3017959 0.2877473 0.2809989 0.2791994 0.2782022 0.2782022 0.2704643 0.2704643 0.2585475 0.2585475 0.2528948 0.2463454 0.2463454 0.2488211 0.2488211 0.2552810 0.2552810 0.2552810 0.2540908 0.2540908 0.2508656 0.2508656 0.2474065 0.2474065 0.2443657 0.2443657 0.2420528 0.2420528
0.3450067 0.3450067 0.3323522 0.3247756 0.3222240 0.3222240 0.3200304 0.3163340 0.3163340 0.3132514 0.3132514 0.3105859 0.3093737 0.3082289 0.3078164 0.3078164 0.3190385 0.3225827 0.3191949 0.3141903 0.3098148 0.3066070 0.3045666 0.3034707 0.3029278 0.3024189 0.3013495 0.2992919 0.2976469 0.3006543 0.3006543 0.2996050 0.3015230 0.3032937 0.2997879 0.2997879 0.2856799 0.2856799 0.2692292 0.2692292 0.2616488 0.2501907 0.2501907 0.2463489 0.2463489 0.2496055 0.2496055 0.2496055 0.2495531 0.2495531 0.2477589 0.2477589 0.2454973 0.2454973 0.2434805 0.2434805 0.2419914 0.2419914
0.3451120 0.3451120 0.3325063 0.3247952 0.3222194 0.3222194 0.3200185 0.3163258 0.3163258 0.3132493 0.3132493 0.3105862 0.3093742 0.3082294 0.3075703 0.3075703 0.3084401 0.3092034 0.3059271 0.3010139 0.2964134 0.2928928 0.2906150 0.2894470 0.2890497 0.2889236 0.2884696 0.2875191 0.2901916 0.3057502 0.3057502 0.3194156 0.3267002 0.3241959 0.3172556 0.3172556 0.2975311 0.2975311 0.2779688 0.2779688 0.2690933 0.2544698 0.2544698 0.2459546 0.2459546 0.2446244 0.2446244 0.2446244 0.2447916 0.2447916 0.2442302 0.2442302 0.2433287 0.2433287 0.2425261 0.2425261 0.2419823 0.2419823
0.3452876 0.3452876 0.3327755 0.3248203 0.3222103 0.3222103 0.3200002 0.3163141 0.3163141 0.3132462 0.3132462 0.3105866 0.3093750 0.3082300 0.3074166 0.3074166 0.2973323 0.2941182 0.2899813 0.2851654 0.2806633 0.2771341 0.2748329 0.2737281 0.2735632 0.2738907 0.2741434 0.2749005 0.2867710 0.3224117 0.3224117 0.3458751 0.3514341 0.3409355 0.3312953 0.3312953 0.3066027 0.3066027 0.2849274 0.2849274 0.2751652 0.2585006 0.2585006 0.2467909 0.2467909 0.2407862 0.2407862 0.2407862 0.2403544 0.2403544 0.2406160 0.2406160 0.2410474 0.2410474 0.2415496 0.2415496 0.2420127 0.2420127
