cruce_test.gid/Rasters/Hydraulic/Depth____000267.asc
NCOLS        79
NROWS        79
XLLCENTER         -1.500000
YLLCENTER         -4.800000
CELLSIZE           0.100
NODATA_VALUE     -9999.0
[rows 0 to 25 of 79, columns 0 to 58 of 79]
-9999.000 -9999.000 -9999.000 -9999.000 -9999.000 -9999.000 -9999.000 -9999.000 -9999.000 -9999.000 -9999.000 -9999.000 -9999.000 -9999.000 -9999.000 0.7266778 0.7271802 0.7273589 0.7273287 0.7271315 0.7268604 0.7265580 0.7262438 0.7259463 0.7256633 0.7254013 0.7251589 0.7249061 0.7245330 0.7244961 0.7244961 -9999.000 -9999.000 -9999.000 -9999.000 -9999.000 -9999.000 -9999.000 -9999.000 -9999.000 -9999.000 -9999.000 -9999.000 -9999.000 -9999.000 -9999.000 -9999.000 -9999.000 -9999.000 -9999.000 -9999.000 -9999.000 -9999.000 -9999.000 -9999.000 -9999.000 -9999.000 -9999.000 -9999.000
-9999.000 -9999.000 -9999.000 -9999.000 -9999.000 -9999.000 -9999.000 -9999.000 -9999.000 -9999.000 -9999.000 -9999.000 -9999.000 -9999.000 -9999.000 0.7284694 0.7289285 0.7290738 0.7290477 0.7288876 0.7286725 0.7284370 0.7281957 0.7279715 0.7277606 0.7275677 0.7273909 0.7272028 0.7269055 0.7269549 0.7269549 -9999.000 -9999.000 -9999.000 -9999.000 -9999.000 -9999.000 -9999.000 -9999.000 -9999.000 -9999.000 -9999.000 -9999.000 -9999.000 -9999.000 -9999.000 -9999.000 -9999.000 -9999.000 -9999.000 -9999.000 -9999.000 -9999.000 -9999.000 -9999.000 -9999.000 -9999.000 -9999.000 -9999.000
-9999.000 -9999.000 -9999.000 -9999.000 -9999.000 -9999.000 -9999.000 -9999.000 -9999.000 -9999.000 -9999.000 -9999.000 -9999.000 -9999.000 -9999.000 0.7303795 0.7308743 0.7310309 0.7310125 0.7308579 0.7306488 0.7304205 0.7301878 0.7299736 0.7297728 0.7295896 0.7294208 0.7292365 0.7289332 0.7289785 0.7289785 -9999.000 -9999.000 -9999.000 -9999.000 -9999.000 -9999.000 -9999.000 -9999.000 -9999.000 -9999.000 -9999.000 -9999.000 -9999.000 -9999.000 -9999.000 -9999.000 -9999.000 -9999.000 -9999.000 -9999.000 -9999.000 -9999.000 -9999.000 -9999.000 -9999.000 -9999.000 -9999.000 -9999.000
-9999.000 -9999.000 -9999.000 -9999.000 -9999.000 -9999.000 -9999.000 -9999.000 -9999.000 -9999.000 -9999.000 -9999.000 -9999.000 -9999.000 -9999.000 0.7323409 0.7328583 0.7330208 0.7330043 0.7328485 0.7326382 0.7324092 0.7321762 0.7319629 0.7317629 0.7315805 0.7314117 0.7312246 0.7309089 0.7309327 0.7309327 -9999.000 -9999.000 -9999.000 -9999.000 -9999.000 -9999.000 -9999.000 -9999.000 -9999.000 -9999.000 -9999.000 -9999.000 -9999.000 -9999.000 -9999.000 -9999.000 -9999.000 -9999.000 -9999.000 -9999.000 -9999.000 -9999.000 -9999.000 -9999.000 -9999.000 -9999.000 -9999.000 -9999.000
-9999.000 -9999.000 -9999.000 -9999.000 -9999.000 -9999.000 -9999.000 -9999.000 -9999.000 -9999.000 -9999.000 -9999.000 -9999.000 -9999.000 -9999.000 0.7343222 0.7348570 0.7350229 0.7350054 0.7348451 0.7346302 0.7343968 0.7341592 0.7339428 0.7337394 0.7335538 0.7333814 0.7331879 0.7328548 0.7328430 0.7328430 -9999.000 -9999.000 -9999.000 -9999.000 -9999.000 -9999.000 -9999.000 -9999.000 -9999.000 -9999.000 -9999.000 -9999.000 -9999.000 -9999.000 -9999.000 -9999.000 -9999.000 -9999.000 -9999.000 -9999.000 -9999.000 -9999.000 -9999.000 -9999.000 -9999.000 -9999.000 -9999.000 -9999.000
-9999.000 -9999.000 -9999.000 -9999.000 -9999.000 -9999.000 -9999.000 -9999.000 -9999.000 -9999.000 -9999.000 -9999.000 -9999.000 -9999.000 -9999.000 0.7363101 0.7368596 0.7370275 0.7370073 0.7368407 0.7366195 0.7363798 0.7361361 0.7359148 0.7357059 0.7355151 0.7353371 0.7351348 0.7347801 0.7347187 0.7347187 -9999.000 -9999.000 -9999.000 -9999.000 -9999.000 -9999.000 -9999.000 -9999.000 -9999.000 -9999.000 -9999.000 -9999.000 -9999.000 -9999.000 -9999.000 -9999.000 -9999.000 -9999.000 -9999.000 -9999.000 -9999.000 -9999.000 -9999.000 -9999.000 -9999.000 -9999.000 -9999.000 -9999.000
-9999.000 -9999.000 -9999.000 -9999.000 -9999.000 -9999.000 -9999.000 -9999.000 -9999.000 -9999.000 -9999.000 -9999.000 -9999.000 -9999.000 -9999.000 0.7382981 0.7388612 0.7390296 0.7390056 0.7388315 0.7386031 0.7383565 0.7381056 0.7378787 0.7376634 0.7374663 0.7372816 0.7370687 0.7366876 0.7365605 0.7365605 -9999.000 -9999.000 -9999.000 -9999.000 -9999.000 -9999.000 -9999.000 -9999.000 -9999.000 -9999.000 -9999.000 -9999.000 -9999.000 -9999.000 -9999.000 -9999.000 -9999.000 -9999.000 -9999.000 -9999.000 -9999.000 -9999.000 -9999.000 -9999.000 -9999.000 -9999.000 -9999.000 -9999.000
-9999.000 -9999.000 -9999.000 -9999.000 -9999.000 -9999.000 -9999.000 -9999.000 -9999.000 -9999.000 -9999.000 -9999.000 -9999.000 -9999.000 -9999.000 0.7402830 0.7408590 0.7410268 0.7409978 0.7408152 0.7405791 0.7403251 0.7400665 0.7398340 0.7396115 0.7394075 0.7392152 0.7389897 0.7385773 0.7383640 0.7383640 -9999.000 -9999.000 -9999.000 -9999.000 -9999.000 -9999.000 -9999.000 -9999.000 -9999.000 -9999.000 -9999.000 -9999.000 -9999.000 -9999.000 -9999.000 -9999.000 -9999.000 -9999.000 -9999.000 -9999.000 -9999.000 -9999.000 -9999.000 -9999.000 -9999.000 -9999.000 -9999.000 -9999.000
-9999.000 -9999.000 -9999.000 -9999.000 -9999.000 -9999.000 -9999.000 -9999.000 -9999.000 -9999.000 -9999.000 -9999.000 -9999.000 -9999.000 -9999.000 0.7422628 0.7428510 0.7430169 0.7429819 0.7427899 0.7425456 0.7422840 0.7420175 0.7417791 0.7415491 0.7413378 0.7411371 0.7408973 0.7404475 0.7401209 0.7401209 -9999.000 -9999.000 -9999.000 -9999.000 -9999.000 -9999.000 -9999.000 -9999.000 -9999.000 -9999.000 -9999.000 -9999.000 -9999.000 -9999.000 -9999.000 -9999.000 -9999.000 -9999.000 -9999.000 -9999.000 -9999.000 -9999.000 -9999.000 -9999.000 -9999.000 -9999.000 -9999.000 -9999.000
-9999.000 -9999.000 -9999.000 -9999.000 -9999.000 -9999.000 -9999.000 -9999.000 -9999.000 -9999.000 -9999.000 -9999.000 -9999.000 -9999.000 -9999.000 0.7442356 0.7448357 0.7449982 0.7449561 0.7447534 0.7445006 0.7442311 0.7439564 0.7437125 0.7434746 0.7432556 0.7430457 0.7427892 0.7422948 0.7418180 0.7418180 -9999.000 -9999.000 -9999.000 -9999.000 -9999.000 -9999.000 -9999.000 -9999.000 -9999.000 -9999.000 -9999.000 -9999.000 -9999.000 -9999.000 -9999.000 -9999.000 -9999.000 -9999.000 -9999.000 -9999.000 -9999.000 -9999.000 -9999.000 -9999.000 -9999.000 -9999.000 -9999.000 -9999.000
-9999.000 -9999.000 -9999.000 -9999.000 -9999.000 -9999.000 -9999.000 -9999.000 -9999.000 -9999.000 -9999.000 -9999.000 -9999.000 -9999.000 -9999.000 0.7461995 0.7468114 0.7469690 0.7469183 0.7467036 0.7464417 0.7461641 0.7458809 0.7456317 0.7453853 0.7451581 0.7449383 0.7446623 0.7441145 0.7434358 0.7434358 -9999.000 -9999.000 -9999.000 -9999.000 -9999.000 -9999.000 -9999.000 -9999.000 -9999.000 -9999.000 -9999.000 -9999.000 -9999.000 -9999.000 -9999.000 -9999.000 -9999.000 -9999.000 -9999.000 -9999.000 -9999.000 -9999.000 -9999.000 -9999.000 -9999.000 -9999.000 -9999.000 -9999.000
-9999.000 -9999.000 -9999.000 -9999.000 -9999.000 -9999.000 -9999.000 -9999.000 -9999.000 -9999.000 -9999.000 -9999.000 -9999.000 -9999.000 -9999.000 0.7481523 0.7487761 0.7489269 0.7488660 0.7486377 0.7483660 0.7480799 0.7477877 0.7475334 0.7472777 0.7470418 0.7468108 0.7465119 0.7458994 0.7449450 0.7449450 -9999.000 -9999.000 -9999.000 -9999.000 -9999.000 -9999.000 -9999.000 -9999.000 -9999.000 -9999.000 -9999.000 -9999.000 -9999.000 -9999.000 -9999.000 -9999.000 -9999.000 -9999.000 -9999.000 -9999.000 -9999.000 -9999.000 -9999.000 -9999.000 -9999.000 -9999.000 -9999.000 -9999.000
-9999.000 -9999.000 -9999.000 -9999.000 -9999.000 -9999.000 -9999.000 -9999.000 -9999.000 -9999.000 -9999.000 -9999.000 -9999.000 -9999.000 -9999.000 0.7500886 0.7507251 0.7508676 0.7507954 0.7505521 0.7502701 0.7499749 0.7496729 0.7494137 0.7491475 0.7489018 0.7486579 0.7483312 0.7476392 0.7463004 0.7463004 -9999.000 -9999.000 -9999.000 -9999.000 -9999.000 -9999.000 -9999.000 -9999.000 -9999.000 -9999.000 -9999.000 -9999.000 -9999.000 -9999.000 -9999.000 -9999.000 -9999.000 -9999.000 -9999.000 -9999.000 -9999.000 -9999.000 -9999.000 -9999.000 -9999.000 -9999.000 -9999.000 -9999.000
-9999.000 -9999.000 -9999.000 -9999.000 -9999.000 -9999.000 -9999.000 -9999.000 -9999.000 -9999.000 -9999.000 -9999.000 -9999.000 -9999.000 -9999.000 0.7518489 0.7525424 0.7527317 0.7527125 0.7524764 0.7521858 0.7518801 0.7515645 0.7512963 0.7510138 0.7507531 0.7504903 0.7501267 0.7493336 0.7474484 0.7474484 -9999.000 -9999.000 -9999.000 -9999.000 -9999.000 -9999.000 -9999.000 -9999.000 -9999.000 -9999.000 -9999.000 -9999.000 -9999.000 -9999.000 -9999.000 -9999.000 -9999.000 -9999.000 -9999.000 -9999.000 -9999.000 -9999.000 -9999.000 -9999.000 -9999.000 -9999.000 -9999.000 -9999.000
-9999.000 -9999.000 -9999.000 -9999.000 -9999.000 -9999.000 -9999.000 -9999.000 -9999.000 -9999.000 -9999.000 -9999.000 -9999.000 -9999.000 -9999.000 0.7431070 0.7507514 0.7548015 0.7569689 0.7570408 0.7563364 0.7556133 0.7549023 0.7542943 0.7537128 0.7532029 0.7527280 0.7521517 0.7510346 0.7476206 0.7476206 -9999.000 -9999.000 -9999.000 -9999.000 -9999.000 -9999.000 -9999.000 -9999.000 -9999.000 -9999.000 -9999.000 -9999.000 -9999.000 -9999.000 -9999.000 -9999.000 -9999.000 -9999.000 -9999.000 -9999.000 -9999.000 -9999.000 -9999.000 -9999.000 -9999.000 -9999.000 -9999.000 -9999.000
0.8338838 0.8338838 0.8350270 0.8238111 0.8156345 0.8156345 0.8121291 0.8067412 0.8067412 0.8023754 0.8023754 0.7987183 0.7970919 0.7955741 0.7940725 0.7940725 0.7580851 0.7566906 0.7552462 0.7549942 0.7563046 0.7580738 0.7601875 0.7631990 0.7659190 0.7686195 0.7708043 0.7710354 0.7650856 0.7364441 0.7364441 0.5221718 0.4837398 0.4597696 0.4516335 0.4516335 0.4383678 0.4383678 0.4382133 0.4382133 0.4477385 0.4936642 0.4936642 0.5870306 0.5870306 0.6604483 0.6604483 0.6604483 0.6635302 0.6635302 0.6538664 0.6538664 0.6394106 0.6394106 0.6240013 0.6240013 0.6096086 0.6096086 0.6096086
0.8308930 0.8308930 0.8331250 0.8216829 0.8147380 0.8147380 0.8110766 0.8056328 0.8056328 0.8012781 0.8012781 0.7976366 0.7960177 0.7945073 0.7930142 0.7930142 0.7619742 0.7559600 0.7507236 0.7464293 0.7433012 0.7410317 0.7396390 0.7394117 0.7399766 0.7413851 0.7434227 0.7454365 0.7456188 0.7362684 0.7362684 0.5917665 0.5357066 0.4793399 0.4631970 0.4631970 0.4437429 0.4437429 0.4428479 0.4428479 0.4518769 0.4925869 0.4925869 0.5666929 0.5666929 0.6549078 0.6549078 0.6549078 0.6623831 0.6623831 0.6538977 0.6538977 0.6398098 0.6398098 0.6246063 0.6246063 0.6102962 0.6102962 0.6102962
0.8295990 0.8295990 0.8321961 0.8210596 0.8148924 0.8148924 0.8111406 0.8056032 0.8056032 0.8012343 0.8012343 0.7975889 0.7959679 0.7944552 0.7929500 0.7929500 0.7649812 0.7551332 0.7462690 0.7385200 0.7321219 0.7269749 0.7230391 0.7204593 0.7190515 0.7187929 0.7195560 0.7208894 0.7214355 0.7157452 0.7157452 0.6255763 0.5679966 0.4978510 0.4763782 0.4763782 0.4531214 0.4531214 0.4563087 0.4563087 0.4680158 0.5070316 0.5070316 0.5628806 0.5628806 0.6449249 0.6449249 0.6449249 0.6577823 0.6577823 0.6520414 0.6520414 0.6390495 0.6390495 0.6242810 0.6242810 0.6102057 0.6102057 0.6102057
0.8293322 0.8293322 0.8307329 0.8206649 0.8150477 0.8150477 0.8112507 0.8056172 0.8056172 0.8012338 0.8012338 0.7975896 0.7959695 0.7944573 0.7929337 0.7929337 0.7669719 0.7539089 0.7416027 0.7305257 0.7210169 0.7131320 0.7068480 0.7022109 0.6990901 0.6973932 0.6969854 0.6975217 0.6979933 0.6944671 0.6944671 0.6380174 0.5875545 0.5154194 0.4920999 0.4920999 0.4706630 0.4706630 0.4821047 0.4821047 0.4965530 0.5300470 0.5300470 0.5656042 0.5656042 0.6303563 0.6303563 0.6303563 0.6478696 0.6478696 0.6465673 0.6465673 0.6360434 0.6360434 0.6225440 0.6225440 0.6092579 0.6092579 0.6092579
0.8288752 0.8288752 0.8305053 0.8204696 0.8152020 0.8152020 0.8113641 0.8056254 0.8056254 0.8012270 0.8012270 0.7975895 0.7959723 0.7944620 0.7929100 0.7929100 0.7675378 0.7516910 0.7362224 0.7219933 0.7094797 0.6988686 0.6901986 0.6834901 0.6786491 0.6755555 0.6740531 0.6738424 0.6741518 0.6721669 0.6721669 0.6368826 0.5961216 0.5301543 0.5094730 0.5094730 0.4989017 0.4989017 0.5205493 0.5205493 0.5346645 0.5560005 0.5560005 0.5715379 0.5715379 0.6143070 0.6143070 0.6143070 0.6337185 0.6337185 0.6373934 0.6373934 0.6306241 0.6306241 0.6194080 0.6194080 0.6076092 0.6076092 0.6076092
0.8285356 0.8285356 0.8302881 0.8203654 0.8153046 0.8153046 0.8114437 0.8056340 0.8056340 0.8012249 0.8012249 0.7975898 0.7959738 0.7944647 0.7928705 0.7928705 0.7663788 0.7479442 0.7295741 0.7124299 0.6971037 0.6838753 0.6728469 0.6640505 0.6574275 0.6528665 0.6502115 0.6491995 0.6492327 0.6483219 0.6483219 0.6267569 0.5960286 0.5432493 0.5309650 0.5309650 0.5403574 0.5403574 0.5669178 0.5669178 0.5755018 0.5800338 0.5800338 0.5787356 0.5787356 0.5999413 0.5999413 0.5999413 0.6176354 0.6176354 0.6252115 0.6252115 0.6228012 0.6228012 0.6147860 0.6147860 0.6052423 0.6052423 0.6052423
0.8283289 0.8283289 0.8301439 0.8203340 0.8153811 0.8153811 0.8115011 0.8056363 0.8056363 0.8012183 0.8012183 0.7975880 0.7959741 0.7944664 0.7928117 0.7928117 0.7632084 0.7421560 0.7210688 0.7012588 0.6833750 0.6677408 0.6544973 0.6436939 0.6353009 0.6292313 0.6253489 0.6234329 0.6230295 0.6227884 0.6227884 0.6103859 0.5895654 0.5591968 0.5626203 0.5626203 0.5939762 0.5939762 0.6124520 0.6124520 0.6116896 0.5998834 0.5998834 0.5863158 0.5863158 0.5890824 0.5890824 0.5890824 0.6019762 0.6019762 0.6112418 0.6112418 0.6128691 0.6128691 0.6086462 0.6086462 0.6020951 0.6020951 0.6020951
0.8282597 0.8282597 0.8300967 0.8203249 0.8154071 0.8154071 0.8115219 0.8056383 0.8056383 0.8012164 0.8012164 0.7975870 0.7959738 0.7944667 0.7927263 0.7927263 0.7576501 0.7337649 0.7100541 0.6878156 0.6676707 0.6499276 0.6347258 0.6221142 0.6120787 0.6045543 0.5994327 0.5965405 0.5955578 0.5956987 0.5956987 0.5898480 0.5797010 0.5864475 0.6111840 0.6111840 0.6512852 0.6512852 0.6493904 0.6493904 0.6394580 0.6156138 0.6156138 0.5939242 0.5939242 0.5821127 0.5821127 0.5821127 0.5884421 0.5884421 0.5969164 0.5969164 0.6014505 0.6014505 0.6011274 0.6011274 0.5981560 0.5981560 0.5981560
0.8283290 0.8283290 0.8301438 0.8203342 0.8153809 0.8153809 0.8115010 0.8056364 0.8056364 0.8012185 0.8012185 0.7975881 0.7959741 0.7944664 0.7926061 0.7926061 0.7491469 0.7220707 0.6957577 0.6713197 0.6492503 0.6297730 0.6129749 0.5988752 0.5874503 0.5786458 0.5723779 0.5685212 0.5669017 0.5674234 0.5674234 0.5675495 0.5719886 0.6347859 0.6759604 0.6759604 0.6994836 0.6994836 0.6754052 0.6754052 0.6593717 0.6282780 0.6282780 0.6013696 0.6013696 0.5785061 0.5785061 0.5785061 0.5778635 0.5778635 0.5835482 0.5835482 0.5894232 0.5894232 0.5926005 0.5926005 0.5935299 0.5935299 0.5935299
0.8285356 0.8285356 0.8302880 0.8203654 0.8153044 0.8153044 0.8114435 0.8056341 0.8056341 0.8012249 0.8012249 0.7975898 0.7959738 0.7944647 0.7924382 0.7924382 0.7368288 0.7061083 0.6771921 0.6508132 0.6272202 0.6064723 0.5885490 0.5734009 0.5609693 0.5511906 0.5439942 0.5393018 0.5371677 0.5388505 0.5388505 0.5481349 0.5780666 0.7048043 0.7420635 0.7420635 0.7312751 0.7312751 0.6928847 0.6928847 0.6737764 0.6387185 0.6387185 0.6083650 0.6083650 0.5773368 0.5773368 0.5773368 0.5702995 0.5702995 0.5720733 0.5720733 0.5777831 0.5777831 0.5836599 0.5836599 0.5884680 0.5884680 0.5884680
0.8288754 0.8288754 0.8305051 0.8204696 0.8152018 0.8152018 0.8113641 0.8056256 0.8056256 0.8012272 0.8012272 0.7975896 0.7959723 0.7944620 0.7922061 0.7922061 0.7192848 0.6844540 0.6530060 0.6250574 0.6004674 0.5790403 0.5605908 0.5449640 0.5320398 0.5217268 0.5139531 0.5087017 0.5065967 0.5127422 0.5127422 0.5431406 0.6165037 0.7775548 0.7887647 0.7887647 0.7492637 0.7492637 0.7049667 0.7049667 0.6845565 0.6473075 0.6473075 0.6145888 0.6145888 0.5776787 0.5776787 0.5776787 0.5653421 0.5653421 0.5629724 0.5629724 0.5674294 0.5674294 0.5750583 0.5750583 0.5833842 0.5833842 0.5833842
