cruce_test.gid/Rasters/Hydraulic/Depth____000243.asc
NCOLS        79
NROWS        79
XLLCENTER         -1.500000
YLLCENTER         -4.800000
CELLSIZE           0.100
NODATA_VALUE     -9999.0
[rows 0 to 25 of 79, columns 0 to 58 of 79]
-9999.000 -9999.000 -9999.000 -9999.000 -9999.000 -9999.000 -9999.000 -9999.000 -9999.000 -9999.000 -9999.000 -9999.000 -9999.000 -9999.000 -9999.000 0.7462584 0.7468051 0.7470446 0.7470769 0.7468880 0.7466027 0.7462824 0.7459495 0.7456313 0.7453340 0.7450601 0.7448089 0.7445520 0.7441795 0.7441479 0.7441479 -9999.000 -9999.000 -9999.000 -9999.000 -9999.000 -9999.000 -9999.000 -9999.000 -9999.000 -9999.000 -9999.000 -9999.000 -9999.000 -9999.000 -9999.000 -9999.000 -9999.000 -9999.000 -9999.000 -9999.000 -9999.000 -9999.000 -9999.000 -9999.000 -9999.000 -9999.000 -9999.000 -9999.000
-9999.000 -9999.000 -9999.000 -9999.000 -9999.000 -9999.000 -9999.000 -9999.000 -9999.000 -9999.000 -9999.000 -9999.000 -9999.000 -9999.000 -9999.000 0.7480683 0.7485602 0.7487550 0.7487799 0.7486255 0.7483982 0.7481485 0.7478930 0.7476531 0.7474323 0.7472313 0.7470486 0.7468582 0.7465625 0.7466190 0.7466190 -9999.000 -9999.000 -9999.000 -9999.000 -9999.000 -9999.000 -9999.000 -9999.000 -9999.000 -9999.000 -9999.000 -9999.000 -9999.000 -9999.000 -9999.000 -9999.000 -9999.000 -9999.000 -9999.000 -9999.000 -9999.000 -9999.000 -9999.000 -9999.000 -9999.000 -9999.000 -9999.000 -9999.000
-9999.000 -9999.000 -9999.000 -9999.000 -9999.000 -9999.000 -9999.000 -9999.000 -9999.000 -9999.000 -9999.000 -9999.000 -9999.000 -9999.000 -9999.000 0.7499750 0.7505046 0.7507121 0.7507463 0.7505973 0.7503754 0.7501323 0.7498847 0.7496542 0.7494432 0.7492515 0.7490766 0.7488902 0.7485887 0.7486411 0.7486411 -9999.000 -9999.000 -9999.000 -9999.000 -9999.000 -9999.000 -9999.000 -9999.000 -9999.000 -9999.000 -9999.000 -9999.000 -9999.000 -9999.000 -9999.000 -9999.000 -9999.000 -9999.000 -9999.000 -9999.000 -9999.000 -9999.000 -9999.000 -9999.000 -9999.000 -9999.000 -9999.000 -9999.000
-9999.000 -9999.000 -9999.000 -9999.000 -9999.000 -9999.000 -9999.000 -9999.000 -9999.000 -9999.000 -9999.000 -9999.000 -9999.000 -9999.000 -9999.000 0.7519331 0.7524869 0.7527015 0.7527389 0.7525885 0.7523648 0.7521206 0.7518722 0.7516421 0.7514318 0.7512407 0.7510657 0.7508765 0.7505632 0.7505940 0.7505940 -9999.000 -9999.000 -9999.000 -9999.000 -9999.000 -9999.000 -9999.000 -9999.000 -9999.000 -9999.000 -9999.000 -9999.000 -9999.000 -9999.000 -9999.000 -9999.000 -9999.000 -9999.000 -9999.000 -9999.000 -9999.000 -9999.000 -9999.000 -9999.000 -9999.000 -9999.000 -9999.000 -9999.000
-9999.000 -9999.000 -9999.000 -9999.000 -9999.000 -9999.000 -9999.000 -9999.000 -9999.000 -9999.000 -9999.000 -9999.000 -9999.000 -9999.000 -9999.000 0.7539102 0.7544834 0.7547025 0.7547401 0.7545848 0.7543560 0.7541070 0.7538540 0.7536203 0.7534066 0.7532122 0.7530336 0.7528383 0.7525083 0.7525038 0.7525038 -9999.000 -9999.000 -9999.000 -9999.000 -9999.000 -9999.000 -9999.000 -9999.000 -9999.000 -9999.000 -9999.000 -9999.000 -9999.000 -9999.000 -9999.000 -9999.000 -9999.000 -9999.000 -9999.000 -9999.000 -9999.000 -9999.000 -9999.000 -9999.000 -9999.000 -9999.000 -9999.000 -9999.000
-9999.000 -9999.000 -9999.000 -9999.000 -9999.000 -9999.000 -9999.000 -9999.000 -9999.000 -9999.000 -9999.000 -9999.000 -9999.000 -9999.000 -9999.000 0.7558932 0.7564833 0.7567054 0.7567414 0.7565794 0.7563436 0.7560883 0.7558289 0.7555900 0.7553712 0.7551716 0.7549876 0.7547840 0.7544332 0.7543796 0.7543796 -9999.000 -9999.000 -9999.000 -9999.000 -9999.000 -9999.000 -9999.000 -9999.000 -9999.000 -9999.000 -9999.000 -9999.000 -9999.000 -9999.000 -9999.000 -9999.000 -9999.000 -9999.000 -9999.000 -9999.000 -9999.000 -9999.000 -9999.000 -9999.000 -9999.000 -9999.000 -9999.000 -9999.000
-9999.000 -9999.000 -9999.000 -9999.000 -9999.000 -9999.000 -9999.000 -9999.000 -9999.000 -9999.000 -9999.000 -9999.000 -9999.000 -9999.000 -9999.000 0.7578759 0.7584820 0.7587057 0.7587388 0.7585686 0.7583249 0.7580625 0.7577958 0.7575511 0.7573262 0.7571205 0.7569300 0.7567163 0.7563403 0.7562221 0.7562221 -9999.000 -9999.000 -9999.000 -9999.000 -9999.000 -9999.000 -9999.000 -9999.000 -9999.000 -9999.000 -9999.000 -9999.000 -9999.000 -9999.000 -9999.000 -9999.000 -9999.000 -9999.000 -9999.000 -9999.000 -9999.000 -9999.000 -9999.000 -9999.000 -9999.000 -9999.000 -9999.000 -9999.000
-9999.000 -9999.000 -9999.000 -9999.000 -9999.000 -9999.000 -9999.000 -9999.000 -9999.000 -9999.000 -9999.000 -9999.000 -9999.000 -9999.000 -9999.000 0.7598556 0.7604768 0.7607008 0.7607299 0.7605503 0.7602981 0.7600282 0.7597536 0.7595027 0.7592714 0.7590590 0.7588611 0.7586357 0.7582297 0.7580268 0.7580268 -9999.000 -9999.000 -9999.000 -9999.000 -9999.000 -9999.000 -9999.000 -9999.000 -9999.000 -9999.000 -9999.000 -9999.000 -9999.000 -9999.000 -9999.000 -9999.000 -9999.000 -9999.000 -9999.000 -9999.000 -9999.000 -9999.000 -9999.000 -9999.000 -9999.000 -9999.000 -9999.000 -9999.000
-9999.000 -9999.000 -9999.000 -9999.000 -9999.000 -9999.000 -9999.000 -9999.000 -9999.000 -9999.000 -9999.000 -9999.000 -9999.000 -9999.000 -9999.000 0.7618304 0.7624663 0.7626891 0.7627130 0.7625226 0.7622613 0.7619838 0.7617010 0.7614438 0.7612056 0.7609859 0.7607800 0.7605411 0.7600994 0.7597856 0.7597856 -9999.000 -9999.000 -9999.000 -9999.000 -9999.000 -9999.000 -9999.000 -9999.000 -9999.000 -9999.000 -9999.000 -9999.000 -9999.000 -9999.000 -9999.000 -9999.000 -9999.000 -9999.000 -9999.000 -9999.000 -9999.000 -9999.000 -9999.000 -9999.000 -9999.000 -9999.000 -9999.000 -9999.000
-9999.000 -9999.000 -9999.000 -9999.000 -9999.000 -9999.000 -9999.000 -9999.000 -9999.000 -9999.000 -9999.000 -9999.000 -9999.000 -9999.000 -9999.000 0.7637989 0.7644491 0.7646691 0.7646865 0.7644839 0.7642128 0.7639273 0.7636361 0.7633727 0.7631273 0.7628998 0.7626851 0.7624304 0.7619464 0.7614858 0.7614858 -9999.000 -9999.000 -9999.000 -9999.000 -9999.000 -9999.000 -9999.000 -9999.000 -9999.000 -9999.000 -9999.000 -9999.000 -9999.000 -9999.000 -9999.000 -9999.000 -9999.000 -9999.000 -9999.000 -9999.000 -9999.000 -9999.000 -9999.000 -9999.000 -9999.000 -9999.000 -9999.000 -9999.000
-9999.000 -9999.000 -9999.000 -9999.000 -9999.000 -9999.000 -9999.000 -9999.000 -9999.000 -9999.000 -9999.000 -9999.000 -9999.000 -9999.000 -9999.000 0.7657595 0.7664236 0.7666392 0.7666485 0.7664320 0.7661505 0.7658567 0.7655568 0.7652870 0.7650342 0.7647982 0.7645737 0.7643007 0.7637656 0.7631086 0.7631086 -9999.000 -9999.000 -9999.000 -9999.000 -9999.000 -9999.000 -9999.000 -9999.000 -9999.000 -9999.000 -9999.000 -9999.000 -9999.000 -9999.000 -9999.000 -9999.000 -9999.000 -9999.000 -9999.000 -9999.000 -9999.000 -9999.000 -9999.000 -9999.000 -9999.000 -9999.000 -9999.000 -9999.000
-9999.000 -9999.000 -9999.000 -9999.000 -9999.000 -9999.000 -9999.000 -9999.000 -9999.000 -9999.000 -9999.000 -9999.000 -9999.000 -9999.000 -9999.000 0.7677098 0.7683879 0.7685971 0.7685966 0.7683641 0.7680715 0.7677692 0.7674599 0.7671841 0.7669232 0.7666780 0.7664424 0.7661477 0.7655509 0.7646267 0.7646267 -9999.000 -9999.000 -9999.000 -9999.000 -9999.000 -9999.000 -9999.000 -9999.000 -9999.000 -9999.000 -9999.000 -9999.000 -9999.000 -9999.000 -9999.000 -9999.000 -9999.000 -9999.000 -9999.000 -9999.000 -9999.000 -9999.000 -9999.000 -9999.000 -9999.000 -9999.000 -9999.000 -9999.000
-9999.000 -9999.000 -9999.000 -9999.000 -9999.000 -9999.000 -9999.000 -9999.000 -9999.000 -9999.000 -9999.000 -9999.000 -9999.000 -9999.000 -9999.000 0.7696413 0.7703346 0.7705362 0.7705268 0.7702779 0.7699734 0.7696625 0.7693432 0.7690613 0.7687915 0.7685357 0.7682872 0.7679660 0.7672933 0.7659984 0.7659984 -9999.000 -9999.000 -9999.000 -9999.000 -9999.000 -9999.000 -9999.000 -9999.000 -9999.000 -9999.000 -9999.000 -9999.000 -9999.000 -9999.000 -9999.000 -9999.000 -9999.000 -9999.000 -9999.000 -9999.000 -9999.000 -9999.000 -9999.000 -9999.000 -9999.000 -9999.000 -9999.000 -9999.000
-9999.000 -9999.000 -9999.000 -9999.000 -9999.000 -9999.000 -9999.000 -9999.000 -9999.000 -9999.000 -9999.000 -9999.000 -9999.000 -9999.000 -9999.000 0.7713056 0.7720751 0.7723483 0.7724439 0.7722272 0.7719134 0.7715920 0.7712572 0.7709632 0.7706769 0.7704030 0.7701339 0.7697758 0.7690054 0.7671879 0.7671879 -9999.000 -9999.000 -9999.000 -9999.000 -9999.000 -9999.000 -9999.000 -9999.000 -9999.000 -9999.000 -9999.000 -9999.000 -9999.000 -9999.000 -9999.000 -9999.000 -9999.000 -9999.000 -9999.000 -9999.000 -9999.000 -9999.000 -9999.000 -9999.000 -9999.000 -9999.000 -9999.000 -9999.000
-9999.000 -9999.000 -9999.000 -9999.000 -9999.000 -9999.000 -9999.000 -9999.000 -9999.000 -9999.000 -9999.000 -9999.000 -9999.000 -9999.000 -9999.000 0.7601266 0.7691609 0.7740792 0.7771710 0.7776055 0.7767382 0.7758608 0.7750044 0.7742614 0.7735939 0.7730044 0.7724741 0.7718694 0.7707554 0.7674332 0.7674332 -9999.000 -9999.000 -9999.000 -9999.000 -9999.000 -9999.000 -9999.000 -9999.000 -9999.000 -9999.000 -9999.000 -9999.000 -9999.000 -9999.000 -9999.000 -9999.000 -9999.000 -9999.000 -9999.000 -9999.000 -9999.000 -9999.000 -9999.000 -9999.000 -9999.000 -9999.000 -9999.000 -9999.000
0.8631378 0.8631378 0.8564941 0.8488388 0.8405411 0.8405411 0.8370931 0.8317364 0.8317364 0.8273538 0.8273538 0.8236871 0.8220581 0.8205379 0.8190102 0.8190102 0.7779325 0.7764472 0.7750147 0.7740614 0.7753950 0.7772540 0.7794203 0.7823895 0.7853779 0.7882017 0.7905739 0.7911060 0.7855740 0.7573830 0.7573830 0.5398418 0.5000596 0.4745864 0.4658954 0.4658954 0.4514388 0.4514388 0.4496485 0.4496485 0.4582677 0.5024242 0.5024242 0.5881762 0.5881762 0.6775047 0.6775047 0.6775047 0.6826630 0.6826630 0.6735340 0.6735340 0.6588560 0.6588560 0.6429496 0.6429496 0.6279224 0.6279224 0.6279224
0.8601593 0.8601593 0.8544781 0.8468393 0.8396786 0.8396786 0.8360254 0.8305919 0.8305919 0.8262236 0.8262236 0.8225752 0.8209543 0.8194421 0.8179232 0.8179232 0.7825590 0.7760053 0.7705048 0.7657389 0.7624190 0.7600368 0.7585312 0.7581614 0.7587175 0.7600963 0.7621488 0.7642598 0.7646375 0.7563919 0.7563919 0.6101542 0.5529177 0.4947255 0.4778636 0.4778636 0.4570146 0.4570146 0.4545407 0.4545407 0.4627675 0.5022495 0.5022495 0.5726414 0.5726414 0.6703881 0.6703881 0.6703881 0.6809849 0.6809849 0.6734092 0.6734092 0.6592448 0.6592448 0.6435794 0.6435794 0.6286555 0.6286555 0.6286555
0.8588119 0.8588119 0.8538242 0.8464664 0.8399609 0.8399609 0.8361309 0.8305559 0.8305559 0.8261731 0.8261731 0.8225235 0.8209012 0.8193861 0.8178523 0.8178523 0.7861676 0.7754886 0.7661167 0.7578443 0.7510940 0.7457067 0.7415767 0.7388036 0.7372871 0.7369357 0.7376405 0.7389848 0.7396442 0.7345962 0.7345962 0.6441940 0.5855397 0.5134957 0.4911940 0.4911940 0.4663007 0.4663007 0.4679758 0.4679758 0.4791673 0.5179737 0.5179737 0.5722879 0.5722879 0.6593343 0.6593343 0.6593343 0.6755539 0.6755539 0.6711495 0.6711495 0.6583041 0.6583041 0.6431659 0.6431659 0.6285162 0.6285162 0.6285162
0.8580085 0.8580085 0.8536494 0.8463689 0.8402746 0.8402746 0.8362890 0.8305560 0.8305560 0.8261613 0.8261613 0.8225188 0.8208984 0.8193840 0.8178273 0.8178273 0.7886581 0.7745873 0.7615714 0.7498640 0.7398575 0.7315945 0.7250119 0.7201146 0.7168077 0.7149674 0.7144567 0.7149517 0.7154774 0.7124052 0.7124052 0.6561791 0.6050340 0.5311306 0.5068833 0.5068833 0.4835655 0.4835655 0.4938730 0.4938730 0.5083427 0.5427093 0.5427093 0.5778553 0.5778553 0.6442258 0.6442258 0.6442258 0.6646085 0.6646085 0.6649707 0.6649707 0.6549147 0.6549147 0.6412238 0.6412238 0.6274498 0.6274498 0.6274498
0.8577276 0.8577276 0.8527030 0.8463936 0.8405433 0.8405433 0.8364305 0.8305508 0.8305508 0.8261480 0.8261480 0.8225159 0.8208985 0.8193855 0.8177931 0.8177931 0.7896033 0.7726509 0.7563241 0.7413535 0.7282160 0.7170961 0.7080126 0.7009571 0.6958454 0.6925440 0.6908881 0.6905891 0.6909016 0.6892261 0.6892261 0.6543322 0.6132396 0.5456596 0.5239203 0.5239203 0.5114131 0.5114131 0.5329380 0.5329380 0.5477695 0.5705934 0.5705934 0.5859917 0.5859917 0.6282016 0.6282016 0.6282016 0.6495077 0.6495077 0.6548938 0.6548938 0.6489096 0.6489096 0.6377423 0.6377423 0.6255942 0.6255942 0.6255942
0.8581861 0.8581861 0.8511277 0.8464705 0.8407674 0.8407674 0.8365648 0.8305627 0.8305627 0.8261436 0.8261436 0.8225148 0.8208983 0.8193858 0.8177395 0.8177395 0.7886916 0.7691013 0.7497711 0.7317886 0.7157326 0.7018819 0.6903315 0.6810950 0.6741140 0.6692702 0.6664004 0.6652455 0.6652270 0.6645039 0.6645039 0.6433481 0.6125296 0.5581552 0.5446511 0.5446511 0.5527552 0.5527552 0.5808754 0.5808754 0.5905716 0.5963809 0.5963809 0.5947331 0.5947331 0.6142524 0.6142524 0.6142524 0.6327672 0.6327672 0.6417804 0.6417804 0.6403490 0.6403490 0.6326341 0.6326341 0.6229198 0.6229198 0.6229198
0.8582733 0.8582733 0.8503755 0.8465222 0.8408990 0.8408990 0.8366441 0.8305664 0.8305664 0.8261389 0.8261389 0.8225137 0.8208981 0.8193860 0.8176639 0.8176639 0.7856411 0.7634090 0.7412925 0.7205670 0.7018687 0.6855199 0.6716600 0.6603286 0.6514936 0.6450641 0.6408988 0.6387780 0.6382613 0.6380979 0.6380979 0.6260291 0.6052037 0.5729371 0.5751827 0.5751827 0.6072503 0.6072503 0.6286600 0.6286600 0.6288447 0.6175537 0.6175537 0.6033272 0.6033272 0.6039910 0.6039910 0.6039910 0.6168107 0.6168107 0.6270090 0.6270090 0.6296124 0.6296124 0.6258882 0.6258882 0.6193613 0.6193613 0.6193613
0.8582999 0.8582999 0.8501336 0.8465384 0.8409427 0.8409427 0.8366713 0.8305680 0.8305680 0.8261375 0.8261375 0.8225132 0.8208980 0.8193862 0.8175576 0.8175576 0.7800756 0.7549947 0.7302068 0.7069944 0.6859706 0.6674428 0.6515497 0.6383363 0.6277850 0.6198291 0.6143572 0.6111963 0.6100348 0.6101508 0.6101508 0.6044843 0.5941790 0.5984374 0.6229404 0.6229404 0.6668372 0.6668372 0.6678138 0.6678138 0.6582660 0.6341538 0.6341538 0.6115895 0.6115895 0.5976359 0.5976359 0.5976359 0.6032849 0.6032849 0.6121083 0.6121083 0.6174146 0.6174146 0.6176832 0.6176832 0.6149144 0.6149144 0.6149144
0.8582733 0.8582733 0.8503755 0.8465220 0.8408991 0.8408991 0.8366441 0.8305665 0.8305665 0.8261390 0.8261390 0.8225135 0.8208982 0.8193861 0.8174102 0.8174102 0.7714312 0.7431386 0.7157131 0.6902590 0.6672659 0.6469553 0.6294138 0.6146571 0.6026594 0.5933650 0.5866874 0.5825019 0.5806396 0.5810372 0.5810372 0.5811013 0.5848240 0.6452014 0.6885901 0.6885901 0.7180434 0.7180434 0.6953842 0.6953842 0.6791974 0.6473432 0.6473432 0.6194610 0.6194610 0.5945685 0.5945685 0.5945685 0.5929080 0.5929080 0.5984124 0.5984124 0.6047235 0.6047235 0.6084473 0.6084473 0.6097069 0.6097069 0.6097069
0.8581861 0.8581861 0.8511276 0.8464704 0.8407676 0.8407676 0.8365648 0.8305628 0.8305628 0.8261436 0.8261436 0.8225147 0.8208984 0.8193859 0.8172069 0.8172069 0.7588217 0.7268522 0.6967930 0.6693707 0.6448280 0.6232201 0.6045239 0.5886863 0.5756457 0.5653364 0.5576857 0.5526153 0.5501798 0.5516353 0.5516353 0.5603937 0.5884840 0.7156526 0.7580026 0.7580026 0.7521960 0.7521960 0.7136788 0.7136788 0.6941394 0.6581128 0.6581128 0.6267560 0.6267560 0.5938383 0.5938383 0.5938383 0.5856321 0.5856321 0.5868192 0.5868192 0.5925800 0.5925800 0.5988370 0.5988370 0.6040312 0.6040312 0.6040312
0.8577276 0.8577276 0.8527030 0.8463935 0.8405435 0.8405435 0.8364305 0.8305511 0.8305511 0.8261481 0.8261481 0.8225160 0.8208984 0.8193856 0.8169283 0.8169283 0.7408018 0.7046728 0.6720558 0.6430512 0.6175060 0.5952161 0.5759892 0.5596650 0.5461190 0.5352563 0.5270028 0.5213408 0.5188819 0.5246701 0.5246701 0.5536078 0.6240358 0.7922311 0.8089254 0.8089254 0.7712861 0.7712861 0.7261207 0.7261207 0.7051988 0.6669263 0.6669263 0.6332013 0.6332013 0.5945184 0.5945184 0.5945184 0.5809687 0.5809687 0.5777397 0.5777397 0.5818844 0.5818844 0.5896550 0.5896550 0.5983505 0.5983505 0.5983505
