cruce_test.gid/Rasters/Hydraulic/Depth____000101.asc
NCOLS        79
NROWS        79
XLLCENTER         -1.500000
YLLCENTER         -4.800000
CELLSIZE           0.100
NODATA_VALUE     -9999.0
[rows 0 to 25 of 79, columns 0 to 57 of 79]
-9999.000 -9999.000 -9999.000 -9999.000 -9999.000 -9999.000 -9999.000 -9999.000 -9999.000 -9999.000 -9999.000 -9999.000 -9999.000 -9999.000 -9999.000 0.3564144 0.3565763 0.3565267 0.3564308 0.3563043 0.3561531 0.3559805 0.3557870 0.3555716 0.3553306 0.3550591 0.3547509 0.3543985 0.3540083 0.3542293 0.3542293 -9999.000 -9999.000 -9999.000 -9999.000 -9999.000 -9999.000 -9999.000 -9999.000 -9999.000 -9999.000 -9999.000 -9999.000 -9999.000 -9999.000 -9999.000 -9999.000 -9999.000 -9999.000 -9999.000 -9999.000 -9999.000 -9999.000 -9999.000 -9999.000 -9999.000 -9999.000 -9999.000
-9999.000 -9999.000 -9999.000 -9999.000 -9999.000 -9999.000 -9999.000 -9999.000 -9999.000 -9999.000 -9999.000 -9999.000 -9999.000 -9999.000 -9999.000 0.3582940 0.3584635 0.3584127 0.3583228 0.3582073 0.3580710 0.3579170 0.3577466 0.3575597 0.3573542 0.3571265 0.3568701 0.3565744 0.3562357 0.3564644 0.3564644 -9999.000 -9999.000 -9999.000 -9999.000 -9999.000 -9999.000 -9999.000 -9999.000 -9999.000 -9999.000 -9999.000 -9999.000 -9999.000 -9999.000 -9999.000 -9999.000 -9999.000 -9999.000 -9999.000 -9999.000 -9999.000 -9999.000 -9999.000 -9999.000 -9999.000 -9999.000 -9999.000
-9999.000 -9999.000 -9999.000 -9999.000 -9999.000 -9999.000 -9999.000 -9999.000 -9999.000 -9999.000 -9999.000 -9999.000 -9999.000 -9999.000 -9999.000 0.3602716 0.3604763 0.3604274 0.3603394 0.3602270 0.3600958 0.3599487 0.3597867 0.3596089 0.3594118 0.3591894 0.3589326 0.3586271 0.3582660 0.3585146 0.3585146 -9999.000 -9999.000 -9999.000 -9999.000 -9999.000 -9999.000 -9999.000 -9999.000 -9999.000 -9999.000 -9999.000 -9999.000 -9999.000 -9999.000 -9999.000 -9999.000 -9999.000 -9999.000 -9999.000 -9999.000 -9999.000 -9999.000 -9999.000 -9999.000 -9999.000 -9999.000 -9999.000
-9999.000 -9999.000 -9999.000 -9999.000 -9999.000 -9999.000 -9999.000 -9999.000 -9999.000 -9999.000 -9999.000 -9999.000 -9999.000 -9999.000 -9999.000 0.3622873 0.3625204 0.3624719 0.3623837 0.3622714 0.3621407 0.3619947 0.3618340 0.3616566 0.3614581 0.3612307 0.3609627 0.3606366 0.3602415 0.3604948 0.3604948 -9999.000 -9999.000 -9999.000 -9999.000 -9999.000 -9999.000 -9999.000 -9999.000 -9999.000 -9999.000 -9999.000 -9999.000 -9999.000 -9999.000 -9999.000 -9999.000 -9999.000 -9999.000 -9999.000 -9999.000 -9999.000 -9999.000 -9999.000 -9999.000 -9999.000 -9999.000 -9999.000
-9999.000 -9999.000 -9999.000 -9999.000 -9999.000 -9999.000 -9999.000 -9999.000 -9999.000 -9999.000 -9999.000 -9999.000 -9999.000 -9999.000 -9999.000 0.3643330 0.3645891 0.3645393 0.3644486 0.3643335 0.3641996 0.3640499 0.3638848 0.3637016 0.3634946 0.3632542 0.3629664 0.3626102 0.3621694 0.3624150 0.3624150 -9999.000 -9999.000 -9999.000 -9999.000 -9999.000 -9999.000 -9999.000 -9999.000 -9999.000 -9999.000 -9999.000 -9999.000 -9999.000 -9999.000 -9999.000 -9999.000 -9999.000 -9999.000 -9999.000 -9999.000 -9999.000 -9999.000 -9999.000 -9999.000 -9999.000 -9999.000 -9999.000
-9999.000 -9999.000 -9999.000 -9999.000 -9999.000 -9999.000 -9999.000 -9999.000 -9999.000 -9999.000 -9999.000 -9999.000 -9999.000 -9999.000 -9999.000 0.3664018 0.3666767 0.3666241 0.3665295 0.3664093 0.3662694 0.3661125 0.3659386 0.3657445 0.3655229 0.3652626 0.3649469 0.3645506 0.3640505 0.3642754 0.3642754 -9999.000 -9999.000 -9999.000 -9999.000 -9999.000 -9999.000 -9999.000 -9999.000 -9999.000 -9999.000 -9999.000 -9999.000 -9999.000 -9999.000 -9999.000 -9999.000 -9999.000 -9999.000 -9999.000 -9999.000 -9999.000 -9999.000 -9999.000 -9999.000 -9999.000 -9999.000 -9999.000
-9999.000 -9999.000 -9999.000 -9999.000 -9999.000 -9999.000 -9999.000 -9999.000 -9999.000 -9999.000 -9999.000 -9999.000 -9999.000 -9999.000 -9999.000 0.3684878 0.3687782 0.3687218 0.3686225 0.3684958 0.3683479 0.3681813 0.3679954 0.3677860 0.3675445 0.3672576 0.3669053 0.3664575 0.3658814 0.3660689 0.3660689 -9999.000 -9999.000 -9999.000 -9999.000 -9999.000 -9999.000 -9999.000 -9999.000 -9999.000 -9999.000 -9999.000 -9999.000 -9999.000 -9999.000 -9999.000 -9999.000 -9999.000 -9999.000 -9999.000 -9999.000 -9999.000 -9999.000 -9999.000 -9999.000 -9999.000 -9999.000 -9999.000
-9999.000 -9999.000 -9999.000 -9999.000 -9999.000 -9999.000 -9999.000 -9999.000 -9999.000 -9999.000 -9999.000 -9999.000 -9999.000 -9999.000 -9999.000 0.3705849 0.3708883 0.3708278 0.3707234 0.3705899 0.3704332 0.3702552 0.3700547 0.3698264 0.3695599 0.3692394 0.3688409 0.3683279 0.3676545 0.3677810 0.3677810 -9999.000 -9999.000 -9999.000 -9999.000 -9999.000 -9999.000 -9999.000 -9999.000 -9999.000 -9999.000 -9999.000 -9999.000 -9999.000 -9999.000 -9999.000 -9999.000 -9999.000 -9999.000 -9999.000 -9999.000 -9999.000 -9999.000 -9999.000 -9999.000 -9999.000 -9999.000 -9999.000
-9999.000 -9999.000 -9999.000 -9999.000 -9999.000 -9999.000 -9999.000 -9999.000 -9999.000 -9999.000 -9999.000 -9999.000 -9999.000 -9999.000 -9999.000 0.3726864 0.3730011 0.3729362 0.3728273 0.3726873 0.3725215 0.3723313 0.3721146 0.3718643 0.3715680 0.3712064 0.3707507 0.3701555 0.3693568 0.3693861 0.3693861 -9999.000 -9999.000 -9999.000 -9999.000 -9999.000 -9999.000 -9999.000 -9999.000 -9999.000 -9999.000 -9999.000 -9999.000 -9999.000 -9999.000 -9999.000 -9999.000 -9999.000 -9999.000 -9999.000 -9999.000 -9999.000 -9999.000 -9999.000 -9999.000 -9999.000 -9999.000 -9999.000
-9999.000 -9999.000 -9999.000 -9999.000 -9999.000 -9999.000 -9999.000 -9999.000 -9999.000 -9999.000 -9999.000 -9999.000 -9999.000 -9999.000 -9999.000 0.3747841 0.3751093 0.3750402 0.3749277 0.3747821 0.3746077 0.3744052 0.3741711 0.3738963 0.3735653 0.3731545 0.3726282 0.3719296 0.3709677 0.3708414 0.3708414 -9999.000 -9999.000 -9999.000 -9999.000 -9999.000 -9999.000 -9999.000 -9999.000 -9999.000 -9999.000 -9999.000 -9999.000 -9999.000 -9999.000 -9999.000 -9999.000 -9999.000 -9999.000 -9999.000 -9999.000 -9999.000 -9999.000 -9999.000 -9999.000 -9999.000 -9999.000 -9999.000
-9999.000 -9999.000 -9999.000 -9999.000 -9999.000 -9999.000 -9999.000 -9999.000 -9999.000 -9999.000 -9999.000 -9999.000 -9999.000 -9999.000 -9999.000 0.3768684 0.3772039 0.3771310 0.3770160 0.3768660 0.3766840 0.3764697 0.3762174 0.3759154 0.3755443 0.3750747 0.3744616 0.3736310 0.3724535 0.3720722 0.3720722 -9999.000 -9999.000 -9999.000 -9999.000 -9999.000 -9999.000 -9999.000 -9999.000 -9999.000 -9999.000 -9999.000 -9999.000 -9999.000 -9999.000 -9999.000 -9999.000 -9999.000 -9999.000 -9999.000 -9999.000 -9999.000 -9999.000 -9999.000 -9999.000 -9999.000 -9999.000 -9999.000
-9999.000 -9999.000 -9999.000 -9999.000 -9999.000 -9999.000 -9999.000 -9999.000 -9999.000 -9999.000 -9999.000 -9999.000 -9999.000 -9999.000 -9999.000 0.3789277 0.3792748 0.3791977 0.3790813 0.3789282 0.3787397 0.3785138 0.3782423 0.3779100 0.3774920 0.3769511 0.3762289 0.3752272 0.3737574 0.3729422 0.3729422 -9999.000 -9999.000 -9999.000 -9999.000 -9999.000 -9999.000 -9999.000 -9999.000 -9999.000 -9999.000 -9999.000 -9999.000 -9999.000 -9999.000 -9999.000 -9999.000 -9999.000 -9999.000 -9999.000 -9999.000 -9999.000 -9999.000 -9999.000 -9999.000 -9999.000 -9999.000 -9999.000
-9999.000 -9999.000 -9999.000 -9999.000 -9999.000 -9999.000 -9999.000 -9999.000 -9999.000 -9999.000 -9999.000 -9999.000 -9999.000 -9999.000 -9999.000 0.3809483 0.3813094 0.3812275 0.3811098 0.3809539 0.3807594 0.3805214 0.3802286 0.3798606 0.3793855 0.3787547 0.3778911 0.3766593 0.3747796 0.3731839 0.3731839 -9999.000 -9999.000 -9999.000 -9999.000 -9999.000 -9999.000 -9999.000 -9999.000 -9999.000 -9999.000 -9999.000 -9999.000 -9999.000 -9999.000 -9999.000 -9999.000 -9999.000 -9999.000 -9999.000 -9999.000 -9999.000 -9999.000 -9999.000 -9999.000 -9999.000 -9999.000 -9999.000
-9999.000 -9999.000 -9999.000 -9999.000 -9999.000 -9999.000 -9999.000 -9999.000 -9999.000 -9999.000 -9999.000 -9999.000 -9999.000 -9999.000 -9999.000 0.3828990 0.3832843 0.3831975 0.3830794 0.3829215 0.3827209 0.3824693 0.3821504 0.3817368 0.3811863 0.3804341 0.3793746 0.3778155 0.3753301 0.3722195 0.3722195 -9999.000 -9999.000 -9999.000 -9999.000 -9999.000 -9999.000 -9999.000 -9999.000 -9999.000 -9999.000 -9999.000 -9999.000 -9999.000 -9999.000 -9999.000 -9999.000 -9999.000 -9999.000 -9999.000 -9999.000 -9999.000 -9999.000 -9999.000 -9999.000 -9999.000 -9999.000 -9999.000
-9999.000 -9999.000 -9999.000 -9999.000 -9999.000 -9999.000 -9999.000 -9999.000 -9999.000 -9999.000 -9999.000 -9999.000 -9999.000 -9999.000 -9999.000 0.3834698 0.3846587 0.3848387 0.3849072 0.3848746 0.3847521 0.3845399 0.3842236 0.3837706 0.3831258 0.3822003 0.3808432 0.3787623 0.3752509 0.3683222 0.3683222 -9999.000 -9999.000 -9999.000 -9999.000 -9999.000 -9999.000 -9999.000 -9999.000 -9999.000 -9999.000 -9999.000 -9999.000 -9999.000 -9999.000 -9999.000 -9999.000 -9999.000 -9999.000 -9999.000 -9999.000 -9999.000 -9999.000 -9999.000 -9999.000 -9999.000 -9999.000 -9999.000
0.3684079 0.3684079 0.3549862 0.3454430 0.3424323 0.3424323 0.3399438 0.3358729 0.3358729 0.3325117 0.3325117 0.3295946 0.3282610 0.3269963 0.3452348 0.3452348 0.3923820 0.3928215 0.3934389 0.3941410 0.3947799 0.3951908 0.3951812 0.3945234 0.3929496 0.3901223 0.3855145 0.3780194 0.3645502 0.3295569 0.3295569 0.1818439 0.1592148 0.1599568 0.1652555 0.1652555 0.1790689 0.1790689 0.2165883 0.2165883 0.2528406 0.2792275 0.2792275 0.2834386 0.2834386 0.2824428 0.2824428 0.2824428 0.2769504 0.2769504 0.2712229 0.2712229 0.2662703 0.2662703 0.2599128 0.2599128 0.2558615 0.2558615
0.3670195 0.3670195 0.3541023 0.3448749 0.3418902 0.3418902 0.3394102 0.3353466 0.3353466 0.3319955 0.3319955 0.3290903 0.3277623 0.3265029 0.3364903 0.3364903 0.3867561 0.3862000 0.3857695 0.3858369 0.3862924 0.3869662 0.3876365 0.3880156 0.3877304 0.3862765 0.3829175 0.3764472 0.3644343 0.3390708 0.3390708 0.2332409 0.1998099 0.1767645 0.1740848 0.1740848 0.1800069 0.1800069 0.2062831 0.2062831 0.2382885 0.2804646 0.2804646 0.2843629 0.2843629 0.2823449 0.2823449 0.2823449 0.2766895 0.2766895 0.2709050 0.2709050 0.2665843 0.2665843 0.2595999 0.2595999 0.2555544 0.2555544
0.3662961 0.3662961 0.3537518 0.3448466 0.3418842 0.3418842 0.3394043 0.3353290 0.3353290 0.3319720 0.3319720 0.3290654 0.3277371 0.3264772 0.3325334 0.3325334 0.3828381 0.3814253 0.3796134 0.3785271 0.3780890 0.3781333 0.3784375 0.3786975 0.3785152 0.3773742 0.3745748 0.3690584 0.3588402 0.3381098 0.3381098 0.2589083 0.2246311 0.1926416 0.1861526 0.1861526 0.1873031 0.1873031 0.2066905 0.2066905 0.2296574 0.2771304 0.2771304 0.2864416 0.2864416 0.2830264 0.2830264 0.2830264 0.2769330 0.2769330 0.2709773 0.2709773 0.2660208 0.2660208 0.2599829 0.2599829 0.2557405 0.2557405
0.3657426 0.3657426 0.3534232 0.3448356 0.3418983 0.3418983 0.3394179 0.3353285 0.3353285 0.3319665 0.3319665 0.3290620 0.3277353 0.3264767 0.3299874 0.3299874 0.3782215 0.3769350 0.3739071 0.3717353 0.3703977 0.3697252 0.3694989 0.3694149 0.3690713 0.3679557 0.3654116 0.3605339 0.3517947 0.3344983 0.3344983 0.2735594 0.2427250 0.2094517 0.2020230 0.2020230 0.2013143 0.2013143 0.2148295 0.2148295 0.2293697 0.2697474 0.2697474 0.2859916 0.2859916 0.2829642 0.2829642 0.2829642 0.2767545 0.2767545 0.2706334 0.2706334 0.2654582 0.2654582 0.2599210 0.2599210 0.2556957 0.2556957
0.3653370 0.3653370 0.3531378 0.3448305 0.3419177 0.3419177 0.3394354 0.3353289 0.3353289 0.3319609 0.3319609 0.3290586 0.3277337 0.3264765 0.3283140 0.3283140 0.3712533 0.3718806 0.3678415 0.3646609 0.3624743 0.3611226 0.3603915 0.3599761 0.3594717 0.3583717 0.3560528 0.3517233 0.3442108 0.3298016 0.3298016 0.2824523 0.2561685 0.2267865 0.2208304 0.2208304 0.2206704 0.2206704 0.2283864 0.2283864 0.2356945 0.2622776 0.2622776 0.2816194 0.2816194 0.2817953 0.2817953 0.2817953 0.2759251 0.2759251 0.2698423 0.2698423 0.2646113 0.2646113 0.2595328 0.2595328 0.2555449 0.2555449
0.3650616 0.3650616 0.3529174 0.3448288 0.3419369 0.3419369 0.3394524 0.3353296 0.3353296 0.3319558 0.3319558 0.3290554 0.3277320 0.3264762 0.3272248 0.3272248 0.3621514 0.3656796 0.3610356 0.3569476 0.3539413 0.3519190 0.3506958 0.3499792 0.3493678 0.3483519 0.3463115 0.3424950 0.3359596 0.3241592 0.3241592 0.2889543 0.2674221 0.2458985 0.2427644 0.2427644 0.2429457 0.2429457 0.2440519 0.2440519 0.2455757 0.2579043 0.2579043 0.2745128 0.2745128 0.2789414 0.2789414 0.2789414 0.2741895 0.2741895 0.2685573 0.2685573 0.2635255 0.2635255 0.2589571 0.2589571 0.2553771 0.2553771
0.3649022 0.3649022 0.3527785 0.3448285 0.3419509 0.3419509 0.3394647 0.3353303 0.3353303 0.3319522 0.3319522 0.3290532 0.3277308 0.3264758 0.3265218 0.3265218 0.3522070 0.3575123 0.3531953 0.3483680 0.3445474 0.3418454 0.3401329 0.3391384 0.3384632 0.3375885 0.3358873 0.3326481 0.3272576 0.3186253 0.3186253 0.2941673 0.2791079 0.2682034 0.2674079 0.2674079 0.2651283 0.2651283 0.2591387 0.2591387 0.2563299 0.2573717 0.2573717 0.2673351 0.2673351 0.2743595 0.2743595 0.2743595 0.2713473 0.2713473 0.2666724 0.2666724 0.2621924 0.2621924 0.2582657 0.2582657 0.2552407 0.2552407
0.3648501 0.3648501 0.3527310 0.3448285 0.3419559 0.3419559 0.3394692 0.3353305 0.3353305 0.3319510 0.3319510 0.3290524 0.3277304 0.3264757 0.3260708 0.3260708 0.3421997 0.3473250 0.3437840 0.3385528 0.3340316 0.3306831 0.3284905 0.3272300 0.3265216 0.3258467 0.3245684 0.3220156 0.3180737 0.3137886 0.3137886 0.3007139 0.2944274 0.2934276 0.2925680 0.2925680 0.2846551 0.2846551 0.2723099 0.2723099 0.2664706 0.2597099 0.2597099 0.2621535 0.2621535 0.2686621 0.2686621 0.2686621 0.2674262 0.2674262 0.2641134 0.2641134 0.2605705 0.2605705 0.2574828 0.2574828 0.2551607 0.2551607
0.3649023 0.3649023 0.3527785 0.3448285 0.3419509 0.3419509 0.3394647 0.3353302 0.3353302 0.3319522 0.3319522 0.3290531 0.3277307 0.3264759 0.3257829 0.3257829 0.3324105 0.3353965 0.3323045 0.3270241 0.3220450 0.3181730 0.3155587 0.3140618 0.3133484 0.3129188 0.3121364 0.3104023 0.3085673 0.3113497 0.3113497 0.3124124 0.3159170 0.3187367 0.3151231 0.3151231 0.3004313 0.3004313 0.2833013 0.2833013 0.2754308 0.2635678 0.2635678 0.2595603 0.2595603 0.2628143 0.2628143 0.2628143 0.2627519 0.2627519 0.2609271 0.2609271 0.2586397 0.2586397 0.2566203 0.2566203 0.2551470 0.2551470
0.3650616 0.3650616 0.3529174 0.3448288 0.3419369 0.3419369 0.3394524 0.3353296 0.3353296 0.3319558 0.3319558 0.3290554 0.3277320 0.3264762 0.3256000 0.3256000 0.3225885 0.3219928 0.3184562 0.3132492 0.3081200 0.3039606 0.3010713 0.2994213 0.2987526 0.2986133 0.2983900 0.2976721 0.2995519 0.3150504 0.3150504 0.3330824 0.3427240 0.3405867 0.3332664 0.3332664 0.3126785 0.3126785 0.2922871 0.2922871 0.2830554 0.2678859 0.2678859 0.2590744 0.2590744 0.2576701 0.2576701 0.2576701 0.2578570 0.2578570 0.2573224 0.2573224 0.2564564 0.2564564 0.2556973 0.2556973 0.2551923 0.2551923
0.3653370 0.3653370 0.3531379 0.3448305 0.3419177 0.3419177 0.3394354 0.3353289 0.3353289 0.3319608 0.3319608 0.3290586 0.3277336 0.3264765 0.3254845 0.3254845 0.3119814 0.3070261 0.3020455 0.2967249 0.2917000 0.2875744 0.2846668 0.2830351 0.2825145 0.2827311 0.2831338 0.2838605 0.2936961 0.3311400 0.3311400 0.3621308 0.3689593 0.3579210 0.3477414 0.3477414 0.3220344 0.3220344 0.2994409 0.2994409 0.2892786 0.2719696 0.2719696 0.2598530 0.2598530 0.2536863 0.2536863 0.2536863 0.2532961 0.2532961 0.2536407 0.2536407 0.2541691 0.2541691 0.2547595 0.2547595 0.2552793 0.2552793
