cruce_test.gid/Rasters/Hydraulic/Depth____000036.asc
NCOLS        79
NROWS        79
XLLCENTER         -1.500000
YLLCENTER         -4.800000
CELLSIZE           0.100
NODATA_VALUE     -9999.0
[rows 0 to 25 of 79, columns 0 to 56 of 79]
-9999.000 -9999.000 -9999.000 -9999.000 -9999.000 -9999.000 -9999.000 -9999.000 -9999.000 -9999.000 -9999.000 -9999.000 -9999.000 -9999.000 -9999.000 0.2039545 0.2040145 0.2038906 0.2036887 0.2034275 0.2031194 0.2027763 0.2024102 0.2020344 0.2016625 0.2013094 0.2009912 0.2007259 0.2005435 0.2008249 0.2008249 -9999.000 -9999.000 -9999.000 -9999.000 -9999.000 -9999.000 -9999.000 -9999.000 -9999.000 -9999.000 -9999.000 -9999.000 -9999.000 -9999.000 -9999.000 -9999.000 -9999.000 -9999.000 -9999.000 -9999.000 -9999.000 -9999.000 -9999.000 -9999.000 -9999.000 -9999.000
-9999.000 -9999.000 -9999.000 -9999.000 -9999.000 -9999.000 -9999.000 -9999.000 -9999.000 -9999.000 -9999.000 -9999.000 -9999.000 -9999.000 -9999.000 0.2059472 0.2060578 0.2059373 0.2057443 0.2054964 0.2052046 0.2048800 0.2045343 0.2041799 0.2038298 0.2034976 0.2031965 0.2029396 0.2027477 0.2029934 0.2029934 -9999.000 -9999.000 -9999.000 -9999.000 -9999.000 -9999.000 -9999.000 -9999.000 -9999.000 -9999.000 -9999.000 -9999.000 -9999.000 -9999.000 -9999.000 -9999.000 -9999.000 -9999.000 -9999.000 -9999.000 -9999.000 -9999.000 -9999.000 -9999.000 -9999.000 -9999.000
-9999.000 -9999.000 -9999.000 -9999.000 -9999.000 -9999.000 -9999.000 -9999.000 -9999.000 -9999.000 -9999.000 -9999.000 -9999.000 -9999.000 -9999.000 0.2081025 0.2082718 0.2081487 0.2079504 0.2076971 0.2074002 0.2070703 0.2067189 0.2063577 0.2059991 0.2056556 0.2053396 0.2050639 0.2048529 0.2051403 0.2051403 -9999.000 -9999.000 -9999.000 -9999.000 -9999.000 -9999.000 -9999.000 -9999.000 -9999.000 -9999.000 -9999.000 -9999.000 -9999.000 -9999.000 -9999.000 -9999.000 -9999.000 -9999.000 -9999.000 -9999.000 -9999.000 -9999.000 -9999.000 -9999.000 -9999.000 -9999.000
-9999.000 -9999.000 -9999.000 -9999.000 -9999.000 -9999.000 -9999.000 -9999.000 -9999.000 -9999.000 -9999.000 -9999.000 -9999.000 -9999.000 -9999.000 0.2102983 0.2105206 0.2103911 0.2101824 0.2099170 0.2096066 0.2092620 0.2088943 0.2085149 0.2081360 0.2077698 0.2074286 0.2071255 0.2068880 0.2072116 0.2072116 -9999.000 -9999.000 -9999.000 -9999.000 -9999.000 -9999.000 -9999.000 -9999.000 -9999.000 -9999.000 -9999.000 -9999.000 -9999.000 -9999.000 -9999.000 -9999.000 -9999.000 -9999.000 -9999.000 -9999.000 -9999.000 -9999.000 -9999.000 -9999.000 -9999.000 -9999.000
-9999.000 -9999.000 -9999.000 -9999.000 -9999.000 -9999.000 -9999.000 -9999.000 -9999.000 -9999.000 -9999.000 -9999.000 -9999.000 -9999.000 -9999.000 0.2125272 0.2127957 0.2126562 0.2124325 0.2121492 0.2118184 0.2114509 0.2110578 0.2106505 0.2102410 0.2098414 0.2094646 0.2091242 0.2088510 0.2092054 0.2092054 -9999.000 -9999.000 -9999.000 -9999.000 -9999.000 -9999.000 -9999.000 -9999.000 -9999.000 -9999.000 -9999.000 -9999.000 -9999.000 -9999.000 -9999.000 -9999.000 -9999.000 -9999.000 -9999.000 -9999.000 -9999.000 -9999.000 -9999.000 -9999.000 -9999.000 -9999.000
-9999.000 -9999.000 -9999.000 -9999.000 -9999.000 -9999.000 -9999.000 -9999.000 -9999.000 -9999.000 -9999.000 -9999.000 -9999.000 -9999.000 -9999.000 0.2147836 0.2150902 0.2149366 0.2146938 0.2143877 0.2140305 0.2136330 0.2132063 0.2127619 0.2123117 0.2118683 0.2114446 0.2110555 0.2107350 0.2111151 0.2111151 -9999.000 -9999.000 -9999.000 -9999.000 -9999.000 -9999.000 -9999.000 -9999.000 -9999.000 -9999.000 -9999.000 -9999.000 -9999.000 -9999.000 -9999.000 -9999.000 -9999.000 -9999.000 -9999.000 -9999.000 -9999.000 -9999.000 -9999.000 -9999.000 -9999.000 -9999.000
-9999.000 -9999.000 -9999.000 -9999.000 -9999.000 -9999.000 -9999.000 -9999.000 -9999.000 -9999.000 -9999.000 -9999.000 -9999.000 -9999.000 -9999.000 0.2170626 0.2173973 0.2172255 0.2169600 0.2166266 0.2162376 0.2158036 0.2153355 0.2148448 0.2143437 0.2138447 0.2133616 0.2129098 0.2125271 0.2129269 0.2129269 -9999.000 -9999.000 -9999.000 -9999.000 -9999.000 -9999.000 -9999.000 -9999.000 -9999.000 -9999.000 -9999.000 -9999.000 -9999.000 -9999.000 -9999.000 -9999.000 -9999.000 -9999.000 -9999.000 -9999.000 -9999.000 -9999.000 -9999.000 -9999.000 -9999.000 -9999.000
-9999.000 -9999.000 -9999.000 -9999.000 -9999.000 -9999.000 -9999.000 -9999.000 -9999.000 -9999.000 -9999.000 -9999.000 -9999.000 -9999.000 -9999.000 0.2193598 0.2197104 0.2195158 0.2192241 0.2188596 0.2184338 0.2179568 0.2174395 0.2168932 0.2163297 0.2157619 0.2152038 0.2146717 0.2142068 0.2146179 0.2146179 -9999.000 -9999.000 -9999.000 -9999.000 -9999.000 -9999.000 -9999.000 -9999.000 -9999.000 -9999.000 -9999.000 -9999.000 -9999.000 -9999.000 -9999.000 -9999.000 -9999.000 -9999.000 -9999.000 -9999.000 -9999.000 -9999.000 -9999.000 -9999.000 -9999.000 -9999.000
-9999.000 -9999.000 -9999.000 -9999.000 -9999.000 -9999.000 -9999.000 -9999.000 -9999.000 -9999.000 -9999.000 -9999.000 -9999.000 -9999.000 -9999.000 0.2216697 0.2220220 0.2217995 0.2214787 0.2210794 0.2206119 0.2200856 0.2195109 0.2188983 0.2182595 0.2176066 0.2169537 0.2163175 0.2157423 0.2161507 0.2161507 -9999.000 -9999.000 -9999.000 -9999.000 -9999.000 -9999.000 -9999.000 -9999.000 -9999.000 -9999.000 -9999.000 -9999.000 -9999.000 -9999.000 -9999.000 -9999.000 -9999.000 -9999.000 -9999.000 -9999.000 -9999.000 -9999.000 -9999.000 -9999.000 -9999.000 -9999.000
-9999.000 -9999.000 -9999.000 -9999.000 -9999.000 -9999.000 -9999.000 -9999.000 -9999.000 -9999.000 -9999.000 -9999.000 -9999.000 -9999.000 -9999.000 0.2239845 0.2243234 0.2240676 0.2237146 0.2232772 0.2227632 0.2221809 0.2215395 0.2208486 0.2201184 0.2193599 0.2185857 0.2178122 0.2170847 0.2174648 0.2174648 -9999.000 -9999.000 -9999.000 -9999.000 -9999.000 -9999.000 -9999.000 -9999.000 -9999.000 -9999.000 -9999.000 -9999.000 -9999.000 -9999.000 -9999.000 -9999.000 -9999.000 -9999.000 -9999.000 -9999.000 -9999.000 -9999.000 -9999.000 -9999.000 -9999.000 -9999.000
-9999.000 -9999.000 -9999.000 -9999.000 -9999.000 -9999.000 -9999.000 -9999.000 -9999.000 -9999.000 -9999.000 -9999.000 -9999.000 -9999.000 -9999.000 0.2262922 0.2266032 0.2263088 0.2259210 0.2254421 0.2248765 0.2242308 0.2235121 0.2227280 0.2218862 0.2209946 0.2200623 0.2191024 0.2181577 0.2184581 0.2184581 -9999.000 -9999.000 -9999.000 -9999.000 -9999.000 -9999.000 -9999.000 -9999.000 -9999.000 -9999.000 -9999.000 -9999.000 -9999.000 -9999.000 -9999.000 -9999.000 -9999.000 -9999.000 -9999.000 -9999.000 -9999.000 -9999.000 -9999.000 -9999.000 -9999.000 -9999.000
-9999.000 -9999.000 -9999.000 -9999.000 -9999.000 -9999.000 -9999.000 -9999.000 -9999.000 -9999.000 -9999.000 -9999.000 -9999.000 -9999.000 -9999.000 0.2285747 0.2288464 0.2285089 0.2280842 0.2275603 0.2269375 0.2262195 0.2254107 0.2245149 0.2235348 0.2224722 0.2213283 0.2201063 0.2188370 0.2189480 0.2189480 -9999.000 -9999.000 -9999.000 -9999.000 -9999.000 -9999.000 -9999.000 -9999.000 -9999.000 -9999.000 -9999.000 -9999.000 -9999.000 -9999.000 -9999.000 -9999.000 -9999.000 -9999.000 -9999.000 -9999.000 -9999.000 -9999.000 -9999.000 -9999.000 -9999.000 -9999.000
-9999.000 -9999.000 -9999.000 -9999.000 -9999.000 -9999.000 -9999.000 -9999.000 -9999.000 -9999.000 -9999.000 -9999.000 -9999.000 -9999.000 -9999.000 0.2308050 0.2310329 0.2306498 0.2301862 0.2296138 0.2289273 0.2281264 0.2272111 0.2261791 0.2250244 0.2237366 0.2222995 0.2206919 0.2189073 0.2185729 0.2185729 -9999.000 -9999.000 -9999.000 -9999.000 -9999.000 -9999.000 -9999.000 -9999.000 -9999.000 -9999.000 -9999.000 -9999.000 -9999.000 -9999.000 -9999.000 -9999.000 -9999.000 -9999.000 -9999.000 -9999.000 -9999.000 -9999.000 -9999.000 -9999.000 -9999.000 -9999.000
-9999.000 -9999.000 -9999.000 -9999.000 -9999.000 -9999.000 -9999.000 -9999.000 -9999.000 -9999.000 -9999.000 -9999.000 -9999.000 -9999.000 -9999.000 0.2329369 0.2331322 0.2327065 0.2322045 0.2315802 0.2308221 0.2299248 0.2288813 0.2276794 0.2262979 0.2247027 0.2228410 0.2206313 0.2179593 0.2164958 0.2164958 -9999.000 -9999.000 -9999.000 -9999.000 -9999.000 -9999.000 -9999.000 -9999.000 -9999.000 -9999.000 -9999.000 -9999.000 -9999.000 -9999.000 -9999.000 -9999.000 -9999.000 -9999.000 -9999.000 -9999.000 -9999.000 -9999.000 -9999.000 -9999.000 -9999.000 -9999.000
-9999.000 -9999.000 -9999.000 -9999.000 -9999.000 -9999.000 -9999.000 -9999.000 -9999.000 -9999.000 -9999.000 -9999.000 -9999.000 -9999.000 -9999.000 0.2343290 0.2349577 0.2346345 0.2341702 0.2335263 0.2326976 0.2316813 0.2304677 0.2290335 0.2273348 0.2252955 0.2227853 0.2195705 0.2151874 0.2100122 0.2100122 -9999.000 -9999.000 -9999.000 -9999.000 -9999.000 -9999.000 -9999.000 -9999.000 -9999.000 -9999.000 -9999.000 -9999.000 -9999.000 -9999.000 -9999.000 -9999.000 -9999.000 -9999.000 -9999.000 -9999.000 -9999.000 -9999.000 -9999.000 -9999.000 -9999.000 -9999.000
0.1956355 0.1956355 0.1989788 0.2032589 0.2053587 0.2053587 0.2074872 0.2119863 0.2119863 0.2170927 0.2170927 0.2233036 0.2270884 0.2315465 0.2368621 0.2368621 0.2423961 0.2419097 0.2410401 0.2397458 0.2380658 0.2360620 0.2337808 0.2312188 0.2282873 0.2247573 0.2201298 0.2132723 0.2011552 0.1700324 0.1700324 0.6976456E-01 0.4629294E-01 0.3686691E-01 0.3847696E-01 0.3847696E-01 0.4892510E-01 0.4892510E-01 0.6872294E-01 0.6872294E-01 0.9569124E-01 0.1330101 0.1330101 0.1358893 0.1358893 0.1368334 0.1368334 0.1368334 0.1334830 0.1334830 0.1306375 0.1306375 0.1282965 0.1282965 0.1240695 0.1240695 0.1213161
0.1946872 0.1946872 0.1986306 0.2029545 0.2050605 0.2050605 0.2071934 0.2117039 0.2117039 0.2168192 0.2168192 0.2229220 0.2264458 0.2302662 0.2342350 0.2342350 0.2375869 0.2376266 0.2374207 0.2368946 0.2359768 0.2346028 0.2327146 0.2302487 0.2271061 0.2230942 0.2178182 0.2104501 0.1990772 0.1771578 0.1771578 0.1090113 0.8549444E-01 0.6674936E-01 0.6267304E-01 0.6267304E-01 0.6175674E-01 0.6175674E-01 0.7097722E-01 0.7097722E-01 0.8537010E-01 0.1319963 0.1319963 0.1363439 0.1363439 0.1368845 0.1368845 0.1368845 0.1332027 0.1332027 0.1303766 0.1303766 0.1286760 0.1286760 0.1238696 0.1238696 0.1211417
0.1940860 0.1940860 0.1985857 0.2028889 0.2049685 0.2049685 0.2070642 0.2114484 0.2114484 0.2163040 0.2163040 0.2218527 0.2249090 0.2280954 0.2312753 0.2312753 0.2335930 0.2334858 0.2331857 0.2326700 0.2318767 0.2307204 0.2290981 0.2268865 0.2239291 0.2200032 0.2147485 0.2075043 0.1968567 0.1786190 0.1786190 0.1254708 0.1029615 0.8249843E-01 0.7722612E-01 0.7722612E-01 0.7399859E-01 0.7399859E-01 0.7923582E-01 0.7923582E-01 0.8685945E-01 0.1234924 0.1234924 0.1368425 0.1368425 0.1376054 0.1376054 0.1376054 0.1330665 0.1330665 0.1301898 0.1301898 0.1279582 0.1279582 0.1240407 0.1240407 0.1211890
0.1935378 0.1935378 0.1985441 0.2028062 0.2048503 0.2048503 0.2068965 0.2111187 0.2111187 0.2156661 0.2156661 0.2206435 0.2232738 0.2259334 0.2285133 0.2285133 0.2299056 0.2295621 0.2290502 0.2283685 0.2274687 0.2262712 0.2246701 0.2225331 0.2196923 0.2159216 0.2108862 0.2040248 0.1942139 0.1783598 0.1783598 0.1361956 0.1154876 0.9570655E-01 0.9063999E-01 0.9063999E-01 0.8771814E-01 0.8771814E-01 0.9077461E-01 0.9077461E-01 0.9415449E-01 0.1156106 0.1156106 0.1341706 0.1341706 0.1367057 0.1367057 0.1367057 0.1329285 0.1329285 0.1299091 0.1299091 0.1274692 0.1274692 0.1239906 0.1239906 0.1210944
0.1930464 0.1930464 0.1985011 0.2027038 0.2047030 0.2047030 0.2066886 0.2107187 0.2107187 0.2149222 0.2149222 0.2193131 0.2215348 0.2237115 0.2257622 0.2257622 0.2262187 0.2255955 0.2248505 0.2239765 0.2229256 0.2216210 0.2199608 0.2178184 0.2150351 0.2114034 0.2066282 0.2002342 0.1913048 0.1773743 0.1773743 0.1434740 0.1249458 0.1076744 0.1038442 0.1038442 0.1022501 0.1022501 0.1031570 0.1031570 0.1037211 0.1124369 0.1124369 0.1285654 0.1285654 0.1350482 0.1350482 0.1350482 0.1323257 0.1323257 0.1293580 0.1293580 0.1267912 0.1267912 0.1236572 0.1236572 0.1208491
0.1926201 0.1926201 0.1984568 0.2025874 0.2045348 0.2045348 0.2064521 0.2102713 0.2102713 0.2141110 0.2141110 0.2179055 0.2197212 0.2214216 0.2229476 0.2229476 0.2223588 0.2214066 0.2204160 0.2193562 0.2181656 0.2167614 0.2150436 0.2128939 0.2101704 0.2066952 0.2022224 0.1963621 0.1883668 0.1761870 0.1761870 0.1488337 0.1328989 0.1198365 0.1177433 0.1177433 0.1168164 0.1168164 0.1148258 0.1148258 0.1132843 0.1137803 0.1137803 0.1230901 0.1230901 0.1320335 0.1320335 0.1320335 0.1308844 0.1308844 0.1283870 0.1283870 0.1258887 0.1258887 0.1230721 0.1230721 0.1204588
0.1922685 0.1922685 0.1984125 0.2024626 0.2043545 0.2043545 0.2061994 0.2097993 0.2097993 0.2132691 0.2132691 0.2164648 0.2178693 0.2190761 0.2200340 0.2200340 0.2181847 0.2168435 0.2155914 0.2143592 0.2130579 0.2115895 0.2098501 0.2077289 0.2051050 0.2018399 0.1977498 0.1925370 0.1856070 0.1752322 0.1752322 0.1535237 0.1407808 0.1331972 0.1324148 0.1324148 0.1303169 0.1303169 0.1250192 0.1250192 0.1218952 0.1176036 0.1176036 0.1200819 0.1200819 0.1280838 0.1280838 0.1280838 0.1284773 0.1284773 0.1268305 0.1268305 0.1246762 0.1246762 0.1222387 0.1222387 0.1199238
0.1920024 0.1920024 0.1983695 0.2023357 0.2041707 0.2041707 0.2059423 0.2093239 0.2093239 0.2124301 0.2124301 0.2150336 0.2160195 0.2167000 0.2170049 0.2170049 0.2135386 0.2117395 0.2102114 0.2088265 0.2074541 0.2059706 0.2042622 0.2022239 0.1997604 0.1967896 0.1932161 0.1888577 0.1832741 0.1750413 0.1750413 0.1588191 0.1500211 0.1477316 0.1468623 0.1468623 0.1418689 0.1418689 0.1335823 0.1335823 0.1293271 0.1222443 0.1222443 0.1197816 0.1197816 0.1241949 0.1241949 0.1241949 0.1253596 0.1253596 0.1246367 0.1246367 0.1230707 0.1230707 0.1211389 0.1211389 0.1192467
0.1918330 0.1918330 0.1983292 0.2022121 0.2039915 0.2039915 0.2056922 0.2088645 0.2088645 0.2116243 0.2116243 0.2136546 0.2142181 0.2143345 0.2138647 0.2138647 0.2082138 0.2058834 0.2040744 0.2025705 0.2011820 0.1997471 0.1981356 0.1962467 0.1940192 0.1914628 0.1886284 0.1855005 0.1817980 0.1763728 0.1763728 0.1660505 0.1616796 0.1622014 0.1596469 0.1596469 0.1512360 0.1512360 0.1406599 0.1406599 0.1356150 0.1268216 0.1268216 0.1212426 0.1212426 0.1212104 0.1212104 0.1212104 0.1220722 0.1220722 0.1219554 0.1219554 0.1210629 0.1210629 0.1197633 0.1197633 0.1184280
0.1917712 0.1917712 0.1982932 0.2020970 0.2038243 0.2038243 0.2054590 0.2084383 0.2084383 0.2108791 0.2108791 0.2123700 0.2125179 0.2120410 0.2106527 0.2106527 0.2019197 0.1989903 0.1969169 0.1953534 0.1940292 0.1927284 0.1912972 0.1896370 0.1877355 0.1857714 0.1840665 0.1828508 0.1819303 0.1801393 0.1801393 0.1759580 0.1757251 0.1753184 0.1700725 0.1700725 0.1586510 0.1586510 0.1464184 0.1464184 0.1408167 0.1309211 0.1309211 0.1234571 0.1234571 0.1194156 0.1194156 0.1194156 0.1191506 0.1191506 0.1191024 0.1191024 0.1187627 0.1187627 0.1181505 0.1181505 0.1174810
0.1918273 0.1918273 0.1982630 0.2019952 0.2036757 0.2036757 0.2052516 0.2080601 0.2080601 0.2102181 0.2102181 0.2112202 0.2109748 0.2099005 0.2074651 0.2074651 0.1942343 0.1906640 0.1883797 0.1868546 0.1857162 0.1846702 0.1835305 0.1821962 0.1807256 0.1796410 0.1797909 0.1816636 0.1847658 0.1875119 0.1875119 0.1889889 0.1900668 0.1850800 0.1786538 0.1786538 0.1645551 0.1645551 0.1509975 0.1509975 0.1449957 0.1343757 0.1343757 0.1257714 0.1257714 0.1186414 0.1186414 0.1186414 0.1169088 0.1169088 0.1164342 0.1164342 0.1163861 0.1163861 0.1164098 0.1164098 0.1164557
