cruce_test.gid/Rasters/Hydraulic/Depth____000163.asc
NCOLS        79
NROWS        79
XLLCENTER         -1.500000
YLLCENTER         -4.800000
CELLSIZE           0.100
NODATA_VALUE     -9999.0
[rows 0 to 25 of 79, columns 0 to 58 of 79]
-9999.000 -9999.000 -9999.000 -9999.000 -9999.000 -9999.000 -9999.000 -9999.000 -9999.000 -9999.000 -9999.000 -9999.000 -9999.000 -9999.000 -9999.000 0.6304470 0.6307046 0.6306698 0.6305660 0.6304112 0.6302159 0.6299924 0.6297631 0.6295314 0.6293060 0.6290930 0.6288887 0.6286619 0.6283142 0.6282654 0.6282654 -9999.000 -9999.000 -9999.000 -9999.000 -9999.000 -9999.000 -9999.000 -9999.000 -9999.000 -9999.000 -9999.000 -9999.000 -9999.000 -9999.000 -9999.000 -9999.000 -9999.000 -9999.000 -9999.000 -9999.000 -9999.000 -9999.000 -9999.000 -9999.000 -9999.000 -9999.000 -9999.000 -9999.000
-9999.000 -9999.000 -9999.000 -9999.000 -9999.000 -9999.000 -9999.000 -9999.000 -9999.000 -9999.000 -9999.000 -9999.000 -9999.000 -9999.000 -9999.000 0.6321896 0.6324494 0.6324196 0.6323352 0.6322114 0.6320570 0.6318815 0.6317037 0.6315256 0.6313540 0.6311942 0.6310424 0.6308707 0.6305905 0.6306140 0.6306140 -9999.000 -9999.000 -9999.000 -9999.000 -9999.000 -9999.000 -9999.000 -9999.000 -9999.000 -9999.000 -9999.000 -9999.000 -9999.000 -9999.000 -9999.000 -9999.000 -9999.000 -9999.000 -9999.000 -9999.000 -9999.000 -9999.000 -9999.000 -9999.000 -9999.000 -9999.000 -9999.000 -9999.000
-9999.000 -9999.000 -9999.000 -9999.000 -9999.000 -9999.000 -9999.000 -9999.000 -9999.000 -9999.000 -9999.000 -9999.000 -9999.000 -9999.000 -9999.000 0.6341307 0.6344170 0.6343923 0.6343135 0.6341963 0.6340492 0.6338822 0.6337142 0.6335465 0.6333855 0.6332356 0.6330917 0.6329235 0.6326365 0.6326559 0.6326559 -9999.000 -9999.000 -9999.000 -9999.000 -9999.000 -9999.000 -9999.000 -9999.000 -9999.000 -9999.000 -9999.000 -9999.000 -9999.000 -9999.000 -9999.000 -9999.000 -9999.000 -9999.000 -9999.000 -9999.000 -9999.000 -9999.000 -9999.000 -9999.000 -9999.000 -9999.000 -9999.000 -9999.000
-9999.000 -9999.000 -9999.000 -9999.000 -9999.000 -9999.000 -9999.000 -9999.000 -9999.000 -9999.000 -9999.000 -9999.000 -9999.000 -9999.000 -9999.000 0.6361163 0.6364185 0.6363955 0.6363178 0.6362014 0.6360552 0.6358890 0.6357225 0.6355564 0.6353972 0.6352489 0.6351057 0.6349347 0.6346352 0.6346345 0.6346345 -9999.000 -9999.000 -9999.000 -9999.000 -9999.000 -9999.000 -9999.000 -9999.000 -9999.000 -9999.000 -9999.000 -9999.000 -9999.000 -9999.000 -9999.000 -9999.000 -9999.000 -9999.000 -9999.000 -9999.000 -9999.000 -9999.000 -9999.000 -9999.000 -9999.000 -9999.000 -9999.000 -9999.000
-9999.000 -9999.000 -9999.000 -9999.000 -9999.000 -9999.000 -9999.000 -9999.000 -9999.000 -9999.000 -9999.000 -9999.000 -9999.000 -9999.000 -9999.000 0.6381215 0.6384349 0.6384116 0.6383325 0.6382141 0.6380651 0.6378956 0.6377265 0.6375578 0.6373961 0.6372454 0.6370990 0.6369218 0.6366049 0.6365707 0.6365707 -9999.000 -9999.000 -9999.000 -9999.000 -9999.000 -9999.000 -9999.000 -9999.000 -9999.000 -9999.000 -9999.000 -9999.000 -9999.000 -9999.000 -9999.000 -9999.000 -9999.000 -9999.000 -9999.000 -9999.000 -9999.000 -9999.000 -9999.000 -9999.000 -9999.000 -9999.000 -9999.000 -9999.000
-9999.000 -9999.000 -9999.000 -9999.000 -9999.000 -9999.000 -9999.000 -9999.000 -9999.000 -9999.000 -9999.000 -9999.000 -9999.000 -9999.000 -9999.000 0.6401340 0.6404563 0.6404316 0.6403499 0.6402277 0.6400741 0.6398993 0.6397253 0.6395517 0.6393852 0.6392300 0.6390784 0.6388924 0.6385540 0.6384727 0.6384727 -9999.000 -9999.000 -9999.000 -9999.000 -9999.000 -9999.000 -9999.000 -9999.000 -9999.000 -9999.000 -9999.000 -9999.000 -9999.000 -9999.000 -9999.000 -9999.000 -9999.000 -9999.000 -9999.000 -9999.000 -9999.000 -9999.000 -9999.000 -9999.000 -9999.000 -9999.000 -9999.000 -9999.000
-9999.000 -9999.000 -9999.000 -9999.000 -9999.000 -9999.000 -9999.000 -9999.000 -9999.000 -9999.000 -9999.000 -9999.000 -9999.000 -9999.000 -9999.000 0.6421472 0.6424775 0.6424507 0.6423656 0.6422387 0.6420793 0.6418980 0.6417181 0.6415383 0.6413658 0.6412047 0.6410466 0.6408498 0.6404854 0.6403414 0.6403414 -9999.000 -9999.000 -9999.000 -9999.000 -9999.000 -9999.000 -9999.000 -9999.000 -9999.000 -9999.000 -9999.000 -9999.000 -9999.000 -9999.000 -9999.000 -9999.000 -9999.000 -9999.000 -9999.000 -9999.000 -9999.000 -9999.000 -9999.000 -9999.000 -9999.000 -9999.000 -9999.000 -9999.000
-9999.000 -9999.000 -9999.000 -9999.000 -9999.000 -9999.000 -9999.000 -9999.000 -9999.000 -9999.000 -9999.000 -9999.000 -9999.000 -9999.000 -9999.000 0.6441573 0.6444955 0.6444660 0.6443770 0.6442448 0.6440790 0.6438903 0.6437036 0.6435168 0.6433375 0.6431698 0.6430041 0.6427947 0.6423993 0.6421728 0.6421728 -9999.000 -9999.000 -9999.000 -9999.000 -9999.000 -9999.000 -9999.000 -9999.000 -9999.000 -9999.000 -9999.000 -9999.000 -9999.000 -9999.000 -9999.000 -9999.000 -9999.000 -9999.000 -9999.000 -9999.000 -9999.000 -9999.000 -9999.000 -9999.000 -9999.000 -9999.000 -9999.000 -9999.000
-9999.000 -9999.000 -9999.000 -9999.000 -9999.000 -9999.000 -9999.000 -9999.000 -9999.000 -9999.000 -9999.000 -9999.000 -9999.000 -9999.000 -9999.000 0.6461617 0.6465083 0.6464757 0.6463822 0.6462443 0.6460713 0.6458746 0.6456809 0.6454865 0.6452996 0.6451246 0.6449504 0.6447263 0.6442941 0.6439588 0.6439588 -9999.000 -9999.000 -9999.000 -9999.000 -9999.000 -9999.000 -9999.000 -9999.000 -9999.000 -9999.000 -9999.000 -9999.000 -9999.000 -9999.000 -9999.000 -9999.000 -9999.000 -9999.000 -9999.000 -9999.000 -9999.000 -9999.000 -9999.000 -9999.000 -9999.000 -9999.000 -9999.000 -9999.000
-9999.000 -9999.000 -9999.000 -9999.000 -9999.000 -9999.000 -9999.000 -9999.000 -9999.000 -9999.000 -9999.000 -9999.000 -9999.000 -9999.000 -9999.000 0.6481583 0.6485140 0.6484779 0.6483794 0.6482353 0.6480547 0.6478494 0.6476481 0.6474456 0.6472505 0.6470676 0.6468840 0.6466427 0.6461666 0.6456865 0.6456865 -9999.000 -9999.000 -9999.000 -9999.000 -9999.000 -9999.000 -9999.000 -9999.000 -9999.000 -9999.000 -9999.000 -9999.000 -9999.000 -9999.000 -9999.000 -9999.000 -9999.000 -9999.000 -9999.000 -9999.000 -9999.000 -9999.000 -9999.000 -9999.000 -9999.000 -9999.000 -9999.000 -9999.000
-9999.000 -9999.000 -9999.000 -9999.000 -9999.000 -9999.000 -9999.000 -9999.000 -9999.000 -9999.000 -9999.000 -9999.000 -9999.000 -9999.000 -9999.000 0.6501445 0.6505107 0.6504704 0.6503667 0.6502159 0.6500270 0.6498125 0.6496032 0.6493919 0.6491883 0.6489968 0.6488025 0.6485411 0.6480121 0.6473365 0.6473365 -9999.000 -9999.000 -9999.000 -9999.000 -9999.000 -9999.000 -9999.000 -9999.000 -9999.000 -9999.000 -9999.000 -9999.000 -9999.000 -9999.000 -9999.000 -9999.000 -9999.000 -9999.000 -9999.000 -9999.000 -9999.000 -9999.000 -9999.000 -9999.000 -9999.000 -9999.000 -9999.000 -9999.000
-9999.000 -9999.000 -9999.000 -9999.000 -9999.000 -9999.000 -9999.000 -9999.000 -9999.000 -9999.000 -9999.000 -9999.000 -9999.000 -9999.000 -9999.000 0.6521173 0.6524960 0.6524510 0.6523414 0.6521834 0.6519856 0.6517611 0.6515434 0.6513227 0.6511096 0.6509088 0.6507024 0.6504169 0.6498237 0.6488792 0.6488792 -9999.000 -9999.000 -9999.000 -9999.000 -9999.000 -9999.000 -9999.000 -9999.000 -9999.000 -9999.000 -9999.000 -9999.000 -9999.000 -9999.000 -9999.000 -9999.000 -9999.000 -9999.000 -9999.000 -9999.000 -9999.000 -9999.000 -9999.000 -9999.000 -9999.000 -9999.000 -9999.000 -9999.000
-9999.000 -9999.000 -9999.000 -9999.000 -9999.000 -9999.000 -9999.000 -9999.000 -9999.000 -9999.000 -9999.000 -9999.000 -9999.000 -9999.000 -9999.000 0.6540725 0.6544662 0.6544160 0.6543000 0.6541340 0.6539267 0.6536914 0.6534647 0.6532336 0.6530102 0.6527988 0.6525781 0.6522633 0.6515910 0.6502684 0.6502684 -9999.000 -9999.000 -9999.000 -9999.000 -9999.000 -9999.000 -9999.000 -9999.000 -9999.000 -9999.000 -9999.000 -9999.000 -9999.000 -9999.000 -9999.000 -9999.000 -9999.000 -9999.000 -9999.000 -9999.000 -9999.000 -9999.000 -9999.000 -9999.000 -9999.000 -9999.000 -9999.000 -9999.000
-9999.000 -9999.000 -9999.000 -9999.000 -9999.000 -9999.000 -9999.000 -9999.000 -9999.000 -9999.000 -9999.000 -9999.000 -9999.000 -9999.000 -9999.000 0.6559913 0.6564092 0.6563565 0.6562361 0.6560636 0.6558469 0.6556001 0.6553637 0.6551207 0.6548850 0.6546609 0.6544225 0.6540707 0.6532989 0.6514327 0.6514327 -9999.000 -9999.000 -9999.000 -9999.000 -9999.000 -9999.000 -9999.000 -9999.000 -9999.000 -9999.000 -9999.000 -9999.000 -9999.000 -9999.000 -9999.000 -9999.000 -9999.000 -9999.000 -9999.000 -9999.000 -9999.000 -9999.000 -9999.000 -9999.000 -9999.000 -9999.000 -9999.000 -9999.000
-9999.000 -9999.000 -9999.000 -9999.000 -9999.000 -9999.000 -9999.000 -9999.000 -9999.000 -9999.000 -9999.000 -9999.000 -9999.000 -9999.000 -9999.000 0.6552232 0.6576012 0.6583080 0.6584326 0.6584074 0.6582571 0.6580111 0.6577355 0.6574249 0.6571077 0.6567984 0.6564696 0.6559942 0.6549700 0.6516693 0.6516693 -9999.000 -9999.000 -9999.000 -9999.000 -9999.000 -9999.000 -9999.000 -9999.000 -9999.000 -9999.000 -9999.000 -9999.000 -9999.000 -9999.000 -9999.000 -9999.000 -9999.000 -9999.000 -9999.000 -9999.000 -9999.000 -9999.000 -9999.000 -9999.000 -9999.000 -9999.000 -9999.000 -9999.000
0.7332514 0.7332514 0.7175914 0.7019667 0.6980972 0.6980972 0.6948413 0.6893800 0.6893800 0.6847996 0.6847996 0.6808119 0.6789877 0.6772573 0.6756089 0.6756089 0.6611143 0.6601810 0.6602218 0.6607234 0.6616450 0.6629466 0.6649626 0.6671084 0.6693368 0.6714998 0.6730798 0.6726617 0.6663918 0.6392733 0.6392733 0.4487669 0.4163104 0.3972484 0.3907181 0.3907181 0.3803774 0.3803774 0.3825268 0.3825268 0.3923689 0.4361850 0.4361850 0.5326793 0.5326793 0.5728960 0.5728960 0.5728960 0.5727232 0.5727232 0.5633727 0.5633727 0.5507482 0.5507482 0.5375619 0.5375619 0.5254234 0.5254234 0.5254234
0.7312536 0.7312536 0.7150952 0.7009681 0.6971010 0.6971010 0.6938478 0.6883983 0.6883983 0.6838337 0.6838337 0.6798618 0.6780452 0.6763221 0.6746808 0.6746808 0.6624575 0.6589875 0.6557239 0.6526757 0.6500443 0.6480409 0.6469496 0.6466647 0.6471822 0.6484378 0.6501797 0.6517602 0.6515778 0.6408602 0.6408602 0.5114772 0.4622438 0.4139300 0.4004015 0.4004015 0.3848189 0.3848189 0.3861594 0.3861594 0.3953465 0.4336533 0.4336533 0.5072700 0.5072700 0.5703038 0.5703038 0.5703038 0.5724482 0.5724482 0.5636121 0.5636121 0.5510964 0.5510964 0.5380273 0.5380273 0.5259449 0.5259449 0.5259449
0.7301255 0.7301255 0.7140337 0.7009745 0.6971008 0.6971008 0.6938343 0.6883677 0.6883677 0.6837966 0.6837966 0.6798201 0.6780009 0.6762754 0.6746315 0.6746315 0.6633957 0.6576035 0.6515916 0.6457703 0.6404954 0.6360301 0.6326283 0.6302996 0.6290457 0.6288350 0.6295086 0.6305944 0.6308360 0.6243438 0.6243438 0.5422220 0.4913230 0.4303488 0.4120813 0.4120813 0.3933049 0.3933049 0.3980636 0.3980636 0.4091752 0.4445236 0.4445236 0.4982299 0.4982299 0.5633644 0.5633644 0.5633644 0.5696657 0.5696657 0.5625583 0.5625583 0.5506611 0.5506611 0.5378606 0.5378606 0.5259327 0.5259327 0.5259327
0.7292151 0.7292151 0.7131903 0.7009934 0.6971259 0.6971259 0.6938482 0.6883669 0.6883669 0.6837943 0.6837943 0.6798192 0.6780006 0.6762753 0.6746316 0.6746316 0.6636733 0.6557201 0.6471016 0.6386518 0.6309069 0.6241967 0.6187601 0.6146526 0.6118651 0.6103500 0.6099744 0.6103806 0.6106135 0.6064402 0.6064402 0.5544382 0.5093828 0.4462660 0.4263906 0.4263906 0.4093987 0.4093987 0.4208486 0.4208486 0.4336396 0.4626577 0.4626577 0.4962738 0.4962738 0.5515718 0.5515718 0.5515718 0.5624832 0.5624832 0.5586990 0.5586990 0.5484965 0.5484965 0.5365692 0.5365692 0.5252228 0.5252228 0.5252228
0.7285150 0.7285150 0.7125447 0.7010074 0.6971518 0.6971518 0.6938640 0.6883669 0.6883669 0.6837924 0.6837924 0.6798190 0.6780012 0.6762761 0.6746326 0.6746326 0.6630244 0.6529567 0.6418389 0.6308624 0.6207227 0.6118174 0.6043950 0.5985486 0.5942794 0.5915334 0.5901841 0.5899386 0.5900604 0.5875387 0.5875387 0.5545896 0.5178300 0.4600196 0.4426405 0.4426405 0.4352336 0.4352336 0.4542805 0.4542805 0.4659297 0.4833907 0.4833907 0.4983466 0.4983466 0.5374922 0.5374922 0.5374922 0.5514040 0.5514040 0.5518271 0.5518271 0.5444545 0.5444545 0.5342077 0.5342077 0.5239915 0.5239915 0.5239915
0.7280198 0.7280198 0.7120885 0.7010164 0.6971738 0.6971738 0.6938782 0.6883672 0.6883672 0.6837908 0.6837908 0.6798189 0.6780016 0.6762767 0.6746334 0.6746334 0.6612161 0.6489369 0.6353945 0.6220192 0.6096077 0.5986013 0.5892578 0.5816957 0.5759381 0.5719427 0.5695992 0.5686683 0.5685821 0.5672281 0.5672281 0.5467390 0.5187379 0.4728239 0.4631432 0.4631432 0.4724895 0.4724895 0.4938025 0.4938025 0.5000944 0.5028174 0.5028174 0.5026053 0.5026053 0.5241699 0.5241699 0.5241699 0.5381454 0.5381454 0.5423278 0.5423278 0.5384851 0.5384851 0.5307113 0.5307113 0.5222477 0.5222477 0.5222477
0.7277246 0.7277246 0.7118167 0.7010210 0.6971884 0.6971884 0.6938879 0.6883675 0.6883675 0.6837897 0.6837897 0.6798187 0.6780018 0.6762772 0.6746338 0.6746338 0.6579823 0.6432625 0.6273173 0.6116760 0.5971588 0.5842099 0.5730797 0.5638935 0.5566900 0.5514449 0.5480728 0.5463872 0.5459648 0.5453807 0.5453807 0.5333304 0.5142000 0.4889339 0.4931428 0.4931428 0.5193454 0.5193454 0.5319535 0.5319535 0.5301676 0.5191262 0.5191262 0.5080059 0.5080059 0.5135913 0.5135913 0.5135913 0.5246925 0.5246925 0.5310637 0.5310637 0.5307460 0.5307460 0.5260336 0.5260336 0.5199479 0.5199479 0.5199479
0.7276266 0.7276266 0.7117264 0.7010224 0.6971936 0.6971936 0.6938913 0.6883676 0.6883676 0.6837893 0.6837893 0.6798187 0.6780018 0.6762773 0.6746340 0.6746340 0.6529606 0.6354648 0.6170859 0.5993060 0.5828823 0.5682105 0.5555041 0.5448707 0.5363489 0.5299264 0.5255421 0.5230604 0.5221912 0.5221028 0.5221028 0.5162260 0.5070150 0.5158895 0.5376819 0.5376819 0.5678848 0.5678848 0.5626445 0.5626445 0.5533516 0.5323299 0.5323299 0.5139650 0.5139650 0.5064096 0.5064096 0.5064096 0.5126424 0.5126424 0.5191650 0.5191650 0.5216656 0.5216656 0.5202506 0.5202506 0.5170758 0.5170758 0.5170758
0.7277246 0.7277246 0.7118167 0.7010210 0.6971884 0.6971884 0.6938878 0.6883675 0.6883675 0.6837897 0.6837897 0.6798187 0.6780017 0.6762772 0.6746339 0.6746339 0.6456215 0.6249365 0.6040593 0.5842733 0.5661799 0.5500671 0.5360729 0.5242586 0.5146412 0.5072064 0.5019096 0.4986603 0.4973111 0.4977177 0.4977177 0.4976472 0.5025037 0.5613157 0.5944192 0.5944192 0.6076585 0.6076585 0.5844259 0.5844259 0.5702663 0.5431727 0.5431727 0.5200900 0.5200900 0.5023323 0.5023323 0.5023323 0.5029072 0.5029072 0.5077590 0.5077590 0.5119140 0.5119140 0.5136208 0.5136208 0.5136963 0.5136963 0.5136963
0.7280198 0.7280198 0.7120885 0.7010163 0.6971739 0.6971739 0.6938781 0.6883672 0.6883672 0.6837909 0.6837909 0.6798189 0.6780016 0.6762767 0.6746333 0.6746333 0.6351585 0.6108308 0.5873992 0.5657799 0.5463165 0.5291218 0.5142154 0.5015807 0.4911896 0.4830090 0.4769981 0.4731064 0.4714020 0.4730277 0.4730277 0.4819967 0.5115733 0.6233344 0.6493869 0.6493869 0.6337309 0.6337309 0.5993867 0.5993867 0.5827818 0.5522192 0.5522192 0.5259869 0.5259869 0.5006028 0.5006028 0.5006028 0.4957181 0.4957181 0.4977283 0.4977283 0.5022910 0.5022910 0.5065911 0.5065911 0.5099859 0.5099859 0.5099859
0.7285150 0.7285150 0.7125447 0.7010074 0.6971518 0.6971518 0.6938639 0.6883669 0.6883669 0.6837925 0.6837925 0.6798190 0.6780012 0.6762761 0.6746325 0.6746325 0.6202940 0.5918949 0.5659426 0.5427755 0.5223588 0.5045567 0.4892237 0.4762360 0.4654989 0.4569445 0.4505229 0.4462346 0.4446808 0.4505582 0.4505582 0.4801232 0.5503977 0.6835272 0.6863531 0.6863531 0.6489044 0.6489044 0.6099766 0.6099766 0.5923357 0.5596842 0.5596842 0.5312989 0.5312989 0.5003981 0.5003981 0.5003981 0.4908429 0.4908429 0.4895988 0.4895988 0.4935894 0.4935894 0.4997576 0.4997576 0.5062457 0.5062457 0.5062457
