cruce_test.gid/Rasters/Hydraulic/Depth____000265.asc
NCOLS        79
NROWS        79
XLLCENTER         -1.500000
YLLCENTER         -4.800000
CELLSIZE           0.100
NODATA_VALUE     -9999.0
[rows 0 to 25 of 79, columns 0 to 58 of 79]
-9999.000 -9999.000 -9999.000 -9999.000 -9999.000 -9999.000 -9999.000 -9999.000 -9999.000 -9999.000 -9999.000 -9999.000 -9999.000 -9999.000 -9999.000 0.7283218 0.7288281 0.7290122 0.7289877 0.7287914 0.7285193 0.7282155 0.7278997 0.7276011 0.7273170 0.7270541 0.7268111 0.7265581 0.7261852 0.7261487 0.7261487 -9999.000 -9999.000 -9999.000 -9999.000 -9999.000 -9999.000 -9999.000 -9999.000 -9999.000 -9999.000 -9999.000 -9999.000 -9999.000 -9999.000 -9999.000 -9999.000 -9999.000 -9999.000 -9999.000 -9999.000 -9999.000 -9999.000 -9999.000 -9999.000 -9999.000 -9999.000 -9999.000 -9999.000
-9999.000 -9999.000 -9999.000 -9999.000 -9999.000 -9999.000 -9999.000 -9999.000 -9999.000 -9999.000 -9999.000 -9999.000 -9999.000 -9999.000 -9999.000 0.7301150 0.7305769 0.7307267 0.7307052 0.7305458 0.7303299 0.7300934 0.7298509 0.7296259 0.7294143 0.7292209 0.7290437 0.7288556 0.7285587 0.7286087 0.7286087 -9999.000 -9999.000 -9999.000 -9999.000 -9999.000 -9999.000 -9999.000 -9999.000 -9999.000 -9999.000 -9999.000 -9999.000 -9999.000 -9999.000 -9999.000 -9999.000 -9999.000 -9999.000 -9999.000 -9999.000 -9999.000 -9999.000 -9999.000 -9999.000 -9999.000 -9999.000 -9999.000 -9999.000
-9999.000 -9999.000 -9999.000 -9999.000 -9999.000 -9999.000 -9999.000 -9999.000 -9999.000 -9999.000 -9999.000 -9999.000 -9999.000 -9999.000 -9999.000 0.7320247 0.7325224 0.7326835 0.7326700 0.7325161 0.7323061 0.7320769 0.7318429 0.7316279 0.7314265 0.7312428 0.7310736 0.7308893 0.7305863 0.7306323 0.7306323 -9999.000 -9999.000 -9999.000 -9999.000 -9999.000 -9999.000 -9999.000 -9999.000 -9999.000 -9999.000 -9999.000 -9999.000 -9999.000 -9999.000 -9999.000 -9999.000 -9999.000 -9999.000 -9999.000 -9999.000 -9999.000 -9999.000 -9999.000 -9999.000 -9999.000 -9999.000 -9999.000 -9999.000
-9999.000 -9999.000 -9999.000 -9999.000 -9999.000 -9999.000 -9999.000 -9999.000 -9999.000 -9999.000 -9999.000 -9999.000 -9999.000 -9999.000 -9999.000 0.7339855 0.7345060 0.7346731 0.7346615 0.7345064 0.7342953 0.7340654 0.7338311 0.7336171 0.7334165 0.7332336 0.7330645 0.7328775 0.7325622 0.7325867 0.7325867 -9999.000 -9999.000 -9999.000 -9999.000 -9999.000 -9999.000 -9999.000 -9999.000 -9999.000 -9999.000 -9999.000 -9999.000 -9999.000 -9999.000 -9999.000 -9999.000 -9999.000 -9999.000 -9999.000 -9999.000 -9999.000 -9999.000 -9999.000 -9999.000 -9999.000 -9999.000 -9999.000 -9999.000
-9999.000 -9999.000 -9999.000 -9999.000 -9999.000 -9999.000 -9999.000 -9999.000 -9999.000 -9999.000 -9999.000 -9999.000 -9999.000 -9999.000 -9999.000 0.7359663 0.7365041 0.7366747 0.7366621 0.7365025 0.7362868 0.7360525 0.7358137 0.7355968 0.7353929 0.7352068 0.7350342 0.7348409 0.7345084 0.7344972 0.7344972 -9999.000 -9999.000 -9999.000 -9999.000 -9999.000 -9999.000 -9999.000 -9999.000 -9999.000 -9999.000 -9999.000 -9999.000 -9999.000 -9999.000 -9999.000 -9999.000 -9999.000 -9999.000 -9999.000 -9999.000 -9999.000 -9999.000 -9999.000 -9999.000 -9999.000 -9999.000 -9999.000 -9999.000
-9999.000 -9999.000 -9999.000 -9999.000 -9999.000 -9999.000 -9999.000 -9999.000 -9999.000 -9999.000 -9999.000 -9999.000 -9999.000 -9999.000 -9999.000 0.7379533 0.7385061 0.7386786 0.7386633 0.7384973 0.7382752 0.7380347 0.7377899 0.7375681 0.7373589 0.7371679 0.7369899 0.7367879 0.7364338 0.7363732 0.7363732 -9999.000 -9999.000 -9999.000 -9999.000 -9999.000 -9999.000 -9999.000 -9999.000 -9999.000 -9999.000 -9999.000 -9999.000 -9999.000 -9999.000 -9999.000 -9999.000 -9999.000 -9999.000 -9999.000 -9999.000 -9999.000 -9999.000 -9999.000 -9999.000 -9999.000 -9999.000 -9999.000 -9999.000
-9999.000 -9999.000 -9999.000 -9999.000 -9999.000 -9999.000 -9999.000 -9999.000 -9999.000 -9999.000 -9999.000 -9999.000 -9999.000 -9999.000 -9999.000 0.7399406 0.7405070 0.7406800 0.7406608 0.7404872 0.7402578 0.7400104 0.7397584 0.7395312 0.7393156 0.7391185 0.7389339 0.7387214 0.7383413 0.7382153 0.7382153 -9999.000 -9999.000 -9999.000 -9999.000 -9999.000 -9999.000 -9999.000 -9999.000 -9999.000 -9999.000 -9999.000 -9999.000 -9999.000 -9999.000 -9999.000 -9999.000 -9999.000 -9999.000 -9999.000 -9999.000 -9999.000 -9999.000 -9999.000 -9999.000 -9999.000 -9999.000 -9999.000 -9999.000
-9999.000 -9999.000 -9999.000 -9999.000 -9999.000 -9999.000 -9999.000 -9999.000 -9999.000 -9999.000 -9999.000 -9999.000 -9999.000 -9999.000 -9999.000 0.7419249 0.7425042 0.7426764 0.7426522 0.7424698 0.7422326 0.7419779 0.7417182 0.7414853 0.7412627 0.7410589 0.7408668 0.7406421 0.7402309 0.7400188 0.7400188 -9999.000 -9999.000 -9999.000 -9999.000 -9999.000 -9999.000 -9999.000 -9999.000 -9999.000 -9999.000 -9999.000 -9999.000 -9999.000 -9999.000 -9999.000 -9999.000 -9999.000 -9999.000 -9999.000 -9999.000 -9999.000 -9999.000 -9999.000 -9999.000 -9999.000 -9999.000 -9999.000 -9999.000
-9999.000 -9999.000 -9999.000 -9999.000 -9999.000 -9999.000 -9999.000 -9999.000 -9999.000 -9999.000 -9999.000 -9999.000 -9999.000 -9999.000 -9999.000 0.7439044 0.7444960 0.7446660 0.7446356 0.7444435 0.7441980 0.7439355 0.7436677 0.7434292 0.7431991 0.7429879 0.7427876 0.7425486 0.7421003 0.7417752 0.7417752 -9999.000 -9999.000 -9999.000 -9999.000 -9999.000 -9999.000 -9999.000 -9999.000 -9999.000 -9999.000 -9999.000 -9999.000 -9999.000 -9999.000 -9999.000 -9999.000 -9999.000 -9999.000 -9999.000 -9999.000 -9999.000 -9999.000 -9999.000 -9999.000 -9999.000 -9999.000 -9999.000 -9999.000
-9999.000 -9999.000 -9999.000 -9999.000 -9999.000 -9999.000 -9999.000 -9999.000 -9999.000 -9999.000 -9999.000 -9999.000 -9999.000 -9999.000 -9999.000 0.7458773 0.7464809 0.7466473 0.7466094 0.7464064 0.7461520 0.7458814 0.7456052 0.7453610 0.7451228 0.7449039 0.7446945 0.7444390 0.7439463 0.7434713 0.7434713 -9999.000 -9999.000 -9999.000 -9999.000 -9999.000 -9999.000 -9999.000 -9999.000 -9999.000 -9999.000 -9999.000 -9999.000 -9999.000 -9999.000 -9999.000 -9999.000 -9999.000 -9999.000 -9999.000 -9999.000 -9999.000 -9999.000 -9999.000 -9999.000 -9999.000 -9999.000 -9999.000 -9999.000
-9999.000 -9999.000 -9999.000 -9999.000 -9999.000 -9999.000 -9999.000 -9999.000 -9999.000 -9999.000 -9999.000 -9999.000 -9999.000 -9999.000 -9999.000 0.7478419 0.7484572 0.7486185 0.7485718 0.7483563 0.7480925 0.7478135 0.7475285 0.7472787 0.7470318 0.7468045 0.7465850 0.7463101 0.7457640 0.7450874 0.7450874 -9999.000 -9999.000 -9999.000 -9999.000 -9999.000 -9999.000 -9999.000 -9999.000 -9999.000 -9999.000 -9999.000 -9999.000 -9999.000 -9999.000 -9999.000 -9999.000 -9999.000 -9999.000 -9999.000 -9999.000 -9999.000 -9999.000 -9999.000 -9999.000 -9999.000 -9999.000 -9999.000 -9999.000
-9999.000 -9999.000 -9999.000 -9999.000 -9999.000 -9999.000 -9999.000 -9999.000 -9999.000 -9999.000 -9999.000 -9999.000 -9999.000 -9999.000 -9999.000 0.7497955 0.7504227 0.7505770 0.7505198 0.7502905 0.7500167 0.7497289 0.7494345 0.7491794 0.7489228 0.7486863 0.7484553 0.7481571 0.7475463 0.7465947 0.7465947 -9999.000 -9999.000 -9999.000 -9999.000 -9999.000 -9999.000 -9999.000 -9999.000 -9999.000 -9999.000 -9999.000 -9999.000 -9999.000 -9999.000 -9999.000 -9999.000 -9999.000 -9999.000 -9999.000 -9999.000 -9999.000 -9999.000 -9999.000 -9999.000 -9999.000 -9999.000 -9999.000 -9999.000
-9999.000 -9999.000 -9999.000 -9999.000 -9999.000 -9999.000 -9999.000 -9999.000 -9999.000 -9999.000 -9999.000 -9999.000 -9999.000 -9999.000 -9999.000 0.7517326 0.7523727 0.7525186 0.7524499 0.7522053 0.7519210 0.7516240 0.7513196 0.7510594 0.7507918 0.7505450 0.7503004 0.7499740 0.7492835 0.7479482 0.7479482 -9999.000 -9999.000 -9999.000 -9999.000 -9999.000 -9999.000 -9999.000 -9999.000 -9999.000 -9999.000 -9999.000 -9999.000 -9999.000 -9999.000 -9999.000 -9999.000 -9999.000 -9999.000 -9999.000 -9999.000 -9999.000 -9999.000 -9999.000 -9999.000 -9999.000 -9999.000 -9999.000 -9999.000
-9999.000 -9999.000 -9999.000 -9999.000 -9999.000 -9999.000 -9999.000 -9999.000 -9999.000 -9999.000 -9999.000 -9999.000 -9999.000 -9999.000 -9999.000 0.7534870 0.7541856 0.7543799 0.7543675 0.7541317 0.7538388 0.7535315 0.7532132 0.7529440 0.7526595 0.7523969 0.7521328 0.7517686 0.7509764 0.7490962 0.7490962 -9999.000 -9999.000 -9999.000 -9999.000 -9999.000 -9999.000 -9999.000 -9999.000 -9999.000 -9999.000 -9999.000 -9999.000 -9999.000 -9999.000 -9999.000 -9999.000 -9999.000 -9999.000 -9999.000 -9999.000 -9999.000 -9999.000 -9999.000 -9999.000 -9999.000 -9999.000 -9999.000 -9999.000
-9999.000 -9999.000 -9999.000 -9999.000 -9999.000 -9999.000 -9999.000 -9999.000 -9999.000 -9999.000 -9999.000 -9999.000 -9999.000 -9999.000 -9999.000 0.7445579 0.7523074 0.7564225 0.7586597 0.7587586 0.7580413 0.7573063 0.7565833 0.7559667 0.7553768 0.7548595 0.7543788 0.7537984 0.7526795 0.7492711 0.7492711 -9999.000 -9999.000 -9999.000 -9999.000 -9999.000 -9999.000 -9999.000 -9999.000 -9999.000 -9999.000 -9999.000 -9999.000 -9999.000 -9999.000 -9999.000 -9999.000 -9999.000 -9999.000 -9999.000 -9999.000 -9999.000 -9999.000 -9999.000 -9999.000 -9999.000 -9999.000 -9999.000 -9999.000
0.8404432 0.8404432 0.8361315 0.8259352 0.8178778 0.8178778 0.8143688 0.8088735 0.8088735 0.8044357 0.8044357 0.8007616 0.7991380 0.7976252 0.7961284 0.7961284 0.7597579 0.7583531 0.7569056 0.7565968 0.7579084 0.7596849 0.7617925 0.7648240 0.7675512 0.7702601 0.7724580 0.7727110 0.7667931 0.7381864 0.7381864 0.5236424 0.4851027 0.4610142 0.4528337 0.4528337 0.4394676 0.4394676 0.4391673 0.4391673 0.4486125 0.4943888 0.4943888 0.5871572 0.5871572 0.6619136 0.6619136 0.6619136 0.6651631 0.6651631 0.6555402 0.6555402 0.6410658 0.6410658 0.6256161 0.6256161 0.6111730 0.6111730 0.6111730
0.8375604 0.8375604 0.8347974 0.8240117 0.8170543 0.8170543 0.8133287 0.8077563 0.8077563 0.8033338 0.8033338 0.7996765 0.7980606 0.7965549 0.7950663 0.7950663 0.7637013 0.7576437 0.7523835 0.7480491 0.7449039 0.7426237 0.7412177 0.7409863 0.7415450 0.7429489 0.7449867 0.7470065 0.7472029 0.7379427 0.7379427 0.5932980 0.5371441 0.4806317 0.4644302 0.4644302 0.4448577 0.4448577 0.4438229 0.4438229 0.4527814 0.4933911 0.4933911 0.5672019 0.5672019 0.6562486 0.6562486 0.6562486 0.6639757 0.6639757 0.6555596 0.6555596 0.6414633 0.6414633 0.6262222 0.6262222 0.6118635 0.6118635 0.6118635
0.8361964 0.8361964 0.8340477 0.8236118 0.8172929 0.8172929 0.8134062 0.8077149 0.8077149 0.8032855 0.8032855 0.7996281 0.7980102 0.7965021 0.7950007 0.7950007 0.7667534 0.7568406 0.7479347 0.7401412 0.7337127 0.7285441 0.7245888 0.7219962 0.7205772 0.7203084 0.7210654 0.7223984 0.7229518 0.7173145 0.7173145 0.6271273 0.5694616 0.4991631 0.4776213 0.4776213 0.4542223 0.4542223 0.4572760 0.4572760 0.4689396 0.5079486 0.5079486 0.5636830 0.5636830 0.6461779 0.6461779 0.6461779 0.6593102 0.6593102 0.6536729 0.6536729 0.6406896 0.6406896 0.6258901 0.6258901 0.6117689 0.6117689 0.6117689
0.8353273 0.8353273 0.8329842 0.8233906 0.8175074 0.8175074 0.8135107 0.8077043 0.8077043 0.8032746 0.8032746 0.7996258 0.7980093 0.7965016 0.7949815 0.7949815 0.7687809 0.7556403 0.7432775 0.7321484 0.7225979 0.7146806 0.7083692 0.7037113 0.7005736 0.6988628 0.6984450 0.6989763 0.6994504 0.6959617 0.6959617 0.6395311 0.5890141 0.5167335 0.4933341 0.4933341 0.4717287 0.4717287 0.4830725 0.4830725 0.4975283 0.5311142 0.5311142 0.5666503 0.5666503 0.6315633 0.6315633 0.6315633 0.6493152 0.6493152 0.6481444 0.6481444 0.6376543 0.6376543 0.6241378 0.6241378 0.6108122 0.6108122 0.6108122
0.8349425 0.8349425 0.8316076 0.8233117 0.8176904 0.8176904 0.8136066 0.8076892 0.8076892 0.8032561 0.8032561 0.7996154 0.7980004 0.7964938 0.7949447 0.7949447 0.7693699 0.7534397 0.7379045 0.7236160 0.7110521 0.7003991 0.6916941 0.6849577 0.6800939 0.6769820 0.6754656 0.6752462 0.6755543 0.6735948 0.6735948 0.6383439 0.5975558 0.5314479 0.5106696 0.5106696 0.4999186 0.4999186 0.5215644 0.5215644 0.5357525 0.5572366 0.5572366 0.5727737 0.5727737 0.6155143 0.6155143 0.6155143 0.6350873 0.6350873 0.6388996 0.6388996 0.6321905 0.6321905 0.6209758 0.6209758 0.6091486 0.6091486 0.6091486
0.8352018 0.8352018 0.8297802 0.8233292 0.8178421 0.8178421 0.8136901 0.8076859 0.8076859 0.8032539 0.8032539 0.7996226 0.7980093 0.7965026 0.7949090 0.7949090 0.7682343 0.7497104 0.7312635 0.7140505 0.6986635 0.6853829 0.6743099 0.6654764 0.6588231 0.6542377 0.6515641 0.6505395 0.6505678 0.6496733 0.6496733 0.6281456 0.5974104 0.5444815 0.5320786 0.5320786 0.5413502 0.5413502 0.5680707 0.5680707 0.5767648 0.5814254 0.5814254 0.5801058 0.5801058 0.6011822 0.6011822 0.6011822 0.6189503 0.6189503 0.6266440 0.6266440 0.6243104 0.6243104 0.6163171 0.6163171 0.6067592 0.6067592 0.6067592
0.8353637 0.8353637 0.8286705 0.8233657 0.8179395 0.8179395 0.8137428 0.8076802 0.8076802 0.8032473 0.8032473 0.7996216 0.7980095 0.7965031 0.7948470 0.7948470 0.7650715 0.7439271 0.7227566 0.7028714 0.6849196 0.6692253 0.6559294 0.6450809 0.6366500 0.6305493 0.6266422 0.6247080 0.6242946 0.6240601 0.6240601 0.6116890 0.5908679 0.5603070 0.5636114 0.5636114 0.5950425 0.5950425 0.6138103 0.6138103 0.6131421 0.6013936 0.6013936 0.5877753 0.5877753 0.5903734 0.5903734 0.5903734 0.6032666 0.6032666 0.6126099 0.6126099 0.6143152 0.6143152 0.6101310 0.6101310 0.6035812 0.6035812 0.6035812
0.8353819 0.8353819 0.8283381 0.8233796 0.8179722 0.8179722 0.8137609 0.8076783 0.8076783 0.8032450 0.8032450 0.7996212 0.7980095 0.7965032 0.7947598 0.7947598 0.7595109 0.7355316 0.7117331 0.6894142 0.6691959 0.6513868 0.6361262 0.6234636 0.6133834 0.6058213 0.6006691 0.5977532 0.5967541 0.5968924 0.5968924 0.5910581 0.5808916 0.5873730 0.6120836 0.6120836 0.6525642 0.6525642 0.6509541 0.6509541 0.6410626 0.6172031 0.6172031 0.5954424 0.5954424 0.5834560 0.5834560 0.5834560 0.5897334 0.5897334 0.5982386 0.5982386 0.6028352 0.6028352 0.6025593 0.6025593 0.5996036 0.5996036 0.5996036
0.8353638 0.8353638 0.8286699 0.8233656 0.8179393 0.8179393 0.8137427 0.8076802 0.8076802 0.8032473 0.8032473 0.7996216 0.7980095 0.7965032 0.7946388 0.7946388 0.7509949 0.7238213 0.6974174 0.6728951 0.6507487 0.6312011 0.6143404 0.6001845 0.5887104 0.5798631 0.5735595 0.5696735 0.5680318 0.5685413 0.5685413 0.5686577 0.5730152 0.6355433 0.6769380 0.6769380 0.7010474 0.7010474 0.6771132 0.6771132 0.6610702 0.6299156 0.6299156 0.6029266 0.6029266 0.5798957 0.5798957 0.5798957 0.5791721 0.5791721 0.5848446 0.5848446 0.5907552 0.5907552 0.5939772 0.5939772 0.5949330 0.5949330 0.5949330
0.8352019 0.8352019 0.8297790 0.8233291 0.8178418 0.8178418 0.8136898 0.8076858 0.8076858 0.8032539 0.8032539 0.7996228 0.7980093 0.7965027 0.7944704 0.7944704 0.7386515 0.7078297 0.6788192 0.6523539 0.6286818 0.6078616 0.5898728 0.5746661 0.5621819 0.5523574 0.5451213 0.5403952 0.5382333 0.5398929 0.5398929 0.5491171 0.5788457 0.7055967 0.7433612 0.7433612 0.7330604 0.7330604 0.6946680 0.6946680 0.6755247 0.6403868 0.6403868 0.6099497 0.6099497 0.5787649 0.5787649 0.5787649 0.5716328 0.5716328 0.5733609 0.5733609 0.5790760 0.5790760 0.5849847 0.5849847 0.5898240 0.5898240 0.5898240
0.8349428 0.8349428 0.8316059 0.8233114 0.8176898 0.8176898 0.8136062 0.8076891 0.8076891 0.8032560 0.8032560 0.7996156 0.7980005 0.7964939 0.7942305 0.7942305 0.7210592 0.6861238 0.6545804 0.6265453 0.6018766 0.5803778 0.5618630 0.5461773 0.5331998 0.5228395 0.5150239 0.5097361 0.5075976 0.5137040 0.5137040 0.5439414 0.6169861 0.7787181 0.7904669 0.7904669 0.7511505 0.7511505 0.7067832 0.7067832 0.6863310 0.6489972 0.6489972 0.6161946 0.6161946 0.5791366 0.5791366 0.5791366 0.5667012 0.5667012 0.5642625 0.5642625 0.5686960 0.5686960 0.5763380 0.5763380 0.5846944 0.5846944 0.5846944
