cruce_test.gid/Rasters/Hydraulic/Depth____000062.asc
NCOLS        79
NROWS        79
XLLCENTER         -1.500000
YLLCENTER         -4.800000
CELLSIZE           0.100
NODATA_VALUE     -9999.0
[rows 0 to 25 of 79, columns 0 to 57 of 79]
-9999.000 -9999.000 -9999.000 -9999.000 -9999.000 -9999.000 -9999.000 -9999.000 -9999.000 -9999.000 -9999.000 -9999.000 -9999.000 -9999.000 -9999.000 0.2753004 0.2754320 0.2753488 0.2752087 0.2750268 0.2748083 0.2745574 0.2742777 0.2739737 0.2736511 0.2733172 0.2729813 0.2726563 0.2723737 0.2726693 0.2726693 -9999.000 -9999.000 -9999.000 -9999.000 -9999.000 -9999.000 -9999.000 -9999.000 -9999.000 -9999.000 -9999.000 -9999.000 -9999.000 -9999.000 -9999.000 -9999.000 -9999.000 -9999.000 -9999.000 -9999.000 -9999.000 -9999.000 -9999.000 -9999.000 -9999.000 -9999.000 -9999.000
-9999.000 -9999.000 -9999.000 -9999.000 -9999.000 -9999.000 -9999.000 -9999.000 -9999.000 -9999.000 -9999.000 -9999.000 -9999.000 -9999.000 -9999.000 0.2771990 0.2773532 0.2772705 0.2771385 0.2769698 0.2767689 0.2765394 0.2762853 0.2760113 0.2757230 0.2754268 0.2751299 0.2748393 0.2745751 0.2748528 0.2748528 -9999.000 -9999.000 -9999.000 -9999.000 -9999.000 -9999.000 -9999.000 -9999.000 -9999.000 -9999.000 -9999.000 -9999.000 -9999.000 -9999.000 -9999.000 -9999.000 -9999.000 -9999.000 -9999.000 -9999.000 -9999.000 -9999.000 -9999.000 -9999.000 -9999.000 -9999.000 -9999.000
-9999.000 -9999.000 -9999.000 -9999.000 -9999.000 -9999.000 -9999.000 -9999.000 -9999.000 -9999.000 -9999.000 -9999.000 -9999.000 -9999.000 -9999.000 0.2792201 0.2794186 0.2793364 0.2792050 0.2790384 0.2788410 0.2786161 0.2783669 0.2780969 0.2778107 0.2775129 0.2772088 0.2769037 0.2766185 0.2769338 0.2769338 -9999.000 -9999.000 -9999.000 -9999.000 -9999.000 -9999.000 -9999.000 -9999.000 -9999.000 -9999.000 -9999.000 -9999.000 -9999.000 -9999.000 -9999.000 -9999.000 -9999.000 -9999.000 -9999.000 -9999.000 -9999.000 -9999.000 -9999.000 -9999.000 -9999.000 -9999.000 -9999.000
-9999.000 -9999.000 -9999.000 -9999.000 -9999.000 -9999.000 -9999.000 -9999.000 -9999.000 -9999.000 -9999.000 -9999.000 -9999.000 -9999.000 -9999.000 0.2812782 0.2815136 0.2814298 0.2812963 0.2811278 0.2809288 0.2807016 0.2804488 0.2801732 0.2798781 0.2795672 0.2792446 0.2789142 0.2785974 0.2789385 0.2789385 -9999.000 -9999.000 -9999.000 -9999.000 -9999.000 -9999.000 -9999.000 -9999.000 -9999.000 -9999.000 -9999.000 -9999.000 -9999.000 -9999.000 -9999.000 -9999.000 -9999.000 -9999.000 -9999.000 -9999.000 -9999.000 -9999.000 -9999.000 -9999.000 -9999.000 -9999.000 -9999.000
-9999.000 -9999.000 -9999.000 -9999.000 -9999.000 -9999.000 -9999.000 -9999.000 -9999.000 -9999.000 -9999.000 -9999.000 -9999.000 -9999.000 -9999.000 0.2833642 0.2836291 0.2835414 0.2834030 0.2832293 0.2830240 0.2827891 0.2825262 0.2822373 0.2819248 0.2815916 0.2812404 0.2808743 0.2805144 0.2808724 0.2808724 -9999.000 -9999.000 -9999.000 -9999.000 -9999.000 -9999.000 -9999.000 -9999.000 -9999.000 -9999.000 -9999.000 -9999.000 -9999.000 -9999.000 -9999.000 -9999.000 -9999.000 -9999.000 -9999.000 -9999.000 -9999.000 -9999.000 -9999.000 -9999.000 -9999.000 -9999.000 -9999.000
-9999.000 -9999.000 -9999.000 -9999.000 -9999.000 -9999.000 -9999.000 -9999.000 -9999.000 -9999.000 -9999.000 -9999.000 -9999.000 -9999.000 -9999.000 0.2854697 0.2857570 0.2856627 0.2855174 0.2853357 0.2851207 0.2848736 0.2845953 0.2842867 0.2839495 0.2835854 0.2831960 0.2827828 0.2823662 0.2827328 0.2827328 -9999.000 -9999.000 -9999.000 -9999.000 -9999.000 -9999.000 -9999.000 -9999.000 -9999.000 -9999.000 -9999.000 -9999.000 -9999.000 -9999.000 -9999.000 -9999.000 -9999.000 -9999.000 -9999.000 -9999.000 -9999.000 -9999.000 -9999.000 -9999.000 -9999.000 -9999.000 -9999.000
-9999.000 -9999.000 -9999.000 -9999.000 -9999.000 -9999.000 -9999.000 -9999.000 -9999.000 -9999.000 -9999.000 -9999.000 -9999.000 -9999.000 -9999.000 0.2875872 0.2878897 0.2877865 0.2876323 0.2874404 0.2872131 0.2869503 0.2866521 0.2863184 0.2859494 0.2855457 0.2851074 0.2846340 0.2841439 0.2845086 0.2845086 -9999.000 -9999.000 -9999.000 -9999.000 -9999.000 -9999.000 -9999.000 -9999.000 -9999.000 -9999.000 -9999.000 -9999.000 -9999.000 -9999.000 -9999.000 -9999.000 -9999.000 -9999.000 -9999.000 -9999.000 -9999.000 -9999.000 -9999.000 -9999.000 -9999.000 -9999.000 -9999.000
-9999.000 -9999.000 -9999.000 -9999.000 -9999.000 -9999.000 -9999.000 -9999.000 -9999.000 -9999.000 -9999.000 -9999.000 -9999.000 -9999.000 -9999.000 0.2897100 0.2900204 0.2899057 0.2897410 0.2895372 0.2892953 0.2890141 0.2886920 0.2883277 0.2879198 0.2874671 0.2869674 0.2864172 0.2858312 0.2861790 0.2861790 -9999.000 -9999.000 -9999.000 -9999.000 -9999.000 -9999.000 -9999.000 -9999.000 -9999.000 -9999.000 -9999.000 -9999.000 -9999.000 -9999.000 -9999.000 -9999.000 -9999.000 -9999.000 -9999.000 -9999.000 -9999.000 -9999.000 -9999.000 -9999.000 -9999.000 -9999.000 -9999.000
-9999.000 -9999.000 -9999.000 -9999.000 -9999.000 -9999.000 -9999.000 -9999.000 -9999.000 -9999.000 -9999.000 -9999.000 -9999.000 -9999.000 -9999.000 0.2918319 0.2921430 0.2920138 0.2918369 0.2916195 0.2913609 0.2910585 0.2907087 0.2903082 0.2898535 0.2893406 0.2887639 0.2881155 0.2874025 0.2877093 0.2877093 -9999.000 -9999.000 -9999.000 -9999.000 -9999.000 -9999.000 -9999.000 -9999.000 -9999.000 -9999.000 -9999.000 -9999.000 -9999.000 -9999.000 -9999.000 -9999.000 -9999.000 -9999.000 -9999.000 -9999.000 -9999.000 -9999.000 -9999.000 -9999.000 -9999.000 -9999.000 -9999.000
-9999.000 -9999.000 -9999.000 -9999.000 -9999.000 -9999.000 -9999.000 -9999.000 -9999.000 -9999.000 -9999.000 -9999.000 -9999.000 -9999.000 -9999.000 0.2939470 0.2942519 0.2941048 0.2939138 0.2936807 0.2934030 0.2930761 0.2926942 0.2922510 0.2917399 0.2911528 0.2904789 0.2897027 0.2888186 0.2890416 0.2890416 -9999.000 -9999.000 -9999.000 -9999.000 -9999.000 -9999.000 -9999.000 -9999.000 -9999.000 -9999.000 -9999.000 -9999.000 -9999.000 -9999.000 -9999.000 -9999.000 -9999.000 -9999.000 -9999.000 -9999.000 -9999.000 -9999.000 -9999.000 -9999.000 -9999.000 -9999.000 -9999.000
-9999.000 -9999.000 -9999.000 -9999.000 -9999.000 -9999.000 -9999.000 -9999.000 -9999.000 -9999.000 -9999.000 -9999.000 -9999.000 -9999.000 -9999.000 0.2960484 0.2963413 0.2961729 0.2959653 0.2957138 0.2954137 0.2950579 0.2946379 0.2941436 0.2935636 0.2928838 0.2920850 0.2911391 0.2900176 0.2900774 0.2900774 -9999.000 -9999.000 -9999.000 -9999.000 -9999.000 -9999.000 -9999.000 -9999.000 -9999.000 -9999.000 -9999.000 -9999.000 -9999.000 -9999.000 -9999.000 -9999.000 -9999.000 -9999.000 -9999.000 -9999.000 -9999.000 -9999.000 -9999.000 -9999.000 -9999.000 -9999.000 -9999.000
-9999.000 -9999.000 -9999.000 -9999.000 -9999.000 -9999.000 -9999.000 -9999.000 -9999.000 -9999.000 -9999.000 -9999.000 -9999.000 -9999.000 -9999.000 0.2981269 0.2984043 0.2982113 0.2979842 0.2977107 0.2973835 0.2969927 0.2965261 0.2959687 0.2953025 0.2945040 0.2935405 0.2923625 0.2908998 0.2906384 0.2906384 -9999.000 -9999.000 -9999.000 -9999.000 -9999.000 -9999.000 -9999.000 -9999.000 -9999.000 -9999.000 -9999.000 -9999.000 -9999.000 -9999.000 -9999.000 -9999.000 -9999.000 -9999.000 -9999.000 -9999.000 -9999.000 -9999.000 -9999.000 -9999.000 -9999.000 -9999.000 -9999.000
-9999.000 -9999.000 -9999.000 -9999.000 -9999.000 -9999.000 -9999.000 -9999.000 -9999.000 -9999.000 -9999.000 -9999.000 -9999.000 -9999.000 -9999.000 0.3001677 0.3004301 0.3002099 0.2999604 0.2996607 0.2993000 0.2988654 0.2983398 0.2977018 0.2969237 0.2959678 0.2947793 0.2932709 0.2912942 0.2903715 0.2903715 -9999.000 -9999.000 -9999.000 -9999.000 -9999.000 -9999.000 -9999.000 -9999.000 -9999.000 -9999.000 -9999.000 -9999.000 -9999.000 -9999.000 -9999.000 -9999.000 -9999.000 -9999.000 -9999.000 -9999.000 -9999.000 -9999.000 -9999.000 -9999.000 -9999.000 -9999.000 -9999.000
-9999.000 -9999.000 -9999.000 -9999.000 -9999.000 -9999.000 -9999.000 -9999.000 -9999.000 -9999.000 -9999.000 -9999.000 -9999.000 -9999.000 -9999.000 0.3021347 0.3023944 0.3021485 0.3018759 0.3015464 0.3011453 0.3006551 0.3000525 0.2993068 0.2983762 0.2972007 0.2956877 0.2936814 0.2908789 0.2884736 0.2884736 -9999.000 -9999.000 -9999.000 -9999.000 -9999.000 -9999.000 -9999.000 -9999.000 -9999.000 -9999.000 -9999.000 -9999.000 -9999.000 -9999.000 -9999.000 -9999.000 -9999.000 -9999.000 -9999.000 -9999.000 -9999.000 -9999.000 -9999.000 -9999.000 -9999.000 -9999.000 -9999.000
-9999.000 -9999.000 -9999.000 -9999.000 -9999.000 -9999.000 -9999.000 -9999.000 -9999.000 -9999.000 -9999.000 -9999.000 -9999.000 -9999.000 -9999.000 0.3030243 0.3039322 0.3038743 0.3037133 0.3034358 0.3030373 0.3025029 0.3018065 0.3009086 0.2997504 0.2982394 0.2962206 0.2934031 0.2891304 0.2824809 0.2824809 -9999.000 -9999.000 -9999.000 -9999.000 -9999.000 -9999.000 -9999.000 -9999.000 -9999.000 -9999.000 -9999.000 -9999.000 -9999.000 -9999.000 -9999.000 -9999.000 -9999.000 -9999.000 -9999.000 -9999.000 -9999.000 -9999.000 -9999.000 -9999.000 -9999.000 -9999.000 -9999.000
0.2627525 0.2627525 0.2511798 0.2441849 0.2418463 0.2418463 0.2398645 0.2365936 0.2365936 0.2340926 0.2340926 0.2815482 0.2882466 0.2948848 0.3025007 0.3025007 0.3113301 0.3117716 0.3120348 0.3120018 0.3115739 0.3106616 0.3091948 0.3071169 0.3043490 0.3007110 0.2957567 0.2883627 0.2753507 0.2412266 0.2412266 0.1165280 0.9204813E-01 0.8794922E-01 0.9272214E-01 0.9272214E-01 0.1082216 0.1082216 0.1313306 0.1313306 0.1660275 0.1982970 0.1982970 0.2016961 0.2016961 0.2006263 0.2006263 0.2006263 0.1959807 0.1959807 0.1914700 0.1914700 0.1877220 0.1877220 0.1820686 0.1820686 0.1784291 0.1784291
0.2617256 0.2617256 0.2505345 0.2437441 0.2414352 0.2414352 0.2394668 0.2362051 0.2362051 0.2336971 0.2336971 0.2818888 0.2877885 0.2936464 0.2997269 0.2997269 0.3049041 0.3052867 0.3056972 0.3060790 0.3063256 0.3062915 0.3057993 0.3046391 0.3025560 0.2992178 0.2941279 0.2863831 0.2739137 0.2494534 0.2494534 0.1616489 0.1329568 0.1122616 0.1090799 0.1090799 0.1127184 0.1127184 0.1292634 0.1292634 0.1518504 0.1981517 0.1981517 0.2022291 0.2022291 0.2003886 0.2003886 0.2003886 0.1956515 0.1956515 0.1911358 0.1911358 0.1880266 0.1880266 0.1818061 0.1818061 0.1781924 0.1781924
0.2611820 0.2611820 0.2503126 0.2436988 0.2414156 0.2414156 0.2394570 0.2361957 0.2361957 0.2336716 0.2336716 0.2819676 0.2869054 0.2918083 0.2966860 0.2966860 0.2998785 0.2997942 0.2997743 0.2998246 0.2998691 0.2997734 0.2993586 0.2984023 0.2966279 0.2936756 0.2890347 0.2818768 0.2705305 0.2500988 0.2500988 0.1829646 0.1545728 0.1288712 0.1230064 0.1230064 0.1220127 0.1220127 0.1334982 0.1334982 0.1479140 0.1922429 0.1922429 0.2032871 0.2032871 0.2007475 0.2007475 0.2007475 0.1956358 0.1956358 0.1910570 0.1910570 0.1873623 0.1873623 0.1820999 0.1820999 0.1783189 0.1783189
0.2607570 0.2607570 0.2501240 0.2436604 0.2414047 0.2414047 0.2394585 0.2362003 0.2362003 0.2336606 0.2336606 0.2815899 0.2858382 0.2899154 0.2938169 0.2938169 0.2952485 0.2946612 0.2941892 0.2938475 0.2935678 0.2932222 0.2926365 0.2915932 0.2898255 0.2869964 0.2826503 0.2760885 0.2659565 0.2483467 0.2483467 0.1960912 0.1701239 0.1441756 0.1379764 0.1379764 0.1357288 0.1357288 0.1428753 0.1428753 0.1508219 0.1832233 0.1832233 0.2014504 0.2014504 0.2005555 0.2005555 0.2005555 0.1955039 0.1955039 0.1907923 0.1907923 0.1868710 0.1868710 0.1820990 0.1820990 0.1782895 0.1782895
0.2604375 0.2604375 0.2499729 0.2436257 0.2413951 0.2413951 0.2394606 0.2362058 0.2362058 0.2336492 0.2336492 0.2806346 0.2846129 0.2879382 0.2909519 0.2909519 0.2905253 0.2893624 0.2884305 0.2877207 0.2871458 0.2865662 0.2858036 0.2846451 0.2828391 0.2800822 0.2759892 0.2700161 0.2611221 0.2460527 0.2460527 0.2041966 0.1818666 0.1589282 0.1539745 0.1539745 0.1523063 0.1523063 0.1554320 0.1554320 0.1585180 0.1764690 0.1764690 0.1959383 0.1959383 0.1993362 0.1993362 0.1993362 0.1948674 0.1948674 0.1901907 0.1901907 0.1861505 0.1861505 0.1817866 0.1817866 0.1781226 0.1781226
0.2602151 0.2602151 0.2498634 0.2435980 0.2413872 0.2413872 0.2394627 0.2362108 0.2362108 0.2336372 0.2336372 0.2784960 0.2833628 0.2859590 0.2880955 0.2880955 0.2855059 0.2836521 0.2822136 0.2811400 0.2803088 0.2795523 0.2786746 0.2774573 0.2756597 0.2730107 0.2692013 0.2638741 0.2563189 0.2436575 0.2436575 0.2099448 0.1917696 0.1744622 0.1715259 0.1715259 0.1701141 0.1701141 0.1687954 0.1687954 0.1682579 0.1742482 0.1742482 0.1887812 0.1887812 0.1964461 0.1964461 0.1964461 0.1933652 0.1933652 0.1891310 0.1891310 0.1851891 0.1851891 0.1812276 0.1812276 0.1778611 0.1778611
0.2600837 0.2600837 0.2497972 0.2435801 0.2413820 0.2413820 0.2394641 0.2362143 0.2362143 0.2336248 0.2336248 0.2758061 0.2821171 0.2839985 0.2852539 0.2852539 0.2800426 0.2773651 0.2753491 0.2738926 0.2728280 0.2719492 0.2710301 0.2698349 0.2681231 0.2656473 0.2621758 0.2576154 0.2516789 0.2417571 0.2417571 0.2150961 0.2018157 0.1918239 0.1904720 0.1904720 0.1873169 0.1873169 0.1812772 0.1812772 0.1780756 0.1759009 0.1759009 0.1828892 0.1828892 0.1919602 0.1919602 0.1919602 0.1907381 0.1907381 0.1874405 0.1874405 0.1839191 0.1839191 0.1804622 0.1804622 0.1775342 0.1775342
0.2600403 0.2600403 0.2497751 0.2435739 0.2413802 0.2413802 0.2394646 0.2362155 0.2362155 0.2336125 0.2336125 0.2728458 0.2809601 0.2821309 0.2824736 0.2824736 0.2739553 0.2703182 0.2676476 0.2657789 0.2644935 0.2635413 0.2626566 0.2615725 0.2600359 0.2578095 0.2547373 0.2511742 0.2474743 0.2410906 0.2410906 0.2215327 0.2140512 0.2107854 0.2094171 0.2094171 0.2023915 0.2023915 0.1921085 0.1921085 0.1870231 0.1797136 0.1797136 0.1797781 0.1797781 0.1867260 0.1867260 0.1867260 0.1870557 0.1870557 0.1850101 0.1850101 0.1822628 0.1822628 0.1794933 0.1794933 0.1771545 0.1771545
0.2600837 0.2600837 0.2497973 0.2435801 0.2413820 0.2413820 0.2394641 0.2362143 0.2362143 0.2336006 0.2336006 0.2698343 0.2798784 0.2803771 0.2798106 0.2798106 0.2670432 0.2623190 0.2589113 0.2565913 0.2550847 0.2540999 0.2533284 0.2524531 0.2511938 0.2493040 0.2467000 0.2446089 0.2444365 0.2428496 0.2428496 0.2312627 0.2298733 0.2295070 0.2264206 0.2264206 0.2147045 0.2147045 0.2011640 0.2011640 0.1947827 0.1842788 0.1842788 0.1792505 0.1792505 0.1818287 0.1818287 0.1818287 0.1827561 0.1827561 0.1819035 0.1819035 0.1801871 0.1801871 0.1783150 0.1783150 0.1767325 0.1767325
0.2602150 0.2602150 0.2498634 0.2435980 0.2413872 0.2413872 0.2394627 0.2362108 0.2362108 0.2335896 0.2335896 0.2669973 0.2788670 0.2787485 0.2773173 0.2773173 0.2589669 0.2531023 0.2489373 0.2461181 0.2443717 0.2433781 0.2427826 0.2422201 0.2413589 0.2399167 0.2379174 0.2383241 0.2440968 0.2484578 0.2484578 0.2455880 0.2488085 0.2458420 0.2404015 0.2404015 0.2243888 0.2243888 0.2085629 0.2085629 0.2012871 0.1887539 0.1887539 0.1803493 0.1803493 0.1780017 0.1780017 0.1780017 0.1784516 0.1784516 0.1783836 0.1783836 0.1777574 0.1777574 0.1769516 0.1769516 0.1762788 0.1762788
0.2604375 0.2604375 0.2499730 0.2436257 0.2413950 0.2413950 0.2394606 0.2362058 0.2362058 0.2335802 0.2335802 0.2645513 0.2779017 0.2772386 0.2749711 0.2749711 0.2494400 0.2423515 0.2373059 0.2339644 0.2320068 0.2310683 0.2307438 0.2306121 0.2302819 0.2294255 0.2283229 0.2336128 0.2487286 0.2596021 0.2596021 0.2643237 0.2678157 0.2593836 0.2520359 0.2520359 0.2318628 0.2318628 0.2144488 0.2144488 0.2065472 0.1927072 0.1927072 0.1821613 0.1821613 0.1754442 0.1754442 0.1754442 0.1746733 0.1746733 0.1748395 0.1748395 0.1751596 0.1751596 0.1754815 0.1754815 0.1758137 0.1758137
