cruce_test.gid/Rasters/Hydraulic/Depth____000032.asc
NCOLS        79
NROWS        79
XLLCENTER         -1.500000
YLLCENTER         -4.800000
CELLSIZE           0.100
NODATA_VALUE     -9999.0
[rows 0 to 25 of 79, columns 0 to 56 of 79]
-9999.000 -9999.000 -9999.000 -9999.000 -9999.000 -9999.000 -9999.000 -9999.000 -9999.000 -9999.000 -9999.000 -9999.000 -9999.000 -9999.000 -9999.000 0.1902909 0.1903261 0.1901902 0.1899740 0.1896969 0.1893728 0.1890149 0.1886367 0.1882524 0.1878766 0.1875248 0.1872134 0.1869606 0.1867946 0.1870685 0.1870685 -9999.000 -9999.000 -9999.000 -9999.000 -9999.000 -9999.000 -9999.000 -9999.000 -9999.000 -9999.000 -9999.000 -9999.000 -9999.000 -9999.000 -9999.000 -9999.000 -9999.000 -9999.000 -9999.000 -9999.000 -9999.000 -9999.000 -9999.000 -9999.000 -9999.000 -9999.000
-9999.000 -9999.000 -9999.000 -9999.000 -9999.000 -9999.000 -9999.000 -9999.000 -9999.000 -9999.000 -9999.000 -9999.000 -9999.000 -9999.000 -9999.000 0.1923245 0.1924194 0.1922884 0.1920813 0.1918171 0.1915083 0.1911673 0.1908073 0.1904417 0.1900844 0.1897495 0.1894510 0.1892020 0.1890223 0.1892569 0.1892569 -9999.000 -9999.000 -9999.000 -9999.000 -9999.000 -9999.000 -9999.000 -9999.000 -9999.000 -9999.000 -9999.000 -9999.000 -9999.000 -9999.000 -9999.000 -9999.000 -9999.000 -9999.000 -9999.000 -9999.000 -9999.000 -9999.000 -9999.000 -9999.000 -9999.000 -9999.000
-9999.000 -9999.000 -9999.000 -9999.000 -9999.000 -9999.000 -9999.000 -9999.000 -9999.000 -9999.000 -9999.000 -9999.000 -9999.000 -9999.000 -9999.000 0.1945393 0.1946957 0.1945607 0.1943464 0.1940742 0.1937574 0.1934084 0.1930398 0.1926647 0.1922965 0.1919482 0.1916333 0.1913647 0.1911660 0.1914414 0.1914414 -9999.000 -9999.000 -9999.000 -9999.000 -9999.000 -9999.000 -9999.000 -9999.000 -9999.000 -9999.000 -9999.000 -9999.000 -9999.000 -9999.000 -9999.000 -9999.000 -9999.000 -9999.000 -9999.000 -9999.000 -9999.000 -9999.000 -9999.000 -9999.000 -9999.000 -9999.000
-9999.000 -9999.000 -9999.000 -9999.000 -9999.000 -9999.000 -9999.000 -9999.000 -9999.000 -9999.000 -9999.000 -9999.000 -9999.000 -9999.000 -9999.000 0.1968010 0.1970134 0.1968696 0.1966413 0.1963529 0.1960182 0.1956501 0.1952612 0.1948645 0.1944730 0.1940999 0.1937584 0.1934621 0.1932380 0.1935499 0.1935499 -9999.000 -9999.000 -9999.000 -9999.000 -9999.000 -9999.000 -9999.000 -9999.000 -9999.000 -9999.000 -9999.000 -9999.000 -9999.000 -9999.000 -9999.000 -9999.000 -9999.000 -9999.000 -9999.000 -9999.000 -9999.000 -9999.000 -9999.000 -9999.000 -9999.000 -9999.000
-9999.000 -9999.000 -9999.000 -9999.000 -9999.000 -9999.000 -9999.000 -9999.000 -9999.000 -9999.000 -9999.000 -9999.000 -9999.000 -9999.000 -9999.000 0.1991025 0.1993648 0.1992078 0.1989597 0.1986479 0.1982870 0.1978901 0.1974705 0.1970411 0.1966153 0.1962064 0.1958278 0.1954942 0.1952361 0.1955800 0.1955800 -9999.000 -9999.000 -9999.000 -9999.000 -9999.000 -9999.000 -9999.000 -9999.000 -9999.000 -9999.000 -9999.000 -9999.000 -9999.000 -9999.000 -9999.000 -9999.000 -9999.000 -9999.000 -9999.000 -9999.000 -9999.000 -9999.000 -9999.000 -9999.000 -9999.000 -9999.000
-9999.000 -9999.000 -9999.000 -9999.000 -9999.000 -9999.000 -9999.000 -9999.000 -9999.000 -9999.000 -9999.000 -9999.000 -9999.000 -9999.000 -9999.000 0.2014388 0.2017433 0.2015686 0.2012960 0.2009548 0.2005602 0.2001261 0.1996659 0.1991934 0.1987222 0.1982659 0.1978388 0.1974564 0.1971531 0.1975245 0.1975245 -9999.000 -9999.000 -9999.000 -9999.000 -9999.000 -9999.000 -9999.000 -9999.000 -9999.000 -9999.000 -9999.000 -9999.000 -9999.000 -9999.000 -9999.000 -9999.000 -9999.000 -9999.000 -9999.000 -9999.000 -9999.000 -9999.000 -9999.000 -9999.000 -9999.000 -9999.000
-9999.000 -9999.000 -9999.000 -9999.000 -9999.000 -9999.000 -9999.000 -9999.000 -9999.000 -9999.000 -9999.000 -9999.000 -9999.000 -9999.000 -9999.000 0.2038050 0.2041416 0.2039452 0.2036442 0.2032686 0.2028342 0.2023549 0.2018450 0.2013187 0.2007901 0.2002737 0.1997844 0.1993391 0.1989762 0.1993696 0.1993696 -9999.000 -9999.000 -9999.000 -9999.000 -9999.000 -9999.000 -9999.000 -9999.000 -9999.000 -9999.000 -9999.000 -9999.000 -9999.000 -9999.000 -9999.000 -9999.000 -9999.000 -9999.000 -9999.000 -9999.000 -9999.000 -9999.000 -9999.000 -9999.000 -9999.000 -9999.000
-9999.000 -9999.000 -9999.000 -9999.000 -9999.000 -9999.000 -9999.000 -9999.000 -9999.000 -9999.000 -9999.000 -9999.000 -9999.000 -9999.000 -9999.000 0.2061948 0.2065507 0.2063283 0.2059960 0.2055826 0.2051033 0.2045721 0.2040035 0.2034122 0.2028131 0.2022216 0.2016534 0.2011268 0.2006846 0.2010923 0.2010923 -9999.000 -9999.000 -9999.000 -9999.000 -9999.000 -9999.000 -9999.000 -9999.000 -9999.000 -9999.000 -9999.000 -9999.000 -9999.000 -9999.000 -9999.000 -9999.000 -9999.000 -9999.000 -9999.000 -9999.000 -9999.000 -9999.000 -9999.000 -9999.000 -9999.000 -9999.000
-9999.000 -9999.000 -9999.000 -9999.000 -9999.000 -9999.000 -9999.000 -9999.000 -9999.000 -9999.000 -9999.000 -9999.000 -9999.000 -9999.000 -9999.000 0.2085995 0.2089593 0.2087064 0.2083407 0.2078870 0.2073590 0.2067700 0.2061342 0.2054664 0.2047822 0.2040973 0.2034286 0.2027960 0.2022465 0.2026559 0.2026559 -9999.000 -9999.000 -9999.000 -9999.000 -9999.000 -9999.000 -9999.000 -9999.000 -9999.000 -9999.000 -9999.000 -9999.000 -9999.000 -9999.000 -9999.000 -9999.000 -9999.000 -9999.000 -9999.000 -9999.000 -9999.000 -9999.000 -9999.000 -9999.000 -9999.000 -9999.000
-9999.000 -9999.000 -9999.000 -9999.000 -9999.000 -9999.000 -9999.000 -9999.000 -9999.000 -9999.000 -9999.000 -9999.000 -9999.000 -9999.000 -9999.000 0.2110075 0.2113541 0.2110657 0.2106649 0.2101689 0.2095890 0.2089370 0.2082258 0.2074695 0.2066831 0.2058824 0.2050849 0.2043116 0.2036134 0.2040009 0.2040009 -9999.000 -9999.000 -9999.000 -9999.000 -9999.000 -9999.000 -9999.000 -9999.000 -9999.000 -9999.000 -9999.000 -9999.000 -9999.000 -9999.000 -9999.000 -9999.000 -9999.000 -9999.000 -9999.000 -9999.000 -9999.000 -9999.000 -9999.000 -9999.000 -9999.000 -9999.000
-9999.000 -9999.000 -9999.000 -9999.000 -9999.000 -9999.000 -9999.000 -9999.000 -9999.000 -9999.000 -9999.000 -9999.000 -9999.000 -9999.000 -9999.000 0.2134033 0.2137198 0.2133908 0.2129532 0.2124129 0.2117777 0.2110571 0.2102617 0.2094032 0.2084946 0.2075498 0.2065848 0.2056202 0.2047089 0.2050278 0.2050278 -9999.000 -9999.000 -9999.000 -9999.000 -9999.000 -9999.000 -9999.000 -9999.000 -9999.000 -9999.000 -9999.000 -9999.000 -9999.000 -9999.000 -9999.000 -9999.000 -9999.000 -9999.000 -9999.000 -9999.000 -9999.000 -9999.000 -9999.000 -9999.000 -9999.000 -9999.000
-9999.000 -9999.000 -9999.000 -9999.000 -9999.000 -9999.000 -9999.000 -9999.000 -9999.000 -9999.000 -9999.000 -9999.000 -9999.000 -9999.000 -9999.000 0.2157662 0.2160386 0.2156645 0.2151886 0.2146015 0.2139065 0.2131100 0.2122194 0.2112422 0.2101860 0.2090592 0.2078719 0.2066388 0.2054083 0.2055585 0.2055585 -9999.000 -9999.000 -9999.000 -9999.000 -9999.000 -9999.000 -9999.000 -9999.000 -9999.000 -9999.000 -9999.000 -9999.000 -9999.000 -9999.000 -9999.000 -9999.000 -9999.000 -9999.000 -9999.000 -9999.000 -9999.000 -9999.000 -9999.000 -9999.000 -9999.000 -9999.000
-9999.000 -9999.000 -9999.000 -9999.000 -9999.000 -9999.000 -9999.000 -9999.000 -9999.000 -9999.000 -9999.000 -9999.000 -9999.000 -9999.000 -9999.000 0.2180672 0.2182890 0.2178670 0.2173513 0.2167144 0.2159535 0.2150714 0.2140707 0.2129520 0.2117135 0.2103512 0.2088594 0.2072328 0.2054939 0.2052402 0.2052402 -9999.000 -9999.000 -9999.000 -9999.000 -9999.000 -9999.000 -9999.000 -9999.000 -9999.000 -9999.000 -9999.000 -9999.000 -9999.000 -9999.000 -9999.000 -9999.000 -9999.000 -9999.000 -9999.000 -9999.000 -9999.000 -9999.000 -9999.000 -9999.000 -9999.000 -9999.000
-9999.000 -9999.000 -9999.000 -9999.000 -9999.000 -9999.000 -9999.000 -9999.000 -9999.000 -9999.000 -9999.000 -9999.000 -9999.000 -9999.000 -9999.000 0.2202577 0.2204401 0.2199736 0.2194183 0.2187282 0.2178940 0.2169130 0.2157810 0.2144881 0.2130165 0.2113376 0.2094089 0.2071690 0.2045478 0.2032535 0.2032535 -9999.000 -9999.000 -9999.000 -9999.000 -9999.000 -9999.000 -9999.000 -9999.000 -9999.000 -9999.000 -9999.000 -9999.000 -9999.000 -9999.000 -9999.000 -9999.000 -9999.000 -9999.000 -9999.000 -9999.000 -9999.000 -9999.000 -9999.000 -9999.000 -9999.000 -9999.000
-9999.000 -9999.000 -9999.000 -9999.000 -9999.000 -9999.000 -9999.000 -9999.000 -9999.000 -9999.000 -9999.000 -9999.000 -9999.000 -9999.000 -9999.000 0.2217585 0.2223335 0.2219547 0.2214248 0.2207047 0.2197921 0.2186866 0.2173805 0.2158524 0.2140598 0.2119296 0.2093387 0.2060722 0.2017241 0.1969218 0.1969218 -9999.000 -9999.000 -9999.000 -9999.000 -9999.000 -9999.000 -9999.000 -9999.000 -9999.000 -9999.000 -9999.000 -9999.000 -9999.000 -9999.000 -9999.000 -9999.000 -9999.000 -9999.000 -9999.000 -9999.000 -9999.000 -9999.000 -9999.000 -9999.000 -9999.000 -9999.000
0.1827496 0.1827496 0.1887212 0.1933776 0.1955698 0.1955698 0.1976363 0.2018576 0.2018576 0.2067265 0.2067265 0.2125148 0.2159759 0.2200339 0.2248400 0.2248400 0.2296158 0.2289168 0.2278233 0.2263273 0.2244955 0.2224009 0.2200843 0.2175272 0.2146249 0.2111372 0.2065646 0.1997920 0.1878540 0.1575327 0.1575327 0.6208029E-01 0.3908248E-01 0.2894734E-01 0.2992394E-01 0.2992394E-01 0.3883806E-01 0.3883806E-01 0.5731423E-01 0.5731423E-01 0.9911666E-01 0.1198467 0.1198467 0.1223713 0.1223713 0.1241917 0.1241917 0.1241917 0.1217306 0.1217306 0.1194202 0.1194202 0.1170080 0.1170080 0.1151866 0.1151866 0.1115496
0.1818007 0.1818007 0.1884223 0.1930977 0.1953025 0.1953025 0.1973845 0.2016332 0.2016332 0.2065256 0.2065256 0.2122135 0.2154117 0.2188466 0.2223938 0.2223938 0.2252721 0.2251603 0.2247616 0.2240106 0.2228556 0.2212573 0.2191828 0.2165883 0.2133846 0.2093782 0.2041691 0.1969334 0.1858027 0.1644539 0.1644539 0.1001906 0.7781546E-01 0.5952543E-01 0.5524995E-01 0.5524995E-01 0.5342085E-01 0.5342085E-01 0.6101108E-01 0.6101108E-01 0.8159997E-01 0.1198861 0.1198861 0.1229502 0.1229502 0.1242649 0.1242649 0.1242649 0.1214869 0.1214869 0.1192070 0.1192070 0.1167712 0.1167712 0.1155956 0.1155956 0.1113917
0.1812948 0.1812948 0.1883526 0.1930106 0.1951947 0.1951947 0.1972405 0.2013565 0.2013565 0.2059850 0.2059850 0.2111382 0.2138995 0.2167547 0.2195972 0.2195972 0.2215808 0.2213681 0.2209289 0.2202415 0.2192527 0.2178901 0.2160667 0.2136781 0.2105877 0.2065906 0.2013404 0.1941923 0.1837743 0.1660379 0.1660379 0.1156866 0.9429886E-01 0.7471102E-01 0.6953353E-01 0.6953353E-01 0.6601202E-01 0.6601202E-01 0.7028979E-01 0.7028979E-01 0.8012443E-01 0.1150172 0.1150172 0.1238555 0.1238555 0.1249867 0.1249867 0.1249867 0.1213444 0.1213444 0.1190347 0.1190347 0.1166206 0.1166206 0.1148780 0.1148780 0.1115908
0.1808549 0.1808549 0.1882603 0.1928979 0.1950524 0.1950524 0.1970494 0.2009975 0.2009975 0.2053208 0.2053208 0.2099345 0.2123033 0.2146804 0.2169866 0.2169866 0.2181512 0.2177369 0.2171232 0.2163094 0.2152543 0.2138870 0.2121126 0.2098119 0.2068328 0.2029669 0.1978979 0.1910879 0.1814578 0.1660423 0.1660423 0.1259098 0.1062117 0.8741713E-01 0.8253523E-01 0.8253523E-01 0.7962533E-01 0.7962533E-01 0.8225402E-01 0.8225402E-01 0.8630189E-01 0.1084211 0.1084211 0.1223706 0.1223706 0.1241586 0.1241586 0.1241586 0.1211567 0.1211567 0.1187110 0.1187110 0.1162761 0.1162761 0.1143645 0.1143645 0.1115328
0.1804493 0.1804493 0.1881627 0.1927589 0.1948745 0.1948745 0.1968117 0.2005642 0.2005642 0.2045524 0.2045524 0.2086193 0.2106158 0.2125583 0.2143928 0.2143928 0.2147287 0.2140677 0.2132493 0.2122701 0.2110906 0.2096429 0.2078345 0.2055489 0.2026397 0.1989133 0.1940896 0.1877142 0.1789116 0.1653522 0.1653522 0.1329245 0.1152072 0.9886114E-01 0.9523940E-01 0.9523940E-01 0.9382042E-01 0.9382042E-01 0.9459975E-01 0.9459975E-01 0.9537339E-01 0.1051197 0.1051197 0.1183542 0.1183542 0.1228238 0.1228238 0.1228238 0.1205572 0.1205572 0.1181239 0.1181239 0.1157001 0.1157001 0.1136940 0.1136940 0.1112166
0.1800880 0.1800880 0.1880642 0.1926016 0.1946704 0.1946704 0.1965400 0.2000799 0.2000799 0.2037163 0.2037163 0.2072285 0.2088558 0.2103709 0.2117401 0.2117401 0.2111597 0.2102078 0.2091700 0.2080241 0.2067209 0.2051892 0.2033384 0.2010597 0.1982207 0.1946530 0.1901198 0.1842454 0.1763164 0.1644319 0.1644319 0.1381302 0.1227546 0.1104522 0.1085939 0.1085939 0.1079191 0.1079191 0.1059632 0.1059632 0.1045428 0.1058828 0.1058828 0.1140442 0.1140442 0.1204495 0.1204495 0.1204495 0.1192814 0.1192814 0.1171713 0.1171713 0.1148795 0.1148795 0.1128788 0.1128788 0.1106989
0.1797765 0.1797765 0.1879696 0.1924344 0.1944511 0.1944511 0.1962487 0.1995688 0.1995688 0.2028477 0.2028477 0.2057995 0.2070501 0.2081199 0.2089852 0.2089852 0.2073125 0.2060193 0.2047480 0.2034453 0.2020401 0.2004505 0.1985845 0.1963410 0.1936069 0.1902471 0.1860781 0.1808064 0.1738626 0.1636786 0.1636786 0.1426750 0.1302151 0.1231548 0.1226963 0.1226963 0.1208510 0.1208510 0.1157254 0.1157254 0.1127549 0.1091526 0.1091526 0.1115356 0.1115356 0.1173359 0.1173359 0.1173359 0.1172512 0.1172512 0.1157394 0.1157394 0.1137606 0.1137606 0.1119013 0.1119013 0.1100172
0.1795225 0.1795225 0.1878833 0.1922656 0.1942274 0.1942274 0.1959517 0.1990537 0.1990537 0.2019794 0.2019794 0.2043700 0.2052313 0.2058196 0.2061007 0.2061007 0.2030371 0.2013461 0.1998310 0.1983897 0.1969169 0.1953113 0.1934753 0.1913156 0.1887439 0.1856726 0.1819905 0.1775039 0.1717876 0.1635780 0.1635780 0.1477434 0.1389527 0.1369033 0.1366043 0.1366043 0.1317826 0.1317826 0.1238384 0.1238384 0.1198034 0.1133596 0.1133596 0.1112761 0.1112761 0.1142569 0.1142569 0.1142569 0.1146819 0.1146819 0.1138073 0.1138073 0.1122961 0.1122961 0.1107315 0.1107315 0.1091923
0.1793363 0.1793363 0.1878089 0.1921029 0.1940094 0.1940094 0.1956625 0.1985551 0.1985551 0.2011415 0.2011415 0.2029801 0.2034398 0.2035000 0.2030751 0.2030751 0.1981352 0.1959883 0.1942304 0.1926840 0.1911934 0.1896288 0.1878822 0.1858688 0.1835362 0.1808726 0.1778814 0.1745090 0.1704823 0.1647807 0.1647807 0.1546097 0.1500117 0.1504566 0.1490052 0.1490052 0.1405504 0.1405504 0.1305097 0.1305097 0.1257503 0.1176030 0.1176030 0.1125839 0.1125839 0.1118980 0.1118980 0.1118980 0.1120087 0.1120087 0.1115137 0.1115137 0.1105014 0.1105014 0.1093562 0.1093562 0.1082387
0.1792299 0.1792299 0.1877492 0.1919532 0.1938061 0.1938061 0.1953924 0.1980917 0.1980917 0.2003624 0.2003624 0.2016719 0.2017260 0.2012136 0.1999267 0.1999267 0.1923239 0.1896725 0.1876969 0.1861062 0.1846728 0.1832274 0.1816463 0.1798557 0.1778606 0.1757857 0.1738379 0.1721703 0.1706274 0.1682570 0.1682570 0.1638603 0.1633167 0.1623825 0.1595646 0.1595646 0.1474638 0.1474638 0.1359275 0.1359275 0.1306610 0.1214380 0.1214380 0.1146010 0.1146010 0.1105057 0.1105057 0.1105057 0.1096578 0.1096578 0.1091227 0.1091227 0.1084870 0.1084870 0.1078100 0.1078100 0.1071845
0.1792165 0.1792165 0.1877064 0.1918220 0.1936251 0.1936251 0.1951516 0.1976798 0.1976798 0.1996678 0.1996678 0.2004887 0.2001491 0.1990403 0.1967297 0.1967297 0.1851843 0.1820115 0.1798866 0.1783567 0.1770956 0.1758810 0.1745667 0.1730928 0.1715624 0.1703713 0.1701020 0.1711432 0.1731961 0.1750474 0.1750474 0.1760411 0.1768902 0.1720436 0.1670997 0.1670997 0.1530255 0.1530255 0.1402525 0.1402525 0.1346201 0.1246989 0.1246989 0.1167463 0.1167463 0.1099583 0.1099583 0.1099583 0.1078786 0.1078786 0.1069236 0.1069236 0.1064446 0.1064446 0.1061913 0.1061913 0.1060850
