cruce_test.gid/Rasters/Hydraulic/Depth____000048.asc
NCOLS        79
NROWS        79
XLLCENTER         -1.500000
YLLCENTER         -4.800000
CELLSIZE           0.100
NODATA_VALUE     -9999.0
[rows 0 to 25 of 79, columns 0 to 56 of 79]
-9999.000 -9999.000 -9999.000 -9999.000 -9999.000 -9999.000 -9999.000 -9999.000 -9999.000 -9999.000 -9999.000 -9999.000 -9999.000 -9999.000 -9999.000 0.2394949 0.2396026 0.2395049 0.2393391 0.2391218 0.2388609 0.2385636 0.2382380 0.2378930 0.2375392 0.2371885 0.2368551 0.2365561 0.2363247 0.2366212 0.2366212 -9999.000 -9999.000 -9999.000 -9999.000 -9999.000 -9999.000 -9999.000 -9999.000 -9999.000 -9999.000 -9999.000 -9999.000 -9999.000 -9999.000 -9999.000 -9999.000 -9999.000 -9999.000 -9999.000 -9999.000 -9999.000 -9999.000 -9999.000 -9999.000 -9999.000 -9999.000
-9999.000 -9999.000 -9999.000 -9999.000 -9999.000 -9999.000 -9999.000 -9999.000 -9999.000 -9999.000 -9999.000 -9999.000 -9999.000 -9999.000 -9999.000 0.2414282 0.2415692 0.2414726 0.2413152 0.2411115 0.2408683 0.2405924 0.2402912 0.2399735 0.2396493 0.2393293 0.2390248 0.2387472 0.2385193 0.2387887 0.2387887 -9999.000 -9999.000 -9999.000 -9999.000 -9999.000 -9999.000 -9999.000 -9999.000 -9999.000 -9999.000 -9999.000 -9999.000 -9999.000 -9999.000 -9999.000 -9999.000 -9999.000 -9999.000 -9999.000 -9999.000 -9999.000 -9999.000 -9999.000 -9999.000 -9999.000 -9999.000
-9999.000 -9999.000 -9999.000 -9999.000 -9999.000 -9999.000 -9999.000 -9999.000 -9999.000 -9999.000 -9999.000 -9999.000 -9999.000 -9999.000 -9999.000 0.2435018 0.2436941 0.2435971 0.2434382 0.2432338 0.2429909 0.2427156 0.2424150 0.2420968 0.2417700 0.2414440 0.2411288 0.2408348 0.2405870 0.2408981 0.2408981 -9999.000 -9999.000 -9999.000 -9999.000 -9999.000 -9999.000 -9999.000 -9999.000 -9999.000 -9999.000 -9999.000 -9999.000 -9999.000 -9999.000 -9999.000 -9999.000 -9999.000 -9999.000 -9999.000 -9999.000 -9999.000 -9999.000 -9999.000 -9999.000 -9999.000 -9999.000
-9999.000 -9999.000 -9999.000 -9999.000 -9999.000 -9999.000 -9999.000 -9999.000 -9999.000 -9999.000 -9999.000 -9999.000 -9999.000 -9999.000 -9999.000 0.2456143 0.2458509 0.2457508 0.2455869 0.2453769 0.2451278 0.2448453 0.2445358 0.2442067 0.2438661 0.2435228 0.2431859 0.2428657 0.2425889 0.2429329 0.2429329 -9999.000 -9999.000 -9999.000 -9999.000 -9999.000 -9999.000 -9999.000 -9999.000 -9999.000 -9999.000 -9999.000 -9999.000 -9999.000 -9999.000 -9999.000 -9999.000 -9999.000 -9999.000 -9999.000 -9999.000 -9999.000 -9999.000 -9999.000 -9999.000 -9999.000 -9999.000
-9999.000 -9999.000 -9999.000 -9999.000 -9999.000 -9999.000 -9999.000 -9999.000 -9999.000 -9999.000 -9999.000 -9999.000 -9999.000 -9999.000 -9999.000 0.2477574 0.2480309 0.2479248 0.2477526 0.2475328 0.2472720 0.2469758 0.2466499 0.2463013 0.2459375 0.2455669 0.2451983 0.2448414 0.2445251 0.2448947 0.2448947 -9999.000 -9999.000 -9999.000 -9999.000 -9999.000 -9999.000 -9999.000 -9999.000 -9999.000 -9999.000 -9999.000 -9999.000 -9999.000 -9999.000 -9999.000 -9999.000 -9999.000 -9999.000 -9999.000 -9999.000 -9999.000 -9999.000 -9999.000 -9999.000 -9999.000 -9999.000
-9999.000 -9999.000 -9999.000 -9999.000 -9999.000 -9999.000 -9999.000 -9999.000 -9999.000 -9999.000 -9999.000 -9999.000 -9999.000 -9999.000 -9999.000 0.2499244 0.2502269 0.2501117 0.2499281 0.2496949 0.2494180 0.2491025 0.2487537 0.2483780 0.2479824 0.2475749 0.2471638 0.2467588 0.2463901 0.2467785 0.2467785 -9999.000 -9999.000 -9999.000 -9999.000 -9999.000 -9999.000 -9999.000 -9999.000 -9999.000 -9999.000 -9999.000 -9999.000 -9999.000 -9999.000 -9999.000 -9999.000 -9999.000 -9999.000 -9999.000 -9999.000 -9999.000 -9999.000 -9999.000 -9999.000 -9999.000 -9999.000
-9999.000 -9999.000 -9999.000 -9999.000 -9999.000 -9999.000 -9999.000 -9999.000 -9999.000 -9999.000 -9999.000 -9999.000 -9999.000 -9999.000 -9999.000 0.2521093 0.2524320 0.2523046 0.2521072 0.2518574 0.2515606 0.2512209 0.2508432 0.2504330 0.2499970 0.2495423 0.2490769 0.2486098 0.2481725 0.2485718 0.2485718 -9999.000 -9999.000 -9999.000 -9999.000 -9999.000 -9999.000 -9999.000 -9999.000 -9999.000 -9999.000 -9999.000 -9999.000 -9999.000 -9999.000 -9999.000 -9999.000 -9999.000 -9999.000 -9999.000 -9999.000 -9999.000 -9999.000 -9999.000 -9999.000 -9999.000 -9999.000
-9999.000 -9999.000 -9999.000 -9999.000 -9999.000 -9999.000 -9999.000 -9999.000 -9999.000 -9999.000 -9999.000 -9999.000 -9999.000 -9999.000 -9999.000 0.2543065 0.2546400 0.2544970 0.2542836 0.2540146 0.2536944 0.2533260 0.2529134 0.2524613 0.2519754 0.2514619 0.2509277 0.2503811 0.2498534 0.2502520 0.2502520 -9999.000 -9999.000 -9999.000 -9999.000 -9999.000 -9999.000 -9999.000 -9999.000 -9999.000 -9999.000 -9999.000 -9999.000 -9999.000 -9999.000 -9999.000 -9999.000 -9999.000 -9999.000 -9999.000 -9999.000 -9999.000 -9999.000 -9999.000 -9999.000 -9999.000 -9999.000
-9999.000 -9999.000 -9999.000 -9999.000 -9999.000 -9999.000 -9999.000 -9999.000 -9999.000 -9999.000 -9999.000 -9999.000 -9999.000 -9999.000 -9999.000 0.2565098 0.2568441 0.2566820 0.2564506 0.2561601 0.2558132 0.2554117 0.2549580 0.2544557 0.2539091 0.2533226 0.2527015 0.2520519 0.2514033 0.2517825 0.2517825 -9999.000 -9999.000 -9999.000 -9999.000 -9999.000 -9999.000 -9999.000 -9999.000 -9999.000 -9999.000 -9999.000 -9999.000 -9999.000 -9999.000 -9999.000 -9999.000 -9999.000 -9999.000 -9999.000 -9999.000 -9999.000 -9999.000 -9999.000 -9999.000 -9999.000 -9999.000
-9999.000 -9999.000 -9999.000 -9999.000 -9999.000 -9999.000 -9999.000 -9999.000 -9999.000 -9999.000 -9999.000 -9999.000 -9999.000 -9999.000 -9999.000 0.2587117 0.2590368 0.2588519 0.2586006 0.2582866 0.2579097 0.2574701 0.2569685 0.2564065 0.2557859 0.2551087 0.2543765 0.2535914 0.2527775 0.2531030 0.2531030 -9999.000 -9999.000 -9999.000 -9999.000 -9999.000 -9999.000 -9999.000 -9999.000 -9999.000 -9999.000 -9999.000 -9999.000 -9999.000 -9999.000 -9999.000 -9999.000 -9999.000 -9999.000 -9999.000 -9999.000 -9999.000 -9999.000 -9999.000 -9999.000 -9999.000 -9999.000
-9999.000 -9999.000 -9999.000 -9999.000 -9999.000 -9999.000 -9999.000 -9999.000 -9999.000 -9999.000 -9999.000 -9999.000 -9999.000 -9999.000 -9999.000 0.2609016 0.2612091 0.2609977 0.2607248 0.2603849 0.2599745 0.2594914 0.2589337 0.2583001 0.2575887 0.2567970 0.2559205 0.2549530 0.2539058 0.2541116 0.2541116 -9999.000 -9999.000 -9999.000 -9999.000 -9999.000 -9999.000 -9999.000 -9999.000 -9999.000 -9999.000 -9999.000 -9999.000 -9999.000 -9999.000 -9999.000 -9999.000 -9999.000 -9999.000 -9999.000 -9999.000 -9999.000 -9999.000 -9999.000 -9999.000 -9999.000 -9999.000
-9999.000 -9999.000 -9999.000 -9999.000 -9999.000 -9999.000 -9999.000 -9999.000 -9999.000 -9999.000 -9999.000 -9999.000 -9999.000 -9999.000 -9999.000 0.2630649 0.2633488 0.2631080 0.2628118 0.2624434 0.2619953 0.2614619 0.2608378 0.2601174 0.2592930 0.2583540 0.2572852 0.2560642 0.2546745 0.2546243 0.2546243 -9999.000 -9999.000 -9999.000 -9999.000 -9999.000 -9999.000 -9999.000 -9999.000 -9999.000 -9999.000 -9999.000 -9999.000 -9999.000 -9999.000 -9999.000 -9999.000 -9999.000 -9999.000 -9999.000 -9999.000 -9999.000 -9999.000 -9999.000 -9999.000 -9999.000 -9999.000
-9999.000 -9999.000 -9999.000 -9999.000 -9999.000 -9999.000 -9999.000 -9999.000 -9999.000 -9999.000 -9999.000 -9999.000 -9999.000 -9999.000 -9999.000 0.2651806 0.2654400 0.2651679 0.2648466 0.2644466 0.2639554 0.2633628 0.2626587 0.2618307 0.2608621 0.2597289 0.2583956 0.2568075 0.2548879 0.2542756 0.2542756 -9999.000 -9999.000 -9999.000 -9999.000 -9999.000 -9999.000 -9999.000 -9999.000 -9999.000 -9999.000 -9999.000 -9999.000 -9999.000 -9999.000 -9999.000 -9999.000 -9999.000 -9999.000 -9999.000 -9999.000 -9999.000 -9999.000 -9999.000 -9999.000 -9999.000 -9999.000
-9999.000 -9999.000 -9999.000 -9999.000 -9999.000 -9999.000 -9999.000 -9999.000 -9999.000 -9999.000 -9999.000 -9999.000 -9999.000 -9999.000 -9999.000 0.2672082 0.2674551 0.2671540 0.2668080 0.2663738 0.2658328 0.2651693 0.2643659 0.2634004 0.2622411 0.2608407 0.2591259 0.2569757 0.2541757 0.2522230 0.2522230 -9999.000 -9999.000 -9999.000 -9999.000 -9999.000 -9999.000 -9999.000 -9999.000 -9999.000 -9999.000 -9999.000 -9999.000 -9999.000 -9999.000 -9999.000 -9999.000 -9999.000 -9999.000 -9999.000 -9999.000 -9999.000 -9999.000 -9999.000 -9999.000 -9999.000 -9999.000
-9999.000 -9999.000 -9999.000 -9999.000 -9999.000 -9999.000 -9999.000 -9999.000 -9999.000 -9999.000 -9999.000 -9999.000 -9999.000 -9999.000 -9999.000 0.2683055 0.2691110 0.2689658 0.2687059 0.2682989 0.2677325 0.2669922 0.2660576 0.2648972 0.2634600 0.2616620 0.2593599 0.2562868 0.2518657 0.2458146 0.2458146 -9999.000 -9999.000 -9999.000 -9999.000 -9999.000 -9999.000 -9999.000 -9999.000 -9999.000 -9999.000 -9999.000 -9999.000 -9999.000 -9999.000 -9999.000 -9999.000 -9999.000 -9999.000 -9999.000 -9999.000 -9999.000 -9999.000 -9999.000 -9999.000 -9999.000 -9999.000
0.2154011 0.2154011 0.2100576 0.2256299 0.2308418 0.2308418 0.2343021 0.2404990 0.2404990 0.2466712 0.2466712 0.2537457 0.2580240 0.2631298 0.2694098 0.2694098 0.2766482 0.2767712 0.2766044 0.2760324 0.2749995 0.2734897 0.2715119 0.2690693 0.2661081 0.2624401 0.2575938 0.2504266 0.2377995 0.2048933 0.2048933 0.9205974E-01 0.6766479E-01 0.6060362E-01 0.6390781E-01 0.6390781E-01 0.7762870E-01 0.7762870E-01 0.9967224E-01 0.9967224E-01 0.1225307 0.1649649 0.1649649 0.1683028 0.1683028 0.1683563 0.1683563 0.1683563 0.1638058 0.1638058 0.1599436 0.1599436 0.1568207 0.1568207 0.1516779 0.1516779 0.1483625
0.2144679 0.2144679 0.2094966 0.2242092 0.2306244 0.2306244 0.2339891 0.2401281 0.2401281 0.2462736 0.2462736 0.2532357 0.2572876 0.2617946 0.2666370 0.2666370 0.2709280 0.2712699 0.2715098 0.2715665 0.2713338 0.2706887 0.2694977 0.2676158 0.2648728 0.2610298 0.2556748 0.2479687 0.2359215 0.2125599 0.2125599 0.1342754 0.1079417 0.8808762E-01 0.8442961E-01 0.8442961E-01 0.8580473E-01 0.8580473E-01 0.9904347E-01 0.9904347E-01 0.1138975 0.1636938 0.1636938 0.1686938 0.1686938 0.1683432 0.1683432 0.1683432 0.1634840 0.1634840 0.1596332 0.1596332 0.1571497 0.1571497 0.1514497 0.1514497 0.1481614
0.2139810 0.2139810 0.2093061 0.2237242 0.2306854 0.2306854 0.2339599 0.2399632 0.2399632 0.2458848 0.2458848 0.2523277 0.2558934 0.2596831 0.2635554 0.2635554 0.2663933 0.2664289 0.2663961 0.2662758 0.2659897 0.2654210 0.2644226 0.2628165 0.2603825 0.2568302 0.2517318 0.2443555 0.2331699 0.2136429 0.2136429 0.1532346 0.1276917 0.1046155 0.9900298E-01 0.9900298E-01 0.9669805E-01 0.9669805E-01 0.1049039 0.1049039 0.1141557 0.1546200 0.1546200 0.1691973 0.1691973 0.1691056 0.1691056 0.1691056 0.1633961 0.1633961 0.1595003 0.1595003 0.1564471 0.1564471 0.1516880 0.1516880 0.1482447
0.2136082 0.2136082 0.2091423 0.2233852 0.2306789 0.2306789 0.2338941 0.2397515 0.2397515 0.2454004 0.2454004 0.2512741 0.2543697 0.2575350 0.2606481 0.2606481 0.2622139 0.2618926 0.2615308 0.2611257 0.2606125 0.2598843 0.2587997 0.2571838 0.2548204 0.2514300 0.2466195 0.2397549 0.2295859 0.2126355 0.2126355 0.1652506 0.1417961 0.1189762 0.1133332 0.1133332 0.1105460 0.1105460 0.1152407 0.1152407 0.1199678 0.1454888 0.1454888 0.1662292 0.1662292 0.1681721 0.1681721 0.1681721 0.1633052 0.1633052 0.1592571 0.1592571 0.1559687 0.1559687 0.1516797 0.1516797 0.1481896
0.2133339 0.2133339 0.2090096 0.2231070 0.2306306 0.2306306 0.2337897 0.2394855 0.2394855 0.2448249 0.2448249 0.2500942 0.2527233 0.2552989 0.2577253 0.2577253 0.2579768 0.2572509 0.2565579 0.2558784 0.2551394 0.2542315 0.2530167 0.2513292 0.2489688 0.2456866 0.2411481 0.2348280 0.2257054 0.2108854 0.2108854 0.1731540 0.1524662 0.1323496 0.1279553 0.1279553 0.1260881 0.1260881 0.1276674 0.1276674 0.1289742 0.1407201 0.1407201 0.1597814 0.1597814 0.1663754 0.1663754 0.1663754 0.1626845 0.1626845 0.1587103 0.1587103 0.1552860 0.1552860 0.1513757 0.1513757 0.1479907
0.2131473 0.2131473 0.2089124 0.2228554 0.2305599 0.2305599 0.2336594 0.2391806 0.2391806 0.2441907 0.2441907 0.2488426 0.2510074 0.2530004 0.2547414 0.2547414 0.2534838 0.2522784 0.2512358 0.2502999 0.2493713 0.2483241 0.2470149 0.2452832 0.2429477 0.2397980 0.2355750 0.2298736 0.2218775 0.2090809 0.2090809 0.1787876 0.1614640 0.1461651 0.1436241 0.1436241 0.1421493 0.1421493 0.1401363 0.1401363 0.1388211 0.1408630 0.1408630 0.1529079 0.1529079 0.1629581 0.1629581 0.1629581 0.1611013 0.1611013 0.1576861 0.1576861 0.1543578 0.1543578 0.1508100 0.1508100 0.1476663
0.2130406 0.2130406 0.2088532 0.2226191 0.2304753 0.2304753 0.2335130 0.2388534 0.2388534 0.2435299 0.2435299 0.2475705 0.2492761 0.2506808 0.2516935 0.2516935 0.2485846 0.2468053 0.2453796 0.2441976 0.2431185 0.2419871 0.2406444 0.2389286 0.2366741 0.2337156 0.2298979 0.2249658 0.2183043 0.2078663 0.2078663 0.1834829 0.1704731 0.1614727 0.1603365 0.1603365 0.1573356 0.1573356 0.1514405 0.1514405 0.1481487 0.1441729 0.1441729 0.1484113 0.1484113 0.1582381 0.1582381 0.1582381 0.1583484 0.1583484 0.1559812 0.1559812 0.1530864 0.1530864 0.1499955 0.1499955 0.1472303
0.2130093 0.2130093 0.2088335 0.2224019 0.2303827 0.2303827 0.2333596 0.2385193 0.2385193 0.2428704 0.2428704 0.2463226 0.2475803 0.2483888 0.2486017 0.2486017 0.2431127 0.2406517 0.2388040 0.2373841 0.2361954 0.2350414 0.2337366 0.2321095 0.2300053 0.2273104 0.2240372 0.2201502 0.2152203 0.2075067 0.2075067 0.1892628 0.1812081 0.1781792 0.1769281 0.1769281 0.1705026 0.1705026 0.1611328 0.1611328 0.1564198 0.1488140 0.1488140 0.1469952 0.1469952 0.1532761 0.1532761 0.1532761 0.1546295 0.1546295 0.1534993 0.1534993 0.1513682 0.1513682 0.1489163 0.1489163 0.1466825
0.2130517 0.2130517 0.2088536 0.2222132 0.2302853 0.2302853 0.2332053 0.2381926 0.2381926 0.2422377 0.2422377 0.2451392 0.2459690 0.2461811 0.2455133 0.2455133 0.2368536 0.2335970 0.2312904 0.2296452 0.2283960 0.2272914 0.2261076 0.2246535 0.2227762 0.2204226 0.2179193 0.2156049 0.2131733 0.2088788 0.2088788 0.1979094 0.1948301 0.1948305 0.1917238 0.1917238 0.1812290 0.1812290 0.1692176 0.1692176 0.1635097 0.1536510 0.1536510 0.1478344 0.1478344 0.1491264 0.1491264 0.1491264 0.1505155 0.1505155 0.1503622 0.1503622 0.1491709 0.1491709 0.1475524 0.1475524 0.1460215
0.2131691 0.2131691 0.2089130 0.2220708 0.2301867 0.2301867 0.2330554 0.2378851 0.2378851 0.2416528 0.2416528 0.2440542 0.2444862 0.2441192 0.2425084 0.2425084 0.2295162 0.2253589 0.2225652 0.2207148 0.2194672 0.2185024 0.2175435 0.2163656 0.2148029 0.2128660 0.2115403 0.2118307 0.2132193 0.2135613 0.2135613 0.2098646 0.2110704 0.2099048 0.2038418 0.2038418 0.1896940 0.1896940 0.1758289 0.1758289 0.1694182 0.1581021 0.1581021 0.1498050 0.1498050 0.1462906 0.1462906 0.1462906 0.1466541 0.1466541 0.1469013 0.1469013 0.1465912 0.1465912 0.1459301 0.1459301 0.1452579
0.2133656 0.2133656 0.2090101 0.2219987 0.2300873 0.2300873 0.2329124 0.2376070 0.2376070 0.2411335 0.2411335 0.2430951 0.2431691 0.2422602 0.2396976 0.2396976 0.2206666 0.2155624 0.2122960 0.2102667 0.2090843 0.2083649 0.2077648 0.2070038 0.2058717 0.2044168 0.2050990 0.2099321 0.2168516 0.2226402 0.2226402 0.2254944 0.2275454 0.2212314 0.2141691 0.2141691 0.1962843 0.1962843 0.1811050 0.1811050 0.1741897 0.1619130 0.1619130 0.1520960 0.1520960 0.1447168 0.1447168 0.1447168 0.1435008 0.1435008 0.1435391 0.1435391 0.1438562 0.1438562 0.1441511 0.1441511 0.1444299
