cruce_test.gid/Rasters/Hydraulic/Depth____000190.asc
NCOLS        79
NROWS        79
XLLCENTER         -1.500000
YLLCENTER         -4.800000
CELLSIZE           0.100
NODATA_VALUE     -9999.0
[rows 0 to 25 of 79, columns 0 to 58 of 79]
-9999.000 -9999.000 -9999.000 -9999.000 -9999.000 -9999.000 -9999.000 -9999.000 -9999.000 -9999.000 -9999.000 -9999.000 -9999.000 -9999.000 -9999.000 0.7342344 0.7347639 0.7350526 0.7351619 0.7350113 0.7347347 0.7344140 0.7340772 0.7337430 0.7334399 0.7331607 0.7329068 0.7326568 0.7323111 0.7322868 0.7322868 -9999.000 -9999.000 -9999.000 -9999.000 -9999.000 -9999.000 -9999.000 -9999.000 -9999.000 -9999.000 -9999.000 -9999.000 -9999.000 -9999.000 -9999.000 -9999.000 -9999.000 -9999.000 -9999.000 -9999.000 -9999.000 -9999.000 -9999.000 -9999.000 -9999.000 -9999.000 -9999.000 -9999.000
-9999.000 -9999.000 -9999.000 -9999.000 -9999.000 -9999.000 -9999.000 -9999.000 -9999.000 -9999.000 -9999.000 -9999.000 -9999.000 -9999.000 -9999.000 0.7360514 0.7365222 0.7367565 0.7368442 0.7367197 0.7364973 0.7362454 0.7359852 0.7357307 0.7355042 0.7352979 0.7351119 0.7349265 0.7346526 0.7347116 0.7347116 -9999.000 -9999.000 -9999.000 -9999.000 -9999.000 -9999.000 -9999.000 -9999.000 -9999.000 -9999.000 -9999.000 -9999.000 -9999.000 -9999.000 -9999.000 -9999.000 -9999.000 -9999.000 -9999.000 -9999.000 -9999.000 -9999.000 -9999.000 -9999.000 -9999.000 -9999.000 -9999.000 -9999.000
-9999.000 -9999.000 -9999.000 -9999.000 -9999.000 -9999.000 -9999.000 -9999.000 -9999.000 -9999.000 -9999.000 -9999.000 -9999.000 -9999.000 -9999.000 0.7379655 0.7384755 0.7387246 0.7388244 0.7387065 0.7384893 0.7382435 0.7379908 0.7377447 0.7375280 0.7373309 0.7371526 0.7369716 0.7366936 0.7367496 0.7367496 -9999.000 -9999.000 -9999.000 -9999.000 -9999.000 -9999.000 -9999.000 -9999.000 -9999.000 -9999.000 -9999.000 -9999.000 -9999.000 -9999.000 -9999.000 -9999.000 -9999.000 -9999.000 -9999.000 -9999.000 -9999.000 -9999.000 -9999.000 -9999.000 -9999.000 -9999.000 -9999.000 -9999.000
-9999.000 -9999.000 -9999.000 -9999.000 -9999.000 -9999.000 -9999.000 -9999.000 -9999.000 -9999.000 -9999.000 -9999.000 -9999.000 -9999.000 -9999.000 0.7399279 0.7404646 0.7407235 0.7408296 0.7407123 0.7404936 0.7402468 0.7399935 0.7397471 0.7395314 0.7393350 0.7391570 0.7389742 0.7386862 0.7387228 0.7387228 -9999.000 -9999.000 -9999.000 -9999.000 -9999.000 -9999.000 -9999.000 -9999.000 -9999.000 -9999.000 -9999.000 -9999.000 -9999.000 -9999.000 -9999.000 -9999.000 -9999.000 -9999.000 -9999.000 -9999.000 -9999.000 -9999.000 -9999.000 -9999.000 -9999.000 -9999.000 -9999.000 -9999.000
-9999.000 -9999.000 -9999.000 -9999.000 -9999.000 -9999.000 -9999.000 -9999.000 -9999.000 -9999.000 -9999.000 -9999.000 -9999.000 -9999.000 -9999.000 0.7419083 0.7424670 0.7427335 0.7428436 0.7427236 0.7425002 0.7422488 0.7419910 0.7417405 0.7415222 0.7413227 0.7411416 0.7409536 0.7406517 0.7406559 0.7406559 -9999.000 -9999.000 -9999.000 -9999.000 -9999.000 -9999.000 -9999.000 -9999.000 -9999.000 -9999.000 -9999.000 -9999.000 -9999.000 -9999.000 -9999.000 -9999.000 -9999.000 -9999.000 -9999.000 -9999.000 -9999.000 -9999.000 -9999.000 -9999.000 -9999.000 -9999.000 -9999.000 -9999.000
-9999.000 -9999.000 -9999.000 -9999.000 -9999.000 -9999.000 -9999.000 -9999.000 -9999.000 -9999.000 -9999.000 -9999.000 -9999.000 -9999.000 -9999.000 0.7438933 0.7444724 0.7447453 0.7448578 0.7447339 0.7445039 0.7442464 0.7439824 0.7437257 0.7435033 0.7432989 0.7431128 0.7429178 0.7425984 0.7425579 0.7425579 -9999.000 -9999.000 -9999.000 -9999.000 -9999.000 -9999.000 -9999.000 -9999.000 -9999.000 -9999.000 -9999.000 -9999.000 -9999.000 -9999.000 -9999.000 -9999.000 -9999.000 -9999.000 -9999.000 -9999.000 -9999.000 -9999.000 -9999.000 -9999.000 -9999.000 -9999.000 -9999.000 -9999.000
-9999.000 -9999.000 -9999.000 -9999.000 -9999.000 -9999.000 -9999.000 -9999.000 -9999.000 -9999.000 -9999.000 -9999.000 -9999.000 -9999.000 -9999.000 0.7458772 0.7464760 0.7467542 0.7468685 0.7467394 0.7465019 0.7462375 0.7459664 0.7457026 0.7454754 0.7452650 0.7450729 0.7448694 0.7445288 0.7444295 0.7444295 -9999.000 -9999.000 -9999.000 -9999.000 -9999.000 -9999.000 -9999.000 -9999.000 -9999.000 -9999.000 -9999.000 -9999.000 -9999.000 -9999.000 -9999.000 -9999.000 -9999.000 -9999.000 -9999.000 -9999.000 -9999.000 -9999.000 -9999.000 -9999.000 -9999.000 -9999.000 -9999.000 -9999.000
-9999.000 -9999.000 -9999.000 -9999.000 -9999.000 -9999.000 -9999.000 -9999.000 -9999.000 -9999.000 -9999.000 -9999.000 -9999.000 -9999.000 -9999.000 0.7478570 0.7484753 0.7487580 0.7488732 0.7487381 0.7484923 0.7482203 0.7479417 0.7476701 0.7474378 0.7472208 0.7470220 0.7468086 0.7464432 0.7462674 0.7462674 -9999.000 -9999.000 -9999.000 -9999.000 -9999.000 -9999.000 -9999.000 -9999.000 -9999.000 -9999.000 -9999.000 -9999.000 -9999.000 -9999.000 -9999.000 -9999.000 -9999.000 -9999.000 -9999.000 -9999.000 -9999.000 -9999.000 -9999.000 -9999.000 -9999.000 -9999.000 -9999.000 -9999.000
-9999.000 -9999.000 -9999.000 -9999.000 -9999.000 -9999.000 -9999.000 -9999.000 -9999.000 -9999.000 -9999.000 -9999.000 -9999.000 -9999.000 -9999.000 0.7498310 0.7504687 0.7507550 0.7508703 0.7507281 0.7504733 0.7501935 0.7499068 0.7496269 0.7493896 0.7491654 0.7489591 0.7487346 0.7483397 0.7480646 0.7480646 -9999.000 -9999.000 -9999.000 -9999.000 -9999.000 -9999.000 -9999.000 -9999.000 -9999.000 -9999.000 -9999.000 -9999.000 -9999.000 -9999.000 -9999.000 -9999.000 -9999.000 -9999.000 -9999.000 -9999.000 -9999.000 -9999.000 -9999.000 -9999.000 -9999.000 -9999.000 -9999.000 -9999.000
-9999.000 -9999.000 -9999.000 -9999.000 -9999.000 -9999.000 -9999.000 -9999.000 -9999.000 -9999.000 -9999.000 -9999.000 -9999.000 -9999.000 -9999.000 0.7517976 0.7524549 0.7527437 0.7528582 0.7527079 0.7524433 0.7521553 0.7518601 0.7515716 0.7513292 0.7510971 0.7508827 0.7506455 0.7502159 0.7498106 0.7498106 -9999.000 -9999.000 -9999.000 -9999.000 -9999.000 -9999.000 -9999.000 -9999.000 -9999.000 -9999.000 -9999.000 -9999.000 -9999.000 -9999.000 -9999.000 -9999.000 -9999.000 -9999.000 -9999.000 -9999.000 -9999.000 -9999.000 -9999.000 -9999.000 -9999.000 -9999.000 -9999.000 -9999.000
-9999.000 -9999.000 -9999.000 -9999.000 -9999.000 -9999.000 -9999.000 -9999.000 -9999.000 -9999.000 -9999.000 -9999.000 -9999.000 -9999.000 -9999.000 0.7537552 0.7544325 0.7547224 0.7548352 0.7546755 0.7544002 0.7541037 0.7537996 0.7535019 0.7532549 0.7530141 0.7527908 0.7525390 0.7520682 0.7514906 0.7514906 -9999.000 -9999.000 -9999.000 -9999.000 -9999.000 -9999.000 -9999.000 -9999.000 -9999.000 -9999.000 -9999.000 -9999.000 -9999.000 -9999.000 -9999.000 -9999.000 -9999.000 -9999.000 -9999.000 -9999.000 -9999.000 -9999.000 -9999.000 -9999.000 -9999.000 -9999.000 -9999.000 -9999.000
-9999.000 -9999.000 -9999.000 -9999.000 -9999.000 -9999.000 -9999.000 -9999.000 -9999.000 -9999.000 -9999.000 -9999.000 -9999.000 -9999.000 -9999.000 0.7557013 0.7563991 0.7566888 0.7567989 0.7566287 0.7563416 0.7560362 0.7557228 0.7554153 0.7551641 0.7549137 0.7546806 0.7544116 0.7538915 0.7530826 0.7530826 -9999.000 -9999.000 -9999.000 -9999.000 -9999.000 -9999.000 -9999.000 -9999.000 -9999.000 -9999.000 -9999.000 -9999.000 -9999.000 -9999.000 -9999.000 -9999.000 -9999.000 -9999.000 -9999.000 -9999.000 -9999.000 -9999.000 -9999.000 -9999.000 -9999.000 -9999.000 -9999.000 -9999.000
-9999.000 -9999.000 -9999.000 -9999.000 -9999.000 -9999.000 -9999.000 -9999.000 -9999.000 -9999.000 -9999.000 -9999.000 -9999.000 -9999.000 -9999.000 0.7576234 0.7583440 0.7586332 0.7587440 0.7585662 0.7582676 0.7579529 0.7576296 0.7573113 0.7570559 0.7567945 0.7565500 0.7562605 0.7556804 0.7545551 0.7545551 -9999.000 -9999.000 -9999.000 -9999.000 -9999.000 -9999.000 -9999.000 -9999.000 -9999.000 -9999.000 -9999.000 -9999.000 -9999.000 -9999.000 -9999.000 -9999.000 -9999.000 -9999.000 -9999.000 -9999.000 -9999.000 -9999.000 -9999.000 -9999.000 -9999.000 -9999.000 -9999.000 -9999.000
-9999.000 -9999.000 -9999.000 -9999.000 -9999.000 -9999.000 -9999.000 -9999.000 -9999.000 -9999.000 -9999.000 -9999.000 -9999.000 -9999.000 -9999.000 0.7591639 0.7599766 0.7603577 0.7606470 0.7605705 0.7602807 0.7599528 0.7596107 0.7592701 0.7590002 0.7587153 0.7584488 0.7581274 0.7574683 0.7559059 0.7559059 -9999.000 -9999.000 -9999.000 -9999.000 -9999.000 -9999.000 -9999.000 -9999.000 -9999.000 -9999.000 -9999.000 -9999.000 -9999.000 -9999.000 -9999.000 -9999.000 -9999.000 -9999.000 -9999.000 -9999.000 -9999.000 -9999.000 -9999.000 -9999.000 -9999.000 -9999.000 -9999.000 -9999.000
-9999.000 -9999.000 -9999.000 -9999.000 -9999.000 -9999.000 -9999.000 -9999.000 -9999.000 -9999.000 -9999.000 -9999.000 -9999.000 -9999.000 -9999.000 0.7457442 0.7557751 0.7614051 0.7655658 0.7667625 0.7659359 0.7649019 0.7638965 0.7629687 0.7622229 0.7615416 0.7609560 0.7603552 0.7593569 0.7564621 0.7564621 -9999.000 -9999.000 -9999.000 -9999.000 -9999.000 -9999.000 -9999.000 -9999.000 -9999.000 -9999.000 -9999.000 -9999.000 -9999.000 -9999.000 -9999.000 -9999.000 -9999.000 -9999.000 -9999.000 -9999.000 -9999.000 -9999.000 -9999.000 -9999.000 -9999.000 -9999.000 -9999.000 -9999.000
0.8569125 0.8569125 0.8596457 0.8356386 0.8311070 0.8311070 0.8274866 0.8214526 0.8214526 0.8164315 0.8164315 0.8121224 0.8101711 0.8083299 0.8065833 0.8065833 0.7661453 0.7647749 0.7635818 0.7619845 0.7628773 0.7646255 0.7667130 0.7690989 0.7724595 0.7752877 0.7778525 0.7789936 0.7748654 0.7498151 0.7498151 0.5420642 0.5023280 0.4751649 0.4657024 0.4657024 0.4492623 0.4492623 0.4432618 0.4432618 0.4485426 0.4835715 0.4835715 0.5553153 0.5553153 0.6622691 0.6622691 0.6622691 0.6731748 0.6731748 0.6669030 0.6669030 0.6532907 0.6532907 0.6375641 0.6375641 0.6221930 0.6221930 0.6221930
0.8537713 0.8537713 0.8584173 0.8346571 0.8300058 0.8300058 0.8263444 0.8203084 0.8203084 0.8153068 0.8153068 0.8110161 0.8090734 0.8072404 0.8055016 0.8055016 0.7715414 0.7651158 0.7598248 0.7548500 0.7512682 0.7486713 0.7469169 0.7460718 0.7464551 0.7475636 0.7494041 0.7515013 0.7522677 0.7458234 0.7458234 0.6098336 0.5533390 0.4949341 0.4775825 0.4775825 0.4548098 0.4548098 0.4482249 0.4482249 0.4534333 0.4854912 0.4854912 0.5461000 0.5461000 0.6502656 0.6502656 0.6502656 0.6697239 0.6697239 0.6661910 0.6661910 0.6535128 0.6535128 0.6381516 0.6381516 0.6229440 0.6229440 0.6229440
0.8522730 0.8522730 0.8577909 0.8347999 0.8300775 0.8300775 0.8263499 0.8202682 0.8202682 0.8152610 0.8152610 0.8109670 0.8090216 0.8071858 0.8054436 0.8054436 0.7758254 0.7654094 0.7562311 0.7478415 0.7408202 0.7351396 0.7306963 0.7274690 0.7256283 0.7249355 0.7253203 0.7264745 0.7272695 0.7233867 0.7233867 0.6407395 0.5840095 0.5128150 0.4901848 0.4901848 0.4630112 0.4630112 0.4600904 0.4600904 0.4685315 0.5026621 0.5026621 0.5514904 0.5514904 0.6382682 0.6382682 0.6382682 0.6624593 0.6624593 0.6628780 0.6628780 0.6520725 0.6520725 0.6374998 0.6374998 0.6226692 0.6226692 0.6226692
0.8513432 0.8513432 0.8568240 0.8349544 0.8301922 0.8301922 0.8263944 0.8202603 0.8202603 0.8152544 0.8152544 0.8109654 0.8090211 0.8071855 0.8054429 0.8054429 0.7789010 0.7652971 0.7524969 0.7407016 0.7304085 0.7217796 0.7147990 0.7094179 0.7056814 0.7034306 0.7025353 0.7027401 0.7032297 0.7009313 0.7009313 0.6502564 0.6016159 0.5291802 0.5045142 0.5045142 0.4779539 0.4779539 0.4834335 0.4834335 0.4961440 0.5294188 0.5294188 0.5625278 0.5625278 0.6244856 0.6244856 0.6244856 0.6500338 0.6500338 0.6552332 0.6552332 0.6478031 0.6478031 0.6350787 0.6350787 0.6213115 0.6213115 0.6213115
0.8509868 0.8509868 0.8554928 0.8351247 0.8303193 0.8303193 0.8264485 0.8202567 0.8202567 0.8152506 0.8152506 0.8109654 0.8090214 0.8071855 0.8054415 0.8054415 0.7803566 0.7640776 0.7480139 0.7329857 0.7195687 0.7080478 0.6985042 0.6909199 0.6852893 0.6814904 0.6793692 0.6786830 0.6788111 0.6775786 0.6775786 0.6465921 0.6080944 0.5420030 0.5192959 0.5192959 0.5020391 0.5020391 0.5200022 0.5200022 0.5350003 0.5600088 0.5600088 0.5752128 0.5752128 0.6111214 0.6111214 0.6111214 0.6343133 0.6343133 0.6436438 0.6436438 0.6406050 0.6406050 0.6308398 0.6308398 0.6189589 0.6189589 0.6189589
0.8515440 0.8515440 0.8535513 0.8352910 0.8304336 0.8304336 0.8264948 0.8202485 0.8202485 0.8152426 0.8152426 0.8109637 0.8090215 0.8071870 0.8054422 0.8054422 0.7799247 0.7611689 0.7421597 0.7241565 0.7078480 0.6935984 0.6815624 0.6717682 0.6642064 0.6587858 0.6553628 0.6537163 0.6533656 0.6527868 0.6527868 0.6342684 0.6057740 0.5519763 0.5362805 0.5362805 0.5387419 0.5387419 0.5671860 0.5671860 0.5790950 0.5885982 0.5885982 0.5871903 0.5871903 0.6002481 0.6002481 0.6002481 0.6179605 0.6179605 0.6293828 0.6293828 0.6307321 0.6307321 0.6247311 0.6247311 0.6155592 0.6155592 0.6155592
0.8516800 0.8516800 0.8525109 0.8354076 0.8305131 0.8305131 0.8265285 0.8202451 0.8202451 0.8152390 0.8152390 0.8109632 0.8090217 0.8071874 0.8054406 0.8054406 0.7773364 0.7560351 0.7342882 0.7135845 0.6946760 0.6779599 0.6636258 0.6517366 0.6422939 0.6352351 0.6304438 0.6277344 0.6267445 0.6264526 0.6264526 0.6159807 0.5968288 0.5625966 0.5609390 0.5609390 0.5897064 0.5897064 0.6168083 0.6168083 0.6200098 0.6119284 0.6119284 0.5977606 0.5977606 0.5928277 0.5928277 0.5928277 0.6032040 0.6032040 0.6140970 0.6140970 0.6187969 0.6187969 0.6168346 0.6168346 0.6110593 0.6110593 0.6110593
0.8517255 0.8517255 0.8521627 0.8354464 0.8305402 0.8305402 0.8265402 0.8202439 0.8202439 0.8152376 0.8152376 0.8109629 0.8090218 0.8071876 0.8054374 0.8054374 0.7722353 0.7481104 0.7237209 0.7005720 0.6793898 0.6605450 0.6442178 0.6304747 0.6193227 0.6107188 0.6045762 0.6007521 0.5989957 0.5987347 0.5987347 0.5937269 0.5838535 0.5812743 0.6013501 0.6013501 0.6493357 0.6493357 0.6590849 0.6590849 0.6519727 0.6297929 0.6297929 0.6070967 0.6070967 0.5887841 0.5887841 0.5887841 0.5913313 0.5913313 0.5993698 0.5993698 0.6057447 0.6057447 0.6074588 0.6074588 0.6054956 0.6054956 0.6054956
0.8516801 0.8516801 0.8525108 0.8354075 0.8305130 0.8305130 0.8265285 0.8202451 0.8202451 0.8152389 0.8152389 0.8109631 0.8090218 0.8071874 0.8054323 0.8054323 0.7640667 0.7366898 0.7096669 0.6843117 0.6612143 0.6406478 0.6227301 0.6074949 0.5949328 0.5850050 0.5776452 0.5727538 0.5702038 0.5699852 0.5699852 0.5696456 0.5713703 0.6189618 0.6616065 0.6616065 0.7043568 0.7043568 0.6892489 0.6892489 0.6743988 0.6434764 0.6434764 0.6154535 0.6154535 0.5874216 0.5874216 0.5874216 0.5826845 0.5826845 0.5863923 0.5863923 0.5926422 0.5926422 0.5971645 0.5971645 0.5990682 0.5990682 0.5990682
0.8515441 0.8515441 0.8535513 0.8352910 0.8304335 0.8304335 0.8264946 0.8202484 0.8202484 0.8152426 0.8152426 0.8109636 0.8090215 0.8071870 0.8054242 0.8054242 0.7519467 0.7208003 0.6911244 0.6638259 0.6392293 0.6174290 0.5984238 0.5821738 0.5686263 0.5577264 0.5494148 0.5436299 0.5404420 0.5409788 0.5409788 0.5475633 0.5690126 0.6821530 0.7318870 0.7318870 0.7430637 0.7430637 0.7087296 0.7087296 0.6898225 0.6543137 0.6543137 0.6229347 0.6229347 0.5878868 0.5878868 0.5878868 0.5769718 0.5769718 0.5758309 0.5758309 0.5805063 0.5805063 0.5867131 0.5867131 0.5921689 0.5921689 0.5921689
0.8509869 0.8509869 0.8554928 0.8351248 0.8303193 0.8303193 0.8264484 0.8202566 0.8202566 0.8152506 0.8152506 0.8109652 0.8090213 0.8071855 0.8054111 0.8054111 0.7344272 0.6989936 0.6667205 0.6378521 0.6122953 0.5898727 0.5704057 0.5537413 0.5397590 0.5283689 0.5195029 0.5131462 0.5098740 0.5141126 0.5141126 0.5370355 0.5944254 0.7590853 0.7896580 0.7896580 0.7645957 0.7645957 0.7213282 0.7213282 0.7008092 0.6630158 0.6630158 0.6294196 0.6294196 0.5893649 0.5893649 0.5893649 0.5735728 0.5735728 0.5678504 0.5678504 0.5701268 0.5701268 0.5769486 0.5769486 0.5853543 0.5853543 0.5853543
