cruce_test.gid/Rasters/Hydraulic/Depth____000316.asc
NCOLS        79
NROWS        79
XLLCENTER         -1.500000
YLLCENTER         -4.800000
CELLSIZE           0.100
NODATA_VALUE     -9999.0
[rows 0 to 25 of 79, columns 0 to 58 of 79]
-9999.000 -9999.000 -9999.000 -9999.000 -9999.000 -9999.000 -9999.000 -9999.000 -9999.000 -9999.000 -9999.000 -9999.000 -9999.000 -9999.000 -9999.000 0.6859095 0.6863067 0.6863533 0.6862353 0.6860382 0.6857985 0.6855323 0.6852629 0.6849969 0.6847415 0.6845028 0.6842766 0.6840292 0.6836533 0.6836071 0.6836071 -9999.000 -9999.000 -9999.000 -9999.000 -9999.000 -9999.000 -9999.000 -9999.000 -9999.000 -9999.000 -9999.000 -9999.000 -9999.000 -9999.000 -9999.000 -9999.000 -9999.000 -9999.000 -9999.000 -9999.000 -9999.000 -9999.000 -9999.000 -9999.000 -9999.000 -9999.000 -9999.000 -9999.000
-9999.000 -9999.000 -9999.000 -9999.000 -9999.000 -9999.000 -9999.000 -9999.000 -9999.000 -9999.000 -9999.000 -9999.000 -9999.000 -9999.000 -9999.000 0.6876702 0.6880484 0.6880859 0.6879888 0.6878307 0.6876420 0.6874349 0.6872280 0.6870260 0.6868342 0.6866572 0.6864909 0.6863050 0.6860034 0.6860396 0.6860396 -9999.000 -9999.000 -9999.000 -9999.000 -9999.000 -9999.000 -9999.000 -9999.000 -9999.000 -9999.000 -9999.000 -9999.000 -9999.000 -9999.000 -9999.000 -9999.000 -9999.000 -9999.000 -9999.000 -9999.000 -9999.000 -9999.000 -9999.000 -9999.000 -9999.000 -9999.000 -9999.000 -9999.000
-9999.000 -9999.000 -9999.000 -9999.000 -9999.000 -9999.000 -9999.000 -9999.000 -9999.000 -9999.000 -9999.000 -9999.000 -9999.000 -9999.000 -9999.000 0.6895871 0.6899962 0.6900415 0.6899500 0.6897981 0.6896166 0.6894178 0.6892210 0.6890299 0.6888490 0.6886824 0.6885243 0.6883420 0.6880334 0.6880652 0.6880652 -9999.000 -9999.000 -9999.000 -9999.000 -9999.000 -9999.000 -9999.000 -9999.000 -9999.000 -9999.000 -9999.000 -9999.000 -9999.000 -9999.000 -9999.000 -9999.000 -9999.000 -9999.000 -9999.000 -9999.000 -9999.000 -9999.000 -9999.000 -9999.000 -9999.000 -9999.000 -9999.000 -9999.000
-9999.000 -9999.000 -9999.000 -9999.000 -9999.000 -9999.000 -9999.000 -9999.000 -9999.000 -9999.000 -9999.000 -9999.000 -9999.000 -9999.000 -9999.000 0.6915541 0.6919817 0.6920300 0.6919388 0.6917866 0.6916053 0.6914068 0.6912112 0.6910214 0.6908422 0.6906770 0.6905192 0.6903339 0.6900119 0.6900220 0.6900220 -9999.000 -9999.000 -9999.000 -9999.000 -9999.000 -9999.000 -9999.000 -9999.000 -9999.000 -9999.000 -9999.000 -9999.000 -9999.000 -9999.000 -9999.000 -9999.000 -9999.000 -9999.000 -9999.000 -9999.000 -9999.000 -9999.000 -9999.000 -9999.000 -9999.000 -9999.000 -9999.000 -9999.000
-9999.000 -9999.000 -9999.000 -9999.000 -9999.000 -9999.000 -9999.000 -9999.000 -9999.000 -9999.000 -9999.000 -9999.000 -9999.000 -9999.000 -9999.000 0.6935421 0.6939825 0.6940314 0.6939377 0.6937823 0.6935975 0.6933953 0.6931966 0.6930039 0.6928217 0.6926538 0.6924927 0.6923004 0.6919596 0.6919336 0.6919336 -9999.000 -9999.000 -9999.000 -9999.000 -9999.000 -9999.000 -9999.000 -9999.000 -9999.000 -9999.000 -9999.000 -9999.000 -9999.000 -9999.000 -9999.000 -9999.000 -9999.000 -9999.000 -9999.000 -9999.000 -9999.000 -9999.000 -9999.000 -9999.000 -9999.000 -9999.000 -9999.000 -9999.000
-9999.000 -9999.000 -9999.000 -9999.000 -9999.000 -9999.000 -9999.000 -9999.000 -9999.000 -9999.000 -9999.000 -9999.000 -9999.000 -9999.000 -9999.000 0.6955374 0.6959880 0.6960360 0.6959383 0.6957780 0.6955879 0.6953800 0.6951763 0.6949784 0.6947913 0.6946185 0.6944517 0.6942499 0.6938856 0.6938088 0.6938088 -9999.000 -9999.000 -9999.000 -9999.000 -9999.000 -9999.000 -9999.000 -9999.000 -9999.000 -9999.000 -9999.000 -9999.000 -9999.000 -9999.000 -9999.000 -9999.000 -9999.000 -9999.000 -9999.000 -9999.000 -9999.000 -9999.000 -9999.000 -9999.000 -9999.000 -9999.000 -9999.000 -9999.000
-9999.000 -9999.000 -9999.000 -9999.000 -9999.000 -9999.000 -9999.000 -9999.000 -9999.000 -9999.000 -9999.000 -9999.000 -9999.000 -9999.000 -9999.000 0.6975336 0.6979929 0.6980388 0.6979359 0.6977698 0.6975736 0.6973589 0.6971493 0.6969451 0.6967517 0.6965728 0.6963991 0.6961855 0.6957926 0.6956480 0.6956480 -9999.000 -9999.000 -9999.000 -9999.000 -9999.000 -9999.000 -9999.000 -9999.000 -9999.000 -9999.000 -9999.000 -9999.000 -9999.000 -9999.000 -9999.000 -9999.000 -9999.000 -9999.000 -9999.000 -9999.000 -9999.000 -9999.000 -9999.000 -9999.000 -9999.000 -9999.000 -9999.000 -9999.000
-9999.000 -9999.000 -9999.000 -9999.000 -9999.000 -9999.000 -9999.000 -9999.000 -9999.000 -9999.000 -9999.000 -9999.000 -9999.000 -9999.000 -9999.000 0.6995270 0.6999940 0.7000368 0.6999279 0.6997554 0.6995525 0.6993304 0.6991143 0.6989030 0.6987026 0.6985169 0.6983351 0.6981075 0.6976804 0.6974463 0.6974463 -9999.000 -9999.000 -9999.000 -9999.000 -9999.000 -9999.000 -9999.000 -9999.000 -9999.000 -9999.000 -9999.000 -9999.000 -9999.000 -9999.000 -9999.000 -9999.000 -9999.000 -9999.000 -9999.000 -9999.000 -9999.000 -9999.000 -9999.000 -9999.000 -9999.000 -9999.000 -9999.000 -9999.000
-9999.000 -9999.000 -9999.000 -9999.000 -9999.000 -9999.000 -9999.000 -9999.000 -9999.000 -9999.000 -9999.000 -9999.000 -9999.000 -9999.000 -9999.000 0.7015151 0.7019895 0.7020281 0.7019123 0.7017330 0.7015230 0.7012929 0.7010700 0.7008511 0.7006431 0.7004499 0.7002589 0.7000149 0.6995469 0.6991943 0.6991943 -9999.000 -9999.000 -9999.000 -9999.000 -9999.000 -9999.000 -9999.000 -9999.000 -9999.000 -9999.000 -9999.000 -9999.000 -9999.000 -9999.000 -9999.000 -9999.000 -9999.000 -9999.000 -9999.000 -9999.000 -9999.000 -9999.000 -9999.000 -9999.000 -9999.000 -9999.000 -9999.000 -9999.000
-9999.000 -9999.000 -9999.000 -9999.000 -9999.000 -9999.000 -9999.000 -9999.000 -9999.000 -9999.000 -9999.000 -9999.000 -9999.000 -9999.000 -9999.000 0.7034960 0.7039774 0.7040107 0.7038871 0.7037005 0.7034830 0.7032444 0.7030145 0.7027876 0.7025714 0.7023700 0.7021688 0.7019056 0.7013882 0.7008772 0.7008772 -9999.000 -9999.000 -9999.000 -9999.000 -9999.000 -9999.000 -9999.000 -9999.000 -9999.000 -9999.000 -9999.000 -9999.000 -9999.000 -9999.000 -9999.000 -9999.000 -9999.000 -9999.000 -9999.000 -9999.000 -9999.000 -9999.000 -9999.000 -9999.000 -9999.000 -9999.000 -9999.000 -9999.000
-9999.000 -9999.000 -9999.000 -9999.000 -9999.000 -9999.000 -9999.000 -9999.000 -9999.000 -9999.000 -9999.000 -9999.000 -9999.000 -9999.000 -9999.000 0.7054672 0.7059559 0.7059826 0.7058502 0.7056556 0.7054303 0.7051828 0.7049456 0.7047101 0.7044850 0.7042747 0.7040619 0.7037758 0.7031989 0.7024728 0.7024728 -9999.000 -9999.000 -9999.000 -9999.000 -9999.000 -9999.000 -9999.000 -9999.000 -9999.000 -9999.000 -9999.000 -9999.000 -9999.000 -9999.000 -9999.000 -9999.000 -9999.000 -9999.000 -9999.000 -9999.000 -9999.000 -9999.000 -9999.000 -9999.000 -9999.000 -9999.000 -9999.000 -9999.000
-9999.000 -9999.000 -9999.000 -9999.000 -9999.000 -9999.000 -9999.000 -9999.000 -9999.000 -9999.000 -9999.000 -9999.000 -9999.000 -9999.000 -9999.000 0.7074257 0.7079223 0.7079412 0.7077987 0.7075956 0.7073619 0.7071047 0.7068601 0.7066152 0.7063805 0.7061603 0.7059340 0.7056205 0.7049707 0.7039477 0.7039477 -9999.000 -9999.000 -9999.000 -9999.000 -9999.000 -9999.000 -9999.000 -9999.000 -9999.000 -9999.000 -9999.000 -9999.000 -9999.000 -9999.000 -9999.000 -9999.000 -9999.000 -9999.000 -9999.000 -9999.000 -9999.000 -9999.000 -9999.000 -9999.000 -9999.000 -9999.000 -9999.000 -9999.000
-9999.000 -9999.000 -9999.000 -9999.000 -9999.000 -9999.000 -9999.000 -9999.000 -9999.000 -9999.000 -9999.000 -9999.000 -9999.000 -9999.000 -9999.000 0.7093671 0.7098730 0.7098825 0.7097287 0.7095164 0.7092736 0.7090061 0.7087537 0.7084984 0.7082529 0.7080215 0.7077792 0.7074318 0.7066916 0.7052490 0.7052490 -9999.000 -9999.000 -9999.000 -9999.000 -9999.000 -9999.000 -9999.000 -9999.000 -9999.000 -9999.000 -9999.000 -9999.000 -9999.000 -9999.000 -9999.000 -9999.000 -9999.000 -9999.000 -9999.000 -9999.000 -9999.000 -9999.000 -9999.000 -9999.000 -9999.000 -9999.000 -9999.000 -9999.000
-9999.000 -9999.000 -9999.000 -9999.000 -9999.000 -9999.000 -9999.000 -9999.000 -9999.000 -9999.000 -9999.000 -9999.000 -9999.000 -9999.000 -9999.000 0.7112515 0.7117826 0.7117931 0.7116356 0.7114167 0.7111660 0.7108874 0.7106264 0.7103584 0.7100996 0.7098540 0.7095913 0.7092006 0.7083458 0.7062967 0.7062967 -9999.000 -9999.000 -9999.000 -9999.000 -9999.000 -9999.000 -9999.000 -9999.000 -9999.000 -9999.000 -9999.000 -9999.000 -9999.000 -9999.000 -9999.000 -9999.000 -9999.000 -9999.000 -9999.000 -9999.000 -9999.000 -9999.000 -9999.000 -9999.000 -9999.000 -9999.000 -9999.000 -9999.000
-9999.000 -9999.000 -9999.000 -9999.000 -9999.000 -9999.000 -9999.000 -9999.000 -9999.000 -9999.000 -9999.000 -9999.000 -9999.000 -9999.000 -9999.000 0.7073670 0.7120361 0.7141451 0.7147472 0.7144713 0.7141120 0.7136885 0.7132732 0.7128466 0.7124366 0.7120534 0.7116594 0.7111080 0.7099531 0.7062932 0.7062932 -9999.000 -9999.000 -9999.000 -9999.000 -9999.000 -9999.000 -9999.000 -9999.000 -9999.000 -9999.000 -9999.000 -9999.000 -9999.000 -9999.000 -9999.000 -9999.000 -9999.000 -9999.000 -9999.000 -9999.000 -9999.000 -9999.000 -9999.000 -9999.000 -9999.000 -9999.000 -9999.000 -9999.000
0.7812422 0.7812422 0.7840343 0.7696639 0.7623817 0.7623817 0.7592793 0.7543915 0.7543915 0.7501915 0.7501915 0.7465752 0.7449549 0.7434401 0.7419805 0.7419805 0.7167760 0.7155310 0.7146422 0.7153411 0.7165505 0.7181394 0.7204806 0.7229262 0.7254255 0.7278234 0.7295528 0.7290691 0.7221817 0.6925064 0.6925064 0.4849207 0.4493625 0.4286670 0.4217675 0.4217675 0.4111978 0.4111978 0.4147489 0.4147489 0.4262704 0.4760028 0.4760028 0.5816768 0.5816768 0.6237972 0.6237972 0.6237972 0.6229935 0.6229935 0.6125543 0.6125543 0.5987335 0.5987335 0.5844733 0.5844733 0.5714564 0.5714564 0.5714564
0.7784592 0.7784592 0.7827687 0.7678804 0.7616367 0.7616367 0.7583247 0.7533457 0.7533457 0.7491566 0.7491566 0.7455580 0.7439458 0.7424382 0.7409859 0.7409859 0.7191138 0.7142090 0.7097666 0.7062941 0.7035189 0.7014915 0.7004703 0.7003148 0.7010105 0.7024865 0.7044629 0.7062237 0.7060103 0.6939207 0.6939207 0.5530456 0.4994968 0.4470569 0.4324833 0.4324833 0.4161265 0.4161265 0.4187339 0.4187339 0.4294958 0.4728386 0.4728386 0.5545267 0.5545267 0.6211926 0.6211926 0.6211926 0.6227539 0.6227539 0.6128308 0.6128308 0.5991355 0.5991355 0.5850001 0.5850001 0.5720331 0.5720331 0.5720331
0.7773674 0.7773674 0.7818755 0.7675683 0.7619111 0.7619111 0.7584470 0.7533162 0.7533162 0.7491015 0.7491015 0.7455015 0.7438896 0.7423819 0.7409232 0.7409232 0.7208302 0.7127328 0.7050757 0.6983654 0.6926537 0.6879934 0.6845452 0.6822623 0.6811204 0.6810780 0.6819572 0.6832358 0.6835290 0.6762159 0.6762159 0.5863601 0.5311064 0.4650501 0.4453831 0.4453831 0.4257152 0.4257152 0.4321092 0.4321092 0.4448416 0.4842808 0.4842808 0.5439181 0.5439181 0.6137357 0.6137357 0.6137357 0.6198193 0.6198193 0.6117290 0.6117290 0.5986923 0.5986923 0.5848317 0.5848317 0.5720301 0.5720301 0.5720301
0.7770362 0.7770362 0.7804890 0.7674062 0.7621630 0.7621630 0.7586039 0.7533251 0.7533251 0.7490869 0.7490869 0.7454923 0.7438836 0.7423786 0.7409114 0.7409114 0.7217289 0.7108173 0.7000962 0.6903360 0.6818359 0.6747194 0.6691000 0.6649556 0.6622292 0.6608495 0.6606621 0.6612677 0.6616101 0.6569244 0.6569244 0.5998141 0.5508219 0.4825253 0.4612400 0.4612400 0.4438507 0.4438507 0.4574870 0.4574870 0.4717265 0.5034308 0.5034308 0.5406383 0.5406383 0.6008144 0.6008144 0.6008144 0.6121311 0.6121311 0.6076447 0.6076447 0.5964149 0.5964149 0.5834818 0.5834818 0.5713084 0.5713084 0.5713084
0.7771429 0.7771429 0.7789486 0.7673432 0.7623745 0.7623745 0.7587494 0.7533359 0.7533359 0.7490721 0.7490721 0.7454835 0.7438787 0.7423768 0.7408957 0.7408957 0.7214584 0.7079887 0.6943944 0.6817412 0.6705227 0.6609586 0.6531699 0.6471632 0.6428806 0.6402293 0.6390532 0.6390188 0.6393061 0.6365210 0.6365210 0.6002318 0.5601786 0.4977767 0.4794273 0.4794273 0.4728228 0.4728228 0.4942330 0.4942330 0.5067683 0.5252531 0.5252531 0.5418152 0.5418152 0.5852066 0.5852066 0.5852066 0.6001648 0.6001648 0.6003278 0.6003278 0.5921479 0.5921479 0.5810139 0.5810139 0.5700598 0.5700598 0.5700598
0.7770226 0.7770226 0.7781085 0.7672948 0.7625232 0.7625232 0.7588642 0.7533457 0.7533457 0.7490593 0.7490593 0.7454755 0.7438742 0.7423750 0.7408720 0.7408720 0.7197390 0.7037916 0.6874997 0.6721475 0.6583565 0.6464233 0.6364955 0.6286096 0.6227270 0.6187583 0.6165563 0.6158390 0.6159672 0.6145536 0.6145536 0.5919648 0.5614260 0.5122800 0.5026296 0.5026296 0.5142047 0.5142047 0.5370564 0.5370564 0.5433926 0.5456648 0.5456648 0.5456454 0.5456454 0.5702900 0.5702900 0.5702900 0.5857177 0.5857177 0.5901394 0.5901394 0.5858164 0.5858164 0.5773523 0.5773523 0.5682944 0.5682944 0.5682944
0.7769317 0.7769317 0.7776397 0.7672664 0.7626133 0.7626133 0.7589377 0.7533526 0.7533526 0.7490506 0.7490506 0.7454702 0.7438710 0.7423738 0.7408378 0.7408378 0.7162839 0.6977674 0.6788958 0.6610454 0.6448876 0.6307538 0.6188084 0.6091078 0.6016342 0.5963160 0.5930268 0.5915369 0.5913603 0.5908793 0.5908793 0.5776442 0.5568591 0.5308797 0.5365906 0.5365906 0.5654815 0.5654815 0.5778424 0.5778424 0.5753270 0.5628400 0.5628400 0.5510020 0.5510020 0.5583193 0.5583193 0.5583193 0.5709279 0.5709279 0.5779613 0.5779613 0.5775585 0.5775585 0.5724353 0.5724353 0.5659630 0.5659630 0.5659630
0.7768995 0.7768995 0.7774872 0.7672570 0.7626433 0.7626433 0.7589629 0.7533553 0.7533553 0.7490475 0.7490475 0.7454683 0.7438700 0.7423733 0.7407894 0.7407894 0.7107187 0.6893952 0.6679935 0.6478375 0.6295611 0.6134760 0.5997325 0.5883859 0.5794286 0.5728061 0.5684183 0.5660878 0.5654717 0.5656163 0.5656163 0.5592994 0.5496117 0.5618830 0.5863385 0.5863385 0.6176516 0.6176516 0.6103367 0.6103367 0.5998647 0.5768552 0.5768552 0.5571936 0.5571936 0.5500863 0.5500863 0.5500863 0.5575642 0.5575642 0.5649938 0.5649938 0.5678049 0.5678049 0.5663282 0.5663282 0.5630431 0.5630431 0.5630431
0.7769346 0.7769346 0.7776369 0.7672659 0.7626128 0.7626128 0.7589375 0.7533528 0.7533528 0.7490507 0.7490507 0.7454702 0.7438710 0.7423738 0.7407216 0.7407216 0.7024986 0.6780154 0.6540789 0.6318082 0.6117049 0.5939939 0.5787699 0.5660560 0.5558352 0.5480596 0.5426512 0.5394832 0.5383706 0.5391323 0.5391323 0.5394108 0.5457149 0.6130686 0.6483205 0.6483205 0.6596679 0.6596679 0.6333809 0.6333809 0.6178283 0.5884674 0.5884674 0.5637023 0.5637023 0.5453031 0.5453031 0.5453031 0.5466686 0.5466686 0.5524651 0.5524651 0.5572594 0.5572594 0.5592893 0.5592893 0.5595925 0.5595925 0.5595925
0.7770282 0.7770282 0.7781036 0.7672940 0.7625223 0.7625223 0.7588637 0.7533457 0.7533457 0.7490594 0.7490594 0.7454758 0.7438742 0.7423751 0.7406269 0.7406269 0.6907872 0.6627158 0.6362291 0.6120706 0.5904976 0.5715754 0.5552912 0.5416028 0.5304579 0.5217985 0.5155589 0.5116611 0.5101675 0.5123484 0.5123484 0.5229730 0.5574108 0.6810579 0.7067263 0.7067263 0.6869705 0.6869705 0.6493294 0.6493294 0.6311998 0.5982361 0.5982361 0.5700420 0.5700420 0.5431542 0.5431542 0.5431542 0.5385458 0.5385458 0.5413668 0.5413668 0.5467875 0.5467875 0.5517885 0.5517885 0.5557894 0.5557894 0.5557894
0.7771511 0.7771511 0.7789429 0.7673424 0.7623736 0.7623736 0.7587489 0.7533359 0.7533359 0.7490723 0.7490723 0.7454836 0.7438787 0.7423768 0.7404946 0.7404946 0.6742403 0.6421499 0.6131756 0.5874673 0.5649059 0.5453118 0.5285130 0.5143665 0.5027611 0.4936121 0.4868526 0.4824701 0.4811444 0.4881433 0.4881433 0.5222204 0.6021700 0.7447959 0.7448468 0.7448468 0.7029920 0.7029920 0.6607304 0.6607304 0.6414284 0.6063579 0.6063579 0.5757834 0.5757834 0.5427321 0.5427321 0.5427321 0.5329779 0.5329779 0.5323120 0.5323120 0.5372595 0.5372595 0.5444629 0.5444629 0.5519435 0.5519435 0.5519435
