cruce_test.gid/Rasters/Hydraulic/Depth____000090.asc
NCOLS        79
NROWS        79
XLLCENTER         -1.500000
YLLCENTER         -4.800000
CELLSIZE           0.100
NODATA_VALUE     -9999.0
[rows 0 to 25 of 79, columns 0 to 57 of 79]
-9999.000 -9999.000 -9999.000 -9999.000 -9999.000 -9999.000 -9999.000 -9999.000 -9999.000 -9999.000 -9999.000 -9999.000 -9999.000 -9999.000 -9999.000 0.3353864 0.3355338 0.3354726 0.3353655 0.3352267 0.3350608 0.3348704 0.3346561 0.3344172 0.3341522 0.3338592 0.3335366 0.3331834 0.3328157 0.3330618 0.3330618 -9999.000 -9999.000 -9999.000 -9999.000 -9999.000 -9999.000 -9999.000 -9999.000 -9999.000 -9999.000 -9999.000 -9999.000 -9999.000 -9999.000 -9999.000 -9999.000 -9999.000 -9999.000 -9999.000 -9999.000 -9999.000 -9999.000 -9999.000 -9999.000 -9999.000 -9999.000 -9999.000
-9999.000 -9999.000 -9999.000 -9999.000 -9999.000 -9999.000 -9999.000 -9999.000 -9999.000 -9999.000 -9999.000 -9999.000 -9999.000 -9999.000 -9999.000 0.3372657 0.3374249 0.3373636 0.3372634 0.3371361 0.3369856 0.3368144 0.3366236 0.3364138 0.3361847 0.3359349 0.3356621 0.3353612 0.3350370 0.3352839 0.3352839 -9999.000 -9999.000 -9999.000 -9999.000 -9999.000 -9999.000 -9999.000 -9999.000 -9999.000 -9999.000 -9999.000 -9999.000 -9999.000 -9999.000 -9999.000 -9999.000 -9999.000 -9999.000 -9999.000 -9999.000 -9999.000 -9999.000 -9999.000 -9999.000 -9999.000 -9999.000 -9999.000
-9999.000 -9999.000 -9999.000 -9999.000 -9999.000 -9999.000 -9999.000 -9999.000 -9999.000 -9999.000 -9999.000 -9999.000 -9999.000 -9999.000 -9999.000 0.3392459 0.3394411 0.3393814 0.3392831 0.3391594 0.3390143 0.3388501 0.3386675 0.3384661 0.3382440 0.3379980 0.3377229 0.3374106 0.3370639 0.3373355 0.3373355 -9999.000 -9999.000 -9999.000 -9999.000 -9999.000 -9999.000 -9999.000 -9999.000 -9999.000 -9999.000 -9999.000 -9999.000 -9999.000 -9999.000 -9999.000 -9999.000 -9999.000 -9999.000 -9999.000 -9999.000 -9999.000 -9999.000 -9999.000 -9999.000 -9999.000 -9999.000 -9999.000
-9999.000 -9999.000 -9999.000 -9999.000 -9999.000 -9999.000 -9999.000 -9999.000 -9999.000 -9999.000 -9999.000 -9999.000 -9999.000 -9999.000 -9999.000 0.3412611 0.3414854 0.3414257 0.3413274 0.3412041 0.3410602 0.3408974 0.3407160 0.3405145 0.3402898 0.3400369 0.3397487 0.3394143 0.3390335 0.3393154 0.3393154 -9999.000 -9999.000 -9999.000 -9999.000 -9999.000 -9999.000 -9999.000 -9999.000 -9999.000 -9999.000 -9999.000 -9999.000 -9999.000 -9999.000 -9999.000 -9999.000 -9999.000 -9999.000 -9999.000 -9999.000 -9999.000 -9999.000 -9999.000 -9999.000 -9999.000 -9999.000 -9999.000
-9999.000 -9999.000 -9999.000 -9999.000 -9999.000 -9999.000 -9999.000 -9999.000 -9999.000 -9999.000 -9999.000 -9999.000 -9999.000 -9999.000 -9999.000 0.3433021 0.3435495 0.3434880 0.3433875 0.3432620 0.3431156 0.3429498 0.3427641 0.3425564 0.3423220 0.3420546 0.3417447 0.3413785 0.3409520 0.3412330 0.3412330 -9999.000 -9999.000 -9999.000 -9999.000 -9999.000 -9999.000 -9999.000 -9999.000 -9999.000 -9999.000 -9999.000 -9999.000 -9999.000 -9999.000 -9999.000 -9999.000 -9999.000 -9999.000 -9999.000 -9999.000 -9999.000 -9999.000 -9999.000 -9999.000 -9999.000 -9999.000 -9999.000
-9999.000 -9999.000 -9999.000 -9999.000 -9999.000 -9999.000 -9999.000 -9999.000 -9999.000 -9999.000 -9999.000 -9999.000 -9999.000 -9999.000 -9999.000 0.3453607 0.3456261 0.3455611 0.3454569 0.3453269 0.3451753 0.3450031 0.3448093 0.3445904 0.3443408 0.3440522 0.3437127 0.3433048 0.3428193 0.3430876 0.3430876 -9999.000 -9999.000 -9999.000 -9999.000 -9999.000 -9999.000 -9999.000 -9999.000 -9999.000 -9999.000 -9999.000 -9999.000 -9999.000 -9999.000 -9999.000 -9999.000 -9999.000 -9999.000 -9999.000 -9999.000 -9999.000 -9999.000 -9999.000 -9999.000 -9999.000 -9999.000 -9999.000
-9999.000 -9999.000 -9999.000 -9999.000 -9999.000 -9999.000 -9999.000 -9999.000 -9999.000 -9999.000 -9999.000 -9999.000 -9999.000 -9999.000 -9999.000 0.3474300 0.3477090 0.3476391 0.3475298 0.3473940 0.3472353 0.3470543 0.3468491 0.3466153 0.3463453 0.3460291 0.3456515 0.3451909 0.3446298 0.3448707 0.3448707 -9999.000 -9999.000 -9999.000 -9999.000 -9999.000 -9999.000 -9999.000 -9999.000 -9999.000 -9999.000 -9999.000 -9999.000 -9999.000 -9999.000 -9999.000 -9999.000 -9999.000 -9999.000 -9999.000 -9999.000 -9999.000 -9999.000 -9999.000 -9999.000 -9999.000 -9999.000 -9999.000
-9999.000 -9999.000 -9999.000 -9999.000 -9999.000 -9999.000 -9999.000 -9999.000 -9999.000 -9999.000 -9999.000 -9999.000 -9999.000 -9999.000 -9999.000 0.3495040 0.3497927 0.3497166 0.3496014 0.3494585 0.3492913 0.3490998 0.3488808 0.3486285 0.3483334 0.3479827 0.3475576 0.3470303 0.3463724 0.3465648 0.3465648 -9999.000 -9999.000 -9999.000 -9999.000 -9999.000 -9999.000 -9999.000 -9999.000 -9999.000 -9999.000 -9999.000 -9999.000 -9999.000 -9999.000 -9999.000 -9999.000 -9999.000 -9999.000 -9999.000 -9999.000 -9999.000 -9999.000 -9999.000 -9999.000 -9999.000 -9999.000 -9999.000
-9999.000 -9999.000 -9999.000 -9999.000 -9999.000 -9999.000 -9999.000 -9999.000 -9999.000 -9999.000 -9999.000 -9999.000 -9999.000 -9999.000 -9999.000 0.3515772 0.3518723 0.3517884 0.3516664 0.3515157 0.3513390 0.3511354 0.3509005 0.3506263 0.3503011 0.3499083 0.3494242 0.3488127 0.3480293 0.3481399 0.3481399 -9999.000 -9999.000 -9999.000 -9999.000 -9999.000 -9999.000 -9999.000 -9999.000 -9999.000 -9999.000 -9999.000 -9999.000 -9999.000 -9999.000 -9999.000 -9999.000 -9999.000 -9999.000 -9999.000 -9999.000 -9999.000 -9999.000 -9999.000 -9999.000 -9999.000 -9999.000 -9999.000
-9999.000 -9999.000 -9999.000 -9999.000 -9999.000 -9999.000 -9999.000 -9999.000 -9999.000 -9999.000 -9999.000 -9999.000 -9999.000 -9999.000 -9999.000 0.3536440 0.3539424 0.3538493 0.3537197 0.3535604 0.3533730 0.3531559 0.3529027 0.3526031 0.3522418 0.3517977 0.3512400 0.3505213 0.3495726 0.3495463 0.3495463 -9999.000 -9999.000 -9999.000 -9999.000 -9999.000 -9999.000 -9999.000 -9999.000 -9999.000 -9999.000 -9999.000 -9999.000 -9999.000 -9999.000 -9999.000 -9999.000 -9999.000 -9999.000 -9999.000 -9999.000 -9999.000 -9999.000 -9999.000 -9999.000 -9999.000 -9999.000 -9999.000
-9999.000 -9999.000 -9999.000 -9999.000 -9999.000 -9999.000 -9999.000 -9999.000 -9999.000 -9999.000 -9999.000 -9999.000 -9999.000 -9999.000 -9999.000 0.3556978 0.3559975 0.3558935 0.3557554 0.3555861 0.3553868 0.3551541 0.3548798 0.3545501 0.3541454 0.3536380 0.3529876 0.3521297 0.3509589 0.3506998 0.3506998 -9999.000 -9999.000 -9999.000 -9999.000 -9999.000 -9999.000 -9999.000 -9999.000 -9999.000 -9999.000 -9999.000 -9999.000 -9999.000 -9999.000 -9999.000 -9999.000 -9999.000 -9999.000 -9999.000 -9999.000 -9999.000 -9999.000 -9999.000 -9999.000 -9999.000 -9999.000 -9999.000
-9999.000 -9999.000 -9999.000 -9999.000 -9999.000 -9999.000 -9999.000 -9999.000 -9999.000 -9999.000 -9999.000 -9999.000 -9999.000 -9999.000 -9999.000 0.3577304 0.3580307 0.3579140 0.3577660 0.3575853 0.3573719 0.3571208 0.3568210 0.3564546 0.3559960 0.3554088 0.3546386 0.3535959 0.3521181 0.3514482 0.3514482 -9999.000 -9999.000 -9999.000 -9999.000 -9999.000 -9999.000 -9999.000 -9999.000 -9999.000 -9999.000 -9999.000 -9999.000 -9999.000 -9999.000 -9999.000 -9999.000 -9999.000 -9999.000 -9999.000 -9999.000 -9999.000 -9999.000 -9999.000 -9999.000 -9999.000 -9999.000 -9999.000
-9999.000 -9999.000 -9999.000 -9999.000 -9999.000 -9999.000 -9999.000 -9999.000 -9999.000 -9999.000 -9999.000 -9999.000 -9999.000 -9999.000 -9999.000 0.3597293 0.3600316 0.3599007 0.3597411 0.3595467 0.3593159 0.3590420 0.3587101 0.3582970 0.3577687 0.3570767 0.3561460 0.3548485 0.3529298 0.3514943 0.3514943 -9999.000 -9999.000 -9999.000 -9999.000 -9999.000 -9999.000 -9999.000 -9999.000 -9999.000 -9999.000 -9999.000 -9999.000 -9999.000 -9999.000 -9999.000 -9999.000 -9999.000 -9999.000 -9999.000 -9999.000 -9999.000 -9999.000 -9999.000 -9999.000 -9999.000 -9999.000 -9999.000
-9999.000 -9999.000 -9999.000 -9999.000 -9999.000 -9999.000 -9999.000 -9999.000 -9999.000 -9999.000 -9999.000 -9999.000 -9999.000 -9999.000 -9999.000 0.3616627 0.3619766 0.3618321 0.3616613 0.3614517 0.3612002 0.3608971 0.3605229 0.3600465 0.3594227 0.3585845 0.3574257 0.3557563 0.3531688 0.3501887 0.3501887 -9999.000 -9999.000 -9999.000 -9999.000 -9999.000 -9999.000 -9999.000 -9999.000 -9999.000 -9999.000 -9999.000 -9999.000 -9999.000 -9999.000 -9999.000 -9999.000 -9999.000 -9999.000 -9999.000 -9999.000 -9999.000 -9999.000 -9999.000 -9999.000 -9999.000 -9999.000 -9999.000
-9999.000 -9999.000 -9999.000 -9999.000 -9999.000 -9999.000 -9999.000 -9999.000 -9999.000 -9999.000 -9999.000 -9999.000 -9999.000 -9999.000 -9999.000 0.3623193 0.3633812 0.3634730 0.3634595 0.3633471 0.3631463 0.3628550 0.3624543 0.3619063 0.3611512 0.3600957 0.3585838 0.3563164 0.3525827 0.3455920 0.3455920 -9999.000 -9999.000 -9999.000 -9999.000 -9999.000 -9999.000 -9999.000 -9999.000 -9999.000 -9999.000 -9999.000 -9999.000 -9999.000 -9999.000 -9999.000 -9999.000 -9999.000 -9999.000 -9999.000 -9999.000 -9999.000 -9999.000 -9999.000 -9999.000 -9999.000 -9999.000 -9999.000
0.3354734 0.3354734 0.3262829 0.3159934 0.3132612 0.3132612 0.3110285 0.3073955 0.3073955 0.3044078 0.3044078 0.3018118 0.3006186 0.2994832 0.3307332 0.3307332 0.3709357 0.3714536 0.3720267 0.3725583 0.3729267 0.3729845 0.3725602 0.3714626 0.3694780 0.3663293 0.3615367 0.3540074 0.3406246 0.3056894 0.3056894 0.1634606 0.1403572 0.1405913 0.1462537 0.1462537 0.1611659 0.1611659 0.1955365 0.1955365 0.2331676 0.2579058 0.2579058 0.2615247 0.2615247 0.2605022 0.2605022 0.2605022 0.2552520 0.2552520 0.2498681 0.2498681 0.2452535 0.2452535 0.2391040 0.2391040 0.2351885 0.2351885
0.3343493 0.3343493 0.3251266 0.3155144 0.3127774 0.3127774 0.3105415 0.3069091 0.3069091 0.3039275 0.3039275 0.3013414 0.3001535 0.2990235 0.3189494 0.3189494 0.3646129 0.3644197 0.3644193 0.3647249 0.3652481 0.3658325 0.3662654 0.3662754 0.3655134 0.3635094 0.3595803 0.3526028 0.3402624 0.3149148 0.3149148 0.2132379 0.1811111 0.1590244 0.1564640 0.1564640 0.1624507 0.1624507 0.1868360 0.1868360 0.2182266 0.2589764 0.2589764 0.2622707 0.2622707 0.2603416 0.2603416 0.2603416 0.2549504 0.2549504 0.2495317 0.2495317 0.2455585 0.2455585 0.2387968 0.2387968 0.2348920 0.2348920
0.3338775 0.3338775 0.3244453 0.3155349 0.3127988 0.3127988 0.3105509 0.3068977 0.3068977 0.3039066 0.3039066 0.3013175 0.3001293 0.2989989 0.3112735 0.3112735 0.3603301 0.3591268 0.3580662 0.3575074 0.3573853 0.3575495 0.3577802 0.3577875 0.3572029 0.3555531 0.3521893 0.3461120 0.3354088 0.3145116 0.3145116 0.2379837 0.2052286 0.1750754 0.1688850 0.1688850 0.1699006 0.1699006 0.1877741 0.1877741 0.2097453 0.2559688 0.2559688 0.2641954 0.2641954 0.2609498 0.2609498 0.2609498 0.2551343 0.2551343 0.2495666 0.2495666 0.2449719 0.2449719 0.2391620 0.2391620 0.2350709 0.2350709
0.3335496 0.3335496 0.3238713 0.3155487 0.3128327 0.3128327 0.3105783 0.3069040 0.3069040 0.3039035 0.3039035 0.3013139 0.3001266 0.2989975 0.3065984 0.3065984 0.3562575 0.3542931 0.3521982 0.3507690 0.3499412 0.3495579 0.3493956 0.3491582 0.3484734 0.3468788 0.3437805 0.3383386 0.3290694 0.3114609 0.3114609 0.2523388 0.2228163 0.1915802 0.1845420 0.1845420 0.1836116 0.1836116 0.1957824 0.1957824 0.2093320 0.2485304 0.2485304 0.2638021 0.2638021 0.2608729 0.2608729 0.2608729 0.2549813 0.2549813 0.2492527 0.2492527 0.2444358 0.2444358 0.2391269 0.2391269 0.2350403 0.2350403
0.3333196 0.3333196 0.3234344 0.3155469 0.3128616 0.3128616 0.3106062 0.3069121 0.3069121 0.3039010 0.3039010 0.3013105 0.3001243 0.2989962 0.3034980 0.3034980 0.3513291 0.3491624 0.3460695 0.3437994 0.3423012 0.3414032 0.3408703 0.3403960 0.3396039 0.3380442 0.3351725 0.3302891 0.3223088 0.3074574 0.3074574 0.2611120 0.2359878 0.2083610 0.2026684 0.2026684 0.2021086 0.2021086 0.2087674 0.2087674 0.2153632 0.2409470 0.2409470 0.2596304 0.2596304 0.2597999 0.2597999 0.2597999 0.2542391 0.2542391 0.2485275 0.2485275 0.2436315 0.2436315 0.2387684 0.2387684 0.2348944 0.2348944
0.3331642 0.3331642 0.3231330 0.3155371 0.3128830 0.3128830 0.3106298 0.3069198 0.3069198 0.3038990 0.3038990 0.3013075 0.3001221 0.2989950 0.3014743 0.3014743 0.3445068 0.3433651 0.3393486 0.3362390 0.3340727 0.3326812 0.3318224 0.3311746 0.3303481 0.3288913 0.3262884 0.3219440 0.3150435 0.3028484 0.3028484 0.2675021 0.2470891 0.2266311 0.2234690 0.2234690 0.2231240 0.2231240 0.2236750 0.2236750 0.2248685 0.2365683 0.2365683 0.2527587 0.2527587 0.2571389 0.2571389 0.2571389 0.2526460 0.2526460 0.2473353 0.2473353 0.2425946 0.2425946 0.2382090 0.2382090 0.2347131 0.2347131
0.3330735 0.3330735 0.3229571 0.3155276 0.3128960 0.3128960 0.3106456 0.3069252 0.3069252 0.3038978 0.3038978 0.3013054 0.3001206 0.2989941 0.3001717 0.3001717 0.3350522 0.3364414 0.3317715 0.3278747 0.3250382 0.3231405 0.3219610 0.3211796 0.3203927 0.3191294 0.3168644 0.3130580 0.3073584 0.2984636 0.2984636 0.2732165 0.2586216 0.2476300 0.2465571 0.2465571 0.2439542 0.2439542 0.2380337 0.2380337 0.2352417 0.2361121 0.2361121 0.2458296 0.2458296 0.2528019 0.2528019 0.2528019 0.2499848 0.2499848 0.2455624 0.2455624 0.2413089 0.2413089 0.2375183 0.2375183 0.2345434 0.2345434
0.3330435 0.3330435 0.3228993 0.3155238 0.3129004 0.3129004 0.3106512 0.3069272 0.3069272 0.3038974 0.3038974 0.3013047 0.3001200 0.2989937 0.2993414 0.2993414 0.3243239 0.3275496 0.3230551 0.3184966 0.3149841 0.3125671 0.3110697 0.3101818 0.3094884 0.3084955 0.3066598 0.3035207 0.2994550 0.2951688 0.2951688 0.2804039 0.2733539 0.2710830 0.2699968 0.2699968 0.2623205 0.2623205 0.2506043 0.2506043 0.2450342 0.2385216 0.2385216 0.2409091 0.2409091 0.2473713 0.2473713 0.2473713 0.2462654 0.2462654 0.2431257 0.2431257 0.2397305 0.2397305 0.2367208 0.2367208 0.2344099 0.2344099
0.3330735 0.3330735 0.3229570 0.3155276 0.3128960 0.3128960 0.3106456 0.3069253 0.3069253 0.3038978 0.3038978 0.3013054 0.3001206 0.2989940 0.2988159 0.2988159 0.3132411 0.3164373 0.3125914 0.3076912 0.3036224 0.3007318 0.2989410 0.2979757 0.2974261 0.2967815 0.2954765 0.2931844 0.2916574 0.2946899 0.2946899 0.2922437 0.2933089 0.2945323 0.2910681 0.2910681 0.2772363 0.2772363 0.2611222 0.2611222 0.2536852 0.2423972 0.2423972 0.2385595 0.2385595 0.2418005 0.2418005 0.2418005 0.2418016 0.2418016 0.2400633 0.2400633 0.2378364 0.2378364 0.2358273 0.2358273 0.2343255 0.2343255
0.3331643 0.3331643 0.3231330 0.3155372 0.3128830 0.3128830 0.3106298 0.3069198 0.3069198 0.3038991 0.3038991 0.3013074 0.3001221 0.2989950 0.2984857 0.2984857 0.3021078 0.3032629 0.2997873 0.2949067 0.2905482 0.2873350 0.2853355 0.2843494 0.2839996 0.2837770 0.2831035 0.2819670 0.2851177 0.3003964 0.3003964 0.3114794 0.3176103 0.3149368 0.3081761 0.3081761 0.2888741 0.2888741 0.2697307 0.2697307 0.2610373 0.2466791 0.2466791 0.2382645 0.2382645 0.2369319 0.2369319 0.2369319 0.2371185 0.2371185 0.2365770 0.2365770 0.2356776 0.2356776 0.2348579 0.2348579 0.2342885 0.2342885
0.3333196 0.3333196 0.3234344 0.3155469 0.3128617 0.3128617 0.3106062 0.3069121 0.3069121 0.3039010 0.3039010 0.3013104 0.3001243 0.2989962 0.2982799 0.2982799 0.2905492 0.2881720 0.2842282 0.2795127 0.2752107 0.2719563 0.2699357 0.2690479 0.2689824 0.2692623 0.2693276 0.2700503 0.2830780 0.3169762 0.3169762 0.3366413 0.3415895 0.3313549 0.3219765 0.3219765 0.2977906 0.2977906 0.2765837 0.2765837 0.2670294 0.2506954 0.2506954 0.2391689 0.2391689 0.2332035 0.2332035 0.2332035 0.2327612 0.2327612 0.2330030 0.2330030 0.2334006 0.2334006 0.2338613 0.2338613 0.2342884 0.2342884
