cruce_test.gid/Rasters/Hydraulic/Depth____000240.asc
NCOLS        79
NROWS        79
XLLCENTER         -1.500000
YLLCENTER         -4.800000
CELLSIZE           0.100
NODATA_VALUE     -9999.0
[rows 0 to 25 of 79, columns 0 to 58 of 79]
-9999.000 -9999.000 -9999.000 -9999.000 -9999.000 -9999.000 -9999.000 -9999.000 -9999.000 -9999.000 -9999.000 -9999.000 -9999.000 -9999.000 -9999.000 0.7486888 0.7492408 0.7494879 0.7495281 0.7493405 0.7490537 0.7487313 0.7483964 0.7480757 0.7477766 0.7475014 0.7472491 0.7469919 0.7466196 0.7465888 0.7465888 -9999.000 -9999.000 -9999.000 -9999.000 -9999.000 -9999.000 -9999.000 -9999.000 -9999.000 -9999.000 -9999.000 -9999.000 -9999.000 -9999.000 -9999.000 -9999.000 -9999.000 -9999.000 -9999.000 -9999.000 -9999.000 -9999.000 -9999.000 -9999.000 -9999.000 -9999.000 -9999.000 -9999.000
-9999.000 -9999.000 -9999.000 -9999.000 -9999.000 -9999.000 -9999.000 -9999.000 -9999.000 -9999.000 -9999.000 -9999.000 -9999.000 -9999.000 -9999.000 0.7505010 0.7509969 0.7511978 0.7512292 0.7510757 0.7508472 0.7505959 0.7503388 0.7500970 0.7498750 0.7496731 0.7494897 0.7492992 0.7490038 0.7490613 0.7490613 -9999.000 -9999.000 -9999.000 -9999.000 -9999.000 -9999.000 -9999.000 -9999.000 -9999.000 -9999.000 -9999.000 -9999.000 -9999.000 -9999.000 -9999.000 -9999.000 -9999.000 -9999.000 -9999.000 -9999.000 -9999.000 -9999.000 -9999.000 -9999.000 -9999.000 -9999.000 -9999.000 -9999.000
-9999.000 -9999.000 -9999.000 -9999.000 -9999.000 -9999.000 -9999.000 -9999.000 -9999.000 -9999.000 -9999.000 -9999.000 -9999.000 -9999.000 -9999.000 0.7524075 0.7529413 0.7531550 0.7531958 0.7530477 0.7528244 0.7525797 0.7523305 0.7520980 0.7518857 0.7516932 0.7515176 0.7513309 0.7510298 0.7510833 0.7510833 -9999.000 -9999.000 -9999.000 -9999.000 -9999.000 -9999.000 -9999.000 -9999.000 -9999.000 -9999.000 -9999.000 -9999.000 -9999.000 -9999.000 -9999.000 -9999.000 -9999.000 -9999.000 -9999.000 -9999.000 -9999.000 -9999.000 -9999.000 -9999.000 -9999.000 -9999.000 -9999.000 -9999.000
-9999.000 -9999.000 -9999.000 -9999.000 -9999.000 -9999.000 -9999.000 -9999.000 -9999.000 -9999.000 -9999.000 -9999.000 -9999.000 -9999.000 -9999.000 0.7543653 0.7549235 0.7551444 0.7551886 0.7550391 0.7548139 0.7545681 0.7543181 0.7540858 0.7538741 0.7536821 0.7535064 0.7533171 0.7530041 0.7530360 0.7530360 -9999.000 -9999.000 -9999.000 -9999.000 -9999.000 -9999.000 -9999.000 -9999.000 -9999.000 -9999.000 -9999.000 -9999.000 -9999.000 -9999.000 -9999.000 -9999.000 -9999.000 -9999.000 -9999.000 -9999.000 -9999.000 -9999.000 -9999.000 -9999.000 -9999.000 -9999.000 -9999.000 -9999.000
-9999.000 -9999.000 -9999.000 -9999.000 -9999.000 -9999.000 -9999.000 -9999.000 -9999.000 -9999.000 -9999.000 -9999.000 -9999.000 -9999.000 -9999.000 0.7563421 0.7569198 0.7571454 0.7571898 0.7570355 0.7568051 0.7565544 0.7562997 0.7560638 0.7558488 0.7556534 0.7554740 0.7552786 0.7549492 0.7549456 0.7549456 -9999.000 -9999.000 -9999.000 -9999.000 -9999.000 -9999.000 -9999.000 -9999.000 -9999.000 -9999.000 -9999.000 -9999.000 -9999.000 -9999.000 -9999.000 -9999.000 -9999.000 -9999.000 -9999.000 -9999.000 -9999.000 -9999.000 -9999.000 -9999.000 -9999.000 -9999.000 -9999.000 -9999.000
-9999.000 -9999.000 -9999.000 -9999.000 -9999.000 -9999.000 -9999.000 -9999.000 -9999.000 -9999.000 -9999.000 -9999.000 -9999.000 -9999.000 -9999.000 0.7583246 0.7589195 0.7591482 0.7591912 0.7590300 0.7587926 0.7585356 0.7582744 0.7580332 0.7578132 0.7576125 0.7574278 0.7572240 0.7568738 0.7568213 0.7568213 -9999.000 -9999.000 -9999.000 -9999.000 -9999.000 -9999.000 -9999.000 -9999.000 -9999.000 -9999.000 -9999.000 -9999.000 -9999.000 -9999.000 -9999.000 -9999.000 -9999.000 -9999.000 -9999.000 -9999.000 -9999.000 -9999.000 -9999.000 -9999.000 -9999.000 -9999.000 -9999.000 -9999.000
-9999.000 -9999.000 -9999.000 -9999.000 -9999.000 -9999.000 -9999.000 -9999.000 -9999.000 -9999.000 -9999.000 -9999.000 -9999.000 -9999.000 -9999.000 0.7603068 0.7609178 0.7611482 0.7611886 0.7610192 0.7607738 0.7605097 0.7602413 0.7599940 0.7597680 0.7595612 0.7593700 0.7591562 0.7587809 0.7586639 0.7586639 -9999.000 -9999.000 -9999.000 -9999.000 -9999.000 -9999.000 -9999.000 -9999.000 -9999.000 -9999.000 -9999.000 -9999.000 -9999.000 -9999.000 -9999.000 -9999.000 -9999.000 -9999.000 -9999.000 -9999.000 -9999.000 -9999.000 -9999.000 -9999.000 -9999.000 -9999.000 -9999.000 -9999.000
-9999.000 -9999.000 -9999.000 -9999.000 -9999.000 -9999.000 -9999.000 -9999.000 -9999.000 -9999.000 -9999.000 -9999.000 -9999.000 -9999.000 -9999.000 0.7622858 0.7629124 0.7631432 0.7631797 0.7630007 0.7627468 0.7624753 0.7621990 0.7619455 0.7617130 0.7614995 0.7613009 0.7610755 0.7606704 0.7604688 0.7604688 -9999.000 -9999.000 -9999.000 -9999.000 -9999.000 -9999.000 -9999.000 -9999.000 -9999.000 -9999.000 -9999.000 -9999.000 -9999.000 -9999.000 -9999.000 -9999.000 -9999.000 -9999.000 -9999.000 -9999.000 -9999.000 -9999.000 -9999.000 -9999.000 -9999.000 -9999.000 -9999.000 -9999.000
-9999.000 -9999.000 -9999.000 -9999.000 -9999.000 -9999.000 -9999.000 -9999.000 -9999.000 -9999.000 -9999.000 -9999.000 -9999.000 -9999.000 -9999.000 0.7642601 0.7649016 0.7651314 0.7651627 0.7649729 0.7647098 0.7644305 0.7641461 0.7638863 0.7636471 0.7634263 0.7632197 0.7629808 0.7625402 0.7622280 0.7622280 -9999.000 -9999.000 -9999.000 -9999.000 -9999.000 -9999.000 -9999.000 -9999.000 -9999.000 -9999.000 -9999.000 -9999.000 -9999.000 -9999.000 -9999.000 -9999.000 -9999.000 -9999.000 -9999.000 -9999.000 -9999.000 -9999.000 -9999.000 -9999.000 -9999.000 -9999.000 -9999.000 -9999.000
-9999.000 -9999.000 -9999.000 -9999.000 -9999.000 -9999.000 -9999.000 -9999.000 -9999.000 -9999.000 -9999.000 -9999.000 -9999.000 -9999.000 -9999.000 0.7662281 0.7668843 0.7671114 0.7671362 0.7669340 0.7666611 0.7663738 0.7660810 0.7658148 0.7655687 0.7653401 0.7651247 0.7648702 0.7643872 0.7639287 0.7639287 -9999.000 -9999.000 -9999.000 -9999.000 -9999.000 -9999.000 -9999.000 -9999.000 -9999.000 -9999.000 -9999.000 -9999.000 -9999.000 -9999.000 -9999.000 -9999.000 -9999.000 -9999.000 -9999.000 -9999.000 -9999.000 -9999.000 -9999.000 -9999.000 -9999.000 -9999.000 -9999.000 -9999.000
-9999.000 -9999.000 -9999.000 -9999.000 -9999.000 -9999.000 -9999.000 -9999.000 -9999.000 -9999.000 -9999.000 -9999.000 -9999.000 -9999.000 -9999.000 0.7681881 0.7688586 0.7690814 0.7690982 0.7688820 0.7685985 0.7683030 0.7680014 0.7677289 0.7674755 0.7672385 0.7670133 0.7667407 0.7662070 0.7655527 0.7655527 -9999.000 -9999.000 -9999.000 -9999.000 -9999.000 -9999.000 -9999.000 -9999.000 -9999.000 -9999.000 -9999.000 -9999.000 -9999.000 -9999.000 -9999.000 -9999.000 -9999.000 -9999.000 -9999.000 -9999.000 -9999.000 -9999.000 -9999.000 -9999.000 -9999.000 -9999.000 -9999.000 -9999.000
-9999.000 -9999.000 -9999.000 -9999.000 -9999.000 -9999.000 -9999.000 -9999.000 -9999.000 -9999.000 -9999.000 -9999.000 -9999.000 -9999.000 -9999.000 0.7701377 0.7708226 0.7710392 0.7710464 0.7708140 0.7705193 0.7702154 0.7699044 0.7696257 0.7693646 0.7691183 0.7688822 0.7685879 0.7679930 0.7670725 0.7670725 -9999.000 -9999.000 -9999.000 -9999.000 -9999.000 -9999.000 -9999.000 -9999.000 -9999.000 -9999.000 -9999.000 -9999.000 -9999.000 -9999.000 -9999.000 -9999.000 -9999.000 -9999.000 -9999.000 -9999.000 -9999.000 -9999.000 -9999.000 -9999.000 -9999.000 -9999.000 -9999.000 -9999.000
-9999.000 -9999.000 -9999.000 -9999.000 -9999.000 -9999.000 -9999.000 -9999.000 -9999.000 -9999.000 -9999.000 -9999.000 -9999.000 -9999.000 -9999.000 0.7720681 0.7727689 0.7729780 0.7729768 0.7727279 0.7724212 0.7721086 0.7717878 0.7715027 0.7712330 0.7709761 0.7707272 0.7704067 0.7697363 0.7684469 0.7684469 -9999.000 -9999.000 -9999.000 -9999.000 -9999.000 -9999.000 -9999.000 -9999.000 -9999.000 -9999.000 -9999.000 -9999.000 -9999.000 -9999.000 -9999.000 -9999.000 -9999.000 -9999.000 -9999.000 -9999.000 -9999.000 -9999.000 -9999.000 -9999.000 -9999.000 -9999.000 -9999.000 -9999.000
-9999.000 -9999.000 -9999.000 -9999.000 -9999.000 -9999.000 -9999.000 -9999.000 -9999.000 -9999.000 -9999.000 -9999.000 -9999.000 -9999.000 -9999.000 0.7737185 0.7744980 0.7747825 0.7748935 0.7746808 0.7743648 0.7740417 0.7737053 0.7734076 0.7731215 0.7728462 0.7725765 0.7722192 0.7714517 0.7696427 0.7696427 -9999.000 -9999.000 -9999.000 -9999.000 -9999.000 -9999.000 -9999.000 -9999.000 -9999.000 -9999.000 -9999.000 -9999.000 -9999.000 -9999.000 -9999.000 -9999.000 -9999.000 -9999.000 -9999.000 -9999.000 -9999.000 -9999.000 -9999.000 -9999.000 -9999.000 -9999.000 -9999.000 -9999.000
-9999.000 -9999.000 -9999.000 -9999.000 -9999.000 -9999.000 -9999.000 -9999.000 -9999.000 -9999.000 -9999.000 -9999.000 -9999.000 -9999.000 -9999.000 0.7622432 0.7714474 0.7764715 0.7796769 0.7801578 0.7792720 0.7783765 0.7775031 0.7767426 0.7760654 0.7754664 0.7749295 0.7743215 0.7732082 0.7698978 0.7698978 -9999.000 -9999.000 -9999.000 -9999.000 -9999.000 -9999.000 -9999.000 -9999.000 -9999.000 -9999.000 -9999.000 -9999.000 -9999.000 -9999.000 -9999.000 -9999.000 -9999.000 -9999.000 -9999.000 -9999.000 -9999.000 -9999.000 -9999.000 -9999.000 -9999.000 -9999.000 -9999.000 -9999.000
0.8662576 0.8662576 0.8600770 0.8522119 0.8438629 0.8438629 0.8403478 0.8348722 0.8348722 0.8304328 0.8304328 0.8267487 0.8251189 0.8236009 0.8220747 0.8220747 0.7803970 0.7789011 0.7774708 0.7764319 0.7777671 0.7796369 0.7818145 0.7847674 0.7877962 0.7906356 0.7930316 0.7936018 0.7881233 0.7599918 0.7599918 0.5420462 0.5020911 0.4764268 0.4676675 0.4676675 0.4530642 0.4530642 0.4510628 0.4510628 0.4595599 0.5034654 0.5034654 0.5881628 0.5881628 0.6795866 0.6795866 0.6795866 0.6850298 0.6850298 0.6759827 0.6759827 0.6612856 0.6612856 0.6453214 0.6453214 0.6302188 0.6302188 0.6302188
0.8633002 0.8633002 0.8581261 0.8501854 0.8429912 0.8429912 0.8392771 0.8337255 0.8337255 0.8292988 0.8292988 0.8256319 0.8240104 0.8225001 0.8209831 0.8209831 0.7851138 0.7784957 0.7729638 0.7681414 0.7647964 0.7623991 0.7608804 0.7604889 0.7610458 0.7624210 0.7644757 0.7665986 0.7670012 0.7588922 0.7588922 0.6124427 0.5550596 0.4966387 0.4796875 0.4796875 0.4586645 0.4586645 0.4559844 0.4559844 0.4641016 0.5034062 0.5034062 0.5733047 0.5733047 0.6722608 0.6722608 0.6722608 0.6832796 0.6832796 0.6758359 0.6758359 0.6616713 0.6616713 0.6459529 0.6459529 0.6309565 0.6309565 0.6309565
0.8618860 0.8618860 0.8576208 0.8497879 0.8432660 0.8432660 0.8393808 0.8336923 0.8336923 0.8292496 0.8292496 0.8255803 0.8239562 0.8224437 0.8209110 0.8209110 0.7887967 0.7780194 0.7685866 0.7602502 0.7534551 0.7480371 0.7438831 0.7410834 0.7395533 0.7391903 0.7398881 0.7412338 0.7419072 0.7369378 0.7369378 0.6465066 0.5877202 0.5154418 0.4930377 0.4930377 0.4679373 0.4679373 0.4694071 0.4694071 0.4805224 0.5192869 0.5192869 0.5734080 0.5734080 0.6610789 0.6610789 0.6610789 0.6777427 0.6777427 0.6735236 0.6735236 0.6607066 0.6607066 0.6455277 0.6455277 0.6308106 0.6308106 0.6308106
0.8609740 0.8609740 0.8576325 0.8496663 0.8435683 0.8435683 0.8395346 0.8336956 0.8336956 0.8292407 0.8292407 0.8255769 0.8239543 0.8224427 0.8208866 0.8208866 0.7913495 0.7771595 0.7640591 0.7522739 0.7422044 0.7338936 0.7272733 0.7223418 0.7190105 0.7171518 0.7166282 0.7171181 0.7176500 0.7146325 0.7146325 0.6584320 0.6072037 0.5330854 0.5087240 0.5087240 0.4851615 0.4851615 0.4953006 0.4953006 0.5097620 0.5442379 0.5442379 0.5793483 0.5793483 0.6459166 0.6459166 0.6459166 0.6666691 0.6666691 0.6672544 0.6672544 0.6572676 0.6572676 0.6435588 0.6435588 0.6297287 0.6297287 0.6297287
0.8605536 0.8605536 0.8568347 0.8496899 0.8438376 0.8438376 0.8396817 0.8337001 0.8337001 0.8292325 0.8292325 0.8255746 0.8239535 0.8224427 0.8208501 0.8208501 0.7923381 0.7752559 0.7588270 0.7437655 0.7305504 0.7193668 0.7102315 0.7031311 0.6979845 0.6946563 0.6929811 0.6926706 0.6929830 0.6913442 0.6913442 0.6564956 0.6153622 0.5475906 0.5257192 0.5257192 0.5129448 0.5129448 0.5344222 0.5344222 0.5493410 0.5723699 0.5723699 0.5877731 0.5877731 0.6299106 0.6299106 0.6299106 0.6514536 0.6514536 0.6570629 0.6570629 0.6511871 0.6511871 0.6400330 0.6400330 0.6278465 0.6278465 0.6278465
0.8608967 0.8608967 0.8553088 0.8497591 0.8440452 0.8440452 0.8397999 0.8337041 0.8337041 0.8292257 0.8292257 0.8255730 0.8239532 0.8224428 0.8207958 0.8207958 0.7914611 0.7717354 0.7522913 0.7342068 0.7180610 0.7041336 0.6925180 0.6832257 0.6761994 0.6713193 0.6684219 0.6672482 0.6672222 0.6665201 0.6665201 0.6454107 0.6145801 0.5600186 0.5463536 0.5463536 0.5542449 0.5542449 0.5825421 0.5825421 0.5923890 0.5983891 0.5983891 0.5967177 0.5967177 0.6160254 0.6160254 0.6160254 0.6346371 0.6346371 0.6438332 0.6438332 0.6425324 0.6425324 0.6348621 0.6348621 0.6251323 0.6251323 0.6251323
0.8609387 0.8609387 0.8545456 0.8498161 0.8441739 0.8441739 0.8398750 0.8337063 0.8337063 0.8292210 0.8292210 0.8255717 0.8239528 0.8224426 0.8207184 0.8207184 0.7884261 0.7660546 0.7438149 0.7229776 0.7041785 0.6877411 0.6738042 0.6624062 0.6535158 0.6470408 0.6428400 0.6406930 0.6401616 0.6400066 0.6400066 0.6279758 0.6071500 0.5746634 0.5767286 0.5767286 0.6088158 0.6088158 0.6306128 0.6306128 0.6309378 0.6197416 0.6197416 0.6054464 0.6054464 0.6058472 0.6058472 0.6058472 0.6186504 0.6186504 0.6289634 0.6289634 0.6316943 0.6316943 0.6280389 0.6280389 0.6215211 0.6215211 0.6215211
0.8609523 0.8609523 0.8542923 0.8498353 0.8442167 0.8442167 0.8399006 0.8337072 0.8337072 0.8292193 0.8292193 0.8255711 0.8239528 0.8224427 0.8206102 0.8206102 0.7828593 0.7576364 0.7327188 0.7093869 0.6882548 0.6696295 0.6536502 0.6403611 0.6297452 0.6217349 0.6162190 0.6130239 0.6118395 0.6119514 0.6119514 0.6063061 0.5959838 0.5999417 0.6243369 0.6243369 0.6686704 0.6686704 0.6700668 0.6700668 0.6605881 0.6364623 0.6364623 0.6137956 0.6137956 0.5995744 0.5995744 0.5995744 0.6051318 0.6051318 0.6139945 0.6139945 0.6193991 0.6193991 0.6197467 0.6197467 0.6170089 0.6170089 0.6170089
0.8609387 0.8609387 0.8545455 0.8498162 0.8441739 0.8441739 0.8398750 0.8337064 0.8337064 0.8292210 0.8292210 0.8255717 0.8239529 0.8224427 0.8204605 0.8204605 0.7741964 0.7457584 0.7181979 0.6926192 0.6695124 0.6490986 0.6314646 0.6166255 0.6045564 0.5952001 0.5884709 0.5842437 0.5823509 0.5827324 0.5827324 0.5827886 0.5864303 0.6464532 0.6900130 0.6900130 0.7202741 0.7202741 0.6978594 0.6978594 0.6816657 0.6497252 0.6497252 0.6217239 0.6217239 0.5965774 0.5965774 0.5965774 0.5947850 0.5947850 0.6002618 0.6002618 0.6066270 0.6066270 0.6104218 0.6104218 0.6117273 0.6117273 0.6117273
0.8608968 0.8608968 0.8553089 0.8497593 0.8440451 0.8440451 0.8397999 0.8337041 0.8337041 0.8292257 0.8292257 0.8255730 0.8239534 0.8224429 0.8202544 0.8202544 0.7615479 0.7294279 0.6992296 0.6716794 0.6470203 0.6253065 0.6065147 0.5905913 0.5774747 0.5670988 0.5593910 0.5542730 0.5518000 0.5532272 0.5532272 0.5619235 0.5898022 0.7167760 0.7597738 0.7597738 0.7547700 0.7547700 0.7162758 0.7162758 0.6966860 0.6605408 0.6605408 0.6290588 0.6290588 0.5959044 0.5959044 0.5959044 0.5875493 0.5875493 0.5886584 0.5886584 0.5944232 0.5944232 0.6007281 0.6007281 0.6059735 0.6059735 0.6059735
0.8605535 0.8605535 0.8568347 0.8496900 0.8438375 0.8438375 0.8396816 0.8337001 0.8337001 0.8292325 0.8292325 0.8255746 0.8239536 0.8224428 0.8199714 0.8199714 0.7434601 0.7071739 0.6744144 0.6452805 0.6196186 0.5972229 0.5779004 0.5614901 0.5478673 0.5369365 0.5286235 0.5229101 0.5204092 0.5261558 0.5261558 0.5549216 0.6250108 0.7934415 0.8112844 0.8112844 0.7740378 0.7740378 0.7287704 0.7287704 0.7077842 0.6693836 0.6693836 0.6355320 0.6355320 0.5966273 0.5966273 0.5966273 0.5829249 0.5829249 0.5795856 0.5795856 0.5836885 0.5836885 0.5914752 0.5914752 0.6002178 0.6002178 0.6002178
