cruce_test.gid/Rasters/Hydraulic/Depth____000206.asc
NCOLS        79
NROWS        79
XLLCENTER         -1.500000
YLLCENTER         -4.800000
CELLSIZE           0.100
NODATA_VALUE     -9999.0
[rows 0 to 25 of 79, columns 0 to 58 of 79]
-9999.000 -9999.000 -9999.000 -9999.000 -9999.000 -9999.000 -9999.000 -9999.000 -9999.000 -9999.000 -9999.000 -9999.000 -9999.000 -9999.000 -9999.000 0.7748861 0.7754805 0.7758054 0.7759363 0.7757860 0.7754928 0.7751495 0.7747896 0.7744356 0.7741142 0.7738194 0.7735521 0.7732877 0.7729194 0.7728962 0.7728962 -9999.000 -9999.000 -9999.000 -9999.000 -9999.000 -9999.000 -9999.000 -9999.000 -9999.000 -9999.000 -9999.000 -9999.000 -9999.000 -9999.000 -9999.000 -9999.000 -9999.000 -9999.000 -9999.000 -9999.000 -9999.000 -9999.000 -9999.000 -9999.000 -9999.000 -9999.000 -9999.000 -9999.000
-9999.000 -9999.000 -9999.000 -9999.000 -9999.000 -9999.000 -9999.000 -9999.000 -9999.000 -9999.000 -9999.000 -9999.000 -9999.000 -9999.000 -9999.000 0.7767295 0.7772539 0.7775167 0.7776213 0.7774963 0.7772605 0.7769914 0.7767145 0.7764465 0.7762080 0.7759922 0.7757980 0.7756031 0.7753122 0.7753788 0.7753788 -9999.000 -9999.000 -9999.000 -9999.000 -9999.000 -9999.000 -9999.000 -9999.000 -9999.000 -9999.000 -9999.000 -9999.000 -9999.000 -9999.000 -9999.000 -9999.000 -9999.000 -9999.000 -9999.000 -9999.000 -9999.000 -9999.000 -9999.000 -9999.000 -9999.000 -9999.000 -9999.000 -9999.000
-9999.000 -9999.000 -9999.000 -9999.000 -9999.000 -9999.000 -9999.000 -9999.000 -9999.000 -9999.000 -9999.000 -9999.000 -9999.000 -9999.000 -9999.000 0.7786343 0.7791986 0.7794759 0.7795914 0.7794719 0.7792405 0.7789768 0.7787066 0.7784464 0.7782170 0.7780097 0.7778227 0.7776315 0.7773353 0.7773973 0.7773973 -9999.000 -9999.000 -9999.000 -9999.000 -9999.000 -9999.000 -9999.000 -9999.000 -9999.000 -9999.000 -9999.000 -9999.000 -9999.000 -9999.000 -9999.000 -9999.000 -9999.000 -9999.000 -9999.000 -9999.000 -9999.000 -9999.000 -9999.000 -9999.000 -9999.000 -9999.000 -9999.000 -9999.000
-9999.000 -9999.000 -9999.000 -9999.000 -9999.000 -9999.000 -9999.000 -9999.000 -9999.000 -9999.000 -9999.000 -9999.000 -9999.000 -9999.000 -9999.000 0.7805896 0.7811807 0.7814665 0.7815865 0.7814654 0.7812311 0.7809655 0.7806938 0.7804328 0.7802037 0.7799963 0.7798089 0.7796150 0.7793077 0.7793479 0.7793479 -9999.000 -9999.000 -9999.000 -9999.000 -9999.000 -9999.000 -9999.000 -9999.000 -9999.000 -9999.000 -9999.000 -9999.000 -9999.000 -9999.000 -9999.000 -9999.000 -9999.000 -9999.000 -9999.000 -9999.000 -9999.000 -9999.000 -9999.000 -9999.000 -9999.000 -9999.000 -9999.000 -9999.000
-9999.000 -9999.000 -9999.000 -9999.000 -9999.000 -9999.000 -9999.000 -9999.000 -9999.000 -9999.000 -9999.000 -9999.000 -9999.000 -9999.000 -9999.000 0.7825627 0.7831759 0.7834677 0.7835892 0.7834628 0.7832223 0.7829513 0.7826745 0.7824090 0.7821767 0.7819657 0.7817745 0.7815746 0.7812516 0.7812568 0.7812568 -9999.000 -9999.000 -9999.000 -9999.000 -9999.000 -9999.000 -9999.000 -9999.000 -9999.000 -9999.000 -9999.000 -9999.000 -9999.000 -9999.000 -9999.000 -9999.000 -9999.000 -9999.000 -9999.000 -9999.000 -9999.000 -9999.000 -9999.000 -9999.000 -9999.000 -9999.000 -9999.000 -9999.000
-9999.000 -9999.000 -9999.000 -9999.000 -9999.000 -9999.000 -9999.000 -9999.000 -9999.000 -9999.000 -9999.000 -9999.000 -9999.000 -9999.000 -9999.000 0.7845405 0.7851740 0.7854702 0.7855912 0.7854574 0.7852089 0.7849311 0.7846476 0.7843761 0.7841392 0.7839230 0.7837263 0.7835186 0.7831760 0.7831331 0.7831331 -9999.000 -9999.000 -9999.000 -9999.000 -9999.000 -9999.000 -9999.000 -9999.000 -9999.000 -9999.000 -9999.000 -9999.000 -9999.000 -9999.000 -9999.000 -9999.000 -9999.000 -9999.000 -9999.000 -9999.000 -9999.000 -9999.000 -9999.000 -9999.000 -9999.000 -9999.000 -9999.000 -9999.000
-9999.000 -9999.000 -9999.000 -9999.000 -9999.000 -9999.000 -9999.000 -9999.000 -9999.000 -9999.000 -9999.000 -9999.000 -9999.000 -9999.000 -9999.000 0.7865172 0.7871704 0.7874697 0.7875890 0.7874461 0.7871883 0.7869030 0.7866123 0.7863340 0.7860920 0.7858696 0.7856666 0.7854496 0.7850835 0.7849775 0.7849775 -9999.000 -9999.000 -9999.000 -9999.000 -9999.000 -9999.000 -9999.000 -9999.000 -9999.000 -9999.000 -9999.000 -9999.000 -9999.000 -9999.000 -9999.000 -9999.000 -9999.000 -9999.000 -9999.000 -9999.000 -9999.000 -9999.000 -9999.000 -9999.000 -9999.000 -9999.000 -9999.000 -9999.000
-9999.000 -9999.000 -9999.000 -9999.000 -9999.000 -9999.000 -9999.000 -9999.000 -9999.000 -9999.000 -9999.000 -9999.000 -9999.000 -9999.000 -9999.000 0.7884905 0.7891629 0.7894640 0.7895802 0.7894266 0.7891587 0.7888656 0.7885672 0.7882820 0.7880347 0.7878056 0.7875956 0.7873679 0.7869740 0.7867858 0.7867858 -9999.000 -9999.000 -9999.000 -9999.000 -9999.000 -9999.000 -9999.000 -9999.000 -9999.000 -9999.000 -9999.000 -9999.000 -9999.000 -9999.000 -9999.000 -9999.000 -9999.000 -9999.000 -9999.000 -9999.000 -9999.000 -9999.000 -9999.000 -9999.000 -9999.000 -9999.000 -9999.000 -9999.000
-9999.000 -9999.000 -9999.000 -9999.000 -9999.000 -9999.000 -9999.000 -9999.000 -9999.000 -9999.000 -9999.000 -9999.000 -9999.000 -9999.000 -9999.000 0.7904587 0.7911502 0.7914516 0.7915634 0.7913975 0.7911186 0.7908174 0.7905112 0.7902186 0.7899662 0.7897300 0.7895125 0.7892724 0.7888455 0.7885501 0.7885501 -9999.000 -9999.000 -9999.000 -9999.000 -9999.000 -9999.000 -9999.000 -9999.000 -9999.000 -9999.000 -9999.000 -9999.000 -9999.000 -9999.000 -9999.000 -9999.000 -9999.000 -9999.000 -9999.000 -9999.000 -9999.000 -9999.000 -9999.000 -9999.000 -9999.000 -9999.000 -9999.000 -9999.000
-9999.000 -9999.000 -9999.000 -9999.000 -9999.000 -9999.000 -9999.000 -9999.000 -9999.000 -9999.000 -9999.000 -9999.000 -9999.000 -9999.000 -9999.000 0.7924208 0.7931310 0.7934312 0.7935370 0.7933569 0.7930661 0.7927567 0.7924423 0.7921423 0.7918849 0.7916412 0.7914154 0.7911612 0.7906951 0.7902587 0.7902587 -9999.000 -9999.000 -9999.000 -9999.000 -9999.000 -9999.000 -9999.000 -9999.000 -9999.000 -9999.000 -9999.000 -9999.000 -9999.000 -9999.000 -9999.000 -9999.000 -9999.000 -9999.000 -9999.000 -9999.000 -9999.000 -9999.000 -9999.000 -9999.000 -9999.000 -9999.000 -9999.000 -9999.000
-9999.000 -9999.000 -9999.000 -9999.000 -9999.000 -9999.000 -9999.000 -9999.000 -9999.000 -9999.000 -9999.000 -9999.000 -9999.000 -9999.000 -9999.000 0.7943751 0.7951040 0.7954011 0.7954993 0.7953029 0.7949991 0.7946813 0.7943585 0.7940509 0.7937889 0.7935369 0.7933020 0.7930315 0.7925186 0.7918947 0.7918947 -9999.000 -9999.000 -9999.000 -9999.000 -9999.000 -9999.000 -9999.000 -9999.000 -9999.000 -9999.000 -9999.000 -9999.000 -9999.000 -9999.000 -9999.000 -9999.000 -9999.000 -9999.000 -9999.000 -9999.000 -9999.000 -9999.000 -9999.000 -9999.000 -9999.000 -9999.000 -9999.000 -9999.000
-9999.000 -9999.000 -9999.000 -9999.000 -9999.000 -9999.000 -9999.000 -9999.000 -9999.000 -9999.000 -9999.000 -9999.000 -9999.000 -9999.000 -9999.000 0.7963188 0.7970665 0.7973584 0.7974477 0.7972330 0.7969152 0.7965888 0.7962573 0.7959419 0.7956754 0.7954143 0.7951693 0.7948796 0.7943102 0.7934331 0.7934331 -9999.000 -9999.000 -9999.000 -9999.000 -9999.000 -9999.000 -9999.000 -9999.000 -9999.000 -9999.000 -9999.000 -9999.000 -9999.000 -9999.000 -9999.000 -9999.000 -9999.000 -9999.000 -9999.000 -9999.000 -9999.000 -9999.000 -9999.000 -9999.000 -9999.000 -9999.000 -9999.000 -9999.000
-9999.000 -9999.000 -9999.000 -9999.000 -9999.000 -9999.000 -9999.000 -9999.000 -9999.000 -9999.000 -9999.000 -9999.000 -9999.000 -9999.000 -9999.000 0.7982364 0.7990052 0.7992915 0.7993757 0.7991459 0.7988150 0.7984799 0.7981390 0.7978153 0.7975441 0.7972721 0.7970153 0.7967021 0.7960636 0.7948382 0.7948382 -9999.000 -9999.000 -9999.000 -9999.000 -9999.000 -9999.000 -9999.000 -9999.000 -9999.000 -9999.000 -9999.000 -9999.000 -9999.000 -9999.000 -9999.000 -9999.000 -9999.000 -9999.000 -9999.000 -9999.000 -9999.000 -9999.000 -9999.000 -9999.000 -9999.000 -9999.000 -9999.000 -9999.000
-9999.000 -9999.000 -9999.000 -9999.000 -9999.000 -9999.000 -9999.000 -9999.000 -9999.000 -9999.000 -9999.000 -9999.000 -9999.000 -9999.000 -9999.000 0.7997144 0.8005893 0.8009797 0.8012581 0.8011311 0.8008095 0.8004636 0.8001051 0.7997619 0.7994749 0.7991794 0.7988991 0.7985494 0.7978194 0.7961100 0.7961100 -9999.000 -9999.000 -9999.000 -9999.000 -9999.000 -9999.000 -9999.000 -9999.000 -9999.000 -9999.000 -9999.000 -9999.000 -9999.000 -9999.000 -9999.000 -9999.000 -9999.000 -9999.000 -9999.000 -9999.000 -9999.000 -9999.000 -9999.000 -9999.000 -9999.000 -9999.000 -9999.000 -9999.000
-9999.000 -9999.000 -9999.000 -9999.000 -9999.000 -9999.000 -9999.000 -9999.000 -9999.000 -9999.000 -9999.000 -9999.000 -9999.000 -9999.000 -9999.000 0.7850812 0.7959917 0.8020756 0.8064891 0.8076326 0.8066782 0.8055826 0.8045141 0.8035460 0.8027471 0.8020284 0.8014073 0.8007562 0.7996525 0.7964746 0.7964746 -9999.000 -9999.000 -9999.000 -9999.000 -9999.000 -9999.000 -9999.000 -9999.000 -9999.000 -9999.000 -9999.000 -9999.000 -9999.000 -9999.000 -9999.000 -9999.000 -9999.000 -9999.000 -9999.000 -9999.000 -9999.000 -9999.000 -9999.000 -9999.000 -9999.000 -9999.000 -9999.000 -9999.000
0.8966646 0.8966646 0.8977176 0.8846476 0.8764479 0.8764479 0.8728864 0.8672998 0.8672998 0.8627012 0.8627012 0.8588123 0.8570641 0.8554192 0.8537828 0.8537828 0.8069710 0.8053747 0.8039814 0.8021725 0.8032737 0.8052071 0.8074839 0.8102126 0.8136889 0.8166915 0.8193530 0.8203835 0.8156283 0.7884011 0.7884011 0.5672739 0.5255008 0.4975254 0.4878670 0.4878670 0.4712372 0.4712372 0.4660728 0.4660728 0.4725268 0.5117158 0.5117158 0.5897471 0.5897471 0.6996284 0.6996284 0.6996284 0.7099091 0.7099091 0.7027009 0.7027009 0.6881306 0.6881306 0.6715147 0.6715147 0.6553389 0.6553389 0.6553389
0.8934699 0.8934699 0.8957916 0.8825753 0.8755407 0.8755407 0.8717787 0.8661111 0.8661111 0.8615248 0.8615248 0.8576547 0.8559154 0.8542789 0.8526515 0.8526515 0.8126720 0.8054644 0.7996368 0.7942647 0.7905594 0.7879409 0.7862352 0.7855517 0.7860741 0.7873710 0.7894090 0.7916446 0.7923415 0.7852040 0.7852040 0.6390023 0.5796315 0.5184773 0.5004311 0.5004311 0.4770983 0.4770983 0.4713173 0.4713173 0.4775980 0.5133296 0.5133296 0.5791247 0.5791247 0.6880580 0.6880580 0.6880580 0.7066551 0.7066551 0.7020738 0.7020738 0.6884117 0.6884117 0.6721593 0.6721593 0.6561498 0.6561498 0.6561498
0.8920482 0.8920482 0.8951777 0.8821960 0.8758221 0.8758221 0.8718948 0.8660802 0.8660802 0.8614742 0.8614742 0.8576009 0.8558593 0.8542207 0.8525794 0.8525794 0.8171658 0.8055069 0.7954898 0.7865128 0.7791749 0.7733437 0.7688570 0.7656967 0.7639561 0.7634115 0.7639766 0.7652943 0.7661163 0.7617788 0.7617788 0.6725210 0.6124496 0.5375476 0.5139056 0.5139056 0.4860332 0.4860332 0.4842800 0.4842800 0.4939554 0.5312122 0.5312122 0.5836968 0.5836968 0.6754102 0.6754102 0.6754102 0.6992981 0.6992981 0.6987653 0.6987653 0.6869815 0.6869815 0.6715136 0.6715136 0.6558852 0.6558852 0.6558852
0.8912901 0.8912901 0.8949031 0.8821152 0.8761407 0.8761407 0.8720689 0.8660875 0.8660875 0.8614620 0.8614620 0.8575946 0.8558552 0.8542187 0.8525584 0.8525584 0.8203898 0.8051637 0.7912468 0.7786688 0.7678812 0.7589658 0.7518459 0.7464510 0.7427730 0.7406392 0.7399052 0.7402785 0.7408527 0.7382846 0.7382846 0.6833341 0.6315426 0.5551254 0.5293589 0.5293589 0.5023978 0.5023978 0.5096280 0.5096280 0.5235837 0.5590047 0.5590047 0.5941170 0.5941170 0.6603453 0.6603453 0.6603453 0.6863613 0.6863613 0.6909472 0.6909472 0.6826358 0.6826358 0.6690462 0.6690462 0.6545045 0.6545045 0.6545045
0.8915135 0.8915135 0.8934407 0.8821635 0.8764272 0.8764272 0.8722345 0.8660952 0.8660952 0.8614509 0.8614509 0.8575899 0.8558527 0.8542175 0.8525261 0.8525261 0.8218865 0.8036943 0.7862779 0.7702788 0.7561917 0.7442348 0.7344341 0.7267427 0.7211130 0.7173975 0.7154217 0.7149109 0.7151722 0.7138235 0.7138235 0.6800964 0.6389117 0.5690992 0.5455240 0.5455240 0.5288007 0.5288007 0.5489232 0.5489232 0.5647880 0.5905707 0.5905707 0.6063989 0.6063989 0.6454843 0.6454843 0.6454843 0.6697443 0.6697443 0.6789459 0.6789459 0.6752457 0.6752457 0.6647058 0.6647058 0.6521056 0.6521056 0.6521056
0.8914402 0.8914402 0.8925829 0.8822186 0.8766423 0.8766423 0.8723667 0.8661037 0.8661037 0.8614430 0.8614430 0.8575878 0.8558527 0.8542185 0.8524806 0.8524806 0.8213528 0.8004773 0.7799268 0.7607812 0.7436356 0.7287952 0.7163692 0.7063576 0.6987176 0.6933300 0.6900273 0.6885572 0.6883804 0.6878161 0.6878161 0.6676068 0.6370049 0.5802965 0.5644165 0.5644165 0.5687995 0.5687995 0.5989720 0.5989720 0.6109491 0.6199051 0.6199051 0.6182010 0.6182010 0.6332367 0.6332367 0.6332367 0.6522605 0.6522605 0.6640249 0.6640249 0.6650322 0.6650322 0.6584221 0.6584221 0.6486324 0.6486324 0.6486324
0.8913934 0.8913934 0.8920839 0.8822531 0.8767726 0.8767726 0.8724500 0.8661080 0.8661080 0.8614363 0.8614363 0.8575854 0.8558520 0.8542191 0.8524149 0.8524149 0.8185083 0.7949544 0.7715224 0.7495279 0.7296297 0.7121720 0.6973093 0.6850799 0.6754608 0.6683640 0.6636490 0.6611021 0.6603112 0.6601405 0.6601405 0.6487257 0.6281267 0.5926164 0.5920107 0.5920107 0.6235964 0.6235964 0.6507396 0.6507396 0.6532644 0.6438257 0.6438257 0.6288254 0.6288254 0.6247539 0.6247539 0.6247539 0.6363305 0.6363305 0.6478829 0.6478829 0.6525911 0.6525911 0.6502578 0.6502578 0.6440231 0.6440231 0.6440231
0.8913772 0.8913772 0.8919208 0.8822647 0.8768165 0.8768165 0.8724784 0.8661094 0.8661094 0.8614339 0.8614339 0.8575845 0.8558518 0.8542193 0.8523209 0.8523209 0.8129746 0.7865209 0.7603408 0.7357774 0.7134720 0.6937494 0.6767610 0.6625549 0.6511191 0.6423916 0.6362637 0.6325686 0.6310165 0.6309609 0.6309609 0.6255849 0.6150764 0.6141589 0.6367207 0.6367207 0.6865180 0.6865180 0.6942975 0.6942975 0.6861029 0.6622239 0.6622239 0.6383741 0.6383741 0.6199871 0.6199871 0.6199871 0.6233920 0.6233920 0.6321961 0.6321961 0.6388776 0.6388776 0.6405082 0.6405082 0.6383017 0.6383017 0.6383017
0.8913935 0.8913935 0.8920838 0.8822531 0.8767726 0.8767726 0.8724499 0.8661081 0.8661081 0.8614364 0.8614364 0.8575853 0.8558520 0.8542191 0.8521890 0.8521890 0.8041769 0.7744337 0.7455447 0.7186768 0.6943456 0.6727852 0.6540899 0.6382784 0.6253275 0.6151844 0.6077663 0.6029539 0.6005946 0.6006582 0.6006582 0.6005031 0.6028101 0.6564119 0.7019612 0.7019612 0.7433639 0.7433639 0.7251794 0.7251794 0.7091776 0.6764402 0.6764402 0.6470404 0.6470404 0.6181966 0.6181966 0.6181966 0.6138794 0.6138794 0.6182665 0.6182665 0.6250182 0.6250182 0.6297432 0.6297432 0.6316650 0.6316650 0.6316650
0.8914402 0.8914402 0.8925827 0.8822187 0.8766421 0.8766421 0.8723669 0.8661036 0.8661036 0.8614430 0.8614430 0.8575877 0.8558526 0.8542184 0.8520051 0.8520051 0.7911996 0.7576685 0.7260740 0.6971905 0.6712775 0.6483949 0.6285210 0.6116015 0.5975734 0.5863717 0.5779257 0.5721604 0.5691411 0.5700853 0.5700853 0.5776970 0.6018874 0.7251038 0.7760849 0.7760849 0.7826202 0.7826202 0.7452256 0.7452256 0.7251992 0.6877959 0.6877959 0.6548638 0.6548638 0.6184477 0.6184477 0.6184477 0.6075232 0.6075232 0.6068507 0.6068507 0.6120996 0.6120996 0.6187535 0.6187535 0.6245102 0.6245102 0.6245102
0.8915136 0.8915136 0.8934407 0.8821635 0.8764271 0.8764271 0.8722345 0.8660952 0.8660952 0.8614510 0.8614510 0.8575898 0.8558527 0.8542172 0.8517510 0.8517510 0.7725443 0.7347094 0.7004846 0.6699883 0.6430665 0.6195083 0.5991140 0.5817164 0.5671854 0.5554231 0.5463542 0.5399601 0.5368563 0.5418727 0.5418727 0.5676920 0.6311839 0.8060333 0.8352354 0.8352354 0.8043539 0.8043539 0.7583731 0.7583731 0.7367433 0.6969643 0.6969643 0.6616757 0.6616757 0.6198492 0.6198492 0.6198492 0.6036825 0.6036825 0.5981698 0.5981698 0.6009891 0.6009891 0.6084347 0.6084347 0.6174149 0.6174149 0.6174149
