cruce_test.gid/Rasters/Hydraulic/Depth____000215.asc
NCOLS        79
NROWS        79
XLLCENTER         -1.500000
YLLCENTER         -4.800000
CELLSIZE           0.100
NODATA_VALUE     -9999.0
[rows 0 to 25 of 79, columns 0 to 58 of 79]
-9999.000 -9999.000 -9999.000 -9999.000 -9999.000 -9999.000 -9999.000 -9999.000 -9999.000 -9999.000 -9999.000 -9999.000 -9999.000 -9999.000 -9999.000 0.7686565 0.7692481 0.7695546 0.7696593 0.7694870 0.7691894 0.7688501 0.7684970 0.7681539 0.7678399 0.7675520 0.7672899 0.7670279 0.7666563 0.7666306 0.7666306 -9999.000 -9999.000 -9999.000 -9999.000 -9999.000 -9999.000 -9999.000 -9999.000 -9999.000 -9999.000 -9999.000 -9999.000 -9999.000 -9999.000 -9999.000 -9999.000 -9999.000 -9999.000 -9999.000 -9999.000 -9999.000 -9999.000 -9999.000 -9999.000 -9999.000 -9999.000 -9999.000 -9999.000
-9999.000 -9999.000 -9999.000 -9999.000 -9999.000 -9999.000 -9999.000 -9999.000 -9999.000 -9999.000 -9999.000 -9999.000 -9999.000 -9999.000 -9999.000 0.7704879 0.7710128 0.7712617 0.7713456 0.7712037 0.7709655 0.7707005 0.7704295 0.7701705 0.7699379 0.7697272 0.7695372 0.7693439 0.7690501 0.7691144 0.7691144 -9999.000 -9999.000 -9999.000 -9999.000 -9999.000 -9999.000 -9999.000 -9999.000 -9999.000 -9999.000 -9999.000 -9999.000 -9999.000 -9999.000 -9999.000 -9999.000 -9999.000 -9999.000 -9999.000 -9999.000 -9999.000 -9999.000 -9999.000 -9999.000 -9999.000 -9999.000 -9999.000 -9999.000
-9999.000 -9999.000 -9999.000 -9999.000 -9999.000 -9999.000 -9999.000 -9999.000 -9999.000 -9999.000 -9999.000 -9999.000 -9999.000 -9999.000 -9999.000 0.7723915 0.7729560 0.7732192 0.7733139 0.7731776 0.7729440 0.7726849 0.7724212 0.7721706 0.7719474 0.7717457 0.7715632 0.7713738 0.7710747 0.7711347 0.7711347 -9999.000 -9999.000 -9999.000 -9999.000 -9999.000 -9999.000 -9999.000 -9999.000 -9999.000 -9999.000 -9999.000 -9999.000 -9999.000 -9999.000 -9999.000 -9999.000 -9999.000 -9999.000 -9999.000 -9999.000 -9999.000 -9999.000 -9999.000 -9999.000 -9999.000 -9999.000 -9999.000 -9999.000
-9999.000 -9999.000 -9999.000 -9999.000 -9999.000 -9999.000 -9999.000 -9999.000 -9999.000 -9999.000 -9999.000 -9999.000 -9999.000 -9999.000 -9999.000 0.7743462 0.7749369 0.7752084 0.7753076 0.7751698 0.7749339 0.7746732 0.7744082 0.7741573 0.7739346 0.7737331 0.7735503 0.7733583 0.7730479 0.7730863 0.7730863 -9999.000 -9999.000 -9999.000 -9999.000 -9999.000 -9999.000 -9999.000 -9999.000 -9999.000 -9999.000 -9999.000 -9999.000 -9999.000 -9999.000 -9999.000 -9999.000 -9999.000 -9999.000 -9999.000 -9999.000 -9999.000 -9999.000 -9999.000 -9999.000 -9999.000 -9999.000 -9999.000 -9999.000
-9999.000 -9999.000 -9999.000 -9999.000 -9999.000 -9999.000 -9999.000 -9999.000 -9999.000 -9999.000 -9999.000 -9999.000 -9999.000 -9999.000 -9999.000 0.7763189 0.7769311 0.7772084 0.7773091 0.7771664 0.7769247 0.7766590 0.7763891 0.7761339 0.7759079 0.7757030 0.7755165 0.7753186 0.7749922 0.7749956 0.7749956 -9999.000 -9999.000 -9999.000 -9999.000 -9999.000 -9999.000 -9999.000 -9999.000 -9999.000 -9999.000 -9999.000 -9999.000 -9999.000 -9999.000 -9999.000 -9999.000 -9999.000 -9999.000 -9999.000 -9999.000 -9999.000 -9999.000 -9999.000 -9999.000 -9999.000 -9999.000 -9999.000 -9999.000
-9999.000 -9999.000 -9999.000 -9999.000 -9999.000 -9999.000 -9999.000 -9999.000 -9999.000 -9999.000 -9999.000 -9999.000 -9999.000 -9999.000 -9999.000 0.7782964 0.7789282 0.7792099 0.7793103 0.7791607 0.7789115 0.7786391 0.7783626 0.7781016 0.7778708 0.7776606 0.7774688 0.7772629 0.7769166 0.7768714 0.7768714 -9999.000 -9999.000 -9999.000 -9999.000 -9999.000 -9999.000 -9999.000 -9999.000 -9999.000 -9999.000 -9999.000 -9999.000 -9999.000 -9999.000 -9999.000 -9999.000 -9999.000 -9999.000 -9999.000 -9999.000 -9999.000 -9999.000 -9999.000 -9999.000 -9999.000 -9999.000 -9999.000 -9999.000
-9999.000 -9999.000 -9999.000 -9999.000 -9999.000 -9999.000 -9999.000 -9999.000 -9999.000 -9999.000 -9999.000 -9999.000 -9999.000 -9999.000 -9999.000 0.7802731 0.7809236 0.7812083 0.7813071 0.7811491 0.7808914 0.7806119 0.7803280 0.7800604 0.7798241 0.7796077 0.7794094 0.7791939 0.7788235 0.7787145 0.7787145 -9999.000 -9999.000 -9999.000 -9999.000 -9999.000 -9999.000 -9999.000 -9999.000 -9999.000 -9999.000 -9999.000 -9999.000 -9999.000 -9999.000 -9999.000 -9999.000 -9999.000 -9999.000 -9999.000 -9999.000 -9999.000 -9999.000 -9999.000 -9999.000 -9999.000 -9999.000 -9999.000 -9999.000
-9999.000 -9999.000 -9999.000 -9999.000 -9999.000 -9999.000 -9999.000 -9999.000 -9999.000 -9999.000 -9999.000 -9999.000 -9999.000 -9999.000 -9999.000 0.7822462 0.7829149 0.7832013 0.7832974 0.7831295 0.7828626 0.7825755 0.7822839 0.7820093 0.7817673 0.7815440 0.7813385 0.7811118 0.7807129 0.7805207 0.7805207 -9999.000 -9999.000 -9999.000 -9999.000 -9999.000 -9999.000 -9999.000 -9999.000 -9999.000 -9999.000 -9999.000 -9999.000 -9999.000 -9999.000 -9999.000 -9999.000 -9999.000 -9999.000 -9999.000 -9999.000 -9999.000 -9999.000 -9999.000 -9999.000 -9999.000 -9999.000 -9999.000 -9999.000
-9999.000 -9999.000 -9999.000 -9999.000 -9999.000 -9999.000 -9999.000 -9999.000 -9999.000 -9999.000 -9999.000 -9999.000 -9999.000 -9999.000 -9999.000 0.7842141 0.7849008 0.7851874 0.7852795 0.7851003 0.7848234 0.7845285 0.7842289 0.7839471 0.7836993 0.7834687 0.7832553 0.7830158 0.7825829 0.7822821 0.7822821 -9999.000 -9999.000 -9999.000 -9999.000 -9999.000 -9999.000 -9999.000 -9999.000 -9999.000 -9999.000 -9999.000 -9999.000 -9999.000 -9999.000 -9999.000 -9999.000 -9999.000 -9999.000 -9999.000 -9999.000 -9999.000 -9999.000 -9999.000 -9999.000 -9999.000 -9999.000 -9999.000 -9999.000
-9999.000 -9999.000 -9999.000 -9999.000 -9999.000 -9999.000 -9999.000 -9999.000 -9999.000 -9999.000 -9999.000 -9999.000 -9999.000 -9999.000 -9999.000 0.7861755 0.7868798 0.7871651 0.7872518 0.7870596 0.7867720 0.7864692 0.7861613 0.7858723 0.7856187 0.7853801 0.7851582 0.7849039 0.7844307 0.7839867 0.7839867 -9999.000 -9999.000 -9999.000 -9999.000 -9999.000 -9999.000 -9999.000 -9999.000 -9999.000 -9999.000 -9999.000 -9999.000 -9999.000 -9999.000 -9999.000 -9999.000 -9999.000 -9999.000 -9999.000 -9999.000 -9999.000 -9999.000 -9999.000 -9999.000 -9999.000 -9999.000 -9999.000 -9999.000
-9999.000 -9999.000 -9999.000 -9999.000 -9999.000 -9999.000 -9999.000 -9999.000 -9999.000 -9999.000 -9999.000 -9999.000 -9999.000 -9999.000 -9999.000 0.7881287 0.7888504 0.7891325 0.7892123 0.7890052 0.7887060 0.7883953 0.7880789 0.7877825 0.7875232 0.7872761 0.7870447 0.7867734 0.7862521 0.7856172 0.7856172 -9999.000 -9999.000 -9999.000 -9999.000 -9999.000 -9999.000 -9999.000 -9999.000 -9999.000 -9999.000 -9999.000 -9999.000 -9999.000 -9999.000 -9999.000 -9999.000 -9999.000 -9999.000 -9999.000 -9999.000 -9999.000 -9999.000 -9999.000 -9999.000 -9999.000 -9999.000 -9999.000 -9999.000
-9999.000 -9999.000 -9999.000 -9999.000 -9999.000 -9999.000 -9999.000 -9999.000 -9999.000 -9999.000 -9999.000 -9999.000 -9999.000 -9999.000 -9999.000 0.7900711 0.7908101 0.7910869 0.7911583 0.7909344 0.7906228 0.7903040 0.7899788 0.7896751 0.7894100 0.7891537 0.7889118 0.7886204 0.7880411 0.7871481 0.7871481 -9999.000 -9999.000 -9999.000 -9999.000 -9999.000 -9999.000 -9999.000 -9999.000 -9999.000 -9999.000 -9999.000 -9999.000 -9999.000 -9999.000 -9999.000 -9999.000 -9999.000 -9999.000 -9999.000 -9999.000 -9999.000 -9999.000 -9999.000 -9999.000 -9999.000 -9999.000 -9999.000 -9999.000
-9999.000 -9999.000 -9999.000 -9999.000 -9999.000 -9999.000 -9999.000 -9999.000 -9999.000 -9999.000 -9999.000 -9999.000 -9999.000 -9999.000 -9999.000 0.7919894 0.7927474 0.7930182 0.7930843 0.7928452 0.7925215 0.7921948 0.7918604 0.7915488 0.7912779 0.7910109 0.7907566 0.7904410 0.7897906 0.7885419 0.7885419 -9999.000 -9999.000 -9999.000 -9999.000 -9999.000 -9999.000 -9999.000 -9999.000 -9999.000 -9999.000 -9999.000 -9999.000 -9999.000 -9999.000 -9999.000 -9999.000 -9999.000 -9999.000 -9999.000 -9999.000 -9999.000 -9999.000 -9999.000 -9999.000 -9999.000 -9999.000 -9999.000 -9999.000
-9999.000 -9999.000 -9999.000 -9999.000 -9999.000 -9999.000 -9999.000 -9999.000 -9999.000 -9999.000 -9999.000 -9999.000 -9999.000 -9999.000 -9999.000 0.7935038 0.7943631 0.7947353 0.7949778 0.7948223 0.7945012 0.7941642 0.7938126 0.7934834 0.7931962 0.7929069 0.7926298 0.7922775 0.7915336 0.7897883 0.7897883 -9999.000 -9999.000 -9999.000 -9999.000 -9999.000 -9999.000 -9999.000 -9999.000 -9999.000 -9999.000 -9999.000 -9999.000 -9999.000 -9999.000 -9999.000 -9999.000 -9999.000 -9999.000 -9999.000 -9999.000 -9999.000 -9999.000 -9999.000 -9999.000 -9999.000 -9999.000 -9999.000 -9999.000
-9999.000 -9999.000 -9999.000 -9999.000 -9999.000 -9999.000 -9999.000 -9999.000 -9999.000 -9999.000 -9999.000 -9999.000 -9999.000 -9999.000 -9999.000 0.7795829 0.7901636 0.7960408 0.8001797 0.8010954 0.8001005 0.7990596 0.7980449 0.7971366 0.7963721 0.7956885 0.7950920 0.7944530 0.7933429 0.7901151 0.7901151 -9999.000 -9999.000 -9999.000 -9999.000 -9999.000 -9999.000 -9999.000 -9999.000 -9999.000 -9999.000 -9999.000 -9999.000 -9999.000 -9999.000 -9999.000 -9999.000 -9999.000 -9999.000 -9999.000 -9999.000 -9999.000 -9999.000 -9999.000 -9999.000 -9999.000 -9999.000 -9999.000 -9999.000
0.8932976 0.8932976 0.8849332 0.8779171 0.8694400 0.8694400 0.8658460 0.8602440 0.8602440 0.8557259 0.8557259 0.8519816 0.8503235 0.8487765 0.8472037 0.8472037 0.8006132 0.7990271 0.7976202 0.7959388 0.7972215 0.7991719 0.8014407 0.8042668 0.8076150 0.8105797 0.8131651 0.8140440 0.8090158 0.7813661 0.7813661 0.5603297 0.5189905 0.4917285 0.4823790 0.4823790 0.4665264 0.4665264 0.4627879 0.4627879 0.4702809 0.5121018 0.5121018 0.5926823 0.5926823 0.6964607 0.6964607 0.6964607 0.7043568 0.7043568 0.6960636 0.6960636 0.6812304 0.6812304 0.6647851 0.6647851 0.6490331 0.6490331 0.6490331
0.8902465 0.8902465 0.8829876 0.8759130 0.8685548 0.8685548 0.8647455 0.8590662 0.8590662 0.8545641 0.8545641 0.8508390 0.8491892 0.8476501 0.8460872 0.8460872 0.8060843 0.7989386 0.7931491 0.7878856 0.7843215 0.7817981 0.7801726 0.7796044 0.7801586 0.7815018 0.7835654 0.7857817 0.7863861 0.7790534 0.7790534 0.6316876 0.5728961 0.5125170 0.4948124 0.4948124 0.4723298 0.4723298 0.4679486 0.4679486 0.4751589 0.5129713 0.5129713 0.5807768 0.5807768 0.6869895 0.6869895 0.6869895 0.7018786 0.7018786 0.6956961 0.6956961 0.6815829 0.6815829 0.6654337 0.6654337 0.6498137 0.6498137 0.6498137
0.8888066 0.8888066 0.8829488 0.8755577 0.8688370 0.8688370 0.8648407 0.8590270 0.8590270 0.8545129 0.8545129 0.8507863 0.8491345 0.8475922 0.8460124 0.8460124 0.8103792 0.7987972 0.7888644 0.7800207 0.7728546 0.7671772 0.7628236 0.7598069 0.7581615 0.7577012 0.7583339 0.7596834 0.7604687 0.7559757 0.7559757 0.6656790 0.6058156 0.5315773 0.5083156 0.5083156 0.4814935 0.4814935 0.4812653 0.4812653 0.4917385 0.5301095 0.5301095 0.5835712 0.5835712 0.6748422 0.6748422 0.6748422 0.6953728 0.6953728 0.6928840 0.6928840 0.6803920 0.6803920 0.6649005 0.6649005 0.6496095 0.6496095 0.6496095
0.8878781 0.8878781 0.8821973 0.8754073 0.8691091 0.8691091 0.8649707 0.8590218 0.8590218 0.8545027 0.8545027 0.8507841 0.8491343 0.8475929 0.8459864 0.8459864 0.8134404 0.7982823 0.7844848 0.7720757 0.7614933 0.7527821 0.7458478 0.7406335 0.7371004 0.7350875 0.7344522 0.7348915 0.7354711 0.7327936 0.7327936 0.6770107 0.6251615 0.5492728 0.5239608 0.5239608 0.4983856 0.4983856 0.5071245 0.5071245 0.5214919 0.5568148 0.5568148 0.5920649 0.5920649 0.6594498 0.6594498 0.6594498 0.6832215 0.6832215 0.6857997 0.6857997 0.6764948 0.6764948 0.6626847 0.6626847 0.6483849 0.6483849 0.6483849
0.8874429 0.8874429 0.8810738 0.8753642 0.8693350 0.8693350 0.8650876 0.8590114 0.8590114 0.8544838 0.8544838 0.8507720 0.8491238 0.8475837 0.8459360 0.8459360 0.8148082 0.7966705 0.7793999 0.7636018 0.7497511 0.7380381 0.7284698 0.7209996 0.7155620 0.7120092 0.7101676 0.7097564 0.7100614 0.7086514 0.7086514 0.6742891 0.6328958 0.5635517 0.5405943 0.5405943 0.5256511 0.5256511 0.5467097 0.5467097 0.5623162 0.5869997 0.5869997 0.6026374 0.6026374 0.6437754 0.6437754 0.6437754 0.6671017 0.6671017 0.6746158 0.6746158 0.6697363 0.6697363 0.6587524 0.6587524 0.6462571 0.6462571 0.6462571
0.8876255 0.8876255 0.8794910 0.8753949 0.8695143 0.8695143 0.8651853 0.8590103 0.8590103 0.8544800 0.8544800 0.8507774 0.8491311 0.8475918 0.8458816 0.8458816 0.8141875 0.7933586 0.7729712 0.7540498 0.7371625 0.7225919 0.7104307 0.7006731 0.6932639 0.6880797 0.6849495 0.6836167 0.6835253 0.6829533 0.6829533 0.6622919 0.6314359 0.5753474 0.5603960 0.5603960 0.5666164 0.5666164 0.5963307 0.5963307 0.6073967 0.6149473 0.6149473 0.6131558 0.6131558 0.6305324 0.6305324 0.6305324 0.6497305 0.6497305 0.6604094 0.6604094 0.6602544 0.6602544 0.6530191 0.6530191 0.6431804 0.6431804 0.6431804
0.8878480 0.8878480 0.8784113 0.8754346 0.8696275 0.8696275 0.8652477 0.8590076 0.8590076 0.8544741 0.8544741 0.8507763 0.8491313 0.8475925 0.8457940 0.8457940 0.8112773 0.7877776 0.7645268 0.7427758 0.7231524 0.7059826 0.6914067 0.6794559 0.6700974 0.6632378 0.6587314 0.6563589 0.6556958 0.6555733 0.6555733 0.6438807 0.6230987 0.5887691 0.5894665 0.5894665 0.6218193 0.6218193 0.6467547 0.6467547 0.6482204 0.6377822 0.6377822 0.6229404 0.6229404 0.6210935 0.6210935 0.6210935 0.6335693 0.6335693 0.6447431 0.6447431 0.6485419 0.6485419 0.6455100 0.6455100 0.6390911 0.6390911 0.6390911
0.8878735 0.8878735 0.8781017 0.8754488 0.8696656 0.8696656 0.8652691 0.8590066 0.8590066 0.8544719 0.8544719 0.8507759 0.8491314 0.8475927 0.8456711 0.8456711 0.8057080 0.7793342 0.7533565 0.7290529 0.7070338 0.6876084 0.6709183 0.6570045 0.6458482 0.6373816 0.6314911 0.6280038 0.6266194 0.6266691 0.6266691 0.6211954 0.6107503 0.6121382 0.6359016 0.6359016 0.6838687 0.6838687 0.6886581 0.6886581 0.6797366 0.6554819 0.6554819 0.6319740 0.6319740 0.6155154 0.6155154 0.6155154 0.6201735 0.6201735 0.6292444 0.6292444 0.6354277 0.6354277 0.6364581 0.6364581 0.6339959 0.6339959 0.6339959
0.8878480 0.8878480 0.8784112 0.8754346 0.8696274 0.8696274 0.8652479 0.8590076 0.8590076 0.8544741 0.8544741 0.8507763 0.8491313 0.8475926 0.8455011 0.8455011 0.7969076 0.7672893 0.7386289 0.7120355 0.6879981 0.6667387 0.6483443 0.6328287 0.6201650 0.6102949 0.6031325 0.5985528 0.5963947 0.5966218 0.5966218 0.5965999 0.5995503 0.6566762 0.7019728 0.7019728 0.7386904 0.7386904 0.7182379 0.7182379 0.7019805 0.6693249 0.6693249 0.6403427 0.6403427 0.6130980 0.6130980 0.6130980 0.6101187 0.6101187 0.6152508 0.6152508 0.6219946 0.6219946 0.6263673 0.6263673 0.6280556 0.6280556 0.6280556
0.8876255 0.8876255 0.8794911 0.8753949 0.8695142 0.8695142 0.8651854 0.8590102 0.8590102 0.8544801 0.8544801 0.8507774 0.8491312 0.8475919 0.8452672 0.8452672 0.7839701 0.7506252 0.7192917 0.6906970 0.6650820 0.6424984 0.6229202 0.6062911 0.5925470 0.5816197 0.5734358 0.5679171 0.5651237 0.5663015 0.5663015 0.5744615 0.6004708 0.7267641 0.7747937 0.7747937 0.7759191 0.7759191 0.7376040 0.7376040 0.7176092 0.6804923 0.6804923 0.6479841 0.6479841 0.6128841 0.6128841 0.6128841 0.6032363 0.6032363 0.6036003 0.6036003 0.6093089 0.6093089 0.6159673 0.6159673 0.6216167 0.6216167 0.6216167
0.8874428 0.8874428 0.8810739 0.8753641 0.8693349 0.8693349 0.8650876 0.8590114 0.8590114 0.8544839 0.8544839 0.8507720 0.8491239 0.8475837 0.8449396 0.8449396 0.7654041 0.7278317 0.6939054 0.6637129 0.6370906 0.6138245 0.5937145 0.5765947 0.5623355 0.5508384 0.5420269 0.5358822 0.5330220 0.5383986 0.5383986 0.5656778 0.6325795 0.8065602 0.8308718 0.8308718 0.7965558 0.7965558 0.7505059 0.7505059 0.7290072 0.6895646 0.6895646 0.6546804 0.6546804 0.6139551 0.6139551 0.6139551 0.5989488 0.5989488 0.5946116 0.5946116 0.5982696 0.5982696 0.6061171 0.6061171 0.6152018 0.6152018 0.6152018
