cruce_test.gid/Rasters/Hydraulic/Depth____000328.asc
NCOLS        79
NROWS        79
XLLCENTER         -1.500000
YLLCENTER         -4.800000
CELLSIZE           0.100
NODATA_VALUE     -9999.0
[rows 0 to 25 of 79, columns 0 to 58 of 79]
-9999.000 -9999.000 -9999.000 -9999.000 -9999.000 -9999.000 -9999.000 -9999.000 -9999.000 -9999.000 -9999.000 -9999.000 -9999.000 -9999.000 -9999.000 0.6757826 0.6761501 0.6761628 0.6760413 0.6758505 0.6756181 0.6753595 0.6750993 0.6748396 0.6745897 0.6743554 0.6741319 0.6738846 0.6735068 0.6734586 0.6734586 -9999.000 -9999.000 -9999.000 -9999.000 -9999.000 -9999.000 -9999.000 -9999.000 -9999.000 -9999.000 -9999.000 -9999.000 -9999.000 -9999.000 -9999.000 -9999.000 -9999.000 -9999.000 -9999.000 -9999.000 -9999.000 -9999.000 -9999.000 -9999.000 -9999.000 -9999.000 -9999.000 -9999.000
-9999.000 -9999.000 -9999.000 -9999.000 -9999.000 -9999.000 -9999.000 -9999.000 -9999.000 -9999.000 -9999.000 -9999.000 -9999.000 -9999.000 -9999.000 0.6775394 0.6778935 0.6779029 0.6778033 0.6776506 0.6774676 0.6772661 0.6770660 0.6768682 0.6766799 0.6765058 0.6763410 0.6761547 0.6758510 0.6758841 0.6758841 -9999.000 -9999.000 -9999.000 -9999.000 -9999.000 -9999.000 -9999.000 -9999.000 -9999.000 -9999.000 -9999.000 -9999.000 -9999.000 -9999.000 -9999.000 -9999.000 -9999.000 -9999.000 -9999.000 -9999.000 -9999.000 -9999.000 -9999.000 -9999.000 -9999.000 -9999.000 -9999.000 -9999.000
-9999.000 -9999.000 -9999.000 -9999.000 -9999.000 -9999.000 -9999.000 -9999.000 -9999.000 -9999.000 -9999.000 -9999.000 -9999.000 -9999.000 -9999.000 0.6794579 0.6798416 0.6798577 0.6797637 0.6796173 0.6794418 0.6792489 0.6790591 0.6788721 0.6786950 0.6785313 0.6783748 0.6781918 0.6778808 0.6779096 0.6779096 -9999.000 -9999.000 -9999.000 -9999.000 -9999.000 -9999.000 -9999.000 -9999.000 -9999.000 -9999.000 -9999.000 -9999.000 -9999.000 -9999.000 -9999.000 -9999.000 -9999.000 -9999.000 -9999.000 -9999.000 -9999.000 -9999.000 -9999.000 -9999.000 -9999.000 -9999.000 -9999.000 -9999.000
-9999.000 -9999.000 -9999.000 -9999.000 -9999.000 -9999.000 -9999.000 -9999.000 -9999.000 -9999.000 -9999.000 -9999.000 -9999.000 -9999.000 -9999.000 0.6814256 0.6818268 0.6818451 0.6817515 0.6816052 0.6814300 0.6812377 0.6810494 0.6808639 0.6806884 0.6805263 0.6803702 0.6801841 0.6798593 0.6798662 0.6798662 -9999.000 -9999.000 -9999.000 -9999.000 -9999.000 -9999.000 -9999.000 -9999.000 -9999.000 -9999.000 -9999.000 -9999.000 -9999.000 -9999.000 -9999.000 -9999.000 -9999.000 -9999.000 -9999.000 -9999.000 -9999.000 -9999.000 -9999.000 -9999.000 -9999.000 -9999.000 -9999.000 -9999.000
-9999.000 -9999.000 -9999.000 -9999.000 -9999.000 -9999.000 -9999.000 -9999.000 -9999.000 -9999.000 -9999.000 -9999.000 -9999.000 -9999.000 -9999.000 0.6834142 0.6838272 0.6838454 0.6837495 0.6836003 0.6834217 0.6832259 0.6830349 0.6828465 0.6826683 0.6825036 0.6823441 0.6821509 0.6818069 0.6817774 0.6817774 -9999.000 -9999.000 -9999.000 -9999.000 -9999.000 -9999.000 -9999.000 -9999.000 -9999.000 -9999.000 -9999.000 -9999.000 -9999.000 -9999.000 -9999.000 -9999.000 -9999.000 -9999.000 -9999.000 -9999.000 -9999.000 -9999.000 -9999.000 -9999.000 -9999.000 -9999.000 -9999.000 -9999.000
-9999.000 -9999.000 -9999.000 -9999.000 -9999.000 -9999.000 -9999.000 -9999.000 -9999.000 -9999.000 -9999.000 -9999.000 -9999.000 -9999.000 -9999.000 0.6854101 0.6858320 0.6858487 0.6857491 0.6855953 0.6854116 0.6852103 0.6850145 0.6848211 0.6846380 0.6844686 0.6843035 0.6841004 0.6837325 0.6836519 0.6836519 -9999.000 -9999.000 -9999.000 -9999.000 -9999.000 -9999.000 -9999.000 -9999.000 -9999.000 -9999.000 -9999.000 -9999.000 -9999.000 -9999.000 -9999.000 -9999.000 -9999.000 -9999.000 -9999.000 -9999.000 -9999.000 -9999.000 -9999.000 -9999.000 -9999.000 -9999.000 -9999.000 -9999.000
-9999.000 -9999.000 -9999.000 -9999.000 -9999.000 -9999.000 -9999.000 -9999.000 -9999.000 -9999.000 -9999.000 -9999.000 -9999.000 -9999.000 -9999.000 0.6874067 0.6878361 0.6878501 0.6877457 0.6875865 0.6873968 0.6871889 0.6869873 0.6867875 0.6865984 0.6864231 0.6862510 0.6860361 0.6856388 0.6854900 0.6854900 -9999.000 -9999.000 -9999.000 -9999.000 -9999.000 -9999.000 -9999.000 -9999.000 -9999.000 -9999.000 -9999.000 -9999.000 -9999.000 -9999.000 -9999.000 -9999.000 -9999.000 -9999.000 -9999.000 -9999.000 -9999.000 -9999.000 -9999.000 -9999.000 -9999.000 -9999.000 -9999.000 -9999.000
-9999.000 -9999.000 -9999.000 -9999.000 -9999.000 -9999.000 -9999.000 -9999.000 -9999.000 -9999.000 -9999.000 -9999.000 -9999.000 -9999.000 -9999.000 0.6894004 0.6898363 0.6898467 0.6897367 0.6895714 0.6893750 0.6891599 0.6889521 0.6887451 0.6885492 0.6883672 0.6881871 0.6879579 0.6875257 0.6872865 0.6872865 -9999.000 -9999.000 -9999.000 -9999.000 -9999.000 -9999.000 -9999.000 -9999.000 -9999.000 -9999.000 -9999.000 -9999.000 -9999.000 -9999.000 -9999.000 -9999.000 -9999.000 -9999.000 -9999.000 -9999.000 -9999.000 -9999.000 -9999.000 -9999.000 -9999.000 -9999.000 -9999.000 -9999.000
-9999.000 -9999.000 -9999.000 -9999.000 -9999.000 -9999.000 -9999.000 -9999.000 -9999.000 -9999.000 -9999.000 -9999.000 -9999.000 -9999.000 -9999.000 0.6913887 0.6918308 0.6918365 0.6917203 0.6915484 0.6913449 0.6911218 0.6909075 0.6906927 0.6904893 0.6902999 0.6901107 0.6898647 0.6893907 0.6890316 0.6890316 -9999.000 -9999.000 -9999.000 -9999.000 -9999.000 -9999.000 -9999.000 -9999.000 -9999.000 -9999.000 -9999.000 -9999.000 -9999.000 -9999.000 -9999.000 -9999.000 -9999.000 -9999.000 -9999.000 -9999.000 -9999.000 -9999.000 -9999.000 -9999.000 -9999.000 -9999.000 -9999.000 -9999.000
-9999.000 -9999.000 -9999.000 -9999.000 -9999.000 -9999.000 -9999.000 -9999.000 -9999.000 -9999.000 -9999.000 -9999.000 -9999.000 -9999.000 -9999.000 0.6933695 0.6938178 0.6938178 0.6936945 0.6935157 0.6933045 0.6930730 0.6928519 0.6926285 0.6924170 0.6922194 0.6920198 0.6917541 0.6912298 0.6907100 0.6907100 -9999.000 -9999.000 -9999.000 -9999.000 -9999.000 -9999.000 -9999.000 -9999.000 -9999.000 -9999.000 -9999.000 -9999.000 -9999.000 -9999.000 -9999.000 -9999.000 -9999.000 -9999.000 -9999.000 -9999.000 -9999.000 -9999.000 -9999.000 -9999.000 -9999.000 -9999.000 -9999.000 -9999.000
-9999.000 -9999.000 -9999.000 -9999.000 -9999.000 -9999.000 -9999.000 -9999.000 -9999.000 -9999.000 -9999.000 -9999.000 -9999.000 -9999.000 -9999.000 0.6953406 0.6957953 0.6957884 0.6956573 0.6954709 0.6952516 0.6950111 0.6947829 0.6945502 0.6943299 0.6941233 0.6939117 0.6936224 0.6930370 0.6922987 0.6922987 -9999.000 -9999.000 -9999.000 -9999.000 -9999.000 -9999.000 -9999.000 -9999.000 -9999.000 -9999.000 -9999.000 -9999.000 -9999.000 -9999.000 -9999.000 -9999.000 -9999.000 -9999.000 -9999.000 -9999.000 -9999.000 -9999.000 -9999.000 -9999.000 -9999.000 -9999.000 -9999.000 -9999.000
-9999.000 -9999.000 -9999.000 -9999.000 -9999.000 -9999.000 -9999.000 -9999.000 -9999.000 -9999.000 -9999.000 -9999.000 -9999.000 -9999.000 -9999.000 0.6972988 0.6977607 0.6977459 0.6976059 0.6974113 0.6971834 0.6969331 0.6966974 0.6964544 0.6962244 0.6960077 0.6957821 0.6954642 0.6948037 0.6937627 0.6937627 -9999.000 -9999.000 -9999.000 -9999.000 -9999.000 -9999.000 -9999.000 -9999.000 -9999.000 -9999.000 -9999.000 -9999.000 -9999.000 -9999.000 -9999.000 -9999.000 -9999.000 -9999.000 -9999.000 -9999.000 -9999.000 -9999.000 -9999.000 -9999.000 -9999.000 -9999.000 -9999.000 -9999.000
-9999.000 -9999.000 -9999.000 -9999.000 -9999.000 -9999.000 -9999.000 -9999.000 -9999.000 -9999.000 -9999.000 -9999.000 -9999.000 -9999.000 -9999.000 0.6992396 0.6997104 0.6996862 0.6995364 0.6993330 0.6990957 0.6988348 0.6985913 0.6983367 0.6980957 0.6978674 0.6976249 0.6972714 0.6965175 0.6950471 0.6950471 -9999.000 -9999.000 -9999.000 -9999.000 -9999.000 -9999.000 -9999.000 -9999.000 -9999.000 -9999.000 -9999.000 -9999.000 -9999.000 -9999.000 -9999.000 -9999.000 -9999.000 -9999.000 -9999.000 -9999.000 -9999.000 -9999.000 -9999.000 -9999.000 -9999.000 -9999.000 -9999.000 -9999.000
-9999.000 -9999.000 -9999.000 -9999.000 -9999.000 -9999.000 -9999.000 -9999.000 -9999.000 -9999.000 -9999.000 -9999.000 -9999.000 -9999.000 -9999.000 0.7011361 0.7016275 0.7015986 0.7014421 0.7012320 0.7009860 0.7007141 0.7004620 0.7001935 0.6999392 0.6996961 0.6994321 0.6990331 0.6981605 0.6960666 0.6960666 -9999.000 -9999.000 -9999.000 -9999.000 -9999.000 -9999.000 -9999.000 -9999.000 -9999.000 -9999.000 -9999.000 -9999.000 -9999.000 -9999.000 -9999.000 -9999.000 -9999.000 -9999.000 -9999.000 -9999.000 -9999.000 -9999.000 -9999.000 -9999.000 -9999.000 -9999.000 -9999.000 -9999.000
-9999.000 -9999.000 -9999.000 -9999.000 -9999.000 -9999.000 -9999.000 -9999.000 -9999.000 -9999.000 -9999.000 -9999.000 -9999.000 -9999.000 -9999.000 0.6982974 0.7022343 0.7038370 0.7042342 0.7040323 0.7037337 0.7033644 0.7029980 0.7026001 0.7022187 0.7018560 0.7014733 0.7009210 0.6997496 0.6960179 0.6960179 -9999.000 -9999.000 -9999.000 -9999.000 -9999.000 -9999.000 -9999.000 -9999.000 -9999.000 -9999.000 -9999.000 -9999.000 -9999.000 -9999.000 -9999.000 -9999.000 -9999.000 -9999.000 -9999.000 -9999.000 -9999.000 -9999.000 -9999.000 -9999.000 -9999.000 -9999.000 -9999.000 -9999.000
0.7696057 0.7696057 0.7726931 0.7527080 0.7493380 0.7493380 0.7464620 0.7413949 0.7413949 0.7371399 0.7371399 0.7335460 0.7319416 0.7304425 0.7290025 0.7290025 0.7064997 0.7052856 0.7047880 0.7054784 0.7066516 0.7082279 0.7105933 0.7129145 0.7153572 0.7176740 0.7192776 0.7185990 0.7114608 0.6815057 0.6815057 0.4755247 0.4406860 0.4208348 0.4142638 0.4142638 0.4044241 0.4044241 0.4089812 0.4089812 0.4210324 0.4717852 0.4717852 0.5758078 0.5758078 0.6144698 0.6144698 0.6144698 0.6127471 0.6127471 0.6021556 0.6021556 0.5885194 0.5885194 0.5745664 0.5745664 0.5619124 0.5619124 0.5619124
0.7668270 0.7668270 0.7716171 0.7518349 0.7483451 0.7483451 0.7454326 0.7403625 0.7403625 0.7361214 0.7361214 0.7325417 0.7309443 0.7294518 0.7280185 0.7280185 0.7084484 0.7038134 0.6996796 0.6963242 0.6936207 0.6916693 0.6907382 0.6906098 0.6913427 0.6928359 0.6947929 0.6964836 0.6961415 0.6833197 0.6833197 0.5432975 0.4903746 0.4389340 0.4247685 0.4247685 0.4092348 0.4092348 0.4127745 0.4127745 0.4239896 0.4680431 0.4680431 0.5506666 0.5506666 0.6124300 0.6124300 0.6124300 0.6126750 0.6126750 0.6024731 0.6024731 0.5889143 0.5889143 0.5750688 0.5750688 0.5624575 0.5624575 0.5624575
0.7654671 0.7654671 0.7710545 0.7519948 0.7484213 0.7484213 0.7454432 0.7403277 0.7403277 0.7360795 0.7360795 0.7324954 0.7308959 0.7294003 0.7279599 0.7279599 0.7098397 0.7021770 0.6948845 0.6883993 0.6828372 0.6783018 0.6749759 0.6727743 0.6717064 0.6717231 0.6726323 0.6738940 0.6741065 0.6663428 0.6663428 0.5764812 0.5218180 0.4568056 0.4376080 0.4376080 0.4188830 0.4188830 0.4260913 0.4260913 0.4390763 0.4786535 0.4786535 0.5394205 0.5394205 0.6056136 0.6056136 0.6056136 0.6101076 0.6101076 0.6015285 0.6015285 0.5885342 0.5885342 0.5749325 0.5749325 0.5624732 0.5624732 0.5624732
0.7645628 0.7645628 0.7702143 0.7521664 0.7485355 0.7485355 0.7454862 0.7403219 0.7403219 0.7360737 0.7360737 0.7324932 0.7308942 0.7293987 0.7279502 0.7279502 0.7104581 0.7000870 0.6898025 0.6803631 0.6720992 0.6651716 0.6597181 0.6557007 0.6530796 0.6517856 0.6516567 0.6522791 0.6525771 0.6475595 0.6475595 0.5902063 0.5415812 0.4742730 0.4535210 0.4535210 0.4371772 0.4371772 0.4513207 0.4513207 0.4654772 0.4967730 0.4967730 0.5348362 0.5348362 0.5932463 0.5932463 0.5932463 0.6029691 0.6029691 0.5977596 0.5977596 0.5864177 0.5864177 0.5736687 0.5736687 0.5618026 0.5618026 0.5618026
0.7640964 0.7640964 0.7691298 0.7523449 0.7486562 0.7486562 0.7455333 0.7403168 0.7403168 0.7360697 0.7360697 0.7324930 0.7308947 0.7293993 0.7279373 0.7279373 0.7099685 0.6970991 0.6840006 0.6717456 0.6608442 0.6515380 0.6439692 0.6381409 0.6340038 0.6314696 0.6303798 0.6303911 0.6306651 0.6276445 0.6276445 0.5910345 0.5511494 0.4896838 0.4719504 0.4719504 0.4663217 0.4663217 0.4875632 0.4875632 0.4996859 0.5175386 0.5175386 0.5347453 0.5347453 0.5779104 0.5779104 0.5779104 0.5915926 0.5915926 0.5908918 0.5908918 0.5824187 0.5824187 0.5713550 0.5713550 0.5606474 0.5606474 0.5606474
0.7640584 0.7640584 0.7678722 0.7525089 0.7487550 0.7487550 0.7455664 0.7403067 0.7403067 0.7360639 0.7360639 0.7324930 0.7308959 0.7294016 0.7279207 0.7279207 0.7081048 0.6927869 0.6770349 0.6621404 0.6487336 0.6371226 0.6274694 0.6198135 0.6141204 0.6103060 0.6082225 0.6075821 0.6077297 0.6061625 0.6061625 0.5832580 0.5527549 0.5045945 0.4956265 0.4956265 0.5076213 0.5076213 0.5294368 0.5294368 0.5352350 0.5370552 0.5370552 0.5376125 0.5376125 0.5629625 0.5629625 0.5629625 0.5776267 0.5776267 0.5812118 0.5812118 0.5764477 0.5764477 0.5679216 0.5679216 0.5590240 0.5590240 0.5590240
0.7646229 0.7646229 0.7663229 0.7526640 0.7488526 0.7488526 0.7456112 0.7403101 0.7403101 0.7360629 0.7360629 0.7324927 0.7308956 0.7294014 0.7278923 0.7278923 0.7045708 0.6866952 0.6683936 0.6510447 0.6353236 0.6215672 0.6099476 0.6005254 0.5932861 0.5881618 0.5850273 0.5836487 0.5835280 0.5829678 0.5829678 0.5694777 0.5487009 0.5239356 0.5301710 0.5301710 0.5582013 0.5582013 0.5690227 0.5690227 0.5661348 0.5535857 0.5535857 0.5423136 0.5423136 0.5507517 0.5507517 0.5507517 0.5631265 0.5631265 0.5695157 0.5695157 0.5686101 0.5686101 0.5633030 0.5633030 0.5568887 0.5568887 0.5568887
0.7647174 0.7647174 0.7658925 0.7527179 0.7488839 0.7488839 0.7456241 0.7403098 0.7403098 0.7360622 0.7360622 0.7324925 0.7308954 0.7294013 0.7278522 0.7278522 0.6989973 0.6783203 0.6575083 0.6378845 0.6200836 0.6044184 0.5910434 0.5800169 0.5713341 0.5649432 0.5607455 0.5585614 0.5580398 0.5581744 0.5581744 0.5517145 0.5421793 0.5559272 0.5801065 0.5801065 0.6090022 0.6090022 0.6004444 0.6004444 0.5899245 0.5671942 0.5671942 0.5480780 0.5480780 0.5421920 0.5421920 0.5421920 0.5498595 0.5498595 0.5569354 0.5569354 0.5592909 0.5592909 0.5575488 0.5575488 0.5542167 0.5542167 0.5542167
0.7646229 0.7646229 0.7663229 0.7526640 0.7488525 0.7488525 0.7456113 0.7403101 0.7403101 0.7360628 0.7360628 0.7324927 0.7308955 0.7294014 0.7277957 0.7277957 0.6908431 0.6670122 0.6436791 0.6219618 0.6023595 0.5850981 0.5702735 0.5579122 0.5479980 0.5404862 0.5352996 0.5323109 0.5313304 0.5321504 0.5321504 0.5324771 0.5393699 0.6077321 0.6411610 0.6411610 0.6494913 0.6494913 0.6228006 0.6228006 0.6074659 0.5785482 0.5785482 0.5542924 0.5542924 0.5370811 0.5370811 0.5370811 0.5389154 0.5389154 0.5446663 0.5446663 0.5491458 0.5491458 0.5508908 0.5508908 0.5510555 0.5510555 0.5510555
0.7640583 0.7640583 0.7678722 0.7525089 0.7487549 0.7487549 0.7455664 0.7403067 0.7403067 0.7360638 0.7360638 0.7324930 0.7308958 0.7294014 0.7277167 0.7277167 0.6792785 0.6518718 0.6259997 0.6024065 0.5813487 0.5628922 0.5470259 0.5337098 0.5228934 0.5145212 0.5085285 0.5048375 0.5035124 0.5058283 0.5058283 0.5168727 0.5526683 0.6749333 0.6974561 0.6974561 0.6757593 0.6757593 0.6384040 0.6384040 0.6206507 0.5881293 0.5881293 0.5604163 0.5604163 0.5346524 0.5346524 0.5346524 0.5306656 0.5306656 0.5337051 0.5337051 0.5390064 0.5390064 0.5437677 0.5437677 0.5475656 0.5475656 0.5475656
0.7640964 0.7640964 0.7691298 0.7523450 0.7486561 0.7486561 0.7455335 0.7403167 0.7403167 0.7360697 0.7360697 0.7324931 0.7308945 0.7293991 0.7276031 0.7276031 0.6629710 0.6315675 0.6032182 0.5780790 0.5560348 0.5369090 0.5205327 0.5067652 0.4954981 0.4866487 0.4801516 0.4759960 0.4748782 0.4821246 0.4821246 0.5173427 0.5991492 0.7361450 0.7334871 0.7334871 0.6913545 0.6913545 0.6496560 0.6496560 0.6308374 0.5960818 0.5960818 0.5659952 0.5659952 0.5340146 0.5340146 0.5340146 0.5249473 0.5249473 0.5246937 0.5246937 0.5297228 0.5297228 0.5367842 0.5367842 0.5440310 0.5440310 0.5440310
