cruce_test.gid/Rasters/Hydraulic/Depth____000173.asc
NCOLS        79
NROWS        79
XLLCENTER         -1.500000
YLLCENTER         -4.800000
CELLSIZE           0.100
NODATA_VALUE     -9999.0
[rows 0 to 25 of 79, columns 0 to 58 of 79]
-9999.000 -9999.000 -9999.000 -9999.000 -9999.000 -9999.000 -9999.000 -9999.000 -9999.000 -9999.000 -9999.000 -9999.000 -9999.000 -9999.000 -9999.000 0.6696090 0.6699862 0.6700659 0.6699713 0.6697903 0.6695641 0.6693086 0.6690386 0.6687783 0.6685266 0.6682906 0.6680700 0.6678374 0.6674929 0.6674529 0.6674529 -9999.000 -9999.000 -9999.000 -9999.000 -9999.000 -9999.000 -9999.000 -9999.000 -9999.000 -9999.000 -9999.000 -9999.000 -9999.000 -9999.000 -9999.000 -9999.000 -9999.000 -9999.000 -9999.000 -9999.000 -9999.000 -9999.000 -9999.000 -9999.000 -9999.000 -9999.000 -9999.000 -9999.000
-9999.000 -9999.000 -9999.000 -9999.000 -9999.000 -9999.000 -9999.000 -9999.000 -9999.000 -9999.000 -9999.000 -9999.000 -9999.000 -9999.000 -9999.000 0.6713641 0.6717216 0.6717870 0.6717086 0.6715624 0.6713832 0.6711833 0.6709740 0.6707751 0.6705846 0.6704081 0.6702444 0.6700693 0.6697931 0.6698295 0.6698295 -9999.000 -9999.000 -9999.000 -9999.000 -9999.000 -9999.000 -9999.000 -9999.000 -9999.000 -9999.000 -9999.000 -9999.000 -9999.000 -9999.000 -9999.000 -9999.000 -9999.000 -9999.000 -9999.000 -9999.000 -9999.000 -9999.000 -9999.000 -9999.000 -9999.000 -9999.000 -9999.000 -9999.000
-9999.000 -9999.000 -9999.000 -9999.000 -9999.000 -9999.000 -9999.000 -9999.000 -9999.000 -9999.000 -9999.000 -9999.000 -9999.000 -9999.000 -9999.000 0.6732954 0.6736845 0.6737595 0.6736873 0.6735470 0.6733745 0.6731824 0.6729820 0.6727934 0.6726133 0.6724466 0.6722911 0.6721200 0.6718382 0.6718717 0.6718717 -9999.000 -9999.000 -9999.000 -9999.000 -9999.000 -9999.000 -9999.000 -9999.000 -9999.000 -9999.000 -9999.000 -9999.000 -9999.000 -9999.000 -9999.000 -9999.000 -9999.000 -9999.000 -9999.000 -9999.000 -9999.000 -9999.000 -9999.000 -9999.000 -9999.000 -9999.000 -9999.000 -9999.000
-9999.000 -9999.000 -9999.000 -9999.000 -9999.000 -9999.000 -9999.000 -9999.000 -9999.000 -9999.000 -9999.000 -9999.000 -9999.000 -9999.000 -9999.000 0.6752742 0.6756834 0.6757638 0.6756931 0.6755525 0.6753798 0.6751877 0.6749876 0.6748005 0.6746216 0.6744561 0.6743011 0.6741279 0.6738349 0.6738489 0.6738489 -9999.000 -9999.000 -9999.000 -9999.000 -9999.000 -9999.000 -9999.000 -9999.000 -9999.000 -9999.000 -9999.000 -9999.000 -9999.000 -9999.000 -9999.000 -9999.000 -9999.000 -9999.000 -9999.000 -9999.000 -9999.000 -9999.000 -9999.000 -9999.000 -9999.000 -9999.000 -9999.000 -9999.000
-9999.000 -9999.000 -9999.000 -9999.000 -9999.000 -9999.000 -9999.000 -9999.000 -9999.000 -9999.000 -9999.000 -9999.000 -9999.000 -9999.000 -9999.000 0.6772729 0.6776972 0.6777814 0.6777095 0.6775656 0.6773892 0.6771930 0.6769888 0.6767989 0.6766170 0.6764488 0.6762907 0.6761118 0.6758031 0.6757845 0.6757845 -9999.000 -9999.000 -9999.000 -9999.000 -9999.000 -9999.000 -9999.000 -9999.000 -9999.000 -9999.000 -9999.000 -9999.000 -9999.000 -9999.000 -9999.000 -9999.000 -9999.000 -9999.000 -9999.000 -9999.000 -9999.000 -9999.000 -9999.000 -9999.000 -9999.000 -9999.000 -9999.000 -9999.000
-9999.000 -9999.000 -9999.000 -9999.000 -9999.000 -9999.000 -9999.000 -9999.000 -9999.000 -9999.000 -9999.000 -9999.000 -9999.000 -9999.000 -9999.000 0.6792781 0.6797152 0.6798022 0.6797280 0.6795792 0.6793973 0.6791953 0.6789848 0.6787902 0.6786031 0.6784300 0.6782669 0.6780801 0.6777517 0.6776875 0.6776875 -9999.000 -9999.000 -9999.000 -9999.000 -9999.000 -9999.000 -9999.000 -9999.000 -9999.000 -9999.000 -9999.000 -9999.000 -9999.000 -9999.000 -9999.000 -9999.000 -9999.000 -9999.000 -9999.000 -9999.000 -9999.000 -9999.000 -9999.000 -9999.000 -9999.000 -9999.000 -9999.000 -9999.000
-9999.000 -9999.000 -9999.000 -9999.000 -9999.000 -9999.000 -9999.000 -9999.000 -9999.000 -9999.000 -9999.000 -9999.000 -9999.000 -9999.000 -9999.000 0.6812829 0.6817319 0.6818212 0.6817440 0.6815896 0.6814013 0.6811923 0.6809745 0.6807743 0.6805810 0.6804019 0.6802326 0.6800362 0.6796839 0.6795594 0.6795594 -9999.000 -9999.000 -9999.000 -9999.000 -9999.000 -9999.000 -9999.000 -9999.000 -9999.000 -9999.000 -9999.000 -9999.000 -9999.000 -9999.000 -9999.000 -9999.000 -9999.000 -9999.000 -9999.000 -9999.000 -9999.000 -9999.000 -9999.000 -9999.000 -9999.000 -9999.000 -9999.000 -9999.000
-9999.000 -9999.000 -9999.000 -9999.000 -9999.000 -9999.000 -9999.000 -9999.000 -9999.000 -9999.000 -9999.000 -9999.000 -9999.000 -9999.000 -9999.000 0.6832834 0.6837440 0.6838351 0.6837548 0.6835942 0.6833992 0.6831827 0.6829569 0.6827508 0.6825504 0.6823648 0.6821883 0.6819806 0.6816001 0.6813965 0.6813965 -9999.000 -9999.000 -9999.000 -9999.000 -9999.000 -9999.000 -9999.000 -9999.000 -9999.000 -9999.000 -9999.000 -9999.000 -9999.000 -9999.000 -9999.000 -9999.000 -9999.000 -9999.000 -9999.000 -9999.000 -9999.000 -9999.000 -9999.000 -9999.000 -9999.000 -9999.000 -9999.000 -9999.000
-9999.000 -9999.000 -9999.000 -9999.000 -9999.000 -9999.000 -9999.000 -9999.000 -9999.000 -9999.000 -9999.000 -9999.000 -9999.000 -9999.000 -9999.000 0.6852768 0.6857491 0.6858418 0.6857580 0.6855910 0.6853890 0.6851648 0.6849307 0.6847185 0.6845106 0.6843178 0.6841335 0.6839128 0.6834988 0.6831915 0.6831915 -9999.000 -9999.000 -9999.000 -9999.000 -9999.000 -9999.000 -9999.000 -9999.000 -9999.000 -9999.000 -9999.000 -9999.000 -9999.000 -9999.000 -9999.000 -9999.000 -9999.000 -9999.000 -9999.000 -9999.000 -9999.000 -9999.000 -9999.000 -9999.000 -9999.000 -9999.000 -9999.000 -9999.000
-9999.000 -9999.000 -9999.000 -9999.000 -9999.000 -9999.000 -9999.000 -9999.000 -9999.000 -9999.000 -9999.000 -9999.000 -9999.000 -9999.000 -9999.000 0.6872609 0.6877452 0.6878389 0.6877514 0.6875777 0.6873686 0.6871365 0.6868937 0.6866757 0.6864599 0.6862594 0.6860666 0.6858310 0.6853771 0.6849326 0.6849326 -9999.000 -9999.000 -9999.000 -9999.000 -9999.000 -9999.000 -9999.000 -9999.000 -9999.000 -9999.000 -9999.000 -9999.000 -9999.000 -9999.000 -9999.000 -9999.000 -9999.000 -9999.000 -9999.000 -9999.000 -9999.000 -9999.000 -9999.000 -9999.000 -9999.000 -9999.000 -9999.000 -9999.000
-9999.000 -9999.000 -9999.000 -9999.000 -9999.000 -9999.000 -9999.000 -9999.000 -9999.000 -9999.000 -9999.000 -9999.000 -9999.000 -9999.000 -9999.000 0.6892337 0.6897305 0.6898244 0.6897328 0.6895518 0.6893354 0.6890953 0.6888436 0.6886202 0.6883959 0.6881874 0.6879851 0.6877320 0.6872305 0.6866026 0.6866026 -9999.000 -9999.000 -9999.000 -9999.000 -9999.000 -9999.000 -9999.000 -9999.000 -9999.000 -9999.000 -9999.000 -9999.000 -9999.000 -9999.000 -9999.000 -9999.000 -9999.000 -9999.000 -9999.000 -9999.000 -9999.000 -9999.000 -9999.000 -9999.000 -9999.000 -9999.000 -9999.000 -9999.000
-9999.000 -9999.000 -9999.000 -9999.000 -9999.000 -9999.000 -9999.000 -9999.000 -9999.000 -9999.000 -9999.000 -9999.000 -9999.000 -9999.000 -9999.000 0.6911931 0.6917030 0.6917959 0.6916993 0.6915104 0.6912864 0.6910378 0.6907768 0.6905483 0.6903151 0.6900981 0.6898853 0.6896117 0.6890528 0.6881752 0.6881752 -9999.000 -9999.000 -9999.000 -9999.000 -9999.000 -9999.000 -9999.000 -9999.000 -9999.000 -9999.000 -9999.000 -9999.000 -9999.000 -9999.000 -9999.000 -9999.000 -9999.000 -9999.000 -9999.000 -9999.000 -9999.000 -9999.000 -9999.000 -9999.000 -9999.000 -9999.000 -9999.000 -9999.000
-9999.000 -9999.000 -9999.000 -9999.000 -9999.000 -9999.000 -9999.000 -9999.000 -9999.000 -9999.000 -9999.000 -9999.000 -9999.000 -9999.000 -9999.000 0.6931361 0.6936602 0.6937508 0.6936480 0.6934502 0.6932178 0.6929601 0.6926891 0.6924559 0.6922129 0.6919867 0.6917621 0.6914640 0.6908348 0.6896105 0.6896105 -9999.000 -9999.000 -9999.000 -9999.000 -9999.000 -9999.000 -9999.000 -9999.000 -9999.000 -9999.000 -9999.000 -9999.000 -9999.000 -9999.000 -9999.000 -9999.000 -9999.000 -9999.000 -9999.000 -9999.000 -9999.000 -9999.000 -9999.000 -9999.000 -9999.000 -9999.000 -9999.000 -9999.000
-9999.000 -9999.000 -9999.000 -9999.000 -9999.000 -9999.000 -9999.000 -9999.000 -9999.000 -9999.000 -9999.000 -9999.000 -9999.000 -9999.000 -9999.000 0.6950061 0.6955634 0.6956716 0.6955800 0.6953760 0.6951362 0.6948686 0.6945854 0.6943463 0.6940904 0.6938526 0.6936131 0.6932840 0.6925670 0.6908520 0.6908520 -9999.000 -9999.000 -9999.000 -9999.000 -9999.000 -9999.000 -9999.000 -9999.000 -9999.000 -9999.000 -9999.000 -9999.000 -9999.000 -9999.000 -9999.000 -9999.000 -9999.000 -9999.000 -9999.000 -9999.000 -9999.000 -9999.000 -9999.000 -9999.000 -9999.000 -9999.000 -9999.000 -9999.000
-9999.000 -9999.000 -9999.000 -9999.000 -9999.000 -9999.000 -9999.000 -9999.000 -9999.000 -9999.000 -9999.000 -9999.000 -9999.000 -9999.000 -9999.000 0.6900861 0.6953084 0.6979744 0.6990085 0.6987799 0.6983628 0.6978949 0.6974020 0.6969727 0.6965356 0.6961378 0.6957536 0.6952668 0.6942845 0.6912125 0.6912125 -9999.000 -9999.000 -9999.000 -9999.000 -9999.000 -9999.000 -9999.000 -9999.000 -9999.000 -9999.000 -9999.000 -9999.000 -9999.000 -9999.000 -9999.000 -9999.000 -9999.000 -9999.000 -9999.000 -9999.000 -9999.000 -9999.000 -9999.000 -9999.000 -9999.000 -9999.000 -9999.000 -9999.000
0.7810423 0.7810423 0.7744104 0.7521403 0.7480118 0.7480118 0.7445918 0.7388821 0.7388821 0.7341352 0.7341352 0.7300460 0.7281869 0.7264277 0.7247550 0.7247550 0.7006825 0.6996428 0.6984165 0.6988123 0.6998662 0.7013105 0.7030890 0.7057549 0.7081796 0.7106177 0.7126191 0.7128729 0.7074969 0.6813660 0.6813660 0.4844692 0.4492202 0.4270142 0.4193205 0.4193205 0.4064660 0.4064660 0.4051518 0.4051518 0.4131053 0.4532083 0.4532083 0.5346376 0.5346376 0.6076360 0.6076360 0.6076360 0.6114613 0.6114613 0.6030171 0.6030171 0.5898556 0.5898556 0.5755883 0.5755883 0.5621384 0.5621384 0.5621384
0.7783366 0.7783366 0.7725042 0.7510583 0.7469364 0.7469364 0.7435215 0.7378347 0.7378347 0.7331131 0.7331131 0.7290435 0.7271926 0.7254410 0.7237756 0.7237756 0.7035434 0.6990117 0.6946676 0.6911231 0.6882157 0.6859683 0.6845041 0.6841327 0.6845150 0.6856991 0.6874927 0.6893068 0.6894976 0.6813623 0.6813623 0.5485644 0.4969346 0.4448617 0.4298413 0.4298413 0.4113441 0.4113441 0.4093888 0.4093888 0.4169213 0.4526363 0.4526363 0.5180027 0.5180027 0.6020058 0.6020058 0.6020058 0.6102231 0.6102231 0.6029906 0.6029906 0.5901898 0.5901898 0.5761313 0.5761313 0.5627695 0.5627695 0.5627695
0.7772139 0.7772139 0.7712672 0.7510900 0.7469411 0.7469411 0.7435003 0.7377942 0.7377942 0.7330713 0.7330713 0.7289998 0.7271466 0.7253922 0.7237244 0.7237244 0.7057539 0.6982528 0.6908755 0.6841733 0.6783186 0.6734082 0.6695371 0.6669112 0.6653907 0.6649631 0.6655167 0.6666444 0.6671172 0.6621384 0.6621384 0.5797323 0.5266466 0.4617910 0.4418141 0.4418141 0.4196562 0.4196562 0.4213493 0.4213493 0.4314405 0.4662861 0.4662861 0.5161502 0.5161502 0.5926460 0.5926460 0.5926460 0.6057651 0.6057651 0.6011615 0.6011615 0.5894284 0.5894284 0.5758030 0.5758030 0.5626662 0.5626662 0.5626662
0.7766773 0.7766773 0.7696591 0.7512072 0.7470036 0.7470036 0.7435201 0.7377821 0.7377821 0.7330574 0.7330574 0.7289876 0.7271352 0.7253817 0.7237148 0.7237148 0.7071095 0.6970450 0.6867471 0.6770568 0.6684051 0.6609980 0.6549411 0.6503630 0.6471919 0.6453654 0.6447704 0.6450996 0.6454434 0.6423417 0.6423417 0.5909603 0.5445374 0.4778100 0.4560251 0.4560251 0.4352094 0.4352094 0.4444781 0.4444781 0.4573773 0.4880341 0.4880341 0.5201605 0.5201605 0.5794179 0.5794179 0.5794179 0.5964154 0.5964154 0.5959068 0.5959068 0.5865232 0.5865232 0.5741182 0.5741182 0.5617280 0.5617280 0.5617280
0.7770501 0.7770501 0.7674157 0.7513578 0.7470843 0.7470843 0.7435486 0.7377738 0.7377738 0.7330523 0.7330523 0.7289897 0.7271391 0.7253863 0.7237194 0.7237194 0.7072910 0.6948925 0.6818422 0.6693227 0.6579689 0.6480971 0.6398564 0.6333502 0.6285490 0.6253766 0.6237093 0.6232864 0.6234171 0.6216282 0.6216282 0.5896160 0.5522128 0.4910924 0.4715409 0.4715409 0.4603249 0.4603249 0.4793794 0.4793794 0.4924766 0.5126985 0.5126985 0.5268553 0.5268553 0.5651081 0.5651081 0.5651081 0.5832686 0.5832686 0.5872023 0.5872023 0.5813235 0.5813235 0.5710819 0.5710819 0.5600935 0.5600935 0.5600935
0.7770654 0.7770654 0.7660326 0.7514898 0.7471598 0.7471598 0.7435775 0.7377679 0.7377679 0.7330476 0.7330476 0.7289894 0.7271399 0.7253875 0.7237208 0.7237208 0.7060333 0.6913249 0.6756720 0.6605191 0.6466339 0.6344101 0.6240391 0.6156252 0.6091698 0.6046107 0.6018320 0.6006123 0.6004241 0.5995230 0.5995230 0.5799834 0.5518304 0.5026009 0.4904583 0.4904583 0.4975275 0.4975275 0.5221736 0.5221736 0.5306205 0.5356227 0.5356227 0.5343592 0.5343592 0.5524793 0.5524793 0.5524793 0.5685135 0.5685135 0.5757674 0.5757674 0.5738711 0.5738711 0.5666203 0.5666203 0.5577434 0.5577434 0.5577434
0.7770669 0.7770669 0.7652281 0.7515706 0.7472101 0.7472101 0.7435974 0.7377638 0.7377638 0.7330443 0.7330443 0.7289891 0.7271401 0.7253882 0.7237216 0.7237216 0.7030710 0.6858876 0.6677173 0.6501275 0.6339315 0.6195518 0.6071990 0.5969790 0.5889127 0.5829590 0.5790231 0.5769272 0.5762791 0.5759010 0.5759010 0.5646191 0.5454913 0.5162585 0.5182396 0.5182396 0.5463970 0.5463970 0.5648358 0.5648358 0.5647963 0.5545361 0.5545361 0.5418984 0.5418984 0.5430787 0.5430787 0.5430787 0.5543162 0.5543162 0.5627940 0.5627940 0.5644867 0.5644867 0.5607238 0.5607238 0.5546248 0.5546248 0.5546248
0.7770662 0.7770662 0.7649643 0.7515976 0.7472277 0.7472277 0.7436045 0.7377623 0.7377623 0.7330430 0.7330430 0.7289891 0.7271402 0.7253884 0.7237220 0.7237220 0.6980421 0.6780700 0.6573964 0.6375511 0.6192991 0.6030303 0.5889373 0.5771118 0.5675772 0.5603074 0.5552313 0.5522155 0.5509912 0.5508829 0.5508829 0.5454361 0.5358608 0.5396667 0.5614349 0.5614349 0.5996662 0.5996662 0.5998485 0.5998485 0.5911523 0.5694303 0.5694303 0.5492362 0.5492362 0.5371774 0.5371774 0.5371774 0.5421864 0.5421864 0.5496279 0.5496279 0.5537872 0.5537872 0.5535457 0.5535457 0.5507349 0.5507349 0.5507349
0.7770670 0.7770670 0.7652281 0.7515705 0.7472101 0.7472101 0.7435974 0.7377638 0.7377638 0.7330443 0.7330443 0.7289891 0.7271402 0.7253882 0.7237217 0.7237217 0.6904075 0.6672253 0.6440101 0.6220860 0.6020668 0.5842420 0.5687402 0.5556107 0.5448585 0.5364574 0.5303534 0.5264546 0.5246230 0.5247937 0.5247937 0.5245957 0.5278397 0.5821850 0.6204187 0.6204187 0.6453765 0.6453765 0.6245897 0.6245897 0.6099774 0.5813037 0.5813037 0.5562760 0.5562760 0.5342581 0.5342581 0.5342581 0.5328143 0.5328143 0.5374612 0.5374612 0.5426177 0.5426177 0.5454568 0.5454568 0.5461852 0.5461852 0.5461852
0.7770653 0.7770653 0.7660326 0.7514896 0.7471598 0.7471598 0.7435776 0.7377679 0.7377679 0.7330476 0.7330476 0.7289894 0.7271398 0.7253875 0.7237210 0.7237210 0.6793320 0.6524585 0.6266577 0.6028635 0.5814257 0.5624575 0.5459722 0.5319441 0.5203346 0.5111001 0.5041913 0.4995532 0.4972463 0.4984058 0.4984058 0.5061926 0.5317513 0.6456628 0.6823904 0.6823904 0.6759275 0.6759275 0.6410828 0.6410828 0.6234618 0.5910192 0.5910192 0.5628249 0.5628249 0.5334787 0.5334787 0.5334787 0.5261977 0.5261977 0.5271131 0.5271131 0.5318966 0.5318966 0.5370305 0.5370305 0.5412305 0.5412305 0.5412305
0.7770501 0.7770501 0.7674157 0.7513577 0.7470842 0.7470842 0.7435486 0.7377738 0.7377738 0.7330524 0.7330524 0.7289896 0.7271390 0.7253863 0.7237195 0.7237195 0.6634740 0.6324433 0.6040971 0.5787526 0.5563625 0.5367810 0.5198534 0.5054460 0.4934539 0.4837993 0.4764239 0.4713210 0.4690428 0.4741438 0.4741438 0.5004359 0.5646258 0.7140347 0.7276503 0.7276503 0.6931269 0.6931269 0.6523412 0.6523412 0.6334611 0.5989798 0.5989798 0.5686222 0.5686222 0.5340033 0.5340033 0.5340033 0.5219251 0.5219251 0.5189741 0.5189741 0.5224273 0.5224273 0.5289708 0.5289708 0.5362739 0.5362739 0.5362739
