cruce_test.gid/Rasters/Hydraulic/Depth____000063.asc
NCOLS        79
NROWS        79
XLLCENTER         -1.500000
YLLCENTER         -4.800000
CELLSIZE           0.100
NODATA_VALUE     -9999.0
[rows 0 to 25 of 79, columns 0 to 57 of 79]
-9999.000 -9999.000 -9999.000 -9999.000 -9999.000 -9999.000 -9999.000 -9999.000 -9999.000 -9999.000 -9999.000 -9999.000 -9999.000 -9999.000 -9999.000 0.2775799 0.2777093 0.2776247 0.2774831 0.2772992 0.2770783 0.2768239 0.2765398 0.2762303 0.2759010 0.2755595 0.2752156 0.2748822 0.2745912 0.2748803 0.2748803 -9999.000 -9999.000 -9999.000 -9999.000 -9999.000 -9999.000 -9999.000 -9999.000 -9999.000 -9999.000 -9999.000 -9999.000 -9999.000 -9999.000 -9999.000 -9999.000 -9999.000 -9999.000 -9999.000 -9999.000 -9999.000 -9999.000 -9999.000 -9999.000 -9999.000 -9999.000 -9999.000
-9999.000 -9999.000 -9999.000 -9999.000 -9999.000 -9999.000 -9999.000 -9999.000 -9999.000 -9999.000 -9999.000 -9999.000 -9999.000 -9999.000 -9999.000 0.2794811 0.2796323 0.2795480 0.2794139 0.2792425 0.2790382 0.2788042 0.2785446 0.2782640 0.2779683 0.2776641 0.2773589 0.2770602 0.2767883 0.2770599 0.2770599 -9999.000 -9999.000 -9999.000 -9999.000 -9999.000 -9999.000 -9999.000 -9999.000 -9999.000 -9999.000 -9999.000 -9999.000 -9999.000 -9999.000 -9999.000 -9999.000 -9999.000 -9999.000 -9999.000 -9999.000 -9999.000 -9999.000 -9999.000 -9999.000 -9999.000 -9999.000 -9999.000
-9999.000 -9999.000 -9999.000 -9999.000 -9999.000 -9999.000 -9999.000 -9999.000 -9999.000 -9999.000 -9999.000 -9999.000 -9999.000 -9999.000 -9999.000 0.2814990 0.2816937 0.2816092 0.2814747 0.2813042 0.2811021 0.2808714 0.2806153 0.2803376 0.2800428 0.2797362 0.2794231 0.2791094 0.2788162 0.2791250 0.2791250 -9999.000 -9999.000 -9999.000 -9999.000 -9999.000 -9999.000 -9999.000 -9999.000 -9999.000 -9999.000 -9999.000 -9999.000 -9999.000 -9999.000 -9999.000 -9999.000 -9999.000 -9999.000 -9999.000 -9999.000 -9999.000 -9999.000 -9999.000 -9999.000 -9999.000 -9999.000 -9999.000
-9999.000 -9999.000 -9999.000 -9999.000 -9999.000 -9999.000 -9999.000 -9999.000 -9999.000 -9999.000 -9999.000 -9999.000 -9999.000 -9999.000 -9999.000 0.2835550 0.2837860 0.2836990 0.2835612 0.2833876 0.2831823 0.2829480 0.2826872 0.2824029 0.2820987 0.2817785 0.2814468 0.2811077 0.2807826 0.2811173 0.2811173 -9999.000 -9999.000 -9999.000 -9999.000 -9999.000 -9999.000 -9999.000 -9999.000 -9999.000 -9999.000 -9999.000 -9999.000 -9999.000 -9999.000 -9999.000 -9999.000 -9999.000 -9999.000 -9999.000 -9999.000 -9999.000 -9999.000 -9999.000 -9999.000 -9999.000 -9999.000 -9999.000
-9999.000 -9999.000 -9999.000 -9999.000 -9999.000 -9999.000 -9999.000 -9999.000 -9999.000 -9999.000 -9999.000 -9999.000 -9999.000 -9999.000 -9999.000 0.2856409 0.2859009 0.2858089 0.2856650 0.2854846 0.2852715 0.2850280 0.2847559 0.2844575 0.2841356 0.2837931 0.2834330 0.2830584 0.2826903 0.2830421 0.2830421 -9999.000 -9999.000 -9999.000 -9999.000 -9999.000 -9999.000 -9999.000 -9999.000 -9999.000 -9999.000 -9999.000 -9999.000 -9999.000 -9999.000 -9999.000 -9999.000 -9999.000 -9999.000 -9999.000 -9999.000 -9999.000 -9999.000 -9999.000 -9999.000 -9999.000 -9999.000 -9999.000
-9999.000 -9999.000 -9999.000 -9999.000 -9999.000 -9999.000 -9999.000 -9999.000 -9999.000 -9999.000 -9999.000 -9999.000 -9999.000 -9999.000 -9999.000 0.2877492 0.2880312 0.2879316 0.2877792 0.2875889 0.2873643 0.2871069 0.2868182 0.2864994 0.2861525 0.2857793 0.2853814 0.2849603 0.2845359 0.2848961 0.2848961 -9999.000 -9999.000 -9999.000 -9999.000 -9999.000 -9999.000 -9999.000 -9999.000 -9999.000 -9999.000 -9999.000 -9999.000 -9999.000 -9999.000 -9999.000 -9999.000 -9999.000 -9999.000 -9999.000 -9999.000 -9999.000 -9999.000 -9999.000 -9999.000 -9999.000 -9999.000 -9999.000
-9999.000 -9999.000 -9999.000 -9999.000 -9999.000 -9999.000 -9999.000 -9999.000 -9999.000 -9999.000 -9999.000 -9999.000 -9999.000 -9999.000 -9999.000 0.2898731 0.2901702 0.2900606 0.2898978 0.2896954 0.2894562 0.2891812 0.2888710 0.2885260 0.2881469 0.2877343 0.2872881 0.2868073 0.2863096 0.2866680 0.2866680 -9999.000 -9999.000 -9999.000 -9999.000 -9999.000 -9999.000 -9999.000 -9999.000 -9999.000 -9999.000 -9999.000 -9999.000 -9999.000 -9999.000 -9999.000 -9999.000 -9999.000 -9999.000 -9999.000 -9999.000 -9999.000 -9999.000 -9999.000 -9999.000 -9999.000 -9999.000 -9999.000
-9999.000 -9999.000 -9999.000 -9999.000 -9999.000 -9999.000 -9999.000 -9999.000 -9999.000 -9999.000 -9999.000 -9999.000 -9999.000 -9999.000 -9999.000 0.2920066 0.2923118 0.2921900 0.2920153 0.2917989 0.2915428 0.2912469 0.2909107 0.2905335 0.2901147 0.2896528 0.2891454 0.2885883 0.2879948 0.2883361 0.2883361 -9999.000 -9999.000 -9999.000 -9999.000 -9999.000 -9999.000 -9999.000 -9999.000 -9999.000 -9999.000 -9999.000 -9999.000 -9999.000 -9999.000 -9999.000 -9999.000 -9999.000 -9999.000 -9999.000 -9999.000 -9999.000 -9999.000 -9999.000 -9999.000 -9999.000 -9999.000 -9999.000
-9999.000 -9999.000 -9999.000 -9999.000 -9999.000 -9999.000 -9999.000 -9999.000 -9999.000 -9999.000 -9999.000 -9999.000 -9999.000 -9999.000 -9999.000 0.2941431 0.2944499 0.2943135 0.2941258 0.2938942 0.2936191 0.2932992 0.2929325 0.2925168 0.2920493 0.2915261 0.2909414 0.2902859 0.2895653 0.2898647 0.2898647 -9999.000 -9999.000 -9999.000 -9999.000 -9999.000 -9999.000 -9999.000 -9999.000 -9999.000 -9999.000 -9999.000 -9999.000 -9999.000 -9999.000 -9999.000 -9999.000 -9999.000 -9999.000 -9999.000 -9999.000 -9999.000 -9999.000 -9999.000 -9999.000 -9999.000 -9999.000 -9999.000
-9999.000 -9999.000 -9999.000 -9999.000 -9999.000 -9999.000 -9999.000 -9999.000 -9999.000 -9999.000 -9999.000 -9999.000 -9999.000 -9999.000 -9999.000 0.2962753 0.2965775 0.2964244 0.2962227 0.2959746 0.2956786 0.2953316 0.2949295 0.2944679 0.2939411 0.2933415 0.2926580 0.2918739 0.2909813 0.2911952 0.2911952 -9999.000 -9999.000 -9999.000 -9999.000 -9999.000 -9999.000 -9999.000 -9999.000 -9999.000 -9999.000 -9999.000 -9999.000 -9999.000 -9999.000 -9999.000 -9999.000 -9999.000 -9999.000 -9999.000 -9999.000 -9999.000 -9999.000 -9999.000 -9999.000 -9999.000 -9999.000 -9999.000
-9999.000 -9999.000 -9999.000 -9999.000 -9999.000 -9999.000 -9999.000 -9999.000 -9999.000 -9999.000 -9999.000 -9999.000 -9999.000 -9999.000 -9999.000 0.2983940 0.2986869 0.2985148 0.2982982 0.2980325 0.2977133 0.2973354 0.2968920 0.2963755 0.2957759 0.2950801 0.2942688 0.2933130 0.2921812 0.2922288 0.2922288 -9999.000 -9999.000 -9999.000 -9999.000 -9999.000 -9999.000 -9999.000 -9999.000 -9999.000 -9999.000 -9999.000 -9999.000 -9999.000 -9999.000 -9999.000 -9999.000 -9999.000 -9999.000 -9999.000 -9999.000 -9999.000 -9999.000 -9999.000 -9999.000 -9999.000 -9999.000 -9999.000
-9999.000 -9999.000 -9999.000 -9999.000 -9999.000 -9999.000 -9999.000 -9999.000 -9999.000 -9999.000 -9999.000 -9999.000 -9999.000 -9999.000 -9999.000 0.3004872 0.3007680 0.3005750 0.3003426 0.3000575 0.2997123 0.2992986 0.2988062 0.2982228 0.2975324 0.2967133 0.2957333 0.2945419 0.2930661 0.2927877 0.2927877 -9999.000 -9999.000 -9999.000 -9999.000 -9999.000 -9999.000 -9999.000 -9999.000 -9999.000 -9999.000 -9999.000 -9999.000 -9999.000 -9999.000 -9999.000 -9999.000 -9999.000 -9999.000 -9999.000 -9999.000 -9999.000 -9999.000 -9999.000 -9999.000 -9999.000 -9999.000 -9999.000
-9999.000 -9999.000 -9999.000 -9999.000 -9999.000 -9999.000 -9999.000 -9999.000 -9999.000 -9999.000 -9999.000 -9999.000 -9999.000 -9999.000 -9999.000 0.3025383 0.3028077 0.3025923 0.3023427 0.3020359 0.3016605 0.3012042 0.3006519 0.2999849 0.2991783 0.2981968 0.2969867 0.2954606 0.2934670 0.2925198 0.2925198 -9999.000 -9999.000 -9999.000 -9999.000 -9999.000 -9999.000 -9999.000 -9999.000 -9999.000 -9999.000 -9999.000 -9999.000 -9999.000 -9999.000 -9999.000 -9999.000 -9999.000 -9999.000 -9999.000 -9999.000 -9999.000 -9999.000 -9999.000 -9999.000 -9999.000 -9999.000 -9999.000
-9999.000 -9999.000 -9999.000 -9999.000 -9999.000 -9999.000 -9999.000 -9999.000 -9999.000 -9999.000 -9999.000 -9999.000 -9999.000 -9999.000 -9999.000 0.3045112 0.3047807 0.3045446 0.3042780 0.3039476 0.3035371 0.3030287 0.3024004 0.3016244 0.3006621 0.2994565 0.2979171 0.2958885 0.2930657 0.2906252 0.2906252 -9999.000 -9999.000 -9999.000 -9999.000 -9999.000 -9999.000 -9999.000 -9999.000 -9999.000 -9999.000 -9999.000 -9999.000 -9999.000 -9999.000 -9999.000 -9999.000 -9999.000 -9999.000 -9999.000 -9999.000 -9999.000 -9999.000 -9999.000 -9999.000 -9999.000 -9999.000 -9999.000
-9999.000 -9999.000 -9999.000 -9999.000 -9999.000 -9999.000 -9999.000 -9999.000 -9999.000 -9999.000 -9999.000 -9999.000 -9999.000 -9999.000 -9999.000 0.3053913 0.3063163 0.3062755 0.3061292 0.3058601 0.3054602 0.3049136 0.3041950 0.3032676 0.3020761 0.3005319 0.2984829 0.2956402 0.2913466 0.2846505 0.2846505 -9999.000 -9999.000 -9999.000 -9999.000 -9999.000 -9999.000 -9999.000 -9999.000 -9999.000 -9999.000 -9999.000 -9999.000 -9999.000 -9999.000 -9999.000 -9999.000 -9999.000 -9999.000 -9999.000 -9999.000 -9999.000 -9999.000 -9999.000 -9999.000 -9999.000 -9999.000 -9999.000
0.2656351 0.2656351 0.2541426 0.2469034 0.2445632 0.2445632 0.2425967 0.2393423 0.2393423 0.2366619 0.2366619 0.2798700 0.2894926 0.2967089 0.3046816 0.3046816 0.3137624 0.3142409 0.3145393 0.3145330 0.3141186 0.3132043 0.3117203 0.3096115 0.3068019 0.3031146 0.2981065 0.2906561 0.2775830 0.2433480 0.2433480 0.1179175 0.9344813E-01 0.8956167E-01 0.9443374E-01 0.9443374E-01 0.1100519 0.1100519 0.1332638 0.1332638 0.1688878 0.2003503 0.2003503 0.2037586 0.2037586 0.2026897 0.2026897 0.2026897 0.1980332 0.1980332 0.1935093 0.1935093 0.1897557 0.1897557 0.1841146 0.1841146 0.1804986 0.1804986
0.2645983 0.2645983 0.2534914 0.2464580 0.2441473 0.2441473 0.2421947 0.2389505 0.2389505 0.2362753 0.2362753 0.2778237 0.2892839 0.2955900 0.3019661 0.3019661 0.3073308 0.3077322 0.3081592 0.3085549 0.3088112 0.3087811 0.3082867 0.3071177 0.3050189 0.3016569 0.2965331 0.2887419 0.2762097 0.2516509 0.2516509 0.1632593 0.1344320 0.1137068 0.1105687 0.1105687 0.1143740 0.1143740 0.1311383 0.1311383 0.1543423 0.2002717 0.2002717 0.2042991 0.2042991 0.2024516 0.2024516 0.2024516 0.1977042 0.1977042 0.1931750 0.1931750 0.1900599 0.1900599 0.1838489 0.1838489 0.1802570 0.1802570
0.2640518 0.2640518 0.2532657 0.2464110 0.2441268 0.2441268 0.2421847 0.2389416 0.2389416 0.2362605 0.2362605 0.2753883 0.2886474 0.2938784 0.2989783 0.2989783 0.3022898 0.3022079 0.3021905 0.3022443 0.3022918 0.3021976 0.3017817 0.3008208 0.2990378 0.2960717 0.2914103 0.2842216 0.2728285 0.2523114 0.2523114 0.1847469 0.1561780 0.1303254 0.1244588 0.1244588 0.1235841 0.1235841 0.1353000 0.1353000 0.1501112 0.1945797 0.1945797 0.2053911 0.2053911 0.2028169 0.2028169 0.2028169 0.1976941 0.1976941 0.1930996 0.1930996 0.1893977 0.1893977 0.1841441 0.1841441 0.1803835 0.1803835
0.2636265 0.2636265 0.2530715 0.2463714 0.2441156 0.2441156 0.2421865 0.2389470 0.2389470 0.2362612 0.2362612 0.2722758 0.2878259 0.2921306 0.2961824 0.2961824 0.2976540 0.2970488 0.2965645 0.2962164 0.2959340 0.2955873 0.2950005 0.2939543 0.2921804 0.2893407 0.2849782 0.2783923 0.2682265 0.2505461 0.2505461 0.1979747 0.1718412 0.1456998 0.1394774 0.1394774 0.1373017 0.1373017 0.1446341 0.1446341 0.1528233 0.1856147 0.1856147 0.2036289 0.2036289 0.2026344 0.2026344 0.2026344 0.1975631 0.1975631 0.1928339 0.1928339 0.1889049 0.1889049 0.1841411 0.1841411 0.1803519 0.1803519
0.2633086 0.2633086 0.2529138 0.2463360 0.2441059 0.2441059 0.2421892 0.2389532 0.2389532 0.2362624 0.2362624 0.2685436 0.2868438 0.2902959 0.2933922 0.2933922 0.2929260 0.2917229 0.2907630 0.2900367 0.2894535 0.2888709 0.2881078 0.2869482 0.2851381 0.2823724 0.2782644 0.2722695 0.2633539 0.2482319 0.2482319 0.2061372 0.1836722 0.1605533 0.1555762 0.1555762 0.1539542 0.1539542 0.1572029 0.1572029 0.1604242 0.1787707 0.1787707 0.1981945 0.1981945 0.2014323 0.2014323 0.2014323 0.1969274 0.1969274 0.1922296 0.1922296 0.1881814 0.1881814 0.1838257 0.1838257 0.1801835 0.1801835
0.2630884 0.2630884 0.2527978 0.2463080 0.2440984 0.2440984 0.2421917 0.2389588 0.2389588 0.2362635 0.2362635 0.2643992 0.2857883 0.2884233 0.2905914 0.2905914 0.2878956 0.2859798 0.2844972 0.2833965 0.2825506 0.2817886 0.2809114 0.2796956 0.2778966 0.2752408 0.2714160 0.2660642 0.2585014 0.2458124 0.2458124 0.2119205 0.1936504 0.1762135 0.1732650 0.1732650 0.1718798 0.1718798 0.1706187 0.1706187 0.1701438 0.1764111 0.1764111 0.1910531 0.1910531 0.1985676 0.1985676 0.1985676 0.1954303 0.1954303 0.1911685 0.1911685 0.1872178 0.1872178 0.1832657 0.1832657 0.1799229 0.1799229
0.2629590 0.2629590 0.2527269 0.2462900 0.2440935 0.2440935 0.2421935 0.2389626 0.2389626 0.2362641 0.2362641 0.2600632 0.2847202 0.2865626 0.2878008 0.2878008 0.2824110 0.2796497 0.2775738 0.2760794 0.2749925 0.2741047 0.2731875 0.2719971 0.2702878 0.2678079 0.2643187 0.2597217 0.2537971 0.2438875 0.2438875 0.2171057 0.2037788 0.1937277 0.1923720 0.1923720 0.1892120 0.1892120 0.1831678 0.1831678 0.1799808 0.1779518 0.1779518 0.1851029 0.1851029 0.1941022 0.1941022 0.1941022 0.1928130 0.1928130 0.1894801 0.1894801 0.1859478 0.1859478 0.1825023 0.1825023 0.1795999 0.1795999
0.2629164 0.2629164 0.2527031 0.2462838 0.2440919 0.2440919 0.2421942 0.2389639 0.2389639 0.2362639 0.2362639 0.2557668 0.2836658 0.2847522 0.2850577 0.2850577 0.2763053 0.2725619 0.2698132 0.2678916 0.2665716 0.2656025 0.2647199 0.2636440 0.2621148 0.2598887 0.2567949 0.2531655 0.2495140 0.2432080 0.2432080 0.2235992 0.2161268 0.2128600 0.2114804 0.2114804 0.2044044 0.2044044 0.1940650 0.1940650 0.1889630 0.1816999 0.1816999 0.1818982 0.1818982 0.1888658 0.1888658 0.1888658 0.1891389 0.1891389 0.1870555 0.1870555 0.1842964 0.1842964 0.1815392 0.1815392 0.1792275 0.1792275
0.2629591 0.2629591 0.2527269 0.2462900 0.2440935 0.2440935 0.2421935 0.2389626 0.2389626 0.2362628 0.2362628 0.2517675 0.2826003 0.2830195 0.2824146 0.2824146 0.2693661 0.2645127 0.2610133 0.2586274 0.2570699 0.2560533 0.2552809 0.2544179 0.2531715 0.2512884 0.2486580 0.2464379 0.2463976 0.2449889 0.2449889 0.2334347 0.2321051 0.2317482 0.2286271 0.2286271 0.2168134 0.2168134 0.2031785 0.2031785 0.1967606 0.1862378 0.1862378 0.1812836 0.1812836 0.1839371 0.1839371 0.1839371 0.1848372 0.1848372 0.1839555 0.1839555 0.1822301 0.1822301 0.1803716 0.1803716 0.1788170 0.1788170
0.2630884 0.2630884 0.2527978 0.2463080 0.2440984 0.2440984 0.2421918 0.2389588 0.2389588 0.2362611 0.2362611 0.2483773 0.2814009 0.2813942 0.2799352 0.2799352 0.2612482 0.2552513 0.2509712 0.2480639 0.2462505 0.2452141 0.2446097 0.2440574 0.2432140 0.2417875 0.2397636 0.2399266 0.2460141 0.2506869 0.2506869 0.2479227 0.2512271 0.2482223 0.2427207 0.2427207 0.2265734 0.2265734 0.2106266 0.2106266 0.2033009 0.1907076 0.1907076 0.1823204 0.1823204 0.1800579 0.1800579 0.1800579 0.1805151 0.1805151 0.1804380 0.1804380 0.1798122 0.1798122 0.1790235 0.1790235 0.1783789 0.1783789
0.2633086 0.2633086 0.2529137 0.2463360 0.2441059 0.2441059 0.2421892 0.2389532 0.2389532 0.2362589 0.2362589 0.2462914 0.2794938 0.2799199 0.2776100 0.2776100 0.2516841 0.2444367 0.2392548 0.2358052 0.2337645 0.2327705 0.2324272 0.2323034 0.2319961 0.2311656 0.2300280 0.2348967 0.2507343 0.2619977 0.2619977 0.2668652 0.2704086 0.2618742 0.2544412 0.2544412 0.2341065 0.2341065 0.2165531 0.2165531 0.2085928 0.1946666 0.1946666 0.1840950 0.1840950 0.1774425 0.1774425 0.1774425 0.1767056 0.1767056 0.1768892 0.1768892 0.1772262 0.1772262 0.1775720 0.1775720 0.1779323 0.1779323
