cruce_test.gid/Rasters/Hydraulic/Depth____000145.asc
NCOLS        79
NROWS        79
XLLCENTER         -1.500000
YLLCENTER         -4.800000
CELLSIZE           0.100
NODATA_VALUE     -9999.0
[rows 0 to 25 of 79, columns 0 to 58 of 79]
-9999.000 -9999.000 -9999.000 -9999.000 -9999.000 -9999.000 -9999.000 -9999.000 -9999.000 -9999.000 -9999.000 -9999.000 -9999.000 -9999.000 -9999.000 0.5575556 0.5577695 0.5577410 0.5576555 0.5575290 0.5573699 0.5571894 0.5569980 0.5568048 0.5566160 0.5564321 0.5562448 0.5560120 0.5556314 0.5555919 0.5555919 -9999.000 -9999.000 -9999.000 -9999.000 -9999.000 -9999.000 -9999.000 -9999.000 -9999.000 -9999.000 -9999.000 -9999.000 -9999.000 -9999.000 -9999.000 -9999.000 -9999.000 -9999.000 -9999.000 -9999.000 -9999.000 -9999.000 -9999.000 -9999.000 -9999.000 -9999.000 -9999.000 -9999.000
-9999.000 -9999.000 -9999.000 -9999.000 -9999.000 -9999.000 -9999.000 -9999.000 -9999.000 -9999.000 -9999.000 -9999.000 -9999.000 -9999.000 -9999.000 0.5593480 0.5595627 0.5595359 0.5594636 0.5593593 0.5592302 0.5590852 0.5589330 0.5587812 0.5586351 0.5584952 0.5583544 0.5581755 0.5578648 0.5578877 0.5578877 -9999.000 -9999.000 -9999.000 -9999.000 -9999.000 -9999.000 -9999.000 -9999.000 -9999.000 -9999.000 -9999.000 -9999.000 -9999.000 -9999.000 -9999.000 -9999.000 -9999.000 -9999.000 -9999.000 -9999.000 -9999.000 -9999.000 -9999.000 -9999.000 -9999.000 -9999.000 -9999.000 -9999.000
-9999.000 -9999.000 -9999.000 -9999.000 -9999.000 -9999.000 -9999.000 -9999.000 -9999.000 -9999.000 -9999.000 -9999.000 -9999.000 -9999.000 -9999.000 0.5612979 0.5615379 0.5615157 0.5614484 0.5613499 0.5612274 0.5610901 0.5609464 0.5608038 0.5606670 0.5605357 0.5604012 0.5602231 0.5599009 0.5599171 0.5599171 -9999.000 -9999.000 -9999.000 -9999.000 -9999.000 -9999.000 -9999.000 -9999.000 -9999.000 -9999.000 -9999.000 -9999.000 -9999.000 -9999.000 -9999.000 -9999.000 -9999.000 -9999.000 -9999.000 -9999.000 -9999.000 -9999.000 -9999.000 -9999.000 -9999.000 -9999.000 -9999.000 -9999.000
-9999.000 -9999.000 -9999.000 -9999.000 -9999.000 -9999.000 -9999.000 -9999.000 -9999.000 -9999.000 -9999.000 -9999.000 -9999.000 -9999.000 -9999.000 0.5632861 0.5635422 0.5635217 0.5634558 0.5633584 0.5632369 0.5631003 0.5629576 0.5628158 0.5626798 0.5625485 0.5624126 0.5622286 0.5618881 0.5618818 0.5618818 -9999.000 -9999.000 -9999.000 -9999.000 -9999.000 -9999.000 -9999.000 -9999.000 -9999.000 -9999.000 -9999.000 -9999.000 -9999.000 -9999.000 -9999.000 -9999.000 -9999.000 -9999.000 -9999.000 -9999.000 -9999.000 -9999.000 -9999.000 -9999.000 -9999.000 -9999.000 -9999.000 -9999.000
-9999.000 -9999.000 -9999.000 -9999.000 -9999.000 -9999.000 -9999.000 -9999.000 -9999.000 -9999.000 -9999.000 -9999.000 -9999.000 -9999.000 -9999.000 0.5652941 0.5655609 0.5655404 0.5654736 0.5653743 0.5652503 0.5651107 0.5649644 0.5648189 0.5646788 0.5645431 0.5644014 0.5642072 0.5638425 0.5637995 0.5637995 -9999.000 -9999.000 -9999.000 -9999.000 -9999.000 -9999.000 -9999.000 -9999.000 -9999.000 -9999.000 -9999.000 -9999.000 -9999.000 -9999.000 -9999.000 -9999.000 -9999.000 -9999.000 -9999.000 -9999.000 -9999.000 -9999.000 -9999.000 -9999.000 -9999.000 -9999.000 -9999.000 -9999.000
-9999.000 -9999.000 -9999.000 -9999.000 -9999.000 -9999.000 -9999.000 -9999.000 -9999.000 -9999.000 -9999.000 -9999.000 -9999.000 -9999.000 -9999.000 0.5673113 0.5675857 0.5675639 0.5674949 0.5673921 0.5672636 0.5671185 0.5669662 0.5668143 0.5666677 0.5665248 0.5663746 0.5661668 0.5657722 0.5656779 0.5656779 -9999.000 -9999.000 -9999.000 -9999.000 -9999.000 -9999.000 -9999.000 -9999.000 -9999.000 -9999.000 -9999.000 -9999.000 -9999.000 -9999.000 -9999.000 -9999.000 -9999.000 -9999.000 -9999.000 -9999.000 -9999.000 -9999.000 -9999.000 -9999.000 -9999.000 -9999.000 -9999.000 -9999.000
-9999.000 -9999.000 -9999.000 -9999.000 -9999.000 -9999.000 -9999.000 -9999.000 -9999.000 -9999.000 -9999.000 -9999.000 -9999.000 -9999.000 -9999.000 0.5693312 0.5696115 0.5695877 0.5695156 0.5694084 0.5692742 0.5691223 0.5689625 0.5688027 0.5686479 0.5684963 0.5683358 0.5681116 0.5676813 0.5675184 0.5675184 -9999.000 -9999.000 -9999.000 -9999.000 -9999.000 -9999.000 -9999.000 -9999.000 -9999.000 -9999.000 -9999.000 -9999.000 -9999.000 -9999.000 -9999.000 -9999.000 -9999.000 -9999.000 -9999.000 -9999.000 -9999.000 -9999.000 -9999.000 -9999.000 -9999.000 -9999.000 -9999.000 -9999.000
-9999.000 -9999.000 -9999.000 -9999.000 -9999.000 -9999.000 -9999.000 -9999.000 -9999.000 -9999.000 -9999.000 -9999.000 -9999.000 -9999.000 -9999.000 0.5713502 0.5716352 0.5716088 0.5715333 0.5714208 0.5712802 0.5711207 0.5709525 0.5707840 0.5706202 0.5704589 0.5702867 0.5700437 0.5695708 0.5693169 0.5693169 -9999.000 -9999.000 -9999.000 -9999.000 -9999.000 -9999.000 -9999.000 -9999.000 -9999.000 -9999.000 -9999.000 -9999.000 -9999.000 -9999.000 -9999.000 -9999.000 -9999.000 -9999.000 -9999.000 -9999.000 -9999.000 -9999.000 -9999.000 -9999.000 -9999.000 -9999.000 -9999.000 -9999.000
-9999.000 -9999.000 -9999.000 -9999.000 -9999.000 -9999.000 -9999.000 -9999.000 -9999.000 -9999.000 -9999.000 -9999.000 -9999.000 -9999.000 -9999.000 0.5733651 0.5736545 0.5736250 0.5735455 0.5734275 0.5732801 0.5731125 0.5729355 0.5727577 0.5725842 0.5724127 0.5722277 0.5719631 0.5714395 0.5710644 0.5710644 -9999.000 -9999.000 -9999.000 -9999.000 -9999.000 -9999.000 -9999.000 -9999.000 -9999.000 -9999.000 -9999.000 -9999.000 -9999.000 -9999.000 -9999.000 -9999.000 -9999.000 -9999.000 -9999.000 -9999.000 -9999.000 -9999.000 -9999.000 -9999.000 -9999.000 -9999.000 -9999.000 -9999.000
-9999.000 -9999.000 -9999.000 -9999.000 -9999.000 -9999.000 -9999.000 -9999.000 -9999.000 -9999.000 -9999.000 -9999.000 -9999.000 -9999.000 -9999.000 0.5753735 0.5756670 0.5756338 0.5755503 0.5754263 0.5752718 0.5750958 0.5749097 0.5747223 0.5745390 0.5743565 0.5741575 0.5738679 0.5732837 0.5727444 0.5727444 -9999.000 -9999.000 -9999.000 -9999.000 -9999.000 -9999.000 -9999.000 -9999.000 -9999.000 -9999.000 -9999.000 -9999.000 -9999.000 -9999.000 -9999.000 -9999.000 -9999.000 -9999.000 -9999.000 -9999.000 -9999.000 -9999.000 -9999.000 -9999.000 -9999.000 -9999.000 -9999.000 -9999.000
-9999.000 -9999.000 -9999.000 -9999.000 -9999.000 -9999.000 -9999.000 -9999.000 -9999.000 -9999.000 -9999.000 -9999.000 -9999.000 -9999.000 -9999.000 0.5773722 0.5776702 0.5776329 0.5775448 0.5774146 0.5772527 0.5770682 0.5768728 0.5766757 0.5764822 0.5762881 0.5760734 0.5757543 0.5750963 0.5743304 0.5743304 -9999.000 -9999.000 -9999.000 -9999.000 -9999.000 -9999.000 -9999.000 -9999.000 -9999.000 -9999.000 -9999.000 -9999.000 -9999.000 -9999.000 -9999.000 -9999.000 -9999.000 -9999.000 -9999.000 -9999.000 -9999.000 -9999.000 -9999.000 -9999.000 -9999.000 -9999.000 -9999.000 -9999.000
-9999.000 -9999.000 -9999.000 -9999.000 -9999.000 -9999.000 -9999.000 -9999.000 -9999.000 -9999.000 -9999.000 -9999.000 -9999.000 -9999.000 -9999.000 0.5793576 0.5796611 0.5796191 0.5795261 0.5793890 0.5792195 0.5790261 0.5788212 0.5786142 0.5784101 0.5782033 0.5779704 0.5776154 0.5768660 0.5757797 0.5757797 -9999.000 -9999.000 -9999.000 -9999.000 -9999.000 -9999.000 -9999.000 -9999.000 -9999.000 -9999.000 -9999.000 -9999.000 -9999.000 -9999.000 -9999.000 -9999.000 -9999.000 -9999.000 -9999.000 -9999.000 -9999.000 -9999.000 -9999.000 -9999.000 -9999.000 -9999.000 -9999.000 -9999.000
-9999.000 -9999.000 -9999.000 -9999.000 -9999.000 -9999.000 -9999.000 -9999.000 -9999.000 -9999.000 -9999.000 -9999.000 -9999.000 -9999.000 -9999.000 0.5813246 0.5816354 0.5815881 0.5814896 0.5813450 0.5811673 0.5809643 0.5807495 0.5805321 0.5803165 0.5800952 0.5798405 0.5794405 0.5785751 0.5770223 0.5770223 -9999.000 -9999.000 -9999.000 -9999.000 -9999.000 -9999.000 -9999.000 -9999.000 -9999.000 -9999.000 -9999.000 -9999.000 -9999.000 -9999.000 -9999.000 -9999.000 -9999.000 -9999.000 -9999.000 -9999.000 -9999.000 -9999.000 -9999.000 -9999.000 -9999.000 -9999.000 -9999.000 -9999.000
-9999.000 -9999.000 -9999.000 -9999.000 -9999.000 -9999.000 -9999.000 -9999.000 -9999.000 -9999.000 -9999.000 -9999.000 -9999.000 -9999.000 -9999.000 0.5832554 0.5835807 0.5835297 0.5834271 0.5832759 0.5830901 0.5828773 0.5826516 0.5824222 0.5821931 0.5819538 0.5816708 0.5812120 0.5801960 0.5779415 0.5779415 -9999.000 -9999.000 -9999.000 -9999.000 -9999.000 -9999.000 -9999.000 -9999.000 -9999.000 -9999.000 -9999.000 -9999.000 -9999.000 -9999.000 -9999.000 -9999.000 -9999.000 -9999.000 -9999.000 -9999.000 -9999.000 -9999.000 -9999.000 -9999.000 -9999.000 -9999.000 -9999.000 -9999.000
-9999.000 -9999.000 -9999.000 -9999.000 -9999.000 -9999.000 -9999.000 -9999.000 -9999.000 -9999.000 -9999.000 -9999.000 -9999.000 -9999.000 -9999.000 0.5834674 0.5848460 0.5851863 0.5853608 0.5853904 0.5853083 0.5851379 0.5849115 0.5846539 0.5843808 0.5840871 0.5837331 0.5831466 0.5818187 0.5778301 0.5778301 -9999.000 -9999.000 -9999.000 -9999.000 -9999.000 -9999.000 -9999.000 -9999.000 -9999.000 -9999.000 -9999.000 -9999.000 -9999.000 -9999.000 -9999.000 -9999.000 -9999.000 -9999.000 -9999.000 -9999.000 -9999.000 -9999.000 -9999.000 -9999.000 -9999.000 -9999.000 -9999.000 -9999.000
0.6375543 0.6375543 0.6238394 0.6088991 0.6051130 0.6051130 0.6019270 0.5965846 0.5965846 0.5921206 0.5921206 0.5882424 0.5864648 0.5847751 0.5831627 0.5831627 0.5890682 0.5891206 0.5893019 0.5898640 0.5908529 0.5921685 0.5937642 0.5955247 0.5972816 0.5987120 0.5991550 0.5970095 0.5884228 0.5589208 0.5589208 0.3788540 0.3519120 0.3396235 0.3357026 0.3357026 0.3308933 0.3308933 0.3399343 0.3399343 0.3533733 0.4166929 0.4166929 0.4835341 0.4835341 0.5020016 0.5020016 0.5020016 0.4966917 0.4966917 0.4870421 0.4870421 0.4760779 0.4760779 0.4653221 0.4653221 0.4557584 0.4557584 0.4557584
0.6358825 0.6358825 0.6215163 0.6080322 0.6042432 0.6042432 0.6010562 0.5957211 0.5957211 0.5912704 0.5912704 0.5874064 0.5856360 0.5839531 0.5823474 0.5823474 0.5865317 0.5854902 0.5834431 0.5812330 0.5793601 0.5780702 0.5774948 0.5776541 0.5784849 0.5798184 0.5816882 0.5826048 0.5793799 0.5639370 0.5639370 0.4395014 0.3948070 0.3541276 0.3437398 0.3437398 0.3342967 0.3342967 0.3420273 0.3420273 0.3541504 0.4026774 0.4026774 0.4737026 0.4737026 0.5025441 0.5025441 0.5025441 0.4972456 0.4972456 0.4874418 0.4874418 0.4763904 0.4763904 0.4655657 0.4655657 0.4560016 0.4560016 0.4560016
0.6349454 0.6349454 0.6205054 0.6080448 0.6042503 0.6042503 0.6010490 0.5956947 0.5956947 0.5912369 0.5912369 0.5873691 0.5855967 0.5839118 0.5823040 0.5823040 0.5847586 0.5826100 0.5787448 0.5743671 0.5702581 0.5668319 0.5643001 0.5627422 0.5621484 0.5624130 0.5634655 0.5643478 0.5627944 0.5530688 0.5530688 0.4694265 0.4228995 0.3697387 0.3549740 0.3549740 0.3429193 0.3429193 0.3529687 0.3529687 0.3654551 0.4042259 0.4042259 0.4629991 0.4629991 0.5001281 0.5001281 0.5001281 0.4967819 0.4967819 0.4873424 0.4873424 0.4763067 0.4763067 0.4655510 0.4655510 0.4560810 0.4560810 0.4560810
0.6341928 0.6341928 0.6197062 0.6080645 0.6042801 0.6042801 0.6010674 0.5956948 0.5956948 0.5912338 0.5912338 0.5873676 0.5855962 0.5839117 0.5823040 0.5823040 0.5827012 0.5792192 0.5736235 0.5673099 0.5612413 0.5559546 0.5517222 0.5486535 0.5467566 0.5459505 0.5461544 0.5466920 0.5457867 0.5389304 0.5389304 0.4840456 0.4415841 0.3857403 0.3697026 0.3697026 0.3596447 0.3596447 0.3737449 0.3737449 0.3857043 0.4134008 0.4134008 0.4535969 0.4535969 0.4930463 0.4930463 0.4930463 0.4933777 0.4933777 0.4855044 0.4855044 0.4751194 0.4751194 0.4647697 0.4647697 0.4556594 0.4556594 0.4556594
0.6336163 0.6336163 0.6190972 0.6080768 0.6043098 0.6043098 0.6010875 0.5956959 0.5956959 0.5912313 0.5912313 0.5873669 0.5855961 0.5839123 0.5823050 0.5823050 0.5801968 0.5750358 0.5676336 0.5594575 0.5515459 0.5445089 0.5386721 0.5341817 0.5310663 0.5292629 0.5286785 0.5288206 0.5283199 0.5236934 0.5236934 0.4875391 0.4518438 0.4007995 0.3876034 0.3876034 0.3858638 0.3858638 0.4028308 0.4028308 0.4116838 0.4260541 0.4260541 0.4472175 0.4472175 0.4820818 0.4820818 0.4820818 0.4866576 0.4866576 0.4816324 0.4816324 0.4727825 0.4727825 0.4633535 0.4633535 0.4549666 0.4549666 0.4549666
0.6332096 0.6332096 0.6186686 0.6080830 0.6043345 0.6043345 0.6011054 0.5956972 0.5956972 0.5912292 0.5912292 0.5873662 0.5855961 0.5839127 0.5823056 0.5823056 0.5770900 0.5698729 0.5605263 0.5505149 0.5408558 0.5321681 0.5248029 0.5189366 0.5146261 0.5118348 0.5104745 0.5101824 0.5099229 0.5070592 0.5070592 0.4835654 0.4556527 0.4165965 0.4110437 0.4110437 0.4214212 0.4214212 0.4353905 0.4353905 0.4383687 0.4390683 0.4390683 0.4445297 0.4445297 0.4696516 0.4696516 0.4696516 0.4772520 0.4772520 0.4756678 0.4756678 0.4691729 0.4691729 0.4612879 0.4612879 0.4540665 0.4540665 0.4540665
0.6329678 0.6329678 0.6184139 0.6080855 0.6043506 0.6043506 0.6011176 0.5956982 0.5956982 0.5912277 0.5912277 0.5873658 0.5855961 0.5839130 0.5823060 0.5823060 0.5731342 0.5634722 0.5520145 0.5401687 0.5288561 0.5186431 0.5098655 0.5027079 0.4972476 0.4934769 0.4913277 0.4905393 0.4903555 0.4888713 0.4888713 0.4744268 0.4552426 0.4376932 0.4440160 0.4440160 0.4624893 0.4624893 0.4654559 0.4654559 0.4616129 0.4509256 0.4509256 0.4450522 0.4450522 0.4581576 0.4581576 0.4581576 0.4664257 0.4664257 0.4678988 0.4678988 0.4642561 0.4642561 0.4585202 0.4585202 0.4529540 0.4529540 0.4529540
0.6328875 0.6328875 0.6183295 0.6080859 0.6043563 0.6043563 0.6011218 0.5956985 0.5956985 0.5912272 0.5912272 0.5873655 0.5855961 0.5839130 0.5823060 0.5823060 0.5679681 0.5554674 0.5417254 0.5280377 0.5151719 0.5035883 0.4935644 0.4852613 0.4787582 0.4740669 0.4711440 0.4698125 0.4695594 0.4691953 0.4691953 0.4619983 0.4539432 0.4703837 0.4879614 0.4879614 0.5014628 0.5014628 0.4893443 0.4893443 0.4799526 0.4613350 0.4613350 0.4478185 0.4478185 0.4490788 0.4490788 0.4490788 0.4555996 0.4555996 0.4589515 0.4589515 0.4581679 0.4581679 0.4550389 0.4550389 0.4516087 0.4516087 0.4516087
0.6329678 0.6329678 0.6184140 0.6080854 0.6043506 0.6043506 0.6011176 0.5956982 0.5956982 0.5912277 0.5912277 0.5873657 0.5855962 0.5839128 0.5823060 0.5823060 0.5610732 0.5453368 0.5291560 0.5136368 0.4993423 0.4865808 0.4755299 0.4662942 0.4589291 0.4534490 0.4498291 0.4479612 0.4475687 0.4483779 0.4483779 0.4488651 0.4581454 0.5175603 0.5365468 0.5365468 0.5315475 0.5315475 0.5068947 0.5068947 0.4940352 0.4704415 0.4704415 0.4518411 0.4518411 0.4428355 0.4428355 0.4428355 0.4459274 0.4459274 0.4496616 0.4496616 0.4512602 0.4512602 0.4509409 0.4509409 0.4500376 0.4500376 0.4500376
0.6332096 0.6332096 0.6186687 0.6080831 0.6043345 0.6043345 0.6011055 0.5956972 0.5956972 0.5912291 0.5912291 0.5873662 0.5855961 0.5839127 0.5823056 0.5823056 0.5516879 0.5323275 0.5136062 0.4963257 0.4807862 0.4670994 0.4553061 0.4454227 0.4374549 0.4313994 0.4272382 0.4249205 0.4244874 0.4274267 0.4274267 0.4405642 0.4791612 0.5712085 0.5770813 0.5770813 0.5515230 0.5515230 0.5197584 0.5197584 0.5050445 0.4783512 0.4783512 0.4563106 0.4563106 0.4391192 0.4391192 0.4391192 0.4380787 0.4380787 0.4408772 0.4408772 0.4440735 0.4440735 0.4464658 0.4464658 0.4483052 0.4483052 0.4483052
0.6336163 0.6336163 0.6190973 0.6080768 0.6043098 0.6043098 0.6010876 0.5956959 0.5956959 0.5912312 0.5912312 0.5873671 0.5855962 0.5839123 0.5823049 0.5823049 0.5386447 0.5153200 0.4940727 0.4752279 0.4587422 0.4444835 0.4323229 0.4221623 0.4139366 0.4076062 0.4031453 0.4005728 0.4006417 0.4095581 0.4095581 0.4495944 0.5284699 0.6135602 0.6019071 0.6019071 0.5643725 0.5643725 0.5294185 0.5294185 0.5137630 0.4850126 0.4850126 0.4606191 0.4606191 0.4372933 0.4372933 0.4372933 0.4322396 0.4322396 0.4332814 0.4332814 0.4372442 0.4372442 0.4419866 0.4419866 0.4465449 0.4465449 0.4465449
