cruce_test.gid/Rasters/Hydraulic/Depth____000103.asc
NCOLS        79
NROWS        79
XLLCENTER         -1.500000
YLLCENTER         -4.800000
CELLSIZE           0.100
NODATA_VALUE     -9999.0
[rows 0 to 25 of 79, columns 0 to 57 of 79]
-9999.000 -9999.000 -9999.000 -9999.000 -9999.000 -9999.000 -9999.000 -9999.000 -9999.000 -9999.000 -9999.000 -9999.000 -9999.000 -9999.000 -9999.000 0.3644305 0.3645899 0.3645481 0.3644585 0.3643379 0.3641930 0.3640275 0.3638430 0.3636379 0.3634077 0.3631455 0.3628418 0.3624855 0.3620782 0.3622716 0.3622716 -9999.000 -9999.000 -9999.000 -9999.000 -9999.000 -9999.000 -9999.000 -9999.000 -9999.000 -9999.000 -9999.000 -9999.000 -9999.000 -9999.000 -9999.000 -9999.000 -9999.000 -9999.000 -9999.000 -9999.000 -9999.000 -9999.000 -9999.000 -9999.000 -9999.000 -9999.000 -9999.000
-9999.000 -9999.000 -9999.000 -9999.000 -9999.000 -9999.000 -9999.000 -9999.000 -9999.000 -9999.000 -9999.000 -9999.000 -9999.000 -9999.000 -9999.000 0.3663149 0.3664788 0.3664346 0.3663496 0.3662383 0.3661063 0.3659573 0.3657931 0.3656136 0.3654162 0.3651955 0.3649427 0.3646440 0.3642911 0.3644938 0.3644938 -9999.000 -9999.000 -9999.000 -9999.000 -9999.000 -9999.000 -9999.000 -9999.000 -9999.000 -9999.000 -9999.000 -9999.000 -9999.000 -9999.000 -9999.000 -9999.000 -9999.000 -9999.000 -9999.000 -9999.000 -9999.000 -9999.000 -9999.000 -9999.000 -9999.000 -9999.000 -9999.000
-9999.000 -9999.000 -9999.000 -9999.000 -9999.000 -9999.000 -9999.000 -9999.000 -9999.000 -9999.000 -9999.000 -9999.000 -9999.000 -9999.000 -9999.000 0.3683043 0.3685022 0.3684608 0.3683784 0.3682708 0.3681444 0.3680028 0.3678477 0.3676783 0.3674903 0.3672762 0.3670239 0.3667159 0.3663401 0.3665569 0.3665569 -9999.000 -9999.000 -9999.000 -9999.000 -9999.000 -9999.000 -9999.000 -9999.000 -9999.000 -9999.000 -9999.000 -9999.000 -9999.000 -9999.000 -9999.000 -9999.000 -9999.000 -9999.000 -9999.000 -9999.000 -9999.000 -9999.000 -9999.000 -9999.000 -9999.000 -9999.000 -9999.000
-9999.000 -9999.000 -9999.000 -9999.000 -9999.000 -9999.000 -9999.000 -9999.000 -9999.000 -9999.000 -9999.000 -9999.000 -9999.000 -9999.000 -9999.000 0.3703192 0.3705458 0.3705062 0.3704251 0.3703192 0.3701952 0.3700570 0.3699057 0.3697397 0.3695536 0.3693378 0.3690775 0.3687513 0.3683422 0.3685583 0.3685583 -9999.000 -9999.000 -9999.000 -9999.000 -9999.000 -9999.000 -9999.000 -9999.000 -9999.000 -9999.000 -9999.000 -9999.000 -9999.000 -9999.000 -9999.000 -9999.000 -9999.000 -9999.000 -9999.000 -9999.000 -9999.000 -9999.000 -9999.000 -9999.000 -9999.000 -9999.000 -9999.000
-9999.000 -9999.000 -9999.000 -9999.000 -9999.000 -9999.000 -9999.000 -9999.000 -9999.000 -9999.000 -9999.000 -9999.000 -9999.000 -9999.000 -9999.000 0.3723522 0.3726027 0.3725637 0.3724820 0.3723755 0.3722510 0.3721125 0.3719609 0.3717939 0.3716048 0.3713819 0.3711077 0.3707563 0.3703039 0.3705069 0.3705069 -9999.000 -9999.000 -9999.000 -9999.000 -9999.000 -9999.000 -9999.000 -9999.000 -9999.000 -9999.000 -9999.000 -9999.000 -9999.000 -9999.000 -9999.000 -9999.000 -9999.000 -9999.000 -9999.000 -9999.000 -9999.000 -9999.000 -9999.000 -9999.000 -9999.000 -9999.000 -9999.000
-9999.000 -9999.000 -9999.000 -9999.000 -9999.000 -9999.000 -9999.000 -9999.000 -9999.000 -9999.000 -9999.000 -9999.000 -9999.000 -9999.000 -9999.000 0.3743966 0.3746669 0.3746271 0.3745433 0.3744341 0.3743066 0.3741650 0.3740100 0.3738386 0.3736428 0.3734089 0.3731157 0.3727323 0.3722256 0.3724019 0.3724019 -9999.000 -9999.000 -9999.000 -9999.000 -9999.000 -9999.000 -9999.000 -9999.000 -9999.000 -9999.000 -9999.000 -9999.000 -9999.000 -9999.000 -9999.000 -9999.000 -9999.000 -9999.000 -9999.000 -9999.000 -9999.000 -9999.000 -9999.000 -9999.000 -9999.000 -9999.000 -9999.000
-9999.000 -9999.000 -9999.000 -9999.000 -9999.000 -9999.000 -9999.000 -9999.000 -9999.000 -9999.000 -9999.000 -9999.000 -9999.000 -9999.000 -9999.000 0.3764468 0.3767335 0.3766916 0.3766043 0.3764906 0.3763582 0.3762111 0.3760501 0.3758716 0.3756661 0.3754174 0.3751003 0.3746773 0.3741029 0.3742353 0.3742353 -9999.000 -9999.000 -9999.000 -9999.000 -9999.000 -9999.000 -9999.000 -9999.000 -9999.000 -9999.000 -9999.000 -9999.000 -9999.000 -9999.000 -9999.000 -9999.000 -9999.000 -9999.000 -9999.000 -9999.000 -9999.000 -9999.000 -9999.000 -9999.000 -9999.000 -9999.000 -9999.000
-9999.000 -9999.000 -9999.000 -9999.000 -9999.000 -9999.000 -9999.000 -9999.000 -9999.000 -9999.000 -9999.000 -9999.000 -9999.000 -9999.000 -9999.000 0.3784982 0.3787982 0.3787529 0.3786608 0.3785413 0.3784022 0.3782479 0.3780789 0.3778907 0.3776725 0.3774049 0.3770582 0.3765862 0.3759269 0.3759910 0.3759910 -9999.000 -9999.000 -9999.000 -9999.000 -9999.000 -9999.000 -9999.000 -9999.000 -9999.000 -9999.000 -9999.000 -9999.000 -9999.000 -9999.000 -9999.000 -9999.000 -9999.000 -9999.000 -9999.000 -9999.000 -9999.000 -9999.000 -9999.000 -9999.000 -9999.000 -9999.000 -9999.000
-9999.000 -9999.000 -9999.000 -9999.000 -9999.000 -9999.000 -9999.000 -9999.000 -9999.000 -9999.000 -9999.000 -9999.000 -9999.000 -9999.000 -9999.000 0.3805470 0.3808579 0.3808077 0.3807096 0.3805828 0.3804356 0.3802723 0.3800932 0.3798930 0.3796586 0.3793675 0.3789837 0.3784505 0.3776832 0.3776419 0.3776419 -9999.000 -9999.000 -9999.000 -9999.000 -9999.000 -9999.000 -9999.000 -9999.000 -9999.000 -9999.000 -9999.000 -9999.000 -9999.000 -9999.000 -9999.000 -9999.000 -9999.000 -9999.000 -9999.000 -9999.000 -9999.000 -9999.000 -9999.000 -9999.000 -9999.000 -9999.000 -9999.000
-9999.000 -9999.000 -9999.000 -9999.000 -9999.000 -9999.000 -9999.000 -9999.000 -9999.000 -9999.000 -9999.000 -9999.000 -9999.000 -9999.000 -9999.000 0.3825901 0.3829097 0.3828531 0.3827475 0.3826118 0.3824547 0.3822806 0.3820893 0.3818741 0.3816197 0.3812989 0.3808683 0.3802574 0.3793505 0.3791451 0.3791451 -9999.000 -9999.000 -9999.000 -9999.000 -9999.000 -9999.000 -9999.000 -9999.000 -9999.000 -9999.000 -9999.000 -9999.000 -9999.000 -9999.000 -9999.000 -9999.000 -9999.000 -9999.000 -9999.000 -9999.000 -9999.000 -9999.000 -9999.000 -9999.000 -9999.000 -9999.000 -9999.000
-9999.000 -9999.000 -9999.000 -9999.000 -9999.000 -9999.000 -9999.000 -9999.000 -9999.000 -9999.000 -9999.000 -9999.000 -9999.000 -9999.000 -9999.000 0.3846240 0.3849508 0.3848858 0.3847711 0.3846247 0.3844554 0.3842680 0.3840617 0.3838280 0.3835482 0.3831897 0.3826992 0.3819880 0.3808973 0.3804302 0.3804302 -9999.000 -9999.000 -9999.000 -9999.000 -9999.000 -9999.000 -9999.000 -9999.000 -9999.000 -9999.000 -9999.000 -9999.000 -9999.000 -9999.000 -9999.000 -9999.000 -9999.000 -9999.000 -9999.000 -9999.000 -9999.000 -9999.000 -9999.000 -9999.000 -9999.000 -9999.000 -9999.000
-9999.000 -9999.000 -9999.000 -9999.000 -9999.000 -9999.000 -9999.000 -9999.000 -9999.000 -9999.000 -9999.000 -9999.000 -9999.000 -9999.000 -9999.000 0.3866434 0.3869767 0.3869017 0.3867760 0.3866165 0.3864323 0.3862282 0.3860027 0.3857452 0.3854328 0.3850254 0.3844567 0.3836130 0.3822744 0.3813747 0.3813747 -9999.000 -9999.000 -9999.000 -9999.000 -9999.000 -9999.000 -9999.000 -9999.000 -9999.000 -9999.000 -9999.000 -9999.000 -9999.000 -9999.000 -9999.000 -9999.000 -9999.000 -9999.000 -9999.000 -9999.000 -9999.000 -9999.000 -9999.000 -9999.000 -9999.000 -9999.000 -9999.000
-9999.000 -9999.000 -9999.000 -9999.000 -9999.000 -9999.000 -9999.000 -9999.000 -9999.000 -9999.000 -9999.000 -9999.000 -9999.000 -9999.000 -9999.000 0.3886389 0.3889801 0.3888930 0.3887545 0.3885791 0.3883765 0.3881512 0.3879006 0.3876114 0.3872552 0.3867821 0.3861080 0.3850839 0.3834001 0.3817467 0.3817467 -9999.000 -9999.000 -9999.000 -9999.000 -9999.000 -9999.000 -9999.000 -9999.000 -9999.000 -9999.000 -9999.000 -9999.000 -9999.000 -9999.000 -9999.000 -9999.000 -9999.000 -9999.000 -9999.000 -9999.000 -9999.000 -9999.000 -9999.000 -9999.000 -9999.000 -9999.000 -9999.000
-9999.000 -9999.000 -9999.000 -9999.000 -9999.000 -9999.000 -9999.000 -9999.000 -9999.000 -9999.000 -9999.000 -9999.000 -9999.000 -9999.000 -9999.000 0.3905810 0.3909389 0.3908404 0.3906890 0.3904966 0.3902724 0.3900206 0.3897369 0.3894041 0.3889861 0.3884195 0.3875950 0.3863116 0.3841231 0.3810607 0.3810607 -9999.000 -9999.000 -9999.000 -9999.000 -9999.000 -9999.000 -9999.000 -9999.000 -9999.000 -9999.000 -9999.000 -9999.000 -9999.000 -9999.000 -9999.000 -9999.000 -9999.000 -9999.000 -9999.000 -9999.000 -9999.000 -9999.000 -9999.000 -9999.000 -9999.000 -9999.000 -9999.000
-9999.000 -9999.000 -9999.000 -9999.000 -9999.000 -9999.000 -9999.000 -9999.000 -9999.000 -9999.000 -9999.000 -9999.000 -9999.000 -9999.000 -9999.000 0.3911464 0.3923005 0.3924660 0.3924928 0.3924121 0.3922498 0.3920230 0.3917347 0.3913679 0.3908781 0.3901819 0.3891291 0.3874285 0.3843821 0.3778616 0.3778616 -9999.000 -9999.000 -9999.000 -9999.000 -9999.000 -9999.000 -9999.000 -9999.000 -9999.000 -9999.000 -9999.000 -9999.000 -9999.000 -9999.000 -9999.000 -9999.000 -9999.000 -9999.000 -9999.000 -9999.000 -9999.000 -9999.000 -9999.000 -9999.000 -9999.000 -9999.000 -9999.000
0.3827686 0.3827686 0.3677835 0.3582599 0.3551558 0.3551558 0.3525390 0.3481947 0.3481947 0.3445929 0.3445929 0.3414932 0.3400893 0.3387660 0.3492776 0.3492776 0.4000001 0.4002567 0.4006323 0.4011715 0.4017446 0.4022155 0.4024214 0.4021475 0.4011056 0.3989014 0.3949356 0.3880599 0.3752558 0.3416265 0.3416265 0.1940869 0.1728081 0.1737668 0.1783314 0.1783314 0.1902093 0.1902093 0.2220342 0.2220342 0.2598196 0.2887557 0.2887557 0.2938015 0.2938015 0.2926412 0.2926412 0.2926412 0.2867951 0.2867951 0.2806717 0.2806717 0.2751823 0.2751823 0.2685248 0.2685248 0.2640884 0.2640884
0.3813343 0.3813343 0.3668971 0.3576540 0.3545874 0.3545874 0.3519871 0.3476547 0.3476547 0.3440609 0.3440609 0.3409699 0.3395707 0.3382522 0.3434903 0.3434903 0.3942983 0.3939848 0.3931044 0.3927977 0.3929827 0.3935131 0.3942031 0.3947955 0.3949338 0.3941143 0.3915803 0.3860828 0.3751313 0.3509568 0.3509568 0.2451575 0.2117957 0.1886497 0.1858192 0.1858192 0.1909545 0.1909545 0.2140929 0.2140929 0.2444656 0.2899556 0.2899556 0.2950157 0.2950157 0.2927320 0.2927320 0.2927320 0.2866838 0.2866838 0.2807232 0.2807232 0.2752736 0.2752736 0.2683232 0.2683232 0.2638528 0.2638528
0.3805692 0.3805692 0.3665944 0.3575982 0.3545642 0.3545642 0.3519751 0.3476414 0.3476414 0.3440411 0.3440411 0.3409456 0.3395450 0.3382251 0.3411071 0.3411071 0.3897358 0.3896858 0.3873034 0.3856784 0.3848160 0.3845715 0.3847656 0.3851327 0.3852920 0.3847193 0.3826846 0.3781050 0.3689877 0.3495537 0.3495537 0.2704493 0.2363159 0.2038502 0.1972277 0.1972277 0.1979889 0.1979889 0.2157678 0.2157678 0.2370787 0.2848320 0.2848320 0.2969614 0.2969614 0.2934579 0.2934579 0.2934579 0.2869765 0.2869765 0.2805613 0.2805613 0.2750373 0.2750373 0.2686812 0.2686812 0.2640472 0.2640472
0.3799697 0.3799697 0.3663335 0.3575533 0.3545541 0.3545541 0.3519788 0.3476467 0.3476467 0.3440416 0.3440416 0.3409443 0.3395436 0.3382239 0.3396228 0.3396228 0.3829041 0.3854292 0.3819081 0.3790843 0.3771946 0.3761074 0.3756566 0.3755867 0.3755207 0.3749367 0.3731265 0.3691482 0.3614574 0.3453187 0.3453187 0.2850345 0.2542105 0.2203003 0.2126959 0.2126959 0.2117806 0.2117806 0.2246536 0.2246536 0.2381149 0.2771266 0.2771266 0.2959132 0.2959132 0.2933468 0.2933468 0.2933468 0.2867616 0.2867616 0.2801510 0.2801510 0.2744864 0.2744864 0.2685776 0.2685776 0.2639818 0.2639818
0.3795190 0.3795190 0.3661208 0.3575139 0.3545462 0.3545462 0.3519838 0.3476529 0.3476529 0.3440427 0.3440427 0.3409435 0.3395428 0.3382233 0.3386675 0.3386675 0.3742771 0.3800637 0.3760225 0.3721789 0.3693441 0.3674531 0.3663667 0.3658480 0.3655392 0.3649388 0.3633418 0.3598815 0.3532506 0.3396840 0.3396840 0.2941719 0.2674417 0.2374052 0.2313095 0.2313095 0.2311016 0.2311016 0.2386584 0.2386584 0.2454012 0.2702651 0.2702651 0.2908729 0.2908729 0.2919725 0.2919725 0.2919725 0.2858333 0.2858333 0.2793027 0.2793027 0.2736124 0.2736124 0.2681591 0.2681591 0.2638207 0.2638207
0.3792056 0.3792056 0.3659639 0.3574831 0.3545403 0.3545403 0.3519886 0.3476585 0.3476585 0.3440439 0.3440439 0.3409429 0.3395421 0.3382227 0.3380549 0.3380549 0.3650513 0.3727712 0.3692309 0.3645917 0.3608476 0.3581678 0.3564689 0.3555358 0.3550204 0.3544240 0.3530517 0.3500782 0.3444186 0.3334816 0.3334816 0.3001092 0.2783029 0.2564188 0.2532684 0.2532684 0.2535487 0.2535487 0.2546290 0.2546290 0.2558461 0.2667542 0.2667542 0.2834361 0.2834361 0.2888048 0.2888048 0.2888048 0.2839352 0.2839352 0.2779401 0.2779401 0.2724946 0.2724946 0.2675639 0.2675639 0.2636513 0.2636513
0.3790210 0.3790210 0.3658679 0.3574635 0.3545367 0.3545367 0.3519919 0.3476622 0.3476622 0.3440447 0.3440447 0.3409424 0.3395416 0.3382223 0.3376633 0.3376633 0.3559788 0.3636181 0.3610420 0.3559763 0.3514366 0.3479959 0.3456900 0.3443508 0.3436534 0.3431083 0.3420288 0.3396168 0.3350596 0.3271167 0.3271167 0.3044115 0.2895012 0.2788428 0.2781752 0.2781752 0.2760279 0.2760279 0.2699285 0.2699285 0.2668906 0.2668953 0.2668953 0.2763064 0.2763064 0.2839075 0.2839075 0.2839075 0.2808912 0.2808912 0.2759514 0.2759514 0.2711204 0.2711204 0.2668551 0.2668551 0.2635181 0.2635181
0.3789600 0.3789600 0.3658355 0.3574567 0.3545355 0.3545355 0.3519931 0.3476636 0.3476636 0.3440450 0.3440450 0.3409423 0.3395414 0.3382221 0.3374136 0.3374136 0.3473655 0.3529712 0.3510315 0.3459187 0.3408114 0.3367085 0.3338314 0.3320974 0.3312298 0.3307663 0.3300382 0.3282754 0.3250624 0.3211065 0.3211065 0.3098292 0.3044414 0.3044723 0.3037744 0.3037744 0.2958510 0.2958510 0.2832335 0.2832335 0.2771677 0.2696305 0.2696305 0.2713549 0.2713549 0.2779790 0.2779790 0.2779790 0.2767688 0.2767688 0.2732722 0.2732722 0.2694446 0.2694446 0.2660563 0.2660563 0.2634480 0.2634480
0.3790210 0.3790210 0.3658679 0.3574634 0.3545367 0.3545367 0.3519919 0.3476623 0.3476623 0.3440447 0.3440447 0.3409424 0.3395416 0.3382222 0.3372548 0.3372548 0.3390601 0.3411944 0.3389768 0.3339624 0.3285789 0.3240114 0.3206713 0.3185936 0.3175786 0.3172175 0.3168805 0.3158570 0.3145015 0.3169558 0.3169558 0.3204356 0.3260725 0.3303697 0.3267711 0.3267711 0.3118471 0.3118471 0.2943020 0.2943020 0.2861912 0.2736884 0.2736884 0.2689928 0.2689928 0.2720045 0.2720045 0.2720045 0.2719262 0.2719262 0.2699668 0.2699668 0.2674550 0.2674550 0.2651787 0.2651787 0.2634482 0.2634482
0.3792057 0.3792057 0.3659639 0.3574831 0.3545404 0.3545404 0.3519886 0.3476584 0.3476584 0.3440439 0.3440439 0.3409429 0.3395420 0.3382227 0.3371542 0.3371542 0.3305250 0.3283714 0.3248004 0.3196900 0.3142689 0.3095138 0.3059155 0.3036193 0.3025223 0.3022972 0.3023819 0.3022196 0.3039934 0.3182531 0.3182531 0.3408560 0.3538757 0.3527129 0.3452073 0.3452073 0.3242279 0.3242279 0.3033365 0.3033365 0.2938527 0.2781023 0.2781023 0.2686684 0.2686684 0.2668098 0.2668098 0.2668098 0.2669089 0.2669089 0.2662573 0.2662573 0.2652152 0.2652152 0.2642424 0.2642424 0.2635098 0.2635098
0.3795191 0.3795191 0.3661208 0.3575139 0.3545462 0.3545462 0.3519839 0.3476528 0.3476528 0.3440427 0.3440427 0.3409435 0.3395428 0.3382232 0.3370909 0.3370909 0.3208591 0.3141242 0.3083588 0.3027408 0.2973828 0.2927361 0.2891736 0.2868797 0.2858394 0.2858247 0.2863744 0.2873471 0.2957611 0.3316023 0.3316023 0.3720255 0.3813834 0.3702865 0.3598091 0.3598091 0.3336636 0.3336636 0.3105354 0.3105354 0.3001113 0.2822352 0.2822352 0.2695415 0.2695415 0.2628132 0.2628132 0.2628132 0.2622676 0.2622676 0.2624931 0.2624931 0.2628798 0.2628798 0.2632942 0.2632942 0.2636133 0.2636133
