cruce_test.gid/Rasters/Hydraulic/Velocity__y_135.0.asc
NCOLS        79
NROWS        79
XLLCENTER         -1.500000
YLLCENTER         -4.800000
CELLSIZE           0.100
NODATA_VALUE     -9999.0
[rows 0 to 25 of 79, columns 0 to 58 of 79]
-9999.000 -9999.000 -9999.000 -9999.000 -9999.000 -9999.000 -9999.000 -9999.000 -9999.000 -9999.000 -9999.000 -9999.000 -9999.000 -9999.000 -9999.000 -0.1287060 -0.1275094 -0.1274662 -0.1275862 -0.1277994 -0.1280669 -0.1283552 -0.1286366 -0.1288932 -0.1291214 -0.1293354 -0.1296693 -0.1304266 -0.1322356 -0.1329964 -0.1329964 -9999.000 -9999.000 -9999.000 -9999.000 -9999.000 -9999.000 -9999.000 -9999.000 -9999.000 -9999.000 -9999.000 -9999.000 -9999.000 -9999.000 -9999.000 -9999.000 -9999.000 -9999.000 -9999.000 -9999.000 -9999.000 -9999.000 -9999.000 -9999.000 -9999.000 -9999.000 -9999.000 -9999.000
-9999.000 -9999.000 -9999.000 -9999.000 -9999.000 -9999.000 -9999.000 -9999.000 -9999.000 -9999.000 -9999.000 -9999.000 -9999.000 -9999.000 -9999.000 -0.1266660 -0.1241852 -0.1240882 -0.1243579 -0.1248449 -0.1254649 -0.1261438 -0.1268206 -0.1274559 -0.1280425 -0.1286112 -0.1294456 -0.1311791 -0.1351091 -0.1372110 -0.1372110 -9999.000 -9999.000 -9999.000 -9999.000 -9999.000 -9999.000 -9999.000 -9999.000 -9999.000 -9999.000 -9999.000 -9999.000 -9999.000 -9999.000 -9999.000 -9999.000 -9999.000 -9999.000 -9999.000 -9999.000 -9999.000 -9999.000 -9999.000 -9999.000 -9999.000 -9999.000 -9999.000 -9999.000
-9999.000 -9999.000 -9999.000 -9999.000 -9999.000 -9999.000 -9999.000 -9999.000 -9999.000 -9999.000 -9999.000 -9999.000 -9999.000 -9999.000 -9999.000 -0.1232778 -0.1194732 -0.1193374 -0.1198417 -0.1207451 -0.1219059 -0.1231979 -0.1245156 -0.1257900 -0.1270053 -0.1282086 -0.1298562 -0.1329582 -0.1395748 -0.1438152 -0.1438152 -9999.000 -9999.000 -9999.000 -9999.000 -9999.000 -9999.000 -9999.000 -9999.000 -9999.000 -9999.000 -9999.000 -9999.000 -9999.000 -9999.000 -9999.000 -9999.000 -9999.000 -9999.000 -9999.000 -9999.000 -9999.000 -9999.000 -9999.000 -9999.000 -9999.000 -9999.000 -9999.000 -9999.000
-9999.000 -9999.000 -9999.000 -9999.000 -9999.000 -9999.000 -9999.000 -9999.000 -9999.000 -9999.000 -9999.000 -9999.000 -9999.000 -9999.000 -9999.000 -0.1191963 -0.1141651 -0.1140239 -0.1148194 -0.1162170 -0.1180150 -0.1200310 -0.1221109 -0.1241512 -0.1261237 -0.1280864 -0.1306735 -0.1352904 -0.1448150 -0.1518275 -0.1518275 -9999.000 -9999.000 -9999.000 -9999.000 -9999.000 -9999.000 -9999.000 -9999.000 -9999.000 -9999.000 -9999.000 -9999.000 -9999.000 -9999.000 -9999.000 -9999.000 -9999.000 -9999.000 -9999.000 -9999.000 -9999.000 -9999.000 -9999.000 -9999.000 -9999.000 -9999.000 -9999.000 -9999.000
-9999.000 -9999.000 -9999.000 -9999.000 -9999.000 -9999.000 -9999.000 -9999.000 -9999.000 -9999.000 -9999.000 -9999.000 -9999.000 -9999.000 -9999.000 -0.1145956 -0.1084156 -0.1082916 -0.1094177 -0.1113653 -0.1138691 -0.1166870 -0.1196123 -0.1225036 -0.1253185 -0.1281226 -0.1317413 -0.1380000 -0.1506660 -0.1611500 -0.1611500 -9999.000 -9999.000 -9999.000 -9999.000 -9999.000 -9999.000 -9999.000 -9999.000 -9999.000 -9999.000 -9999.000 -9999.000 -9999.000 -9999.000 -9999.000 -9999.000 -9999.000 -9999.000 -9999.000 -9999.000 -9999.000 -9999.000 -9999.000 -9999.000 -9999.000 -9999.000 -9999.000 -9999.000
-9999.000 -9999.000 -9999.000 -9999.000 -9999.000 -9999.000 -9999.000 -9999.000 -9999.000 -9999.000 -9999.000 -9999.000 -9999.000 -9999.000 -9999.000 -0.1095565 -0.1023041 -0.1022144 -0.1036997 -0.1062387 -0.1094998 -0.1131777 -0.1170103 -0.1208147 -0.1245346 -0.1282409 -0.1329664 -0.1409898 -0.1570558 -0.1718294 -0.1718294 -9999.000 -9999.000 -9999.000 -9999.000 -9999.000 -9999.000 -9999.000 -9999.000 -9999.000 -9999.000 -9999.000 -9999.000 -9999.000 -9999.000 -9999.000 -9999.000 -9999.000 -9999.000 -9999.000 -9999.000 -9999.000 -9999.000 -9999.000 -9999.000 -9999.000 -9999.000 -9999.000 -9999.000
-9999.000 -9999.000 -9999.000 -9999.000 -9999.000 -9999.000 -9999.000 -9999.000 -9999.000 -9999.000 -9999.000 -9999.000 -9999.000 -9999.000 -9999.000 -0.1041034 -0.9586269E-01 -0.9582239E-01 -0.9768982E-01 -0.1008537 -0.1049141 -0.1094992 -0.1142881 -0.1190548 -0.1237290 -0.1283858 -0.1342863 -0.1442020 -0.1639633 -0.1840213 -0.1840213 -9999.000 -9999.000 -9999.000 -9999.000 -9999.000 -9999.000 -9999.000 -9999.000 -9999.000 -9999.000 -9999.000 -9999.000 -9999.000 -9999.000 -9999.000 -9999.000 -9999.000 -9999.000 -9999.000 -9999.000 -9999.000 -9999.000 -9999.000 -9999.000 -9999.000 -9999.000 -9999.000 -9999.000
-9999.000 -9999.000 -9999.000 -9999.000 -9999.000 -9999.000 -9999.000 -9999.000 -9999.000 -9999.000 -9999.000 -9999.000 -9999.000 -9999.000 -9999.000 -0.9822343E-01 -0.8909392E-01 -0.8911829E-01 -0.9138777E-01 -0.9520635E-01 -0.1001028 -0.1056358 -0.1114227 -0.1171925 -0.1228625 -0.1285097 -0.1356508 -0.1475966 -0.1713979 -0.1979835 -0.1979835 -9999.000 -9999.000 -9999.000 -9999.000 -9999.000 -9999.000 -9999.000 -9999.000 -9999.000 -9999.000 -9999.000 -9999.000 -9999.000 -9999.000 -9999.000 -9999.000 -9999.000 -9999.000 -9999.000 -9999.000 -9999.000 -9999.000 -9999.000 -9999.000 -9999.000 -9999.000 -9999.000 -9999.000
-9999.000 -9999.000 -9999.000 -9999.000 -9999.000 -9999.000 -9999.000 -9999.000 -9999.000 -9999.000 -9999.000 -9999.000 -9999.000 -9999.000 -9999.000 -0.9187755E-01 -0.8197861E-01 -0.8208508E-01 -0.8477589E-01 -0.8927704E-01 -0.9504376E-01 -0.1015618 -0.1083837 -0.1151913 -0.1218918 -0.1285630 -0.1370096 -0.1511391 -0.1793856 -0.2140891 -0.2140891 -9999.000 -9999.000 -9999.000 -9999.000 -9999.000 -9999.000 -9999.000 -9999.000 -9999.000 -9999.000 -9999.000 -9999.000 -9999.000 -9999.000 -9999.000 -9999.000 -9999.000 -9999.000 -9999.000 -9999.000 -9999.000 -9999.000 -9999.000 -9999.000 -9999.000 -9999.000 -9999.000 -9999.000
-9999.000 -9999.000 -9999.000 -9999.000 -9999.000 -9999.000 -9999.000 -9999.000 -9999.000 -9999.000 -9999.000 -9999.000 -9999.000 -9999.000 -9999.000 -0.8500621E-01 -0.7448039E-01 -0.7468900E-01 -0.7782044E-01 -0.8303162E-01 -0.8970162E-01 -0.9723909E-01 -0.1051291 -0.1130037 -0.1207637 -0.1284857 -0.1383026 -0.1547875 -0.1879608 -0.2328643 -0.2328643 -9999.000 -9999.000 -9999.000 -9999.000 -9999.000 -9999.000 -9999.000 -9999.000 -9999.000 -9999.000 -9999.000 -9999.000 -9999.000 -9999.000 -9999.000 -9999.000 -9999.000 -9999.000 -9999.000 -9999.000 -9999.000 -9999.000 -9999.000 -9999.000 -9999.000 -9999.000 -9999.000 -9999.000
-9999.000 -9999.000 -9999.000 -9999.000 -9999.000 -9999.000 -9999.000 -9999.000 -9999.000 -9999.000 -9999.000 -9999.000 -9999.000 -9999.000 -9999.000 -0.7753070E-01 -0.6654544E-01 -0.6687900E-01 -0.7047094E-01 -0.7641977E-01 -0.8402506E-01 -0.9261440E-01 -0.1016009 -0.1105658 -0.1194064 -0.1281972 -0.1394486 -0.1584832 -0.1971593 -0.2550540 -0.2550540 -9999.000 -9999.000 -9999.000 -9999.000 -9999.000 -9999.000 -9999.000 -9999.000 -9999.000 -9999.000 -9999.000 -9999.000 -9999.000 -9999.000 -9999.000 -9999.000 -9999.000 -9999.000 -9999.000 -9999.000 -9999.000 -9999.000 -9999.000 -9999.000 -9999.000 -9999.000 -9999.000 -9999.000
-9999.000 -9999.000 -9999.000 -9999.000 -9999.000 -9999.000 -9999.000 -9999.000 -9999.000 -9999.000 -9999.000 -9999.000 -9999.000 -9999.000 -9999.000 -0.6935211E-01 -0.5810119E-01 -0.5858398E-01 -0.6265580E-01 -0.6936932E-01 -0.7794067E-01 -0.8761107E-01 -0.9771736E-01 -0.1077869 -0.1177184 -0.1275831 -0.1403299 -0.1621339 -0.2070061 -0.2817386 -0.2817386 -9999.000 -9999.000 -9999.000 -9999.000 -9999.000 -9999.000 -9999.000 -9999.000 -9999.000 -9999.000 -9999.000 -9999.000 -9999.000 -9999.000 -9999.000 -9999.000 -9999.000 -9999.000 -9999.000 -9999.000 -9999.000 -9999.000 -9999.000 -9999.000 -9999.000 -9999.000 -9999.000 -9999.000
-9999.000 -9999.000 -9999.000 -9999.000 -9999.000 -9999.000 -9999.000 -9999.000 -9999.000 -9999.000 -9999.000 -9999.000 -9999.000 -9999.000 -9999.000 -0.6034460E-01 -0.4905086E-01 -0.4970651E-01 -0.5427531E-01 -0.6177793E-01 -0.7134245E-01 -0.8211786E-01 -0.9335833E-01 -0.1045343 -0.1155502 -0.1264734 -0.1407668 -0.1655864 -0.2174936 -0.3145392 -0.3145392 -9999.000 -9999.000 -9999.000 -9999.000 -9999.000 -9999.000 -9999.000 -9999.000 -9999.000 -9999.000 -9999.000 -9999.000 -9999.000 -9999.000 -9999.000 -9999.000 -9999.000 -9999.000 -9999.000 -9999.000 -9999.000 -9999.000 -9999.000 -9999.000 -9999.000 -9999.000 -9999.000 -9999.000
-9999.000 -9999.000 -9999.000 -9999.000 -9999.000 -9999.000 -9999.000 -9999.000 -9999.000 -9999.000 -9999.000 -9999.000 -9999.000 -9999.000 -9999.000 -0.5029887E-01 -0.3923362E-01 -0.4009267E-01 -0.4517973E-01 -0.5349775E-01 -0.6408074E-01 -0.7597714E-01 -0.8835205E-01 -0.1006142 -0.1126792 -0.1246097 -0.1404774 -0.1685794 -0.2285386 -0.3560246 -0.3560246 -9999.000 -9999.000 -9999.000 -9999.000 -9999.000 -9999.000 -9999.000 -9999.000 -9999.000 -9999.000 -9999.000 -9999.000 -9999.000 -9999.000 -9999.000 -9999.000 -9999.000 -9999.000 -9999.000 -9999.000 -9999.000 -9999.000 -9999.000 -9999.000 -9999.000 -9999.000 -9999.000 -9999.000
-9999.000 -9999.000 -9999.000 -9999.000 -9999.000 -9999.000 -9999.000 -9999.000 -9999.000 -9999.000 -9999.000 -9999.000 -9999.000 -9999.000 -9999.000 -0.3203432E-01 -0.2569639E-01 -0.2837045E-01 -0.3512650E-01 -0.4504845E-01 -0.5713919E-01 -0.7040691E-01 -0.8398688E-01 -0.9728093E-01 -0.1102688 -0.1230424 -0.1403955 -0.1718974 -0.2406984 -0.4086829 -0.4086829 -9999.000 -9999.000 -9999.000 -9999.000 -9999.000 -9999.000 -9999.000 -9999.000 -9999.000 -9999.000 -9999.000 -9999.000 -9999.000 -9999.000 -9999.000 -9999.000 -9999.000 -9999.000 -9999.000 -9999.000 -9999.000 -9999.000 -9999.000 -9999.000 -9999.000 -9999.000 -9999.000 -9999.000
-0.2477243E-02 -0.2477243E-02 -0.5538758E-02 -0.5639533E-02 -0.5623317E-02 -0.5623317E-02 -0.5607888E-02 -0.5584412E-02 -0.5584412E-02 -0.5560690E-02 -0.5560690E-02 -0.5529604E-02 -0.5511866E-02 -0.5493314E-02 -0.5473994E-02 -0.5473994E-02 -0.2576655E-01 -0.3191698E-01 -0.4216913E-01 -0.5693411E-01 -0.7537065E-01 -0.9619628E-01 -0.1180729 -0.1398102 -0.1605683 -0.1791150 -0.1980353 -0.2228743 -0.2680660 -0.3863868 -0.3863868 -0.1957671 -0.9504346E-01 -0.2360286E-01 -0.1497873E-01 -0.1497873E-01 -0.7460917E-02 -0.7460917E-02 0.4911953E-02 0.4911953E-02 0.1225745E-01 -0.1971338E-01 -0.1971338E-01 -0.1449983E-01 -0.1449983E-01 0.5379777E-02 0.5379777E-02 0.5379777E-02 0.7358822E-02 0.7358822E-02 0.6442861E-02 0.6442861E-02 0.4524013E-02 0.4524013E-02 0.2433606E-02 0.2433606E-02 0.6079929E-03 0.6079929E-03 0.6079929E-03
-0.3796061E-02 -0.3796061E-02 -0.8215378E-02 -0.8028409E-02 -0.7932700E-02 -0.7932700E-02 -0.7882156E-02 -0.7850725E-02 -0.7850725E-02 -0.7839309E-02 -0.7839309E-02 -0.7817009E-02 -0.7801488E-02 -0.7784269E-02 -0.7765785E-02 -0.7765785E-02 -0.3479604E-01 -0.4550451E-01 -0.6113631E-01 -0.8296735E-01 -0.1104550 -0.1422547 -0.1767306 -0.2121897 -0.2469852 -0.2789956 -0.3075656 -0.3327308 -0.3564602 -0.3852370 -0.3852370 -0.2459572 -0.1509325 -0.6438719E-01 -0.4740696E-01 -0.4740696E-01 -0.2064515E-01 -0.2064515E-01 0.2186736E-01 0.2186736E-01 0.4565928E-01 0.1623367E-01 0.1623367E-01 -0.3688524E-02 -0.3688524E-02 0.1168370E-01 0.1168370E-01 0.1168370E-01 0.1341679E-01 0.1341679E-01 0.1085062E-01 0.1085062E-01 0.6762823E-02 0.6762823E-02 0.2716065E-02 0.2716065E-02 -0.4570226E-03 -0.4570226E-03 -0.4570226E-03
-0.3113998E-02 -0.3113998E-02 -0.6677647E-02 -0.6841775E-02 -0.6719464E-02 -0.6719464E-02 -0.6648672E-02 -0.6620264E-02 -0.6620264E-02 -0.6636114E-02 -0.6636114E-02 -0.6641292E-02 -0.6638223E-02 -0.6632901E-02 -0.6626038E-02 -0.6626038E-02 -0.3223740E-01 -0.4691627E-01 -0.6612787E-01 -0.9136191E-01 -0.1226529 -0.1592140 -0.1998393 -0.2431087 -0.2874711 -0.3316437 -0.3731658 -0.4101341 -0.4403727 -0.4591729 -0.4591729 -0.3651909 -0.2806092 -0.1665917 -0.1277326 -0.1277326 -0.5106192E-01 -0.5106192E-01 0.4721243E-01 0.4721243E-01 0.9555530E-01 0.1122676 0.1122676 0.5326921E-01 0.5326921E-01 0.2379237E-01 0.2379237E-01 0.2379237E-01 0.1722823E-01 0.1722823E-01 0.1041960E-01 0.1041960E-01 0.3612316E-02 0.3612316E-02 -0.2028078E-02 -0.2028078E-02 -0.5700856E-02 -0.5700856E-02 -0.5700856E-02
-0.2449635E-02 -0.2449635E-02 -0.5214063E-02 -0.5550848E-02 -0.5418252E-02 -0.5418252E-02 -0.5331494E-02 -0.5290019E-02 -0.5290019E-02 -0.5307560E-02 -0.5307560E-02 -0.5315774E-02 -0.5314033E-02 -0.5310021E-02 -0.5304470E-02 -0.5304470E-02 -0.2911187E-01 -0.4727428E-01 -0.7001808E-01 -0.9821879E-01 -0.1320497 -0.1711066 -0.2146137 -0.2615610 -0.3107590 -0.3611887 -0.4106982 -0.4570188 -0.4970666 -0.5242862 -0.5242862 -0.4652536 -0.3985022 -0.2773168 -0.2188298 -0.2188298 -0.8208212E-01 -0.8208212E-01 0.7391045E-01 0.7391045E-01 0.1399966 0.1915917 0.1915917 0.1272376 0.1272376 0.4396112E-01 0.4396112E-01 0.4396112E-01 0.2106363E-01 0.2106363E-01 0.6686388E-02 0.6686388E-02 -0.3692915E-02 -0.3692915E-02 -0.1077104E-01 -0.1077104E-01 -0.1438778E-01 -0.1438778E-01 -0.1438778E-01
-0.1810461E-02 -0.1810461E-02 -0.3835362E-02 -0.4211082E-02 -0.4091673E-02 -0.4091673E-02 -0.4006967E-02 -0.3962575E-02 -0.3962575E-02 -0.3978480E-02 -0.3978480E-02 -0.3987079E-02 -0.3986213E-02 -0.3983072E-02 -0.3978488E-02 -0.3978488E-02 -0.2711256E-01 -0.4869562E-01 -0.7541760E-01 -0.1071543 -0.1438494 -0.1852366 -0.2308179 -0.2799037 -0.3316380 -0.3852545 -0.4391311 -0.4911784 -0.5382844 -0.5738423 -0.5738423 -0.5453489 -0.4971038 -0.3732437 -0.2931937 -0.2931937 -0.9397382E-01 -0.9397382E-01 0.9927379E-01 0.9927379E-01 0.1701089 0.2355887 0.2355887 0.1881495 0.1881495 0.6985344E-01 0.6985344E-01 0.6985344E-01 0.2775093E-01 0.2775093E-01 0.3232867E-02 0.3232867E-02 -0.1188018E-01 -0.1188018E-01 -0.2064728E-01 -0.2064728E-01 -0.2396343E-01 -0.2396343E-01 -0.2396343E-01
-0.1193309E-02 -0.1193309E-02 -0.2520949E-02 -0.2831256E-02 -0.2742373E-02 -0.2742373E-02 -0.2675836E-02 -0.2639063E-02 -0.2639063E-02 -0.2651128E-02 -0.2651128E-02 -0.2658315E-02 -0.2657822E-02 -0.2655554E-02 -0.2652253E-02 -0.2652253E-02 -0.2682222E-01 -0.5207158E-01 -0.8328275E-01 -0.1192661 -0.1595017 -0.2036669 -0.2514162 -0.3023018 -0.3557443 -0.4111913 -0.4674886 -0.5228977 -0.5746188 -0.6166262 -0.6166262 -0.6108357 -0.5773157 -0.4384492 -0.3293577 -0.3293577 -0.7976619E-01 -0.7976619E-01 0.1163875 0.1163875 0.1809493 0.2466762 0.2466762 0.2229205 0.2229205 0.9727848E-01 0.9727848E-01 0.9727848E-01 0.3803870E-01 0.3803870E-01 0.2029283E-02 0.2029283E-02 -0.1904686E-01 -0.1904686E-01 -0.2999970E-01 -0.2999970E-01 -0.3300619E-01 -0.3300619E-01 -0.3300619E-01
-0.5923678E-03 -0.5923678E-03 -0.1249587E-02 -0.1423096E-02 -0.1375900E-02 -0.1375900E-02 -0.1339329E-02 -0.1318724E-02 -0.1318724E-02 -0.1325182E-02 -0.1325182E-02 -0.1329335E-02 -0.1329018E-02 -0.1327842E-02 -0.1326154E-02 -0.1326154E-02 -0.2881898E-01 -0.5839113E-01 -0.9472211E-01 -0.1356799 -0.1801810 -0.2277070 -0.2779609 -0.3306802 -0.3855356 -0.4421891 -0.4998806 -0.5572623 -0.6119340 -0.6584459 -0.6584459 -0.6674953 -0.6400800 -0.4568281 -0.3151935 -0.3151935 -0.5096887E-01 -0.5096887E-01 0.1191626 0.1191626 0.1730990 0.2343469 0.2343469 0.2313971 0.2313971 0.1207642 0.1207642 0.1207642 0.5071311E-01 0.5071311E-01 0.3850653E-02 0.3850653E-02 -0.2392955E-01 -0.2392955E-01 -0.3760979E-01 -0.3760979E-01 -0.4048746E-01 -0.4048746E-01 -0.4048746E-01
0.7576824E-08 0.7576824E-08 0.1145979E-07 0.3736284E-07 -0.3027485E-07 -0.3027485E-07 0.8617388E-07 -0.6511409E-07 -0.6511409E-07 -0.4731652E-07 -0.4731652E-07 -0.1724642E-06 -0.2939278E-07 -0.5827277E-08 0.1310014E-08 0.1310014E-08 -0.3386753E-01 -0.6892402E-01 -0.1112421 -0.1579457 -0.2074152 -0.2588744 -0.3120024 -0.3666732 -0.4227875 -0.4802396 -0.5386291 -0.5970142 -0.6533815 -0.7023546 -0.7023546 -0.7173945 -0.6790562 -0.4169740 -0.2594177 -0.2594177 -0.2639268E-01 -0.2639268E-01 0.1076523 0.1076523 0.1519199 0.2083920 0.2083920 0.2200256 0.2200256 0.1354937 0.1354937 0.1354937 0.6308904E-01 0.6308904E-01 0.8322989E-02 0.8322989E-02 -0.2585151E-01 -0.2585151E-01 -0.4253843E-01 -0.4253843E-01 -0.4554239E-01 -0.4554239E-01 -0.4554239E-01
0.5925443E-03 0.5925443E-03 0.1249699E-02 0.1423112E-02 0.1375936E-02 0.1375936E-02 0.1339477E-02 0.1318667E-02 0.1318667E-02 0.1325082E-02 0.1325082E-02 0.1329288E-02 0.1329034E-02 0.1327857E-02 0.1326237E-02 0.1326237E-02 -0.4313120E-01 -0.8542310E-01 -0.1349280 -0.1882307 -0.2433108 -0.2991722 -0.3554567 -0.4121460 -0.4693509 -0.5272093 -0.5856623 -0.6441730 -0.7009729 -0.7492571 -0.7492571 -0.7554674 -0.6735756 -0.3317693 -0.1923288 -0.1923288 -0.1594631E-01 -0.1594631E-01 0.8721443E-01 0.8721443E-01 0.1242741 0.1761592 0.1761592 0.1961717 0.1961717 0.1389667 0.1389667 0.1389667 0.7203799E-01 0.7203799E-01 0.1413021E-01 0.1413021E-01 -0.2474041E-01 -0.2474041E-01 -0.4412591E-01 -0.4412591E-01 -0.4744297E-01 -0.4744297E-01 -0.4744297E-01
0.1193550E-02 0.1193550E-02 0.2521100E-02 0.2831235E-02 0.2742406E-02 0.2742406E-02 0.2675911E-02 0.2638926E-02 0.2638926E-02 0.2650963E-02 0.2650963E-02 0.2658434E-02 0.2657889E-02 0.2655511E-02 0.2652310E-02 0.2652310E-02 -0.5851552E-01 -0.1104850 -0.1687580 -0.2295936 -0.2908054 -0.3513287 -0.4108344 -0.4694282 -0.5274230 -0.5852010 -0.6430252 -0.7007172 -0.7561921 -0.7965119 -0.7965119 -0.7606198 -0.5923479 -0.2412107 -0.1413680 -0.1413680 -0.1678123E-01 -0.1678123E-01 0.6414621E-01 0.6414621E-01 0.9557441E-01 0.1421472 0.1421472 0.1655034 0.1655034 0.1312896 0.1312896 0.1312896 0.7510007E-01 0.7510007E-01 0.1947083E-01 0.1947083E-01 -0.2107288E-01 -0.2107288E-01 -0.4205323E-01 -0.4205323E-01 -0.4567195E-01 -0.4567195E-01 -0.4567195E-01
0.1810542E-02 0.1810542E-02 0.3835416E-02 0.4211218E-02 0.4091716E-02 0.4091716E-02 0.4006882E-02 0.3962581E-02 0.3962581E-02 0.3978404E-02 0.3978404E-02 0.3987089E-02 0.3986278E-02 0.3983023E-02 0.3978543E-02 0.3978543E-02 -0.8330858E-01 -0.1482117 -0.2171758 -0.2864569 -0.3540640 -0.4191363 -0.4815374 -0.5415711 -0.5997732 -0.6567689 -0.7131174 -0.7688285 -0.8193610 -0.8299881 -0.8299881 -0.6849954 -0.4371826 -0.1764671 -0.1119165 -0.1119165 -0.2122373E-01 -0.2122373E-01 0.4267943E-01 0.4267943E-01 0.6889681E-01 0.1087596 0.1087596 0.1317624 0.1317624 0.1143916 0.1143916 0.1143916 0.7120456E-01 0.7120456E-01 0.2267601E-01 0.2267601E-01 -0.1569218E-01 -0.1569218E-01 -0.3638623E-01 -0.3638623E-01 -0.4002707E-01 -0.4002707E-01 -0.4002707E-01
