cruce_test.gid/Rasters/Hydraulic/Velocity__y_156.0.asc
NCOLS        79
NROWS        79
XLLCENTER         -1.500000
YLLCENTER         -4.800000
CELLSIZE           0.100
NODATA_VALUE     -9999.0
[rows 0 to 26 of 79, columns 0 to 58 of 79]
-9999.000 -9999.000 -9999.000 -9999.000 -9999.000 -9999.000 -9999.000 -9999.000 -9999.000 -9999.000 -9999.000 -9999.000 -9999.000 -9999.000 -9999.000 -0.1095169 -0.1084007 -0.1083743 -0.1085254 -0.1088006 -0.1091663 -0.1095491 -0.1099390 -0.1103157 -0.1106584 -0.1109688 -0.1113093 -0.1118909 -0.1133490 -0.1144996 -0.1144996 -9999.000 -9999.000 -9999.000 -9999.000 -9999.000 -9999.000 -9999.000 -9999.000 -9999.000 -9999.000 -9999.000 -9999.000 -9999.000 -9999.000 -9999.000 -9999.000 -9999.000 -9999.000 -9999.000 -9999.000 -9999.000 -9999.000 -9999.000 -9999.000 -9999.000 -9999.000 -9999.000 -9999.000
-9999.000 -9999.000 -9999.000 -9999.000 -9999.000 -9999.000 -9999.000 -9999.000 -9999.000 -9999.000 -9999.000 -9999.000 -9999.000 -9999.000 -9999.000 -0.1070696 -0.1048268 -0.1047837 -0.1051417 -0.1057879 -0.1066469 -0.1075604 -0.1085019 -0.1094249 -0.1102822 -0.1110753 -0.1119338 -0.1132981 -0.1164888 -0.1193579 -0.1193579 -9999.000 -9999.000 -9999.000 -9999.000 -9999.000 -9999.000 -9999.000 -9999.000 -9999.000 -9999.000 -9999.000 -9999.000 -9999.000 -9999.000 -9999.000 -9999.000 -9999.000 -9999.000 -9999.000 -9999.000 -9999.000 -9999.000 -9999.000 -9999.000 -9999.000 -9999.000 -9999.000 -9999.000
-9999.000 -9999.000 -9999.000 -9999.000 -9999.000 -9999.000 -9999.000 -9999.000 -9999.000 -9999.000 -9999.000 -9999.000 -9999.000 -9999.000 -9999.000 -0.1030718 -0.9975541E-01 -0.9973723E-01 -0.1004171 -0.1016132 -0.1031979 -0.1049083 -0.1066912 -0.1084628 -0.1101386 -0.1117131 -0.1133878 -0.1158611 -0.1212349 -0.1265999 -0.1265999 -9999.000 -9999.000 -9999.000 -9999.000 -9999.000 -9999.000 -9999.000 -9999.000 -9999.000 -9999.000 -9999.000 -9999.000 -9999.000 -9999.000 -9999.000 -9999.000 -9999.000 -9999.000 -9999.000 -9999.000 -9999.000 -9999.000 -9999.000 -9999.000 -9999.000 -9999.000 -9999.000 -9999.000
-9999.000 -9999.000 -9999.000 -9999.000 -9999.000 -9999.000 -9999.000 -9999.000 -9999.000 -9999.000 -9999.000 -9999.000 -9999.000 -9999.000 -9999.000 -0.9835622E-01 -0.9410801E-01 -0.9415329E-01 -0.9521443E-01 -0.9704082E-01 -0.9945032E-01 -0.1020688 -0.1048132 -0.1075580 -0.1101752 -0.1126484 -0.1152491 -0.1189431 -0.1266576 -0.1350762 -0.1350762 -9999.000 -9999.000 -9999.000 -9999.000 -9999.000 -9999.000 -9999.000 -9999.000 -9999.000 -9999.000 -9999.000 -9999.000 -9999.000 -9999.000 -9999.000 -9999.000 -9999.000 -9999.000 -9999.000 -9999.000 -9999.000 -9999.000 -9999.000 -9999.000 -9999.000 -9999.000 -9999.000 -9999.000
-9999.000 -9999.000 -9999.000 -9999.000 -9999.000 -9999.000 -9999.000 -9999.000 -9999.000 -9999.000 -9999.000 -9999.000 -9999.000 -9999.000 -9999.000 -0.9313238E-01 -0.8806247E-01 -0.8819529E-01 -0.8967543E-01 -0.9218524E-01 -0.9548542E-01 -0.9908590E-01 -0.1028699 -0.1066683 -0.1103058 -0.1137527 -0.1173536 -0.1223573 -0.1325724 -0.1446509 -0.1446509 -9999.000 -9999.000 -9999.000 -9999.000 -9999.000 -9999.000 -9999.000 -9999.000 -9999.000 -9999.000 -9999.000 -9999.000 -9999.000 -9999.000 -9999.000 -9999.000 -9999.000 -9999.000 -9999.000 -9999.000 -9999.000 -9999.000 -9999.000 -9999.000 -9999.000 -9999.000 -9999.000 -9999.000
-9999.000 -9999.000 -9999.000 -9999.000 -9999.000 -9999.000 -9999.000 -9999.000 -9999.000 -9999.000 -9999.000 -9999.000 -9999.000 -9999.000 -9999.000 -0.8749147E-01 -0.8170082E-01 -0.8193900E-01 -0.8386484E-01 -0.8709673E-01 -0.9133683E-01 -0.9597331E-01 -0.1008540 -0.1057649 -0.1104799 -0.1149550 -0.1196138 -0.1260076 -0.1388962 -0.1553373 -0.1553373 -9999.000 -9999.000 -9999.000 -9999.000 -9999.000 -9999.000 -9999.000 -9999.000 -9999.000 -9999.000 -9999.000 -9999.000 -9999.000 -9999.000 -9999.000 -9999.000 -9999.000 -9999.000 -9999.000 -9999.000 -9999.000 -9999.000 -9999.000 -9999.000 -9999.000 -9999.000 -9999.000 -9999.000
-9999.000 -9999.000 -9999.000 -9999.000 -9999.000 -9999.000 -9999.000 -9999.000 -9999.000 -9999.000 -9999.000 -9999.000 -9999.000 -9999.000 -9999.000 -0.8146165E-01 -0.7505386E-01 -0.7541317E-01 -0.7780597E-01 -0.8179172E-01 -0.8701298E-01 -0.9273030E-01 -0.9875411E-01 -0.1048253 -0.1106637 -0.1162113 -0.1219779 -0.1298415 -0.1455979 -0.1672482 -0.1672482 -9999.000 -9999.000 -9999.000 -9999.000 -9999.000 -9999.000 -9999.000 -9999.000 -9999.000 -9999.000 -9999.000 -9999.000 -9999.000 -9999.000 -9999.000 -9999.000 -9999.000 -9999.000 -9999.000 -9999.000 -9999.000 -9999.000 -9999.000 -9999.000 -9999.000 -9999.000 -9999.000 -9999.000
-9999.000 -9999.000 -9999.000 -9999.000 -9999.000 -9999.000 -9999.000 -9999.000 -9999.000 -9999.000 -9999.000 -9999.000 -9999.000 -9999.000 -9999.000 -0.7503662E-01 -0.6812394E-01 -0.6862028E-01 -0.7149907E-01 -0.7626798E-01 -0.8250791E-01 -0.8934621E-01 -0.9655428E-01 -0.1038278 -0.1108292 -0.1174875 -0.1244076 -0.1338248 -0.1526722 -0.1805783 -0.1805783 -9999.000 -9999.000 -9999.000 -9999.000 -9999.000 -9999.000 -9999.000 -9999.000 -9999.000 -9999.000 -9999.000 -9999.000 -9999.000 -9999.000 -9999.000 -9999.000 -9999.000 -9999.000 -9999.000 -9999.000 -9999.000 -9999.000 -9999.000 -9999.000 -9999.000 -9999.000 -9999.000 -9999.000
-9999.000 -9999.000 -9999.000 -9999.000 -9999.000 -9999.000 -9999.000 -9999.000 -9999.000 -9999.000 -9999.000 -9999.000 -9999.000 -9999.000 -9999.000 -0.6819063E-01 -0.6089639E-01 -0.6154668E-01 -0.6493036E-01 -0.7051066E-01 -0.7780569E-01 -0.8580316E-01 -0.9423351E-01 -0.1027480 -0.1109480 -0.1187505 -0.1268679 -0.1379287 -0.1601263 -0.1956067 -0.1956067 -9999.000 -9999.000 -9999.000 -9999.000 -9999.000 -9999.000 -9999.000 -9999.000 -9999.000 -9999.000 -9999.000 -9999.000 -9999.000 -9999.000 -9999.000 -9999.000 -9999.000 -9999.000 -9999.000 -9999.000 -9999.000 -9999.000 -9999.000 -9999.000 -9999.000 -9999.000 -9999.000 -9999.000
-9999.000 -9999.000 -9999.000 -9999.000 -9999.000 -9999.000 -9999.000 -9999.000 -9999.000 -9999.000 -9999.000 -9999.000 -9999.000 -9999.000 -9999.000 -0.6088412E-01 -0.5334456E-01 -0.5416769E-01 -0.5807524E-01 -0.6449517E-01 -0.7288148E-01 -0.8207525E-01 -0.9176350E-01 -0.1015551 -0.1109854 -0.1199617 -0.1293182 -0.1421206 -0.1679710 -0.2127168 -0.2127168 -9999.000 -9999.000 -9999.000 -9999.000 -9999.000 -9999.000 -9999.000 -9999.000 -9999.000 -9999.000 -9999.000 -9999.000 -9999.000 -9999.000 -9999.000 -9999.000 -9999.000 -9999.000 -9999.000 -9999.000 -9999.000 -9999.000 -9999.000 -9999.000 -9999.000 -9999.000 -9999.000 -9999.000
-9999.000 -9999.000 -9999.000 -9999.000 -9999.000 -9999.000 -9999.000 -9999.000 -9999.000 -9999.000 -9999.000 -9999.000 -9999.000 -9999.000 -9999.000 -0.5306600E-01 -0.4543056E-01 -0.4644708E-01 -0.5089821E-01 -0.5818655E-01 -0.6770074E-01 -0.7812700E-01 -0.8910657E-01 -0.1002082 -0.1108958 -0.1210704 -0.1317051 -0.1463561 -0.1762146 -0.2324353 -0.2324353 -9999.000 -9999.000 -9999.000 -9999.000 -9999.000 -9999.000 -9999.000 -9999.000 -9999.000 -9999.000 -9999.000 -9999.000 -9999.000 -9999.000 -9999.000 -9999.000 -9999.000 -9999.000 -9999.000 -9999.000 -9999.000 -9999.000 -9999.000 -9999.000 -9999.000 -9999.000 -9999.000 -9999.000
-9999.000 -9999.000 -9999.000 -9999.000 -9999.000 -9999.000 -9999.000 -9999.000 -9999.000 -9999.000 -9999.000 -9999.000 -9999.000 -9999.000 -9999.000 -0.4467173E-01 -0.3710331E-01 -0.3833563E-01 -0.4335079E-01 -0.5153725E-01 -0.6221616E-01 -0.7390969E-01 -0.8621085E-01 -0.9865166E-01 -0.1106172 -0.1220069 -0.1339536 -0.1505702 -0.1848555 -0.2554986 -0.2554986 -9999.000 -9999.000 -9999.000 -9999.000 -9999.000 -9999.000 -9999.000 -9999.000 -9999.000 -9999.000 -9999.000 -9999.000 -9999.000 -9999.000 -9999.000 -9999.000 -9999.000 -9999.000 -9999.000 -9999.000 -9999.000 -9999.000 -9999.000 -9999.000 -9999.000 -9999.000 -9999.000 -9999.000
-9999.000 -9999.000 -9999.000 -9999.000 -9999.000 -9999.000 -9999.000 -9999.000 -9999.000 -9999.000 -9999.000 -9999.000 -9999.000 -9999.000 -9999.000 -0.3561738E-01 -0.2829380E-01 -0.2976559E-01 -0.3536604E-01 -0.4448121E-01 -0.5636156E-01 -0.6935536E-01 -0.8300360E-01 -0.9680668E-01 -0.1100614 -0.1226706 -0.1359544 -0.1546618 -0.1938684 -0.2829641 -0.2829641 -9999.000 -9999.000 -9999.000 -9999.000 -9999.000 -9999.000 -9999.000 -9999.000 -9999.000 -9999.000 -9999.000 -9999.000 -9999.000 -9999.000 -9999.000 -9999.000 -9999.000 -9999.000 -9999.000 -9999.000 -9999.000 -9999.000 -9999.000 -9999.000 -9999.000 -9999.000 -9999.000 -9999.000
-9999.000 -9999.000 -9999.000 -9999.000 -9999.000 -9999.000 -9999.000 -9999.000 -9999.000 -9999.000 -9999.000 -9999.000 -9999.000 -9999.000 -9999.000 -0.2575264E-01 -0.1888267E-01 -0.2062763E-01 -0.2684426E-01 -0.3692606E-01 -0.5004868E-01 -0.6437421E-01 -0.7938810E-01 -0.9456594E-01 -0.1091042 -0.1229171 -0.1375447 -0.1584725 -0.2031863 -0.3164209 -0.3164209 -9999.000 -9999.000 -9999.000 -9999.000 -9999.000 -9999.000 -9999.000 -9999.000 -9999.000 -9999.000 -9999.000 -9999.000 -9999.000 -9999.000 -9999.000 -9999.000 -9999.000 -9999.000 -9999.000 -9999.000 -9999.000 -9999.000 -9999.000 -9999.000 -9999.000 -9999.000 -9999.000 -9999.000
-9999.000 -9999.000 -9999.000 -9999.000 -9999.000 -9999.000 -9999.000 -9999.000 -9999.000 -9999.000 -9999.000 -9999.000 -9999.000 -9999.000 -9999.000 -0.8014471E-02 -0.6145674E-02 -0.9875651E-02 -0.1793626E-01 -0.2981328E-01 -0.4466758E-01 -0.6053774E-01 -0.7692711E-01 -0.9336010E-01 -0.1089721 -0.1237422 -0.1394857 -0.1625126 -0.2129733 -0.3562216 -0.3562216 -9999.000 -9999.000 -9999.000 -9999.000 -9999.000 -9999.000 -9999.000 -9999.000 -9999.000 -9999.000 -9999.000 -9999.000 -9999.000 -9999.000 -9999.000 -9999.000 -9999.000 -9999.000 -9999.000 -9999.000 -9999.000 -9999.000 -9999.000 -9999.000 -9999.000 -9999.000 -9999.000 -9999.000
-0.2879129E-02 -0.2879129E-02 -0.5871867E-02 -0.6029383E-02 -0.6030161E-02 -0.6030161E-02 -0.6022696E-02 -0.6001545E-02 -0.6001545E-02 -0.5973896E-02 -0.5973896E-02 -0.5940224E-02 -0.5922310E-02 -0.5903857E-02 -0.5884809E-02 -0.5884809E-02 -0.1088614E-03 -0.5205882E-02 -0.1609826E-01 -0.3253207E-01 -0.5361691E-01 -0.7781870E-01 -0.1037609 -0.1302151 -0.1559656 -0.1801503 -0.2028187 -0.2261228 -0.2599736 -0.3480664 -0.3480664 -0.1857414 -0.9571210E-01 -0.3005046E-01 -0.2182341E-01 -0.2182341E-01 -0.1519619E-01 -0.1519619E-01 -0.2756633E-02 -0.2756633E-02 0.7344430E-02 0.2317953E-01 0.2317953E-01 -0.1191245E-01 -0.1191245E-01 -0.1624003E-02 -0.1624003E-02 -0.1624003E-02 0.2766924E-02 0.2766924E-02 0.3146473E-02 0.3146473E-02 0.1873194E-02 0.1873194E-02 0.3079105E-03 0.3079105E-03 -0.1028121E-02 -0.1028121E-02 -0.1028121E-02
-0.4424845E-02 -0.4424845E-02 -0.8710407E-02 -0.8563380E-02 -0.8496114E-02 -0.8496114E-02 -0.8461451E-02 -0.8437473E-02 -0.8437473E-02 -0.8421506E-02 -0.8421506E-02 -0.8396160E-02 -0.8381100E-02 -0.8364833E-02 -0.8347497E-02 -0.8347497E-02 -0.3255676E-02 -0.1007886E-01 -0.2485069E-01 -0.4742588E-01 -0.7687678E-01 -0.1119349 -0.1509194 -0.1920436 -0.2336371 -0.2740464 -0.3116408 -0.3446361 -0.3720031 -0.3953433 -0.3953433 -0.2619120 -0.1694967 -0.8381855E-01 -0.6709281E-01 -0.6709281E-01 -0.4309448E-01 -0.4309448E-01 -0.6229244E-03 -0.6229244E-03 0.2968138E-01 0.7894830E-01 0.7894830E-01 0.2974118E-01 0.2974118E-01 0.8881512E-02 0.8881512E-02 0.8881512E-02 0.7764604E-02 0.7764604E-02 0.5027732E-02 0.5027732E-02 0.1244009E-02 0.1244009E-02 -0.2326215E-02 -0.2326215E-02 -0.5050711E-02 -0.5050711E-02 -0.5050711E-02
-0.3653471E-02 -0.3653471E-02 -0.7132542E-02 -0.7263579E-02 -0.7174228E-02 -0.7174228E-02 -0.7127890E-02 -0.7117469E-02 -0.7117469E-02 -0.7131638E-02 -0.7131638E-02 -0.7134722E-02 -0.7132696E-02 -0.7128798E-02 -0.7123618E-02 -0.7123618E-02 -0.5761626E-02 -0.1399332E-01 -0.3033159E-01 -0.5472392E-01 -0.8648852E-01 -0.1246919 -0.1681053 -0.2153242 -0.2649111 -0.3153281 -0.3648690 -0.4116157 -0.4525104 -0.4804674 -0.4804674 -0.3917050 -0.3101157 -0.1996744 -0.1635208 -0.1635208 -0.9482928E-01 -0.9482928E-01 0.5017889E-02 0.5017889E-02 0.6483173E-01 0.1581511 0.1581511 0.1299807 0.1299807 0.4141145E-01 0.4141145E-01 0.4141145E-01 0.1813644E-01 0.1813644E-01 0.5097065E-02 0.5097065E-02 -0.3891811E-02 -0.3891811E-02 -0.1030137E-01 -0.1030137E-01 -0.1430413E-01 -0.1430413E-01 -0.1430413E-01
-0.2889855E-02 -0.2889855E-02 -0.5606904E-02 -0.5869505E-02 -0.5767293E-02 -0.5767293E-02 -0.5708122E-02 -0.5689849E-02 -0.5689849E-02 -0.5706165E-02 -0.5706165E-02 -0.5711881E-02 -0.5710656E-02 -0.5707588E-02 -0.5703611E-02 -0.5703611E-02 -0.8668686E-02 -0.1924117E-01 -0.3773349E-01 -0.6398340E-01 -0.9736854E-01 -0.1371171 -0.1823009 -0.2318702 -0.2847302 -0.3396942 -0.3953790 -0.4500852 -0.5007918 -0.5399197 -0.5399197 -0.4933650 -0.4328833 -0.3213880 -0.2696337 -0.2696337 -0.1456615 -0.1456615 0.2062923E-01 0.2062923E-01 0.1040378 0.2204939 0.2204939 0.2155564 0.2155564 0.8505979E-01 0.8505979E-01 0.8505979E-01 0.3379564E-01 0.3379564E-01 0.5450553E-02 0.5450553E-02 -0.1121986E-01 -0.1121986E-01 -0.2127479E-01 -0.2127479E-01 -0.2640382E-01 -0.2640382E-01 -0.2640382E-01
-0.2145223E-02 -0.2145223E-02 -0.4147483E-02 -0.4438910E-02 -0.4343851E-02 -0.4343851E-02 -0.4284829E-02 -0.4263868E-02 -0.4263868E-02 -0.4278908E-02 -0.4278908E-02 -0.4284870E-02 -0.4283872E-02 -0.4281408E-02 -0.4278313E-02 -0.4278313E-02 -0.1223523E-01 -0.2621494E-01 -0.4789598E-01 -0.7685123E-01 -0.1124099 -0.1538679 -0.2004756 -0.2514232 -0.3058666 -0.3629008 -0.4214695 -0.4802255 -0.5366596 -0.5841661 -0.5841661 -0.5708570 -0.5328359 -0.4286687 -0.3604395 -0.3604395 -0.1712645 -0.1712645 0.4848536E-01 0.4848536E-01 0.1399993 0.2551091 0.2551091 0.2656937 0.2656937 0.1287801 0.1287801 0.1287801 0.5394749E-01 0.5394749E-01 0.8677711E-02 0.8677711E-02 -0.1755746E-01 -0.1755746E-01 -0.3219726E-01 -0.3219726E-01 -0.3864723E-01 -0.3864723E-01 -0.3864723E-01
-0.1418620E-02 -0.1418620E-02 -0.2737622E-02 -0.2977862E-02 -0.2905517E-02 -0.2905517E-02 -0.2858611E-02 -0.2840593E-02 -0.2840593E-02 -0.2852097E-02 -0.2852097E-02 -0.2857010E-02 -0.2856367E-02 -0.2854693E-02 -0.2852462E-02 -0.2852462E-02 -0.1686510E-01 -0.3538486E-01 -0.6140603E-01 -0.9409536E-01 -0.1326437 -0.1763594 -0.2246199 -0.2768133 -0.3323136 -0.3904482 -0.4504235 -0.5111997 -0.5708055 -0.6238884 -0.6238884 -0.6340654 -0.6148709 -0.5097193 -0.4152122 -0.4152122 -0.1576995 -0.1576995 0.7896982E-01 0.7896982E-01 0.1623131 0.2616445 0.2616445 0.2815334 0.2815334 0.1641313 0.1641313 0.1641313 0.7619017E-01 0.7619017E-01 0.1563204E-01 0.1563204E-01 -0.2114670E-01 -0.2114670E-01 -0.4131809E-01 -0.4131809E-01 -0.4950610E-01 -0.4950610E-01 -0.4950610E-01
-0.7055715E-03 -0.7055715E-03 -0.1360614E-02 -0.1494839E-02 -0.1455838E-02 -0.1455838E-02 -0.1429930E-02 -0.1419622E-02 -0.1419622E-02 -0.1425943E-02 -0.1425943E-02 -0.1428524E-02 -0.1428087E-02 -0.1427317E-02 -0.1426362E-02 -0.1426362E-02 -0.2316444E-01 -0.4750864E-01 -0.7914552E-01 -0.1167169 -0.1591974 -0.2058596 -0.2561739 -0.3097084 -0.3660589 -0.4247910 -0.4853655 -0.5470235 -0.6082565 -0.6647699 -0.6647699 -0.6903222 -0.6831037 -0.5494845 -0.4143944 -0.4143944 -0.1132952 -0.1132952 0.9790511E-01 0.9790511E-01 0.1649766 0.2463569 0.2463569 0.2722183 0.2722183 0.1857921 0.1857921 0.1857921 0.9681994E-01 0.9681994E-01 0.2562901E-01 0.2562901E-01 -0.2122145E-01 -0.2122145E-01 -0.4749434E-01 -0.4749434E-01 -0.5786852E-01 -0.5786852E-01 -0.5786852E-01
0.1296295E-06 0.1296295E-06 0.6395162E-07 -0.9743247E-08 0.8554237E-07 0.8554237E-07 0.1021305E-06 0.1378370E-06 0.1378370E-06 -0.3326604E-07 -0.3326604E-07 0.2669528E-06 0.2803620E-06 0.2056161E-06 0.7891958E-07 0.7891958E-07 -0.3203104E-01 -0.6375545E-01 -0.1024515 -0.1461551 -0.1935766 -0.2439281 -0.2967564 -0.3518000 -0.4088824 -0.4678257 -0.5283654 -0.5900360 -0.6517164 -0.7097214 -0.7097214 -0.7431208 -0.7357069 -0.5264598 -0.3518945 -0.3518945 -0.6425498E-01 -0.6425498E-01 0.9854650E-01 0.9854650E-01 0.1501012 0.2176569 0.2176569 0.2473330 0.2473330 0.1920673 0.1920673 0.1920673 0.1119103 0.1119103 0.3672736E-01 0.3672736E-01 -0.1791209E-01 -0.1791209E-01 -0.5003300E-01 -0.5003300E-01 -0.6283028E-01 -0.6283028E-01 -0.6283028E-01
0.7057427E-03 0.7057427E-03 0.1360575E-02 0.1494848E-02 0.1456046E-02 0.1456046E-02 0.1430008E-02 0.1419710E-02 0.1419710E-02 0.1426082E-02 0.1426082E-02 0.1428922E-02 0.1428554E-02 0.1427575E-02 0.1426451E-02 0.1426451E-02 -0.4483501E-01 -0.8591608E-01 -0.1333373 -0.1845034 -0.2378709 -0.2926144 -0.3483742 -0.4050689 -0.4627569 -0.5215298 -0.5814171 -0.6422597 -0.7031996 -0.7601712 -0.7601712 -0.7910224 -0.7580471 -0.4316387 -0.2539712 -0.2539712 -0.3257332E-01 -0.3257332E-01 0.8445388E-01 0.8445388E-01 0.1248572 0.1827694 0.1827694 0.2140589 0.2140589 0.1842521 0.1842521 0.1842521 0.1185504 0.1185504 0.4632663E-01 0.4632663E-01 -0.1213938E-01 -0.1213938E-01 -0.4869749E-01 -0.4869749E-01 -0.6369525E-01 -0.6369525E-01 -0.6369525E-01
0.1418578E-02 0.1418578E-02 0.2737593E-02 0.2977971E-02 0.2905616E-02 0.2905616E-02 0.2858614E-02 0.2840620E-02 0.2840620E-02 0.2852378E-02 0.2852378E-02 0.2857193E-02 0.2856557E-02 0.2854908E-02 0.2852540E-02 0.2852540E-02 -0.6376429E-01 -0.1167808 -0.1748552 -0.2348385 -0.2950441 -0.3547083 -0.4136362 -0.4719685 -0.5300192 -0.5881594 -0.6467192 -0.7058292 -0.7645099 -0.8154280 -0.8154280 -0.8212695 -0.7129956 -0.2990266 -0.1658589 -0.1658589 -0.2149590E-01 -0.2149590E-01 0.6351773E-01 0.6351773E-01 0.9633172E-01 0.1464207 0.1464207 0.1769842 0.1769842 0.1652881 0.1652881 0.1652881 0.1156051 0.1156051 0.5200195E-01 0.5200195E-01 -0.5336921E-02 -0.5336921E-02 -0.4371017E-01 -0.4371017E-01 -0.6005149E-01 -0.6005149E-01 -0.6005149E-01
0.2145230E-02 0.2145230E-02 0.4147524E-02 0.4439077E-02 0.4343874E-02 0.4343874E-02 0.4284875E-02 0.4263892E-02 0.4263892E-02 0.4279113E-02 0.4279113E-02 0.4285028E-02 0.4284095E-02 0.4281722E-02 0.4278534E-02 0.4278534E-02 -0.9250823E-01 -0.1608396 -0.2317275 -0.3017614 -0.3693894 -0.4341221 -0.4960740 -0.5556926 -0.6135897 -0.6704292 -0.7268390 -0.7831343 -0.8367879 -0.8672529 -0.8672529 -0.7918564 -0.5591878 -0.1881712 -0.1114802 -0.1114802 -0.2156768E-01 -0.2156768E-01 0.4217431E-01 0.4217431E-01 0.6899392E-01 0.1110992 0.1110992 0.1387974 0.1387974 0.1384839 0.1384839 0.1384839 0.1036569 0.1036569 0.5221235E-01 0.5221235E-01 0.9666817E-03 0.9666817E-03 -0.3569385E-01 -0.3569385E-01 -0.5187431E-01 -0.5187431E-01 -0.5187431E-01
0.2889872E-02 0.2889872E-02 0.5606835E-02 0.5869648E-02 0.5767489E-02 0.5767489E-02 0.5708262E-02 0.5689984E-02 0.5689984E-02 0.5706100E-02 0.5706100E-02 0.5711914E-02 0.5710666E-02 0.5707760E-02 0.5703925E-02 0.5703925E-02 -0.1377010 -0.2256548 -0.3115197 -0.3923612 -0.4673165 -0.5365396 -0.6006831 -0.6606320 -0.7173588 -0.7718377 -0.8249834 -0.8768491 -0.9172944 -0.8781245 -0.8781245 -0.6294448 -0.3333366 -0.1231642 -0.8397904E-01 -0.8397904E-01 -0.2353817E-01 -0.2353817E-01 0.2378379E-01 0.2378379E-01 0.4497290E-01 0.7805056E-01 0.7805056E-01 0.1011960 0.1011960 0.1069084 0.1069084 0.1069084 0.8451736E-01 0.8451736E-01 0.4668111E-01 0.4668111E-01 0.5606685E-02 0.5606685E-02 -0.2552217E-01 -0.2552217E-01 -0.3960155E-01 -0.3960155E-01 -0.3960155E-01
