cruce_test.gid/Rasters/Hydraulic/Velocity__x_292.0.asc
NCOLS        79
NROWS        79
XLLCENTER         -1.500000
YLLCENTER         -4.800000
CELLSIZE           0.100
NODATA_VALUE     -9999.0
[rows 0 to 25 of 79, columns 0 to 57 of 79]
-9999.000 -9999.000 -9999.000 -9999.000 -9999.000 -9999.000 -9999.000 -9999.000 -9999.000 -9999.000 -9999.000 -9999.000 -9999.000 -9999.000 -9999.000 -0.2524446E-03 0.1169581E-02 0.4794623E-02 0.8854628E-02 0.1246990E-01 0.1530346E-01 0.1726080E-01 0.1834068E-01 0.1861814E-01 0.1818490E-01 0.1711510E-01 0.1545324E-01 0.1307482E-01 0.9278717E-02 0.4558638E-02 0.4558638E-02 -9999.000 -9999.000 -9999.000 -9999.000 -9999.000 -9999.000 -9999.000 -9999.000 -9999.000 -9999.000 -9999.000 -9999.000 -9999.000 -9999.000 -9999.000 -9999.000 -9999.000 -9999.000 -9999.000 -9999.000 -9999.000 -9999.000 -9999.000 -9999.000 -9999.000 -9999.000 -9999.000
-9999.000 -9999.000 -9999.000 -9999.000 -9999.000 -9999.000 -9999.000 -9999.000 -9999.000 -9999.000 -9999.000 -9999.000 -9999.000 -9999.000 -9999.000 0.9727236E-03 0.3608770E-02 0.8345995E-02 0.1341495E-01 0.1794468E-01 0.2154725E-01 0.2406692E-01 0.2545127E-01 0.2573590E-01 0.2498798E-01 0.2327307E-01 0.2064270E-01 0.1701145E-01 0.1180794E-01 0.5782972E-02 0.5782972E-02 -9999.000 -9999.000 -9999.000 -9999.000 -9999.000 -9999.000 -9999.000 -9999.000 -9999.000 -9999.000 -9999.000 -9999.000 -9999.000 -9999.000 -9999.000 -9999.000 -9999.000 -9999.000 -9999.000 -9999.000 -9999.000 -9999.000 -9999.000 -9999.000 -9999.000 -9999.000 -9999.000
-9999.000 -9999.000 -9999.000 -9999.000 -9999.000 -9999.000 -9999.000 -9999.000 -9999.000 -9999.000 -9999.000 -9999.000 -9999.000 -9999.000 -9999.000 0.1513021E-02 0.4762598E-02 0.1018416E-01 0.1588380E-01 0.2095355E-01 0.2498170E-01 0.2779472E-01 0.2932699E-01 0.2960678E-01 0.2870000E-01 0.2667659E-01 0.2359912E-01 0.1939395E-01 0.1348401E-01 0.6641951E-02 0.6641951E-02 -9999.000 -9999.000 -9999.000 -9999.000 -9999.000 -9999.000 -9999.000 -9999.000 -9999.000 -9999.000 -9999.000 -9999.000 -9999.000 -9999.000 -9999.000 -9999.000 -9999.000 -9999.000 -9999.000 -9999.000 -9999.000 -9999.000 -9999.000 -9999.000 -9999.000 -9999.000 -9999.000
-9999.000 -9999.000 -9999.000 -9999.000 -9999.000 -9999.000 -9999.000 -9999.000 -9999.000 -9999.000 -9999.000 -9999.000 -9999.000 -9999.000 -9999.000 0.1826819E-02 0.5448084E-02 0.1130253E-01 0.1740981E-01 0.2283038E-01 0.2713776E-01 0.3014875E-01 0.3179128E-01 0.3209208E-01 0.3111754E-01 0.2894025E-01 0.2562764E-01 0.2110473E-01 0.1476409E-01 0.7328149E-02 0.7328149E-02 -9999.000 -9999.000 -9999.000 -9999.000 -9999.000 -9999.000 -9999.000 -9999.000 -9999.000 -9999.000 -9999.000 -9999.000 -9999.000 -9999.000 -9999.000 -9999.000 -9999.000 -9999.000 -9999.000 -9999.000 -9999.000 -9999.000 -9999.000 -9999.000 -9999.000 -9999.000 -9999.000
-9999.000 -9999.000 -9999.000 -9999.000 -9999.000 -9999.000 -9999.000 -9999.000 -9999.000 -9999.000 -9999.000 -9999.000 -9999.000 -9999.000 -9999.000 0.2056585E-02 0.5955304E-02 0.1213737E-01 0.1855558E-01 0.2424498E-01 0.2876952E-01 0.3194078E-01 0.3368256E-01 0.3402232E-01 0.3302685E-01 0.3076973E-01 0.2732007E-01 0.2259522E-01 0.1594305E-01 0.7984412E-02 0.7984412E-02 -9999.000 -9999.000 -9999.000 -9999.000 -9999.000 -9999.000 -9999.000 -9999.000 -9999.000 -9999.000 -9999.000 -9999.000 -9999.000 -9999.000 -9999.000 -9999.000 -9999.000 -9999.000 -9999.000 -9999.000 -9999.000 -9999.000 -9999.000 -9999.000 -9999.000 -9999.000 -9999.000
-9999.000 -9999.000 -9999.000 -9999.000 -9999.000 -9999.000 -9999.000 -9999.000 -9999.000 -9999.000 -9999.000 -9999.000 -9999.000 -9999.000 -9999.000 0.2265835E-02 0.6415449E-02 0.1289095E-01 0.1958600E-01 0.2551408E-01 0.3023336E-01 0.3355257E-01 0.3539372E-01 0.3578558E-01 0.3479591E-01 0.3249814E-01 0.2896184E-01 0.2409191E-01 0.1717778E-01 0.8690680E-02 0.8690680E-02 -9999.000 -9999.000 -9999.000 -9999.000 -9999.000 -9999.000 -9999.000 -9999.000 -9999.000 -9999.000 -9999.000 -9999.000 -9999.000 -9999.000 -9999.000 -9999.000 -9999.000 -9999.000 -9999.000 -9999.000 -9999.000 -9999.000 -9999.000 -9999.000 -9999.000 -9999.000 -9999.000
-9999.000 -9999.000 -9999.000 -9999.000 -9999.000 -9999.000 -9999.000 -9999.000 -9999.000 -9999.000 -9999.000 -9999.000 -9999.000 -9999.000 -9999.000 0.2484998E-02 0.6891575E-02 0.1366028E-01 0.2062800E-01 0.2678941E-01 0.3170034E-01 0.3516893E-01 0.3711571E-01 0.3757279E-01 0.3660871E-01 0.3429644E-01 0.3070514E-01 0.2572275E-01 0.1856568E-01 0.9500438E-02 0.9500438E-02 -9999.000 -9999.000 -9999.000 -9999.000 -9999.000 -9999.000 -9999.000 -9999.000 -9999.000 -9999.000 -9999.000 -9999.000 -9999.000 -9999.000 -9999.000 -9999.000 -9999.000 -9999.000 -9999.000 -9999.000 -9999.000 -9999.000 -9999.000 -9999.000 -9999.000 -9999.000 -9999.000
-9999.000 -9999.000 -9999.000 -9999.000 -9999.000 -9999.000 -9999.000 -9999.000 -9999.000 -9999.000 -9999.000 -9999.000 -9999.000 -9999.000 -9999.000 0.2729914E-02 0.7417199E-02 0.1449671E-01 0.2174861E-01 0.2815118E-01 0.3326157E-01 0.3688859E-01 0.3895291E-01 0.3949084E-01 0.3857192E-01 0.3626849E-01 0.3264815E-01 0.2757829E-01 0.2018574E-01 0.1046122E-01 0.1046122E-01 -9999.000 -9999.000 -9999.000 -9999.000 -9999.000 -9999.000 -9999.000 -9999.000 -9999.000 -9999.000 -9999.000 -9999.000 -9999.000 -9999.000 -9999.000 -9999.000 -9999.000 -9999.000 -9999.000 -9999.000 -9999.000 -9999.000 -9999.000 -9999.000 -9999.000 -9999.000 -9999.000
-9999.000 -9999.000 -9999.000 -9999.000 -9999.000 -9999.000 -9999.000 -9999.000 -9999.000 -9999.000 -9999.000 -9999.000 -9999.000 -9999.000 -9999.000 0.3011147E-02 0.8013773E-02 0.1543264E-01 0.2299004E-01 0.2965051E-01 0.3497549E-01 0.3877694E-01 0.4097622E-01 0.4161512E-01 0.4076475E-01 0.3849601E-01 0.3487565E-01 0.2974474E-01 0.2212138E-01 0.1162640E-01 0.1162640E-01 -9999.000 -9999.000 -9999.000 -9999.000 -9999.000 -9999.000 -9999.000 -9999.000 -9999.000 -9999.000 -9999.000 -9999.000 -9999.000 -9999.000 -9999.000 -9999.000 -9999.000 -9999.000 -9999.000 -9999.000 -9999.000 -9999.000 -9999.000 -9999.000 -9999.000 -9999.000 -9999.000
-9999.000 -9999.000 -9999.000 -9999.000 -9999.000 -9999.000 -9999.000 -9999.000 -9999.000 -9999.000 -9999.000 -9999.000 -9999.000 -9999.000 -9999.000 0.3337227E-02 0.8699129E-02 0.1649621E-01 0.2438890E-01 0.3133124E-01 0.3689346E-01 0.4089171E-01 0.4324964E-01 0.4401663E-01 0.4326481E-01 0.4106491E-01 0.3748104E-01 0.3232300E-01 0.2447766E-01 0.1306509E-01 0.1306509E-01 -9999.000 -9999.000 -9999.000 -9999.000 -9999.000 -9999.000 -9999.000 -9999.000 -9999.000 -9999.000 -9999.000 -9999.000 -9999.000 -9999.000 -9999.000 -9999.000 -9999.000 -9999.000 -9999.000 -9999.000 -9999.000 -9999.000 -9999.000 -9999.000 -9999.000 -9999.000 -9999.000
-9999.000 -9999.000 -9999.000 -9999.000 -9999.000 -9999.000 -9999.000 -9999.000 -9999.000 -9999.000 -9999.000 -9999.000 -9999.000 -9999.000 -9999.000 0.3717512E-02 0.9492533E-02 0.1771698E-01 0.2598486E-01 0.3324230E-01 0.3907222E-01 0.4329836E-01 0.4584758E-01 0.4677907E-01 0.4616728E-01 0.4408153E-01 0.4058498E-01 0.3544851E-01 0.2739956E-01 0.1487465E-01 0.1487465E-01 -9999.000 -9999.000 -9999.000 -9999.000 -9999.000 -9999.000 -9999.000 -9999.000 -9999.000 -9999.000 -9999.000 -9999.000 -9999.000 -9999.000 -9999.000 -9999.000 -9999.000 -9999.000 -9999.000 -9999.000 -9999.000 -9999.000 -9999.000 -9999.000 -9999.000 -9999.000 -9999.000
-9999.000 -9999.000 -9999.000 -9999.000 -9999.000 -9999.000 -9999.000 -9999.000 -9999.000 -9999.000 -9999.000 -9999.000 -9999.000 -9999.000 -9999.000 0.4162998E-02 0.1041828E-01 0.1913319E-01 0.2782893E-01 0.3544622E-01 0.4158644E-01 0.4608361E-01 0.4886935E-01 0.5001623E-01 0.4960127E-01 0.4769414E-01 0.4435689E-01 0.3931370E-01 0.3109737E-01 0.1719750E-01 0.1719750E-01 -9999.000 -9999.000 -9999.000 -9999.000 -9999.000 -9999.000 -9999.000 -9999.000 -9999.000 -9999.000 -9999.000 -9999.000 -9999.000 -9999.000 -9999.000 -9999.000 -9999.000 -9999.000 -9999.000 -9999.000 -9999.000 -9999.000 -9999.000 -9999.000 -9999.000 -9999.000 -9999.000
-9999.000 -9999.000 -9999.000 -9999.000 -9999.000 -9999.000 -9999.000 -9999.000 -9999.000 -9999.000 -9999.000 -9999.000 -9999.000 -9999.000 -9999.000 0.4691602E-02 0.1151416E-01 0.2080435E-01 0.2999919E-01 0.3803851E-01 0.4454839E-01 0.4937624E-01 0.5246205E-01 0.5389529E-01 0.5375811E-01 0.5212148E-01 0.4904845E-01 0.4420679E-01 0.3589096E-01 0.2025084E-01 0.2025084E-01 -9999.000 -9999.000 -9999.000 -9999.000 -9999.000 -9999.000 -9999.000 -9999.000 -9999.000 -9999.000 -9999.000 -9999.000 -9999.000 -9999.000 -9999.000 -9999.000 -9999.000 -9999.000 -9999.000 -9999.000 -9999.000 -9999.000 -9999.000 -9999.000 -9999.000 -9999.000 -9999.000
-9999.000 -9999.000 -9999.000 -9999.000 -9999.000 -9999.000 -9999.000 -9999.000 -9999.000 -9999.000 -9999.000 -9999.000 -9999.000 -9999.000 -9999.000 0.5738934E-02 0.1367949E-01 0.2401429E-01 0.3368581E-01 0.4213455E-01 0.4897455E-01 0.5408876E-01 0.5744173E-01 0.5915384E-01 0.5931655E-01 0.5800494E-01 0.5528519E-01 0.5075334E-01 0.4240678E-01 0.2445787E-01 0.2445787E-01 -9999.000 -9999.000 -9999.000 -9999.000 -9999.000 -9999.000 -9999.000 -9999.000 -9999.000 -9999.000 -9999.000 -9999.000 -9999.000 -9999.000 -9999.000 -9999.000 -9999.000 -9999.000 -9999.000 -9999.000 -9999.000 -9999.000 -9999.000 -9999.000 -9999.000 -9999.000 -9999.000
-9999.000 -9999.000 -9999.000 -9999.000 -9999.000 -9999.000 -9999.000 -9999.000 -9999.000 -9999.000 -9999.000 -9999.000 -9999.000 -9999.000 -9999.000 0.6400932E-01 0.9653234E-01 0.1100252 0.1026887 0.9690788E-01 0.9155108E-01 0.8619768E-01 0.8092532E-01 0.7581364E-01 0.7074251E-01 0.6561859E-01 0.6028460E-01 0.5404761E-01 0.4448681E-01 0.2202361E-01 0.2202361E-01 -9999.000 -9999.000 -9999.000 -9999.000 -9999.000 -9999.000 -9999.000 -9999.000 -9999.000 -9999.000 -9999.000 -9999.000 -9999.000 -9999.000 -9999.000 -9999.000 -9999.000 -9999.000 -9999.000 -9999.000 -9999.000 -9999.000 -9999.000 -9999.000 -9999.000 -9999.000 -9999.000
2.780040 2.780040 2.765950 2.795090 2.812688 2.812688 2.815276 2.815536 2.815536 2.812546 2.812546 2.807134 2.803733 2.799965 2.796087 2.796087 2.911289 2.914627 2.915694 2.895092 2.853534 2.790570 2.704676 2.595762 2.467046 2.319609 2.157645 1.990978 1.845059 1.787663 1.787663 2.637341 2.812224 2.909477 2.932942 2.932942 2.962264 2.962264 2.937685 2.937685 2.889380 2.697047 2.697047 2.272431 2.272431 2.021968 2.021968 2.021968 2.016178 2.016178 2.052075 2.052075 2.100898 2.100898 2.150527 2.150527 2.194146 2.194146
2.802402 2.802402 2.792482 2.848027 2.872541 2.872541 2.886978 2.909693 2.909693 2.928663 2.928663 2.945040 2.952473 2.959501 2.966358 2.966358 3.052615 3.069171 3.083829 3.093016 3.096493 3.092778 3.079127 3.052687 3.011593 2.953494 2.877350 2.784601 2.682459 2.610013 2.610013 3.068888 3.229173 3.380574 3.420913 3.420913 3.465336 3.465336 3.462607 3.462607 3.438476 3.328839 3.328839 3.096611 3.096611 2.847603 2.847603 2.847603 2.840258 2.840258 2.878107 2.878107 2.930023 2.930023 2.982234 2.982234 3.029032 3.029032
2.807153 2.807153 2.794945 2.849827 2.872242 2.872242 2.887394 2.911001 2.911001 2.930580 2.930580 2.947630 2.955446 2.962882 2.970197 2.970197 3.048089 3.075841 3.101240 3.122477 3.139204 3.151073 3.157161 3.156208 3.147124 3.128170 3.097750 3.055451 3.004583 2.967827 2.967827 3.233015 3.389316 3.567612 3.618720 3.618720 3.669503 3.669503 3.656267 3.656267 3.624839 3.520932 3.520932 3.363910 3.363910 3.143156 3.143156 3.143156 3.119797 3.119797 3.146176 3.146176 3.189893 3.189893 3.235961 3.235961 3.278109 3.278109
2.810085 2.810085 2.798502 2.850664 2.871523 2.871523 2.887010 2.911031 2.911031 2.930627 2.930627 2.947655 2.955469 2.962907 2.970274 2.970274 3.043534 3.080886 3.116286 3.147340 3.173072 3.193113 3.207131 3.214769 3.215863 3.209954 3.196462 3.175283 3.148532 3.130730 3.130730 3.293568 3.432938 3.619865 3.676662 3.676662 3.724347 3.724347 3.689801 3.689801 3.649065 3.555866 3.555866 3.457500 3.457500 3.284698 3.284698 3.284698 3.247135 3.247135 3.260113 3.260113 3.295708 3.295708 3.337074 3.337074 3.376110 3.376110
2.811212 2.811212 2.803189 2.850967 2.870878 2.870878 2.886641 2.911129 2.911129 2.930837 2.930837 2.947904 2.955731 2.963176 2.970620 2.970620 3.043337 3.089097 3.133616 3.173626 3.207612 3.234950 3.255343 3.268652 3.274980 3.274432 3.267137 3.253561 3.235649 3.223462 3.223462 3.324362 3.440097 3.617902 3.670911 3.670911 3.695168 3.695168 3.633556 3.633556 3.592335 3.530039 3.530039 3.485854 3.485854 3.371085 3.371085 3.371085 3.326354 3.326354 3.324757 3.324757 3.349761 3.349761 3.384829 3.384829 3.419875 3.419875
2.808245 2.808245 2.810372 2.851439 2.870818 2.870818 2.886750 2.911466 2.911466 2.931083 2.931083 2.948032 2.955819 2.963238 2.970774 2.970774 3.047955 3.101513 3.154273 3.202278 3.243692 3.277706 3.303982 3.322409 3.333100 3.336289 3.332332 3.321904 3.306787 3.294200 3.294200 3.353189 3.441613 3.589929 3.624610 3.624610 3.602416 3.602416 3.528674 3.528674 3.502802 3.486676 3.486676 3.487923 3.487923 3.429771 3.429771 3.429771 3.387645 3.387645 3.374156 3.374156 3.386879 3.386879 3.413323 3.413323 3.442512 3.442512
2.807876 2.807876 2.813929 2.851380 2.870505 2.870505 2.886561 2.911482 2.911482 2.931109 2.931109 2.948038 2.955821 2.963239 2.970933 2.970933 3.058456 3.119730 3.179929 3.234845 3.282588 3.322321 3.353717 3.376682 3.391311 3.397827 3.396587 3.388222 3.374191 3.359543 3.359543 3.388814 3.448003 3.539514 3.535984 3.535984 3.460771 3.460771 3.411586 3.411586 3.412823 3.442951 3.442951 3.477765 3.477765 3.468138 3.468138 3.468138 3.437185 3.437185 3.417653 3.417653 3.418678 3.418678 3.434740 3.434740 3.456062 3.456062
2.807756 2.807756 2.815103 2.851356 2.870399 2.870399 2.886495 2.911487 2.911487 2.931118 2.931118 2.948040 2.955822 2.963238 2.971153 2.971153 3.075935 3.145220 3.212157 3.272824 3.325581 3.369768 3.405169 3.431774 3.449687 3.459099 3.460306 3.453797 3.440620 3.423934 3.423934 3.431240 3.458394 3.451426 3.392913 3.392913 3.298667 3.298667 3.308888 3.308888 3.337227 3.402603 3.402603 3.460491 3.460491 3.489683 3.489683 3.489683 3.474970 3.474970 3.456126 3.456126 3.448309 3.448309 3.453471 3.453471 3.465238 3.465238
2.807876 2.807876 2.813929 2.851381 2.870505 2.870505 2.886560 2.911483 2.911483 2.931110 2.931110 2.948039 2.955822 2.963239 2.971461 2.971461 3.101898 3.179671 3.252636 3.317757 3.373987 3.421057 3.459017 3.488007 3.508210 3.519811 3.523033 3.518208 3.505916 3.487249 3.487249 3.475556 3.460998 3.300297 3.197912 3.197912 3.154342 3.154342 3.231294 3.231294 3.278172 3.365777 3.365777 3.439124 3.439124 3.498008 3.498008 3.498008 3.500799 3.500799 3.488091 3.488091 3.475632 3.475632 3.470784 3.470784 3.471977 3.471977
2.808245 2.808245 2.810372 2.851439 2.870818 2.870818 2.886750 2.911465 2.911465 2.931084 2.931084 2.948032 2.955819 2.963238 2.971887 2.971887 3.138544 3.225195 3.303246 3.371219 3.429051 3.477109 3.515841 3.545637 3.566806 3.579570 3.584103 3.580576 3.568924 3.546808 3.546808 3.509987 3.425258 3.080513 2.991175 2.991175 3.049635 3.049635 3.170865 3.170865 3.227894 3.328863 3.328863 3.413105 3.413105 3.494384 3.494384 3.494384 3.513379 3.513379 3.509947 3.509947 3.497071 3.497071 3.484310 3.484310 3.474919 3.474919
2.811212 2.811212 2.803190 2.850967 2.870878 2.870878 2.886641 2.911128 2.911128 2.930837 2.930837 2.947903 2.955730 2.963176 2.972437 2.972437 3.189161 3.284541 3.366116 3.434764 3.491836 3.538568 3.575935 3.604646 3.625174 3.637801 3.642678 3.639778 3.627656 3.595177 3.595177 3.504019 3.293773 2.841187 2.831074 2.831074 2.975872 2.975872 3.117557 3.117557 3.179784 3.289207 3.289207 3.381443 3.381443 3.479215 3.479215 3.479215 3.511716 3.511716 3.518324 3.518324 3.507877 3.507877 3.489828 3.489828 3.470783 3.470783
