cruce_test.gid/Rasters/Hydraulic/Velocity____296.0.asc
NCOLS        79
NROWS        79
XLLCENTER         -1.500000
YLLCENTER         -4.800000
CELLSIZE           0.100
NODATA_VALUE     -9999.0
[rows 0 to 26 of 79, columns 0 to 59 of 79]
-9999.000 -9999.000 -9999.000 -9999.000 -9999.000 -9999.000 -9999.000 -9999.000 -9999.000 -9999.000 -9999.000 -9999.000 -9999.000 -9999.000 -9999.000 0.9516405E-01 0.9282240E-01 0.9226308E-01 0.9274611E-01 0.9365941E-01 0.9466120E-01 0.9560978E-01 0.9639779E-01 0.9697351E-01 0.9736854E-01 0.9760429E-01 0.9774990E-01 0.9801127E-01 0.9897921E-01 0.9999664E-01 0.9999664E-01 -9999.000 -9999.000 -9999.000 -9999.000 -9999.000 -9999.000 -9999.000 -9999.000 -9999.000 -9999.000 -9999.000 -9999.000 -9999.000 -9999.000 -9999.000 -9999.000 -9999.000 -9999.000 -9999.000 -9999.000 -9999.000 -9999.000 -9999.000 -9999.000 -9999.000 -9999.000 -9999.000 -9999.000 -9999.000
-9999.000 -9999.000 -9999.000 -9999.000 -9999.000 -9999.000 -9999.000 -9999.000 -9999.000 -9999.000 -9999.000 -9999.000 -9999.000 -9999.000 -9999.000 0.9430760E-01 0.8951630E-01 0.8840530E-01 0.8944794E-01 0.9136464E-01 0.9347414E-01 0.9550463E-01 0.9723980E-01 0.9856433E-01 0.9953047E-01 0.1001733 0.1006376 0.1013802 0.1037108 0.1064647 0.1064647 -9999.000 -9999.000 -9999.000 -9999.000 -9999.000 -9999.000 -9999.000 -9999.000 -9999.000 -9999.000 -9999.000 -9999.000 -9999.000 -9999.000 -9999.000 -9999.000 -9999.000 -9999.000 -9999.000 -9999.000 -9999.000 -9999.000 -9999.000 -9999.000 -9999.000 -9999.000 -9999.000 -9999.000 -9999.000
-9999.000 -9999.000 -9999.000 -9999.000 -9999.000 -9999.000 -9999.000 -9999.000 -9999.000 -9999.000 -9999.000 -9999.000 -9999.000 -9999.000 -9999.000 0.9215908E-01 0.8476672E-01 0.8299248E-01 0.8465380E-01 0.8771148E-01 0.9110829E-01 0.9444313E-01 0.9739461E-01 0.9978440E-01 0.1016879 0.1031438 0.1043609 0.1060502 0.1102946 0.1156237 0.1156237 -9999.000 -9999.000 -9999.000 -9999.000 -9999.000 -9999.000 -9999.000 -9999.000 -9999.000 -9999.000 -9999.000 -9999.000 -9999.000 -9999.000 -9999.000 -9999.000 -9999.000 -9999.000 -9999.000 -9999.000 -9999.000 -9999.000 -9999.000 -9999.000 -9999.000 -9999.000 -9999.000 -9999.000 -9999.000
-9999.000 -9999.000 -9999.000 -9999.000 -9999.000 -9999.000 -9999.000 -9999.000 -9999.000 -9999.000 -9999.000 -9999.000 -9999.000 -9999.000 -9999.000 0.8937460E-01 0.7945386E-01 0.7701991E-01 0.7932752E-01 0.8355140E-01 0.8826175E-01 0.9294420E-01 0.9718239E-01 0.1007399 0.1037154 0.1061412 0.1082788 0.1110892 0.1174532 0.1259108 0.1259108 -9999.000 -9999.000 -9999.000 -9999.000 -9999.000 -9999.000 -9999.000 -9999.000 -9999.000 -9999.000 -9999.000 -9999.000 -9999.000 -9999.000 -9999.000 -9999.000 -9999.000 -9999.000 -9999.000 -9999.000 -9999.000 -9999.000 -9999.000 -9999.000 -9999.000 -9999.000 -9999.000 -9999.000 -9999.000
-9999.000 -9999.000 -9999.000 -9999.000 -9999.000 -9999.000 -9999.000 -9999.000 -9999.000 -9999.000 -9999.000 -9999.000 -9999.000 -9999.000 -9999.000 0.8618395E-01 0.7377485E-01 0.7069565E-01 0.7369167E-01 0.7911301E-01 0.8515885E-01 0.9121685E-01 0.9678330E-01 0.1015671 0.1056919 0.1091765 0.1123312 0.1163732 0.1250240 0.1371815 0.1371815 -9999.000 -9999.000 -9999.000 -9999.000 -9999.000 -9999.000 -9999.000 -9999.000 -9999.000 -9999.000 -9999.000 -9999.000 -9999.000 -9999.000 -9999.000 -9999.000 -9999.000 -9999.000 -9999.000 -9999.000 -9999.000 -9999.000 -9999.000 -9999.000 -9999.000 -9999.000 -9999.000 -9999.000 -9999.000
-9999.000 -9999.000 -9999.000 -9999.000 -9999.000 -9999.000 -9999.000 -9999.000 -9999.000 -9999.000 -9999.000 -9999.000 -9999.000 -9999.000 -9999.000 0.8266716E-01 0.6781089E-01 0.6412420E-01 0.6787216E-01 0.7452961E-01 0.8193003E-01 0.8938182E-01 0.9630177E-01 0.1023475 0.1076695 0.1122677 0.1164999 0.1218536 0.1329484 0.1494557 0.1494557 -9999.000 -9999.000 -9999.000 -9999.000 -9999.000 -9999.000 -9999.000 -9999.000 -9999.000 -9999.000 -9999.000 -9999.000 -9999.000 -9999.000 -9999.000 -9999.000 -9999.000 -9999.000 -9999.000 -9999.000 -9999.000 -9999.000 -9999.000 -9999.000 -9999.000 -9999.000 -9999.000 -9999.000 -9999.000
-9999.000 -9999.000 -9999.000 -9999.000 -9999.000 -9999.000 -9999.000 -9999.000 -9999.000 -9999.000 -9999.000 -9999.000 -9999.000 -9999.000 -9999.000 0.7883485E-01 0.6158875E-01 0.5736456E-01 0.6195237E-01 0.6988706E-01 0.7865410E-01 0.8750843E-01 0.9579615E-01 0.1031256 0.1096776 0.1154261 0.1207787 0.1275112 0.1412148 0.1628521 0.1628521 -9999.000 -9999.000 -9999.000 -9999.000 -9999.000 -9999.000 -9999.000 -9999.000 -9999.000 -9999.000 -9999.000 -9999.000 -9999.000 -9999.000 -9999.000 -9999.000 -9999.000 -9999.000 -9999.000 -9999.000 -9999.000 -9999.000 -9999.000 -9999.000 -9999.000 -9999.000 -9999.000 -9999.000 -9999.000
-9999.000 -9999.000 -9999.000 -9999.000 -9999.000 -9999.000 -9999.000 -9999.000 -9999.000 -9999.000 -9999.000 -9999.000 -9999.000 -9999.000 -9999.000 0.7466257E-01 0.5511169E-01 0.5046767E-01 0.5600975E-01 0.6525649E-01 0.7538827E-01 0.8564173E-01 0.9530116E-01 0.1039267 0.1117324 0.1186579 0.1251643 0.1333390 0.1498341 0.1775655 0.1775655 -9999.000 -9999.000 -9999.000 -9999.000 -9999.000 -9999.000 -9999.000 -9999.000 -9999.000 -9999.000 -9999.000 -9999.000 -9999.000 -9999.000 -9999.000 -9999.000 -9999.000 -9999.000 -9999.000 -9999.000 -9999.000 -9999.000 -9999.000 -9999.000 -9999.000 -9999.000 -9999.000 -9999.000 -9999.000
-9999.000 -9999.000 -9999.000 -9999.000 -9999.000 -9999.000 -9999.000 -9999.000 -9999.000 -9999.000 -9999.000 -9999.000 -9999.000 -9999.000 -9999.000 0.7010712E-01 0.4837503E-01 0.4350730E-01 0.5014706E-01 0.6071841E-01 0.7218748E-01 0.8381943E-01 0.9484328E-01 0.1047690 0.1138445 0.1219667 0.1296540 0.1393349 0.1588299 0.1938675 0.1938675 -9999.000 -9999.000 -9999.000 -9999.000 -9999.000 -9999.000 -9999.000 -9999.000 -9999.000 -9999.000 -9999.000 -9999.000 -9999.000 -9999.000 -9999.000 -9999.000 -9999.000 -9999.000 -9999.000 -9999.000 -9999.000 -9999.000 -9999.000 -9999.000 -9999.000 -9999.000 -9999.000 -9999.000 -9999.000
-9999.000 -9999.000 -9999.000 -9999.000 -9999.000 -9999.000 -9999.000 -9999.000 -9999.000 -9999.000 -9999.000 -9999.000 -9999.000 -9999.000 -9999.000 0.6511195E-01 0.4138100E-01 0.3662870E-01 0.4452812E-01 0.5638089E-01 0.6911781E-01 0.8208282E-01 0.9444964E-01 0.1056693 0.1160249 0.1253568 0.1342473 0.1455006 0.1682330 0.2121255 0.2121255 -9999.000 -9999.000 -9999.000 -9999.000 -9999.000 -9999.000 -9999.000 -9999.000 -9999.000 -9999.000 -9999.000 -9999.000 -9999.000 -9999.000 -9999.000 -9999.000 -9999.000 -9999.000 -9999.000 -9999.000 -9999.000 -9999.000 -9999.000 -9999.000 -9999.000 -9999.000 -9999.000 -9999.000 -9999.000
-9999.000 -9999.000 -9999.000 -9999.000 -9999.000 -9999.000 -9999.000 -9999.000 -9999.000 -9999.000 -9999.000 -9999.000 -9999.000 -9999.000 -9999.000 0.5960901E-01 0.3416025E-01 0.3014757E-01 0.3943031E-01 0.5240190E-01 0.6626840E-01 0.8048575E-01 0.9415516E-01 0.1066516 0.1182892 0.1288362 0.1389461 0.1518391 0.1780811 0.2328366 0.2328366 -9999.000 -9999.000 -9999.000 -9999.000 -9999.000 -9999.000 -9999.000 -9999.000 -9999.000 -9999.000 -9999.000 -9999.000 -9999.000 -9999.000 -9999.000 -9999.000 -9999.000 -9999.000 -9999.000 -9999.000 -9999.000 -9999.000 -9999.000 -9999.000 -9999.000 -9999.000 -9999.000 -9999.000 -9999.000
-9999.000 -9999.000 -9999.000 -9999.000 -9999.000 -9999.000 -9999.000 -9999.000 -9999.000 -9999.000 -9999.000 -9999.000 -9999.000 -9999.000 -9999.000 0.5351778E-01 0.2683421E-01 0.2477354E-01 0.3532060E-01 0.4901612E-01 0.6376742E-01 0.7910616E-01 0.9401233E-01 0.1077526 0.1206643 0.1324215 0.1437580 0.1583589 0.1884197 0.2566859 0.2566859 -9999.000 -9999.000 -9999.000 -9999.000 -9999.000 -9999.000 -9999.000 -9999.000 -9999.000 -9999.000 -9999.000 -9999.000 -9999.000 -9999.000 -9999.000 -9999.000 -9999.000 -9999.000 -9999.000 -9999.000 -9999.000 -9999.000 -9999.000 -9999.000 -9999.000 -9999.000 -9999.000 -9999.000 -9999.000
-9999.000 -9999.000 -9999.000 -9999.000 -9999.000 -9999.000 -9999.000 -9999.000 -9999.000 -9999.000 -9999.000 -9999.000 -9999.000 -9999.000 -9999.000 0.4674245E-01 0.1982898E-01 0.2193477E-01 0.3291645E-01 0.4657034E-01 0.6180895E-01 0.7806783E-01 0.9410966E-01 0.1090393 0.1232015 0.1361498 0.1487082 0.1650813 0.1993061 0.2846447 0.2846447 -9999.000 -9999.000 -9999.000 -9999.000 -9999.000 -9999.000 -9999.000 -9999.000 -9999.000 -9999.000 -9999.000 -9999.000 -9999.000 -9999.000 -9999.000 -9999.000 -9999.000 -9999.000 -9999.000 -9999.000 -9999.000 -9999.000 -9999.000 -9999.000 -9999.000 -9999.000 -9999.000 -9999.000 -9999.000
-9999.000 -9999.000 -9999.000 -9999.000 -9999.000 -9999.000 -9999.000 -9999.000 -9999.000 -9999.000 -9999.000 -9999.000 -9999.000 -9999.000 -9999.000 0.3896485E-01 0.1528194E-01 0.2441432E-01 0.3403702E-01 0.4635921E-01 0.6132782E-01 0.7805634E-01 0.9496064E-01 0.1109025 0.1261991 0.1402457 0.1539637 0.1721308 0.2108678 0.3181770 0.3181770 -9999.000 -9999.000 -9999.000 -9999.000 -9999.000 -9999.000 -9999.000 -9999.000 -9999.000 -9999.000 -9999.000 -9999.000 -9999.000 -9999.000 -9999.000 -9999.000 -9999.000 -9999.000 -9999.000 -9999.000 -9999.000 -9999.000 -9999.000 -9999.000 -9999.000 -9999.000 -9999.000 -9999.000 -9999.000
-9999.000 -9999.000 -9999.000 -9999.000 -9999.000 -9999.000 -9999.000 -9999.000 -9999.000 -9999.000 -9999.000 -9999.000 -9999.000 -9999.000 -9999.000 0.6140061E-01 0.9319310E-01 0.1056747 0.9769192E-01 0.9499123E-01 0.9594815E-01 0.1013987 0.1104242 0.1213466 0.1337316 0.1462534 0.1595076 0.1786381 0.2219713 0.3565463 0.3565463 -9999.000 -9999.000 -9999.000 -9999.000 -9999.000 -9999.000 -9999.000 -9999.000 -9999.000 -9999.000 -9999.000 -9999.000 -9999.000 -9999.000 -9999.000 -9999.000 -9999.000 -9999.000 -9999.000 -9999.000 -9999.000 -9999.000 -9999.000 -9999.000 -9999.000 -9999.000 -9999.000 -9999.000 -9999.000
2.770105 2.770105 2.755276 2.788652 2.806658 2.806658 2.809533 2.809631 2.809631 2.806227 2.806227 2.800508 2.797012 2.793184 2.789264 2.789264 2.901612 2.904826 2.905849 2.884188 2.842364 2.779594 2.694263 2.586719 2.459871 2.314941 2.156214 1.993869 1.854648 1.813226 1.813226 2.635282 2.804425 2.899201 2.922267 2.922267 2.950825 2.950825 2.924970 2.924970 2.875984 2.682083 2.682083 2.250097 2.250097 2.010757 2.010757 2.010757 2.006498 2.006498 2.042974 2.042974 2.091900 2.091900 2.141429 2.141429 2.184856 2.184856 2.184856 2.218373
2.793116 2.793116 2.781323 2.841791 2.866701 2.866701 2.881386 2.903902 2.903902 2.922415 2.922415 2.938424 2.945730 2.952657 2.959432 2.959432 3.043565 3.059837 3.074313 3.083309 3.087080 3.084215 3.072054 3.047966 3.010018 2.955867 2.884399 2.796875 2.700087 2.633284 2.633284 3.071678 3.224155 3.371044 3.410689 3.410689 3.454127 3.454127 3.450272 3.450272 3.425736 3.316100 3.316100 3.079770 3.079770 2.835252 2.835252 2.835252 2.829598 2.829598 2.868013 2.868013 2.920029 2.920029 2.972160 2.972160 3.018791 3.018791 3.018791 3.057195
2.798683 2.798683 2.782578 2.843671 2.866476 2.866476 2.881832 2.905207 2.905207 2.924313 2.924313 2.940998 2.948684 2.956018 2.963250 2.963250 3.039300 3.066657 3.091843 3.113028 3.130189 3.143163 3.151181 3.153195 3.148154 3.134349 3.110130 3.074893 3.031458 3.001249 3.001249 3.250682 3.396176 3.564123 3.612767 3.612767 3.660022 3.660022 3.644277 3.644277 3.612885 3.512231 3.512231 3.354186 3.354186 3.131642 3.131642 3.131642 3.109509 3.109509 3.136519 3.136519 3.180418 3.180418 3.226441 3.226441 3.268442 3.268442 3.268442 3.303455
2.802898 2.802898 2.784246 2.844669 2.865888 2.865888 2.881520 2.905257 2.905257 2.924365 2.924365 2.941029 2.948716 2.956059 2.963347 2.963347 3.035028 3.071935 3.107116 3.138210 3.164481 3.185785 3.201977 3.212908 3.218530 3.218458 3.212116 3.199279 3.181631 3.172335 3.172335 3.326057 3.454995 3.627015 3.678587 3.678587 3.717311 3.717311 3.677880 3.677880 3.638224 3.551783 3.551783 3.454950 3.454950 3.274878 3.274878 3.274878 3.237018 3.237018 3.250525 3.250525 3.286443 3.286443 3.327879 3.327879 3.366830 3.366830 3.366830 3.399478
2.805902 2.805902 2.786169 2.845285 2.865465 2.865465 2.881263 2.905303 2.905303 2.924397 2.924397 2.941019 2.948696 2.956034 2.963390 2.963390 3.034763 3.080092 3.124450 3.164645 3.199371 3.228215 3.251080 3.268020 3.279285 3.285087 3.285602 3.281242 3.273633 3.271657 3.271657 3.369867 3.477807 3.638270 3.682499 3.682499 3.689766 3.689766 3.621989 3.621989 3.583382 3.529682 3.529682 3.488199 3.488199 3.363691 3.363691 3.363691 3.316556 3.316556 3.315037 3.315037 3.340502 3.340502 3.375829 3.375829 3.410891 3.410891 3.410891 3.440563
2.807830 2.807830 2.787999 2.845614 2.865167 2.865167 2.881057 2.905303 2.905303 2.924365 2.924365 2.940947 2.948621 2.955966 2.963443 2.963443 3.039526 3.092746 3.145493 3.193922 3.236382 3.272255 3.301387 3.323848 3.339902 3.349911 3.354300 3.353745 3.349812 3.348779 3.348779 3.410303 3.494362 3.623152 3.643900 3.643900 3.596316 3.596316 3.518245 3.518245 3.496014 3.487948 3.487948 3.492003 3.492003 3.424752 3.424752 3.424752 3.378447 3.378447 3.364247 3.364247 3.377457 3.377457 3.404371 3.404371 3.433719 3.433719 3.433719 3.459050
2.808855 2.808855 2.789329 2.845727 2.864950 2.864950 2.880890 2.905289 2.905289 2.924392 2.924392 2.941012 2.948709 2.956071 2.963712 2.963712 3.050303 3.111384 3.171811 3.227507 3.276741 3.318841 3.353629 3.381169 3.401698 3.415563 3.423213 3.425319 3.423207 3.421188 3.421188 3.456895 3.514716 3.580921 3.556272 3.556272 3.452505 3.452505 3.402696 3.402696 3.407387 3.443716 3.443716 3.481089 3.481089 3.464680 3.464680 3.464680 3.428768 3.428768 3.407639 3.407639 3.408986 3.408986 3.425695 3.425695 3.447341 3.447341 3.447341 3.466711
2.809154 2.809154 2.789797 2.845718 2.864850 2.864850 2.880823 2.905316 2.905316 2.924454 2.924454 2.941076 2.948767 2.956120 2.963966 2.963966 3.067974 3.137334 3.204930 3.266960 3.321898 3.369194 3.408744 3.440652 3.465147 3.482541 3.493231 3.497779 3.497168 3.493933 3.493933 3.510159 3.536932 3.490626 3.405558 3.405558 3.289198 3.289198 3.301279 3.301279 3.332074 3.401716 3.401716 3.461809 3.461809 3.486728 3.486728 3.486728 3.467288 3.467288 3.446187 3.446187 3.438362 3.438362 3.444239 3.444239 3.456477 3.456477 3.456477 3.468261
2.808854 2.808854 2.789328 2.845727 2.864950 2.864950 2.880890 2.905289 2.905289 2.924393 2.924393 2.941013 2.948709 2.956072 2.964225 2.964225 3.094148 3.172475 3.246815 3.314200 3.373624 3.424854 3.467984 3.503231 3.530867 3.551194 3.564548 3.571361 3.572182 3.567389 3.567389 3.564930 3.545673 3.324741 3.199623 3.199623 3.145279 3.145279 3.223997 3.223997 3.272354 3.362782 3.362782 3.437944 3.437944 3.494512 3.494512 3.494512 3.493461 3.493461 3.478264 3.478264 3.465407 3.465407 3.461216 3.461216 3.462981 3.462981 3.462981 3.465780
2.807829 2.807829 2.787999 2.845614 2.865166 2.865166 2.881056 2.905302 2.905302 2.924364 2.924364 2.940945 2.948621 2.955964 2.964521 2.964521 3.131079 3.219103 3.299690 3.371308 3.433808 3.487483 3.532747 3.570016 3.599663 3.622013 3.637376 3.646040 3.647865 3.639041 3.639041 3.606735 3.501773 3.086458 2.986205 2.986205 3.041349 3.041349 3.163355 3.163355 3.221189 3.323955 3.323955 3.409555 3.409555 3.489726 3.489726 3.489726 3.505952 3.505952 3.500221 3.500221 3.486663 3.486663 3.474378 3.474378 3.465563 3.465563 3.465563 3.458550
2.805902 2.805902 2.786168 2.845285 2.865465 2.865465 2.881263 2.905303 2.905303 2.924397 2.924397 2.941019 2.948697 2.956033 2.965147 2.965147 3.182533 3.280663 3.366596 3.440922 3.504710 3.558987 3.604615 3.642276 3.672489 3.695650 3.712058 3.721816 3.723033 3.699920 3.699920 3.595420 3.339621 2.836622 2.824461 2.824461 2.967930 2.967930 3.109706 3.109706 3.172322 3.282783 3.282783 3.375894 3.375894 3.473161 3.473161 3.473161 3.503842 3.503842 3.508612 3.508612 3.497369 3.497369 3.479545 3.479545 3.460986 3.460986 3.460986 3.444091
2.802898 2.802898 2.784246 2.844669 2.865888 2.865888 2.881521 2.905257 2.905257 2.924364 2.924364 2.941029 2.948716 2.956059 2.965972 2.965972 3.254038 3.361850 3.451390 3.526188 3.588906 3.641488 3.685329 3.721425 3.750472 3.772941 3.789148 3.798696 3.793342 3.716430 3.716430 3.442343 3.022201 2.662296 2.719273 2.719273 2.901499 2.901499 3.051720 3.051720 3.117153 3.233198 3.233198 3.332005 3.332005 3.441493 3.441493 3.441493 3.483327 3.483327 3.497693 3.497693 3.490332 3.490332 3.469321 3.469321 3.442577 3.442577 3.442577 3.416606
