cruce_test.gid/Rasters/Hydraulic/Velocity__x_79.0.asc
NCOLS        79
NROWS        79
XLLCENTER         -1.500000
YLLCENTER         -4.800000
CELLSIZE           0.100
NODATA_VALUE     -9999.0
[rows 0 to 25 of 79, columns 0 to 57 of 79]
-9999.000 -9999.000 -9999.000 -9999.000 -9999.000 -9999.000 -9999.000 -9999.000 -9999.000 -9999.000 -9999.000 -9999.000 -9999.000 -9999.000 -9999.000 0.3304758E-03 0.1515905E-02 0.3462675E-02 0.5224461E-02 0.6777376E-02 0.8143800E-02 0.9335488E-02 0.1033881E-01 0.1110335E-01 0.1152738E-01 0.1143698E-01 0.1055429E-01 0.8447667E-02 0.4545873E-02 0.1348958E-02 0.1348958E-02 -9999.000 -9999.000 -9999.000 -9999.000 -9999.000 -9999.000 -9999.000 -9999.000 -9999.000 -9999.000 -9999.000 -9999.000 -9999.000 -9999.000 -9999.000 -9999.000 -9999.000 -9999.000 -9999.000 -9999.000 -9999.000 -9999.000 -9999.000 -9999.000 -9999.000 -9999.000 -9999.000
-9999.000 -9999.000 -9999.000 -9999.000 -9999.000 -9999.000 -9999.000 -9999.000 -9999.000 -9999.000 -9999.000 -9999.000 -9999.000 -9999.000 -9999.000 0.1180913E-02 0.3427857E-02 0.6621731E-02 0.9606709E-02 0.1229522E-01 0.1465738E-01 0.1665767E-01 0.1823352E-01 0.1927945E-01 0.1963304E-01 0.1906048E-01 0.1724068E-01 0.1374935E-01 0.8127168E-02 0.3110610E-02 0.3110610E-02 -9999.000 -9999.000 -9999.000 -9999.000 -9999.000 -9999.000 -9999.000 -9999.000 -9999.000 -9999.000 -9999.000 -9999.000 -9999.000 -9999.000 -9999.000 -9999.000 -9999.000 -9999.000 -9999.000 -9999.000 -9999.000 -9999.000 -9999.000 -9999.000 -9999.000 -9999.000 -9999.000
-9999.000 -9999.000 -9999.000 -9999.000 -9999.000 -9999.000 -9999.000 -9999.000 -9999.000 -9999.000 -9999.000 -9999.000 -9999.000 -9999.000 -9999.000 0.1929835E-02 0.5108932E-02 0.9398541E-02 0.1341114E-01 0.1702620E-01 0.2018327E-01 0.2281553E-01 0.2482695E-01 0.2607690E-01 0.2636623E-01 0.2542429E-01 0.2289556E-01 0.1832279E-01 0.1121791E-01 0.4608580E-02 0.4608580E-02 -9999.000 -9999.000 -9999.000 -9999.000 -9999.000 -9999.000 -9999.000 -9999.000 -9999.000 -9999.000 -9999.000 -9999.000 -9999.000 -9999.000 -9999.000 -9999.000 -9999.000 -9999.000 -9999.000 -9999.000 -9999.000 -9999.000 -9999.000 -9999.000 -9999.000 -9999.000 -9999.000
-9999.000 -9999.000 -9999.000 -9999.000 -9999.000 -9999.000 -9999.000 -9999.000 -9999.000 -9999.000 -9999.000 -9999.000 -9999.000 -9999.000 -9999.000 0.2617990E-02 0.6635705E-02 0.1189417E-01 0.1680810E-01 0.2123202E-01 0.2508367E-01 0.2827366E-01 0.3068167E-01 0.3213955E-01 0.3241673E-01 0.3120640E-01 0.2810938E-01 0.2261434E-01 0.1416769E-01 0.6048759E-02 0.6048759E-02 -9999.000 -9999.000 -9999.000 -9999.000 -9999.000 -9999.000 -9999.000 -9999.000 -9999.000 -9999.000 -9999.000 -9999.000 -9999.000 -9999.000 -9999.000 -9999.000 -9999.000 -9999.000 -9999.000 -9999.000 -9999.000 -9999.000 -9999.000 -9999.000 -9999.000 -9999.000 -9999.000
-9999.000 -9999.000 -9999.000 -9999.000 -9999.000 -9999.000 -9999.000 -9999.000 -9999.000 -9999.000 -9999.000 -9999.000 -9999.000 -9999.000 -9999.000 0.3280944E-02 0.8083407E-02 0.1422755E-01 0.1996612E-01 0.2513618E-01 0.2963910E-01 0.3336791E-01 0.3618154E-01 0.3788621E-01 0.3821884E-01 0.3683010E-01 0.3326511E-01 0.2693792E-01 0.1719605E-01 0.7542814E-02 0.7542814E-02 -9999.000 -9999.000 -9999.000 -9999.000 -9999.000 -9999.000 -9999.000 -9999.000 -9999.000 -9999.000 -9999.000 -9999.000 -9999.000 -9999.000 -9999.000 -9999.000 -9999.000 -9999.000 -9999.000 -9999.000 -9999.000 -9999.000 -9999.000 -9999.000 -9999.000 -9999.000 -9999.000
-9999.000 -9999.000 -9999.000 -9999.000 -9999.000 -9999.000 -9999.000 -9999.000 -9999.000 -9999.000 -9999.000 -9999.000 -9999.000 -9999.000 -9999.000 0.3952663E-02 0.9523076E-02 0.1650929E-01 0.2303495E-01 0.2892744E-01 0.3407598E-01 0.3835867E-01 0.4161545E-01 0.4362596E-01 0.4409010E-01 0.4260779E-01 0.3865301E-01 0.3154100E-01 0.2048150E-01 0.9181550E-02 0.9181550E-02 -9999.000 -9999.000 -9999.000 -9999.000 -9999.000 -9999.000 -9999.000 -9999.000 -9999.000 -9999.000 -9999.000 -9999.000 -9999.000 -9999.000 -9999.000 -9999.000 -9999.000 -9999.000 -9999.000 -9999.000 -9999.000 -9999.000 -9999.000 -9999.000 -9999.000 -9999.000 -9999.000
-9999.000 -9999.000 -9999.000 -9999.000 -9999.000 -9999.000 -9999.000 -9999.000 -9999.000 -9999.000 -9999.000 -9999.000 -9999.000 -9999.000 -9999.000 0.4665509E-02 0.1102064E-01 0.1884014E-01 0.2614865E-01 0.3277144E-01 0.3858934E-01 0.4346815E-01 0.4722853E-01 0.4962149E-01 0.5030452E-01 0.4881531E-01 0.4453889E-01 0.3666215E-01 0.2420698E-01 0.1106147E-01 0.1106147E-01 -9999.000 -9999.000 -9999.000 -9999.000 -9999.000 -9999.000 -9999.000 -9999.000 -9999.000 -9999.000 -9999.000 -9999.000 -9999.000 -9999.000 -9999.000 -9999.000 -9999.000 -9999.000 -9999.000 -9999.000 -9999.000 -9999.000 -9999.000 -9999.000 -9999.000 -9999.000 -9999.000
-9999.000 -9999.000 -9999.000 -9999.000 -9999.000 -9999.000 -9999.000 -9999.000 -9999.000 -9999.000 -9999.000 -9999.000 -9999.000 -9999.000 -9999.000 0.5449102E-02 0.1263712E-01 0.2131278E-01 0.2942951E-01 0.3681942E-01 0.4335818E-01 0.4890080E-01 0.5324942E-01 0.5612334E-01 0.5713066E-01 0.5573399E-01 0.5120703E-01 0.4257043E-01 0.2859207E-01 0.1330307E-01 0.1330307E-01 -9999.000 -9999.000 -9999.000 -9999.000 -9999.000 -9999.000 -9999.000 -9999.000 -9999.000 -9999.000 -9999.000 -9999.000 -9999.000 -9999.000 -9999.000 -9999.000 -9999.000 -9999.000 -9999.000 -9999.000 -9999.000 -9999.000 -9999.000 -9999.000 -9999.000 -9999.000 -9999.000
-9999.000 -9999.000 -9999.000 -9999.000 -9999.000 -9999.000 -9999.000 -9999.000 -9999.000 -9999.000 -9999.000 -9999.000 -9999.000 -9999.000 -9999.000 0.6331245E-02 0.1442927E-01 0.2401433E-01 0.3299418E-01 0.4121692E-01 0.4855707E-01 0.5486137E-01 0.5991280E-01 0.6339677E-01 0.6486370E-01 0.6368589E-01 0.5899791E-01 0.4960565E-01 0.3393099E-01 0.1607342E-01 0.1607342E-01 -9999.000 -9999.000 -9999.000 -9999.000 -9999.000 -9999.000 -9999.000 -9999.000 -9999.000 -9999.000 -9999.000 -9999.000 -9999.000 -9999.000 -9999.000 -9999.000 -9999.000 -9999.000 -9999.000 -9999.000 -9999.000 -9999.000 -9999.000 -9999.000 -9999.000 -9999.000 -9999.000
-9999.000 -9999.000 -9999.000 -9999.000 -9999.000 -9999.000 -9999.000 -9999.000 -9999.000 -9999.000 -9999.000 -9999.000 -9999.000 -9999.000 -9999.000 0.7338634E-02 0.1645286E-01 0.2703293E-01 0.3696305E-01 0.4611791E-01 0.5437542E-01 0.6157663E-01 0.6748691E-01 0.7175428E-01 0.7386368E-01 0.7307934E-01 0.6836195E-01 0.5823770E-01 0.4065304E-01 0.1962474E-01 0.1962474E-01 -9999.000 -9999.000 -9999.000 -9999.000 -9999.000 -9999.000 -9999.000 -9999.000 -9999.000 -9999.000 -9999.000 -9999.000 -9999.000 -9999.000 -9999.000 -9999.000 -9999.000 -9999.000 -9999.000 -9999.000 -9999.000 -9999.000 -9999.000 -9999.000 -9999.000 -9999.000 -9999.000
-9999.000 -9999.000 -9999.000 -9999.000 -9999.000 -9999.000 -9999.000 -9999.000 -9999.000 -9999.000 -9999.000 -9999.000 -9999.000 -9999.000 -9999.000 0.8498675E-02 0.1876775E-01 0.3046704E-01 0.4147507E-01 0.5170417E-01 0.6104179E-01 0.6932768E-01 0.7631171E-01 0.8160327E-01 0.8461380E-01 0.8447893E-01 0.7994340E-01 0.6916665E-01 0.4943179E-01 0.2436520E-01 0.2436520E-01 -9999.000 -9999.000 -9999.000 -9999.000 -9999.000 -9999.000 -9999.000 -9999.000 -9999.000 -9999.000 -9999.000 -9999.000 -9999.000 -9999.000 -9999.000 -9999.000 -9999.000 -9999.000 -9999.000 -9999.000 -9999.000 -9999.000 -9999.000 -9999.000 -9999.000 -9999.000 -9999.000
-9999.000 -9999.000 -9999.000 -9999.000 -9999.000 -9999.000 -9999.000 -9999.000 -9999.000 -9999.000 -9999.000 -9999.000 -9999.000 -9999.000 -9999.000 0.9843355E-02 0.2144594E-01 0.3444038E-01 0.4670960E-01 0.5821587E-01 0.6886386E-01 0.7849942E-01 0.8686176E-01 0.9352338E-01 0.9781592E-01 0.9872645E-01 0.9473255E-01 0.8351105E-01 0.6140440E-01 0.3100643E-01 0.3100643E-01 -9999.000 -9999.000 -9999.000 -9999.000 -9999.000 -9999.000 -9999.000 -9999.000 -9999.000 -9999.000 -9999.000 -9999.000 -9999.000 -9999.000 -9999.000 -9999.000 -9999.000 -9999.000 -9999.000 -9999.000 -9999.000 -9999.000 -9999.000 -9999.000 -9999.000 -9999.000 -9999.000
-9999.000 -9999.000 -9999.000 -9999.000 -9999.000 -9999.000 -9999.000 -9999.000 -9999.000 -9999.000 -9999.000 -9999.000 -9999.000 -9999.000 -9999.000 0.1141671E-01 0.2458886E-01 0.3913145E-01 0.5292953E-01 0.6600831E-01 0.7830144E-01 0.8967221E-01 0.9986053E-01 0.1084100 0.1145737 0.1171747 0.1143692 0.1032014 0.7865837E-01 0.4089980E-01 0.4089980E-01 -9999.000 -9999.000 -9999.000 -9999.000 -9999.000 -9999.000 -9999.000 -9999.000 -9999.000 -9999.000 -9999.000 -9999.000 -9999.000 -9999.000 -9999.000 -9999.000 -9999.000 -9999.000 -9999.000 -9999.000 -9999.000 -9999.000 -9999.000 -9999.000 -9999.000 -9999.000 -9999.000
-9999.000 -9999.000 -9999.000 -9999.000 -9999.000 -9999.000 -9999.000 -9999.000 -9999.000 -9999.000 -9999.000 -9999.000 -9999.000 -9999.000 -9999.000 0.1339672E-01 0.2854332E-01 0.4507403E-01 0.6084057E-01 0.7594993E-01 0.9038708E-01 0.1040592 0.1167352 0.1279587 0.1369306 0.1423229 0.1419399 0.1320260 0.1056043 0.5707208E-01 0.5707208E-01 -9999.000 -9999.000 -9999.000 -9999.000 -9999.000 -9999.000 -9999.000 -9999.000 -9999.000 -9999.000 -9999.000 -9999.000 -9999.000 -9999.000 -9999.000 -9999.000 -9999.000 -9999.000 -9999.000 -9999.000 -9999.000 -9999.000 -9999.000 -9999.000 -9999.000 -9999.000 -9999.000
-9999.000 -9999.000 -9999.000 -9999.000 -9999.000 -9999.000 -9999.000 -9999.000 -9999.000 -9999.000 -9999.000 -9999.000 -9999.000 -9999.000 -9999.000 0.2829146E-01 0.4993838E-01 0.7179755E-01 0.9086392E-01 0.1080150 0.1237778 0.1384568 0.1521186 0.1645294 0.1750362 0.1823333 0.1839840 0.1753513 0.1467439 0.7700735E-01 0.7700735E-01 -9999.000 -9999.000 -9999.000 -9999.000 -9999.000 -9999.000 -9999.000 -9999.000 -9999.000 -9999.000 -9999.000 -9999.000 -9999.000 -9999.000 -9999.000 -9999.000 -9999.000 -9999.000 -9999.000 -9999.000 -9999.000 -9999.000 -9999.000 -9999.000 -9999.000 -9999.000 -9999.000
1.696248 1.696248 1.747203 1.793036 1.801373 1.801373 1.807207 1.814536 1.814536 1.818347 1.818347 1.819921 1.820072 1.773623 1.487943 1.487943 1.253859 1.188999 1.115992 1.036160 0.9515079 0.8647777 0.7793725 0.6992062 0.6285205 0.5718024 0.5341406 0.5228089 0.5525056 0.6439850 0.6439850 1.550628 1.778434 1.840173 1.802820 1.802820 1.683860 1.683860 1.455757 1.455757 1.126474 0.9577255 0.9577255 0.9515101 0.9515101 0.9901667 0.9901667 0.9901667 1.040336 1.040336 1.085320 1.085320 1.123457 1.123457 1.167247 1.167247 1.194194 1.194194
1.705796 1.705796 1.772937 1.827785 1.844027 1.844027 1.857764 1.880835 1.880835 1.900277 1.900277 1.917348 1.925191 1.913367 1.682063 1.682063 1.503341 1.479399 1.446868 1.404597 1.352374 1.290835 1.221503 1.146906 1.070836 0.9988024 0.9387966 0.9028775 0.9114055 1.002690 1.002690 1.567165 1.748915 1.864488 1.879043 1.879043 1.856096 1.856096 1.752758 1.752758 1.562191 1.286269 1.286269 1.289657 1.289657 1.338793 1.338793 1.338793 1.392199 1.392199 1.440732 1.440732 1.469719 1.469719 1.523615 1.523615 1.557185 1.557185
1.707722 1.707722 1.776781 1.828052 1.844382 1.844382 1.858283 1.881756 1.881756 1.901664 1.901664 1.919255 1.927378 1.923488 1.749792 1.749792 1.560118 1.555146 1.545007 1.527913 1.502975 1.469914 1.429135 1.381866 1.330387 1.278443 1.232003 1.200837 1.202392 1.274389 1.274389 1.673200 1.836711 1.974345 2.003677 2.003677 2.004778 2.004778 1.936933 1.936933 1.832972 1.577571 1.577571 1.546324 1.546324 1.585001 1.585001 1.585001 1.632016 1.632016 1.673263 1.673263 1.705670 1.705670 1.744491 1.744491 1.772510 1.772510
1.709342 1.709342 1.779420 1.828132 1.844320 1.844320 1.858195 1.881704 1.881704 1.901657 1.901657 1.919273 1.927404 1.927780 1.809649 1.809649 1.590706 1.593767 1.593313 1.587640 1.576243 1.558993 1.536161 1.508523 1.477569 1.445825 1.417433 1.399303 1.404125 1.462966 1.462966 1.763011 1.903085 2.037830 2.067816 2.067816 2.074418 2.074418 2.028620 2.028620 1.973487 1.785972 1.785972 1.716895 1.716895 1.746109 1.746109 1.746109 1.786320 1.786320 1.822515 1.822515 1.851660 1.851660 1.882898 1.882898 1.907238 1.907238
1.710641 1.710641 1.781219 1.828284 1.844293 1.844293 1.858114 1.881639 1.881639 1.901629 1.901629 1.919262 1.927396 1.930468 1.858710 1.858710 1.618485 1.626904 1.632121 1.632092 1.626925 1.617045 1.603154 1.586225 1.567601 1.549222 1.534020 1.526661 1.535614 1.586539 1.586539 1.821616 1.939886 2.060219 2.084569 2.084569 2.087748 2.087748 2.061718 2.061718 2.037388 1.928331 1.928331 1.845396 1.845396 1.854195 1.854195 1.854195 1.888460 1.888460 1.921079 1.921079 1.947977 1.947977 1.974425 1.974425 1.995851 1.995851
1.711592 1.711592 1.782372 1.828449 1.844295 1.844295 1.858055 1.881584 1.881584 1.901607 1.901607 1.919254 1.927390 1.932176 1.887720 1.887720 1.647099 1.659848 1.670000 1.673932 1.672191 1.665666 1.655570 1.643331 1.630556 1.619112 1.611329 1.610343 1.621022 1.663970 1.663970 1.852081 1.949601 2.046042 2.061810 2.061810 2.064485 2.064485 2.062741 2.062741 2.060157 2.016321 2.016321 1.948647 1.948647 1.934488 1.934488 1.934488 1.960929 1.960929 1.989489 1.989489 2.014124 2.014124 2.036930 2.036930 2.055463 2.055463
1.712173 1.712173 1.783011 1.828570 1.844307 1.844307 1.858020 1.881547 1.881547 1.901590 1.901590 1.919248 1.927386 1.933260 1.907017 1.907017 1.681513 1.695560 1.710193 1.717502 1.718159 1.713250 1.704337 1.693291 1.682131 1.672951 1.667951 1.669332 1.679304 1.712056 1.712056 1.854642 1.931892 1.997722 2.007164 2.007164 2.021441 2.021441 2.047951 2.047951 2.061517 2.063508 2.063508 2.026672 2.026672 1.999438 1.999438 1.999438 2.016311 2.016311 2.039378 2.039378 2.060911 2.060911 2.080138 2.080138 2.095574 2.095574
1.712367 1.712367 1.783216 1.828615 1.844313 1.844313 1.858009 1.881534 1.881534 1.901585 1.901585 1.919247 1.927385 1.933948 1.919694 1.919694 1.728417 1.736419 1.754471 1.764472 1.766907 1.762828 1.753899 1.742236 1.730211 1.720297 1.714935 1.715637 1.719903 1.734211 1.734211 1.833188 1.884862 1.921850 1.933306 1.933306 1.972800 1.972800 2.026412 2.026412 2.051784 2.083797 2.083797 2.078687 2.078687 2.053475 2.053475 2.053475 2.061499 2.061499 2.077847 2.077847 2.094929 2.094929 2.110166 2.110166 2.122281 2.122281
1.712173 1.712173 1.783012 1.828570 1.844306 1.844306 1.858020 1.881547 1.881547 1.901590 1.901590 1.919248 1.927386 1.934384 1.927905 1.927905 1.787638 1.785722 1.803550 1.815437 1.819173 1.815407 1.805766 1.792493 1.778232 1.765798 1.757889 1.754906 1.746549 1.730050 1.730050 1.781979 1.804977 1.831414 1.855091 1.855091 1.926314 1.926314 2.001992 2.001992 2.035886 2.087574 2.087574 2.108025 2.108025 2.096666 2.096666 2.096666 2.099251 2.099251 2.108832 2.108832 2.120352 2.120352 2.130944 2.130944 2.139338 2.139338
1.711592 1.711592 1.782371 1.828448 1.844295 1.844295 1.858054 1.881584 1.881584 1.901606 1.901606 1.919254 1.927390 1.934662 1.933169 1.933169 1.852527 1.845822 1.860059 1.871768 1.875655 1.871432 1.860428 1.844836 1.827432 1.811298 1.799347 1.789608 1.756478 1.690346 1.690346 1.692861 1.695750 1.741722 1.782722 1.782722 1.884186 1.884186 1.976329 1.976329 2.016450 2.081428 2.081428 2.120327 2.120327 2.128057 2.128057 2.128057 2.129683 2.129683 2.133838 2.133838 2.139401 2.139401 2.144723 2.144723 2.148973 2.148973
1.710641 1.710641 1.781219 1.828284 1.844293 1.844293 1.858113 1.881640 1.881640 1.901630 1.901630 1.919262 1.927396 1.934839 1.936510 1.936510 1.919710 1.916791 1.926419 1.935123 1.937090 1.931061 1.917796 1.899194 1.877958 1.857304 1.840192 1.818661 1.734496 1.599367 1.599367 1.571366 1.577713 1.660923 1.713667 1.713667 1.844546 1.844546 1.949201 1.949201 1.994141 2.068624 2.068624 2.120468 2.120468 2.147300 2.147300 2.147300 2.151682 2.151682 2.152560 2.152560 2.152574 2.152574 2.152366 2.152366 2.152235 2.152235
