cruce_test.gid/Rasters/Hydraulic/Velocity__y_29.0.asc
NCOLS        79
NROWS        79
XLLCENTER         -1.500000
YLLCENTER         -4.800000
CELLSIZE           0.100
NODATA_VALUE     -9999.0
[rows 0 to 25 of 79, columns 0 to 58 of 79]
-9999.000 -9999.000 -9999.000 -9999.000 -9999.000 -9999.000 -9999.000 -9999.000 -9999.000 -9999.000 -9999.000 -9999.000 -9999.000 -9999.000 -9999.000 -0.3674824 -0.3673536 -0.3677371 -0.3683817 -0.3691699 -0.3700615 -0.3710290 -0.3720476 -0.3730931 -0.3741430 -0.3751780 -0.3761866 -0.3771674 -0.3780472 -0.3741973 -0.3741973 -9999.000 -9999.000 -9999.000 -9999.000 -9999.000 -9999.000 -9999.000 -9999.000 -9999.000 -9999.000 -9999.000 -9999.000 -9999.000 -9999.000 -9999.000 -9999.000 -9999.000 -9999.000 -9999.000 -9999.000 -9999.000 -9999.000 -9999.000 -9999.000 -9999.000 -9999.000 -9999.000 -9999.000
-9999.000 -9999.000 -9999.000 -9999.000 -9999.000 -9999.000 -9999.000 -9999.000 -9999.000 -9999.000 -9999.000 -9999.000 -9999.000 -9999.000 -9999.000 -0.3598612 -0.3586728 -0.3592521 -0.3602590 -0.3614593 -0.3627891 -0.3642148 -0.3657112 -0.3672571 -0.3688359 -0.3704390 -0.3720706 -0.3737501 -0.3753302 -0.3681325 -0.3681325 -9999.000 -9999.000 -9999.000 -9999.000 -9999.000 -9999.000 -9999.000 -9999.000 -9999.000 -9999.000 -9999.000 -9999.000 -9999.000 -9999.000 -9999.000 -9999.000 -9999.000 -9999.000 -9999.000 -9999.000 -9999.000 -9999.000 -9999.000 -9999.000 -9999.000 -9999.000 -9999.000 -9999.000
-9999.000 -9999.000 -9999.000 -9999.000 -9999.000 -9999.000 -9999.000 -9999.000 -9999.000 -9999.000 -9999.000 -9999.000 -9999.000 -9999.000 -9999.000 -0.3500367 -0.3473645 -0.3483198 -0.3499895 -0.3519667 -0.3541425 -0.3564658 -0.3589024 -0.3614269 -0.3640192 -0.3666682 -0.3693689 -0.3721156 -0.3745682 -0.3633134 -0.3633134 -9999.000 -9999.000 -9999.000 -9999.000 -9999.000 -9999.000 -9999.000 -9999.000 -9999.000 -9999.000 -9999.000 -9999.000 -9999.000 -9999.000 -9999.000 -9999.000 -9999.000 -9999.000 -9999.000 -9999.000 -9999.000 -9999.000 -9999.000 -9999.000 -9999.000 -9999.000 -9999.000 -9999.000
-9999.000 -9999.000 -9999.000 -9999.000 -9999.000 -9999.000 -9999.000 -9999.000 -9999.000 -9999.000 -9999.000 -9999.000 -9999.000 -9999.000 -9999.000 -0.3391182 -0.3345794 -0.3360456 -0.3386005 -0.3416241 -0.3449497 -0.3485006 -0.3522265 -0.3560903 -0.3600603 -0.3641117 -0.3682197 -0.3723409 -0.3759105 -0.3606305 -0.3606305 -9999.000 -9999.000 -9999.000 -9999.000 -9999.000 -9999.000 -9999.000 -9999.000 -9999.000 -9999.000 -9999.000 -9999.000 -9999.000 -9999.000 -9999.000 -9999.000 -9999.000 -9999.000 -9999.000 -9999.000 -9999.000 -9999.000 -9999.000 -9999.000 -9999.000 -9999.000 -9999.000 -9999.000
-9999.000 -9999.000 -9999.000 -9999.000 -9999.000 -9999.000 -9999.000 -9999.000 -9999.000 -9999.000 -9999.000 -9999.000 -9999.000 -9999.000 -9999.000 -0.3270939 -0.3203656 -0.3224683 -0.3261153 -0.3304341 -0.3351907 -0.3402762 -0.3456201 -0.3511679 -0.3568724 -0.3626894 -0.3685682 -0.3744197 -0.3794158 -0.3602497 -0.3602497 -9999.000 -9999.000 -9999.000 -9999.000 -9999.000 -9999.000 -9999.000 -9999.000 -9999.000 -9999.000 -9999.000 -9999.000 -9999.000 -9999.000 -9999.000 -9999.000 -9999.000 -9999.000 -9999.000 -9999.000 -9999.000 -9999.000 -9999.000 -9999.000 -9999.000 -9999.000 -9999.000 -9999.000
-9999.000 -9999.000 -9999.000 -9999.000 -9999.000 -9999.000 -9999.000 -9999.000 -9999.000 -9999.000 -9999.000 -9999.000 -9999.000 -9999.000 -9999.000 -0.3138474 -0.3047184 -0.3075797 -0.3125133 -0.3183618 -0.3248155 -0.3317304 -0.3390120 -0.3465874 -0.3543922 -0.3623610 -0.3704147 -0.3784133 -0.3852248 -0.3624277 -0.3624277 -9999.000 -9999.000 -9999.000 -9999.000 -9999.000 -9999.000 -9999.000 -9999.000 -9999.000 -9999.000 -9999.000 -9999.000 -9999.000 -9999.000 -9999.000 -9999.000 -9999.000 -9999.000 -9999.000 -9999.000 -9999.000 -9999.000 -9999.000 -9999.000 -9999.000 -9999.000 -9999.000 -9999.000
-9999.000 -9999.000 -9999.000 -9999.000 -9999.000 -9999.000 -9999.000 -9999.000 -9999.000 -9999.000 -9999.000 -9999.000 -9999.000 -9999.000 -9999.000 -0.2991526 -0.2875893 -0.2913352 -0.2977386 -0.3053376 -0.3137438 -0.3227760 -0.3323163 -0.3422734 -0.3525667 -0.3631131 -0.3738056 -0.3844508 -0.3935760 -0.3675465 -0.3675465 -9999.000 -9999.000 -9999.000 -9999.000 -9999.000 -9999.000 -9999.000 -9999.000 -9999.000 -9999.000 -9999.000 -9999.000 -9999.000 -9999.000 -9999.000 -9999.000 -9999.000 -9999.000 -9999.000 -9999.000 -9999.000 -9999.000 -9999.000 -9999.000 -9999.000 -9999.000 -9999.000 -9999.000
-9999.000 -9999.000 -9999.000 -9999.000 -9999.000 -9999.000 -9999.000 -9999.000 -9999.000 -9999.000 -9999.000 -9999.000 -9999.000 -9999.000 -9999.000 -0.2826784 -0.2689017 -0.2736694 -0.2817117 -0.2912661 -0.3018673 -0.3132997 -0.3254239 -0.3381341 -0.3513389 -0.3649435 -0.3788211 -0.3927276 -0.4048197 -0.3761466 -0.3761466 -9999.000 -9999.000 -9999.000 -9999.000 -9999.000 -9999.000 -9999.000 -9999.000 -9999.000 -9999.000 -9999.000 -9999.000 -9999.000 -9999.000 -9999.000 -9999.000 -9999.000 -9999.000 -9999.000 -9999.000 -9999.000 -9999.000 -9999.000 -9999.000 -9999.000 -9999.000 -9999.000 -9999.000
-9999.000 -9999.000 -9999.000 -9999.000 -9999.000 -9999.000 -9999.000 -9999.000 -9999.000 -9999.000 -9999.000 -9999.000 -9999.000 -9999.000 -9999.000 -0.2639969 -0.2485614 -0.2545087 -0.2643429 -0.2760354 -0.2890557 -0.3031607 -0.3181958 -0.3340491 -0.3506291 -0.3678435 -0.3855621 -0.4035042 -0.4194409 -0.3889832 -0.3889832 -9999.000 -9999.000 -9999.000 -9999.000 -9999.000 -9999.000 -9999.000 -9999.000 -9999.000 -9999.000 -9999.000 -9999.000 -9999.000 -9999.000 -9999.000 -9999.000 -9999.000 -9999.000 -9999.000 -9999.000 -9999.000 -9999.000 -9999.000 -9999.000 -9999.000 -9999.000 -9999.000 -9999.000
-9999.000 -9999.000 -9999.000 -9999.000 -9999.000 -9999.000 -9999.000 -9999.000 -9999.000 -9999.000 -9999.000 -9999.000 -9999.000 -9999.000 -9999.000 -0.2425922 -0.2264569 -0.2337750 -0.2455361 -0.2595219 -0.2751590 -0.2921889 -0.3104552 -0.3298547 -0.3503159 -0.3717754 -0.3941330 -0.4171085 -0.4381000 -0.4071307 -0.4071307 -9999.000 -9999.000 -9999.000 -9999.000 -9999.000 -9999.000 -9999.000 -9999.000 -9999.000 -9999.000 -9999.000 -9999.000 -9999.000 -9999.000 -9999.000 -9999.000 -9999.000 -9999.000 -9999.000 -9999.000 -9999.000 -9999.000 -9999.000 -9999.000 -9999.000 -9999.000 -9999.000 -9999.000
-9999.000 -9999.000 -9999.000 -9999.000 -9999.000 -9999.000 -9999.000 -9999.000 -9999.000 -9999.000 -9999.000 -9999.000 -9999.000 -9999.000 -9999.000 -0.2178729 -0.2024486 -0.2113744 -0.2251799 -0.2415833 -0.2600006 -0.2801777 -0.3019751 -0.3253240 -0.3502078 -0.3766400 -0.4046146 -0.4339337 -0.4617026 -0.4321911 -0.4321911 -9999.000 -9999.000 -9999.000 -9999.000 -9999.000 -9999.000 -9999.000 -9999.000 -9999.000 -9999.000 -9999.000 -9999.000 -9999.000 -9999.000 -9999.000 -9999.000 -9999.000 -9999.000 -9999.000 -9999.000 -9999.000 -9999.000 -9999.000 -9999.000 -9999.000 -9999.000 -9999.000 -9999.000
-9999.000 -9999.000 -9999.000 -9999.000 -9999.000 -9999.000 -9999.000 -9999.000 -9999.000 -9999.000 -9999.000 -9999.000 -9999.000 -9999.000 -9999.000 -0.1892020 -0.1763518 -0.1871741 -0.2031266 -0.2220386 -0.2433596 -0.2668630 -0.2924533 -0.3201332 -0.3499968 -0.3822169 -0.4170051 -0.4544211 -0.4915091 -0.4667202 -0.4667202 -9999.000 -9999.000 -9999.000 -9999.000 -9999.000 -9999.000 -9999.000 -9999.000 -9999.000 -9999.000 -9999.000 -9999.000 -9999.000 -9999.000 -9999.000 -9999.000 -9999.000 -9999.000 -9999.000 -9999.000 -9999.000 -9999.000 -9999.000 -9999.000 -9999.000 -9999.000 -9999.000 -9999.000
-9999.000 -9999.000 -9999.000 -9999.000 -9999.000 -9999.000 -9999.000 -9999.000 -9999.000 -9999.000 -9999.000 -9999.000 -9999.000 -9999.000 -9999.000 -0.1559543 -0.1479231 -0.1609743 -0.1791609 -0.2006376 -0.2249376 -0.2518879 -0.2814675 -0.3138005 -0.3491716 -0.3880480 -0.4310832 -0.4789682 -0.5292974 -0.5152081 -0.5152081 -9999.000 -9999.000 -9999.000 -9999.000 -9999.000 -9999.000 -9999.000 -9999.000 -9999.000 -9999.000 -9999.000 -9999.000 -9999.000 -9999.000 -9999.000 -9999.000 -9999.000 -9999.000 -9999.000 -9999.000 -9999.000 -9999.000 -9999.000 -9999.000 -9999.000 -9999.000 -9999.000 -9999.000
-9999.000 -9999.000 -9999.000 -9999.000 -9999.000 -9999.000 -9999.000 -9999.000 -9999.000 -9999.000 -9999.000 -9999.000 -9999.000 -9999.000 -9999.000 -0.1175594 -0.1168411 -0.1324743 -0.1529676 -0.1770283 -0.2043232 -0.2347557 -0.2684089 -0.3055822 -0.3468545 -0.3931843 -0.4460550 -0.5075683 -0.5774903 -0.5867314 -0.5867314 -9999.000 -9999.000 -9999.000 -9999.000 -9999.000 -9999.000 -9999.000 -9999.000 -9999.000 -9999.000 -9999.000 -9999.000 -9999.000 -9999.000 -9999.000 -9999.000 -9999.000 -9999.000 -9999.000 -9999.000 -9999.000 -9999.000 -9999.000 -9999.000 -9999.000 -9999.000 -9999.000 -9999.000
-9999.000 -9999.000 -9999.000 -9999.000 -9999.000 -9999.000 -9999.000 -9999.000 -9999.000 -9999.000 -9999.000 -9999.000 -9999.000 -9999.000 -9999.000 -0.7050832E-01 -0.8207070E-01 -0.1013226 -0.1245276 -0.1512857 -0.1815199 -0.2152789 -0.2528052 -0.2946392 -0.3417673 -0.3958835 -0.4598921 -0.5388336 -0.6389619 -0.7038722 -0.7038722 -9999.000 -9999.000 -9999.000 -9999.000 -9999.000 -9999.000 -9999.000 -9999.000 -9999.000 -9999.000 -9999.000 -9999.000 -9999.000 -9999.000 -9999.000 -9999.000 -9999.000 -9999.000 -9999.000 -9999.000 -9999.000 -9999.000 -9999.000 -9999.000 -9999.000 -9999.000 -9999.000 -9999.000
-0.3354893E-02 -0.3354893E-02 -0.3477817E-02 -0.3734246E-02 -0.3937411E-02 -0.3937411E-02 -0.4227227E-02 -0.5215999E-02 -0.5215999E-02 -0.7236359E-02 -0.7236359E-02 -0.1180815E-01 -0.1626525E-01 -0.2350593E-01 -0.3518185E-01 -0.3518185E-01 -0.8442905E-01 -0.1056567 -0.1281068 -0.1528661 -0.1807249 -0.2124032 -0.2486530 -0.2903795 -0.3388551 -0.3961259 -0.4658398 -0.5551445 -0.6779994 -0.8807665 -0.8807665 -0.7652275 -0.6601949 -0.3675800 -0.2168260 -0.2168260 -0.7845706E-02 -0.7845706E-02 0.3158741E-01 0.3158741E-01 -0.3346322E-01 -0.1705500E-02 -0.1705500E-02 0.1862277E-01 0.1862277E-01 0.2111381E-01 0.2111381E-01 0.2111381E-01 0.1775987E-01 0.1775987E-01 0.1451381E-01 0.1451381E-01 0.1138518E-01 0.1138518E-01 0.1096798E-01 0.1096798E-01 0.7924045E-02 0.7924045E-02 0.7924045E-02
-0.5452388E-02 -0.5452388E-02 -0.5434902E-02 -0.5996815E-02 -0.6537788E-02 -0.6537788E-02 -0.7306257E-02 -0.9875970E-02 -0.9875970E-02 -0.1490475E-01 -0.1490475E-01 -0.2517686E-01 -0.3412798E-01 -0.4741413E-01 -0.6700251E-01 -0.6700251E-01 -0.1260370 -0.1496199 -0.1718605 -0.1939619 -0.2171617 -0.2428283 -0.2724195 -0.3074359 -0.3494472 -0.4002400 -0.4621240 -0.5383925 -0.6322604 -0.7429855 -0.7429855 -0.5730411 -0.4361440 -0.2143013 -0.1240493 -0.1240493 0.2694951E-01 0.2694951E-01 0.9754540E-01 0.9754540E-01 0.8109028E-02 0.4629777E-02 0.4629777E-02 0.3691331E-01 0.3691331E-01 0.4210442E-01 0.4210442E-01 0.4210442E-01 0.3562849E-01 0.3562849E-01 0.2911840E-01 0.2911840E-01 0.2300595E-01 0.2300595E-01 0.1740980E-01 0.1740980E-01 0.1514846E-01 0.1514846E-01 0.1514846E-01
-0.5212038E-02 -0.5212038E-02 -0.5434254E-02 -0.6545442E-02 -0.7515744E-02 -0.7515744E-02 -0.8870323E-02 -0.1330630E-01 -0.1330630E-01 -0.2164750E-01 -0.2164750E-01 -0.3726708E-01 -0.4955522E-01 -0.6617869E-01 -0.8834258E-01 -0.8834258E-01 -0.1493279 -0.1779332 -0.2050844 -0.2309666 -0.2560984 -0.2814095 -0.3082227 -0.3381627 -0.3730306 -0.4146831 -0.4649307 -0.5253486 -0.5955421 -0.6652594 -0.6652594 -0.5580156 -0.4544793 -0.2672355 -0.1817444 -0.1817444 -0.1416686E-01 -0.1416686E-01 0.1292008 0.1292008 0.1132102 0.4462003E-01 0.4462003E-01 0.5726066E-01 0.5726066E-01 0.5920973E-01 0.5920973E-01 0.5920973E-01 0.5074980E-01 0.5074980E-01 0.4141988E-01 0.4141988E-01 0.3261693E-01 0.3261693E-01 0.2152502E-01 0.2152502E-01 0.1946536E-01 0.1946536E-01 0.1946536E-01
-0.4950801E-02 -0.4950801E-02 -0.5326726E-02 -0.6878914E-02 -0.8198087E-02 -0.8198087E-02 -0.1002172E-01 -0.1589303E-01 -0.1589303E-01 -0.2659393E-01 -0.2659393E-01 -0.4564299E-01 -0.5988285E-01 -0.7831118E-01 -0.1017087 -0.1017087 -0.1636815 -0.1958024 -0.2273485 -0.2577881 -0.2869397 -0.3150461 -0.3428068 -0.3713465 -0.4021133 -0.4367021 -0.4765846 -0.5226295 -0.5733812 -0.6181308 -0.6181308 -0.5473600 -0.4679048 -0.3038304 -0.2185991 -0.2185991 -0.3668272E-01 -0.3668272E-01 0.1285513 0.1285513 0.1635982 0.1087978 0.1087978 0.8330051E-01 0.8330051E-01 0.7246875E-01 0.7246875E-01 0.7246875E-01 0.6169913E-01 0.6169913E-01 0.4984060E-01 0.4984060E-01 0.3853466E-01 0.3853466E-01 0.2592970E-01 0.2592970E-01 0.2050989E-01 0.2050989E-01 0.2050989E-01
-0.4641091E-02 -0.4641091E-02 -0.5113218E-02 -0.7006495E-02 -0.8595804E-02 -0.8595804E-02 -0.1077575E-01 -0.1769320E-01 -0.1769320E-01 -0.3000649E-01 -0.3000649E-01 -0.5124107E-01 -0.6667769E-01 -0.8622012E-01 -0.1104662 -0.1104662 -0.1737623 -0.2084201 -0.2433406 -0.2776275 -0.3106820 -0.3422493 -0.3724582 -0.4018296 -0.4312224 -0.4616933 -0.4942292 -0.5292319 -0.5650575 -0.5928541 -0.5928541 -0.5424582 -0.4783813 -0.3244583 -0.2344487 -0.2344487 -0.4200345E-01 -0.4200345E-01 0.1196386 0.1196386 0.1690183 0.1619314 0.1619314 0.1161522 0.1161522 0.8565675E-01 0.8565675E-01 0.8565675E-01 0.7031827E-01 0.7031827E-01 0.5552007E-01 0.5552007E-01 0.4179715E-01 0.4179715E-01 0.2788452E-01 0.2788452E-01 0.1961547E-01 0.1961547E-01 0.1961547E-01
-0.4241225E-02 -0.4241225E-02 -0.4766100E-02 -0.6893324E-02 -0.8667300E-02 -0.8667300E-02 -0.1108491E-01 -0.1866839E-01 -0.1866839E-01 -0.3194595E-01 -0.3194595E-01 -0.5443853E-01 -0.7058940E-01 -0.9088825E-01 -0.1159388 -0.1159388 -0.1816523 -0.2186651 -0.2564452 -0.2939143 -0.3302787 -0.3650167 -0.3978891 -0.4289463 -0.4584982 -0.4870149 -0.5149129 -0.5421200 -0.5669450 -0.5824633 -0.5824633 -0.5416437 -0.4840657 -0.3250777 -0.2279551 -0.2279551 -0.3683435E-01 -0.3683435E-01 0.1073432 0.1073432 0.1558329 0.1839206 0.1839206 0.1472960 0.1472960 0.9985954E-01 0.9985954E-01 0.9985954E-01 0.7821966E-01 0.7821966E-01 0.5969974E-01 0.5969974E-01 0.4340237E-01 0.4340237E-01 0.2814463E-01 0.2814463E-01 0.1763454E-01 0.1763454E-01 0.1763454E-01
-0.3720997E-02 -0.3720997E-02 -0.4264210E-02 -0.6517178E-02 -0.8388042E-02 -0.8388042E-02 -0.1092429E-01 -0.1880860E-01 -0.1880860E-01 -0.3246481E-01 -0.3246481E-01 -0.5542792E-01 -0.7190570E-01 -0.9270368E-01 -0.1186191 -0.1186191 -0.1883824 -0.2281693 -0.2688578 -0.3092473 -0.3484732 -0.3859221 -0.4211820 -0.4540165 -0.4843259 -0.5120596 -0.5370488 -0.5586764 -0.5750571 -0.5805076 -0.5805076 -0.5409369 -0.4806711 -0.3048186 -0.2044118 -0.2044118 -0.2955422E-01 -0.2955422E-01 0.9255053E-01 0.9255053E-01 0.1359661 0.1800345 0.1800345 0.1657186 0.1657186 0.1137444 0.1137444 0.1137444 0.8597249E-01 0.8597249E-01 0.6321477E-01 0.6321477E-01 0.4409000E-01 0.4409000E-01 0.2734862E-01 0.2734862E-01 0.1509338E-01 0.1509338E-01 0.1509338E-01
-0.3060351E-02 -0.3060351E-02 -0.3595162E-02 -0.5869099E-02 -0.7751144E-02 -0.7751144E-02 -0.1029101E-01 -0.1813308E-01 -0.1813308E-01 -0.3162998E-01 -0.3162998E-01 -0.5433111E-01 -0.7075456E-01 -0.9177188E-01 -0.1185916 -0.1185916 -0.1946313 -0.2380531 -0.2821406 -0.3255814 -0.3675091 -0.4073336 -0.4446198 -0.4790066 -0.5101237 -0.5374709 -0.5602605 -0.5771779 -0.5858307 -0.5809513 -0.5809513 -0.5344486 -0.4622316 -0.2694982 -0.1741340 -0.1741340 -0.2483449E-01 -0.2483449E-01 0.7664197E-01 0.7664197E-01 0.1144252 0.1624530 0.1624530 0.1673156 0.1673156 0.1237371 0.1237371 0.1237371 0.9264148E-01 0.9264148E-01 0.6622671E-01 0.6622671E-01 0.4432452E-01 0.4432452E-01 0.2603327E-01 0.2603327E-01 0.1242137E-01 0.1242137E-01 0.1242137E-01
-0.2248073E-02 -0.2248073E-02 -0.2754863E-02 -0.4952867E-02 -0.6765070E-02 -0.6765070E-02 -0.9201400E-02 -0.1668523E-01 -0.1668523E-01 -0.2952676E-01 -0.2952676E-01 -0.5124861E-01 -0.6719416E-01 -0.8804442E-01 -0.1156747 -0.1156747 -0.2010856 -0.2493744 -0.2976764 -0.3445896 -0.3893045 -0.4313428 -0.4703569 -0.5059841 -0.5376803 -0.5644912 -0.5848466 -0.5964031 -0.5957943 -0.5774763 -0.5774763 -0.5159255 -0.4256097 -0.2297210 -0.1457518 -0.1457518 -0.2269797E-01 -0.2269797E-01 0.6124023E-01 0.6124023E-01 0.9355259E-01 0.1394310 0.1394310 0.1553615 0.1553615 0.1263571 0.1263571 0.1263571 0.9618097E-01 0.9618097E-01 0.6806283E-01 0.6806283E-01 0.4414769E-01 0.4414769E-01 0.2456337E-01 0.2456337E-01 0.9997624E-02 0.9997624E-02 0.9997624E-02
-0.1280228E-02 -0.1280228E-02 -0.1747515E-02 -0.3783120E-02 -0.5451574E-02 -0.5451574E-02 -0.7686883E-02 -0.1452853E-01 -0.1452853E-01 -0.2626220E-01 -0.2626220E-01 -0.4629476E-01 -0.6127650E-01 -0.8140707E-01 -0.1094747 -0.1094747 -0.2087052 -0.2634519 -0.3170259 -0.3680129 -0.4157422 -0.4599418 -0.5004486 -0.5369934 -0.5688921 -0.5945752 -0.6112548 -0.6149661 -0.6009284 -0.5630592 -0.5630592 -0.4807089 -0.3756991 -0.1935097 -0.1241846 -0.1241846 -0.2115230E-01 -0.2115230E-01 0.4753907E-01 0.4753907E-01 0.7448331E-01 0.1151745 0.1151745 0.1353531 0.1353531 0.1203167 0.1203167 0.1203167 0.9461232E-01 0.9461232E-01 0.6750613E-01 0.6750613E-01 0.4314136E-01 0.4314136E-01 0.2304366E-01 0.2304366E-01 0.8106672E-02 0.8106672E-02 0.8106672E-02
-0.1584316E-03 -0.1584316E-03 -0.5850483E-03 -0.2384153E-02 -0.3843348E-02 -0.3843348E-02 -0.5792069E-02 -0.1174318E-01 -0.1174318E-01 -0.2196596E-01 -0.2196596E-01 -0.3962398E-01 -0.5310830E-01 -0.7178797E-01 -0.9948398E-01 -0.9948398E-01 -0.2190402 -0.2821985 -0.3422804 -0.3980203 -0.4490085 -0.4953076 -0.5370515 -0.5741532 -0.6057491 -0.6292010 -0.6396211 -0.6307867 -0.5971583 -0.5340201 -0.5340201 -0.4293699 -0.3208810 -0.1612962 -0.1060797 -0.1060797 -0.1914383E-01 -0.1914383E-01 0.3577684E-01 0.3577684E-01 0.5739227E-01 0.9138806E-01 0.9138806E-01 0.1114216 0.1114216 0.1064892 0.1064892 0.1064892 0.8693741E-01 0.8693741E-01 0.6333996E-01 0.6333996E-01 0.4057227E-01 0.4057227E-01 0.2128437E-01 0.2128437E-01 0.6861553E-02 0.6861553E-02 0.6861553E-02
