cruce_test.gid/Rasters/Hydraulic/Velocity__y_172.0.asc
NCOLS        79
NROWS        79
XLLCENTER         -1.500000
YLLCENTER         -4.800000
CELLSIZE           0.100
NODATA_VALUE     -9999.0
[rows 0 to 26 of 79, columns 0 to 58 of 79]
-9999.000 -9999.000 -9999.000 -9999.000 -9999.000 -9999.000 -9999.000 -9999.000 -9999.000 -9999.000 -9999.000 -9999.000 -9999.000 -9999.000 -9999.000 -0.9968466E-01 -0.9776451E-01 -0.9725913E-01 -0.9743071E-01 -0.9785134E-01 -0.9835651E-01 -0.9890658E-01 -0.9946136E-01 -0.9994417E-01 -0.1003901 -0.1007935 -0.1011866 -0.1017453 -0.1030501 -0.1042544 -0.1042544 -9999.000 -9999.000 -9999.000 -9999.000 -9999.000 -9999.000 -9999.000 -9999.000 -9999.000 -9999.000 -9999.000 -9999.000 -9999.000 -9999.000 -9999.000 -9999.000 -9999.000 -9999.000 -9999.000 -9999.000 -9999.000 -9999.000 -9999.000 -9999.000 -9999.000 -9999.000 -9999.000 -9999.000
-9999.000 -9999.000 -9999.000 -9999.000 -9999.000 -9999.000 -9999.000 -9999.000 -9999.000 -9999.000 -9999.000 -9999.000 -9999.000 -9999.000 -9999.000 -0.9802613E-01 -0.9406576E-01 -0.9299852E-01 -0.9339768E-01 -0.9436055E-01 -0.9553338E-01 -0.9682493E-01 -0.9814297E-01 -0.9931738E-01 -0.1004178 -0.1014273 -0.1024097 -0.1037314 -0.1066021 -0.1095616 -0.1095616 -9999.000 -9999.000 -9999.000 -9999.000 -9999.000 -9999.000 -9999.000 -9999.000 -9999.000 -9999.000 -9999.000 -9999.000 -9999.000 -9999.000 -9999.000 -9999.000 -9999.000 -9999.000 -9999.000 -9999.000 -9999.000 -9999.000 -9999.000 -9999.000 -9999.000 -9999.000 -9999.000 -9999.000
-9999.000 -9999.000 -9999.000 -9999.000 -9999.000 -9999.000 -9999.000 -9999.000 -9999.000 -9999.000 -9999.000 -9999.000 -9999.000 -9999.000 -9999.000 -0.9492417E-01 -0.8883078E-01 -0.8714674E-01 -0.8788571E-01 -0.8959846E-01 -0.9170694E-01 -0.9405207E-01 -0.9647156E-01 -0.9867702E-01 -0.1007700 -0.1027112 -0.1045930 -0.1069927 -0.1118357 -0.1172954 -0.1172954 -9999.000 -9999.000 -9999.000 -9999.000 -9999.000 -9999.000 -9999.000 -9999.000 -9999.000 -9999.000 -9999.000 -9999.000 -9999.000 -9999.000 -9999.000 -9999.000 -9999.000 -9999.000 -9999.000 -9999.000 -9999.000 -9999.000 -9999.000 -9999.000 -9999.000 -9999.000 -9999.000 -9999.000
-9999.000 -9999.000 -9999.000 -9999.000 -9999.000 -9999.000 -9999.000 -9999.000 -9999.000 -9999.000 -9999.000 -9999.000 -9999.000 -9999.000 -9999.000 -0.9118927E-01 -0.8304378E-01 -0.8075754E-01 -0.8189610E-01 -0.8444192E-01 -0.8758400E-01 -0.9109396E-01 -0.9473562E-01 -0.9809192E-01 -0.1012984 -0.1042858 -0.1071716 -0.1107508 -0.1177000 -0.1261685 -0.1261685 -9999.000 -9999.000 -9999.000 -9999.000 -9999.000 -9999.000 -9999.000 -9999.000 -9999.000 -9999.000 -9999.000 -9999.000 -9999.000 -9999.000 -9999.000 -9999.000 -9999.000 -9999.000 -9999.000 -9999.000 -9999.000 -9999.000 -9999.000 -9999.000 -9999.000 -9999.000 -9999.000 -9999.000
-9999.000 -9999.000 -9999.000 -9999.000 -9999.000 -9999.000 -9999.000 -9999.000 -9999.000 -9999.000 -9999.000 -9999.000 -9999.000 -9999.000 -9999.000 -0.8705387E-01 -0.7689310E-01 -0.7400031E-01 -0.7557609E-01 -0.7900950E-01 -0.8324868E-01 -0.8799516E-01 -0.9293674E-01 -0.9751776E-01 -0.1019134 -0.1060188 -0.1099767 -0.1148116 -0.1239995 -0.1360213 -0.1360213 -9999.000 -9999.000 -9999.000 -9999.000 -9999.000 -9999.000 -9999.000 -9999.000 -9999.000 -9999.000 -9999.000 -9999.000 -9999.000 -9999.000 -9999.000 -9999.000 -9999.000 -9999.000 -9999.000 -9999.000 -9999.000 -9999.000 -9999.000 -9999.000 -9999.000 -9999.000 -9999.000 -9999.000
-9999.000 -9999.000 -9999.000 -9999.000 -9999.000 -9999.000 -9999.000 -9999.000 -9999.000 -9999.000 -9999.000 -9999.000 -9999.000 -9999.000 -9999.000 -0.8261489E-01 -0.7046027E-01 -0.6694864E-01 -0.6899042E-01 -0.7335316E-01 -0.7873625E-01 -0.8477263E-01 -0.9107152E-01 -0.9692825E-01 -0.1025674 -0.1078427 -0.1129245 -0.1190816 -0.1306489 -0.1468520 -0.1468520 -9999.000 -9999.000 -9999.000 -9999.000 -9999.000 -9999.000 -9999.000 -9999.000 -9999.000 -9999.000 -9999.000 -9999.000 -9999.000 -9999.000 -9999.000 -9999.000 -9999.000 -9999.000 -9999.000 -9999.000 -9999.000 -9999.000 -9999.000 -9999.000 -9999.000 -9999.000 -9999.000 -9999.000
-9999.000 -9999.000 -9999.000 -9999.000 -9999.000 -9999.000 -9999.000 -9999.000 -9999.000 -9999.000 -9999.000 -9999.000 -9999.000 -9999.000 -9999.000 -0.7790300E-01 -0.6377377E-01 -0.5962858E-01 -0.6216296E-01 -0.6749246E-01 -0.7405901E-01 -0.8143000E-01 -0.8913443E-01 -0.9630609E-01 -0.1032326 -0.1097195 -0.1159681 -0.1235116 -0.1376157 -0.1587532 -0.1587532 -9999.000 -9999.000 -9999.000 -9999.000 -9999.000 -9999.000 -9999.000 -9999.000 -9999.000 -9999.000 -9999.000 -9999.000 -9999.000 -9999.000 -9999.000 -9999.000 -9999.000 -9999.000 -9999.000 -9999.000 -9999.000 -9999.000 -9999.000 -9999.000 -9999.000 -9999.000 -9999.000 -9999.000
-9999.000 -9999.000 -9999.000 -9999.000 -9999.000 -9999.000 -9999.000 -9999.000 -9999.000 -9999.000 -9999.000 -9999.000 -9999.000 -9999.000 -9999.000 -0.7291448E-01 -0.5683452E-01 -0.5204123E-01 -0.5509635E-01 -0.6142921E-01 -0.6921654E-01 -0.7796378E-01 -0.8711818E-01 -0.9563710E-01 -0.1038895 -0.1116238 -0.1190777 -0.1280723 -0.1448923 -0.1718900 -0.1718900 -9999.000 -9999.000 -9999.000 -9999.000 -9999.000 -9999.000 -9999.000 -9999.000 -9999.000 -9999.000 -9999.000 -9999.000 -9999.000 -9999.000 -9999.000 -9999.000 -9999.000 -9999.000 -9999.000 -9999.000 -9999.000 -9999.000 -9999.000 -9999.000 -9999.000 -9999.000 -9999.000 -9999.000
-9999.000 -9999.000 -9999.000 -9999.000 -9999.000 -9999.000 -9999.000 -9999.000 -9999.000 -9999.000 -9999.000 -9999.000 -9999.000 -9999.000 -9999.000 -0.6762538E-01 -0.4962636E-01 -0.4417191E-01 -0.4777976E-01 -0.5515482E-01 -0.6420021E-01 -0.7436467E-01 -0.8501276E-01 -0.9490664E-01 -0.1045203 -0.1135338 -0.1222277 -0.1327418 -0.1524838 -0.1864990 -0.1864990 -9999.000 -9999.000 -9999.000 -9999.000 -9999.000 -9999.000 -9999.000 -9999.000 -9999.000 -9999.000 -9999.000 -9999.000 -9999.000 -9999.000 -9999.000 -9999.000 -9999.000 -9999.000 -9999.000 -9999.000 -9999.000 -9999.000 -9999.000 -9999.000 -9999.000 -9999.000 -9999.000 -9999.000
-9999.000 -9999.000 -9999.000 -9999.000 -9999.000 -9999.000 -9999.000 -9999.000 -9999.000 -9999.000 -9999.000 -9999.000 -9999.000 -9999.000 -9999.000 -0.6199620E-01 -0.4212015E-01 -0.3599361E-01 -0.4019113E-01 -0.4865017E-01 -0.5899221E-01 -0.7061639E-01 -0.8280251E-01 -0.9409536E-01 -0.1051039 -0.1154253 -0.1253913 -0.1374971 -0.1603997 -0.2029017 -0.2029017 -9999.000 -9999.000 -9999.000 -9999.000 -9999.000 -9999.000 -9999.000 -9999.000 -9999.000 -9999.000 -9999.000 -9999.000 -9999.000 -9999.000 -9999.000 -9999.000 -9999.000 -9999.000 -9999.000 -9999.000 -9999.000 -9999.000 -9999.000 -9999.000 -9999.000 -9999.000 -9999.000 -9999.000
-9999.000 -9999.000 -9999.000 -9999.000 -9999.000 -9999.000 -9999.000 -9999.000 -9999.000 -9999.000 -9999.000 -9999.000 -9999.000 -9999.000 -9999.000 -0.5597378E-01 -0.3427479E-01 -0.2746843E-01 -0.3229719E-01 -0.4188532E-01 -0.5356424E-01 -0.6669252E-01 -0.8046313E-01 -0.9317571E-01 -0.1056122 -0.1172667 -0.1285343 -0.1423096 -0.1686507 -0.2215345 -0.2215345 -9999.000 -9999.000 -9999.000 -9999.000 -9999.000 -9999.000 -9999.000 -9999.000 -9999.000 -9999.000 -9999.000 -9999.000 -9999.000 -9999.000 -9999.000 -9999.000 -9999.000 -9999.000 -9999.000 -9999.000 -9999.000 -9999.000 -9999.000 -9999.000 -9999.000 -9999.000 -9999.000 -9999.000
-9999.000 -9999.000 -9999.000 -9999.000 -9999.000 -9999.000 -9999.000 -9999.000 -9999.000 -9999.000 -9999.000 -9999.000 -9999.000 -9999.000 -9999.000 -0.4949135E-01 -0.2603784E-01 -0.1854759E-01 -0.2405347E-01 -0.3481806E-01 -0.4787529E-01 -0.6255385E-01 -0.7795710E-01 -0.9210602E-01 -0.1060029 -0.1190125 -0.1316073 -0.1471359 -0.1772409 -0.2429950 -0.2429950 -9999.000 -9999.000 -9999.000 -9999.000 -9999.000 -9999.000 -9999.000 -9999.000 -9999.000 -9999.000 -9999.000 -9999.000 -9999.000 -9999.000 -9999.000 -9999.000 -9999.000 -9999.000 -9999.000 -9999.000 -9999.000 -9999.000 -9999.000 -9999.000 -9999.000 -9999.000 -9999.000 -9999.000
-9999.000 -9999.000 -9999.000 -9999.000 -9999.000 -9999.000 -9999.000 -9999.000 -9999.000 -9999.000 -9999.000 -9999.000 -9999.000 -9999.000 -9999.000 -0.4246491E-01 -0.1734352E-01 -0.9170049E-02 -0.1540275E-01 -0.2739201E-01 -0.4186891E-01 -0.5814384E-01 -0.7522900E-01 -0.9082432E-01 -0.1062129 -0.1205937 -0.1345357 -0.1519075 -0.1861576 -0.2681181 -0.2681181 -9999.000 -9999.000 -9999.000 -9999.000 -9999.000 -9999.000 -9999.000 -9999.000 -9999.000 -9999.000 -9999.000 -9999.000 -9999.000 -9999.000 -9999.000 -9999.000 -9999.000 -9999.000 -9999.000 -9999.000 -9999.000 -9999.000 -9999.000 -9999.000 -9999.000 -9999.000 -9999.000 -9999.000
-9999.000 -9999.000 -9999.000 -9999.000 -9999.000 -9999.000 -9999.000 -9999.000 -9999.000 -9999.000 -9999.000 -9999.000 -9999.000 -9999.000 -9999.000 -0.3461545E-01 -0.7994729E-02 0.7847353E-03 -0.6286955E-02 -0.1956333E-01 -0.3550509E-01 -0.5342189E-01 -0.7223298E-01 -0.8926920E-01 -0.1061713 -0.1219244 -0.1372198 -0.1565258 -0.1953685 -0.2981289 -0.2981289 -9999.000 -9999.000 -9999.000 -9999.000 -9999.000 -9999.000 -9999.000 -9999.000 -9999.000 -9999.000 -9999.000 -9999.000 -9999.000 -9999.000 -9999.000 -9999.000 -9999.000 -9999.000 -9999.000 -9999.000 -9999.000 -9999.000 -9999.000 -9999.000 -9999.000 -9999.000 -9999.000 -9999.000
-9999.000 -9999.000 -9999.000 -9999.000 -9999.000 -9999.000 -9999.000 -9999.000 -9999.000 -9999.000 -9999.000 -9999.000 -9999.000 -9999.000 -9999.000 -0.1925334E-02 0.9487271E-02 0.9756257E-02 -0.1935023E-02 -0.1629258E-01 -0.3326655E-01 -0.5228687E-01 -0.7222532E-01 -0.9005959E-01 -0.1079162 -0.1245109 -0.1406982 -0.1616038 -0.2050045 -0.3327046 -0.3327046 -9999.000 -9999.000 -9999.000 -9999.000 -9999.000 -9999.000 -9999.000 -9999.000 -9999.000 -9999.000 -9999.000 -9999.000 -9999.000 -9999.000 -9999.000 -9999.000 -9999.000 -9999.000 -9999.000 -9999.000 -9999.000 -9999.000 -9999.000 -9999.000 -9999.000 -9999.000 -9999.000 -9999.000
-0.3432736E-02 -0.3432736E-02 -0.5823861E-02 -0.6255666E-02 -0.6276356E-02 -0.6276356E-02 -0.6278513E-02 -0.6269385E-02 -0.6269385E-02 -0.6247278E-02 -0.6247278E-02 -0.6214085E-02 -0.6195207E-02 -0.6175046E-02 -0.6154027E-02 -0.6154027E-02 0.1939879E-01 0.1510146E-01 0.2283320E-02 -0.1607252E-01 -0.3910013E-01 -0.6575090E-01 -0.9469242E-01 -0.1239276 -0.1527332 -0.1800448 -0.2053921 -0.2302523 -0.2621115 -0.3359007 -0.3359007 -0.1861556 -0.9993780E-01 -0.3486138E-01 -0.2633494E-01 -0.2633494E-01 -0.2018689E-01 -0.2018689E-01 -0.8920982E-02 -0.8920982E-02 0.1357856E-02 0.2462060E-01 0.2462060E-01 0.1501357E-01 0.1501357E-01 -0.3611034E-02 -0.3611034E-02 -0.3611034E-02 0.1014850E-03 0.1014850E-03 0.9719367E-03 0.9719367E-03 0.1826868E-03 0.1826868E-03 -0.1017094E-02 -0.1017094E-02 -0.2209743E-02 -0.2209743E-02 -0.2209743E-02
-0.4623193E-02 -0.4623193E-02 -0.9121633E-02 -0.8951658E-02 -0.8850439E-02 -0.8850439E-02 -0.8809150E-02 -0.8804790E-02 -0.8804790E-02 -0.8805825E-02 -0.8805825E-02 -0.8786319E-02 -0.8771135E-02 -0.8753174E-02 -0.8732737E-02 -0.8732737E-02 0.1528023E-01 0.1141711E-01 -0.2039282E-02 -0.2508266E-01 -0.5602039E-01 -0.9313807E-01 -0.1347488 -0.1794203 -0.2249756 -0.2698393 -0.3123642 -0.3507726 -0.3829707 -0.4059689 -0.4059689 -0.2753255 -0.1831777 -0.9589533E-01 -0.7880247E-01 -0.7880247E-01 -0.5690313E-01 -0.5690313E-01 -0.1802740E-01 -0.1802740E-01 0.1296769E-01 0.7863340E-01 0.7863340E-01 0.7855509E-01 0.7855509E-01 0.1622056E-01 0.1622056E-01 0.1622056E-01 0.7498335E-02 0.7498335E-02 0.2583175E-02 0.2583175E-02 -0.1641107E-02 -0.1641107E-02 -0.5248869E-02 -0.5248869E-02 -0.8057273E-02 -0.8057273E-02 -0.8057273E-02
-0.2393096E-02 -0.2393096E-02 -0.8664932E-02 -0.7730109E-02 -0.7486033E-02 -0.7486033E-02 -0.7396560E-02 -0.7409415E-02 -0.7409415E-02 -0.7456665E-02 -0.7456665E-02 -0.7474953E-02 -0.7474795E-02 -0.7469773E-02 -0.7460671E-02 -0.7460671E-02 0.8751107E-02 0.4550030E-02 -0.9411147E-02 -0.3308446E-01 -0.6529999E-01 -0.1046587 -0.1497841 -0.1995123 -0.2521734 -0.3062747 -0.3602029 -0.4119872 -0.4588006 -0.4940826 -0.4940826 -0.4090681 -0.3290107 -0.2193666 -0.1843009 -0.1843009 -0.1217991 -0.1217991 -0.2784491E-01 -0.2784491E-01 0.3484093E-01 0.1528502 0.1528502 0.1823884 0.1823884 0.6949633E-01 0.6949633E-01 0.6949633E-01 0.2774772E-01 0.2774772E-01 0.6057731E-02 0.6057731E-02 -0.6520203E-02 -0.6520203E-02 -0.1456006E-01 -0.1456006E-01 -0.1948876E-01 -0.1948876E-01 -0.1948876E-01
-0.1145995E-02 -0.1145995E-02 -0.7437489E-02 -0.6333085E-02 -0.6022272E-02 -0.6022272E-02 -0.5903644E-02 -0.5910195E-02 -0.5910195E-02 -0.5966149E-02 -0.5966149E-02 -0.5990496E-02 -0.5991651E-02 -0.5987565E-02 -0.5979230E-02 -0.5979230E-02 0.2126592E-02 -0.4207204E-02 -0.1984250E-01 -0.4467405E-01 -0.7782897E-01 -0.1181652 -0.1645247 -0.2159237 -0.2711378 -0.3289776 -0.3881628 -0.4470553 -0.5030655 -0.5498288 -0.5498288 -0.5105259 -0.4537323 -0.3469534 -0.2989983 -0.2989983 -0.1868752 -0.1868752 -0.2344102E-01 -0.2344102E-01 0.6796983E-01 0.2147731 0.2147731 0.2598866 0.2598866 0.1294886 0.1294886 0.1294886 0.5533899E-01 0.5533899E-01 0.1229769E-01 0.1229769E-01 -0.1195989E-01 -0.1195989E-01 -0.2589433E-01 -0.2589433E-01 -0.3322814E-01 -0.3322814E-01 -0.3322814E-01
-0.8748669E-03 -0.8748669E-03 -0.5466359E-02 -0.4803665E-02 -0.4528100E-02 -0.4528100E-02 -0.4417256E-02 -0.4420689E-02 -0.4420689E-02 -0.4472123E-02 -0.4472123E-02 -0.4494261E-02 -0.4495484E-02 -0.4492674E-02 -0.4486446E-02 -0.4486446E-02 -0.4644731E-02 -0.1475436E-01 -0.3349819E-01 -0.6065263E-01 -0.9549191E-01 -0.1370862 -0.1844745 -0.2368111 -0.2931536 -0.3525512 -0.4139974 -0.4762221 -0.5371445 -0.5914846 -0.5914846 -0.5865344 -0.5541991 -0.4604194 -0.4001803 -0.4001803 -0.2263368 -0.2263368 0.2539732E-02 0.2539732E-02 0.1076392 0.2530027 0.2530027 0.3000264 0.3000264 0.1805861 0.1805861 0.1805861 0.8588528E-01 0.8588528E-01 0.2254426E-01 0.2254426E-01 -0.1504870E-01 -0.1504870E-01 -0.3620680E-01 -0.3620680E-01 -0.4652379E-01 -0.4652379E-01 -0.4652379E-01
-0.5899639E-03 -0.5899639E-03 -0.3586245E-02 -0.3230775E-02 -0.3025419E-02 -0.3025419E-02 -0.2939485E-02 -0.2940781E-02 -0.2940781E-02 -0.2980042E-02 -0.2980042E-02 -0.2996584E-02 -0.2997669E-02 -0.2995889E-02 -0.2991572E-02 -0.2991572E-02 -0.1201465E-01 -0.2740110E-01 -0.5076335E-01 -0.8158085E-01 -0.1191311 -0.1626328 -0.2113215 -0.2645231 -0.3215370 -0.3816363 -0.4440388 -0.5077619 -0.5711852 -0.6301553 -0.6301553 -0.6487292 -0.6369720 -0.5507875 -0.4693931 -0.4693931 -0.2206832 -0.2206832 0.4149341E-01 0.4149341E-01 0.1402654 0.2639030 0.2639030 0.3073934 0.3073934 0.2148969 0.2148969 0.2148969 0.1148589 0.1148589 0.3640740E-01 0.3640740E-01 -0.1443808E-01 -0.1443808E-01 -0.4380561E-01 -0.4380561E-01 -0.5779993E-01 -0.5779993E-01 -0.5779993E-01
-0.2968442E-03 -0.2968442E-03 -0.1774926E-02 -0.1624416E-02 -0.1514934E-02 -0.1514934E-02 -0.1468036E-02 -0.1468460E-02 -0.1468460E-02 -0.1489687E-02 -0.1489687E-02 -0.1498426E-02 -0.1499159E-02 -0.1498217E-02 -0.1496009E-02 -0.1496009E-02 -0.2069406E-01 -0.4286458E-01 -0.7241511E-01 -0.1083399 -0.1497840 -0.1960359 -0.2465033 -0.3007093 -0.3582018 -0.4185075 -0.4810890 -0.5452332 -0.6097075 -0.6712388 -0.6712388 -0.7049050 -0.7073279 -0.6058863 -0.4853495 -0.4853495 -0.1711327 -0.1711327 0.7451427E-01 0.7451427E-01 0.1540686 0.2514072 0.2514072 0.2915218 0.2915218 0.2300924 0.2300924 0.2300924 0.1377048 0.1377048 0.5197367E-01 0.5197367E-01 -0.9973120E-02 -0.9973120E-02 -0.4772990E-01 -0.4772990E-01 -0.6593934E-01 -0.6593934E-01 -0.6593934E-01
0.1561488E-06 0.1561488E-06 0.1147121E-06 0.8455634E-07 0.1198492E-06 0.1198492E-06 0.4127523E-07 0.2323438E-07 0.2323438E-07 -0.7440550E-07 -0.7440550E-07 0.4873161E-07 0.7477931E-07 -0.4584787E-08 0.9843131E-07 0.9843131E-07 -0.3170634E-01 -0.6234915E-01 -0.9975946E-01 -0.1423013 -0.1888886 -0.2388190 -0.2916459 -0.3470990 -0.4049850 -0.4651119 -0.5272252 -0.5909067 -0.6552665 -0.7175198 -0.7175198 -0.7589923 -0.7653794 -0.6029288 -0.4309937 -0.4309937 -0.1044690 -0.1044690 0.8799426E-01 0.8799426E-01 0.1470754 0.2235242 0.2235242 0.2616650 0.2616650 0.2277898 0.2277898 0.2277898 0.1508974 0.1508974 0.6632310E-01 0.6632310E-01 -0.2546857E-02 -0.2546857E-02 -0.4761572E-01 -0.4761572E-01 -0.7009439E-01 -0.7009439E-01 -0.7009439E-01
0.2969753E-03 0.2969753E-03 0.1775043E-02 0.1624655E-02 0.1514987E-02 0.1514987E-02 0.1468075E-02 0.1468412E-02 0.1468412E-02 0.1489561E-02 0.1489561E-02 0.1498236E-02 0.1499009E-02 0.1498236E-02 0.1496065E-02 0.1496065E-02 -0.4656388E-01 -0.8774410E-01 -0.1348553 -0.1855597 -0.2385123 -0.2930113 -0.3487575 -0.4057008 -0.4639165 -0.5235095 -0.5845350 -0.6468915 -0.7099484 -0.7705805 -0.7705805 -0.8107736 -0.8006575 -0.5187580 -0.3196711 -0.3196711 -0.5244030E-01 -0.5244030E-01 0.8172350E-01 0.8172350E-01 0.1256004 0.1881104 0.1881104 0.2246486 0.2246486 0.2115904 0.2115904 0.2115904 0.1527902 0.1527902 0.7641634E-01 0.7641634E-01 0.6166108E-02 0.6166108E-02 -0.4368231E-01 -0.4368231E-01 -0.6970679E-01 -0.6970679E-01 -0.6970679E-01
0.5900480E-03 0.5900480E-03 0.3586302E-02 0.3231142E-02 0.3025553E-02 0.3025553E-02 0.2939507E-02 0.2940642E-02 0.2940642E-02 0.2979828E-02 0.2979828E-02 0.2996560E-02 0.2997743E-02 0.2995807E-02 0.2991637E-02 0.2991637E-02 -0.6763008E-01 -0.1220101 -0.1808876 -0.2412783 -0.3016664 -0.3614280 -0.4204685 -0.4789972 -0.5373791 -0.5960253 -0.6553102 -0.7154384 -0.7757351 -0.8302610 -0.8302610 -0.8508040 -0.7804083 -0.3685797 -0.2013348 -0.2013348 -0.2728902E-01 -0.2728902E-01 0.6403857E-01 0.6403857E-01 0.9800800E-01 0.1506695 0.1506695 0.1847263 0.1847263 0.1854345 0.1854345 0.1854345 0.1436667 0.1436667 0.7997276E-01 0.7997276E-01 0.1411379E-01 0.1411379E-01 -0.3669244E-01 -0.3669244E-01 -0.6458550E-01 -0.6458550E-01 -0.6458550E-01
0.8748442E-03 0.8748442E-03 0.5466550E-02 0.4803965E-02 0.4528235E-02 0.4528235E-02 0.4417184E-02 0.4420495E-02 0.4420495E-02 0.4471926E-02 0.4471926E-02 0.4494281E-02 0.4495515E-02 0.4492681E-02 0.4486407E-02 0.4486407E-02 -0.9884422E-01 -0.1699112 -0.2428271 -0.3142568 -0.3827897 -0.4480838 -0.5103831 -0.5702391 -0.6283463 -0.6854348 -0.7421952 -0.7990475 -0.8541011 -0.8898154 -0.8898154 -0.8431324 -0.6502340 -0.2182922 -0.1197387 -0.1197387 -0.2121937E-01 -0.2121937E-01 0.4331028E-01 0.4331028E-01 0.7020819E-01 0.1141866 0.1141866 0.1442963 0.1442963 0.1527808 0.1527808 0.1527808 0.1252130 0.1252130 0.7604052E-01 0.7604052E-01 0.1947315E-01 0.1947315E-01 -0.2774670E-01 -0.2774670E-01 -0.5495130E-01 -0.5495130E-01 -0.5495130E-01
0.1145882E-02 0.1145882E-02 0.7437739E-02 0.6333313E-02 0.6022447E-02 0.6022447E-02 0.5903960E-02 0.5909981E-02 0.5909981E-02 0.5965829E-02 0.5965829E-02 0.5990286E-02 0.5991526E-02 0.5987580E-02 0.5979069E-02 0.5979069E-02 -0.1472450 -0.2394582 -0.3286590 -0.4119430 -0.4885780 -0.5588806 -0.6236610 -0.6839401 -0.7408035 -0.7953168 -0.8484752 -0.9005280 -0.9433268 -0.9152772 -0.9152772 -0.7078971 -0.4092427 -0.1218015 -0.7919139E-01 -0.7919139E-01 -0.2185568E-01 -0.2185568E-01 0.2443049E-01 0.2443049E-01 0.4516105E-01 0.8006534E-01 0.8006534E-01 0.1047715 0.1047715 0.1164404 0.1164404 0.1164404 0.9984037E-01 0.9984037E-01 0.6507466E-01 0.6507466E-01 0.2120157E-01 0.2120157E-01 -0.1798065E-01 -0.1798065E-01 -0.4145011E-01 -0.4145011E-01 -0.4145011E-01
