cruce_test.gid/Rasters/Hydraulic/Velocity____92.0.asc
NCOLS        79
NROWS        79
XLLCENTER         -1.500000
YLLCENTER         -4.800000
CELLSIZE           0.100
NODATA_VALUE     -9999.0
[rows 0 to 26 of 79, columns 0 to 59 of 79]
-9999.000 -9999.000 -9999.000 -9999.000 -9999.000 -9999.000 -9999.000 -9999.000 -9999.000 -9999.000 -9999.000 -9999.000 -9999.000 -9999.000 -9999.000 0.1958515 0.1947441 0.1948870 0.1951328 0.1953938 0.1956546 0.1959183 0.1961996 0.1965262 0.1969403 0.1975037 0.1983086 0.1995062 0.2012355 0.1992508 0.1992508 -9999.000 -9999.000 -9999.000 -9999.000 -9999.000 -9999.000 -9999.000 -9999.000 -9999.000 -9999.000 -9999.000 -9999.000 -9999.000 -9999.000 -9999.000 -9999.000 -9999.000 -9999.000 -9999.000 -9999.000 -9999.000 -9999.000 -9999.000 -9999.000 -9999.000 -9999.000 -9999.000 -9999.000 -9999.000
-9999.000 -9999.000 -9999.000 -9999.000 -9999.000 -9999.000 -9999.000 -9999.000 -9999.000 -9999.000 -9999.000 -9999.000 -9999.000 -9999.000 -9999.000 0.1934405 0.1910294 0.1913209 0.1918481 0.1924200 0.1929978 0.1935817 0.1941991 0.1949055 0.1957888 0.1969814 0.1986860 0.2012271 0.2048783 0.2012780 0.2012780 -9999.000 -9999.000 -9999.000 -9999.000 -9999.000 -9999.000 -9999.000 -9999.000 -9999.000 -9999.000 -9999.000 -9999.000 -9999.000 -9999.000 -9999.000 -9999.000 -9999.000 -9999.000 -9999.000 -9999.000 -9999.000 -9999.000 -9999.000 -9999.000 -9999.000 -9999.000 -9999.000 -9999.000 -9999.000
-9999.000 -9999.000 -9999.000 -9999.000 -9999.000 -9999.000 -9999.000 -9999.000 -9999.000 -9999.000 -9999.000 -9999.000 -9999.000 -9999.000 -9999.000 0.1896245 0.1857693 0.1862605 0.1871916 0.1882398 0.1893327 0.1904645 0.1916788 0.1930693 0.1947849 0.1970473 0.2001850 0.2047025 0.2109668 0.2061325 0.2061325 -9999.000 -9999.000 -9999.000 -9999.000 -9999.000 -9999.000 -9999.000 -9999.000 -9999.000 -9999.000 -9999.000 -9999.000 -9999.000 -9999.000 -9999.000 -9999.000 -9999.000 -9999.000 -9999.000 -9999.000 -9999.000 -9999.000 -9999.000 -9999.000 -9999.000 -9999.000 -9999.000 -9999.000 -9999.000
-9999.000 -9999.000 -9999.000 -9999.000 -9999.000 -9999.000 -9999.000 -9999.000 -9999.000 -9999.000 -9999.000 -9999.000 -9999.000 -9999.000 -9999.000 0.1848274 0.1795806 0.1803339 0.1817631 0.1834060 0.1851529 0.1869910 0.1889799 0.1912524 0.1940211 0.1976014 0.2024560 0.2092840 0.2185700 0.2131252 0.2131252 -9999.000 -9999.000 -9999.000 -9999.000 -9999.000 -9999.000 -9999.000 -9999.000 -9999.000 -9999.000 -9999.000 -9999.000 -9999.000 -9999.000 -9999.000 -9999.000 -9999.000 -9999.000 -9999.000 -9999.000 -9999.000 -9999.000 -9999.000 -9999.000 -9999.000 -9999.000 -9999.000 -9999.000 -9999.000
-9999.000 -9999.000 -9999.000 -9999.000 -9999.000 -9999.000 -9999.000 -9999.000 -9999.000 -9999.000 -9999.000 -9999.000 -9999.000 -9999.000 -9999.000 0.1791430 0.1725834 0.1736594 0.1756725 0.1780137 0.1805329 0.1832087 0.1861168 0.1894321 0.1934362 0.1985467 0.2053758 0.2148440 0.2275946 0.2222249 0.2222249 -9999.000 -9999.000 -9999.000 -9999.000 -9999.000 -9999.000 -9999.000 -9999.000 -9999.000 -9999.000 -9999.000 -9999.000 -9999.000 -9999.000 -9999.000 -9999.000 -9999.000 -9999.000 -9999.000 -9999.000 -9999.000 -9999.000 -9999.000 -9999.000 -9999.000 -9999.000 -9999.000 -9999.000 -9999.000
-9999.000 -9999.000 -9999.000 -9999.000 -9999.000 -9999.000 -9999.000 -9999.000 -9999.000 -9999.000 -9999.000 -9999.000 -9999.000 -9999.000 -9999.000 0.1726098 0.1648534 0.1663148 0.1689920 0.1721259 0.1755215 0.1791481 0.1830991 0.1875953 0.1929947 0.1998296 0.2088834 0.2213359 0.2380542 0.2335619 0.2335619 -9999.000 -9999.000 -9999.000 -9999.000 -9999.000 -9999.000 -9999.000 -9999.000 -9999.000 -9999.000 -9999.000 -9999.000 -9999.000 -9999.000 -9999.000 -9999.000 -9999.000 -9999.000 -9999.000 -9999.000 -9999.000 -9999.000 -9999.000 -9999.000 -9999.000 -9999.000 -9999.000 -9999.000 -9999.000
-9999.000 -9999.000 -9999.000 -9999.000 -9999.000 -9999.000 -9999.000 -9999.000 -9999.000 -9999.000 -9999.000 -9999.000 -9999.000 -9999.000 -9999.000 0.1652172 0.1564293 0.1583462 0.1617682 0.1657848 0.1701541 0.1748345 0.1799397 0.1857408 0.1926823 0.2014272 0.2129595 0.2287698 0.2500457 0.2474146 0.2474146 -9999.000 -9999.000 -9999.000 -9999.000 -9999.000 -9999.000 -9999.000 -9999.000 -9999.000 -9999.000 -9999.000 -9999.000 -9999.000 -9999.000 -9999.000 -9999.000 -9999.000 -9999.000 -9999.000 -9999.000 -9999.000 -9999.000 -9999.000 -9999.000 -9999.000 -9999.000 -9999.000 -9999.000 -9999.000
-9999.000 -9999.000 -9999.000 -9999.000 -9999.000 -9999.000 -9999.000 -9999.000 -9999.000 -9999.000 -9999.000 -9999.000 -9999.000 -9999.000 -9999.000 0.1569126 0.1473204 0.1497770 0.1540303 0.1590227 0.1644622 0.1702958 0.1766597 0.1838822 0.1925051 0.2033429 0.2176179 0.2372018 0.2637433 0.2642322 0.2642322 -9999.000 -9999.000 -9999.000 -9999.000 -9999.000 -9999.000 -9999.000 -9999.000 -9999.000 -9999.000 -9999.000 -9999.000 -9999.000 -9999.000 -9999.000 -9999.000 -9999.000 -9999.000 -9999.000 -9999.000 -9999.000 -9999.000 -9999.000 -9999.000 -9999.000 -9999.000 -9999.000 -9999.000 -9999.000
-9999.000 -9999.000 -9999.000 -9999.000 -9999.000 -9999.000 -9999.000 -9999.000 -9999.000 -9999.000 -9999.000 -9999.000 -9999.000 -9999.000 -9999.000 0.1476071 0.1375127 0.1406150 0.1458000 0.1518714 0.1584833 0.1655715 0.1732979 0.1820551 0.1924952 0.2056097 0.2229067 0.2467346 0.2794052 0.2846917 0.2846917 -9999.000 -9999.000 -9999.000 -9999.000 -9999.000 -9999.000 -9999.000 -9999.000 -9999.000 -9999.000 -9999.000 -9999.000 -9999.000 -9999.000 -9999.000 -9999.000 -9999.000 -9999.000 -9999.000 -9999.000 -9999.000 -9999.000 -9999.000 -9999.000 -9999.000 -9999.000 -9999.000 -9999.000 -9999.000
-9999.000 -9999.000 -9999.000 -9999.000 -9999.000 -9999.000 -9999.000 -9999.000 -9999.000 -9999.000 -9999.000 -9999.000 -9999.000 -9999.000 -9999.000 0.1371780 0.1269735 0.1308616 0.1371038 0.1443760 0.1522768 0.1607296 0.1699267 0.1803331 0.1927254 0.2083014 0.2289169 0.2575237 0.2973909 0.3098058 0.3098058 -9999.000 -9999.000 -9999.000 -9999.000 -9999.000 -9999.000 -9999.000 -9999.000 -9999.000 -9999.000 -9999.000 -9999.000 -9999.000 -9999.000 -9999.000 -9999.000 -9999.000 -9999.000 -9999.000 -9999.000 -9999.000 -9999.000 -9999.000 -9999.000 -9999.000 -9999.000 -9999.000 -9999.000 -9999.000
-9999.000 -9999.000 -9999.000 -9999.000 -9999.000 -9999.000 -9999.000 -9999.000 -9999.000 -9999.000 -9999.000 -9999.000 -9999.000 -9999.000 -9999.000 0.1254693 0.1156563 0.1205234 0.1279900 0.1366190 0.1459499 0.1558966 0.1666859 0.1788630 0.1933438 0.2115652 0.2358070 0.2697976 0.3181919 0.3411207 0.3411207 -9999.000 -9999.000 -9999.000 -9999.000 -9999.000 -9999.000 -9999.000 -9999.000 -9999.000 -9999.000 -9999.000 -9999.000 -9999.000 -9999.000 -9999.000 -9999.000 -9999.000 -9999.000 -9999.000 -9999.000 -9999.000 -9999.000 -9999.000 -9999.000 -9999.000 -9999.000 -9999.000 -9999.000 -9999.000
-9999.000 -9999.000 -9999.000 -9999.000 -9999.000 -9999.000 -9999.000 -9999.000 -9999.000 -9999.000 -9999.000 -9999.000 -9999.000 -9999.000 -9999.000 0.1122878 0.1035069 0.1096333 0.1185635 0.1287625 0.1397104 0.1513159 0.1638467 0.1779345 0.1946466 0.2156918 0.2438650 0.2839032 0.3424834 0.3810977 0.3810977 -9999.000 -9999.000 -9999.000 -9999.000 -9999.000 -9999.000 -9999.000 -9999.000 -9999.000 -9999.000 -9999.000 -9999.000 -9999.000 -9999.000 -9999.000 -9999.000 -9999.000 -9999.000 -9999.000 -9999.000 -9999.000 -9999.000 -9999.000 -9999.000 -9999.000 -9999.000 -9999.000 -9999.000 -9999.000
-9999.000 -9999.000 -9999.000 -9999.000 -9999.000 -9999.000 -9999.000 -9999.000 -9999.000 -9999.000 -9999.000 -9999.000 -9999.000 -9999.000 -9999.000 0.9739657E-01 0.9048666E-01 0.9830430E-01 0.1090613 0.1211409 0.1339722 0.1474697 0.1619507 0.1781355 0.1972454 0.2212853 0.2536623 0.3004238 0.3712209 0.4339042 0.4339042 -9999.000 -9999.000 -9999.000 -9999.000 -9999.000 -9999.000 -9999.000 -9999.000 -9999.000 -9999.000 -9999.000 -9999.000 -9999.000 -9999.000 -9999.000 -9999.000 -9999.000 -9999.000 -9999.000 -9999.000 -9999.000 -9999.000 -9999.000 -9999.000 -9999.000 -9999.000 -9999.000 -9999.000 -9999.000
-9999.000 -9999.000 -9999.000 -9999.000 -9999.000 -9999.000 -9999.000 -9999.000 -9999.000 -9999.000 -9999.000 -9999.000 -9999.000 -9999.000 -9999.000 0.8046070E-01 0.7666995E-01 0.8696368E-01 0.1001744 0.1146370 0.1297671 0.1455191 0.1622753 0.1808415 0.2025778 0.2297799 0.2665393 0.3205673 0.4058913 0.5073131 0.5073131 -9999.000 -9999.000 -9999.000 -9999.000 -9999.000 -9999.000 -9999.000 -9999.000 -9999.000 -9999.000 -9999.000 -9999.000 -9999.000 -9999.000 -9999.000 -9999.000 -9999.000 -9999.000 -9999.000 -9999.000 -9999.000 -9999.000 -9999.000 -9999.000 -9999.000 -9999.000 -9999.000 -9999.000 -9999.000
-9999.000 -9999.000 -9999.000 -9999.000 -9999.000 -9999.000 -9999.000 -9999.000 -9999.000 -9999.000 -9999.000 -9999.000 -9999.000 -9999.000 -9999.000 0.5961853E-01 0.7043471E-01 0.8974786E-01 0.1086864 0.1267329 0.1440778 0.1611928 0.1788031 0.1979652 0.2202909 0.2484812 0.2875194 0.3473604 0.4485499 0.6156348 0.6156348 -9999.000 -9999.000 -9999.000 -9999.000 -9999.000 -9999.000 -9999.000 -9999.000 -9999.000 -9999.000 -9999.000 -9999.000 -9999.000 -9999.000 -9999.000 -9999.000 -9999.000 -9999.000 -9999.000 -9999.000 -9999.000 -9999.000 -9999.000 -9999.000 -9999.000 -9999.000 -9999.000 -9999.000 -9999.000
1.785442 1.785442 1.848759 1.879976 1.887946 1.887946 1.893761 1.901334 1.901334 1.905208 1.905208 1.906538 1.906487 1.906052 1.714881 1.714881 1.393186 1.332010 1.261822 1.183309 1.098069 1.008570 0.9181893 0.8313175 0.7535204 0.6919439 0.6563713 0.6618904 0.7353866 0.9428532 0.9428532 1.655485 1.835414 1.865967 1.828495 1.828495 1.721476 1.721476 1.459646 1.459646 1.173062 1.001101 1.001101 0.9911393 0.9911393 1.031284 1.031284 1.031284 1.082901 1.082901 1.129719 1.129719 1.169475 1.169475 1.212953 1.212953 1.239486 1.239486 1.239486 1.257296
1.801024 1.801024 1.870076 1.916367 1.932330 1.932330 1.946225 1.970006 1.970006 1.990007 1.990007 2.007333 2.015226 2.022703 1.930333 1.930333 1.649055 1.631320 1.605948 1.570793 1.525265 1.469560 1.404762 1.333020 1.257904 1.185069 1.123426 1.087275 1.100654 1.209105 1.209105 1.695476 1.852851 1.957213 1.970826 1.970826 1.947506 1.947506 1.830946 1.830946 1.643051 1.376110 1.376110 1.375872 1.375872 1.425399 1.425399 1.425399 1.479056 1.479056 1.528522 1.528522 1.558992 1.558992 1.611968 1.611968 1.644923 1.644923 1.644923 1.670272
1.804718 1.804718 1.871578 1.916866 1.932808 1.932808 1.946806 1.970959 1.970959 1.991427 1.991427 2.009284 2.017468 2.025251 1.974451 1.974451 1.699457 1.700804 1.698976 1.690441 1.674292 1.650029 1.617706 1.578155 1.533276 1.486487 1.443519 1.413994 1.415038 1.484138 1.484138 1.835975 1.977760 2.100981 2.127302 2.127302 2.125905 2.125905 2.052608 2.052608 1.945527 1.700275 1.700275 1.665864 1.665864 1.704000 1.704000 1.704000 1.749836 1.749836 1.791062 1.791062 1.823762 1.823762 1.861636 1.861636 1.888899 1.888899 1.888899 1.909241
1.807608 1.807608 1.872814 1.917059 1.932842 1.932842 1.946782 1.970941 1.970941 1.991435 1.991435 2.009306 2.017496 2.025285 1.995596 1.995596 1.725841 1.733755 1.742410 1.745892 1.743848 1.736167 1.722960 1.704748 1.682689 1.658908 1.637020 1.623117 1.628208 1.681105 1.681105 1.946763 2.065583 2.180394 2.204655 2.204655 2.206034 2.206034 2.158535 2.158535 2.099895 1.912799 1.912799 1.843369 1.843369 1.871707 1.871707 1.871707 1.911136 1.911136 1.947361 1.947361 1.976822 1.976822 2.007528 2.007528 2.031337 2.031337 2.031337 2.048775
1.809777 1.809777 1.873817 1.917221 1.932861 1.932861 1.946749 1.970911 1.970911 1.991425 1.991425 2.009300 2.017488 2.025276 2.009093 2.009093 1.755372 1.763255 1.778172 1.788034 1.792824 1.792975 1.789113 1.782082 1.773044 1.763644 1.756328 1.754884 1.765742 1.811194 1.811194 2.017705 2.115542 2.209932 2.225156 2.225156 2.219778 2.219778 2.193913 2.193913 2.168119 2.054185 2.054185 1.970043 1.970043 1.978109 1.978109 1.978109 2.012012 2.012012 2.044839 2.044839 2.072177 2.072177 2.098526 2.098526 2.119586 2.119586 2.119586 2.134881
1.811287 1.811287 1.874557 1.917349 1.932875 1.932875 1.946720 1.970886 1.970886 1.991418 1.991418 2.009296 2.017483 2.025271 2.017755 2.017755 1.796566 1.795467 1.815018 1.829596 1.838741 1.843081 1.843626 1.841658 1.838694 1.836469 1.837037 1.842964 1.858535 1.898713 1.898713 2.053029 2.132170 2.195521 2.198956 2.198956 2.191055 2.191055 2.190777 2.190777 2.188629 2.140595 2.140595 2.069166 2.069166 2.054062 2.054062 2.054062 2.080479 2.080479 2.109422 2.109422 2.134651 2.134651 2.157541 2.157541 2.175833 2.175833 2.175833 2.189034
1.812177 1.812177 1.875011 1.917430 1.932883 1.932883 1.946702 1.970870 1.970870 1.991414 1.991414 2.009294 2.017481 2.025267 2.023271 2.023271 1.849373 1.833307 1.855311 1.873624 1.886196 1.893459 1.896485 1.896764 1.896099 1.896514 1.900217 1.909456 1.925785 1.955365 1.955365 2.062721 2.117366 2.140746 2.136331 2.136331 2.140755 2.140755 2.169787 2.169787 2.184897 2.185489 2.185489 2.143951 2.143951 2.114608 2.114608 2.114608 2.131632 2.131632 2.155214 2.155214 2.177331 2.177331 2.196724 2.196724 2.212050 2.212050 2.212050 2.223031
1.812471 1.812471 1.875165 1.917458 1.932886 1.932886 1.946695 1.970864 1.970864 1.991413 1.991413 2.009293 2.017480 2.025265 2.026764 2.026764 1.905696 1.881544 1.900708 1.921551 1.937083 1.946779 1.951500 1.952762 1.952542 1.953128 1.956961 1.966019 1.978236 1.988596 1.988596 2.046007 2.065988 2.053578 2.052573 2.052573 2.085091 2.085091 2.141936 2.141936 2.169325 2.202304 2.202304 2.193600 2.193600 2.164935 2.164935 2.164935 2.172985 2.172985 2.189906 2.189906 2.207529 2.207529 2.223001 2.223001 2.235091 2.235091 2.235091 2.243732
1.812177 1.812177 1.875012 1.917430 1.932883 1.932883 1.946702 1.970871 1.970871 1.991414 1.991414 2.009293 2.017480 2.025266 2.028968 2.028968 1.961257 1.939532 1.954040 1.975289 1.992749 2.004298 2.010237 2.011885 2.011210 2.010637 2.012806 2.019188 2.021116 1.996243 1.996243 1.991324 1.972006 1.950514 1.965203 1.965203 2.032619 2.032619 2.111835 2.111835 2.147852 2.201875 2.201875 2.220609 2.220609 2.205254 2.205254 2.205254 2.207434 2.207434 2.217487 2.217487 2.229518 2.229518 2.240366 2.240366 2.248812 2.248812 2.248812 2.254971
1.811288 1.811288 1.874558 1.917349 1.932875 1.932875 1.946721 1.970887 1.970887 1.991419 1.991419 2.009296 2.017484 2.025271 2.030355 2.030355 2.015007 2.005179 2.017178 2.036912 2.054653 2.067028 2.073553 2.075120 2.073492 2.071058 2.070538 2.072022 2.052137 1.962878 1.962878 1.885063 1.841736 1.850118 1.885617 1.885617 1.985577 1.985577 2.081320 2.081320 2.123505 2.191427 2.191427 2.230231 2.230231 2.234426 2.234426 2.234426 2.235112 2.235112 2.239430 2.239430 2.245376 2.245376 2.250942 2.250942 2.255345 2.255345 2.255345 2.258935
1.809778 1.809778 1.873817 1.917222 1.932861 1.932861 1.946749 1.970912 1.970912 1.991425 1.991425 2.009299 2.017489 2.025276 2.031222 2.031222 2.069030 2.076836 2.090649 2.108305 2.124519 2.136170 2.142232 2.143067 2.140039 2.135318 2.131486 2.124551 2.055361 1.858739 1.858739 1.734409 1.703833 1.761160 1.811237 1.811237 1.941869 1.941869 2.050098 2.050098 2.096978 2.174542 2.174542 2.227318 2.227318 2.251630 2.251630 2.251630 2.254664 2.254664 2.255243 2.255243 2.255382 2.255382 2.255374 2.255374 2.255537 2.255537 2.255537 2.256608
1.807608 1.807608 1.872814 1.917059 1.932842 1.932842 1.946783 1.970941 1.970941 1.991436 1.991436 2.009306 2.017496 2.025285 2.031759 2.031759 2.128172 2.155088 2.174425 2.190717 2.204014 2.213116 2.217205 2.216285 2.211244 2.203853 2.196168 2.170990 1.977703 1.677923 1.677923 1.571202 1.574373 1.684137 1.752962 1.752962 1.901386 1.901386 2.019908 2.019908 2.070319 2.154411 2.154411 2.216464 2.216464 2.257806 2.257806 2.257806 2.265296 2.265296 2.264184 2.264184 2.259443 2.259443 2.254109 2.254109 2.250179 2.250179 2.250179 2.248958
