cruce_test.gid/Rasters/Hydraulic/Velocity__y_60.0.asc
NCOLS        79
NROWS        79
XLLCENTER         -1.500000
YLLCENTER         -4.800000
CELLSIZE           0.100
NODATA_VALUE     -9999.0
[rows 0 to 25 of 79, columns 0 to 58 of 79]
-9999.000 -9999.000 -9999.000 -9999.000 -9999.000 -9999.000 -9999.000 -9999.000 -9999.000 -9999.000 -9999.000 -9999.000 -9999.000 -9999.000 -9999.000 -0.2454123 -0.2443200 -0.2445177 -0.2448339 -0.2451821 -0.2455619 -0.2459859 -0.2464688 -0.2470276 -0.2476841 -0.2484690 -0.2494290 -0.2506337 -0.2520488 -0.2490404 -0.2490404 -9999.000 -9999.000 -9999.000 -9999.000 -9999.000 -9999.000 -9999.000 -9999.000 -9999.000 -9999.000 -9999.000 -9999.000 -9999.000 -9999.000 -9999.000 -9999.000 -9999.000 -9999.000 -9999.000 -9999.000 -9999.000 -9999.000 -9999.000 -9999.000 -9999.000 -9999.000 -9999.000 -9999.000
-9999.000 -9999.000 -9999.000 -9999.000 -9999.000 -9999.000 -9999.000 -9999.000 -9999.000 -9999.000 -9999.000 -9999.000 -9999.000 -9999.000 -9999.000 -0.2417895 -0.2392467 -0.2395876 -0.2401654 -0.2407961 -0.2414789 -0.2422439 -0.2431286 -0.2441780 -0.2454460 -0.2470037 -0.2489501 -0.2514199 -0.2543118 -0.2485701 -0.2485701 -9999.000 -9999.000 -9999.000 -9999.000 -9999.000 -9999.000 -9999.000 -9999.000 -9999.000 -9999.000 -9999.000 -9999.000 -9999.000 -9999.000 -9999.000 -9999.000 -9999.000 -9999.000 -9999.000 -9999.000 -9999.000 -9999.000 -9999.000 -9999.000 -9999.000 -9999.000 -9999.000 -9999.000
-9999.000 -9999.000 -9999.000 -9999.000 -9999.000 -9999.000 -9999.000 -9999.000 -9999.000 -9999.000 -9999.000 -9999.000 -9999.000 -9999.000 -9999.000 -0.2364527 -0.2321994 -0.2327376 -0.2337200 -0.2348317 -0.2360645 -0.2374675 -0.2391069 -0.2410603 -0.2434182 -0.2462910 -0.2498185 -0.2541710 -0.2590890 -0.2505778 -0.2505778 -9999.000 -9999.000 -9999.000 -9999.000 -9999.000 -9999.000 -9999.000 -9999.000 -9999.000 -9999.000 -9999.000 -9999.000 -9999.000 -9999.000 -9999.000 -9999.000 -9999.000 -9999.000 -9999.000 -9999.000 -9999.000 -9999.000 -9999.000 -9999.000 -9999.000 -9999.000 -9999.000 -9999.000
-9999.000 -9999.000 -9999.000 -9999.000 -9999.000 -9999.000 -9999.000 -9999.000 -9999.000 -9999.000 -9999.000 -9999.000 -9999.000 -9999.000 -9999.000 -0.2299510 -0.2239580 -0.2247574 -0.2262500 -0.2279804 -0.2299349 -0.2321824 -0.2348182 -0.2379535 -0.2417136 -0.2462458 -0.2517277 -0.2583641 -0.2657256 -0.2549081 -0.2549081 -9999.000 -9999.000 -9999.000 -9999.000 -9999.000 -9999.000 -9999.000 -9999.000 -9999.000 -9999.000 -9999.000 -9999.000 -9999.000 -9999.000 -9999.000 -9999.000 -9999.000 -9999.000 -9999.000 -9999.000 -9999.000 -9999.000 -9999.000 -9999.000 -9999.000 -9999.000 -9999.000 -9999.000
-9999.000 -9999.000 -9999.000 -9999.000 -9999.000 -9999.000 -9999.000 -9999.000 -9999.000 -9999.000 -9999.000 -9999.000 -9999.000 -9999.000 -9999.000 -0.2223223 -0.2146267 -0.2157499 -0.2178466 -0.2203152 -0.2231368 -0.2264039 -0.2302437 -0.2348031 -0.2402463 -0.2467604 -0.2545666 -0.2639112 -0.2741908 -0.2616116 -0.2616116 -9999.000 -9999.000 -9999.000 -9999.000 -9999.000 -9999.000 -9999.000 -9999.000 -9999.000 -9999.000 -9999.000 -9999.000 -9999.000 -9999.000 -9999.000 -9999.000 -9999.000 -9999.000 -9999.000 -9999.000 -9999.000 -9999.000 -9999.000 -9999.000 -9999.000 -9999.000 -9999.000 -9999.000
-9999.000 -9999.000 -9999.000 -9999.000 -9999.000 -9999.000 -9999.000 -9999.000 -9999.000 -9999.000 -9999.000 -9999.000 -9999.000 -9999.000 -9999.000 -0.2135491 -0.2042690 -0.2057779 -0.2085586 -0.2118647 -0.2156756 -0.2201113 -0.2253363 -0.2315397 -0.2389314 -0.2477484 -0.2582667 -0.2707897 -0.2845490 -0.2708700 -0.2708700 -9999.000 -9999.000 -9999.000 -9999.000 -9999.000 -9999.000 -9999.000 -9999.000 -9999.000 -9999.000 -9999.000 -9999.000 -9999.000 -9999.000 -9999.000 -9999.000 -9999.000 -9999.000 -9999.000 -9999.000 -9999.000 -9999.000 -9999.000 -9999.000 -9999.000 -9999.000 -9999.000 -9999.000
-9999.000 -9999.000 -9999.000 -9999.000 -9999.000 -9999.000 -9999.000 -9999.000 -9999.000 -9999.000 -9999.000 -9999.000 -9999.000 -9999.000 -9999.000 -0.2035549 -0.1929083 -0.1948670 -0.1983987 -0.2026231 -0.2075240 -0.2132553 -0.2200273 -0.2280803 -0.2376820 -0.2491343 -0.2627880 -0.2790303 -0.2969546 -0.2830060 -0.2830060 -9999.000 -9999.000 -9999.000 -9999.000 -9999.000 -9999.000 -9999.000 -9999.000 -9999.000 -9999.000 -9999.000 -9999.000 -9999.000 -9999.000 -9999.000 -9999.000 -9999.000 -9999.000 -9999.000 -9999.000 -9999.000 -9999.000 -9999.000 -9999.000 -9999.000 -9999.000 -9999.000 -9999.000
-9999.000 -9999.000 -9999.000 -9999.000 -9999.000 -9999.000 -9999.000 -9999.000 -9999.000 -9999.000 -9999.000 -9999.000 -9999.000 -9999.000 -9999.000 -0.1922067 -0.1805310 -0.1830096 -0.1873474 -0.1925531 -0.1986249 -0.2057597 -0.2142240 -0.2243232 -0.2363992 -0.2508416 -0.2681066 -0.2887070 -0.3116546 -0.2985159 -0.2985159 -9999.000 -9999.000 -9999.000 -9999.000 -9999.000 -9999.000 -9999.000 -9999.000 -9999.000 -9999.000 -9999.000 -9999.000 -9999.000 -9999.000 -9999.000 -9999.000 -9999.000 -9999.000 -9999.000 -9999.000 -9999.000 -9999.000 -9999.000 -9999.000 -9999.000 -9999.000 -9999.000 -9999.000
-9999.000 -9999.000 -9999.000 -9999.000 -9999.000 -9999.000 -9999.000 -9999.000 -9999.000 -9999.000 -9999.000 -9999.000 -9999.000 -9999.000 -9999.000 -0.1793206 -0.1670900 -0.1701678 -0.1753551 -0.1815878 -0.1888914 -0.1975180 -0.2078044 -0.2201381 -0.2349596 -0.2527775 -0.2741994 -0.2999294 -0.3289987 -0.3181328 -0.3181328 -9999.000 -9999.000 -9999.000 -9999.000 -9999.000 -9999.000 -9999.000 -9999.000 -9999.000 -9999.000 -9999.000 -9999.000 -9999.000 -9999.000 -9999.000 -9999.000 -9999.000 -9999.000 -9999.000 -9999.000 -9999.000 -9999.000 -9999.000 -9999.000 -9999.000 -9999.000 -9999.000 -9999.000
-9999.000 -9999.000 -9999.000 -9999.000 -9999.000 -9999.000 -9999.000 -9999.000 -9999.000 -9999.000 -9999.000 -9999.000 -9999.000 -9999.000 -9999.000 -0.1646671 -0.1525047 -0.1562722 -0.1623405 -0.1696267 -0.1782011 -0.1883859 -0.2006052 -0.2153523 -0.2331963 -0.2548113 -0.2810227 -0.3128296 -0.3494591 -0.3429445 -0.3429445 -9999.000 -9999.000 -9999.000 -9999.000 -9999.000 -9999.000 -9999.000 -9999.000 -9999.000 -9999.000 -9999.000 -9999.000 -9999.000 -9999.000 -9999.000 -9999.000 -9999.000 -9999.000 -9999.000 -9999.000 -9999.000 -9999.000 -9999.000 -9999.000 -9999.000 -9999.000 -9999.000 -9999.000
-9999.000 -9999.000 -9999.000 -9999.000 -9999.000 -9999.000 -9999.000 -9999.000 -9999.000 -9999.000 -9999.000 -9999.000 -9999.000 -9999.000 -9999.000 -0.1479773 -0.1366575 -0.1412164 -0.1481837 -0.1565278 -0.1663856 -0.1781670 -0.1924047 -0.2097261 -0.2308705 -0.2567406 -0.2884786 -0.3275412 -0.3736580 -0.3746150 -0.3746150 -9999.000 -9999.000 -9999.000 -9999.000 -9999.000 -9999.000 -9999.000 -9999.000 -9999.000 -9999.000 -9999.000 -9999.000 -9999.000 -9999.000 -9999.000 -9999.000 -9999.000 -9999.000 -9999.000 -9999.000 -9999.000 -9999.000 -9999.000 -9999.000 -9999.000 -9999.000 -9999.000 -9999.000
-9999.000 -9999.000 -9999.000 -9999.000 -9999.000 -9999.000 -9999.000 -9999.000 -9999.000 -9999.000 -9999.000 -9999.000 -9999.000 -9999.000 -9999.000 -0.1289454 -0.1193864 -0.1248459 -0.1327129 -0.1420921 -0.1532119 -0.1665903 -0.1828935 -0.2029172 -0.2276248 -0.2582336 -0.2963487 -0.3441449 -0.4023951 -0.4158235 -0.4158235 -9999.000 -9999.000 -9999.000 -9999.000 -9999.000 -9999.000 -9999.000 -9999.000 -9999.000 -9999.000 -9999.000 -9999.000 -9999.000 -9999.000 -9999.000 -9999.000 -9999.000 -9999.000 -9999.000 -9999.000 -9999.000 -9999.000 -9999.000 -9999.000 -9999.000 -9999.000 -9999.000 -9999.000
-9999.000 -9999.000 -9999.000 -9999.000 -9999.000 -9999.000 -9999.000 -9999.000 -9999.000 -9999.000 -9999.000 -9999.000 -9999.000 -9999.000 -9999.000 -0.1072296 -0.1004702 -0.1069378 -0.1156813 -0.1260370 -0.1383515 -0.1532723 -0.1716264 -0.1944178 -0.2229000 -0.2587204 -0.3041607 -0.3625341 -0.4366331 -0.4712176 -0.4712176 -9999.000 -9999.000 -9999.000 -9999.000 -9999.000 -9999.000 -9999.000 -9999.000 -9999.000 -9999.000 -9999.000 -9999.000 -9999.000 -9999.000 -9999.000 -9999.000 -9999.000 -9999.000 -9999.000 -9999.000 -9999.000 -9999.000 -9999.000 -9999.000 -9999.000 -9999.000 -9999.000 -9999.000
-9999.000 -9999.000 -9999.000 -9999.000 -9999.000 -9999.000 -9999.000 -9999.000 -9999.000 -9999.000 -9999.000 -9999.000 -9999.000 -9999.000 -9999.000 -0.8237207E-01 -0.7956389E-01 -0.8714412E-01 -0.9671960E-01 -0.1079540 -0.1213370 -0.1376654 -0.1579530 -0.1834539 -0.2157855 -0.2571722 -0.3108744 -0.3820211 -0.4772440 -0.5498017 -0.5498017 -9999.000 -9999.000 -9999.000 -9999.000 -9999.000 -9999.000 -9999.000 -9999.000 -9999.000 -9999.000 -9999.000 -9999.000 -9999.000 -9999.000 -9999.000 -9999.000 -9999.000 -9999.000 -9999.000 -9999.000 -9999.000 -9999.000 -9999.000 -9999.000 -9999.000 -9999.000 -9999.000 -9999.000
-9999.000 -9999.000 -9999.000 -9999.000 -9999.000 -9999.000 -9999.000 -9999.000 -9999.000 -9999.000 -9999.000 -9999.000 -9999.000 -9999.000 -9999.000 -0.4834611E-01 -0.5428023E-01 -0.6425022E-01 -0.7535466E-01 -0.8780876E-01 -0.1023436 -0.1199710 -0.1419457 -0.1698325 -0.2057084 -0.2525597 -0.3150390 -0.4011389 -0.5246276 -0.6716962 -0.6716962 -9999.000 -9999.000 -9999.000 -9999.000 -9999.000 -9999.000 -9999.000 -9999.000 -9999.000 -9999.000 -9999.000 -9999.000 -9999.000 -9999.000 -9999.000 -9999.000 -9999.000 -9999.000 -9999.000 -9999.000 -9999.000 -9999.000 -9999.000 -9999.000 -9999.000 -9999.000 -9999.000 -9999.000
-0.2512937E-02 -0.2512937E-02 -0.3476261E-02 -0.4074241E-02 -0.4138057E-02 -0.4138057E-02 -0.4151001E-02 -0.4130709E-02 -0.4130709E-02 -0.1320179E-01 -0.1320179E-01 -0.9591507E-02 -0.1122722E-01 -0.1533561E-01 -0.2387827E-01 -0.2387827E-01 -0.6186410E-01 -0.7847813E-01 -0.9432098E-01 -0.1097898 -0.1254874 -0.1423831 -0.1619034 -0.1860325 -0.2174789 -0.2599899 -0.3190320 -0.4035156 -0.5291149 -0.7589487 -0.7589487 -0.5181892 -0.3417070 -0.9776920E-01 -0.3198758E-01 -0.3198758E-01 0.2571284E-01 0.2571284E-01 0.3556934E-01 0.3556934E-01 0.1956615E-02 -0.7651976E-02 -0.7651976E-02 0.5394581E-02 0.5394581E-02 0.1002319E-01 0.1002319E-01 0.1002319E-01 0.8330541E-02 0.8330541E-02 0.6280663E-02 0.6280663E-02 0.5832302E-02 0.5832302E-02 0.3601306E-02 0.3601306E-02 0.2258373E-02 0.2258373E-02 0.2258373E-02
-0.3791435E-02 -0.3791435E-02 -0.5100599E-02 -0.5828074E-02 -0.5881588E-02 -0.5881588E-02 -0.5875126E-02 -0.5825946E-02 -0.5825946E-02 -0.2097652E-01 -0.2097652E-01 -0.1709860E-01 -0.2121174E-01 -0.2954882E-01 -0.4465643E-01 -0.4465643E-01 -0.9860053E-01 -0.1236429 -0.1475913 -0.1701174 -0.1910510 -0.2106242 -0.2296522 -0.2496812 -0.2731126 -0.3033179 -0.3447752 -0.4032708 -0.4849797 -0.6002452 -0.6002452 -0.4141487 -0.2719283 -0.7742070E-01 -0.1594781E-01 -0.1594781E-01 0.5931979E-01 0.5931979E-01 0.9096216E-01 0.9096216E-01 0.4811757E-01 -0.3450785E-02 -0.3450785E-02 0.1466849E-01 0.1466849E-01 0.2197359E-01 0.2197359E-01 0.2197359E-01 0.1799169E-01 0.1799169E-01 0.1365772E-01 0.1365772E-01 0.9159750E-02 0.9159750E-02 0.7505288E-02 0.7505288E-02 0.5251155E-02 0.5251155E-02 0.5251155E-02
-0.3013264E-02 -0.3013264E-02 -0.4205152E-02 -0.4950967E-02 -0.5006677E-02 -0.5006677E-02 -0.4993996E-02 -0.4932641E-02 -0.4932641E-02 -0.1966059E-01 -0.1966059E-01 -0.2137744E-01 -0.2783995E-01 -0.3896794E-01 -0.5653517E-01 -0.5653517E-01 -0.1131985 -0.1437823 -0.1747679 -0.2052809 -0.2345599 -0.2621118 -0.2878568 -0.3122680 -0.3365047 -0.3625237 -0.3931217 -0.4317449 -0.4810393 -0.5397015 -0.5397015 -0.4277450 -0.3217219 -0.1465661 -0.7408164E-01 -0.7408164E-01 0.5138886E-01 0.5138886E-01 0.1400134 0.1400134 0.1339145 0.3818897E-01 0.3818897E-01 0.2960155E-01 0.2960155E-01 0.3202835E-01 0.3202835E-01 0.3202835E-01 0.2671473E-01 0.2671473E-01 0.2019437E-01 0.2019437E-01 0.1111280E-01 0.1111280E-01 0.9608977E-02 0.9608977E-02 0.6857602E-02 0.6857602E-02 0.6857602E-02
-0.2309986E-02 -0.2309986E-02 -0.3318589E-02 -0.4001759E-02 -0.4050266E-02 -0.4050266E-02 -0.4029826E-02 -0.3954392E-02 -0.3954392E-02 -0.1737649E-01 -0.1737649E-01 -0.2398457E-01 -0.3182353E-01 -0.4432742E-01 -0.6282974E-01 -0.6282974E-01 -0.1206041 -0.1543274 -0.1896807 -0.2256002 -0.2611185 -0.2954262 -0.3279547 -0.3584715 -0.3871735 -0.4147533 -0.4423725 -0.4713503 -0.5019733 -0.5303941 -0.5303941 -0.4564115 -0.3731971 -0.2096843 -0.1282664 -0.1282664 0.3314301E-01 0.3314301E-01 0.1615784 0.1615784 0.1870406 0.1101006 0.1101006 0.5494570E-01 0.5494570E-01 0.3880129E-01 0.3880129E-01 0.3880129E-01 0.3136658E-01 0.3136658E-01 0.2272074E-01 0.2272074E-01 0.1217471E-01 0.1217471E-01 0.8001588E-02 0.8001588E-02 0.4763572E-02 0.4763572E-02 0.4763572E-02
-0.1673656E-02 -0.1673656E-02 -0.2459692E-02 -0.3025697E-02 -0.3065387E-02 -0.3065387E-02 -0.3044180E-02 -0.2970493E-02 -0.2970493E-02 -0.1386583E-01 -0.1386583E-01 -0.2559695E-01 -0.3405613E-01 -0.4717726E-01 -0.6608054E-01 -0.6608054E-01 -0.1256419 -0.1619091 -0.2005101 -0.2402660 -0.2801562 -0.3193017 -0.3569709 -0.3926078 -0.4258722 -0.4566589 -0.4850042 -0.5106443 -0.5321400 -0.5449460 -0.5449460 -0.4911781 -0.4206880 -0.2571087 -0.1654124 -0.1654124 0.1940493E-01 0.1940493E-01 0.1629615 0.1629615 0.2037975 0.1755476 0.1755476 0.9401316E-01 0.9401316E-01 0.4732302E-01 0.4732302E-01 0.4732302E-01 0.3371004E-01 0.3371004E-01 0.2207138E-01 0.2207138E-01 0.1020838E-01 0.1020838E-01 0.3863900E-02 0.3863900E-02 0.3255476E-03 0.3255476E-03 0.3255476E-03
-0.1087619E-02 -0.1087619E-02 -0.1624932E-02 -0.2029015E-02 -0.2057489E-02 -0.2057489E-02 -0.2040505E-02 -0.1982777E-02 -0.1982777E-02 -0.1018938E-01 -0.1018938E-01 -0.2606302E-01 -0.3473193E-01 -0.4798528E-01 -0.6698383E-01 -0.6698383E-01 -0.1296458 -0.1687478 -0.2105445 -0.2536931 -0.2971070 -0.3398990 -0.3813284 -0.4207637 -0.4576604 -0.4915265 -0.5217460 -0.5468581 -0.5640036 -0.5680411 -0.5680411 -0.5239995 -0.4576188 -0.2811897 -0.1793822 -0.1793822 0.1292311E-01 0.1292311E-01 0.1522445 0.1522445 0.1966447 0.2094642 0.2094642 0.1376461 0.1376461 0.6002057E-01 0.6002057E-01 0.6002057E-01 0.3628990E-01 0.3628990E-01 0.1996410E-01 0.1996410E-01 0.6334571E-02 0.6334571E-02 -0.1662318E-02 -0.1662318E-02 -0.5317717E-02 -0.5317717E-02 -0.5317717E-02
-0.5353371E-03 -0.5353371E-03 -0.8078528E-03 -0.1018143E-02 -0.1033028E-02 -0.1033028E-02 -0.1023696E-02 -0.9922249E-03 -0.9922249E-03 -0.7406154E-02 -0.7406154E-02 -0.2516414E-01 -0.3387547E-01 -0.4696457E-01 -0.6582069E-01 -0.6582069E-01 -0.1332273 -0.1758086 -0.2212346 -0.2679656 -0.3147987 -0.3608070 -0.4052664 -0.4475756 -0.4871842 -0.5235052 -0.5556223 -0.5809100 -0.5949594 -0.5921323 -0.5921323 -0.5480129 -0.4766443 -0.2788084 -0.1723945 -0.1723945 0.9727454E-02 0.9727454E-02 0.1343753 0.1343753 0.1767462 0.2122063 0.2122063 0.1700525 0.1700525 0.7679938E-01 0.7679938E-01 0.7679938E-01 0.4098609E-01 0.4098609E-01 0.1808377E-01 0.1808377E-01 0.1778732E-02 0.1778732E-02 -0.7649763E-02 -0.7649763E-02 -0.1128091E-01 -0.1128091E-01 -0.1128091E-01
0.3344685E-07 0.3344685E-07 -0.4052838E-07 -0.4881387E-07 0.5659152E-07 0.5659152E-07 0.3303250E-07 -0.2078635E-06 -0.2078635E-06 -0.4883623E-02 -0.4883623E-02 -0.2312795E-01 -0.3161680E-01 -0.4427480E-01 -0.6273539E-01 -0.6273539E-01 -0.1370096 -0.1838891 -0.2335763 -0.2843630 -0.3349041 -0.3841859 -0.4314678 -0.4761955 -0.5179001 -0.5560773 -0.5897346 -0.6145367 -0.6237416 -0.6111691 -0.6111691 -0.5571264 -0.4712943 -0.2552648 -0.1537197 -0.1537197 0.5782655E-02 0.5782655E-02 0.1128715 0.1128715 0.1512200 0.1954468 0.1954468 0.1820046 0.1820046 0.9382561E-01 0.9382561E-01 0.9382561E-01 0.4796375E-01 0.4796375E-01 0.1765018E-01 0.1765018E-01 -0.2235477E-02 -0.2235477E-02 -0.1318291E-01 -0.1318291E-01 -0.1673053E-01 -0.1673053E-01 -0.1673053E-01
0.5353107E-03 0.5353107E-03 0.8078041E-03 0.1018150E-02 0.1033060E-02 0.1033060E-02 0.1023681E-02 0.9917050E-03 0.9917050E-03 -0.2549264E-02 -0.2549264E-02 -0.2019723E-01 -0.2824275E-01 -0.4018866E-01 -0.5794160E-01 -0.5794160E-01 -0.1418820 -0.1939869 -0.2486411 -0.3040641 -0.3587795 -0.4116465 -0.4618563 -0.5088750 -0.5523397 -0.5919225 -0.6266329 -0.6488945 -0.6481697 -0.6195087 -0.6195087 -0.5448734 -0.4398245 -0.2223777 -0.1330042 -0.1330042 0.2575687E-03 0.2575687E-03 0.9065345E-01 0.9065345E-01 0.1243529 0.1694082 0.1694082 0.1748546 0.1748546 0.1056420 0.1056420 0.1056420 0.5543735E-01 0.5543735E-01 0.1893960E-01 0.1893960E-01 -0.4771203E-02 -0.4771203E-02 -0.1734197E-01 -0.1734197E-01 -0.2082427E-01 -0.2082427E-01 -0.2082427E-01
0.1087610E-02 0.1087610E-02 0.1624917E-02 0.2029107E-02 0.2057452E-02 0.2057452E-02 0.2040460E-02 0.1982178E-02 0.1982178E-02 -0.3681759E-03 -0.3681759E-03 -0.1650692E-01 -0.2398912E-01 -0.3502721E-01 -0.5191783E-01 -0.5191783E-01 -0.1490598 -0.2074496 -0.2679950 -0.3287321 -0.3881005 -0.4448778 -0.4981903 -0.5475027 -0.5925445 -0.6331769 -0.6681900 -0.6834335 -0.6636505 -0.6103246 -0.6103246 -0.5083947 -0.3903717 -0.1902752 -0.1142766 -0.1142766 -0.5176399E-02 -0.5176399E-02 0.6987261E-01 0.6987261E-01 0.9859020E-01 0.1401559 0.1401559 0.1550204 0.1550204 0.1083279 0.1083279 0.1083279 0.6055826E-01 0.6055826E-01 0.2118354E-01 0.2118354E-01 -0.5405357E-02 -0.5405357E-02 -0.1934924E-01 -0.1934924E-01 -0.2279527E-01 -0.2279527E-01 -0.2279527E-01
0.1673671E-02 0.1673671E-02 0.2459705E-02 0.3025726E-02 0.3065364E-02 0.3065364E-02 0.3044069E-02 0.2970009E-02 0.2970009E-02 0.1686236E-02 0.1686236E-02 -0.1217341E-01 -0.1905788E-01 -0.2910363E-01 -0.4544522E-01 -0.4544522E-01 -0.1602754 -0.2267562 -0.2944519 -0.3611836 -0.4254697 -0.4861962 -0.5425483 -0.5940268 -0.6404278 -0.6817392 -0.7156339 -0.7142639 -0.6640564 -0.5797492 -0.5797492 -0.4538815 -0.3351600 -0.1614454 -0.9887061E-01 -0.9887061E-01 -0.8808983E-02 -0.8808983E-02 0.5163468E-01 0.5163468E-01 0.7506328E-01 0.1107317 0.1107317 0.1284857 0.1284857 0.1010080 0.1010080 0.1010080 0.6080951E-01 0.6080951E-01 0.2295077E-01 0.2295077E-01 -0.4285106E-02 -0.4285106E-02 -0.1873762E-01 -0.1873762E-01 -0.2207465E-01 -0.2207465E-01 -0.2207465E-01
