cruce_test.gid/Rasters/Hydraulic/Velocity__y_229.0.asc
NCOLS        79
NROWS        79
XLLCENTER         -1.500000
YLLCENTER         -4.800000
CELLSIZE           0.100
NODATA_VALUE     -9999.0
[rows 0 to 26 of 79, columns 0 to 58 of 79]
-9999.000 -9999.000 -9999.000 -9999.000 -9999.000 -9999.000 -9999.000 -9999.000 -9999.000 -9999.000 -9999.000 -9999.000 -9999.000 -9999.000 -9999.000 -0.8966319E-01 -0.8643020E-01 -0.8505882E-01 -0.8450887E-01 -0.8497486E-01 -0.8578491E-01 -0.8663811E-01 -0.8747057E-01 -0.8820947E-01 -0.8883606E-01 -0.8938723E-01 -0.8989543E-01 -0.9052624E-01 -0.9186604E-01 -0.9325797E-01 -0.9325797E-01 -9999.000 -9999.000 -9999.000 -9999.000 -9999.000 -9999.000 -9999.000 -9999.000 -9999.000 -9999.000 -9999.000 -9999.000 -9999.000 -9999.000 -9999.000 -9999.000 -9999.000 -9999.000 -9999.000 -9999.000 -9999.000 -9999.000 -9999.000 -9999.000 -9999.000 -9999.000 -9999.000 -9999.000
-9999.000 -9999.000 -9999.000 -9999.000 -9999.000 -9999.000 -9999.000 -9999.000 -9999.000 -9999.000 -9999.000 -9999.000 -9999.000 -9999.000 -9999.000 -0.9051587E-01 -0.8372297E-01 -0.8079181E-01 -0.7963613E-01 -0.8068053E-01 -0.8250333E-01 -0.8445522E-01 -0.8638930E-01 -0.8813862E-01 -0.8965440E-01 -0.9100692E-01 -0.9225867E-01 -0.9375114E-01 -0.9671058E-01 -0.1000598 -0.1000598 -9999.000 -9999.000 -9999.000 -9999.000 -9999.000 -9999.000 -9999.000 -9999.000 -9999.000 -9999.000 -9999.000 -9999.000 -9999.000 -9999.000 -9999.000 -9999.000 -9999.000 -9999.000 -9999.000 -9999.000 -9999.000 -9999.000 -9999.000 -9999.000 -9999.000 -9999.000 -9999.000 -9999.000
-9999.000 -9999.000 -9999.000 -9999.000 -9999.000 -9999.000 -9999.000 -9999.000 -9999.000 -9999.000 -9999.000 -9999.000 -9999.000 -9999.000 -9999.000 -0.9044292E-01 -0.7975420E-01 -0.7503770E-01 -0.7323521E-01 -0.7504553E-01 -0.7818550E-01 -0.8159838E-01 -0.8502817E-01 -0.8818598E-01 -0.9097635E-01 -0.9349681E-01 -0.9583325E-01 -0.9851991E-01 -0.1035072 -0.1095609 -0.1095609 -9999.000 -9999.000 -9999.000 -9999.000 -9999.000 -9999.000 -9999.000 -9999.000 -9999.000 -9999.000 -9999.000 -9999.000 -9999.000 -9999.000 -9999.000 -9999.000 -9999.000 -9999.000 -9999.000 -9999.000 -9999.000 -9999.000 -9999.000 -9999.000 -9999.000 -9999.000 -9999.000 -9999.000
-9999.000 -9999.000 -9999.000 -9999.000 -9999.000 -9999.000 -9999.000 -9999.000 -9999.000 -9999.000 -9999.000 -9999.000 -9999.000 -9999.000 -9999.000 -0.8987614E-01 -0.7529661E-01 -0.6879479E-01 -0.6638149E-01 -0.6903551E-01 -0.7358693E-01 -0.7856247E-01 -0.8359796E-01 -0.8827488E-01 -0.9244825E-01 -0.9624079E-01 -0.9975709E-01 -0.1037294 -0.1108675 -0.1201032 -0.1201032 -9999.000 -9999.000 -9999.000 -9999.000 -9999.000 -9999.000 -9999.000 -9999.000 -9999.000 -9999.000 -9999.000 -9999.000 -9999.000 -9999.000 -9999.000 -9999.000 -9999.000 -9999.000 -9999.000 -9999.000 -9999.000 -9999.000 -9999.000 -9999.000 -9999.000 -9999.000 -9999.000 -9999.000
-9999.000 -9999.000 -9999.000 -9999.000 -9999.000 -9999.000 -9999.000 -9999.000 -9999.000 -9999.000 -9999.000 -9999.000 -9999.000 -9999.000 -9999.000 -0.8903769E-01 -0.7052707E-01 -0.6222270E-01 -0.5921291E-01 -0.6276428E-01 -0.6878958E-01 -0.7539257E-01 -0.8210258E-01 -0.8836531E-01 -0.9398535E-01 -0.9911276E-01 -0.1038683 -0.1091935 -0.1186040 -0.1315376 -0.1315376 -9999.000 -9999.000 -9999.000 -9999.000 -9999.000 -9999.000 -9999.000 -9999.000 -9999.000 -9999.000 -9999.000 -9999.000 -9999.000 -9999.000 -9999.000 -9999.000 -9999.000 -9999.000 -9999.000 -9999.000 -9999.000 -9999.000 -9999.000 -9999.000 -9999.000 -9999.000 -9999.000 -9999.000
-9999.000 -9999.000 -9999.000 -9999.000 -9999.000 -9999.000 -9999.000 -9999.000 -9999.000 -9999.000 -9999.000 -9999.000 -9999.000 -9999.000 -9999.000 -0.8799365E-01 -0.6550392E-01 -0.5537830E-01 -0.5178208E-01 -0.5627736E-01 -0.6382704E-01 -0.7210520E-01 -0.8054074E-01 -0.8843599E-01 -0.9554755E-01 -0.1020548 -0.1080943 -0.1148312 -0.1266456 -0.1438798 -0.1438798 -9999.000 -9999.000 -9999.000 -9999.000 -9999.000 -9999.000 -9999.000 -9999.000 -9999.000 -9999.000 -9999.000 -9999.000 -9999.000 -9999.000 -9999.000 -9999.000 -9999.000 -9999.000 -9999.000 -9999.000 -9999.000 -9999.000 -9999.000 -9999.000 -9999.000 -9999.000 -9999.000 -9999.000
-9999.000 -9999.000 -9999.000 -9999.000 -9999.000 -9999.000 -9999.000 -9999.000 -9999.000 -9999.000 -9999.000 -9999.000 -9999.000 -9999.000 -9999.000 -0.8674283E-01 -0.6023362E-01 -0.4827251E-01 -0.4410153E-01 -0.4958889E-01 -0.5870962E-01 -0.6870419E-01 -0.7890826E-01 -0.8847406E-01 -0.9711178E-01 -0.1050365 -0.1123985 -0.1206046 -0.1349721 -0.1572377 -0.1572377 -9999.000 -9999.000 -9999.000 -9999.000 -9999.000 -9999.000 -9999.000 -9999.000 -9999.000 -9999.000 -9999.000 -9999.000 -9999.000 -9999.000 -9999.000 -9999.000 -9999.000 -9999.000 -9999.000 -9999.000 -9999.000 -9999.000 -9999.000 -9999.000 -9999.000 -9999.000 -9999.000 -9999.000
-9999.000 -9999.000 -9999.000 -9999.000 -9999.000 -9999.000 -9999.000 -9999.000 -9999.000 -9999.000 -9999.000 -9999.000 -9999.000 -9999.000 -9999.000 -0.8525167E-01 -0.5469808E-01 -0.4089422E-01 -0.3616559E-01 -0.4269836E-01 -0.5343699E-01 -0.6518635E-01 -0.7719902E-01 -0.8846768E-01 -0.9866124E-01 -0.1080366 -0.1167561 -0.1264917 -0.1435844 -0.1717869 -0.1717869 -9999.000 -9999.000 -9999.000 -9999.000 -9999.000 -9999.000 -9999.000 -9999.000 -9999.000 -9999.000 -9999.000 -9999.000 -9999.000 -9999.000 -9999.000 -9999.000 -9999.000 -9999.000 -9999.000 -9999.000 -9999.000 -9999.000 -9999.000 -9999.000 -9999.000 -9999.000 -9999.000 -9999.000
-9999.000 -9999.000 -9999.000 -9999.000 -9999.000 -9999.000 -9999.000 -9999.000 -9999.000 -9999.000 -9999.000 -9999.000 -9999.000 -9999.000 -9999.000 -0.8346811E-01 -0.4886575E-01 -0.3322013E-01 -0.2795798E-01 -0.3559678E-01 -0.4800247E-01 -0.6154323E-01 -0.7540264E-01 -0.8840328E-01 -0.1001782 -0.1110345 -0.1211447 -0.1324739 -0.1524923 -0.1877691 -0.1877691 -9999.000 -9999.000 -9999.000 -9999.000 -9999.000 -9999.000 -9999.000 -9999.000 -9999.000 -9999.000 -9999.000 -9999.000 -9999.000 -9999.000 -9999.000 -9999.000 -9999.000 -9999.000 -9999.000 -9999.000 -9999.000 -9999.000 -9999.000 -9999.000 -9999.000 -9999.000 -9999.000 -9999.000
-9999.000 -9999.000 -9999.000 -9999.000 -9999.000 -9999.000 -9999.000 -9999.000 -9999.000 -9999.000 -9999.000 -9999.000 -9999.000 -9999.000 -9999.000 -0.8132531E-01 -0.4269478E-01 -0.2521798E-01 -0.1945464E-01 -0.2826967E-01 -0.4239423E-01 -0.5776187E-01 -0.7350522E-01 -0.8826326E-01 -0.1016411 -0.1140061 -0.1255379 -0.1385297 -0.1617069 -0.2055051 -0.2055051 -9999.000 -9999.000 -9999.000 -9999.000 -9999.000 -9999.000 -9999.000 -9999.000 -9999.000 -9999.000 -9999.000 -9999.000 -9999.000 -9999.000 -9999.000 -9999.000 -9999.000 -9999.000 -9999.000 -9999.000 -9999.000 -9999.000 -9999.000 -9999.000 -9999.000 -9999.000 -9999.000 -9999.000
-9999.000 -9999.000 -9999.000 -9999.000 -9999.000 -9999.000 -9999.000 -9999.000 -9999.000 -9999.000 -9999.000 -9999.000 -9999.000 -9999.000 -9999.000 -0.7874192E-01 -0.3613267E-01 -0.1684663E-01 -0.1062389E-01 -0.2069603E-01 -0.3659497E-01 -0.5382433E-01 -0.7148735E-01 -0.8802351E-01 -0.1030207 -0.1169186 -0.1298998 -0.1446278 -0.1712365 -0.2254231 -0.2254231 -9999.000 -9999.000 -9999.000 -9999.000 -9999.000 -9999.000 -9999.000 -9999.000 -9999.000 -9999.000 -9999.000 -9999.000 -9999.000 -9999.000 -9999.000 -9999.000 -9999.000 -9999.000 -9999.000 -9999.000 -9999.000 -9999.000 -9999.000 -9999.000 -9999.000 -9999.000 -9999.000 -9999.000
-9999.000 -9999.000 -9999.000 -9999.000 -9999.000 -9999.000 -9999.000 -9999.000 -9999.000 -9999.000 -9999.000 -9999.000 -9999.000 -9999.000 -9999.000 -0.7561809E-01 -0.2911368E-01 -0.8052429E-02 -0.1423144E-02 -0.1284725E-01 -0.3057987E-01 -0.4970432E-01 -0.6932124E-01 -0.8765083E-01 -0.1042771 -0.1197271 -0.1341798 -0.1507225 -0.1810816 -0.2481050 -0.2481050 -9999.000 -9999.000 -9999.000 -9999.000 -9999.000 -9999.000 -9999.000 -9999.000 -9999.000 -9999.000 -9999.000 -9999.000 -9999.000 -9999.000 -9999.000 -9999.000 -9999.000 -9999.000 -9999.000 -9999.000 -9999.000 -9999.000 -9999.000 -9999.000 -9999.000 -9999.000 -9999.000 -9999.000
-9999.000 -9999.000 -9999.000 -9999.000 -9999.000 -9999.000 -9999.000 -9999.000 -9999.000 -9999.000 -9999.000 -9999.000 -9999.000 -9999.000 -9999.000 -0.7180422E-01 -0.2153251E-01 0.1250262E-02 0.8206259E-02 -0.4690669E-02 -0.2432184E-01 -0.4537293E-01 -0.6697526E-01 -0.8710521E-01 -0.1053605 -0.1223724 -0.1383093 -0.1567470 -0.1912295 -0.2743621 -0.2743621 -9999.000 -9999.000 -9999.000 -9999.000 -9999.000 -9999.000 -9999.000 -9999.000 -9999.000 -9999.000 -9999.000 -9999.000 -9999.000 -9999.000 -9999.000 -9999.000 -9999.000 -9999.000 -9999.000 -9999.000 -9999.000 -9999.000 -9999.000 -9999.000 -9999.000 -9999.000 -9999.000 -9999.000
-9999.000 -9999.000 -9999.000 -9999.000 -9999.000 -9999.000 -9999.000 -9999.000 -9999.000 -9999.000 -9999.000 -9999.000 -9999.000 -9999.000 -9999.000 -0.6599753E-01 -0.1239270E-01 0.1169311E-01 0.1833921E-01 0.3551351E-02 -0.1808074E-01 -0.4108053E-01 -0.6467479E-01 -0.8657179E-01 -0.1064123 -0.1249552 -0.1423486 -0.1627420 -0.2017695 -0.3055062 -0.3055062 -9999.000 -9999.000 -9999.000 -9999.000 -9999.000 -9999.000 -9999.000 -9999.000 -9999.000 -9999.000 -9999.000 -9999.000 -9999.000 -9999.000 -9999.000 -9999.000 -9999.000 -9999.000 -9999.000 -9999.000 -9999.000 -9999.000 -9999.000 -9999.000 -9999.000 -9999.000 -9999.000 -9999.000
-9999.000 -9999.000 -9999.000 -9999.000 -9999.000 -9999.000 -9999.000 -9999.000 -9999.000 -9999.000 -9999.000 -9999.000 -9999.000 -9999.000 -9999.000 -0.6619375E-02 0.1778726E-01 0.2467012E-01 0.1811791E-01 -0.2127393E-02 -0.2371022E-01 -0.4649430E-01 -0.7004022E-01 -0.9186977E-01 -0.1117475 -0.1305688 -0.1484049 -0.1700072 -0.2132431 -0.3413598 -0.3413598 -9999.000 -9999.000 -9999.000 -9999.000 -9999.000 -9999.000 -9999.000 -9999.000 -9999.000 -9999.000 -9999.000 -9999.000 -9999.000 -9999.000 -9999.000 -9999.000 -9999.000 -9999.000 -9999.000 -9999.000 -9999.000 -9999.000 -9999.000 -9999.000 -9999.000 -9999.000 -9999.000 -9999.000
-0.4334198E-02 -0.4334198E-02 -0.5683140E-02 -0.7102852E-02 -0.6697505E-02 -0.6697505E-02 -0.6566903E-02 -0.6513935E-02 -0.6513935E-02 -0.6499833E-02 -0.6499833E-02 -0.6481055E-02 -0.6468937E-02 -0.6455306E-02 -0.6445142E-02 -0.6445142E-02 0.3828403E-01 0.3394163E-01 0.1871073E-01 -0.4783212E-02 -0.3232416E-01 -0.6288944E-01 -0.9542914E-01 -0.1282638 -0.1600808 -0.1901849 -0.2179990 -0.2447554 -0.2777347 -0.3506499 -0.3506499 -0.1979014 -0.1082998 -0.3911054E-01 -0.2969608E-01 -0.2969608E-01 -0.2296922E-01 -0.2296922E-01 -0.1127710E-01 -0.1127710E-01 -0.3407115E-03 0.2629690E-01 0.2629690E-01 0.2981950E-01 0.2981950E-01 -0.3718552E-02 -0.3718552E-02 -0.3718552E-02 -0.9183455E-03 -0.9183455E-03 -0.8447196E-04 -0.8447196E-04 -0.7107880E-03 -0.7107880E-03 -0.1884538E-02 -0.1884538E-02 -0.3084384E-02 -0.3084384E-02 -0.3084384E-02
-0.6665980E-02 -0.6665980E-02 -0.8163958E-02 -0.1024071E-01 -0.9463716E-02 -0.9463716E-02 -0.9196434E-02 -0.9127089E-02 -0.9127089E-02 -0.9144695E-02 -0.9144695E-02 -0.9149811E-02 -0.9147406E-02 -0.9141881E-02 -0.9160356E-02 -0.9160356E-02 0.3199581E-01 0.2884881E-01 0.1355529E-01 -0.1171265E-01 -0.4638053E-01 -0.8788013E-01 -0.1340403 -0.1831869 -0.2333861 -0.2826666 -0.3294027 -0.3717641 -0.4074740 -0.4320597 -0.4320597 -0.2960294 -0.1991061 -0.1059487 -0.8742521E-01 -0.8742521E-01 -0.6432903E-01 -0.6432903E-01 -0.2402810E-01 -0.2402810E-01 0.8922040E-02 0.8279750E-01 0.8279750E-01 0.1034540 0.1034540 0.2114251E-01 0.2114251E-01 0.2114251E-01 0.7876058E-02 0.7876058E-02 0.1336958E-02 0.1336958E-02 -0.3370101E-02 -0.3370101E-02 -0.7245354E-02 -0.7245354E-02 -0.1020291E-01 -0.1020291E-01 -0.1020291E-01
-0.5510190E-02 -0.5510190E-02 -0.6474431E-02 -0.8650498E-02 -0.8028909E-02 -0.8028909E-02 -0.7725192E-02 -0.7654232E-02 -0.7654232E-02 -0.7715684E-02 -0.7715684E-02 -0.7761346E-02 -0.7778129E-02 -0.7790489E-02 -0.7865177E-02 -0.7865177E-02 0.2139470E-01 0.1874865E-01 0.3941109E-02 -0.2136487E-01 -0.5646197E-01 -0.9957734E-01 -0.1489102 -0.2029980 -0.2602762 -0.3190141 -0.3775594 -0.4339159 -0.4851418 -0.5247685 -0.5247685 -0.4370737 -0.3536012 -0.2382710 -0.2013452 -0.2013452 -0.1365034 -0.1365034 -0.3866524E-01 -0.3866524E-01 0.2829031E-01 0.1597372 0.1597372 0.2088740 0.2088740 0.8448377E-01 0.8448377E-01 0.8448377E-01 0.3288241E-01 0.3288241E-01 0.6182937E-02 0.6182937E-02 -0.8639840E-02 -0.8639840E-02 -0.1775715E-01 -0.1775715E-01 -0.2320927E-01 -0.2320927E-01 -0.2320927E-01
-0.4355473E-02 -0.4355473E-02 -0.4896073E-02 -0.6980897E-02 -0.6460243E-02 -0.6460243E-02 -0.6156442E-02 -0.6081004E-02 -0.6081004E-02 -0.6157317E-02 -0.6157317E-02 -0.6214152E-02 -0.6234078E-02 -0.6248306E-02 -0.6369431E-02 -0.6369431E-02 0.1093142E-01 0.6336596E-02 -0.9468152E-02 -0.3545888E-01 -0.7086020E-01 -0.1143773 -0.1645516 -0.2200992 -0.2797585 -0.3421744 -0.4059950 -0.4695661 -0.5302511 -0.5819002 -0.5819002 -0.5430818 -0.4847564 -0.3738561 -0.3242153 -0.3242153 -0.2088056 -0.2088056 -0.3713380E-01 -0.3713380E-01 0.6154037E-01 0.2251161 0.2251161 0.2864859 0.2864859 0.1522257 0.1522257 0.1522257 0.6591076E-01 0.6591076E-01 0.1476812E-01 0.1476812E-01 -0.1379987E-01 -0.1379987E-01 -0.2992051E-01 -0.2992051E-01 -0.3832605E-01 -0.3832605E-01 -0.3832605E-01
-0.3144837E-02 -0.3144837E-02 -0.3518684E-02 -0.5284718E-02 -0.4853470E-02 -0.4853470E-02 -0.4590285E-02 -0.4533740E-02 -0.4533740E-02 -0.4617424E-02 -0.4617424E-02 -0.4674300E-02 -0.4690867E-02 -0.4700948E-02 -0.4873801E-02 -0.4873801E-02 0.6732546E-03 -0.7980572E-02 -0.2658273E-01 -0.5452609E-01 -0.9110712E-01 -0.1353528 -0.1861272 -0.2423428 -0.3029421 -0.3668226 -0.4328735 -0.4997808 -0.5654364 -0.6247697 -0.6247697 -0.6222237 -0.5901129 -0.4944161 -0.4329990 -0.4329990 -0.2539217 -0.2539217 -0.1025449E-01 -0.1025449E-01 0.1044955 0.2666409 0.2666409 0.3257953 0.3257953 0.2072852 0.2072852 0.2072852 0.1012010 0.1012010 0.2787858E-01 0.2787858E-01 -0.1597881E-01 -0.1597881E-01 -0.4061137E-01 -0.4061137E-01 -0.5270881E-01 -0.5270881E-01 -0.5270881E-01
-0.1739160E-02 -0.1739160E-02 -0.2477174E-02 -0.3555493E-02 -0.3231473E-02 -0.3231473E-02 -0.3041975E-02 -0.3014509E-02 -0.3014509E-02 -0.3087597E-02 -0.3087597E-02 -0.3128868E-02 -0.3137479E-02 -0.3141030E-02 -0.3382010E-02 -0.3382010E-02 -0.9892032E-02 -0.2440280E-01 -0.4765031E-01 -0.7908313E-01 -0.1180359 -0.1637532 -0.2153977 -0.2721378 -0.3331503 -0.3975711 -0.4644975 -0.5328731 -0.6010358 -0.6649858 -0.6649858 -0.6871024 -0.6770141 -0.5913489 -0.5091115 -0.5091115 -0.2501073 -0.2501073 0.3328888E-01 0.3328888E-01 0.1419841 0.2794984 0.2794984 0.3313994 0.3313994 0.2421788 0.2421788 0.2421788 0.1334466 0.1334466 0.4467133E-01 0.4467133E-01 -0.1393899E-01 -0.1393899E-01 -0.4810152E-01 -0.4810152E-01 -0.6470871E-01 -0.6470871E-01 -0.6470871E-01
-0.6536238E-03 -0.6536238E-03 -0.1363921E-02 -0.1784733E-02 -0.1608470E-02 -0.1608470E-02 -0.1513831E-02 -0.1509347E-02 -0.1509347E-02 -0.1551056E-02 -0.1551056E-02 -0.1569169E-02 -0.1571076E-02 -0.1570798E-02 -0.1907884E-02 -0.1907884E-02 -0.2155706E-01 -0.4362403E-01 -0.7336930E-01 -0.1099621 -0.1526630 -0.2008338 -0.2538836 -0.3112608 -0.3724267 -0.4368006 -0.5037346 -0.5724285 -0.6415906 -0.7080352 -0.7080352 -0.7459098 -0.7512004 -0.6526666 -0.5301157 -0.5301157 -0.1966260 -0.1966260 0.7224790E-01 0.7224790E-01 0.1598763 0.2671844 0.2671844 0.3130444 0.3130444 0.2556836 0.2556836 0.2556836 0.1577786 0.1577786 0.6275254E-01 0.6275254E-01 -0.7734116E-02 -0.7734116E-02 -0.5145316E-01 -0.5145316E-01 -0.7316022E-01 -0.7316022E-01 -0.7316022E-01
-0.3995410E-05 -0.3995410E-05 -0.3748801E-04 0.1621617E-04 0.8882176E-05 0.8882176E-05 0.3703929E-05 -0.7812108E-06 -0.7812108E-06 -0.1423876E-05 -0.1423876E-05 -0.8078048E-06 -0.5774478E-06 -0.3334087E-06 -0.4694160E-03 -0.4694160E-03 -0.3543511E-01 -0.6688647E-01 -0.1050354 -0.1485215 -0.1964210 -0.2481369 -0.3032750 -0.3615595 -0.4227611 -0.4866256 -0.5528189 -0.6208437 -0.6897448 -0.7567664 -0.7567664 -0.8027951 -0.8131357 -0.6545265 -0.4755968 -0.4755968 -0.1214137 -0.1214137 0.9036104E-01 0.9036104E-01 0.1549177 0.2380467 0.2380467 0.2802898 0.2802898 0.2504750 0.2504750 0.2504750 0.1707555 0.1707555 0.7877352E-01 0.7877352E-01 0.1454998E-02 0.1454998E-02 -0.5039402E-01 -0.5039402E-01 -0.7719608E-01 -0.7719608E-01 -0.7719608E-01
0.6838299E-03 0.6838299E-03 0.1254224E-02 0.1815797E-02 0.1625990E-02 0.1625990E-02 0.1521338E-02 0.1508178E-02 0.1508178E-02 0.1548360E-02 0.1548360E-02 0.1567531E-02 0.1570098E-02 0.1570066E-02 0.9231335E-03 0.9231335E-03 -0.5314091E-01 -0.9616973E-01 -0.1447692 -0.1969049 -0.2514182 -0.3077356 -0.3656464 -0.4251467 -0.4863275 -0.5492811 -0.6140258 -0.6804092 -0.7477397 -0.8128628 -0.8128628 -0.8577318 -0.8527115 -0.5696049 -0.3555608 -0.3555608 -0.6047992E-01 -0.6047992E-01 0.8621189E-01 0.8621189E-01 0.1334896 0.2005638 0.2005638 0.2402513 0.2402513 0.2308960 0.2308960 0.2308960 0.1711079 0.1711079 0.8945054E-01 0.8945054E-01 0.1161250E-01 0.1161250E-01 -0.4531090E-01 -0.4531090E-01 -0.7627320E-01 -0.7627320E-01 -0.7627320E-01
0.1732034E-02 0.1732034E-02 0.2414442E-02 0.3583957E-02 0.3248785E-02 0.3248785E-02 0.3050592E-02 0.3013878E-02 0.3013878E-02 0.3084504E-02 0.3084504E-02 0.3126309E-02 0.3135548E-02 0.3139680E-02 0.2254656E-02 0.2254656E-02 -0.7718205E-01 -0.1345953 -0.1959037 -0.2584042 -0.3207748 -0.3825392 -0.4437193 -0.5046118 -0.5656422 -0.6272570 -0.6898391 -0.7535789 -0.8177416 -0.8762435 -0.8762435 -0.9014322 -0.8368747 -0.4082261 -0.2225991 -0.2225991 -0.2953298E-01 -0.2953298E-01 0.6860296E-01 0.6860296E-01 0.1047427 0.1607540 0.1607540 0.1973543 0.1973543 0.2012779 0.2012779 0.2012779 0.1595744 0.1595744 0.9248644E-01 0.9248644E-01 0.2039164E-01 0.2039164E-01 -0.3718220E-01 -0.3718220E-01 -0.7026113E-01 -0.7026113E-01 -0.7026113E-01
0.3100609E-02 0.3100609E-02 0.3506511E-02 0.5309245E-02 0.4870413E-02 0.4870413E-02 0.4600153E-02 0.4534006E-02 0.4534006E-02 0.4614169E-02 0.4614169E-02 0.4670625E-02 0.4687605E-02 0.4698368E-02 0.3491592E-02 0.3491592E-02 -0.1117404 -0.1872064 -0.2636788 -0.3380592 -0.4091344 -0.4767324 -0.5412431 -0.6033413 -0.6638207 -0.7234885 -0.7830870 -0.8430553 -0.9013750 -0.9399552 -0.9399552 -0.8975025 -0.7066615 -0.2394295 -0.1281078 -0.1281078 -0.2112553E-01 -0.2112553E-01 0.4694321E-01 0.4694321E-01 0.7534876E-01 0.1218957 0.1218957 0.1540676 0.1540676 0.1652350 0.1652350 0.1652350 0.1382186 0.1382186 0.8708616E-01 0.8708616E-01 0.2581886E-01 0.2581886E-01 -0.2731220E-01 -0.2731220E-01 -0.5947580E-01 -0.5947580E-01 -0.5947580E-01
0.4349887E-02 0.4349887E-02 0.4860440E-02 0.6999215E-02 0.6474590E-02 0.6474590E-02 0.6165596E-02 0.6082669E-02 0.6082669E-02 0.6155293E-02 0.6155293E-02 0.6210912E-02 0.6230643E-02 0.6245098E-02 0.4595045E-02 0.4595045E-02 -0.1642922 -0.2625044 -0.3565505 -0.4437367 -0.5235506 -0.5965139 -0.6636209 -0.7260535 -0.7850319 -0.8417346 -0.8972445 -0.9518369 -0.9968189 -0.9683770 -0.9683770 -0.7616451 -0.4517085 -0.1272716 -0.8064051E-01 -0.8064051E-01 -0.2139937E-01 -0.2139937E-01 0.2683176E-01 0.2683176E-01 0.4866993E-01 0.8549225E-01 0.8549225E-01 0.1118076 0.1118076 0.1256106 0.1256106 0.1256106 0.1096999 0.1096999 0.7394279E-01 0.7394279E-01 0.2684213E-01 0.2684213E-01 -0.1698099E-01 -0.1698099E-01 -0.4466865E-01 -0.4466865E-01 -0.4466865E-01
