cruce_test.gid/Rasters/Hydraulic/Velocity__y_70.0.asc
NCOLS        79
NROWS        79
XLLCENTER         -1.500000
YLLCENTER         -4.800000
CELLSIZE           0.100
NODATA_VALUE     -9999.0
[rows 0 to 25 of 79, columns 0 to 58 of 79]
-9999.000 -9999.000 -9999.000 -9999.000 -9999.000 -9999.000 -9999.000 -9999.000 -9999.000 -9999.000 -9999.000 -9999.000 -9999.000 -9999.000 -9999.000 -0.2269774 -0.2258906 -0.2260664 -0.2263322 -0.2266105 -0.2269024 -0.2272231 -0.2275932 -0.2280385 -0.2285921 -0.2293001 -0.2302293 -0.2314772 -0.2330480 -0.2303485 -0.2303485 -9999.000 -9999.000 -9999.000 -9999.000 -9999.000 -9999.000 -9999.000 -9999.000 -9999.000 -9999.000 -9999.000 -9999.000 -9999.000 -9999.000 -9999.000 -9999.000 -9999.000 -9999.000 -9999.000 -9999.000 -9999.000 -9999.000 -9999.000 -9999.000 -9999.000 -9999.000 -9999.000 -9999.000
-9999.000 -9999.000 -9999.000 -9999.000 -9999.000 -9999.000 -9999.000 -9999.000 -9999.000 -9999.000 -9999.000 -9999.000 -9999.000 -9999.000 -9999.000 -0.2238387 -0.2213776 -0.2216903 -0.2221908 -0.2227119 -0.2232557 -0.2238568 -0.2245639 -0.2254380 -0.2265562 -0.2280198 -0.2299671 -0.2325877 -0.2358550 -0.2307702 -0.2307702 -9999.000 -9999.000 -9999.000 -9999.000 -9999.000 -9999.000 -9999.000 -9999.000 -9999.000 -9999.000 -9999.000 -9999.000 -9999.000 -9999.000 -9999.000 -9999.000 -9999.000 -9999.000 -9999.000 -9999.000 -9999.000 -9999.000 -9999.000 -9999.000 -9999.000 -9999.000 -9999.000 -9999.000
-9999.000 -9999.000 -9999.000 -9999.000 -9999.000 -9999.000 -9999.000 -9999.000 -9999.000 -9999.000 -9999.000 -9999.000 -9999.000 -9999.000 -9999.000 -0.2190946 -0.2150574 -0.2155552 -0.2164135 -0.2173479 -0.2183563 -0.2194960 -0.2208517 -0.2225292 -0.2246579 -0.2273996 -0.2309598 -0.2355986 -0.2411811 -0.2338325 -0.2338325 -9999.000 -9999.000 -9999.000 -9999.000 -9999.000 -9999.000 -9999.000 -9999.000 -9999.000 -9999.000 -9999.000 -9999.000 -9999.000 -9999.000 -9999.000 -9999.000 -9999.000 -9999.000 -9999.000 -9999.000 -9999.000 -9999.000 -9999.000 -9999.000 -9999.000 -9999.000 -9999.000 -9999.000
-9999.000 -9999.000 -9999.000 -9999.000 -9999.000 -9999.000 -9999.000 -9999.000 -9999.000 -9999.000 -9999.000 -9999.000 -9999.000 -9999.000 -9999.000 -0.2132397 -0.2076410 -0.2083828 -0.2096917 -0.2111596 -0.2127822 -0.2146408 -0.2168579 -0.2195859 -0.2230077 -0.2273452 -0.2328717 -0.2399221 -0.2482506 -0.2391732 -0.2391732 -9999.000 -9999.000 -9999.000 -9999.000 -9999.000 -9999.000 -9999.000 -9999.000 -9999.000 -9999.000 -9999.000 -9999.000 -9999.000 -9999.000 -9999.000 -9999.000 -9999.000 -9999.000 -9999.000 -9999.000 -9999.000 -9999.000 -9999.000 -9999.000 -9999.000 -9999.000 -9999.000 -9999.000
-9999.000 -9999.000 -9999.000 -9999.000 -9999.000 -9999.000 -9999.000 -9999.000 -9999.000 -9999.000 -9999.000 -9999.000 -9999.000 -9999.000 -9999.000 -0.2063330 -0.1992403 -0.2002839 -0.2021254 -0.2042302 -0.2065915 -0.2093181 -0.2125734 -0.2165606 -0.2215209 -0.2277430 -0.2355775 -0.2454473 -0.2570054 -0.2468072 -0.2468072 -9999.000 -9999.000 -9999.000 -9999.000 -9999.000 -9999.000 -9999.000 -9999.000 -9999.000 -9999.000 -9999.000 -9999.000 -9999.000 -9999.000 -9999.000 -9999.000 -9999.000 -9999.000 -9999.000 -9999.000 -9999.000 -9999.000 -9999.000 -9999.000 -9999.000 -9999.000 -9999.000 -9999.000
-9999.000 -9999.000 -9999.000 -9999.000 -9999.000 -9999.000 -9999.000 -9999.000 -9999.000 -9999.000 -9999.000 -9999.000 -9999.000 -9999.000 -9999.000 -0.1983745 -0.1899206 -0.1913227 -0.1937668 -0.1965932 -0.1997956 -0.2035138 -0.2079576 -0.2133879 -0.2201136 -0.2285020 -0.2389977 -0.2521349 -0.2674903 -0.2568996 -0.2568996 -9999.000 -9999.000 -9999.000 -9999.000 -9999.000 -9999.000 -9999.000 -9999.000 -9999.000 -9999.000 -9999.000 -9999.000 -9999.000 -9999.000 -9999.000 -9999.000 -9999.000 -9999.000 -9999.000 -9999.000 -9999.000 -9999.000 -9999.000 -9999.000 -9999.000 -9999.000 -9999.000 -9999.000
-9999.000 -9999.000 -9999.000 -9999.000 -9999.000 -9999.000 -9999.000 -9999.000 -9999.000 -9999.000 -9999.000 -9999.000 -9999.000 -9999.000 -9999.000 -0.1893097 -0.1797066 -0.1815252 -0.1846301 -0.1882462 -0.1923725 -0.1971848 -0.2029471 -0.2099880 -0.2186978 -0.2295403 -0.2430792 -0.2599951 -0.2798366 -0.2697601 -0.2697601 -9999.000 -9999.000 -9999.000 -9999.000 -9999.000 -9999.000 -9999.000 -9999.000 -9999.000 -9999.000 -9999.000 -9999.000 -9999.000 -9999.000 -9999.000 -9999.000 -9999.000 -9999.000 -9999.000 -9999.000 -9999.000 -9999.000 -9999.000 -9999.000 -9999.000 -9999.000 -9999.000 -9999.000
-9999.000 -9999.000 -9999.000 -9999.000 -9999.000 -9999.000 -9999.000 -9999.000 -9999.000 -9999.000 -9999.000 -9999.000 -9999.000 -9999.000 -9999.000 -0.1790349 -0.1685880 -0.1708847 -0.1746977 -0.1791563 -0.1842709 -0.1902612 -0.1974550 -0.2062625 -0.2171729 -0.2307727 -0.2477799 -0.2690745 -0.2942580 -0.2858702 -0.2858702 -9999.000 -9999.000 -9999.000 -9999.000 -9999.000 -9999.000 -9999.000 -9999.000 -9999.000 -9999.000 -9999.000 -9999.000 -9999.000 -9999.000 -9999.000 -9999.000 -9999.000 -9999.000 -9999.000 -9999.000 -9999.000 -9999.000 -9999.000 -9999.000 -9999.000 -9999.000 -9999.000 -9999.000
-9999.000 -9999.000 -9999.000 -9999.000 -9999.000 -9999.000 -9999.000 -9999.000 -9999.000 -9999.000 -9999.000 -9999.000 -9999.000 -9999.000 -9999.000 -0.1674030 -0.1565228 -0.1593646 -0.1639224 -0.1692605 -0.1754102 -0.1826439 -0.1913660 -0.2020851 -0.2154142 -0.2320962 -0.2530546 -0.2794459 -0.3110574 -0.3059443 -0.3059443 -9999.000 -9999.000 -9999.000 -9999.000 -9999.000 -9999.000 -9999.000 -9999.000 -9999.000 -9999.000 -9999.000 -9999.000 -9999.000 -9999.000 -9999.000 -9999.000 -9999.000 -9999.000 -9999.000 -9999.000 -9999.000 -9999.000 -9999.000 -9999.000 -9999.000 -9999.000 -9999.000 -9999.000
-9999.000 -9999.000 -9999.000 -9999.000 -9999.000 -9999.000 -9999.000 -9999.000 -9999.000 -9999.000 -9999.000 -9999.000 -9999.000 -9999.000 -9999.000 -0.1542285 -0.1434388 -0.1468981 -0.1522253 -0.1584625 -0.1656741 -0.1741962 -0.1845248 -0.1972886 -0.2132553 -0.2333706 -0.2588343 -0.2911956 -0.3306419 -0.3310460 -0.3310460 -9999.000 -9999.000 -9999.000 -9999.000 -9999.000 -9999.000 -9999.000 -9999.000 -9999.000 -9999.000 -9999.000 -9999.000 -9999.000 -9999.000 -9999.000 -9999.000 -9999.000 -9999.000 -9999.000 -9999.000 -9999.000 -9999.000 -9999.000 -9999.000 -9999.000 -9999.000 -9999.000 -9999.000
-9999.000 -9999.000 -9999.000 -9999.000 -9999.000 -9999.000 -9999.000 -9999.000 -9999.000 -9999.000 -9999.000 -9999.000 -9999.000 -9999.000 -9999.000 -0.1392908 -0.1292312 -0.1333850 -0.1394916 -0.1466262 -0.1549017 -0.1647311 -0.1767199 -0.1916426 -0.2104611 -0.2343857 -0.2649937 -0.3043988 -0.3535399 -0.3628027 -0.3628027 -9999.000 -9999.000 -9999.000 -9999.000 -9999.000 -9999.000 -9999.000 -9999.000 -9999.000 -9999.000 -9999.000 -9999.000 -9999.000 -9999.000 -9999.000 -9999.000 -9999.000 -9999.000 -9999.000 -9999.000 -9999.000 -9999.000 -9999.000 -9999.000 -9999.000 -9999.000 -9999.000 -9999.000
-9999.000 -9999.000 -9999.000 -9999.000 -9999.000 -9999.000 -9999.000 -9999.000 -9999.000 -9999.000 -9999.000 -9999.000 -9999.000 -9999.000 -9999.000 -0.1223330 -0.1137549 -0.1186813 -0.1255595 -0.1335635 -0.1428720 -0.1539907 -0.1676559 -0.1848188 -0.2066842 -0.2348090 -0.2712890 -0.3190670 -0.3804138 -0.4038262 -0.4038262 -9999.000 -9999.000 -9999.000 -9999.000 -9999.000 -9999.000 -9999.000 -9999.000 -9999.000 -9999.000 -9999.000 -9999.000 -9999.000 -9999.000 -9999.000 -9999.000 -9999.000 -9999.000 -9999.000 -9999.000 -9999.000 -9999.000 -9999.000 -9999.000 -9999.000 -9999.000 -9999.000 -9999.000
-9999.000 -9999.000 -9999.000 -9999.000 -9999.000 -9999.000 -9999.000 -9999.000 -9999.000 -9999.000 -9999.000 -9999.000 -9999.000 -9999.000 -9999.000 -0.1030524 -0.9680513E-01 -0.1025769 -0.1101962 -0.1190076 -0.1292739 -0.1416107 -0.1569085 -0.1763317 -0.2013867 -0.2340828 -0.2772335 -0.3350153 -0.4120197 -0.4586097 -0.4586097 -9999.000 -9999.000 -9999.000 -9999.000 -9999.000 -9999.000 -9999.000 -9999.000 -9999.000 -9999.000 -9999.000 -9999.000 -9999.000 -9999.000 -9999.000 -9999.000 -9999.000 -9999.000 -9999.000 -9999.000 -9999.000 -9999.000 -9999.000 -9999.000 -9999.000 -9999.000 -9999.000 -9999.000
-9999.000 -9999.000 -9999.000 -9999.000 -9999.000 -9999.000 -9999.000 -9999.000 -9999.000 -9999.000 -9999.000 -9999.000 -9999.000 -9999.000 -9999.000 -0.8101116E-01 -0.7804714E-01 -0.8473152E-01 -0.9304228E-01 -0.1025648 -0.1136595 -0.1270670 -0.1438559 -0.1654419 -0.1937006 -0.2312229 -0.2818128 -0.3515017 -0.4489337 -0.5357299 -0.5357299 -9999.000 -9999.000 -9999.000 -9999.000 -9999.000 -9999.000 -9999.000 -9999.000 -9999.000 -9999.000 -9999.000 -9999.000 -9999.000 -9999.000 -9999.000 -9999.000 -9999.000 -9999.000 -9999.000 -9999.000 -9999.000 -9999.000 -9999.000 -9999.000 -9999.000 -9999.000 -9999.000 -9999.000
-9999.000 -9999.000 -9999.000 -9999.000 -9999.000 -9999.000 -9999.000 -9999.000 -9999.000 -9999.000 -9999.000 -9999.000 -9999.000 -9999.000 -9999.000 -0.4990325E-01 -0.5490894E-01 -0.6378296E-01 -0.7351687E-01 -0.8413848E-01 -0.9619401E-01 -0.1106081 -0.1286785 -0.1521288 -0.1832881 -0.2254926 -0.2839005 -0.3673186 -0.4913633 -0.6536449 -0.6536449 -9999.000 -9999.000 -9999.000 -9999.000 -9999.000 -9999.000 -9999.000 -9999.000 -9999.000 -9999.000 -9999.000 -9999.000 -9999.000 -9999.000 -9999.000 -9999.000 -9999.000 -9999.000 -9999.000 -9999.000 -9999.000 -9999.000 -9999.000 -9999.000 -9999.000 -9999.000 -9999.000 -9999.000
-0.2553688E-02 -0.2553688E-02 -0.3722895E-02 -0.4229082E-02 -0.4269909E-02 -0.4269909E-02 -0.4275476E-02 -0.4261822E-02 -0.4261822E-02 -0.4249541E-02 -0.4249541E-02 -0.4231956E-02 -0.5485317E-02 -0.2596269E-01 -0.2911182E-01 -0.2911182E-01 -0.6420113E-01 -0.7968982E-01 -0.9455309E-01 -0.1089322 -0.1231307 -0.1378398 -0.1542764 -0.1743186 -0.2007066 -0.2373971 -0.2902721 -0.3688444 -0.4896269 -0.7185678 -0.7185678 -0.4623007 -0.2859381 -0.6891013E-01 -0.1770642E-01 -0.1770642E-01 0.2237225E-01 0.2237225E-01 0.2921308E-01 0.2921308E-01 -0.1671626E-01 -0.7818665E-02 -0.7818665E-02 0.5541929E-02 0.5541929E-02 0.1020959E-01 0.1020959E-01 0.1020959E-01 0.8562165E-02 0.8562165E-02 0.6485632E-02 0.6485632E-02 0.5942734E-02 0.5942734E-02 0.3649449E-02 0.3649449E-02 0.2250018E-02 0.2250018E-02 0.2250018E-02
-0.3772807E-02 -0.3772807E-02 -0.5523287E-02 -0.6073370E-02 -0.6072326E-02 -0.6072326E-02 -0.6045233E-02 -0.6001497E-02 -0.6001497E-02 -0.5990015E-02 -0.5990015E-02 -0.5982168E-02 -0.7889153E-02 -0.4520056E-01 -0.5273741E-01 -0.5273741E-01 -0.1013405 -0.1250000 -0.1482395 -0.1705010 -0.1913126 -0.2105435 -0.2286049 -0.2466373 -0.2666992 -0.2919675 -0.3269696 -0.3778667 -0.4517289 -0.5613345 -0.5613345 -0.3763972 -0.2376903 -0.5868757E-01 -0.6796594E-02 -0.6796594E-02 0.5266240E-01 0.5266240E-01 0.7907002E-01 0.7907002E-01 0.1509386E-01 -0.6969106E-02 -0.6969106E-02 0.1472226E-01 0.1472226E-01 0.2242431E-01 0.2242431E-01 0.2242431E-01 0.1848310E-01 0.1848310E-01 0.1403493E-01 0.1403493E-01 0.9488452E-02 0.9488452E-02 0.7642811E-02 0.7642811E-02 0.5313728E-02 0.5313728E-02 0.5313728E-02
-0.2846833E-02 -0.2846833E-02 -0.4621567E-02 -0.5228194E-02 -0.5196557E-02 -0.5196557E-02 -0.5140375E-02 -0.5066398E-02 -0.5066398E-02 -0.5057096E-02 -0.5057096E-02 -0.5070983E-02 -0.6644827E-02 -0.4756350E-01 -0.6423093E-01 -0.6423093E-01 -0.1150452 -0.1438036 -0.1737859 -0.2039876 -0.2334490 -0.2614185 -0.2875043 -0.3118162 -0.3351087 -0.3589244 -0.3857066 -0.4187310 -0.4608717 -0.5124168 -0.5124168 -0.4016074 -0.2972904 -0.1295988 -0.6221525E-01 -0.6221525E-01 0.5161513E-01 0.5161513E-01 0.1307260 0.1307260 0.1056571 0.2483884E-01 0.2483884E-01 0.2809468E-01 0.2809468E-01 0.3245208E-01 0.3245208E-01 0.3245208E-01 0.2705727E-01 0.2705727E-01 0.2035764E-01 0.2035764E-01 0.1134808E-01 0.1134808E-01 0.9636397E-02 0.9636397E-02 0.6910032E-02 0.6910032E-02 0.6910032E-02
-0.2070481E-02 -0.2070481E-02 -0.3671564E-02 -0.4292851E-02 -0.4239866E-02 -0.4239866E-02 -0.4158230E-02 -0.4048845E-02 -0.4048845E-02 -0.4028290E-02 -0.4028290E-02 -0.4045261E-02 -0.5250102E-02 -0.4286325E-01 -0.7039691E-01 -0.7039691E-01 -0.1214642 -0.1529630 -0.1869868 -0.2223632 -0.2579765 -0.2928363 -0.3261572 -0.3574477 -0.3865979 -0.4139502 -0.4403012 -0.4666447 -0.4929486 -0.5158367 -0.5158367 -0.4426011 -0.3595705 -0.1981471 -0.1185573 -0.1185573 0.3737040E-01 0.3737040E-01 0.1586403 0.1586403 0.1718794 0.8884645E-01 0.8884645E-01 0.4957205E-01 0.4957205E-01 0.3836229E-01 0.3836229E-01 0.3836229E-01 0.3094007E-01 0.3094007E-01 0.2218289E-01 0.2218289E-01 0.1179097E-01 0.1179097E-01 0.7631760E-02 0.7631760E-02 0.4632510E-02 0.4632510E-02 0.4632510E-02
-0.1431352E-02 -0.1431352E-02 -0.2719167E-02 -0.3297449E-02 -0.3242531E-02 -0.3242531E-02 -0.3154515E-02 -0.3033178E-02 -0.3033178E-02 -0.3007594E-02 -0.3007594E-02 -0.3023974E-02 -0.3918130E-02 -0.3330105E-01 -0.7395184E-01 -0.7395184E-01 -0.1257415 -0.1594667 -0.1965140 -0.2355634 -0.2754470 -0.3151275 -0.3537085 -0.3904558 -0.4248272 -0.4564879 -0.4852479 -0.5106553 -0.5306851 -0.5404269 -0.5404269 -0.4871067 -0.4160886 -0.2512504 -0.1592004 -0.1592004 0.2488053E-01 0.2488053E-01 0.1651001 0.1651001 0.1993805 0.1551696 0.1551696 0.8321977E-01 0.8321977E-01 0.4496115E-01 0.4496115E-01 0.4496115E-01 0.3209761E-01 0.3209761E-01 0.2063432E-01 0.2063432E-01 0.9112177E-02 0.9112177E-02 0.3088566E-02 0.3088566E-02 0.6177808E-04 0.6177808E-04 0.6177808E-04
-0.8970597E-03 -0.8970597E-03 -0.1787355E-02 -0.2240821E-02 -0.2198091E-02 -0.2198091E-02 -0.2124618E-02 -0.2020660E-02 -0.2020660E-02 -0.1997552E-02 -0.1997552E-02 -0.2010248E-02 -0.2658379E-02 -0.2318886E-01 -0.7367234E-01 -0.7367234E-01 -0.1289163 -0.1652966 -0.2054408 -0.2478567 -0.2913011 -0.3347102 -0.3771740 -0.4179115 -0.4562437 -0.4915595 -0.5232028 -0.5498722 -0.5679424 -0.5713793 -0.5713793 -0.5265849 -0.4593101 -0.2794570 -0.1759041 -0.1759041 0.1849743E-01 0.1849743E-01 0.1570782 0.1570782 0.1982461 0.1961092 0.1961092 0.1230122 0.1230122 0.5470714E-01 0.5470714E-01 0.5470714E-01 0.3297598E-01 0.3297598E-01 0.1745507E-01 0.1745507E-01 0.4534100E-02 0.4534100E-02 -0.2748528E-02 -0.2748528E-02 -0.5573798E-02 -0.5573798E-02 -0.5573798E-02
-0.4317217E-03 -0.4317217E-03 -0.8840522E-03 -0.1134301E-02 -0.1111478E-02 -0.1111478E-02 -0.1070067E-02 -0.1010051E-02 -0.1010051E-02 -0.9963413E-03 -0.9963413E-03 -0.1003199E-02 -0.1463431E-02 -0.1551912E-01 -0.6836191E-01 -0.6836191E-01 -0.1314546 -0.1712199 -0.2149497 -0.2610036 -0.3080338 -0.3549041 -0.4006739 -0.4445626 -0.4858946 -0.5240262 -0.5581896 -0.5865216 -0.6034335 -0.6010805 -0.6010805 -0.5554279 -0.4823074 -0.2792022 -0.1703428 -0.1703428 0.1496447E-01 0.1496447E-01 0.1400553 0.1400553 0.1808829 0.2060930 0.2060930 0.1556369 0.1556369 0.6818650E-01 0.6818650E-01 0.6818650E-01 0.3548703E-01 0.3548703E-01 0.1428639E-01 0.1428639E-01 -0.7126463E-03 -0.7126463E-03 -0.8939052E-02 -0.8939052E-02 -0.1137661E-01 -0.1137661E-01 -0.1137661E-01
-0.7122257E-07 -0.7122257E-07 0.2814821E-07 -0.1112335E-07 0.4738512E-08 0.4738512E-08 -0.1354951E-06 -0.6141904E-07 -0.6141904E-07 -0.2532727E-07 -0.2532727E-07 -0.2945473E-07 -0.3204195E-03 -0.9811403E-02 -0.5739542E-01 -0.5739542E-01 -0.1343899 -0.1783277 -0.2261980 -0.2763014 -0.3272080 -0.3776791 -0.4266894 -0.4734245 -0.5172372 -0.5575625 -0.5937106 -0.6231245 -0.6367544 -0.6244832 -0.6244832 -0.5675482 -0.4786637 -0.2561872 -0.1522091 -0.1522091 0.1035390E-01 0.1035390E-01 0.1182690 0.1182690 0.1559232 0.1940363 0.1940363 0.1710418 0.1710418 0.8274231E-01 0.8274231E-01 0.8274231E-01 0.4015705E-01 0.4015705E-01 0.1238590E-01 0.1238590E-01 -0.5436658E-02 -0.5436658E-02 -0.1458969E-01 -0.1458969E-01 -0.1654132E-01 -0.1654132E-01 -0.1654132E-01
0.4315982E-03 0.4315982E-03 0.8839974E-03 0.1134322E-02 0.1111482E-02 0.1111482E-02 0.1069921E-02 0.1009924E-02 0.1009924E-02 0.9962574E-03 0.9962574E-03 0.1003120E-02 0.7850206E-03 -0.5560429E-02 -0.4353807E-01 -0.4353807E-01 -0.1382959 -0.1875542 -0.2403967 -0.2951613 -0.3503623 -0.4046989 -0.4570719 -0.5066141 -0.5526879 -0.5948201 -0.6324185 -0.6614311 -0.6661292 -0.6353860 -0.6353860 -0.5564849 -0.4470696 -0.2231960 -0.1318690 -0.1318690 0.3880325E-02 0.3880325E-02 0.9520081E-01 0.9520081E-01 0.1286590 0.1703254 0.1703254 0.1680576 0.1680576 0.9379905E-01 0.9379905E-01 0.9379905E-01 0.4581238E-01 0.4581238E-01 0.1224391E-01 0.1224391E-01 -0.8682441E-02 -0.8682441E-02 -0.1881303E-01 -0.1881303E-01 -0.2028946E-01 -0.2028946E-01 -0.2028946E-01
0.8969866E-03 0.8969866E-03 0.1787240E-02 0.2240707E-02 0.2198060E-02 0.2198060E-02 0.2124629E-02 0.2020623E-02 0.2020623E-02 0.1997537E-02 0.1997537E-02 0.2010259E-02 0.1865732E-02 -0.2334580E-02 -0.3080977E-01 -0.3080977E-01 -0.1434445 -0.2001958 -0.2593969 -0.3196592 -0.3795786 -0.4379381 -0.4936855 -0.5459617 -0.5941368 -0.6377885 -0.6762690 -0.7018391 -0.6861989 -0.6266730 -0.6266730 -0.5189766 -0.3964196 -0.1910538 -0.1136941 -0.1136941 -0.2634051E-02 -0.2634051E-02 0.7336809E-01 0.7336809E-01 0.1020974 0.1419031 0.1419031 0.1514642 0.1514642 0.9745248E-01 0.9745248E-01 0.9745248E-01 0.5015601E-01 0.5015601E-01 0.1344833E-01 0.1344833E-01 -0.9896912E-02 -0.9896912E-02 -0.2083951E-01 -0.2083951E-01 -0.2193589E-01 -0.2193589E-01 -0.2193589E-01
0.1431265E-02 0.1431265E-02 0.2719120E-02 0.3297349E-02 0.3242398E-02 0.3242398E-02 0.3154467E-02 0.3033270E-02 0.3033270E-02 0.3007667E-02 0.3007667E-02 0.3024045E-02 0.2931387E-02 0.1937740E-03 -0.2000400E-01 -0.2000400E-01 -0.1513747 -0.2189045 -0.2863072 -0.3528810 -0.4177292 -0.4799954 -0.5388553 -0.5935580 -0.6435082 -0.6883162 -0.7269370 -0.7416801 -0.6873299 -0.5940678 -0.5940678 -0.4623804 -0.3401158 -0.1624290 -0.9880178E-01 -0.9880178E-01 -0.7286710E-02 -0.7286710E-02 0.5407405E-01 0.5407405E-01 0.7764772E-01 0.1124915 0.1124915 0.1269062 0.1269062 0.9216356E-01 0.9216356E-01 0.9216356E-01 0.5087979E-01 0.5087979E-01 0.1493182E-01 0.1493182E-01 -0.9018916E-02 -0.9018916E-02 -0.2016848E-01 -0.2016848E-01 -0.2098627E-01 -0.2098627E-01 -0.2098627E-01
