cruce_test.gid/Rasters/Hydraulic/Velocity____66.0.asc
NCOLS        79
NROWS        79
XLLCENTER         -1.500000
YLLCENTER         -4.800000
CELLSIZE           0.100
NODATA_VALUE     -9999.0
[rows 0 to 26 of 79, columns 0 to 59 of 79]
-9999.000 -9999.000 -9999.000 -9999.000 -9999.000 -9999.000 -9999.000 -9999.000 -9999.000 -9999.000 -9999.000 -9999.000 -9999.000 -9999.000 -9999.000 0.2335794 0.2324820 0.2326958 0.2330243 0.2333799 0.2337590 0.2341718 0.2346330 0.2351590 0.2357717 0.2365020 0.2374013 0.2385560 0.2399795 0.2371270 0.2371270 -9999.000 -9999.000 -9999.000 -9999.000 -9999.000 -9999.000 -9999.000 -9999.000 -9999.000 -9999.000 -9999.000 -9999.000 -9999.000 -9999.000 -9999.000 -9999.000 -9999.000 -9999.000 -9999.000 -9999.000 -9999.000 -9999.000 -9999.000 -9999.000 -9999.000 -9999.000 -9999.000 -9999.000 -9999.000
-9999.000 -9999.000 -9999.000 -9999.000 -9999.000 -9999.000 -9999.000 -9999.000 -9999.000 -9999.000 -9999.000 -9999.000 -9999.000 -9999.000 -9999.000 0.2302456 0.2277543 0.2281701 0.2288336 0.2295531 0.2303138 0.2311324 0.2320367 0.2330622 0.2342572 0.2356937 0.2374879 0.2398254 0.2427153 0.2372667 0.2372667 -9999.000 -9999.000 -9999.000 -9999.000 -9999.000 -9999.000 -9999.000 -9999.000 -9999.000 -9999.000 -9999.000 -9999.000 -9999.000 -9999.000 -9999.000 -9999.000 -9999.000 -9999.000 -9999.000 -9999.000 -9999.000 -9999.000 -9999.000 -9999.000 -9999.000 -9999.000 -9999.000 -9999.000 -9999.000
-9999.000 -9999.000 -9999.000 -9999.000 -9999.000 -9999.000 -9999.000 -9999.000 -9999.000 -9999.000 -9999.000 -9999.000 -9999.000 -9999.000 -9999.000 0.2252547 0.2211601 0.2218560 0.2230218 0.2243256 0.2257311 0.2272589 0.2289523 0.2308701 0.2330938 0.2357404 0.2389890 0.2431053 0.2480154 0.2400094 0.2400094 -9999.000 -9999.000 -9999.000 -9999.000 -9999.000 -9999.000 -9999.000 -9999.000 -9999.000 -9999.000 -9999.000 -9999.000 -9999.000 -9999.000 -9999.000 -9999.000 -9999.000 -9999.000 -9999.000 -9999.000 -9999.000 -9999.000 -9999.000 -9999.000 -9999.000 -9999.000 -9999.000 -9999.000 -9999.000
-9999.000 -9999.000 -9999.000 -9999.000 -9999.000 -9999.000 -9999.000 -9999.000 -9999.000 -9999.000 -9999.000 -9999.000 -9999.000 -9999.000 -9999.000 0.2191290 0.2134443 0.2145055 0.2163008 0.2183479 0.2205849 0.2230346 0.2257540 0.2288243 0.2323586 0.2365200 0.2415518 0.2478061 0.2551282 0.2450514 0.2450514 -9999.000 -9999.000 -9999.000 -9999.000 -9999.000 -9999.000 -9999.000 -9999.000 -9999.000 -9999.000 -9999.000 -9999.000 -9999.000 -9999.000 -9999.000 -9999.000 -9999.000 -9999.000 -9999.000 -9999.000 -9999.000 -9999.000 -9999.000 -9999.000 -9999.000 -9999.000 -9999.000 -9999.000 -9999.000
-9999.000 -9999.000 -9999.000 -9999.000 -9999.000 -9999.000 -9999.000 -9999.000 -9999.000 -9999.000 -9999.000 -9999.000 -9999.000 -9999.000 -9999.000 0.2119234 0.2047219 0.2062344 0.2087784 0.2117116 0.2149442 0.2184998 0.2224488 0.2268957 0.2319886 0.2379418 0.2450731 0.2538364 0.2640091 0.2524203 0.2524203 -9999.000 -9999.000 -9999.000 -9999.000 -9999.000 -9999.000 -9999.000 -9999.000 -9999.000 -9999.000 -9999.000 -9999.000 -9999.000 -9999.000 -9999.000 -9999.000 -9999.000 -9999.000 -9999.000 -9999.000 -9999.000 -9999.000 -9999.000 -9999.000 -9999.000 -9999.000 -9999.000 -9999.000 -9999.000
-9999.000 -9999.000 -9999.000 -9999.000 -9999.000 -9999.000 -9999.000 -9999.000 -9999.000 -9999.000 -9999.000 -9999.000 -9999.000 -9999.000 -9999.000 0.2036338 0.1950655 0.1971224 0.2005296 0.2044815 0.2088586 0.2136852 0.2190460 0.2250727 0.2319537 0.2399652 0.2495160 0.2611888 0.2747225 0.2622907 0.2622907 -9999.000 -9999.000 -9999.000 -9999.000 -9999.000 -9999.000 -9999.000 -9999.000 -9999.000 -9999.000 -9999.000 -9999.000 -9999.000 -9999.000 -9999.000 -9999.000 -9999.000 -9999.000 -9999.000 -9999.000 -9999.000 -9999.000 -9999.000 -9999.000 -9999.000 -9999.000 -9999.000 -9999.000 -9999.000
-9999.000 -9999.000 -9999.000 -9999.000 -9999.000 -9999.000 -9999.000 -9999.000 -9999.000 -9999.000 -9999.000 -9999.000 -9999.000 -9999.000 -9999.000 0.1942005 0.1845116 0.1872205 0.1916069 0.1967063 0.2023692 0.2086207 0.2155631 0.2233596 0.2322494 0.2425854 0.2548931 0.2699230 0.2874295 0.2749854 0.2749854 -9999.000 -9999.000 -9999.000 -9999.000 -9999.000 -9999.000 -9999.000 -9999.000 -9999.000 -9999.000 -9999.000 -9999.000 -9999.000 -9999.000 -9999.000 -9999.000 -9999.000 -9999.000 -9999.000 -9999.000 -9999.000 -9999.000 -9999.000 -9999.000 -9999.000 -9999.000 -9999.000 -9999.000 -9999.000
-9999.000 -9999.000 -9999.000 -9999.000 -9999.000 -9999.000 -9999.000 -9999.000 -9999.000 -9999.000 -9999.000 -9999.000 -9999.000 -9999.000 -9999.000 0.1835130 0.1730674 0.1765597 0.1820509 0.1884305 0.1955191 0.2033448 0.2120312 0.2217807 0.2328960 0.2458292 0.2612579 0.2801576 0.3023889 0.2910042 0.2910042 -9999.000 -9999.000 -9999.000 -9999.000 -9999.000 -9999.000 -9999.000 -9999.000 -9999.000 -9999.000 -9999.000 -9999.000 -9999.000 -9999.000 -9999.000 -9999.000 -9999.000 -9999.000 -9999.000 -9999.000 -9999.000 -9999.000 -9999.000 -9999.000 -9999.000 -9999.000 -9999.000 -9999.000 -9999.000
-9999.000 -9999.000 -9999.000 -9999.000 -9999.000 -9999.000 -9999.000 -9999.000 -9999.000 -9999.000 -9999.000 -9999.000 -9999.000 -9999.000 -9999.000 0.1714170 0.1607164 0.1651607 0.1719024 0.1797069 0.1883677 0.1979175 0.2085069 0.2203880 0.2339442 0.2497568 0.2687051 0.2920722 0.3199704 0.3110861 0.3110861 -9999.000 -9999.000 -9999.000 -9999.000 -9999.000 -9999.000 -9999.000 -9999.000 -9999.000 -9999.000 -9999.000 -9999.000 -9999.000 -9999.000 -9999.000 -9999.000 -9999.000 -9999.000 -9999.000 -9999.000 -9999.000 -9999.000 -9999.000 -9999.000 -9999.000 -9999.000 -9999.000 -9999.000 -9999.000
-9999.000 -9999.000 -9999.000 -9999.000 -9999.000 -9999.000 -9999.000 -9999.000 -9999.000 -9999.000 -9999.000 -9999.000 -9999.000 -9999.000 -9999.000 0.1577191 0.1474254 0.1530446 0.1612165 0.1706150 0.1810092 0.1924402 0.2050924 0.2192803 0.2354913 0.2544746 0.2773796 0.3059173 0.3406832 0.3363287 0.3363287 -9999.000 -9999.000 -9999.000 -9999.000 -9999.000 -9999.000 -9999.000 -9999.000 -9999.000 -9999.000 -9999.000 -9999.000 -9999.000 -9999.000 -9999.000 -9999.000 -9999.000 -9999.000 -9999.000 -9999.000 -9999.000 -9999.000 -9999.000 -9999.000 -9999.000 -9999.000 -9999.000 -9999.000 -9999.000
-9999.000 -9999.000 -9999.000 -9999.000 -9999.000 -9999.000 -9999.000 -9999.000 -9999.000 -9999.000 -9999.000 -9999.000 -9999.000 -9999.000 -9999.000 0.1421937 0.1331540 0.1402512 0.1500891 0.1612908 0.1736065 0.1870907 0.2019709 0.2186395 0.2377146 0.2601639 0.2874996 0.3220363 0.3652246 0.3684122 0.3684122 -9999.000 -9999.000 -9999.000 -9999.000 -9999.000 -9999.000 -9999.000 -9999.000 -9999.000 -9999.000 -9999.000 -9999.000 -9999.000 -9999.000 -9999.000 -9999.000 -9999.000 -9999.000 -9999.000 -9999.000 -9999.000 -9999.000 -9999.000 -9999.000 -9999.000 -9999.000 -9999.000 -9999.000 -9999.000
-9999.000 -9999.000 -9999.000 -9999.000 -9999.000 -9999.000 -9999.000 -9999.000 -9999.000 -9999.000 -9999.000 -9999.000 -9999.000 -9999.000 -9999.000 0.1245915 0.1178733 0.1268750 0.1387038 0.1519822 0.1664510 0.1821877 0.1994744 0.2187989 0.2409407 0.2671460 0.2994117 0.3409123 0.3945617 0.4100447 0.4100447 -9999.000 -9999.000 -9999.000 -9999.000 -9999.000 -9999.000 -9999.000 -9999.000 -9999.000 -9999.000 -9999.000 -9999.000 -9999.000 -9999.000 -9999.000 -9999.000 -9999.000 -9999.000 -9999.000 -9999.000 -9999.000 -9999.000 -9999.000 -9999.000 -9999.000 -9999.000 -9999.000 -9999.000 -9999.000
-9999.000 -9999.000 -9999.000 -9999.000 -9999.000 -9999.000 -9999.000 -9999.000 -9999.000 -9999.000 -9999.000 -9999.000 -9999.000 -9999.000 -9999.000 0.1046549 0.1016164 0.1131475 0.1274325 0.1431582 0.1600794 0.1783153 0.1982186 0.2203891 0.2457972 0.2760314 0.3137234 0.3632745 0.4300673 0.4659255 0.4659255 -9999.000 -9999.000 -9999.000 -9999.000 -9999.000 -9999.000 -9999.000 -9999.000 -9999.000 -9999.000 -9999.000 -9999.000 -9999.000 -9999.000 -9999.000 -9999.000 -9999.000 -9999.000 -9999.000 -9999.000 -9999.000 -9999.000 -9999.000 -9999.000 -9999.000 -9999.000 -9999.000 -9999.000 -9999.000
-9999.000 -9999.000 -9999.000 -9999.000 -9999.000 -9999.000 -9999.000 -9999.000 -9999.000 -9999.000 -9999.000 -9999.000 -9999.000 -9999.000 -9999.000 0.8211884E-01 0.8466331E-01 0.9974561E-01 0.1172057 0.1359086 0.1556870 0.1767441 0.1995295 0.2247738 0.2536588 0.2881662 0.3317191 0.3904291 0.4738050 0.5451752 0.5451752 -9999.000 -9999.000 -9999.000 -9999.000 -9999.000 -9999.000 -9999.000 -9999.000 -9999.000 -9999.000 -9999.000 -9999.000 -9999.000 -9999.000 -9999.000 -9999.000 -9999.000 -9999.000 -9999.000 -9999.000 -9999.000 -9999.000 -9999.000 -9999.000 -9999.000 -9999.000 -9999.000 -9999.000 -9999.000
-9999.000 -9999.000 -9999.000 -9999.000 -9999.000 -9999.000 -9999.000 -9999.000 -9999.000 -9999.000 -9999.000 -9999.000 -9999.000 -9999.000 -9999.000 0.5708393E-01 0.7645672E-01 0.1006854 0.1237625 0.1460100 0.1680667 0.1906786 0.2147090 0.2412528 0.2718822 0.3091222 0.3573984 0.4251525 0.5286415 0.6668291 0.6668291 -9999.000 -9999.000 -9999.000 -9999.000 -9999.000 -9999.000 -9999.000 -9999.000 -9999.000 -9999.000 -9999.000 -9999.000 -9999.000 -9999.000 -9999.000 -9999.000 -9999.000 -9999.000 -9999.000 -9999.000 -9999.000 -9999.000 -9999.000 -9999.000 -9999.000 -9999.000 -9999.000 -9999.000 -9999.000
1.606681 1.606681 1.661898 1.693631 1.702552 1.702552 1.709095 1.717718 1.717718 1.722512 1.722512 1.693419 1.442176 1.334403 1.259294 1.259294 1.107441 1.042815 0.9714375 0.8956258 0.8182701 0.7429235 0.6736923 0.6151172 0.5721875 0.5506732 0.5580532 0.6058342 0.7151853 0.9462042 0.9462042 1.558936 1.757293 1.826588 1.791961 1.791961 1.661675 1.661675 1.477579 1.477579 1.140227 0.9170485 0.9170485 0.9061478 0.9061478 0.9452752 0.9452752 0.9452752 0.9946752 0.9946752 1.038203 1.038203 1.074787 1.074787 1.119274 1.119274 1.146844 1.146844 1.146844 1.167055
1.621082 1.621082 1.681789 1.727403 1.743744 1.743744 1.757793 1.781477 1.781477 1.801257 1.801257 1.800881 1.579868 1.454177 1.402629 1.402629 1.341531 1.315400 1.281198 1.238414 1.187375 1.129318 1.066502 1.002417 0.9420938 0.8925393 0.8633983 0.8681782 0.9267205 1.073055 1.073055 1.518496 1.673051 1.775158 1.789614 1.789614 1.770942 1.770942 1.687340 1.687340 1.527860 1.212803 1.212803 1.207226 1.207226 1.256822 1.256822 1.256822 1.309412 1.309412 1.356651 1.356651 1.383610 1.383610 1.438289 1.438289 1.472141 1.472141 1.472141 1.499277
1.624480 1.624480 1.683212 1.727883 1.744201 1.744201 1.758343 1.782372 1.782372 1.802592 1.802592 1.807997 1.614298 1.471189 1.435023 1.435023 1.405567 1.397682 1.385485 1.367652 1.343469 1.312843 1.276440 1.235889 1.194094 1.155689 1.127754 1.121038 1.152375 1.252831 1.252831 1.596170 1.736063 1.850558 1.876650 1.876650 1.881001 1.881001 1.828708 1.828708 1.744165 1.475338 1.475338 1.427822 1.427822 1.463314 1.463314 1.463314 1.511247 1.511247 1.552236 1.552236 1.584104 1.584104 1.623927 1.623927 1.652751 1.652751 1.652751 1.675110
1.627178 1.627178 1.684317 1.728072 1.744231 1.744231 1.758310 1.782338 1.782338 1.802593 1.802593 1.811492 1.648033 1.482526 1.455360 1.455360 1.442083 1.441991 1.439541 1.433850 1.424401 1.410964 1.393685 1.373271 1.351264 1.330421 1.315267 1.313083 1.336116 1.410998 1.410998 1.674801 1.796464 1.903401 1.926634 1.926634 1.932417 1.932417 1.901483 1.901483 1.861144 1.678590 1.678590 1.588186 1.588186 1.611112 1.611112 1.611112 1.652047 1.652047 1.688071 1.688071 1.716836 1.716836 1.748837 1.748837 1.773996 1.773996 1.773996 1.793160
1.629283 1.629283 1.685133 1.728243 1.744253 1.744253 1.758269 1.782293 1.782293 1.802574 1.802574 1.813983 1.685410 1.495637 1.474337 1.474337 1.474513 1.479398 1.482024 1.482141 1.479827 1.475296 1.468880 1.461116 1.452932 1.445941 1.442842 1.448072 1.469629 1.529172 1.529172 1.739106 1.839554 1.927176 1.941545 1.941545 1.940617 1.940617 1.928322 1.928322 1.915654 1.820417 1.820417 1.722358 1.722358 1.717646 1.717646 1.717646 1.751238 1.751238 1.783378 1.783378 1.809852 1.809852 1.836733 1.836733 1.858876 1.858876 1.858876 1.875542
1.630763 1.630763 1.685714 1.728382 1.744272 1.744272 1.758237 1.782254 1.782254 1.802559 1.802559 1.815761 1.724254 1.512132 1.492940 1.492940 1.507499 1.517167 1.523626 1.527145 1.528351 1.527989 1.526836 1.525671 1.525345 1.526948 1.532025 1.542769 1.563392 1.612294 1.612294 1.780817 1.860080 1.918688 1.922385 1.922385 1.919696 1.919696 1.929393 1.929393 1.935473 1.906885 1.906885 1.833475 1.833475 1.802293 1.802293 1.802293 1.825807 1.825807 1.853171 1.853171 1.877148 1.877148 1.900179 1.900179 1.919281 1.919281 1.919281 1.933492
1.631637 1.631637 1.686066 1.728471 1.744285 1.744285 1.758216 1.782229 1.782229 1.802549 1.802549 1.817021 1.756206 1.537237 1.510983 1.510983 1.542448 1.557392 1.567606 1.573808 1.577056 1.578521 1.579429 1.580936 1.584092 1.589885 1.599221 1.612306 1.629276 1.666035 1.666035 1.798713 1.853736 1.876812 1.874054 1.874054 1.883207 1.883207 1.917750 1.917750 1.937147 1.951648 1.951648 1.916456 1.916456 1.873853 1.873853 1.873853 1.885708 1.885708 1.906592 1.906592 1.927191 1.927191 1.946443 1.946443 1.962259 1.962259 1.962259 1.973877
1.631925 1.631925 1.686184 1.728503 1.744291 1.744291 1.758209 1.782220 1.782220 1.802546 1.802546 1.817906 1.775488 1.568891 1.526629 1.526629 1.579863 1.600925 1.615254 1.624097 1.628886 1.631099 1.632347 1.634176 1.637955 1.644811 1.655370 1.667459 1.675493 1.694095 1.694095 1.788456 1.814142 1.806715 1.807600 1.807600 1.842183 1.842183 1.900143 1.900143 1.928989 1.969644 1.969644 1.969447 1.969447 1.933969 1.933969 1.933969 1.936078 1.936078 1.949383 1.949383 1.965205 1.965205 1.980215 1.980215 1.992497 1.992497 1.992497 2.001365
1.631636 1.631636 1.686066 1.728472 1.744286 1.744286 1.758216 1.782229 1.782229 1.802549 1.802549 1.818527 1.790026 1.604251 1.540432 1.540432 1.620361 1.648218 1.666957 1.678508 1.684781 1.687402 1.688202 1.689048 1.691672 1.697533 1.707264 1.714569 1.703633 1.694013 1.694013 1.743774 1.737095 1.722007 1.736774 1.736774 1.802533 1.802533 1.879423 1.879423 1.914997 1.971792 1.971792 1.997239 1.997239 1.981185 1.981185 1.981185 1.978503 1.978503 1.984747 1.984747 1.994708 1.994708 2.004821 2.004821 2.013106 2.013106 2.013106 2.018985
1.630763 1.630763 1.685714 1.728381 1.744272 1.744272 1.758237 1.782254 1.782254 1.802559 1.802559 1.818958 1.800410 1.640240 1.553038 1.553038 1.666914 1.700815 1.723687 1.738005 1.745631 1.748377 1.748270 1.747443 1.747938 1.751514 1.758583 1.754869 1.707681 1.660562 1.660562 1.659849 1.628844 1.637255 1.669956 1.669956 1.765501 1.765501 1.856745 1.856745 1.897329 1.964757 1.964757 2.007364 2.007364 2.014495 2.014495 2.014495 2.012632 2.012632 2.013935 2.013935 2.017915 2.017915 2.022526 2.022526 2.026306 2.026306 2.026306 2.028963
1.629283 1.629283 1.685133 1.728242 1.744252 1.744252 1.758269 1.782292 1.782292 1.802574 1.802574 1.819255 1.807636 1.673870 1.566127 1.566127 1.720558 1.760357 1.787387 1.804129 1.812680 1.815085 1.813551 1.810420 1.808005 1.808343 1.811041 1.783662 1.670300 1.581592 1.581592 1.536343 1.509546 1.561846 1.606484 1.606484 1.731697 1.731697 1.833876 1.833876 1.878296 1.953020 1.953020 2.006748 2.006748 2.034932 2.034932 2.034932 2.037904 2.037904 2.037072 2.037072 2.035857 2.035857 2.034771 2.034771 2.033721 2.033721 2.033721 2.033042
1.627178 1.627178 1.684317 1.728071 1.744230 1.744230 1.758309 1.782338 1.782338 1.802592 1.802592 1.819455 1.812489 1.700924 1.581177 1.581177 1.784182 1.830022 1.860380 1.878592 1.887213 1.888542 1.884924 1.878840 1.872807 1.869105 1.864699 1.776799 1.577352 1.459719 1.459719 1.395122 1.394611 1.496003 1.559255 1.559255 1.700242 1.700242 1.811676 1.811676 1.859003 1.938671 1.938671 1.999492 1.999492 2.044099 2.044099 2.044099 2.053504 2.053504 2.052931 2.052931 2.047907 2.047907 2.041552 2.041552 2.035775 2.035775 2.035775 2.031910
