cruce_test.gid/Rasters/Hydraulic/Velocity__x_16.0.asc
NCOLS        79
NROWS        79
XLLCENTER         -1.500000
YLLCENTER         -4.800000
CELLSIZE           0.100
NODATA_VALUE     -9999.0
[rows 0 to 25 of 79, columns 0 to 57 of 79]
-9999.000 -9999.000 -9999.000 -9999.000 -9999.000 -9999.000 -9999.000 -9999.000 -9999.000 -9999.000 -9999.000 -9999.000 -9999.000 -9999.000 -9999.000 0.8585952E-03 0.1037163E-02 0.3844311E-03 0.1418944E-03 0.5225413E-04 0.1897200E-04 0.6163403E-05 -0.1221415E-07 -0.6170705E-05 -0.1897390E-04 -0.5222957E-04 -0.1418613E-03 -0.3844138E-03 -0.1037192E-02 -0.8586099E-03 -0.8586099E-03 -9999.000 -9999.000 -9999.000 -9999.000 -9999.000 -9999.000 -9999.000 -9999.000 -9999.000 -9999.000 -9999.000 -9999.000 -9999.000 -9999.000 -9999.000 -9999.000 -9999.000 -9999.000 -9999.000 -9999.000 -9999.000 -9999.000 -9999.000 -9999.000 -9999.000 -9999.000 -9999.000
-9999.000 -9999.000 -9999.000 -9999.000 -9999.000 -9999.000 -9999.000 -9999.000 -9999.000 -9999.000 -9999.000 -9999.000 -9999.000 -9999.000 -9999.000 0.1932538E-02 0.2440694E-02 0.1146638E-02 0.5115037E-03 0.2204852E-03 0.9112732E-04 0.3251100E-04 -0.9517909E-08 -0.3250975E-04 -0.9112450E-04 -0.2204385E-03 -0.5114733E-03 -0.1146654E-02 -0.2440695E-02 -0.1932588E-02 -0.1932588E-02 -9999.000 -9999.000 -9999.000 -9999.000 -9999.000 -9999.000 -9999.000 -9999.000 -9999.000 -9999.000 -9999.000 -9999.000 -9999.000 -9999.000 -9999.000 -9999.000 -9999.000 -9999.000 -9999.000 -9999.000 -9999.000 -9999.000 -9999.000 -9999.000 -9999.000 -9999.000 -9999.000
-9999.000 -9999.000 -9999.000 -9999.000 -9999.000 -9999.000 -9999.000 -9999.000 -9999.000 -9999.000 -9999.000 -9999.000 -9999.000 -9999.000 -9999.000 0.2906088E-02 0.3812612E-02 0.2135089E-02 0.1106739E-02 0.5430572E-03 0.2501114E-03 0.9640204E-04 -0.4534667E-08 -0.9637875E-04 -0.2500768E-03 -0.5430216E-03 -0.1106702E-02 -0.2135074E-02 -0.3812596E-02 -0.2906100E-02 -0.2906100E-02 -9999.000 -9999.000 -9999.000 -9999.000 -9999.000 -9999.000 -9999.000 -9999.000 -9999.000 -9999.000 -9999.000 -9999.000 -9999.000 -9999.000 -9999.000 -9999.000 -9999.000 -9999.000 -9999.000 -9999.000 -9999.000 -9999.000 -9999.000 -9999.000 -9999.000 -9999.000 -9999.000
-9999.000 -9999.000 -9999.000 -9999.000 -9999.000 -9999.000 -9999.000 -9999.000 -9999.000 -9999.000 -9999.000 -9999.000 -9999.000 -9999.000 -9999.000 0.3656822E-02 0.4956841E-02 0.3179383E-02 0.1861832E-02 0.1018006E-02 0.5132956E-03 0.2108838E-03 -0.1242142E-07 -0.2108729E-03 -0.5132616E-03 -0.1017962E-02 -0.1861821E-02 -0.3179324E-02 -0.4956745E-02 -0.3656781E-02 -0.3656781E-02 -9999.000 -9999.000 -9999.000 -9999.000 -9999.000 -9999.000 -9999.000 -9999.000 -9999.000 -9999.000 -9999.000 -9999.000 -9999.000 -9999.000 -9999.000 -9999.000 -9999.000 -9999.000 -9999.000 -9999.000 -9999.000 -9999.000 -9999.000 -9999.000 -9999.000 -9999.000 -9999.000
-9999.000 -9999.000 -9999.000 -9999.000 -9999.000 -9999.000 -9999.000 -9999.000 -9999.000 -9999.000 -9999.000 -9999.000 -9999.000 -9999.000 -9999.000 0.2898020E-01 0.4395356E-01 0.2658605E-01 0.1262564E-01 0.4167508E-02 0.1017288E-02 0.3940750E-03 0.1537820E-05 -0.3787088E-03 -0.8745313E-03 -0.1607272E-02 -0.2684516E-02 -0.4147086E-02 -0.5809470E-02 -0.4167836E-02 -0.4167836E-02 -9999.000 -9999.000 -9999.000 -9999.000 -9999.000 -9999.000 -9999.000 -9999.000 -9999.000 -9999.000 -9999.000 -9999.000 -9999.000 -9999.000 -9999.000 -9999.000 -9999.000 -9999.000 -9999.000 -9999.000 -9999.000 -9999.000 -9999.000 -9999.000 -9999.000 -9999.000 -9999.000
-9999.000 -9999.000 -9999.000 -9999.000 -9999.000 -9999.000 -9999.000 -9999.000 -9999.000 -9999.000 -9999.000 -9999.000 -9999.000 -9999.000 -9999.000 0.2541592E-01 0.4883211E-01 0.6513701E-01 0.7631765E-01 0.8485784E-01 0.8918519E-01 0.8870649E-01 0.8479030E-01 0.7741552E-01 0.6688033E-01 0.5391173E-01 0.3803721E-01 0.1149045E-01 -0.3541558E-01 -0.3416935E-01 -0.3416935E-01 -9999.000 -9999.000 -9999.000 -9999.000 -9999.000 -9999.000 -9999.000 -9999.000 -9999.000 -9999.000 -9999.000 -9999.000 -9999.000 -9999.000 -9999.000 -9999.000 -9999.000 -9999.000 -9999.000 -9999.000 -9999.000 -9999.000 -9999.000 -9999.000 -9999.000 -9999.000 -9999.000
-9999.000 -9999.000 -9999.000 -9999.000 -9999.000 -9999.000 -9999.000 -9999.000 -9999.000 -9999.000 -9999.000 -9999.000 -9999.000 -9999.000 -9999.000 0.1992286E-01 0.4118723E-01 0.6179215E-01 0.7554701E-01 0.8402137E-01 0.8784773E-01 0.8784074E-01 0.8446137E-01 0.7792530E-01 0.6851999E-01 0.5654817E-01 0.4181568E-01 0.2323691E-01 0.1480747E-02 -0.5542305E-02 -0.5542305E-02 -9999.000 -9999.000 -9999.000 -9999.000 -9999.000 -9999.000 -9999.000 -9999.000 -9999.000 -9999.000 -9999.000 -9999.000 -9999.000 -9999.000 -9999.000 -9999.000 -9999.000 -9999.000 -9999.000 -9999.000 -9999.000 -9999.000 -9999.000 -9999.000 -9999.000 -9999.000 -9999.000
-9999.000 -9999.000 -9999.000 -9999.000 -9999.000 -9999.000 -9999.000 -9999.000 -9999.000 -9999.000 -9999.000 -9999.000 -9999.000 -9999.000 -9999.000 0.1756893E-01 0.3784391E-01 0.5892177E-01 0.7377228E-01 0.8327601E-01 0.8811504E-01 0.8885124E-01 0.8585643E-01 0.7955831E-01 0.7055206E-01 0.5953972E-01 0.4700962E-01 0.3309816E-01 0.1834049E-01 0.7452823E-02 0.7452823E-02 -9999.000 -9999.000 -9999.000 -9999.000 -9999.000 -9999.000 -9999.000 -9999.000 -9999.000 -9999.000 -9999.000 -9999.000 -9999.000 -9999.000 -9999.000 -9999.000 -9999.000 -9999.000 -9999.000 -9999.000 -9999.000 -9999.000 -9999.000 -9999.000 -9999.000 -9999.000 -9999.000
-9999.000 -9999.000 -9999.000 -9999.000 -9999.000 -9999.000 -9999.000 -9999.000 -9999.000 -9999.000 -9999.000 -9999.000 -9999.000 -9999.000 -9999.000 0.1644452E-01 0.3660559E-01 0.5853498E-01 0.7500984E-01 0.8624084E-01 0.9263971E-01 0.9460066E-01 0.9251867E-01 0.8695109E-01 0.7863352E-01 0.6833686E-01 0.5654391E-01 0.4317477E-01 0.2785489E-01 0.1319221E-01 0.1319221E-01 -9999.000 -9999.000 -9999.000 -9999.000 -9999.000 -9999.000 -9999.000 -9999.000 -9999.000 -9999.000 -9999.000 -9999.000 -9999.000 -9999.000 -9999.000 -9999.000 -9999.000 -9999.000 -9999.000 -9999.000 -9999.000 -9999.000 -9999.000 -9999.000 -9999.000 -9999.000 -9999.000
-9999.000 -9999.000 -9999.000 -9999.000 -9999.000 -9999.000 -9999.000 -9999.000 -9999.000 -9999.000 -9999.000 -9999.000 -9999.000 -9999.000 -9999.000 0.1607756E-01 0.3678286E-01 0.6028806E-01 0.7885082E-01 0.9212469E-01 0.1003226 0.1037899 0.1029661 0.9846066E-01 0.9098636E-01 0.8114234E-01 0.6913829E-01 0.5462367E-01 0.3670080E-01 0.1784580E-01 0.1784580E-01 -9999.000 -9999.000 -9999.000 -9999.000 -9999.000 -9999.000 -9999.000 -9999.000 -9999.000 -9999.000 -9999.000 -9999.000 -9999.000 -9999.000 -9999.000 -9999.000 -9999.000 -9999.000 -9999.000 -9999.000 -9999.000 -9999.000 -9999.000 -9999.000 -9999.000 -9999.000 -9999.000
-9999.000 -9999.000 -9999.000 -9999.000 -9999.000 -9999.000 -9999.000 -9999.000 -9999.000 -9999.000 -9999.000 -9999.000 -9999.000 -9999.000 -9999.000 0.1617542E-01 0.3782452E-01 0.6339645E-01 0.8444262E-01 0.1001428 0.1105582 0.1160062 0.1169380 0.1139198 0.1075014 0.9796067E-01 0.8510987E-01 0.6836122E-01 0.4666019E-01 0.2283456E-01 0.2283456E-01 -9999.000 -9999.000 -9999.000 -9999.000 -9999.000 -9999.000 -9999.000 -9999.000 -9999.000 -9999.000 -9999.000 -9999.000 -9999.000 -9999.000 -9999.000 -9999.000 -9999.000 -9999.000 -9999.000 -9999.000 -9999.000 -9999.000 -9999.000 -9999.000 -9999.000 -9999.000 -9999.000
-9999.000 -9999.000 -9999.000 -9999.000 -9999.000 -9999.000 -9999.000 -9999.000 -9999.000 -9999.000 -9999.000 -9999.000 -9999.000 -9999.000 -9999.000 0.1662171E-01 0.3948001E-01 0.6743873E-01 0.9136695E-01 0.1099933 0.1231935 0.1312114 0.1344436 0.1333298 0.1281772 0.1188975 0.1048758 0.8522923E-01 0.5877477E-01 0.2884198E-01 0.2884198E-01 -9999.000 -9999.000 -9999.000 -9999.000 -9999.000 -9999.000 -9999.000 -9999.000 -9999.000 -9999.000 -9999.000 -9999.000 -9999.000 -9999.000 -9999.000 -9999.000 -9999.000 -9999.000 -9999.000 -9999.000 -9999.000 -9999.000 -9999.000 -9999.000 -9999.000 -9999.000 -9999.000
-9999.000 -9999.000 -9999.000 -9999.000 -9999.000 -9999.000 -9999.000 -9999.000 -9999.000 -9999.000 -9999.000 -9999.000 -9999.000 -9999.000 -9999.000 0.1738214E-01 0.4166887E-01 0.7223826E-01 0.9940995E-01 0.1214592 0.1380177 0.1491940 0.1552708 0.1565194 0.1529968 0.1442757 0.1293063 0.1066996 0.7470316E-01 0.3687848E-01 0.3687848E-01 -9999.000 -9999.000 -9999.000 -9999.000 -9999.000 -9999.000 -9999.000 -9999.000 -9999.000 -9999.000 -9999.000 -9999.000 -9999.000 -9999.000 -9999.000 -9999.000 -9999.000 -9999.000 -9999.000 -9999.000 -9999.000 -9999.000 -9999.000 -9999.000 -9999.000 -9999.000 -9999.000
-9999.000 -9999.000 -9999.000 -9999.000 -9999.000 -9999.000 -9999.000 -9999.000 -9999.000 -9999.000 -9999.000 -9999.000 -9999.000 -9999.000 -9999.000 0.1848875E-01 0.4443278E-01 0.7777397E-01 0.1084474 0.1343092 0.1547230 0.1696268 0.1791664 0.1834586 0.1823685 0.1752088 0.1604802 0.1358956 0.9804740E-01 0.4924137E-01 0.4924137E-01 -9999.000 -9999.000 -9999.000 -9999.000 -9999.000 -9999.000 -9999.000 -9999.000 -9999.000 -9999.000 -9999.000 -9999.000 -9999.000 -9999.000 -9999.000 -9999.000 -9999.000 -9999.000 -9999.000 -9999.000 -9999.000 -9999.000 -9999.000 -9999.000 -9999.000 -9999.000 -9999.000
-9999.000 -9999.000 -9999.000 -9999.000 -9999.000 -9999.000 -9999.000 -9999.000 -9999.000 -9999.000 -9999.000 -9999.000 -9999.000 -9999.000 -9999.000 0.2431333E-01 0.5301164E-01 0.8903650E-01 0.1224617 0.1513631 0.1751259 0.1936215 0.2068957 0.2149651 0.2176143 0.2140554 0.2024183 0.1790427 0.1365361 0.6808523E-01 0.6808523E-01 -9999.000 -9999.000 -9999.000 -9999.000 -9999.000 -9999.000 -9999.000 -9999.000 -9999.000 -9999.000 -9999.000 -9999.000 -9999.000 -9999.000 -9999.000 -9999.000 -9999.000 -9999.000 -9999.000 -9999.000 -9999.000 -9999.000 -9999.000 -9999.000 -9999.000 -9999.000 -9999.000
0.8104914 0.8104914 0.7935155 0.7734846 0.7603968 0.7603968 0.7437685 0.7027322 0.7027322 0.6572590 0.6572590 0.6026013 0.5670990 0.5224247 0.4651028 0.4651028 0.3430930 0.3067435 0.2831768 0.2699701 0.2644991 0.2641682 0.2667396 0.2705250 0.2745157 0.2785024 0.2834698 0.2929192 0.3160164 0.3662984 0.3662984 0.9599522 1.156684 -9999.000 0.7995935 0.7995935 0.1037391 0.1037391 -0.1292119E-01 -0.1292119E-01 0.1107731E-01 0.1032038 0.1032038 0.1932159 0.1932159 0.3111465 0.3111465 0.3111465 0.3842114 0.3842114 0.4460589 0.4460589 0.4974920 0.4974920 0.5389481 0.5389481 0.5816262 0.5816262
0.8196353 0.8196353 0.8035873 0.7904551 0.7804756 0.7804756 0.7665759 0.7293367 0.7293367 0.6853339 0.6853339 0.6324579 0.6009091 0.5656632 0.5273348 0.5273348 0.4561484 0.4266637 0.4008784 0.3792605 0.3624223 0.3506593 0.3438560 0.3416644 0.3438928 0.3510006 0.3648229 0.3900530 0.4375865 0.5287694 0.5287694 0.9401379 1.096269 1.145192 1.100785 1.100785 0.9670932 0.9670932 0.8543371 0.8543371 0.8376154 0.7692294 0.7692294 0.7125373 0.7125373 0.7104545 0.7104545 0.7104545 0.7407188 0.7407188 0.7749376 0.7749376 0.8088171 0.8088171 0.8205143 0.8205143 0.8617809 0.8617809
0.8217847 0.8217847 0.8038603 0.7913222 0.7819846 0.7819846 0.7689637 0.7343518 0.7343518 0.6950490 0.6950490 0.6507629 0.6255770 0.5982657 0.5694224 0.5694224 0.5195547 0.4987374 0.4793109 0.4611013 0.4446491 0.4309022 0.4209096 0.4156644 0.4162023 0.4239344 0.4412891 0.4730242 0.5291901 0.6313804 0.6313804 0.9516736 1.090340 1.174358 1.188212 1.188212 1.157106 1.157106 1.087578 1.087578 1.063182 1.010089 1.010089 0.9623780 0.9623780 0.9243390 0.9243390 0.9243390 0.9345077 0.9345077 0.9524336 0.9524336 0.9737120 0.9737120 0.9914795 0.9914795 1.014720 1.014720
0.8239622 0.8239622 0.8043522 0.7924338 0.7837844 0.7837844 0.7716819 0.7396570 0.7396570 0.7045372 0.7045372 0.6671922 0.6468208 0.6251959 0.6027078 0.6027078 0.5662653 0.5514204 0.5375262 0.5241040 0.5112396 0.4996150 0.4903735 0.4849605 0.4850727 0.4927781 0.5109178 0.5440860 0.6010132 0.7007039 0.7007039 0.9612445 1.090612 1.188719 1.211635 1.211635 1.200479 1.200479 1.151476 1.151476 1.129259 1.098277 1.098277 1.078179 1.078179 1.047330 1.047330 1.047330 1.047728 1.047728 1.055680 1.055680 1.068396 1.068396 1.081223 1.081223 1.096894 1.096894
0.8262395 0.8262395 0.8050485 0.7939966 0.7861688 0.7861688 0.7751280 0.7459239 0.7459239 0.7148825 0.7148825 0.6836064 0.6671857 0.6500453 0.6323612 0.6323612 0.6056421 0.5949688 0.5850672 0.5755486 0.5663107 0.5577362 0.5507328 0.5466841 0.5474057 0.5551779 0.5729666 0.6050927 0.6590407 0.7508463 0.7508463 0.9669046 1.088477 1.187306 1.208187 1.208187 1.198299 1.198299 1.162465 1.162465 1.150456 1.143591 1.143591 1.145562 1.145562 1.131372 1.131372 1.131372 1.128703 1.128703 1.130015 1.130015 1.135760 1.135760 1.143525 1.143525 1.153462 1.153462
0.8289688 0.8289688 0.8061113 0.7960241 0.7890621 0.7890621 0.7791517 0.7529091 0.7529091 0.7259192 0.7259192 0.7002959 0.6874123 0.6741901 0.6605784 0.6605784 0.6417175 0.6340848 0.6269051 0.6200716 0.6135439 0.6075752 0.6028482 0.6005244 0.6022567 0.6102177 0.6272375 0.6572578 0.7066835 0.7889566 0.7889566 0.9694756 1.082341 1.170274 1.184229 1.184229 1.172505 1.172505 1.157371 1.157371 1.158453 1.172053 1.172053 1.188626 1.188626 1.191175 1.191175 1.191175 1.190724 1.190724 1.189065 1.189065 1.189523 1.189523 1.192301 1.192301 1.197165 1.197165
0.8313589 0.8313589 0.8070532 0.7980900 0.7920653 0.7920653 0.7833483 0.7601766 0.7601766 0.7372800 0.7372800 0.7171876 0.7077183 0.6982616 0.6885243 0.6885243 0.6767297 0.6713970 0.6659603 0.6606815 0.6557401 0.6514233 0.6482946 0.6473034 0.6498506 0.6578432 0.6738089 0.7012298 0.7455693 0.8180845 0.8180845 0.9684955 1.069572 1.135499 1.141902 1.141902 1.137243 1.137243 1.149393 1.149393 1.162071 1.190651 1.190651 1.216600 1.216600 1.232259 1.232259 1.232259 1.236938 1.236938 1.236062 1.236062 1.233844 1.233844 1.232575 1.232575 1.232915 1.232915
0.8336041 0.8336041 0.8080202 0.8002163 0.7951387 0.7951387 0.7876195 0.7675310 0.7675310 0.7487395 0.7487395 0.7342083 0.7282255 0.7226917 0.7170648 0.7170648 0.7123136 0.7087171 0.7041975 0.6994572 0.6949877 0.6912215 0.6887031 0.6882291 0.6909485 0.6984482 0.7128688 0.7371851 0.7760232 0.8387657 0.8387657 0.9612941 1.043853 1.083591 1.088754 1.088754 1.104013 1.104013 1.142457 1.142457 1.163431 1.202251 1.202251 1.234450 1.234450 1.259401 1.259401 1.259401 1.269650 1.269650 1.271974 1.271974 1.269830 1.269830 1.266281 1.266281 1.263052 1.263052
0.8356127 0.8356127 0.8089582 0.8023144 0.7981574 0.7981574 0.7917995 0.7747253 0.7747253 0.7600155 0.7600155 0.7511768 0.7489129 0.7477553 0.7469616 0.7469616 0.7499904 0.7475669 0.7431297 0.7379313 0.7328424 0.7285013 0.7254926 0.7245032 0.7264432 0.7325475 0.7445108 0.7647598 0.7972172 0.8503437 0.8503437 0.9463077 0.9930641 1.022212 1.036122 1.036122 1.076908 1.076908 1.135832 1.135832 1.162294 1.208232 1.208232 1.244930 1.244930 1.276577 1.276577 1.276577 1.291668 1.291668 1.297987 1.297987 1.297851 1.297851 1.293987 1.293987 1.288601 1.288601
0.8372797 0.8372797 0.8098281 0.8043069 0.8010092 0.8010092 0.7957343 0.7815123 0.7815123 0.7707807 0.7707807 0.7677724 0.7695668 0.7735237 0.7789149 0.7789149 0.7914738 0.7894586 0.7840698 0.7772970 0.7704483 0.7643887 0.7597501 0.7571020 0.7570753 0.7604668 0.7683897 0.7825835 0.8062073 0.8464370 0.8464370 0.9087418 0.9333127 0.9661051 0.9929882 0.9929882 1.052086 1.052086 1.127540 1.127540 1.158039 1.209628 1.209628 1.250057 1.250057 1.287001 1.287001 1.287001 1.306025 1.306025 1.316085 1.316085 1.318727 1.318727 1.315988 1.315988 1.309917 1.309917
0.8384969 0.8384969 0.8106039 0.8061304 0.8035997 0.8035997 0.7992908 0.7876580 0.7876580 0.7806729 0.7806729 0.7835107 0.7897018 0.7997090 0.8134361 0.8134361 0.8389583 0.8360769 0.8282544 0.8184916 0.8085818 0.7995953 0.7921557 0.7866274 0.7832083 0.7820025 0.7832052 0.7875852 0.7974948 0.8183303 0.8183303 0.8468911 0.8636327 0.9214749 0.9601812 0.9601812 1.026536 1.026536 1.121421 1.121421 1.155037 1.210598 1.210598 1.253482 1.253482 1.293990 1.293990 1.293990 1.315769 1.315769 1.328651 1.328651 1.333813 1.333813 1.332733 1.332733 1.327018 1.327018
