cruce_test.gid/Rasters/Hydraulic/Velocity____163.0.asc
NCOLS        79
NROWS        79
XLLCENTER         -1.500000
YLLCENTER         -4.800000
CELLSIZE           0.100
NODATA_VALUE     -9999.0
[rows 0 to 26 of 79, columns 0 to 59 of 79]
-9999.000 -9999.000 -9999.000 -9999.000 -9999.000 -9999.000 -9999.000 -9999.000 -9999.000 -9999.000 -9999.000 -9999.000 -9999.000 -9999.000 -9999.000 0.1046096 0.1033960 0.1034711 0.1038274 0.1043496 0.1049637 0.1055950 0.1061320 0.1065810 0.1069262 0.1071714 0.1073744 0.1077331 0.1088145 0.1097704 0.1097704 -9999.000 -9999.000 -9999.000 -9999.000 -9999.000 -9999.000 -9999.000 -9999.000 -9999.000 -9999.000 -9999.000 -9999.000 -9999.000 -9999.000 -9999.000 -9999.000 -9999.000 -9999.000 -9999.000 -9999.000 -9999.000 -9999.000 -9999.000 -9999.000 -9999.000 -9999.000 -9999.000 -9999.000 -9999.000
-9999.000 -9999.000 -9999.000 -9999.000 -9999.000 -9999.000 -9999.000 -9999.000 -9999.000 -9999.000 -9999.000 -9999.000 -9999.000 -9999.000 -9999.000 0.1021309 0.9972700E-01 0.9993824E-01 0.1007545 0.1019306 0.1033102 0.1047367 0.1059727 0.1070224 0.1078488 0.1084569 0.1089734 0.1098390 0.1123010 0.1148447 0.1148447 -9999.000 -9999.000 -9999.000 -9999.000 -9999.000 -9999.000 -9999.000 -9999.000 -9999.000 -9999.000 -9999.000 -9999.000 -9999.000 -9999.000 -9999.000 -9999.000 -9999.000 -9999.000 -9999.000 -9999.000 -9999.000 -9999.000 -9999.000 -9999.000 -9999.000 -9999.000 -9999.000 -9999.000 -9999.000
-9999.000 -9999.000 -9999.000 -9999.000 -9999.000 -9999.000 -9999.000 -9999.000 -9999.000 -9999.000 -9999.000 -9999.000 -9999.000 -9999.000 -9999.000 0.9805904E-01 0.9450153E-01 0.9487793E-01 0.9625142E-01 0.9822924E-01 0.1005653 0.1030168 0.1052092 0.1071487 0.1087732 0.1100830 0.1112709 0.1130367 0.1173748 0.1223058 0.1223058 -9999.000 -9999.000 -9999.000 -9999.000 -9999.000 -9999.000 -9999.000 -9999.000 -9999.000 -9999.000 -9999.000 -9999.000 -9999.000 -9999.000 -9999.000 -9999.000 -9999.000 -9999.000 -9999.000 -9999.000 -9999.000 -9999.000 -9999.000 -9999.000 -9999.000 -9999.000 -9999.000 -9999.000 -9999.000
-9999.000 -9999.000 -9999.000 -9999.000 -9999.000 -9999.000 -9999.000 -9999.000 -9999.000 -9999.000 -9999.000 -9999.000 -9999.000 -9999.000 -9999.000 0.9328475E-01 0.8869749E-01 0.8926399E-01 0.9123211E-01 0.9405818E-01 0.9740732E-01 0.1009557 0.1041931 0.1071330 0.1096855 0.1118396 0.1138478 0.1166683 0.1230725 0.1309496 0.1309496 -9999.000 -9999.000 -9999.000 -9999.000 -9999.000 -9999.000 -9999.000 -9999.000 -9999.000 -9999.000 -9999.000 -9999.000 -9999.000 -9999.000 -9999.000 -9999.000 -9999.000 -9999.000 -9999.000 -9999.000 -9999.000 -9999.000 -9999.000 -9999.000 -9999.000 -9999.000 -9999.000 -9999.000 -9999.000
-9999.000 -9999.000 -9999.000 -9999.000 -9999.000 -9999.000 -9999.000 -9999.000 -9999.000 -9999.000 -9999.000 -9999.000 -9999.000 -9999.000 -9999.000 0.8803304E-01 0.8250542E-01 0.8328661E-01 0.8588394E-01 0.8959664E-01 0.9400067E-01 0.9869432E-01 0.1030325 0.1070409 0.1106010 0.1136868 0.1166082 0.1205900 0.1292255 0.1406332 0.1406332 -9999.000 -9999.000 -9999.000 -9999.000 -9999.000 -9999.000 -9999.000 -9999.000 -9999.000 -9999.000 -9999.000 -9999.000 -9999.000 -9999.000 -9999.000 -9999.000 -9999.000 -9999.000 -9999.000 -9999.000 -9999.000 -9999.000 -9999.000 -9999.000 -9999.000 -9999.000 -9999.000 -9999.000 -9999.000
-9999.000 -9999.000 -9999.000 -9999.000 -9999.000 -9999.000 -9999.000 -9999.000 -9999.000 -9999.000 -9999.000 -9999.000 -9999.000 -9999.000 -9999.000 0.8240256E-01 0.7601535E-01 0.7704414E-01 0.8031191E-01 0.8495095E-01 0.9044652E-01 0.9632260E-01 0.1017999 0.1069228 0.1115433 0.1156178 0.1195144 0.1247396 0.1357655 0.1513656 0.1513656 -9999.000 -9999.000 -9999.000 -9999.000 -9999.000 -9999.000 -9999.000 -9999.000 -9999.000 -9999.000 -9999.000 -9999.000 -9999.000 -9999.000 -9999.000 -9999.000 -9999.000 -9999.000 -9999.000 -9999.000 -9999.000 -9999.000 -9999.000 -9999.000 -9999.000 -9999.000 -9999.000 -9999.000 -9999.000
-9999.000 -9999.000 -9999.000 -9999.000 -9999.000 -9999.000 -9999.000 -9999.000 -9999.000 -9999.000 -9999.000 -9999.000 -9999.000 -9999.000 -9999.000 0.7642763E-01 0.6926540E-01 0.7058841E-01 0.7457787E-01 0.8018641E-01 0.8680753E-01 0.9389596E-01 0.1005397 0.1068105 0.1125292 0.1176327 0.1225508 0.1290899 0.1426726 0.1632525 0.1632525 -9999.000 -9999.000 -9999.000 -9999.000 -9999.000 -9999.000 -9999.000 -9999.000 -9999.000 -9999.000 -9999.000 -9999.000 -9999.000 -9999.000 -9999.000 -9999.000 -9999.000 -9999.000 -9999.000 -9999.000 -9999.000 -9999.000 -9999.000 -9999.000 -9999.000 -9999.000 -9999.000 -9999.000 -9999.000
-9999.000 -9999.000 -9999.000 -9999.000 -9999.000 -9999.000 -9999.000 -9999.000 -9999.000 -9999.000 -9999.000 -9999.000 -9999.000 -9999.000 -9999.000 0.7010933E-01 0.6226853E-01 0.6395067E-01 0.6872626E-01 0.7535104E-01 0.8312755E-01 0.9145160E-01 0.9928127E-01 0.1067250 0.1135701 0.1197330 0.1257094 0.1336289 0.1499516 0.1764758 0.1764758 -9999.000 -9999.000 -9999.000 -9999.000 -9999.000 -9999.000 -9999.000 -9999.000 -9999.000 -9999.000 -9999.000 -9999.000 -9999.000 -9999.000 -9999.000 -9999.000 -9999.000 -9999.000 -9999.000 -9999.000 -9999.000 -9999.000 -9999.000 -9999.000 -9999.000 -9999.000 -9999.000 -9999.000 -9999.000
-9999.000 -9999.000 -9999.000 -9999.000 -9999.000 -9999.000 -9999.000 -9999.000 -9999.000 -9999.000 -9999.000 -9999.000 -9999.000 -9999.000 -9999.000 0.6343071E-01 0.5502760E-01 0.5716187E-01 0.6280396E-01 0.7049190E-01 0.7944655E-01 0.8902005E-01 0.9804689E-01 0.1066815 0.1146749 0.1219205 0.1289864 0.1383529 0.1576214 0.1912955 0.1912955 -9999.000 -9999.000 -9999.000 -9999.000 -9999.000 -9999.000 -9999.000 -9999.000 -9999.000 -9999.000 -9999.000 -9999.000 -9999.000 -9999.000 -9999.000 -9999.000 -9999.000 -9999.000 -9999.000 -9999.000 -9999.000 -9999.000 -9999.000 -9999.000 -9999.000 -9999.000 -9999.000 -9999.000 -9999.000
-9999.000 -9999.000 -9999.000 -9999.000 -9999.000 -9999.000 -9999.000 -9999.000 -9999.000 -9999.000 -9999.000 -9999.000 -9999.000 -9999.000 -9999.000 0.5636389E-01 0.4754773E-01 0.5026986E-01 0.5687720E-01 0.6566981E-01 0.7581113E-01 0.8663494E-01 0.9685994E-01 0.1066960 0.1158533 0.1241990 0.1323800 0.1432613 0.1657098 0.2080664 0.2080664 -9999.000 -9999.000 -9999.000 -9999.000 -9999.000 -9999.000 -9999.000 -9999.000 -9999.000 -9999.000 -9999.000 -9999.000 -9999.000 -9999.000 -9999.000 -9999.000 -9999.000 -9999.000 -9999.000 -9999.000 -9999.000 -9999.000 -9999.000 -9999.000 -9999.000 -9999.000 -9999.000 -9999.000 -9999.000
-9999.000 -9999.000 -9999.000 -9999.000 -9999.000 -9999.000 -9999.000 -9999.000 -9999.000 -9999.000 -9999.000 -9999.000 -9999.000 -9999.000 -9999.000 0.4887325E-01 0.3985254E-01 0.4336981E-01 0.5105735E-01 0.6097613E-01 0.7228586E-01 0.8434045E-01 0.9575160E-01 0.1067911 0.1171202 0.1265758 0.1358922 0.1483578 0.1742518 0.2272723 0.2272723 -9999.000 -9999.000 -9999.000 -9999.000 -9999.000 -9999.000 -9999.000 -9999.000 -9999.000 -9999.000 -9999.000 -9999.000 -9999.000 -9999.000 -9999.000 -9999.000 -9999.000 -9999.000 -9999.000 -9999.000 -9999.000 -9999.000 -9999.000 -9999.000 -9999.000 -9999.000 -9999.000 -9999.000 -9999.000
-9999.000 -9999.000 -9999.000 -9999.000 -9999.000 -9999.000 -9999.000 -9999.000 -9999.000 -9999.000 -9999.000 -9999.000 -9999.000 -9999.000 -9999.000 0.4091769E-01 0.3202502E-01 0.3666456E-01 0.4554182E-01 0.5655609E-01 0.6896931E-01 0.8220293E-01 0.9476970E-01 0.1070025 0.1185020 0.1290689 0.1395333 0.1536524 0.1832909 0.2495839 0.2495839 -9999.000 -9999.000 -9999.000 -9999.000 -9999.000 -9999.000 -9999.000 -9999.000 -9999.000 -9999.000 -9999.000 -9999.000 -9999.000 -9999.000 -9999.000 -9999.000 -9999.000 -9999.000 -9999.000 -9999.000 -9999.000 -9999.000 -9999.000 -9999.000 -9999.000 -9999.000 -9999.000 -9999.000 -9999.000
-9999.000 -9999.000 -9999.000 -9999.000 -9999.000 -9999.000 -9999.000 -9999.000 -9999.000 -9999.000 -9999.000 -9999.000 -9999.000 -9999.000 -9999.000 0.3245790E-01 0.2433373E-01 0.3060261E-01 0.4068741E-01 0.5264848E-01 0.6601790E-01 0.8033093E-01 0.9399662E-01 0.1073952 0.1200506 0.1317175 0.1433321 0.1591699 0.1928842 0.2759543 0.2759543 -9999.000 -9999.000 -9999.000 -9999.000 -9999.000 -9999.000 -9999.000 -9999.000 -9999.000 -9999.000 -9999.000 -9999.000 -9999.000 -9999.000 -9999.000 -9999.000 -9999.000 -9999.000 -9999.000 -9999.000 -9999.000 -9999.000 -9999.000 -9999.000 -9999.000 -9999.000 -9999.000 -9999.000 -9999.000
-9999.000 -9999.000 -9999.000 -9999.000 -9999.000 -9999.000 -9999.000 -9999.000 -9999.000 -9999.000 -9999.000 -9999.000 -9999.000 -9999.000 -9999.000 0.2346083E-01 0.1777981E-01 0.2629155E-01 0.3726995E-01 0.4978842E-01 0.6381483E-01 0.7901004E-01 0.9365862E-01 0.1081530 0.1219165 0.1346449 0.1473882 0.1649928 0.2031306 0.3078054 0.3078054 -9999.000 -9999.000 -9999.000 -9999.000 -9999.000 -9999.000 -9999.000 -9999.000 -9999.000 -9999.000 -9999.000 -9999.000 -9999.000 -9999.000 -9999.000 -9999.000 -9999.000 -9999.000 -9999.000 -9999.000 -9999.000 -9999.000 -9999.000 -9999.000 -9999.000 -9999.000 -9999.000 -9999.000 -9999.000
-9999.000 -9999.000 -9999.000 -9999.000 -9999.000 -9999.000 -9999.000 -9999.000 -9999.000 -9999.000 -9999.000 -9999.000 -9999.000 -9999.000 -9999.000 0.2758853E-01 0.4347190E-01 0.5244712E-01 0.6102617E-01 0.6929927E-01 0.7862417E-01 0.8970272E-01 0.1013181 0.1137942 0.1263787 0.1385608 0.1513697 0.1701943 0.2129430 0.3445302 0.3445302 -9999.000 -9999.000 -9999.000 -9999.000 -9999.000 -9999.000 -9999.000 -9999.000 -9999.000 -9999.000 -9999.000 -9999.000 -9999.000 -9999.000 -9999.000 -9999.000 -9999.000 -9999.000 -9999.000 -9999.000 -9999.000 -9999.000 -9999.000 -9999.000 -9999.000 -9999.000 -9999.000 -9999.000 -9999.000
2.616679 2.616679 2.663562 2.702725 2.707724 2.707724 2.710447 2.711998 2.711998 2.710300 2.710300 2.706442 2.703901 2.701026 2.697862 2.697862 2.753949 2.754962 2.742999 2.716440 2.672672 2.610013 2.525992 2.422816 2.301241 2.163043 2.012431 1.859521 1.730475 1.696675 1.696675 2.482716 2.640681 2.725909 2.746425 2.746425 2.771295 2.771295 2.743737 2.743737 2.695573 2.507543 2.507543 2.067950 2.067950 1.876997 1.876997 1.876997 1.876827 1.876827 1.912797 1.912797 1.958921 1.958921 2.005282 2.005282 2.045730 2.045730 2.045730 2.076677
2.634453 2.634453 2.695797 2.751069 2.766906 2.766906 2.780443 2.803499 2.803499 2.823132 2.823132 2.840433 2.848407 2.856001 2.863260 2.863260 2.903862 2.914000 2.922564 2.928728 2.930738 2.926358 2.912630 2.887674 2.849168 2.795148 2.724744 2.639353 2.545505 2.484174 2.484174 2.904406 3.049623 3.187690 3.224443 3.224443 3.263872 3.263872 3.258263 3.258263 3.233952 3.127523 3.127523 2.889291 2.889291 2.672889 2.672889 2.672889 2.672030 2.672030 2.709564 2.709564 2.758792 2.758792 2.807972 2.807972 2.851705 2.851705 2.851705 2.887525
2.638598 2.638598 2.699765 2.751389 2.767411 2.767411 2.781184 2.804756 2.804756 2.824973 2.824973 2.842950 2.851299 2.859291 2.866971 2.866971 2.903910 2.921867 2.940328 2.957835 2.973069 2.984882 2.991897 2.993188 2.987427 2.972982 2.948367 2.913146 2.870132 2.841425 2.841425 3.081160 3.219630 3.378138 3.423534 3.423534 3.466657 3.466657 3.450283 3.450283 3.419986 3.323575 3.323575 3.167031 3.167031 2.962044 2.962044 2.962044 2.945853 2.945853 2.973023 2.973023 3.014734 3.014734 3.057842 3.057842 3.096919 3.096919 3.096919 3.129316
2.641921 2.641921 2.702827 2.751321 2.767323 2.767323 2.781137 2.804768 2.804768 2.825000 2.825000 2.842985 2.851340 2.859341 2.867031 2.867031 2.903076 2.928271 2.955340 2.981461 3.004880 3.024551 3.039681 3.049968 3.055102 3.054600 3.047893 3.034808 3.017017 3.008058 3.008058 3.155646 3.278468 3.441049 3.489295 3.489295 3.524552 3.524552 3.486430 3.486430 3.448816 3.366652 3.366652 3.271126 3.271126 3.101150 3.101150 3.101150 3.069659 3.069659 3.084632 3.084632 3.119095 3.119095 3.157931 3.157931 3.194095 3.194095 3.194095 3.224221
2.644472 2.644472 2.705168 2.751269 2.767228 2.767228 2.781079 2.804765 2.804765 2.825005 2.825005 2.842984 2.851336 2.859336 2.867026 2.867026 2.905284 2.937493 2.972673 3.006823 3.037723 3.064194 3.085548 3.101566 3.112258 3.117682 3.117940 3.113421 3.105700 3.103835 3.103835 3.198267 3.301287 3.453063 3.494381 3.494381 3.500314 3.500314 3.436402 3.436402 3.400158 3.349169 3.349169 3.307385 3.307385 3.187195 3.187195 3.187195 3.145793 3.145793 3.146833 3.146833 3.171843 3.171843 3.205148 3.205148 3.237745 3.237745 3.237745 3.265127
2.646276 2.646276 2.706820 2.751235 2.767148 2.767148 2.781027 2.804762 2.804762 2.825008 2.825008 2.842983 2.851333 2.859332 2.867022 2.867022 2.911358 2.950796 2.993679 3.035248 3.073019 3.105739 3.132759 3.153848 3.169047 3.178540 3.182649 3.181981 3.178033 3.177150 3.177150 3.236564 3.317043 3.438825 3.457962 3.457962 3.412977 3.412977 3.340351 3.340351 3.319655 3.311659 3.311659 3.313685 3.313685 3.246579 3.246579 3.246579 3.204522 3.204522 3.193393 3.193393 3.207164 3.207164 3.232836 3.232836 3.260236 3.260236 3.260236 3.283657
2.647351 2.647351 2.707805 2.751217 2.767096 2.767096 2.780992 2.804760 2.804760 2.825012 2.825012 2.842983 2.851332 2.859330 2.867020 2.867020 2.922158 2.969414 3.019711 3.068039 3.111923 3.150177 3.182230 3.207878 3.227151 3.240230 3.247442 3.249368 3.247258 3.245437 3.245437 3.280169 3.335737 3.397959 3.374444 3.374444 3.277966 3.277966 3.232482 3.232482 3.237032 3.270818 3.270818 3.304868 3.304868 3.285803 3.285803 3.285803 3.252271 3.252271 3.234023 3.234023 3.236706 3.236706 3.253032 3.253032 3.273407 3.273407 3.273407 3.291398
2.647707 2.647707 2.708132 2.751212 2.767077 2.767077 2.780979 2.804760 2.804760 2.825012 2.825012 2.842982 2.851331 2.859330 2.867019 2.867019 2.938809 2.994731 3.052248 3.106645 3.155761 3.198639 3.234875 3.264358 3.287141 3.303393 3.313388 3.317595 3.316914 3.313879 3.313879 3.329885 3.355710 3.310905 3.231292 3.231292 3.124658 3.124658 3.137342 3.137342 3.166302 3.231556 3.231556 3.287496 3.287496 3.307904 3.307904 3.307904 3.289023 3.289023 3.270049 3.270049 3.263929 3.263929 3.270228 3.270228 3.281983 3.281983 3.281983 3.293063
2.647351 2.647351 2.707806 2.751217 2.767095 2.767095 2.780992 2.804761 2.804761 2.825011 2.825011 2.842982 2.851332 2.859330 2.867020 2.867020 2.962903 3.028452 3.093006 3.152714 3.206040 3.252440 3.291785 3.324130 3.349608 3.368402 3.380749 3.386988 3.387598 3.382981 3.382981 3.380892 3.362265 3.152326 3.036776 3.036776 2.989410 2.989410 3.064322 3.064322 3.109712 3.194801 3.194801 3.265313 3.265313 3.316127 3.316127 3.316127 3.314111 3.314111 3.299982 3.299982 3.288755 3.288755 3.285603 3.285603 3.287711 3.287711 3.287711 3.290600
2.646276 2.646276 2.706821 2.751235 2.767148 2.767148 2.781027 2.804763 2.804763 2.825008 2.825008 2.842982 2.851333 2.859332 2.867022 2.867022 2.996769 3.072830 3.144092 3.208169 3.264478 3.313077 3.354221 3.388205 3.415300 3.435747 3.449769 3.457586 3.459015 3.450425 3.450425 3.419322 3.317825 2.926402 2.836173 2.836173 2.891202 2.891202 3.006629 3.006629 3.060856 3.157968 3.157968 3.238570 3.238570 3.312106 3.312106 3.312106 3.326205 3.326205 3.320441 3.320441 3.308072 3.308072 3.297188 3.297188 3.289493 3.289493 3.289493 3.283425
2.644472 2.644472 2.705168 2.751269 2.767228 2.767228 2.781079 2.804765 2.804765 2.825004 2.825004 2.842984 2.851336 2.859336 2.867026 2.867026 3.043918 3.130996 3.208211 3.275328 3.333051 3.382217 3.423570 3.457711 3.485090 3.506039 3.520802 3.529438 3.530111 3.507757 3.507757 3.406612 3.160084 2.691315 2.684202 2.684202 2.821120 2.821120 2.955274 2.955274 3.013835 3.118789 3.118789 3.206582 3.206582 3.296580 3.296580 3.296580 3.324316 3.324316 3.328084 3.328084 3.317458 3.317458 3.301139 3.301139 3.284355 3.284355 3.284355 3.269262
2.641921 2.641921 2.702827 2.751321 2.767323 2.767323 2.781137 2.804767 2.804767 2.825000 2.825000 2.842985 2.851340 2.859341 2.867032 2.867032 3.109838 3.207496 3.289011 3.357093 3.414068 3.461709 3.501320 3.533837 3.559910 3.579975 3.594310 3.602527 3.596797 3.523168 3.523168 3.257903 2.855096 2.528007 2.583700 2.583700 2.757251 2.757251 2.899588 2.899588 2.960453 3.071570 3.071570 3.164678 3.164678 3.266482 3.266482 3.266482 3.304852 3.304852 3.317477 3.317477 3.310134 3.310134 3.290552 3.290552 3.266090 3.266090 3.266090 3.242706
