cruce_test.gid/Rasters/Hydraulic/Velocity__x_72.0.asc
NCOLS        79
NROWS        79
XLLCENTER         -1.500000
YLLCENTER         -4.800000
CELLSIZE           0.100
NODATA_VALUE     -9999.0
[rows 0 to 25 of 79, columns 0 to 57 of 79]
-9999.000 -9999.000 -9999.000 -9999.000 -9999.000 -9999.000 -9999.000 -9999.000 -9999.000 -9999.000 -9999.000 -9999.000 -9999.000 -9999.000 -9999.000 0.3406455E-03 0.1538813E-02 0.3492274E-02 0.5250777E-02 0.6792362E-02 0.8139143E-02 0.9298622E-02 0.1025094E-01 0.1094048E-01 0.1126467E-01 0.1105736E-01 0.1006192E-01 0.7889356E-02 0.4045650E-02 0.1068622E-02 0.1068622E-02 -9999.000 -9999.000 -9999.000 -9999.000 -9999.000 -9999.000 -9999.000 -9999.000 -9999.000 -9999.000 -9999.000 -9999.000 -9999.000 -9999.000 -9999.000 -9999.000 -9999.000 -9999.000 -9999.000 -9999.000 -9999.000 -9999.000 -9999.000 -9999.000 -9999.000 -9999.000 -9999.000
-9999.000 -9999.000 -9999.000 -9999.000 -9999.000 -9999.000 -9999.000 -9999.000 -9999.000 -9999.000 -9999.000 -9999.000 -9999.000 -9999.000 -9999.000 0.1191951E-02 0.3473830E-02 0.6714658E-02 0.9730622E-02 0.1243340E-01 0.1479149E-01 0.1676429E-01 0.1828238E-01 0.1923515E-01 0.1946069E-01 0.1873575E-01 0.1676531E-01 0.1317363E-01 0.7585066E-02 0.2791297E-02 0.2791297E-02 -9999.000 -9999.000 -9999.000 -9999.000 -9999.000 -9999.000 -9999.000 -9999.000 -9999.000 -9999.000 -9999.000 -9999.000 -9999.000 -9999.000 -9999.000 -9999.000 -9999.000 -9999.000 -9999.000 -9999.000 -9999.000 -9999.000 -9999.000 -9999.000 -9999.000 -9999.000 -9999.000
-9999.000 -9999.000 -9999.000 -9999.000 -9999.000 -9999.000 -9999.000 -9999.000 -9999.000 -9999.000 -9999.000 -9999.000 -9999.000 -9999.000 -9999.000 0.1964187E-02 0.5219810E-02 0.9613736E-02 0.1370917E-01 0.1738250E-01 0.2056991E-01 0.2319723E-01 0.2515970E-01 0.2630970E-01 0.2644782E-01 0.2531468E-01 0.2258267E-01 0.1784802E-01 0.1071596E-01 0.4296201E-02 0.4296201E-02 -9999.000 -9999.000 -9999.000 -9999.000 -9999.000 -9999.000 -9999.000 -9999.000 -9999.000 -9999.000 -9999.000 -9999.000 -9999.000 -9999.000 -9999.000 -9999.000 -9999.000 -9999.000 -9999.000 -9999.000 -9999.000 -9999.000 -9999.000 -9999.000 -9999.000 -9999.000 -9999.000
-9999.000 -9999.000 -9999.000 -9999.000 -9999.000 -9999.000 -9999.000 -9999.000 -9999.000 -9999.000 -9999.000 -9999.000 -9999.000 -9999.000 -9999.000 0.2688248E-02 0.6835046E-02 0.1226416E-01 0.1732121E-01 0.2185569E-01 0.2577992E-01 0.2899500E-01 0.3136900E-01 0.3272434E-01 0.3282846E-01 0.3138511E-01 0.2802459E-01 0.2229354E-01 0.1374134E-01 0.5760751E-02 0.5760751E-02 -9999.000 -9999.000 -9999.000 -9999.000 -9999.000 -9999.000 -9999.000 -9999.000 -9999.000 -9999.000 -9999.000 -9999.000 -9999.000 -9999.000 -9999.000 -9999.000 -9999.000 -9999.000 -9999.000 -9999.000 -9999.000 -9999.000 -9999.000 -9999.000 -9999.000 -9999.000 -9999.000
-9999.000 -9999.000 -9999.000 -9999.000 -9999.000 -9999.000 -9999.000 -9999.000 -9999.000 -9999.000 -9999.000 -9999.000 -9999.000 -9999.000 -9999.000 0.3397008E-02 0.8388764E-02 0.1477498E-01 0.2072158E-01 0.2605928E-01 0.3068202E-01 0.3447052E-01 0.3726912E-01 0.3887168E-01 0.3901040E-01 0.3734516E-01 0.3345126E-01 0.2680437E-01 0.1686627E-01 0.7288350E-02 0.7288350E-02 -9999.000 -9999.000 -9999.000 -9999.000 -9999.000 -9999.000 -9999.000 -9999.000 -9999.000 -9999.000 -9999.000 -9999.000 -9999.000 -9999.000 -9999.000 -9999.000 -9999.000 -9999.000 -9999.000 -9999.000 -9999.000 -9999.000 -9999.000 -9999.000 -9999.000 -9999.000 -9999.000
-9999.000 -9999.000 -9999.000 -9999.000 -9999.000 -9999.000 -9999.000 -9999.000 -9999.000 -9999.000 -9999.000 -9999.000 -9999.000 -9999.000 -9999.000 0.4125627E-02 0.9953233E-02 0.1725749E-01 0.2406034E-01 0.3018209E-01 0.3550251E-01 0.3988475E-01 0.4315024E-01 0.4506254E-01 0.4531343E-01 0.4350951E-01 0.3915462E-01 0.3162906E-01 0.2026873E-01 0.8968757E-02 0.8968757E-02 -9999.000 -9999.000 -9999.000 -9999.000 -9999.000 -9999.000 -9999.000 -9999.000 -9999.000 -9999.000 -9999.000 -9999.000 -9999.000 -9999.000 -9999.000 -9999.000 -9999.000 -9999.000 -9999.000 -9999.000 -9999.000 -9999.000 -9999.000 -9999.000 -9999.000 -9999.000 -9999.000
-9999.000 -9999.000 -9999.000 -9999.000 -9999.000 -9999.000 -9999.000 -9999.000 -9999.000 -9999.000 -9999.000 -9999.000 -9999.000 -9999.000 -9999.000 0.4907853E-02 0.1159723E-01 0.1981505E-01 0.2747406E-01 0.3439264E-01 0.4044025E-01 0.4546420E-01 0.4926277E-01 0.5156620E-01 0.5201910E-01 0.5016218E-01 0.4540845E-01 0.3701217E-01 0.2413383E-01 0.1089846E-01 0.1089846E-01 -9999.000 -9999.000 -9999.000 -9999.000 -9999.000 -9999.000 -9999.000 -9999.000 -9999.000 -9999.000 -9999.000 -9999.000 -9999.000 -9999.000 -9999.000 -9999.000 -9999.000 -9999.000 -9999.000 -9999.000 -9999.000 -9999.000 -9999.000 -9999.000 -9999.000 -9999.000 -9999.000
-9999.000 -9999.000 -9999.000 -9999.000 -9999.000 -9999.000 -9999.000 -9999.000 -9999.000 -9999.000 -9999.000 -9999.000 -9999.000 -9999.000 -9999.000 0.5774807E-02 0.1338328E-01 0.2254213E-01 0.3108697E-01 0.3884429E-01 0.4567675E-01 0.5141737E-01 0.5584059E-01 0.5863962E-01 0.5940365E-01 0.5759301E-01 0.5250535E-01 0.4322949E-01 0.2868430E-01 0.1319815E-01 0.1319815E-01 -9999.000 -9999.000 -9999.000 -9999.000 -9999.000 -9999.000 -9999.000 -9999.000 -9999.000 -9999.000 -9999.000 -9999.000 -9999.000 -9999.000 -9999.000 -9999.000 -9999.000 -9999.000 -9999.000 -9999.000 -9999.000 -9999.000 -9999.000 -9999.000 -9999.000 -9999.000 -9999.000
-9999.000 -9999.000 -9999.000 -9999.000 -9999.000 -9999.000 -9999.000 -9999.000 -9999.000 -9999.000 -9999.000 -9999.000 -9999.000 -9999.000 -9999.000 0.6755106E-02 0.1536984E-01 0.2552778E-01 0.3501793E-01 0.4368556E-01 0.5139060E-01 0.5795364E-01 0.6312460E-01 0.6655561E-01 0.6777132E-01 0.6613427E-01 0.6079648E-01 0.5062983E-01 0.3421855E-01 0.1603573E-01 0.1603573E-01 -9999.000 -9999.000 -9999.000 -9999.000 -9999.000 -9999.000 -9999.000 -9999.000 -9999.000 -9999.000 -9999.000 -9999.000 -9999.000 -9999.000 -9999.000 -9999.000 -9999.000 -9999.000 -9999.000 -9999.000 -9999.000 -9999.000 -9999.000 -9999.000 -9999.000 -9999.000 -9999.000
-9999.000 -9999.000 -9999.000 -9999.000 -9999.000 -9999.000 -9999.000 -9999.000 -9999.000 -9999.000 -9999.000 -9999.000 -9999.000 -9999.000 -9999.000 0.7875903E-02 0.1761351E-01 0.2886155E-01 0.3939003E-01 0.4907434E-01 0.5777640E-01 0.6530680E-01 0.7139128E-01 0.7563702E-01 0.7749444E-01 0.7620802E-01 0.7074675E-01 0.5969614E-01 0.4117309E-01 0.1966478E-01 0.1966478E-01 -9999.000 -9999.000 -9999.000 -9999.000 -9999.000 -9999.000 -9999.000 -9999.000 -9999.000 -9999.000 -9999.000 -9999.000 -9999.000 -9999.000 -9999.000 -9999.000 -9999.000 -9999.000 -9999.000 -9999.000 -9999.000 -9999.000 -9999.000 -9999.000 -9999.000 -9999.000 -9999.000
-9999.000 -9999.000 -9999.000 -9999.000 -9999.000 -9999.000 -9999.000 -9999.000 -9999.000 -9999.000 -9999.000 -9999.000 -9999.000 -9999.000 -9999.000 0.9163699E-02 0.2017250E-01 0.3264147E-01 0.4434349E-01 0.5519624E-01 0.6506903E-01 0.7376631E-01 0.8099137E-01 0.8630435E-01 0.8907175E-01 0.8839807E-01 0.8302213E-01 0.7114992E-01 0.5023533E-01 0.2449798E-01 0.2449798E-01 -9999.000 -9999.000 -9999.000 -9999.000 -9999.000 -9999.000 -9999.000 -9999.000 -9999.000 -9999.000 -9999.000 -9999.000 -9999.000 -9999.000 -9999.000 -9999.000 -9999.000 -9999.000 -9999.000 -9999.000 -9999.000 -9999.000 -9999.000 -9999.000 -9999.000 -9999.000 -9999.000
-9999.000 -9999.000 -9999.000 -9999.000 -9999.000 -9999.000 -9999.000 -9999.000 -9999.000 -9999.000 -9999.000 -9999.000 -9999.000 -9999.000 -9999.000 0.1064668E-01 0.2311285E-01 0.3698593E-01 0.5005477E-01 0.6229157E-01 0.7357998E-01 0.8372447E-01 0.9241041E-01 0.9915215E-01 0.1032256 0.1035724 0.9864601E-01 0.8614673E-01 0.6257153E-01 0.3125934E-01 0.3125934E-01 -9999.000 -9999.000 -9999.000 -9999.000 -9999.000 -9999.000 -9999.000 -9999.000 -9999.000 -9999.000 -9999.000 -9999.000 -9999.000 -9999.000 -9999.000 -9999.000 -9999.000 -9999.000 -9999.000 -9999.000 -9999.000 -9999.000 -9999.000 -9999.000 -9999.000 -9999.000 -9999.000
-9999.000 -9999.000 -9999.000 -9999.000 -9999.000 -9999.000 -9999.000 -9999.000 -9999.000 -9999.000 -9999.000 -9999.000 -9999.000 -9999.000 -9999.000 0.1236171E-01 0.2652355E-01 0.4205981E-01 0.5677478E-01 0.7070729E-01 0.8376483E-01 0.9576245E-01 0.1063782 0.1150888 0.1210814 0.1231186 0.1193089 0.1066830 0.8033414E-01 0.4133537E-01 0.4133537E-01 -9999.000 -9999.000 -9999.000 -9999.000 -9999.000 -9999.000 -9999.000 -9999.000 -9999.000 -9999.000 -9999.000 -9999.000 -9999.000 -9999.000 -9999.000 -9999.000 -9999.000 -9999.000 -9999.000 -9999.000 -9999.000 -9999.000 -9999.000 -9999.000 -9999.000 -9999.000 -9999.000
-9999.000 -9999.000 -9999.000 -9999.000 -9999.000 -9999.000 -9999.000 -9999.000 -9999.000 -9999.000 -9999.000 -9999.000 -9999.000 -9999.000 -9999.000 0.1447781E-01 0.3073222E-01 0.4837129E-01 0.6518023E-01 0.8128119E-01 0.9662640E-01 0.1110660 0.1242992 0.1357963 0.1446853 0.1495665 0.1481716 0.1366775 0.1081051 0.5786511E-01 0.5786511E-01 -9999.000 -9999.000 -9999.000 -9999.000 -9999.000 -9999.000 -9999.000 -9999.000 -9999.000 -9999.000 -9999.000 -9999.000 -9999.000 -9999.000 -9999.000 -9999.000 -9999.000 -9999.000 -9999.000 -9999.000 -9999.000 -9999.000 -9999.000 -9999.000 -9999.000 -9999.000 -9999.000
-9999.000 -9999.000 -9999.000 -9999.000 -9999.000 -9999.000 -9999.000 -9999.000 -9999.000 -9999.000 -9999.000 -9999.000 -9999.000 -9999.000 -9999.000 0.2925690E-01 0.5185562E-01 0.7470501E-01 0.9477214E-01 0.1129407 0.1296942 0.1452765 0.1596893 0.1726355 0.1833962 0.1905878 0.1916666 0.1818350 0.1511517 0.7902955E-01 0.7902955E-01 -9999.000 -9999.000 -9999.000 -9999.000 -9999.000 -9999.000 -9999.000 -9999.000 -9999.000 -9999.000 -9999.000 -9999.000 -9999.000 -9999.000 -9999.000 -9999.000 -9999.000 -9999.000 -9999.000 -9999.000 -9999.000 -9999.000 -9999.000 -9999.000 -9999.000 -9999.000 -9999.000
1.644837 1.644837 1.708970 1.741157 1.749626 1.749626 1.755854 1.763909 1.763909 1.768147 1.768147 1.769965 1.770216 1.592326 1.351224 1.351224 1.173977 1.107375 1.033370 0.9537427 0.8708683 0.7877512 0.7078732 0.6349629 0.5727658 0.5249905 0.4957524 0.4912693 0.5251399 0.6161739 0.6161739 1.512467 1.750373 1.826585 1.790273 1.790273 1.664459 1.664459 1.472025 1.472025 1.106743 0.9348073 0.9348073 0.9261265 0.9261265 0.9665531 0.9665531 0.9665531 1.016665 1.016665 1.061059 1.061059 1.098522 1.098522 1.142810 1.142810 1.170205 1.170205
1.659447 1.659447 1.729083 1.775534 1.791560 1.791560 1.805430 1.828827 1.828827 1.848334 1.848334 1.865289 1.873057 1.772331 1.505207 1.505207 1.419086 1.391603 1.355719 1.310567 1.256180 1.193465 1.124227 1.051291 0.9787158 0.9121611 0.8595106 0.8322964 0.8497741 0.9477366 0.9477366 1.511449 1.695522 1.812547 1.827422 1.827422 1.805539 1.805539 1.715032 1.715032 1.527607 1.242779 1.242779 1.242266 1.242266 1.293584 1.293584 1.293584 1.346989 1.346989 1.395123 1.395123 1.423291 1.423291 1.477794 1.477794 1.511680 1.511680
1.662870 1.662870 1.730523 1.776042 1.792036 1.792036 1.805993 1.829737 1.829737 1.849691 1.849691 1.867155 1.875198 1.825891 1.546830 1.546830 1.481941 1.472899 1.458907 1.438371 1.410437 1.374933 1.332404 1.284259 1.232995 1.182606 1.139315 1.113080 1.121278 1.200251 1.200251 1.601321 1.766379 1.903353 1.932886 1.932886 1.935407 1.935407 1.874347 1.874347 1.775477 1.515449 1.515449 1.481842 1.481842 1.519085 1.519085 1.519085 1.566920 1.566920 1.608251 1.608251 1.640546 1.640546 1.679997 1.679997 1.708510 1.708510
1.665522 1.665522 1.731695 1.776249 1.792081 1.792081 1.805972 1.829712 1.829712 1.849697 1.849697 1.867179 1.875226 1.843770 1.595253 1.595253 1.514736 1.514038 1.509883 1.501111 1.487134 1.467786 1.443325 1.414563 1.383076 1.351542 1.324330 1.308683 1.317765 1.382960 1.382960 1.681955 1.825186 1.959171 1.989120 1.989120 1.996842 1.996842 1.955769 1.955769 1.905465 1.720406 1.720406 1.646098 1.646098 1.673782 1.673782 1.673782 1.714924 1.714924 1.751271 1.751271 1.780358 1.780358 1.812052 1.812052 1.836842 1.836842
1.667509 1.667509 1.732648 1.776432 1.792116 1.792116 1.805944 1.829676 1.829676 1.849684 1.849684 1.867174 1.875221 1.857367 1.651603 1.651603 1.543160 1.548072 1.549275 1.546157 1.538707 1.527260 1.512393 1.494959 1.476231 1.458138 1.443705 1.437850 1.449652 1.504917 1.504917 1.740634 1.860930 1.980220 2.004431 2.004431 2.008770 2.008770 1.986527 1.986527 1.965773 1.862480 1.862480 1.776879 1.776879 1.781383 1.781383 1.781383 1.816133 1.816133 1.848851 1.848851 1.875688 1.875688 1.902402 1.902402 1.924197 1.924197
1.668889 1.668889 1.733348 1.776577 1.792143 1.792143 1.805919 1.829644 1.829644 1.849673 1.849673 1.867172 1.875218 1.866348 1.713356 1.713356 1.572641 1.582797 1.588155 1.588428 1.584083 1.575996 1.565238 1.553043 1.540807 1.530211 1.523482 1.523762 1.536418 1.583306 1.583306 1.773041 1.872161 1.967691 1.983509 1.983509 1.987676 1.987676 1.988852 1.988852 1.988559 1.950286 1.950286 1.883196 1.883196 1.863937 1.863937 1.863937 1.890014 1.890014 1.918461 1.918461 1.942971 1.942971 1.965961 1.965961 1.984796 1.984796
1.669700 1.669700 1.733777 1.776672 1.792163 1.792163 1.805906 1.829629 1.829629 1.849672 1.849672 1.867176 1.875221 1.872209 1.772719 1.772719 1.604846 1.620400 1.629794 1.632793 1.630181 1.623257 1.613542 1.602732 1.592568 1.584811 1.581343 1.583976 1.594525 1.630481 1.630481 1.780147 1.857841 1.923025 1.932914 1.932914 1.948781 1.948781 1.977000 1.977000 1.991761 1.997590 1.997590 1.963251 1.963251 1.932075 1.932075 1.932075 1.947797 1.947797 1.970420 1.970420 1.991773 1.991773 2.011124 2.011124 2.026792 2.026792
1.669969 1.669969 1.733922 1.776703 1.792170 1.792170 1.805901 1.829621 1.829621 1.849670 1.849670 1.867176 1.875220 1.876004 1.809615 1.809615 1.639830 1.660667 1.674360 1.680111 1.678856 1.672235 1.662065 1.650442 1.639570 1.631475 1.628029 1.629950 1.633580 1.652449 1.652449 1.761616 1.814801 1.851833 1.864055 1.864055 1.904545 1.904545 1.958560 1.958560 1.984318 2.018394 2.018394 2.016024 2.016024 1.988974 1.988974 1.988974 1.995536 1.995536 2.011136 2.011136 2.027952 2.027952 2.043230 2.043230 2.055500 2.055500
1.669700 1.669700 1.733777 1.776671 1.792163 1.792163 1.805906 1.829629 1.829629 1.849672 1.849672 1.867176 1.875220 1.878449 1.836009 1.836009 1.682439 1.706023 1.723008 1.730959 1.730719 1.723912 1.712540 1.698983 1.685783 1.675364 1.669786 1.667697 1.656373 1.647553 1.647553 1.713825 1.740073 1.766674 1.790831 1.790831 1.861888 1.861888 1.936883 1.936883 1.970614 2.023004 2.023004 2.045507 2.045507 2.034176 2.034176 2.034176 2.035578 2.035578 2.044313 2.044313 2.055460 2.055460 2.066005 2.066005 2.074450 2.074450
1.668889 1.668889 1.733349 1.776577 1.792143 1.792143 1.805919 1.829644 1.829644 1.849673 1.849673 1.867171 1.875215 1.880012 1.854047 1.854047 1.738845 1.758392 1.776987 1.786384 1.786539 1.778940 1.765681 1.749335 1.732733 1.718656 1.709273 1.699237 1.659251 1.610948 1.610948 1.629690 1.639063 1.681672 1.722194 1.722194 1.822543 1.822543 1.913351 1.913351 1.953001 2.017838 2.017838 2.057950 2.057950 2.066828 2.066828 2.066828 2.067953 2.067953 2.071463 2.071463 2.076646 2.076646 2.081831 2.081831 2.085983 2.085983
1.667509 1.667509 1.732648 1.776432 1.792116 1.792116 1.805944 1.829676 1.829676 1.849683 1.849683 1.867174 1.875218 1.881011 1.866028 1.866028 1.806482 1.821330 1.838557 1.847497 1.846775 1.837460 1.821547 1.801653 1.780795 1.762057 1.747485 1.722457 1.623222 1.529685 1.529685 1.515814 1.523893 1.605572 1.656865 1.656865 1.786168 1.786168 1.889019 1.889019 1.933235 2.006892 2.006892 2.059089 2.059089 2.087342 2.087342 2.087342 2.091963 2.091963 2.092676 2.092676 2.092483 2.092483 2.092089 2.092089 2.091682 2.091682
