cruce_test.gid/Rasters/Hydraulic/Velocity____183.0.asc
NCOLS        79
NROWS        79
XLLCENTER         -1.500000
YLLCENTER         -4.800000
CELLSIZE           0.100
NODATA_VALUE     -9999.0
[rows 0 to 26 of 79, columns 0 to 59 of 79]
-9999.000 -9999.000 -9999.000 -9999.000 -9999.000 -9999.000 -9999.000 -9999.000 -9999.000 -9999.000 -9999.000 -9999.000 -9999.000 -9999.000 -9999.000 0.9487138E-01 0.9218126E-01 0.9111809E-01 0.9098702E-01 0.9181654E-01 0.9296028E-01 0.9407407E-01 0.9503420E-01 0.9575164E-01 0.9621075E-01 0.9648526E-01 0.9663792E-01 0.9684759E-01 0.9767360E-01 0.9859829E-01 0.9859829E-01 -9999.000 -9999.000 -9999.000 -9999.000 -9999.000 -9999.000 -9999.000 -9999.000 -9999.000 -9999.000 -9999.000 -9999.000 -9999.000 -9999.000 -9999.000 -9999.000 -9999.000 -9999.000 -9999.000 -9999.000 -9999.000 -9999.000 -9999.000 -9999.000 -9999.000 -9999.000 -9999.000 -9999.000 -9999.000
-9999.000 -9999.000 -9999.000 -9999.000 -9999.000 -9999.000 -9999.000 -9999.000 -9999.000 -9999.000 -9999.000 -9999.000 -9999.000 -9999.000 -9999.000 0.9464817E-01 0.8903716E-01 0.8687278E-01 0.8665072E-01 0.8837720E-01 0.9073681E-01 0.9306281E-01 0.9512381E-01 0.9673711E-01 0.9785171E-01 0.9860255E-01 0.9911379E-01 0.9977246E-01 0.1018030 0.1043324 0.1043324 -9999.000 -9999.000 -9999.000 -9999.000 -9999.000 -9999.000 -9999.000 -9999.000 -9999.000 -9999.000 -9999.000 -9999.000 -9999.000 -9999.000 -9999.000 -9999.000 -9999.000 -9999.000 -9999.000 -9999.000 -9999.000 -9999.000 -9999.000 -9999.000 -9999.000 -9999.000 -9999.000 -9999.000 -9999.000
-9999.000 -9999.000 -9999.000 -9999.000 -9999.000 -9999.000 -9999.000 -9999.000 -9999.000 -9999.000 -9999.000 -9999.000 -9999.000 -9999.000 -9999.000 0.9329632E-01 0.8450700E-01 0.8103228E-01 0.8066647E-01 0.8340256E-01 0.8716110E-01 0.9092373E-01 0.9435917E-01 0.9719171E-01 0.9933008E-01 0.1009673 0.1022711 0.1038293 0.1075777 0.1125057 0.1125057 -9999.000 -9999.000 -9999.000 -9999.000 -9999.000 -9999.000 -9999.000 -9999.000 -9999.000 -9999.000 -9999.000 -9999.000 -9999.000 -9999.000 -9999.000 -9999.000 -9999.000 -9999.000 -9999.000 -9999.000 -9999.000 -9999.000 -9999.000 -9999.000 -9999.000 -9999.000 -9999.000 -9999.000 -9999.000
-9999.000 -9999.000 -9999.000 -9999.000 -9999.000 -9999.000 -9999.000 -9999.000 -9999.000 -9999.000 -9999.000 -9999.000 -9999.000 -9999.000 -9999.000 0.9142437E-01 0.7946978E-01 0.7466714E-01 0.7417002E-01 0.7795031E-01 0.8313895E-01 0.8837660E-01 0.9325001E-01 0.9739748E-01 0.1006860 0.1033617 0.1056215 0.1082455 0.1138994 0.1217434 0.1217434 -9999.000 -9999.000 -9999.000 -9999.000 -9999.000 -9999.000 -9999.000 -9999.000 -9999.000 -9999.000 -9999.000 -9999.000 -9999.000 -9999.000 -9999.000 -9999.000 -9999.000 -9999.000 -9999.000 -9999.000 -9999.000 -9999.000 -9999.000 -9999.000 -9999.000 -9999.000 -9999.000 -9999.000 -9999.000
-9999.000 -9999.000 -9999.000 -9999.000 -9999.000 -9999.000 -9999.000 -9999.000 -9999.000 -9999.000 -9999.000 -9999.000 -9999.000 -9999.000 -9999.000 0.8926228E-01 0.7411086E-01 0.6796368E-01 0.6736108E-01 0.7223262E-01 0.7888129E-01 0.8561892E-01 0.9196792E-01 0.9748672E-01 0.1019975 0.1057992 0.1091089 0.1129010 0.1206074 0.1318930 0.1318930 -9999.000 -9999.000 -9999.000 -9999.000 -9999.000 -9999.000 -9999.000 -9999.000 -9999.000 -9999.000 -9999.000 -9999.000 -9999.000 -9999.000 -9999.000 -9999.000 -9999.000 -9999.000 -9999.000 -9999.000 -9999.000 -9999.000 -9999.000 -9999.000 -9999.000 -9999.000 -9999.000 -9999.000 -9999.000
-9999.000 -9999.000 -9999.000 -9999.000 -9999.000 -9999.000 -9999.000 -9999.000 -9999.000 -9999.000 -9999.000 -9999.000 -9999.000 -9999.000 -9999.000 0.8689577E-01 0.6850580E-01 0.6101213E-01 0.6035785E-01 0.6638351E-01 0.7451881E-01 0.8276940E-01 0.9061514E-01 0.9753948E-01 0.1033156 0.1082980 0.1127171 0.1177486 0.1276408 0.1429581 0.1429581 -9999.000 -9999.000 -9999.000 -9999.000 -9999.000 -9999.000 -9999.000 -9999.000 -9999.000 -9999.000 -9999.000 -9999.000 -9999.000 -9999.000 -9999.000 -9999.000 -9999.000 -9999.000 -9999.000 -9999.000 -9999.000 -9999.000 -9999.000 -9999.000 -9999.000 -9999.000 -9999.000 -9999.000 -9999.000
-9999.000 -9999.000 -9999.000 -9999.000 -9999.000 -9999.000 -9999.000 -9999.000 -9999.000 -9999.000 -9999.000 -9999.000 -9999.000 -9999.000 -9999.000 0.8434426E-01 0.6267834E-01 0.5385934E-01 0.5324896E-01 0.6050294E-01 0.7013952E-01 0.7990074E-01 0.8925103E-01 0.9760053E-01 0.1046690 0.1108700 0.1164407 0.1227693 0.1349830 0.1550314 0.1550314 -9999.000 -9999.000 -9999.000 -9999.000 -9999.000 -9999.000 -9999.000 -9999.000 -9999.000 -9999.000 -9999.000 -9999.000 -9999.000 -9999.000 -9999.000 -9999.000 -9999.000 -9999.000 -9999.000 -9999.000 -9999.000 -9999.000 -9999.000 -9999.000 -9999.000 -9999.000 -9999.000 -9999.000 -9999.000
-9999.000 -9999.000 -9999.000 -9999.000 -9999.000 -9999.000 -9999.000 -9999.000 -9999.000 -9999.000 -9999.000 -9999.000 -9999.000 -9999.000 -9999.000 0.8159434E-01 0.5662641E-01 0.4654174E-01 0.4613812E-01 0.5469558E-01 0.6581923E-01 0.7706605E-01 0.8791342E-01 0.9769726E-01 0.1060744 0.1135227 0.1202773 0.1279554 0.1426385 0.1682711 0.1682711 -9999.000 -9999.000 -9999.000 -9999.000 -9999.000 -9999.000 -9999.000 -9999.000 -9999.000 -9999.000 -9999.000 -9999.000 -9999.000 -9999.000 -9999.000 -9999.000 -9999.000 -9999.000 -9999.000 -9999.000 -9999.000 -9999.000 -9999.000 -9999.000 -9999.000 -9999.000 -9999.000 -9999.000 -9999.000
-9999.000 -9999.000 -9999.000 -9999.000 -9999.000 -9999.000 -9999.000 -9999.000 -9999.000 -9999.000 -9999.000 -9999.000 -9999.000 -9999.000 -9999.000 0.7861356E-01 0.5033707E-01 0.3911551E-01 0.3919755E-01 0.4910427E-01 0.6164289E-01 0.7431513E-01 0.8663361E-01 0.9785026E-01 0.1075434 0.1162608 0.1242260 0.1333040 0.1506222 0.1828986 0.1828986 -9999.000 -9999.000 -9999.000 -9999.000 -9999.000 -9999.000 -9999.000 -9999.000 -9999.000 -9999.000 -9999.000 -9999.000 -9999.000 -9999.000 -9999.000 -9999.000 -9999.000 -9999.000 -9999.000 -9999.000 -9999.000 -9999.000 -9999.000 -9999.000 -9999.000 -9999.000 -9999.000 -9999.000 -9999.000
-9999.000 -9999.000 -9999.000 -9999.000 -9999.000 -9999.000 -9999.000 -9999.000 -9999.000 -9999.000 -9999.000 -9999.000 -9999.000 -9999.000 -9999.000 0.7535578E-01 0.4379296E-01 0.3170464E-01 0.3276343E-01 0.4394979E-01 0.5772209E-01 0.7170667E-01 0.8544526E-01 0.9807973E-01 0.1090871 0.1190899 0.1282869 0.1388147 0.1589547 0.1992105 0.1992105 -9999.000 -9999.000 -9999.000 -9999.000 -9999.000 -9999.000 -9999.000 -9999.000 -9999.000 -9999.000 -9999.000 -9999.000 -9999.000 -9999.000 -9999.000 -9999.000 -9999.000 -9999.000 -9999.000 -9999.000 -9999.000 -9999.000 -9999.000 -9999.000 -9999.000 -9999.000 -9999.000 -9999.000 -9999.000
-9999.000 -9999.000 -9999.000 -9999.000 -9999.000 -9999.000 -9999.000 -9999.000 -9999.000 -9999.000 -9999.000 -9999.000 -9999.000 -9999.000 -9999.000 0.7176249E-01 0.3698057E-01 0.2462710E-01 0.2751072E-01 0.3958008E-01 0.5421159E-01 0.6931689E-01 0.8439147E-01 0.9841268E-01 0.1107208 0.1220178 0.1324616 0.1444881 0.1676611 0.2176032 0.2176032 -9999.000 -9999.000 -9999.000 -9999.000 -9999.000 -9999.000 -9999.000 -9999.000 -9999.000 -9999.000 -9999.000 -9999.000 -9999.000 -9999.000 -9999.000 -9999.000 -9999.000 -9999.000 -9999.000 -9999.000 -9999.000 -9999.000 -9999.000 -9999.000 -9999.000 -9999.000 -9999.000 -9999.000 -9999.000
-9999.000 -9999.000 -9999.000 -9999.000 -9999.000 -9999.000 -9999.000 -9999.000 -9999.000 -9999.000 -9999.000 -9999.000 -9999.000 -9999.000 -9999.000 0.6776032E-01 0.2990773E-01 0.1876613E-01 0.2464722E-01 0.3651450E-01 0.5132992E-01 0.6725375E-01 0.8353383E-01 0.9888829E-01 0.1124690 0.1250602 0.1367564 0.1503279 0.1767711 0.2386143 0.2386143 -9999.000 -9999.000 -9999.000 -9999.000 -9999.000 -9999.000 -9999.000 -9999.000 -9999.000 -9999.000 -9999.000 -9999.000 -9999.000 -9999.000 -9999.000 -9999.000 -9999.000 -9999.000 -9999.000 -9999.000 -9999.000 -9999.000 -9999.000 -9999.000 -9999.000 -9999.000 -9999.000 -9999.000 -9999.000
-9999.000 -9999.000 -9999.000 -9999.000 -9999.000 -9999.000 -9999.000 -9999.000 -9999.000 -9999.000 -9999.000 -9999.000 -9999.000 -9999.000 -9999.000 0.6324586E-01 0.2266563E-01 0.1634523E-01 0.2560387E-01 0.3547139E-01 0.4942415E-01 0.6570771E-01 0.8299120E-01 0.9958760E-01 0.1143870 0.1282550 0.1411939 0.1563482 0.1863232 0.2629924 0.2629924 -9999.000 -9999.000 -9999.000 -9999.000 -9999.000 -9999.000 -9999.000 -9999.000 -9999.000 -9999.000 -9999.000 -9999.000 -9999.000 -9999.000 -9999.000 -9999.000 -9999.000 -9999.000 -9999.000 -9999.000 -9999.000 -9999.000 -9999.000 -9999.000 -9999.000 -9999.000 -9999.000 -9999.000 -9999.000
-9999.000 -9999.000 -9999.000 -9999.000 -9999.000 -9999.000 -9999.000 -9999.000 -9999.000 -9999.000 -9999.000 -9999.000 -9999.000 -9999.000 -9999.000 0.5741199E-01 0.1658218E-01 0.2288241E-01 0.3395803E-01 0.4017153E-01 0.5143861E-01 0.6679954E-01 0.8426835E-01 0.1015838 0.1172426 0.1321462 0.1461499 0.1628011 0.1965064 0.2919118 0.2919118 -9999.000 -9999.000 -9999.000 -9999.000 -9999.000 -9999.000 -9999.000 -9999.000 -9999.000 -9999.000 -9999.000 -9999.000 -9999.000 -9999.000 -9999.000 -9999.000 -9999.000 -9999.000 -9999.000 -9999.000 -9999.000 -9999.000 -9999.000 -9999.000 -9999.000 -9999.000 -9999.000 -9999.000 -9999.000
-9999.000 -9999.000 -9999.000 -9999.000 -9999.000 -9999.000 -9999.000 -9999.000 -9999.000 -9999.000 -9999.000 -9999.000 -9999.000 -9999.000 -9999.000 0.8878466E-01 0.1369936 0.1616092 0.1548587 0.1332559 0.1205285 0.1140898 0.1147856 0.1209584 0.1298524 0.1410345 0.1532453 0.1698207 0.2067868 0.3246307 0.3246307 -9999.000 -9999.000 -9999.000 -9999.000 -9999.000 -9999.000 -9999.000 -9999.000 -9999.000 -9999.000 -9999.000 -9999.000 -9999.000 -9999.000 -9999.000 -9999.000 -9999.000 -9999.000 -9999.000 -9999.000 -9999.000 -9999.000 -9999.000 -9999.000 -9999.000 -9999.000 -9999.000 -9999.000 -9999.000
2.807653 2.807653 2.794958 2.856647 2.862573 2.862573 2.865165 2.866147 2.866147 2.863788 2.863788 2.859145 2.856183 2.852880 2.849280 2.849280 2.976676 2.979993 2.980398 2.974205 2.942345 2.888764 2.813203 2.714500 2.593130 2.453455 2.297364 2.132947 1.983465 1.920953 1.920953 2.705255 2.873574 2.976134 3.003027 3.003027 3.041995 3.041995 3.038516 3.038516 3.004125 2.851605 2.851605 2.566886 2.566886 2.146258 2.146258 2.146258 2.107979 2.107979 2.128208 2.128208 2.170877 2.170877 2.218563 2.218563 2.262781 2.262781 2.262781 2.299161
2.829992 2.829992 2.821603 2.906374 2.923961 2.923961 2.938025 2.961582 2.961582 2.981541 2.981541 2.999034 3.007075 3.014728 3.022039 3.022039 3.113007 3.129538 3.143318 3.155039 3.160830 3.160669 3.152780 3.134267 3.102313 3.055361 2.991392 2.910596 2.818428 2.738407 2.738407 3.147103 3.294869 3.441964 3.483227 3.483227 3.532962 3.532962 3.541788 3.541788 3.526889 3.442440 3.442440 3.274609 3.274609 2.965093 2.965093 2.965093 2.921993 2.921993 2.944017 2.944017 2.989559 2.989559 3.039872 3.039872 3.087031 3.087031 3.087031 3.127543
2.834951 2.834951 2.823754 2.906257 2.924183 2.924183 2.938656 2.962850 2.962850 2.983411 2.983411 3.001601 3.010034 3.018101 3.025851 3.025851 3.105020 3.132815 3.157726 3.180146 3.198407 3.212498 3.222184 3.226543 3.224259 3.214200 3.194606 3.164344 3.125249 3.091066 3.091066 3.314609 3.455332 3.622630 3.673077 3.673077 3.728421 3.728421 3.725723 3.725723 3.702210 3.614069 3.614069 3.487591 3.487591 3.245644 3.245644 3.245644 3.189686 3.189686 3.198508 3.198508 3.235126 3.235126 3.279304 3.279304 3.322040 3.322040 3.322040 3.359307
2.838237 2.838237 2.826845 2.905779 2.923781 2.923781 2.938478 2.962866 2.962866 2.983438 2.983438 3.001626 3.010062 3.018138 3.025898 3.025898 3.097550 3.134636 3.169894 3.202081 3.229688 3.252322 3.269980 3.282571 3.289871 3.291783 3.287847 3.277677 3.262405 3.250509 3.250509 3.385845 3.508621 3.679675 3.734185 3.734185 3.785136 3.785136 3.758919 3.758919 3.723016 3.635837 3.635837 3.551364 3.551364 3.377644 3.377644 3.377644 3.314654 3.314654 3.308971 3.308971 3.335590 3.335590 3.374065 3.374065 3.413358 3.413358 3.413358 3.448179
2.839424 2.839424 2.831115 2.905224 2.923335 2.923335 2.938270 2.962858 2.962858 2.983437 2.983437 3.001611 3.010044 3.018119 3.025880 3.025880 3.094524 3.139578 3.184178 3.225476 3.261732 3.292230 3.316827 3.335565 3.348542 3.356035 3.358266 3.355555 3.349163 3.344990 3.344990 3.429498 3.530336 3.690511 3.740269 3.740269 3.764904 3.764904 3.705184 3.705184 3.662820 3.597687 3.597687 3.559751 3.559751 3.454805 3.454805 3.454805 3.394097 3.394097 3.375152 3.375152 3.389462 3.389462 3.420152 3.420152 3.454688 3.454688 3.454688 3.486184
2.836836 2.836836 2.837946 2.905164 2.923421 2.923421 2.938566 2.963336 2.963336 2.983917 2.983917 3.002067 3.010491 3.018557 3.026309 3.026309 3.097304 3.149768 3.202747 3.252252 3.296290 3.333970 3.365025 3.389474 3.407470 3.419333 3.425470 3.426444 3.423510 3.420954 3.420954 3.472333 3.549301 3.681461 3.712451 3.712451 3.682702 3.682702 3.595913 3.595913 3.563405 3.541008 3.541008 3.546543 3.546543 3.502918 3.502918 3.502918 3.453946 3.453946 3.426898 3.426898 3.428512 3.428512 3.449236 3.449236 3.476956 3.476956 3.476956 3.503515
2.836568 2.836568 2.841344 2.904795 2.923167 2.923167 2.938457 2.963355 2.963355 2.983940 2.983940 3.002082 3.010504 3.018571 3.026323 3.026323 3.105881 3.165900 3.226557 3.283334 3.334165 3.378148 3.414978 3.444656 3.467335 3.483299 3.492942 3.496819 3.495983 3.493404 3.493404 3.522279 3.574761 3.654620 3.645468 3.645468 3.545200 3.545200 3.468307 3.468307 3.461319 3.486890 3.486890 3.526011 3.526011 3.531457 3.531457 3.531457 3.500547 3.500547 3.472610 3.472610 3.463974 3.463974 3.473639 3.473639 3.492551 3.492551 3.492551 3.512325
2.836480 2.836480 2.842477 2.904672 2.923079 2.923079 2.938419 2.963360 2.963360 2.983947 2.983947 3.002085 3.010506 3.018572 3.026325 3.026325 3.121677 3.189858 3.257675 3.320746 3.377223 3.426358 3.467942 3.502017 3.528751 3.548398 3.561296 3.567903 3.568982 3.566228 3.566228 3.579089 3.605343 3.592268 3.519837 3.519837 3.374809 3.374809 3.352863 3.352863 3.375358 3.439484 3.439484 3.501577 3.501577 3.544161 3.544161 3.544161 3.533692 3.533692 3.511637 3.511637 3.497162 3.497162 3.496368 3.496368 3.505170 3.505170 3.505170 3.516483
2.836570 2.836570 2.841344 2.904795 2.923167 2.923167 2.938457 2.963355 2.963355 2.983940 2.983940 3.002082 3.010504 3.018570 3.026322 3.026322 3.146235 3.223453 3.298036 3.366407 3.427264 3.480221 3.525283 3.562622 3.592470 3.615086 3.630757 3.639836 3.642731 3.639493 3.639493 3.638125 3.629370 3.462089 3.327308 3.327308 3.211993 3.211993 3.264053 3.264053 3.308603 3.397351 3.397351 3.474493 3.474493 3.544548 3.544548 3.544548 3.553645 3.553645 3.542041 3.542041 3.526508 3.526508 3.517356 3.517356 3.515683 3.515683 3.515683 3.517245
2.836838 2.836838 2.837944 2.905164 2.923420 2.923420 2.938566 2.963336 2.963336 2.983917 2.983917 3.002068 3.010491 3.018558 3.026309 3.026309 3.181872 3.269032 3.349924 3.422463 3.486259 3.541488 3.588510 3.627708 3.659434 3.683994 3.701661 3.712681 3.716901 3.711011 3.711011 3.687941 3.616101 3.246926 3.100870 3.100870 3.089972 3.089972 3.199375 3.199375 3.255896 3.358367 3.358367 3.445443 3.445443 3.535435 3.535435 3.535435 3.561257 3.561257 3.561916 3.561916 3.549420 3.549420 3.534850 3.534850 3.523335 3.523335 3.523335 3.514493
2.839378 2.839378 2.831099 2.905232 2.923336 2.923336 2.938272 2.962862 2.962862 2.983440 2.983440 3.001614 3.010046 3.018121 3.025882 3.025882 3.231822 3.329528 3.415927 3.491172 3.556160 3.611845 3.659056 3.698462 3.730581 3.755802 3.774411 3.786519 3.790534 3.773223 3.773223 3.696854 3.505194 2.985948 2.906461 2.906461 3.009102 3.009102 3.146067 3.146067 3.208029 3.318249 3.318249 3.412297 3.412297 3.516637 3.516637 3.516637 3.555697 3.555697 3.568176 3.568176 3.561197 3.561197 3.544188 3.544188 3.524362 3.524362 3.524362 3.505352
2.838240 2.838240 2.826844 2.905778 2.923780 2.923780 2.938478 2.962866 2.962866 2.983438 2.983438 3.001628 3.010063 3.018139 3.025898 3.025898 3.302514 3.410341 3.500469 3.576133 3.639906 3.693694 3.738890 3.776490 3.807200 3.831503 3.849717 3.861565 3.860144 3.797171 3.797171 3.587458 3.242582 2.767205 2.781091 2.781091 2.944935 2.944935 3.091614 3.091614 3.156078 3.271325 3.271325 3.370450 3.370450 3.484852 3.484852 3.484852 3.533689 3.533689 3.556068 3.556068 3.555255 3.555255 3.538021 3.538021 3.511831 3.511831 3.511831 3.483742
