cruce_test.gid/Rasters/Hydraulic/Velocity__x_329.0.asc
NCOLS        79
NROWS        79
XLLCENTER         -1.500000
YLLCENTER         -4.800000
CELLSIZE           0.100
NODATA_VALUE     -9999.0
[rows 0 to 25 of 79, columns 0 to 57 of 79]
-9999.000 -9999.000 -9999.000 -9999.000 -9999.000 -9999.000 -9999.000 -9999.000 -9999.000 -9999.000 -9999.000 -9999.000 -9999.000 -9999.000 -9999.000 0.4063472E-03 0.2237123E-02 0.5677758E-02 0.9146844E-02 0.1215483E-01 0.1451534E-01 0.1614946E-01 0.1706780E-01 0.1732582E-01 0.1697257E-01 0.1606976E-01 0.1464160E-01 0.1252175E-01 0.8949552E-02 0.4401888E-02 0.4401888E-02 -9999.000 -9999.000 -9999.000 -9999.000 -9999.000 -9999.000 -9999.000 -9999.000 -9999.000 -9999.000 -9999.000 -9999.000 -9999.000 -9999.000 -9999.000 -9999.000 -9999.000 -9999.000 -9999.000 -9999.000 -9999.000 -9999.000 -9999.000 -9999.000 -9999.000 -9999.000 -9999.000
-9999.000 -9999.000 -9999.000 -9999.000 -9999.000 -9999.000 -9999.000 -9999.000 -9999.000 -9999.000 -9999.000 -9999.000 -9999.000 -9999.000 -9999.000 0.1588132E-02 0.4610071E-02 0.9194207E-02 0.1372037E-01 0.1767162E-01 0.2080759E-01 0.2299762E-01 0.2420851E-01 0.2446245E-01 0.2378949E-01 0.2224180E-01 0.1984775E-01 0.1647786E-01 0.1150024E-01 0.5641273E-02 0.5641273E-02 -9999.000 -9999.000 -9999.000 -9999.000 -9999.000 -9999.000 -9999.000 -9999.000 -9999.000 -9999.000 -9999.000 -9999.000 -9999.000 -9999.000 -9999.000 -9999.000 -9999.000 -9999.000 -9999.000 -9999.000 -9999.000 -9999.000 -9999.000 -9999.000 -9999.000 -9999.000 -9999.000
-9999.000 -9999.000 -9999.000 -9999.000 -9999.000 -9999.000 -9999.000 -9999.000 -9999.000 -9999.000 -9999.000 -9999.000 -9999.000 -9999.000 -9999.000 0.2172319E-02 0.5843409E-02 0.1113207E-01 0.1629940E-01 0.2079875E-01 0.2436633E-01 0.2685326E-01 0.2821317E-01 0.2846090E-01 0.2762376E-01 0.2575936E-01 0.2290666E-01 0.1894682E-01 0.1323938E-01 0.6532825E-02 0.6532825E-02 -9999.000 -9999.000 -9999.000 -9999.000 -9999.000 -9999.000 -9999.000 -9999.000 -9999.000 -9999.000 -9999.000 -9999.000 -9999.000 -9999.000 -9999.000 -9999.000 -9999.000 -9999.000 -9999.000 -9999.000 -9999.000 -9999.000 -9999.000 -9999.000 -9999.000 -9999.000 -9999.000
-9999.000 -9999.000 -9999.000 -9999.000 -9999.000 -9999.000 -9999.000 -9999.000 -9999.000 -9999.000 -9999.000 -9999.000 -9999.000 -9999.000 -9999.000 0.2534713E-02 0.6615657E-02 0.1235567E-01 0.1793854E-01 0.2279525E-01 0.2664821E-01 0.2933696E-01 0.3080967E-01 0.3107827E-01 0.3016933E-01 0.2814398E-01 0.2504587E-01 0.2075275E-01 0.1459017E-01 0.7256121E-02 0.7256121E-02 -9999.000 -9999.000 -9999.000 -9999.000 -9999.000 -9999.000 -9999.000 -9999.000 -9999.000 -9999.000 -9999.000 -9999.000 -9999.000 -9999.000 -9999.000 -9999.000 -9999.000 -9999.000 -9999.000 -9999.000 -9999.000 -9999.000 -9999.000 -9999.000 -9999.000 -9999.000 -9999.000
-9999.000 -9999.000 -9999.000 -9999.000 -9999.000 -9999.000 -9999.000 -9999.000 -9999.000 -9999.000 -9999.000 -9999.000 -9999.000 -9999.000 -9999.000 0.2808415E-02 0.7198621E-02 0.1327896E-01 0.1917681E-01 0.2430744E-01 0.2838356E-01 0.3123684E-01 0.3281283E-01 0.3312251E-01 0.3219132E-01 0.3008275E-01 0.2684172E-01 0.2233577E-01 0.1584058E-01 0.7950592E-02 0.7950592E-02 -9999.000 -9999.000 -9999.000 -9999.000 -9999.000 -9999.000 -9999.000 -9999.000 -9999.000 -9999.000 -9999.000 -9999.000 -9999.000 -9999.000 -9999.000 -9999.000 -9999.000 -9999.000 -9999.000 -9999.000 -9999.000 -9999.000 -9999.000 -9999.000 -9999.000 -9999.000 -9999.000
-9999.000 -9999.000 -9999.000 -9999.000 -9999.000 -9999.000 -9999.000 -9999.000 -9999.000 -9999.000 -9999.000 -9999.000 -9999.000 -9999.000 -9999.000 0.3055254E-02 0.7722082E-02 0.1410254E-01 0.2027792E-01 0.2565118E-01 0.2992838E-01 0.3293544E-01 0.3461712E-01 0.3498388E-01 0.3406009E-01 0.3191165E-01 0.2858270E-01 0.2392511E-01 0.1714987E-01 0.8697943E-02 0.8697943E-02 -9999.000 -9999.000 -9999.000 -9999.000 -9999.000 -9999.000 -9999.000 -9999.000 -9999.000 -9999.000 -9999.000 -9999.000 -9999.000 -9999.000 -9999.000 -9999.000 -9999.000 -9999.000 -9999.000 -9999.000 -9999.000 -9999.000 -9999.000 -9999.000 -9999.000 -9999.000 -9999.000
-9999.000 -9999.000 -9999.000 -9999.000 -9999.000 -9999.000 -9999.000 -9999.000 -9999.000 -9999.000 -9999.000 -9999.000 -9999.000 -9999.000 -9999.000 0.3306253E-02 0.8249943E-02 0.1492557E-01 0.2137202E-01 0.2698301E-01 0.3145982E-01 0.3462394E-01 0.3642065E-01 0.3686095E-01 0.3596760E-01 0.3380901E-01 0.3042771E-01 0.2565484E-01 0.1862088E-01 0.9554545E-02 0.9554545E-02 -9999.000 -9999.000 -9999.000 -9999.000 -9999.000 -9999.000 -9999.000 -9999.000 -9999.000 -9999.000 -9999.000 -9999.000 -9999.000 -9999.000 -9999.000 -9999.000 -9999.000 -9999.000 -9999.000 -9999.000 -9999.000 -9999.000 -9999.000 -9999.000 -9999.000 -9999.000 -9999.000
-9999.000 -9999.000 -9999.000 -9999.000 -9999.000 -9999.000 -9999.000 -9999.000 -9999.000 -9999.000 -9999.000 -9999.000 -9999.000 -9999.000 -9999.000 0.3577526E-02 0.8816336E-02 0.1580079E-01 0.2252876E-01 0.2838719E-01 0.3307439E-01 0.3640798E-01 0.3833519E-01 0.3886821E-01 0.3802843E-01 0.3588683E-01 0.3248341E-01 0.2762347E-01 0.2033924E-01 0.1057223E-01 0.1057223E-01 -9999.000 -9999.000 -9999.000 -9999.000 -9999.000 -9999.000 -9999.000 -9999.000 -9999.000 -9999.000 -9999.000 -9999.000 -9999.000 -9999.000 -9999.000 -9999.000 -9999.000 -9999.000 -9999.000 -9999.000 -9999.000 -9999.000 -9999.000 -9999.000 -9999.000 -9999.000 -9999.000
-9999.000 -9999.000 -9999.000 -9999.000 -9999.000 -9999.000 -9999.000 -9999.000 -9999.000 -9999.000 -9999.000 -9999.000 -9999.000 -9999.000 -9999.000 0.3879356E-02 0.9442744E-02 0.1676144E-01 0.2379226E-01 0.2991754E-01 0.3483437E-01 0.3835740E-01 0.4043709E-01 0.4108770E-01 0.4032877E-01 0.3823501E-01 0.3484289E-01 0.2992607E-01 0.2239731E-01 0.1180939E-01 0.1180939E-01 -9999.000 -9999.000 -9999.000 -9999.000 -9999.000 -9999.000 -9999.000 -9999.000 -9999.000 -9999.000 -9999.000 -9999.000 -9999.000 -9999.000 -9999.000 -9999.000 -9999.000 -9999.000 -9999.000 -9999.000 -9999.000 -9999.000 -9999.000 -9999.000 -9999.000 -9999.000 -9999.000
-9999.000 -9999.000 -9999.000 -9999.000 -9999.000 -9999.000 -9999.000 -9999.000 -9999.000 -9999.000 -9999.000 -9999.000 -9999.000 -9999.000 -9999.000 0.4219786E-02 0.1014633E-01 0.1783522E-01 0.2519972E-01 0.3162026E-01 0.3679454E-01 0.4053485E-01 0.4279683E-01 0.4359744E-01 0.4295477E-01 0.4094832E-01 0.3761019E-01 0.3267537E-01 0.2491162E-01 0.1334320E-01 0.1334320E-01 -9999.000 -9999.000 -9999.000 -9999.000 -9999.000 -9999.000 -9999.000 -9999.000 -9999.000 -9999.000 -9999.000 -9999.000 -9999.000 -9999.000 -9999.000 -9999.000 -9999.000 -9999.000 -9999.000 -9999.000 -9999.000 -9999.000 -9999.000 -9999.000 -9999.000 -9999.000 -9999.000
-9999.000 -9999.000 -9999.000 -9999.000 -9999.000 -9999.000 -9999.000 -9999.000 -9999.000 -9999.000 -9999.000 -9999.000 -9999.000 -9999.000 -9999.000 0.4606988E-02 0.1094507E-01 0.1905105E-01 0.2679081E-01 0.3354516E-01 0.3901478E-01 0.4301015E-01 0.4549511E-01 0.4648978E-01 0.4601114E-01 0.4414557E-01 0.4092013E-01 0.3602246E-01 0.2804416E-01 0.1528203E-01 0.1528203E-01 -9999.000 -9999.000 -9999.000 -9999.000 -9999.000 -9999.000 -9999.000 -9999.000 -9999.000 -9999.000 -9999.000 -9999.000 -9999.000 -9999.000 -9999.000 -9999.000 -9999.000 -9999.000 -9999.000 -9999.000 -9999.000 -9999.000 -9999.000 -9999.000 -9999.000 -9999.000 -9999.000
-9999.000 -9999.000 -9999.000 -9999.000 -9999.000 -9999.000 -9999.000 -9999.000 -9999.000 -9999.000 -9999.000 -9999.000 -9999.000 -9999.000 -9999.000 0.5051968E-02 0.1186279E-01 0.2044718E-01 0.2861766E-01 0.3575817E-01 0.4157449E-01 0.4587724E-01 0.4864088E-01 0.4989045E-01 0.4964246E-01 0.4799322E-01 0.4496378E-01 0.4018497E-01 0.3203340E-01 0.1778685E-01 0.1778685E-01 -9999.000 -9999.000 -9999.000 -9999.000 -9999.000 -9999.000 -9999.000 -9999.000 -9999.000 -9999.000 -9999.000 -9999.000 -9999.000 -9999.000 -9999.000 -9999.000 -9999.000 -9999.000 -9999.000 -9999.000 -9999.000 -9999.000 -9999.000 -9999.000 -9999.000 -9999.000 -9999.000
-9999.000 -9999.000 -9999.000 -9999.000 -9999.000 -9999.000 -9999.000 -9999.000 -9999.000 -9999.000 -9999.000 -9999.000 -9999.000 -9999.000 -9999.000 0.5570812E-02 0.1293411E-01 0.2207937E-01 0.3075602E-01 0.3835488E-01 0.4458972E-01 0.4927276E-01 0.5239330E-01 0.5398386E-01 0.5406158E-01 0.5273720E-01 0.5002686E-01 0.4549181E-01 0.3724425E-01 0.2110613E-01 0.2110613E-01 -9999.000 -9999.000 -9999.000 -9999.000 -9999.000 -9999.000 -9999.000 -9999.000 -9999.000 -9999.000 -9999.000 -9999.000 -9999.000 -9999.000 -9999.000 -9999.000 -9999.000 -9999.000 -9999.000 -9999.000 -9999.000 -9999.000 -9999.000 -9999.000 -9999.000 -9999.000 -9999.000
-9999.000 -9999.000 -9999.000 -9999.000 -9999.000 -9999.000 -9999.000 -9999.000 -9999.000 -9999.000 -9999.000 -9999.000 -9999.000 -9999.000 -9999.000 0.6303549E-02 0.1441794E-01 0.2429853E-01 0.3360626E-01 0.4175649E-01 0.4848630E-01 0.5362133E-01 0.5717867E-01 0.5920485E-01 0.5972292E-01 0.5886538E-01 0.5664410E-01 0.5253553E-01 0.4432265E-01 0.2569284E-01 0.2569284E-01 -9999.000 -9999.000 -9999.000 -9999.000 -9999.000 -9999.000 -9999.000 -9999.000 -9999.000 -9999.000 -9999.000 -9999.000 -9999.000 -9999.000 -9999.000 -9999.000 -9999.000 -9999.000 -9999.000 -9999.000 -9999.000 -9999.000 -9999.000 -9999.000 -9999.000 -9999.000 -9999.000
-9999.000 -9999.000 -9999.000 -9999.000 -9999.000 -9999.000 -9999.000 -9999.000 -9999.000 -9999.000 -9999.000 -9999.000 -9999.000 -9999.000 -9999.000 0.4207849E-01 0.6402731E-01 0.7359954E-01 0.7506467E-01 0.7662307E-01 0.7682153E-01 0.7589810E-01 0.7420243E-01 0.7183876E-01 0.6889803E-01 0.6548398E-01 0.6149507E-01 0.5620499E-01 0.4703682E-01 0.2358521E-01 0.2358521E-01 -9999.000 -9999.000 -9999.000 -9999.000 -9999.000 -9999.000 -9999.000 -9999.000 -9999.000 -9999.000 -9999.000 -9999.000 -9999.000 -9999.000 -9999.000 -9999.000 -9999.000 -9999.000 -9999.000 -9999.000 -9999.000 -9999.000 -9999.000 -9999.000 -9999.000 -9999.000 -9999.000
2.719398 2.719398 2.687674 2.746642 2.750813 2.750813 2.752147 2.751797 2.751797 2.748830 2.748830 2.743808 2.740685 2.737223 2.733579 2.733579 2.819563 2.822070 2.814137 2.787146 2.740977 2.674176 2.584301 2.474617 2.345224 2.198469 2.038999 1.877511 1.740489 1.693885 1.693885 2.548397 2.719698 2.809814 2.830389 2.830389 2.852876 2.852876 2.816531 2.816531 2.761743 2.552803 2.552803 2.089562 2.089562 1.916499 1.916499 1.916499 1.924740 1.924740 1.965868 1.965868 2.015538 2.015538 2.064255 2.064255 2.106089 2.106089
2.742591 2.742591 2.715749 2.795324 2.810712 2.810712 2.822989 2.844301 2.844301 2.862882 2.862882 2.879282 2.886805 2.893943 2.900835 2.900835 2.965936 2.980160 2.991944 2.999197 3.000983 2.995148 2.978531 2.949407 2.905116 2.843808 2.764882 2.670292 2.567652 2.505708 2.505708 2.969066 3.129087 3.276977 3.315380 3.315380 3.355096 3.355096 3.345544 3.345544 3.317007 3.197112 3.197112 2.935559 2.935559 2.732823 2.732823 2.732823 2.740557 2.740557 2.783220 2.783220 2.835875 2.835875 2.887330 2.887330 2.932557 2.932557
2.748764 2.748764 2.714999 2.795178 2.811040 2.811040 2.823767 2.845748 2.845748 2.864920 2.864920 2.881963 2.889840 2.897362 2.904678 2.904678 2.964546 2.988681 3.011259 3.030643 3.046115 3.056825 3.061402 3.059000 3.048070 3.026909 2.994110 2.949606 2.897144 2.864468 2.864468 3.138101 3.293717 3.468434 3.517344 3.517344 3.562649 3.562649 3.543388 3.543388 3.508925 3.401336 3.401336 3.228714 3.228714 3.031519 3.031519 3.031519 3.023511 3.023511 3.055909 3.055909 3.100908 3.100908 3.146167 3.146167 3.186635 3.186635
2.753716 2.753716 2.711369 2.795137 2.811047 2.811047 2.823881 2.845840 2.845840 2.864957 2.864957 2.881998 2.889883 2.897417 2.904775 2.904775 2.962645 2.995602 3.027728 3.056412 3.080431 3.099111 3.111790 3.118269 3.118161 3.110911 3.095957 3.073355 3.045506 3.030185 3.030185 3.200041 3.339892 3.523400 3.577446 3.577446 3.618236 3.618236 3.578228 3.578228 3.536957 3.446024 3.446024 3.340314 3.340314 3.174600 3.174600 3.174600 3.150481 3.150481 3.170892 3.170892 3.208826 3.208826 3.249858 3.249858 3.287373 3.287373
2.757590 2.757590 2.710878 2.794939 2.810855 2.810855 2.823821 2.845850 2.845850 2.864950 2.864950 2.881987 2.889874 2.897411 2.904815 2.904815 2.964302 3.005301 3.046205 3.083418 3.115233 3.140820 3.159657 3.171636 3.176768 3.175089 3.166710 3.152186 3.133664 3.123345 3.123345 3.230224 3.347597 3.522121 3.571489 3.571489 3.587905 3.587905 3.525066 3.525066 3.486520 3.429819 3.429819 3.381869 3.381869 3.263574 3.263574 3.263574 3.228136 3.228136 3.234407 3.234407 3.263030 3.263030 3.298608 3.298608 3.332536 3.332536
2.760357 2.760357 2.710730 2.794912 2.810755 2.810755 2.823790 2.845860 2.845860 2.864943 2.864943 2.881976 2.889864 2.897404 2.904876 2.904876 2.970444 3.019157 3.068089 3.112981 3.151840 3.183722 3.208132 3.224940 3.234213 3.236144 3.231074 3.219753 3.204131 3.192877 3.192877 3.256872 3.347702 3.492070 3.521904 3.521904 3.494028 3.494028 3.426510 3.426510 3.405302 3.394363 3.394363 3.392690 3.392690 3.325886 3.325886 3.325886 3.288131 3.288131 3.281487 3.281487 3.298730 3.298730 3.326662 3.326662 3.355360 3.355360
2.762015 2.762015 2.710717 2.794924 2.810707 2.810707 2.823777 2.845865 2.845865 2.864931 2.864931 2.881953 2.889839 2.897375 2.904939 2.904939 2.981916 3.038435 3.094726 3.146344 3.191267 3.228576 3.257837 3.278921 3.291890 3.296939 3.294414 3.285004 3.270318 3.256397 3.256397 3.289502 3.351017 3.435844 3.427106 3.427106 3.354858 3.354858 3.317691 3.317691 3.323125 3.355881 3.355881 3.387851 3.387851 3.368304 3.368304 3.368304 3.337513 3.337513 3.322639 3.322639 3.328253 3.328253 3.346617 3.346617 3.368170 3.368170
2.762569 2.762569 2.710726 2.794931 2.810693 2.810693 2.823771 2.845863 2.845863 2.864917 2.864917 2.881929 2.889811 2.897343 2.905040 2.905040 2.999862 3.064579 3.127628 3.184919 3.234709 3.276277 3.309345 3.333859 3.349902 3.357642 3.357364 3.349601 3.335518 3.318926 3.318926 3.328604 3.356525 3.337750 3.278274 3.278274 3.201097 3.201097 3.224234 3.224234 3.254391 3.319511 3.319511 3.374412 3.374412 3.394115 3.394115 3.394115 3.376676 3.376676 3.359830 3.359830 3.355751 3.355751 3.363582 3.363582 3.376248 3.376248
2.762015 2.762015 2.710717 2.794924 2.810708 2.810708 2.823777 2.845866 2.845866 2.864931 2.864931 2.881953 2.889839 2.897375 2.905265 2.905265 3.025862 3.099283 3.168454 3.230201 3.283403 3.327754 3.363252 3.390013 3.408188 3.417949 3.419508 3.413224 3.399750 3.380543 3.380543 3.369217 3.351136 3.175808 3.084872 3.084872 3.068195 3.068195 3.151938 3.151938 3.198557 3.284386 3.284386 3.354917 3.354917 3.405483 3.405483 3.405483 3.404051 3.404051 3.390923 3.390923 3.380674 3.380674 3.378324 3.378324 3.380941 3.380941
2.760357 2.760357 2.710729 2.794911 2.810754 2.810754 2.823790 2.845860 2.845860 2.864943 2.864943 2.881976 2.889864 2.897403 2.905562 2.905562 3.062050 3.144572 3.218980 3.283666 3.338509 3.383841 3.420074 3.447575 3.466629 3.477438 3.480175 3.475017 3.461908 3.438539 3.438539 3.398566 3.301361 2.953923 2.891362 2.891362 2.971905 2.971905 3.093894 3.093894 3.149557 3.248406 3.248406 3.330050 3.330050 3.404129 3.404129 3.404129 3.418346 3.418346 3.412666 3.412666 3.400163 3.400163 3.389183 3.389183 3.381433 3.381433
2.757590 2.757590 2.710877 2.794939 2.810855 2.810855 2.823821 2.845849 2.845849 2.864951 2.864951 2.881986 2.889874 2.897411 2.905941 2.905941 3.111668 3.203122 3.281245 3.346772 3.400987 3.445087 3.480013 3.506453 3.524856 3.535491 3.538497 3.533843 3.519956 3.485112 3.485112 3.383129 3.148535 2.729604 2.748370 2.748370 2.901172 2.901172 3.041059 3.041059 3.101456 3.209174 3.209174 3.298946 3.298946 3.390420 3.390420 3.390420 3.418132 3.418132 3.421337 3.421337 3.409748 3.409748 3.392369 3.392369 3.374859 3.374859
