cruce_test.gid/Rasters/Hydraulic/Velocity____214.0.asc
NCOLS        79
NROWS        79
XLLCENTER         -1.500000
YLLCENTER         -4.800000
CELLSIZE           0.100
NODATA_VALUE     -9999.0
[rows 0 to 26 of 79, columns 0 to 59 of 79]
-9999.000 -9999.000 -9999.000 -9999.000 -9999.000 -9999.000 -9999.000 -9999.000 -9999.000 -9999.000 -9999.000 -9999.000 -9999.000 -9999.000 -9999.000 0.8860725E-01 0.8521363E-01 0.8371145E-01 0.8324870E-01 0.8422253E-01 0.8573116E-01 0.8720857E-01 0.8845148E-01 0.8935433E-01 0.8988953E-01 0.9015981E-01 0.9025317E-01 0.9037098E-01 0.9110420E-01 0.9208477E-01 0.9208477E-01 -9999.000 -9999.000 -9999.000 -9999.000 -9999.000 -9999.000 -9999.000 -9999.000 -9999.000 -9999.000 -9999.000 -9999.000 -9999.000 -9999.000 -9999.000 -9999.000 -9999.000 -9999.000 -9999.000 -9999.000 -9999.000 -9999.000 -9999.000 -9999.000 -9999.000 -9999.000 -9999.000 -9999.000 -9999.000
-9999.000 -9999.000 -9999.000 -9999.000 -9999.000 -9999.000 -9999.000 -9999.000 -9999.000 -9999.000 -9999.000 -9999.000 -9999.000 -9999.000 -9999.000 0.8979818E-01 0.8266139E-01 0.7960957E-01 0.7871673E-01 0.8067168E-01 0.8364790E-01 0.8658642E-01 0.8913688E-01 0.9110107E-01 0.9239971E-01 0.9321325E-01 0.9370166E-01 0.9428964E-01 0.9626848E-01 0.9901980E-01 0.9901980E-01 -9999.000 -9999.000 -9999.000 -9999.000 -9999.000 -9999.000 -9999.000 -9999.000 -9999.000 -9999.000 -9999.000 -9999.000 -9999.000 -9999.000 -9999.000 -9999.000 -9999.000 -9999.000 -9999.000 -9999.000 -9999.000 -9999.000 -9999.000 -9999.000 -9999.000 -9999.000 -9999.000 -9999.000 -9999.000
-9999.000 -9999.000 -9999.000 -9999.000 -9999.000 -9999.000 -9999.000 -9999.000 -9999.000 -9999.000 -9999.000 -9999.000 -9999.000 -9999.000 -9999.000 0.9015852E-01 0.7891848E-01 0.7402255E-01 0.7255750E-01 0.7556310E-01 0.8016196E-01 0.8476097E-01 0.8887917E-01 0.9223542E-01 0.9469564E-01 0.9651291E-01 0.9789512E-01 0.9947183E-01 0.1032690 0.1086215 0.1086215 -9999.000 -9999.000 -9999.000 -9999.000 -9999.000 -9999.000 -9999.000 -9999.000 -9999.000 -9999.000 -9999.000 -9999.000 -9999.000 -9999.000 -9999.000 -9999.000 -9999.000 -9999.000 -9999.000 -9999.000 -9999.000 -9999.000 -9999.000 -9999.000 -9999.000 -9999.000 -9999.000 -9999.000 -9999.000
-9999.000 -9999.000 -9999.000 -9999.000 -9999.000 -9999.000 -9999.000 -9999.000 -9999.000 -9999.000 -9999.000 -9999.000 -9999.000 -9999.000 -9999.000 0.9005720E-01 0.7470050E-01 0.6793728E-01 0.6590965E-01 0.6998951E-01 0.7621496E-01 0.8248222E-01 0.8820778E-01 0.9303871E-01 0.9678318E-01 0.9976028E-01 0.1022082 0.1049504 0.1107639 0.1192301 0.1192301 -9999.000 -9999.000 -9999.000 -9999.000 -9999.000 -9999.000 -9999.000 -9999.000 -9999.000 -9999.000 -9999.000 -9999.000 -9999.000 -9999.000 -9999.000 -9999.000 -9999.000 -9999.000 -9999.000 -9999.000 -9999.000 -9999.000 -9999.000 -9999.000 -9999.000 -9999.000 -9999.000 -9999.000 -9999.000
-9999.000 -9999.000 -9999.000 -9999.000 -9999.000 -9999.000 -9999.000 -9999.000 -9999.000 -9999.000 -9999.000 -9999.000 -9999.000 -9999.000 -9999.000 0.8971309E-01 0.7018156E-01 0.6153517E-01 0.5898864E-01 0.6419700E-01 0.7206146E-01 0.7999833E-01 0.8735075E-01 0.9370083E-01 0.9879496E-01 0.1030161 0.1066221 0.1106314 0.1186089 0.1307083 0.1307083 -9999.000 -9999.000 -9999.000 -9999.000 -9999.000 -9999.000 -9999.000 -9999.000 -9999.000 -9999.000 -9999.000 -9999.000 -9999.000 -9999.000 -9999.000 -9999.000 -9999.000 -9999.000 -9999.000 -9999.000 -9999.000 -9999.000 -9999.000 -9999.000 -9999.000 -9999.000 -9999.000 -9999.000 -9999.000
-9999.000 -9999.000 -9999.000 -9999.000 -9999.000 -9999.000 -9999.000 -9999.000 -9999.000 -9999.000 -9999.000 -9999.000 -9999.000 -9999.000 -9999.000 0.8919005E-01 0.6542071E-01 0.5489643E-01 0.5192678E-01 0.5834399E-01 0.6785408E-01 0.7744833E-01 0.8643097E-01 0.9432305E-01 0.1008031 0.1063180 0.1111370 0.1164813 0.1267552 0.1430767 0.1430767 -9999.000 -9999.000 -9999.000 -9999.000 -9999.000 -9999.000 -9999.000 -9999.000 -9999.000 -9999.000 -9999.000 -9999.000 -9999.000 -9999.000 -9999.000 -9999.000 -9999.000 -9999.000 -9999.000 -9999.000 -9999.000 -9999.000 -9999.000 -9999.000 -9999.000 -9999.000 -9999.000 -9999.000 -9999.000
-9999.000 -9999.000 -9999.000 -9999.000 -9999.000 -9999.000 -9999.000 -9999.000 -9999.000 -9999.000 -9999.000 -9999.000 -9999.000 -9999.000 -9999.000 0.8848619E-01 0.6042567E-01 0.4806017E-01 0.4484008E-01 0.5256263E-01 0.6369776E-01 0.7491429E-01 0.8551449E-01 0.9495693E-01 0.1028426 0.1096845 0.1157541 0.1224880 0.1351952 0.1564450 0.1564450 -9999.000 -9999.000 -9999.000 -9999.000 -9999.000 -9999.000 -9999.000 -9999.000 -9999.000 -9999.000 -9999.000 -9999.000 -9999.000 -9999.000 -9999.000 -9999.000 -9999.000 -9999.000 -9999.000 -9999.000 -9999.000 -9999.000 -9999.000 -9999.000 -9999.000 -9999.000 -9999.000 -9999.000 -9999.000
-9999.000 -9999.000 -9999.000 -9999.000 -9999.000 -9999.000 -9999.000 -9999.000 -9999.000 -9999.000 -9999.000 -9999.000 -9999.000 -9999.000 -9999.000 0.8756766E-01 0.5518179E-01 0.4106146E-01 0.3789585E-01 0.4700961E-01 0.5968903E-01 0.7245689E-01 0.8464359E-01 0.9563316E-01 0.1049333 0.1131258 0.1204745 0.1286476 0.1439392 0.1709868 0.1709868 -9999.000 -9999.000 -9999.000 -9999.000 -9999.000 -9999.000 -9999.000 -9999.000 -9999.000 -9999.000 -9999.000 -9999.000 -9999.000 -9999.000 -9999.000 -9999.000 -9999.000 -9999.000 -9999.000 -9999.000 -9999.000 -9999.000 -9999.000 -9999.000 -9999.000 -9999.000 -9999.000 -9999.000 -9999.000
-9999.000 -9999.000 -9999.000 -9999.000 -9999.000 -9999.000 -9999.000 -9999.000 -9999.000 -9999.000 -9999.000 -9999.000 -9999.000 -9999.000 -9999.000 0.8638254E-01 0.4966309E-01 0.3396766E-01 0.3141015E-01 0.4191418E-01 0.5594055E-01 0.7013513E-01 0.8385363E-01 0.9637462E-01 0.1070885 0.1166485 0.1252988 0.1349597 0.1530066 0.1869399 0.1869399 -9999.000 -9999.000 -9999.000 -9999.000 -9999.000 -9999.000 -9999.000 -9999.000 -9999.000 -9999.000 -9999.000 -9999.000 -9999.000 -9999.000 -9999.000 -9999.000 -9999.000 -9999.000 -9999.000 -9999.000 -9999.000 -9999.000 -9999.000 -9999.000 -9999.000 -9999.000 -9999.000 -9999.000 -9999.000
-9999.000 -9999.000 -9999.000 -9999.000 -9999.000 -9999.000 -9999.000 -9999.000 -9999.000 -9999.000 -9999.000 -9999.000 -9999.000 -9999.000 -9999.000 0.8486405E-01 0.4383896E-01 0.2694726E-01 0.2603106E-01 0.3762912E-01 0.5259908E-01 0.6801850E-01 0.8318342E-01 0.9720504E-01 0.1093221 0.1202600 0.1302281 0.1414251 0.1624226 0.2046200 0.2046200 -9999.000 -9999.000 -9999.000 -9999.000 -9999.000 -9999.000 -9999.000 -9999.000 -9999.000 -9999.000 -9999.000 -9999.000 -9999.000 -9999.000 -9999.000 -9999.000 -9999.000 -9999.000 -9999.000 -9999.000 -9999.000 -9999.000 -9999.000 -9999.000 -9999.000 -9999.000 -9999.000 -9999.000 -9999.000
-9999.000 -9999.000 -9999.000 -9999.000 -9999.000 -9999.000 -9999.000 -9999.000 -9999.000 -9999.000 -9999.000 -9999.000 -9999.000 -9999.000 -9999.000 0.8293084E-01 0.3768013E-01 0.2047156E-01 0.2296690E-01 0.3466891E-01 0.4986071E-01 0.6619681E-01 0.8268262E-01 0.9815516E-01 0.1116517 0.1239697 0.1352653 0.1480463 0.1722164 0.2244476 0.2244476 -9999.000 -9999.000 -9999.000 -9999.000 -9999.000 -9999.000 -9999.000 -9999.000 -9999.000 -9999.000 -9999.000 -9999.000 -9999.000 -9999.000 -9999.000 -9999.000 -9999.000 -9999.000 -9999.000 -9999.000 -9999.000 -9999.000 -9999.000 -9999.000 -9999.000 -9999.000 -9999.000 -9999.000 -9999.000
-9999.000 -9999.000 -9999.000 -9999.000 -9999.000 -9999.000 -9999.000 -9999.000 -9999.000 -9999.000 -9999.000 -9999.000 -9999.000 -9999.000 -9999.000 0.8048173E-01 0.3117122E-01 0.1590420E-01 0.2365646E-01 0.3367059E-01 0.4799197E-01 0.6479969E-01 0.8242646E-01 0.9927353E-01 0.1141082 0.1277973 0.1404193 0.1548290 0.1824231 0.2469935 0.2469935 -9999.000 -9999.000 -9999.000 -9999.000 -9999.000 -9999.000 -9999.000 -9999.000 -9999.000 -9999.000 -9999.000 -9999.000 -9999.000 -9999.000 -9999.000 -9999.000 -9999.000 -9999.000 -9999.000 -9999.000 -9999.000 -9999.000 -9999.000 -9999.000 -9999.000 -9999.000 -9999.000 -9999.000 -9999.000
-9999.000 -9999.000 -9999.000 -9999.000 -9999.000 -9999.000 -9999.000 -9999.000 -9999.000 -9999.000 -9999.000 -9999.000 -9999.000 -9999.000 -9999.000 0.7735328E-01 0.2435686E-01 0.1612314E-01 0.2855417E-01 0.3535764E-01 0.4748340E-01 0.6412666E-01 0.8261177E-01 0.1006969 0.1167869 0.1318090 0.1457319 0.1618007 0.1930936 0.2730564 0.2730564 -9999.000 -9999.000 -9999.000 -9999.000 -9999.000 -9999.000 -9999.000 -9999.000 -9999.000 -9999.000 -9999.000 -9999.000 -9999.000 -9999.000 -9999.000 -9999.000 -9999.000 -9999.000 -9999.000 -9999.000 -9999.000 -9999.000 -9999.000 -9999.000 -9999.000 -9999.000 -9999.000 -9999.000 -9999.000
-9999.000 -9999.000 -9999.000 -9999.000 -9999.000 -9999.000 -9999.000 -9999.000 -9999.000 -9999.000 -9999.000 -9999.000 -9999.000 -9999.000 -9999.000 0.7207509E-01 0.1902664E-01 0.2769546E-01 0.4232240E-01 0.4579585E-01 0.5392705E-01 0.6837432E-01 0.8623592E-01 0.1045588 0.1212134 0.1370846 0.1519515 0.1694646 0.2045792 0.3039916 0.3039916 -9999.000 -9999.000 -9999.000 -9999.000 -9999.000 -9999.000 -9999.000 -9999.000 -9999.000 -9999.000 -9999.000 -9999.000 -9999.000 -9999.000 -9999.000 -9999.000 -9999.000 -9999.000 -9999.000 -9999.000 -9999.000 -9999.000 -9999.000 -9999.000 -9999.000 -9999.000 -9999.000 -9999.000 -9999.000
-9999.000 -9999.000 -9999.000 -9999.000 -9999.000 -9999.000 -9999.000 -9999.000 -9999.000 -9999.000 -9999.000 -9999.000 -9999.000 -9999.000 -9999.000 0.1129565 0.1742404 0.2059188 0.1979710 0.1664880 0.1456538 0.1324052 0.1279741 0.1310257 0.1382944 0.1488895 0.1610869 0.1780800 0.2163879 0.3391334 0.3391334 -9999.000 -9999.000 -9999.000 -9999.000 -9999.000 -9999.000 -9999.000 -9999.000 -9999.000 -9999.000 -9999.000 -9999.000 -9999.000 -9999.000 -9999.000 -9999.000 -9999.000 -9999.000 -9999.000 -9999.000 -9999.000 -9999.000 -9999.000 -9999.000 -9999.000 -9999.000 -9999.000 -9999.000 -9999.000
2.901084 2.901084 2.923256 2.921155 2.941078 2.941078 2.943713 2.943269 2.943269 2.939203 2.939203 2.932619 2.928644 2.924318 2.920095 2.920095 3.088945 3.093930 3.095181 3.093851 3.062967 3.008249 2.930098 2.827501 2.700946 2.555277 2.392472 2.221042 2.065255 2.000142 2.000142 2.819561 2.996547 3.105129 3.133454 3.133454 3.173972 3.173972 3.168949 3.168949 3.131999 2.968852 2.968852 2.666885 2.666885 2.233845 2.233845 2.233845 2.197203 2.197203 2.220269 2.220269 2.266235 2.266235 2.316676 2.316676 2.363197 2.363197 2.363197 2.401256
2.923580 2.923580 2.955611 2.975788 3.003260 3.003260 3.018099 3.040932 3.040932 3.059679 3.059679 3.075702 3.082961 3.089819 3.096702 3.096702 3.221425 3.242298 3.258654 3.272881 3.279812 3.280145 3.272397 3.253624 3.220834 3.172444 3.106317 3.022664 2.927244 2.844743 2.844743 3.273191 3.427382 3.581379 3.624685 3.624685 3.676745 3.676745 3.685298 3.685298 3.668947 3.578297 3.578297 3.399785 3.399785 3.077994 3.077994 3.077994 3.036334 3.036334 3.061367 3.061367 3.109961 3.109961 3.162961 3.162961 3.212406 3.212406 3.212406 3.254711
2.927925 2.927925 2.958338 2.977289 3.002787 3.002787 3.018419 3.042187 3.042187 3.061577 3.061577 3.078319 3.085974 3.093261 3.100638 3.100638 3.211155 3.245454 3.274338 3.299620 3.319493 3.334404 3.344499 3.349034 3.346691 3.336351 3.316162 3.284944 3.244633 3.209690 3.209690 3.444954 3.592043 3.767010 3.819808 3.819808 3.877435 3.877435 3.873609 3.873609 3.848179 3.754639 3.754639 3.621141 3.621141 3.368204 3.368204 3.368204 3.312308 3.312308 3.323529 3.323529 3.362947 3.362947 3.409728 3.409728 3.454709 3.454709 3.454709 3.493762
2.930359 2.930359 2.957966 2.977484 3.001672 3.001672 3.017848 3.042129 3.042129 3.061568 3.061568 3.078311 3.085974 3.093276 3.100757 3.100757 3.201906 3.247097 3.287509 3.323215 3.353030 3.376939 3.395290 3.408227 3.415643 3.417519 3.413401 3.402899 3.387218 3.375302 3.375302 3.518142 3.646709 3.825513 3.882346 3.882346 3.934653 3.934653 3.905751 3.905751 3.867592 3.776558 3.776558 3.688460 3.688460 3.505866 3.505866 3.505866 3.441449 3.441449 3.437259 3.437259 3.466331 3.466331 3.507290 3.507290 3.548758 3.548758 3.548758 3.585298
2.929045 2.929045 2.963765 2.977960 3.001356 3.001356 3.017978 3.042742 3.042742 3.062215 3.062215 3.078930 3.086581 3.093871 3.101473 3.101473 3.198239 3.252423 3.303037 3.348437 3.387434 3.419677 3.445319 3.464628 3.477853 3.485380 3.487505 3.484591 3.477986 3.473928 3.473928 3.563282 3.669023 3.836293 3.887785 3.887785 3.911526 3.911526 3.847632 3.847632 3.803531 3.737117 3.737117 3.698412 3.698412 3.587277 3.587277 3.587277 3.524078 3.524078 3.505508 3.505508 3.521696 3.521696 3.554623 3.554623 3.591191 3.591191 3.591191 3.624271
2.929509 2.929509 2.966830 2.977809 3.000678 3.000678 3.017604 3.042745 3.042745 3.062254 3.062254 3.078956 3.086605 3.093895 3.101697 3.101697 3.200172 3.262368 3.321956 3.376099 3.423419 3.463381 3.495960 3.521367 3.539896 3.551990 3.558140 3.558988 3.555885 3.553380 3.553380 3.607779 3.688565 3.826127 3.857343 3.857343 3.823416 3.823416 3.732667 3.732667 3.699942 3.678993 3.678993 3.685755 3.685755 3.638711 3.638711 3.638711 3.586914 3.586914 3.559212 3.559212 3.561928 3.561928 3.584462 3.584462 3.613950 3.613950 3.613950 3.641881
2.929794 2.929794 2.968639 2.977718 3.000268 3.000268 3.017366 3.042741 3.042741 3.062271 3.062271 3.078959 3.086605 3.093894 3.101973 3.101973 3.208995 3.278916 3.346483 3.408261 3.462787 3.509488 3.548269 3.579284 3.602805 3.619227 3.629035 3.632867 3.631874 3.629225 3.629225 3.659798 3.714828 3.796624 3.784943 3.784943 3.678081 3.678081 3.600456 3.600456 3.594856 3.623683 3.623683 3.665193 3.665193 3.669680 3.669680 3.669680 3.636309 3.636309 3.607039 3.607039 3.598575 3.598575 3.609467 3.609467 3.629746 3.629746 3.629746 3.650583
2.929890 2.929890 2.969238 2.977689 3.000131 3.000131 3.017285 3.042739 3.042739 3.062275 3.062275 3.078960 3.086604 3.093894 3.102358 3.102358 3.225790 3.303725 3.378540 3.446843 3.507333 3.559558 3.603477 3.639257 3.667164 3.687538 3.700799 3.707486 3.708448 3.705520 3.705520 3.719048 3.746238 3.728642 3.650397 3.650397 3.500201 3.500201 3.481573 3.481573 3.506497 3.574844 3.574844 3.640099 3.640099 3.683801 3.683801 3.683801 3.671714 3.671714 3.648124 3.648124 3.633195 3.633195 3.632909 3.632909 3.642540 3.642540 3.642540 3.654496
2.929794 2.929794 2.968640 2.977718 3.000267 3.000267 3.017365 3.042741 3.042741 3.062270 3.062270 3.078959 3.086605 3.093894 3.102890 3.102890 3.252089 3.338681 3.420178 3.493890 3.558975 3.615299 3.663009 3.702381 3.733716 3.757344 3.773616 3.782948 3.785818 3.782303 3.782303 3.780590 3.770221 3.588518 3.446817 3.446817 3.332358 3.332358 3.390839 3.390839 3.438135 3.531482 3.531482 3.612265 3.612265 3.684989 3.684989 3.684989 3.693452 3.693452 3.680510 3.680510 3.664045 3.664045 3.654671 3.654671 3.653174 3.653174 3.653174 3.654862
2.929508 2.929508 2.966831 2.977808 3.000677 3.000677 3.017604 3.042745 3.042745 3.062254 3.062254 3.078955 3.086605 3.093895 3.103624 3.103624 3.290222 3.386231 3.473823 3.551688 3.619812 3.678584 3.728479 3.769964 3.803447 3.829283 3.847794 3.859268 3.863577 3.857208 3.857208 3.832134 3.753785 3.360409 3.210962 3.210962 3.207846 3.207846 3.324315 3.324315 3.383646 3.490985 3.490985 3.582090 3.582090 3.675928 3.675928 3.675928 3.702071 3.702071 3.701869 3.701869 3.688244 3.688244 3.672822 3.672822 3.660774 3.660774 3.660774 3.651462
2.929044 2.929044 2.963765 2.977960 3.001356 3.001356 3.017978 3.042741 3.042741 3.062215 3.062215 3.078930 3.086581 3.093870 3.104599 3.104599 3.343803 3.449739 3.542497 3.622904 3.692174 3.751431 3.801604 3.843431 3.877476 3.904166 3.923817 3.936559 3.940716 3.922140 3.922140 3.839728 3.633222 3.088086 3.012000 3.012000 3.125323 3.125323 3.269109 3.269109 3.333918 3.449242 3.449242 3.547601 3.547601 3.656621 3.656621 3.656621 3.696794 3.696794 3.708986 3.708986 3.700917 3.700917 3.682583 3.682583 3.661524 3.661524 3.661524 3.641409
2.930358 2.930358 2.957966 2.977484 3.001671 3.001671 3.017847 3.042130 3.042130 3.061568 3.061568 3.078311 3.085974 3.093276 3.105387 3.105387 3.418262 3.533771 3.629917 3.710548 3.778507 3.835844 3.884037 3.924144 3.956906 3.982835 4.002270 4.014904 4.013369 3.946080 3.946080 3.721353 3.353793 2.864006 2.885405 2.885405 3.058884 3.058884 3.212258 3.212258 3.279641 3.400237 3.400237 3.503891 3.503891 3.623570 3.623570 3.623570 3.674132 3.674132 3.696768 3.696768 3.695046 3.695046 3.676178 3.676178 3.648136 3.648136 3.648136 3.618328
