cruce_test.gid/Rasters/Hydraulic/Velocity__x_54.0.asc
NCOLS        79
NROWS        79
XLLCENTER         -1.500000
YLLCENTER         -4.800000
CELLSIZE           0.100
NODATA_VALUE     -9999.0
[rows 0 to 25 of 79, columns 0 to 57 of 79]
-9999.000 -9999.000 -9999.000 -9999.000 -9999.000 -9999.000 -9999.000 -9999.000 -9999.000 -9999.000 -9999.000 -9999.000 -9999.000 -9999.000 -9999.000 0.4373901E-03 0.1756358E-02 0.3842131E-02 0.5713995E-02 0.7321888E-02 0.8666384E-02 0.9736275E-02 0.1049985E-01 0.1090210E-01 0.1085932E-01 0.1024959E-01 0.8894621E-02 0.6532522E-02 0.2863003E-02 0.4306171E-03 0.4306171E-03 -9999.000 -9999.000 -9999.000 -9999.000 -9999.000 -9999.000 -9999.000 -9999.000 -9999.000 -9999.000 -9999.000 -9999.000 -9999.000 -9999.000 -9999.000 -9999.000 -9999.000 -9999.000 -9999.000 -9999.000 -9999.000 -9999.000 -9999.000 -9999.000 -9999.000 -9999.000 -9999.000
-9999.000 -9999.000 -9999.000 -9999.000 -9999.000 -9999.000 -9999.000 -9999.000 -9999.000 -9999.000 -9999.000 -9999.000 -9999.000 -9999.000 -9999.000 0.1316240E-02 0.3825323E-02 0.7372585E-02 0.1064872E-01 0.1352319E-01 0.1593525E-01 0.1782140E-01 0.1910022E-01 0.1966674E-01 0.1938910E-01 0.1810533E-01 0.1562088E-01 0.1171121E-01 0.6217798E-02 0.1999291E-02 0.1999291E-02 -9999.000 -9999.000 -9999.000 -9999.000 -9999.000 -9999.000 -9999.000 -9999.000 -9999.000 -9999.000 -9999.000 -9999.000 -9999.000 -9999.000 -9999.000 -9999.000 -9999.000 -9999.000 -9999.000 -9999.000 -9999.000 -9999.000 -9999.000 -9999.000 -9999.000 -9999.000 -9999.000
-9999.000 -9999.000 -9999.000 -9999.000 -9999.000 -9999.000 -9999.000 -9999.000 -9999.000 -9999.000 -9999.000 -9999.000 -9999.000 -9999.000 -9999.000 0.2140878E-02 0.5744961E-02 0.1062970E-01 0.1515249E-01 0.1913501E-01 0.2247532E-01 0.2506988E-01 0.2679737E-01 0.2751421E-01 0.2705311E-01 0.2522262E-01 0.2180826E-01 0.1657751E-01 0.9384603E-02 0.3479629E-02 0.3479629E-02 -9999.000 -9999.000 -9999.000 -9999.000 -9999.000 -9999.000 -9999.000 -9999.000 -9999.000 -9999.000 -9999.000 -9999.000 -9999.000 -9999.000 -9999.000 -9999.000 -9999.000 -9999.000 -9999.000 -9999.000 -9999.000 -9999.000 -9999.000 -9999.000 -9999.000 -9999.000 -9999.000
-9999.000 -9999.000 -9999.000 -9999.000 -9999.000 -9999.000 -9999.000 -9999.000 -9999.000 -9999.000 -9999.000 -9999.000 -9999.000 -9999.000 -9999.000 0.2941160E-02 0.7579282E-02 0.1370400E-01 0.1937717E-01 0.2438208E-01 0.2858454E-01 0.3184816E-01 0.3401735E-01 0.3491345E-01 0.3433401E-01 0.3205327E-01 0.2782366E-01 0.2138131E-01 0.1255896E-01 0.4976909E-02 0.4976909E-02 -9999.000 -9999.000 -9999.000 -9999.000 -9999.000 -9999.000 -9999.000 -9999.000 -9999.000 -9999.000 -9999.000 -9999.000 -9999.000 -9999.000 -9999.000 -9999.000 -9999.000 -9999.000 -9999.000 -9999.000 -9999.000 -9999.000 -9999.000 -9999.000 -9999.000 -9999.000 -9999.000
-9999.000 -9999.000 -9999.000 -9999.000 -9999.000 -9999.000 -9999.000 -9999.000 -9999.000 -9999.000 -9999.000 -9999.000 -9999.000 -9999.000 -9999.000 0.3755953E-02 0.9407663E-02 0.1671517E-01 0.2348743E-01 0.2947775E-01 0.3452504E-01 0.3846293E-01 0.4110320E-01 0.4223074E-01 0.4160308E-01 0.3895102E-01 0.3397915E-01 0.2637061E-01 0.1590900E-01 0.6572272E-02 0.6572272E-02 -9999.000 -9999.000 -9999.000 -9999.000 -9999.000 -9999.000 -9999.000 -9999.000 -9999.000 -9999.000 -9999.000 -9999.000 -9999.000 -9999.000 -9999.000 -9999.000 -9999.000 -9999.000 -9999.000 -9999.000 -9999.000 -9999.000 -9999.000 -9999.000 -9999.000 -9999.000 -9999.000
-9999.000 -9999.000 -9999.000 -9999.000 -9999.000 -9999.000 -9999.000 -9999.000 -9999.000 -9999.000 -9999.000 -9999.000 -9999.000 -9999.000 -9999.000 0.4626714E-02 0.1131177E-01 0.1978279E-01 0.2763941E-01 0.3461498E-01 0.4052479E-01 0.4517427E-01 0.4834116E-01 0.4977000E-01 0.4917088E-01 0.4621860E-01 0.4055225E-01 0.3177804E-01 0.1959713E-01 0.8345565E-02 0.8345565E-02 -9999.000 -9999.000 -9999.000 -9999.000 -9999.000 -9999.000 -9999.000 -9999.000 -9999.000 -9999.000 -9999.000 -9999.000 -9999.000 -9999.000 -9999.000 -9999.000 -9999.000 -9999.000 -9999.000 -9999.000 -9999.000 -9999.000 -9999.000 -9999.000 -9999.000 -9999.000 -9999.000
-9999.000 -9999.000 -9999.000 -9999.000 -9999.000 -9999.000 -9999.000 -9999.000 -9999.000 -9999.000 -9999.000 -9999.000 -9999.000 -9999.000 -9999.000 0.5593881E-02 0.1336942E-01 0.2301753E-01 0.3197483E-01 0.3996564E-01 0.4678512E-01 0.5221080E-01 0.5598362E-01 0.5780248E-01 0.5732025E-01 0.5414097E-01 0.4781618E-01 0.3784463E-01 0.2380100E-01 0.1038666E-01 0.1038666E-01 -9999.000 -9999.000 -9999.000 -9999.000 -9999.000 -9999.000 -9999.000 -9999.000 -9999.000 -9999.000 -9999.000 -9999.000 -9999.000 -9999.000 -9999.000 -9999.000 -9999.000 -9999.000 -9999.000 -9999.000 -9999.000 -9999.000 -9999.000 -9999.000 -9999.000 -9999.000 -9999.000
-9999.000 -9999.000 -9999.000 -9999.000 -9999.000 -9999.000 -9999.000 -9999.000 -9999.000 -9999.000 -9999.000 -9999.000 -9999.000 -9999.000 -9999.000 0.6695988E-02 0.1565409E-01 0.2652304E-01 0.3662499E-01 0.4568902E-01 0.5349343E-01 0.5978738E-01 0.6427240E-01 0.6659480E-01 0.6633876E-01 0.6301933E-01 0.5607319E-01 0.4485112E-01 0.2874019E-01 0.1281056E-01 0.1281056E-01 -9999.000 -9999.000 -9999.000 -9999.000 -9999.000 -9999.000 -9999.000 -9999.000 -9999.000 -9999.000 -9999.000 -9999.000 -9999.000 -9999.000 -9999.000 -9999.000 -9999.000 -9999.000 -9999.000 -9999.000 -9999.000 -9999.000 -9999.000 -9999.000 -9999.000 -9999.000 -9999.000
-9999.000 -9999.000 -9999.000 -9999.000 -9999.000 -9999.000 -9999.000 -9999.000 -9999.000 -9999.000 -9999.000 -9999.000 -9999.000 -9999.000 -9999.000 0.7969024E-02 0.1823490E-01 0.3039879E-01 0.4171837E-01 0.5194295E-01 0.6083830E-01 0.6812533E-01 0.7346305E-01 0.7643770E-01 0.7655188E-01 0.7320929E-01 0.6569663E-01 0.5316131E-01 0.3471461E-01 0.1578014E-01 0.1578014E-01 -9999.000 -9999.000 -9999.000 -9999.000 -9999.000 -9999.000 -9999.000 -9999.000 -9999.000 -9999.000 -9999.000 -9999.000 -9999.000 -9999.000 -9999.000 -9999.000 -9999.000 -9999.000 -9999.000 -9999.000 -9999.000 -9999.000 -9999.000 -9999.000 -9999.000 -9999.000 -9999.000
-9999.000 -9999.000 -9999.000 -9999.000 -9999.000 -9999.000 -9999.000 -9999.000 -9999.000 -9999.000 -9999.000 -9999.000 -9999.000 -9999.000 -9999.000 0.9445551E-02 0.2117687E-01 0.3474335E-01 0.4738672E-01 0.5889488E-01 0.6902585E-01 0.7747351E-01 0.8385163E-01 0.8767939E-01 0.8836287E-01 0.8516872E-01 0.7718762E-01 0.6328711E-01 0.4216991E-01 0.1954509E-01 0.1954509E-01 -9999.000 -9999.000 -9999.000 -9999.000 -9999.000 -9999.000 -9999.000 -9999.000 -9999.000 -9999.000 -9999.000 -9999.000 -9999.000 -9999.000 -9999.000 -9999.000 -9999.000 -9999.000 -9999.000 -9999.000 -9999.000 -9999.000 -9999.000 -9999.000 -9999.000 -9999.000 -9999.000
-9999.000 -9999.000 -9999.000 -9999.000 -9999.000 -9999.000 -9999.000 -9999.000 -9999.000 -9999.000 -9999.000 -9999.000 -9999.000 -9999.000 -9999.000 0.1115333E-01 0.2454038E-01 0.3965775E-01 0.5377428E-01 0.6673587E-01 0.7829948E-01 0.8813459E-01 0.9580887E-01 0.1007688 0.1023095 0.9952985E-01 0.9126622E-01 0.7599774E-01 0.5181376E-01 0.2451674E-01 0.2451674E-01 -9999.000 -9999.000 -9999.000 -9999.000 -9999.000 -9999.000 -9999.000 -9999.000 -9999.000 -9999.000 -9999.000 -9999.000 -9999.000 -9999.000 -9999.000 -9999.000 -9999.000 -9999.000 -9999.000 -9999.000 -9999.000 -9999.000 -9999.000 -9999.000 -9999.000 -9999.000 -9999.000
-9999.000 -9999.000 -9999.000 -9999.000 -9999.000 -9999.000 -9999.000 -9999.000 -9999.000 -9999.000 -9999.000 -9999.000 -9999.000 -9999.000 -9999.000 0.1311454E-01 0.2838140E-01 0.4525072E-01 0.6104906E-01 0.7569976E-01 0.8896751E-01 0.1005030 0.1098312 0.1163239 0.1191540 0.1172202 0.1090320 0.9252720E-01 0.6485665E-01 0.3142536E-01 0.3142536E-01 -9999.000 -9999.000 -9999.000 -9999.000 -9999.000 -9999.000 -9999.000 -9999.000 -9999.000 -9999.000 -9999.000 -9999.000 -9999.000 -9999.000 -9999.000 -9999.000 -9999.000 -9999.000 -9999.000 -9999.000 -9999.000 -9999.000 -9999.000 -9999.000 -9999.000 -9999.000 -9999.000
-9999.000 -9999.000 -9999.000 -9999.000 -9999.000 -9999.000 -9999.000 -9999.000 -9999.000 -9999.000 -9999.000 -9999.000 -9999.000 -9999.000 -9999.000 0.1534712E-01 0.3275761E-01 0.5165327E-01 0.6942794E-01 0.8609959E-01 0.1014533 0.1151322 0.1266291 0.1352498 0.1400434 0.1396849 0.1322767 0.1150057 0.8355682E-01 0.4169580E-01 0.4169580E-01 -9999.000 -9999.000 -9999.000 -9999.000 -9999.000 -9999.000 -9999.000 -9999.000 -9999.000 -9999.000 -9999.000 -9999.000 -9999.000 -9999.000 -9999.000 -9999.000 -9999.000 -9999.000 -9999.000 -9999.000 -9999.000 -9999.000 -9999.000 -9999.000 -9999.000 -9999.000 -9999.000
-9999.000 -9999.000 -9999.000 -9999.000 -9999.000 -9999.000 -9999.000 -9999.000 -9999.000 -9999.000 -9999.000 -9999.000 -9999.000 -9999.000 -9999.000 0.1798768E-01 0.3793095E-01 0.5928884E-01 0.7948519E-01 0.9865315E-01 0.1166229 0.1330598 0.1474585 0.1590956 0.1669330 0.1694388 0.1642602 0.1475886 0.1127958 0.5863912E-01 0.5863912E-01 -9999.000 -9999.000 -9999.000 -9999.000 -9999.000 -9999.000 -9999.000 -9999.000 -9999.000 -9999.000 -9999.000 -9999.000 -9999.000 -9999.000 -9999.000 -9999.000 -9999.000 -9999.000 -9999.000 -9999.000 -9999.000 -9999.000 -9999.000 -9999.000 -9999.000 -9999.000 -9999.000
-9999.000 -9999.000 -9999.000 -9999.000 -9999.000 -9999.000 -9999.000 -9999.000 -9999.000 -9999.000 -9999.000 -9999.000 -9999.000 -9999.000 -9999.000 0.3235713E-01 0.5823570E-01 0.8439789E-01 0.1076073 0.1287809 0.1482904 0.1662048 0.1823281 0.1961635 0.2067974 0.2126533 0.2109869 0.1967626 0.1597400 0.8228564E-01 0.8228564E-01 -9999.000 -9999.000 -9999.000 -9999.000 -9999.000 -9999.000 -9999.000 -9999.000 -9999.000 -9999.000 -9999.000 -9999.000 -9999.000 -9999.000 -9999.000 -9999.000 -9999.000 -9999.000 -9999.000 -9999.000 -9999.000 -9999.000 -9999.000 -9999.000 -9999.000 -9999.000 -9999.000
1.494999 1.494999 1.561055 1.593474 1.601632 1.601632 1.603700 1.373963 1.373963 1.312232 1.312232 1.248900 1.210709 1.163441 1.100347 1.100347 0.9529549 0.8872504 0.8164579 0.7435066 0.6715578 0.6038790 0.5435143 0.4929869 0.4541802 0.4285403 0.4178418 0.4261225 0.4648715 0.5493875 0.5493875 1.404695 1.667323 1.798436 1.774368 1.774368 1.638320 1.638320 1.440320 1.440320 1.188385 0.8617986 0.8617986 0.8491869 0.8491869 0.8810583 0.8810583 0.8810583 0.9336590 0.9336590 0.9760671 0.9760671 1.011256 1.011256 1.056293 1.056293 1.084392 1.084392
1.508564 1.508564 1.579924 1.625789 1.641057 1.641057 1.650481 1.435523 1.435523 1.387910 1.387910 1.335901 1.304052 1.266839 1.224942 1.224942 1.163103 1.132075 1.092860 1.045532 0.9910062 0.9310561 0.8683179 0.8062955 0.7493646 0.7028333 0.6732969 0.6699191 0.7084676 0.8185020 0.8185020 1.371670 1.561984 1.686817 1.703432 1.703432 1.687497 1.687497 1.607972 1.607972 1.497499 1.142624 1.142624 1.129202 1.129202 1.168040 1.168040 1.168040 1.224926 1.224926 1.270681 1.270681 1.295157 1.295157 1.350124 1.350124 1.383877 1.383877
1.511682 1.511682 1.581277 1.626303 1.641540 1.641540 1.651118 1.435368 1.435368 1.392499 1.392499 1.346725 1.320599 1.292101 1.262446 1.262446 1.229117 1.215292 1.196428 1.171478 1.140065 1.102509 1.059909 1.014291 0.9688060 0.9280474 0.8985986 0.8902207 0.9189548 1.016439 1.016439 1.420643 1.588644 1.723727 1.753521 1.753521 1.761542 1.761542 1.711627 1.711627 1.651648 1.390027 1.390027 1.317276 1.317276 1.338026 1.338026 1.338026 1.395597 1.395597 1.436181 1.436181 1.467202 1.467202 1.507508 1.507508 1.536714 1.536714
1.514092 1.514092 1.582359 1.626537 1.641616 1.641616 1.651191 1.434765 1.434765 1.395442 1.395442 1.354916 1.333152 1.310608 1.288303 1.288303 1.268977 1.262582 1.253124 1.239773 1.222096 1.200039 1.174019 1.145115 1.115302 1.087803 1.067653 1.062801 1.086746 1.167816 1.167816 1.474011 1.622194 1.753708 1.783635 1.783635 1.794782 1.794782 1.763270 1.763270 1.733399 1.578518 1.578518 1.468507 1.468507 1.477663 1.477663 1.477663 1.522440 1.522440 1.558626 1.558626 1.586919 1.586919 1.619318 1.619318 1.644934 1.644934
1.515897 1.515897 1.583222 1.626750 1.641685 1.641685 1.651263 1.435017 1.435017 1.398954 1.398954 1.363719 1.346032 1.328689 1.312395 1.312395 1.304102 1.301966 1.297080 1.289200 1.278371 1.264807 1.248914 1.231437 1.213675 1.197798 1.187346 1.188203 1.210900 1.279957 1.279957 1.518810 1.646489 1.764091 1.788255 1.788255 1.795329 1.795329 1.781143 1.781143 1.771753 1.702390 1.702390 1.602725 1.602725 1.582946 1.582946 1.582946 1.616522 1.616522 1.648599 1.648599 1.674688 1.674688 1.701711 1.701711 1.724251 1.724251
1.517152 1.517152 1.583845 1.626921 1.641745 1.641745 1.651342 1.435889 1.435889 1.402893 1.402893 1.372885 1.359115 1.346704 1.336156 1.336156 1.339435 1.340938 1.338901 1.333654 1.325817 1.316093 1.305218 1.294017 1.283541 1.275311 1.271681 1.276694 1.298265 1.356665 1.356665 1.551377 1.656848 1.751540 1.767415 1.767415 1.774268 1.774268 1.781724 1.781724 1.787812 1.774770 1.774770 1.712775 1.712775 1.670902 1.670902 1.670902 1.691442 1.691442 1.717810 1.717810 1.741179 1.741179 1.764177 1.764177 1.783601 1.783601
1.517892 1.517892 1.584220 1.627032 1.641785 1.641785 1.651427 1.437178 1.437178 1.407053 1.407053 1.382046 1.372017 1.364398 1.359740 1.359740 1.376571 1.381916 1.382224 1.378373 1.371529 1.362902 1.353662 1.344913 1.337731 1.333286 1.332978 1.339121 1.357697 1.406139 1.406139 1.564940 1.648026 1.713593 1.723783 1.723783 1.742123 1.742123 1.774150 1.774150 1.792125 1.813164 1.813164 1.791718 1.791718 1.746960 1.746960 1.746960 1.754596 1.754596 1.773358 1.773358 1.792767 1.792767 1.811804 1.811804 1.827822 1.827822
1.518137 1.518137 1.584345 1.627071 1.641800 1.641800 1.651511 1.438742 1.438742 1.411255 1.411255 1.390890 1.384373 1.381412 1.382956 1.382956 1.416474 1.426094 1.428642 1.425579 1.418613 1.409439 1.399674 1.390779 1.383987 1.380296 1.380138 1.383653 1.395679 1.431485 1.431485 1.556715 1.614746 1.652749 1.665726 1.665726 1.707633 1.707633 1.762584 1.762584 1.789374 1.831092 1.831092 1.840840 1.840840 1.810527 1.810527 1.810527 1.809297 1.809297 1.819825 1.819825 1.833952 1.833952 1.848411 1.848411 1.860700 1.860700
1.517892 1.517892 1.584220 1.627033 1.641788 1.641788 1.651589 1.440494 1.440494 1.415346 1.415346 1.399161 1.395868 1.397344 1.405352 1.405352 1.460087 1.474417 1.479177 1.476494 1.468635 1.457766 1.445968 1.435124 1.426688 1.421595 1.418943 1.414888 1.414614 1.432751 1.432751 1.521330 1.552463 1.578326 1.604607 1.604607 1.675022 1.675022 1.748276 1.748276 1.781519 1.836520 1.836520 1.867181 1.867181 1.859438 1.859438 1.859438 1.855667 1.855667 1.859408 1.859408 1.867467 1.867467 1.876689 1.876689 1.884725 1.884725
1.517151 1.517151 1.583844 1.626922 1.641750 1.641750 1.651656 1.442407 1.442407 1.419205 1.419205 1.406664 1.406247 1.411814 1.426199 1.426199 1.508526 1.527926 1.534747 1.531973 1.522567 1.509073 1.493959 1.479731 1.468120 1.460166 1.452715 1.432985 1.411339 1.408303 1.408303 1.455249 1.464161 1.499196 1.546719 1.546719 1.644038 1.644038 1.731201 1.731201 1.769428 1.833820 1.833820 1.878180 1.878180 1.893262 1.893262 1.893262 1.892627 1.892627 1.892569 1.892569 1.894851 1.894851 1.898384 1.898384 1.901621 1.901621
1.515896 1.515896 1.583222 1.626751 1.641693 1.641693 1.651709 1.444505 1.444505 1.422728 1.422728 1.413252 1.415337 1.424537 1.444484 1.444484 1.564789 1.587845 1.595848 1.592380 1.580639 1.563625 1.544286 1.525494 1.509424 1.497441 1.482604 1.431341 1.376419 1.347159 1.347159 1.355483 1.364787 1.438497 1.491021 1.491021 1.616101 1.616101 1.713818 1.713818 1.755880 1.826964 1.826964 1.880233 1.880233 1.914238 1.914238 1.914238 1.919898 1.919898 1.919223 1.919223 1.917072 1.917072 1.914978 1.914978 1.913075 1.913075
