cruce_test.gid/Rasters/Hydraulic/Velocity__y_22.0.asc
NCOLS        79
NROWS        79
XLLCENTER         -1.500000
YLLCENTER         -4.800000
CELLSIZE           0.100
NODATA_VALUE     -9999.0
[rows 0 to 25 of 79, columns 0 to 58 of 79]
-9999.000 -9999.000 -9999.000 -9999.000 -9999.000 -9999.000 -9999.000 -9999.000 -9999.000 -9999.000 -9999.000 -9999.000 -9999.000 -9999.000 -9999.000 -0.4366772 -0.4378499 -0.4385239 -0.4394231 -0.4404881 -0.4416828 -0.4429674 -0.4442996 -0.4456363 -0.4469362 -0.4481606 -0.4492807 -0.4503036 -0.4511730 -0.4469258 -0.4469258 -9999.000 -9999.000 -9999.000 -9999.000 -9999.000 -9999.000 -9999.000 -9999.000 -9999.000 -9999.000 -9999.000 -9999.000 -9999.000 -9999.000 -9999.000 -9999.000 -9999.000 -9999.000 -9999.000 -9999.000 -9999.000 -9999.000 -9999.000 -9999.000 -9999.000 -9999.000 -9999.000 -9999.000
-9999.000 -9999.000 -9999.000 -9999.000 -9999.000 -9999.000 -9999.000 -9999.000 -9999.000 -9999.000 -9999.000 -9999.000 -9999.000 -9999.000 -9999.000 -0.4263364 -0.4272791 -0.4282743 -0.4295443 -0.4309956 -0.4325927 -0.4342955 -0.4360608 -0.4378441 -0.4396065 -0.4413150 -0.4429557 -0.4445833 -0.4461103 -0.4385353 -0.4385353 -9999.000 -9999.000 -9999.000 -9999.000 -9999.000 -9999.000 -9999.000 -9999.000 -9999.000 -9999.000 -9999.000 -9999.000 -9999.000 -9999.000 -9999.000 -9999.000 -9999.000 -9999.000 -9999.000 -9999.000 -9999.000 -9999.000 -9999.000 -9999.000 -9999.000 -9999.000 -9999.000 -9999.000
-9999.000 -9999.000 -9999.000 -9999.000 -9999.000 -9999.000 -9999.000 -9999.000 -9999.000 -9999.000 -9999.000 -9999.000 -9999.000 -9999.000 -9999.000 -0.4137761 -0.4142841 -0.4159641 -0.4179914 -0.4202199 -0.4226177 -0.4251465 -0.4277613 -0.4304129 -0.4330574 -0.4356539 -0.4381796 -0.4406930 -0.4429417 -0.4311003 -0.4311003 -9999.000 -9999.000 -9999.000 -9999.000 -9999.000 -9999.000 -9999.000 -9999.000 -9999.000 -9999.000 -9999.000 -9999.000 -9999.000 -9999.000 -9999.000 -9999.000 -9999.000 -9999.000 -9999.000 -9999.000 -9999.000 -9999.000 -9999.000 -9999.000 -9999.000 -9999.000 -9999.000 -9999.000
-9999.000 -9999.000 -9999.000 -9999.000 -9999.000 -9999.000 -9999.000 -9999.000 -9999.000 -9999.000 -9999.000 -9999.000 -9999.000 -9999.000 -9999.000 -0.4003414 -0.3999957 -0.4026082 -0.4056888 -0.4089999 -0.4125085 -0.4161780 -0.4199614 -0.4238015 -0.4276439 -0.4314311 -0.4351195 -0.4387601 -0.4419016 -0.4256453 -0.4256453 -9999.000 -9999.000 -9999.000 -9999.000 -9999.000 -9999.000 -9999.000 -9999.000 -9999.000 -9999.000 -9999.000 -9999.000 -9999.000 -9999.000 -9999.000 -9999.000 -9999.000 -9999.000 -9999.000 -9999.000 -9999.000 -9999.000 -9999.000 -9999.000 -9999.000 -9999.000 -9999.000 -9999.000
-9999.000 -9999.000 -9999.000 -9999.000 -9999.000 -9999.000 -9999.000 -9999.000 -9999.000 -9999.000 -9999.000 -9999.000 -9999.000 -9999.000 -9999.000 -0.3859646 -0.3843696 -0.3881541 -0.3925811 -0.3972752 -0.4021965 -0.4073117 -0.4125727 -0.4179148 -0.4232707 -0.4285619 -0.4337173 -0.4387715 -0.4430304 -0.4223104 -0.4223104 -9999.000 -9999.000 -9999.000 -9999.000 -9999.000 -9999.000 -9999.000 -9999.000 -9999.000 -9999.000 -9999.000 -9999.000 -9999.000 -9999.000 -9999.000 -9999.000 -9999.000 -9999.000 -9999.000 -9999.000 -9999.000 -9999.000 -9999.000 -9999.000 -9999.000 -9999.000 -9999.000 -9999.000
-9999.000 -9999.000 -9999.000 -9999.000 -9999.000 -9999.000 -9999.000 -9999.000 -9999.000 -9999.000 -9999.000 -9999.000 -9999.000 -9999.000 -9999.000 -0.3704618 -0.3672988 -0.3724989 -0.3785735 -0.3849567 -0.3915950 -0.3984607 -0.4055087 -0.4126701 -0.4198667 -0.4269984 -0.4339629 -0.4407671 -0.4464269 -0.4212971 -0.4212971 -9999.000 -9999.000 -9999.000 -9999.000 -9999.000 -9999.000 -9999.000 -9999.000 -9999.000 -9999.000 -9999.000 -9999.000 -9999.000 -9999.000 -9999.000 -9999.000 -9999.000 -9999.000 -9999.000 -9999.000 -9999.000 -9999.000 -9999.000 -9999.000 -9999.000 -9999.000 -9999.000 -9999.000
-9999.000 -9999.000 -9999.000 -9999.000 -9999.000 -9999.000 -9999.000 -9999.000 -9999.000 -9999.000 -9999.000 -9999.000 -9999.000 -9999.000 -9999.000 -0.3535134 -0.3486168 -0.3554878 -0.3635250 -0.3719178 -0.3805902 -0.3895223 -0.3986786 -0.4079936 -0.4173829 -0.4267298 -0.4358993 -0.4448581 -0.4522827 -0.4229273 -0.4229273 -9999.000 -9999.000 -9999.000 -9999.000 -9999.000 -9999.000 -9999.000 -9999.000 -9999.000 -9999.000 -9999.000 -9999.000 -9999.000 -9999.000 -9999.000 -9999.000 -9999.000 -9999.000 -9999.000 -9999.000 -9999.000 -9999.000 -9999.000 -9999.000 -9999.000 -9999.000 -9999.000 -9999.000
-9999.000 -9999.000 -9999.000 -9999.000 -9999.000 -9999.000 -9999.000 -9999.000 -9999.000 -9999.000 -9999.000 -9999.000 -9999.000 -9999.000 -9999.000 -0.3346479 -0.3281054 -0.3369199 -0.3472493 -0.3579907 -0.3690343 -0.3803703 -0.3919804 -0.4038124 -0.4157877 -0.4277810 -0.4396294 -0.4512476 -0.4609221 -0.4277023 -0.4277023 -9999.000 -9999.000 -9999.000 -9999.000 -9999.000 -9999.000 -9999.000 -9999.000 -9999.000 -9999.000 -9999.000 -9999.000 -9999.000 -9999.000 -9999.000 -9999.000 -9999.000 -9999.000 -9999.000 -9999.000 -9999.000 -9999.000 -9999.000 -9999.000 -9999.000 -9999.000 -9999.000 -9999.000
-9999.000 -9999.000 -9999.000 -9999.000 -9999.000 -9999.000 -9999.000 -9999.000 -9999.000 -9999.000 -9999.000 -9999.000 -9999.000 -9999.000 -9999.000 -0.3132515 -0.3055201 -0.3165730 -0.3295314 -0.3429742 -0.3567460 -0.3708486 -0.3852892 -0.4000433 -0.4150538 -0.4302040 -0.4453159 -0.4602443 -0.4728399 -0.4363676 -0.4363676 -9999.000 -9999.000 -9999.000 -9999.000 -9999.000 -9999.000 -9999.000 -9999.000 -9999.000 -9999.000 -9999.000 -9999.000 -9999.000 -9999.000 -9999.000 -9999.000 -9999.000 -9999.000 -9999.000 -9999.000 -9999.000 -9999.000 -9999.000 -9999.000 -9999.000 -9999.000 -9999.000 -9999.000
-9999.000 -9999.000 -9999.000 -9999.000 -9999.000 -9999.000 -9999.000 -9999.000 -9999.000 -9999.000 -9999.000 -9999.000 -9999.000 -9999.000 -9999.000 -0.2886131 -0.2806319 -0.2942424 -0.3101591 -0.3266542 -0.3435192 -0.3607681 -0.3784444 -0.3965688 -0.4151302 -0.4340495 -0.4531602 -0.4722655 -0.4887428 -0.4499969 -0.4499969 -9999.000 -9999.000 -9999.000 -9999.000 -9999.000 -9999.000 -9999.000 -9999.000 -9999.000 -9999.000 -9999.000 -9999.000 -9999.000 -9999.000 -9999.000 -9999.000 -9999.000 -9999.000 -9999.000 -9999.000 -9999.000 -9999.000 -9999.000 -9999.000 -9999.000 -9999.000 -9999.000 -9999.000
-9999.000 -9999.000 -9999.000 -9999.000 -9999.000 -9999.000 -9999.000 -9999.000 -9999.000 -9999.000 -9999.000 -9999.000 -9999.000 -9999.000 -9999.000 -0.2599919 -0.2532589 -0.2697753 -0.2889547 -0.3088278 -0.3291349 -0.3499057 -0.3712330 -0.3932079 -0.4159015 -0.4393202 -0.4633649 -0.4878280 -0.5096104 -0.4701487 -0.4701487 -9999.000 -9999.000 -9999.000 -9999.000 -9999.000 -9999.000 -9999.000 -9999.000 -9999.000 -9999.000 -9999.000 -9999.000 -9999.000 -9999.000 -9999.000 -9999.000 -9999.000 -9999.000 -9999.000 -9999.000 -9999.000 -9999.000 -9999.000 -9999.000 -9999.000 -9999.000 -9999.000 -9999.000
-9999.000 -9999.000 -9999.000 -9999.000 -9999.000 -9999.000 -9999.000 -9999.000 -9999.000 -9999.000 -9999.000 -9999.000 -9999.000 -9999.000 -9999.000 -0.2266854 -0.2232687 -0.2430708 -0.2657809 -0.2893149 -0.3133702 -0.3380013 -0.3633717 -0.3896779 -0.4171289 -0.4458987 -0.4760657 -0.5075337 -0.5368146 -0.4992247 -0.4992247 -9999.000 -9999.000 -9999.000 -9999.000 -9999.000 -9999.000 -9999.000 -9999.000 -9999.000 -9999.000 -9999.000 -9999.000 -9999.000 -9999.000 -9999.000 -9999.000 -9999.000 -9999.000 -9999.000 -9999.000 -9999.000 -9999.000 -9999.000 -9999.000 -9999.000 -9999.000 -9999.000 -9999.000
-9999.000 -9999.000 -9999.000 -9999.000 -9999.000 -9999.000 -9999.000 -9999.000 -9999.000 -9999.000 -9999.000 -9999.000 -9999.000 -9999.000 -9999.000 -0.1880988 -0.1905472 -0.2140366 -0.2405078 -0.2679340 -0.2959831 -0.3247446 -0.3544796 -0.3855435 -0.4183672 -0.4534294 -0.4912035 -0.5320142 -0.5723533 -0.5413592 -0.5413592 -9999.000 -9999.000 -9999.000 -9999.000 -9999.000 -9999.000 -9999.000 -9999.000 -9999.000 -9999.000 -9999.000 -9999.000 -9999.000 -9999.000 -9999.000 -9999.000 -9999.000 -9999.000 -9999.000 -9999.000 -9999.000 -9999.000 -9999.000 -9999.000 -9999.000 -9999.000 -9999.000 -9999.000
-9999.000 -9999.000 -9999.000 -9999.000 -9999.000 -9999.000 -9999.000 -9999.000 -9999.000 -9999.000 -9999.000 -9999.000 -9999.000 -9999.000 -9999.000 -0.1437998 -0.1549561 -0.1825236 -0.2129507 -0.2444545 -0.2766752 -0.3097388 -0.3440339 -0.3801375 -0.4188198 -0.4610813 -0.5082005 -0.5616760 -0.6192449 -0.6049429 -0.6049429 -9999.000 -9999.000 -9999.000 -9999.000 -9999.000 -9999.000 -9999.000 -9999.000 -9999.000 -9999.000 -9999.000 -9999.000 -9999.000 -9999.000 -9999.000 -9999.000 -9999.000 -9999.000 -9999.000 -9999.000 -9999.000 -9999.000 -9999.000 -9999.000 -9999.000 -9999.000 -9999.000 -9999.000
-9999.000 -9999.000 -9999.000 -9999.000 -9999.000 -9999.000 -9999.000 -9999.000 -9999.000 -9999.000 -9999.000 -9999.000 -9999.000 -9999.000 -9999.000 -0.9174055E-01 -0.1161255 -0.1484998 -0.1831787 -0.2189066 -0.2553492 -0.2926876 -0.3314680 -0.3725488 -0.4171636 -0.4671183 -0.5251839 -0.5957454 -0.6820598 -0.7112569 -0.7112569 -9999.000 -9999.000 -9999.000 -9999.000 -9999.000 -9999.000 -9999.000 -9999.000 -9999.000 -9999.000 -9999.000 -9999.000 -9999.000 -9999.000 -9999.000 -9999.000 -9999.000 -9999.000 -9999.000 -9999.000 -9999.000 -9999.000 -9999.000 -9999.000 -9999.000 -9999.000 -9999.000 -9999.000
-0.2846160E-02 -0.2846160E-02 -0.3102799E-02 -0.3569720E-02 -0.3939442E-02 -0.3939442E-02 -0.4508872E-02 -0.6456488E-02 -0.6456488E-02 -0.9828063E-02 -0.9828063E-02 -0.1622512E-01 -0.2177514E-01 -0.2993028E-01 -0.4179029E-01 -0.4179029E-01 -0.1104116 -0.1422307 -0.1753411 -0.2098465 -0.2458230 -0.2835779 -0.3236962 -0.3670891 -0.4151479 -0.4701023 -0.5358273 -0.6198252 -0.7365698 -0.9259723 -0.9259723 -0.8750352 -0.8409077 -0.3193377 0.1588401E-01 0.1588401E-01 -0.7617801E-01 -0.7617801E-01 -0.2402468E-01 -0.2402468E-01 0.6447779E-02 0.3849167E-01 0.3849167E-01 0.4247126E-01 0.4247126E-01 0.3166622E-01 0.3166622E-01 0.3166622E-01 0.2449405E-01 0.2449405E-01 0.1916815E-01 0.1916815E-01 0.1488281E-01 0.1488281E-01 0.1400890E-01 0.1400890E-01 0.1038531E-01 0.1038531E-01 0.1038531E-01
-0.4403184E-02 -0.4403184E-02 -0.4738479E-02 -0.5767361E-02 -0.6673996E-02 -0.6673996E-02 -0.8089181E-02 -0.1296764E-01 -0.1296764E-01 -0.2120131E-01 -0.2120131E-01 -0.3511078E-01 -0.4588682E-01 -0.6056365E-01 -0.8030299E-01 -0.8030299E-01 -0.1478833 -0.1762549 -0.2041432 -0.2326846 -0.2627905 -0.2953231 -0.3311577 -0.3712478 -0.4167416 -0.4691828 -0.5308365 -0.6051787 -0.6956937 -0.7970721 -0.7970721 -0.6366833 -0.5106981 -0.2818447 -0.1865685 -0.1865685 -0.9180772E-01 -0.9180772E-01 -0.7600262E-02 -0.7600262E-02 0.1563659E-01 0.5664175E-01 0.5664175E-01 0.7765681E-01 0.7765681E-01 0.6388492E-01 0.6388492E-01 0.6388492E-01 0.5008219E-01 0.5008219E-01 0.3913860E-01 0.3913860E-01 0.3035331E-01 0.3035331E-01 0.2303458E-01 0.2303458E-01 0.1986147E-01 0.1986147E-01 0.1986147E-01
-0.3896644E-02 -0.3896644E-02 -0.4531640E-02 -0.6274336E-02 -0.7786829E-02 -0.7786829E-02 -0.1014476E-01 -0.1832459E-01 -0.1832459E-01 -0.3192218E-01 -0.3192218E-01 -0.5286773E-01 -0.6747378E-01 -0.8583759E-01 -0.1086734 -0.1086734 -0.1744131 -0.2049139 -0.2338975 -0.2619248 -0.2898554 -0.3188073 -0.3500511 -0.3849034 -0.4246643 -0.4706174 -0.5240712 -0.5863174 -0.6568491 -0.7222323 -0.7222323 -0.6177251 -0.5170048 -0.3302206 -0.2497138 -0.2497138 -0.9614745E-01 -0.9614745E-01 0.4229563E-01 0.4229563E-01 0.6220308E-01 0.8283567E-01 0.8283567E-01 0.1025022 0.1025022 0.8872308E-01 0.8872308E-01 0.8872308E-01 0.7132599E-01 0.7132599E-01 0.5598240E-01 0.5598240E-01 0.4321263E-01 0.4321263E-01 0.2917641E-01 0.2917641E-01 0.2561656E-01 0.2561656E-01 0.2561656E-01
-0.3568694E-02 -0.3568694E-02 -0.4315465E-02 -0.6544829E-02 -0.8524164E-02 -0.8524164E-02 -0.1158479E-01 -0.2217295E-01 -0.2217295E-01 -0.3960283E-01 -0.3960283E-01 -0.6524354E-01 -0.8222922E-01 -0.1027681 -0.1273558 -0.1273558 -0.1926595 -0.2256034 -0.2573268 -0.2875554 -0.3165272 -0.3449637 -0.3739691 -0.4048752 -0.4390655 -0.4777991 -0.5220283 -0.5720776 -0.6259760 -0.6703841 -0.6703841 -0.6000214 -0.5219183 -0.3623144 -0.2826498 -0.2826498 -0.1063779 -0.1063779 0.6317633E-01 0.6317633E-01 0.1054052 0.1236468 0.1236468 0.1269040 0.1269040 0.1076092 0.1076092 0.1076092 0.8744170E-01 0.8744170E-01 0.6846340E-01 0.6846340E-01 0.5208516E-01 0.5208516E-01 0.3564931E-01 0.3564931E-01 0.2775665E-01 0.2775665E-01 0.2775665E-01
-0.3291035E-02 -0.3291035E-02 -0.4069203E-02 -0.6621100E-02 -0.8918479E-02 -0.8918479E-02 -0.1244687E-01 -0.2466244E-01 -0.2466244E-01 -0.4476546E-01 -0.4476546E-01 -0.7360479E-01 -0.9215128E-01 -0.1141070 -0.1398942 -0.1398942 -0.2057097 -0.2407021 -0.2751519 -0.3082303 -0.3395978 -0.3694254 -0.3983558 -0.4273905 -0.4577142 -0.4904625 -0.5264275 -0.5655987 -0.6057274 -0.6357350 -0.6357350 -0.5861537 -0.5242900 -0.3785069 -0.2940787 -0.2940787 -0.1016947 -0.1016947 0.6964459E-01 0.6964459E-01 0.1207957 0.1529905 0.1529905 0.1494058 0.1494058 0.1243426 0.1243426 0.1243426 0.1012005 0.1012005 0.7874143E-01 0.7874143E-01 0.5885481E-01 0.5885481E-01 0.4007798E-01 0.4007798E-01 0.2824311E-01 0.2824311E-01 0.2824311E-01
-0.2992304E-02 -0.2992304E-02 -0.3750538E-02 -0.6468191E-02 -0.8936916E-02 -0.8936916E-02 -0.1270985E-01 -0.2582835E-01 -0.2582835E-01 -0.4762013E-01 -0.4762013E-01 -0.7860558E-01 -0.9823048E-01 -0.1212346 -0.1480693 -0.1480693 -0.2155522 -0.2524643 -0.2893915 -0.3252282 -0.3592723 -0.3912603 -0.4213679 -0.4501515 -0.4784185 -0.5070171 -0.5365316 -0.5668030 -0.5957448 -0.6147444 -0.6147444 -0.5762363 -0.5228422 -0.3748944 -0.2812187 -0.2812187 -0.8416443E-01 -0.8416443E-01 0.6992620E-01 0.6992620E-01 0.1190952 0.1630455 0.1630455 0.1642373 0.1642373 0.1376884 0.1376884 0.1376884 0.1125608 0.1125608 0.8726446E-01 0.8726446E-01 0.6420803E-01 0.6420803E-01 0.4309221E-01 0.4309221E-01 0.2787730E-01 0.2787730E-01 0.2787730E-01
-0.2633661E-02 -0.2633661E-02 -0.3334300E-02 -0.6068392E-02 -0.8573045E-02 -0.8573045E-02 -0.1238745E-01 -0.2573903E-01 -0.2573903E-01 -0.4830354E-01 -0.4830354E-01 -0.8054434E-01 -0.1008991 -0.1247544 -0.1527052 -0.1527052 -0.2234554 -0.2626078 -0.3020089 -0.3404416 -0.3770454 -0.4113119 -0.4430829 -0.4725214 -0.5000245 -0.5260593 -0.5508950 -0.5741711 -0.5939503 -0.6035254 -0.6035254 -0.5681917 -0.5138292 -0.3479271 -0.2471848 -0.2471848 -0.6365984E-01 -0.6365984E-01 0.6538343E-01 0.6538343E-01 0.1087875 0.1574485 0.1574485 0.1676847 0.1676847 0.1456661 0.1456661 0.1456661 0.1205680 0.1205680 0.9374291E-01 0.9374291E-01 0.6828441E-01 0.6828441E-01 0.4506208E-01 0.4506208E-01 0.2705423E-01 0.2705423E-01 0.2705423E-01
-0.2186543E-02 -0.2186543E-02 -0.2799881E-02 -0.5419760E-02 -0.7843490E-02 -0.7843490E-02 -0.1152390E-01 -0.2450637E-01 -0.2450637E-01 -0.4695136E-01 -0.4695136E-01 -0.7954968E-01 -0.1002862 -0.1248133 -0.1540367 -0.1540367 -0.2302911 -0.2724562 -0.3146967 -0.3557621 -0.3947844 -0.4311896 -0.4646549 -0.4950740 -0.5224898 -0.5469599 -0.5683268 -0.5858434 -0.5974231 -0.5974140 -0.5974140 -0.5572991 -0.4902704 -0.3021539 -0.2039839 -0.2039839 -0.4739175E-01 -0.4739175E-01 0.5750430E-01 0.5750430E-01 0.9473834E-01 0.1427914 0.1427914 0.1602922 0.1602922 0.1465410 0.1465410 0.1465410 0.1238294 0.1238294 0.9733400E-01 0.9733400E-01 0.7076324E-01 0.7076324E-01 0.4607938E-01 0.4607938E-01 0.2598182E-01 0.2598182E-01 0.2598182E-01
-0.1628992E-02 -0.1628992E-02 -0.2132503E-02 -0.4532023E-02 -0.6779180E-02 -0.6779180E-02 -0.1018171E-01 -0.2227426E-01 -0.2227426E-01 -0.4372654E-01 -0.4372654E-01 -0.7568156E-01 -0.9635539E-01 -0.1212624 -0.1518702 -0.1518702 -0.2368069 -0.2831912 -0.3289950 -0.3729884 -0.4144118 -0.4527773 -0.4877559 -0.5191097 -0.5466066 -0.5698760 -0.5881743 -0.6000278 -0.6026213 -0.5902476 -0.5902476 -0.5357386 -0.4479156 -0.2506771 -0.1639899 -0.1639899 -0.3635892E-01 -0.3635892E-01 0.4827169E-01 0.4827169E-01 0.7969838E-01 0.1239533 0.1239533 0.1450936 0.1450936 0.1398681 0.1398681 0.1398681 0.1212703 0.1212703 0.9702268E-01 0.9702268E-01 0.7100308E-01 0.7100308E-01 0.4595983E-01 0.4595983E-01 0.2470985E-01 0.2470985E-01 0.2470985E-01
-0.9448028E-03 -0.9448028E-03 -0.1323292E-02 -0.3422532E-02 -0.5419238E-02 -0.5419238E-02 -0.8432064E-02 -0.1920588E-01 -0.1920588E-01 -0.3883431E-01 -0.3883431E-01 -0.6900577E-01 -0.8900712E-01 -0.1137594 -0.1456307 -0.1456307 -0.2438981 -0.2961438 -0.3465384 -0.3939672 -0.4379029 -0.4780823 -0.5143093 -0.5463339 -0.5737050 -0.5955386 -0.6101881 -0.6148422 -0.6050771 -0.5736849 -0.5736849 -0.4950924 -0.3914407 -0.2049503 -0.1343458 -0.1343458 -0.2821619E-01 -0.2821619E-01 0.3926062E-01 0.3926062E-01 0.6516484E-01 0.1037760 0.1037760 0.1253249 0.1253249 0.1265961 0.1265961 0.1265961 0.1126949 0.1126949 0.9210418E-01 0.9210418E-01 0.6830923E-01 0.6830923E-01 0.4432997E-01 0.4432997E-01 0.2314135E-01 0.2314135E-01 0.2314135E-01
-0.1216027E-03 -0.1216027E-03 -0.3690028E-03 -0.2112780E-02 -0.3806192E-02 -0.3806192E-02 -0.6347667E-02 -0.1547039E-01 -0.1547039E-01 -0.3252370E-01 -0.3252370E-01 -0.5966230E-01 -0.7818857E-01 -0.1018950 -0.1343812 -0.1343812 -0.2529511 -0.3131590 -0.3694004 -0.4208795 -0.4674781 -0.5093159 -0.5464587 -0.5787390 -0.6054772 -0.6250232 -0.6341906 -0.6279507 -0.5999130 -0.5425196 -0.5425196 -0.4386351 -0.3288215 -0.1663791 -0.1112687 -0.1112687 -0.2152354E-01 -0.2152354E-01 0.3098303E-01 0.3098303E-01 0.5156780E-01 0.8352943E-01 0.8352943E-01 0.1032053 0.1032053 0.1082710 0.1082710 0.1082710 0.9869717E-01 0.9869717E-01 0.8242323E-01 0.8242323E-01 0.6218856E-01 0.6218856E-01 0.4076699E-01 0.4076699E-01 0.2106310E-01 0.2106310E-01 0.2106310E-01
