cruce_test.gid/Rasters/Hydraulic/Velocity__x_56.0.asc
NCOLS        79
NROWS        79
XLLCENTER         -1.500000
YLLCENTER         -4.800000
CELLSIZE           0.100
NODATA_VALUE     -9999.0
[rows 0 to 25 of 79, columns 0 to 57 of 79]
-9999.000 -9999.000 -9999.000 -9999.000 -9999.000 -9999.000 -9999.000 -9999.000 -9999.000 -9999.000 -9999.000 -9999.000 -9999.000 -9999.000 -9999.000 0.4206756E-03 0.1733299E-02 0.3825695E-02 0.5708245E-02 0.7334668E-02 0.8707472E-02 0.9815472E-02 0.1062514E-01 0.1107765E-01 0.1108329E-01 0.1051207E-01 0.9174891E-02 0.6795622E-02 0.3055814E-02 0.5223436E-03 0.5223436E-03 -9999.000 -9999.000 -9999.000 -9999.000 -9999.000 -9999.000 -9999.000 -9999.000 -9999.000 -9999.000 -9999.000 -9999.000 -9999.000 -9999.000 -9999.000 -9999.000 -9999.000 -9999.000 -9999.000 -9999.000 -9999.000 -9999.000 -9999.000 -9999.000 -9999.000 -9999.000 -9999.000
-9999.000 -9999.000 -9999.000 -9999.000 -9999.000 -9999.000 -9999.000 -9999.000 -9999.000 -9999.000 -9999.000 -9999.000 -9999.000 -9999.000 -9999.000 0.1299179E-02 0.3792389E-02 0.7329268E-02 0.1060490E-01 0.1349309E-01 0.1593502E-01 0.1786703E-01 0.1920499E-01 0.1983847E-01 0.1962739E-01 0.1839896E-01 0.1594526E-01 0.1202453E-01 0.6457945E-02 0.2121706E-02 0.2121706E-02 -9999.000 -9999.000 -9999.000 -9999.000 -9999.000 -9999.000 -9999.000 -9999.000 -9999.000 -9999.000 -9999.000 -9999.000 -9999.000 -9999.000 -9999.000 -9999.000 -9999.000 -9999.000 -9999.000 -9999.000 -9999.000 -9999.000 -9999.000 -9999.000 -9999.000 -9999.000 -9999.000
-9999.000 -9999.000 -9999.000 -9999.000 -9999.000 -9999.000 -9999.000 -9999.000 -9999.000 -9999.000 -9999.000 -9999.000 -9999.000 -9999.000 -9999.000 0.2121844E-02 0.5699011E-02 0.1055473E-01 0.1506135E-01 0.1904603E-01 0.2240965E-01 0.2504882E-01 0.2683928E-01 0.2763181E-01 0.2724992E-01 0.2549032E-01 0.2212289E-01 0.1689571E-01 0.9638815E-02 0.3614128E-02 0.3614128E-02 -9999.000 -9999.000 -9999.000 -9999.000 -9999.000 -9999.000 -9999.000 -9999.000 -9999.000 -9999.000 -9999.000 -9999.000 -9999.000 -9999.000 -9999.000 -9999.000 -9999.000 -9999.000 -9999.000 -9999.000 -9999.000 -9999.000 -9999.000 -9999.000 -9999.000 -9999.000 -9999.000
-9999.000 -9999.000 -9999.000 -9999.000 -9999.000 -9999.000 -9999.000 -9999.000 -9999.000 -9999.000 -9999.000 -9999.000 -9999.000 -9999.000 -9999.000 0.2919745E-02 0.7518985E-02 0.1359451E-01 0.1923372E-01 0.2422690E-01 0.2844343E-01 0.3174734E-01 0.3398043E-01 0.3495817E-01 0.3446891E-01 0.3227415E-01 0.2810939E-01 0.2168876E-01 0.1281683E-01 0.5118238E-02 0.5118238E-02 -9999.000 -9999.000 -9999.000 -9999.000 -9999.000 -9999.000 -9999.000 -9999.000 -9999.000 -9999.000 -9999.000 -9999.000 -9999.000 -9999.000 -9999.000 -9999.000 -9999.000 -9999.000 -9999.000 -9999.000 -9999.000 -9999.000 -9999.000 -9999.000 -9999.000 -9999.000 -9999.000
-9999.000 -9999.000 -9999.000 -9999.000 -9999.000 -9999.000 -9999.000 -9999.000 -9999.000 -9999.000 -9999.000 -9999.000 -9999.000 -9999.000 -9999.000 0.3727894E-02 0.9323757E-02 0.1655648E-01 0.2327203E-01 0.2923238E-01 0.3428050E-01 0.3825137E-01 0.4095442E-01 0.4216890E-01 0.4164325E-01 0.3909476E-01 0.3420992E-01 0.2664761E-01 0.1615848E-01 0.6715363E-02 0.6715363E-02 -9999.000 -9999.000 -9999.000 -9999.000 -9999.000 -9999.000 -9999.000 -9999.000 -9999.000 -9999.000 -9999.000 -9999.000 -9999.000 -9999.000 -9999.000 -9999.000 -9999.000 -9999.000 -9999.000 -9999.000 -9999.000 -9999.000 -9999.000 -9999.000 -9999.000 -9999.000 -9999.000
-9999.000 -9999.000 -9999.000 -9999.000 -9999.000 -9999.000 -9999.000 -9999.000 -9999.000 -9999.000 -9999.000 -9999.000 -9999.000 -9999.000 -9999.000 0.4583942E-02 0.1118784E-01 0.1955015E-01 0.2732000E-01 0.3424085E-01 0.4013325E-01 0.4480473E-01 0.4803118E-01 0.4955237E-01 0.4906914E-01 0.4624270E-01 0.4069283E-01 0.3199869E-01 0.1982280E-01 0.8483653E-02 0.8483653E-02 -9999.000 -9999.000 -9999.000 -9999.000 -9999.000 -9999.000 -9999.000 -9999.000 -9999.000 -9999.000 -9999.000 -9999.000 -9999.000 -9999.000 -9999.000 -9999.000 -9999.000 -9999.000 -9999.000 -9999.000 -9999.000 -9999.000 -9999.000 -9999.000 -9999.000 -9999.000 -9999.000
-9999.000 -9999.000 -9999.000 -9999.000 -9999.000 -9999.000 -9999.000 -9999.000 -9999.000 -9999.000 -9999.000 -9999.000 -9999.000 -9999.000 -9999.000 0.5526486E-02 0.1318616E-01 0.2268343E-01 0.3151627E-01 0.3942100E-01 0.4619953E-01 0.5163232E-01 0.5545997E-01 0.5737685E-01 0.5702718E-01 0.5400115E-01 0.4783003E-01 0.3798259E-01 0.2398787E-01 0.1051354E-01 0.1051354E-01 -9999.000 -9999.000 -9999.000 -9999.000 -9999.000 -9999.000 -9999.000 -9999.000 -9999.000 -9999.000 -9999.000 -9999.000 -9999.000 -9999.000 -9999.000 -9999.000 -9999.000 -9999.000 -9999.000 -9999.000 -9999.000 -9999.000 -9999.000 -9999.000 -9999.000 -9999.000 -9999.000
-9999.000 -9999.000 -9999.000 -9999.000 -9999.000 -9999.000 -9999.000 -9999.000 -9999.000 -9999.000 -9999.000 -9999.000 -9999.000 -9999.000 -9999.000 0.6593570E-02 0.1539223E-01 0.2606136E-01 0.3599500E-01 0.4493580E-01 0.5267074E-01 0.5895391E-01 0.6348754E-01 0.6591434E-01 0.6581036E-01 0.6267679E-01 0.5592915E-01 0.4488467E-01 0.2887700E-01 0.1292230E-01 0.1292230E-01 -9999.000 -9999.000 -9999.000 -9999.000 -9999.000 -9999.000 -9999.000 -9999.000 -9999.000 -9999.000 -9999.000 -9999.000 -9999.000 -9999.000 -9999.000 -9999.000 -9999.000 -9999.000 -9999.000 -9999.000 -9999.000 -9999.000 -9999.000 -9999.000 -9999.000 -9999.000 -9999.000
-9999.000 -9999.000 -9999.000 -9999.000 -9999.000 -9999.000 -9999.000 -9999.000 -9999.000 -9999.000 -9999.000 -9999.000 -9999.000 -9999.000 -9999.000 0.7821113E-02 0.1787600E-01 0.2978553E-01 0.4088759E-01 0.5094708E-01 0.5974052E-01 0.6699618E-01 0.7237514E-01 0.7546151E-01 0.7575017E-01 0.7263128E-01 0.6536908E-01 0.5307423E-01 0.3479528E-01 0.1587590E-01 0.1587590E-01 -9999.000 -9999.000 -9999.000 -9999.000 -9999.000 -9999.000 -9999.000 -9999.000 -9999.000 -9999.000 -9999.000 -9999.000 -9999.000 -9999.000 -9999.000 -9999.000 -9999.000 -9999.000 -9999.000 -9999.000 -9999.000 -9999.000 -9999.000 -9999.000 -9999.000 -9999.000 -9999.000
-9999.000 -9999.000 -9999.000 -9999.000 -9999.000 -9999.000 -9999.000 -9999.000 -9999.000 -9999.000 -9999.000 -9999.000 -9999.000 -9999.000 -9999.000 0.9241474E-02 0.2070296E-01 0.3395599E-01 0.4632849E-01 0.5762528E-01 0.6761824E-01 0.7601117E-01 0.8242247E-01 0.8637017E-01 0.8725353E-01 0.8432577E-01 0.7665437E-01 0.6306667E-01 0.4219238E-01 0.1962738E-01 0.1962738E-01 -9999.000 -9999.000 -9999.000 -9999.000 -9999.000 -9999.000 -9999.000 -9999.000 -9999.000 -9999.000 -9999.000 -9999.000 -9999.000 -9999.000 -9999.000 -9999.000 -9999.000 -9999.000 -9999.000 -9999.000 -9999.000 -9999.000 -9999.000 -9999.000 -9999.000 -9999.000 -9999.000
-9999.000 -9999.000 -9999.000 -9999.000 -9999.000 -9999.000 -9999.000 -9999.000 -9999.000 -9999.000 -9999.000 -9999.000 -9999.000 -9999.000 -9999.000 0.1088315E-01 0.2393494E-01 0.3867632E-01 0.5246455E-01 0.6516398E-01 0.7654934E-01 0.8630361E-01 0.9400177E-01 0.9909067E-01 0.1008594 0.9839340E-01 0.9050559E-01 0.7563233E-01 0.5177947E-01 0.2459118E-01 0.2459118E-01 -9999.000 -9999.000 -9999.000 -9999.000 -9999.000 -9999.000 -9999.000 -9999.000 -9999.000 -9999.000 -9999.000 -9999.000 -9999.000 -9999.000 -9999.000 -9999.000 -9999.000 -9999.000 -9999.000 -9999.000 -9999.000 -9999.000 -9999.000 -9999.000 -9999.000 -9999.000 -9999.000
-9999.000 -9999.000 -9999.000 -9999.000 -9999.000 -9999.000 -9999.000 -9999.000 -9999.000 -9999.000 -9999.000 -9999.000 -9999.000 -9999.000 -9999.000 0.1277010E-01 0.2763156E-01 0.4405945E-01 0.5946824E-01 0.7380122E-01 0.8684582E-01 0.9827082E-01 0.1076116 0.1142420 0.1173294 0.1157597 0.1080195 0.9200300E-01 0.6476848E-01 0.3150142E-01 0.3150142E-01 -9999.000 -9999.000 -9999.000 -9999.000 -9999.000 -9999.000 -9999.000 -9999.000 -9999.000 -9999.000 -9999.000 -9999.000 -9999.000 -9999.000 -9999.000 -9999.000 -9999.000 -9999.000 -9999.000 -9999.000 -9999.000 -9999.000 -9999.000 -9999.000 -9999.000 -9999.000 -9999.000
-9999.000 -9999.000 -9999.000 -9999.000 -9999.000 -9999.000 -9999.000 -9999.000 -9999.000 -9999.000 -9999.000 -9999.000 -9999.000 -9999.000 -9999.000 0.1492479E-01 0.3185842E-01 0.5024577E-01 0.6756590E-01 0.8385929E-01 0.9893953E-01 0.1124736 0.1239688 0.1327340 0.1378136 0.1378698 0.1309839 0.1143028 0.8341675E-01 0.4178618E-01 0.4178618E-01 -9999.000 -9999.000 -9999.000 -9999.000 -9999.000 -9999.000 -9999.000 -9999.000 -9999.000 -9999.000 -9999.000 -9999.000 -9999.000 -9999.000 -9999.000 -9999.000 -9999.000 -9999.000 -9999.000 -9999.000 -9999.000 -9999.000 -9999.000 -9999.000 -9999.000 -9999.000 -9999.000
-9999.000 -9999.000 -9999.000 -9999.000 -9999.000 -9999.000 -9999.000 -9999.000 -9999.000 -9999.000 -9999.000 -9999.000 -9999.000 -9999.000 -9999.000 0.1749266E-01 0.3689428E-01 0.5768053E-01 0.7735778E-01 0.9608468E-01 0.1137271 0.1299812 0.1443599 0.1561446 0.1642909 0.1672539 0.1626625 0.1466776 0.1125936 0.5875362E-01 0.5875362E-01 -9999.000 -9999.000 -9999.000 -9999.000 -9999.000 -9999.000 -9999.000 -9999.000 -9999.000 -9999.000 -9999.000 -9999.000 -9999.000 -9999.000 -9999.000 -9999.000 -9999.000 -9999.000 -9999.000 -9999.000 -9999.000 -9999.000 -9999.000 -9999.000 -9999.000 -9999.000 -9999.000
-9999.000 -9999.000 -9999.000 -9999.000 -9999.000 -9999.000 -9999.000 -9999.000 -9999.000 -9999.000 -9999.000 -9999.000 -9999.000 -9999.000 -9999.000 0.3199336E-01 0.5741074E-01 0.8306985E-01 0.1057937 0.1265281 0.1456838 0.1633642 0.1793956 0.1932903 0.2041343 0.2103446 0.2091677 0.1955598 0.1592685 0.8220976E-01 0.8220976E-01 -9999.000 -9999.000 -9999.000 -9999.000 -9999.000 -9999.000 -9999.000 -9999.000 -9999.000 -9999.000 -9999.000 -9999.000 -9999.000 -9999.000 -9999.000 -9999.000 -9999.000 -9999.000 -9999.000 -9999.000 -9999.000 -9999.000 -9999.000 -9999.000 -9999.000 -9999.000 -9999.000
1.512413 1.512413 1.575055 1.610653 1.620231 1.620231 1.626898 1.518744 1.518744 1.342628 1.342628 1.276632 1.238327 1.191251 1.128548 1.128548 0.9822481 0.9169538 0.8460447 0.7722571 0.6986529 0.6285301 0.5651058 0.5111917 0.4690173 0.4403711 0.4273144 0.4340985 0.4723955 0.5578406 0.5578406 1.419412 1.680230 1.805410 1.779853 1.779853 1.645040 1.645040 1.449678 1.449678 1.181474 0.8730290 0.8730290 0.8608603 0.8608603 0.8927349 0.8927349 0.8927349 0.9450425 0.9450425 0.9873515 0.9873515 1.022560 1.022560 1.067359 1.067359 1.095293 1.095293
1.526158 1.526158 1.594029 1.643132 1.659863 1.659863 1.673769 1.600905 1.600905 1.420282 1.420282 1.366682 1.334902 1.297807 1.255888 1.255888 1.194910 1.164710 1.126232 1.079400 1.024980 0.9646037 0.9007936 0.8369950 0.7776148 0.7281125 0.6953617 0.6889098 0.7249858 0.8338786 0.8338786 1.388989 1.578905 1.703065 1.719664 1.719664 1.703532 1.703532 1.623147 1.623147 1.504606 1.154463 1.154463 1.143016 1.143016 1.182401 1.182401 1.182401 1.239088 1.239088 1.284883 1.284883 1.309682 1.309682 1.364560 1.364560 1.398345 1.398345
1.529307 1.529307 1.595355 1.643622 1.660325 1.660325 1.674312 1.612369 1.612369 1.423829 1.423829 1.376924 1.350754 1.322217 1.292434 1.292434 1.259841 1.246690 1.228490 1.204136 1.173186 1.135878 1.093223 1.047151 1.000728 0.9584938 0.9270391 0.9162380 0.9424027 1.037824 1.037824 1.442044 1.609912 1.745456 1.775377 1.775377 1.783052 1.783052 1.732009 1.732009 1.668002 1.403243 1.403243 1.335790 1.335790 1.357726 1.357726 1.357726 1.414607 1.414607 1.455080 1.455080 1.486131 1.486131 1.526299 1.526299 1.555423 1.555423
1.531734 1.531734 1.596435 1.643836 1.660384 1.660384 1.674302 1.621514 1.621514 1.425753 1.425753 1.384367 1.362514 1.339886 1.317458 1.317458 1.298900 1.293035 1.284036 1.271073 1.253709 1.231879 1.205974 1.177020 1.146925 1.118829 1.097686 1.091391 1.113493 1.192765 1.192765 1.498255 1.646040 1.778046 1.808065 1.808065 1.818992 1.818992 1.786513 1.786513 1.754564 1.594236 1.594236 1.488053 1.488053 1.499274 1.499274 1.499274 1.543789 1.543789 1.579911 1.579911 1.608204 1.608204 1.640473 1.640473 1.665972 1.665972
1.533546 1.533546 1.597313 1.644029 1.660435 1.660435 1.674284 1.630342 1.630342 1.428401 1.428401 1.392422 1.374616 1.357185 1.340826 1.340826 1.333553 1.331950 1.327437 1.319782 1.309056 1.295510 1.279580 1.262015 1.244088 1.227919 1.216954 1.216957 1.238398 1.306172 1.306172 1.544318 1.671433 1.789451 1.813677 1.813677 1.820567 1.820567 1.805612 1.805612 1.795103 1.721063 1.721063 1.622041 1.622041 1.605199 1.605199 1.605199 1.638999 1.638999 1.671108 1.671108 1.697203 1.697203 1.724124 1.724124 1.746529 1.746529
1.534800 1.534800 1.597959 1.644183 1.660477 1.660477 1.674270 1.638817 1.638817 1.431612 1.431612 1.400859 1.386926 1.374416 1.363862 1.363862 1.368557 1.370705 1.369081 1.364022 1.356172 1.346289 1.335172 1.323696 1.312943 1.304424 1.300427 1.304816 1.325386 1.382795 1.382795 1.576931 1.681816 1.776819 1.792737 1.792737 1.799435 1.799435 1.806347 1.806347 1.811841 1.795786 1.795786 1.732295 1.732295 1.692963 1.692963 1.692963 1.714207 1.714207 1.740798 1.740798 1.764227 1.764227 1.787153 1.787153 1.806442 1.806442
1.535537 1.535537 1.598354 1.644282 1.660504 1.660504 1.674261 1.646599 1.646599 1.435138 1.435138 1.409317 1.399061 1.391305 1.386665 1.386665 1.405406 1.411567 1.412416 1.408821 1.401955 1.393082 1.383450 1.374239 1.366608 1.361773 1.361109 1.366654 1.384192 1.431617 1.431617 1.589853 1.672300 1.738034 1.748263 1.748263 1.766539 1.766539 1.798315 1.798315 1.816031 1.835451 1.835451 1.812039 1.812039 1.768533 1.768533 1.768533 1.777117 1.777117 1.796317 1.796317 1.815898 1.815898 1.834892 1.834892 1.850780 1.850780
1.535781 1.535781 1.598486 1.644317 1.660514 1.660514 1.674259 1.649422 1.649422 1.438895 1.438895 1.417499 1.410669 1.407489 1.409010 1.409010 1.445015 1.455645 1.458917 1.456267 1.449358 1.439936 1.429699 1.420199 1.412801 1.408616 1.408153 1.411003 1.421689 1.456116 1.456116 1.580565 1.637833 1.675901 1.688945 1.688945 1.730985 1.730985 1.786003 1.786003 1.812766 1.853791 1.853791 1.862024 1.862024 1.831730 1.831730 1.831730 1.831336 1.831336 1.842424 1.842424 1.856815 1.856815 1.871280 1.871280 1.883455 1.883455
1.535537 1.535537 1.598354 1.644282 1.660505 1.660505 1.674262 1.652119 1.652119 1.442620 1.442620 1.425257 1.421500 1.422612 1.430442 1.430442 1.488302 1.503821 1.509532 1.507504 1.499866 1.488820 1.476534 1.464970 1.455793 1.450133 1.447423 1.442610 1.440305 1.456380 1.456380 1.543765 1.574005 1.600021 1.626434 1.626434 1.697230 1.697230 1.770843 1.770843 1.804225 1.859113 1.859113 1.888910 1.888910 1.880534 1.880534 1.880534 1.877241 1.877241 1.881494 1.881494 1.889842 1.889842 1.899116 1.899116 1.907065 1.907065
1.534800 1.534800 1.597959 1.644183 1.660477 1.660477 1.674273 1.653828 1.653828 1.446116 1.446116 1.432348 1.431341 1.436366 1.450282 1.450282 1.536577 1.557240 1.565096 1.563237 1.554292 1.540798 1.525332 1.510286 1.497778 1.489180 1.482351 1.461682 1.436541 1.430520 1.430520 1.475984 1.483999 1.519567 1.567271 1.567271 1.665179 1.665179 1.752941 1.752941 1.791424 1.856066 1.856066 1.900105 1.900105 1.914446 1.914446 1.914446 1.913892 1.913892 1.914145 1.914145 1.916660 1.916660 1.920254 1.920254 1.923428 1.923428
1.533545 1.533545 1.597313 1.644029 1.660435 1.660435 1.674288 1.654561 1.654561 1.449428 1.449428 1.438613 1.439995 1.448492 1.467572 1.467572 1.592495 1.616865 1.626237 1.623936 1.612907 1.596094 1.576488 1.556921 1.539899 1.527107 1.513947 1.461707 1.400385 1.367531 1.367531 1.374272 1.383069 1.457488 1.510562 1.510562 1.636337 1.636337 1.734823 1.734823 1.777218 1.848782 1.848782 1.902108 1.902108 1.935557 1.935557 1.935557 1.941014 1.941014 1.940376 1.940376 1.938299 1.938299 1.936224 1.936224 1.934278 1.934278
