cruce_test.gid/Rasters/Hydraulic/Velocity__y_267.0.asc
NCOLS        79
NROWS        79
XLLCENTER         -1.500000
YLLCENTER         -4.800000
CELLSIZE           0.100
NODATA_VALUE     -9999.0
[rows 0 to 26 of 79, columns 0 to 58 of 79]
-9999.000 -9999.000 -9999.000 -9999.000 -9999.000 -9999.000 -9999.000 -9999.000 -9999.000 -9999.000 -9999.000 -9999.000 -9999.000 -9999.000 -9999.000 -0.9263794E-01 -0.8988710E-01 -0.8889334E-01 -0.8875588E-01 -0.8925255E-01 -0.8994988E-01 -0.9068249E-01 -0.9140164E-01 -0.9200990E-01 -0.9255658E-01 -0.9304141E-01 -0.9350059E-01 -0.9411592E-01 -0.9548952E-01 -0.9685903E-01 -0.9685903E-01 -9999.000 -9999.000 -9999.000 -9999.000 -9999.000 -9999.000 -9999.000 -9999.000 -9999.000 -9999.000 -9999.000 -9999.000 -9999.000 -9999.000 -9999.000 -9999.000 -9999.000 -9999.000 -9999.000 -9999.000 -9999.000 -9999.000 -9999.000 -9999.000 -9999.000 -9999.000 -9999.000 -9999.000
-9999.000 -9999.000 -9999.000 -9999.000 -9999.000 -9999.000 -9999.000 -9999.000 -9999.000 -9999.000 -9999.000 -9999.000 -9999.000 -9999.000 -9999.000 -0.9253781E-01 -0.8679873E-01 -0.8468420E-01 -0.8441783E-01 -0.8553917E-01 -0.8712679E-01 -0.8882096E-01 -0.9050727E-01 -0.9196995E-01 -0.9330651E-01 -0.9450971E-01 -0.9564988E-01 -0.9710547E-01 -0.1001330 -0.1034429 -0.1034429 -9999.000 -9999.000 -9999.000 -9999.000 -9999.000 -9999.000 -9999.000 -9999.000 -9999.000 -9999.000 -9999.000 -9999.000 -9999.000 -9999.000 -9999.000 -9999.000 -9999.000 -9999.000 -9999.000 -9999.000 -9999.000 -9999.000 -9999.000 -9999.000 -9999.000 -9999.000 -9999.000 -9999.000
-9999.000 -9999.000 -9999.000 -9999.000 -9999.000 -9999.000 -9999.000 -9999.000 -9999.000 -9999.000 -9999.000 -9999.000 -9999.000 -9999.000 -9999.000 -0.9130935E-01 -0.8234948E-01 -0.7896743E-01 -0.7861824E-01 -0.8057412E-01 -0.8334973E-01 -0.8635277E-01 -0.8938224E-01 -0.9207267E-01 -0.9456782E-01 -0.9684109E-01 -0.9899338E-01 -0.1016199 -0.1067203 -0.1127324 -0.1127324 -9999.000 -9999.000 -9999.000 -9999.000 -9999.000 -9999.000 -9999.000 -9999.000 -9999.000 -9999.000 -9999.000 -9999.000 -9999.000 -9999.000 -9999.000 -9999.000 -9999.000 -9999.000 -9999.000 -9999.000 -9999.000 -9999.000 -9999.000 -9999.000 -9999.000 -9999.000 -9999.000 -9999.000
-9999.000 -9999.000 -9999.000 -9999.000 -9999.000 -9999.000 -9999.000 -9999.000 -9999.000 -9999.000 -9999.000 -9999.000 -9999.000 -9999.000 -9999.000 -0.8951086E-01 -0.7737477E-01 -0.7273606E-01 -0.7235327E-01 -0.7522561E-01 -0.7928540E-01 -0.8370382E-01 -0.8819062E-01 -0.9222245E-01 -0.9599037E-01 -0.9944218E-01 -0.1027057 -0.1065999 -0.1139045 -0.1231178 -0.1231178 -9999.000 -9999.000 -9999.000 -9999.000 -9999.000 -9999.000 -9999.000 -9999.000 -9999.000 -9999.000 -9999.000 -9999.000 -9999.000 -9999.000 -9999.000 -9999.000 -9999.000 -9999.000 -9999.000 -9999.000 -9999.000 -9999.000 -9999.000 -9999.000 -9999.000 -9999.000 -9999.000 -9999.000
-9999.000 -9999.000 -9999.000 -9999.000 -9999.000 -9999.000 -9999.000 -9999.000 -9999.000 -9999.000 -9999.000 -9999.000 -9999.000 -9999.000 -9999.000 -0.8736775E-01 -0.7205750E-01 -0.6615657E-01 -0.6576831E-01 -0.6961210E-01 -0.7501866E-01 -0.8091964E-01 -0.8693567E-01 -0.9237541E-01 -0.9748539E-01 -0.1021812 -0.1066186 -0.1118527 -0.1214930 -0.1344470 -0.1344470 -9999.000 -9999.000 -9999.000 -9999.000 -9999.000 -9999.000 -9999.000 -9999.000 -9999.000 -9999.000 -9999.000 -9999.000 -9999.000 -9999.000 -9999.000 -9999.000 -9999.000 -9999.000 -9999.000 -9999.000 -9999.000 -9999.000 -9999.000 -9999.000 -9999.000 -9999.000 -9999.000 -9999.000
-9999.000 -9999.000 -9999.000 -9999.000 -9999.000 -9999.000 -9999.000 -9999.000 -9999.000 -9999.000 -9999.000 -9999.000 -9999.000 -9999.000 -9999.000 -0.8495320E-01 -0.6646384E-01 -0.5929298E-01 -0.5892108E-01 -0.6378204E-01 -0.7058344E-01 -0.7801657E-01 -0.8561422E-01 -0.9250725E-01 -0.9900833E-01 -0.1049951 -0.1106536 -0.1172919 -0.1294101 -0.1467353 -0.1467353 -9999.000 -9999.000 -9999.000 -9999.000 -9999.000 -9999.000 -9999.000 -9999.000 -9999.000 -9999.000 -9999.000 -9999.000 -9999.000 -9999.000 -9999.000 -9999.000 -9999.000 -9999.000 -9999.000 -9999.000 -9999.000 -9999.000 -9999.000 -9999.000 -9999.000 -9999.000 -9999.000 -9999.000
-9999.000 -9999.000 -9999.000 -9999.000 -9999.000 -9999.000 -9999.000 -9999.000 -9999.000 -9999.000 -9999.000 -9999.000 -9999.000 -9999.000 -9999.000 -0.8227192E-01 -0.6060584E-01 -0.5216121E-01 -0.5182813E-01 -0.5775097E-01 -0.6598975E-01 -0.7499704E-01 -0.8422023E-01 -0.9260108E-01 -0.1005337 -0.1078496 -0.1147693 -0.1228749 -0.1376329 -0.1600944 -0.1600944 -9999.000 -9999.000 -9999.000 -9999.000 -9999.000 -9999.000 -9999.000 -9999.000 -9999.000 -9999.000 -9999.000 -9999.000 -9999.000 -9999.000 -9999.000 -9999.000 -9999.000 -9999.000 -9999.000 -9999.000 -9999.000 -9999.000 -9999.000 -9999.000 -9999.000 -9999.000 -9999.000 -9999.000
-9999.000 -9999.000 -9999.000 -9999.000 -9999.000 -9999.000 -9999.000 -9999.000 -9999.000 -9999.000 -9999.000 -9999.000 -9999.000 -9999.000 -9999.000 -0.7929491E-01 -0.5447055E-01 -0.4475393E-01 -0.4448632E-01 -0.5151803E-01 -0.6123566E-01 -0.7185613E-01 -0.8274477E-01 -0.9264150E-01 -0.1020412 -0.1107198 -0.1189372 -0.1285766 -0.1461617 -0.1747086 -0.1747086 -9999.000 -9999.000 -9999.000 -9999.000 -9999.000 -9999.000 -9999.000 -9999.000 -9999.000 -9999.000 -9999.000 -9999.000 -9999.000 -9999.000 -9999.000 -9999.000 -9999.000 -9999.000 -9999.000 -9999.000 -9999.000 -9999.000 -9999.000 -9999.000 -9999.000 -9999.000 -9999.000 -9999.000
-9999.000 -9999.000 -9999.000 -9999.000 -9999.000 -9999.000 -9999.000 -9999.000 -9999.000 -9999.000 -9999.000 -9999.000 -9999.000 -9999.000 -9999.000 -0.7597344E-01 -0.4802985E-01 -0.3705103E-01 -0.3688118E-01 -0.4507388E-01 -0.5631208E-01 -0.6858309E-01 -0.8117533E-01 -0.9261088E-01 -0.1035108 -0.1135819 -0.1231317 -0.1343758 -0.1550056 -0.1908340 -0.1908340 -9999.000 -9999.000 -9999.000 -9999.000 -9999.000 -9999.000 -9999.000 -9999.000 -9999.000 -9999.000 -9999.000 -9999.000 -9999.000 -9999.000 -9999.000 -9999.000 -9999.000 -9999.000 -9999.000 -9999.000 -9999.000 -9999.000 -9999.000 -9999.000 -9999.000 -9999.000 -9999.000 -9999.000
-9999.000 -9999.000 -9999.000 -9999.000 -9999.000 -9999.000 -9999.000 -9999.000 -9999.000 -9999.000 -9999.000 -9999.000 -9999.000 -9999.000 -9999.000 -0.7224533E-01 -0.4124485E-01 -0.2902273E-01 -0.2899004E-01 -0.3840184E-01 -0.5120408E-01 -0.6516194E-01 -0.7949482E-01 -0.9248688E-01 -0.1049170 -0.1164074 -0.1273217 -0.1402475 -0.1641767 -0.2088129 -0.2088129 -9999.000 -9999.000 -9999.000 -9999.000 -9999.000 -9999.000 -9999.000 -9999.000 -9999.000 -9999.000 -9999.000 -9999.000 -9999.000 -9999.000 -9999.000 -9999.000 -9999.000 -9999.000 -9999.000 -9999.000 -9999.000 -9999.000 -9999.000 -9999.000 -9999.000 -9999.000 -9999.000 -9999.000
-9999.000 -9999.000 -9999.000 -9999.000 -9999.000 -9999.000 -9999.000 -9999.000 -9999.000 -9999.000 -9999.000 -9999.000 -9999.000 -9999.000 -9999.000 -0.6803384E-01 -0.3406641E-01 -0.2062935E-01 -0.2078153E-01 -0.3147828E-01 -0.4588966E-01 -0.6157027E-01 -0.7767922E-01 -0.9223963E-01 -0.1062276 -0.1191591 -0.1314666 -0.1461567 -0.1736837 -0.2291075 -0.2291075 -9999.000 -9999.000 -9999.000 -9999.000 -9999.000 -9999.000 -9999.000 -9999.000 -9999.000 -9999.000 -9999.000 -9999.000 -9999.000 -9999.000 -9999.000 -9999.000 -9999.000 -9999.000 -9999.000 -9999.000 -9999.000 -9999.000 -9999.000 -9999.000 -9999.000 -9999.000 -9999.000 -9999.000
-9999.000 -9999.000 -9999.000 -9999.000 -9999.000 -9999.000 -9999.000 -9999.000 -9999.000 -9999.000 -9999.000 -9999.000 -9999.000 -9999.000 -9999.000 -0.6324560E-01 -0.2643224E-01 -0.1181978E-01 -0.1221353E-01 -0.2426969E-01 -0.4033699E-01 -0.5777578E-01 -0.7569500E-01 -0.9182769E-01 -0.1073977 -0.1217852 -0.1355084 -0.1520522 -0.1835268 -0.2523495 -0.2523495 -9999.000 -9999.000 -9999.000 -9999.000 -9999.000 -9999.000 -9999.000 -9999.000 -9999.000 -9999.000 -9999.000 -9999.000 -9999.000 -9999.000 -9999.000 -9999.000 -9999.000 -9999.000 -9999.000 -9999.000 -9999.000 -9999.000 -9999.000 -9999.000 -9999.000 -9999.000 -9999.000 -9999.000
-9999.000 -9999.000 -9999.000 -9999.000 -9999.000 -9999.000 -9999.000 -9999.000 -9999.000 -9999.000 -9999.000 -9999.000 -9999.000 -9999.000 -9999.000 -0.5776026E-01 -0.1825774E-01 -0.2523309E-02 -0.3229113E-02 -0.1673034E-01 -0.3450295E-01 -0.5373405E-01 -0.7349487E-01 -0.9119371E-01 -0.1083639 -0.1242124 -0.1393646 -0.1578553 -0.1936889 -0.2794258 -0.2794258 -9999.000 -9999.000 -9999.000 -9999.000 -9999.000 -9999.000 -9999.000 -9999.000 -9999.000 -9999.000 -9999.000 -9999.000 -9999.000 -9999.000 -9999.000 -9999.000 -9999.000 -9999.000 -9999.000 -9999.000 -9999.000 -9999.000 -9999.000 -9999.000 -9999.000 -9999.000 -9999.000 -9999.000
-9999.000 -9999.000 -9999.000 -9999.000 -9999.000 -9999.000 -9999.000 -9999.000 -9999.000 -9999.000 -9999.000 -9999.000 -9999.000 -9999.000 -9999.000 -0.5086328E-01 -0.9025819E-02 0.7554688E-02 0.6211448E-02 -0.8921330E-02 -0.2845994E-01 -0.4951281E-01 -0.7113253E-01 -0.9036306E-01 -0.1091288 -0.1264140 -0.1429813 -0.1635050 -0.2041754 -0.3116913 -0.3116913 -9999.000 -9999.000 -9999.000 -9999.000 -9999.000 -9999.000 -9999.000 -9999.000 -9999.000 -9999.000 -9999.000 -9999.000 -9999.000 -9999.000 -9999.000 -9999.000 -9999.000 -9999.000 -9999.000 -9999.000 -9999.000 -9999.000 -9999.000 -9999.000 -9999.000 -9999.000 -9999.000 -9999.000
-9999.000 -9999.000 -9999.000 -9999.000 -9999.000 -9999.000 -9999.000 -9999.000 -9999.000 -9999.000 -9999.000 -9999.000 -9999.000 -9999.000 -9999.000 -0.3880534E-02 0.1475450E-01 0.1791117E-01 0.7649827E-02 -0.1051787E-01 -0.3044836E-01 -0.5188990E-01 -0.7400209E-01 -0.9350146E-01 -0.1128205 -0.1306422 -0.1478896 -0.1699215 -0.2152877 -0.3489489 -0.3489489 -9999.000 -9999.000 -9999.000 -9999.000 -9999.000 -9999.000 -9999.000 -9999.000 -9999.000 -9999.000 -9999.000 -9999.000 -9999.000 -9999.000 -9999.000 -9999.000 -9999.000 -9999.000 -9999.000 -9999.000 -9999.000 -9999.000 -9999.000 -9999.000 -9999.000 -9999.000 -9999.000 -9999.000
-0.3962765E-02 -0.3962765E-02 -0.5705769E-02 -0.7041922E-02 -0.6643327E-02 -0.6643327E-02 -0.6505920E-02 -0.6434854E-02 -0.6434854E-02 -0.6408719E-02 -0.6408719E-02 -0.6378163E-02 -0.6359919E-02 -0.6340316E-02 -0.6323368E-02 -0.6323368E-02 0.2998240E-01 0.2494871E-01 0.9816195E-02 -0.1218758E-01 -0.3843695E-01 -0.6786346E-01 -0.9924519E-01 -0.1305617 -0.1611693 -0.1900206 -0.2166703 -0.2426952 -0.2759506 -0.3533830 -0.3533830 -0.1967907 -0.1061861 -0.3710997E-01 -0.2785502E-01 -0.2785502E-01 -0.2093140E-01 -0.2093140E-01 -0.8518216E-02 -0.8518216E-02 0.2629392E-02 0.2706083E-01 0.2706083E-01 0.1464180E-01 0.1464180E-01 -0.3765500E-02 -0.3765500E-02 -0.3765500E-02 -0.8398930E-04 -0.8398930E-04 0.6805335E-03 0.6805335E-03 -0.1467676E-03 -0.1467676E-03 -0.1389591E-02 -0.1389591E-02 -0.2613493E-02 -0.2613493E-02 -0.2613493E-02
-0.5542829E-02 -0.5542829E-02 -0.8418337E-02 -0.1025259E-01 -0.9483100E-02 -0.9483100E-02 -0.9181920E-02 -0.9052739E-02 -0.9052739E-02 -0.9037026E-02 -0.9037026E-02 -0.9013844E-02 -0.8997316E-02 -0.8978388E-02 -0.8977470E-02 -0.8977470E-02 0.2475973E-01 0.2045475E-01 0.4908888E-02 -0.2066477E-01 -0.5486668E-01 -0.9544013E-01 -0.1404167 -0.1882747 -0.2367286 -0.2841739 -0.3289299 -0.3691806 -0.4027968 -0.4269182 -0.4269182 -0.2901793 -0.1934263 -0.1011381 -0.8279567E-01 -0.8279567E-01 -0.5881164E-01 -0.5881164E-01 -0.1645093E-01 -0.1645093E-01 0.1687395E-01 0.8556264E-01 0.8556264E-01 0.8094775E-01 0.8094775E-01 0.1605020E-01 0.1605020E-01 0.1605020E-01 0.6972930E-02 0.6972930E-02 0.1822491E-02 0.1822491E-02 -0.2510606E-02 -0.2510606E-02 -0.6208935E-02 -0.6208935E-02 -0.9051517E-02 -0.9051517E-02 -0.9051517E-02
-0.3258506E-02 -0.3258506E-02 -0.7084664E-02 -0.8889681E-02 -0.8231690E-02 -0.8231690E-02 -0.7846546E-02 -0.7659617E-02 -0.7659617E-02 -0.7659851E-02 -0.7659851E-02 -0.7657434E-02 -0.7651155E-02 -0.7643017E-02 -0.7682133E-02 -0.7682133E-02 0.1588346E-01 0.1171580E-01 -0.3768136E-02 -0.2960366E-01 -0.6468389E-01 -0.1073105 -0.1558393 -0.2089694 -0.2649064 -0.3220941 -0.3788650 -0.4331824 -0.4821211 -0.5187774 -0.5187774 -0.4297197 -0.3457884 -0.2303874 -0.1931245 -0.1931245 -0.1257299 -0.1257299 -0.2439324E-01 -0.2439324E-01 0.4233214E-01 0.1650756 0.1650756 0.1906628 0.1906628 0.6999107E-01 0.6999107E-01 0.6999107E-01 0.2683319E-01 0.2683319E-01 0.4597443E-02 0.4597443E-02 -0.8219755E-02 -0.8219755E-02 -0.1638224E-01 -0.1638224E-01 -0.2129521E-01 -0.2129521E-01 -0.2129521E-01
-0.1840825E-02 -0.1840825E-02 -0.4950853E-02 -0.7442854E-02 -0.6806907E-02 -0.6806907E-02 -0.6386959E-02 -0.6161458E-02 -0.6161458E-02 -0.6145257E-02 -0.6145257E-02 -0.6128604E-02 -0.6118018E-02 -0.6107671E-02 -0.6180499E-02 -0.6180499E-02 0.6924503E-02 0.7722932E-03 -0.1594399E-01 -0.4257256E-01 -0.7819298E-01 -0.1214984 -0.1711202 -0.2259181 -0.2845307 -0.3456802 -0.4080229 -0.4698533 -0.5284747 -0.5771583 -0.5771583 -0.5356213 -0.4759496 -0.3634945 -0.3125022 -0.3125022 -0.1920027 -0.1920027 -0.1740034E-01 -0.1740034E-01 0.7878806E-01 0.2302504 0.2302504 0.2724009 0.2724009 0.1314918 0.1314918 0.1314918 0.5437310E-01 0.5437310E-01 0.1016298E-01 0.1016298E-01 -0.1455831E-01 -0.1455831E-01 -0.2864642E-01 -0.2864642E-01 -0.3588351E-01 -0.3588351E-01 -0.3588351E-01
-0.1406423E-02 -0.1406423E-02 -0.2793937E-02 -0.5774714E-02 -0.5253460E-02 -0.5253460E-02 -0.4880226E-02 -0.4654768E-02 -0.4654768E-02 -0.4625595E-02 -0.4625595E-02 -0.4599559E-02 -0.4585878E-02 -0.4573788E-02 -0.4688297E-02 -0.4688297E-02 -0.2080712E-02 -0.1211229E-01 -0.3166877E-01 -0.6029069E-01 -0.9721949E-01 -0.1414471 -0.1918706 -0.2475003 -0.3072514 -0.3700628 -0.4348446 -0.5002531 -0.5641042 -0.6207984 -0.6207984 -0.6150880 -0.5808419 -0.4814757 -0.4170218 -0.4170218 -0.2305979 -0.2305979 0.1120446E-01 0.1120446E-01 0.1204838 0.2693804 0.2693804 0.3145643 0.3145643 0.1846152 0.1846152 0.1846152 0.8540650E-01 0.8540650E-01 0.1998705E-01 0.1998705E-01 -0.1845102E-01 -0.1845102E-01 -0.3985150E-01 -0.3985150E-01 -0.4999184E-01 -0.4999184E-01 -0.4999184E-01
-0.9513070E-03 -0.9513070E-03 -0.1664953E-02 -0.3875722E-02 -0.3549978E-02 -0.3549978E-02 -0.3290853E-02 -0.3122061E-02 -0.3122061E-02 -0.3097535E-02 -0.3097535E-02 -0.3072116E-02 -0.3058833E-02 -0.3047374E-02 -0.3217589E-02 -0.3217589E-02 -0.1159141E-01 -0.2717804E-01 -0.5126465E-01 -0.8332044E-01 -0.1226494 -0.1684591 -0.2199094 -0.2762179 -0.3365586 -0.4000868 -0.4659193 -0.5329856 -0.5995598 -0.6612147 -0.6612147 -0.6801384 -0.6672535 -0.5746983 -0.4870222 -0.4870222 -0.2219736 -0.2219736 0.5158395E-01 0.5158395E-01 0.1532603 0.2794305 0.2794305 0.3222028 0.3222028 0.2209431 0.2209431 0.2209431 0.1153712 0.1153712 0.3380654E-01 0.3380654E-01 -0.1844033E-01 -0.1844033E-01 -0.4823153E-01 -0.4823153E-01 -0.6199351E-01 -0.6199351E-01 -0.6199351E-01
-0.4784664E-03 -0.4784664E-03 -0.8031003E-03 -0.1927150E-02 -0.1768982E-02 -0.1768982E-02 -0.1644055E-02 -0.1569826E-02 -0.1569826E-02 -0.1559010E-02 -0.1559010E-02 -0.1540518E-02 -0.1531156E-02 -0.1523401E-02 -0.1770207E-02 -0.1770207E-02 -0.2233448E-01 -0.4510813E-01 -0.7546040E-01 -0.1125253 -0.1555361 -0.2038210 -0.2567694 -0.3138430 -0.3744984 -0.4381578 -0.5041797 -0.5717531 -0.6395319 -0.7039977 -0.7039977 -0.7388004 -0.7405338 -0.6298666 -0.5001304 -0.5001304 -0.1691449 -0.1691449 0.8423193E-01 0.8423193E-01 0.1656811 0.2651642 0.2651642 0.3054979 0.3054979 0.2376606 0.2376606 0.2376606 0.1394791 0.1394791 0.4973192E-01 0.4973192E-01 -0.1428855E-01 -0.1428855E-01 -0.5275261E-01 -0.5275261E-01 -0.7071618E-01 -0.7071618E-01 -0.7071618E-01
0.8794586E-07 0.8794586E-07 -0.7206454E-09 0.2230545E-06 -0.3131507E-07 -0.3131507E-07 -0.1449275E-06 0.1428472E-06 0.1428472E-06 0.1256804E-06 0.1256804E-06 0.3334188E-07 0.6868797E-07 0.1031404E-06 -0.3516984E-03 -0.3516984E-03 -0.3536201E-01 -0.6710765E-01 -0.1055481 -0.1492736 -0.1973336 -0.2491020 -0.3041594 -0.3622207 -0.4230438 -0.4863623 -0.5518336 -0.6189430 -0.6866823 -0.7520214 -0.7520214 -0.7950578 -0.8004705 -0.6227859 -0.4399265 -0.4399265 -0.1010357 -0.1010357 0.9599844E-01 0.9599844E-01 0.1565750 0.2352149 0.2352149 0.2742211 0.2742211 0.2361393 0.2361393 0.2361393 0.1538922 0.1538922 0.6476653E-01 0.6476653E-01 -0.6841466E-02 -0.6841466E-02 -0.5297568E-01 -0.5297568E-01 -0.7524543E-01 -0.7524543E-01 -0.7524543E-01
0.4785185E-03 0.4785185E-03 0.8030795E-03 0.1927379E-02 0.1768838E-02 0.1768838E-02 0.1643883E-02 0.1570191E-02 0.1570191E-02 0.1559145E-02 0.1559145E-02 0.1540595E-02 0.1531272E-02 0.1523503E-02 0.1030350E-02 0.1030350E-02 -0.5222986E-01 -0.9510393E-01 -0.1436153 -0.1956892 -0.2501441 -0.3063816 -0.3641635 -0.4234657 -0.4843583 -0.5469101 -0.6111175 -0.6767998 -0.7432060 -0.8069066 -0.8069066 -0.8484689 -0.8353971 -0.5308371 -0.3232063 -0.3232063 -0.4969604E-01 -0.4969604E-01 0.8766114E-01 0.8766114E-01 0.1329652 0.1977473 0.1977473 0.2354905 0.2354905 0.2199514 0.2199514 0.2199514 0.1566757 0.1566757 0.7570208E-01 0.7570208E-01 0.2221858E-02 0.2221858E-02 -0.4905770E-01 -0.4905770E-01 -0.7495791E-01 -0.7495791E-01 -0.7495791E-01
0.9513359E-03 0.9513359E-03 0.1664931E-02 0.3875758E-02 0.3549825E-02 0.3549825E-02 0.3290887E-02 0.3122259E-02 0.3122259E-02 0.3097849E-02 0.3097849E-02 0.3072269E-02 0.3059020E-02 0.3047443E-02 0.2364571E-02 0.2364571E-02 -0.7537626E-01 -0.1321418 -0.1929275 -0.2550098 -0.3170494 -0.3785461 -0.4394937 -0.5001630 -0.5609506 -0.6222728 -0.6844822 -0.7477300 -0.8112000 -0.8684111 -0.8684111 -0.8886140 -0.8099282 -0.3736852 -0.2029311 -0.2029311 -0.2606853E-01 -0.2606853E-01 0.6819686E-01 0.6819686E-01 0.1035327 0.1583692 0.1583692 0.1937193 0.1937193 0.1931560 0.1931560 0.1931560 0.1479433 0.1479433 0.8005410E-01 0.8005410E-01 0.1079382E-01 0.1079382E-01 -0.4172326E-01 -0.4172326E-01 -0.6960333E-01 -0.6960333E-01 -0.6960333E-01
0.1406577E-02 0.1406577E-02 0.2794022E-02 0.5774865E-02 0.5253617E-02 0.5253617E-02 0.4880345E-02 0.4654857E-02 0.4654857E-02 0.4625926E-02 0.4625926E-02 0.4599851E-02 0.4586015E-02 0.4573927E-02 0.3633414E-02 0.3633414E-02 -0.1088754 -0.1831428 -0.2586085 -0.3321743 -0.4026107 -0.4697200 -0.5338599 -0.5956725 -0.6559185 -0.7153698 -0.7747324 -0.8343956 -0.8921980 -0.9291793 -0.9291793 -0.8766694 -0.6679454 -0.2211960 -0.1220589 -0.1220589 -0.2117719E-01 -0.2117719E-01 0.4609084E-01 0.4609084E-01 0.7420114E-01 0.1200807 0.1200807 0.1514036 0.1514036 0.1593911 0.1593911 0.1593911 0.1293594 0.1293594 0.7670924E-01 0.7670924E-01 0.1694464E-01 0.1694464E-01 -0.3207697E-01 -0.3207697E-01 -0.5936462E-01 -0.5936462E-01 -0.5936462E-01
0.1840857E-02 0.1840857E-02 0.4950964E-02 0.7442985E-02 0.6807064E-02 0.6807064E-02 0.6387022E-02 0.6161708E-02 0.6161708E-02 0.6145187E-02 0.6145187E-02 0.6128779E-02 0.6118149E-02 0.6107887E-02 0.4813837E-02 0.4813837E-02 -0.1600232 -0.2564074 -0.3489214 -0.4348775 -0.5137377 -0.5859869 -0.6525782 -0.7146518 -0.7733890 -0.8299295 -0.8853177 -0.9397503 -0.9841748 -0.9526567 -0.9526567 -0.7290535 -0.4142793 -0.1252405 -0.8222488E-01 -0.8222488E-01 -0.2238574E-01 -0.2238574E-01 0.2616876E-01 0.2616876E-01 0.4787730E-01 0.8428521E-01 0.8428521E-01 0.1100207 0.1100207 0.1216369 0.1216369 0.1216369 0.1034100 0.1034100 0.6603869E-01 0.6603869E-01 0.1951025E-01 0.1951025E-01 -0.2130884E-01 -0.2130884E-01 -0.4489676E-01 -0.4489676E-01 -0.4489676E-01
