cruce_test.gid/Rasters/Hydraulic/Velocity__y_94.0.asc
NCOLS        79
NROWS        79
XLLCENTER         -1.500000
YLLCENTER         -4.800000
CELLSIZE           0.100
NODATA_VALUE     -9999.0
[rows 0 to 26 of 79, columns 0 to 58 of 79]
-9999.000 -9999.000 -9999.000 -9999.000 -9999.000 -9999.000 -9999.000 -9999.000 -9999.000 -9999.000 -9999.000 -9999.000 -9999.000 -9999.000 -9999.000 -0.1936044 -0.1924799 -0.1925925 -0.1927971 -0.1930097 -0.1932179 -0.1934262 -0.1936522 -0.1939276 -0.1943032 -0.1948541 -0.1956941 -0.1969941 -0.1988860 -0.1970277 -0.1970277 -9999.000 -9999.000 -9999.000 -9999.000 -9999.000 -9999.000 -9999.000 -9999.000 -9999.000 -9999.000 -9999.000 -9999.000 -9999.000 -9999.000 -9999.000 -9999.000 -9999.000 -9999.000 -9999.000 -9999.000 -9999.000 -9999.000 -9999.000 -9999.000 -9999.000 -9999.000 -9999.000 -9999.000
-9999.000 -9999.000 -9999.000 -9999.000 -9999.000 -9999.000 -9999.000 -9999.000 -9999.000 -9999.000 -9999.000 -9999.000 -9999.000 -9999.000 -9999.000 -0.1912171 -0.1887584 -0.1889578 -0.1893591 -0.1897826 -0.1902004 -0.1906232 -0.1910920 -0.1916795 -0.1924984 -0.1937120 -0.1955559 -0.1983713 -0.2023929 -0.1990875 -0.1990875 -9999.000 -9999.000 -9999.000 -9999.000 -9999.000 -9999.000 -9999.000 -9999.000 -9999.000 -9999.000 -9999.000 -9999.000 -9999.000 -9999.000 -9999.000 -9999.000 -9999.000 -9999.000 -9999.000 -9999.000 -9999.000 -9999.000 -9999.000 -9999.000 -9999.000 -9999.000 -9999.000 -9999.000
-9999.000 -9999.000 -9999.000 -9999.000 -9999.000 -9999.000 -9999.000 -9999.000 -9999.000 -9999.000 -9999.000 -9999.000 -9999.000 -9999.000 -9999.000 -0.1874388 -0.1834940 -0.1838084 -0.1845017 -0.1852725 -0.1860708 -0.1869141 -0.1878730 -0.1890738 -0.1907065 -0.1930382 -0.1964396 -0.2014249 -0.2082930 -0.2039516 -0.2039516 -9999.000 -9999.000 -9999.000 -9999.000 -9999.000 -9999.000 -9999.000 -9999.000 -9999.000 -9999.000 -9999.000 -9999.000 -9999.000 -9999.000 -9999.000 -9999.000 -9999.000 -9999.000 -9999.000 -9999.000 -9999.000 -9999.000 -9999.000 -9999.000 -9999.000 -9999.000 -9999.000 -9999.000
-9999.000 -9999.000 -9999.000 -9999.000 -9999.000 -9999.000 -9999.000 -9999.000 -9999.000 -9999.000 -9999.000 -9999.000 -9999.000 -9999.000 -9999.000 -0.1827015 -0.1773151 -0.1777909 -0.1788511 -0.1800679 -0.1813680 -0.1827758 -0.1843927 -0.1864001 -0.1890683 -0.1927724 -0.1980249 -0.2055269 -0.2156647 -0.2109277 -0.2109277 -9999.000 -9999.000 -9999.000 -9999.000 -9999.000 -9999.000 -9999.000 -9999.000 -9999.000 -9999.000 -9999.000 -9999.000 -9999.000 -9999.000 -9999.000 -9999.000 -9999.000 -9999.000 -9999.000 -9999.000 -9999.000 -9999.000 -9999.000 -9999.000 -9999.000 -9999.000 -9999.000 -9999.000
-9999.000 -9999.000 -9999.000 -9999.000 -9999.000 -9999.000 -9999.000 -9999.000 -9999.000 -9999.000 -9999.000 -9999.000 -9999.000 -9999.000 -9999.000 -0.1771024 -0.1703430 -0.1710239 -0.1725166 -0.1742625 -0.1761630 -0.1782494 -0.1806553 -0.1836207 -0.1875031 -0.1927957 -0.2001687 -0.2105362 -0.2244091 -0.2199857 -0.2199857 -9999.000 -9999.000 -9999.000 -9999.000 -9999.000 -9999.000 -9999.000 -9999.000 -9999.000 -9999.000 -9999.000 -9999.000 -9999.000 -9999.000 -9999.000 -9999.000 -9999.000 -9999.000 -9999.000 -9999.000 -9999.000 -9999.000 -9999.000 -9999.000 -9999.000 -9999.000 -9999.000 -9999.000
-9999.000 -9999.000 -9999.000 -9999.000 -9999.000 -9999.000 -9999.000 -9999.000 -9999.000 -9999.000 -9999.000 -9999.000 -9999.000 -9999.000 -9999.000 -0.1706843 -0.1626529 -0.1635796 -0.1655592 -0.1679007 -0.1704791 -0.1733330 -0.1766311 -0.1806785 -0.1859293 -0.1930104 -0.2027728 -0.2163803 -0.2345290 -0.2312550 -0.2312550 -9999.000 -9999.000 -9999.000 -9999.000 -9999.000 -9999.000 -9999.000 -9999.000 -9999.000 -9999.000 -9999.000 -9999.000 -9999.000 -9999.000 -9999.000 -9999.000 -9999.000 -9999.000 -9999.000 -9999.000 -9999.000 -9999.000 -9999.000 -9999.000 -9999.000 -9999.000 -9999.000 -9999.000
-9999.000 -9999.000 -9999.000 -9999.000 -9999.000 -9999.000 -9999.000 -9999.000 -9999.000 -9999.000 -9999.000 -9999.000 -9999.000 -9999.000 -9999.000 -0.1634398 -0.1542792 -0.1554909 -0.1580014 -0.1609907 -0.1643071 -0.1679976 -0.1722703 -0.1775039 -0.1842630 -0.1933285 -0.2057636 -0.2230319 -0.2461032 -0.2450125 -0.2450125 -9999.000 -9999.000 -9999.000 -9999.000 -9999.000 -9999.000 -9999.000 -9999.000 -9999.000 -9999.000 -9999.000 -9999.000 -9999.000 -9999.000 -9999.000 -9999.000 -9999.000 -9999.000 -9999.000 -9999.000 -9999.000 -9999.000 -9999.000 -9999.000 -9999.000 -9999.000 -9999.000 -9999.000
-9999.000 -9999.000 -9999.000 -9999.000 -9999.000 -9999.000 -9999.000 -9999.000 -9999.000 -9999.000 -9999.000 -9999.000 -9999.000 -9999.000 -9999.000 -0.1553160 -0.1452207 -0.1467581 -0.1498351 -0.1535123 -0.1576118 -0.1621910 -0.1675039 -0.1740132 -0.1824117 -0.1936608 -0.2090776 -0.2304930 -0.2592788 -0.2617029 -0.2617029 -9999.000 -9999.000 -9999.000 -9999.000 -9999.000 -9999.000 -9999.000 -9999.000 -9999.000 -9999.000 -9999.000 -9999.000 -9999.000 -9999.000 -9999.000 -9999.000 -9999.000 -9999.000 -9999.000 -9999.000 -9999.000 -9999.000 -9999.000 -9999.000 -9999.000 -9999.000 -9999.000 -9999.000
-9999.000 -9999.000 -9999.000 -9999.000 -9999.000 -9999.000 -9999.000 -9999.000 -9999.000 -9999.000 -9999.000 -9999.000 -9999.000 -9999.000 -9999.000 -0.1462203 -0.1354456 -0.1373520 -0.1410243 -0.1454183 -0.1503323 -0.1558371 -0.1622396 -0.1701007 -0.1802631 -0.1939035 -0.2126463 -0.2387814 -0.2742682 -0.2819925 -0.2819925 -9999.000 -9999.000 -9999.000 -9999.000 -9999.000 -9999.000 -9999.000 -9999.000 -9999.000 -9999.000 -9999.000 -9999.000 -9999.000 -9999.000 -9999.000 -9999.000 -9999.000 -9999.000 -9999.000 -9999.000 -9999.000 -9999.000 -9999.000 -9999.000 -9999.000 -9999.000 -9999.000 -9999.000
-9999.000 -9999.000 -9999.000 -9999.000 -9999.000 -9999.000 -9999.000 -9999.000 -9999.000 -9999.000 -9999.000 -9999.000 -9999.000 -9999.000 -9999.000 -0.1360227 -0.1248918 -0.1272148 -0.1315040 -0.1366333 -0.1423788 -0.1488289 -0.1563532 -0.1656272 -0.1776710 -0.1939200 -0.2163764 -0.2479146 -0.2913532 -0.3068714 -0.3068714 -9999.000 -9999.000 -9999.000 -9999.000 -9999.000 -9999.000 -9999.000 -9999.000 -9999.000 -9999.000 -9999.000 -9999.000 -9999.000 -9999.000 -9999.000 -9999.000 -9999.000 -9999.000 -9999.000 -9999.000 -9999.000 -9999.000 -9999.000 -9999.000 -9999.000 -9999.000 -9999.000 -9999.000
-9999.000 -9999.000 -9999.000 -9999.000 -9999.000 -9999.000 -9999.000 -9999.000 -9999.000 -9999.000 -9999.000 -9999.000 -9999.000 -9999.000 -9999.000 -0.1245540 -0.1134643 -0.1162560 -0.1211764 -0.1270461 -0.1336232 -0.1410183 -0.1496745 -0.1604023 -0.1744329 -0.1935146 -0.2201217 -0.2578863 -0.3108857 -0.3378415 -0.3378415 -9999.000 -9999.000 -9999.000 -9999.000 -9999.000 -9999.000 -9999.000 -9999.000 -9999.000 -9999.000 -9999.000 -9999.000 -9999.000 -9999.000 -9999.000 -9999.000 -9999.000 -9999.000 -9999.000 -9999.000 -9999.000 -9999.000 -9999.000 -9999.000 -9999.000 -9999.000 -9999.000 -9999.000
-9999.000 -9999.000 -9999.000 -9999.000 -9999.000 -9999.000 -9999.000 -9999.000 -9999.000 -9999.000 -9999.000 -9999.000 -9999.000 -9999.000 -9999.000 -0.1115997 -0.1010266 -0.1043420 -0.1098980 -0.1164973 -0.1238839 -0.1321962 -0.1419631 -0.1541542 -0.1702526 -0.1923888 -0.2236324 -0.2686166 -0.3332790 -0.3772781 -0.3772781 -9999.000 -9999.000 -9999.000 -9999.000 -9999.000 -9999.000 -9999.000 -9999.000 -9999.000 -9999.000 -9999.000 -9999.000 -9999.000 -9999.000 -9999.000 -9999.000 -9999.000 -9999.000 -9999.000 -9999.000 -9999.000 -9999.000 -9999.000 -9999.000 -9999.000 -9999.000 -9999.000 -9999.000
-9999.000 -9999.000 -9999.000 -9999.000 -9999.000 -9999.000 -9999.000 -9999.000 -9999.000 -9999.000 -9999.000 -9999.000 -9999.000 -9999.000 -9999.000 -0.9688250E-01 -0.8738244E-01 -0.9127662E-01 -0.9745823E-01 -0.1047537 -0.1128963 -0.1220575 -0.1328658 -0.1464775 -0.1646757 -0.1900591 -0.2264554 -0.2798449 -0.3589463 -0.4291731 -0.4291731 -9999.000 -9999.000 -9999.000 -9999.000 -9999.000 -9999.000 -9999.000 -9999.000 -9999.000 -9999.000 -9999.000 -9999.000 -9999.000 -9999.000 -9999.000 -9999.000 -9999.000 -9999.000 -9999.000 -9999.000 -9999.000 -9999.000 -9999.000 -9999.000 -9999.000 -9999.000 -9999.000 -9999.000
-9999.000 -9999.000 -9999.000 -9999.000 -9999.000 -9999.000 -9999.000 -9999.000 -9999.000 -9999.000 -9999.000 -9999.000 -9999.000 -9999.000 -9999.000 -0.7996565E-01 -0.7220264E-01 -0.7673621E-01 -0.8352332E-01 -0.9145758E-01 -0.1002630 -0.1101462 -0.1218501 -0.1367464 -0.1569728 -0.1856983 -0.2277200 -0.2908570 -0.3880564 -0.5008724 -0.5008724 -9999.000 -9999.000 -9999.000 -9999.000 -9999.000 -9999.000 -9999.000 -9999.000 -9999.000 -9999.000 -9999.000 -9999.000 -9999.000 -9999.000 -9999.000 -9999.000 -9999.000 -9999.000 -9999.000 -9999.000 -9999.000 -9999.000 -9999.000 -9999.000 -9999.000 -9999.000 -9999.000 -9999.000
-9999.000 -9999.000 -9999.000 -9999.000 -9999.000 -9999.000 -9999.000 -9999.000 -9999.000 -9999.000 -9999.000 -9999.000 -9999.000 -9999.000 -9999.000 -0.5402569E-01 -0.5255967E-01 -0.5910585E-01 -0.6735425E-01 -0.7643824E-01 -0.8615670E-01 -0.9681330E-01 -0.1093157 -0.1253011 -0.1473273 -0.1792512 -0.2271002 -0.3011965 -0.4208583 -0.6067569 -0.6067569 -9999.000 -9999.000 -9999.000 -9999.000 -9999.000 -9999.000 -9999.000 -9999.000 -9999.000 -9999.000 -9999.000 -9999.000 -9999.000 -9999.000 -9999.000 -9999.000 -9999.000 -9999.000 -9999.000 -9999.000 -9999.000 -9999.000 -9999.000 -9999.000 -9999.000 -9999.000 -9999.000 -9999.000
-0.1485584E-02 -0.1485584E-02 -0.4706338E-02 -0.4707703E-02 -0.4668289E-02 -0.4668289E-02 -0.4638483E-02 -0.4595165E-02 -0.4595165E-02 -0.4562580E-02 -0.4562580E-02 -0.4533245E-02 -0.4518467E-02 -0.4503731E-02 -0.2723532E-01 -0.2723532E-01 -0.6237570E-01 -0.7454567E-01 -0.8821261E-01 -0.1024898 -0.1166876 -0.1305685 -0.1445184 -0.1597331 -0.1784887 -0.2045812 -0.2441584 -0.3075499 -0.4131056 -0.6303752 -0.6303752 -0.3629624 -0.1997435 -0.3682328E-01 -0.7037766E-02 -0.7037766E-02 0.1304321E-01 0.1304321E-01 0.8780159E-03 0.8780159E-03 -0.2792757E-01 -0.1000766E-01 -0.1000766E-01 0.5494801E-02 0.5494801E-02 0.1058833E-01 0.1058833E-01 0.1058833E-01 0.9219999E-02 0.9219999E-02 0.7071352E-02 0.7071352E-02 0.6287317E-02 0.6287317E-02 0.3812657E-02 0.3812657E-02 0.2246658E-02 0.2246658E-02 0.2246658E-02
-0.2296261E-02 -0.2296261E-02 -0.6936465E-02 -0.6744768E-02 -0.6625290E-02 -0.6625290E-02 -0.6548562E-02 -0.6466843E-02 -0.6466843E-02 -0.6430699E-02 -0.6430699E-02 -0.6408081E-02 -0.6396844E-02 -0.6385068E-02 -0.3947057E-01 -0.3947057E-01 -0.9466905E-01 -0.1135047 -0.1354626 -0.1588980 -0.1823409 -0.2046858 -0.2253213 -0.2442951 -0.2625574 -0.2822753 -0.3072570 -0.3435139 -0.3992774 -0.4907076 -0.4907076 -0.3142071 -0.1866838 -0.4127558E-01 -0.5770603E-02 -0.5770603E-02 0.3386910E-01 0.3386910E-01 0.3544362E-01 0.3544362E-01 -0.9976379E-02 -0.1344403E-01 -0.1344403E-01 0.1399061E-01 0.1399061E-01 0.2274562E-01 0.2274562E-01 0.2274562E-01 0.1940328E-01 0.1940328E-01 0.1485094E-01 0.1485094E-01 0.1016164E-01 0.1016164E-01 0.7861245E-02 0.7861245E-02 0.5282816E-02 0.5282816E-02 0.5282816E-02
-0.1918143E-02 -0.1918143E-02 -0.5440896E-02 -0.5809192E-02 -0.5683796E-02 -0.5683796E-02 -0.5578600E-02 -0.5464661E-02 -0.5464661E-02 -0.5435707E-02 -0.5435707E-02 -0.5436549E-02 -0.5438279E-02 -0.5438774E-02 -0.2918250E-01 -0.2918250E-01 -0.1023340 -0.1255968 -0.1534032 -0.1841122 -0.2160973 -0.2479234 -0.2784333 -0.3068618 -0.3330082 -0.3573903 -0.3813935 -0.4073476 -0.4378234 -0.4745792 -0.4745792 -0.3681081 -0.2683174 -0.1164315 -0.5885377E-01 -0.5885377E-01 0.3737878E-01 0.3737878E-01 0.9730055E-01 0.9730055E-01 0.7153243E-01 0.1310654E-01 0.1310654E-01 0.2556192E-01 0.2556192E-01 0.3233918E-01 0.3233918E-01 0.3233918E-01 0.2713950E-01 0.2713950E-01 0.2032030E-01 0.2032030E-01 0.1150326E-01 0.1150326E-01 0.9325840E-02 0.9325840E-02 0.6552690E-02 0.6552690E-02 0.6552690E-02
-0.1533951E-02 -0.1533951E-02 -0.4113949E-02 -0.4750323E-02 -0.4639207E-02 -0.4639207E-02 -0.4519524E-02 -0.4375409E-02 -0.4375409E-02 -0.4338385E-02 -0.4338385E-02 -0.4342387E-02 -0.4346767E-02 -0.4349822E-02 -0.2014742E-01 -0.2014742E-01 -0.1029559 -0.1295124 -0.1610002 -0.1961934 -0.2336387 -0.2719497 -0.3098435 -0.3461952 -0.3801836 -0.4113750 -0.4397376 -0.4654742 -0.4880253 -0.5040817 -0.5040817 -0.4329077 -0.3513601 -0.1955413 -0.1199448 -0.1199448 0.2778072E-01 0.2778072E-01 0.1387589 0.1387589 0.1455118 0.7363333E-01 0.7363333E-01 0.4497753E-01 0.4497753E-01 0.3742018E-01 0.3742018E-01 0.3742018E-01 0.2946729E-01 0.2946729E-01 0.2052627E-01 0.2052627E-01 0.1052142E-01 0.1052142E-01 0.6365674E-02 0.6365674E-02 0.3764373E-02 0.3764373E-02 0.3764373E-02
-0.1150226E-02 -0.1150226E-02 -0.2945909E-02 -0.3623252E-02 -0.3540696E-02 -0.3540696E-02 -0.3429664E-02 -0.3284186E-02 -0.3284186E-02 -0.3245695E-02 -0.3245695E-02 -0.3250461E-02 -0.3255644E-02 -0.3259652E-02 -0.1355305E-01 -0.1355305E-01 -0.1018680 -0.1319320 -0.1665490 -0.2050985 -0.2463440 -0.2890459 -0.3319803 -0.3739357 -0.4138468 -0.4508394 -0.4841858 -0.5130829 -0.5356472 -0.5462465 -0.5462465 -0.4932700 -0.4231377 -0.2587653 -0.1664674 -0.1664674 0.1851582E-01 0.1851582E-01 0.1561874 0.1561874 0.1849443 0.1384000 0.1384000 0.7553124E-01 0.7553124E-01 0.4230465E-01 0.4230465E-01 0.4230465E-01 0.2898945E-01 0.2898945E-01 0.1741693E-01 0.1741693E-01 0.6520379E-02 0.6520379E-02 0.1086390E-02 0.1086390E-02 -0.1035171E-02 -0.1035171E-02 -0.1035171E-02
-0.7667973E-03 -0.7667973E-03 -0.1897685E-02 -0.2443985E-02 -0.2392563E-02 -0.2392563E-02 -0.2308490E-02 -0.2191233E-02 -0.2191233E-02 -0.2159350E-02 -0.2159350E-02 -0.2163542E-02 -0.2168071E-02 -0.2171546E-02 -0.8795934E-02 -0.8795934E-02 -0.9900848E-01 -0.1343416 -0.1725447 -0.2143605 -0.2589540 -0.3052267 -0.3520068 -0.3980913 -0.4423417 -0.4837267 -0.5212767 -0.5538442 -0.5789671 -0.5887589 -0.5887589 -0.5439221 -0.4771495 -0.2936010 -0.1864096 -0.1864096 0.1495938E-01 0.1495938E-01 0.1550852 0.1550852 0.1928506 0.1818134 0.1818134 0.1113948 0.1113948 0.4947780E-01 0.4947780E-01 0.4947780E-01 0.2810776E-01 0.2810776E-01 0.1287486E-01 0.1287486E-01 0.9508319E-03 0.9508319E-03 -0.5126145E-02 -0.5126145E-02 -0.6532461E-02 -0.6532461E-02 -0.6532461E-02
-0.3833652E-03 -0.3833652E-03 -0.9290760E-03 -0.1230555E-02 -0.1206453E-02 -0.1206453E-02 -0.1161510E-02 -0.1096347E-02 -0.1096347E-02 -0.1078167E-02 -0.1078167E-02 -0.1080613E-02 -0.1083281E-02 -0.1085243E-02 -0.5313325E-02 -0.5313325E-02 -0.9307852E-01 -0.1367895 -0.1797864 -0.2254226 -0.2735655 -0.3233064 -0.3735269 -0.4230723 -0.4707852 -0.5155755 -0.5564328 -0.5921161 -0.6192080 -0.6267582 -0.6267582 -0.5823096 -0.5078127 -0.2954602 -0.1806050 -0.1806050 0.1375948E-01 0.1375948E-01 0.1414616 0.1414616 0.1804071 0.1965197 0.1965197 0.1418042 0.1418042 0.5968830E-01 0.5968830E-01 0.5968830E-01 0.2856349E-01 0.2856349E-01 0.8449519E-02 0.8449519E-02 -0.4961753E-02 -0.4961753E-02 -0.1134605E-01 -0.1134605E-01 -0.1185752E-01 -0.1185752E-01 -0.1185752E-01
0.1526782E-08 0.1526782E-08 -0.2694449E-07 -0.7087279E-07 -0.7607494E-07 -0.7607494E-07 -0.1287336E-06 -0.1673620E-06 -0.1673620E-06 0.2312374E-07 0.2312374E-07 -0.1334173E-07 -0.1814210E-07 0.3241683E-07 -0.2682453E-02 -0.2682453E-02 -0.8540895E-01 -0.1391369 -0.1888907 -0.2395009 -0.2917577 -0.3451372 -0.3987087 -0.4514117 -0.5021176 -0.5497248 -0.5932024 -0.6311652 -0.6585126 -0.6587004 -0.6587004 -0.6020487 -0.5075206 -0.2706123 -0.1602134 -0.1602134 0.1033227E-01 0.1033227E-01 0.1206337 0.1206337 0.1573604 0.1887189 0.1887189 0.1579776 0.1579776 0.7112190E-01 0.7112190E-01 0.7112190E-01 0.3096369E-01 0.3096369E-01 0.5294522E-02 0.5294522E-02 -0.1013904E-01 -0.1013904E-01 -0.1674845E-01 -0.1674845E-01 -0.1629348E-01 -0.1629348E-01 -0.1629348E-01
0.3833943E-03 0.3833943E-03 0.9289153E-03 0.1230359E-02 0.1206268E-02 0.1206268E-02 0.1161331E-02 0.1096173E-02 0.1096173E-02 0.1078162E-02 0.1078162E-02 0.1080517E-02 0.1083220E-02 0.1085290E-02 -0.6077152E-03 -0.6077152E-03 -0.7924158E-01 -0.1420815 -0.2007786 -0.2579529 -0.3151351 -0.3724429 -0.4293426 -0.4849972 -0.5383825 -0.5884149 -0.6340415 -0.6735131 -0.6977192 -0.6789843 -0.6789843 -0.5932555 -0.4733108 -0.2341723 -0.1377800 -0.1377800 0.3788054E-02 0.3788054E-02 0.9716198E-01 0.9716198E-01 0.1303180 0.1677302 0.1677302 0.1576969 0.1576969 0.8026047E-01 0.8026047E-01 0.8026047E-01 0.3457515E-01 0.3457515E-01 0.3956820E-02 0.3956820E-02 -0.1368502E-01 -0.1368502E-01 -0.2053834E-01 -0.2053834E-01 -0.1920167E-01 -0.1920167E-01 -0.1920167E-01
0.7667285E-03 0.7667285E-03 0.1897536E-02 0.2443908E-02 0.2392382E-02 0.2392382E-02 0.2308371E-02 0.2191236E-02 0.2191236E-02 0.2159231E-02 0.2159231E-02 0.2163458E-02 0.2167914E-02 0.2171442E-02 0.1109614E-02 0.1109614E-02 -0.7812976E-01 -0.1484362 -0.2171893 -0.2825360 -0.3456541 -0.4072696 -0.4674448 -0.5257610 -0.5814397 -0.6334924 -0.6808463 -0.7207124 -0.7336573 -0.6748868 -0.6748868 -0.5503923 -0.4162227 -0.1990086 -0.1186537 -0.1186537 -0.3575766E-02 -0.3575766E-02 0.7431919E-01 0.7431919E-01 0.1031469 0.1405965 0.1405965 0.1440358 0.1440358 0.8373051E-01 0.8373051E-01 0.8373051E-01 0.3769791E-01 0.3769791E-01 0.4284333E-02 0.4284333E-02 -0.1501571E-01 -0.1501571E-01 -0.2204339E-01 -0.2204339E-01 -0.2006153E-01 -0.2006153E-01 -0.2006153E-01
0.1150117E-02 0.1150117E-02 0.2945928E-02 0.3623120E-02 0.3540621E-02 0.3540621E-02 0.3429626E-02 0.3284198E-02 0.3284198E-02 0.3245584E-02 0.3245584E-02 0.3250527E-02 0.3255666E-02 0.3259497E-02 0.2600208E-02 0.2600208E-02 -0.8594982E-01 -0.1630693 -0.2417423 -0.3161719 -0.3860548 -0.4522930 -0.5155736 -0.5760711 -0.6334339 -0.6869016 -0.7353954 -0.7729910 -0.7536405 -0.6336961 -0.6336961 -0.4844734 -0.3543159 -0.1686767 -0.1033529 -0.1033529 -0.9187206E-02 -0.9187206E-02 0.5394417E-01 0.5394417E-01 0.7783180E-01 0.1115603 0.1115603 0.1217585 0.1217585 0.7981230E-01 0.7981230E-01 0.7981230E-01 0.3848016E-01 0.3848016E-01 0.5584819E-02 0.5584819E-02 -0.1395322E-01 -0.1395322E-01 -0.2083322E-01 -0.2083322E-01 -0.1853736E-01 -0.1853736E-01 -0.1853736E-01
0.1533893E-02 0.1533893E-02 0.4114009E-02 0.4750252E-02 0.4639168E-02 0.4639168E-02 0.4519506E-02 0.4375441E-02 0.4375441E-02 0.4338425E-02 0.4338425E-02 0.4342432E-02 0.4346855E-02 0.4349843E-02 0.3949272E-02 0.3949272E-02 -0.1078943 -0.1931609 -0.2809317 -0.3640507 -0.4406634 -0.5113509 -0.5772249 -0.6390951 -0.6971819 -0.7511095 -0.7997267 -0.8264844 -0.7312330 -0.5687071 -0.5687071 -0.4137711 -0.2944465 -0.1396742 -0.8807532E-01 -0.8807532E-01 -0.1209520E-01 -0.1209520E-01 0.3660537E-01 0.3660537E-01 0.5509277E-01 0.8282733E-01 0.8282733E-01 0.9488990E-01 0.9488990E-01 0.6870475E-01 0.6870475E-01 0.6870475E-01 0.3568957E-01 0.3568957E-01 0.6978135E-02 0.6978135E-02 -0.1070130E-01 -0.1070130E-01 -0.1681945E-01 -0.1681945E-01 -0.1456573E-01 -0.1456573E-01 -0.1456573E-01
