cruce_test.gid/Rasters/Hydraulic/Velocity__y_153.0.asc
NCOLS        79
NROWS        79
XLLCENTER         -1.500000
YLLCENTER         -4.800000
CELLSIZE           0.100
NODATA_VALUE     -9999.0
[rows 0 to 26 of 79, columns 0 to 58 of 79]
-9999.000 -9999.000 -9999.000 -9999.000 -9999.000 -9999.000 -9999.000 -9999.000 -9999.000 -9999.000 -9999.000 -9999.000 -9999.000 -9999.000 -9999.000 -0.1118479 -0.1107173 -0.1106879 -0.1108354 -0.1111045 -0.1114491 -0.1118136 -0.1121896 -0.1125486 -0.1128726 -0.1131674 -0.1135029 -0.1140911 -0.1155947 -0.1167189 -0.1167189 -9999.000 -9999.000 -9999.000 -9999.000 -9999.000 -9999.000 -9999.000 -9999.000 -9999.000 -9999.000 -9999.000 -9999.000 -9999.000 -9999.000 -9999.000 -9999.000 -9999.000 -9999.000 -9999.000 -9999.000 -9999.000 -9999.000 -9999.000 -9999.000 -9999.000 -9999.000 -9999.000 -9999.000
-9999.000 -9999.000 -9999.000 -9999.000 -9999.000 -9999.000 -9999.000 -9999.000 -9999.000 -9999.000 -9999.000 -9999.000 -9999.000 -9999.000 -9999.000 -0.1094615 -0.1071808 -0.1071300 -0.1074791 -0.1081104 -0.1089231 -0.1097954 -0.1107055 -0.1115897 -0.1124064 -0.1131663 -0.1140147 -0.1153943 -0.1186824 -0.1215034 -0.1215034 -9999.000 -9999.000 -9999.000 -9999.000 -9999.000 -9999.000 -9999.000 -9999.000 -9999.000 -9999.000 -9999.000 -9999.000 -9999.000 -9999.000 -9999.000 -9999.000 -9999.000 -9999.000 -9999.000 -9999.000 -9999.000 -9999.000 -9999.000 -9999.000 -9999.000 -9999.000 -9999.000 -9999.000
-9999.000 -9999.000 -9999.000 -9999.000 -9999.000 -9999.000 -9999.000 -9999.000 -9999.000 -9999.000 -9999.000 -9999.000 -9999.000 -9999.000 -9999.000 -0.1055501 -0.1021621 -0.1021281 -0.1027901 -0.1039583 -0.1054652 -0.1071048 -0.1088337 -0.1105402 -0.1121488 -0.1136697 -0.1153302 -0.1178324 -0.1233695 -0.1286717 -0.1286717 -9999.000 -9999.000 -9999.000 -9999.000 -9999.000 -9999.000 -9999.000 -9999.000 -9999.000 -9999.000 -9999.000 -9999.000 -9999.000 -9999.000 -9999.000 -9999.000 -9999.000 -9999.000 -9999.000 -9999.000 -9999.000 -9999.000 -9999.000 -9999.000 -9999.000 -9999.000 -9999.000 -9999.000
-9999.000 -9999.000 -9999.000 -9999.000 -9999.000 -9999.000 -9999.000 -9999.000 -9999.000 -9999.000 -9999.000 -9999.000 -9999.000 -9999.000 -9999.000 -0.1009246 -0.9656589E-01 -0.9658654E-01 -0.9762040E-01 -0.9940556E-01 -0.1017050 -0.1042221 -0.1068902 -0.1095438 -0.1120681 -0.1144683 -0.1170528 -0.1207924 -0.1287436 -0.1370954 -0.1370954 -9999.000 -9999.000 -9999.000 -9999.000 -9999.000 -9999.000 -9999.000 -9999.000 -9999.000 -9999.000 -9999.000 -9999.000 -9999.000 -9999.000 -9999.000 -9999.000 -9999.000 -9999.000 -9999.000 -9999.000 -9999.000 -9999.000 -9999.000 -9999.000 -9999.000 -9999.000 -9999.000 -9999.000
-9999.000 -9999.000 -9999.000 -9999.000 -9999.000 -9999.000 -9999.000 -9999.000 -9999.000 -9999.000 -9999.000 -9999.000 -9999.000 -9999.000 -9999.000 -0.9579094E-01 -0.9056789E-01 -0.9066714E-01 -0.9211030E-01 -0.9456555E-01 -0.9772404E-01 -0.1011910 -0.1048775 -0.1085592 -0.1120784 -0.1154342 -0.1190193 -0.1240885 -0.1346222 -0.1466429 -0.1466429 -9999.000 -9999.000 -9999.000 -9999.000 -9999.000 -9999.000 -9999.000 -9999.000 -9999.000 -9999.000 -9999.000 -9999.000 -9999.000 -9999.000 -9999.000 -9999.000 -9999.000 -9999.000 -9999.000 -9999.000 -9999.000 -9999.000 -9999.000 -9999.000 -9999.000 -9999.000 -9999.000 -9999.000
-9999.000 -9999.000 -9999.000 -9999.000 -9999.000 -9999.000 -9999.000 -9999.000 -9999.000 -9999.000 -9999.000 -9999.000 -9999.000 -9999.000 -9999.000 -0.9023955E-01 -0.8425071E-01 -0.8444605E-01 -0.8632523E-01 -0.8948937E-01 -0.9355623E-01 -0.9802572E-01 -0.1027887 -0.1075572 -0.1121290 -0.1164958 -0.1211411 -0.1276236 -0.1409231 -0.1573311 -0.1573311 -9999.000 -9999.000 -9999.000 -9999.000 -9999.000 -9999.000 -9999.000 -9999.000 -9999.000 -9999.000 -9999.000 -9999.000 -9999.000 -9999.000 -9999.000 -9999.000 -9999.000 -9999.000 -9999.000 -9999.000 -9999.000 -9999.000 -9999.000 -9999.000 -9999.000 -9999.000 -9999.000 -9999.000
-9999.000 -9999.000 -9999.000 -9999.000 -9999.000 -9999.000 -9999.000 -9999.000 -9999.000 -9999.000 -9999.000 -9999.000 -9999.000 -9999.000 -9999.000 -0.8429884E-01 -0.7764605E-01 -0.7795292E-01 -0.8028949E-01 -0.8419438E-01 -0.8921120E-01 -0.9472548E-01 -0.1006123 -0.1065153 -0.1121852 -0.1176074 -0.1233648 -0.1313436 -0.1476151 -0.1692774 -0.1692774 -9999.000 -9999.000 -9999.000 -9999.000 -9999.000 -9999.000 -9999.000 -9999.000 -9999.000 -9999.000 -9999.000 -9999.000 -9999.000 -9999.000 -9999.000 -9999.000 -9999.000 -9999.000 -9999.000 -9999.000 -9999.000 -9999.000 -9999.000 -9999.000 -9999.000 -9999.000 -9999.000 -9999.000
-9999.000 -9999.000 -9999.000 -9999.000 -9999.000 -9999.000 -9999.000 -9999.000 -9999.000 -9999.000 -9999.000 -9999.000 -9999.000 -9999.000 -9999.000 -0.7796226E-01 -0.7075657E-01 -0.7119091E-01 -0.7400403E-01 -0.7867856E-01 -0.8468343E-01 -0.9127984E-01 -0.9833255E-01 -0.1054117 -0.1122186 -0.1187345 -0.1256513 -0.1352130 -0.1546937 -0.1826830 -0.1826830 -9999.000 -9999.000 -9999.000 -9999.000 -9999.000 -9999.000 -9999.000 -9999.000 -9999.000 -9999.000 -9999.000 -9999.000 -9999.000 -9999.000 -9999.000 -9999.000 -9999.000 -9999.000 -9999.000 -9999.000 -9999.000 -9999.000 -9999.000 -9999.000 -9999.000 -9999.000 -9999.000 -9999.000
-9999.000 -9999.000 -9999.000 -9999.000 -9999.000 -9999.000 -9999.000 -9999.000 -9999.000 -9999.000 -9999.000 -9999.000 -9999.000 -9999.000 -9999.000 -0.7120274E-01 -0.6356768E-01 -0.6414650E-01 -0.6745486E-01 -0.7292709E-01 -0.7995721E-01 -0.8766992E-01 -0.9592816E-01 -0.1042210 -0.1121993 -0.1198421 -0.1279637 -0.1392020 -0.1621684 -0.1978391 -0.1978391 -9999.000 -9999.000 -9999.000 -9999.000 -9999.000 -9999.000 -9999.000 -9999.000 -9999.000 -9999.000 -9999.000 -9999.000 -9999.000 -9999.000 -9999.000 -9999.000 -9999.000 -9999.000 -9999.000 -9999.000 -9999.000 -9999.000 -9999.000 -9999.000 -9999.000 -9999.000 -9999.000 -9999.000
-9999.000 -9999.000 -9999.000 -9999.000 -9999.000 -9999.000 -9999.000 -9999.000 -9999.000 -9999.000 -9999.000 -9999.000 -9999.000 -9999.000 -9999.000 -0.6397825E-01 -0.5605119E-01 -0.5679360E-01 -0.6061631E-01 -0.6691441E-01 -0.7500689E-01 -0.8386829E-01 -0.9336984E-01 -0.1029110 -0.1120911 -0.1208901 -0.1302605 -0.1432772 -0.1700532 -0.2151475 -0.2151475 -9999.000 -9999.000 -9999.000 -9999.000 -9999.000 -9999.000 -9999.000 -9999.000 -9999.000 -9999.000 -9999.000 -9999.000 -9999.000 -9999.000 -9999.000 -9999.000 -9999.000 -9999.000 -9999.000 -9999.000 -9999.000 -9999.000 -9999.000 -9999.000 -9999.000 -9999.000 -9999.000 -9999.000
-9999.000 -9999.000 -9999.000 -9999.000 -9999.000 -9999.000 -9999.000 -9999.000 -9999.000 -9999.000 -9999.000 -9999.000 -9999.000 -9999.000 -9999.000 -0.5623407E-01 -0.4816718E-01 -0.4909425E-01 -0.5345100E-01 -0.6060392E-01 -0.6979632E-01 -0.7983671E-01 -0.9061777E-01 -0.1014388 -0.1118462 -0.1218252 -0.1324860 -0.1473933 -0.1783613 -0.2351634 -0.2351634 -9999.000 -9999.000 -9999.000 -9999.000 -9999.000 -9999.000 -9999.000 -9999.000 -9999.000 -9999.000 -9999.000 -9999.000 -9999.000 -9999.000 -9999.000 -9999.000 -9999.000 -9999.000 -9999.000 -9999.000 -9999.000 -9999.000 -9999.000 -9999.000 -9999.000 -9999.000 -9999.000 -9999.000
-9999.000 -9999.000 -9999.000 -9999.000 -9999.000 -9999.000 -9999.000 -9999.000 -9999.000 -9999.000 -9999.000 -9999.000 -9999.000 -9999.000 -9999.000 -0.4790122E-01 -0.3986184E-01 -0.4099639E-01 -0.4590789E-01 -0.5394503E-01 -0.6427556E-01 -0.7552247E-01 -0.8761709E-01 -0.9974466E-01 -0.1113982 -0.1225728 -0.1345613 -0.1514821 -0.1870955 -0.2586662 -0.2586662 -9999.000 -9999.000 -9999.000 -9999.000 -9999.000 -9999.000 -9999.000 -9999.000 -9999.000 -9999.000 -9999.000 -9999.000 -9999.000 -9999.000 -9999.000 -9999.000 -9999.000 -9999.000 -9999.000 -9999.000 -9999.000 -9999.000 -9999.000 -9999.000 -9999.000 -9999.000 -9999.000 -9999.000
-9999.000 -9999.000 -9999.000 -9999.000 -9999.000 -9999.000 -9999.000 -9999.000 -9999.000 -9999.000 -9999.000 -9999.000 -9999.000 -9999.000 -9999.000 -0.3889012E-01 -0.3106178E-01 -0.3242863E-01 -0.3791609E-01 -0.4686772E-01 -0.5837481E-01 -0.7085180E-01 -0.8429024E-01 -0.9774359E-01 -0.1106514 -0.1230250 -0.1363694 -0.1554359 -0.1962337 -0.2867802 -0.2867802 -9999.000 -9999.000 -9999.000 -9999.000 -9999.000 -9999.000 -9999.000 -9999.000 -9999.000 -9999.000 -9999.000 -9999.000 -9999.000 -9999.000 -9999.000 -9999.000 -9999.000 -9999.000 -9999.000 -9999.000 -9999.000 -9999.000 -9999.000 -9999.000 -9999.000 -9999.000 -9999.000 -9999.000
-9999.000 -9999.000 -9999.000 -9999.000 -9999.000 -9999.000 -9999.000 -9999.000 -9999.000 -9999.000 -9999.000 -9999.000 -9999.000 -9999.000 -9999.000 -0.2904207E-01 -0.2164201E-01 -0.2327560E-01 -0.2936981E-01 -0.3927337E-01 -0.5199970E-01 -0.6572654E-01 -0.8053318E-01 -0.9531917E-01 -0.1094709 -0.1230246 -0.1377342 -0.1590832 -0.2057074 -0.3212047 -0.3212047 -9999.000 -9999.000 -9999.000 -9999.000 -9999.000 -9999.000 -9999.000 -9999.000 -9999.000 -9999.000 -9999.000 -9999.000 -9999.000 -9999.000 -9999.000 -9999.000 -9999.000 -9999.000 -9999.000 -9999.000 -9999.000 -9999.000 -9999.000 -9999.000 -9999.000 -9999.000 -9999.000 -9999.000
-9999.000 -9999.000 -9999.000 -9999.000 -9999.000 -9999.000 -9999.000 -9999.000 -9999.000 -9999.000 -9999.000 -9999.000 -9999.000 -9999.000 -9999.000 -0.1127705E-01 -0.8845220E-02 -0.1244543E-01 -0.2036568E-01 -0.3204554E-01 -0.4648405E-01 -0.6167066E-01 -0.7787802E-01 -0.9388317E-01 -0.1090802 -0.1235810 -0.1394466 -0.1629767 -0.2157417 -0.3625263 -0.3625263 -9999.000 -9999.000 -9999.000 -9999.000 -9999.000 -9999.000 -9999.000 -9999.000 -9999.000 -9999.000 -9999.000 -9999.000 -9999.000 -9999.000 -9999.000 -9999.000 -9999.000 -9999.000 -9999.000 -9999.000 -9999.000 -9999.000 -9999.000 -9999.000 -9999.000 -9999.000 -9999.000 -9999.000
-0.2821785E-02 -0.2821785E-02 -0.5829938E-02 -0.5981139E-02 -0.5978637E-02 -0.5978637E-02 -0.5969453E-02 -0.5947957E-02 -0.5947957E-02 -0.5921394E-02 -0.5921394E-02 -0.5887995E-02 -0.5869720E-02 -0.5850600E-02 -0.5830917E-02 -0.5830917E-02 -0.3569525E-02 -0.8871907E-02 -0.1971807E-01 -0.3596187E-01 -0.5669415E-01 -0.8035207E-01 -0.1057769 -0.1316223 -0.1567041 -0.1802329 -0.2024027 -0.2252723 -0.2603176 -0.3520739 -0.3520739 -0.1862847 -0.9508635E-01 -0.2903391E-01 -0.2083806E-01 -0.2083806E-01 -0.1412651E-01 -0.1412651E-01 -0.1605291E-02 -0.1605291E-02 0.8301275E-02 0.2220747E-01 0.2220747E-01 -0.1463498E-01 -0.1463498E-01 -0.8409031E-03 -0.8409031E-03 -0.8409031E-03 0.3400913E-02 0.3400913E-02 0.3636243E-02 0.3636243E-02 0.2274924E-02 0.2274924E-02 0.6101071E-03 0.6101071E-03 -0.7841716E-03 -0.7841716E-03 -0.7841716E-03
-0.4332308E-02 -0.4332308E-02 -0.8651637E-02 -0.8498057E-02 -0.8424665E-02 -0.8424665E-02 -0.8386902E-02 -0.8362244E-02 -0.8362244E-02 -0.8347532E-02 -0.8347532E-02 -0.8322284E-02 -0.8306577E-02 -0.8289367E-02 -0.8271164E-02 -0.8271164E-02 -0.7352202E-02 -0.1477194E-01 -0.2970517E-01 -0.5219543E-01 -0.8139621E-01 -0.1160886 -0.1544686 -0.1948742 -0.2356189 -0.2750518 -0.3115581 -0.3432319 -0.3698796 -0.3935870 -0.3935870 -0.2593106 -0.1666520 -0.8113551E-01 -0.6446549E-01 -0.6446549E-01 -0.4011546E-01 -0.4011546E-01 0.2687724E-02 0.2687724E-02 0.3247557E-01 0.7764694E-01 0.7764694E-01 0.2219257E-01 0.2219257E-01 0.8450229E-02 0.8450229E-02 0.8450229E-02 0.8271425E-02 0.8271425E-02 0.5755396E-02 0.5755396E-02 0.1987439E-02 0.1987439E-02 -0.1644286E-02 -0.1644286E-02 -0.4409040E-02 -0.4409040E-02 -0.4409040E-02
-0.3569302E-02 -0.3569302E-02 -0.7082655E-02 -0.7214474E-02 -0.7117368E-02 -0.7117368E-02 -0.7066511E-02 -0.7054100E-02 -0.7054100E-02 -0.7068478E-02 -0.7068478E-02 -0.7071261E-02 -0.7068320E-02 -0.7063775E-02 -0.7058077E-02 -0.7058077E-02 -0.9080403E-02 -0.1819830E-01 -0.3496269E-01 -0.5949069E-01 -0.9120677E-01 -0.1292440 -0.1723006 -0.2190291 -0.2679838 -0.3176081 -0.3661770 -0.4118845 -0.4512542 -0.4777660 -0.4777660 -0.3881229 -0.3060981 -0.1953141 -0.1588922 -0.1588922 -0.8909972E-01 -0.8909972E-01 0.1116963E-01 0.1116963E-01 0.6987853E-01 0.1575238 0.1575238 0.1185338 0.1185338 0.3739982E-01 0.3739982E-01 0.3739982E-01 0.1721900E-01 0.1721900E-01 0.5472011E-02 0.5472011E-02 -0.3032069E-02 -0.3032069E-02 -0.9251978E-02 -0.9251978E-02 -0.1316543E-01 -0.1316543E-01 -0.1316543E-01
-0.2817605E-02 -0.2817605E-02 -0.5565488E-02 -0.5834893E-02 -0.5724565E-02 -0.5724565E-02 -0.5660133E-02 -0.5638702E-02 -0.5638702E-02 -0.5655088E-02 -0.5655088E-02 -0.5660419E-02 -0.5658708E-02 -0.5655335E-02 -0.5650965E-02 -0.5650965E-02 -0.1117053E-01 -0.2271909E-01 -0.4179791E-01 -0.6833336E-01 -0.1017963 -0.1414891 -0.1864634 -0.2357019 -0.2881141 -0.3424962 -0.3974323 -0.4512940 -0.5006321 -0.5380958 -0.5380958 -0.4898525 -0.4284853 -0.3158004 -0.2632166 -0.2632166 -0.1372442 -0.1372442 0.2849861E-01 0.2849861E-01 0.1098917 0.2201004 0.2201004 0.2046778 0.2046778 0.7769668E-01 0.7769668E-01 0.7769668E-01 0.3085571E-01 0.3085571E-01 0.4961728E-02 0.4961728E-02 -0.1054135E-01 -0.1054135E-01 -0.2003415E-01 -0.2003415E-01 -0.2487225E-01 -0.2487225E-01 -0.2487225E-01
-0.2088045E-02 -0.2088045E-02 -0.4114925E-02 -0.4416275E-02 -0.4313780E-02 -0.4313780E-02 -0.4249583E-02 -0.4224942E-02 -0.4224942E-02 -0.4240217E-02 -0.4240217E-02 -0.4245935E-02 -0.4244758E-02 -0.4242055E-02 -0.4238694E-02 -0.4238694E-02 -0.1402013E-01 -0.2892589E-01 -0.5126029E-01 -0.8060091E-01 -0.1163321 -0.1578128 -0.2043020 -0.2550142 -0.3091183 -0.3657042 -0.4236898 -0.4817657 -0.5370869 -0.5830341 -0.5830341 -0.5677757 -0.5284194 -0.4218302 -0.3519919 -0.3519919 -0.1606696 -0.1606696 0.5622047E-01 0.5622047E-01 0.1449845 0.2544240 0.2544240 0.2571345 0.2571345 0.1194331 0.1194331 0.1194331 0.4900610E-01 0.4900610E-01 0.7014582E-02 0.7014582E-02 -0.1733793E-01 -0.1733793E-01 -0.3095558E-01 -0.3095558E-01 -0.3683841E-01 -0.3683841E-01 -0.3683841E-01
-0.1378945E-02 -0.1378945E-02 -0.2714930E-02 -0.2964274E-02 -0.2886573E-02 -0.2886573E-02 -0.2835550E-02 -0.2814389E-02 -0.2814389E-02 -0.2826168E-02 -0.2826168E-02 -0.2831010E-02 -0.2830242E-02 -0.2828272E-02 -0.2825966E-02 -0.2825966E-02 -0.1803418E-01 -0.3733384E-01 -0.6398683E-01 -0.9710411E-01 -0.1358899 -0.1796927 -0.2279075 -0.2799418 -0.3351841 -0.3929633 -0.4524696 -0.5126821 -0.5713912 -0.6231041 -0.6231041 -0.6313065 -0.6103631 -0.5010114 -0.4041717 -0.4041717 -0.1464701 -0.1464701 0.8486933E-01 0.8486933E-01 0.1654782 0.2605643 0.2605643 0.2753286 0.2753286 0.1544181 0.1544181 0.1544181 0.6972350E-01 0.6972350E-01 0.1269272E-01 0.1269272E-01 -0.2160913E-01 -0.2160913E-01 -0.4025792E-01 -0.4025792E-01 -0.4754237E-01 -0.4754237E-01 -0.4754237E-01
-0.6853812E-03 -0.6853812E-03 -0.1348938E-02 -0.1488398E-02 -0.1446798E-02 -0.1446798E-02 -0.1418610E-02 -0.1406559E-02 -0.1406559E-02 -0.1412903E-02 -0.1412903E-02 -0.1415723E-02 -0.1415269E-02 -0.1414224E-02 -0.1413052E-02 -0.1413052E-02 -0.2380128E-01 -0.4871980E-01 -0.8089069E-01 -0.1188701 -0.1616119 -0.2084039 -0.2587301 -0.3121730 -0.3683400 -0.4267993 -0.4870013 -0.5481937 -0.6087033 -0.6640400 -0.6640400 -0.6876425 -0.6781299 -0.5378849 -0.4008889 -0.4008889 -0.1038397 -0.1038397 0.1013016 0.1013016 0.1663616 0.2450905 0.2450905 0.2678623 0.2678623 0.1769695 0.1769695 0.1769695 0.8958105E-01 0.8958105E-01 0.2154434E-01 0.2154434E-01 -0.2248818E-01 -0.2248818E-01 -0.4677200E-01 -0.4677200E-01 -0.5587663E-01 -0.5587663E-01 -0.5587663E-01
0.2539686E-07 0.2539686E-07 -0.8995845E-08 -0.8648952E-07 -0.4552982E-07 -0.4552982E-07 -0.2934994E-07 -0.1668741E-06 -0.1668741E-06 -0.9240056E-07 -0.9240056E-07 -0.9555762E-07 -0.3884078E-08 -0.3787416E-08 -0.3757454E-07 -0.3757454E-07 -0.3219533E-01 -0.6425364E-01 -0.1033253 -0.1473565 -0.1950158 -0.2455090 -0.2983865 -0.3533936 -0.4103606 -0.4691113 -0.5293725 -0.5906755 -0.6517835 -0.7087812 -0.7087812 -0.7401477 -0.7294388 -0.5117497 -0.3382471 -0.3382471 -0.5829443E-01 -0.5829443E-01 0.9991024E-01 0.9991024E-01 0.1503343 0.2164484 0.2164484 0.2443001 0.2443001 0.1847786 0.1847786 0.1847786 0.1046978 0.1046978 0.3184183E-01 0.3184183E-01 -0.1997101E-01 -0.1997101E-01 -0.4975412E-01 -0.4975412E-01 -0.6093407E-01 -0.6093407E-01 -0.6093407E-01
0.6853231E-03 0.6853231E-03 0.1348916E-02 0.1488272E-02 0.1446784E-02 0.1446784E-02 0.1418536E-02 0.1406339E-02 0.1406339E-02 0.1412735E-02 0.1412735E-02 0.1415607E-02 0.1415203E-02 0.1414255E-02 0.1412983E-02 0.1412983E-02 -0.4455666E-01 -0.8571059E-01 -0.1333030 -0.1846628 -0.2381977 -0.2930594 -0.3488800 -0.4055762 -0.4632068 -0.5218624 -0.5815634 -0.6421407 -0.7026454 -0.7587078 -0.7587078 -0.7870110 -0.7488539 -0.4166625 -0.2440210 -0.2440210 -0.3000244E-01 -0.3000244E-01 0.8470233E-01 0.8470233E-01 0.1246033 0.1817706 0.1817706 0.2119518 0.2119518 0.1786171 0.1786171 0.1786171 0.1120050 0.1120050 0.4112135E-01 0.4112135E-01 -0.1483076E-01 -0.1483076E-01 -0.4889186E-01 -0.4889186E-01 -0.6200181E-01 -0.6200181E-01 -0.6200181E-01
0.1378957E-02 0.1378957E-02 0.2714938E-02 0.2964124E-02 0.2886655E-02 0.2886655E-02 0.2835554E-02 0.2814339E-02 0.2814339E-02 0.2825932E-02 0.2825932E-02 0.2830945E-02 0.2830145E-02 0.2828177E-02 0.2825768E-02 0.2825768E-02 -0.6303617E-01 -0.1158488 -0.1738558 -0.2338561 -0.2941162 -0.3538401 -0.4128136 -0.4711658 -0.5292042 -0.5872938 -0.6457547 -0.7047027 -0.7630594 -0.8129379 -0.8129379 -0.8144938 -0.6991363 -0.2889386 -0.1615182 -0.1615182 -0.2099054E-01 -0.2099054E-01 0.6336011E-01 0.6336011E-01 0.9599629E-01 0.1456805 0.1456805 0.1755382 0.1755382 0.1611431 0.1611431 0.1611431 0.1101192 0.1101192 0.4698839E-01 0.4698839E-01 -0.8371201E-02 -0.8371201E-02 -0.4431477E-01 -0.4431477E-01 -0.5863726E-01 -0.5863726E-01 -0.5863726E-01
0.2088035E-02 0.2088035E-02 0.4114912E-02 0.4416121E-02 0.4313747E-02 0.4313747E-02 0.4249531E-02 0.4224895E-02 0.4224895E-02 0.4240006E-02 0.4240006E-02 0.4246000E-02 0.4244615E-02 0.4241806E-02 0.4238387E-02 0.4238387E-02 -0.9127161E-01 -0.1591043 -0.2296612 -0.2995040 -0.3670412 -0.4317463 -0.4937051 -0.5533437 -0.6112601 -0.6681061 -0.7244976 -0.7807271 -0.8340867 -0.8626235 -0.8626235 -0.7791535 -0.5433377 -0.1852639 -0.1112530 -0.1112530 -0.2184560E-01 -0.2184560E-01 0.4197823E-01 0.4197823E-01 0.6874477E-01 0.1106023 0.1106023 0.1378359 0.1378359 0.1355678 0.1355678 0.1355678 0.9938171E-01 0.9938171E-01 0.4782475E-01 0.4782475E-01 -0.2045265E-02 -0.2045265E-02 -0.3655994E-01 -0.3655994E-01 -0.5078020E-01 -0.5078020E-01 -0.5078020E-01
0.2817677E-02 0.2817677E-02 0.5565317E-02 0.5834772E-02 0.5724475E-02 0.5724475E-02 0.5660085E-02 0.5638628E-02 0.5638628E-02 0.5655000E-02 0.5655000E-02 0.5660456E-02 0.5658480E-02 0.5655001E-02 0.5650677E-02 0.5650677E-02 -0.1358137 -0.2229481 -0.3082021 -0.3886291 -0.4633314 -0.5324227 -0.5965194 -0.6564770 -0.7132447 -0.7677798 -0.8209814 -0.8728557 -0.9127204 -0.8686349 -0.8686349 -0.6108580 -0.3245920 -0.1250119 -0.8542459E-01 -0.8542459E-01 -0.2393431E-01 -0.2393431E-01 0.2367717E-01 0.2367717E-01 0.4484897E-01 0.7776558E-01 0.7776558E-01 0.1006081 0.1006081 0.1049760 0.1049760 0.1049760 0.8144452E-01 0.8144452E-01 0.4322176E-01 0.4322176E-01 0.2988111E-02 0.2988111E-02 -0.2644313E-01 -0.2644313E-01 -0.3883237E-01 -0.3883237E-01 -0.3883237E-01
