cruce_test.gid/Rasters/Hydraulic/Velocity____40.0.asc
NCOLS        79
NROWS        79
XLLCENTER         -1.500000
YLLCENTER         -4.800000
CELLSIZE           0.100
NODATA_VALUE     -9999.0
[rows 0 to 26 of 79, columns 0 to 59 of 79]
-9999.000 -9999.000 -9999.000 -9999.000 -9999.000 -9999.000 -9999.000 -9999.000 -9999.000 -9999.000 -9999.000 -9999.000 -9999.000 -9999.000 -9999.000 0.3063588 0.3055805 0.3058767 0.3063880 0.3069997 0.3076871 0.3084373 0.3092380 0.3100784 0.3109505 0.3118521 0.3127934 0.3138019 0.3148176 0.3112720 0.3112720 -9999.000 -9999.000 -9999.000 -9999.000 -9999.000 -9999.000 -9999.000 -9999.000 -9999.000 -9999.000 -9999.000 -9999.000 -9999.000 -9999.000 -9999.000 -9999.000 -9999.000 -9999.000 -9999.000 -9999.000 -9999.000 -9999.000 -9999.000 -9999.000 -9999.000 -9999.000 -9999.000 -9999.000 -9999.000
-9999.000 -9999.000 -9999.000 -9999.000 -9999.000 -9999.000 -9999.000 -9999.000 -9999.000 -9999.000 -9999.000 -9999.000 -9999.000 -9999.000 -9999.000 0.3010807 0.2989292 0.2994412 0.3003576 0.3014344 0.3026188 0.3038874 0.3052237 0.3066173 0.3080682 0.3095927 0.3112338 0.3130647 0.3149574 0.3081373 0.3081373 -9999.000 -9999.000 -9999.000 -9999.000 -9999.000 -9999.000 -9999.000 -9999.000 -9999.000 -9999.000 -9999.000 -9999.000 -9999.000 -9999.000 -9999.000 -9999.000 -9999.000 -9999.000 -9999.000 -9999.000 -9999.000 -9999.000 -9999.000 -9999.000 -9999.000 -9999.000 -9999.000 -9999.000 -9999.000
-9999.000 -9999.000 -9999.000 -9999.000 -9999.000 -9999.000 -9999.000 -9999.000 -9999.000 -9999.000 -9999.000 -9999.000 -9999.000 -9999.000 -9999.000 0.2938755 0.2899641 0.2908145 0.2923896 0.2942598 0.2963222 0.2985297 0.3008517 0.3032716 0.3057905 0.3084346 0.3112619 0.3143559 0.3174182 0.3068572 0.3068572 -9999.000 -9999.000 -9999.000 -9999.000 -9999.000 -9999.000 -9999.000 -9999.000 -9999.000 -9999.000 -9999.000 -9999.000 -9999.000 -9999.000 -9999.000 -9999.000 -9999.000 -9999.000 -9999.000 -9999.000 -9999.000 -9999.000 -9999.000 -9999.000 -9999.000 -9999.000 -9999.000 -9999.000 -9999.000
-9999.000 -9999.000 -9999.000 -9999.000 -9999.000 -9999.000 -9999.000 -9999.000 -9999.000 -9999.000 -9999.000 -9999.000 -9999.000 -9999.000 -9999.000 0.2855039 0.2796251 0.2809288 0.2833552 0.2862594 0.2894769 0.2929276 0.2965588 0.3003398 0.3042659 0.3083665 0.3127094 0.3173850 0.3219064 0.3077964 0.3077964 -9999.000 -9999.000 -9999.000 -9999.000 -9999.000 -9999.000 -9999.000 -9999.000 -9999.000 -9999.000 -9999.000 -9999.000 -9999.000 -9999.000 -9999.000 -9999.000 -9999.000 -9999.000 -9999.000 -9999.000 -9999.000 -9999.000 -9999.000 -9999.000 -9999.000 -9999.000 -9999.000 -9999.000 -9999.000
-9999.000 -9999.000 -9999.000 -9999.000 -9999.000 -9999.000 -9999.000 -9999.000 -9999.000 -9999.000 -9999.000 -9999.000 -9999.000 -9999.000 -9999.000 0.2759597 0.2679901 0.2698651 0.2733295 0.2774955 0.2821261 0.2871013 0.2923402 0.2977933 0.3034478 0.3093345 0.3155321 0.3221414 0.3284687 0.3110997 0.3110997 -9999.000 -9999.000 -9999.000 -9999.000 -9999.000 -9999.000 -9999.000 -9999.000 -9999.000 -9999.000 -9999.000 -9999.000 -9999.000 -9999.000 -9999.000 -9999.000 -9999.000 -9999.000 -9999.000 -9999.000 -9999.000 -9999.000 -9999.000 -9999.000 -9999.000 -9999.000 -9999.000 -9999.000 -9999.000
-9999.000 -9999.000 -9999.000 -9999.000 -9999.000 -9999.000 -9999.000 -9999.000 -9999.000 -9999.000 -9999.000 -9999.000 -9999.000 -9999.000 -9999.000 0.2651578 0.2550966 0.2576733 0.2623633 0.2680135 0.2743058 0.2810741 0.2882058 0.2956312 0.3033301 0.3113387 0.3197530 0.3286924 0.3372460 0.3170217 0.3170217 -9999.000 -9999.000 -9999.000 -9999.000 -9999.000 -9999.000 -9999.000 -9999.000 -9999.000 -9999.000 -9999.000 -9999.000 -9999.000 -9999.000 -9999.000 -9999.000 -9999.000 -9999.000 -9999.000 -9999.000 -9999.000 -9999.000 -9999.000 -9999.000 -9999.000 -9999.000 -9999.000 -9999.000 -9999.000
-9999.000 -9999.000 -9999.000 -9999.000 -9999.000 -9999.000 -9999.000 -9999.000 -9999.000 -9999.000 -9999.000 -9999.000 -9999.000 -9999.000 -9999.000 0.2529348 0.2409494 0.2443843 0.2504960 0.2578551 0.2660549 0.2748792 0.2841820 0.2938757 0.3039382 0.3144202 0.3254477 0.3371758 0.3484769 0.3259449 0.3259449 -9999.000 -9999.000 -9999.000 -9999.000 -9999.000 -9999.000 -9999.000 -9999.000 -9999.000 -9999.000 -9999.000 -9999.000 -9999.000 -9999.000 -9999.000 -9999.000 -9999.000 -9999.000 -9999.000 -9999.000 -9999.000 -9999.000 -9999.000 -9999.000 -9999.000 -9999.000 -9999.000 -9999.000 -9999.000
-9999.000 -9999.000 -9999.000 -9999.000 -9999.000 -9999.000 -9999.000 -9999.000 -9999.000 -9999.000 -9999.000 -9999.000 -9999.000 -9999.000 -9999.000 0.2390514 0.2255304 0.2300218 0.2377692 0.2470704 0.2574256 0.2685659 0.2803143 0.2925716 0.3053246 0.3186547 0.3327397 0.3477990 0.3625097 0.3384127 0.3384127 -9999.000 -9999.000 -9999.000 -9999.000 -9999.000 -9999.000 -9999.000 -9999.000 -9999.000 -9999.000 -9999.000 -9999.000 -9999.000 -9999.000 -9999.000 -9999.000 -9999.000 -9999.000 -9999.000 -9999.000 -9999.000 -9999.000 -9999.000 -9999.000 -9999.000 -9999.000 -9999.000 -9999.000 -9999.000
-9999.000 -9999.000 -9999.000 -9999.000 -9999.000 -9999.000 -9999.000 -9999.000 -9999.000 -9999.000 -9999.000 -9999.000 -9999.000 -9999.000 -9999.000 0.2232000 0.2088064 0.2146167 0.2242439 0.2357355 0.2484987 0.2622135 0.2766776 0.2917925 0.3075722 0.3241534 0.3418014 0.3608474 0.3798272 0.3551936 0.3551936 -9999.000 -9999.000 -9999.000 -9999.000 -9999.000 -9999.000 -9999.000 -9999.000 -9999.000 -9999.000 -9999.000 -9999.000 -9999.000 -9999.000 -9999.000 -9999.000 -9999.000 -9999.000 -9999.000 -9999.000 -9999.000 -9999.000 -9999.000 -9999.000 -9999.000 -9999.000 -9999.000 -9999.000 -9999.000
-9999.000 -9999.000 -9999.000 -9999.000 -9999.000 -9999.000 -9999.000 -9999.000 -9999.000 -9999.000 -9999.000 -9999.000 -9999.000 -9999.000 -9999.000 0.2050164 0.1907418 0.1982267 0.2100235 0.2239768 0.2394073 0.2559505 0.2733923 0.2916540 0.3108034 0.3310709 0.3528628 0.3767013 0.4010940 0.3774015 0.3774015 -9999.000 -9999.000 -9999.000 -9999.000 -9999.000 -9999.000 -9999.000 -9999.000 -9999.000 -9999.000 -9999.000 -9999.000 -9999.000 -9999.000 -9999.000 -9999.000 -9999.000 -9999.000 -9999.000 -9999.000 -9999.000 -9999.000 -9999.000 -9999.000 -9999.000 -9999.000 -9999.000 -9999.000 -9999.000
-9999.000 -9999.000 -9999.000 -9999.000 -9999.000 -9999.000 -9999.000 -9999.000 -9999.000 -9999.000 -9999.000 -9999.000 -9999.000 -9999.000 -9999.000 0.1841009 0.1713168 0.1809658 0.1952909 0.2120086 0.2303710 0.2499868 0.2706526 0.2923378 0.3152019 0.3396225 0.3662288 0.3958667 0.4272334 0.4067248 0.4067248 -9999.000 -9999.000 -9999.000 -9999.000 -9999.000 -9999.000 -9999.000 -9999.000 -9999.000 -9999.000 -9999.000 -9999.000 -9999.000 -9999.000 -9999.000 -9999.000 -9999.000 -9999.000 -9999.000 -9999.000 -9999.000 -9999.000 -9999.000 -9999.000 -9999.000 -9999.000 -9999.000 -9999.000 -9999.000
-9999.000 -9999.000 -9999.000 -9999.000 -9999.000 -9999.000 -9999.000 -9999.000 -9999.000 -9999.000 -9999.000 -9999.000 -9999.000 -9999.000 -9999.000 0.1600521 0.1505630 0.1630557 0.1803659 0.2001903 0.2217509 0.2446644 0.2687741 0.2941369 0.3210531 0.3501206 0.3823141 0.4190224 0.4595579 0.4458904 0.4458904 -9999.000 -9999.000 -9999.000 -9999.000 -9999.000 -9999.000 -9999.000 -9999.000 -9999.000 -9999.000 -9999.000 -9999.000 -9999.000 -9999.000 -9999.000 -9999.000 -9999.000 -9999.000 -9999.000 -9999.000 -9999.000 -9999.000 -9999.000 -9999.000 -9999.000 -9999.000 -9999.000 -9999.000 -9999.000
-9999.000 -9999.000 -9999.000 -9999.000 -9999.000 -9999.000 -9999.000 -9999.000 -9999.000 -9999.000 -9999.000 -9999.000 -9999.000 -9999.000 -9999.000 0.1325265 0.1286436 0.1449266 0.1658038 0.1891156 0.2141323 0.2405394 0.2682777 0.2975409 0.3288298 0.3630551 0.4017131 0.4471028 0.4999899 0.4997099 0.4997099 -9999.000 -9999.000 -9999.000 -9999.000 -9999.000 -9999.000 -9999.000 -9999.000 -9999.000 -9999.000 -9999.000 -9999.000 -9999.000 -9999.000 -9999.000 -9999.000 -9999.000 -9999.000 -9999.000 -9999.000 -9999.000 -9999.000 -9999.000 -9999.000 -9999.000 -9999.000 -9999.000 -9999.000 -9999.000
-9999.000 -9999.000 -9999.000 -9999.000 -9999.000 -9999.000 -9999.000 -9999.000 -9999.000 -9999.000 -9999.000 -9999.000 -9999.000 -9999.000 -9999.000 0.1013393 0.1061180 0.1275306 0.1526930 0.1798822 0.2085707 0.2386116 0.2701121 0.3034585 0.3394160 0.3793148 0.4254050 0.4814837 0.5514577 0.5778695 0.5778695 -9999.000 -9999.000 -9999.000 -9999.000 -9999.000 -9999.000 -9999.000 -9999.000 -9999.000 -9999.000 -9999.000 -9999.000 -9999.000 -9999.000 -9999.000 -9999.000 -9999.000 -9999.000 -9999.000 -9999.000 -9999.000 -9999.000 -9999.000 -9999.000 -9999.000 -9999.000 -9999.000 -9999.000 -9999.000
-9999.000 -9999.000 -9999.000 -9999.000 -9999.000 -9999.000 -9999.000 -9999.000 -9999.000 -9999.000 -9999.000 -9999.000 -9999.000 -9999.000 -9999.000 0.6761846E-01 0.9136827E-01 0.1217981 0.1521388 0.1826262 0.2137342 0.2459600 0.2798695 0.3162178 0.3561413 0.4014909 0.4555045 0.5242985 0.6182485 0.7030563 0.7030563 -9999.000 -9999.000 -9999.000 -9999.000 -9999.000 -9999.000 -9999.000 -9999.000 -9999.000 -9999.000 -9999.000 -9999.000 -9999.000 -9999.000 -9999.000 -9999.000 -9999.000 -9999.000 -9999.000 -9999.000 -9999.000 -9999.000 -9999.000 -9999.000 -9999.000 -9999.000 -9999.000 -9999.000 -9999.000
1.338223 1.338223 1.268379 1.224075 1.203445 1.203445 1.183320 1.142738 1.142738 1.097553 1.097553 1.040379 1.003132 0.9556322 0.8917840 0.8917840 0.7476805 0.6874283 0.6275478 0.5719444 0.5242270 0.4875680 0.4644924 0.4568372 0.4660102 0.4936865 0.5431734 0.6221499 0.7478843 0.9728480 0.9728480 1.446068 1.631846 1.740070 1.725931 1.725931 1.593122 1.593122 1.374439 1.374439 1.151790 0.7236697 0.7236697 0.7135130 0.7135130 0.7475899 0.7475899 0.7475899 0.8000111 0.8000111 0.8414086 0.8414086 0.8761432 0.8761432 0.9213254 0.9213254 0.9498721 0.9498721 0.9498721 0.9725978
1.353733 1.353733 1.285015 1.252168 1.237110 1.237110 1.222375 1.191850 1.191850 1.155399 1.155399 1.106087 1.074427 1.037745 0.9975515 0.9975515 0.9368936 0.9060662 0.8692590 0.8276247 0.7832464 0.7391244 0.6990784 0.6675764 0.6495373 0.6502161 0.6754197 0.7325701 0.8327383 0.9948643 0.9948643 1.345997 1.482149 1.575791 1.589364 1.589364 1.576734 1.576734 1.512132 1.512132 1.425466 1.020573 1.020573 1.001112 1.001112 1.036011 1.036011 1.036011 1.089896 1.089896 1.132012 1.132012 1.152194 1.152194 1.206101 1.206101 1.238645 1.238645 1.238645 1.265721
1.358619 1.358619 1.285438 1.252892 1.238178 1.238178 1.223926 1.195012 1.195012 1.161925 1.161925 1.120232 1.095406 1.068438 1.040994 1.040994 1.009041 0.9958280 0.9788997 0.9576078 0.9321415 0.9035934 0.8740626 0.8467368 0.8259351 0.8171232 0.8269654 0.8636940 0.9381191 1.067015 1.067015 1.365755 1.490470 1.582915 1.603027 1.603027 1.608812 1.608812 1.575432 1.575432 1.534657 1.269146 1.269146 1.170770 1.170770 1.185295 1.185295 1.185295 1.241187 1.241187 1.279008 1.279008 1.307246 1.307246 1.346494 1.346494 1.374674 1.374674 1.374674 1.397309
1.362875 1.362875 1.285747 1.253425 1.238980 1.238980 1.225130 1.197658 1.197658 1.167616 1.167616 1.132182 1.112350 1.091804 1.071863 1.071863 1.054224 1.049655 1.043640 1.035277 1.024126 1.010300 0.9946358 0.9788760 0.9658473 0.9596225 0.9657088 0.9914076 1.046688 1.148170 1.148170 1.394429 1.510185 1.598308 1.615826 1.615826 1.618654 1.618654 1.600514 1.600514 1.585620 1.449004 1.449004 1.316127 1.316127 1.312839 1.312839 1.312839 1.355593 1.355593 1.388929 1.388929 1.414535 1.414535 1.445601 1.445601 1.470222 1.470222 1.470222 1.489545
1.366529 1.366529 1.286082 1.254106 1.239994 1.239994 1.226627 1.200827 1.200827 1.174073 1.174073 1.144698 1.129274 1.114012 1.099812 1.099812 1.092326 1.092616 1.092467 1.091362 1.088977 1.085213 1.080337 1.075180 1.071364 1.071527 1.079592 1.101193 1.144609 1.225436 1.225436 1.424454 1.527488 1.601537 1.611181 1.611181 1.606456 1.606456 1.602934 1.602934 1.604777 1.559020 1.559020 1.450669 1.450669 1.412863 1.412863 1.412863 1.442542 1.442542 1.471411 1.471411 1.494733 1.494733 1.520084 1.520084 1.541361 1.541361 1.541361 1.558026
1.369532 1.369532 1.286436 1.254901 1.241170 1.241170 1.228344 1.204359 1.204359 1.181010 1.181010 1.157581 1.146324 1.135970 1.127064 1.127064 1.129234 1.133108 1.136469 1.139338 1.141797 1.143944 1.145962 1.148267 1.151718 1.157840 1.169138 1.189575 1.225577 1.291317 1.291317 1.450139 1.536714 1.586127 1.586006 1.586006 1.580477 1.580477 1.596448 1.596448 1.610611 1.617252 1.617252 1.559245 1.559245 1.500514 1.500514 1.500514 1.514993 1.514993 1.537355 1.537355 1.557694 1.557694 1.578558 1.578558 1.596746 1.596746 1.596746 1.610842
1.371832 1.371832 1.286795 1.255766 1.242443 1.242443 1.230187 1.208065 1.208065 1.188106 1.188106 1.170450 1.163237 1.157737 1.154289 1.154289 1.167256 1.174483 1.180370 1.185481 1.190375 1.195506 1.201220 1.207843 1.215819 1.225872 1.239314 1.258620 1.288511 1.341585 1.341585 1.464897 1.530941 1.548207 1.542395 1.542395 1.549830 1.549830 1.587820 1.587820 1.611121 1.645749 1.645749 1.633505 1.633505 1.578583 1.578583 1.578583 1.579183 1.579183 1.593084 1.593084 1.609066 1.609066 1.625773 1.625773 1.640616 1.640616 1.640616 1.651901
1.373370 1.373370 1.287147 1.256660 1.243753 1.243753 1.232067 1.211777 1.211777 1.195077 1.195077 1.182938 1.179671 1.179119 1.181687 1.181687 1.207804 1.218570 1.226581 1.232994 1.238875 1.245070 1.252185 1.260617 1.270594 1.282193 1.295575 1.311810 1.334096 1.373192 1.373192 1.461177 1.501874 1.489718 1.488408 1.488408 1.521170 1.521170 1.579040 1.579040 1.608832 1.658752 1.658752 1.677125 1.677125 1.643973 1.643973 1.643973 1.636637 1.636637 1.642047 1.642047 1.652414 1.652414 1.664536 1.664536 1.675495 1.675495 1.675495 1.683686
1.374086 1.374086 1.287474 1.257540 1.245040 1.245040 1.233902 1.215344 1.215344 1.201680 1.201680 1.194699 1.195243 1.199754 1.209158 1.209158 1.252229 1.266852 1.276767 1.283858 1.289747 1.295701 1.302616 1.311017 1.320986 1.331854 1.342253 1.351633 1.361907 1.382031 1.382031 1.430840 1.443228 1.420001 1.434395 1.434395 1.496655 1.496655 1.569798 1.569798 1.604157 1.663115 1.663115 1.699523 1.699523 1.693394 1.693394 1.693394 1.685773 1.685773 1.685130 1.685130 1.689591 1.689591 1.696488 1.696488 1.703088 1.703088 1.703088 1.707824
1.373921 1.373921 1.287763 1.258370 1.246249 1.246249 1.235618 1.218637 1.218637 1.207711 1.207711 1.205420 1.209549 1.219116 1.236218 1.236218 1.302134 1.320917 1.332497 1.339680 1.344742 1.349422 1.354929 1.361949 1.370408 1.378413 1.381804 1.377875 1.368223 1.362852 1.362852 1.371071 1.357403 1.347475 1.384467 1.384467 1.474250 1.474250 1.558775 1.558775 1.596655 1.661770 1.661770 1.708774 1.708774 1.726652 1.726652 1.726652 1.724603 1.724603 1.721742 1.721742 1.721279 1.721279 1.722782 1.722782 1.724578 1.724578 1.724578 1.725472
1.372825 1.372825 1.288001 1.259116 1.247335 1.247335 1.237152 1.221552 1.221552 1.213006 1.213006 1.214835 1.222204 1.236574 1.261799 1.261799 1.359586 1.382653 1.395541 1.402133 1.405464 1.407842 1.410857 1.415404 1.421270 1.424174 1.413948 1.385815 1.345026 1.306303 1.306303 1.276553 1.259598 1.295185 1.336901 1.336901 1.454448 1.454448 1.547686 1.547686 1.588294 1.657672 1.657672 1.710958 1.710958 1.746838 1.746838 1.746838 1.752834 1.752834 1.751243 1.751243 1.747711 1.747711 1.744314 1.744314 1.741129 1.741129 1.741129 1.737920
1.370756 1.370756 1.288176 1.259750 1.248260 1.248260 1.238454 1.224003 1.224003 1.217439 1.217439 1.222741 1.232906 1.251517 1.283992 1.283992 1.428166 1.454466 1.467707 1.472909 1.473613 1.472629 1.471992 1.472921 1.475457 1.470235 1.433792 1.365553 1.284654 1.212856 1.212856 1.161779 1.162848 1.246703 1.304503 1.304503 1.435007 1.435007 1.536197 1.536197 1.578930 1.651235 1.651235 1.708362 1.708362 1.756599 1.756599 1.756599 1.770416 1.770416 1.772150 1.772150 1.767504 1.767504 1.760270 1.760270 1.752437 1.752437 1.752437 1.745213
