cruce_test.gid/Rasters/Hydraulic/Velocity__x_233.0.asc
NCOLS        79
NROWS        79
XLLCENTER         -1.500000
YLLCENTER         -4.800000
CELLSIZE           0.100
NODATA_VALUE     -9999.0
[rows 0 to 25 of 79, columns 0 to 57 of 79]
-9999.000 -9999.000 -9999.000 -9999.000 -9999.000 -9999.000 -9999.000 -9999.000 -9999.000 -9999.000 -9999.000 -9999.000 -9999.000 -9999.000 -9999.000 -0.1459829E-02 -0.9777759E-03 0.2428411E-02 0.7166109E-02 0.1194443E-01 0.1582793E-01 0.1855462E-01 0.2011195E-01 0.2058564E-01 0.2012280E-01 0.1885257E-01 0.1685554E-01 0.1406744E-01 0.9878264E-02 0.4839755E-02 0.4839755E-02 -9999.000 -9999.000 -9999.000 -9999.000 -9999.000 -9999.000 -9999.000 -9999.000 -9999.000 -9999.000 -9999.000 -9999.000 -9999.000 -9999.000 -9999.000 -9999.000 -9999.000 -9999.000 -9999.000 -9999.000 -9999.000 -9999.000 -9999.000 -9999.000 -9999.000 -9999.000 -9999.000
-9999.000 -9999.000 -9999.000 -9999.000 -9999.000 -9999.000 -9999.000 -9999.000 -9999.000 -9999.000 -9999.000 -9999.000 -9999.000 -9999.000 -9999.000 -0.1996213E-03 0.1504282E-02 0.5964438E-02 0.1160937E-01 0.1719987E-01 0.2179992E-01 0.2508091E-01 0.2696185E-01 0.2747578E-01 0.2673361E-01 0.2485006E-01 0.2191354E-01 0.1790067E-01 0.1233144E-01 0.6022237E-02 0.6022237E-02 -9999.000 -9999.000 -9999.000 -9999.000 -9999.000 -9999.000 -9999.000 -9999.000 -9999.000 -9999.000 -9999.000 -9999.000 -9999.000 -9999.000 -9999.000 -9999.000 -9999.000 -9999.000 -9999.000 -9999.000 -9999.000 -9999.000 -9999.000 -9999.000 -9999.000 -9999.000 -9999.000
-9999.000 -9999.000 -9999.000 -9999.000 -9999.000 -9999.000 -9999.000 -9999.000 -9999.000 -9999.000 -9999.000 -9999.000 -9999.000 -9999.000 -9999.000 0.2558263E-03 0.2498097E-02 0.7586600E-02 0.1382788E-01 0.1993990E-01 0.2495278E-01 0.2852154E-01 0.3055217E-01 0.3107061E-01 0.3018664E-01 0.2801929E-01 0.2466680E-01 0.2011829E-01 0.1389183E-01 0.6822770E-02 0.6822770E-02 -9999.000 -9999.000 -9999.000 -9999.000 -9999.000 -9999.000 -9999.000 -9999.000 -9999.000 -9999.000 -9999.000 -9999.000 -9999.000 -9999.000 -9999.000 -9999.000 -9999.000 -9999.000 -9999.000 -9999.000 -9999.000 -9999.000 -9999.000 -9999.000 -9999.000 -9999.000 -9999.000
-9999.000 -9999.000 -9999.000 -9999.000 -9999.000 -9999.000 -9999.000 -9999.000 -9999.000 -9999.000 -9999.000 -9999.000 -9999.000 -9999.000 -9999.000 0.4827334E-03 0.3024422E-02 0.8498708E-02 0.1512527E-01 0.2158212E-01 0.2687034E-01 0.3063510E-01 0.3277832E-01 0.3332350E-01 0.3238323E-01 0.3007912E-01 0.2651368E-01 0.2167687E-01 0.1506163E-01 0.7451937E-02 0.7451937E-02 -9999.000 -9999.000 -9999.000 -9999.000 -9999.000 -9999.000 -9999.000 -9999.000 -9999.000 -9999.000 -9999.000 -9999.000 -9999.000 -9999.000 -9999.000 -9999.000 -9999.000 -9999.000 -9999.000 -9999.000 -9999.000 -9999.000 -9999.000 -9999.000 -9999.000 -9999.000 -9999.000
-9999.000 -9999.000 -9999.000 -9999.000 -9999.000 -9999.000 -9999.000 -9999.000 -9999.000 -9999.000 -9999.000 -9999.000 -9999.000 -9999.000 -9999.000 0.6333949E-03 0.3390228E-02 0.9157410E-02 0.1608436E-01 0.2281195E-01 0.2831698E-01 0.3224110E-01 0.3448408E-01 0.3507003E-01 0.3411417E-01 0.3173967E-01 0.2805067E-01 0.2303199E-01 0.1613764E-01 0.8053331E-02 0.8053331E-02 -9999.000 -9999.000 -9999.000 -9999.000 -9999.000 -9999.000 -9999.000 -9999.000 -9999.000 -9999.000 -9999.000 -9999.000 -9999.000 -9999.000 -9999.000 -9999.000 -9999.000 -9999.000 -9999.000 -9999.000 -9999.000 -9999.000 -9999.000 -9999.000 -9999.000 -9999.000 -9999.000
-9999.000 -9999.000 -9999.000 -9999.000 -9999.000 -9999.000 -9999.000 -9999.000 -9999.000 -9999.000 -9999.000 -9999.000 -9999.000 -9999.000 -9999.000 0.7701171E-03 0.3724192E-02 0.9760247E-02 0.1696209E-01 0.2393566E-01 0.2963667E-01 0.3370695E-01 0.3604703E-01 0.3668223E-01 0.3573233E-01 0.3332078E-01 0.2955087E-01 0.2439925E-01 0.1726905E-01 0.8702896E-02 0.8702896E-02 -9999.000 -9999.000 -9999.000 -9999.000 -9999.000 -9999.000 -9999.000 -9999.000 -9999.000 -9999.000 -9999.000 -9999.000 -9999.000 -9999.000 -9999.000 -9999.000 -9999.000 -9999.000 -9999.000 -9999.000 -9999.000 -9999.000 -9999.000 -9999.000 -9999.000 -9999.000 -9999.000
-9999.000 -9999.000 -9999.000 -9999.000 -9999.000 -9999.000 -9999.000 -9999.000 -9999.000 -9999.000 -9999.000 -9999.000 -9999.000 -9999.000 -9999.000 0.9215716E-03 0.4085535E-02 0.1039750E-01 0.1787621E-01 0.2509337E-01 0.3098646E-01 0.3520185E-01 0.3764208E-01 0.3833545E-01 0.3740606E-01 0.3497808E-01 0.3115270E-01 0.2589457E-01 0.1854414E-01 0.9449165E-02 0.9449165E-02 -9999.000 -9999.000 -9999.000 -9999.000 -9999.000 -9999.000 -9999.000 -9999.000 -9999.000 -9999.000 -9999.000 -9999.000 -9999.000 -9999.000 -9999.000 -9999.000 -9999.000 -9999.000 -9999.000 -9999.000 -9999.000 -9999.000 -9999.000 -9999.000 -9999.000 -9999.000 -9999.000
-9999.000 -9999.000 -9999.000 -9999.000 -9999.000 -9999.000 -9999.000 -9999.000 -9999.000 -9999.000 -9999.000 -9999.000 -9999.000 -9999.000 -9999.000 0.1103063E-02 0.4505500E-02 0.1111624E-01 0.1888733E-01 0.2635753E-01 0.3244788E-01 0.3681363E-01 0.3936146E-01 0.4012314E-01 0.3922907E-01 0.3680247E-01 0.3294253E-01 0.2759785E-01 0.2003201E-01 0.1033361E-01 0.1033361E-01 -9999.000 -9999.000 -9999.000 -9999.000 -9999.000 -9999.000 -9999.000 -9999.000 -9999.000 -9999.000 -9999.000 -9999.000 -9999.000 -9999.000 -9999.000 -9999.000 -9999.000 -9999.000 -9999.000 -9999.000 -9999.000 -9999.000 -9999.000 -9999.000 -9999.000 -9999.000 -9999.000
-9999.000 -9999.000 -9999.000 -9999.000 -9999.000 -9999.000 -9999.000 -9999.000 -9999.000 -9999.000 -9999.000 -9999.000 -9999.000 -9999.000 -9999.000 0.1324650E-02 0.5004702E-02 0.1194724E-01 0.2003586E-01 0.2777567E-01 0.3407427E-01 0.3860060E-01 0.4126734E-01 0.4211139E-01 0.4126993E-01 0.3886532E-01 0.3499301E-01 0.2958286E-01 0.2180506E-01 0.1140271E-01 0.1140271E-01 -9999.000 -9999.000 -9999.000 -9999.000 -9999.000 -9999.000 -9999.000 -9999.000 -9999.000 -9999.000 -9999.000 -9999.000 -9999.000 -9999.000 -9999.000 -9999.000 -9999.000 -9999.000 -9999.000 -9999.000 -9999.000 -9999.000 -9999.000 -9999.000 -9999.000 -9999.000 -9999.000
-9999.000 -9999.000 -9999.000 -9999.000 -9999.000 -9999.000 -9999.000 -9999.000 -9999.000 -9999.000 -9999.000 -9999.000 -9999.000 -9999.000 -9999.000 0.1595773E-02 0.5602015E-02 0.1291933E-01 0.2135788E-01 0.2939031E-01 0.3591341E-01 0.4061549E-01 0.4341720E-01 0.4436212E-01 0.4359626E-01 0.4124035E-01 0.3738483E-01 0.3193743E-01 0.2395440E-01 0.1271673E-01 0.1271673E-01 -9999.000 -9999.000 -9999.000 -9999.000 -9999.000 -9999.000 -9999.000 -9999.000 -9999.000 -9999.000 -9999.000 -9999.000 -9999.000 -9999.000 -9999.000 -9999.000 -9999.000 -9999.000 -9999.000 -9999.000 -9999.000 -9999.000 -9999.000 -9999.000 -9999.000 -9999.000 -9999.000
-9999.000 -9999.000 -9999.000 -9999.000 -9999.000 -9999.000 -9999.000 -9999.000 -9999.000 -9999.000 -9999.000 -9999.000 -9999.000 -9999.000 -9999.000 0.1927194E-02 0.6319412E-02 0.1406393E-01 0.2289442E-01 0.3125001E-01 0.3802025E-01 0.4291935E-01 0.4587866E-01 0.4695042E-01 0.4629118E-01 0.4401968E-01 0.4022146E-01 0.3477591E-01 0.2660265E-01 0.1435814E-01 0.1435814E-01 -9999.000 -9999.000 -9999.000 -9999.000 -9999.000 -9999.000 -9999.000 -9999.000 -9999.000 -9999.000 -9999.000 -9999.000 -9999.000 -9999.000 -9999.000 -9999.000 -9999.000 -9999.000 -9999.000 -9999.000 -9999.000 -9999.000 -9999.000 -9999.000 -9999.000 -9999.000 -9999.000
-9999.000 -9999.000 -9999.000 -9999.000 -9999.000 -9999.000 -9999.000 -9999.000 -9999.000 -9999.000 -9999.000 -9999.000 -9999.000 -9999.000 -9999.000 0.2332713E-02 0.7185286E-02 0.1542529E-01 0.2470391E-01 0.3342256E-01 0.4047097E-01 0.4559670E-01 0.4874479E-01 0.4997902E-01 0.4946955E-01 0.4733223E-01 0.4364755E-01 0.3826154E-01 0.2992730E-01 0.1644716E-01 0.1644716E-01 -9999.000 -9999.000 -9999.000 -9999.000 -9999.000 -9999.000 -9999.000 -9999.000 -9999.000 -9999.000 -9999.000 -9999.000 -9999.000 -9999.000 -9999.000 -9999.000 -9999.000 -9999.000 -9999.000 -9999.000 -9999.000 -9999.000 -9999.000 -9999.000 -9999.000 -9999.000 -9999.000
-9999.000 -9999.000 -9999.000 -9999.000 -9999.000 -9999.000 -9999.000 -9999.000 -9999.000 -9999.000 -9999.000 -9999.000 -9999.000 -9999.000 -9999.000 0.2862309E-02 0.8305886E-02 0.1717274E-01 0.2699620E-01 0.3611385E-01 0.4346935E-01 0.4884846E-01 0.5221523E-01 0.5364909E-01 0.5333780E-01 0.5139570E-01 0.4789764E-01 0.4265003E-01 0.3420297E-01 0.1916790E-01 0.1916790E-01 -9999.000 -9999.000 -9999.000 -9999.000 -9999.000 -9999.000 -9999.000 -9999.000 -9999.000 -9999.000 -9999.000 -9999.000 -9999.000 -9999.000 -9999.000 -9999.000 -9999.000 -9999.000 -9999.000 -9999.000 -9999.000 -9999.000 -9999.000 -9999.000 -9999.000 -9999.000 -9999.000
-9999.000 -9999.000 -9999.000 -9999.000 -9999.000 -9999.000 -9999.000 -9999.000 -9999.000 -9999.000 -9999.000 -9999.000 -9999.000 -9999.000 -9999.000 0.4968065E-02 0.1277454E-01 0.2414089E-01 0.3497693E-01 0.4389160E-01 0.5100190E-01 0.5608857E-01 0.5916474E-01 0.6035309E-01 0.5987211E-01 0.5783236E-01 0.5429904E-01 0.4902100E-01 0.4028732E-01 0.2302295E-01 0.2302295E-01 -9999.000 -9999.000 -9999.000 -9999.000 -9999.000 -9999.000 -9999.000 -9999.000 -9999.000 -9999.000 -9999.000 -9999.000 -9999.000 -9999.000 -9999.000 -9999.000 -9999.000 -9999.000 -9999.000 -9999.000 -9999.000 -9999.000 -9999.000 -9999.000 -9999.000 -9999.000 -9999.000
-9999.000 -9999.000 -9999.000 -9999.000 -9999.000 -9999.000 -9999.000 -9999.000 -9999.000 -9999.000 -9999.000 -9999.000 -9999.000 -9999.000 -9999.000 0.1016318 0.1556930 0.1823285 0.1745144 0.1491365 0.1308844 0.1149242 0.1011374 0.8933040E-01 0.7914076E-01 0.7007115E-01 0.6167603E-01 0.5318872E-01 0.4230982E-01 0.2046253E-01 0.2046253E-01 -9999.000 -9999.000 -9999.000 -9999.000 -9999.000 -9999.000 -9999.000 -9999.000 -9999.000 -9999.000 -9999.000 -9999.000 -9999.000 -9999.000 -9999.000 -9999.000 -9999.000 -9999.000 -9999.000 -9999.000 -9999.000 -9999.000 -9999.000 -9999.000 -9999.000 -9999.000 -9999.000
2.872185 2.872185 2.887538 2.890657 2.910536 2.910536 2.913155 2.912516 2.912516 2.908285 2.908285 2.901649 2.897683 2.893381 2.889176 2.889176 3.046673 3.051316 3.052628 3.047452 3.013648 2.956501 2.875962 2.770246 2.641865 2.493811 2.328806 2.155540 1.997924 1.925699 1.925699 2.771061 2.951420 3.058568 3.085787 3.085787 3.123670 3.123670 3.114013 3.114013 3.074273 2.903705 2.903705 2.588752 2.588752 2.181766 2.181766 2.181766 2.153320 2.153320 2.179996 2.179996 2.226915 2.226915 2.277295 2.277295 2.323171 2.323171
2.895255 2.895255 2.919947 2.945406 2.972567 2.972567 2.987234 3.009662 3.009662 3.028051 3.028051 3.043825 3.050990 3.057769 3.064566 3.064566 3.181320 3.201289 3.217364 3.230586 3.236459 3.235209 3.224967 3.202417 3.165171 3.111257 3.038897 2.948756 2.847326 2.762080 2.762080 3.215815 3.376781 3.533252 3.576231 3.576231 3.626831 3.626831 3.633016 3.633016 3.614796 3.518650 3.518650 3.332485 3.332485 3.020984 3.020984 3.020984 2.988989 2.988989 3.017824 3.017824 3.067531 3.067531 3.120445 3.120445 3.169276 3.169276
2.899535 2.899535 2.922785 2.947227 2.972205 2.972205 2.987570 3.010914 3.010914 3.029964 3.029964 3.046459 3.054020 3.061224 3.068510 3.068510 3.172423 3.205368 3.233547 3.257936 3.276758 3.290176 3.297974 3.298996 3.292035 3.275719 3.248272 3.208813 3.159994 3.118624 3.118624 3.373574 3.530897 3.714306 3.768431 3.768431 3.826628 3.826628 3.822110 3.822110 3.795206 3.696426 3.696426 3.557567 3.557567 3.311983 3.311983 3.311983 3.265299 3.265299 3.280999 3.280999 3.321811 3.321811 3.368536 3.368536 3.412852 3.412852
2.901644 2.901644 2.923625 2.947929 2.971374 2.971374 2.987131 3.010892 3.010892 3.030001 3.030001 3.046530 3.054111 3.061334 3.068715 3.068715 3.164335 3.207916 3.247247 3.281806 3.310242 3.332311 3.348072 3.357324 3.359890 3.355554 3.343794 3.324342 3.298907 3.278332 3.278332 3.432562 3.571330 3.762931 3.823402 3.823402 3.880631 3.880631 3.854321 3.854321 3.815190 3.718778 3.718778 3.625875 3.625875 3.449481 3.449481 3.449481 3.393605 3.393605 3.394542 3.394542 3.425583 3.425583 3.466756 3.466756 3.507646 3.507646
2.901244 2.901244 2.925485 2.947868 2.970381 2.970381 2.986561 3.010891 3.010891 3.030118 3.030118 3.046656 3.054240 3.061468 3.068986 3.068986 3.161139 3.213627 3.262886 3.306865 3.344132 3.374116 3.396731 3.411960 3.419911 3.420815 3.414862 3.402451 3.385261 3.370974 3.370974 3.464503 3.578037 3.759975 3.817766 3.817766 3.853554 3.853554 3.796244 3.796244 3.751763 3.680347 3.680347 3.637205 3.637205 3.530552 3.530552 3.530552 3.474916 3.474916 3.461730 3.461730 3.480463 3.480463 3.513988 3.513988 3.550171 3.550171
2.899727 2.899727 2.929556 2.947879 2.969711 2.969711 2.986130 3.010824 3.010824 3.030092 3.030092 3.046602 3.054171 3.061387 3.069082 3.069082 3.163537 3.223949 3.281913 3.334273 3.379417 3.416596 3.445580 3.466349 3.479038 3.483937 3.481440 3.472171 3.457698 3.443646 3.443646 3.496499 3.581673 3.734534 3.775757 3.775757 3.763748 3.763748 3.683333 3.683333 3.650498 3.625052 3.625052 3.627548 3.627548 3.582558 3.582558 3.582558 3.536866 3.536866 3.514285 3.514285 3.519867 3.519867 3.543361 3.543361 3.572710 3.572710
2.899876 2.899876 2.930990 2.947837 2.969289 2.969289 2.985856 3.010782 3.010782 3.030082 3.030082 3.046582 3.054144 3.061356 3.069309 3.069309 3.172656 3.240676 3.306291 3.365821 3.417600 3.460867 3.495360 3.521049 3.538052 3.546621 3.547127 3.540166 3.527018 3.511655 3.511655 3.536283 3.592244 3.691480 3.695999 3.695999 3.620912 3.620912 3.554268 3.554268 3.548499 3.573205 3.573205 3.610587 3.610587 3.614853 3.614853 3.614853 3.585802 3.585802 3.560916 3.560916 3.555268 3.555268 3.567339 3.567339 3.587730 3.587730
2.899940 2.899940 2.931438 2.947821 2.969149 2.969149 2.985765 3.010772 3.010772 3.030084 3.030084 3.046582 3.054143 3.061355 3.069677 3.069677 3.189520 3.265324 3.337718 3.403130 3.460104 3.508057 3.546825 3.576440 3.597029 3.608804 3.612066 3.607270 3.595340 3.578717 3.578717 3.583185 3.608871 3.616874 3.563173 3.563173 3.448913 3.448913 3.438999 3.438999 3.463375 3.527847 3.527847 3.589239 3.589239 3.631114 3.631114 3.631114 3.621520 3.621520 3.601216 3.601216 3.588592 3.588592 3.589495 3.589495 3.599409 3.599409
2.899860 2.899860 2.931049 2.947824 2.969289 2.969289 2.985859 3.010783 3.010783 3.030081 3.030081 3.046578 3.054141 3.061352 3.070182 3.070182 3.215569 3.299595 3.377944 3.447823 3.508329 3.559271 3.600739 3.632915 3.656002 3.670199 3.675738 3.672925 3.662252 3.644424 3.644424 3.632251 3.621111 3.482599 3.370492 3.370492 3.288118 3.288118 3.351841 3.351841 3.398105 3.487843 3.487843 3.565127 3.565127 3.635088 3.635088 3.635088 3.644446 3.644446 3.633512 3.633512 3.618757 3.618757 3.610298 3.610298 3.609117 3.609117
2.899650 2.899650 2.929809 2.947858 2.969721 2.969721 2.986145 3.010832 3.010832 3.030096 3.030096 3.046603 3.054171 3.061388 3.070923 3.070923 3.253052 3.345689 3.428964 3.501595 3.563643 3.615547 3.657803 3.690840 3.714987 3.730482 3.737509 3.736225 3.726539 3.706104 3.706104 3.672762 3.602044 3.271289 3.149314 3.149314 3.169295 3.169295 3.287237 3.287237 3.345415 3.449706 3.449706 3.537868 3.537868 3.628664 3.628664 3.628664 3.654533 3.654533 3.655081 3.655081 3.642313 3.642313 3.627363 3.627363 3.615572 3.615572
2.899355 2.899355 2.927568 2.947950 2.970433 2.970433 2.986588 3.010898 3.010898 3.030118 3.030118 3.046657 3.054240 3.061469 3.071974 3.071974 3.305335 3.406443 3.492998 3.566086 3.627185 3.677609 3.718387 3.750266 3.773747 3.789132 3.796579 3.796066 3.786252 3.756709 3.756709 3.677651 3.497377 3.017922 2.964026 2.964026 3.089454 3.089454 3.232841 3.232841 3.296687 3.409650 3.409650 3.505659 3.505659 3.611728 3.611728 3.611728 3.650861 3.650861 3.662732 3.662732 3.654611 3.654611 3.636173 3.636173 3.615193 3.615193
