cruce_test.gid/Rasters/Hydraulic/Velocity____60.0.asc
NCOLS        79
NROWS        79
XLLCENTER         -1.500000
YLLCENTER         -4.800000
CELLSIZE           0.100
NODATA_VALUE     -9999.0
[rows 0 to 26 of 79, columns 0 to 59 of 79]
-9999.000 -9999.000 -9999.000 -9999.000 -9999.000 -9999.000 -9999.000 -9999.000 -9999.000 -9999.000 -9999.000 -9999.000 -9999.000 -9999.000 -9999.000 0.2454126 0.2443257 0.2445465 0.2448982 0.2452886 0.2457125 0.2461783 0.2466960 0.2472771 0.2479369 0.2486999 0.2496080 0.2507345 0.2520706 0.2490413 0.2490413 -9999.000 -9999.000 -9999.000 -9999.000 -9999.000 -9999.000 -9999.000 -9999.000 -9999.000 -9999.000 -9999.000 -9999.000 -9999.000 -9999.000 -9999.000 -9999.000 -9999.000 -9999.000 -9999.000 -9999.000 -9999.000 -9999.000 -9999.000 -9999.000 -9999.000 -9999.000 -9999.000 -9999.000 -9999.000
-9999.000 -9999.000 -9999.000 -9999.000 -9999.000 -9999.000 -9999.000 -9999.000 -9999.000 -9999.000 -9999.000 -9999.000 -9999.000 -9999.000 -9999.000 0.2417928 0.2392757 0.2396959 0.2403918 0.2411625 0.2419902 0.2428881 0.2438758 0.2449795 0.2462356 0.2477030 0.2494803 0.2517252 0.2544023 0.2485808 0.2485808 -9999.000 -9999.000 -9999.000 -9999.000 -9999.000 -9999.000 -9999.000 -9999.000 -9999.000 -9999.000 -9999.000 -9999.000 -9999.000 -9999.000 -9999.000 -9999.000 -9999.000 -9999.000 -9999.000 -9999.000 -9999.000 -9999.000 -9999.000 -9999.000 -9999.000 -9999.000 -9999.000 -9999.000 -9999.000
-9999.000 -9999.000 -9999.000 -9999.000 -9999.000 -9999.000 -9999.000 -9999.000 -9999.000 -9999.000 -9999.000 -9999.000 -9999.000 -9999.000 -9999.000 0.2364620 0.2322672 0.2329690 0.2341887 0.2355780 0.2370946 0.2387521 0.2405804 0.2426217 0.2449373 0.2476210 0.2508211 0.2547568 0.2592816 0.2506070 0.2506070 -9999.000 -9999.000 -9999.000 -9999.000 -9999.000 -9999.000 -9999.000 -9999.000 -9999.000 -9999.000 -9999.000 -9999.000 -9999.000 -9999.000 -9999.000 -9999.000 -9999.000 -9999.000 -9999.000 -9999.000 -9999.000 -9999.000 -9999.000 -9999.000 -9999.000 -9999.000 -9999.000 -9999.000 -9999.000
-9999.000 -9999.000 -9999.000 -9999.000 -9999.000 -9999.000 -9999.000 -9999.000 -9999.000 -9999.000 -9999.000 -9999.000 -9999.000 -9999.000 -9999.000 0.2299691 0.2240803 0.2251535 0.2270357 0.2292170 0.2316270 0.2342764 0.2372022 0.2404609 0.2441355 0.2483540 0.2533141 0.2593004 0.2660514 0.2549638 0.2549638 -9999.000 -9999.000 -9999.000 -9999.000 -9999.000 -9999.000 -9999.000 -9999.000 -9999.000 -9999.000 -9999.000 -9999.000 -9999.000 -9999.000 -9999.000 -9999.000 -9999.000 -9999.000 -9999.000 -9999.000 -9999.000 -9999.000 -9999.000 -9999.000 -9999.000 -9999.000 -9999.000 -9999.000 -9999.000
-9999.000 -9999.000 -9999.000 -9999.000 -9999.000 -9999.000 -9999.000 -9999.000 -9999.000 -9999.000 -9999.000 -9999.000 -9999.000 -9999.000 -9999.000 0.2223527 0.2148220 0.2163582 0.2190330 0.2221638 0.2256479 0.2294925 0.2337401 0.2384616 0.2437640 0.2498128 0.2568633 0.2652779 0.2746850 0.2617032 0.2617032 -9999.000 -9999.000 -9999.000 -9999.000 -9999.000 -9999.000 -9999.000 -9999.000 -9999.000 -9999.000 -9999.000 -9999.000 -9999.000 -9999.000 -9999.000 -9999.000 -9999.000 -9999.000 -9999.000 -9999.000 -9999.000 -9999.000 -9999.000 -9999.000 -9999.000 -9999.000 -9999.000 -9999.000 -9999.000
-9999.000 -9999.000 -9999.000 -9999.000 -9999.000 -9999.000 -9999.000 -9999.000 -9999.000 -9999.000 -9999.000 -9999.000 -9999.000 -9999.000 -9999.000 0.2135967 0.2045625 0.2066611 0.2102536 0.2144801 0.2192039 0.2244270 0.2301993 0.2366082 0.2437897 0.2519565 0.2614359 0.2726898 0.2852570 0.2710089 0.2710089 -9999.000 -9999.000 -9999.000 -9999.000 -9999.000 -9999.000 -9999.000 -9999.000 -9999.000 -9999.000 -9999.000 -9999.000 -9999.000 -9999.000 -9999.000 -9999.000 -9999.000 -9999.000 -9999.000 -9999.000 -9999.000 -9999.000 -9999.000 -9999.000 -9999.000 -9999.000 -9999.000 -9999.000 -9999.000
-9999.000 -9999.000 -9999.000 -9999.000 -9999.000 -9999.000 -9999.000 -9999.000 -9999.000 -9999.000 -9999.000 -9999.000 -9999.000 -9999.000 -9999.000 0.2036269 0.1933371 0.1961139 0.2007518 0.2062169 0.2123377 0.2191115 0.2265981 0.2349060 0.2442099 0.2547839 0.2670502 0.2816043 0.2979383 0.2832077 0.2832077 -9999.000 -9999.000 -9999.000 -9999.000 -9999.000 -9999.000 -9999.000 -9999.000 -9999.000 -9999.000 -9999.000 -9999.000 -9999.000 -9999.000 -9999.000 -9999.000 -9999.000 -9999.000 -9999.000 -9999.000 -9999.000 -9999.000 -9999.000 -9999.000 -9999.000 -9999.000 -9999.000 -9999.000 -9999.000
-9999.000 -9999.000 -9999.000 -9999.000 -9999.000 -9999.000 -9999.000 -9999.000 -9999.000 -9999.000 -9999.000 -9999.000 -9999.000 -9999.000 -9999.000 0.1923143 0.1811511 0.1847499 0.1905723 0.1974236 0.2050981 0.2135899 0.2229724 0.2333838 0.2450499 0.2583282 0.2737690 0.2921532 0.3130021 0.2988023 0.2988023 -9999.000 -9999.000 -9999.000 -9999.000 -9999.000 -9999.000 -9999.000 -9999.000 -9999.000 -9999.000 -9999.000 -9999.000 -9999.000 -9999.000 -9999.000 -9999.000 -9999.000 -9999.000 -9999.000 -9999.000 -9999.000 -9999.000 -9999.000 -9999.000 -9999.000 -9999.000 -9999.000 -9999.000 -9999.000
-9999.000 -9999.000 -9999.000 -9999.000 -9999.000 -9999.000 -9999.000 -9999.000 -9999.000 -9999.000 -9999.000 -9999.000 -9999.000 -9999.000 -9999.000 0.1794817 0.1679871 0.1725942 0.1797627 0.1881614 0.1975524 0.2079298 0.2193863 0.2321003 0.2463676 0.2626586 0.2816997 0.3045343 0.3308397 0.3185356 0.3185356 -9999.000 -9999.000 -9999.000 -9999.000 -9999.000 -9999.000 -9999.000 -9999.000 -9999.000 -9999.000 -9999.000 -9999.000 -9999.000 -9999.000 -9999.000 -9999.000 -9999.000 -9999.000 -9999.000 -9999.000 -9999.000 -9999.000 -9999.000 -9999.000 -9999.000 -9999.000 -9999.000 -9999.000 -9999.000
-9999.000 -9999.000 -9999.000 -9999.000 -9999.000 -9999.000 -9999.000 -9999.000 -9999.000 -9999.000 -9999.000 -9999.000 -9999.000 -9999.000 -9999.000 0.1649101 0.1538128 0.1596768 0.1683910 0.1785232 0.1898084 0.2022441 0.2159506 0.2311618 0.2482671 0.2678907 0.2910025 0.3190223 0.3519938 0.3435126 0.3435126 -9999.000 -9999.000 -9999.000 -9999.000 -9999.000 -9999.000 -9999.000 -9999.000 -9999.000 -9999.000 -9999.000 -9999.000 -9999.000 -9999.000 -9999.000 -9999.000 -9999.000 -9999.000 -9999.000 -9999.000 -9999.000 -9999.000 -9999.000 -9999.000 -9999.000 -9999.000 -9999.000 -9999.000 -9999.000
-9999.000 -9999.000 -9999.000 -9999.000 -9999.000 -9999.000 -9999.000 -9999.000 -9999.000 -9999.000 -9999.000 -9999.000 -9999.000 -9999.000 -9999.000 0.1483492 0.1385918 0.1460529 0.1565732 0.1686670 0.1820485 0.1967259 0.2128592 0.2307559 0.2509304 0.2742137 0.3019121 0.3359926 0.3772120 0.3754283 0.3754283 -9999.000 -9999.000 -9999.000 -9999.000 -9999.000 -9999.000 -9999.000 -9999.000 -9999.000 -9999.000 -9999.000 -9999.000 -9999.000 -9999.000 -9999.000 -9999.000 -9999.000 -9999.000 -9999.000 -9999.000 -9999.000 -9999.000 -9999.000 -9999.000 -9999.000 -9999.000 -9999.000 -9999.000 -9999.000
-9999.000 -9999.000 -9999.000 -9999.000 -9999.000 -9999.000 -9999.000 -9999.000 -9999.000 -9999.000 -9999.000 -9999.000 -9999.000 -9999.000 -9999.000 0.1295285 0.1223073 0.1318439 0.1445264 0.1588736 0.1745918 0.1917137 0.2104549 0.2312197 0.2546842 0.2819512 0.3147891 0.3559670 0.4075381 0.4170226 0.4170226 -9999.000 -9999.000 -9999.000 -9999.000 -9999.000 -9999.000 -9999.000 -9999.000 -9999.000 -9999.000 -9999.000 -9999.000 -9999.000 -9999.000 -9999.000 -9999.000 -9999.000 -9999.000 -9999.000 -9999.000 -9999.000 -9999.000 -9999.000 -9999.000 -9999.000 -9999.000 -9999.000 -9999.000 -9999.000
-9999.000 -9999.000 -9999.000 -9999.000 -9999.000 -9999.000 -9999.000 -9999.000 -9999.000 -9999.000 -9999.000 -9999.000 -9999.000 -9999.000 -9999.000 0.1081805 0.1050198 0.1173278 0.1326731 0.1496571 0.1680098 0.1878125 0.2093599 0.2331780 0.2601424 0.2917010 0.3302442 0.3797168 0.4444624 0.4730755 0.4730755 -9999.000 -9999.000 -9999.000 -9999.000 -9999.000 -9999.000 -9999.000 -9999.000 -9999.000 -9999.000 -9999.000 -9999.000 -9999.000 -9999.000 -9999.000 -9999.000 -9999.000 -9999.000 -9999.000 -9999.000 -9999.000 -9999.000 -9999.000 -9999.000 -9999.000 -9999.000 -9999.000 -9999.000 -9999.000
-9999.000 -9999.000 -9999.000 -9999.000 -9999.000 -9999.000 -9999.000 -9999.000 -9999.000 -9999.000 -9999.000 -9999.000 -9999.000 -9999.000 -9999.000 0.8405916E-01 0.8707961E-01 0.1032678 0.1220186 0.1421601 0.1635236 0.1862918 0.2108744 0.2379473 0.2686184 0.3047468 0.3495194 0.4085672 0.4902188 0.5529415 0.5529415 -9999.000 -9999.000 -9999.000 -9999.000 -9999.000 -9999.000 -9999.000 -9999.000 -9999.000 -9999.000 -9999.000 -9999.000 -9999.000 -9999.000 -9999.000 -9999.000 -9999.000 -9999.000 -9999.000 -9999.000 -9999.000 -9999.000 -9999.000 -9999.000 -9999.000 -9999.000 -9999.000 -9999.000 -9999.000
-9999.000 -9999.000 -9999.000 -9999.000 -9999.000 -9999.000 -9999.000 -9999.000 -9999.000 -9999.000 -9999.000 -9999.000 -9999.000 -9999.000 -9999.000 0.5765307E-01 0.7812509E-01 0.1035511 0.1278732 0.1514925 0.1750906 0.1994273 0.2253582 0.2539521 0.2867288 0.3261032 0.3762680 0.4451827 0.5479210 0.6766666 0.6766666 -9999.000 -9999.000 -9999.000 -9999.000 -9999.000 -9999.000 -9999.000 -9999.000 -9999.000 -9999.000 -9999.000 -9999.000 -9999.000 -9999.000 -9999.000 -9999.000 -9999.000 -9999.000 -9999.000 -9999.000 -9999.000 -9999.000 -9999.000 -9999.000 -9999.000 -9999.000 -9999.000 -9999.000 -9999.000
1.538054 1.538054 1.609827 1.644628 1.653526 1.653526 1.659926 1.668116 1.668116 1.544087 1.544087 1.332669 1.290572 1.241997 1.179122 1.179122 1.035307 0.9715484 0.9017602 0.8286251 0.7553430 0.6856665 0.6237367 0.5739263 0.5408414 0.5296426 0.5469534 0.6032196 0.7183623 0.9510121 0.9510121 1.536077 1.736394 1.817472 1.786030 1.786030 1.652361 1.652361 1.462070 1.462070 1.166502 0.8929370 0.8929370 0.8806031 0.8806031 0.9184129 0.9184129 0.9184129 0.9673890 0.9673890 1.010076 1.010076 1.045848 1.045848 1.090582 1.090582 1.118437 1.118437 1.118437 1.139348
1.551913 1.551913 1.628951 1.677534 1.693696 1.693696 1.707441 1.730383 1.730383 1.651765 1.651765 1.427913 1.393589 1.355423 1.313254 1.313254 1.256519 1.229841 1.195221 1.152408 1.102003 1.045546 0.9856405 0.9261261 0.8723237 0.8313451 0.8125817 0.8287107 0.8978416 1.050676 1.050676 1.480314 1.632876 1.734084 1.748597 1.748597 1.731996 1.731996 1.651030 1.651030 1.516022 1.178358 1.178358 1.168585 1.168585 1.216388 1.216388 1.216388 1.268641 1.268641 1.315109 1.315109 1.340930 1.340930 1.395869 1.395869 1.429804 1.429804 1.429804 1.457327
1.555140 1.555140 1.630291 1.678040 1.694169 1.694169 1.707990 1.731257 1.731257 1.670969 1.670969 1.436128 1.408161 1.378797 1.349016 1.349016 1.321526 1.312642 1.299489 1.280881 1.256229 1.225603 1.189869 1.150912 1.111941 1.077911 1.056141 1.057362 1.097728 1.205794 1.205794 1.543159 1.681278 1.792352 1.817847 1.817847 1.823691 1.823691 1.775114 1.775114 1.703320 1.432612 1.432612 1.372931 1.372931 1.406388 1.406388 1.406388 1.454836 1.454836 1.495565 1.495565 1.527034 1.527034 1.567170 1.567170 1.596266 1.596266 1.596266 1.619070
1.557639 1.557639 1.631380 1.678257 1.694227 1.694227 1.707977 1.731226 1.731226 1.686896 1.686896 1.441520 1.418336 1.395127 1.372952 1.372952 1.360111 1.358857 1.355412 1.348963 1.339014 1.325366 1.308220 1.288395 1.267605 1.248843 1.236915 1.239360 1.268469 1.349370 1.349370 1.611060 1.732693 1.836824 1.859429 1.859429 1.865817 1.865817 1.838199 1.838199 1.804812 1.631077 1.631077 1.529095 1.529095 1.547812 1.547812 1.547812 1.588939 1.588939 1.624802 1.624802 1.653289 1.653289 1.685520 1.685520 1.710956 1.710956 1.710956 1.730510
1.559511 1.559511 1.632265 1.678447 1.694274 1.694274 1.707954 1.731182 1.731182 1.702019 1.702019 1.447708 1.428860 1.411052 1.395185 1.395185 1.394442 1.397864 1.399364 1.398766 1.396125 1.391609 1.385494 1.378282 1.370929 1.365148 1.363823 1.371714 1.397417 1.462658 1.462658 1.668173 1.770881 1.856755 1.870672 1.870672 1.870165 1.870165 1.860573 1.860573 1.851836 1.767635 1.767635 1.664509 1.664509 1.653050 1.653050 1.653050 1.686033 1.686033 1.717857 1.717857 1.744041 1.744041 1.770979 1.770979 1.793332 1.793332 1.793332 1.810311
1.560808 1.560808 1.632916 1.678598 1.694311 1.694311 1.707934 1.731146 1.731146 1.708770 1.708770 1.454530 1.439733 1.426928 1.416985 1.416985 1.429190 1.436924 1.441933 1.444589 1.445496 1.445344 1.444791 1.444480 1.445152 1.447839 1.454103 1.466376 1.490012 1.542833 1.542833 1.709754 1.790591 1.848136 1.851611 1.851611 1.849413 1.849413 1.861070 1.861070 1.869334 1.849354 1.849354 1.777307 1.777307 1.739291 1.739291 1.739291 1.761139 1.761139 1.787786 1.787786 1.811353 1.811353 1.834334 1.834334 1.853586 1.853586 1.853586 1.868025
1.561571 1.561571 1.633314 1.678695 1.694335 1.694335 1.707921 1.731122 1.731122 1.715452 1.715452 1.460928 1.450228 1.442370 1.438431 1.438431 1.465854 1.478271 1.486549 1.491545 1.494307 1.495993 1.497698 1.500376 1.504863 1.511931 1.522254 1.535993 1.555589 1.596365 1.596365 1.728708 1.785400 1.808422 1.805660 1.805660 1.815207 1.815207 1.850831 1.850831 1.871320 1.891138 1.891138 1.860293 1.860293 1.813421 1.813421 1.813421 1.822874 1.822874 1.842537 1.842537 1.862463 1.862463 1.881574 1.881574 1.897459 1.897459 1.897459 1.909202
1.561822 1.561822 1.633448 1.678728 1.694343 1.694343 1.707917 1.731113 1.731113 1.720831 1.720831 1.466999 1.460035 1.456868 1.459064 1.459064 1.505242 1.522951 1.534672 1.541770 1.545653 1.547882 1.549960 1.553192 1.558640 1.567071 1.578512 1.590005 1.600843 1.624947 1.624947 1.721069 1.748652 1.742015 1.742866 1.742866 1.777384 1.777384 1.835516 1.835516 1.864729 1.908122 1.908122 1.912222 1.912222 1.875808 1.875808 1.875808 1.875561 1.875561 1.887286 1.887286 1.902220 1.902220 1.916936 1.916936 1.929175 1.929175 1.929175 1.938043
1.561571 1.561571 1.633314 1.678696 1.694335 1.694335 1.707921 1.731122 1.731122 1.724848 1.724848 1.472775 1.469122 1.470229 1.478474 1.478474 1.548235 1.571795 1.587235 1.596479 1.601185 1.603254 1.604578 1.606832 1.611368 1.619115 1.629560 1.633876 1.627358 1.626656 1.626656 1.679689 1.675725 1.661582 1.675966 1.675966 1.741011 1.741011 1.817301 1.817301 1.852751 1.910565 1.910565 1.938998 1.938998 1.924365 1.924365 1.924365 1.920115 1.920115 1.924806 1.924806 1.933784 1.933784 1.943449 1.943449 1.951554 1.951554 1.951554 1.957270
1.560808 1.560808 1.632916 1.678598 1.694311 1.694311 1.707934 1.731147 1.731147 1.727643 1.727643 1.478271 1.477488 1.482374 1.496182 1.496182 1.596705 1.626352 1.645241 1.656450 1.661812 1.663391 1.663321 1.663602 1.665941 1.671591 1.679402 1.668284 1.629497 1.596637 1.596637 1.600469 1.572435 1.580757 1.612615 1.612615 1.706953 1.706953 1.796991 1.796991 1.837116 1.904462 1.904462 1.948652 1.948652 1.958119 1.958119 1.958119 1.955779 1.955779 1.955983 1.955983 1.959055 1.959055 1.963127 1.963127 1.966566 1.966566 1.966566 1.968846
1.559510 1.559510 1.632265 1.678448 1.694274 1.694274 1.707954 1.731184 1.731184 1.729331 1.729331 1.483517 1.485101 1.493251 1.511861 1.511861 1.652593 1.687512 1.710035 1.723028 1.728674 1.729273 1.727213 1.724804 1.724078 1.726571 1.729337 1.686382 1.594399 1.523160 1.523160 1.482844 1.457792 1.508836 1.551891 1.551891 1.675621 1.675621 1.776152 1.776152 1.819890 1.893846 1.893846 1.948077 1.948077 1.978490 1.978490 1.978490 1.981940 1.981940 1.980738 1.980738 1.978943 1.978943 1.977330 1.977330 1.975767 1.975767 1.975767 1.974448
1.557639 1.557639 1.631380 1.678257 1.694227 1.694227 1.707977 1.731228 1.731228 1.730018 1.730018 1.488684 1.492010 1.503121 1.528037 1.528037 1.717220 1.758153 1.783753 1.797781 1.802974 1.801900 1.797162 1.791330 1.786736 1.785177 1.778549 1.666204 1.510976 1.407947 1.407947 1.346920 1.346635 1.445765 1.507340 1.507340 1.646363 1.646363 1.755838 1.755838 1.802325 1.880777 1.880777 1.941350 1.941350 1.987614 1.987614 1.987614 1.998104 1.998104 1.997931 1.997931 1.992838 1.992838 1.986078 1.986078 1.979624 1.979624 1.979624 1.974826
