cruce_test.gid/Rasters/Hydraulic/Velocity____173.0.asc
NCOLS        79
NROWS        79
XLLCENTER         -1.500000
YLLCENTER         -4.800000
CELLSIZE           0.100
NODATA_VALUE     -9999.0
[rows 0 to 26 of 79, columns 0 to 59 of 79]
-9999.000 -9999.000 -9999.000 -9999.000 -9999.000 -9999.000 -9999.000 -9999.000 -9999.000 -9999.000 -9999.000 -9999.000 -9999.000 -9999.000 -9999.000 0.9921077E-01 0.9722605E-01 0.9676015E-01 0.9715585E-01 0.9790099E-01 0.9873443E-01 0.9954926E-01 0.1002676 0.1007930 0.1011755 0.1014266 0.1015990 0.1018768 0.1028240 0.1037650 0.1037650 -9999.000 -9999.000 -9999.000 -9999.000 -9999.000 -9999.000 -9999.000 -9999.000 -9999.000 -9999.000 -9999.000 -9999.000 -9999.000 -9999.000 -9999.000 -9999.000 -9999.000 -9999.000 -9999.000 -9999.000 -9999.000 -9999.000 -9999.000 -9999.000 -9999.000 -9999.000 -9999.000 -9999.000 -9999.000
-9999.000 -9999.000 -9999.000 -9999.000 -9999.000 -9999.000 -9999.000 -9999.000 -9999.000 -9999.000 -9999.000 -9999.000 -9999.000 -9999.000 -9999.000 0.9768165E-01 0.9362683E-01 0.9270205E-01 0.9357730E-01 0.9517904E-01 0.9697577E-01 0.9875523E-01 0.1003595 0.1015793 0.1025074 0.1031616 0.1036539 0.1043914 0.1066137 0.1091447 0.1091447 -9999.000 -9999.000 -9999.000 -9999.000 -9999.000 -9999.000 -9999.000 -9999.000 -9999.000 -9999.000 -9999.000 -9999.000 -9999.000 -9999.000 -9999.000 -9999.000 -9999.000 -9999.000 -9999.000 -9999.000 -9999.000 -9999.000 -9999.000 -9999.000 -9999.000 -9999.000 -9999.000 -9999.000 -9999.000
-9999.000 -9999.000 -9999.000 -9999.000 -9999.000 -9999.000 -9999.000 -9999.000 -9999.000 -9999.000 -9999.000 -9999.000 -9999.000 -9999.000 -9999.000 0.9473747E-01 0.8850032E-01 0.8702764E-01 0.8844994E-01 0.9105328E-01 0.9400191E-01 0.9697530E-01 0.9973750E-01 0.1019566 0.1037747 0.1052061 0.1064119 0.1080266 0.1120228 0.1169374 0.1169374 -9999.000 -9999.000 -9999.000 -9999.000 -9999.000 -9999.000 -9999.000 -9999.000 -9999.000 -9999.000 -9999.000 -9999.000 -9999.000 -9999.000 -9999.000 -9999.000 -9999.000 -9999.000 -9999.000 -9999.000 -9999.000 -9999.000 -9999.000 -9999.000 -9999.000 -9999.000 -9999.000 -9999.000 -9999.000
-9999.000 -9999.000 -9999.000 -9999.000 -9999.000 -9999.000 -9999.000 -9999.000 -9999.000 -9999.000 -9999.000 -9999.000 -9999.000 -9999.000 -9999.000 0.9116822E-01 0.8281918E-01 0.8079805E-01 0.8279757E-01 0.8644204E-01 0.9058656E-01 0.9481163E-01 0.9881260E-01 0.1021354 0.1049753 0.1073339 0.1094104 0.1120631 0.1180218 0.1258566 0.1258566 -9999.000 -9999.000 -9999.000 -9999.000 -9999.000 -9999.000 -9999.000 -9999.000 -9999.000 -9999.000 -9999.000 -9999.000 -9999.000 -9999.000 -9999.000 -9999.000 -9999.000 -9999.000 -9999.000 -9999.000 -9999.000 -9999.000 -9999.000 -9999.000 -9999.000 -9999.000 -9999.000 -9999.000 -9999.000
-9999.000 -9999.000 -9999.000 -9999.000 -9999.000 -9999.000 -9999.000 -9999.000 -9999.000 -9999.000 -9999.000 -9999.000 -9999.000 -9999.000 -9999.000 0.8720654E-01 0.7677756E-01 0.7420847E-01 0.7682008E-01 0.8154453E-01 0.8691989E-01 0.9243561E-01 0.9772658E-01 0.1022144 0.1061551 0.1095295 0.1125711 0.1163668 0.1244438 0.1357510 0.1357510 -9999.000 -9999.000 -9999.000 -9999.000 -9999.000 -9999.000 -9999.000 -9999.000 -9999.000 -9999.000 -9999.000 -9999.000 -9999.000 -9999.000 -9999.000 -9999.000 -9999.000 -9999.000 -9999.000 -9999.000 -9999.000 -9999.000 -9999.000 -9999.000 -9999.000 -9999.000 -9999.000 -9999.000 -9999.000
-9999.000 -9999.000 -9999.000 -9999.000 -9999.000 -9999.000 -9999.000 -9999.000 -9999.000 -9999.000 -9999.000 -9999.000 -9999.000 -9999.000 -9999.000 0.8294748E-01 0.7046188E-01 0.6735881E-01 0.7063130E-01 0.7648054E-01 0.8311781E-01 0.8995253E-01 0.9656856E-01 0.1022598 0.1073520 0.1117994 0.1158676 0.1208828 0.1312233 0.1466240 0.1466240 -9999.000 -9999.000 -9999.000 -9999.000 -9999.000 -9999.000 -9999.000 -9999.000 -9999.000 -9999.000 -9999.000 -9999.000 -9999.000 -9999.000 -9999.000 -9999.000 -9999.000 -9999.000 -9999.000 -9999.000 -9999.000 -9999.000 -9999.000 -9999.000 -9999.000 -9999.000 -9999.000 -9999.000 -9999.000
-9999.000 -9999.000 -9999.000 -9999.000 -9999.000 -9999.000 -9999.000 -9999.000 -9999.000 -9999.000 -9999.000 -9999.000 -9999.000 -9999.000 -9999.000 0.7841968E-01 0.6390627E-01 0.6030419E-01 0.6430453E-01 0.7132728E-01 0.7925266E-01 0.8742590E-01 0.9539123E-01 0.1023097 0.1085901 0.1141504 0.1192895 0.1255877 0.1383417 0.1585730 0.1585730 -9999.000 -9999.000 -9999.000 -9999.000 -9999.000 -9999.000 -9999.000 -9999.000 -9999.000 -9999.000 -9999.000 -9999.000 -9999.000 -9999.000 -9999.000 -9999.000 -9999.000 -9999.000 -9999.000 -9999.000 -9999.000 -9999.000 -9999.000 -9999.000 -9999.000 -9999.000 -9999.000 -9999.000 -9999.000
-9999.000 -9999.000 -9999.000 -9999.000 -9999.000 -9999.000 -9999.000 -9999.000 -9999.000 -9999.000 -9999.000 -9999.000 -9999.000 -9999.000 -9999.000 0.7361867E-01 0.5712035E-01 0.5308732E-01 0.5790512E-01 0.6614965E-01 0.7537884E-01 0.8489867E-01 0.9422798E-01 0.1023872 0.1098833 0.1165871 0.1228320 0.1304720 0.1458033 0.1717657 0.1717657 -9999.000 -9999.000 -9999.000 -9999.000 -9999.000 -9999.000 -9999.000 -9999.000 -9999.000 -9999.000 -9999.000 -9999.000 -9999.000 -9999.000 -9999.000 -9999.000 -9999.000 -9999.000 -9999.000 -9999.000 -9999.000 -9999.000 -9999.000 -9999.000 -9999.000 -9999.000 -9999.000 -9999.000 -9999.000
-9999.000 -9999.000 -9999.000 -9999.000 -9999.000 -9999.000 -9999.000 -9999.000 -9999.000 -9999.000 -9999.000 -9999.000 -9999.000 -9999.000 -9999.000 0.6852213E-01 0.5010485E-01 0.4576498E-01 0.5151868E-01 0.6102130E-01 0.7154983E-01 0.8240774E-01 0.9310462E-01 0.1025088 0.1112417 0.1191127 0.1264924 0.1355320 0.1536247 0.1864392 0.1864392 -9999.000 -9999.000 -9999.000 -9999.000 -9999.000 -9999.000 -9999.000 -9999.000 -9999.000 -9999.000 -9999.000 -9999.000 -9999.000 -9999.000 -9999.000 -9999.000 -9999.000 -9999.000 -9999.000 -9999.000 -9999.000 -9999.000 -9999.000 -9999.000 -9999.000 -9999.000 -9999.000 -9999.000 -9999.000
-9999.000 -9999.000 -9999.000 -9999.000 -9999.000 -9999.000 -9999.000 -9999.000 -9999.000 -9999.000 -9999.000 -9999.000 -9999.000 -9999.000 -9999.000 0.6309521E-01 0.4286154E-01 0.3844462E-01 0.4528509E-01 0.5604552E-01 0.6783149E-01 0.7999464E-01 0.9204816E-01 0.1026909 0.1126753 0.1217311 0.1302689 0.1407662 0.1618292 0.2029139 0.2029139 -9999.000 -9999.000 -9999.000 -9999.000 -9999.000 -9999.000 -9999.000 -9999.000 -9999.000 -9999.000 -9999.000 -9999.000 -9999.000 -9999.000 -9999.000 -9999.000 -9999.000 -9999.000 -9999.000 -9999.000 -9999.000 -9999.000 -9999.000 -9999.000 -9999.000 -9999.000 -9999.000 -9999.000 -9999.000
-9999.000 -9999.000 -9999.000 -9999.000 -9999.000 -9999.000 -9999.000 -9999.000 -9999.000 -9999.000 -9999.000 -9999.000 -9999.000 -9999.000 -9999.000 0.5729151E-01 0.3541062E-01 0.3136315E-01 0.3945380E-01 0.5137886E-01 0.6431550E-01 0.7771415E-01 0.9109356E-01 0.1029547 0.1141985 0.1244492 0.1341626 0.1461758 0.1704453 0.2216213 0.2216213 -9999.000 -9999.000 -9999.000 -9999.000 -9999.000 -9999.000 -9999.000 -9999.000 -9999.000 -9999.000 -9999.000 -9999.000 -9999.000 -9999.000 -9999.000 -9999.000 -9999.000 -9999.000 -9999.000 -9999.000 -9999.000 -9999.000 -9999.000 -9999.000 -9999.000 -9999.000 -9999.000 -9999.000 -9999.000
-9999.000 -9999.000 -9999.000 -9999.000 -9999.000 -9999.000 -9999.000 -9999.000 -9999.000 -9999.000 -9999.000 -9999.000 -9999.000 -9999.000 -9999.000 0.5105282E-01 0.2783182E-01 0.2508062E-01 0.3447639E-01 0.4726556E-01 0.6113564E-01 0.7564503E-01 0.9029214E-01 0.1033348 0.1158358 0.1272819 0.1381797 0.1517652 0.1795070 0.2431536 0.2431536 -9999.000 -9999.000 -9999.000 -9999.000 -9999.000 -9999.000 -9999.000 -9999.000 -9999.000 -9999.000 -9999.000 -9999.000 -9999.000 -9999.000 -9999.000 -9999.000 -9999.000 -9999.000 -9999.000 -9999.000 -9999.000 -9999.000 -9999.000 -9999.000 -9999.000 -9999.000 -9999.000 -9999.000 -9999.000
-9999.000 -9999.000 -9999.000 -9999.000 -9999.000 -9999.000 -9999.000 -9999.000 -9999.000 -9999.000 -9999.000 -9999.000 -9999.000 -9999.000 -9999.000 0.4430452E-01 0.2041226E-01 0.2089191E-01 0.3112318E-01 0.4408208E-01 0.5849473E-01 0.7391006E-01 0.8972666E-01 0.1038907 0.1176333 0.1302617 0.1423403 0.1575494 0.1890587 0.2683413 0.2683413 -9999.000 -9999.000 -9999.000 -9999.000 -9999.000 -9999.000 -9999.000 -9999.000 -9999.000 -9999.000 -9999.000 -9999.000 -9999.000 -9999.000 -9999.000 -9999.000 -9999.000 -9999.000 -9999.000 -9999.000 -9999.000 -9999.000 -9999.000 -9999.000 -9999.000 -9999.000 -9999.000 -9999.000 -9999.000
-9999.000 -9999.000 -9999.000 -9999.000 -9999.000 -9999.000 -9999.000 -9999.000 -9999.000 -9999.000 -9999.000 -9999.000 -9999.000 -9999.000 -9999.000 0.3679668E-01 0.1464991E-01 0.2170654E-01 0.3119649E-01 0.4301454E-01 0.5720957E-01 0.7309100E-01 0.8982078E-01 0.1049398 0.1198312 0.1335666 0.1467737 0.1636220 0.1991975 0.2984196 0.2984196 -9999.000 -9999.000 -9999.000 -9999.000 -9999.000 -9999.000 -9999.000 -9999.000 -9999.000 -9999.000 -9999.000 -9999.000 -9999.000 -9999.000 -9999.000 -9999.000 -9999.000 -9999.000 -9999.000 -9999.000 -9999.000 -9999.000 -9999.000 -9999.000 -9999.000 -9999.000 -9999.000 -9999.000 -9999.000
-9999.000 -9999.000 -9999.000 -9999.000 -9999.000 -9999.000 -9999.000 -9999.000 -9999.000 -9999.000 -9999.000 -9999.000 -9999.000 -9999.000 -9999.000 0.5586409E-01 0.8549274E-01 0.9854601E-01 0.9268255E-01 0.9001771E-01 0.9081306E-01 0.9571922E-01 0.1046359 0.1147500 0.1267643 0.1389931 0.1517101 0.1693438 0.2089690 0.3325571 0.3325571 -9999.000 -9999.000 -9999.000 -9999.000 -9999.000 -9999.000 -9999.000 -9999.000 -9999.000 -9999.000 -9999.000 -9999.000 -9999.000 -9999.000 -9999.000 -9999.000 -9999.000 -9999.000 -9999.000 -9999.000 -9999.000 -9999.000 -9999.000 -9999.000 -9999.000 -9999.000 -9999.000 -9999.000 -9999.000
2.710975 2.710975 2.724372 2.784828 2.790049 2.790049 2.792701 2.793911 2.793911 2.791729 2.791729 2.787261 2.784386 2.781168 2.777658 2.777658 2.869800 2.871909 2.872114 2.853237 2.815227 2.757202 2.678382 2.576098 2.455394 2.316415 2.162830 2.003595 1.863303 1.813878 1.813878 2.598014 2.761292 2.855728 2.879719 2.879719 2.912497 2.912497 2.898582 2.898582 2.858127 2.690068 2.690068 2.347130 2.347130 2.016364 2.016364 2.016364 1.996701 1.996701 2.024958 2.024958 2.069509 2.069509 2.116823 2.116823 2.159403 2.159403 2.159403 2.193353
2.732991 2.732991 2.754598 2.834405 2.850747 2.850747 2.864497 2.887728 2.887728 2.907328 2.907328 2.924436 2.932277 2.939730 2.946846 2.946846 3.012649 3.025918 3.038286 3.046686 3.050663 3.048744 3.038627 3.016932 2.982358 2.932356 2.865554 2.782717 2.689956 2.616382 2.616382 3.032326 3.178123 3.320665 3.359805 3.359805 3.404873 3.404873 3.407295 3.407295 3.388203 3.294106 3.294106 3.101300 3.101300 2.824390 2.824390 2.824390 2.802143 2.802143 2.832252 2.832252 2.879997 2.879997 2.929904 2.929904 2.975517 2.975517 2.975517 3.013879
2.736948 2.736948 2.759040 2.834569 2.851162 2.851162 2.865187 2.888950 2.888950 2.909129 2.909129 2.926916 2.935138 2.942997 2.950541 2.950541 3.008439 3.031313 3.053541 3.073287 3.089928 3.102965 3.111667 3.114582 3.110940 3.099106 3.077407 3.045029 3.004310 2.971760 2.971760 3.202721 3.342249 3.505285 3.553383 3.553383 3.603156 3.603156 3.594112 3.594112 3.567390 3.475545 3.475545 3.339194 3.339194 3.108814 3.108814 3.108814 3.071573 3.071573 3.089717 3.089717 3.129155 3.129155 3.173046 3.173046 3.214185 3.214185 3.214185 3.249256
2.738842 2.738842 2.764687 2.834045 2.850812 2.850812 2.864974 2.888856 2.888856 2.909128 2.909128 2.927070 2.935384 2.943337 2.950970 2.950970 3.004595 3.035816 3.067359 3.096509 3.121946 3.143091 3.159640 3.171115 3.177483 3.178396 3.173304 3.161893 3.145574 3.134509 3.134509 3.275218 3.397929 3.564982 3.616632 3.616632 3.660362 3.660362 3.628347 3.628347 3.591361 3.506578 3.506578 3.419467 3.419467 3.244883 3.244883 3.244883 3.195813 3.195813 3.200169 3.200169 3.230910 3.230910 3.269837 3.269837 3.307832 3.307832 3.307832 3.340560
2.735826 2.735826 2.772702 2.833643 2.850677 2.850677 2.865038 2.889056 2.889056 2.909313 2.909313 2.927212 2.935504 2.943436 2.951051 2.951051 3.004093 3.042809 3.082975 3.120806 3.154401 3.182909 3.206000 3.223455 3.235403 3.242008 3.243410 3.239936 3.232996 3.229551 3.229551 3.318305 3.420069 3.576461 3.622441 3.622441 3.638222 3.638222 3.575624 3.575624 3.535852 3.477690 3.477690 3.439642 3.439642 3.326851 3.326851 3.326851 3.273940 3.273940 3.264251 3.264251 3.283916 3.283916 3.316151 3.316151 3.349993 3.349993 3.349993 3.379694
2.735816 2.735816 2.777573 2.833188 2.850432 2.850432 2.864960 2.889088 2.889088 2.909335 2.909335 2.927217 2.935503 2.943434 2.951048 2.951048 3.008188 3.054214 3.102378 3.148087 3.189089 3.224366 3.253525 3.276408 3.293135 3.303964 3.309243 3.309533 3.306191 3.304203 3.304203 3.358979 3.437499 3.565274 3.590935 3.590935 3.553234 3.553234 3.471982 3.471982 3.445056 3.430074 3.430074 3.435038 3.435038 3.380649 3.380649 3.380649 3.333751 3.333751 3.313679 3.313679 3.321128 3.321128 3.344471 3.344471 3.372282 3.372282 3.372282 3.397520
2.735838 2.735838 2.780394 2.832912 2.850270 2.850270 2.864903 2.889104 2.889104 2.909345 2.909345 2.927216 2.935501 2.943430 2.951044 2.951044 3.017761 3.071450 3.127119 3.179859 3.227360 3.268589 3.303155 3.330943 3.352051 3.366720 3.375302 3.378345 3.376979 3.374640 3.374640 3.405975 3.459883 3.532454 3.516432 3.516432 3.416058 3.416058 3.353619 3.353619 3.352386 3.382436 3.382436 3.419728 3.419728 3.414219 3.414219 3.414219 3.381267 3.381267 3.357218 3.357218 3.353740 3.353740 3.366755 3.366755 3.386596 3.386596 3.386596 3.405696
2.735850 2.735850 2.781318 2.832822 2.850215 2.850215 2.864883 2.889110 2.889110 2.909349 2.909349 2.927216 2.935501 2.943429 2.951042 2.951042 3.033903 3.095984 3.158812 3.217734 3.270697 3.316846 3.355895 3.387809 3.412707 3.430804 3.442404 3.447959 3.448284 3.445362 3.445362 3.459550 3.485834 3.459189 3.382016 3.382016 3.252827 3.252827 3.247697 3.247697 3.273696 3.338793 3.338793 3.398241 3.398241 3.431011 3.431011 3.431011 3.416203 3.416203 3.394980 3.394980 3.384096 3.384096 3.386724 3.386724 3.397113 3.397113 3.397113 3.408466
2.735837 2.735837 2.780394 2.832913 2.850270 2.850270 2.864903 2.889104 2.889104 2.909345 2.909345 2.927217 2.935502 2.943430 2.951044 2.951044 3.058172 3.129573 3.199278 3.263493 3.320761 3.370600 3.412956 3.447946 3.475756 3.496612 3.510778 3.518591 3.520490 3.516642 3.516642 3.515034 3.502498 3.315428 3.186790 3.186790 3.102823 3.102823 3.166933 3.166933 3.212223 3.299384 3.299384 3.373419 3.373419 3.434909 3.434909 3.434909 3.438694 3.438694 3.425456 3.425456 3.411663 3.411663 3.405262 3.405262 3.405470 3.405470 3.405470 3.407750
2.735816 2.735816 2.777573 2.833189 2.850433 2.850433 2.864960 2.889088 2.889088 2.909335 2.909335 2.927216 2.935503 2.943434 2.951047 2.951047 3.092896 3.174519 3.250709 3.319176 3.379400 3.431482 3.475725 3.512473 3.542037 3.564696 3.580698 3.590275 3.593282 3.586263 3.586263 3.560031 3.476160 3.092987 2.970410 2.970410 2.992734 2.992734 3.105870 3.105870 3.161569 3.261395 3.261395 3.345328 3.345328 3.427958 3.427958 3.427958 3.448362 3.448362 3.445760 3.445760 3.433012 3.433012 3.420014 3.420014 3.410300 3.410300 3.410300 3.402788
2.735826 2.735826 2.772702 2.833643 2.850677 2.850677 2.865038 2.889056 2.889056 2.909313 2.909313 2.927212 2.935504 2.943436 2.951051 2.951051 3.141617 3.234016 3.315907 3.387212 3.448709 3.501281 3.545710 3.582628 3.612522 3.635752 3.652588 3.663114 3.665717 3.646376 3.646376 3.560036 3.344876 2.840179 2.795797 2.795797 2.917859 2.917859 3.053763 3.053763 3.114414 3.221728 3.221728 3.312696 3.312696 3.410563 3.410563 3.410563 3.444460 3.444460 3.452771 3.452771 3.443846 3.443846 3.426951 3.426951 3.408444 3.408444 3.408444 3.391196
2.738842 2.738842 2.764687 2.834045 2.850812 2.850812 2.864974 2.888855 2.888855 2.909128 2.909128 2.927071 2.935385 2.943337 2.950969 2.950969 3.209904 3.312696 3.398614 3.470610 3.531120 3.581978 3.624526 3.659727 3.688260 3.710586 3.727003 3.737192 3.734171 3.666955 3.666955 3.433988 3.062250 2.642956 2.684209 2.684209 2.854097 2.854097 2.998660 2.998660 3.061914 3.174387 3.174387 3.270612 3.270612 3.379289 3.379289 3.379289 3.423379 3.423379 3.441220 3.441220 3.437226 3.437226 3.418679 3.418679 3.393095 3.393095 3.393095 3.367023
