cruce_test.gid/Rasters/Hydraulic/Velocity__x_109.0.asc
NCOLS        79
NROWS        79
XLLCENTER         -1.500000
YLLCENTER         -4.800000
CELLSIZE           0.100
NODATA_VALUE     -9999.0
[rows 0 to 25 of 79, columns 0 to 57 of 79]
-9999.000 -9999.000 -9999.000 -9999.000 -9999.000 -9999.000 -9999.000 -9999.000 -9999.000 -9999.000 -9999.000 -9999.000 -9999.000 -9999.000 -9999.000 -0.4050456E-04 0.7099667E-03 0.2302929E-02 0.3881566E-02 0.5306867E-02 0.6552080E-02 0.7631574E-02 0.8574720E-02 0.9403383E-02 0.1009854E-01 0.1055058E-01 0.1048151E-01 0.9322506E-02 0.6081817E-02 0.2485407E-02 0.2485407E-02 -9999.000 -9999.000 -9999.000 -9999.000 -9999.000 -9999.000 -9999.000 -9999.000 -9999.000 -9999.000 -9999.000 -9999.000 -9999.000 -9999.000 -9999.000 -9999.000 -9999.000 -9999.000 -9999.000 -9999.000 -9999.000 -9999.000 -9999.000 -9999.000 -9999.000 -9999.000 -9999.000
-9999.000 -9999.000 -9999.000 -9999.000 -9999.000 -9999.000 -9999.000 -9999.000 -9999.000 -9999.000 -9999.000 -9999.000 -9999.000 -9999.000 -9999.000 0.6364645E-03 0.2192693E-02 0.4705397E-02 0.7209979E-02 0.9520443E-02 0.1156238E-01 0.1330737E-01 0.1474342E-01 0.1584808E-01 0.1655222E-01 0.1669160E-01 0.1594081E-01 0.1372186E-01 0.9131266E-02 0.4043195E-02 0.4043195E-02 -9999.000 -9999.000 -9999.000 -9999.000 -9999.000 -9999.000 -9999.000 -9999.000 -9999.000 -9999.000 -9999.000 -9999.000 -9999.000 -9999.000 -9999.000 -9999.000 -9999.000 -9999.000 -9999.000 -9999.000 -9999.000 -9999.000 -9999.000 -9999.000 -9999.000 -9999.000 -9999.000
-9999.000 -9999.000 -9999.000 -9999.000 -9999.000 -9999.000 -9999.000 -9999.000 -9999.000 -9999.000 -9999.000 -9999.000 -9999.000 -9999.000 -9999.000 0.1171118E-02 0.3385984E-02 0.6676413E-02 0.9920894E-02 0.1290205E-01 0.1551987E-01 0.1772241E-01 0.1947623E-01 0.2073915E-01 0.2142234E-01 0.2134075E-01 0.2014429E-01 0.1721977E-01 0.1160550E-01 0.5293996E-02 0.5293996E-02 -9999.000 -9999.000 -9999.000 -9999.000 -9999.000 -9999.000 -9999.000 -9999.000 -9999.000 -9999.000 -9999.000 -9999.000 -9999.000 -9999.000 -9999.000 -9999.000 -9999.000 -9999.000 -9999.000 -9999.000 -9999.000 -9999.000 -9999.000 -9999.000 -9999.000 -9999.000 -9999.000
-9999.000 -9999.000 -9999.000 -9999.000 -9999.000 -9999.000 -9999.000 -9999.000 -9999.000 -9999.000 -9999.000 -9999.000 -9999.000 -9999.000 -9999.000 0.1614139E-02 0.4373577E-02 0.8305483E-02 0.1215690E-01 0.1568383E-01 0.1876697E-01 0.2133947E-01 0.2335663E-01 0.2476569E-01 0.2546701E-01 0.2525924E-01 0.2376415E-01 0.2031799E-01 0.1386491E-01 0.6455714E-02 0.6455714E-02 -9999.000 -9999.000 -9999.000 -9999.000 -9999.000 -9999.000 -9999.000 -9999.000 -9999.000 -9999.000 -9999.000 -9999.000 -9999.000 -9999.000 -9999.000 -9999.000 -9999.000 -9999.000 -9999.000 -9999.000 -9999.000 -9999.000 -9999.000 -9999.000 -9999.000 -9999.000 -9999.000
-9999.000 -9999.000 -9999.000 -9999.000 -9999.000 -9999.000 -9999.000 -9999.000 -9999.000 -9999.000 -9999.000 -9999.000 -9999.000 -9999.000 -9999.000 0.2004034E-02 0.5236798E-02 0.9721885E-02 0.1409940E-01 0.1810303E-01 0.2159856E-01 0.2450889E-01 0.2678176E-01 0.2835834E-01 0.2912961E-01 0.2887657E-01 0.2718682E-01 0.2333125E-01 0.1613015E-01 0.7642465E-02 0.7642465E-02 -9999.000 -9999.000 -9999.000 -9999.000 -9999.000 -9999.000 -9999.000 -9999.000 -9999.000 -9999.000 -9999.000 -9999.000 -9999.000 -9999.000 -9999.000 -9999.000 -9999.000 -9999.000 -9999.000 -9999.000 -9999.000 -9999.000 -9999.000 -9999.000 -9999.000 -9999.000 -9999.000
-9999.000 -9999.000 -9999.000 -9999.000 -9999.000 -9999.000 -9999.000 -9999.000 -9999.000 -9999.000 -9999.000 -9999.000 -9999.000 -9999.000 -9999.000 0.2375303E-02 0.6048714E-02 0.1104069E-01 0.1590388E-01 0.2035375E-01 0.2424393E-01 0.2748948E-01 0.3003319E-01 0.3181152E-01 0.3270635E-01 0.3247841E-01 0.3067349E-01 0.2648156E-01 0.1856513E-01 0.8940388E-02 0.8940388E-02 -9999.000 -9999.000 -9999.000 -9999.000 -9999.000 -9999.000 -9999.000 -9999.000 -9999.000 -9999.000 -9999.000 -9999.000 -9999.000 -9999.000 -9999.000 -9999.000 -9999.000 -9999.000 -9999.000 -9999.000 -9999.000 -9999.000 -9999.000 -9999.000 -9999.000 -9999.000 -9999.000
-9999.000 -9999.000 -9999.000 -9999.000 -9999.000 -9999.000 -9999.000 -9999.000 -9999.000 -9999.000 -9999.000 -9999.000 -9999.000 -9999.000 -9999.000 0.2756086E-02 0.6868520E-02 0.1235391E-01 0.1769295E-01 0.2258630E-01 0.2687755E-01 0.3047568E-01 0.3332042E-01 0.3534447E-01 0.3642007E-01 0.3628463E-01 0.3443359E-01 0.2995737E-01 0.2132054E-01 0.1043332E-01 0.1043332E-01 -9999.000 -9999.000 -9999.000 -9999.000 -9999.000 -9999.000 -9999.000 -9999.000 -9999.000 -9999.000 -9999.000 -9999.000 -9999.000 -9999.000 -9999.000 -9999.000 -9999.000 -9999.000 -9999.000 -9999.000 -9999.000 -9999.000 -9999.000 -9999.000 -9999.000 -9999.000 -9999.000
-9999.000 -9999.000 -9999.000 -9999.000 -9999.000 -9999.000 -9999.000 -9999.000 -9999.000 -9999.000 -9999.000 -9999.000 -9999.000 -9999.000 -9999.000 0.3169885E-02 0.7744404E-02 0.1373570E-01 0.1956465E-01 0.2492051E-01 0.2963874E-01 0.3362411E-01 0.3681465E-01 0.3914033E-01 0.4046353E-01 0.4049416E-01 0.3866736E-01 0.3395268E-01 0.2456512E-01 0.1221960E-01 0.1221960E-01 -9999.000 -9999.000 -9999.000 -9999.000 -9999.000 -9999.000 -9999.000 -9999.000 -9999.000 -9999.000 -9999.000 -9999.000 -9999.000 -9999.000 -9999.000 -9999.000 -9999.000 -9999.000 -9999.000 -9999.000 -9999.000 -9999.000 -9999.000 -9999.000 -9999.000 -9999.000 -9999.000
-9999.000 -9999.000 -9999.000 -9999.000 -9999.000 -9999.000 -9999.000 -9999.000 -9999.000 -9999.000 -9999.000 -9999.000 -9999.000 -9999.000 -9999.000 0.3637000E-02 0.8718519E-02 0.1525083E-01 0.2160535E-01 0.2746331E-01 0.3265400E-01 0.3707960E-01 0.4067837E-01 0.4337910E-01 0.4503362E-01 0.4532034E-01 0.4360231E-01 0.3870054E-01 0.2851557E-01 0.1443103E-01 0.1443103E-01 -9999.000 -9999.000 -9999.000 -9999.000 -9999.000 -9999.000 -9999.000 -9999.000 -9999.000 -9999.000 -9999.000 -9999.000 -9999.000 -9999.000 -9999.000 -9999.000 -9999.000 -9999.000 -9999.000 -9999.000 -9999.000 -9999.000 -9999.000 -9999.000 -9999.000 -9999.000 -9999.000
-9999.000 -9999.000 -9999.000 -9999.000 -9999.000 -9999.000 -9999.000 -9999.000 -9999.000 -9999.000 -9999.000 -9999.000 -9999.000 -9999.000 -9999.000 0.4178010E-02 0.9833227E-02 0.1696493E-01 0.2390327E-01 0.3032545E-01 0.3605671E-01 0.4099909E-01 0.4509295E-01 0.4826809E-01 0.5036579E-01 0.5102828E-01 0.4953211E-01 0.4451575E-01 0.3348005E-01 0.1726011E-01 0.1726011E-01 -9999.000 -9999.000 -9999.000 -9999.000 -9999.000 -9999.000 -9999.000 -9999.000 -9999.000 -9999.000 -9999.000 -9999.000 -9999.000 -9999.000 -9999.000 -9999.000 -9999.000 -9999.000 -9999.000 -9999.000 -9999.000 -9999.000 -9999.000 -9999.000 -9999.000 -9999.000 -9999.000
-9999.000 -9999.000 -9999.000 -9999.000 -9999.000 -9999.000 -9999.000 -9999.000 -9999.000 -9999.000 -9999.000 -9999.000 -9999.000 -9999.000 -9999.000 0.4816259E-02 0.1113789E-01 0.1895565E-01 0.2656425E-01 0.3364189E-01 0.4001252E-01 0.4558050E-01 0.5029227E-01 0.5408097E-01 0.5677821E-01 0.5798495E-01 0.5687484E-01 0.5186035E-01 0.3992888E-01 0.2100733E-01 0.2100733E-01 -9999.000 -9999.000 -9999.000 -9999.000 -9999.000 -9999.000 -9999.000 -9999.000 -9999.000 -9999.000 -9999.000 -9999.000 -9999.000 -9999.000 -9999.000 -9999.000 -9999.000 -9999.000 -9999.000 -9999.000 -9999.000 -9999.000 -9999.000 -9999.000 -9999.000 -9999.000 -9999.000
-9999.000 -9999.000 -9999.000 -9999.000 -9999.000 -9999.000 -9999.000 -9999.000 -9999.000 -9999.000 -9999.000 -9999.000 -9999.000 -9999.000 -9999.000 0.5583221E-02 0.1269864E-01 0.2132824E-01 0.2973382E-01 0.3759972E-01 0.4475329E-01 0.5110567E-01 0.5661339E-01 0.6121806E-01 0.6474357E-01 0.6674529E-01 0.6627399E-01 0.6146182E-01 0.4863001E-01 0.2617304E-01 0.2617304E-01 -9999.000 -9999.000 -9999.000 -9999.000 -9999.000 -9999.000 -9999.000 -9999.000 -9999.000 -9999.000 -9999.000 -9999.000 -9999.000 -9999.000 -9999.000 -9999.000 -9999.000 -9999.000 -9999.000 -9999.000 -9999.000 -9999.000 -9999.000 -9999.000 -9999.000 -9999.000 -9999.000
-9999.000 -9999.000 -9999.000 -9999.000 -9999.000 -9999.000 -9999.000 -9999.000 -9999.000 -9999.000 -9999.000 -9999.000 -9999.000 -9999.000 -9999.000 0.6526385E-02 0.1461758E-01 0.2424690E-01 0.3363927E-01 0.4249287E-01 0.5064508E-01 0.5802047E-01 0.6459378E-01 0.7032263E-01 0.7502841E-01 0.7821853E-01 0.7879959E-01 0.7455464E-01 0.6093083E-01 0.3364930E-01 0.3364930E-01 -9999.000 -9999.000 -9999.000 -9999.000 -9999.000 -9999.000 -9999.000 -9999.000 -9999.000 -9999.000 -9999.000 -9999.000 -9999.000 -9999.000 -9999.000 -9999.000 -9999.000 -9999.000 -9999.000 -9999.000 -9999.000 -9999.000 -9999.000 -9999.000 -9999.000 -9999.000 -9999.000
-9999.000 -9999.000 -9999.000 -9999.000 -9999.000 -9999.000 -9999.000 -9999.000 -9999.000 -9999.000 -9999.000 -9999.000 -9999.000 -9999.000 -9999.000 0.7813499E-02 0.1722755E-01 0.2821360E-01 0.3893101E-01 0.4910323E-01 0.5859288E-01 0.6735510E-01 0.7540097E-01 0.8272303E-01 0.8915645E-01 0.9416797E-01 0.9650530E-01 0.9352356E-01 0.7951242E-01 0.4528099E-01 0.4528099E-01 -9999.000 -9999.000 -9999.000 -9999.000 -9999.000 -9999.000 -9999.000 -9999.000 -9999.000 -9999.000 -9999.000 -9999.000 -9999.000 -9999.000 -9999.000 -9999.000 -9999.000 -9999.000 -9999.000 -9999.000 -9999.000 -9999.000 -9999.000 -9999.000 -9999.000 -9999.000 -9999.000
-9999.000 -9999.000 -9999.000 -9999.000 -9999.000 -9999.000 -9999.000 -9999.000 -9999.000 -9999.000 -9999.000 -9999.000 -9999.000 -9999.000 -9999.000 0.2297783E-01 0.3934691E-01 0.5592538E-01 0.6975870E-01 0.8135920E-01 0.9119173E-01 0.9965949E-01 0.1070964 0.1137040 0.1194299 0.1237642 0.1253586 0.1212029 0.1043612 0.5525731E-01 0.5525731E-01 -9999.000 -9999.000 -9999.000 -9999.000 -9999.000 -9999.000 -9999.000 -9999.000 -9999.000 -9999.000 -9999.000 -9999.000 -9999.000 -9999.000 -9999.000 -9999.000 -9999.000 -9999.000 -9999.000 -9999.000 -9999.000 -9999.000 -9999.000 -9999.000 -9999.000 -9999.000 -9999.000
1.985974 1.985974 2.056133 2.090770 2.099445 2.099445 2.105560 2.113080 2.113080 2.116721 2.116721 2.117861 2.117716 2.117170 2.104879 2.104879 1.747878 1.694358 1.634367 1.563706 1.481873 1.389612 1.288628 1.181661 1.072771 0.9678730 0.8755660 0.8088277 0.7901938 0.8575378 0.8575378 1.753448 1.916885 1.937324 1.915167 1.915167 1.849250 1.849250 1.688699 1.688699 1.393104 1.152258 1.152258 1.107697 1.107697 1.139362 1.139362 1.139362 1.190384 1.190384 1.240010 1.240010 1.292785 1.292785 1.330392 1.330392 1.358618 1.358618
2.002849 2.002849 2.079182 2.130148 2.147489 2.147489 2.162366 2.187466 2.187466 2.208606 2.208606 2.227113 2.235600 2.243652 2.246438 2.246438 2.013120 1.989303 1.974880 1.953316 1.920984 1.876534 1.819345 1.749998 1.670213 1.583478 1.495986 1.418766 1.373183 1.407606 1.407606 1.930507 2.093050 2.203666 2.219735 2.219735 2.206695 2.206695 2.128054 2.128054 1.977935 1.683267 1.683267 1.636588 1.636588 1.671712 1.671712 1.671712 1.720711 1.720711 1.757600 1.757600 1.815274 1.815274 1.855371 1.855371 1.887858 1.887858
2.006877 2.006877 2.080806 2.130692 2.148010 2.148010 2.162993 2.188485 2.188485 2.210121 2.210121 2.229192 2.237987 2.246364 2.251352 2.251352 2.066907 2.039973 2.042288 2.044189 2.039132 2.025479 2.001589 1.967308 1.923170 1.871173 1.815603 1.764387 1.732046 1.757034 1.757034 2.118826 2.266334 2.403080 2.431360 2.431360 2.433279 2.433279 2.371520 2.371520 2.288357 2.066308 2.066308 1.981230 1.981230 2.001824 2.001824 2.001824 2.041779 2.041779 2.078016 2.078016 2.119409 2.119409 2.151935 2.151935 2.177826 2.177826
2.010021 2.010021 2.082131 2.130898 2.148050 2.148050 2.162973 2.188469 2.188469 2.210136 2.210136 2.229224 2.238024 2.246408 2.252466 2.252466 2.105459 2.068251 2.072336 2.083002 2.089226 2.088863 2.080869 2.065152 2.041940 2.012406 1.979182 1.948720 1.930740 1.952718 1.952718 2.219359 2.348447 2.486855 2.517041 2.517041 2.520057 2.520057 2.466989 2.466989 2.416268 2.261702 2.261702 2.161198 2.161198 2.166512 2.166512 2.166512 2.201100 2.201100 2.234212 2.234212 2.269186 2.269186 2.298313 2.298313 2.321283 2.321283
2.012389 2.012389 2.083211 2.131077 2.148077 2.148077 2.162942 2.188440 2.188440 2.210130 2.210130 2.229226 2.238025 2.246406 2.253150 2.253150 2.143136 2.100906 2.101740 2.115685 2.127481 2.133491 2.132699 2.125242 2.111679 2.093287 2.072457 2.054335 2.046707 2.069915 2.069915 2.259362 2.376031 2.503711 2.528048 2.528048 2.522786 2.522786 2.482564 2.482564 2.455385 2.366615 2.366615 2.276562 2.276562 2.261146 2.261146 2.261146 2.289681 2.289681 2.320083 2.320083 2.351172 2.351172 2.377769 2.377769 2.398499 2.398499
2.014038 2.014038 2.084009 2.131216 2.148097 2.148097 2.162914 2.188412 2.188412 2.210125 2.210125 2.229227 2.238025 2.246405 2.253594 2.253594 2.178406 2.139403 2.136751 2.151183 2.166113 2.175991 2.179214 2.175780 2.166416 2.152605 2.136847 2.123822 2.120195 2.140702 2.140702 2.275645 2.374593 2.474819 2.487156 2.487156 2.475889 2.475889 2.459933 2.459933 2.453723 2.420151 2.420151 2.358776 2.358776 2.327174 2.327174 2.327174 2.347165 2.347165 2.373333 2.373333 2.400635 2.400635 2.424343 2.424343 2.442679 2.442679
2.015011 2.015011 2.084498 2.131305 2.148108 2.148108 2.162894 2.188395 2.188395 2.210122 2.210122 2.229228 2.238026 2.246404 2.253882 2.253882 2.210465 2.181834 2.178468 2.191970 2.208230 2.220503 2.226344 2.225294 2.217921 2.205688 2.191126 2.178657 2.174232 2.187864 2.187864 2.278866 2.350836 2.405406 2.406123 2.406123 2.404760 2.404760 2.422586 2.422586 2.434384 2.441978 2.441978 2.414750 2.414750 2.379575 2.379575 2.379575 2.390112 2.390112 2.410202 2.410202 2.432754 2.432754 2.452858 2.452858 2.468424 2.468424
2.015333 2.015333 2.084663 2.131335 2.148112 2.148112 2.162888 2.188389 2.188389 2.210121 2.210121 2.229229 2.238027 2.246404 2.254069 2.254069 2.240150 2.226525 2.226547 2.239182 2.255283 2.268487 2.275780 2.276157 2.269809 2.257929 2.242852 2.228658 2.220495 2.222970 2.222970 2.269718 2.299457 2.300242 2.300835 2.300835 2.330115 2.330115 2.382226 2.382226 2.407855 2.444206 2.444206 2.447661 2.447661 2.422216 2.422216 2.422216 2.425267 2.425267 2.438296 2.438296 2.455001 2.455001 2.470610 2.470610 2.482803 2.482803
2.015011 2.015011 2.084498 2.131304 2.148108 2.148108 2.162895 2.188395 2.188395 2.210122 2.210122 2.229228 2.238026 2.246404 2.254190 2.254190 2.269481 2.273005 2.280172 2.293211 2.308257 2.320893 2.328274 2.329049 2.322983 2.310848 2.294580 2.277712 2.263936 2.248705 2.248705 2.237341 2.205546 2.175353 2.193195 2.193195 2.263452 2.263452 2.342849 2.342849 2.378337 2.434542 2.434542 2.462047 2.462047 2.454863 2.454863 2.454863 2.454468 2.454468 2.460893 2.460893 2.471015 2.471015 2.481198 2.481198 2.489347 2.489347
2.014039 2.014039 2.084009 2.131216 2.148096 2.148096 2.162913 2.188412 2.188412 2.210125 2.210125 2.229227 2.238025 2.246405 2.254269 2.254269 2.301327 2.322227 2.338798 2.353871 2.367618 2.378371 2.384312 2.384192 2.377494 2.364544 2.346752 2.326847 2.305284 2.257464 2.257464 2.155453 2.058167 2.056062 2.099388 2.099388 2.206172 2.206172 2.304680 2.304680 2.347169 2.417406 2.417406 2.462570 2.462570 2.476362 2.476362 2.476362 2.476835 2.476835 2.478376 2.478376 2.481883 2.481883 2.486000 2.486000 2.489570 2.489570
2.012388 2.012388 2.083212 2.131077 2.148077 2.148077 2.162941 2.188439 2.188439 2.210130 2.210130 2.229225 2.238025 2.246406 2.254322 2.254322 2.339368 2.376458 2.402675 2.420715 2.433188 2.441036 2.444026 2.441523 2.433024 2.418520 2.398870 2.375568 2.340663 2.222122 2.222122 1.989433 1.882424 1.956595 2.016569 2.016569 2.153969 2.153969 2.265909 2.265909 2.313721 2.394358 2.394358 2.452233 2.452233 2.485683 2.485683 2.485683 2.490156 2.490156 2.489047 2.489047 2.486678 2.486678 2.484621 2.484621 2.483403 2.483403
