cruce_test.gid/Rasters/Hydraulic/Velocity__x_29.0.asc
NCOLS        79
NROWS        79
XLLCENTER         -1.500000
YLLCENTER         -4.800000
CELLSIZE           0.100
NODATA_VALUE     -9999.0
[rows 0 to 25 of 79, columns 0 to 57 of 79]
-9999.000 -9999.000 -9999.000 -9999.000 -9999.000 -9999.000 -9999.000 -9999.000 -9999.000 -9999.000 -9999.000 -9999.000 -9999.000 -9999.000 -9999.000 0.8950314E-03 0.2382459E-02 0.4278216E-02 0.5940310E-02 0.7279004E-02 0.8269080E-02 0.8896723E-02 0.9148820E-02 0.9009273E-02 0.8455358E-02 0.7451371E-02 0.5938552E-02 0.3818466E-02 0.9780293E-03 -0.4044753E-03 -0.4044753E-03 -9999.000 -9999.000 -9999.000 -9999.000 -9999.000 -9999.000 -9999.000 -9999.000 -9999.000 -9999.000 -9999.000 -9999.000 -9999.000 -9999.000 -9999.000 -9999.000 -9999.000 -9999.000 -9999.000 -9999.000 -9999.000 -9999.000 -9999.000 -9999.000 -9999.000 -9999.000 -9999.000
-9999.000 -9999.000 -9999.000 -9999.000 -9999.000 -9999.000 -9999.000 -9999.000 -9999.000 -9999.000 -9999.000 -9999.000 -9999.000 -9999.000 -9999.000 0.1762717E-02 0.4564888E-02 0.8149947E-02 0.1131320E-01 0.1389212E-01 0.1581591E-01 0.1703927E-01 0.1752677E-01 0.1724686E-01 0.1616849E-01 0.1425959E-01 0.1148697E-01 0.7824246E-02 0.3327745E-02 0.5563973E-03 0.5563973E-03 -9999.000 -9999.000 -9999.000 -9999.000 -9999.000 -9999.000 -9999.000 -9999.000 -9999.000 -9999.000 -9999.000 -9999.000 -9999.000 -9999.000 -9999.000 -9999.000 -9999.000 -9999.000 -9999.000 -9999.000 -9999.000 -9999.000 -9999.000 -9999.000 -9999.000 -9999.000 -9999.000
-9999.000 -9999.000 -9999.000 -9999.000 -9999.000 -9999.000 -9999.000 -9999.000 -9999.000 -9999.000 -9999.000 -9999.000 -9999.000 -9999.000 -9999.000 0.2588533E-02 0.6641932E-02 0.1184710E-01 0.1645317E-01 0.2023093E-01 0.2306883E-01 0.2489177E-01 0.2564224E-01 0.2527403E-01 0.2374994E-01 0.2104242E-01 0.1713702E-01 0.1204287E-01 0.5883467E-02 0.1661133E-02 0.1661133E-02 -9999.000 -9999.000 -9999.000 -9999.000 -9999.000 -9999.000 -9999.000 -9999.000 -9999.000 -9999.000 -9999.000 -9999.000 -9999.000 -9999.000 -9999.000 -9999.000 -9999.000 -9999.000 -9999.000 -9999.000 -9999.000 -9999.000 -9999.000 -9999.000 -9999.000 -9999.000 -9999.000
-9999.000 -9999.000 -9999.000 -9999.000 -9999.000 -9999.000 -9999.000 -9999.000 -9999.000 -9999.000 -9999.000 -9999.000 -9999.000 -9999.000 -9999.000 0.3409609E-02 0.8694733E-02 0.1548578E-01 0.2151037E-01 0.2647557E-01 0.3023289E-01 0.3267860E-01 0.3373238E-01 0.3333127E-01 0.3142747E-01 0.2799015E-01 0.2300968E-01 0.1650988E-01 0.8653512E-02 0.2889251E-02 0.2889251E-02 -9999.000 -9999.000 -9999.000 -9999.000 -9999.000 -9999.000 -9999.000 -9999.000 -9999.000 -9999.000 -9999.000 -9999.000 -9999.000 -9999.000 -9999.000 -9999.000 -9999.000 -9999.000 -9999.000 -9999.000 -9999.000 -9999.000 -9999.000 -9999.000 -9999.000 -9999.000 -9999.000
-9999.000 -9999.000 -9999.000 -9999.000 -9999.000 -9999.000 -9999.000 -9999.000 -9999.000 -9999.000 -9999.000 -9999.000 -9999.000 -9999.000 -9999.000 0.4282148E-02 0.1083069E-01 0.1921554E-01 0.2667178E-01 0.3284682E-01 0.3755666E-01 0.4066890E-01 0.4207858E-01 0.4170106E-01 0.3947101E-01 0.3534394E-01 0.2930182E-01 0.2136653E-01 0.1172416E-01 0.4274580E-02 0.4274580E-02 -9999.000 -9999.000 -9999.000 -9999.000 -9999.000 -9999.000 -9999.000 -9999.000 -9999.000 -9999.000 -9999.000 -9999.000 -9999.000 -9999.000 -9999.000 -9999.000 -9999.000 -9999.000 -9999.000 -9999.000 -9999.000 -9999.000 -9999.000 -9999.000 -9999.000 -9999.000 -9999.000
-9999.000 -9999.000 -9999.000 -9999.000 -9999.000 -9999.000 -9999.000 -9999.000 -9999.000 -9999.000 -9999.000 -9999.000 -9999.000 -9999.000 -9999.000 0.5274492E-02 0.1317383E-01 0.2320083E-01 0.3213792E-01 0.3957818E-01 0.4530257E-01 0.4914819E-01 0.5098141E-01 0.5068994E-01 0.4818160E-01 0.4338631E-01 0.3626238E-01 0.2681297E-01 0.1522891E-01 0.5879254E-02 0.5879254E-02 -9999.000 -9999.000 -9999.000 -9999.000 -9999.000 -9999.000 -9999.000 -9999.000 -9999.000 -9999.000 -9999.000 -9999.000 -9999.000 -9999.000 -9999.000 -9999.000 -9999.000 -9999.000 -9999.000 -9999.000 -9999.000 -9999.000 -9999.000 -9999.000 -9999.000 -9999.000 -9999.000
-9999.000 -9999.000 -9999.000 -9999.000 -9999.000 -9999.000 -9999.000 -9999.000 -9999.000 -9999.000 -9999.000 -9999.000 -9999.000 -9999.000 -9999.000 0.6459422E-02 0.1585042E-01 0.2759919E-01 0.3809373E-01 0.4688209E-01 0.5370971E-01 0.5837967E-01 0.6072393E-01 0.6059465E-01 0.5786148E-01 0.5241357E-01 0.4416674E-01 0.3308273E-01 0.1933212E-01 0.7782688E-02 0.7782688E-02 -9999.000 -9999.000 -9999.000 -9999.000 -9999.000 -9999.000 -9999.000 -9999.000 -9999.000 -9999.000 -9999.000 -9999.000 -9999.000 -9999.000 -9999.000 -9999.000 -9999.000 -9999.000 -9999.000 -9999.000 -9999.000 -9999.000 -9999.000 -9999.000 -9999.000 -9999.000 -9999.000
-9999.000 -9999.000 -9999.000 -9999.000 -9999.000 -9999.000 -9999.000 -9999.000 -9999.000 -9999.000 -9999.000 -9999.000 -9999.000 -9999.000 -9999.000 0.7910308E-02 0.1898255E-01 0.3255389E-01 0.4470045E-01 0.5494090E-01 0.6298457E-01 0.6859561E-01 0.7156450E-01 0.7169717E-01 0.6881107E-01 0.6273519E-01 0.5331729E-01 0.4044562E-01 0.2423273E-01 0.1008367E-01 0.1008367E-01 -9999.000 -9999.000 -9999.000 -9999.000 -9999.000 -9999.000 -9999.000 -9999.000 -9999.000 -9999.000 -9999.000 -9999.000 -9999.000 -9999.000 -9999.000 -9999.000 -9999.000 -9999.000 -9999.000 -9999.000 -9999.000 -9999.000 -9999.000 -9999.000 -9999.000 -9999.000 -9999.000
-9999.000 -9999.000 -9999.000 -9999.000 -9999.000 -9999.000 -9999.000 -9999.000 -9999.000 -9999.000 -9999.000 -9999.000 -9999.000 -9999.000 -9999.000 0.9699240E-02 0.2268725E-01 0.3819854E-01 0.5210509E-01 0.6391973E-01 0.7331678E-01 0.8001626E-01 0.8375767E-01 0.8428857E-01 0.8135606E-01 0.7470392E-01 0.6407652E-01 0.4924187E-01 0.3019374E-01 0.1291644E-01 0.1291644E-01 -9999.000 -9999.000 -9999.000 -9999.000 -9999.000 -9999.000 -9999.000 -9999.000 -9999.000 -9999.000 -9999.000 -9999.000 -9999.000 -9999.000 -9999.000 -9999.000 -9999.000 -9999.000 -9999.000 -9999.000 -9999.000 -9999.000 -9999.000 -9999.000 -9999.000 -9999.000 -9999.000
-9999.000 -9999.000 -9999.000 -9999.000 -9999.000 -9999.000 -9999.000 -9999.000 -9999.000 -9999.000 -9999.000 -9999.000 -9999.000 -9999.000 -9999.000 0.1189312E-01 0.2707491E-01 0.4466270E-01 0.6045238E-01 0.7398443E-01 0.8490187E-01 0.9287588E-01 0.9758601E-01 0.9870633E-01 0.9589198E-01 0.8876829E-01 0.7692737E-01 0.5994646E-01 0.3760127E-01 0.1648395E-01 0.1648395E-01 -9999.000 -9999.000 -9999.000 -9999.000 -9999.000 -9999.000 -9999.000 -9999.000 -9999.000 -9999.000 -9999.000 -9999.000 -9999.000 -9999.000 -9999.000 -9999.000 -9999.000 -9999.000 -9999.000 -9999.000 -9999.000 -9999.000 -9999.000 -9999.000 -9999.000 -9999.000 -9999.000
-9999.000 -9999.000 -9999.000 -9999.000 -9999.000 -9999.000 -9999.000 -9999.000 -9999.000 -9999.000 -9999.000 -9999.000 -9999.000 -9999.000 -9999.000 0.1454452E-01 0.3223700E-01 0.5206694E-01 0.6988886E-01 0.8531255E-01 0.9795799E-01 0.1074464 0.1133897 0.1153737 0.1129365 0.1055432 0.9256460E-01 0.7327797E-01 0.4707318E-01 0.2112260E-01 0.2112260E-01 -9999.000 -9999.000 -9999.000 -9999.000 -9999.000 -9999.000 -9999.000 -9999.000 -9999.000 -9999.000 -9999.000 -9999.000 -9999.000 -9999.000 -9999.000 -9999.000 -9999.000 -9999.000 -9999.000 -9999.000 -9999.000 -9999.000 -9999.000 -9999.000 -9999.000 -9999.000 -9999.000
-9999.000 -9999.000 -9999.000 -9999.000 -9999.000 -9999.000 -9999.000 -9999.000 -9999.000 -9999.000 -9999.000 -9999.000 -9999.000 -9999.000 -9999.000 0.1767481E-01 0.3822162E-01 0.6050295E-01 0.8055152E-01 0.9809100E-01 0.1127324 0.1240515 0.1315915 0.1348406 0.1331953 0.1259108 0.1120426 0.9039627E-01 0.5967772E-01 0.2743871E-01 0.2743871E-01 -9999.000 -9999.000 -9999.000 -9999.000 -9999.000 -9999.000 -9999.000 -9999.000 -9999.000 -9999.000 -9999.000 -9999.000 -9999.000 -9999.000 -9999.000 -9999.000 -9999.000 -9999.000 -9999.000 -9999.000 -9999.000 -9999.000 -9999.000 -9999.000 -9999.000 -9999.000 -9999.000
-9999.000 -9999.000 -9999.000 -9999.000 -9999.000 -9999.000 -9999.000 -9999.000 -9999.000 -9999.000 -9999.000 -9999.000 -9999.000 -9999.000 -9999.000 0.2125230E-01 0.4499896E-01 0.7000099E-01 0.9254365E-01 0.1125030 0.1294991 0.1430779 0.1527259 0.1578386 0.1576597 0.1511893 0.1370501 0.1133111 0.7743896E-01 0.3664224E-01 0.3664224E-01 -9999.000 -9999.000 -9999.000 -9999.000 -9999.000 -9999.000 -9999.000 -9999.000 -9999.000 -9999.000 -9999.000 -9999.000 -9999.000 -9999.000 -9999.000 -9999.000 -9999.000 -9999.000 -9999.000 -9999.000 -9999.000 -9999.000 -9999.000 -9999.000 -9999.000 -9999.000 -9999.000
-9999.000 -9999.000 -9999.000 -9999.000 -9999.000 -9999.000 -9999.000 -9999.000 -9999.000 -9999.000 -9999.000 -9999.000 -9999.000 -9999.000 -9999.000 0.2526361E-01 0.5255330E-01 0.8063691E-01 0.1060436 0.1288273 0.1486486 0.1650596 0.1775300 0.1854035 0.1878050 0.1834819 0.1705288 0.1459152 0.1048161 0.5163377E-01 0.5163377E-01 -9999.000 -9999.000 -9999.000 -9999.000 -9999.000 -9999.000 -9999.000 -9999.000 -9999.000 -9999.000 -9999.000 -9999.000 -9999.000 -9999.000 -9999.000 -9999.000 -9999.000 -9999.000 -9999.000 -9999.000 -9999.000 -9999.000 -9999.000 -9999.000 -9999.000 -9999.000 -9999.000
-9999.000 -9999.000 -9999.000 -9999.000 -9999.000 -9999.000 -9999.000 -9999.000 -9999.000 -9999.000 -9999.000 -9999.000 -9999.000 -9999.000 -9999.000 0.3735549E-01 0.6931995E-01 0.1009987 0.1288481 0.1536495 0.1754923 0.1941950 0.2093875 0.2204929 0.2266339 0.2264123 0.2174214 0.1951512 0.1505011 0.7468420E-01 0.7468420E-01 -9999.000 -9999.000 -9999.000 -9999.000 -9999.000 -9999.000 -9999.000 -9999.000 -9999.000 -9999.000 -9999.000 -9999.000 -9999.000 -9999.000 -9999.000 -9999.000 -9999.000 -9999.000 -9999.000 -9999.000 -9999.000 -9999.000 -9999.000 -9999.000 -9999.000 -9999.000 -9999.000
1.127161 1.127161 1.051228 1.018113 1.001129 1.001129 0.9836103 0.9458831 0.9458831 0.9016615 0.9016615 0.8442497 0.8061548 0.7572085 0.6918518 0.6918518 0.5519897 0.4986994 0.4499037 0.4083103 0.3752726 0.3509952 0.3347784 0.3253825 0.3214750 0.3221682 0.3278155 0.3416042 0.3736302 0.4371561 0.4371561 1.155855 1.398846 1.556045 1.566706 1.566706 1.457715 1.457715 1.010498 1.010498 0.5324238 0.4158719 0.4158719 0.4429109 0.4429109 0.5087567 0.5087567 0.5087567 0.5683452 0.5683452 0.6203170 0.6203170 0.6649167 0.6649167 0.7027435 0.7027435 0.7490160 0.7490160
1.141321 1.141321 1.064995 1.041420 1.028869 1.028869 1.015512 0.9850385 0.9850385 0.9462501 0.9462501 0.8938634 0.8609961 0.8235642 0.7826530 0.7826530 0.7144346 0.6798341 0.6411980 0.6004946 0.5601403 0.5226822 0.4904794 0.4654922 0.4492998 0.4434549 0.4503348 0.4748993 0.5287007 0.6346033 0.6346033 1.127408 1.308647 1.437010 1.458268 1.458268 1.450215 1.450215 1.355634 1.355634 1.113133 0.8444387 0.8444387 0.8589119 0.8589119 0.8958690 0.8958690 0.8958690 0.9390598 0.9390598 0.9785427 0.9785427 1.015434 1.015434 1.028814 1.028814 1.078169 1.078169
1.146010 1.146010 1.065282 1.042420 1.030351 1.030351 1.017637 0.9892932 0.9892932 0.9548678 0.9548678 0.9115534 0.8860880 0.8584729 0.8298253 0.8298253 0.7879764 0.7679476 0.7440843 0.7164562 0.6860098 0.6544200 0.6239417 0.5972482 0.5773188 0.5674893 0.5718743 0.5965795 0.6528059 0.7641390 0.7641390 1.142604 1.303238 1.428502 1.455947 1.455947 1.465870 1.465870 1.419758 1.419758 1.324582 1.081314 1.081314 1.064175 1.064175 1.089651 1.089651 1.089651 1.126693 1.126693 1.158547 1.158547 1.188041 1.188041 1.209469 1.209469 1.241428 1.241428
1.150507 1.150507 1.065648 1.043407 1.031791 1.031791 1.019689 0.9933670 0.9933670 0.9628444 0.9628444 0.9267431 0.9065830 0.8854548 0.8641720 0.8641720 0.8364489 0.8245640 0.8102694 0.7929764 0.7727784 0.7504457 0.7274401 0.7059141 0.6887108 0.6794232 0.6826506 0.7047826 0.7562007 0.8580828 0.8580828 1.158754 1.305806 1.427645 1.455343 1.455343 1.464970 1.464970 1.435103 1.435103 1.395889 1.242217 1.242217 1.190927 1.190927 1.208819 1.208819 1.208819 1.238876 1.238876 1.265149 1.265149 1.289095 1.289095 1.307389 1.307389 1.330838 1.330838
1.154853 1.154853 1.066183 1.044687 1.033616 1.033616 1.022236 0.9981780 0.9981780 0.9716598 0.9716598 0.9421704 0.9264573 0.9104267 0.8945466 0.8945466 0.8764125 0.8692721 0.8606161 0.8499332 0.8371141 0.8224975 0.8069570 0.7920013 0.7798731 0.7736761 0.7776175 0.7975858 0.8427653 0.9314761 0.9314761 1.173371 1.306826 1.418051 1.440838 1.440838 1.444590 1.444590 1.430048 1.430048 1.418358 1.347908 1.347908 1.291989 1.291989 1.294670 1.294670 1.294670 1.318752 1.318752 1.340926 1.340926 1.360886 1.360886 1.376521 1.376521 1.394175 1.394175
1.158963 1.158963 1.066833 1.046188 1.035725 1.035725 1.025137 1.003491 1.003491 0.9810414 0.9810414 0.9579238 0.9463335 0.9349093 0.9237771 0.9237771 0.9138051 0.9098017 0.9044143 0.8975199 0.8891941 0.8797305 0.8697364 0.8602664 0.8529777 0.8503103 0.8557463 0.8743025 0.9137983 0.9899716 0.9899716 1.185569 1.303840 1.395303 1.409829 1.409829 1.412199 1.412199 1.419237 1.419237 1.425068 1.410740 1.410740 1.375179 1.375179 1.364864 1.364864 1.364864 1.382358 1.382358 1.400434 1.400434 1.416934 1.416934 1.430082 1.430082 1.443424 1.443424
1.162721 1.162721 1.067551 1.047826 1.038005 1.038005 1.028240 1.009048 1.009048 0.9906465 0.9906465 0.9737777 0.9662386 0.9593899 0.9530507 0.9530507 0.9513451 0.9497594 0.9462566 0.9412250 0.9351123 0.9284022 0.9216800 0.9157639 0.9118706 0.9118279 0.9183570 0.9355346 0.9698625 1.034814 1.034814 1.192254 1.292920 1.356807 1.364390 1.364390 1.377674 1.377674 1.409427 1.409427 1.427247 1.446138 1.446138 1.437468 1.437468 1.425071 1.425071 1.425071 1.436388 1.436388 1.450040 1.450040 1.463039 1.463039 1.473570 1.473570 1.483355 1.483355
1.165990 1.165990 1.068295 1.049521 1.040343 1.040343 1.031396 1.014614 1.014614 1.000151 1.000151 0.9894322 0.9860039 0.9839884 0.9830011 0.9830011 0.9907345 0.9912252 0.9887067 0.9841735 0.9785447 0.9726130 0.9670857 0.9626915 0.9603357 0.9613158 0.9676369 0.9824879 1.011208 1.065131 1.065131 1.188135 1.267800 1.303949 1.311717 1.311717 1.348476 1.348476 1.402150 1.402150 1.427979 1.466100 1.466100 1.479614 1.479614 1.475556 1.475556 1.475556 1.483153 1.483153 1.492742 1.492742 1.502175 1.502175 1.509855 1.509855 1.516406 1.516406
1.168619 1.168619 1.069030 1.051195 1.042637 1.042637 1.034472 1.019976 1.019976 1.009256 1.009256 1.004538 1.005324 1.008581 1.013987 1.013987 1.033485 1.035789 1.033476 1.028303 1.021749 1.014980 1.008884 1.004163 1.001449 1.001501 1.005583 1.016034 1.037292 1.079342 1.079342 1.166094 1.221291 1.244194 1.260781 1.260781 1.326333 1.326333 1.396296 1.396296 1.427445 1.477121 1.477121 1.506019 1.506019 1.515276 1.515276 1.515276 1.522603 1.522603 1.529515 1.529515 1.535744 1.535744 1.540486 1.540486 1.543940 1.543940
1.170453 1.170453 1.069729 1.052778 1.044794 1.044794 1.037348 1.024947 1.024947 1.017682 1.017682 1.018695 1.023747 1.032768 1.046059 1.046059 1.081316 1.085020 1.081975 1.074967 1.066151 1.057119 1.048946 1.042283 1.037391 1.034277 1.033201 1.035583 1.045385 1.072121 1.072121 1.125374 1.153604 1.188202 1.211837 1.211837 1.307545 1.307545 1.389550 1.389550 1.424621 1.482077 1.482077 1.521354 1.521354 1.544335 1.544335 1.544335 1.554261 1.554261 1.560413 1.560413 1.564325 1.564325 1.566350 1.566350 1.566853 1.566853
1.171341 1.171341 1.070372 1.054208 1.046731 1.046731 1.039918 1.029364 1.029364 1.025174 1.025174 1.031468 1.040684 1.055791 1.078675 1.078675 1.136442 1.140711 1.135578 1.125224 1.112641 1.099924 1.088306 1.078285 1.069443 1.060375 1.049629 1.037738 1.029494 1.034871 1.034871 1.056221 1.076511 1.141893 1.184153 1.184153 1.292278 1.292278 1.384338 1.384338 1.422244 1.484790 1.484790 1.530700 1.530700 1.564971 1.564971 1.564971 1.578747 1.578747 1.585668 1.585668 1.588309 1.588309 1.588090 1.588090 1.585887 1.585887
