cruce_test.gid/Rasters/Hydraulic/Velocity____209.0.asc
NCOLS        79
NROWS        79
XLLCENTER         -1.500000
YLLCENTER         -4.800000
CELLSIZE           0.100
NODATA_VALUE     -9999.0
[rows 0 to 26 of 79, columns 0 to 59 of 79]
-9999.000 -9999.000 -9999.000 -9999.000 -9999.000 -9999.000 -9999.000 -9999.000 -9999.000 -9999.000 -9999.000 -9999.000 -9999.000 -9999.000 -9999.000 0.8827459E-01 0.8485433E-01 0.8331209E-01 0.8279033E-01 0.8373052E-01 0.8524920E-01 0.8675396E-01 0.8802487E-01 0.8895561E-01 0.8950398E-01 0.8978108E-01 0.8987486E-01 0.8998629E-01 0.9070329E-01 0.9168089E-01 0.9168089E-01 -9999.000 -9999.000 -9999.000 -9999.000 -9999.000 -9999.000 -9999.000 -9999.000 -9999.000 -9999.000 -9999.000 -9999.000 -9999.000 -9999.000 -9999.000 -9999.000 -9999.000 -9999.000 -9999.000 -9999.000 -9999.000 -9999.000 -9999.000 -9999.000 -9999.000 -9999.000 -9999.000 -9999.000 -9999.000
-9999.000 -9999.000 -9999.000 -9999.000 -9999.000 -9999.000 -9999.000 -9999.000 -9999.000 -9999.000 -9999.000 -9999.000 -9999.000 -9999.000 -9999.000 0.8956138E-01 0.8235874E-01 0.7922304E-01 0.7821282E-01 0.8009836E-01 0.8308622E-01 0.8606705E-01 0.8866320E-01 0.9067865E-01 0.9200507E-01 0.9283739E-01 0.9333584E-01 0.9392018E-01 0.9587386E-01 0.9862273E-01 0.9862273E-01 -9999.000 -9999.000 -9999.000 -9999.000 -9999.000 -9999.000 -9999.000 -9999.000 -9999.000 -9999.000 -9999.000 -9999.000 -9999.000 -9999.000 -9999.000 -9999.000 -9999.000 -9999.000 -9999.000 -9999.000 -9999.000 -9999.000 -9999.000 -9999.000 -9999.000 -9999.000 -9999.000 -9999.000 -9999.000
-9999.000 -9999.000 -9999.000 -9999.000 -9999.000 -9999.000 -9999.000 -9999.000 -9999.000 -9999.000 -9999.000 -9999.000 -9999.000 -9999.000 -9999.000 0.9004410E-01 0.7869197E-01 0.7366122E-01 0.7200927E-01 0.7490240E-01 0.7951164E-01 0.8416612E-01 0.8834554E-01 0.9177645E-01 0.9427894E-01 0.9612869E-01 0.9753267E-01 0.9911033E-01 0.1028731 0.1082207 0.1082207 -9999.000 -9999.000 -9999.000 -9999.000 -9999.000 -9999.000 -9999.000 -9999.000 -9999.000 -9999.000 -9999.000 -9999.000 -9999.000 -9999.000 -9999.000 -9999.000 -9999.000 -9999.000 -9999.000 -9999.000 -9999.000 -9999.000 -9999.000 -9999.000 -9999.000 -9999.000 -9999.000 -9999.000 -9999.000
-9999.000 -9999.000 -9999.000 -9999.000 -9999.000 -9999.000 -9999.000 -9999.000 -9999.000 -9999.000 -9999.000 -9999.000 -9999.000 -9999.000 -9999.000 0.9007631E-01 0.7455678E-01 0.6760742E-01 0.6532277E-01 0.6924760E-01 0.7548191E-01 0.8181583E-01 0.8761568E-01 0.9254268E-01 0.9634204E-01 0.9936453E-01 0.1018452 0.1045920 0.1103603 0.1188159 0.1188159 -9999.000 -9999.000 -9999.000 -9999.000 -9999.000 -9999.000 -9999.000 -9999.000 -9999.000 -9999.000 -9999.000 -9999.000 -9999.000 -9999.000 -9999.000 -9999.000 -9999.000 -9999.000 -9999.000 -9999.000 -9999.000 -9999.000 -9999.000 -9999.000 -9999.000 -9999.000 -9999.000 -9999.000 -9999.000
-9999.000 -9999.000 -9999.000 -9999.000 -9999.000 -9999.000 -9999.000 -9999.000 -9999.000 -9999.000 -9999.000 -9999.000 -9999.000 -9999.000 -9999.000 0.8987447E-01 0.7012520E-01 0.6123970E-01 0.5836616E-01 0.6337935E-01 0.7125194E-01 0.7926541E-01 0.8670340E-01 0.9316980E-01 0.9833016E-01 0.1026081 0.1062566 0.1102730 0.1181924 0.1302722 0.1302722 -9999.000 -9999.000 -9999.000 -9999.000 -9999.000 -9999.000 -9999.000 -9999.000 -9999.000 -9999.000 -9999.000 -9999.000 -9999.000 -9999.000 -9999.000 -9999.000 -9999.000 -9999.000 -9999.000 -9999.000 -9999.000 -9999.000 -9999.000 -9999.000 -9999.000 -9999.000 -9999.000 -9999.000 -9999.000
-9999.000 -9999.000 -9999.000 -9999.000 -9999.000 -9999.000 -9999.000 -9999.000 -9999.000 -9999.000 -9999.000 -9999.000 -9999.000 -9999.000 -9999.000 0.8950114E-01 0.6545418E-01 0.5463572E-01 0.5127018E-01 0.5745728E-01 0.6697533E-01 0.7665443E-01 0.8573177E-01 0.9375910E-01 0.1003149 0.1058975 0.1107681 0.1161208 0.1263224 0.1426112 0.1426112 -9999.000 -9999.000 -9999.000 -9999.000 -9999.000 -9999.000 -9999.000 -9999.000 -9999.000 -9999.000 -9999.000 -9999.000 -9999.000 -9999.000 -9999.000 -9999.000 -9999.000 -9999.000 -9999.000 -9999.000 -9999.000 -9999.000 -9999.000 -9999.000 -9999.000 -9999.000 -9999.000 -9999.000 -9999.000
-9999.000 -9999.000 -9999.000 -9999.000 -9999.000 -9999.000 -9999.000 -9999.000 -9999.000 -9999.000 -9999.000 -9999.000 -9999.000 -9999.000 -9999.000 0.8895304E-01 0.6055032E-01 0.4783218E-01 0.4415100E-01 0.5161653E-01 0.6275918E-01 0.7406588E-01 0.8476762E-01 0.9436318E-01 0.1023326 0.1092521 0.1153817 0.1221242 0.1347429 0.1559424 0.1559424 -9999.000 -9999.000 -9999.000 -9999.000 -9999.000 -9999.000 -9999.000 -9999.000 -9999.000 -9999.000 -9999.000 -9999.000 -9999.000 -9999.000 -9999.000 -9999.000 -9999.000 -9999.000 -9999.000 -9999.000 -9999.000 -9999.000 -9999.000 -9999.000 -9999.000 -9999.000 -9999.000 -9999.000 -9999.000
-9999.000 -9999.000 -9999.000 -9999.000 -9999.000 -9999.000 -9999.000 -9999.000 -9999.000 -9999.000 -9999.000 -9999.000 -9999.000 -9999.000 -9999.000 0.8819602E-01 0.5539728E-01 0.4086133E-01 0.3717937E-01 0.4602155E-01 0.5870377E-01 0.7156195E-01 0.8385386E-01 0.9501294E-01 0.1044031 0.1126827 0.1200993 0.1282803 0.1434648 0.1704387 0.1704387 -9999.000 -9999.000 -9999.000 -9999.000 -9999.000 -9999.000 -9999.000 -9999.000 -9999.000 -9999.000 -9999.000 -9999.000 -9999.000 -9999.000 -9999.000 -9999.000 -9999.000 -9999.000 -9999.000 -9999.000 -9999.000 -9999.000 -9999.000 -9999.000 -9999.000 -9999.000 -9999.000 -9999.000 -9999.000
-9999.000 -9999.000 -9999.000 -9999.000 -9999.000 -9999.000 -9999.000 -9999.000 -9999.000 -9999.000 -9999.000 -9999.000 -9999.000 -9999.000 -9999.000 0.8717763E-01 0.4996796E-01 0.3378635E-01 0.3068289E-01 0.4091533E-01 0.5492704E-01 0.6920362E-01 0.8302657E-01 0.9573161E-01 0.1065404 0.1161964 0.1249215 0.1345883 0.1525075 0.1863362 0.1863362 -9999.000 -9999.000 -9999.000 -9999.000 -9999.000 -9999.000 -9999.000 -9999.000 -9999.000 -9999.000 -9999.000 -9999.000 -9999.000 -9999.000 -9999.000 -9999.000 -9999.000 -9999.000 -9999.000 -9999.000 -9999.000 -9999.000 -9999.000 -9999.000 -9999.000 -9999.000 -9999.000 -9999.000 -9999.000
-9999.000 -9999.000 -9999.000 -9999.000 -9999.000 -9999.000 -9999.000 -9999.000 -9999.000 -9999.000 -9999.000 -9999.000 -9999.000 -9999.000 -9999.000 0.8583104E-01 0.4423045E-01 0.2676877E-01 0.2534341E-01 0.3667547E-01 0.5158346E-01 0.6706272E-01 0.8232541E-01 0.9654406E-01 0.1087581 0.1198004 0.1298503 0.1410504 0.1618963 0.2039475 0.2039475 -9999.000 -9999.000 -9999.000 -9999.000 -9999.000 -9999.000 -9999.000 -9999.000 -9999.000 -9999.000 -9999.000 -9999.000 -9999.000 -9999.000 -9999.000 -9999.000 -9999.000 -9999.000 -9999.000 -9999.000 -9999.000 -9999.000 -9999.000 -9999.000 -9999.000 -9999.000 -9999.000 -9999.000 -9999.000
-9999.000 -9999.000 -9999.000 -9999.000 -9999.000 -9999.000 -9999.000 -9999.000 -9999.000 -9999.000 -9999.000 -9999.000 -9999.000 -9999.000 -9999.000 0.8407494E-01 0.3815274E-01 0.2026657E-01 0.2243485E-01 0.3384982E-01 0.4887950E-01 0.6523220E-01 0.8180123E-01 0.9748171E-01 0.1110746 0.1235054 0.1348889 0.1476685 0.1716604 0.2236892 0.2236892 -9999.000 -9999.000 -9999.000 -9999.000 -9999.000 -9999.000 -9999.000 -9999.000 -9999.000 -9999.000 -9999.000 -9999.000 -9999.000 -9999.000 -9999.000 -9999.000 -9999.000 -9999.000 -9999.000 -9999.000 -9999.000 -9999.000 -9999.000 -9999.000 -9999.000 -9999.000 -9999.000 -9999.000 -9999.000
-9999.000 -9999.000 -9999.000 -9999.000 -9999.000 -9999.000 -9999.000 -9999.000 -9999.000 -9999.000 -9999.000 -9999.000 -9999.000 -9999.000 -9999.000 0.8180816E-01 0.3171476E-01 0.1563271E-01 0.2341506E-01 0.3309846E-01 0.4709344E-01 0.6384616E-01 0.8153174E-01 0.9859454E-01 0.1135216 0.1273311 0.1400466 0.1544487 0.1818338 0.2461248 0.2461248 -9999.000 -9999.000 -9999.000 -9999.000 -9999.000 -9999.000 -9999.000 -9999.000 -9999.000 -9999.000 -9999.000 -9999.000 -9999.000 -9999.000 -9999.000 -9999.000 -9999.000 -9999.000 -9999.000 -9999.000 -9999.000 -9999.000 -9999.000 -9999.000 -9999.000 -9999.000 -9999.000 -9999.000 -9999.000
-9999.000 -9999.000 -9999.000 -9999.000 -9999.000 -9999.000 -9999.000 -9999.000 -9999.000 -9999.000 -9999.000 -9999.000 -9999.000 -9999.000 -9999.000 0.7886344E-01 0.2494553E-01 0.1581859E-01 0.2863358E-01 0.3514537E-01 0.4674676E-01 0.6322605E-01 0.8172779E-01 0.1000290 0.1162008 0.1313485 0.1453682 0.1614206 0.1924682 0.2720436 0.2720436 -9999.000 -9999.000 -9999.000 -9999.000 -9999.000 -9999.000 -9999.000 -9999.000 -9999.000 -9999.000 -9999.000 -9999.000 -9999.000 -9999.000 -9999.000 -9999.000 -9999.000 -9999.000 -9999.000 -9999.000 -9999.000 -9999.000 -9999.000 -9999.000 -9999.000 -9999.000 -9999.000 -9999.000 -9999.000
-9999.000 -9999.000 -9999.000 -9999.000 -9999.000 -9999.000 -9999.000 -9999.000 -9999.000 -9999.000 -9999.000 -9999.000 -9999.000 -9999.000 -9999.000 0.7370200E-01 0.1952747E-01 0.2773432E-01 0.4292657E-01 0.4630778E-01 0.5379207E-01 0.6786735E-01 0.8559918E-01 0.1040631 0.1207387 0.1367074 0.1516495 0.1691181 0.2039337 0.3027997 0.3027997 -9999.000 -9999.000 -9999.000 -9999.000 -9999.000 -9999.000 -9999.000 -9999.000 -9999.000 -9999.000 -9999.000 -9999.000 -9999.000 -9999.000 -9999.000 -9999.000 -9999.000 -9999.000 -9999.000 -9999.000 -9999.000 -9999.000 -9999.000 -9999.000 -9999.000 -9999.000 -9999.000 -9999.000 -9999.000
-9999.000 -9999.000 -9999.000 -9999.000 -9999.000 -9999.000 -9999.000 -9999.000 -9999.000 -9999.000 -9999.000 -9999.000 -9999.000 -9999.000 -9999.000 0.1151399 0.1778249 0.2106794 0.2032044 0.1710120 0.1488431 0.1344753 0.1290923 0.1315999 0.1384447 0.1488793 0.1610046 0.1778575 0.2157721 0.3377335 0.3377335 -9999.000 -9999.000 -9999.000 -9999.000 -9999.000 -9999.000 -9999.000 -9999.000 -9999.000 -9999.000 -9999.000 -9999.000 -9999.000 -9999.000 -9999.000 -9999.000 -9999.000 -9999.000 -9999.000 -9999.000 -9999.000 -9999.000 -9999.000 -9999.000 -9999.000 -9999.000 -9999.000 -9999.000 -9999.000
2.917114 2.917114 2.922209 2.932762 2.951779 2.951779 2.954216 2.953549 2.953549 2.949488 2.949488 2.943037 2.939146 2.934912 2.930730 2.930730 3.100198 3.105248 3.106518 3.105726 3.075836 3.021789 2.944192 2.842252 2.715849 2.570351 2.407507 2.235702 2.078984 2.012213 2.012213 2.830316 3.007586 3.117045 3.145776 3.145776 3.187332 3.187332 3.184376 3.184376 3.148777 2.989392 2.989392 2.691898 2.691898 2.251222 2.251222 2.251222 2.210932 2.210932 2.232306 2.232306 2.277757 2.277757 2.328285 2.328285 2.375247 2.375247 2.375247 2.414034
2.940739 2.940739 2.954405 2.988132 3.014648 3.014648 3.029274 3.051939 3.051939 3.070760 3.070760 3.086990 3.094368 3.101355 3.108322 3.108322 3.233061 3.254003 3.270382 3.284767 3.291938 3.292495 3.285013 3.266640 3.234196 3.186233 3.120531 3.037229 2.941986 2.859328 2.859328 3.284691 3.439215 3.593711 3.637270 3.637270 3.690036 3.690036 3.699835 3.699835 3.684408 3.596124 3.596124 3.420722 3.420722 3.097159 3.097159 3.097159 3.051148 3.051148 3.074269 3.074269 3.122241 3.122241 3.175257 3.175257 3.225031 3.225031 3.225031 3.267901
2.945701 2.945701 2.956719 2.990014 3.014370 3.014370 3.029680 3.053243 3.053243 3.072710 3.072710 3.089658 3.097441 3.104853 3.112314 3.112314 3.222571 3.256946 3.285896 3.311303 3.331358 3.346440 3.356704 3.361460 3.359328 3.349247 3.329363 3.298460 3.258407 3.223512 3.223512 3.456831 3.603845 3.779164 3.832239 3.832239 3.890742 3.890742 3.888250 3.888250 3.863627 3.771298 3.771298 3.639196 3.639196 3.386617 3.386617 3.386617 3.327103 3.327103 3.336181 3.336181 3.374791 3.374791 3.421486 3.421486 3.466734 3.466734 3.466734 3.506291
2.948783 2.948783 2.958767 2.990575 3.013443 3.013443 3.029186 3.053230 3.053230 3.072744 3.072744 3.089687 3.097473 3.104893 3.112440 3.112440 3.213096 3.258332 3.298831 3.334687 3.364697 3.388807 3.407347 3.420485 3.428081 3.430137 3.426218 3.415924 3.400419 3.388539 3.388539 3.530081 3.658369 3.837463 3.894676 3.894676 3.948267 3.948267 3.920771 3.920771 3.883058 3.791918 3.791918 3.704108 3.704108 3.523232 3.523232 3.523232 3.456458 3.456458 3.450120 3.450120 3.478118 3.478118 3.518804 3.518804 3.560453 3.560453 3.560453 3.597455
2.950007 2.950007 2.957886 2.990426 3.012488 3.012488 3.028660 3.053195 3.053195 3.072754 3.072754 3.089679 3.097461 3.104877 3.112544 3.112544 3.208705 3.262920 3.313669 3.359267 3.398513 3.431020 3.456924 3.476496 3.489963 3.497713 3.500050 3.497331 3.490883 3.486860 3.486860 3.575318 3.680677 3.848261 3.900358 3.900358 3.925922 3.925922 3.863035 3.863035 3.818640 3.750991 3.750991 3.712109 3.712109 3.603383 3.603383 3.603383 3.539216 3.539216 3.518851 3.518851 3.533782 3.533782 3.566219 3.566219 3.602843 3.602843 3.602843 3.636331
2.946697 2.946697 2.962586 2.990102 3.011780 3.011780 3.028307 3.053254 3.053254 3.072856 3.072856 3.089765 3.097543 3.104957 3.112800 3.112800 3.210536 3.272736 3.332457 3.386803 3.434366 3.474589 3.507432 3.533103 3.551888 3.564214 3.570585 3.571630 3.568683 3.566230 3.566230 3.620019 3.700409 3.838541 3.870775 3.870775 3.838854 3.838854 3.747597 3.747597 3.713836 3.691299 3.691299 3.697942 3.697942 3.653441 3.653441 3.653441 3.601826 3.601826 3.572973 3.572973 3.574454 3.574454 3.596330 3.596330 3.625739 3.625739 3.625739 3.653997
2.946323 2.946323 2.964905 2.989812 3.011303 3.011303 3.028040 3.053248 3.053248 3.072876 3.072876 3.089773 3.097547 3.104960 3.113052 3.113052 3.219252 3.289173 3.356884 3.418872 3.473647 3.520614 3.559665 3.590950 3.614738 3.631410 3.641451 3.645494 3.644674 3.642112 3.642112 3.672312 3.727060 3.810192 3.800060 3.800060 3.694054 3.694054 3.613878 3.613878 3.607051 3.634725 3.634725 3.676360 3.676360 3.683169 3.683169 3.683169 3.650719 3.650719 3.621029 3.621029 3.611660 3.611660 3.621826 3.621826 3.641910 3.641910 3.641910 3.662979
2.946200 2.946200 2.965675 2.989714 3.011142 3.011142 3.027947 3.053244 3.053244 3.072883 3.072883 3.089776 3.097549 3.104962 3.113400 3.113400 3.235960 3.313910 3.388879 3.457403 3.518144 3.570636 3.614827 3.650881 3.679058 3.699693 3.713203 3.720119 3.721280 3.718486 3.718486 3.731877 3.759115 3.744431 3.667702 3.667702 3.515357 3.515357 3.493308 3.493308 3.517353 3.585183 3.585183 3.650719 3.650719 3.696349 3.696349 3.696349 3.685517 3.685517 3.662166 3.662166 3.646710 3.646710 3.645801 3.645801 3.655177 3.655177 3.655177 3.667272
2.946323 2.946323 2.964905 2.989811 3.011303 3.011303 3.028040 3.053248 3.053248 3.072876 3.072876 3.089772 3.097547 3.104960 3.113882 3.113882 3.262201 3.348844 3.430509 3.504444 3.569780 3.626365 3.674346 3.713986 3.745591 3.769481 3.786011 3.795587 3.798678 3.795357 3.795357 3.793798 3.784257 3.607349 3.465430 3.465430 3.345375 3.345375 3.401023 3.401023 3.447967 3.541305 3.541305 3.622461 3.622461 3.696768 3.696768 3.696768 3.706554 3.706554 3.694330 3.694330 3.677829 3.677829 3.668093 3.668093 3.666366 3.666366 3.666366 3.668119
2.946697 2.946697 2.962586 2.990101 3.011780 3.011780 3.028306 3.053254 3.053254 3.072856 3.072856 3.089765 3.097543 3.104957 3.114547 3.114547 3.300307 3.396420 3.484204 3.562296 3.630666 3.689689 3.739841 3.781583 3.815324 3.841419 3.860186 3.871909 3.876458 3.870362 3.870362 3.845996 3.770148 3.381459 3.228477 3.228477 3.218639 3.218639 3.333840 3.333840 3.393140 3.500689 3.500689 3.592169 3.592169 3.687286 3.687286 3.687286 3.714669 3.714669 3.715458 3.715458 3.702255 3.702255 3.686825 3.686825 3.674677 3.674677 3.674677 3.665379
2.950007 2.950007 2.957885 2.990425 3.012487 3.012487 3.028659 3.053194 3.053194 3.072754 3.072754 3.089679 3.097461 3.104877 3.115385 3.115385 3.353862 3.459967 3.552944 3.633588 3.703102 3.762599 3.813015 3.855085 3.889377 3.916312 3.936212 3.949205 3.953621 3.935493 3.935493 3.855117 3.653632 3.108532 3.026228 3.026228 3.134993 3.134993 3.278513 3.278513 3.343401 3.458991 3.458991 3.557705 3.557705 3.667782 3.667782 3.667782 3.709062 3.709062 3.722359 3.722359 3.715059 3.715059 3.697097 3.697097 3.676149 3.676149 3.676149 3.656045
2.948783 2.948783 2.958767 2.990575 3.013443 3.013443 3.029185 3.053229 3.053229 3.072743 3.072743 3.089687 3.097473 3.104893 3.116659 3.116659 3.428882 3.544577 3.640916 3.721736 3.789874 3.847391 3.895768 3.936059 3.969014 3.995143 4.014786 4.027646 4.026390 3.960057 3.960057 3.740080 3.378857 2.880837 2.897010 2.897010 3.068621 3.068621 3.221997 3.221997 3.289448 3.410279 3.410279 3.514245 3.514245 3.634790 3.634790 3.634790 3.686306 3.686306 3.710053 3.710053 3.709335 3.709335 3.691200 3.691200 3.663520 3.663520 3.663520 3.633756
