cruce_test.gid/Rasters/Hydraulic/Velocity__x_267.0.asc
NCOLS        79
NROWS        79
XLLCENTER         -1.500000
YLLCENTER         -4.800000
CELLSIZE           0.100
NODATA_VALUE     -9999.0
[rows 0 to 25 of 79, columns 0 to 57 of 79]
-9999.000 -9999.000 -9999.000 -9999.000 -9999.000 -9999.000 -9999.000 -9999.000 -9999.000 -9999.000 -9999.000 -9999.000 -9999.000 -9999.000 -9999.000 -0.7749790E-03 0.2443305E-03 0.3785822E-02 0.8149017E-02 0.1226996E-01 0.1555512E-01 0.1783950E-01 0.1911140E-01 0.1946115E-01 0.1901343E-01 0.1785586E-01 0.1604871E-01 0.1349519E-01 0.9533250E-02 0.4678630E-02 0.4678630E-02 -9999.000 -9999.000 -9999.000 -9999.000 -9999.000 -9999.000 -9999.000 -9999.000 -9999.000 -9999.000 -9999.000 -9999.000 -9999.000 -9999.000 -9999.000 -9999.000 -9999.000 -9999.000 -9999.000 -9999.000 -9999.000 -9999.000 -9999.000 -9999.000 -9999.000 -9999.000 -9999.000
-9999.000 -9999.000 -9999.000 -9999.000 -9999.000 -9999.000 -9999.000 -9999.000 -9999.000 -9999.000 -9999.000 -9999.000 -9999.000 -9999.000 -9999.000 0.4630054E-03 0.2698068E-02 0.7325566E-02 0.1265501E-01 0.1764977E-01 0.2168454E-01 0.2453100E-01 0.2611842E-01 0.2649119E-01 0.2574355E-01 0.2395336E-01 0.2118863E-01 0.1739227E-01 0.1203253E-01 0.5886232E-02 0.5886232E-02 -9999.000 -9999.000 -9999.000 -9999.000 -9999.000 -9999.000 -9999.000 -9999.000 -9999.000 -9999.000 -9999.000 -9999.000 -9999.000 -9999.000 -9999.000 -9999.000 -9999.000 -9999.000 -9999.000 -9999.000 -9999.000 -9999.000 -9999.000 -9999.000 -9999.000 -9999.000 -9999.000
-9999.000 -9999.000 -9999.000 -9999.000 -9999.000 -9999.000 -9999.000 -9999.000 -9999.000 -9999.000 -9999.000 -9999.000 -9999.000 -9999.000 -9999.000 0.9654279E-03 0.3780726E-02 0.9068854E-02 0.1501510E-01 0.2054303E-01 0.2499898E-01 0.2813666E-01 0.2987254E-01 0.3024457E-01 0.2934572E-01 0.2725729E-01 0.2405851E-01 0.1970443E-01 0.1365933E-01 0.6720246E-02 0.6720246E-02 -9999.000 -9999.000 -9999.000 -9999.000 -9999.000 -9999.000 -9999.000 -9999.000 -9999.000 -9999.000 -9999.000 -9999.000 -9999.000 -9999.000 -9999.000 -9999.000 -9999.000 -9999.000 -9999.000 -9999.000 -9999.000 -9999.000 -9999.000 -9999.000 -9999.000 -9999.000 -9999.000
-9999.000 -9999.000 -9999.000 -9999.000 -9999.000 -9999.000 -9999.000 -9999.000 -9999.000 -9999.000 -9999.000 -9999.000 -9999.000 -9999.000 -9999.000 0.1240434E-02 0.4395572E-02 0.1009583E-01 0.1644105E-01 0.2231831E-01 0.2705224E-01 0.3038738E-01 0.3223380E-01 0.3262905E-01 0.3166759E-01 0.2943246E-01 0.2600766E-01 0.2134858E-01 0.1489117E-01 0.7381559E-02 0.7381559E-02 -9999.000 -9999.000 -9999.000 -9999.000 -9999.000 -9999.000 -9999.000 -9999.000 -9999.000 -9999.000 -9999.000 -9999.000 -9999.000 -9999.000 -9999.000 -9999.000 -9999.000 -9999.000 -9999.000 -9999.000 -9999.000 -9999.000 -9999.000 -9999.000 -9999.000 -9999.000 -9999.000
-9999.000 -9999.000 -9999.000 -9999.000 -9999.000 -9999.000 -9999.000 -9999.000 -9999.000 -9999.000 -9999.000 -9999.000 -9999.000 -9999.000 -9999.000 0.1434903E-02 0.4839483E-02 0.1085259E-01 0.1750528E-01 0.2365360E-01 0.2860490E-01 0.3209965E-01 0.3404478E-01 0.3447914E-01 0.3349927E-01 0.3118816E-01 0.2763186E-01 0.2277927E-01 0.1602438E-01 0.8013392E-02 0.8013392E-02 -9999.000 -9999.000 -9999.000 -9999.000 -9999.000 -9999.000 -9999.000 -9999.000 -9999.000 -9999.000 -9999.000 -9999.000 -9999.000 -9999.000 -9999.000 -9999.000 -9999.000 -9999.000 -9999.000 -9999.000 -9999.000 -9999.000 -9999.000 -9999.000 -9999.000 -9999.000 -9999.000
-9999.000 -9999.000 -9999.000 -9999.000 -9999.000 -9999.000 -9999.000 -9999.000 -9999.000 -9999.000 -9999.000 -9999.000 -9999.000 -9999.000 -9999.000 0.1612001E-02 0.5243756E-02 0.1153985E-01 0.1846984E-01 0.2486131E-01 0.3000832E-01 0.3365012E-01 0.3569253E-01 0.3617734E-01 0.3520344E-01 0.3285247E-01 0.2921156E-01 0.2421889E-01 0.1721347E-01 0.8694635E-02 0.8694635E-02 -9999.000 -9999.000 -9999.000 -9999.000 -9999.000 -9999.000 -9999.000 -9999.000 -9999.000 -9999.000 -9999.000 -9999.000 -9999.000 -9999.000 -9999.000 -9999.000 -9999.000 -9999.000 -9999.000 -9999.000 -9999.000 -9999.000 -9999.000 -9999.000 -9999.000 -9999.000 -9999.000
-9999.000 -9999.000 -9999.000 -9999.000 -9999.000 -9999.000 -9999.000 -9999.000 -9999.000 -9999.000 -9999.000 -9999.000 -9999.000 -9999.000 -9999.000 0.1801043E-02 0.5669188E-02 0.1225139E-01 0.1945784E-01 0.2608915E-01 0.3142830E-01 0.3521736E-01 0.3736182E-01 0.3790833E-01 0.3695808E-01 0.3459071E-01 0.3089351E-01 0.2579039E-01 0.1855179E-01 0.9476289E-02 0.9476289E-02 -9999.000 -9999.000 -9999.000 -9999.000 -9999.000 -9999.000 -9999.000 -9999.000 -9999.000 -9999.000 -9999.000 -9999.000 -9999.000 -9999.000 -9999.000 -9999.000 -9999.000 -9999.000 -9999.000 -9999.000 -9999.000 -9999.000 -9999.000 -9999.000 -9999.000 -9999.000 -9999.000
-9999.000 -9999.000 -9999.000 -9999.000 -9999.000 -9999.000 -9999.000 -9999.000 -9999.000 -9999.000 -9999.000 -9999.000 -9999.000 -9999.000 -9999.000 0.2018009E-02 0.6148467E-02 0.1303686E-01 0.2053318E-01 0.2741288E-01 0.3295130E-01 0.3689521E-01 0.3915139E-01 0.3977268E-01 0.3886344E-01 0.3650067E-01 0.3277082E-01 0.2757984E-01 0.2011394E-01 0.1040352E-01 0.1040352E-01 -9999.000 -9999.000 -9999.000 -9999.000 -9999.000 -9999.000 -9999.000 -9999.000 -9999.000 -9999.000 -9999.000 -9999.000 -9999.000 -9999.000 -9999.000 -9999.000 -9999.000 -9999.000 -9999.000 -9999.000 -9999.000 -9999.000 -9999.000 -9999.000 -9999.000 -9999.000 -9999.000
-9999.000 -9999.000 -9999.000 -9999.000 -9999.000 -9999.000 -9999.000 -9999.000 -9999.000 -9999.000 -9999.000 -9999.000 -9999.000 -9999.000 -9999.000 0.2273160E-02 0.6702182E-02 0.1392769E-01 0.2173740E-01 0.2888268E-01 0.3463361E-01 0.3874568E-01 0.4112784E-01 0.4184166E-01 0.4099460E-01 0.3865950E-01 0.3492306E-01 0.2966781E-01 0.2197872E-01 0.1152671E-01 0.1152671E-01 -9999.000 -9999.000 -9999.000 -9999.000 -9999.000 -9999.000 -9999.000 -9999.000 -9999.000 -9999.000 -9999.000 -9999.000 -9999.000 -9999.000 -9999.000 -9999.000 -9999.000 -9999.000 -9999.000 -9999.000 -9999.000 -9999.000 -9999.000 -9999.000 -9999.000 -9999.000 -9999.000
-9999.000 -9999.000 -9999.000 -9999.000 -9999.000 -9999.000 -9999.000 -9999.000 -9999.000 -9999.000 -9999.000 -9999.000 -9999.000 -9999.000 -9999.000 0.2575017E-02 0.7348817E-02 0.1495152E-01 0.2310630E-01 0.3054138E-01 0.3652461E-01 0.4082405E-01 0.4335256E-01 0.4418214E-01 0.4342432E-01 0.4114733E-01 0.3743741E-01 0.3214939E-01 0.2424438E-01 0.1291038E-01 0.1291038E-01 -9999.000 -9999.000 -9999.000 -9999.000 -9999.000 -9999.000 -9999.000 -9999.000 -9999.000 -9999.000 -9999.000 -9999.000 -9999.000 -9999.000 -9999.000 -9999.000 -9999.000 -9999.000 -9999.000 -9999.000 -9999.000 -9999.000 -9999.000 -9999.000 -9999.000 -9999.000 -9999.000
-9999.000 -9999.000 -9999.000 -9999.000 -9999.000 -9999.000 -9999.000 -9999.000 -9999.000 -9999.000 -9999.000 -9999.000 -9999.000 -9999.000 -9999.000 0.2933795E-02 0.8108814E-02 0.1613951E-01 0.2468014E-01 0.3243734E-01 0.3868024E-01 0.4319388E-01 0.4589632E-01 0.4687368E-01 0.4624220E-01 0.4406441E-01 0.4042643E-01 0.3514979E-01 0.2704566E-01 0.1464553E-01 0.1464553E-01 -9999.000 -9999.000 -9999.000 -9999.000 -9999.000 -9999.000 -9999.000 -9999.000 -9999.000 -9999.000 -9999.000 -9999.000 -9999.000 -9999.000 -9999.000 -9999.000 -9999.000 -9999.000 -9999.000 -9999.000 -9999.000 -9999.000 -9999.000 -9999.000 -9999.000 -9999.000 -9999.000
-9999.000 -9999.000 -9999.000 -9999.000 -9999.000 -9999.000 -9999.000 -9999.000 -9999.000 -9999.000 -9999.000 -9999.000 -9999.000 -9999.000 -9999.000 0.3360884E-02 0.9006307E-02 0.1752974E-01 0.2650992E-01 0.3463276E-01 0.4117290E-01 0.4593787E-01 0.4885321E-01 0.5002270E-01 0.4956869E-01 0.4754778E-01 0.4404749E-01 0.3884754E-01 0.3057748E-01 0.1686385E-01 0.1686385E-01 -9999.000 -9999.000 -9999.000 -9999.000 -9999.000 -9999.000 -9999.000 -9999.000 -9999.000 -9999.000 -9999.000 -9999.000 -9999.000 -9999.000 -9999.000 -9999.000 -9999.000 -9999.000 -9999.000 -9999.000 -9999.000 -9999.000 -9999.000 -9999.000 -9999.000 -9999.000 -9999.000
-9999.000 -9999.000 -9999.000 -9999.000 -9999.000 -9999.000 -9999.000 -9999.000 -9999.000 -9999.000 -9999.000 -9999.000 -9999.000 -9999.000 -9999.000 0.3881759E-02 0.1009518E-01 0.1920551E-01 0.2869923E-01 0.3724477E-01 0.4413189E-01 0.4919722E-01 0.5237673E-01 0.5379782E-01 0.5359116E-01 0.5180683E-01 0.4853662E-01 0.4351043E-01 0.3513514E-01 0.1976589E-01 0.1976589E-01 -9999.000 -9999.000 -9999.000 -9999.000 -9999.000 -9999.000 -9999.000 -9999.000 -9999.000 -9999.000 -9999.000 -9999.000 -9999.000 -9999.000 -9999.000 -9999.000 -9999.000 -9999.000 -9999.000 -9999.000 -9999.000 -9999.000 -9999.000 -9999.000 -9999.000 -9999.000 -9999.000
-9999.000 -9999.000 -9999.000 -9999.000 -9999.000 -9999.000 -9999.000 -9999.000 -9999.000 -9999.000 -9999.000 -9999.000 -9999.000 -9999.000 -9999.000 0.5299815E-02 0.1306684E-01 0.2372041E-01 0.3382927E-01 0.4256326E-01 0.4958155E-01 0.5472769E-01 0.5797270E-01 0.5948687E-01 0.5941506E-01 0.5780143E-01 0.5474205E-01 0.4990190E-01 0.4140698E-01 0.2379061E-01 0.2379061E-01 -9999.000 -9999.000 -9999.000 -9999.000 -9999.000 -9999.000 -9999.000 -9999.000 -9999.000 -9999.000 -9999.000 -9999.000 -9999.000 -9999.000 -9999.000 -9999.000 -9999.000 -9999.000 -9999.000 -9999.000 -9999.000 -9999.000 -9999.000 -9999.000 -9999.000 -9999.000 -9999.000
-9999.000 -9999.000 -9999.000 -9999.000 -9999.000 -9999.000 -9999.000 -9999.000 -9999.000 -9999.000 -9999.000 -9999.000 -9999.000 -9999.000 -9999.000 0.8050296E-01 0.1224836 0.1416843 0.1340253 0.1193831 0.1083110 0.9833588E-01 0.8936309E-01 0.8141887E-01 0.7418221E-01 0.6737283E-01 0.6073547E-01 0.5354427E-01 0.4343396E-01 0.2128998E-01 0.2128998E-01 -9999.000 -9999.000 -9999.000 -9999.000 -9999.000 -9999.000 -9999.000 -9999.000 -9999.000 -9999.000 -9999.000 -9999.000 -9999.000 -9999.000 -9999.000 -9999.000 -9999.000 -9999.000 -9999.000 -9999.000 -9999.000 -9999.000 -9999.000 -9999.000 -9999.000 -9999.000 -9999.000
2.829294 2.829294 2.815686 2.835353 2.854399 2.854399 2.857245 2.857287 2.857287 2.853820 2.853820 2.847961 2.844360 2.840403 2.836410 2.836410 2.970276 2.974187 2.975356 2.961640 2.923512 2.863141 2.780044 2.671800 2.543669 2.395953 2.232609 2.062943 1.911730 1.847725 1.847725 2.695165 2.872407 2.974003 2.999135 2.999135 3.032309 3.032309 3.014455 3.014455 2.969961 2.787303 2.787303 2.407778 2.407778 2.090176 2.090176 2.090176 2.074880 2.074880 2.107028 2.107028 2.155113 2.155113 2.205159 2.205159 2.249798 2.249798
2.852511 2.852511 2.846672 2.889685 2.915529 2.915529 2.930139 2.952825 2.952825 2.971623 2.971623 2.987838 2.995203 3.002164 3.009021 3.009021 3.108708 3.126741 3.142009 3.153004 3.157542 3.154931 3.142933 3.118000 3.078744 3.022526 2.948052 2.856430 2.754640 2.676206 2.676206 3.132712 3.293264 3.446864 3.488358 3.488358 3.535514 3.535514 3.536752 3.536752 3.515233 3.411580 3.411580 3.200022 3.200022 2.922167 2.922167 2.922167 2.904403 2.904403 2.938633 2.938633 2.989773 2.989773 3.042337 3.042337 3.090042 3.090042
2.857168 2.857168 2.850017 2.892116 2.915504 2.915504 2.930628 2.954121 2.954121 2.973560 2.973560 2.990478 2.998231 3.005603 3.012924 3.012924 3.102253 3.132273 3.158867 3.181481 3.199106 3.211633 3.218534 3.218339 3.210230 3.192472 3.163382 3.122337 3.072390 3.033411 3.033411 3.293931 3.450686 3.631213 3.683647 3.683647 3.737695 3.737695 3.728240 3.728240 3.698739 3.597033 3.597033 3.448513 3.448513 3.215816 3.215816 3.215816 3.182359 3.182359 3.204361 3.204361 3.246972 3.246972 3.293400 3.293400 3.336524 3.336524
2.856619 2.856619 2.855334 2.893600 2.915168 2.915168 2.930447 2.954214 2.954214 2.973650 2.973650 2.990540 2.998287 3.005660 3.013047 3.013047 3.096110 3.136206 3.173321 3.205905 3.232804 3.253711 3.268513 3.276790 3.278518 3.273303 3.260578 3.240155 3.213990 3.194835 3.194835 3.353752 3.492859 3.681857 3.740284 3.740284 3.792155 3.792155 3.761157 3.761157 3.720975 3.626310 3.626310 3.530815 3.530815 3.355848 3.355848 3.355848 3.310100 3.310100 3.317991 3.317991 3.351768 3.351768 3.393147 3.393147 3.433038 3.433038
2.858193 2.858193 2.854955 2.894364 2.914718 2.914718 2.930108 2.954227 2.954227 2.973752 2.973752 2.990632 2.998364 3.005718 3.013182 3.013182 3.094375 3.143107 3.189703 3.231453 3.266877 3.295370 3.316756 3.330886 3.337916 3.338010 3.331313 3.318253 3.300663 3.287463 3.287463 3.385007 3.499776 3.679467 3.734616 3.734616 3.763844 3.763844 3.703651 3.703651 3.660914 3.594776 3.594776 3.551496 3.551496 3.440085 3.440085 3.440085 3.390261 3.390261 3.383619 3.383619 3.406032 3.406032 3.440543 3.440543 3.476154 3.476154
2.859377 2.859377 2.855327 2.894493 2.914253 2.914253 2.929819 2.954283 2.954283 2.973851 2.973851 2.990704 2.998425 3.005770 3.013366 3.013366 3.098051 3.154630 3.209668 3.259574 3.302614 3.338002 3.365467 3.384906 3.396458 3.400392 3.397077 3.387156 3.372320 3.359024 3.359024 3.415214 3.502207 3.652665 3.690250 3.690250 3.672197 3.672197 3.595184 3.595184 3.566300 3.546372 3.546372 3.548479 3.548479 3.496087 3.496087 3.496087 3.452062 3.452062 3.434483 3.434483 3.444166 3.444166 3.469433 3.469433 3.498770 3.498770
2.860094 2.860094 2.855747 2.894511 2.913886 2.913886 2.929522 2.954225 2.954225 2.973884 2.973884 2.990758 2.998477 3.005816 3.013604 3.013604 3.107965 3.172205 3.234775 3.291707 3.341208 3.382480 3.415230 3.439378 3.455035 3.462443 3.461965 3.454211 3.440561 3.425547 3.425547 3.452688 3.510462 3.605601 3.605505 3.605505 3.529701 3.529701 3.472898 3.472898 3.471219 3.499223 3.499223 3.535332 3.535332 3.531861 3.531861 3.531861 3.501479 3.501479 3.479416 3.479416 3.477527 3.477527 3.491940 3.491940 3.512944 3.512944
2.860334 2.860334 2.855889 2.894529 2.913776 2.913776 2.929425 2.954195 2.954195 2.973881 2.973881 2.990765 2.998486 3.005824 3.013891 3.013891 3.125160 3.197306 3.266634 3.329379 3.383980 3.429813 3.466688 3.494610 3.513688 3.524131 3.526234 3.520475 3.507837 3.491143 3.491143 3.497135 3.523687 3.523532 3.466639 3.466639 3.362978 3.362978 3.364672 3.364672 3.391466 3.456634 3.456634 3.516158 3.516158 3.551023 3.551023 3.551023 3.538405 3.538405 3.518733 3.518733 3.508697 3.508697 3.512062 3.512062 3.523104 3.523104
2.860094 2.860094 2.855747 2.894510 2.913886 2.913886 2.929522 2.954224 2.954224 2.973884 2.973884 2.990757 2.998477 3.005816 3.014272 3.014272 3.151143 3.231652 3.306977 3.374180 3.432282 3.481048 3.520547 3.550936 3.572403 3.585142 3.589379 3.585436 3.573853 3.555537 3.555537 3.543617 3.530729 3.379565 3.271970 3.271970 3.211478 3.211478 3.283218 3.283218 3.329936 3.418549 3.418549 3.493653 3.493653 3.557477 3.557477 3.557477 3.563077 3.563077 3.550991 3.550991 3.537463 3.537463 3.531032 3.531032 3.531237 3.531237
2.859377 2.859377 2.855327 2.894493 2.914254 2.914254 2.929820 2.954283 2.954283 2.973851 2.973851 2.990705 2.998425 3.005770 3.014772 3.014772 3.188102 3.277372 3.357712 3.427727 3.487411 3.537159 3.577440 3.608664 3.631144 3.645112 3.650743 3.648204 3.637422 3.616053 3.616053 3.580855 3.502671 3.162589 3.058202 3.058202 3.100934 3.100934 3.221093 3.221093 3.278666 3.381107 3.381107 3.467072 3.467072 3.552591 3.552591 3.552591 3.574582 3.574582 3.572790 3.572790 3.559851 3.559851 3.546092 3.546092 3.535669 3.535669
2.858192 2.858192 2.854956 2.894364 2.914718 2.914718 2.930108 2.954227 2.954227 2.973752 2.973752 2.990631 2.998363 3.005718 3.015472 3.015472 3.239378 3.337260 3.421017 3.491616 3.550460 3.598821 3.637694 3.667807 3.689642 3.703492 3.709507 3.707665 3.696587 3.665452 3.665452 3.579932 3.383304 2.915674 2.887203 2.887203 3.024834 3.024834 3.167396 3.167396 3.230336 3.341295 3.341295 3.435172 3.435172 3.536615 3.536615 3.536615 3.572030 3.572030 3.580887 3.580887 3.571362 3.571362 3.553067 3.553067 3.533146 3.533146
