cruce_test.gid/Rasters/Hydraulic/Velocity__x_324.0.asc
NCOLS        79
NROWS        79
XLLCENTER         -1.500000
YLLCENTER         -4.800000
CELLSIZE           0.100
NODATA_VALUE     -9999.0
[rows 0 to 25 of 79, columns 0 to 57 of 79]
-9999.000 -9999.000 -9999.000 -9999.000 -9999.000 -9999.000 -9999.000 -9999.000 -9999.000 -9999.000 -9999.000 -9999.000 -9999.000 -9999.000 -9999.000 0.3228425E-03 0.2105731E-02 0.5581154E-02 0.9133290E-02 0.1221642E-01 0.1463264E-01 0.1630202E-01 0.1723592E-01 0.1749388E-01 0.1712817E-01 0.1620206E-01 0.1474277E-01 0.1258979E-01 0.8990437E-02 0.4421998E-02 0.4421998E-02 -9999.000 -9999.000 -9999.000 -9999.000 -9999.000 -9999.000 -9999.000 -9999.000 -9999.000 -9999.000 -9999.000 -9999.000 -9999.000 -9999.000 -9999.000 -9999.000 -9999.000 -9999.000 -9999.000 -9999.000 -9999.000 -9999.000 -9999.000 -9999.000 -9999.000 -9999.000 -9999.000
-9999.000 -9999.000 -9999.000 -9999.000 -9999.000 -9999.000 -9999.000 -9999.000 -9999.000 -9999.000 -9999.000 -9999.000 -9999.000 -9999.000 -9999.000 0.1510887E-02 0.4488143E-02 0.9102644E-02 0.1370546E-01 0.1772915E-01 0.2092036E-01 0.2314661E-01 0.2437464E-01 0.2462960E-01 0.2394428E-01 0.2237275E-01 0.1994685E-01 0.1654316E-01 0.1153787E-01 0.5659083E-02 0.5659083E-02 -9999.000 -9999.000 -9999.000 -9999.000 -9999.000 -9999.000 -9999.000 -9999.000 -9999.000 -9999.000 -9999.000 -9999.000 -9999.000 -9999.000 -9999.000 -9999.000 -9999.000 -9999.000 -9999.000 -9999.000 -9999.000 -9999.000 -9999.000 -9999.000 -9999.000 -9999.000 -9999.000
-9999.000 -9999.000 -9999.000 -9999.000 -9999.000 -9999.000 -9999.000 -9999.000 -9999.000 -9999.000 -9999.000 -9999.000 -9999.000 -9999.000 -9999.000 0.2089709E-02 0.5711809E-02 0.1102826E-01 0.1627119E-01 0.2084187E-01 0.2446401E-01 0.2698659E-01 0.2836328E-01 0.2861208E-01 0.2776314E-01 0.2587559E-01 0.2299235E-01 0.1900058E-01 0.1326860E-01 0.6546278E-02 0.6546278E-02 -9999.000 -9999.000 -9999.000 -9999.000 -9999.000 -9999.000 -9999.000 -9999.000 -9999.000 -9999.000 -9999.000 -9999.000 -9999.000 -9999.000 -9999.000 -9999.000 -9999.000 -9999.000 -9999.000 -9999.000 -9999.000 -9999.000 -9999.000 -9999.000 -9999.000 -9999.000 -9999.000
-9999.000 -9999.000 -9999.000 -9999.000 -9999.000 -9999.000 -9999.000 -9999.000 -9999.000 -9999.000 -9999.000 -9999.000 -9999.000 -9999.000 -9999.000 0.2446078E-02 0.6473256E-02 0.1223883E-01 0.1789605E-01 0.2282316E-01 0.2672965E-01 0.2945323E-01 0.3094227E-01 0.3121195E-01 0.3029166E-01 0.2824400E-01 0.2511634E-01 0.2079325E-01 0.1460954E-01 0.7264372E-02 0.7264372E-02 -9999.000 -9999.000 -9999.000 -9999.000 -9999.000 -9999.000 -9999.000 -9999.000 -9999.000 -9999.000 -9999.000 -9999.000 -9999.000 -9999.000 -9999.000 -9999.000 -9999.000 -9999.000 -9999.000 -9999.000 -9999.000 -9999.000 -9999.000 -9999.000 -9999.000 -9999.000 -9999.000
-9999.000 -9999.000 -9999.000 -9999.000 -9999.000 -9999.000 -9999.000 -9999.000 -9999.000 -9999.000 -9999.000 -9999.000 -9999.000 -9999.000 -9999.000 0.2714445E-02 0.7047099E-02 0.1315129E-01 0.1912264E-01 0.2432257E-01 0.2845124E-01 0.3133858E-01 0.3293033E-01 0.3324094E-01 0.3229839E-01 0.3016785E-01 0.2689808E-01 0.2236353E-01 0.1584992E-01 0.7953523E-02 0.7953523E-02 -9999.000 -9999.000 -9999.000 -9999.000 -9999.000 -9999.000 -9999.000 -9999.000 -9999.000 -9999.000 -9999.000 -9999.000 -9999.000 -9999.000 -9999.000 -9999.000 -9999.000 -9999.000 -9999.000 -9999.000 -9999.000 -9999.000 -9999.000 -9999.000 -9999.000 -9999.000 -9999.000
-9999.000 -9999.000 -9999.000 -9999.000 -9999.000 -9999.000 -9999.000 -9999.000 -9999.000 -9999.000 -9999.000 -9999.000 -9999.000 -9999.000 -9999.000 0.2957275E-02 0.7563482E-02 0.1396685E-01 0.2021502E-01 0.2565619E-01 0.2998474E-01 0.3302499E-01 0.3472149E-01 0.3508878E-01 0.3415360E-01 0.3198313E-01 0.2862544E-01 0.2394015E-01 0.1714885E-01 0.8694969E-02 0.8694969E-02 -9999.000 -9999.000 -9999.000 -9999.000 -9999.000 -9999.000 -9999.000 -9999.000 -9999.000 -9999.000 -9999.000 -9999.000 -9999.000 -9999.000 -9999.000 -9999.000 -9999.000 -9999.000 -9999.000 -9999.000 -9999.000 -9999.000 -9999.000 -9999.000 -9999.000 -9999.000 -9999.000
-9999.000 -9999.000 -9999.000 -9999.000 -9999.000 -9999.000 -9999.000 -9999.000 -9999.000 -9999.000 -9999.000 -9999.000 -9999.000 -9999.000 -9999.000 0.3205040E-02 0.8086174E-02 0.1478402E-01 0.2130263E-01 0.2698026E-01 0.3150724E-01 0.3470331E-01 0.3651384E-01 0.3695384E-01 0.3604857E-01 0.3386746E-01 0.3045692E-01 0.2565631E-01 0.1860840E-01 0.9545078E-02 0.9545078E-02 -9999.000 -9999.000 -9999.000 -9999.000 -9999.000 -9999.000 -9999.000 -9999.000 -9999.000 -9999.000 -9999.000 -9999.000 -9999.000 -9999.000 -9999.000 -9999.000 -9999.000 -9999.000 -9999.000 -9999.000 -9999.000 -9999.000 -9999.000 -9999.000 -9999.000 -9999.000 -9999.000
-9999.000 -9999.000 -9999.000 -9999.000 -9999.000 -9999.000 -9999.000 -9999.000 -9999.000 -9999.000 -9999.000 -9999.000 -9999.000 -9999.000 -9999.000 0.3474176E-02 0.8649094E-02 0.1565563E-01 0.2245518E-01 0.2837852E-01 0.3311415E-01 0.3647780E-01 0.3841722E-01 0.3894914E-01 0.3809635E-01 0.3593124E-01 0.3249760E-01 0.2760966E-01 0.2031332E-01 0.1055479E-01 0.1055479E-01 -9999.000 -9999.000 -9999.000 -9999.000 -9999.000 -9999.000 -9999.000 -9999.000 -9999.000 -9999.000 -9999.000 -9999.000 -9999.000 -9999.000 -9999.000 -9999.000 -9999.000 -9999.000 -9999.000 -9999.000 -9999.000 -9999.000 -9999.000 -9999.000 -9999.000 -9999.000 -9999.000
-9999.000 -9999.000 -9999.000 -9999.000 -9999.000 -9999.000 -9999.000 -9999.000 -9999.000 -9999.000 -9999.000 -9999.000 -9999.000 -9999.000 -9999.000 0.3774827E-02 0.9273963E-02 0.1661509E-01 0.2371654E-01 0.2990454E-01 0.3486751E-01 0.3841818E-01 0.4050801E-01 0.4115587E-01 0.4038251E-01 0.3826351E-01 0.3483968E-01 0.2989398E-01 0.2235456E-01 0.1178202E-01 0.1178202E-01 -9999.000 -9999.000 -9999.000 -9999.000 -9999.000 -9999.000 -9999.000 -9999.000 -9999.000 -9999.000 -9999.000 -9999.000 -9999.000 -9999.000 -9999.000 -9999.000 -9999.000 -9999.000 -9999.000 -9999.000 -9999.000 -9999.000 -9999.000 -9999.000 -9999.000 -9999.000 -9999.000
-9999.000 -9999.000 -9999.000 -9999.000 -9999.000 -9999.000 -9999.000 -9999.000 -9999.000 -9999.000 -9999.000 -9999.000 -9999.000 -9999.000 -9999.000 0.4115197E-02 0.9978029E-02 0.1768986E-01 0.2512374E-01 0.3160407E-01 0.3682119E-01 0.4058591E-01 0.4285499E-01 0.4365083E-01 0.4299149E-01 0.4095743E-01 0.3758508E-01 0.3261997E-01 0.2484711E-01 0.1330266E-01 0.1330266E-01 -9999.000 -9999.000 -9999.000 -9999.000 -9999.000 -9999.000 -9999.000 -9999.000 -9999.000 -9999.000 -9999.000 -9999.000 -9999.000 -9999.000 -9999.000 -9999.000 -9999.000 -9999.000 -9999.000 -9999.000 -9999.000 -9999.000 -9999.000 -9999.000 -9999.000 -9999.000 -9999.000
-9999.000 -9999.000 -9999.000 -9999.000 -9999.000 -9999.000 -9999.000 -9999.000 -9999.000 -9999.000 -9999.000 -9999.000 -9999.000 -9999.000 -9999.000 0.4503561E-02 0.1077937E-01 0.1890929E-01 0.2671675E-01 0.3352719E-01 0.3903527E-01 0.4305055E-01 0.4553849E-01 0.4652518E-01 0.4602655E-01 0.4413000E-01 0.4086680E-01 0.3593654E-01 0.2795041E-01 0.1522334E-01 0.1522334E-01 -9999.000 -9999.000 -9999.000 -9999.000 -9999.000 -9999.000 -9999.000 -9999.000 -9999.000 -9999.000 -9999.000 -9999.000 -9999.000 -9999.000 -9999.000 -9999.000 -9999.000 -9999.000 -9999.000 -9999.000 -9999.000 -9999.000 -9999.000 -9999.000 -9999.000 -9999.000 -9999.000
-9999.000 -9999.000 -9999.000 -9999.000 -9999.000 -9999.000 -9999.000 -9999.000 -9999.000 -9999.000 -9999.000 -9999.000 -9999.000 -9999.000 -9999.000 0.4950674E-02 0.1170143E-01 0.2031113E-01 0.2854749E-01 0.3573896E-01 0.4158828E-01 0.4590502E-01 0.4866558E-01 0.4990228E-01 0.4962977E-01 0.4794405E-01 0.4487219E-01 0.4005730E-01 0.3189848E-01 0.1770249E-01 0.1770249E-01 -9999.000 -9999.000 -9999.000 -9999.000 -9999.000 -9999.000 -9999.000 -9999.000 -9999.000 -9999.000 -9999.000 -9999.000 -9999.000 -9999.000 -9999.000 -9999.000 -9999.000 -9999.000 -9999.000 -9999.000 -9999.000 -9999.000 -9999.000 -9999.000 -9999.000 -9999.000 -9999.000
-9999.000 -9999.000 -9999.000 -9999.000 -9999.000 -9999.000 -9999.000 -9999.000 -9999.000 -9999.000 -9999.000 -9999.000 -9999.000 -9999.000 -9999.000 0.5472179E-02 0.1277792E-01 0.2195030E-01 0.3069100E-01 0.3833467E-01 0.4459518E-01 0.4928401E-01 0.5239349E-01 0.5396426E-01 0.5401035E-01 0.5264199E-01 0.4988161E-01 0.4530485E-01 0.3704966E-01 0.2098379E-01 0.2098379E-01 -9999.000 -9999.000 -9999.000 -9999.000 -9999.000 -9999.000 -9999.000 -9999.000 -9999.000 -9999.000 -9999.000 -9999.000 -9999.000 -9999.000 -9999.000 -9999.000 -9999.000 -9999.000 -9999.000 -9999.000 -9999.000 -9999.000 -9999.000 -9999.000 -9999.000 -9999.000 -9999.000
-9999.000 -9999.000 -9999.000 -9999.000 -9999.000 -9999.000 -9999.000 -9999.000 -9999.000 -9999.000 -9999.000 -9999.000 -9999.000 -9999.000 -9999.000 0.6216541E-02 0.1428434E-01 0.2420059E-01 0.3357141E-01 0.4175784E-01 0.4850137E-01 0.5362827E-01 0.5716030E-01 0.5915400E-01 0.5962713E-01 0.5871202E-01 0.5642743E-01 0.5226581E-01 0.4404048E-01 0.2551289E-01 0.2551289E-01 -9999.000 -9999.000 -9999.000 -9999.000 -9999.000 -9999.000 -9999.000 -9999.000 -9999.000 -9999.000 -9999.000 -9999.000 -9999.000 -9999.000 -9999.000 -9999.000 -9999.000 -9999.000 -9999.000 -9999.000 -9999.000 -9999.000 -9999.000 -9999.000 -9999.000 -9999.000 -9999.000
-9999.000 -9999.000 -9999.000 -9999.000 -9999.000 -9999.000 -9999.000 -9999.000 -9999.000 -9999.000 -9999.000 -9999.000 -9999.000 -9999.000 -9999.000 0.4478784E-01 0.6802431E-01 0.7800046E-01 0.7807700E-01 0.7884384E-01 0.7840828E-01 0.7697289E-01 0.7487821E-01 0.7220545E-01 0.6901793E-01 0.6540421E-01 0.6125724E-01 0.5585691E-01 0.4665094E-01 0.2335352E-01 0.2335352E-01 -9999.000 -9999.000 -9999.000 -9999.000 -9999.000 -9999.000 -9999.000 -9999.000 -9999.000 -9999.000 -9999.000 -9999.000 -9999.000 -9999.000 -9999.000 -9999.000 -9999.000 -9999.000 -9999.000 -9999.000 -9999.000 -9999.000 -9999.000 -9999.000 -9999.000 -9999.000 -9999.000
2.719973 2.719973 2.705942 2.737681 2.756695 2.756695 2.760299 2.761580 2.761580 2.759133 2.759133 2.754085 2.750817 2.747159 2.743294 2.743294 2.832674 2.835237 2.828671 2.802387 2.756787 2.690578 2.600987 2.491480 2.362137 2.215247 2.055389 1.893137 1.754847 1.706729 1.706729 2.560492 2.732242 2.823322 2.844307 2.844307 2.867782 2.867782 2.833104 2.833104 2.779220 2.572601 2.572601 2.109782 2.109782 1.930818 1.930818 1.930818 1.937300 1.937300 1.977802 1.977802 2.027404 2.027404 2.076258 2.076258 2.118335 2.118335
2.741029 2.741029 2.731394 2.789245 2.814916 2.814916 2.830121 2.853553 2.853553 2.872830 2.872830 2.889338 2.896795 2.903825 2.910595 2.910595 2.978169 2.992677 3.004893 3.012374 3.014390 3.008883 2.992608 2.963880 2.920026 2.859150 2.780592 2.686239 2.583607 2.520185 2.520185 2.982854 3.142889 3.291253 3.329927 3.329927 3.370312 3.370312 3.361725 3.361725 3.333797 3.215328 3.215328 2.956757 2.956757 2.748284 2.748284 2.748284 2.754187 2.754187 2.796303 2.796303 2.848898 2.848898 2.900462 2.900462 2.945895 2.945895
2.745990 2.745990 2.732222 2.791024 2.814639 2.814639 2.830541 2.854846 2.854846 2.874688 2.874688 2.891848 2.899679 2.907108 2.914321 2.914321 2.976251 3.000833 3.023803 3.043428 3.059072 3.069974 3.074744 3.072565 3.061908 3.041068 3.008609 2.964415 2.912162 2.878894 2.878894 3.151252 3.306958 3.482164 3.531382 3.531382 3.577451 3.577451 3.558986 3.558986 3.524922 3.417828 3.417828 3.247352 3.247352 3.046561 3.046561 3.046561 3.036627 3.036627 3.068322 3.068322 3.113195 3.113195 3.158580 3.158580 3.199276 3.199276
2.749602 2.749602 2.734035 2.791905 2.813944 2.813944 2.830145 2.854868 2.854868 2.874736 2.874736 2.891882 2.899716 2.907154 2.914406 2.914406 2.973984 3.007484 3.040051 3.069048 3.093304 3.112192 3.125051 3.131704 3.131779 3.124734 3.110001 3.087611 3.059917 3.044233 3.044233 3.213030 3.352803 3.536783 3.591211 3.591211 3.632935 3.632935 3.593629 3.593629 3.552394 3.461143 3.461143 3.356664 3.356664 3.189520 3.189520 3.189520 3.163613 3.163613 3.183119 3.183119 3.220799 3.220799 3.261906 3.261906 3.299636 3.299636
2.751938 2.751938 2.736485 2.792391 2.813397 2.813397 2.829796 2.854883 2.854883 2.874768 2.874768 2.891884 2.899710 2.907146 2.914444 2.914444 2.975349 3.016929 3.058312 3.095901 3.128015 3.153856 3.172912 3.185086 3.190397 3.188891 3.180684 3.166311 3.147885 3.137297 3.137297 3.243283 3.360415 3.535398 3.585269 3.585269 3.602711 3.602711 3.539943 3.539943 3.501010 3.443573 3.443573 3.396353 3.396353 3.278229 3.278229 3.278229 3.241463 3.241463 3.246728 3.246728 3.274934 3.274934 3.310487 3.310487 3.344588 3.344588
2.753334 2.753334 2.739490 2.792552 2.812962 2.812962 2.829501 2.854875 2.854875 2.874761 2.874761 2.891831 2.899640 2.907062 2.914421 2.914421 2.981182 3.030486 3.079923 3.125241 3.164461 3.196653 3.221337 3.238386 3.247874 3.250001 3.245109 3.233934 3.218399 3.206956 3.206956 3.270210 3.360691 3.505622 3.536111 3.536111 3.508892 3.508892 3.440443 3.440443 3.418606 3.407008 3.407008 3.405883 3.405883 3.340106 3.340106 3.340106 3.301645 3.301645 3.294083 3.294083 3.310775 3.310775 3.338558 3.338558 3.367352 3.367352
2.753878 2.753878 2.742848 2.793271 2.813540 2.813540 2.830224 2.855762 2.855762 2.875542 2.875542 2.892442 2.900174 2.907526 2.914918 2.914918 2.992837 3.049891 3.106655 3.158686 3.203974 3.241600 3.271142 3.292477 3.305671 3.310922 3.308580 3.299326 3.284737 3.270709 3.270709 3.303242 3.364420 3.450185 3.442095 3.442095 3.369248 3.369248 3.330435 3.330435 3.335326 3.367765 3.367765 3.400222 3.400222 3.381986 3.381986 3.381986 3.351062 3.351062 3.335525 3.335525 3.340558 3.340558 3.358662 3.358662 3.380228 3.380228
2.751232 2.751232 2.746250 2.793429 2.813570 2.813570 2.830241 2.855791 2.855791 2.875563 2.875563 2.892455 2.900186 2.907536 2.915069 2.915069 3.010755 3.075984 3.139507 3.197220 3.247391 3.289298 3.322668 3.347456 3.363743 3.371707 3.371630 3.364042 3.350083 3.333471 3.333471 3.342789 3.370605 3.353426 3.293897 3.293897 3.214234 3.214234 3.235710 3.235710 3.265638 3.330820 3.330820 3.386197 3.386197 3.407204 3.407204 3.407204 3.390051 3.390051 3.372884 3.372884 3.368312 3.368312 3.375827 3.375827 3.388413 3.388413
2.753878 2.753878 2.742848 2.793269 2.813539 2.813539 2.830225 2.855763 2.855763 2.875543 2.875543 2.892442 2.900174 2.907526 2.915256 2.915256 3.036705 3.110624 3.180261 3.242437 3.296034 3.340741 3.376563 3.403617 3.422059 3.432063 3.433843 3.427757 3.414443 3.395302 3.395302 3.383910 3.366362 3.192828 3.100050 3.100050 3.079752 3.079752 3.162687 3.162687 3.209332 3.295428 3.295428 3.366401 3.366401 3.418134 3.418134 3.418134 3.417224 3.417224 3.404100 3.404100 3.393540 3.393540 3.390883 3.390883 3.393348 3.393348
2.753335 2.753335 2.739488 2.792551 2.812961 2.812961 2.829503 2.854877 2.854877 2.874762 2.874762 2.891830 2.899639 2.907061 2.915131 2.915131 3.072639 3.155688 3.230582 3.295721 3.350983 3.396698 3.433284 3.461107 3.480457 3.491540 3.494526 3.489596 3.476691 3.453490 3.453490 3.413985 3.318630 2.970969 2.904565 2.904565 2.982371 2.982371 3.104317 3.104317 3.160122 3.259310 3.259310 3.341363 3.341363 3.416456 3.416456 3.416456 3.431293 3.431293 3.425877 3.425877 3.413295 3.413295 3.402082 3.402082 3.394138 3.394138
2.751939 2.751939 2.736482 2.792387 2.813396 2.813396 2.829797 2.854885 2.854885 2.874768 2.874768 2.891882 2.899709 2.907145 2.915610 2.915610 3.122464 3.214415 3.292988 3.358931 3.413534 3.457990 3.493251 3.520002 3.538697 3.549606 3.552872 3.548462 3.534823 3.500300 3.500300 3.399960 3.168877 2.744362 2.759305 2.759305 2.911283 2.911283 3.051430 3.051430 3.111991 3.220052 3.220052 3.310198 3.310198 3.402549 3.402549 3.402549 3.430901 3.430901 3.434535 3.434535 3.423079 3.423079 3.405599 3.405599 3.387891 3.387891
