cruce_test.gid/Rasters/Hydraulic/Velocity____26.0.asc
NCOLS        79
NROWS        79
XLLCENTER         -1.500000
YLLCENTER         -4.800000
CELLSIZE           0.100
NODATA_VALUE     -9999.0
[rows 0 to 26 of 79, columns 0 to 59 of 79]
-9999.000 -9999.000 -9999.000 -9999.000 -9999.000 -9999.000 -9999.000 -9999.000 -9999.000 -9999.000 -9999.000 -9999.000 -9999.000 -9999.000 -9999.000 0.3956333 0.3959179 0.3963940 0.3971628 0.3980983 0.3991458 0.4002653 0.4014218 0.4025827 0.4037186 0.4048055 0.4058273 0.4067810 0.4076076 0.4036109 0.4036109 -9999.000 -9999.000 -9999.000 -9999.000 -9999.000 -9999.000 -9999.000 -9999.000 -9999.000 -9999.000 -9999.000 -9999.000 -9999.000 -9999.000 -9999.000 -9999.000 -9999.000 -9999.000 -9999.000 -9999.000 -9999.000 -9999.000 -9999.000 -9999.000 -9999.000 -9999.000 -9999.000 -9999.000 -9999.000
-9999.000 -9999.000 -9999.000 -9999.000 -9999.000 -9999.000 -9999.000 -9999.000 -9999.000 -9999.000 -9999.000 -9999.000 -9999.000 -9999.000 -9999.000 0.3864917 0.3859305 0.3866630 0.3878630 0.3892793 0.3908199 0.3924286 0.3940634 0.3956924 0.3972934 0.3988572 0.4003918 0.4019265 0.4033559 0.3960008 0.3960008 -9999.000 -9999.000 -9999.000 -9999.000 -9999.000 -9999.000 -9999.000 -9999.000 -9999.000 -9999.000 -9999.000 -9999.000 -9999.000 -9999.000 -9999.000 -9999.000 -9999.000 -9999.000 -9999.000 -9999.000 -9999.000 -9999.000 -9999.000 -9999.000 -9999.000 -9999.000 -9999.000 -9999.000 -9999.000
-9999.000 -9999.000 -9999.000 -9999.000 -9999.000 -9999.000 -9999.000 -9999.000 -9999.000 -9999.000 -9999.000 -9999.000 -9999.000 -9999.000 -9999.000 0.3750375 0.3732072 0.3744515 0.3764560 0.3787811 0.3812706 0.3838352 0.3864148 0.3889700 0.3914787 0.3939368 0.3963569 0.3987590 0.4008744 0.3893321 0.3893321 -9999.000 -9999.000 -9999.000 -9999.000 -9999.000 -9999.000 -9999.000 -9999.000 -9999.000 -9999.000 -9999.000 -9999.000 -9999.000 -9999.000 -9999.000 -9999.000 -9999.000 -9999.000 -9999.000 -9999.000 -9999.000 -9999.000 -9999.000 -9999.000 -9999.000 -9999.000 -9999.000 -9999.000 -9999.000
-9999.000 -9999.000 -9999.000 -9999.000 -9999.000 -9999.000 -9999.000 -9999.000 -9999.000 -9999.000 -9999.000 -9999.000 -9999.000 -9999.000 -9999.000 0.3625579 0.3590017 0.3609551 0.3640642 0.3676431 0.3714487 0.3753432 0.3792376 0.3830760 0.3868295 0.3904920 0.3940741 0.3975813 0.4005560 0.3847653 0.3847653 -9999.000 -9999.000 -9999.000 -9999.000 -9999.000 -9999.000 -9999.000 -9999.000 -9999.000 -9999.000 -9999.000 -9999.000 -9999.000 -9999.000 -9999.000 -9999.000 -9999.000 -9999.000 -9999.000 -9999.000 -9999.000 -9999.000 -9999.000 -9999.000 -9999.000 -9999.000 -9999.000 -9999.000 -9999.000
-9999.000 -9999.000 -9999.000 -9999.000 -9999.000 -9999.000 -9999.000 -9999.000 -9999.000 -9999.000 -9999.000 -9999.000 -9999.000 -9999.000 -9999.000 0.3489564 0.3432819 0.3461403 0.3506538 0.3558299 0.3613149 0.3669093 0.3724844 0.3779612 0.3832990 0.3884870 0.3935330 0.3984274 0.4024926 0.3825049 0.3825049 -9999.000 -9999.000 -9999.000 -9999.000 -9999.000 -9999.000 -9999.000 -9999.000 -9999.000 -9999.000 -9999.000 -9999.000 -9999.000 -9999.000 -9999.000 -9999.000 -9999.000 -9999.000 -9999.000 -9999.000 -9999.000 -9999.000 -9999.000 -9999.000 -9999.000 -9999.000 -9999.000 -9999.000 -9999.000
-9999.000 -9999.000 -9999.000 -9999.000 -9999.000 -9999.000 -9999.000 -9999.000 -9999.000 -9999.000 -9999.000 -9999.000 -9999.000 -9999.000 -9999.000 0.3340665 0.3260046 0.3299716 0.3361922 0.3433094 0.3508372 0.3585010 0.3661245 0.3736002 0.3808737 0.3879307 0.3947776 0.4013915 0.4068440 0.3828257 0.3828257 -9999.000 -9999.000 -9999.000 -9999.000 -9999.000 -9999.000 -9999.000 -9999.000 -9999.000 -9999.000 -9999.000 -9999.000 -9999.000 -9999.000 -9999.000 -9999.000 -9999.000 -9999.000 -9999.000 -9999.000 -9999.000 -9999.000 -9999.000 -9999.000 -9999.000 -9999.000 -9999.000 -9999.000 -9999.000
-9999.000 -9999.000 -9999.000 -9999.000 -9999.000 -9999.000 -9999.000 -9999.000 -9999.000 -9999.000 -9999.000 -9999.000 -9999.000 -9999.000 -9999.000 0.3176566 0.3071389 0.3124368 0.3206722 0.3300750 0.3400074 0.3501091 0.3601505 0.3699937 0.3795721 0.3888709 0.3979017 0.4066329 0.4138568 0.3861071 0.3861071 -9999.000 -9999.000 -9999.000 -9999.000 -9999.000 -9999.000 -9999.000 -9999.000 -9999.000 -9999.000 -9999.000 -9999.000 -9999.000 -9999.000 -9999.000 -9999.000 -9999.000 -9999.000 -9999.000 -9999.000 -9999.000 -9999.000 -9999.000 -9999.000 -9999.000 -9999.000 -9999.000 -9999.000 -9999.000
-9999.000 -9999.000 -9999.000 -9999.000 -9999.000 -9999.000 -9999.000 -9999.000 -9999.000 -9999.000 -9999.000 -9999.000 -9999.000 -9999.000 -9999.000 0.2994251 0.2866803 0.2935680 0.3041353 0.3161681 0.3288619 0.3417639 0.3545904 0.3671760 0.3794470 0.3913971 0.4030538 0.4143865 0.4238884 0.3928739 0.3928739 -9999.000 -9999.000 -9999.000 -9999.000 -9999.000 -9999.000 -9999.000 -9999.000 -9999.000 -9999.000 -9999.000 -9999.000 -9999.000 -9999.000 -9999.000 -9999.000 -9999.000 -9999.000 -9999.000 -9999.000 -9999.000 -9999.000 -9999.000 -9999.000 -9999.000 -9999.000 -9999.000 -9999.000 -9999.000
-9999.000 -9999.000 -9999.000 -9999.000 -9999.000 -9999.000 -9999.000 -9999.000 -9999.000 -9999.000 -9999.000 -9999.000 -9999.000 -9999.000 -9999.000 0.2789872 0.2646518 0.2734536 0.2866890 0.3016977 0.3175010 0.3335533 0.3495225 0.3652252 0.3805936 0.3956457 0.4104440 0.4249803 0.4374425 0.4038599 0.4038599 -9999.000 -9999.000 -9999.000 -9999.000 -9999.000 -9999.000 -9999.000 -9999.000 -9999.000 -9999.000 -9999.000 -9999.000 -9999.000 -9999.000 -9999.000 -9999.000 -9999.000 -9999.000 -9999.000 -9999.000 -9999.000 -9999.000 -9999.000 -9999.000 -9999.000 -9999.000 -9999.000 -9999.000 -9999.000
-9999.000 -9999.000 -9999.000 -9999.000 -9999.000 -9999.000 -9999.000 -9999.000 -9999.000 -9999.000 -9999.000 -9999.000 -9999.000 -9999.000 -9999.000 0.2558621 0.2410945 0.2522431 0.2685180 0.2868532 0.3061019 0.3256351 0.3450863 0.3642732 0.3831565 0.4018063 0.4203556 0.4388596 0.4552252 0.4201165 0.4201165 -9999.000 -9999.000 -9999.000 -9999.000 -9999.000 -9999.000 -9999.000 -9999.000 -9999.000 -9999.000 -9999.000 -9999.000 -9999.000 -9999.000 -9999.000 -9999.000 -9999.000 -9999.000 -9999.000 -9999.000 -9999.000 -9999.000 -9999.000 -9999.000 -9999.000 -9999.000 -9999.000 -9999.000 -9999.000
-9999.000 -9999.000 -9999.000 -9999.000 -9999.000 -9999.000 -9999.000 -9999.000 -9999.000 -9999.000 -9999.000 -9999.000 -9999.000 -9999.000 -9999.000 0.2294807 0.2160639 0.2301549 0.2498955 0.2719152 0.2949277 0.3182441 0.3414901 0.3645134 0.3873378 0.4101318 0.4331603 0.4566244 0.4782378 0.4432206 0.4432206 -9999.000 -9999.000 -9999.000 -9999.000 -9999.000 -9999.000 -9999.000 -9999.000 -9999.000 -9999.000 -9999.000 -9999.000 -9999.000 -9999.000 -9999.000 -9999.000 -9999.000 -9999.000 -9999.000 -9999.000 -9999.000 -9999.000 -9999.000 -9999.000 -9999.000 -9999.000 -9999.000 -9999.000 -9999.000
-9999.000 -9999.000 -9999.000 -9999.000 -9999.000 -9999.000 -9999.000 -9999.000 -9999.000 -9999.000 -9999.000 -9999.000 -9999.000 -9999.000 -9999.000 0.1992356 0.1896553 0.2075075 0.2312107 0.2572741 0.2843385 0.3117015 0.3390193 0.3662091 0.3934074 0.4209489 0.4493379 0.4790848 0.5079402 0.4757021 0.4757021 -9999.000 -9999.000 -9999.000 -9999.000 -9999.000 -9999.000 -9999.000 -9999.000 -9999.000 -9999.000 -9999.000 -9999.000 -9999.000 -9999.000 -9999.000 -9999.000 -9999.000 -9999.000 -9999.000 -9999.000 -9999.000 -9999.000 -9999.000 -9999.000 -9999.000 -9999.000 -9999.000 -9999.000 -9999.000
-9999.000 -9999.000 -9999.000 -9999.000 -9999.000 -9999.000 -9999.000 -9999.000 -9999.000 -9999.000 -9999.000 -9999.000 -9999.000 -9999.000 -9999.000 0.1645986 0.1620937 0.1847979 0.2130233 0.2434641 0.2748139 0.3064299 0.3380513 0.3697124 0.4017217 0.4346799 0.4695065 0.5073435 0.5465502 0.5220354 0.5220354 -9999.000 -9999.000 -9999.000 -9999.000 -9999.000 -9999.000 -9999.000 -9999.000 -9999.000 -9999.000 -9999.000 -9999.000 -9999.000 -9999.000 -9999.000 -9999.000 -9999.000 -9999.000 -9999.000 -9999.000 -9999.000 -9999.000 -9999.000 -9999.000 -9999.000 -9999.000 -9999.000 -9999.000 -9999.000
-9999.000 -9999.000 -9999.000 -9999.000 -9999.000 -9999.000 -9999.000 -9999.000 -9999.000 -9999.000 -9999.000 -9999.000 -9999.000 -9999.000 -9999.000 0.1253442 0.1340019 0.1629249 0.1962255 0.2312796 0.2670402 0.3030266 0.3391208 0.3755243 0.4127868 0.4519020 0.4944809 0.5429195 0.5976186 0.5913685 0.5913685 -9999.000 -9999.000 -9999.000 -9999.000 -9999.000 -9999.000 -9999.000 -9999.000 -9999.000 -9999.000 -9999.000 -9999.000 -9999.000 -9999.000 -9999.000 -9999.000 -9999.000 -9999.000 -9999.000 -9999.000 -9999.000 -9999.000 -9999.000 -9999.000 -9999.000 -9999.000 -9999.000 -9999.000 -9999.000
-9999.000 -9999.000 -9999.000 -9999.000 -9999.000 -9999.000 -9999.000 -9999.000 -9999.000 -9999.000 -9999.000 -9999.000 -9999.000 -9999.000 -9999.000 0.8276888E-01 0.1114457 0.1488698 0.1871975 0.2259922 0.2651202 0.3045659 0.3444897 0.3853202 0.4278954 0.4737159 0.5254347 0.5878044 0.6669413 0.7062797 0.7062797 -9999.000 -9999.000 -9999.000 -9999.000 -9999.000 -9999.000 -9999.000 -9999.000 -9999.000 -9999.000 -9999.000 -9999.000 -9999.000 -9999.000 -9999.000 -9999.000 -9999.000 -9999.000 -9999.000 -9999.000 -9999.000 -9999.000 -9999.000 -9999.000 -9999.000 -9999.000 -9999.000 -9999.000 -9999.000
1.004414 1.004414 0.9755989 0.9399180 0.9243608 0.9243608 0.9090732 0.8764597 0.8764597 0.8368222 0.8368222 0.7831291 0.7466571 0.6993934 0.6363522 0.6363522 0.5092442 0.4657363 0.4305911 0.4070550 0.3966073 0.3992304 0.4139124 0.4393952 0.4749612 0.5212299 0.5812550 0.6627731 0.7826326 0.9854630 0.9854630 1.372100 1.534452 1.552188 1.512793 1.512793 1.379186 1.379186 0.3637084 0.3637084 0.2672118 0.2422822 0.2422822 0.3035469 0.3035469 0.3992675 0.3992675 0.3992675 0.4711430 0.4711430 0.5341899 0.5341899 0.5884357 0.5884357 0.6355023 0.6355023 0.6893393 0.6893393 0.6893393 0.7266333
1.016359 1.016359 0.9879448 0.9609048 0.9492979 0.9492979 0.9376490 0.9111289 0.9111289 0.8757061 0.8757061 0.8262453 0.7950553 0.7597416 0.7217472 0.7217472 0.6638475 0.6361465 0.6068452 0.5786935 0.5548236 0.5383644 0.5320458 0.5379565 0.5576246 0.5925191 0.6449922 0.7197625 0.8253652 0.9728575 0.9728575 1.239937 1.347427 1.410378 1.416965 1.416965 1.400889 1.400889 1.036918 1.036918 0.8446116 0.8112361 0.8112361 0.8268155 0.8268155 0.8496658 0.8496658 0.8496658 0.8851901 0.8851901 0.9214654 0.9214654 0.9565374 0.9565374 0.9692590 0.9692590 1.019491 1.019491 1.019491 1.048922
1.020439 1.020439 0.9882132 0.9619690 0.9509063 0.9509063 0.9399766 0.9158171 0.9158171 0.8851234 0.8851234 0.8451723 0.8215876 0.7962715 0.7706835 0.7706835 0.7385657 0.7250231 0.7093648 0.6921270 0.6747914 0.6596170 0.6494250 0.6473218 0.6564379 0.6798338 0.7207516 0.7834165 0.8741144 1.000913 1.000913 1.244301 1.346571 1.411201 1.421644 1.421644 1.415026 1.415026 1.289822 1.289822 1.165300 1.078503 1.078503 1.085021 1.085021 1.086198 1.086198 1.086198 1.105355 1.105355 1.126262 1.126262 1.148120 1.148120 1.164241 1.164241 1.192696 1.192696 1.192696 1.212943
1.024561 1.024561 0.9885396 0.9630904 0.9525506 0.9525506 0.9423075 0.9203812 0.9203812 0.8939165 0.8939165 0.8615921 0.8435521 0.8249829 0.8070151 0.8070151 0.7892050 0.7841257 0.7781678 0.7709110 0.7626836 0.7545756 0.7484370 0.7467955 0.7527042 0.7695798 0.8011596 0.8518040 0.9272344 1.035834 1.035834 1.250003 1.350679 1.416167 1.425237 1.425237 1.413618 1.413618 1.352116 1.352116 1.284748 1.202400 1.202400 1.203385 1.203385 1.207150 1.207150 1.207150 1.219869 1.219869 1.233821 1.233821 1.249001 1.249001 1.261209 1.261209 1.280523 1.280523 1.280523 1.296390
1.028748 1.028748 0.9890243 0.9645612 0.9546375 0.9546375 0.9451801 0.9256823 0.9256823 0.9034487 0.9034487 0.8779718 0.8645005 0.8511669 0.8387594 0.8387594 0.8308659 0.8310276 0.8312731 0.8310462 0.8302150 0.8291572 0.8288654 0.8310101 0.8379273 0.8525541 0.8783756 0.9195492 0.9814417 1.072727 1.072727 1.255824 1.351747 1.409464 1.412056 1.412056 1.392268 1.392268 1.362155 1.362155 1.333904 1.284419 1.284419 1.281736 1.281736 1.286866 1.286866 1.286866 1.296584 1.296584 1.306411 1.306411 1.317145 1.317145 1.326344 1.326344 1.339701 1.339701 1.339701 1.351917
1.032898 1.032898 0.9896196 0.9662946 0.9570524 0.9570524 0.9484441 0.9314870 0.9314870 0.9134836 0.9134836 0.8944845 0.8851498 0.8764219 0.8687750 0.8687750 0.8693019 0.8731190 0.8773340 0.8816359 0.8858808 0.8901694 0.8949755 0.9012748 0.9106307 0.9252288 0.9478933 0.9821987 1.032948 1.108648 1.108648 1.261188 1.347089 1.385022 1.378323 1.378323 1.358032 1.358032 1.356222 1.356222 1.353544 1.341041 1.341041 1.342794 1.342794 1.349142 1.349142 1.349142 1.357342 1.357342 1.364283 1.364283 1.371417 1.371417 1.377723 1.377723 1.386455 1.386455 1.386455 1.395116
1.036877 1.036877 0.9902816 0.9681955 0.9596665 0.9596665 0.9519317 0.9375324 0.9375324 0.9236978 0.9236978 0.9109775 0.9056311 0.9013622 0.8983752 0.8983752 0.9073229 0.9141033 0.9209849 0.9280521 0.9353864 0.9430986 0.9514373 0.9609284 0.9725023 0.9875947 1.008236 1.037208 1.078538 1.140076 1.140076 1.262810 1.331773 1.340287 1.327409 1.327409 1.321413 1.321413 1.347465 1.347465 1.360921 1.376786 1.376786 1.388798 1.388798 1.399090 1.399090 1.399090 1.407254 1.407254 1.412526 1.412526 1.416852 1.416852 1.420402 1.420402 1.425248 1.425248 1.425248 1.430413
1.040524 1.040524 0.9909739 0.9701709 0.9623577 0.9623577 0.9554850 0.9435791 0.9435791 0.9337829 0.9337829 0.9272118 0.9258713 0.9262335 0.9283230 0.9283230 0.9467707 0.9562657 0.9650427 0.9736704 0.9825729 0.9920282 1.002252 1.013515 1.026267 1.041260 1.059691 1.083425 1.115549 1.162792 1.162792 1.254526 1.297533 1.279118 1.269150 1.269150 1.290197 1.290197 1.339841 1.339841 1.363265 1.397858 1.397858 1.421037 1.421037 1.438348 1.438348 1.438348 1.448122 1.448122 1.453127 1.453127 1.455637 1.455637 1.456781 1.456781 1.458252 1.458252 1.458252 1.459991
1.043667 1.043667 0.9916653 0.9721328 0.9650090 0.9650090 0.9589585 0.9494091 0.9494091 0.9434470 0.9434470 0.9428850 0.9456514 0.9510435 0.9591205 0.9591205 0.9893070 1.001437 1.011554 1.020836 1.030127 1.039951 1.050586 1.062153 1.074694 1.088272 1.103142 1.120079 1.141139 1.172458 1.172458 1.230689 1.233946 1.211654 1.213794 1.213794 1.265668 1.265668 1.333225 1.333225 1.362885 1.409412 1.409412 1.441997 1.441997 1.467851 1.467851 1.467851 1.480652 1.480652 1.486826 1.486826 1.488718 1.488718 1.488106 1.488106 1.486721 1.486721 1.486721 1.485180
1.046127 1.046127 0.9923338 0.9740000 0.9675143 0.9675143 0.9622188 0.9548256 0.9548256 0.9524091 0.9524091 0.9576272 0.9645935 0.9755337 0.9910167 0.9910167 1.036845 1.051488 1.062350 1.071435 1.080090 1.089120 1.098893 1.109392 1.120189 1.130449 1.139120 1.145518 1.150601 1.159917 1.159917 1.176040 1.158580 1.151194 1.163187 1.163187 1.244834 1.244834 1.326773 1.326773 1.360617 1.415040 1.415040 1.454838 1.454838 1.489096 1.489096 1.489096 1.505678 1.505678 1.514112 1.514112 1.516549 1.516549 1.515028 1.515028 1.511417 1.511417 1.511417 1.506871
1.047730 1.047730 0.9929664 0.9757006 0.9697787 0.9697787 0.9651479 0.9596542 0.9596542 0.9604043 0.9604043 0.9710066 0.9821461 0.9990816 1.023778 1.023778 1.091913 1.108664 1.119393 1.127254 1.134208 1.141353 1.149130 1.157301 1.164688 1.168948 1.166891 1.155981 1.136959 1.116074 1.116074 1.093319 1.073027 1.102010 1.135462 1.135462 1.226955 1.226955 1.322593 1.322593 1.359148 1.418509 1.418509 1.463226 1.463226 1.504317 1.504317 1.504317 1.524523 1.524523 1.535607 1.535607 1.539366 1.539366 1.537737 1.537737 1.532601 1.532601 1.532601 1.525478
1.048312 1.048312 0.9935590 0.9771735 0.9717212 0.9717212 0.9676440 0.9637418 0.9637418 0.9671900 0.9671900 0.9825630 0.9976116 1.020603 1.056059 1.056059 1.158104 1.175920 1.185056 1.190248 1.194193 1.198279 1.202967 1.207628 1.209672 1.203825 1.183400 1.145111 1.093644 1.040098 1.040098 0.9929971 0.9887540 1.061085 1.109486 1.109486 1.204708 1.204708 1.318756 1.318756 1.357192 1.419678 1.419678 1.467679 1.467679 1.513899 1.513899 1.513899 1.537153 1.537153 1.550761 1.550761 1.556175 1.556175 1.555045 1.555045 1.549076 1.549076 1.549076 1.539963
