cruce_test.gid/Rasters/Hydraulic/Velocity__x_119.0.asc
NCOLS        79
NROWS        79
XLLCENTER         -1.500000
YLLCENTER         -4.800000
CELLSIZE           0.100
NODATA_VALUE     -9999.0
[rows 0 to 25 of 79, columns 0 to 57 of 79]
-9999.000 -9999.000 -9999.000 -9999.000 -9999.000 -9999.000 -9999.000 -9999.000 -9999.000 -9999.000 -9999.000 -9999.000 -9999.000 -9999.000 -9999.000 0.3193198E-04 0.8693039E-03 0.2565096E-02 0.4260215E-02 0.5800484E-02 0.7121298E-02 0.8211101E-02 0.9092943E-02 0.9801869E-02 0.1035719E-01 0.1071332E-01 0.1066937E-01 0.9703179E-02 0.6730646E-02 0.3002026E-02 0.3002026E-02 -9999.000 -9999.000 -9999.000 -9999.000 -9999.000 -9999.000 -9999.000 -9999.000 -9999.000 -9999.000 -9999.000 -9999.000 -9999.000 -9999.000 -9999.000 -9999.000 -9999.000 -9999.000 -9999.000 -9999.000 -9999.000 -9999.000 -9999.000 -9999.000 -9999.000 -9999.000 -9999.000
-9999.000 -9999.000 -9999.000 -9999.000 -9999.000 -9999.000 -9999.000 -9999.000 -9999.000 -9999.000 -9999.000 -9999.000 -9999.000 -9999.000 -9999.000 0.7612702E-03 0.2426884E-02 0.5030987E-02 0.7624851E-02 0.1001060E-01 0.1207806E-01 0.1377345E-01 0.1508071E-01 0.1599618E-01 0.1649840E-01 0.1649926E-01 0.1576234E-01 0.1376551E-01 0.9521611E-02 0.4428276E-02 0.4428276E-02 -9999.000 -9999.000 -9999.000 -9999.000 -9999.000 -9999.000 -9999.000 -9999.000 -9999.000 -9999.000 -9999.000 -9999.000 -9999.000 -9999.000 -9999.000 -9999.000 -9999.000 -9999.000 -9999.000 -9999.000 -9999.000 -9999.000 -9999.000 -9999.000 -9999.000 -9999.000 -9999.000
-9999.000 -9999.000 -9999.000 -9999.000 -9999.000 -9999.000 -9999.000 -9999.000 -9999.000 -9999.000 -9999.000 -9999.000 -9999.000 -9999.000 -9999.000 0.1291804E-02 0.3589231E-02 0.6918542E-02 0.1019430E-01 0.1319026E-01 0.1577070E-01 0.1785991E-01 0.1942309E-01 0.2044185E-01 0.2088326E-01 0.2064928E-01 0.1949218E-01 0.1686780E-01 0.1173685E-01 0.5561611E-02 0.5561611E-02 -9999.000 -9999.000 -9999.000 -9999.000 -9999.000 -9999.000 -9999.000 -9999.000 -9999.000 -9999.000 -9999.000 -9999.000 -9999.000 -9999.000 -9999.000 -9999.000 -9999.000 -9999.000 -9999.000 -9999.000 -9999.000 -9999.000 -9999.000 -9999.000 -9999.000 -9999.000 -9999.000
-9999.000 -9999.000 -9999.000 -9999.000 -9999.000 -9999.000 -9999.000 -9999.000 -9999.000 -9999.000 -9999.000 -9999.000 -9999.000 -9999.000 -9999.000 0.1707989E-02 0.4502782E-02 0.8404192E-02 0.1221626E-01 0.1568957E-01 0.1866966E-01 0.2106629E-01 0.2283522E-01 0.2395189E-01 0.2437895E-01 0.2401227E-01 0.2258992E-01 0.1953165E-01 0.1371316E-01 0.6596685E-02 0.6596685E-02 -9999.000 -9999.000 -9999.000 -9999.000 -9999.000 -9999.000 -9999.000 -9999.000 -9999.000 -9999.000 -9999.000 -9999.000 -9999.000 -9999.000 -9999.000 -9999.000 -9999.000 -9999.000 -9999.000 -9999.000 -9999.000 -9999.000 -9999.000 -9999.000 -9999.000 -9999.000 -9999.000
-9999.000 -9999.000 -9999.000 -9999.000 -9999.000 -9999.000 -9999.000 -9999.000 -9999.000 -9999.000 -9999.000 -9999.000 -9999.000 -9999.000 -9999.000 0.2060749E-02 0.5274903E-02 0.9656277E-02 0.1392092E-01 0.1780088E-01 0.2112668E-01 0.2379788E-01 0.2576433E-01 0.2699833E-01 0.2745991E-01 0.2703842E-01 0.2545268E-01 0.2207443E-01 0.1566912E-01 0.7644597E-02 0.7644597E-02 -9999.000 -9999.000 -9999.000 -9999.000 -9999.000 -9999.000 -9999.000 -9999.000 -9999.000 -9999.000 -9999.000 -9999.000 -9999.000 -9999.000 -9999.000 -9999.000 -9999.000 -9999.000 -9999.000 -9999.000 -9999.000 -9999.000 -9999.000 -9999.000 -9999.000 -9999.000 -9999.000
-9999.000 -9999.000 -9999.000 -9999.000 -9999.000 -9999.000 -9999.000 -9999.000 -9999.000 -9999.000 -9999.000 -9999.000 -9999.000 -9999.000 -9999.000 0.2388309E-02 0.5986329E-02 0.1080187E-01 0.1547877E-01 0.1973404E-01 0.2338603E-01 0.2632622E-01 0.2850060E-01 0.2988019E-01 0.3042257E-01 0.3000870E-01 0.2833304E-01 0.2470795E-01 0.1775992E-01 0.8787228E-02 0.8787228E-02 -9999.000 -9999.000 -9999.000 -9999.000 -9999.000 -9999.000 -9999.000 -9999.000 -9999.000 -9999.000 -9999.000 -9999.000 -9999.000 -9999.000 -9999.000 -9999.000 -9999.000 -9999.000 -9999.000 -9999.000 -9999.000 -9999.000 -9999.000 -9999.000 -9999.000 -9999.000 -9999.000
-9999.000 -9999.000 -9999.000 -9999.000 -9999.000 -9999.000 -9999.000 -9999.000 -9999.000 -9999.000 -9999.000 -9999.000 -9999.000 -9999.000 -9999.000 0.2718846E-02 0.6695922E-02 0.1193277E-01 0.1701149E-01 0.2163769E-01 0.2561905E-01 0.2884048E-01 0.3124581E-01 0.3280574E-01 0.3347563E-01 0.3312618E-01 0.3142164E-01 0.2760178E-01 0.2012146E-01 0.1010073E-01 0.1010073E-01 -9999.000 -9999.000 -9999.000 -9999.000 -9999.000 -9999.000 -9999.000 -9999.000 -9999.000 -9999.000 -9999.000 -9999.000 -9999.000 -9999.000 -9999.000 -9999.000 -9999.000 -9999.000 -9999.000 -9999.000 -9999.000 -9999.000 -9999.000 -9999.000 -9999.000 -9999.000 -9999.000
-9999.000 -9999.000 -9999.000 -9999.000 -9999.000 -9999.000 -9999.000 -9999.000 -9999.000 -9999.000 -9999.000 -9999.000 -9999.000 -9999.000 -9999.000 0.3073542E-02 0.7447816E-02 0.1311710E-01 0.1860961E-01 0.2362215E-01 0.2795331E-01 0.3148305E-01 0.3415439E-01 0.3593852E-01 0.3678879E-01 0.3656328E-01 0.3489047E-01 0.3092095E-01 0.2289870E-01 0.1167085E-01 0.1167085E-01 -9999.000 -9999.000 -9999.000 -9999.000 -9999.000 -9999.000 -9999.000 -9999.000 -9999.000 -9999.000 -9999.000 -9999.000 -9999.000 -9999.000 -9999.000 -9999.000 -9999.000 -9999.000 -9999.000 -9999.000 -9999.000 -9999.000 -9999.000 -9999.000 -9999.000 -9999.000 -9999.000
-9999.000 -9999.000 -9999.000 -9999.000 -9999.000 -9999.000 -9999.000 -9999.000 -9999.000 -9999.000 -9999.000 -9999.000 -9999.000 -9999.000 -9999.000 0.3469690E-02 0.8278283E-02 0.1441126E-01 0.2034831E-01 0.2578008E-01 0.3049790E-01 0.3437787E-01 0.3736388E-01 0.3942936E-01 0.4052545E-01 0.4049560E-01 0.3892497E-01 0.3485617E-01 0.2627140E-01 0.1360896E-01 0.1360896E-01 -9999.000 -9999.000 -9999.000 -9999.000 -9999.000 -9999.000 -9999.000 -9999.000 -9999.000 -9999.000 -9999.000 -9999.000 -9999.000 -9999.000 -9999.000 -9999.000 -9999.000 -9999.000 -9999.000 -9999.000 -9999.000 -9999.000 -9999.000 -9999.000 -9999.000 -9999.000 -9999.000
-9999.000 -9999.000 -9999.000 -9999.000 -9999.000 -9999.000 -9999.000 -9999.000 -9999.000 -9999.000 -9999.000 -9999.000 -9999.000 -9999.000 -9999.000 0.3924182E-02 0.9222574E-02 0.1587021E-01 0.2230133E-01 0.2820378E-01 0.3336294E-01 0.3765337E-01 0.4102160E-01 0.4344523E-01 0.4487360E-01 0.4513345E-01 0.4375755E-01 0.3965728E-01 0.3048877E-01 0.1607343E-01 0.1607343E-01 -9999.000 -9999.000 -9999.000 -9999.000 -9999.000 -9999.000 -9999.000 -9999.000 -9999.000 -9999.000 -9999.000 -9999.000 -9999.000 -9999.000 -9999.000 -9999.000 -9999.000 -9999.000 -9999.000 -9999.000 -9999.000 -9999.000 -9999.000 -9999.000 -9999.000 -9999.000 -9999.000
-9999.000 -9999.000 -9999.000 -9999.000 -9999.000 -9999.000 -9999.000 -9999.000 -9999.000 -9999.000 -9999.000 -9999.000 -9999.000 -9999.000 -9999.000 0.4456032E-02 0.1032077E-01 0.1755748E-01 0.2455571E-01 0.3100350E-01 0.3668283E-01 0.4146868E-01 0.4531362E-01 0.4820164E-01 0.5008212E-01 0.5076243E-01 0.4971323E-01 0.4568467E-01 0.3592350E-01 0.1930577E-01 0.1930577E-01 -9999.000 -9999.000 -9999.000 -9999.000 -9999.000 -9999.000 -9999.000 -9999.000 -9999.000 -9999.000 -9999.000 -9999.000 -9999.000 -9999.000 -9999.000 -9999.000 -9999.000 -9999.000 -9999.000 -9999.000 -9999.000 -9999.000 -9999.000 -9999.000 -9999.000 -9999.000 -9999.000
-9999.000 -9999.000 -9999.000 -9999.000 -9999.000 -9999.000 -9999.000 -9999.000 -9999.000 -9999.000 -9999.000 -9999.000 -9999.000 -9999.000 -9999.000 0.5090110E-02 0.1162645E-01 0.1955913E-01 0.2723021E-01 0.3433172E-01 0.4064466E-01 0.4604822E-01 0.5050521E-01 0.5401071E-01 0.5651653E-01 0.5780911E-01 0.5728541E-01 0.5349667E-01 0.4317021E-01 0.2369751E-01 0.2369751E-01 -9999.000 -9999.000 -9999.000 -9999.000 -9999.000 -9999.000 -9999.000 -9999.000 -9999.000 -9999.000 -9999.000 -9999.000 -9999.000 -9999.000 -9999.000 -9999.000 -9999.000 -9999.000 -9999.000 -9999.000 -9999.000 -9999.000 -9999.000 -9999.000 -9999.000 -9999.000 -9999.000
-9999.000 -9999.000 -9999.000 -9999.000 -9999.000 -9999.000 -9999.000 -9999.000 -9999.000 -9999.000 -9999.000 -9999.000 -9999.000 -9999.000 -9999.000 0.5864274E-02 0.1322056E-01 0.2200631E-01 0.3050767E-01 0.3842421E-01 0.4553983E-01 0.5174351E-01 0.5701514E-01 0.6136815E-01 0.6476194E-01 0.6696286E-01 0.6728052E-01 0.6402051E-01 0.5324275E-01 0.2992346E-01 0.2992346E-01 -9999.000 -9999.000 -9999.000 -9999.000 -9999.000 -9999.000 -9999.000 -9999.000 -9999.000 -9999.000 -9999.000 -9999.000 -9999.000 -9999.000 -9999.000 -9999.000 -9999.000 -9999.000 -9999.000 -9999.000 -9999.000 -9999.000 -9999.000 -9999.000 -9999.000 -9999.000 -9999.000
-9999.000 -9999.000 -9999.000 -9999.000 -9999.000 -9999.000 -9999.000 -9999.000 -9999.000 -9999.000 -9999.000 -9999.000 -9999.000 -9999.000 -9999.000 0.6917512E-02 0.1537908E-01 0.2531389E-01 0.3492156E-01 0.4391593E-01 0.5209431E-01 0.5936868E-01 0.6575233E-01 0.7129310E-01 0.7597233E-01 0.7954319E-01 0.8121932E-01 0.7900272E-01 0.6808529E-01 0.3932487E-01 0.3932487E-01 -9999.000 -9999.000 -9999.000 -9999.000 -9999.000 -9999.000 -9999.000 -9999.000 -9999.000 -9999.000 -9999.000 -9999.000 -9999.000 -9999.000 -9999.000 -9999.000 -9999.000 -9999.000 -9999.000 -9999.000 -9999.000 -9999.000 -9999.000 -9999.000 -9999.000 -9999.000 -9999.000
-9999.000 -9999.000 -9999.000 -9999.000 -9999.000 -9999.000 -9999.000 -9999.000 -9999.000 -9999.000 -9999.000 -9999.000 -9999.000 -9999.000 -9999.000 0.2190471E-01 0.3708819E-01 0.5225525E-01 0.6450283E-01 0.7432525E-01 0.8215082E-01 0.8838817E-01 0.9341810E-01 0.9751946E-01 0.1007978 0.1030296 0.1033544 0.9950582E-01 0.8585848E-01 0.4517044E-01 0.4517044E-01 -9999.000 -9999.000 -9999.000 -9999.000 -9999.000 -9999.000 -9999.000 -9999.000 -9999.000 -9999.000 -9999.000 -9999.000 -9999.000 -9999.000 -9999.000 -9999.000 -9999.000 -9999.000 -9999.000 -9999.000 -9999.000 -9999.000 -9999.000 -9999.000 -9999.000 -9999.000 -9999.000
2.139338 2.139338 2.186592 2.232274 2.240272 2.240272 2.245670 2.252083 2.252083 2.254919 2.254919 2.255356 2.254878 2.254016 2.252815 2.252815 1.989828 1.944703 1.893340 1.830887 1.755453 1.666873 1.566138 1.455142 1.337018 1.216939 1.103345 1.010025 0.9621249 1.006394 1.006394 1.888486 2.039276 2.067580 2.057497 2.057497 2.015351 2.015351 1.907519 1.907519 1.686293 1.327899 1.327899 1.229452 1.229452 1.247727 1.247727 1.247727 1.297820 1.297820 1.356482 1.356482 1.403669 1.403669 1.442452 1.442452 1.471246 1.471246
2.152926 2.152926 2.215411 2.273393 2.290711 2.290711 2.305426 2.330367 2.330367 2.351572 2.351572 2.370234 2.378816 2.386978 2.394765 2.394765 2.241470 2.222437 2.212261 2.198893 2.177132 2.143807 2.096960 2.036539 1.962619 1.877357 1.785820 1.698237 1.634200 1.643417 1.643417 2.145395 2.303398 2.418957 2.439485 2.439485 2.438842 2.438842 2.382888 2.382888 2.287848 1.984737 1.984737 1.860606 1.860606 1.879915 1.879915 1.879915 1.915356 1.915356 1.975498 1.975498 2.021988 2.021988 2.062215 2.062215 2.094996 2.094996
2.155798 2.155798 2.219503 2.273625 2.291083 2.291083 2.306021 2.331452 2.331452 2.353177 2.353177 2.372421 2.381323 2.389824 2.397971 2.397971 2.281937 2.263767 2.265521 2.271029 2.272834 2.267592 2.253442 2.229441 2.194728 2.149542 2.094672 2.040004 1.997200 2.002500 2.002500 2.347740 2.491931 2.633284 2.664495 2.664495 2.673694 2.673694 2.621889 2.621889 2.561512 2.356282 2.356282 2.218740 2.218740 2.217004 2.217004 2.217004 2.252028 2.252028 2.296997 2.296997 2.335685 2.335685 2.368990 2.368990 2.396299 2.396299
2.158073 2.158073 2.222606 2.273559 2.290935 2.290935 2.305915 2.331448 2.331448 2.353209 2.353209 2.372458 2.381363 2.389869 2.398023 2.398023 2.309376 2.288426 2.292078 2.304077 2.314967 2.320855 2.320106 2.312083 2.296286 2.272791 2.242224 2.210688 2.186884 2.196802 2.196802 2.432897 2.565613 2.712540 2.746073 2.746073 2.752296 2.752296 2.700097 2.700097 2.657561 2.523458 2.523458 2.396252 2.396252 2.372774 2.372774 2.372774 2.402538 2.402538 2.441331 2.441331 2.476920 2.476920 2.507435 2.507435 2.531876 2.531876
2.159803 2.159803 2.224935 2.273539 2.290791 2.290791 2.305797 2.331427 2.331427 2.353219 2.353219 2.372463 2.381362 2.389865 2.398017 2.398017 2.335593 2.316070 2.320270 2.335281 2.350875 2.362339 2.367811 2.366758 2.359097 2.345244 2.326103 2.306352 2.293170 2.305601 2.305601 2.468724 2.587600 2.724653 2.751633 2.751633 2.744510 2.744510 2.698652 2.698652 2.673380 2.601216 2.601216 2.506116 2.506116 2.462531 2.462531 2.462531 2.484258 2.484258 2.517447 2.517447 2.550177 2.550177 2.578281 2.578281 2.600381 2.600381
2.161016 2.161016 2.226554 2.273548 2.290677 2.290677 2.305695 2.331407 2.331407 2.353227 2.353227 2.372467 2.381362 2.389862 2.398011 2.398011 2.360403 2.347223 2.353296 2.370260 2.388859 2.403960 2.413275 2.416049 2.412262 2.402496 2.387913 2.372463 2.362509 2.372438 2.372438 2.485340 2.584522 2.691603 2.703255 2.703255 2.683273 2.683273 2.659614 2.659614 2.653906 2.632828 2.632828 2.578627 2.578627 2.526588 2.526588 2.526588 2.537832 2.537832 2.563911 2.563911 2.592459 2.592459 2.617569 2.617569 2.637203 2.637203
2.161735 2.161735 2.227509 2.273564 2.290605 2.290605 2.305626 2.331393 2.331393 2.353234 2.353234 2.372470 2.381363 2.389860 2.398008 2.398008 2.384145 2.381156 2.391369 2.410241 2.430811 2.448325 2.460279 2.465622 2.464154 2.456357 2.443393 2.428609 2.417658 2.421370 2.421370 2.494622 2.565221 2.616885 2.610447 2.610447 2.595546 2.595546 2.608642 2.608642 2.621647 2.638980 2.638980 2.622916 2.622916 2.577769 2.577769 2.577769 2.579235 2.579235 2.596833 2.596833 2.619589 2.619589 2.640685 2.640685 2.657228 2.657228
2.161973 2.161973 2.227826 2.273572 2.290580 2.290580 2.305603 2.331388 2.331388 2.353236 2.353236 2.372472 2.381364 2.389860 2.398008 2.398008 2.408078 2.417737 2.434355 2.455720 2.477607 2.496429 2.509914 2.516872 2.516886 2.510197 2.497754 2.482251 2.468432 2.463381 2.463381 2.498777 2.524975 2.500401 2.487816 2.487816 2.505941 2.505941 2.558475 2.558475 2.586217 2.630532 2.630532 2.644843 2.644843 2.618423 2.618423 2.618423 2.614007 2.614007 2.623136 2.623136 2.638807 2.638807 2.654609 2.654609 2.667194 2.667194
2.161735 2.161735 2.227510 2.273564 2.290605 2.290605 2.305626 2.331393 2.331393 2.353233 2.353233 2.372469 2.381363 2.389859 2.398008 2.398008 2.434167 2.457701 2.482324 2.506945 2.529788 2.548906 2.562729 2.570227 2.570881 2.564688 2.552279 2.535657 2.518258 2.501294 2.501294 2.489258 2.444587 2.355206 2.361162 2.361162 2.428889 2.428889 2.512449 2.512449 2.550479 2.613442 2.613442 2.650208 2.650208 2.647864 2.647864 2.647864 2.642795 2.642795 2.645126 2.645126 2.653151 2.653151 2.662527 2.662527 2.670263 2.670263
2.161016 2.161016 2.226554 2.273548 2.290677 2.290677 2.305695 2.331406 2.331406 2.353227 2.353227 2.372467 2.381363 2.389862 2.398011 2.398011 2.465036 2.502682 2.535854 2.564123 2.587620 2.606094 2.619014 2.625819 2.626083 2.619657 2.606858 2.588974 2.567297 2.530415 2.530415 2.440067 2.298103 2.213253 2.253848 2.253848 2.365423 2.365423 2.469421 2.469421 2.514504 2.590699 2.590699 2.643566 2.643566 2.665129 2.665129 2.665129 2.663883 2.663883 2.662116 2.662116 2.662922 2.662922 2.665224 2.665224 2.667440 2.667440
2.159802 2.159802 2.224935 2.273539 2.290792 2.290792 2.305797 2.331426 2.331426 2.353218 2.353218 2.372462 2.381362 2.389865 2.398016 2.398016 2.504134 2.555182 2.596143 2.627573 2.651084 2.667910 2.678655 2.683434 2.682112 2.674539 2.660793 2.641373 2.612927 2.531392 2.531392 2.301927 2.085821 2.101199 2.164670 2.164670 2.308720 2.308720 2.426090 2.426090 2.476414 2.562510 2.562510 2.626913 2.626913 2.669201 2.669201 2.669201 2.674389 2.674389 2.671283 2.671283 2.666123 2.666123 2.661404 2.661404 2.657869 2.657869
