cruce_test.gid/Rasters/Hydraulic/Velocity__y_338.0.asc
NCOLS        79
NROWS        79
XLLCENTER         -1.500000
YLLCENTER         -4.800000
CELLSIZE           0.100
NODATA_VALUE     -9999.0
[rows 0 to 26 of 79, columns 0 to 58 of 79]
-9999.000 -9999.000 -9999.000 -9999.000 -9999.000 -9999.000 -9999.000 -9999.000 -9999.000 -9999.000 -9999.000 -9999.000 -9999.000 -9999.000 -9999.000 -0.9946349E-01 -0.9778001E-01 -0.9763829E-01 -0.9788489E-01 -0.9828903E-01 -0.9877421E-01 -0.9929232E-01 -0.9977327E-01 -0.1002304 -0.1006463 -0.1010200 -0.1014070 -0.1020229 -0.1034889 -0.1047992 -0.1047992 -9999.000 -9999.000 -9999.000 -9999.000 -9999.000 -9999.000 -9999.000 -9999.000 -9999.000 -9999.000 -9999.000 -9999.000 -9999.000 -9999.000 -9999.000 -9999.000 -9999.000 -9999.000 -9999.000 -9999.000 -9999.000 -9999.000 -9999.000 -9999.000 -9999.000 -9999.000 -9999.000 -9999.000
-9999.000 -9999.000 -9999.000 -9999.000 -9999.000 -9999.000 -9999.000 -9999.000 -9999.000 -9999.000 -9999.000 -9999.000 -9999.000 -9999.000 -9999.000 -0.9770051E-01 -0.9427858E-01 -0.9399592E-01 -0.9456680E-01 -0.9550383E-01 -0.9663942E-01 -0.9786561E-01 -0.9902766E-01 -0.1001475 -0.1011850 -0.1021334 -0.1031074 -0.1045561 -0.1077745 -0.1109760 -0.1109760 -9999.000 -9999.000 -9999.000 -9999.000 -9999.000 -9999.000 -9999.000 -9999.000 -9999.000 -9999.000 -9999.000 -9999.000 -9999.000 -9999.000 -9999.000 -9999.000 -9999.000 -9999.000 -9999.000 -9999.000 -9999.000 -9999.000 -9999.000 -9999.000 -9999.000 -9999.000 -9999.000 -9999.000
-9999.000 -9999.000 -9999.000 -9999.000 -9999.000 -9999.000 -9999.000 -9999.000 -9999.000 -9999.000 -9999.000 -9999.000 -9999.000 -9999.000 -9999.000 -0.9447560E-01 -0.8930399E-01 -0.8890853E-01 -0.8994548E-01 -0.9163203E-01 -0.9369063E-01 -0.9593583E-01 -0.9810609E-01 -0.1002261 -0.1022197 -0.1040665 -0.1059425 -0.1085583 -0.1139755 -0.1198571 -0.1198571 -9999.000 -9999.000 -9999.000 -9999.000 -9999.000 -9999.000 -9999.000 -9999.000 -9999.000 -9999.000 -9999.000 -9999.000 -9999.000 -9999.000 -9999.000 -9999.000 -9999.000 -9999.000 -9999.000 -9999.000 -9999.000 -9999.000 -9999.000 -9999.000 -9999.000 -9999.000 -9999.000 -9999.000
-9999.000 -9999.000 -9999.000 -9999.000 -9999.000 -9999.000 -9999.000 -9999.000 -9999.000 -9999.000 -9999.000 -9999.000 -9999.000 -9999.000 -9999.000 -0.9054191E-01 -0.8374734E-01 -0.8327805E-01 -0.8484495E-01 -0.8736410E-01 -0.9044533E-01 -0.9382161E-01 -0.9711797E-01 -0.1003611 -0.1034316 -0.1062911 -0.1091753 -0.1130657 -0.1208326 -0.1299360 -0.1299360 -9999.000 -9999.000 -9999.000 -9999.000 -9999.000 -9999.000 -9999.000 -9999.000 -9999.000 -9999.000 -9999.000 -9999.000 -9999.000 -9999.000 -9999.000 -9999.000 -9999.000 -9999.000 -9999.000 -9999.000 -9999.000 -9999.000 -9999.000 -9999.000 -9999.000 -9999.000 -9999.000 -9999.000
-9999.000 -9999.000 -9999.000 -9999.000 -9999.000 -9999.000 -9999.000 -9999.000 -9999.000 -9999.000 -9999.000 -9999.000 -9999.000 -9999.000 -9999.000 -0.8612874E-01 -0.7779984E-01 -0.7728034E-01 -0.7941787E-01 -0.8282249E-01 -0.8698966E-01 -0.9156800E-01 -0.9606311E-01 -0.1005048 -0.1047262 -0.1086684 -0.1126303 -0.1178798 -0.1281500 -0.1410656 -0.1410656 -9999.000 -9999.000 -9999.000 -9999.000 -9999.000 -9999.000 -9999.000 -9999.000 -9999.000 -9999.000 -9999.000 -9999.000 -9999.000 -9999.000 -9999.000 -9999.000 -9999.000 -9999.000 -9999.000 -9999.000 -9999.000 -9999.000 -9999.000 -9999.000 -9999.000 -9999.000 -9999.000 -9999.000
-9999.000 -9999.000 -9999.000 -9999.000 -9999.000 -9999.000 -9999.000 -9999.000 -9999.000 -9999.000 -9999.000 -9999.000 -9999.000 -9999.000 -9999.000 -0.8132437E-01 -0.7154059E-01 -0.7099042E-01 -0.7372884E-01 -0.7805777E-01 -0.8335738E-01 -0.8918930E-01 -0.9493345E-01 -0.1006279 -0.1060526 -0.1111276 -0.1162200 -0.1229051 -0.1358475 -0.1532657 -0.1532657 -9999.000 -9999.000 -9999.000 -9999.000 -9999.000 -9999.000 -9999.000 -9999.000 -9999.000 -9999.000 -9999.000 -9999.000 -9999.000 -9999.000 -9999.000 -9999.000 -9999.000 -9999.000 -9999.000 -9999.000 -9999.000 -9999.000 -9999.000 -9999.000 -9999.000 -9999.000 -9999.000 -9999.000
-9999.000 -9999.000 -9999.000 -9999.000 -9999.000 -9999.000 -9999.000 -9999.000 -9999.000 -9999.000 -9999.000 -9999.000 -9999.000 -9999.000 -9999.000 -0.7614844E-01 -0.6499385E-01 -0.6443281E-01 -0.6779944E-01 -0.7308519E-01 -0.7955625E-01 -0.8668447E-01 -0.9371762E-01 -0.1007085 -0.1073782 -0.1136261 -0.1198946 -0.1280927 -0.1438991 -0.1666599 -0.1666599 -9999.000 -9999.000 -9999.000 -9999.000 -9999.000 -9999.000 -9999.000 -9999.000 -9999.000 -9999.000 -9999.000 -9999.000 -9999.000 -9999.000 -9999.000 -9999.000 -9999.000 -9999.000 -9999.000 -9999.000 -9999.000 -9999.000 -9999.000 -9999.000 -9999.000 -9999.000 -9999.000 -9999.000
-9999.000 -9999.000 -9999.000 -9999.000 -9999.000 -9999.000 -9999.000 -9999.000 -9999.000 -9999.000 -9999.000 -9999.000 -9999.000 -9999.000 -9999.000 -0.7058558E-01 -0.5815550E-01 -0.5760659E-01 -0.6162831E-01 -0.6790155E-01 -0.7557980E-01 -0.8404313E-01 -0.9239960E-01 -0.1007257 -0.1086765 -0.1161315 -0.1236182 -0.1334112 -0.1523044 -0.1814543 -0.1814543 -9999.000 -9999.000 -9999.000 -9999.000 -9999.000 -9999.000 -9999.000 -9999.000 -9999.000 -9999.000 -9999.000 -9999.000 -9999.000 -9999.000 -9999.000 -9999.000 -9999.000 -9999.000 -9999.000 -9999.000 -9999.000 -9999.000 -9999.000 -9999.000 -9999.000 -9999.000 -9999.000 -9999.000
-9999.000 -9999.000 -9999.000 -9999.000 -9999.000 -9999.000 -9999.000 -9999.000 -9999.000 -9999.000 -9999.000 -9999.000 -9999.000 -9999.000 -9999.000 -0.6460063E-01 -0.5100534E-01 -0.5049573E-01 -0.5520087E-01 -0.6249173E-01 -0.7141202E-01 -0.8124749E-01 -0.9095815E-01 -0.1006551 -0.1099191 -0.1186113 -0.1273568 -0.1388338 -0.1610753 -0.1979408 -0.1979408 -9999.000 -9999.000 -9999.000 -9999.000 -9999.000 -9999.000 -9999.000 -9999.000 -9999.000 -9999.000 -9999.000 -9999.000 -9999.000 -9999.000 -9999.000 -9999.000 -9999.000 -9999.000 -9999.000 -9999.000 -9999.000 -9999.000 -9999.000 -9999.000 -9999.000 -9999.000 -9999.000 -9999.000
-9999.000 -9999.000 -9999.000 -9999.000 -9999.000 -9999.000 -9999.000 -9999.000 -9999.000 -9999.000 -9999.000 -9999.000 -9999.000 -9999.000 -9999.000 -0.5814580E-01 -0.4351198E-01 -0.4307339E-01 -0.4849276E-01 -0.5683186E-01 -0.6702901E-01 -0.7827248E-01 -0.8936485E-01 -0.1004661 -0.1110718 -0.1210271 -0.1310699 -0.1443288 -0.1702258 -0.2165162 -0.2165162 -9999.000 -9999.000 -9999.000 -9999.000 -9999.000 -9999.000 -9999.000 -9999.000 -9999.000 -9999.000 -9999.000 -9999.000 -9999.000 -9999.000 -9999.000 -9999.000 -9999.000 -9999.000 -9999.000 -9999.000 -9999.000 -9999.000 -9999.000 -9999.000 -9999.000 -9999.000 -9999.000 -9999.000
-9999.000 -9999.000 -9999.000 -9999.000 -9999.000 -9999.000 -9999.000 -9999.000 -9999.000 -9999.000 -9999.000 -9999.000 -9999.000 -9999.000 -9999.000 -0.5116067E-01 -0.3563241E-01 -0.3530217E-01 -0.4146906E-01 -0.5088811E-01 -0.6239688E-01 -0.7508349E-01 -0.8758121E-01 -0.1001178 -0.1120891 -0.1233279 -0.1347034 -0.1498526 -0.1797669 -0.2377226 -0.2377226 -9999.000 -9999.000 -9999.000 -9999.000 -9999.000 -9999.000 -9999.000 -9999.000 -9999.000 -9999.000 -9999.000 -9999.000 -9999.000 -9999.000 -9999.000 -9999.000 -9999.000 -9999.000 -9999.000 -9999.000 -9999.000 -9999.000 -9999.000 -9999.000 -9999.000 -9999.000 -9999.000 -9999.000
-9999.000 -9999.000 -9999.000 -9999.000 -9999.000 -9999.000 -9999.000 -9999.000 -9999.000 -9999.000 -9999.000 -9999.000 -9999.000 -9999.000 -9999.000 -0.4357019E-01 -0.2731122E-01 -0.2713223E-01 -0.3408275E-01 -0.4461402E-01 -0.5746944E-01 -0.7163314E-01 -0.8555532E-01 -0.9955402E-01 -0.1129080 -0.1254423 -0.1381806 -0.1553384 -0.1896983 -0.2623135 -0.2623135 -9999.000 -9999.000 -9999.000 -9999.000 -9999.000 -9999.000 -9999.000 -9999.000 -9999.000 -9999.000 -9999.000 -9999.000 -9999.000 -9999.000 -9999.000 -9999.000 -9999.000 -9999.000 -9999.000 -9999.000 -9999.000 -9999.000 -9999.000 -9999.000 -9999.000 -9999.000 -9999.000 -9999.000
-9999.000 -9999.000 -9999.000 -9999.000 -9999.000 -9999.000 -9999.000 -9999.000 -9999.000 -9999.000 -9999.000 -9999.000 -9999.000 -9999.000 -9999.000 -0.3527940E-01 -0.1847396E-01 -0.1849519E-01 -0.2626885E-01 -0.3794534E-01 -0.5218241E-01 -0.6785485E-01 -0.8321419E-01 -0.9869635E-01 -0.1134393 -0.1272682 -0.1413888 -0.1606824 -0.1999952 -0.2913678 -0.2913678 -9999.000 -9999.000 -9999.000 -9999.000 -9999.000 -9999.000 -9999.000 -9999.000 -9999.000 -9999.000 -9999.000 -9999.000 -9999.000 -9999.000 -9999.000 -9999.000 -9999.000 -9999.000 -9999.000 -9999.000 -9999.000 -9999.000 -9999.000 -9999.000 -9999.000 -9999.000 -9999.000 -9999.000
-9999.000 -9999.000 -9999.000 -9999.000 -9999.000 -9999.000 -9999.000 -9999.000 -9999.000 -9999.000 -9999.000 -9999.000 -9999.000 -9999.000 -9999.000 -0.2610148E-01 -0.8986100E-02 -0.9279458E-02 -0.1793217E-01 -0.3079645E-01 -0.4645437E-01 -0.6366558E-01 -0.8046425E-01 -0.9744036E-01 -0.1135609 -0.1286606 -0.1441632 -0.1657234 -0.2105904 -0.3265027 -0.3265027 -9999.000 -9999.000 -9999.000 -9999.000 -9999.000 -9999.000 -9999.000 -9999.000 -9999.000 -9999.000 -9999.000 -9999.000 -9999.000 -9999.000 -9999.000 -9999.000 -9999.000 -9999.000 -9999.000 -9999.000 -9999.000 -9999.000 -9999.000 -9999.000 -9999.000 -9999.000 -9999.000 -9999.000
-9999.000 -9999.000 -9999.000 -9999.000 -9999.000 -9999.000 -9999.000 -9999.000 -9999.000 -9999.000 -9999.000 -9999.000 -9999.000 -9999.000 -9999.000 -0.1517854E-02 0.5001198E-02 -0.2956070E-03 -0.1134753E-01 -0.2573173E-01 -0.4287925E-01 -0.6149393E-01 -0.7944957E-01 -0.9758833E-01 -0.1147065 -0.1306977 -0.1472537 -0.1708900 -0.2215080 -0.3678176 -0.3678176 -9999.000 -9999.000 -9999.000 -9999.000 -9999.000 -9999.000 -9999.000 -9999.000 -9999.000 -9999.000 -9999.000 -9999.000 -9999.000 -9999.000 -9999.000 -9999.000 -9999.000 -9999.000 -9999.000 -9999.000 -9999.000 -9999.000 -9999.000 -9999.000 -9999.000 -9999.000 -9999.000 -9999.000
-0.3452993E-02 -0.3452993E-02 -0.4852501E-02 -0.6451432E-02 -0.6256702E-02 -0.6256702E-02 -0.6179974E-02 -0.6158558E-02 -0.6158558E-02 -0.6154624E-02 -0.6154624E-02 -0.6135625E-02 -0.6122526E-02 -0.6107738E-02 -0.6093726E-02 -0.6093726E-02 0.1237425E-01 0.5948559E-02 -0.7728022E-02 -0.2714325E-01 -0.5117485E-01 -0.7839208E-01 -0.1069839 -0.1359020 -0.1639071 -0.1900828 -0.2143957 -0.2391429 -0.2735830 -0.3626014 -0.3626014 -0.1962830 -0.1027371 -0.3314450E-01 -0.2407248E-01 -0.2407248E-01 -0.1658560E-01 -0.1658560E-01 -0.2986382E-02 -0.2986382E-02 0.8070415E-02 0.2605553E-01 0.2605553E-01 -0.9156617E-02 -0.9156617E-02 -0.2258515E-02 -0.2258515E-02 -0.2258515E-02 0.2018917E-02 0.2018917E-02 0.2372876E-02 0.2372876E-02 0.1102719E-02 0.1102719E-02 -0.3644708E-03 -0.3644708E-03 -0.1666543E-02 -0.1666543E-02 -0.1666543E-02
-0.4673920E-02 -0.4673920E-02 -0.7708589E-02 -0.9265824E-02 -0.8805602E-02 -0.8805602E-02 -0.8640802E-02 -0.8631126E-02 -0.8631126E-02 -0.8659769E-02 -0.8659769E-02 -0.8653919E-02 -0.8645630E-02 -0.8635120E-02 -0.8631885E-02 -0.8631885E-02 0.9072628E-02 0.2427510E-02 -0.1430054E-01 -0.4001206E-01 -0.7305451E-01 -0.1117532 -0.1544754 -0.1991691 -0.2441475 -0.2877272 -0.3282368 -0.3639421 -0.3932557 -0.4175119 -0.4175119 -0.2788823 -0.1820922 -0.9109076E-01 -0.7292950E-01 -0.7292950E-01 -0.4678611E-01 -0.4678611E-01 -0.9246881E-03 -0.9246881E-03 0.3189018E-01 0.8616984E-01 0.8616984E-01 0.3849706E-01 0.3849706E-01 0.9409098E-02 0.9409098E-02 0.9409098E-02 0.6883441E-02 0.6883441E-02 0.3616107E-02 0.3616107E-02 -0.3397106E-03 -0.3397106E-03 -0.3892861E-02 -0.3892861E-02 -0.6596986E-02 -0.6596986E-02 -0.6596986E-02
-0.2455063E-02 -0.2455063E-02 -0.7678167E-02 -0.8057925E-02 -0.7475444E-02 -0.7475444E-02 -0.7241782E-02 -0.7231298E-02 -0.7231298E-02 -0.7294655E-02 -0.7294655E-02 -0.7312383E-02 -0.7315751E-02 -0.7318498E-02 -0.7340506E-02 -0.7340506E-02 0.3706084E-02 -0.3650422E-02 -0.2108609E-01 -0.4789333E-01 -0.8278225E-01 -0.1243953 -0.1714371 -0.2223051 -0.2755003 -0.3294523 -0.3824198 -0.4323532 -0.4763534 -0.5067182 -0.5067182 -0.4147841 -0.3297592 -0.2137366 -0.1754078 -0.1754078 -0.1021516 -0.1021516 0.4768373E-02 0.4768373E-02 0.6898052E-01 0.1698277 0.1698277 0.1458804 0.1458804 0.4541987E-01 0.4541987E-01 0.4541987E-01 0.1818394E-01 0.1818394E-01 0.3408096E-02 0.3408096E-02 -0.6276185E-02 -0.6276185E-02 -0.1295297E-01 -0.1295297E-01 -0.1699639E-01 -0.1699639E-01 -0.1699639E-01
-0.1175315E-02 -0.1175315E-02 -0.6812055E-02 -0.6622323E-02 -0.6031280E-02 -0.6031280E-02 -0.5772276E-02 -0.5749088E-02 -0.5749088E-02 -0.5816511E-02 -0.5816511E-02 -0.5832851E-02 -0.5834554E-02 -0.5837108E-02 -0.5872148E-02 -0.5872148E-02 -0.2108194E-02 -0.1162078E-01 -0.3063707E-01 -0.5865852E-01 -0.9466109E-01 -0.1375057 -0.1861121 -0.2392484 -0.2957172 -0.3542817 -0.4135291 -0.4716560 -0.5258014 -0.5679458 -0.5679458 -0.5204504 -0.4578328 -0.3414574 -0.2870487 -0.2870487 -0.1557155 -0.1557155 0.2150642E-01 0.2150642E-01 0.1104992 0.2350226 0.2350226 0.2344703 0.2344703 0.9279755E-01 0.9279755E-01 0.9279755E-01 0.3541586E-01 0.3541586E-01 0.3897699E-02 0.3897699E-02 -0.1423915E-01 -0.1423915E-01 -0.2491247E-01 -0.2491247E-01 -0.3016173E-01 -0.3016173E-01 -0.3016173E-01
-0.8599477E-03 -0.8599477E-03 -0.5094099E-02 -0.5028851E-02 -0.4545093E-02 -0.4545093E-02 -0.4317332E-02 -0.4298699E-02 -0.4298699E-02 -0.4364809E-02 -0.4364809E-02 -0.4378932E-02 -0.4378631E-02 -0.4379330E-02 -0.4427874E-02 -0.4427874E-02 -0.8424163E-02 -0.2151662E-01 -0.4339829E-01 -0.7360306E-01 -0.1112780 -0.1554649 -0.2052450 -0.2596315 -0.3176477 -0.3783021 -0.4404892 -0.5027739 -0.5627580 -0.6135707 -0.6135707 -0.6008412 -0.5618855 -0.4536276 -0.3820395 -0.3820395 -0.1818861 -0.1818861 0.5148065E-01 0.5148065E-01 0.1485714 0.2707077 0.2707077 0.2848480 0.2848480 0.1395270 0.1395270 0.1395270 0.5745933E-01 0.5745933E-01 0.7676593E-02 0.7676593E-02 -0.2091575E-01 -0.2091575E-01 -0.3662135E-01 -0.3662135E-01 -0.4332661E-01 -0.4332661E-01 -0.4332661E-01
-0.5616372E-03 -0.5616372E-03 -0.3384992E-02 -0.3384156E-02 -0.3041944E-02 -0.3041944E-02 -0.2872527E-02 -0.2858871E-02 -0.2858871E-02 -0.2911199E-02 -0.2911199E-02 -0.2921629E-02 -0.2920913E-02 -0.2920639E-02 -0.2988688E-02 -0.2988688E-02 -0.1561020E-01 -0.3367424E-01 -0.5982818E-01 -0.9342317E-01 -0.1336569 -0.1797140 -0.2308399 -0.2862720 -0.3452456 -0.4069779 -0.4705988 -0.5349783 -0.5981958 -0.6547415 -0.6547415 -0.6665141 -0.6473323 -0.5381917 -0.4388171 -0.4388171 -0.1663107 -0.1663107 0.8409038E-01 0.8409038E-01 0.1720299 0.2768023 0.2768023 0.2994632 0.2994632 0.1767123 0.1767123 0.1767123 0.8157856E-01 0.8157856E-01 0.1553151E-01 0.1553151E-01 -0.2450464E-01 -0.2450464E-01 -0.4627543E-01 -0.4627543E-01 -0.5491511E-01 -0.5491511E-01 -0.5491511E-01
-0.2771675E-03 -0.2771675E-03 -0.1688539E-02 -0.1701917E-02 -0.1524855E-02 -0.1524855E-02 -0.1434706E-02 -0.1427294E-02 -0.1427294E-02 -0.1455790E-02 -0.1455790E-02 -0.1461623E-02 -0.1461017E-02 -0.1460669E-02 -0.1556804E-02 -0.1556804E-02 -0.2429844E-01 -0.4879592E-01 -0.8073243E-01 -0.1190736 -0.1629383 -0.2115934 -0.2644427 -0.3209493 -0.3805912 -0.4428220 -0.5070107 -0.5723025 -0.6371843 -0.6972534 -0.6972534 -0.7250715 -0.7184955 -0.5793232 -0.4367712 -0.4367712 -0.1183406 -0.1183406 0.1041439 0.1041439 0.1745808 0.2600867 0.2600867 0.2882546 0.2882546 0.1989771 0.1989771 0.1989771 0.1037401 0.1037401 0.2663158E-01 0.2663158E-01 -0.2425479E-01 -0.2425479E-01 -0.5269650E-01 -0.5269650E-01 -0.6376763E-01 -0.6376763E-01 -0.6376763E-01
0.7468245E-07 0.7468245E-07 -0.9361935E-07 -0.1109510E-08 -0.4256468E-07 -0.4256468E-07 -0.1076626E-06 -0.1390260E-06 -0.1390260E-06 0.2059189E-06 0.2059189E-06 0.6635021E-07 0.3985031E-08 -0.3713091E-07 -0.1358775E-03 -0.1358775E-03 -0.3543590E-01 -0.6804533E-01 -0.1074145 -0.1519648 -0.2006338 -0.2527203 -0.3077753 -0.3654897 -0.4256083 -0.4878627 -0.5518997 -0.6171585 -0.6824744 -0.7440575 -0.7440575 -0.7800848 -0.7734103 -0.5541541 -0.3695372 -0.3695372 -0.6606667E-01 -0.6606667E-01 0.1046524 0.1046524 0.1586251 0.2294773 0.2294773 0.2612190 0.2612190 0.2048321 0.2048321 0.2048321 0.1197683 0.1197683 0.3883052E-01 0.3883052E-01 -0.2035869E-01 -0.2035869E-01 -0.5517359E-01 -0.5517359E-01 -0.6893250E-01 -0.6893250E-01 -0.6893250E-01
0.2773278E-03 0.2773278E-03 0.1688271E-02 0.1701908E-02 0.1524979E-02 0.1524979E-02 0.1434536E-02 0.1427268E-02 0.1427268E-02 0.1455902E-02 0.1455902E-02 0.1461605E-02 0.1460873E-02 0.1460521E-02 0.1269923E-02 0.1269923E-02 -0.5046491E-01 -0.9325811E-01 -0.1419055 -0.1941966 -0.2488515 -0.3051941 -0.3629330 -0.4219985 -0.4824207 -0.5442371 -0.6074095 -0.6716972 -0.7361723 -0.7966181 -0.7966181 -0.8300182 -0.7966626 -0.4530176 -0.2652204 -0.2652204 -0.3267026E-01 -0.3267026E-01 0.8960462E-01 0.8960462E-01 0.1318478 0.1925503 0.1925503 0.2257371 0.2257371 0.1958713 0.1958713 0.1958713 0.1266463 0.1266463 0.4931477E-01 0.4931477E-01 -0.1384422E-01 -0.1384422E-01 -0.5347616E-01 -0.5347616E-01 -0.6967355E-01 -0.6967355E-01 -0.6967355E-01
0.5617344E-03 0.5617344E-03 0.3385066E-02 0.3384152E-02 0.3041922E-02 0.3041922E-02 0.2872653E-02 0.2859042E-02 0.2859042E-02 0.2911055E-02 0.2911055E-02 0.2921552E-02 0.2920759E-02 0.2920369E-02 0.2653624E-02 0.2653624E-02 -0.7168178E-01 -0.1273306 -0.1873423 -0.2489083 -0.3106092 -0.3718679 -0.4326108 -0.4930450 -0.5535092 -0.6143650 -0.6759095 -0.7382151 -0.8002031 -0.8542150 -0.8542150 -0.8615279 -0.7490063 -0.3120885 -0.1719506 -0.1719506 -0.2123927E-01 -0.2123927E-01 0.6742892E-01 0.6742892E-01 0.1017256 0.1542129 0.1542129 0.1864877 0.1864877 0.1753069 0.1753069 0.1753069 0.1232750 0.1232750 0.5549692E-01 0.5549692E-01 -0.6276522E-02 -0.6276522E-02 -0.4786126E-01 -0.4786126E-01 -0.6555457E-01 -0.6555457E-01 -0.6555457E-01
0.8600426E-03 0.8600426E-03 0.5094271E-02 0.5028842E-02 0.4545105E-02 0.4545105E-02 0.4317577E-02 0.4298862E-02 0.4298862E-02 0.4364704E-02 0.4364704E-02 0.4378739E-02 0.4378655E-02 0.4379218E-02 0.4005955E-02 0.4005955E-02 -0.1029552 -0.1749513 -0.2486262 -0.3208474 -0.3903179 -0.4567585 -0.5204453 -0.5819416 -0.6419334 -0.7011220 -0.7601431 -0.8192772 -0.8757943 -0.9081881 -0.9081881 -0.8305010 -0.5862473 -0.1947688 -0.1148880 -0.1148880 -0.2155028E-01 -0.2155028E-01 0.4489573E-01 0.4489573E-01 0.7291397E-01 0.1170219 0.1170219 0.1461951 0.1461951 0.1466441 0.1466441 0.1466441 0.1103608 0.1103608 0.5576083E-01 0.5576083E-01 0.6900966E-03 0.6900966E-03 -0.3901418E-01 -0.3901418E-01 -0.5655364E-01 -0.5655364E-01 -0.5655364E-01
0.1175375E-02 0.1175375E-02 0.6812218E-02 0.6622311E-02 0.6031494E-02 0.6031494E-02 0.5772294E-02 0.5749203E-02 0.5749203E-02 0.5816506E-02 0.5816506E-02 0.5832568E-02 0.5834376E-02 0.5837074E-02 0.5315106E-02 0.5315106E-02 -0.1512378 -0.2440358 -0.3336489 -0.4173787 -0.4946111 -0.5657315 -0.6315893 -0.6932271 -0.7517360 -0.8081713 -0.8634968 -0.9177210 -0.9600101 -0.9189445 -0.9189445 -0.6593422 -0.3466407 -0.1264704 -0.8630943E-01 -0.8630943E-01 -0.2383534E-01 -0.2383534E-01 0.2548622E-01 0.2548622E-01 0.4759759E-01 0.8224371E-01 0.8224371E-01 0.1065784 0.1065784 0.1130861 0.1130861 0.1130861 0.8987129E-01 0.8987129E-01 0.4984770E-01 0.4984770E-01 0.5802402E-02 0.5802402E-02 -0.2788624E-01 -0.2788624E-01 -0.4314731E-01 -0.4314731E-01 -0.4314731E-01
