cruce_test.gid/Rasters/Hydraulic/Velocity__y_139.0.asc
NCOLS        79
NROWS        79
XLLCENTER         -1.500000
YLLCENTER         -4.800000
CELLSIZE           0.100
NODATA_VALUE     -9999.0
[rows 0 to 26 of 79, columns 0 to 58 of 79]
-9999.000 -9999.000 -9999.000 -9999.000 -9999.000 -9999.000 -9999.000 -9999.000 -9999.000 -9999.000 -9999.000 -9999.000 -9999.000 -9999.000 -9999.000 -0.1244595 -0.1232780 -0.1232339 -0.1233570 -0.1235789 -0.1238600 -0.1241664 -0.1244688 -0.1247468 -0.1249956 -0.1252296 -0.1255484 -0.1262556 -0.1279979 -0.1288755 -0.1288755 -9999.000 -9999.000 -9999.000 -9999.000 -9999.000 -9999.000 -9999.000 -9999.000 -9999.000 -9999.000 -9999.000 -9999.000 -9999.000 -9999.000 -9999.000 -9999.000 -9999.000 -9999.000 -9999.000 -9999.000 -9999.000 -9999.000 -9999.000 -9999.000 -9999.000 -9999.000 -9999.000 -9999.000
-9999.000 -9999.000 -9999.000 -9999.000 -9999.000 -9999.000 -9999.000 -9999.000 -9999.000 -9999.000 -9999.000 -9999.000 -9999.000 -9999.000 -9999.000 -0.1223548 -0.1199218 -0.1198280 -0.1201095 -0.1206219 -0.1212788 -0.1220046 -0.1227348 -0.1234239 -0.1240612 -0.1246771 -0.1254821 -0.1271104 -0.1309005 -0.1332377 -0.1332377 -9999.000 -9999.000 -9999.000 -9999.000 -9999.000 -9999.000 -9999.000 -9999.000 -9999.000 -9999.000 -9999.000 -9999.000 -9999.000 -9999.000 -9999.000 -9999.000 -9999.000 -9999.000 -9999.000 -9999.000 -9999.000 -9999.000 -9999.000 -9999.000 -9999.000 -9999.000 -9999.000 -9999.000
-9999.000 -9999.000 -9999.000 -9999.000 -9999.000 -9999.000 -9999.000 -9999.000 -9999.000 -9999.000 -9999.000 -9999.000 -9999.000 -9999.000 -9999.000 -0.1188655 -0.1151623 -0.1150387 -0.1155695 -0.1165215 -0.1177506 -0.1191269 -0.1205395 -0.1219074 -0.1232086 -0.1244895 -0.1260849 -0.1290080 -0.1353864 -0.1399825 -0.1399825 -9999.000 -9999.000 -9999.000 -9999.000 -9999.000 -9999.000 -9999.000 -9999.000 -9999.000 -9999.000 -9999.000 -9999.000 -9999.000 -9999.000 -9999.000 -9999.000 -9999.000 -9999.000 -9999.000 -9999.000 -9999.000 -9999.000 -9999.000 -9999.000 -9999.000 -9999.000 -9999.000 -9999.000
-9999.000 -9999.000 -9999.000 -9999.000 -9999.000 -9999.000 -9999.000 -9999.000 -9999.000 -9999.000 -9999.000 -9999.000 -9999.000 -9999.000 -9999.000 -0.1146805 -0.1098149 -0.1096964 -0.1105332 -0.1120035 -0.1139011 -0.1160386 -0.1182539 -0.1204261 -0.1225172 -0.1245853 -0.1270908 -0.1314443 -0.1406169 -0.1480905 -0.1480905 -9999.000 -9999.000 -9999.000 -9999.000 -9999.000 -9999.000 -9999.000 -9999.000 -9999.000 -9999.000 -9999.000 -9999.000 -9999.000 -9999.000 -9999.000 -9999.000 -9999.000 -9999.000 -9999.000 -9999.000 -9999.000 -9999.000 -9999.000 -9999.000 -9999.000 -9999.000 -9999.000 -9999.000
-9999.000 -9999.000 -9999.000 -9999.000 -9999.000 -9999.000 -9999.000 -9999.000 -9999.000 -9999.000 -9999.000 -9999.000 -9999.000 -9999.000 -9999.000 -0.1099811 -0.1040393 -0.1039496 -0.1051311 -0.1071743 -0.1098081 -0.1127835 -0.1158833 -0.1189434 -0.1219065 -0.1248424 -0.1283428 -0.1342428 -0.1464254 -0.1574584 -0.1574584 -9999.000 -9999.000 -9999.000 -9999.000 -9999.000 -9999.000 -9999.000 -9999.000 -9999.000 -9999.000 -9999.000 -9999.000 -9999.000 -9999.000 -9999.000 -9999.000 -9999.000 -9999.000 -9999.000 -9999.000 -9999.000 -9999.000 -9999.000 -9999.000 -9999.000 -9999.000 -9999.000 -9999.000
-9999.000 -9999.000 -9999.000 -9999.000 -9999.000 -9999.000 -9999.000 -9999.000 -9999.000 -9999.000 -9999.000 -9999.000 -9999.000 -9999.000 -9999.000 -0.1048510 -0.9791579E-01 -0.9787253E-01 -0.9942655E-01 -0.1020833 -0.1055036 -0.1093740 -0.1134187 -0.1174273 -0.1213224 -0.1251865 -0.1297505 -0.1373085 -0.1527396 -0.1681283 -0.1681283 -9999.000 -9999.000 -9999.000 -9999.000 -9999.000 -9999.000 -9999.000 -9999.000 -9999.000 -9999.000 -9999.000 -9999.000 -9999.000 -9999.000 -9999.000 -9999.000 -9999.000 -9999.000 -9999.000 -9999.000 -9999.000 -9999.000 -9999.000 -9999.000 -9999.000 -9999.000 -9999.000 -9999.000
-9999.000 -9999.000 -9999.000 -9999.000 -9999.000 -9999.000 -9999.000 -9999.000 -9999.000 -9999.000 -9999.000 -9999.000 -9999.000 -9999.000 -9999.000 -0.9931516E-01 -0.9147612E-01 -0.9149526E-01 -0.9344350E-01 -0.9674656E-01 -0.1009944 -0.1058064 -0.1108444 -0.1158500 -0.1207245 -0.1255658 -0.1312551 -0.1405860 -0.1595384 -0.1802495 -0.1802495 -9999.000 -9999.000 -9999.000 -9999.000 -9999.000 -9999.000 -9999.000 -9999.000 -9999.000 -9999.000 -9999.000 -9999.000 -9999.000 -9999.000 -9999.000 -9999.000 -9999.000 -9999.000 -9999.000 -9999.000 -9999.000 -9999.000 -9999.000 -9999.000 -9999.000 -9999.000 -9999.000 -9999.000
-9999.000 -9999.000 -9999.000 -9999.000 -9999.000 -9999.000 -9999.000 -9999.000 -9999.000 -9999.000 -9999.000 -9999.000 -9999.000 -9999.000 -9999.000 -0.9336239E-01 -0.8472259E-01 -0.8482061E-01 -0.8718203E-01 -0.9116010E-01 -0.9627191E-01 -0.1020658 -0.1081392 -0.1141827 -0.1200765 -0.1259378 -0.1328097 -0.1440379 -0.1668290 -0.1940684 -0.1940684 -9999.000 -9999.000 -9999.000 -9999.000 -9999.000 -9999.000 -9999.000 -9999.000 -9999.000 -9999.000 -9999.000 -9999.000 -9999.000 -9999.000 -9999.000 -9999.000 -9999.000 -9999.000 -9999.000 -9999.000 -9999.000 -9999.000 -9999.000 -9999.000 -9999.000 -9999.000 -9999.000 -9999.000
-9999.000 -9999.000 -9999.000 -9999.000 -9999.000 -9999.000 -9999.000 -9999.000 -9999.000 -9999.000 -9999.000 -9999.000 -9999.000 -9999.000 -9999.000 -0.8695728E-01 -0.7763777E-01 -0.7783285E-01 -0.8062533E-01 -0.8530574E-01 -0.9131537E-01 -0.9812841E-01 -0.1052747 -0.1123920 -0.1193392 -0.1262576 -0.1343683 -0.1476313 -0.1746337 -0.2099387 -0.2099387 -9999.000 -9999.000 -9999.000 -9999.000 -9999.000 -9999.000 -9999.000 -9999.000 -9999.000 -9999.000 -9999.000 -9999.000 -9999.000 -9999.000 -9999.000 -9999.000 -9999.000 -9999.000 -9999.000 -9999.000 -9999.000 -9999.000 -9999.000 -9999.000 -9999.000 -9999.000 -9999.000 -9999.000
-9999.000 -9999.000 -9999.000 -9999.000 -9999.000 -9999.000 -9999.000 -9999.000 -9999.000 -9999.000 -9999.000 -9999.000 -9999.000 -9999.000 -9999.000 -0.8004627E-01 -0.7018860E-01 -0.7050200E-01 -0.7374324E-01 -0.7915276E-01 -0.8609274E-01 -0.9395983E-01 -0.1022131 -0.1104351 -0.1184641 -0.1264712 -0.1358752 -0.1513260 -0.1829809 -0.2283553 -0.2283553 -9999.000 -9999.000 -9999.000 -9999.000 -9999.000 -9999.000 -9999.000 -9999.000 -9999.000 -9999.000 -9999.000 -9999.000 -9999.000 -9999.000 -9999.000 -9999.000 -9999.000 -9999.000 -9999.000 -9999.000 -9999.000 -9999.000 -9999.000 -9999.000 -9999.000 -9999.000 -9999.000 -9999.000
-9999.000 -9999.000 -9999.000 -9999.000 -9999.000 -9999.000 -9999.000 -9999.000 -9999.000 -9999.000 -9999.000 -9999.000 -9999.000 -9999.000 -9999.000 -0.7255848E-01 -0.6232739E-01 -0.6278334E-01 -0.6649129E-01 -0.7265645E-01 -0.8055830E-01 -0.8951204E-01 -0.9890265E-01 -0.1082544 -0.1173858 -0.1265058 -0.1372539 -0.1550647 -0.1918980 -0.2500135 -0.2500135 -9999.000 -9999.000 -9999.000 -9999.000 -9999.000 -9999.000 -9999.000 -9999.000 -9999.000 -9999.000 -9999.000 -9999.000 -9999.000 -9999.000 -9999.000 -9999.000 -9999.000 -9999.000 -9999.000 -9999.000 -9999.000 -9999.000 -9999.000 -9999.000 -9999.000 -9999.000 -9999.000 -9999.000
-9999.000 -9999.000 -9999.000 -9999.000 -9999.000 -9999.000 -9999.000 -9999.000 -9999.000 -9999.000 -9999.000 -9999.000 -9999.000 -9999.000 -9999.000 -0.6440281E-01 -0.5398786E-01 -0.5461344E-01 -0.5880665E-01 -0.6575390E-01 -0.7464793E-01 -0.8471806E-01 -0.9527050E-01 -0.1057687 -0.1160130 -0.1262589 -0.1383951 -0.1587590 -0.2014012 -0.2759139 -0.2759139 -9999.000 -9999.000 -9999.000 -9999.000 -9999.000 -9999.000 -9999.000 -9999.000 -9999.000 -9999.000 -9999.000 -9999.000 -9999.000 -9999.000 -9999.000 -9999.000 -9999.000 -9999.000 -9999.000 -9999.000 -9999.000 -9999.000 -9999.000 -9999.000 -9999.000 -9999.000 -9999.000 -9999.000
-9999.000 -9999.000 -9999.000 -9999.000 -9999.000 -9999.000 -9999.000 -9999.000 -9999.000 -9999.000 -9999.000 -9999.000 -9999.000 -9999.000 -9999.000 -0.5545932E-01 -0.4507785E-01 -0.4590351E-01 -0.5060027E-01 -0.5835555E-01 -0.6826976E-01 -0.7948090E-01 -0.9121151E-01 -0.1028607 -0.1142117 -0.1255790 -0.1391343 -0.1622657 -0.2114759 -0.3075445 -0.3075445 -9999.000 -9999.000 -9999.000 -9999.000 -9999.000 -9999.000 -9999.000 -9999.000 -9999.000 -9999.000 -9999.000 -9999.000 -9999.000 -9999.000 -9999.000 -9999.000 -9999.000 -9999.000 -9999.000 -9999.000 -9999.000 -9999.000 -9999.000 -9999.000 -9999.000 -9999.000 -9999.000 -9999.000
-9999.000 -9999.000 -9999.000 -9999.000 -9999.000 -9999.000 -9999.000 -9999.000 -9999.000 -9999.000 -9999.000 -9999.000 -9999.000 -9999.000 -9999.000 -0.4552217E-01 -0.3543940E-01 -0.3650659E-01 -0.4173393E-01 -0.5032912E-01 -0.6129263E-01 -0.7366446E-01 -0.8657716E-01 -0.9936164E-01 -0.1117866 -0.1242388 -0.1392163 -0.1653466 -0.2220409 -0.3472379 -0.3472379 -9999.000 -9999.000 -9999.000 -9999.000 -9999.000 -9999.000 -9999.000 -9999.000 -9999.000 -9999.000 -9999.000 -9999.000 -9999.000 -9999.000 -9999.000 -9999.000 -9999.000 -9999.000 -9999.000 -9999.000 -9999.000 -9999.000 -9999.000 -9999.000 -9999.000 -9999.000 -9999.000 -9999.000
-9999.000 -9999.000 -9999.000 -9999.000 -9999.000 -9999.000 -9999.000 -9999.000 -9999.000 -9999.000 -9999.000 -9999.000 -9999.000 -9999.000 -9999.000 -0.2743771E-01 -0.2215919E-01 -0.2510720E-01 -0.3203397E-01 -0.4227177E-01 -0.5478024E-01 -0.6856163E-01 -0.8271881E-01 -0.9657148E-01 -0.1099257 -0.1232915 -0.1395497 -0.1687468 -0.2335878 -0.3969626 -0.3969626 -9999.000 -9999.000 -9999.000 -9999.000 -9999.000 -9999.000 -9999.000 -9999.000 -9999.000 -9999.000 -9999.000 -9999.000 -9999.000 -9999.000 -9999.000 -9999.000 -9999.000 -9999.000 -9999.000 -9999.000 -9999.000 -9999.000 -9999.000 -9999.000 -9999.000 -9999.000 -9999.000 -9999.000
-0.2560990E-02 -0.2560990E-02 -0.5597656E-02 -0.5718214E-02 -0.5705995E-02 -0.5705995E-02 -0.5692337E-02 -0.5669595E-02 -0.5669595E-02 -0.5644866E-02 -0.5644866E-02 -0.5613774E-02 -0.5596037E-02 -0.5577493E-02 -0.5558521E-02 -0.5558521E-02 -0.2084231E-01 -0.2692305E-01 -0.3732587E-01 -0.5239466E-01 -0.7129888E-01 -0.9277052E-01 -0.1154603 -0.1381318 -0.1598440 -0.1798944 -0.1989088 -0.2227934 -0.2651930 -0.3768393 -0.3768393 -0.1924332 -0.9432049E-01 -0.2471107E-01 -0.1630831E-01 -0.1630831E-01 -0.9013530E-02 -0.9013530E-02 0.3589040E-02 0.3589040E-02 0.1173220E-01 -0.1263622E-01 -0.1263622E-01 -0.1647160E-01 -0.1647160E-01 0.3886476E-02 0.3886476E-02 0.3886476E-02 0.6490090E-02 0.6490090E-02 0.5843004E-02 0.5843004E-02 0.4036524E-02 0.4036524E-02 0.2000865E-02 0.2000865E-02 0.2724483E-03 0.2724483E-03 0.2724483E-03
-0.3927361E-02 -0.3927361E-02 -0.8304001E-02 -0.8135914E-02 -0.8046238E-02 -0.8046238E-02 -0.7998976E-02 -0.7969949E-02 -0.7969949E-02 -0.7958190E-02 -0.7958190E-02 -0.7935936E-02 -0.7920563E-02 -0.7903743E-02 -0.7885829E-02 -0.7885829E-02 -0.2838890E-01 -0.3845026E-01 -0.5398615E-01 -0.7597730E-01 -0.1038537 -0.1362938 -0.1716787 -0.2083184 -0.2445545 -0.2786070 -0.3088281 -0.3352852 -0.3594193 -0.3865601 -0.3865601 -0.2483896 -0.1541069 -0.6824788E-01 -0.5146809E-01 -0.5146809E-01 -0.2525376E-01 -0.2525376E-01 0.1780813E-01 0.1780813E-01 0.4340485E-01 0.2980449E-01 0.2980449E-01 -0.9830624E-03 -0.9830624E-03 0.1018763E-01 0.1018763E-01 0.1018763E-01 0.1202286E-01 0.1202286E-01 0.9640016E-02 0.9640016E-02 0.5649216E-02 0.5649216E-02 0.1685595E-02 0.1685595E-02 -0.1383020E-02 -0.1383020E-02 -0.1383020E-02
-0.3227502E-02 -0.3227502E-02 -0.6764213E-02 -0.6925739E-02 -0.6809289E-02 -0.6809289E-02 -0.6743304E-02 -0.6720342E-02 -0.6720342E-02 -0.6737562E-02 -0.6737562E-02 -0.6743216E-02 -0.6740658E-02 -0.6735983E-02 -0.6729836E-02 -0.6729836E-02 -0.2662585E-01 -0.4006501E-01 -0.5877611E-01 -0.8387431E-01 -0.1152672 -0.1521502 -0.1933385 -0.2374422 -0.2829427 -0.3283392 -0.3718978 -0.4109766 -0.4432618 -0.4636130 -0.4636130 -0.3704299 -0.2864399 -0.1734158 -0.1352397 -0.1352397 -0.6004721E-01 -0.6004721E-01 0.3945583E-01 0.3945583E-01 0.9067316E-01 0.1269163 0.1269163 0.6590507E-01 0.6590507E-01 0.2509420E-01 0.2509420E-01 0.2509420E-01 0.1642878E-01 0.1642878E-01 0.8962448E-02 0.8962448E-02 0.1929528E-02 0.1929528E-02 -0.3767082E-02 -0.3767082E-02 -0.7454487E-02 -0.7454487E-02 -0.7454487E-02
-0.2542001E-02 -0.2542001E-02 -0.5292396E-02 -0.5614324E-02 -0.5485958E-02 -0.5485958E-02 -0.5404430E-02 -0.5369782E-02 -0.5369782E-02 -0.5389130E-02 -0.5389130E-02 -0.5397908E-02 -0.5396732E-02 -0.5393254E-02 -0.5388494E-02 -0.5388494E-02 -0.2465356E-01 -0.4124056E-01 -0.6317212E-01 -0.9102495E-01 -0.1247874 -0.1639802 -0.2078157 -0.2553023 -0.3052911 -0.3565820 -0.4076871 -0.4559670 -0.4982466 -0.5277929 -0.5277929 -0.4712772 -0.4057445 -0.2866892 -0.2296119 -0.2296119 -0.9489259E-01 -0.9489259E-01 0.6423244E-01 0.6423244E-01 0.1341408 0.2024398 0.2024398 0.1450794 0.1450794 0.4942274E-01 0.4942274E-01 0.4942274E-01 0.2196918E-01 0.2196918E-01 0.5616444E-02 0.5616444E-02 -0.5607964E-02 -0.5607964E-02 -0.1308225E-01 -0.1308225E-01 -0.1689141E-01 -0.1689141E-01 -0.1689141E-01
-0.1880220E-02 -0.1880220E-02 -0.3899555E-02 -0.4256821E-02 -0.4140032E-02 -0.4140032E-02 -0.4059966E-02 -0.4022160E-02 -0.4022160E-02 -0.4039831E-02 -0.4039831E-02 -0.4048976E-02 -0.4048321E-02 -0.4045752E-02 -0.4041992E-02 -0.4041992E-02 -0.2379548E-01 -0.4370778E-01 -0.6939601E-01 -0.1006057 -0.1371058 -0.1785218 -0.2243078 -0.2737691 -0.3260745 -0.3803248 -0.4353769 -0.4890577 -0.5382302 -0.5762742 -0.5762742 -0.5509936 -0.5048738 -0.3852348 -0.3073850 -0.3073850 -0.1089770 -0.1089770 0.9029074E-01 0.9029074E-01 0.1652236 0.2427609 0.2427609 0.2057099 0.2057099 0.7921741E-01 0.7921741E-01 0.7921741E-01 0.3096139E-01 0.3096139E-01 0.3083061E-02 0.3083061E-02 -0.1371164E-01 -0.1371164E-01 -0.2334420E-01 -0.2334420E-01 -0.2708930E-01 -0.2708930E-01 -0.2708930E-01
-0.1239915E-02 -0.1239915E-02 -0.2566517E-02 -0.2860994E-02 -0.2773403E-02 -0.2773403E-02 -0.2710435E-02 -0.2678720E-02 -0.2678720E-02 -0.2692217E-02 -0.2692217E-02 -0.2699634E-02 -0.2699433E-02 -0.2697593E-02 -0.2695037E-02 -0.2695037E-02 -0.2455459E-01 -0.4825399E-01 -0.7833003E-01 -0.1136442 -0.1535675 -0.1976679 -0.2455321 -0.2966866 -0.3505597 -0.4065050 -0.4636792 -0.5204141 -0.5739549 -0.6183721 -0.6183721 -0.6160665 -0.5856844 -0.4538375 -0.3468995 -0.3468995 -0.9419121E-01 -0.9419121E-01 0.1098822 0.1098822 0.1779134 0.2513886 0.2513886 0.2370189 0.2370189 0.1091340 0.1091340 0.1091340 0.4362589E-01 0.4362589E-01 0.3201524E-02 0.3201524E-02 -0.2045575E-01 -0.2045575E-01 -0.3284880E-01 -0.3284880E-01 -0.3659594E-01 -0.3659594E-01 -0.3659594E-01
-0.6157094E-03 -0.6157094E-03 -0.1273423E-02 -0.1437659E-02 -0.1390911E-02 -0.1390911E-02 -0.1356452E-02 -0.1338405E-02 -0.1338405E-02 -0.1345783E-02 -0.1345783E-02 -0.1349889E-02 -0.1349802E-02 -0.1348867E-02 -0.1347625E-02 -0.1347625E-02 -0.2748660E-01 -0.5579871E-01 -0.9103767E-01 -0.1312542 -0.1753471 -0.2227188 -0.2730033 -0.3258995 -0.3810716 -0.4381178 -0.4964679 -0.5549071 -0.6111434 -0.6599230 -0.6599230 -0.6727109 -0.6499282 -0.4761418 -0.3342172 -0.3342172 -0.6203256E-01 -0.6203256E-01 0.1153726 0.1153726 0.1716660 0.2374863 0.2374863 0.2414239 0.2414239 0.1332495 0.1332495 0.1332495 0.5821584E-01 0.5821584E-01 0.6519938E-02 0.6519938E-02 -0.2462451E-01 -0.2462451E-01 -0.4037103E-01 -0.4037103E-01 -0.4435915E-01 -0.4435915E-01 -0.4435915E-01
0.6393590E-08 0.6393590E-08 0.3276446E-07 -0.5623690E-07 -0.5056135E-07 -0.5056135E-07 -0.1019248E-06 0.9464411E-08 0.9464411E-08 -0.9013333E-07 -0.9013333E-07 0.9619458E-07 0.1370028E-06 0.4182835E-07 0.9728073E-07 0.9728073E-07 -0.3336849E-01 -0.6756699E-01 -0.1089794 -0.1549692 -0.2039821 -0.2552139 -0.3082923 -0.3630510 -0.4193755 -0.4771161 -0.5359834 -0.5951791 -0.6528513 -0.7039654 -0.7039654 -0.7233790 -0.6923158 -0.4380295 -0.2756594 -0.2756594 -0.3307548E-01 -0.3307548E-01 0.1057919 0.1057919 0.1513977 0.2104517 0.2104517 0.2266793 0.2266793 0.1470032 0.1470032 0.1470032 0.7164786E-01 0.7164786E-01 0.1236896E-01 0.1236896E-01 -0.2566474E-01 -0.2566474E-01 -0.4499758E-01 -0.4499758E-01 -0.4949574E-01 -0.4949574E-01 -0.4949574E-01
0.6157229E-03 0.6157229E-03 0.1273372E-02 0.1437581E-02 0.1390922E-02 0.1390922E-02 0.1356319E-02 0.1338353E-02 0.1338353E-02 0.1345738E-02 0.1345738E-02 0.1349982E-02 0.1349863E-02 0.1348926E-02 0.1347583E-02 0.1347583E-02 -0.4339939E-01 -0.8529902E-01 -0.1342074 -0.1869361 -0.2415832 -0.2971791 -0.3533467 -0.4100391 -0.4673504 -0.5253877 -0.5841538 -0.6432409 -0.7010891 -0.7515395 -0.7515395 -0.7638963 -0.6931025 -0.3485813 -0.2021123 -0.2021123 -0.1924405E-01 -0.1924405E-01 0.8631854E-01 0.8631854E-01 0.1240709 0.1774340 0.1774340 0.2004096 0.2004096 0.1485596 0.1485596 0.1485596 0.8066379E-01 0.8066379E-01 0.1914972E-01 0.1914972E-01 -0.2367152E-01 -0.2367152E-01 -0.4612273E-01 -0.4612273E-01 -0.5126635E-01 -0.5126635E-01 -0.5126635E-01
0.1239883E-02 0.1239883E-02 0.2566527E-02 0.2861042E-02 0.2773573E-02 0.2773573E-02 0.2710508E-02 0.2678501E-02 0.2678501E-02 0.2692115E-02 0.2692115E-02 0.2699627E-02 0.2699239E-02 0.2697504E-02 0.2694872E-02 0.2694872E-02 -0.5954166E-01 -0.1116179 -0.1696961 -0.2302046 -0.2910920 -0.3513633 -0.4107096 -0.4692309 -0.5272313 -0.5850739 -0.6430546 -0.7011030 -0.7574216 -0.8004981 -0.8004981 -0.7749382 -0.6180952 -0.2487989 -0.1448992 -0.1448992 -0.1835030E-01 -0.1835030E-01 0.6358033E-01 0.6358033E-01 0.9538073E-01 0.1428459 0.1428459 0.1681095 0.1681095 0.1386821 0.1386821 0.1386821 0.8294038E-01 0.8294038E-01 0.2486967E-01 0.2486967E-01 -0.1930361E-01 -0.1930361E-01 -0.4350888E-01 -0.4350888E-01 -0.4915750E-01 -0.4915750E-01 -0.4915750E-01
0.1880143E-02 0.1880143E-02 0.3899602E-02 0.4257022E-02 0.4140146E-02 0.4140146E-02 0.4060229E-02 0.4022027E-02 0.4022027E-02 0.4039847E-02 0.4039847E-02 0.4048982E-02 0.4048360E-02 0.4045628E-02 0.4041902E-02 0.4041902E-02 -0.8516675E-01 -0.1506982 -0.2199296 -0.2892164 -0.3566896 -0.4215834 -0.4838166 -0.5437175 -0.6018298 -0.6587727 -0.7151254 -0.7709950 -0.8223822 -0.8381350 -0.8381350 -0.7084768 -0.4592316 -0.1772457 -0.1111611 -0.1111611 -0.2208156E-01 -0.2208156E-01 0.4217375E-01 0.4217375E-01 0.6860372E-01 0.1090156 0.1090156 0.1332566 0.1332566 0.1197016 0.1197016 0.1197016 0.7768232E-01 0.7768232E-01 0.2780211E-01 0.2780211E-01 -0.1355758E-01 -0.1355758E-01 -0.3731633E-01 -0.3731633E-01 -0.4298895E-01 -0.4298895E-01 -0.4298895E-01
0.2542019E-02 0.2542019E-02 0.5292502E-02 0.5614480E-02 0.5486170E-02 0.5486170E-02 0.5404760E-02 0.5369883E-02 0.5369883E-02 0.5389173E-02 0.5389173E-02 0.5397926E-02 0.5396761E-02 0.5393097E-02 0.5388402E-02 0.5388402E-02 -0.1264029 -0.2095572 -0.2920003 -0.3706957 -0.4445144 -0.5133143 -0.5774911 -0.6377378 -0.6948949 -0.7498474 -0.8034372 -0.8553504 -0.8911849 -0.8168447 -0.8168447 -0.5206422 -0.2901159 -0.1341401 -0.9119130E-01 -0.9119130E-01 -0.2450366E-01 -0.2450366E-01 0.2427816E-01 0.2427816E-01 0.4526346E-01 0.7720218E-01 0.7720218E-01 0.9811684E-01 0.9811684E-01 0.9454057E-01 0.9454057E-01 0.9454057E-01 0.6562839E-01 0.6562839E-01 0.2705468E-01 0.2705468E-01 -0.7427976E-02 -0.7427976E-02 -0.2806665E-01 -0.2806665E-01 -0.3300957E-01 -0.3300957E-01 -0.3300957E-01
