cruce_test.gid/Rasters/Hydraulic/Velocity__x_197.0.asc
NCOLS        79
NROWS        79
XLLCENTER         -1.500000
YLLCENTER         -4.800000
CELLSIZE           0.100
NODATA_VALUE     -9999.0
[rows 0 to 25 of 79, columns 0 to 57 of 79]
-9999.000 -9999.000 -9999.000 -9999.000 -9999.000 -9999.000 -9999.000 -9999.000 -9999.000 -9999.000 -9999.000 -9999.000 -9999.000 -9999.000 -9999.000 -0.2412093E-02 -0.2941132E-02 -0.3335926E-03 0.4219071E-02 0.9463654E-02 0.1413025E-01 0.1758477E-01 0.1970170E-01 0.2052644E-01 0.2021122E-01 0.1894863E-01 0.1686096E-01 0.1394151E-01 0.9706984E-02 0.4739564E-02 0.4739564E-02 -9999.000 -9999.000 -9999.000 -9999.000 -9999.000 -9999.000 -9999.000 -9999.000 -9999.000 -9999.000 -9999.000 -9999.000 -9999.000 -9999.000 -9999.000 -9999.000 -9999.000 -9999.000 -9999.000 -9999.000 -9999.000 -9999.000 -9999.000 -9999.000 -9999.000 -9999.000 -9999.000
-9999.000 -9999.000 -9999.000 -9999.000 -9999.000 -9999.000 -9999.000 -9999.000 -9999.000 -9999.000 -9999.000 -9999.000 -9999.000 -9999.000 -9999.000 -0.1235846E-02 -0.6199841E-03 0.2959464E-02 0.8334281E-02 0.1430275E-01 0.1962139E-01 0.2361152E-01 0.2607091E-01 0.2698125E-01 0.2644916E-01 0.2464235E-01 0.2168739E-01 0.1761694E-01 0.1206776E-01 0.5879392E-02 0.5879392E-02 -9999.000 -9999.000 -9999.000 -9999.000 -9999.000 -9999.000 -9999.000 -9999.000 -9999.000 -9999.000 -9999.000 -9999.000 -9999.000 -9999.000 -9999.000 -9999.000 -9999.000 -9999.000 -9999.000 -9999.000 -9999.000 -9999.000 -9999.000 -9999.000 -9999.000 -9999.000 -9999.000
-9999.000 -9999.000 -9999.000 -9999.000 -9999.000 -9999.000 -9999.000 -9999.000 -9999.000 -9999.000 -9999.000 -9999.000 -9999.000 -9999.000 -9999.000 -0.8643659E-03 0.2152364E-03 0.4366016E-02 0.1029998E-01 0.1677745E-01 0.2251357E-01 0.2680164E-01 0.2942549E-01 0.3035751E-01 0.2970302E-01 0.2763469E-01 0.2428881E-01 0.1971106E-01 0.1354057E-01 0.6635400E-02 0.6635400E-02 -9999.000 -9999.000 -9999.000 -9999.000 -9999.000 -9999.000 -9999.000 -9999.000 -9999.000 -9999.000 -9999.000 -9999.000 -9999.000 -9999.000 -9999.000 -9999.000 -9999.000 -9999.000 -9999.000 -9999.000 -9999.000 -9999.000 -9999.000 -9999.000 -9999.000 -9999.000 -9999.000
-9999.000 -9999.000 -9999.000 -9999.000 -9999.000 -9999.000 -9999.000 -9999.000 -9999.000 -9999.000 -9999.000 -9999.000 -9999.000 -9999.000 -9999.000 -0.7178665E-03 0.5939750E-03 0.5085903E-02 0.1138322E-01 0.1820966E-01 0.2424015E-01 0.2874355E-01 0.3149669E-01 0.3246909E-01 0.3176837E-01 0.2957316E-01 0.2602434E-01 0.2117045E-01 0.1463328E-01 0.7223360E-02 0.7223360E-02 -9999.000 -9999.000 -9999.000 -9999.000 -9999.000 -9999.000 -9999.000 -9999.000 -9999.000 -9999.000 -9999.000 -9999.000 -9999.000 -9999.000 -9999.000 -9999.000 -9999.000 -9999.000 -9999.000 -9999.000 -9999.000 -9999.000 -9999.000 -9999.000 -9999.000 -9999.000 -9999.000
-9999.000 -9999.000 -9999.000 -9999.000 -9999.000 -9999.000 -9999.000 -9999.000 -9999.000 -9999.000 -9999.000 -9999.000 -9999.000 -9999.000 -9999.000 -0.6512451E-03 0.8080594E-03 0.5552198E-02 0.1213339E-01 0.1924204E-01 0.2551520E-01 0.3020073E-01 0.3307183E-01 0.3409671E-01 0.3338676E-01 0.3112590E-01 0.2745684E-01 0.2242643E-01 0.1562752E-01 0.7779466E-02 0.7779466E-02 -9999.000 -9999.000 -9999.000 -9999.000 -9999.000 -9999.000 -9999.000 -9999.000 -9999.000 -9999.000 -9999.000 -9999.000 -9999.000 -9999.000 -9999.000 -9999.000 -9999.000 -9999.000 -9999.000 -9999.000 -9999.000 -9999.000 -9999.000 -9999.000 -9999.000 -9999.000 -9999.000
-9999.000 -9999.000 -9999.000 -9999.000 -9999.000 -9999.000 -9999.000 -9999.000 -9999.000 -9999.000 -9999.000 -9999.000 -9999.000 -9999.000 -9999.000 -0.6061447E-03 0.9780092E-03 0.5949712E-02 0.1279089E-01 0.2016080E-01 0.2665957E-01 0.3151605E-01 0.3450264E-01 0.3558756E-01 0.3488705E-01 0.3259030E-01 0.2884018E-01 0.2367862E-01 0.1666067E-01 0.8373399E-02 0.8373399E-02 -9999.000 -9999.000 -9999.000 -9999.000 -9999.000 -9999.000 -9999.000 -9999.000 -9999.000 -9999.000 -9999.000 -9999.000 -9999.000 -9999.000 -9999.000 -9999.000 -9999.000 -9999.000 -9999.000 -9999.000 -9999.000 -9999.000 -9999.000 -9999.000 -9999.000 -9999.000 -9999.000
-9999.000 -9999.000 -9999.000 -9999.000 -9999.000 -9999.000 -9999.000 -9999.000 -9999.000 -9999.000 -9999.000 -9999.000 -9999.000 -9999.000 -9999.000 -0.5564062E-03 0.1158204E-02 0.6361756E-02 0.1346441E-01 0.2109572E-01 0.2781930E-01 0.3284622E-01 0.3595094E-01 0.3710277E-01 0.3642372E-01 0.3410910E-01 0.3030031E-01 0.2503202E-01 0.1781136E-01 0.9048066E-02 0.9048066E-02 -9999.000 -9999.000 -9999.000 -9999.000 -9999.000 -9999.000 -9999.000 -9999.000 -9999.000 -9999.000 -9999.000 -9999.000 -9999.000 -9999.000 -9999.000 -9999.000 -9999.000 -9999.000 -9999.000 -9999.000 -9999.000 -9999.000 -9999.000 -9999.000 -9999.000 -9999.000 -9999.000
-9999.000 -9999.000 -9999.000 -9999.000 -9999.000 -9999.000 -9999.000 -9999.000 -9999.000 -9999.000 -9999.000 -9999.000 -9999.000 -9999.000 -9999.000 -0.4880667E-03 0.1376924E-02 0.6830989E-02 0.1420978E-01 0.2211304E-01 0.2906854E-01 0.3427127E-01 0.3749990E-01 0.3872660E-01 0.3808026E-01 0.3576263E-01 0.3191277E-01 0.2655495E-01 0.1913905E-01 0.9839018E-02 0.9839018E-02 -9999.000 -9999.000 -9999.000 -9999.000 -9999.000 -9999.000 -9999.000 -9999.000 -9999.000 -9999.000 -9999.000 -9999.000 -9999.000 -9999.000 -9999.000 -9999.000 -9999.000 -9999.000 -9999.000 -9999.000 -9999.000 -9999.000 -9999.000 -9999.000 -9999.000 -9999.000 -9999.000
-9999.000 -9999.000 -9999.000 -9999.000 -9999.000 -9999.000 -9999.000 -9999.000 -9999.000 -9999.000 -9999.000 -9999.000 -9999.000 -9999.000 -9999.000 -0.3918980E-03 0.1653053E-02 0.7385605E-02 0.1506274E-01 0.2325534E-01 0.3045512E-01 0.3584249E-01 0.3920459E-01 0.4051634E-01 0.3991555E-01 0.3761139E-01 0.3373871E-01 0.2830950E-01 0.2070324E-01 0.1078447E-01 0.1078447E-01 -9999.000 -9999.000 -9999.000 -9999.000 -9999.000 -9999.000 -9999.000 -9999.000 -9999.000 -9999.000 -9999.000 -9999.000 -9999.000 -9999.000 -9999.000 -9999.000 -9999.000 -9999.000 -9999.000 -9999.000 -9999.000 -9999.000 -9999.000 -9999.000 -9999.000 -9999.000 -9999.000
-9999.000 -9999.000 -9999.000 -9999.000 -9999.000 -9999.000 -9999.000 -9999.000 -9999.000 -9999.000 -9999.000 -9999.000 -9999.000 -9999.000 -9999.000 -0.2587826E-03 0.2004341E-02 0.8051287E-02 0.1605652E-01 0.2456193E-01 0.3202247E-01 0.3760700E-01 0.4111471E-01 0.4252507E-01 0.4198627E-01 0.3971618E-01 0.3584379E-01 0.3036565E-01 0.2257686E-01 0.1193304E-01 0.1193304E-01 -9999.000 -9999.000 -9999.000 -9999.000 -9999.000 -9999.000 -9999.000 -9999.000 -9999.000 -9999.000 -9999.000 -9999.000 -9999.000 -9999.000 -9999.000 -9999.000 -9999.000 -9999.000 -9999.000 -9999.000 -9999.000 -9999.000 -9999.000 -9999.000 -9999.000 -9999.000 -9999.000
-9999.000 -9999.000 -9999.000 -9999.000 -9999.000 -9999.000 -9999.000 -9999.000 -9999.000 -9999.000 -9999.000 -9999.000 -9999.000 -9999.000 -9999.000 -0.7902915E-04 0.2450476E-02 0.8857673E-02 0.1722940E-01 0.2607751E-01 0.3382071E-01 0.3961916E-01 0.4328904E-01 0.4481585E-01 0.4436102E-01 0.4215227E-01 0.3831096E-01 0.3281472E-01 0.2485779E-01 0.1335038E-01 0.1335038E-01 -9999.000 -9999.000 -9999.000 -9999.000 -9999.000 -9999.000 -9999.000 -9999.000 -9999.000 -9999.000 -9999.000 -9999.000 -9999.000 -9999.000 -9999.000 -9999.000 -9999.000 -9999.000 -9999.000 -9999.000 -9999.000 -9999.000 -9999.000 -9999.000 -9999.000 -9999.000 -9999.000
-9999.000 -9999.000 -9999.000 -9999.000 -9999.000 -9999.000 -9999.000 -9999.000 -9999.000 -9999.000 -9999.000 -9999.000 -9999.000 -9999.000 -9999.000 0.1669517E-03 0.3031941E-02 0.9866821E-02 0.1866561E-01 0.2789790E-01 0.3594598E-01 0.4197611E-01 0.4582610E-01 0.4748968E-01 0.4714517E-01 0.4503183E-01 0.4126155E-01 0.3578918E-01 0.2768732E-01 0.1513174E-01 0.1513174E-01 -9999.000 -9999.000 -9999.000 -9999.000 -9999.000 -9999.000 -9999.000 -9999.000 -9999.000 -9999.000 -9999.000 -9999.000 -9999.000 -9999.000 -9999.000 -9999.000 -9999.000 -9999.000 -9999.000 -9999.000 -9999.000 -9999.000 -9999.000 -9999.000 -9999.000 -9999.000 -9999.000
-9999.000 -9999.000 -9999.000 -9999.000 -9999.000 -9999.000 -9999.000 -9999.000 -9999.000 -9999.000 -9999.000 -9999.000 -9999.000 -9999.000 -9999.000 0.5903699E-03 0.3989165E-02 0.1146441E-01 0.2088058E-01 0.3055875E-01 0.3887554E-01 0.4510606E-01 0.4910653E-01 0.5088495E-01 0.5064198E-01 0.4863224E-01 0.4495535E-01 0.3953895E-01 0.3130727E-01 0.1743213E-01 0.1743213E-01 -9999.000 -9999.000 -9999.000 -9999.000 -9999.000 -9999.000 -9999.000 -9999.000 -9999.000 -9999.000 -9999.000 -9999.000 -9999.000 -9999.000 -9999.000 -9999.000 -9999.000 -9999.000 -9999.000 -9999.000 -9999.000 -9999.000 -9999.000 -9999.000 -9999.000 -9999.000 -9999.000
-9999.000 -9999.000 -9999.000 -9999.000 -9999.000 -9999.000 -9999.000 -9999.000 -9999.000 -9999.000 -9999.000 -9999.000 -9999.000 -9999.000 -9999.000 0.3894278E-02 0.1110971E-01 0.2311849E-01 0.3500130E-01 0.4457072E-01 0.5163983E-01 0.5669587E-01 0.5953924E-01 0.6024437E-01 0.5906747E-01 0.5628097E-01 0.5195530E-01 0.4596467E-01 0.3702629E-01 0.2093147E-01 0.2093147E-01 -9999.000 -9999.000 -9999.000 -9999.000 -9999.000 -9999.000 -9999.000 -9999.000 -9999.000 -9999.000 -9999.000 -9999.000 -9999.000 -9999.000 -9999.000 -9999.000 -9999.000 -9999.000 -9999.000 -9999.000 -9999.000 -9999.000 -9999.000 -9999.000 -9999.000 -9999.000 -9999.000
-9999.000 -9999.000 -9999.000 -9999.000 -9999.000 -9999.000 -9999.000 -9999.000 -9999.000 -9999.000 -9999.000 -9999.000 -9999.000 -9999.000 -9999.000 0.1309013 0.2044839 0.2471302 0.2461357 0.2147253 0.1796501 0.1513779 0.1273284 0.1071173 0.9031994E-01 0.7617112E-01 0.6383993E-01 0.5242370E-01 0.3985577E-01 0.1872186E-01 0.1872186E-01 -9999.000 -9999.000 -9999.000 -9999.000 -9999.000 -9999.000 -9999.000 -9999.000 -9999.000 -9999.000 -9999.000 -9999.000 -9999.000 -9999.000 -9999.000 -9999.000 -9999.000 -9999.000 -9999.000 -9999.000 -9999.000 -9999.000 -9999.000 -9999.000 -9999.000 -9999.000 -9999.000
2.931645 2.931645 2.889622 2.958033 2.963904 2.963904 2.966366 2.966620 2.966620 2.963160 2.963160 2.957281 2.953685 2.949743 2.945555 2.945555 3.114057 3.119066 3.120029 3.119040 3.099439 3.052033 2.980218 2.884394 2.762352 2.619237 2.457779 2.284256 2.119522 2.030610 2.030610 2.836897 3.016109 3.130449 3.161040 3.161040 3.207244 3.207244 3.215339 3.215339 3.189513 3.053953 3.053953 2.787199 2.787199 2.315751 2.315751 2.315751 2.253013 2.253013 2.261687 2.261687 2.301080 2.301080 2.348765 2.348765 2.394681 2.394681
2.956220 2.956220 2.917262 3.009765 3.027678 3.027678 3.041898 3.065354 3.065354 3.084871 3.084871 3.101788 3.109520 3.116858 3.123897 3.123897 3.243976 3.264393 3.280071 3.293920 3.302533 3.303872 3.297027 3.279650 3.247991 3.200384 3.134962 3.051275 2.954303 2.867897 2.867897 3.276973 3.436850 3.594742 3.639235 3.639235 3.695018 3.695018 3.711689 3.711689 3.700958 3.627108 3.627108 3.470886 3.470886 3.148050 3.148050 3.148050 3.076900 3.076900 3.086742 3.086742 3.128489 3.128489 3.178873 3.178873 3.227687 3.227687
2.961922 2.961922 2.918862 3.009768 3.028065 3.028065 3.042655 3.066713 3.066713 3.086852 3.086852 3.104495 3.112630 3.120395 3.127894 3.127894 3.231703 3.265177 3.293404 3.318194 3.338485 3.353365 3.362748 3.366125 3.361911 3.348955 3.325709 3.290859 3.246027 3.205333 3.205333 3.431703 3.583813 3.766287 3.821800 3.821800 3.886495 3.886495 3.893928 3.893928 3.874738 3.789139 3.789139 3.662629 3.662629 3.422289 3.422289 3.422289 3.344768 3.344768 3.340536 3.340536 3.372475 3.372475 3.416376 3.416376 3.460737 3.460737
2.965711 2.965711 2.921328 3.009397 3.027788 3.027788 3.042551 3.066739 3.066739 3.086890 3.086890 3.104541 3.112683 3.120458 3.127983 3.127983 3.220693 3.264498 3.304170 3.339460 3.369368 3.393096 3.410522 3.421686 3.426238 3.424016 3.414701 3.397929 3.374835 3.354363 3.354363 3.489283 3.620735 3.809807 3.872142 3.872142 3.939149 3.939149 3.926874 3.926874 3.893726 3.798906 3.798906 3.706666 3.706666 3.544464 3.544464 3.544464 3.470070 3.470070 3.452241 3.452241 3.472685 3.472685 3.509739 3.509739 3.550122 3.550122
2.967560 2.967560 2.924934 3.008986 3.027471 3.027471 3.042411 3.066741 3.066741 3.086898 3.086898 3.104543 3.112684 3.120458 3.128005 3.128005 3.214913 3.267130 3.316857 3.361809 3.400653 3.432525 3.457117 3.474455 3.484523 3.487493 3.483605 3.473194 3.457558 3.443011 3.443011 3.522799 3.627970 3.806327 3.867324 3.867324 3.917741 3.917741 3.872820 3.872820 3.828231 3.746939 3.746939 3.699474 3.699474 3.610965 3.610965 3.610965 3.548970 3.548970 3.521088 3.521088 3.528259 3.528259 3.556028 3.556028 3.590699 3.590699
2.964536 2.964536 2.930579 3.008534 3.027146 3.027146 3.042263 3.066753 3.066753 3.086950 3.086950 3.104622 3.112774 3.120555 3.128139 3.128139 3.215428 3.275133 3.333539 3.386987 3.433751 3.472901 3.504035 3.527091 3.542118 3.549317 3.549035 3.541811 3.528893 3.514864 3.514864 3.558073 3.634958 3.785170 3.832656 3.832656 3.838953 3.838953 3.760524 3.760524 3.719589 3.678529 3.678529 3.676848 3.676848 3.649977 3.649977 3.649977 3.606929 3.606929 3.575591 3.575591 3.570571 3.570571 3.587041 3.587041 3.613700 3.613700
2.964381 2.964381 2.933535 3.008238 3.026932 3.026932 3.042152 3.066706 3.066706 3.086873 3.086873 3.104509 3.112647 3.120420 3.128049 3.128049 3.222695 3.289732 3.355757 3.416434 3.469859 3.515128 3.551848 3.579935 3.599440 3.610534 3.613524 3.608897 3.597663 3.582993 3.582993 3.601460 3.650595 3.752689 3.768529 3.768529 3.706161 3.706161 3.620886 3.620886 3.603537 3.615216 3.615216 3.650996 3.650996 3.671338 3.671338 3.671338 3.650042 3.650042 3.622531 3.622531 3.609006 3.609006 3.613834 3.613834 3.630584 3.630584
2.964331 2.964331 2.934514 3.008143 3.026863 3.026863 3.042123 3.066708 3.066708 3.086877 3.086877 3.104511 3.112649 3.120421 3.128120 3.128120 3.238031 3.312761 3.385531 3.452076 3.510656 3.560551 3.601512 3.633522 3.656664 3.671094 3.677040 3.674868 3.665272 3.650135 3.650135 3.651628 3.673813 3.698035 3.658789 3.658789 3.533738 3.533738 3.492289 3.492289 3.507132 3.564153 3.564153 3.625702 3.625702 3.680330 3.680330 3.680330 3.680219 3.680219 3.662178 3.662178 3.645280 3.645280 3.640020 3.640020 3.645860 3.645860
2.964381 2.964381 2.933534 3.008238 3.026931 3.026931 3.042152 3.066706 3.066706 3.086873 3.086873 3.104509 3.112647 3.120421 3.128220 3.128220 3.262759 3.345815 3.424547 3.495512 3.557535 3.610306 3.653853 3.688332 3.713916 3.730777 3.739094 3.739096 3.731120 3.715575 3.715575 3.703789 3.695772 3.593990 3.486849 3.486849 3.358650 3.358650 3.392723 3.392723 3.433973 3.520890 3.520890 3.599171 3.599171 3.678848 3.678848 3.678848 3.697515 3.697515 3.692022 3.692022 3.676795 3.676795 3.664454 3.664454 3.659613 3.659613
2.964535 2.964535 2.930580 3.008533 3.027145 3.027145 3.042263 3.066752 3.066752 3.086951 3.086951 3.104622 3.112773 3.120555 3.128499 3.128499 3.299223 3.391155 3.474859 3.548512 3.611946 3.665514 3.709669 3.744832 3.771329 3.789384 3.799158 3.800760 3.794020 3.776760 3.776760 3.748776 3.694517 3.412551 3.267362 3.267362 3.221228 3.221228 3.322381 3.322381 3.378643 3.482190 3.482190 3.571348 3.571348 3.669286 3.669286 3.669286 3.703361 3.703361 3.710907 3.710907 3.700985 3.700985 3.685072 3.685072 3.670843 3.670843
2.967560 2.967560 2.924935 3.008985 3.027470 3.027470 3.042412 3.066742 3.066742 3.086898 3.086898 3.104543 3.112683 3.120457 3.128600 3.128600 3.350492 3.451302 3.538402 3.612471 3.674837 3.726753 3.769235 3.803036 3.828667 3.846438 3.856508 3.858846 3.852161 3.827348 3.827348 3.764405 3.622875 3.166550 3.059537 3.059537 3.130986 3.130986 3.267483 3.267483 3.330472 3.443042 3.443042 3.539720 3.539720 3.650973 3.650973 3.650973 3.697003 3.697003 3.716303 3.716303 3.713439 3.713439 3.697052 3.697052 3.675499 3.675499
