cruce_test.gid/Rasters/Hydraulic/Velocity__y_336.0.asc
NCOLS        79
NROWS        79
XLLCENTER         -1.500000
YLLCENTER         -4.800000
CELLSIZE           0.100
NODATA_VALUE     -9999.0
[rows 0 to 26 of 79, columns 0 to 58 of 79]
-9999.000 -9999.000 -9999.000 -9999.000 -9999.000 -9999.000 -9999.000 -9999.000 -9999.000 -9999.000 -9999.000 -9999.000 -9999.000 -9999.000 -9999.000 -0.9925199E-01 -0.9753624E-01 -0.9736920E-01 -0.9761483E-01 -0.9802470E-01 -0.9851538E-01 -0.9903997E-01 -0.9952503E-01 -0.9998544E-01 -0.1004046 -0.1007808 -0.1011692 -0.1017855 -0.1032482 -0.1045620 -0.1045620 -9999.000 -9999.000 -9999.000 -9999.000 -9999.000 -9999.000 -9999.000 -9999.000 -9999.000 -9999.000 -9999.000 -9999.000 -9999.000 -9999.000 -9999.000 -9999.000 -9999.000 -9999.000 -9999.000 -9999.000 -9999.000 -9999.000 -9999.000 -9999.000 -9999.000 -9999.000 -9999.000 -9999.000
-9999.000 -9999.000 -9999.000 -9999.000 -9999.000 -9999.000 -9999.000 -9999.000 -9999.000 -9999.000 -9999.000 -9999.000 -9999.000 -9999.000 -9999.000 -0.9753283E-01 -0.9404118E-01 -0.9370428E-01 -0.9427311E-01 -0.9522220E-01 -0.9637012E-01 -0.9761073E-01 -0.9878197E-01 -0.9991020E-01 -0.1009550 -0.1019095 -0.1028869 -0.1043364 -0.1075480 -0.1107560 -0.1107560 -9999.000 -9999.000 -9999.000 -9999.000 -9999.000 -9999.000 -9999.000 -9999.000 -9999.000 -9999.000 -9999.000 -9999.000 -9999.000 -9999.000 -9999.000 -9999.000 -9999.000 -9999.000 -9999.000 -9999.000 -9999.000 -9999.000 -9999.000 -9999.000 -9999.000 -9999.000 -9999.000 -9999.000
-9999.000 -9999.000 -9999.000 -9999.000 -9999.000 -9999.000 -9999.000 -9999.000 -9999.000 -9999.000 -9999.000 -9999.000 -9999.000 -9999.000 -9999.000 -0.9435925E-01 -0.8907427E-01 -0.8859070E-01 -0.8962346E-01 -0.9132960E-01 -0.9340822E-01 -0.9567755E-01 -0.9786341E-01 -0.9999774E-01 -0.1020038 -0.1038609 -0.1057424 -0.1083594 -0.1137654 -0.1196562 -0.1196562 -9999.000 -9999.000 -9999.000 -9999.000 -9999.000 -9999.000 -9999.000 -9999.000 -9999.000 -9999.000 -9999.000 -9999.000 -9999.000 -9999.000 -9999.000 -9999.000 -9999.000 -9999.000 -9999.000 -9999.000 -9999.000 -9999.000 -9999.000 -9999.000 -9999.000 -9999.000 -9999.000 -9999.000
-9999.000 -9999.000 -9999.000 -9999.000 -9999.000 -9999.000 -9999.000 -9999.000 -9999.000 -9999.000 -9999.000 -9999.000 -9999.000 -9999.000 -9999.000 -0.9047795E-01 -0.8352452E-01 -0.8293272E-01 -0.8449340E-01 -0.8703970E-01 -0.9014876E-01 -0.9355884E-01 -0.9687731E-01 -0.1001405 -0.1032287 -0.1061026 -0.1089945 -0.1128863 -0.1206365 -0.1297509 -0.1297509 -9999.000 -9999.000 -9999.000 -9999.000 -9999.000 -9999.000 -9999.000 -9999.000 -9999.000 -9999.000 -9999.000 -9999.000 -9999.000 -9999.000 -9999.000 -9999.000 -9999.000 -9999.000 -9999.000 -9999.000 -9999.000 -9999.000 -9999.000 -9999.000 -9999.000 -9999.000 -9999.000 -9999.000
-9999.000 -9999.000 -9999.000 -9999.000 -9999.000 -9999.000 -9999.000 -9999.000 -9999.000 -9999.000 -9999.000 -9999.000 -9999.000 -9999.000 -9999.000 -0.8611791E-01 -0.7758228E-01 -0.7690509E-01 -0.7903451E-01 -0.8247386E-01 -0.8667718E-01 -0.9129921E-01 -0.9582278E-01 -0.1002907 -0.1045352 -0.1084963 -0.1124679 -0.1177185 -0.1279662 -0.1408929 -0.1408929 -9999.000 -9999.000 -9999.000 -9999.000 -9999.000 -9999.000 -9999.000 -9999.000 -9999.000 -9999.000 -9999.000 -9999.000 -9999.000 -9999.000 -9999.000 -9999.000 -9999.000 -9999.000 -9999.000 -9999.000 -9999.000 -9999.000 -9999.000 -9999.000 -9999.000 -9999.000 -9999.000 -9999.000
-9999.000 -9999.000 -9999.000 -9999.000 -9999.000 -9999.000 -9999.000 -9999.000 -9999.000 -9999.000 -9999.000 -9999.000 -9999.000 -9999.000 -9999.000 -0.8136591E-01 -0.7132591E-01 -0.7058179E-01 -0.7331070E-01 -0.7768215E-01 -0.8302605E-01 -0.8891193E-01 -0.9469143E-01 -0.1004182 -0.1058719 -0.1109702 -0.1160745 -0.1227606 -0.1356732 -0.1531011 -0.1531011 -9999.000 -9999.000 -9999.000 -9999.000 -9999.000 -9999.000 -9999.000 -9999.000 -9999.000 -9999.000 -9999.000 -9999.000 -9999.000 -9999.000 -9999.000 -9999.000 -9999.000 -9999.000 -9999.000 -9999.000 -9999.000 -9999.000 -9999.000 -9999.000 -9999.000 -9999.000 -9999.000 -9999.000
-9999.000 -9999.000 -9999.000 -9999.000 -9999.000 -9999.000 -9999.000 -9999.000 -9999.000 -9999.000 -9999.000 -9999.000 -9999.000 -9999.000 -9999.000 -0.7624110E-01 -0.6477901E-01 -0.6398726E-01 -0.6734293E-01 -0.7267933E-01 -0.7920242E-01 -0.8639538E-01 -0.9347049E-01 -0.1005005 -0.1072055 -0.1134813 -0.1197644 -0.1279629 -0.1437313 -0.1664986 -0.1664986 -9999.000 -9999.000 -9999.000 -9999.000 -9999.000 -9999.000 -9999.000 -9999.000 -9999.000 -9999.000 -9999.000 -9999.000 -9999.000 -9999.000 -9999.000 -9999.000 -9999.000 -9999.000 -9999.000 -9999.000 -9999.000 -9999.000 -9999.000 -9999.000 -9999.000 -9999.000 -9999.000 -9999.000
-9999.000 -9999.000 -9999.000 -9999.000 -9999.000 -9999.000 -9999.000 -9999.000 -9999.000 -9999.000 -9999.000 -9999.000 -9999.000 -9999.000 -9999.000 -0.7072805E-01 -0.5793760E-01 -0.5712047E-01 -0.6112990E-01 -0.6746155E-01 -0.7519959E-01 -0.8373820E-01 -0.9214327E-01 -0.1005155 -0.1085082 -0.1159966 -0.1235008 -0.1332940 -0.1521401 -0.1812907 -0.1812907 -9999.000 -9999.000 -9999.000 -9999.000 -9999.000 -9999.000 -9999.000 -9999.000 -9999.000 -9999.000 -9999.000 -9999.000 -9999.000 -9999.000 -9999.000 -9999.000 -9999.000 -9999.000 -9999.000 -9999.000 -9999.000 -9999.000 -9999.000 -9999.000 -9999.000 -9999.000 -9999.000 -9999.000
-9999.000 -9999.000 -9999.000 -9999.000 -9999.000 -9999.000 -9999.000 -9999.000 -9999.000 -9999.000 -9999.000 -9999.000 -9999.000 -9999.000 -9999.000 -0.6479325E-01 -0.5078267E-01 -0.4996603E-01 -0.5465787E-01 -0.6201472E-01 -0.7100172E-01 -0.8092295E-01 -0.9068788E-01 -0.1004382 -0.1097513 -0.1184828 -0.1272489 -0.1387264 -0.1609098 -0.1977670 -0.1977670 -9999.000 -9999.000 -9999.000 -9999.000 -9999.000 -9999.000 -9999.000 -9999.000 -9999.000 -9999.000 -9999.000 -9999.000 -9999.000 -9999.000 -9999.000 -9999.000 -9999.000 -9999.000 -9999.000 -9999.000 -9999.000 -9999.000 -9999.000 -9999.000 -9999.000 -9999.000 -9999.000 -9999.000
-9999.000 -9999.000 -9999.000 -9999.000 -9999.000 -9999.000 -9999.000 -9999.000 -9999.000 -9999.000 -9999.000 -9999.000 -9999.000 -9999.000 -9999.000 -0.5839075E-01 -0.4328427E-01 -0.4249864E-01 -0.4790387E-01 -0.5631647E-01 -0.6658617E-01 -0.7792521E-01 -0.8907634E-01 -0.1002377 -0.1108996 -0.1209005 -0.1309675 -0.1442276 -0.1700540 -0.2163220 -0.2163220 -9999.000 -9999.000 -9999.000 -9999.000 -9999.000 -9999.000 -9999.000 -9999.000 -9999.000 -9999.000 -9999.000 -9999.000 -9999.000 -9999.000 -9999.000 -9999.000 -9999.000 -9999.000 -9999.000 -9999.000 -9999.000 -9999.000 -9999.000 -9999.000 -9999.000 -9999.000 -9999.000 -9999.000
-9999.000 -9999.000 -9999.000 -9999.000 -9999.000 -9999.000 -9999.000 -9999.000 -9999.000 -9999.000 -9999.000 -9999.000 -9999.000 -9999.000 -9999.000 -0.5146297E-01 -0.3540186E-01 -0.3468235E-01 -0.4083529E-01 -0.5033512E-01 -0.6192127E-01 -0.7471257E-01 -0.8727168E-01 -0.9987381E-01 -0.1119075 -0.1231981 -0.1346014 -0.1497523 -0.1795817 -0.2374936 -0.2374936 -9999.000 -9999.000 -9999.000 -9999.000 -9999.000 -9999.000 -9999.000 -9999.000 -9999.000 -9999.000 -9999.000 -9999.000 -9999.000 -9999.000 -9999.000 -9999.000 -9999.000 -9999.000 -9999.000 -9999.000 -9999.000 -9999.000 -9999.000 -9999.000 -9999.000 -9999.000 -9999.000 -9999.000
-9999.000 -9999.000 -9999.000 -9999.000 -9999.000 -9999.000 -9999.000 -9999.000 -9999.000 -9999.000 -9999.000 -9999.000 -9999.000 -9999.000 -9999.000 -0.4393827E-01 -0.2708149E-01 -0.2646803E-01 -0.3340674E-01 -0.4402708E-01 -0.5696380E-01 -0.7124066E-01 -0.8522459E-01 -0.9929291E-01 -0.1127142 -0.1253052 -0.1380741 -0.1552335 -0.1894911 -0.2620308 -0.2620308 -9999.000 -9999.000 -9999.000 -9999.000 -9999.000 -9999.000 -9999.000 -9999.000 -9999.000 -9999.000 -9999.000 -9999.000 -9999.000 -9999.000 -9999.000 -9999.000 -9999.000 -9999.000 -9999.000 -9999.000 -9999.000 -9999.000 -9999.000 -9999.000 -9999.000 -9999.000 -9999.000 -9999.000
-9999.000 -9999.000 -9999.000 -9999.000 -9999.000 -9999.000 -9999.000 -9999.000 -9999.000 -9999.000 -9999.000 -9999.000 -9999.000 -9999.000 -9999.000 -0.3572568E-01 -0.1825055E-01 -0.1778767E-01 -0.2555451E-01 -0.3733036E-01 -0.5165255E-01 -0.6744684E-01 -0.8286533E-01 -0.9841967E-01 -0.1132333 -0.1271220 -0.1412743 -0.1605680 -0.1997566 -0.2910045 -0.2910045 -9999.000 -9999.000 -9999.000 -9999.000 -9999.000 -9999.000 -9999.000 -9999.000 -9999.000 -9999.000 -9999.000 -9999.000 -9999.000 -9999.000 -9999.000 -9999.000 -9999.000 -9999.000 -9999.000 -9999.000 -9999.000 -9999.000 -9999.000 -9999.000 -9999.000 -9999.000 -9999.000 -9999.000
-9999.000 -9999.000 -9999.000 -9999.000 -9999.000 -9999.000 -9999.000 -9999.000 -9999.000 -9999.000 -9999.000 -9999.000 -9999.000 -9999.000 -9999.000 -0.2663903E-01 -0.8773555E-02 -0.8528125E-02 -0.1718394E-01 -0.3016122E-01 -0.4590911E-01 -0.6325267E-01 -0.8010527E-01 -0.9715455E-01 -0.1133470 -0.1285075 -0.1440404 -0.1655974 -0.2103122 -0.3260223 -0.3260223 -9999.000 -9999.000 -9999.000 -9999.000 -9999.000 -9999.000 -9999.000 -9999.000 -9999.000 -9999.000 -9999.000 -9999.000 -9999.000 -9999.000 -9999.000 -9999.000 -9999.000 -9999.000 -9999.000 -9999.000 -9999.000 -9999.000 -9999.000 -9999.000 -9999.000 -9999.000 -9999.000 -9999.000
-9999.000 -9999.000 -9999.000 -9999.000 -9999.000 -9999.000 -9999.000 -9999.000 -9999.000 -9999.000 -9999.000 -9999.000 -9999.000 -9999.000 -9999.000 -0.1476944E-02 0.5427482E-02 0.4166732E-03 -0.1078803E-01 -0.2524913E-01 -0.4245042E-01 -0.6117796E-01 -0.7915542E-01 -0.9735025E-01 -0.1145270 -0.1305682 -0.1471429 -0.1707650 -0.2211917 -0.3671761 -0.3671761 -9999.000 -9999.000 -9999.000 -9999.000 -9999.000 -9999.000 -9999.000 -9999.000 -9999.000 -9999.000 -9999.000 -9999.000 -9999.000 -9999.000 -9999.000 -9999.000 -9999.000 -9999.000 -9999.000 -9999.000 -9999.000 -9999.000 -9999.000 -9999.000 -9999.000 -9999.000 -9999.000 -9999.000
-0.3677378E-02 -0.3677378E-02 -0.5253191E-02 -0.6905555E-02 -0.6484401E-02 -0.6484401E-02 -0.6311098E-02 -0.6200120E-02 -0.6200120E-02 -0.6158486E-02 -0.6158486E-02 -0.6126582E-02 -0.6112386E-02 -0.6098859E-02 -0.6087516E-02 -0.6087516E-02 0.1295342E-01 0.6584367E-02 -0.7158997E-02 -0.2662532E-01 -0.5070066E-01 -0.7798310E-01 -0.1066325 -0.1356207 -0.1637064 -0.1899661 -0.2143532 -0.2391733 -0.2735286 -0.3622113 -0.3622113 -0.1962331 -0.1027958 -0.3323600E-01 -0.2416028E-01 -0.2416028E-01 -0.1668029E-01 -0.1668029E-01 -0.3086505E-02 -0.3086505E-02 0.7988993E-02 0.2615344E-01 0.2615344E-01 -0.8803383E-02 -0.8803383E-02 -0.2329831E-02 -0.2329831E-02 -0.2329831E-02 0.1944821E-02 0.1944821E-02 0.2308681E-02 0.2308681E-02 0.1052014E-02 0.1052014E-02 -0.4075665E-03 -0.4075665E-03 -0.1706401E-02 -0.1706401E-02 -0.1706401E-02
-0.4862628E-02 -0.4862628E-02 -0.7626278E-02 -0.1016480E-01 -0.9315843E-02 -0.9315843E-02 -0.8930976E-02 -0.8716172E-02 -0.8716172E-02 -0.8668118E-02 -0.8668118E-02 -0.8641316E-02 -0.8632804E-02 -0.8626846E-02 -0.8630249E-02 -0.8630249E-02 0.9579048E-02 0.3014466E-02 -0.1364718E-01 -0.3935281E-01 -0.7242463E-01 -0.1111665 -0.1539694 -0.1987596 -0.2438509 -0.2875568 -0.3282030 -0.3640666 -0.3934794 -0.4177212 -0.4177212 -0.2791585 -0.1823774 -0.9134538E-01 -0.7317528E-01 -0.7317528E-01 -0.4705968E-01 -0.4705968E-01 -0.1223182E-02 -0.1223182E-02 0.3164240E-01 0.8630862E-01 0.8630862E-01 0.3934988E-01 0.3934988E-01 0.9476308E-02 0.9476308E-02 0.9476308E-02 0.6820918E-02 0.6820918E-02 0.3517757E-02 0.3517757E-02 -0.4392750E-03 -0.4392750E-03 -0.3992202E-02 -0.3992202E-02 -0.6697071E-02 -0.6697071E-02 -0.6697071E-02
-0.3119021E-02 -0.3119021E-02 -0.5390775E-02 -0.8969514E-02 -0.8191261E-02 -0.8191261E-02 -0.7693817E-02 -0.7371275E-02 -0.7371275E-02 -0.7315822E-02 -0.7315822E-02 -0.7306518E-02 -0.7312239E-02 -0.7323712E-02 -0.7357344E-02 -0.7357344E-02 0.4071830E-02 -0.3180829E-02 -0.2053211E-01 -0.4730171E-01 -0.8218988E-01 -0.1238213 -0.1709111 -0.2218466 -0.2751270 -0.3291814 -0.3822683 -0.4323247 -0.4764978 -0.5070300 -0.5070300 -0.4151742 -0.3301794 -0.2141704 -0.1758597 -0.1758597 -0.1026938 -0.1026938 0.4200516E-02 0.4200516E-02 0.6852335E-01 0.1699155 0.1699155 0.1470776 0.1470776 0.4586656E-01 0.4586656E-01 0.4586656E-01 0.1827316E-01 0.1827316E-01 0.3341495E-02 0.3341495E-02 -0.6403316E-02 -0.6403316E-02 -0.1310929E-01 -0.1310929E-01 -0.1716889E-01 -0.1716889E-01 -0.1716889E-01
-0.2351142E-02 -0.2351142E-02 -0.3300796E-02 -0.7427267E-02 -0.6790794E-02 -0.6790794E-02 -0.6303176E-02 -0.5931564E-02 -0.5931564E-02 -0.5845744E-02 -0.5845744E-02 -0.5822654E-02 -0.5826864E-02 -0.5840117E-02 -0.5890058E-02 -0.5890058E-02 -0.1853768E-02 -0.1126153E-01 -0.3019220E-01 -0.5816230E-01 -0.9414636E-01 -0.1369949 -0.1856293 -0.2388116 -0.2953418 -0.3539824 -0.4133224 -0.4715489 -0.5258459 -0.5681748 -0.5681748 -0.5208495 -0.4583135 -0.3420355 -0.2876953 -0.2876953 -0.1565280 -0.1565280 0.2077138E-01 0.2077138E-01 0.1099682 0.2351012 0.2351012 0.2355770 0.2355770 0.9358457E-01 0.9358457E-01 0.9358457E-01 0.3571590E-01 0.3571590E-01 0.3916951E-02 0.3916951E-02 -0.1435878E-01 -0.1435878E-01 -0.2510267E-01 -0.2510267E-01 -0.3039146E-01 -0.3039146E-01 -0.3039146E-01
-0.1754504E-02 -0.1754504E-02 -0.2255371E-02 -0.5570537E-02 -0.5151059E-02 -0.5151059E-02 -0.4784210E-02 -0.4485180E-02 -0.4485180E-02 -0.4402760E-02 -0.4402760E-02 -0.4367311E-02 -0.4365573E-02 -0.4374151E-02 -0.4437010E-02 -0.4437010E-02 -0.8249052E-02 -0.2124878E-01 -0.4305160E-01 -0.7320123E-01 -0.1108479 -0.1550287 -0.2048237 -0.2592432 -0.3173063 -0.3780208 -0.4402813 -0.5026480 -0.5627561 -0.6137405 -0.6137405 -0.6012146 -0.5623919 -0.4543545 -0.3829074 -0.3829074 -0.1829262 -0.1829262 0.5075291E-01 0.5075291E-01 0.1481245 0.2708224 0.2708224 0.2857172 0.2857172 0.1405028 0.1405028 0.1405028 0.5796302E-01 0.5796302E-01 0.7813660E-02 0.7813660E-02 -0.2099564E-01 -0.2099564E-01 -0.3682282E-01 -0.3682282E-01 -0.4359862E-01 -0.4359862E-01 -0.4359862E-01
-0.1173751E-02 -0.1173751E-02 -0.1407536E-02 -0.3700725E-02 -0.3428799E-02 -0.3428799E-02 -0.3185729E-02 -0.2999528E-02 -0.2999528E-02 -0.2953426E-02 -0.2953426E-02 -0.2925018E-02 -0.2920449E-02 -0.2923592E-02 -0.3001335E-02 -0.3001335E-02 -0.1550118E-01 -0.3348951E-01 -0.5957523E-01 -0.9311780E-01 -0.1333194 -0.1793636 -0.2304956 -0.2859505 -0.3449609 -0.4067424 -0.4704246 -0.5348741 -0.5981936 -0.6548908 -0.6548908 -0.6668741 -0.6478715 -0.5391256 -0.4399613 -0.4399613 -0.1674311 -0.1674311 0.8353499E-01 0.8353499E-01 0.1717564 0.2769549 0.2769549 0.3001017 0.3001017 0.1777092 0.1777092 0.1777092 0.8223341E-01 0.8223341E-01 0.1579730E-01 0.1579730E-01 -0.2451913E-01 -0.2451913E-01 -0.4646672E-01 -0.4646672E-01 -0.5521488E-01 -0.5521488E-01 -0.5521488E-01
-0.5902184E-03 -0.5902184E-03 -0.6710549E-03 -0.1849577E-02 -0.1711877E-02 -0.1711877E-02 -0.1588127E-02 -0.1498258E-02 -0.1498258E-02 -0.1481467E-02 -0.1481467E-02 -0.1469443E-02 -0.1467113E-02 -0.1468178E-02 -0.1569829E-02 -0.1569829E-02 -0.2424151E-01 -0.4868533E-01 -0.8057004E-01 -0.1188686 -0.1627041 -0.2113449 -0.2641954 -0.3207176 -0.3803878 -0.4426589 -0.5068985 -0.5722504 -0.6372170 -0.6974172 -0.6974172 -0.7254447 -0.7191028 -0.5805621 -0.4381810 -0.4381810 -0.1193005 -0.1193005 0.1038267 0.1038267 0.1744742 0.2602505 0.2602505 0.2887112 0.2887112 0.1998709 0.1998709 0.1998709 0.1044667 0.1044667 0.2701311E-01 0.2701311E-01 -0.2418887E-01 -0.2418887E-01 -0.5285873E-01 -0.5285873E-01 -0.6407911E-01 -0.6407911E-01 -0.6407911E-01
0.4533219E-07 0.4533219E-07 0.6031853E-07 0.1234290E-06 -0.7333646E-07 -0.7333646E-07 -0.7739794E-07 -0.2661776E-06 -0.2661776E-06 0.1090301E-06 0.1090301E-06 0.9656696E-07 -0.9451097E-07 -0.3818895E-07 -0.1385034E-03 -0.1385034E-03 -0.3541898E-01 -0.6800241E-01 -0.1073429 -0.1518674 -0.2005173 -0.2525935 -0.3076490 -0.3653746 -0.4255146 -0.4878002 -0.5518778 -0.6171861 -0.6825714 -0.7442673 -0.7442673 -0.7805099 -0.7741639 -0.5557219 -0.3709821 -0.3709821 -0.6668695E-01 -0.6668695E-01 0.1045269 0.1045269 0.1586217 0.2296251 0.2296251 0.2615412 0.2615412 0.2055636 0.2055636 0.2055636 0.1204854 0.1204854 0.3929278E-01 0.3929278E-01 -0.2021149E-01 -0.2021149E-01 -0.5529147E-01 -0.5529147E-01 -0.6923833E-01 -0.6923833E-01 -0.6923833E-01
0.5902585E-03 0.5902585E-03 0.6709743E-03 0.1849661E-02 0.1711844E-02 0.1711844E-02 0.1587987E-02 0.1498138E-02 0.1498138E-02 0.1481676E-02 0.1481676E-02 0.1469517E-02 0.1466932E-02 0.1467929E-02 0.1277146E-02 0.1277146E-02 -0.5048448E-01 -0.9328109E-01 -0.1419270 -0.1942137 -0.2488650 -0.3052069 -0.3629497 -0.4220251 -0.4824636 -0.5443030 -0.6075063 -0.6718320 -0.7363621 -0.7969088 -0.7969088 -0.8305684 -0.7977188 -0.4546337 -0.2663036 -0.2663036 -0.3295469E-01 -0.3295469E-01 0.8958025E-01 0.8958025E-01 0.1318815 0.1926662 0.1926662 0.2259618 0.2259618 0.1964328 0.1964328 0.1964328 0.1272915 0.1272915 0.4980968E-01 0.4980968E-01 -0.1362916E-01 -0.1362916E-01 -0.5354274E-01 -0.5354274E-01 -0.6995806E-01 -0.6995806E-01 -0.6995806E-01
0.1173881E-02 0.1173881E-02 0.1407516E-02 0.3700502E-02 0.3428812E-02 0.3428812E-02 0.3185564E-02 0.2999732E-02 0.2999732E-02 0.2953568E-02 0.2953568E-02 0.2924872E-02 0.2920230E-02 0.2923318E-02 0.2660196E-02 0.2660196E-02 -0.7174428E-01 -0.1274247 -0.1874620 -0.2490470 -0.3107626 -0.3720337 -0.4327880 -0.4932344 -0.5537130 -0.6145862 -0.6761525 -0.7384858 -0.8005161 -0.8546388 -0.8546388 -0.8623732 -0.7505426 -0.3132162 -0.1724590 -0.1724590 -0.2131771E-01 -0.2131771E-01 0.6743635E-01 0.6743635E-01 0.1017574 0.1542930 0.1542930 0.1866399 0.1866399 0.1757175 0.1757175 0.1757175 0.1238120 0.1238120 0.5597414E-01 0.5597414E-01 -0.6020938E-02 -0.6020938E-02 -0.4788005E-01 -0.4788005E-01 -0.6580495E-01 -0.6580495E-01 -0.6580495E-01
0.1754449E-02 0.1754449E-02 0.2255419E-02 0.5570276E-02 0.5151043E-02 0.5151043E-02 0.4783919E-02 0.4485501E-02 0.4485501E-02 0.4402777E-02 0.4402777E-02 0.4367181E-02 0.4365400E-02 0.4373873E-02 0.4009222E-02 0.4009222E-02 -0.1030708 -0.1751295 -0.2488582 -0.3211228 -0.3906278 -0.4570954 -0.5208032 -0.5823165 -0.6423228 -0.7015252 -0.7605609 -0.8197128 -0.8762690 -0.9088556 -0.9088556 -0.8319620 -0.5880067 -0.1951431 -0.1149625 -0.1149625 -0.2155143E-01 -0.2155143E-01 0.4490009E-01 0.4490009E-01 0.7292907E-01 0.1170697 0.1170697 0.1462931 0.1462931 0.1469310 0.1469310 0.1469310 0.1107765 0.1107765 0.5617758E-01 0.5617758E-01 0.9499060E-03 0.9499060E-03 -0.3899750E-01 -0.3899750E-01 -0.5676115E-01 -0.5676115E-01 -0.5676115E-01
0.2351111E-02 0.2351111E-02 0.3300651E-02 0.7427223E-02 0.6790507E-02 0.6790507E-02 0.6303068E-02 0.5931742E-02 0.5931742E-02 0.5845768E-02 0.5845768E-02 0.5822501E-02 0.5826687E-02 0.5839955E-02 0.5327461E-02 0.5327461E-02 -0.1514215 -0.2443213 -0.3340213 -0.4178215 -0.4951087 -0.5662706 -0.6321585 -0.6938182 -0.7523418 -0.8087876 -0.8641211 -0.9183560 -0.9607105 -0.9201258 -0.9201258 -0.6614386 -0.3476646 -0.1263329 -0.8620172E-01 -0.8620172E-01 -0.2382606E-01 -0.2382606E-01 0.2547708E-01 0.2547708E-01 0.4759485E-01 0.8226506E-01 0.8226506E-01 0.1066352 0.1066352 0.1132745 0.1132745 0.1132745 0.9016740E-01 0.9016740E-01 0.5017425E-01 0.5017425E-01 0.6029848E-02 0.6029848E-02 -0.2785249E-01 -0.2785249E-01 -0.4330765E-01 -0.4330765E-01 -0.4330765E-01
