cruce_test.gid/Rasters/Hydraulic/Velocity__y_161.0.asc
NCOLS        79
NROWS        79
XLLCENTER         -1.500000
YLLCENTER         -4.800000
CELLSIZE           0.100
NODATA_VALUE     -9999.0
[rows 0 to 26 of 79, columns 0 to 58 of 79]
-9999.000 -9999.000 -9999.000 -9999.000 -9999.000 -9999.000 -9999.000 -9999.000 -9999.000 -9999.000 -9999.000 -9999.000 -9999.000 -9999.000 -9999.000 -0.1059009 -0.1047795 -0.1047535 -0.1049138 -0.1052018 -0.1055847 -0.1060188 -0.1064304 -0.1068323 -0.1072033 -0.1075388 -0.1078890 -0.1084600 -0.1098470 -0.1110232 -0.1110232 -9999.000 -9999.000 -9999.000 -9999.000 -9999.000 -9999.000 -9999.000 -9999.000 -9999.000 -9999.000 -9999.000 -9999.000 -9999.000 -9999.000 -9999.000 -9999.000 -9999.000 -9999.000 -9999.000 -9999.000 -9999.000 -9999.000 -9999.000 -9999.000 -9999.000 -9999.000 -9999.000 -9999.000
-9999.000 -9999.000 -9999.000 -9999.000 -9999.000 -9999.000 -9999.000 -9999.000 -9999.000 -9999.000 -9999.000 -9999.000 -9999.000 -9999.000 -9999.000 -0.1033584 -0.1011148 -0.1010758 -0.1014583 -0.1021374 -0.1030402 -0.1040700 -0.1050653 -0.1060491 -0.1069733 -0.1078244 -0.1087062 -0.1100482 -0.1130892 -0.1160022 -0.1160022 -9999.000 -9999.000 -9999.000 -9999.000 -9999.000 -9999.000 -9999.000 -9999.000 -9999.000 -9999.000 -9999.000 -9999.000 -9999.000 -9999.000 -9999.000 -9999.000 -9999.000 -9999.000 -9999.000 -9999.000 -9999.000 -9999.000 -9999.000 -9999.000 -9999.000 -9999.000 -9999.000 -9999.000
-9999.000 -9999.000 -9999.000 -9999.000 -9999.000 -9999.000 -9999.000 -9999.000 -9999.000 -9999.000 -9999.000 -9999.000 -9999.000 -9999.000 -9999.000 -0.9922443E-01 -0.9592053E-01 -0.9591420E-01 -0.9664060E-01 -0.9789781E-01 -0.9956207E-01 -0.1014692 -0.1033471 -0.1052247 -0.1070144 -0.1086859 -0.1103979 -0.1128307 -0.1179557 -0.1233713 -0.1233713 -9999.000 -9999.000 -9999.000 -9999.000 -9999.000 -9999.000 -9999.000 -9999.000 -9999.000 -9999.000 -9999.000 -9999.000 -9999.000 -9999.000 -9999.000 -9999.000 -9999.000 -9999.000 -9999.000 -9999.000 -9999.000 -9999.000 -9999.000 -9999.000 -9999.000 -9999.000 -9999.000 -9999.000
-9999.000 -9999.000 -9999.000 -9999.000 -9999.000 -9999.000 -9999.000 -9999.000 -9999.000 -9999.000 -9999.000 -9999.000 -9999.000 -9999.000 -9999.000 -0.9437764E-01 -0.9015304E-01 -0.9021791E-01 -0.9134865E-01 -0.9326483E-01 -0.9578902E-01 -0.9868640E-01 -0.1015656 -0.1044611 -0.1072387 -0.1098464 -0.1124962 -0.1161273 -0.1234840 -0.1319425 -0.1319425 -9999.000 -9999.000 -9999.000 -9999.000 -9999.000 -9999.000 -9999.000 -9999.000 -9999.000 -9999.000 -9999.000 -9999.000 -9999.000 -9999.000 -9999.000 -9999.000 -9999.000 -9999.000 -9999.000 -9999.000 -9999.000 -9999.000 -9999.000 -9999.000 -9999.000 -9999.000 -9999.000 -9999.000
-9999.000 -9999.000 -9999.000 -9999.000 -9999.000 -9999.000 -9999.000 -9999.000 -9999.000 -9999.000 -9999.000 -9999.000 -9999.000 -9999.000 -9999.000 -0.8903663E-01 -0.8399349E-01 -0.8415282E-01 -0.8572629E-01 -0.8835406E-01 -0.9180340E-01 -0.9576621E-01 -0.9972210E-01 -0.1037149 -0.1075583 -0.1111761 -0.1148352 -0.1197489 -0.1294853 -0.1415710 -0.1415710 -9999.000 -9999.000 -9999.000 -9999.000 -9999.000 -9999.000 -9999.000 -9999.000 -9999.000 -9999.000 -9999.000 -9999.000 -9999.000 -9999.000 -9999.000 -9999.000 -9999.000 -9999.000 -9999.000 -9999.000 -9999.000 -9999.000 -9999.000 -9999.000 -9999.000 -9999.000 -9999.000 -9999.000
-9999.000 -9999.000 -9999.000 -9999.000 -9999.000 -9999.000 -9999.000 -9999.000 -9999.000 -9999.000 -9999.000 -9999.000 -9999.000 -9999.000 -9999.000 -0.8329676E-01 -0.7752334E-01 -0.7779359E-01 -0.7983737E-01 -0.8321542E-01 -0.8763843E-01 -0.9272309E-01 -0.9780976E-01 -0.1029577 -0.1079236 -0.1126053 -0.1173286 -0.1236002 -0.1358756 -0.1522639 -0.1522639 -9999.000 -9999.000 -9999.000 -9999.000 -9999.000 -9999.000 -9999.000 -9999.000 -9999.000 -9999.000 -9999.000 -9999.000 -9999.000 -9999.000 -9999.000 -9999.000 -9999.000 -9999.000 -9999.000 -9999.000 -9999.000 -9999.000 -9999.000 -9999.000 -9999.000 -9999.000 -9999.000 -9999.000
-9999.000 -9999.000 -9999.000 -9999.000 -9999.000 -9999.000 -9999.000 -9999.000 -9999.000 -9999.000 -9999.000 -9999.000 -9999.000 -9999.000 -9999.000 -0.7718968E-01 -0.7077134E-01 -0.7116716E-01 -0.7370405E-01 -0.7786477E-01 -0.8330242E-01 -0.8955690E-01 -0.9581749E-01 -0.1021685 -0.1083030 -0.1140918 -0.1199268 -0.1276303 -0.1426228 -0.1641262 -0.1641262 -9999.000 -9999.000 -9999.000 -9999.000 -9999.000 -9999.000 -9999.000 -9999.000 -9999.000 -9999.000 -9999.000 -9999.000 -9999.000 -9999.000 -9999.000 -9999.000 -9999.000 -9999.000 -9999.000 -9999.000 -9999.000 -9999.000 -9999.000 -9999.000 -9999.000 -9999.000 -9999.000 -9999.000
-9999.000 -9999.000 -9999.000 -9999.000 -9999.000 -9999.000 -9999.000 -9999.000 -9999.000 -9999.000 -9999.000 -9999.000 -9999.000 -9999.000 -9999.000 -0.7071386E-01 -0.6373826E-01 -0.6427421E-01 -0.6732568E-01 -0.7229926E-01 -0.7878955E-01 -0.8625854E-01 -0.9373040E-01 -0.1013271 -0.1086704 -0.1156043 -0.1225939 -0.1318068 -0.1497205 -0.1773413 -0.1773413 -9999.000 -9999.000 -9999.000 -9999.000 -9999.000 -9999.000 -9999.000 -9999.000 -9999.000 -9999.000 -9999.000 -9999.000 -9999.000 -9999.000 -9999.000 -9999.000 -9999.000 -9999.000 -9999.000 -9999.000 -9999.000 -9999.000 -9999.000 -9999.000 -9999.000 -9999.000 -9999.000 -9999.000
-9999.000 -9999.000 -9999.000 -9999.000 -9999.000 -9999.000 -9999.000 -9999.000 -9999.000 -9999.000 -9999.000 -9999.000 -9999.000 -9999.000 -9999.000 -0.6384901E-01 -0.5640871E-01 -0.5710026E-01 -0.6068818E-01 -0.6650422E-01 -0.7408441E-01 -0.8281176E-01 -0.9152849E-01 -0.1004110 -0.1089995 -0.1171127 -0.1252981 -0.1361028 -0.1571741 -0.1921708 -0.1921708 -9999.000 -9999.000 -9999.000 -9999.000 -9999.000 -9999.000 -9999.000 -9999.000 -9999.000 -9999.000 -9999.000 -9999.000 -9999.000 -9999.000 -9999.000 -9999.000 -9999.000 -9999.000 -9999.000 -9999.000 -9999.000 -9999.000 -9999.000 -9999.000 -9999.000 -9999.000 -9999.000 -9999.000
-9999.000 -9999.000 -9999.000 -9999.000 -9999.000 -9999.000 -9999.000 -9999.000 -9999.000 -9999.000 -9999.000 -9999.000 -9999.000 -9999.000 -9999.000 -0.5656316E-01 -0.4875552E-01 -0.4962006E-01 -0.5376690E-01 -0.6045575E-01 -0.6916340E-01 -0.7919291E-01 -0.8918510E-01 -0.9939178E-01 -0.1092592 -0.1185818 -0.1280017 -0.1404883 -0.1649926 -0.2089734 -0.2089734 -9999.000 -9999.000 -9999.000 -9999.000 -9999.000 -9999.000 -9999.000 -9999.000 -9999.000 -9999.000 -9999.000 -9999.000 -9999.000 -9999.000 -9999.000 -9999.000 -9999.000 -9999.000 -9999.000 -9999.000 -9999.000 -9999.000 -9999.000 -9999.000 -9999.000 -9999.000 -9999.000 -9999.000
-9999.000 -9999.000 -9999.000 -9999.000 -9999.000 -9999.000 -9999.000 -9999.000 -9999.000 -9999.000 -9999.000 -9999.000 -9999.000 -9999.000 -9999.000 -0.4881382E-01 -0.4074118E-01 -0.4179773E-01 -0.4652738E-01 -0.5412025E-01 -0.6399378E-01 -0.7536999E-01 -0.8666461E-01 -0.9823212E-01 -0.1094086 -0.1199660 -0.1306564 -0.1449228 -0.1731824 -0.2282376 -0.2282376 -9999.000 -9999.000 -9999.000 -9999.000 -9999.000 -9999.000 -9999.000 -9999.000 -9999.000 -9999.000 -9999.000 -9999.000 -9999.000 -9999.000 -9999.000 -9999.000 -9999.000 -9999.000 -9999.000 -9999.000 -9999.000 -9999.000 -9999.000 -9999.000 -9999.000 -9999.000 -9999.000 -9999.000
-9999.000 -9999.000 -9999.000 -9999.000 -9999.000 -9999.000 -9999.000 -9999.000 -9999.000 -9999.000 -9999.000 -9999.000 -9999.000 -9999.000 -9999.000 -0.4054631E-01 -0.3231638E-01 -0.3358567E-01 -0.3892341E-01 -0.4745249E-01 -0.5853088E-01 -0.7129912E-01 -0.8391866E-01 -0.9688149E-01 -0.1093916 -0.1212025 -0.1331949 -0.1493467 -0.1817396 -0.2506422 -0.2506422 -9999.000 -9999.000 -9999.000 -9999.000 -9999.000 -9999.000 -9999.000 -9999.000 -9999.000 -9999.000 -9999.000 -9999.000 -9999.000 -9999.000 -9999.000 -9999.000 -9999.000 -9999.000 -9999.000 -9999.000 -9999.000 -9999.000 -9999.000 -9999.000 -9999.000 -9999.000 -9999.000 -9999.000
-9999.000 -9999.000 -9999.000 -9999.000 -9999.000 -9999.000 -9999.000 -9999.000 -9999.000 -9999.000 -9999.000 -9999.000 -9999.000 -9999.000 -9999.000 -0.3168852E-01 -0.2341493E-01 -0.2491957E-01 -0.3089236E-01 -0.4039108E-01 -0.5271416E-01 -0.6691912E-01 -0.8088017E-01 -0.9526844E-01 -0.1091289 -0.1222014 -0.1355182 -0.1536688 -0.1906400 -0.2771516 -0.2771516 -9999.000 -9999.000 -9999.000 -9999.000 -9999.000 -9999.000 -9999.000 -9999.000 -9999.000 -9999.000 -9999.000 -9999.000 -9999.000 -9999.000 -9999.000 -9999.000 -9999.000 -9999.000 -9999.000 -9999.000 -9999.000 -9999.000 -9999.000 -9999.000 -9999.000 -9999.000 -9999.000 -9999.000
-9999.000 -9999.000 -9999.000 -9999.000 -9999.000 -9999.000 -9999.000 -9999.000 -9999.000 -9999.000 -9999.000 -9999.000 -9999.000 -9999.000 -9999.000 -0.2210154E-01 -0.1392302E-01 -0.1569705E-01 -0.2234226E-01 -0.3285203E-01 -0.4646434E-01 -0.6215208E-01 -0.7746149E-01 -0.9329832E-01 -0.1085110 -0.1228351 -0.1374817 -0.1577480 -0.1998220 -0.3092028 -0.3092028 -9999.000 -9999.000 -9999.000 -9999.000 -9999.000 -9999.000 -9999.000 -9999.000 -9999.000 -9999.000 -9999.000 -9999.000 -9999.000 -9999.000 -9999.000 -9999.000 -9999.000 -9999.000 -9999.000 -9999.000 -9999.000 -9999.000 -9999.000 -9999.000 -9999.000 -9999.000 -9999.000 -9999.000
-9999.000 -9999.000 -9999.000 -9999.000 -9999.000 -9999.000 -9999.000 -9999.000 -9999.000 -9999.000 -9999.000 -9999.000 -9999.000 -9999.000 -9999.000 -0.3448758E-02 -0.9996451E-03 -0.5356778E-02 -0.1381172E-01 -0.2608594E-01 -0.4141590E-01 -0.5874976E-01 -0.7534676E-01 -0.9248157E-01 -0.1088026 -0.1240986 -0.1398121 -0.1620324 -0.2093620 -0.3468151 -0.3468151 -9999.000 -9999.000 -9999.000 -9999.000 -9999.000 -9999.000 -9999.000 -9999.000 -9999.000 -9999.000 -9999.000 -9999.000 -9999.000 -9999.000 -9999.000 -9999.000 -9999.000 -9999.000 -9999.000 -9999.000 -9999.000 -9999.000 -9999.000 -9999.000 -9999.000 -9999.000 -9999.000 -9999.000
-0.2938268E-02 -0.2938268E-02 -0.5960378E-02 -0.6121466E-02 -0.6121686E-02 -0.6121686E-02 -0.6112000E-02 -0.6087540E-02 -0.6087540E-02 -0.6061123E-02 -0.6061123E-02 -0.6030082E-02 -0.6012637E-02 -0.5994100E-02 -0.5974539E-02 -0.5974539E-02 0.5803805E-02 0.8432042E-03 -0.1024651E-01 -0.2704570E-01 -0.4864815E-01 -0.7378567E-01 -0.1005516 -0.1279680 -0.1547868 -0.1800459 -0.2035853 -0.2274918 -0.2600616 -0.3425426 -0.3425426 -0.1853277 -0.9694830E-01 -0.3170281E-01 -0.2339198E-01 -0.2339198E-01 -0.1691843E-01 -0.1691843E-01 -0.4744817E-02 -0.4744817E-02 0.5552714E-02 0.2427712E-01 0.2427712E-01 -0.6301550E-02 -0.6301550E-02 -0.2745504E-02 -0.2745504E-02 -0.2745504E-02 0.1723407E-02 0.1723407E-02 0.2324698E-02 0.2324698E-02 0.1201874E-02 0.1201874E-02 -0.1909973E-03 -0.1909973E-03 -0.1446462E-02 -0.1446462E-02 -0.1446462E-02
-0.4473503E-02 -0.4473503E-02 -0.8848413E-02 -0.8699024E-02 -0.8635363E-02 -0.8635363E-02 -0.8600971E-02 -0.8568587E-02 -0.8568587E-02 -0.8544201E-02 -0.8544201E-02 -0.8517095E-02 -0.8502678E-02 -0.8487302E-02 -0.8470875E-02 -0.8470875E-02 0.3157490E-02 -0.2629563E-02 -0.1713783E-01 -0.3986982E-01 -0.6975646E-01 -0.1053723 -0.1453341 -0.1875968 -0.2305242 -0.2724646 -0.3117693 -0.3467449 -0.3755509 -0.3984787 -0.3984787 -0.2662904 -0.1741515 -0.8806243E-01 -0.7122354E-01 -0.7122354E-01 -0.4789638E-01 -0.4789638E-01 -0.6321433E-02 -0.6321433E-02 0.2453504E-01 0.8003552E-01 0.8003552E-01 0.4326389E-01 0.4326389E-01 0.1017104E-01 0.1017104E-01 0.1017104E-01 0.7141317E-02 0.7141317E-02 0.3918257E-02 0.3918257E-02 0.6688877E-04 0.6688877E-04 -0.3419318E-02 -0.3419318E-02 -0.6110870E-02 -0.6110870E-02 -0.6110870E-02
-0.3637656E-02 -0.3637656E-02 -0.7266102E-02 -0.7381869E-02 -0.7299768E-02 -0.7299768E-02 -0.7258120E-02 -0.7238890E-02 -0.7238890E-02 -0.7236368E-02 -0.7236368E-02 -0.7232871E-02 -0.7231199E-02 -0.7228842E-02 -0.7225758E-02 -0.7225758E-02 -0.6619298E-03 -0.7447760E-02 -0.2308047E-01 -0.4725996E-01 -0.7913313E-01 -0.1175997 -0.1615962 -0.2096017 -0.2601855 -0.3118384 -0.3628857 -0.4113154 -0.4544230 -0.4848213 -0.4848213 -0.3974764 -0.3165439 -0.2065534 -0.1708234 -0.1708234 -0.1041709 -0.1041709 -0.5735077E-02 -0.5735077E-02 0.5550027E-01 0.1577839 0.1577839 0.1487830 0.1487830 0.4910197E-01 0.4910197E-01 0.4910197E-01 0.2026544E-01 0.2026544E-01 0.4806736E-02 0.4806736E-02 -0.5123615E-02 -0.5123615E-02 -0.1192130E-01 -0.1192130E-01 -0.1613342E-01 -0.1613342E-01 -0.1613342E-01
-0.2857763E-02 -0.2857763E-02 -0.5723818E-02 -0.5963921E-02 -0.5866107E-02 -0.5866107E-02 -0.5811334E-02 -0.5787650E-02 -0.5787650E-02 -0.5790813E-02 -0.5790813E-02 -0.5791137E-02 -0.5790136E-02 -0.5788461E-02 -0.5785907E-02 -0.5785907E-02 -0.4836781E-02 -0.1387820E-01 -0.3142805E-01 -0.5722280E-01 -0.9050757E-01 -0.1303572 -0.1758962 -0.2260132 -0.2795966 -0.3354801 -0.3923269 -0.4483988 -0.5010700 -0.5428572 -0.5428572 -0.4989643 -0.4398736 -0.3302253 -0.2798550 -0.2798550 -0.1597009 -0.1597009 0.6505395E-02 0.6505395E-02 0.9297059E-01 0.2197873 0.2197873 0.2326633 0.2326633 0.9838873E-01 0.9838873E-01 0.9838873E-01 0.3957005E-01 0.3957005E-01 0.6818683E-02 0.6818683E-02 -0.1200645E-01 -0.1200645E-01 -0.2312038E-01 -0.2312038E-01 -0.2882717E-01 -0.2882717E-01 -0.2882717E-01
-0.2115153E-02 -0.2115153E-02 -0.4231104E-02 -0.4511049E-02 -0.4418695E-02 -0.4418695E-02 -0.4362769E-02 -0.4337562E-02 -0.4337562E-02 -0.4342758E-02 -0.4342758E-02 -0.4344900E-02 -0.4344320E-02 -0.4342783E-02 -0.4340664E-02 -0.4340664E-02 -0.9508498E-02 -0.2206884E-01 -0.4272531E-01 -0.7107162E-01 -0.1063712 -0.1478062 -0.1946228 -0.2459694 -0.3009738 -0.3587314 -0.4182181 -0.4780761 -0.5361231 -0.5860495 -0.5860495 -0.5757843 -0.5398544 -0.4395552 -0.3741229 -0.3741229 -0.1895214 -0.1895214 0.3416712E-01 0.3416712E-01 0.1302783 0.2551856 0.2551856 0.2789043 0.2789043 0.1451307 0.1451307 0.1451307 0.6314495E-01 0.6314495E-01 0.1216586E-01 0.1216586E-01 -0.1744710E-01 -0.1744710E-01 -0.3395486E-01 -0.3395486E-01 -0.4147461E-01 -0.4147461E-01 -0.4147461E-01
-0.1398234E-02 -0.1398234E-02 -0.2787414E-02 -0.3026759E-02 -0.2956525E-02 -0.2956525E-02 -0.2911394E-02 -0.2889872E-02 -0.2889872E-02 -0.2894880E-02 -0.2894880E-02 -0.2897469E-02 -0.2897235E-02 -0.2896195E-02 -0.2894504E-02 -0.2894504E-02 -0.1508771E-01 -0.3243202E-01 -0.5748462E-01 -0.8950977E-01 -0.1276962 -0.1712862 -0.2196358 -0.2721031 -0.3280364 -0.3867534 -0.4474777 -0.5091695 -0.5700989 -0.6252725 -0.6252725 -0.6384988 -0.6220240 -0.5237558 -0.4335878 -0.4335878 -0.1778403 -0.1778403 0.6762053E-01 0.6762053E-01 0.1558274 0.2627315 0.2627315 0.2910961 0.2910961 0.1806891 0.1806891 0.1806891 0.8783429E-01 0.8783429E-01 0.2133006E-01 0.2133006E-01 -0.1979004E-01 -0.1979004E-01 -0.4268582E-01 -0.4268582E-01 -0.5253351E-01 -0.5253351E-01 -0.5253351E-01
-0.6959004E-03 -0.6959004E-03 -0.1382974E-02 -0.1519458E-02 -0.1481879E-02 -0.1481879E-02 -0.1456799E-02 -0.1444336E-02 -0.1444336E-02 -0.1447282E-02 -0.1447282E-02 -0.1449045E-02 -0.1448911E-02 -0.1448543E-02 -0.1447590E-02 -0.1447590E-02 -0.2221032E-01 -0.4570594E-01 -0.7654384E-01 -0.1134976 -0.1555848 -0.2020566 -0.2523668 -0.3060645 -0.3627270 -0.4219103 -0.4830852 -0.5455005 -0.6078205 -0.6661094 -0.6661094 -0.6946157 -0.6909395 -0.5686525 -0.4378047 -0.4378047 -0.1310416 -0.1310416 0.9102138E-01 0.9102138E-01 0.1618287 0.2480384 0.2480384 0.2789774 0.2789774 0.2005291 0.2005291 0.2005291 0.1095303 0.1095303 0.3322475E-01 0.3322475E-01 -0.1845146E-01 -0.1845146E-01 -0.4822166E-01 -0.4822166E-01 -0.6088825E-01 -0.6088825E-01 -0.6088825E-01
0.6110585E-08 0.6110585E-08 -0.5843881E-07 -0.4351162E-07 0.2879186E-07 0.2879186E-07 0.4471152E-07 -0.1161558E-07 -0.1161558E-07 0.3114304E-08 0.3114304E-08 -0.1067041E-06 -0.2315445E-07 -0.1480622E-06 -0.1050518E-06 -0.1050518E-06 -0.3181372E-01 -0.6306546E-01 -0.1012210 -0.1444474 -0.1915225 -0.2416715 -0.2944393 -0.3495575 -0.4068404 -0.4661055 -0.5270981 -0.5893654 -0.6519169 -0.7114197 -0.7114197 -0.7477908 -0.7454911 -0.5518559 -0.3768580 -0.3768580 -0.7606400E-01 -0.7606400E-01 0.9549409E-01 0.9549409E-01 0.1492236 0.2194269 0.2194269 0.2520801 0.2520801 0.2040595 0.2040595 0.2040595 0.1243203 0.1243203 0.4556165E-01 0.4556165E-01 -0.1379748E-01 -0.1379748E-01 -0.4996174E-01 -0.4996174E-01 -0.6564328E-01 -0.6564328E-01 -0.6564328E-01
0.6958118E-03 0.6958118E-03 0.1383057E-02 0.1519432E-02 0.1481937E-02 0.1481937E-02 0.1456925E-02 0.1444418E-02 0.1444418E-02 0.1447215E-02 0.1447215E-02 0.1448900E-02 0.1448828E-02 0.1448391E-02 0.1447403E-02 0.1447403E-02 -0.4531477E-01 -0.8632984E-01 -0.1335363 -0.1844461 -0.2375896 -0.2921767 -0.3478635 -0.4045742 -0.4623693 -0.5213431 -0.5815364 -0.6428090 -0.7044153 -0.7626910 -0.7626910 -0.7970515 -0.7724990 -0.4592128 -0.2734871 -0.2734871 -0.3812793E-01 -0.3812793E-01 0.8361844E-01 0.8361844E-01 0.1250214 0.1842938 0.1842938 0.2173829 0.2173829 0.1934310 0.1934310 0.1934310 0.1296345 0.1296345 0.5554539E-01 0.5554539E-01 -0.6998574E-02 -0.6998574E-02 -0.4780672E-01 -0.4780672E-01 -0.6613871E-01 -0.6613871E-01 -0.6613871E-01
0.1398091E-02 0.1398091E-02 0.2787422E-02 0.3026749E-02 0.2956464E-02 0.2956464E-02 0.2911519E-02 0.2890049E-02 0.2890049E-02 0.2894911E-02 0.2894911E-02 0.2897387E-02 0.2897074E-02 0.2896000E-02 0.2894289E-02 0.2894289E-02 -0.6495976E-01 -0.1183427 -0.1765789 -0.2365911 -0.2967600 -0.3563696 -0.4152563 -0.4735803 -0.5316687 -0.5899035 -0.6486299 -0.7080039 -0.7671776 -0.8194593 -0.8194593 -0.8308897 -0.7359170 -0.3194510 -0.1754879 -0.1754879 -0.2299457E-01 -0.2299457E-01 0.6356917E-01 0.6356917E-01 0.9675212E-01 0.1475665 0.1475665 0.1792781 0.1792781 0.1720008 0.1720008 0.1720008 0.1247840 0.1247840 0.6073955E-01 0.6073955E-01 0.3015996E-03 0.3015996E-03 -0.4214315E-01 -0.4214315E-01 -0.6202302E-01 -0.6202302E-01 -0.6202302E-01
0.2115128E-02 0.2115128E-02 0.4231077E-02 0.4511019E-02 0.4418517E-02 0.4418517E-02 0.4362807E-02 0.4337693E-02 0.4337693E-02 0.4342930E-02 0.4342930E-02 0.4344956E-02 0.4344188E-02 0.4342702E-02 0.4340495E-02 0.4340495E-02 -0.9452001E-01 -0.1636825 -0.2351476 -0.3055411 -0.3733679 -0.4381922 -0.5001721 -0.5597885 -0.6176777 -0.6745232 -0.7309726 -0.7873776 -0.8414670 -0.8741683 -0.8741683 -0.8093136 -0.5886537 -0.1957948 -0.1131272 -0.1131272 -0.2141359E-01 -0.2141359E-01 0.4237358E-01 0.4237358E-01 0.6931277E-01 0.1118568 0.1118568 0.1403181 0.1403181 0.1431861 0.1431861 0.1431861 0.1107437 0.1107437 0.5976109E-01 0.5976109E-01 0.6455976E-02 0.6455976E-02 -0.3374451E-01 -0.3374451E-01 -0.5333914E-01 -0.5333914E-01 -0.5333914E-01
0.2857631E-02 0.2857631E-02 0.5723729E-02 0.5963958E-02 0.5866035E-02 0.5866035E-02 0.5811255E-02 0.5787775E-02 0.5787775E-02 0.5790947E-02 0.5790947E-02 0.5791202E-02 0.5790106E-02 0.5788449E-02 0.5785910E-02 0.5785910E-02 -0.1407631 -0.2300580 -0.3169425 -0.3984973 -0.4739100 -0.5433938 -0.6076563 -0.6676281 -0.7243176 -0.7787275 -0.8317977 -0.8836529 -0.9249374 -0.8910139 -0.8910139 -0.6555071 -0.3550246 -0.1214997 -0.8211187E-01 -0.8211187E-01 -0.2307104E-01 -0.2307104E-01 0.2384265E-01 0.2384265E-01 0.4507714E-01 0.7844239E-01 0.7844239E-01 0.1020937 0.1020937 0.1099956 0.1099956 0.1099956 0.8956210E-01 0.8956210E-01 0.5256440E-01 0.5256440E-01 0.1030498E-01 0.1030498E-01 -0.2357990E-01 -0.2357990E-01 -0.4058953E-01 -0.4058953E-01 -0.4058953E-01
