cruce_test.gid/Rasters/Hydraulic/Velocity____37.0.asc
NCOLS        79
NROWS        79
XLLCENTER         -1.500000
YLLCENTER         -4.800000
CELLSIZE           0.100
NODATA_VALUE     -9999.0
[rows 0 to 26 of 79, columns 0 to 59 of 79]
-9999.000 -9999.000 -9999.000 -9999.000 -9999.000 -9999.000 -9999.000 -9999.000 -9999.000 -9999.000 -9999.000 -9999.000 -9999.000 -9999.000 -9999.000 0.3204041 0.3197432 0.3200748 0.3206388 0.3213163 0.3220765 0.3229007 0.3237724 0.3246762 0.3255995 0.3265361 0.3274906 0.3284838 0.3294531 0.3258364 0.3258364 -9999.000 -9999.000 -9999.000 -9999.000 -9999.000 -9999.000 -9999.000 -9999.000 -9999.000 -9999.000 -9999.000 -9999.000 -9999.000 -9999.000 -9999.000 -9999.000 -9999.000 -9999.000 -9999.000 -9999.000 -9999.000 -9999.000 -9999.000 -9999.000 -9999.000 -9999.000 -9999.000 -9999.000 -9999.000
-9999.000 -9999.000 -9999.000 -9999.000 -9999.000 -9999.000 -9999.000 -9999.000 -9999.000 -9999.000 -9999.000 -9999.000 -9999.000 -9999.000 -9999.000 0.3146717 0.3126865 0.3132502 0.3142395 0.3154025 0.3166767 0.3180306 0.3194412 0.3208929 0.3223805 0.3239150 0.3255313 0.3272922 0.3290669 0.3221374 0.3221374 -9999.000 -9999.000 -9999.000 -9999.000 -9999.000 -9999.000 -9999.000 -9999.000 -9999.000 -9999.000 -9999.000 -9999.000 -9999.000 -9999.000 -9999.000 -9999.000 -9999.000 -9999.000 -9999.000 -9999.000 -9999.000 -9999.000 -9999.000 -9999.000 -9999.000 -9999.000 -9999.000 -9999.000 -9999.000
-9999.000 -9999.000 -9999.000 -9999.000 -9999.000 -9999.000 -9999.000 -9999.000 -9999.000 -9999.000 -9999.000 -9999.000 -9999.000 -9999.000 -9999.000 0.3069492 0.3032353 0.3041747 0.3058676 0.3078695 0.3100611 0.3123827 0.3147942 0.3172713 0.3198092 0.3224265 0.3251706 0.3281094 0.3309403 0.3201577 0.3201577 -9999.000 -9999.000 -9999.000 -9999.000 -9999.000 -9999.000 -9999.000 -9999.000 -9999.000 -9999.000 -9999.000 -9999.000 -9999.000 -9999.000 -9999.000 -9999.000 -9999.000 -9999.000 -9999.000 -9999.000 -9999.000 -9999.000 -9999.000 -9999.000 -9999.000 -9999.000 -9999.000 -9999.000 -9999.000
-9999.000 -9999.000 -9999.000 -9999.000 -9999.000 -9999.000 -9999.000 -9999.000 -9999.000 -9999.000 -9999.000 -9999.000 -9999.000 -9999.000 -9999.000 0.2980463 0.2923562 0.2937983 0.2964072 0.2995096 0.3029155 0.3065260 0.3102744 0.3141200 0.3180501 0.3220847 0.3262776 0.3306982 0.3348523 0.3203577 0.3203577 -9999.000 -9999.000 -9999.000 -9999.000 -9999.000 -9999.000 -9999.000 -9999.000 -9999.000 -9999.000 -9999.000 -9999.000 -9999.000 -9999.000 -9999.000 -9999.000 -9999.000 -9999.000 -9999.000 -9999.000 -9999.000 -9999.000 -9999.000 -9999.000 -9999.000 -9999.000 -9999.000 -9999.000 -9999.000
-9999.000 -9999.000 -9999.000 -9999.000 -9999.000 -9999.000 -9999.000 -9999.000 -9999.000 -9999.000 -9999.000 -9999.000 -9999.000 -9999.000 -9999.000 0.2879422 0.2801125 0.2821880 0.2859202 0.2903734 0.2952738 0.3004738 0.3058736 0.3114103 0.3170605 0.3228434 0.3288198 0.3350629 0.3408654 0.3229006 0.3229006 -9999.000 -9999.000 -9999.000 -9999.000 -9999.000 -9999.000 -9999.000 -9999.000 -9999.000 -9999.000 -9999.000 -9999.000 -9999.000 -9999.000 -9999.000 -9999.000 -9999.000 -9999.000 -9999.000 -9999.000 -9999.000 -9999.000 -9999.000 -9999.000 -9999.000 -9999.000 -9999.000 -9999.000 -9999.000
-9999.000 -9999.000 -9999.000 -9999.000 -9999.000 -9999.000 -9999.000 -9999.000 -9999.000 -9999.000 -9999.000 -9999.000 -9999.000 -9999.000 -9999.000 0.2765352 0.2665277 0.2693797 0.2744444 0.2804955 0.2871631 0.2942435 0.3015985 0.3091409 0.3168374 0.3247091 0.3328294 0.3412817 0.3491305 0.3280504 0.3280504 -9999.000 -9999.000 -9999.000 -9999.000 -9999.000 -9999.000 -9999.000 -9999.000 -9999.000 -9999.000 -9999.000 -9999.000 -9999.000 -9999.000 -9999.000 -9999.000 -9999.000 -9999.000 -9999.000 -9999.000 -9999.000 -9999.000 -9999.000 -9999.000 -9999.000 -9999.000 -9999.000 -9999.000 -9999.000
-9999.000 -9999.000 -9999.000 -9999.000 -9999.000 -9999.000 -9999.000 -9999.000 -9999.000 -9999.000 -9999.000 -9999.000 -9999.000 -9999.000 -9999.000 0.2636411 0.2515946 0.2553919 0.2620077 0.2699072 0.2786142 0.2878625 0.2974727 0.3073351 0.3174103 0.3277301 0.3383918 0.3495033 0.3598949 0.3361945 0.3361945 -9999.000 -9999.000 -9999.000 -9999.000 -9999.000 -9999.000 -9999.000 -9999.000 -9999.000 -9999.000 -9999.000 -9999.000 -9999.000 -9999.000 -9999.000 -9999.000 -9999.000 -9999.000 -9999.000 -9999.000 -9999.000 -9999.000 -9999.000 -9999.000 -9999.000 -9999.000 -9999.000 -9999.000 -9999.000
-9999.000 -9999.000 -9999.000 -9999.000 -9999.000 -9999.000 -9999.000 -9999.000 -9999.000 -9999.000 -9999.000 -9999.000 -9999.000 -9999.000 -9999.000 0.2489996 0.2352880 0.2402416 0.2486442 0.2586511 0.2696726 0.2813756 0.2935403 0.3060393 0.3188376 0.3319916 0.3456430 0.3599486 0.3735170 0.3478789 0.3478789 -9999.000 -9999.000 -9999.000 -9999.000 -9999.000 -9999.000 -9999.000 -9999.000 -9999.000 -9999.000 -9999.000 -9999.000 -9999.000 -9999.000 -9999.000 -9999.000 -9999.000 -9999.000 -9999.000 -9999.000 -9999.000 -9999.000 -9999.000 -9999.000 -9999.000 -9999.000 -9999.000 -9999.000 -9999.000
-9999.000 -9999.000 -9999.000 -9999.000 -9999.000 -9999.000 -9999.000 -9999.000 -9999.000 -9999.000 -9999.000 -9999.000 -9999.000 -9999.000 -9999.000 0.2322838 0.2175795 0.2239654 0.2344183 0.2468040 0.2604176 0.2748597 0.2898749 0.3053288 0.3212072 0.3376153 0.3547700 0.3729207 0.3904950 0.3638736 0.3638736 -9999.000 -9999.000 -9999.000 -9999.000 -9999.000 -9999.000 -9999.000 -9999.000 -9999.000 -9999.000 -9999.000 -9999.000 -9999.000 -9999.000 -9999.000 -9999.000 -9999.000 -9999.000 -9999.000 -9999.000 -9999.000 -9999.000 -9999.000 -9999.000 -9999.000 -9999.000 -9999.000 -9999.000 -9999.000
-9999.000 -9999.000 -9999.000 -9999.000 -9999.000 -9999.000 -9999.000 -9999.000 -9999.000 -9999.000 -9999.000 -9999.000 -9999.000 -9999.000 -9999.000 0.2131141 0.1984512 0.2066419 0.2194520 0.2345057 0.2509897 0.2684460 0.2865972 0.3053203 0.3246471 0.3447661 0.3660203 0.3888225 0.4115136 0.3852903 0.3852903 -9999.000 -9999.000 -9999.000 -9999.000 -9999.000 -9999.000 -9999.000 -9999.000 -9999.000 -9999.000 -9999.000 -9999.000 -9999.000 -9999.000 -9999.000 -9999.000 -9999.000 -9999.000 -9999.000 -9999.000 -9999.000 -9999.000 -9999.000 -9999.000 -9999.000 -9999.000 -9999.000 -9999.000 -9999.000
-9999.000 -9999.000 -9999.000 -9999.000 -9999.000 -9999.000 -9999.000 -9999.000 -9999.000 -9999.000 -9999.000 -9999.000 -9999.000 -9999.000 -9999.000 0.1910762 0.1779104 0.1884202 0.2039624 0.2219982 0.2416274 0.2623548 0.2839051 0.3061965 0.3293431 0.3536680 0.3797166 0.4081876 0.4375266 0.4138084 0.4138084 -9999.000 -9999.000 -9999.000 -9999.000 -9999.000 -9999.000 -9999.000 -9999.000 -9999.000 -9999.000 -9999.000 -9999.000 -9999.000 -9999.000 -9999.000 -9999.000 -9999.000 -9999.000 -9999.000 -9999.000 -9999.000 -9999.000 -9999.000 -9999.000 -9999.000 -9999.000 -9999.000 -9999.000 -9999.000
-9999.000 -9999.000 -9999.000 -9999.000 -9999.000 -9999.000 -9999.000 -9999.000 -9999.000 -9999.000 -9999.000 -9999.000 -9999.000 -9999.000 -9999.000 0.1657534 0.1560179 0.1695635 0.1883099 0.2096744 0.2327157 0.2569411 0.2821186 0.3082488 0.3355783 0.3646365 0.3962893 0.4317295 0.4698940 0.4521360 0.4521360 -9999.000 -9999.000 -9999.000 -9999.000 -9999.000 -9999.000 -9999.000 -9999.000 -9999.000 -9999.000 -9999.000 -9999.000 -9999.000 -9999.000 -9999.000 -9999.000 -9999.000 -9999.000 -9999.000 -9999.000 -9999.000 -9999.000 -9999.000 -9999.000 -9999.000 -9999.000 -9999.000 -9999.000 -9999.000
-9999.000 -9999.000 -9999.000 -9999.000 -9999.000 -9999.000 -9999.000 -9999.000 -9999.000 -9999.000 -9999.000 -9999.000 -9999.000 -9999.000 -9999.000 0.1367949 0.1329724 0.1505452 0.1730847 0.1981512 0.2248511 0.2527620 0.2817504 0.3119520 0.3438082 0.3781496 0.4163394 0.4604236 0.5106199 0.5050533 0.5050533 -9999.000 -9999.000 -9999.000 -9999.000 -9999.000 -9999.000 -9999.000 -9999.000 -9999.000 -9999.000 -9999.000 -9999.000 -9999.000 -9999.000 -9999.000 -9999.000 -9999.000 -9999.000 -9999.000 -9999.000 -9999.000 -9999.000 -9999.000 -9999.000 -9999.000 -9999.000 -9999.000 -9999.000 -9999.000
-9999.000 -9999.000 -9999.000 -9999.000 -9999.000 -9999.000 -9999.000 -9999.000 -9999.000 -9999.000 -9999.000 -9999.000 -9999.000 -9999.000 -9999.000 0.1040441 0.1093935 0.1323621 0.1593856 0.1885057 0.2190484 0.2507642 0.2836880 0.3181486 0.3548495 0.3950363 0.4408125 0.4956760 0.5627813 0.5822213 0.5822213 -9999.000 -9999.000 -9999.000 -9999.000 -9999.000 -9999.000 -9999.000 -9999.000 -9999.000 -9999.000 -9999.000 -9999.000 -9999.000 -9999.000 -9999.000 -9999.000 -9999.000 -9999.000 -9999.000 -9999.000 -9999.000 -9999.000 -9999.000 -9999.000 -9999.000 -9999.000 -9999.000 -9999.000 -9999.000
-9999.000 -9999.000 -9999.000 -9999.000 -9999.000 -9999.000 -9999.000 -9999.000 -9999.000 -9999.000 -9999.000 -9999.000 -9999.000 -9999.000 -9999.000 0.6886512E-01 0.9355103E-01 0.1254742 0.1575871 0.1900015 0.2230678 0.2571690 0.2927724 0.3305477 0.3715500 0.4175362 0.4716018 0.5395722 0.6309708 0.7065775 0.7065775 -9999.000 -9999.000 -9999.000 -9999.000 -9999.000 -9999.000 -9999.000 -9999.000 -9999.000 -9999.000 -9999.000 -9999.000 -9999.000 -9999.000 -9999.000 -9999.000 -9999.000 -9999.000 -9999.000 -9999.000 -9999.000 -9999.000 -9999.000 -9999.000 -9999.000 -9999.000 -9999.000 -9999.000 -9999.000
1.264206 1.264206 1.211874 1.170657 1.151347 1.151347 1.132480 1.092455 1.092455 1.046138 1.046138 0.9889076 0.9520766 0.9050894 0.8419221 0.8419221 0.6999943 0.6413994 0.5846291 0.5337542 0.4922844 0.4630222 0.4478892 0.4479887 0.4640251 0.4971447 0.5503547 0.6312047 0.7568238 0.9782689 0.9782689 1.431616 1.609547 1.713273 1.701723 1.701723 1.571621 1.571621 1.347457 1.347457 1.059422 0.6598520 0.6598520 0.6547789 0.6547789 0.6938347 0.6938347 0.6938347 0.7480484 0.7480484 0.7909455 0.7909455 0.8274292 0.8274292 0.8735852 0.8735852 0.9032643 0.9032643 0.9032643 0.9271474
1.278611 1.278611 1.227696 1.197288 1.183214 1.183214 1.169383 1.138597 1.138597 1.099960 1.099960 1.049511 1.017959 0.9817526 0.9422660 0.9422660 0.8812497 0.8499528 0.8133503 0.7729351 0.7310997 0.6910774 0.6567535 0.6324029 0.6224399 0.6313323 0.6639456 0.7267857 0.8300470 0.9908850 0.9908850 1.325111 1.455917 1.546259 1.559502 1.559502 1.546906 1.546906 1.485532 1.485532 1.383215 0.9769903 0.9769903 0.9625691 0.9625691 0.9974848 0.9974848 0.9974848 1.050595 1.050595 1.091953 1.091953 1.111565 1.111565 1.165302 1.165302 1.197854 1.197854 1.197854 1.225070
1.282655 1.282655 1.228099 1.197934 1.184205 1.184205 1.170883 1.141864 1.141864 1.106898 1.106898 1.064514 1.039984 1.013552 0.9866903 0.9866903 0.9540180 0.9399949 0.9224737 0.9010068 0.8760120 0.8488489 0.8218783 0.7984741 0.7829757 0.7806076 0.7974724 0.8409231 0.9205779 1.051082 1.051082 1.339857 1.460612 1.548353 1.566943 1.566943 1.571212 1.571212 1.539253 1.539253 1.495304 1.224859 1.224859 1.134575 1.134575 1.149039 1.149039 1.149039 1.204053 1.204053 1.240950 1.240950 1.268560 1.268560 1.307390 1.307390 1.335325 1.335325 1.335325 1.357945
1.286147 1.286147 1.228488 1.198523 1.185081 1.185081 1.172209 1.144816 1.144816 1.113154 1.113154 1.077322 1.057895 1.037931 1.018559 1.018559 1.000412 0.9952609 0.9887490 0.9800328 0.9687663 0.9552192 0.9404391 0.9264008 0.9161245 0.9137641 0.9247050 0.9558271 1.016256 1.120740 1.120740 1.362169 1.475681 1.559783 1.575909 1.575909 1.576595 1.576595 1.557977 1.557977 1.542588 1.403803 1.403803 1.277202 1.277202 1.275602 1.275602 1.275602 1.317431 1.317431 1.349732 1.349732 1.374550 1.374550 1.405024 1.405024 1.429276 1.429276 1.429276 1.448479
1.289171 1.289171 1.228943 1.199331 1.186254 1.186254 1.173927 1.148395 1.148395 1.120235 1.120235 1.090641 1.075647 1.060930 1.047219 1.047219 1.039250 1.039188 1.038824 1.037607 1.035194 1.031517 1.026945 1.022471 1.019910 1.022077 1.032997 1.058217 1.105595 1.189281 1.189281 1.386457 1.488873 1.559904 1.568452 1.568452 1.561235 1.561235 1.556477 1.556477 1.558354 1.512499 1.512499 1.408509 1.408509 1.373947 1.373947 1.373947 1.402984 1.402984 1.430838 1.430838 1.453280 1.453280 1.477931 1.477931 1.498744 1.498744 1.498744 1.515096
1.291724 1.291724 1.229424 1.200300 1.187650 1.187650 1.175935 1.152406 1.152406 1.127844 1.127844 1.104330 1.093505 1.083621 1.075060 1.075060 1.076468 1.080066 1.083410 1.086441 1.089152 1.091578 1.093899 1.096594 1.100646 1.107753 1.120603 1.143254 1.181991 1.249831 1.249831 1.408196 1.495301 1.542337 1.541432 1.541432 1.533258 1.533258 1.547984 1.547984 1.562356 1.569615 1.569615 1.514557 1.514557 1.459932 1.459932 1.459932 1.474314 1.474314 1.495800 1.495800 1.515223 1.515223 1.535304 1.535304 1.552820 1.552820 1.552820 1.566601
1.293778 1.293778 1.229903 1.201370 1.189186 1.189186 1.178116 1.156636 1.156636 1.135644 1.135644 1.118039 1.111268 1.106171 1.102895 1.102895 1.114526 1.121405 1.127334 1.132782 1.138182 1.143867 1.150105 1.157194 1.165617 1.176230 1.190561 1.211274 1.243099 1.297617 1.297617 1.421124 1.488382 1.503411 1.497259 1.497259 1.501653 1.501653 1.538769 1.538769 1.562375 1.597697 1.597697 1.587282 1.587282 1.536497 1.536497 1.536497 1.537650 1.537650 1.550964 1.550964 1.566077 1.566077 1.581876 1.581876 1.596061 1.596061 1.596061 1.607077
1.295285 1.295285 1.230354 1.202482 1.190781 1.190781 1.180361 1.160891 1.160891 1.143334 1.143334 1.131406 1.128631 1.128462 1.131041 1.131041 1.154958 1.165177 1.173165 1.179977 1.186525 1.193506 1.201395 1.210490 1.220980 1.233027 1.247076 1.264450 1.288423 1.328786 1.328786 1.417502 1.459736 1.445169 1.444229 1.444229 1.473016 1.473016 1.530528 1.530528 1.560652 1.611094 1.611094 1.630408 1.630408 1.600676 1.600676 1.600676 1.594419 1.594419 1.599641 1.599641 1.609297 1.609297 1.620514 1.620514 1.630918 1.630918 1.630918 1.638783
1.296188 1.296188 1.230758 1.203581 1.192361 1.192361 1.182569 1.164999 1.164999 1.150651 1.150651 1.144078 1.145218 1.150181 1.159518 1.159518 1.199208 1.212975 1.222690 1.230139 1.236766 1.243662 1.251558 1.260816 1.271391 1.282670 1.293777 1.304520 1.316837 1.338679 1.338679 1.388828 1.402682 1.376906 1.392521 1.392521 1.449178 1.449178 1.522623 1.522623 1.557277 1.616458 1.616458 1.653128 1.653128 1.649281 1.649281 1.649281 1.642968 1.642968 1.642554 1.642554 1.646575 1.646575 1.652802 1.652802 1.658880 1.658880 1.658880 1.663272
1.296419 1.296419 1.231096 1.204623 1.193860 1.193860 1.184651 1.168813 1.168813 1.157370 1.157370 1.155714 1.160599 1.170814 1.187973 1.187973 1.248988 1.266491 1.277562 1.284961 1.290748 1.296462 1.303116 1.311146 1.320216 1.328452 1.332788 1.331039 1.324523 1.321998 1.321998 1.331838 1.318901 1.306749 1.345423 1.345423 1.427619 1.427619 1.513400 1.513400 1.551472 1.616426 1.616426 1.663174 1.663174 1.682164 1.682164 1.682164 1.681326 1.681326 1.679013 1.679013 1.678460 1.678460 1.679604 1.679604 1.681008 1.681008 1.681008 1.681599
1.295907 1.295907 1.231356 1.205570 1.195226 1.195226 1.186535 1.172210 1.172210 1.163304 1.163304 1.166004 1.174331 1.189662 1.215430 1.215430 1.306527 1.327764 1.339635 1.346156 1.350107 1.353560 1.357886 1.363591 1.369915 1.372434 1.363780 1.339622 1.303743 1.268751 1.268751 1.240687 1.223693 1.257502 1.300767 1.300767 1.408538 1.408538 1.504387 1.504387 1.544954 1.613720 1.613720 1.666372 1.666372 1.702421 1.702421 1.702421 1.709313 1.709313 1.708413 1.708413 1.705131 1.705131 1.701720 1.701720 1.698376 1.698376 1.698376 1.694968
1.294581 1.294581 1.231532 1.206393 1.196416 1.196416 1.188163 1.175095 1.175095 1.168303 1.168303 1.174699 1.186022 1.205958 1.239912 1.239912 1.375112 1.399454 1.411098 1.415745 1.416700 1.416564 1.417407 1.419793 1.422459 1.415250 1.382302 1.321311 1.247122 1.179212 1.179212 1.129274 1.129664 1.211816 1.270419 1.270419 1.388405 1.388405 1.495257 1.495257 1.537827 1.609271 1.609271 1.665463 1.665463 1.713017 1.713017 1.713017 1.727261 1.727261 1.729614 1.729614 1.725456 1.725456 1.718557 1.718557 1.710824 1.710824 1.710824 1.703503
