cruce_test.gid/Rasters/Hydraulic/Velocity__y_309.0.asc
NCOLS        79
NROWS        79
XLLCENTER         -1.500000
YLLCENTER         -4.800000
CELLSIZE           0.100
NODATA_VALUE     -9999.0
[rows 0 to 26 of 79, columns 0 to 58 of 79]
-9999.000 -9999.000 -9999.000 -9999.000 -9999.000 -9999.000 -9999.000 -9999.000 -9999.000 -9999.000 -9999.000 -9999.000 -9999.000 -9999.000 -9999.000 -0.9642155E-01 -0.9427132E-01 -0.9374873E-01 -0.9397627E-01 -0.9446231E-01 -0.9502658E-01 -0.9562462E-01 -0.9618479E-01 -0.9669359E-01 -0.9715571E-01 -0.9756880E-01 -0.9797920E-01 -0.9858871E-01 -0.1000090 -0.1013467 -0.1013467 -9999.000 -9999.000 -9999.000 -9999.000 -9999.000 -9999.000 -9999.000 -9999.000 -9999.000 -9999.000 -9999.000 -9999.000 -9999.000 -9999.000 -9999.000 -9999.000 -9999.000 -9999.000 -9999.000 -9999.000 -9999.000 -9999.000 -9999.000 -9999.000 -9999.000 -9999.000 -9999.000 -9999.000
-9999.000 -9999.000 -9999.000 -9999.000 -9999.000 -9999.000 -9999.000 -9999.000 -9999.000 -9999.000 -9999.000 -9999.000 -9999.000 -9999.000 -9999.000 -0.9526929E-01 -0.9083957E-01 -0.8974179E-01 -0.9026569E-01 -0.9137477E-01 -0.9268203E-01 -0.9408511E-01 -0.9542414E-01 -0.9666364E-01 -0.9780806E-01 -0.9884761E-01 -0.9987629E-01 -0.1013143 -0.1044371 -0.1076894 -0.1076894 -9999.000 -9999.000 -9999.000 -9999.000 -9999.000 -9999.000 -9999.000 -9999.000 -9999.000 -9999.000 -9999.000 -9999.000 -9999.000 -9999.000 -9999.000 -9999.000 -9999.000 -9999.000 -9999.000 -9999.000 -9999.000 -9999.000 -9999.000 -9999.000 -9999.000 -9999.000 -9999.000 -9999.000
-9999.000 -9999.000 -9999.000 -9999.000 -9999.000 -9999.000 -9999.000 -9999.000 -9999.000 -9999.000 -9999.000 -9999.000 -9999.000 -9999.000 -9999.000 -0.9276691E-01 -0.8595430E-01 -0.8423515E-01 -0.8518384E-01 -0.8714145E-01 -0.8947726E-01 -0.9201313E-01 -0.9447680E-01 -0.9679871E-01 -0.9897327E-01 -0.1009734 -0.1029405 -0.1055382 -0.1107965 -0.1167417 -0.1167417 -9999.000 -9999.000 -9999.000 -9999.000 -9999.000 -9999.000 -9999.000 -9999.000 -9999.000 -9999.000 -9999.000 -9999.000 -9999.000 -9999.000 -9999.000 -9999.000 -9999.000 -9999.000 -9999.000 -9999.000 -9999.000 -9999.000 -9999.000 -9999.000 -9999.000 -9999.000 -9999.000 -9999.000
-9999.000 -9999.000 -9999.000 -9999.000 -9999.000 -9999.000 -9999.000 -9999.000 -9999.000 -9999.000 -9999.000 -9999.000 -9999.000 -9999.000 -9999.000 -0.8960582E-01 -0.8050490E-01 -0.7819081E-01 -0.7962791E-01 -0.8251741E-01 -0.8597945E-01 -0.8975872E-01 -0.9346346E-01 -0.9698749E-01 -0.1003111 -0.1033840 -0.1063929 -0.1102534 -0.1177892 -0.1269514 -0.1269514 -9999.000 -9999.000 -9999.000 -9999.000 -9999.000 -9999.000 -9999.000 -9999.000 -9999.000 -9999.000 -9999.000 -9999.000 -9999.000 -9999.000 -9999.000 -9999.000 -9999.000 -9999.000 -9999.000 -9999.000 -9999.000 -9999.000 -9999.000 -9999.000 -9999.000 -9999.000 -9999.000 -9999.000
-9999.000 -9999.000 -9999.000 -9999.000 -9999.000 -9999.000 -9999.000 -9999.000 -9999.000 -9999.000 -9999.000 -9999.000 -9999.000 -9999.000 -9999.000 -0.8601572E-01 -0.7468088E-01 -0.7178266E-01 -0.7374962E-01 -0.7762483E-01 -0.8227494E-01 -0.8736778E-01 -0.9238485E-01 -0.9718357E-01 -0.1017284 -0.1059423 -0.1100596 -0.1152623 -0.1252189 -0.1381672 -0.1381672 -9999.000 -9999.000 -9999.000 -9999.000 -9999.000 -9999.000 -9999.000 -9999.000 -9999.000 -9999.000 -9999.000 -9999.000 -9999.000 -9999.000 -9999.000 -9999.000 -9999.000 -9999.000 -9999.000 -9999.000 -9999.000 -9999.000 -9999.000 -9999.000 -9999.000 -9999.000 -9999.000 -9999.000
-9999.000 -9999.000 -9999.000 -9999.000 -9999.000 -9999.000 -9999.000 -9999.000 -9999.000 -9999.000 -9999.000 -9999.000 -9999.000 -9999.000 -9999.000 -0.8207877E-01 -0.6855685E-01 -0.6508276E-01 -0.6761268E-01 -0.7251442E-01 -0.7839800E-01 -0.8485546E-01 -0.9123516E-01 -0.9735944E-01 -0.1031766 -0.1085806 -0.1138566 -0.1204720 -0.1330059 -0.1504049 -0.1504049 -9999.000 -9999.000 -9999.000 -9999.000 -9999.000 -9999.000 -9999.000 -9999.000 -9999.000 -9999.000 -9999.000 -9999.000 -9999.000 -9999.000 -9999.000 -9999.000 -9999.000 -9999.000 -9999.000 -9999.000 -9999.000 -9999.000 -9999.000 -9999.000 -9999.000 -9999.000 -9999.000 -9999.000
-9999.000 -9999.000 -9999.000 -9999.000 -9999.000 -9999.000 -9999.000 -9999.000 -9999.000 -9999.000 -9999.000 -9999.000 -9999.000 -9999.000 -9999.000 -0.7780746E-01 -0.6215255E-01 -0.5811312E-01 -0.6123813E-01 -0.6720228E-01 -0.7435712E-01 -0.8222251E-01 -0.9000488E-01 -0.9749545E-01 -0.1046264 -0.1112593 -0.1177370 -0.1258364 -0.1411254 -0.1637831 -0.1637831 -9999.000 -9999.000 -9999.000 -9999.000 -9999.000 -9999.000 -9999.000 -9999.000 -9999.000 -9999.000 -9999.000 -9999.000 -9999.000 -9999.000 -9999.000 -9999.000 -9999.000 -9999.000 -9999.000 -9999.000 -9999.000 -9999.000 -9999.000 -9999.000 -9999.000 -9999.000 -9999.000 -9999.000
-9999.000 -9999.000 -9999.000 -9999.000 -9999.000 -9999.000 -9999.000 -9999.000 -9999.000 -9999.000 -9999.000 -9999.000 -9999.000 -9999.000 -9999.000 -0.7317963E-01 -0.5545975E-01 -0.5087103E-01 -0.5462535E-01 -0.6168645E-01 -0.7014751E-01 -0.7946049E-01 -0.8868034E-01 -0.9757266E-01 -0.1060533 -0.1139494 -0.1216683 -0.1313265 -0.1495769 -0.1784979 -0.1784979 -9999.000 -9999.000 -9999.000 -9999.000 -9999.000 -9999.000 -9999.000 -9999.000 -9999.000 -9999.000 -9999.000 -9999.000 -9999.000 -9999.000 -9999.000 -9999.000 -9999.000 -9999.000 -9999.000 -9999.000 -9999.000 -9999.000 -9999.000 -9999.000 -9999.000 -9999.000 -9999.000 -9999.000
-9999.000 -9999.000 -9999.000 -9999.000 -9999.000 -9999.000 -9999.000 -9999.000 -9999.000 -9999.000 -9999.000 -9999.000 -9999.000 -9999.000 -9999.000 -0.6815369E-01 -0.4845493E-01 -0.4333908E-01 -0.4776118E-01 -0.5595459E-01 -0.6575580E-01 -0.7655428E-01 -0.8724303E-01 -0.9756909E-01 -0.1074323 -0.1166217 -0.1256193 -0.1369177 -0.1583703 -0.1948246 -0.1948246 -9999.000 -9999.000 -9999.000 -9999.000 -9999.000 -9999.000 -9999.000 -9999.000 -9999.000 -9999.000 -9999.000 -9999.000 -9999.000 -9999.000 -9999.000 -9999.000 -9999.000 -9999.000 -9999.000 -9999.000 -9999.000 -9999.000 -9999.000 -9999.000 -9999.000 -9999.000 -9999.000 -9999.000
-9999.000 -9999.000 -9999.000 -9999.000 -9999.000 -9999.000 -9999.000 -9999.000 -9999.000 -9999.000 -9999.000 -9999.000 -9999.000 -9999.000 -9999.000 -0.6267399E-01 -0.4110368E-01 -0.3549006E-01 -0.4062369E-01 -0.4998599E-01 -0.6116049E-01 -0.7348219E-01 -0.8566827E-01 -0.9745711E-01 -0.1087326 -0.1192418 -0.1295539 -0.1425816 -0.1675188 -0.2131360 -0.2131360 -9999.000 -9999.000 -9999.000 -9999.000 -9999.000 -9999.000 -9999.000 -9999.000 -9999.000 -9999.000 -9999.000 -9999.000 -9999.000 -9999.000 -9999.000 -9999.000 -9999.000 -9999.000 -9999.000 -9999.000 -9999.000 -9999.000 -9999.000 -9999.000 -9999.000 -9999.000 -9999.000 -9999.000
-9999.000 -9999.000 -9999.000 -9999.000 -9999.000 -9999.000 -9999.000 -9999.000 -9999.000 -9999.000 -9999.000 -9999.000 -9999.000 -9999.000 -9999.000 -0.5667239E-01 -0.3336056E-01 -0.2728684E-01 -0.3318176E-01 -0.4375131E-01 -0.5633222E-01 -0.7021429E-01 -0.8392294E-01 -0.9720027E-01 -0.1099142 -0.1217645 -0.1334236 -0.1482781 -0.1770324 -0.2339385 -0.2339385 -9999.000 -9999.000 -9999.000 -9999.000 -9999.000 -9999.000 -9999.000 -9999.000 -9999.000 -9999.000 -9999.000 -9999.000 -9999.000 -9999.000 -9999.000 -9999.000 -9999.000 -9999.000 -9999.000 -9999.000 -9999.000 -9999.000 -9999.000 -9999.000 -9999.000 -9999.000 -9999.000 -9999.000
-9999.000 -9999.000 -9999.000 -9999.000 -9999.000 -9999.000 -9999.000 -9999.000 -9999.000 -9999.000 -9999.000 -9999.000 -9999.000 -9999.000 -9999.000 -0.5006608E-01 -0.2516797E-01 -0.1868040E-01 -0.2539358E-01 -0.3721093E-01 -0.5123059E-01 -0.6670945E-01 -0.8196153E-01 -0.9674833E-01 -0.1109212 -0.1241263 -0.1371593 -0.1539468 -0.1869099 -0.2579308 -0.2579308 -9999.000 -9999.000 -9999.000 -9999.000 -9999.000 -9999.000 -9999.000 -9999.000 -9999.000 -9999.000 -9999.000 -9999.000 -9999.000 -9999.000 -9999.000 -9999.000 -9999.000 -9999.000 -9999.000 -9999.000 -9999.000 -9999.000 -9999.000 -9999.000 -9999.000 -9999.000 -9999.000 -9999.000
-9999.000 -9999.000 -9999.000 -9999.000 -9999.000 -9999.000 -9999.000 -9999.000 -9999.000 -9999.000 -9999.000 -9999.000 -9999.000 -9999.000 -9999.000 -0.4275173E-01 -0.1644995E-01 -0.9604722E-02 -0.1720121E-01 -0.3030955E-01 -0.4580007E-01 -0.6291052E-01 -0.7972042E-01 -0.9603059E-01 -0.1116745 -0.1262366 -0.1406605 -0.1594944 -0.1971284 -0.2861031 -0.2861031 -9999.000 -9999.000 -9999.000 -9999.000 -9999.000 -9999.000 -9999.000 -9999.000 -9999.000 -9999.000 -9999.000 -9999.000 -9999.000 -9999.000 -9999.000 -9999.000 -9999.000 -9999.000 -9999.000 -9999.000 -9999.000 -9999.000 -9999.000 -9999.000 -9999.000 -9999.000 -9999.000 -9999.000
-9999.000 -9999.000 -9999.000 -9999.000 -9999.000 -9999.000 -9999.000 -9999.000 -9999.000 -9999.000 -9999.000 -9999.000 -9999.000 -9999.000 -9999.000 -0.3442796E-01 -0.7000649E-02 0.7003934E-04 -0.8535767E-02 -0.2299392E-01 -0.3999295E-01 -0.5876942E-01 -0.7714004E-01 -0.9497381E-01 -0.1120830 -0.1279813 -0.1437926 -0.1647875 -0.2076378 -0.3199368 -0.3199368 -9999.000 -9999.000 -9999.000 -9999.000 -9999.000 -9999.000 -9999.000 -9999.000 -9999.000 -9999.000 -9999.000 -9999.000 -9999.000 -9999.000 -9999.000 -9999.000 -9999.000 -9999.000 -9999.000 -9999.000 -9999.000 -9999.000 -9999.000 -9999.000 -9999.000 -9999.000 -9999.000 -9999.000
-9999.000 -9999.000 -9999.000 -9999.000 -9999.000 -9999.000 -9999.000 -9999.000 -9999.000 -9999.000 -9999.000 -9999.000 -9999.000 -9999.000 -9999.000 -0.1440450E-02 0.1012892E-01 0.8541916E-02 -0.4496804E-02 -0.2007622E-01 -0.3814822E-01 -0.5803984E-01 -0.7734442E-01 -0.9608695E-01 -0.1140813 -0.1307777 -0.1475204 -0.1703773 -0.2185138 -0.3593248 -0.3593248 -9999.000 -9999.000 -9999.000 -9999.000 -9999.000 -9999.000 -9999.000 -9999.000 -9999.000 -9999.000 -9999.000 -9999.000 -9999.000 -9999.000 -9999.000 -9999.000 -9999.000 -9999.000 -9999.000 -9999.000 -9999.000 -9999.000 -9999.000 -9999.000 -9999.000 -9999.000 -9999.000 -9999.000
-0.3901279E-02 -0.3901279E-02 -0.4657898E-02 -0.7148648E-02 -0.6539259E-02 -0.6539259E-02 -0.6328908E-02 -0.6257362E-02 -0.6257362E-02 -0.6255693E-02 -0.6255693E-02 -0.6240405E-02 -0.6227446E-02 -0.6211995E-02 -0.6197472E-02 -0.6197472E-02 0.1983677E-01 0.1399940E-01 -0.7025377E-03 -0.2100006E-01 -0.4581879E-01 -0.7396079E-01 -0.1036535 -0.1335915 -0.1627162 -0.1900355 -0.2153224 -0.2406000 -0.2743163 -0.3580841 -0.3580841 -0.1961858 -0.1040331 -0.3479376E-01 -0.2567007E-01 -0.2567007E-01 -0.1844091E-01 -0.1844091E-01 -0.5266588E-02 -0.5266588E-02 0.5928892E-02 0.2695306E-01 0.2695306E-01 -0.2759305E-02 -0.2759305E-02 -0.3320621E-02 -0.3320621E-02 -0.3320621E-02 0.1014918E-02 0.1014918E-02 0.1617062E-02 0.1617062E-02 0.5556612E-03 0.5556612E-03 -0.8060166E-03 -0.8060166E-03 -0.2069736E-02 -0.2069736E-02 -0.2069736E-02
-0.5576031E-02 -0.5576031E-02 -0.6882186E-02 -0.1033241E-01 -0.9234288E-02 -0.9234288E-02 -0.8852163E-02 -0.8786537E-02 -0.8786537E-02 -0.8831813E-02 -0.8831813E-02 -0.8831270E-02 -0.8821095E-02 -0.8807250E-02 -0.8804087E-02 -0.8804087E-02 0.1575324E-01 0.1008961E-01 -0.5935437E-02 -0.3175102E-01 -0.6533548E-01 -0.1047957 -0.1485149 -0.1945318 -0.2409859 -0.2862201 -0.3285519 -0.3662257 -0.3972871 -0.4213031 -0.4213031 -0.2835345 -0.1868235 -0.9536748E-01 -0.7716069E-01 -0.7716069E-01 -0.5196355E-01 -0.5196355E-01 -0.7399943E-02 -0.7399943E-02 0.2586756E-01 0.8683190E-01 0.8683190E-01 0.5322896E-01 0.5322896E-01 0.1119068E-01 0.1119068E-01 0.1119068E-01 0.6515805E-02 0.6515805E-02 0.2690334E-02 0.2690334E-02 -0.1333725E-02 -0.1333725E-02 -0.4911995E-02 -0.4911995E-02 -0.7657550E-02 -0.7657550E-02 -0.7657550E-02
-0.3677524E-02 -0.3677524E-02 -0.6047221E-02 -0.8797863E-02 -0.7877588E-02 -0.7877588E-02 -0.7446523E-02 -0.7386314E-02 -0.7386314E-02 -0.7485813E-02 -0.7485813E-02 -0.7514780E-02 -0.7514706E-02 -0.7510812E-02 -0.7535590E-02 -0.7535590E-02 0.8899930E-02 0.2897849E-02 -0.1353602E-01 -0.3998791E-01 -0.7500929E-01 -0.1170409 -0.1647312 -0.2165462 -0.2708961 -0.3262262 -0.3808278 -0.4326304 -0.4787985 -0.5117947 -0.5117947 -0.4210769 -0.3365381 -0.2208603 -0.1830394 -0.1830394 -0.1123124 -0.1123124 -0.7396411E-02 -0.7396411E-02 0.5822804E-01 0.1689161 0.1689161 0.1658399 0.1658399 0.5441518E-01 0.5441518E-01 0.5441518E-01 0.2103098E-01 0.2103098E-01 0.3511180E-02 0.3511180E-02 -0.7295468E-02 -0.7295468E-02 -0.1451339E-01 -0.1451339E-01 -0.1888254E-01 -0.1888254E-01 -0.1888254E-01
-0.1787824E-02 -0.1787824E-02 -0.5394668E-02 -0.7193035E-02 -0.6390400E-02 -0.6390400E-02 -0.5947851E-02 -0.5865627E-02 -0.5865627E-02 -0.5980044E-02 -0.5980044E-02 -0.6017760E-02 -0.6018156E-02 -0.6014558E-02 -0.6060316E-02 -0.6060316E-02 0.1746912E-02 -0.6320721E-02 -0.2423754E-01 -0.5166010E-01 -0.8752882E-01 -0.1305692 -0.1796129 -0.2334420 -0.2908026 -0.3504525 -0.4110167 -0.4707168 -0.5268290 -0.5717806 -0.5717806 -0.5268610 -0.4655164 -0.3509154 -0.2980410 -0.2980410 -0.1712494 -0.1712494 0.5498703E-02 0.5498703E-02 0.9784517E-01 0.2339778 0.2339778 0.2526138 0.2526138 0.1080353 0.1080353 0.1080353 0.4240653E-01 0.4240653E-01 0.5925436E-02 0.5925436E-02 -0.1471975E-01 -0.1471975E-01 -0.2669395E-01 -0.2669395E-01 -0.3270949E-01 -0.3270949E-01 -0.3270949E-01
0.2111098E-04 0.2111098E-04 -0.4824204E-02 -0.5556856E-02 -0.4870180E-02 -0.4870180E-02 -0.4468398E-02 -0.4377925E-02 -0.4377925E-02 -0.4484055E-02 -0.4484055E-02 -0.4518591E-02 -0.4517090E-02 -0.4511601E-02 -0.4582383E-02 -0.4582383E-02 -0.5706250E-02 -0.1746738E-01 -0.3826835E-01 -0.6776192E-01 -0.1051229 -0.1493283 -0.1993847 -0.2542913 -0.3130268 -0.3745786 -0.4378567 -0.5014594 -0.5631297 -0.6164963 -0.6164963 -0.6068217 -0.5699126 -0.4656255 -0.3971585 -0.3971585 -0.2024289 -0.2024289 0.3524039E-01 0.3524039E-01 0.1375647 0.2708199 0.2708199 0.2990850 0.2990850 0.1580501 0.1580501 0.1580501 0.6829136E-01 0.6829136E-01 0.1211658E-01 0.1211658E-01 -0.2036114E-01 -0.2036114E-01 -0.3829269E-01 -0.3829269E-01 -0.4634323E-01 -0.4634323E-01 -0.4634323E-01
0.8482695E-03 0.8482695E-03 -0.3744872E-02 -0.3793190E-02 -0.3288968E-02 -0.3288968E-02 -0.2986540E-02 -0.2910898E-02 -0.2910898E-02 -0.2991584E-02 -0.2991584E-02 -0.3015761E-02 -0.3012598E-02 -0.3006099E-02 -0.3111602E-02 -0.3111602E-02 -0.1387461E-01 -0.3084774E-01 -0.5604710E-01 -0.8893445E-01 -0.1287644 -0.1747094 -0.2259723 -0.2817720 -0.3413137 -0.4037915 -0.4683367 -0.5338438 -0.5985115 -0.6572861 -0.6572861 -0.6721874 -0.6557665 -0.5539938 -0.4595503 -0.4595503 -0.1892532 -0.1892532 0.7127804E-01 0.7127804E-01 0.1648343 0.2782508 0.2782508 0.3100601 0.3100601 0.1954148 0.1954148 0.1954148 0.9512331E-01 0.9512331E-01 0.2246024E-01 0.2246024E-01 -0.2253992E-01 -0.2253992E-01 -0.4751296E-01 -0.4751296E-01 -0.5818374E-01 -0.5818374E-01 -0.5818374E-01
0.5172075E-03 0.5172075E-03 -0.1941799E-02 -0.1904915E-02 -0.1649962E-02 -0.1649962E-02 -0.1491970E-02 -0.1450936E-02 -0.1450936E-02 -0.1495240E-02 -0.1495240E-02 -0.1508896E-02 -0.1507299E-02 -0.1503668E-02 -0.1659273E-02 -0.1659273E-02 -0.2343811E-01 -0.4716361E-01 -0.7836077E-01 -0.1160991 -0.1595633 -0.2080400 -0.2609214 -0.3176617 -0.3777238 -0.4405470 -0.5054997 -0.5717461 -0.6378706 -0.6998624 -0.6998624 -0.7307581 -0.7278745 -0.6011940 -0.4635778 -0.4635778 -0.1386983 -0.1386983 0.9650346E-01 0.9650346E-01 0.1712710 0.2622962 0.2622962 0.2960110 0.2960110 0.2156563 0.2156563 0.2156563 0.1184335 0.1184335 0.3567684E-01 0.3567684E-01 -0.2070423E-01 -0.2070423E-01 -0.5322670E-01 -0.5322670E-01 -0.6706154E-01 -0.6706154E-01 -0.6706154E-01
0.7057496E-07 0.7057496E-07 0.7661642E-07 -0.1011784E-07 -0.1801938E-06 -0.1801938E-06 -0.3927303E-07 -0.1198529E-06 -0.1198529E-06 -0.2258276E-06 -0.2258276E-06 -0.1759794E-06 -0.1359087E-06 -0.1015723E-06 -0.2238415E-03 -0.2238415E-03 -0.3537750E-01 -0.6758372E-01 -0.1064997 -0.1506374 -0.1989977 -0.2509138 -0.3059478 -0.3637953 -0.4242012 -0.4868946 -0.5515268 -0.6175582 -0.6839088 -0.7471409 -0.7471409 -0.7862927 -0.7850715 -0.5834118 -0.3984413 -0.3984413 -0.7964800E-01 -0.7964800E-01 0.1014382 0.1014382 0.1579054 0.2317940 0.2317940 0.2668925 0.2668925 0.2185010 0.2185010 0.2185010 0.1340780 0.1340780 0.4923133E-01 0.4923133E-01 -0.1531227E-01 -0.1531227E-01 -0.5482405E-01 -0.5482405E-01 -0.7203072E-01 -0.7203072E-01 -0.7203072E-01
-0.5170867E-03 -0.5170867E-03 0.1942024E-02 0.1904920E-02 0.1649747E-02 0.1649747E-02 0.1491868E-02 0.1450752E-02 0.1450752E-02 0.1494714E-02 0.1494714E-02 0.1508671E-02 0.1507069E-02 0.1503479E-02 0.1187283E-02 0.1187283E-02 -0.5118296E-01 -0.9398002E-01 -0.1425183 -0.1946570 -0.2491704 -0.3054220 -0.3631451 -0.4222870 -0.4828908 -0.5450037 -0.6086010 -0.6734681 -0.7387654 -0.8006591 -0.8006591 -0.8377586 -0.8135902 -0.4851122 -0.2880749 -0.2880749 -0.3904740E-01 -0.3904740E-01 0.8892187E-01 0.8892187E-01 0.1322341 0.1945591 0.1945591 0.2299106 0.2299106 0.2064605 0.2064605 0.2064605 0.1394292 0.1394292 0.6009449E-01 0.6009449E-01 -0.7673257E-02 -0.7673257E-02 -0.5222837E-01 -0.5222837E-01 -0.7239243E-01 -0.7239243E-01 -0.7239243E-01
-0.8483230E-03 -0.8483230E-03 0.3744947E-02 0.3793288E-02 0.3288988E-02 0.3288988E-02 0.2986438E-02 0.2910753E-02 0.2910753E-02 0.2991045E-02 0.2991045E-02 0.3015483E-02 0.3012453E-02 0.3005922E-02 0.2564470E-02 0.2564470E-02 -0.7321233E-01 -0.1293107 -0.1896070 -0.2513362 -0.3131223 -0.3744288 -0.4352143 -0.4957136 -0.5562882 -0.6173205 -0.6791294 -0.7418207 -0.8044400 -0.8599313 -0.8599313 -0.8731357 -0.7755402 -0.3362568 -0.1834782 -0.1834782 -0.2294364E-01 -0.2294364E-01 0.6771725E-01 0.6771725E-01 0.1022480 0.1557752 0.1557752 0.1895618 0.1895618 0.1831777 0.1831777 0.1831777 0.1338846 0.1338846 0.6567248E-01 0.6567248E-01 0.4118006E-03 0.4118006E-03 -0.4588114E-01 -0.4588114E-01 -0.6777562E-01 -0.6777562E-01 -0.6777562E-01
-0.2126284E-04 -0.2126284E-04 0.4824024E-02 0.5556862E-02 0.4870298E-02 0.4870298E-02 0.4468407E-02 0.4377700E-02 0.4377700E-02 0.4483605E-02 0.4483605E-02 0.4518308E-02 0.4517063E-02 0.4511398E-02 0.3901175E-02 0.3901175E-02 -0.1054115 -0.1783523 -0.2527512 -0.3254936 -0.3953185 -0.4619874 -0.5258164 -0.5874043 -0.6474690 -0.7067409 -0.7658836 -0.8252248 -0.8823003 -0.9169680 -0.9169680 -0.8504965 -0.6206031 -0.2042664 -0.1171718 -0.1171718 -0.2136576E-01 -0.2136576E-01 0.4528830E-01 0.4528830E-01 0.7308702E-01 0.1181786 0.1181786 0.1484273 0.1484273 0.1522610 0.1522610 0.1522610 0.1185811 0.1185811 0.6453151E-01 0.6453151E-01 0.7155575E-02 0.7155575E-02 -0.3663869E-01 -0.3663869E-01 -0.5823174E-01 -0.5823174E-01 -0.5823174E-01
0.1787549E-02 0.1787549E-02 0.5394458E-02 0.7192979E-02 0.6390450E-02 0.6390450E-02 0.5948028E-02 0.5865466E-02 0.5865466E-02 0.5979864E-02 0.5979864E-02 0.6017401E-02 0.6018019E-02 0.6014191E-02 0.5170780E-02 0.5170780E-02 -0.1548829 -0.2491847 -0.3399981 -0.4246300 -0.5025032 -0.5740495 -0.6401672 -0.7019430 -0.7605079 -0.8169533 -0.8722762 -0.9265696 -0.9698328 -0.9337878 -0.9337878 -0.6887363 -0.3729533 -0.1251689 -0.8446981E-01 -0.8446981E-01 -0.2330601E-01 -0.2330601E-01 0.2564229E-01 0.2564229E-01 0.4719501E-01 0.8309052E-01 0.8309052E-01 0.1080867 0.1080867 0.1168398 0.1168398 0.1168398 0.9574295E-01 0.9574295E-01 0.5667341E-01 0.5667341E-01 0.1131135E-01 0.1131135E-01 -0.2556243E-01 -0.2556243E-01 -0.4430806E-01 -0.4430806E-01 -0.4430806E-01
