cruce_test.gid/Rasters/Hydraulic/Velocity__y_298.0.asc
NCOLS        79
NROWS        79
XLLCENTER         -1.500000
YLLCENTER         -4.800000
CELLSIZE           0.100
NODATA_VALUE     -9999.0
[rows 0 to 26 of 79, columns 0 to 58 of 79]
-9999.000 -9999.000 -9999.000 -9999.000 -9999.000 -9999.000 -9999.000 -9999.000 -9999.000 -9999.000 -9999.000 -9999.000 -9999.000 -9999.000 -9999.000 -0.9534657E-01 -0.9302478E-01 -0.9236380E-01 -0.9256794E-01 -0.9307785E-01 -0.9367178E-01 -0.9429754E-01 -0.9489410E-01 -0.9542383E-01 -0.9590430E-01 -0.9633340E-01 -0.9675428E-01 -0.9736275E-01 -0.9876815E-01 -0.1001136 -0.1001136 -9999.000 -9999.000 -9999.000 -9999.000 -9999.000 -9999.000 -9999.000 -9999.000 -9999.000 -9999.000 -9999.000 -9999.000 -9999.000 -9999.000 -9999.000 -9999.000 -9999.000 -9999.000 -9999.000 -9999.000 -9999.000 -9999.000 -9999.000 -9999.000 -9999.000 -9999.000 -9999.000 -9999.000
-9999.000 -9999.000 -9999.000 -9999.000 -9999.000 -9999.000 -9999.000 -9999.000 -9999.000 -9999.000 -9999.000 -9999.000 -9999.000 -9999.000 -9999.000 -0.9442871E-01 -0.8962828E-01 -0.8823375E-01 -0.8870530E-01 -0.8986417E-01 -0.9123534E-01 -0.9269927E-01 -0.9411845E-01 -0.9540575E-01 -0.9659236E-01 -0.9766864E-01 -0.9872130E-01 -0.1001581 -0.1032504 -0.1065159 -0.1065159 -9999.000 -9999.000 -9999.000 -9999.000 -9999.000 -9999.000 -9999.000 -9999.000 -9999.000 -9999.000 -9999.000 -9999.000 -9999.000 -9999.000 -9999.000 -9999.000 -9999.000 -9999.000 -9999.000 -9999.000 -9999.000 -9999.000 -9999.000 -9999.000 -9999.000 -9999.000 -9999.000 -9999.000
-9999.000 -9999.000 -9999.000 -9999.000 -9999.000 -9999.000 -9999.000 -9999.000 -9999.000 -9999.000 -9999.000 -9999.000 -9999.000 -9999.000 -9999.000 -0.9220462E-01 -0.8478824E-01 -0.8258663E-01 -0.8344711E-01 -0.8548202E-01 -0.8791975E-01 -0.9055488E-01 -0.9315020E-01 -0.9555183E-01 -0.9779742E-01 -0.9985898E-01 -0.1018656 -0.1044612 -0.1096686 -0.1156283 -0.1156283 -9999.000 -9999.000 -9999.000 -9999.000 -9999.000 -9999.000 -9999.000 -9999.000 -9999.000 -9999.000 -9999.000 -9999.000 -9999.000 -9999.000 -9999.000 -9999.000 -9999.000 -9999.000 -9999.000 -9999.000 -9999.000 -9999.000 -9999.000 -9999.000 -9999.000 -9999.000 -9999.000 -9999.000
-9999.000 -9999.000 -9999.000 -9999.000 -9999.000 -9999.000 -9999.000 -9999.000 -9999.000 -9999.000 -9999.000 -9999.000 -9999.000 -9999.000 -9999.000 -0.8934096E-01 -0.7939123E-01 -0.7640444E-01 -0.7771762E-01 -0.8071240E-01 -0.8431366E-01 -0.8822935E-01 -0.9211712E-01 -0.9575119E-01 -0.9917329E-01 -0.1023316 -0.1053946 -0.1092502 -0.1167118 -0.1258831 -0.1258831 -9999.000 -9999.000 -9999.000 -9999.000 -9999.000 -9999.000 -9999.000 -9999.000 -9999.000 -9999.000 -9999.000 -9999.000 -9999.000 -9999.000 -9999.000 -9999.000 -9999.000 -9999.000 -9999.000 -9999.000 -9999.000 -9999.000 -9999.000 -9999.000 -9999.000 -9999.000 -9999.000 -9999.000
-9999.000 -9999.000 -9999.000 -9999.000 -9999.000 -9999.000 -9999.000 -9999.000 -9999.000 -9999.000 -9999.000 -9999.000 -9999.000 -9999.000 -9999.000 -0.8606715E-01 -0.7362559E-01 -0.6985992E-01 -0.7166833E-01 -0.7567756E-01 -0.8050370E-01 -0.8576899E-01 -0.9102053E-01 -0.9595800E-01 -0.1006281 -0.1049505 -0.1091354 -0.1143280 -0.1241838 -0.1371275 -0.1371275 -9999.000 -9999.000 -9999.000 -9999.000 -9999.000 -9999.000 -9999.000 -9999.000 -9999.000 -9999.000 -9999.000 -9999.000 -9999.000 -9999.000 -9999.000 -9999.000 -9999.000 -9999.000 -9999.000 -9999.000 -9999.000 -9999.000 -9999.000 -9999.000 -9999.000 -9999.000 -9999.000 -9999.000
-9999.000 -9999.000 -9999.000 -9999.000 -9999.000 -9999.000 -9999.000 -9999.000 -9999.000 -9999.000 -9999.000 -9999.000 -9999.000 -9999.000 -9999.000 -0.8246243E-01 -0.6756370E-01 -0.6302296E-01 -0.6536233E-01 -0.7042819E-01 -0.7652396E-01 -0.8318935E-01 -0.8985539E-01 -0.9614549E-01 -0.1021141 -0.1076490 -0.1130049 -0.1196037 -0.1320058 -0.1493772 -0.1493772 -9999.000 -9999.000 -9999.000 -9999.000 -9999.000 -9999.000 -9999.000 -9999.000 -9999.000 -9999.000 -9999.000 -9999.000 -9999.000 -9999.000 -9999.000 -9999.000 -9999.000 -9999.000 -9999.000 -9999.000 -9999.000 -9999.000 -9999.000 -9999.000 -9999.000 -9999.000 -9999.000 -9999.000
-9999.000 -9999.000 -9999.000 -9999.000 -9999.000 -9999.000 -9999.000 -9999.000 -9999.000 -9999.000 -9999.000 -9999.000 -9999.000 -9999.000 -9999.000 -0.7853661E-01 -0.6122287E-01 -0.5591384E-01 -0.5882012E-01 -0.6498060E-01 -0.7238356E-01 -0.8049144E-01 -0.8861309E-01 -0.9629467E-01 -0.1036027 -0.1103889 -0.1169579 -0.1250317 -0.1401535 -0.1627483 -0.1627483 -9999.000 -9999.000 -9999.000 -9999.000 -9999.000 -9999.000 -9999.000 -9999.000 -9999.000 -9999.000 -9999.000 -9999.000 -9999.000 -9999.000 -9999.000 -9999.000 -9999.000 -9999.000 -9999.000 -9999.000 -9999.000 -9999.000 -9999.000 -9999.000 -9999.000 -9999.000 -9999.000 -9999.000
-9999.000 -9999.000 -9999.000 -9999.000 -9999.000 -9999.000 -9999.000 -9999.000 -9999.000 -9999.000 -9999.000 -9999.000 -9999.000 -9999.000 -9999.000 -0.7426491E-01 -0.5459310E-01 -0.4852832E-01 -0.5204113E-01 -0.5933355E-01 -0.6807840E-01 -0.7766777E-01 -0.8728134E-01 -0.9638760E-01 -0.1050709 -0.1131423 -0.1209632 -0.1305842 -0.1486262 -0.1774335 -0.1774335 -9999.000 -9999.000 -9999.000 -9999.000 -9999.000 -9999.000 -9999.000 -9999.000 -9999.000 -9999.000 -9999.000 -9999.000 -9999.000 -9999.000 -9999.000 -9999.000 -9999.000 -9999.000 -9999.000 -9999.000 -9999.000 -9999.000 -9999.000 -9999.000 -9999.000 -9999.000 -9999.000 -9999.000
-9999.000 -9999.000 -9999.000 -9999.000 -9999.000 -9999.000 -9999.000 -9999.000 -9999.000 -9999.000 -9999.000 -9999.000 -9999.000 -9999.000 -9999.000 -0.6960300E-01 -0.4764954E-01 -0.4084836E-01 -0.4501257E-01 -0.5347575E-01 -0.6359620E-01 -0.7470437E-01 -0.8584338E-01 -0.9640356E-01 -0.1064952 -0.1158817 -0.1249914 -0.1362377 -0.1574344 -0.1937030 -0.1937030 -9999.000 -9999.000 -9999.000 -9999.000 -9999.000 -9999.000 -9999.000 -9999.000 -9999.000 -9999.000 -9999.000 -9999.000 -9999.000 -9999.000 -9999.000 -9999.000 -9999.000 -9999.000 -9999.000 -9999.000 -9999.000 -9999.000 -9999.000 -9999.000 -9999.000 -9999.000 -9999.000 -9999.000
-9999.000 -9999.000 -9999.000 -9999.000 -9999.000 -9999.000 -9999.000 -9999.000 -9999.000 -9999.000 -9999.000 -9999.000 -9999.000 -9999.000 -9999.000 -0.6449264E-01 -0.4035591E-01 -0.3284594E-01 -0.3771363E-01 -0.4738812E-01 -0.5891697E-01 -0.7158088E-01 -0.8427639E-01 -0.9631618E-01 -0.1078463 -0.1185745 -0.1290075 -0.1419646 -0.1665905 -0.2119207 -0.2119207 -9999.000 -9999.000 -9999.000 -9999.000 -9999.000 -9999.000 -9999.000 -9999.000 -9999.000 -9999.000 -9999.000 -9999.000 -9999.000 -9999.000 -9999.000 -9999.000 -9999.000 -9999.000 -9999.000 -9999.000 -9999.000 -9999.000 -9999.000 -9999.000 -9999.000 -9999.000 -9999.000 -9999.000
-9999.000 -9999.000 -9999.000 -9999.000 -9999.000 -9999.000 -9999.000 -9999.000 -9999.000 -9999.000 -9999.000 -9999.000 -9999.000 -9999.000 -9999.000 -0.5886260E-01 -0.3266571E-01 -0.2448354E-01 -0.3011467E-01 -0.4104349E-01 -0.5401320E-01 -0.6826923E-01 -0.8254942E-01 -0.9609027E-01 -0.1090852 -0.1211770 -0.1329647 -0.1477263 -0.1761041 -0.2325806 -0.2325806 -9999.000 -9999.000 -9999.000 -9999.000 -9999.000 -9999.000 -9999.000 -9999.000 -9999.000 -9999.000 -9999.000 -9999.000 -9999.000 -9999.000 -9999.000 -9999.000 -9999.000 -9999.000 -9999.000 -9999.000 -9999.000 -9999.000 -9999.000 -9999.000 -9999.000 -9999.000 -9999.000 -9999.000
-9999.000 -9999.000 -9999.000 -9999.000 -9999.000 -9999.000 -9999.000 -9999.000 -9999.000 -9999.000 -9999.000 -9999.000 -9999.000 -9999.000 -9999.000 -0.5262701E-01 -0.2451974E-01 -0.1571150E-01 -0.2217505E-01 -0.3440422E-01 -0.4884704E-01 -0.6473055E-01 -0.8062002E-01 -0.9567761E-01 -0.1101593 -0.1236288 -0.1367971 -0.1534642 -0.1859739 -0.2563618 -0.2563618 -9999.000 -9999.000 -9999.000 -9999.000 -9999.000 -9999.000 -9999.000 -9999.000 -9999.000 -9999.000 -9999.000 -9999.000 -9999.000 -9999.000 -9999.000 -9999.000 -9999.000 -9999.000 -9999.000 -9999.000 -9999.000 -9999.000 -9999.000 -9999.000 -9999.000 -9999.000 -9999.000 -9999.000
-9999.000 -9999.000 -9999.000 -9999.000 -9999.000 -9999.000 -9999.000 -9999.000 -9999.000 -9999.000 -9999.000 -9999.000 -9999.000 -9999.000 -9999.000 -0.4567850E-01 -0.1584065E-01 -0.6463356E-02 -0.1383934E-01 -0.2741808E-01 -0.4336520E-01 -0.6091071E-01 -0.7842876E-01 -0.9501087E-01 -0.1109932 -0.1258434 -0.1404082 -0.1590888 -0.1961780 -0.2842243 -0.2842243 -9999.000 -9999.000 -9999.000 -9999.000 -9999.000 -9999.000 -9999.000 -9999.000 -9999.000 -9999.000 -9999.000 -9999.000 -9999.000 -9999.000 -9999.000 -9999.000 -9999.000 -9999.000 -9999.000 -9999.000 -9999.000 -9999.000 -9999.000 -9999.000 -9999.000 -9999.000 -9999.000 -9999.000
-9999.000 -9999.000 -9999.000 -9999.000 -9999.000 -9999.000 -9999.000 -9999.000 -9999.000 -9999.000 -9999.000 -9999.000 -9999.000 -9999.000 -9999.000 -0.3762893E-01 -0.6364803E-02 0.3404747E-02 -0.5058134E-02 -0.2005381E-01 -0.3754184E-01 -0.5678208E-01 -0.7593688E-01 -0.9403400E-01 -0.1115130 -0.1277235 -0.1436791 -0.1644805 -0.2066762 -0.3176062 -0.3176062 -9999.000 -9999.000 -9999.000 -9999.000 -9999.000 -9999.000 -9999.000 -9999.000 -9999.000 -9999.000 -9999.000 -9999.000 -9999.000 -9999.000 -9999.000 -9999.000 -9999.000 -9999.000 -9999.000 -9999.000 -9999.000 -9999.000 -9999.000 -9999.000 -9999.000 -9999.000 -9999.000 -9999.000
-9999.000 -9999.000 -9999.000 -9999.000 -9999.000 -9999.000 -9999.000 -9999.000 -9999.000 -9999.000 -9999.000 -9999.000 -9999.000 -9999.000 -9999.000 -0.1417229E-02 0.1201051E-01 0.1175287E-01 -0.1953522E-02 -0.1795852E-01 -0.3637585E-01 -0.5660716E-01 -0.7664759E-01 -0.9552938E-01 -0.1138475 -0.1308180 -0.1476588 -0.1702389 -0.2175663 -0.3563359 -0.3563359 -9999.000 -9999.000 -9999.000 -9999.000 -9999.000 -9999.000 -9999.000 -9999.000 -9999.000 -9999.000 -9999.000 -9999.000 -9999.000 -9999.000 -9999.000 -9999.000 -9999.000 -9999.000 -9999.000 -9999.000 -9999.000 -9999.000 -9999.000 -9999.000 -9999.000 -9999.000 -9999.000 -9999.000
-0.3897747E-02 -0.3897747E-02 -0.5264493E-02 -0.7071761E-02 -0.6562450E-02 -0.6562450E-02 -0.6379123E-02 -0.6297111E-02 -0.6297111E-02 -0.6286514E-02 -0.6286514E-02 -0.6270654E-02 -0.6258266E-02 -0.6243748E-02 -0.6230736E-02 -0.6230736E-02 0.2262299E-01 0.1698671E-01 0.1924821E-02 -0.1870422E-01 -0.4382601E-01 -0.7228035E-01 -0.1024339 -0.1327479 -0.1622825 -0.1900249 -0.2156805 -0.2411455 -0.2747069 -0.3566146 -0.3566146 -0.1962746 -0.1045923 -0.3542851E-01 -0.2627266E-01 -0.2627266E-01 -0.1913003E-01 -0.1913003E-01 -0.6147508E-02 -0.6147508E-02 0.5059954E-02 0.2710035E-01 0.2710035E-01 0.2231197E-02 0.2231197E-02 -0.3449673E-02 -0.3449673E-02 -0.3449673E-02 0.7186443E-03 0.7186443E-03 0.1359985E-02 0.1359985E-02 0.3584861E-03 0.3584861E-03 -0.9679634E-03 -0.9679634E-03 -0.2219704E-02 -0.2219704E-02 -0.2219704E-02
-0.5525553E-02 -0.5525553E-02 -0.7271784E-02 -0.1041859E-01 -0.9379570E-02 -0.9379570E-02 -0.8970646E-02 -0.8824215E-02 -0.8824215E-02 -0.8850534E-02 -0.8850534E-02 -0.8861465E-02 -0.8857443E-02 -0.8849179E-02 -0.8852698E-02 -0.8852698E-02 0.1823264E-01 0.1291884E-01 -0.2840100E-02 -0.2869401E-01 -0.6248408E-01 -0.1022516 -0.1463075 -0.1928279 -0.2398291 -0.2856691 -0.3286656 -0.3670444 -0.3988002 -0.4227839 -0.4227839 -0.2853268 -0.1886253 -0.9696009E-01 -0.7872143E-01 -0.7872143E-01 -0.5386411E-01 -0.5386411E-01 -0.9862744E-02 -0.9862744E-02 0.2347963E-01 0.8671525E-01 0.8671525E-01 0.6121174E-01 0.6121174E-01 0.1245448E-01 0.1245448E-01 0.1245448E-01 0.6598100E-02 0.6598100E-02 0.2425695E-02 0.2425695E-02 -0.1674424E-02 -0.1674424E-02 -0.5277878E-02 -0.5277878E-02 -0.8045865E-02 -0.8045865E-02 -0.8045865E-02
-0.3544562E-02 -0.3544562E-02 -0.5026453E-02 -0.9269364E-02 -0.8198245E-02 -0.8198245E-02 -0.7635528E-02 -0.7408610E-02 -0.7408610E-02 -0.7474266E-02 -0.7474266E-02 -0.7526130E-02 -0.7539337E-02 -0.7546982E-02 -0.7586108E-02 -0.7586108E-02 0.1081640E-01 0.5300441E-02 -0.1077845E-01 -0.3709746E-01 -0.7216674E-01 -0.1143690 -0.1622809 -0.2144492 -0.2692274 -0.3250616 -0.3802557 -0.4327476 -0.4796732 -0.5136721 -0.5136721 -0.4234166 -0.3390554 -0.2234773 -0.1858250 -0.1858250 -0.1160307 -0.1160307 -0.1201329E-01 -0.1201329E-01 0.5400061E-01 0.1681415 0.1681415 0.1729789 0.1729789 0.5853233E-01 0.5853233E-01 0.5853233E-01 0.2248597E-01 0.2248597E-01 0.3727312E-02 0.3727312E-02 -0.7594271E-02 -0.7594271E-02 -0.1505178E-01 -0.1505178E-01 -0.1955878E-01 -0.1955878E-01 -0.1955878E-01
-0.1610869E-02 -0.1610869E-02 -0.3841975E-02 -0.7791122E-02 -0.6774756E-02 -0.6774756E-02 -0.6169007E-02 -0.5893338E-02 -0.5893338E-02 -0.5962074E-02 -0.5962074E-02 -0.6019454E-02 -0.6034314E-02 -0.6043314E-02 -0.6108650E-02 -0.6108650E-02 0.3159593E-02 -0.4392138E-02 -0.2191946E-01 -0.4912446E-01 -0.8494280E-01 -0.1280644 -0.1772614 -0.2313461 -0.2890378 -0.3490868 -0.4101289 -0.4704072 -0.5272033 -0.5731876 -0.5731876 -0.5292099 -0.4683343 -0.3543586 -0.3020286 -0.3020286 -0.1769707 -0.1769707 -0.6629744E-03 -0.6629744E-03 0.9281469E-01 0.2331992 0.2331992 0.2582731 0.2582731 0.1143180 0.1143180 0.1143180 0.4549511E-01 0.4549511E-01 0.6955425E-02 0.6955425E-02 -0.1475230E-01 -0.1475230E-01 -0.2727233E-01 -0.2727233E-01 -0.3360214E-01 -0.3360214E-01 -0.3360214E-01
0.9497655E-04 0.9497655E-04 -0.3714499E-02 -0.6006667E-02 -0.5196601E-02 -0.5196601E-02 -0.4663779E-02 -0.4385921E-02 -0.4385921E-02 -0.4442642E-02 -0.4442642E-02 -0.4500031E-02 -0.4515840E-02 -0.4525900E-02 -0.4623093E-02 -0.4623093E-02 -0.4724511E-02 -0.1601483E-01 -0.3643531E-01 -0.6567506E-01 -0.1029220 -0.1471402 -0.1972966 -0.2523944 -0.3113964 -0.3732791 -0.4369557 -0.5010415 -0.5633008 -0.6175868 -0.6175868 -0.6090144 -0.5728476 -0.4699698 -0.4026410 -0.4026410 -0.2101211 -0.2101211 0.2885571E-01 0.2885571E-01 0.1331039 0.2705849 0.2705849 0.3034606 0.3034606 0.1652377 0.1652377 0.1652377 0.7277933E-01 0.7277933E-01 0.1410586E-01 0.1410586E-01 -0.1994446E-01 -0.1994446E-01 -0.3878116E-01 -0.3878116E-01 -0.4737463E-01 -0.4737463E-01 -0.4737463E-01
0.6513325E-03 0.6513325E-03 -0.2857467E-02 -0.4091782E-02 -0.3528158E-02 -0.3528158E-02 -0.3132098E-02 -0.2900436E-02 -0.2900436E-02 -0.2938898E-02 -0.2938898E-02 -0.2987799E-02 -0.3002258E-02 -0.3011517E-02 -0.3149031E-02 -0.3149031E-02 -0.1326332E-01 -0.2985516E-01 -0.5472144E-01 -0.8735914E-01 -0.1270448 -0.1729531 -0.2242668 -0.2802014 -0.3399535 -0.4027071 -0.4675916 -0.5335132 -0.5986928 -0.6582606 -0.6582606 -0.6742797 -0.6588472 -0.5597017 -0.4671308 -0.4671308 -0.1980594 -0.1980594 0.6611794E-01 0.6611794E-01 0.1618454 0.2786427 0.2786427 0.3134350 0.3134350 0.2023749 0.2023749 0.2023749 0.1004963 0.1004963 0.2538543E-01 0.2538543E-01 -0.2154925E-01 -0.2154925E-01 -0.4779100E-01 -0.4779100E-01 -0.5927055E-01 -0.5927055E-01 -0.5927055E-01
0.2943192E-03 0.2943192E-03 -0.1386580E-02 -0.2059799E-02 -0.1777943E-02 -0.1777943E-02 -0.1569838E-02 -0.1444046E-02 -0.1444046E-02 -0.1465540E-02 -0.1465540E-02 -0.1492141E-02 -0.1500009E-02 -0.1504960E-02 -0.1694664E-02 -0.1694664E-02 -0.2314650E-01 -0.4660609E-01 -0.7754884E-01 -0.1150786 -0.1584030 -0.2068201 -0.2597157 -0.3165428 -0.3767611 -0.4398043 -0.5050387 -0.5716377 -0.6382056 -0.7008778 -0.7008778 -0.7328632 -0.7312838 -0.6091344 -0.4735843 -0.4735843 -0.1467464 -0.1467464 0.9333745E-01 0.9333745E-01 0.1698452 0.2630780 0.2630780 0.2985961 0.2985961 0.2216823 0.2216823 0.2216823 0.1240713 0.1240713 0.3934886E-01 0.3934886E-01 -0.1909735E-01 -0.1909735E-01 -0.5319888E-01 -0.5319888E-01 -0.6811920E-01 -0.6811920E-01 -0.6811920E-01
0.1243163E-06 0.1243163E-06 -0.7271056E-07 0.4892589E-07 0.1172079E-06 0.1172079E-06 0.2383972E-07 -0.5674400E-07 -0.5674400E-07 -0.1618386E-06 -0.1618386E-06 0.6227951E-07 0.1228594E-07 -0.7238107E-07 -0.2613643E-03 -0.2613643E-03 -0.3537989E-01 -0.6745209E-01 -0.1062173 -0.1502175 -0.1984748 -0.2503365 -0.3053676 -0.3632665 -0.4237794 -0.4866358 -0.5514888 -0.6178060 -0.6845288 -0.7483407 -0.7483407 -0.7885867 -0.7892678 -0.5942532 -0.4095943 -0.4095943 -0.8519391E-01 -0.8519391E-01 0.1000497 0.1000497 0.1575678 0.2326864 0.2326864 0.2688543 0.2688543 0.2233388 0.2233388 0.2233388 0.1394265 0.1394265 0.5333213E-01 0.5333213E-01 -0.1314956E-01 -0.1314956E-01 -0.5443777E-01 -0.5443777E-01 -0.7298237E-01 -0.7298237E-01 -0.7298237E-01
-0.2941165E-03 -0.2941165E-03 0.1386532E-02 0.2059920E-02 0.1777889E-02 0.1777889E-02 0.1569810E-02 0.1443955E-02 0.1443955E-02 0.1465296E-02 0.1465296E-02 0.1492241E-02 0.1500009E-02 0.1504947E-02 0.1143882E-02 0.1143882E-02 -0.5147133E-01 -0.9427903E-01 -0.1427910 -0.1948874 -0.2493615 -0.3055902 -0.3633147 -0.4224893 -0.4831623 -0.5453866 -0.6091424 -0.6742240 -0.7398180 -0.8022109 -0.8022109 -0.8405887 -0.8196316 -0.4974572 -0.2972769 -0.2972769 -0.4175568E-01 -0.4175568E-01 0.8858865E-01 0.8858865E-01 0.1324066 0.1953713 0.1953713 0.2313815 0.2313815 0.2101568 0.2101568 0.2101568 0.1441108 0.1441108 0.6424956E-01 0.6424956E-01 -0.5117767E-02 -0.5117767E-02 -0.5149316E-01 -0.5149316E-01 -0.7318012E-01 -0.7318012E-01 -0.7318012E-01
-0.6512971E-03 -0.6512971E-03 0.2857478E-02 0.4091846E-02 0.3527979E-02 0.3527979E-02 0.3132095E-02 0.2900204E-02 0.2900204E-02 0.2938751E-02 0.2938751E-02 0.2987850E-02 0.3002160E-02 0.3011436E-02 0.2511282E-02 0.2511282E-02 -0.7379996E-01 -0.1300682 -0.1904797 -0.2522821 -0.3141130 -0.3754491 -0.4362602 -0.4967906 -0.5574107 -0.6185118 -0.6804208 -0.7432559 -0.8061024 -0.8620767 -0.8620767 -0.8773203 -0.7851274 -0.3460525 -0.1883985 -0.1883985 -0.2372477E-01 -0.2372477E-01 0.6781545E-01 0.6781545E-01 0.1025491 0.1564218 0.1564218 0.1906410 0.1906410 0.1859010 0.1859010 0.1859010 0.1377125 0.1377125 0.6952561E-01 0.6952561E-01 0.3117055E-02 0.3117055E-02 -0.4487932E-01 -0.4487932E-01 -0.6837105E-01 -0.6837105E-01 -0.6837105E-01
-0.9492449E-04 -0.9492449E-04 0.3714596E-02 0.6006587E-02 0.5196721E-02 0.5196721E-02 0.4663655E-02 0.4385382E-02 0.4385382E-02 0.4442552E-02 0.4442552E-02 0.4500068E-02 0.4515840E-02 0.4525757E-02 0.3830396E-02 0.3830396E-02 -0.1063530 -0.1796421 -0.2543129 -0.3272571 -0.3972241 -0.4639888 -0.5278807 -0.5895111 -0.6496096 -0.7089171 -0.7681084 -0.8275282 -0.8848009 -0.9201375 -0.9201375 -0.8577242 -0.6335717 -0.2084804 -0.1183211 -0.1183211 -0.2132701E-01 -0.2132701E-01 0.4545749E-01 0.4545749E-01 0.7333569E-01 0.1186398 0.1186398 0.1491867 0.1491867 0.1541954 0.1541954 0.1541954 0.1215179 0.1215179 0.6780866E-01 0.6780866E-01 0.9726088E-02 0.9726088E-02 -0.3551698E-01 -0.3551698E-01 -0.5863813E-01 -0.5863813E-01 -0.5863813E-01
0.1610880E-02 0.1610880E-02 0.3842056E-02 0.7791154E-02 0.6775178E-02 0.6775178E-02 0.6169033E-02 0.5892896E-02 0.5892896E-02 0.5962010E-02 0.5962010E-02 0.6019378E-02 0.6034328E-02 0.6043276E-02 0.5075944E-02 0.5075944E-02 -0.1562841 -0.2511392 -0.3423970 -0.4273670 -0.5054846 -0.5771974 -0.6434202 -0.7052557 -0.7638490 -0.8203045 -0.8756315 -0.9299523 -0.9735460 -0.9388337 -0.9388337 -0.6998312 -0.3837734 -0.1249914 -0.8384274E-01 -0.8384274E-01 -0.2309900E-01 -0.2309900E-01 0.2573429E-01 0.2573429E-01 0.4732905E-01 0.8336549E-01 0.8336549E-01 0.1085675 0.1085675 0.1181310 0.1181310 0.1181310 0.9782968E-01 0.9782968E-01 0.5920025E-01 0.5920025E-01 0.1347359E-01 0.1347359E-01 -0.2450542E-01 -0.2450542E-01 -0.4455562E-01 -0.4455562E-01 -0.4455562E-01
