cruce_test.gid/Rasters/Hydraulic/Velocity__y_244.0.asc
NCOLS        79
NROWS        79
XLLCENTER         -1.500000
YLLCENTER         -4.800000
CELLSIZE           0.100
NODATA_VALUE     -9999.0
[rows 0 to 26 of 79, columns 0 to 58 of 79]
-9999.000 -9999.000 -9999.000 -9999.000 -9999.000 -9999.000 -9999.000 -9999.000 -9999.000 -9999.000 -9999.000 -9999.000 -9999.000 -9999.000 -9999.000 -0.9079883E-01 -0.8774926E-01 -0.8652244E-01 -0.8613364E-01 -0.8661327E-01 -0.8738081E-01 -0.8818810E-01 -0.8897843E-01 -0.8966468E-01 -0.9025981E-01 -0.9078449E-01 -0.9127296E-01 -0.9189679E-01 -0.9324924E-01 -0.9463330E-01 -0.9463330E-01 -9999.000 -9999.000 -9999.000 -9999.000 -9999.000 -9999.000 -9999.000 -9999.000 -9999.000 -9999.000 -9999.000 -9999.000 -9999.000 -9999.000 -9999.000 -9999.000 -9999.000 -9999.000 -9999.000 -9999.000 -9999.000 -9999.000 -9999.000 -9999.000 -9999.000 -9999.000 -9999.000 -9999.000
-9999.000 -9999.000 -9999.000 -9999.000 -9999.000 -9999.000 -9999.000 -9999.000 -9999.000 -9999.000 -9999.000 -9999.000 -9999.000 -9999.000 -9999.000 -0.9128550E-01 -0.8489320E-01 -0.8227444E-01 -0.8146606E-01 -0.8254424E-01 -0.8427860E-01 -0.8613241E-01 -0.8797405E-01 -0.8960824E-01 -0.9105357E-01 -0.9234680E-01 -0.9355358E-01 -0.9502979E-01 -0.9801432E-01 -0.1013505 -0.1013505 -9999.000 -9999.000 -9999.000 -9999.000 -9999.000 -9999.000 -9999.000 -9999.000 -9999.000 -9999.000 -9999.000 -9999.000 -9999.000 -9999.000 -9999.000 -9999.000 -9999.000 -9999.000 -9999.000 -9999.000 -9999.000 -9999.000 -9999.000 -9999.000 -9999.000 -9999.000 -9999.000 -9999.000
-9999.000 -9999.000 -9999.000 -9999.000 -9999.000 -9999.000 -9999.000 -9999.000 -9999.000 -9999.000 -9999.000 -9999.000 -9999.000 -9999.000 -9999.000 -0.9076928E-01 -0.8073781E-01 -0.7653097E-01 -0.7529531E-01 -0.7716841E-01 -0.8017177E-01 -0.8342884E-01 -0.8670957E-01 -0.8967976E-01 -0.9235433E-01 -0.9477711E-01 -0.9703934E-01 -0.9969959E-01 -0.1047287 -0.1107699 -0.1107699 -9999.000 -9999.000 -9999.000 -9999.000 -9999.000 -9999.000 -9999.000 -9999.000 -9999.000 -9999.000 -9999.000 -9999.000 -9999.000 -9999.000 -9999.000 -9999.000 -9999.000 -9999.000 -9999.000 -9999.000 -9999.000 -9999.000 -9999.000 -9999.000 -9999.000 -9999.000 -9999.000 -9999.000
-9999.000 -9999.000 -9999.000 -9999.000 -9999.000 -9999.000 -9999.000 -9999.000 -9999.000 -9999.000 -9999.000 -9999.000 -9999.000 -9999.000 -9999.000 -0.8973043E-01 -0.7607971E-01 -0.7028878E-01 -0.6866676E-01 -0.7141431E-01 -0.7578162E-01 -0.8054556E-01 -0.8537689E-01 -0.8979501E-01 -0.9380975E-01 -0.9746801E-01 -0.1008823 -0.1048201 -0.1120197 -0.1212520 -0.1212520 -9999.000 -9999.000 -9999.000 -9999.000 -9999.000 -9999.000 -9999.000 -9999.000 -9999.000 -9999.000 -9999.000 -9999.000 -9999.000 -9999.000 -9999.000 -9999.000 -9999.000 -9999.000 -9999.000 -9999.000 -9999.000 -9999.000 -9999.000 -9999.000 -9999.000 -9999.000 -9999.000 -9999.000
-9999.000 -9999.000 -9999.000 -9999.000 -9999.000 -9999.000 -9999.000 -9999.000 -9999.000 -9999.000 -9999.000 -9999.000 -9999.000 -9999.000 -9999.000 -0.8839267E-01 -0.7109804E-01 -0.6371018E-01 -0.6172089E-01 -0.6539745E-01 -0.7119166E-01 -0.7752809E-01 -0.8398028E-01 -0.8991259E-01 -0.9533358E-01 -0.1002910 -0.1049181 -0.1102025 -0.1196979 -0.1326461 -0.1326461 -9999.000 -9999.000 -9999.000 -9999.000 -9999.000 -9999.000 -9999.000 -9999.000 -9999.000 -9999.000 -9999.000 -9999.000 -9999.000 -9999.000 -9999.000 -9999.000 -9999.000 -9999.000 -9999.000 -9999.000 -9999.000 -9999.000 -9999.000 -9999.000 -9999.000 -9999.000 -9999.000 -9999.000
-9999.000 -9999.000 -9999.000 -9999.000 -9999.000 -9999.000 -9999.000 -9999.000 -9999.000 -9999.000 -9999.000 -9999.000 -9999.000 -9999.000 -9999.000 -0.8682454E-01 -0.6585428E-01 -0.5685493E-01 -0.5451208E-01 -0.5916454E-01 -0.6643515E-01 -0.7439307E-01 -0.8251771E-01 -0.9001029E-01 -0.9688390E-01 -0.1031862 -0.1090723 -0.1157639 -0.1276908 -0.1449679 -0.1449679 -9999.000 -9999.000 -9999.000 -9999.000 -9999.000 -9999.000 -9999.000 -9999.000 -9999.000 -9999.000 -9999.000 -9999.000 -9999.000 -9999.000 -9999.000 -9999.000 -9999.000 -9999.000 -9999.000 -9999.000 -9999.000 -9999.000 -9999.000 -9999.000 -9999.000 -9999.000 -9999.000 -9999.000
-9999.000 -9999.000 -9999.000 -9999.000 -9999.000 -9999.000 -9999.000 -9999.000 -9999.000 -9999.000 -9999.000 -9999.000 -9999.000 -9999.000 -9999.000 -0.8502650E-01 -0.6035685E-01 -0.4973577E-01 -0.4705479E-01 -0.5273020E-01 -0.6152259E-01 -0.7114350E-01 -0.8098478E-01 -0.9007365E-01 -0.9843718E-01 -0.1061224 -0.1133059 -0.1214647 -0.1359769 -0.1583270 -0.1583270 -9999.000 -9999.000 -9999.000 -9999.000 -9999.000 -9999.000 -9999.000 -9999.000 -9999.000 -9999.000 -9999.000 -9999.000 -9999.000 -9999.000 -9999.000 -9999.000 -9999.000 -9999.000 -9999.000 -9999.000 -9999.000 -9999.000 -9999.000 -9999.000 -9999.000 -9999.000 -9999.000 -9999.000
-9999.000 -9999.000 -9999.000 -9999.000 -9999.000 -9999.000 -9999.000 -9999.000 -9999.000 -9999.000 -9999.000 -9999.000 -9999.000 -9999.000 -9999.000 -0.8296630E-01 -0.5458936E-01 -0.4234270E-01 -0.3934389E-01 -0.4609353E-01 -0.5645304E-01 -0.6777573E-01 -0.7937407E-01 -0.9008957E-01 -0.9997516E-01 -0.1090766 -0.1175936 -0.1272817 -0.1445571 -0.1729021 -0.1729021 -9999.000 -9999.000 -9999.000 -9999.000 -9999.000 -9999.000 -9999.000 -9999.000 -9999.000 -9999.000 -9999.000 -9999.000 -9999.000 -9999.000 -9999.000 -9999.000 -9999.000 -9999.000 -9999.000 -9999.000 -9999.000 -9999.000 -9999.000 -9999.000 -9999.000 -9999.000 -9999.000 -9999.000
-9999.000 -9999.000 -9999.000 -9999.000 -9999.000 -9999.000 -9999.000 -9999.000 -9999.000 -9999.000 -9999.000 -9999.000 -9999.000 -9999.000 -9999.000 -0.8059237E-01 -0.4852096E-01 -0.3465338E-01 -0.3136368E-01 -0.3924590E-01 -0.5121877E-01 -0.6428024E-01 -0.7767422E-01 -0.9004236E-01 -0.1014793 -0.1120274 -0.1219115 -0.1331958 -0.1534412 -0.1889406 -0.1889406 -9999.000 -9999.000 -9999.000 -9999.000 -9999.000 -9999.000 -9999.000 -9999.000 -9999.000 -9999.000 -9999.000 -9999.000 -9999.000 -9999.000 -9999.000 -9999.000 -9999.000 -9999.000 -9999.000 -9999.000 -9999.000 -9999.000 -9999.000 -9999.000 -9999.000 -9999.000 -9999.000 -9999.000
-9999.000 -9999.000 -9999.000 -9999.000 -9999.000 -9999.000 -9999.000 -9999.000 -9999.000 -9999.000 -9999.000 -9999.000 -9999.000 -9999.000 -9999.000 -0.7783873E-01 -0.4211067E-01 -0.2663634E-01 -0.2309049E-01 -0.3217127E-01 -0.4580658E-01 -0.6064285E-01 -0.7587019E-01 -0.8991241E-01 -0.1029262 -0.1149486 -0.1262314 -0.1391838 -0.1626406 -0.2067719 -0.2067719 -9999.000 -9999.000 -9999.000 -9999.000 -9999.000 -9999.000 -9999.000 -9999.000 -9999.000 -9999.000 -9999.000 -9999.000 -9999.000 -9999.000 -9999.000 -9999.000 -9999.000 -9999.000 -9999.000 -9999.000 -9999.000 -9999.000 -9999.000 -9999.000 -9999.000 -9999.000 -9999.000 -9999.000
-9999.000 -9999.000 -9999.000 -9999.000 -9999.000 -9999.000 -9999.000 -9999.000 -9999.000 -9999.000 -9999.000 -9999.000 -9999.000 -9999.000 -9999.000 -0.7462447E-01 -0.3530701E-01 -0.1825095E-01 -0.1449256E-01 -0.2484808E-01 -0.4019704E-01 -0.5684325E-01 -0.7394018E-01 -0.8967281E-01 -0.1042854 -0.1178055 -0.1305151 -0.1452130 -0.1721640 -0.2268368 -0.2268368 -9999.000 -9999.000 -9999.000 -9999.000 -9999.000 -9999.000 -9999.000 -9999.000 -9999.000 -9999.000 -9999.000 -9999.000 -9999.000 -9999.000 -9999.000 -9999.000 -9999.000 -9999.000 -9999.000 -9999.000 -9999.000 -9999.000 -9999.000 -9999.000 -9999.000 -9999.000 -9999.000 -9999.000
-9999.000 -9999.000 -9999.000 -9999.000 -9999.000 -9999.000 -9999.000 -9999.000 -9999.000 -9999.000 -9999.000 -9999.000 -9999.000 -9999.000 -9999.000 -0.7085200E-01 -0.2804559E-01 -0.9445114E-02 -0.5528352E-02 -0.1724590E-01 -0.3436317E-01 -0.5285300E-01 -0.7185431E-01 -0.8928649E-01 -0.1055142 -0.1205497 -0.1347090 -0.1512352 -0.1820112 -0.2497361 -0.2497361 -9999.000 -9999.000 -9999.000 -9999.000 -9999.000 -9999.000 -9999.000 -9999.000 -9999.000 -9999.000 -9999.000 -9999.000 -9999.000 -9999.000 -9999.000 -9999.000 -9999.000 -9999.000 -9999.000 -9999.000 -9999.000 -9999.000 -9999.000 -9999.000 -9999.000 -9999.000 -9999.000 -9999.000
-9999.000 -9999.000 -9999.000 -9999.000 -9999.000 -9999.000 -9999.000 -9999.000 -9999.000 -9999.000 -9999.000 -9999.000 -9999.000 -9999.000 -9999.000 -0.6638300E-01 -0.2022986E-01 -0.1394946E-03 0.3859740E-02 -0.9328042E-02 -0.2827171E-01 -0.4863717E-01 -0.6957469E-01 -0.8870619E-01 -0.1065572 -0.1231161 -0.1387381 -0.1571784 -0.1921672 -0.2763088 -0.2763088 -9999.000 -9999.000 -9999.000 -9999.000 -9999.000 -9999.000 -9999.000 -9999.000 -9999.000 -9999.000 -9999.000 -9999.000 -9999.000 -9999.000 -9999.000 -9999.000 -9999.000 -9999.000 -9999.000 -9999.000 -9999.000 -9999.000 -9999.000 -9999.000 -9999.000 -9999.000 -9999.000 -9999.000
-9999.000 -9999.000 -9999.000 -9999.000 -9999.000 -9999.000 -9999.000 -9999.000 -9999.000 -9999.000 -9999.000 -9999.000 -9999.000 -9999.000 -9999.000 -0.6017426E-01 -0.1107755E-01 0.1014008E-01 0.1371707E-01 -0.1252529E-02 -0.2209743E-01 -0.4436286E-01 -0.6724834E-01 -0.8804375E-01 -0.1074919 -0.1255466 -0.1426102 -0.1630362 -0.2026819 -0.3078748 -0.3078748 -9999.000 -9999.000 -9999.000 -9999.000 -9999.000 -9999.000 -9999.000 -9999.000 -9999.000 -9999.000 -9999.000 -9999.000 -9999.000 -9999.000 -9999.000 -9999.000 -9999.000 -9999.000 -9999.000 -9999.000 -9999.000 -9999.000 -9999.000 -9999.000 -9999.000 -9999.000 -9999.000 -9999.000
-9999.000 -9999.000 -9999.000 -9999.000 -9999.000 -9999.000 -9999.000 -9999.000 -9999.000 -9999.000 -9999.000 -9999.000 -9999.000 -9999.000 -9999.000 -0.5593328E-02 0.1660619E-01 0.2206649E-01 0.1410488E-01 -0.5371278E-02 -0.2631657E-01 -0.4858807E-01 -0.7163692E-01 -0.9247888E-01 -0.1121753 -0.1306104 -0.1482103 -0.1699616 -0.2140042 -0.3442438 -0.3442438 -9999.000 -9999.000 -9999.000 -9999.000 -9999.000 -9999.000 -9999.000 -9999.000 -9999.000 -9999.000 -9999.000 -9999.000 -9999.000 -9999.000 -9999.000 -9999.000 -9999.000 -9999.000 -9999.000 -9999.000 -9999.000 -9999.000 -9999.000 -9999.000 -9999.000 -9999.000 -9999.000 -9999.000
-0.4055208E-02 -0.4055208E-02 -0.5491951E-02 -0.7179330E-02 -0.6695667E-02 -0.6695667E-02 -0.6537986E-02 -0.6481310E-02 -0.6481310E-02 -0.6469661E-02 -0.6469661E-02 -0.6446297E-02 -0.6431166E-02 -0.6414423E-02 -0.6401636E-02 -0.6401636E-02 0.3507278E-01 0.3045946E-01 0.1526859E-01 -0.7659613E-02 -0.3470299E-01 -0.6482674E-01 -0.9693238E-01 -0.1291612 -0.1605113 -0.1901314 -0.2174921 -0.2439557 -0.2770258 -0.3516321 -0.3516321 -0.1974173 -0.1074430 -0.3832101E-01 -0.2897558E-01 -0.2897558E-01 -0.2218024E-01 -0.2218024E-01 -0.1019547E-01 -0.1019547E-01 0.8440840E-03 0.2668794E-01 0.2668794E-01 0.2375688E-01 0.2375688E-01 -0.3785326E-02 -0.3785326E-02 -0.3785326E-02 -0.5997099E-03 -0.5997099E-03 0.2141038E-03 0.2141038E-03 -0.4897495E-03 -0.4897495E-03 -0.1691529E-02 -0.1691529E-02 -0.2900574E-02 -0.2900574E-02 -0.2900574E-02
-0.5938180E-02 -0.5938180E-02 -0.7555077E-02 -0.1051523E-01 -0.9519284E-02 -0.9519284E-02 -0.9174942E-02 -0.9094974E-02 -0.9094974E-02 -0.9119019E-02 -0.9119019E-02 -0.9112927E-02 -0.9102345E-02 -0.9089335E-02 -0.9099247E-02 -0.9099247E-02 0.2920458E-01 0.2560572E-01 0.1021298E-01 -0.1517422E-01 -0.4966484E-01 -0.9080814E-01 -0.1365031 -0.1851670 -0.2346853 -0.2832539 -0.3292233 -0.3707663 -0.4056599 -0.4300292 -0.4300292 -0.2937223 -0.1968716 -0.1040716 -0.8562906E-01 -0.8562906E-01 -0.6220322E-01 -0.6220322E-01 -0.2106519E-01 -0.2106519E-01 0.1208552E-01 0.8407447E-01 0.8407447E-01 0.9466157E-01 0.9466157E-01 0.1902414E-01 0.1902414E-01 0.1902414E-01 0.7462332E-02 0.7462332E-02 0.1500951E-02 0.1500951E-02 -0.3045774E-02 -0.3045774E-02 -0.6847304E-02 -0.6847304E-02 -0.9756754E-02 -0.9756754E-02 -0.9756754E-02
-0.4283903E-02 -0.4283903E-02 -0.5144559E-02 -0.9255979E-02 -0.8227999E-02 -0.8227999E-02 -0.7766960E-02 -0.7655265E-02 -0.7655265E-02 -0.7722038E-02 -0.7722038E-02 -0.7748607E-02 -0.7750963E-02 -0.7750659E-02 -0.7808051E-02 -0.7808051E-02 0.1927498E-01 0.1604112E-01 0.9705017E-03 -0.2453739E-01 -0.5962801E-01 -0.1025546 -0.1515708 -0.2052962 -0.2620540 -0.3201905 -0.3780487 -0.4336166 -0.4839559 -0.5224289 -0.5224289 -0.4341987 -0.3505484 -0.2352095 -0.1981700 -0.1981700 -0.1323580 -0.1323580 -0.3307417E-01 -0.3307417E-01 0.3388384E-01 0.1620869 0.1620869 0.2019980 0.2019980 0.7861790E-01 0.7861790E-01 0.7861790E-01 0.3036647E-01 0.3036647E-01 0.5482295E-02 0.5482295E-02 -0.8515785E-02 -0.8515785E-02 -0.1724082E-01 -0.1724082E-01 -0.2247201E-01 -0.2247201E-01 -0.2247201E-01
-0.2699337E-02 -0.2699337E-02 -0.3768296E-02 -0.7675180E-02 -0.6719115E-02 -0.6719115E-02 -0.6237912E-02 -0.6105831E-02 -0.6105831E-02 -0.6179909E-02 -0.6179909E-02 -0.6209427E-02 -0.6211834E-02 -0.6211136E-02 -0.6309241E-02 -0.6309241E-02 0.9394719E-02 0.4202931E-02 -0.1195281E-01 -0.3818701E-01 -0.7367148E-01 -0.1171060 -0.1670623 -0.2223223 -0.2815761 -0.3434995 -0.4067459 -0.4696428 -0.5295293 -0.5800356 -0.5800356 -0.5401682 -0.4813224 -0.3698483 -0.3197091 -0.3197091 -0.2023245 -0.2023245 -0.2934234E-01 -0.2934234E-01 0.6846385E-01 0.2273873 0.2273873 0.2812283 0.2812283 0.1439412 0.1439412 0.1439412 0.6119629E-01 0.6119629E-01 0.1283550E-01 0.1283550E-01 -0.1416803E-01 -0.1416803E-01 -0.2945980E-01 -0.2945980E-01 -0.3738920E-01 -0.3738920E-01 -0.3738920E-01
-0.1186438E-02 -0.1186438E-02 -0.3452498E-02 -0.5828498E-02 -0.5084323E-02 -0.5084323E-02 -0.4679948E-02 -0.4567283E-02 -0.4567283E-02 -0.4639189E-02 -0.4639189E-02 -0.4666821E-02 -0.4668536E-02 -0.4666985E-02 -0.4815456E-02 -0.4815456E-02 -0.3844602E-03 -0.9562695E-02 -0.2852817E-01 -0.5672839E-01 -0.9343977E-01 -0.1376756 -0.1883097 -0.2442972 -0.3045665 -0.3680301 -0.4335865 -0.4999116 -0.5648683 -0.6231872 -0.6231872 -0.6194263 -0.5864951 -0.4894337 -0.4268730 -0.4268730 -0.2448589 -0.2448589 -0.1679784E-02 -0.1679784E-02 0.1109894 0.2679268 0.2679268 0.3215820 0.3215820 0.1983114 0.1983114 0.1983114 0.9481719E-01 0.9481719E-01 0.2462571E-01 0.2462571E-01 -0.1704804E-01 -0.1704804E-01 -0.4037095E-01 -0.4037095E-01 -0.5167432E-01 -0.5167432E-01 -0.5167432E-01
0.2722317E-03 0.2722317E-03 -0.3091952E-02 -0.3983954E-02 -0.3432353E-02 -0.3432353E-02 -0.3127174E-02 -0.3034228E-02 -0.3034228E-02 -0.3085450E-02 -0.3085450E-02 -0.3105726E-02 -0.3107403E-02 -0.3107028E-02 -0.3324071E-02 -0.3324071E-02 -0.1054471E-01 -0.2546253E-01 -0.4902636E-01 -0.8069263E-01 -0.1197848 -0.1655330 -0.2170968 -0.2736659 -0.3344152 -0.3984872 -0.4649865 -0.5328522 -0.6003993 -0.6634680 -0.6634680 -0.6843631 -0.6732074 -0.5849826 -0.5006511 -0.5006511 -0.2390381 -0.2390381 0.4070517E-01 0.4070517E-01 0.1466355 0.2796145 0.2796145 0.3279061 0.3279061 0.2338302 0.2338302 0.2338302 0.1262025 0.1262025 0.4024045E-01 0.4024045E-01 -0.1582905E-01 -0.1582905E-01 -0.4823112E-01 -0.4823112E-01 -0.6368861E-01 -0.6368861E-01 -0.6368861E-01
0.6591965E-03 0.6591965E-03 -0.1938099E-02 -0.2043096E-02 -0.1736855E-02 -0.1736855E-02 -0.1567953E-02 -0.1510402E-02 -0.1510402E-02 -0.1533634E-02 -0.1533634E-02 -0.1543550E-02 -0.1545067E-02 -0.1546000E-02 -0.1853434E-02 -0.1853434E-02 -0.2185471E-01 -0.4418649E-01 -0.7415768E-01 -0.1109251 -0.1537389 -0.2019478 -0.2549524 -0.3122075 -0.3731723 -0.4372667 -0.5038446 -0.5721020 -0.6407281 -0.7064138 -0.7064138 -0.7431180 -0.7470623 -0.6440077 -0.5185640 -0.5185640 -0.1856330 -0.1856330 0.7718909E-01 0.7718909E-01 0.1623288 0.2664685 0.2664685 0.3101384 0.3101384 0.2486272 0.2486272 0.2486272 0.1504937 0.1504937 0.5748344E-01 0.5748344E-01 -0.1044668E-01 -0.1044668E-01 -0.5206289E-01 -0.5206289E-01 -0.7226267E-01 -0.7226267E-01 -0.7226267E-01
0.5509837E-07 0.5509837E-07 0.1459372E-07 0.8113243E-08 -0.1196414E-07 -0.1196414E-07 0.9363668E-07 0.1487944E-06 0.1487944E-06 0.2592645E-06 0.2592645E-06 0.1319786E-06 0.9390754E-07 0.4937424E-07 -0.4256733E-03 -0.4256733E-03 -0.3540803E-01 -0.6696533E-01 -0.1052177 -0.1487875 -0.1967400 -0.2484684 -0.3035682 -0.3617605 -0.4228110 -0.4864604 -0.5523711 -0.6200393 -0.6884912 -0.7548696 -0.7548696 -0.7997667 -0.8082655 -0.6424389 -0.4616260 -0.4616260 -0.1130988 -0.1130988 0.9274144E-01 0.9274144E-01 0.1556674 0.2369623 0.2369623 0.2779245 0.2779245 0.2448716 0.2448716 0.2448716 0.1640764 0.1640764 0.7313996E-01 0.7313996E-01 -0.1950373E-02 -0.1950373E-02 -0.5152596E-01 -0.5152596E-01 -0.7650839E-01 -0.7650839E-01 -0.7650839E-01
-0.6591960E-03 -0.6591960E-03 0.1938146E-02 0.2043176E-02 0.1736856E-02 0.1736856E-02 0.1568099E-02 0.1510751E-02 0.1510751E-02 0.1533961E-02 0.1533961E-02 0.1543634E-02 0.1545122E-02 0.1546059E-02 0.9593392E-03 0.9593392E-03 -0.5279421E-01 -0.9575672E-01 -0.1443132 -0.1964153 -0.2508962 -0.3071740 -0.3650266 -0.4244432 -0.4855061 -0.5482988 -0.6128312 -0.6789396 -0.7459130 -0.8104966 -0.8104966 -0.8541302 -0.8461261 -0.5545615 -0.3425447 -0.3425447 -0.5596752E-01 -0.5596752E-01 0.8686297E-01 0.8686297E-01 0.1333196 0.1994547 0.1994547 0.2383770 0.2383770 0.2266169 0.2266169 0.2266169 0.1654121 0.1654121 0.8394857E-01 0.8394857E-01 0.7782824E-02 0.7782824E-02 -0.4691213E-01 -0.4691213E-01 -0.7584868E-01 -0.7584868E-01 -0.7584868E-01
-0.2722388E-03 -0.2722388E-03 0.3091982E-02 0.3983839E-02 0.3432387E-02 0.3432387E-02 0.3127283E-02 0.3034477E-02 0.3034477E-02 0.3085732E-02 0.3085732E-02 0.3105582E-02 0.3107273E-02 0.3106905E-02 0.2297644E-02 0.2297644E-02 -0.7649200E-01 -0.1336509 -0.1947495 -0.2570789 -0.3193117 -0.3809631 -0.4420447 -0.5028427 -0.5637715 -0.6252662 -0.6876979 -0.7512425 -0.8151411 -0.8731623 -0.8731623 -0.8965080 -0.8266794 -0.3942862 -0.2143521 -0.2143521 -0.2801382E-01 -0.2801382E-01 0.6846570E-01 0.6846570E-01 0.1042669 0.1598002 0.1598002 0.1959120 0.1959120 0.1980980 0.1980980 0.1980980 0.1549948 0.1549948 0.8753142E-01 0.8753142E-01 0.1649942E-01 0.1649942E-01 -0.3909613E-01 -0.3909613E-01 -0.7010310E-01 -0.7010310E-01 -0.7010310E-01
0.1186428E-02 0.1186428E-02 0.3452385E-02 0.5828551E-02 0.5084490E-02 0.5084490E-02 0.4680020E-02 0.4567314E-02 0.4567314E-02 0.4639372E-02 0.4639372E-02 0.4666827E-02 0.4668509E-02 0.4666830E-02 0.3554035E-02 0.3554035E-02 -0.1106416 -0.1856419 -0.2617185 -0.3357748 -0.4065929 -0.4739915 -0.5383494 -0.6003283 -0.6607093 -0.7202858 -0.7797864 -0.8396315 -0.8977716 -0.9357741 -0.9357741 -0.8895800 -0.6918578 -0.2313549 -0.1252849 -0.1252849 -0.2109217E-01 -0.2109217E-01 0.4659826E-01 0.4659826E-01 0.7487915E-01 0.1211586 0.1211586 0.1530009 0.1530009 0.1629401 0.1629401 0.1629401 0.1347329 0.1347329 0.8296212E-01 0.8296212E-01 0.2223334E-01 0.2223334E-01 -0.2930484E-01 -0.2930484E-01 -0.5953218E-01 -0.5953218E-01 -0.5953218E-01
0.2699212E-02 0.2699212E-02 0.3768076E-02 0.7675102E-02 0.6719288E-02 0.6719288E-02 0.6237996E-02 0.6105947E-02 0.6105947E-02 0.6179936E-02 0.6179936E-02 0.6209487E-02 0.6211920E-02 0.6211053E-02 0.4685575E-02 0.4685575E-02 -0.1626507 -0.2601528 -0.3535990 -0.4402993 -0.5197324 -0.5924076 -0.6593038 -0.7215871 -0.7804629 -0.8370947 -0.8925509 -0.9470768 -0.9919370 -0.9623665 -0.9623665 -0.7491640 -0.4370130 -0.1260438 -0.8116070E-01 -0.8116070E-01 -0.2180550E-01 -0.2180550E-01 0.2654692E-01 0.2654692E-01 0.4833213E-01 0.8499091E-01 0.8499091E-01 0.1110819 0.1110819 0.1240421 0.1240421 0.1240421 0.1072223 0.1072223 0.7080547E-01 0.7080547E-01 0.2388662E-01 0.2388662E-01 -0.1878346E-01 -0.1878346E-01 -0.4484849E-01 -0.4484849E-01 -0.4484849E-01
