cruce_test.gid/Rasters/Hydraulic/Velocity____68.0.asc
NCOLS        79
NROWS        79
XLLCENTER         -1.500000
YLLCENTER         -4.800000
CELLSIZE           0.100
NODATA_VALUE     -9999.0
[rows 0 to 26 of 79, columns 0 to 59 of 79]
-9999.000 -9999.000 -9999.000 -9999.000 -9999.000 -9999.000 -9999.000 -9999.000 -9999.000 -9999.000 -9999.000 -9999.000 -9999.000 -9999.000 -9999.000 0.2303177 0.2292279 0.2294434 0.2297703 0.2301222 0.2304951 0.2308990 0.2313481 0.2318600 0.2324578 0.2331749 0.2340657 0.2352217 0.2366661 0.2338689 0.2338689 -9999.000 -9999.000 -9999.000 -9999.000 -9999.000 -9999.000 -9999.000 -9999.000 -9999.000 -9999.000 -9999.000 -9999.000 -9999.000 -9999.000 -9999.000 -9999.000 -9999.000 -9999.000 -9999.000 -9999.000 -9999.000 -9999.000 -9999.000 -9999.000 -9999.000 -9999.000 -9999.000 -9999.000 -9999.000
-9999.000 -9999.000 -9999.000 -9999.000 -9999.000 -9999.000 -9999.000 -9999.000 -9999.000 -9999.000 -9999.000 -9999.000 -9999.000 -9999.000 -9999.000 0.2271124 0.2246500 0.2250681 0.2257266 0.2264370 0.2271840 0.2279843 0.2288658 0.2298655 0.2310347 0.2324503 0.2342348 0.2365845 0.2395270 0.2341995 0.2341995 -9999.000 -9999.000 -9999.000 -9999.000 -9999.000 -9999.000 -9999.000 -9999.000 -9999.000 -9999.000 -9999.000 -9999.000 -9999.000 -9999.000 -9999.000 -9999.000 -9999.000 -9999.000 -9999.000 -9999.000 -9999.000 -9999.000 -9999.000 -9999.000 -9999.000 -9999.000 -9999.000 -9999.000 -9999.000
-9999.000 -9999.000 -9999.000 -9999.000 -9999.000 -9999.000 -9999.000 -9999.000 -9999.000 -9999.000 -9999.000 -9999.000 -9999.000 -9999.000 -9999.000 0.2222883 0.2182539 0.2189503 0.2201015 0.2213823 0.2227572 0.2242472 0.2258966 0.2277683 0.2299487 0.2325634 0.2358024 0.2399487 0.2449583 0.2371691 0.2371691 -9999.000 -9999.000 -9999.000 -9999.000 -9999.000 -9999.000 -9999.000 -9999.000 -9999.000 -9999.000 -9999.000 -9999.000 -9999.000 -9999.000 -9999.000 -9999.000 -9999.000 -9999.000 -9999.000 -9999.000 -9999.000 -9999.000 -9999.000 -9999.000 -9999.000 -9999.000 -9999.000 -9999.000 -9999.000
-9999.000 -9999.000 -9999.000 -9999.000 -9999.000 -9999.000 -9999.000 -9999.000 -9999.000 -9999.000 -9999.000 -9999.000 -9999.000 -9999.000 -9999.000 0.2163424 0.2107553 0.2118121 0.2135783 0.2155827 0.2177654 0.2201506 0.2227981 0.2257952 0.2292636 0.2333780 0.2383984 0.2447008 0.2521729 0.2424208 0.2424208 -9999.000 -9999.000 -9999.000 -9999.000 -9999.000 -9999.000 -9999.000 -9999.000 -9999.000 -9999.000 -9999.000 -9999.000 -9999.000 -9999.000 -9999.000 -9999.000 -9999.000 -9999.000 -9999.000 -9999.000 -9999.000 -9999.000 -9999.000 -9999.000 -9999.000 -9999.000 -9999.000 -9999.000 -9999.000
-9999.000 -9999.000 -9999.000 -9999.000 -9999.000 -9999.000 -9999.000 -9999.000 -9999.000 -9999.000 -9999.000 -9999.000 -9999.000 -9999.000 -9999.000 0.2093289 0.2022655 0.2037669 0.2062637 0.2091298 0.2122791 0.2157380 0.2195816 0.2239231 0.2289225 0.2348096 0.2419240 0.2507525 0.2611282 0.2499816 0.2499816 -9999.000 -9999.000 -9999.000 -9999.000 -9999.000 -9999.000 -9999.000 -9999.000 -9999.000 -9999.000 -9999.000 -9999.000 -9999.000 -9999.000 -9999.000 -9999.000 -9999.000 -9999.000 -9999.000 -9999.000 -9999.000 -9999.000 -9999.000 -9999.000 -9999.000 -9999.000 -9999.000 -9999.000 -9999.000
-9999.000 -9999.000 -9999.000 -9999.000 -9999.000 -9999.000 -9999.000 -9999.000 -9999.000 -9999.000 -9999.000 -9999.000 -9999.000 -9999.000 -9999.000 0.2012437 0.1928547 0.1948914 0.1982295 0.2020859 0.2063466 0.2110397 0.2162575 0.2221420 0.2288974 0.2368193 0.2463446 0.2580976 0.2718894 0.2600273 0.2600273 -9999.000 -9999.000 -9999.000 -9999.000 -9999.000 -9999.000 -9999.000 -9999.000 -9999.000 -9999.000 -9999.000 -9999.000 -9999.000 -9999.000 -9999.000 -9999.000 -9999.000 -9999.000 -9999.000 -9999.000 -9999.000 -9999.000 -9999.000 -9999.000 -9999.000 -9999.000 -9999.000 -9999.000 -9999.000
-9999.000 -9999.000 -9999.000 -9999.000 -9999.000 -9999.000 -9999.000 -9999.000 -9999.000 -9999.000 -9999.000 -9999.000 -9999.000 -9999.000 -9999.000 0.1920300 0.1825583 0.1852346 0.1895264 0.1944979 0.2000069 0.2060844 0.2128417 0.2204555 0.2291834 0.2394021 0.2516711 0.2667929 0.2846144 0.2728795 0.2728795 -9999.000 -9999.000 -9999.000 -9999.000 -9999.000 -9999.000 -9999.000 -9999.000 -9999.000 -9999.000 -9999.000 -9999.000 -9999.000 -9999.000 -9999.000 -9999.000 -9999.000 -9999.000 -9999.000 -9999.000 -9999.000 -9999.000 -9999.000 -9999.000 -9999.000 -9999.000 -9999.000 -9999.000 -9999.000
-9999.000 -9999.000 -9999.000 -9999.000 -9999.000 -9999.000 -9999.000 -9999.000 -9999.000 -9999.000 -9999.000 -9999.000 -9999.000 -9999.000 -9999.000 0.1815835 0.1713838 0.1748267 0.1801935 0.1864083 0.1933016 0.2009086 0.2093642 0.2188865 0.2297993 0.2425823 0.2579537 0.2769522 0.2995553 0.2890338 0.2890338 -9999.000 -9999.000 -9999.000 -9999.000 -9999.000 -9999.000 -9999.000 -9999.000 -9999.000 -9999.000 -9999.000 -9999.000 -9999.000 -9999.000 -9999.000 -9999.000 -9999.000 -9999.000 -9999.000 -9999.000 -9999.000 -9999.000 -9999.000 -9999.000 -9999.000 -9999.000 -9999.000 -9999.000 -9999.000
-9999.000 -9999.000 -9999.000 -9999.000 -9999.000 -9999.000 -9999.000 -9999.000 -9999.000 -9999.000 -9999.000 -9999.000 -9999.000 -9999.000 -9999.000 0.1697574 0.1593165 0.1636877 0.1702693 0.1778673 0.1862869 0.1955699 0.2058795 0.2174851 0.2307936 0.2464172 0.2652822 0.2887481 0.3170727 0.3092245 0.3092245 -9999.000 -9999.000 -9999.000 -9999.000 -9999.000 -9999.000 -9999.000 -9999.000 -9999.000 -9999.000 -9999.000 -9999.000 -9999.000 -9999.000 -9999.000 -9999.000 -9999.000 -9999.000 -9999.000 -9999.000 -9999.000 -9999.000 -9999.000 -9999.000 -9999.000 -9999.000 -9999.000 -9999.000 -9999.000
-9999.000 -9999.000 -9999.000 -9999.000 -9999.000 -9999.000 -9999.000 -9999.000 -9999.000 -9999.000 -9999.000 -9999.000 -9999.000 -9999.000 -9999.000 0.1563677 0.1463247 0.1518372 0.1598059 0.1689499 0.1790526 0.1901651 0.2024859 0.2163475 0.2322608 0.2510096 0.2737964 0.3024224 0.3376635 0.3345433 0.3345433 -9999.000 -9999.000 -9999.000 -9999.000 -9999.000 -9999.000 -9999.000 -9999.000 -9999.000 -9999.000 -9999.000 -9999.000 -9999.000 -9999.000 -9999.000 -9999.000 -9999.000 -9999.000 -9999.000 -9999.000 -9999.000 -9999.000 -9999.000 -9999.000 -9999.000 -9999.000 -9999.000 -9999.000 -9999.000
-9999.000 -9999.000 -9999.000 -9999.000 -9999.000 -9999.000 -9999.000 -9999.000 -9999.000 -9999.000 -9999.000 -9999.000 -9999.000 -9999.000 -9999.000 0.1411982 0.1323685 0.1393110 0.1488926 0.1597852 0.1717543 0.1848660 0.1993614 0.2156504 0.2343746 0.2565368 0.2837078 0.3183077 0.3620090 0.3666635 0.3666635 -9999.000 -9999.000 -9999.000 -9999.000 -9999.000 -9999.000 -9999.000 -9999.000 -9999.000 -9999.000 -9999.000 -9999.000 -9999.000 -9999.000 -9999.000 -9999.000 -9999.000 -9999.000 -9999.000 -9999.000 -9999.000 -9999.000 -9999.000 -9999.000 -9999.000 -9999.000 -9999.000 -9999.000 -9999.000
-9999.000 -9999.000 -9999.000 -9999.000 -9999.000 -9999.000 -9999.000 -9999.000 -9999.000 -9999.000 -9999.000 -9999.000 -9999.000 -9999.000 -9999.000 0.1240064 0.1174160 0.1261946 0.1377015 0.1506088 0.1646727 0.1799817 0.1968305 0.2157220 0.2374572 0.2633158 0.2953568 0.3368750 0.3910532 0.4082820 0.4082820 -9999.000 -9999.000 -9999.000 -9999.000 -9999.000 -9999.000 -9999.000 -9999.000 -9999.000 -9999.000 -9999.000 -9999.000 -9999.000 -9999.000 -9999.000 -9999.000 -9999.000 -9999.000 -9999.000 -9999.000 -9999.000 -9999.000 -9999.000 -9999.000 -9999.000 -9999.000 -9999.000 -9999.000 -9999.000
-9999.000 -9999.000 -9999.000 -9999.000 -9999.000 -9999.000 -9999.000 -9999.000 -9999.000 -9999.000 -9999.000 -9999.000 -9999.000 -9999.000 -9999.000 0.1045368 0.1014882 0.1126998 0.1265837 0.1418710 0.1583290 0.1760849 0.1955011 0.2171889 0.2421347 0.2719562 0.3093474 0.3588407 0.4261366 0.4640728 0.4640728 -9999.000 -9999.000 -9999.000 -9999.000 -9999.000 -9999.000 -9999.000 -9999.000 -9999.000 -9999.000 -9999.000 -9999.000 -9999.000 -9999.000 -9999.000 -9999.000 -9999.000 -9999.000 -9999.000 -9999.000 -9999.000 -9999.000 -9999.000 -9999.000 -9999.000 -9999.000 -9999.000 -9999.000 -9999.000
-9999.000 -9999.000 -9999.000 -9999.000 -9999.000 -9999.000 -9999.000 -9999.000 -9999.000 -9999.000 -9999.000 -9999.000 -9999.000 -9999.000 -9999.000 0.8251428E-01 0.8482970E-01 0.9945941E-01 0.1164300 0.1346316 0.1538986 0.1744353 0.1966965 0.2214175 0.2497890 0.2838136 0.3269702 0.3855040 0.4692758 0.5430850 0.5430850 -9999.000 -9999.000 -9999.000 -9999.000 -9999.000 -9999.000 -9999.000 -9999.000 -9999.000 -9999.000 -9999.000 -9999.000 -9999.000 -9999.000 -9999.000 -9999.000 -9999.000 -9999.000 -9999.000 -9999.000 -9999.000 -9999.000 -9999.000 -9999.000 -9999.000 -9999.000 -9999.000 -9999.000 -9999.000
-9999.000 -9999.000 -9999.000 -9999.000 -9999.000 -9999.000 -9999.000 -9999.000 -9999.000 -9999.000 -9999.000 -9999.000 -9999.000 -9999.000 -9999.000 0.5779553E-01 0.7659847E-01 0.1002998 0.1229065 0.1446954 0.1662813 0.1883993 0.2119079 0.2378992 0.2679466 0.3045899 0.3523052 0.4196641 0.5232697 0.6640557 0.6640557 -9999.000 -9999.000 -9999.000 -9999.000 -9999.000 -9999.000 -9999.000 -9999.000 -9999.000 -9999.000 -9999.000 -9999.000 -9999.000 -9999.000 -9999.000 -9999.000 -9999.000 -9999.000 -9999.000 -9999.000 -9999.000 -9999.000 -9999.000 -9999.000 -9999.000 -9999.000 -9999.000 -9999.000 -9999.000
1.612576 1.612576 1.677587 1.710709 1.719220 1.719220 1.725337 1.733229 1.733229 1.737545 1.737545 1.739467 1.628805 1.379181 1.287401 1.287401 1.128169 1.062790 0.9906691 0.9139807 0.8354969 0.7586801 0.6875935 0.6267896 0.5813252 0.5570951 0.5617734 0.6071438 0.7147537 0.9451799 0.9451799 1.565751 1.763115 1.828442 1.792668 1.792668 1.662735 1.662735 1.479181 1.479181 1.123134 0.9214499 0.9214499 0.9114990 0.9114990 0.9513826 0.9513826 0.9513826 1.001218 1.001218 1.045200 1.045200 1.082221 1.082221 1.126754 1.126754 1.154364 1.154364 1.154364 1.174495
1.626965 1.626965 1.697426 1.744638 1.760614 1.760614 1.774280 1.797323 1.797323 1.816719 1.816719 1.833597 1.785381 1.510143 1.434580 1.434580 1.368061 1.341459 1.306903 1.263766 1.212288 1.153614 1.089903 1.024544 0.9624724 0.9106374 0.8787062 0.8803572 0.9358699 1.080216 1.080216 1.529962 1.684937 1.787056 1.801304 1.801304 1.781517 1.781517 1.696394 1.696394 1.525267 1.221220 1.221220 1.217704 1.217704 1.268134 1.268134 1.268134 1.321117 1.321117 1.368757 1.368757 1.396226 1.396226 1.450946 1.450946 1.484901 1.484901 1.484901 1.512047
1.630323 1.630323 1.698844 1.745145 1.761090 1.761090 1.774839 1.798220 1.798220 1.818060 1.818060 1.835445 1.805516 1.547979 1.466368 1.466368 1.433215 1.425131 1.412801 1.394825 1.370439 1.339512 1.302662 1.261460 1.218730 1.179021 1.149330 1.140381 1.169149 1.267364 1.267364 1.612190 1.752498 1.867813 1.893945 1.893945 1.897503 1.897503 1.843680 1.843680 1.753286 1.486282 1.486282 1.444094 1.444094 1.480433 1.480433 1.480433 1.528471 1.528471 1.569684 1.569684 1.601799 1.601799 1.641619 1.641619 1.670445 1.670445 1.670445 1.692758
1.632922 1.632922 1.699998 1.745356 1.761140 1.761140 1.774819 1.798190 1.798190 1.818060 1.818060 1.835471 1.817376 1.586040 1.484851 1.484851 1.469065 1.469084 1.466766 1.461150 1.451675 1.438096 1.420550 1.399732 1.377154 1.355522 1.339301 1.335696 1.356928 1.430028 1.430028 1.694073 1.815723 1.923347 1.946663 1.946663 1.952014 1.952014 1.919862 1.919862 1.876572 1.691207 1.691207 1.606053 1.606053 1.630621 1.630621 1.630621 1.671664 1.671664 1.707838 1.707838 1.736770 1.736770 1.768761 1.768761 1.793888 1.793888 1.793888 1.812985
1.634867 1.634867 1.700936 1.745544 1.761179 1.761179 1.774792 1.798147 1.798147 1.818041 1.818041 1.835468 1.825560 1.631188 1.502719 1.502719 1.500403 1.505636 1.508626 1.509027 1.506852 1.502297 1.495705 1.487626 1.479004 1.471447 1.467631 1.471936 1.492226 1.550407 1.550407 1.760162 1.860331 1.948369 1.962778 1.962778 1.961555 1.961555 1.948399 1.948399 1.934230 1.835131 1.835131 1.739867 1.739867 1.737784 1.737784 1.737784 1.771671 1.771671 1.803971 1.803971 1.830577 1.830577 1.857456 1.857456 1.879558 1.879558 1.879558 1.896168
1.636216 1.636216 1.701627 1.745692 1.761210 1.761210 1.774767 1.798110 1.798110 1.818026 1.818026 1.835466 1.831206 1.680969 1.522624 1.522624 1.532245 1.542429 1.549450 1.553454 1.554967 1.554703 1.553450 1.552017 1.551296 1.552416 1.556950 1.567092 1.586800 1.634518 1.634518 1.802615 1.881423 1.940132 1.943800 1.943800 1.940885 1.940885 1.950045 1.950045 1.955367 1.923713 1.923713 1.850519 1.850519 1.822103 1.822103 1.822103 1.846217 1.846217 1.873831 1.873831 1.897946 1.897946 1.920988 1.920988 1.940052 1.940052 1.940052 1.954221
1.637008 1.637008 1.702049 1.745787 1.761230 1.761230 1.774752 1.798086 1.798086 1.818016 1.818016 1.835467 1.835078 1.731295 1.547299 1.547299 1.566043 1.581683 1.592657 1.599553 1.603288 1.604987 1.605881 1.607163 1.609942 1.615272 1.624163 1.636942 1.653316 1.688755 1.688755 1.820486 1.874920 1.897791 1.894969 1.894969 1.904013 1.904013 1.938312 1.938312 1.957356 1.969950 1.969950 1.933617 1.933617 1.892949 1.892949 1.892949 1.905641 1.905641 1.926911 1.926911 1.947690 1.947690 1.966973 1.966973 1.982759 1.982759 1.982759 1.994348
1.637270 1.637270 1.702191 1.745820 1.761238 1.761238 1.774746 1.798077 1.798077 1.818013 1.818013 1.835470 1.837721 1.766531 1.583481 1.583481 1.602661 1.624527 1.639764 1.649485 1.654925 1.657501 1.658821 1.660466 1.663870 1.670249 1.680418 1.692602 1.700558 1.717433 1.717433 1.809170 1.834478 1.826713 1.827588 1.827588 1.862260 1.862260 1.920247 1.920247 1.948985 1.988648 1.988648 1.987119 1.987119 1.952398 1.952398 1.952398 1.955347 1.955347 1.969146 1.969146 1.985202 1.985202 2.000272 2.000272 2.012543 2.012543 2.012543 2.021408
1.637008 1.637008 1.702049 1.745787 1.761230 1.761230 1.774752 1.798086 1.798086 1.818016 1.818016 1.835472 1.839519 1.791632 1.624682 1.624682 1.642059 1.670957 1.690780 1.703443 1.710584 1.713769 1.714809 1.715586 1.717890 1.723271 1.732618 1.740555 1.730095 1.717122 1.717122 1.763392 1.756247 1.740895 1.755791 1.755791 1.821868 1.821868 1.898995 1.898995 1.934612 1.991007 1.991007 2.015460 2.015460 1.999253 1.999253 1.999253 1.997177 1.997177 2.003913 2.003913 2.014142 2.014142 2.024348 2.024348 2.032652 2.032652 2.032652 2.038567
1.636215 1.636215 1.701627 1.745692 1.761211 1.761211 1.774768 1.798110 1.798110 1.818026 1.818026 1.835476 1.840739 1.809380 1.666946 1.666946 1.687602 1.722612 1.746888 1.762556 1.771279 1.774797 1.775104 1.774330 1.774566 1.777667 1.784427 1.782350 1.736034 1.682168 1.682168 1.678107 1.646613 1.655191 1.688166 1.688166 1.784172 1.784172 1.875809 1.875809 1.916532 1.983925 1.983925 2.025957 2.025957 2.032501 2.032501 2.032501 2.030889 2.030889 2.032552 2.032552 2.036780 2.036780 2.041505 2.041505 2.045347 2.045347 2.045347 2.048098
1.634867 1.634867 1.700936 1.745544 1.761179 1.761179 1.774792 1.798147 1.798147 1.818041 1.818041 1.835482 1.841555 1.821568 1.700816 1.700816 1.741023 1.781611 1.810134 1.828379 1.838224 1.841606 1.840671 1.837739 1.835149 1.835034 1.837641 1.813904 1.699083 1.600763 1.600763 1.552934 1.526034 1.578966 1.624073 1.624073 1.749796 1.749796 1.852484 1.852484 1.897103 1.972010 1.972010 2.025499 2.025499 2.053022 2.053022 2.053022 2.055917 2.055917 2.055224 2.055224 2.054164 2.054164 2.053193 2.053193 2.052256 2.052256 2.052256 2.051747
1.632922 1.632922 1.699998 1.745357 1.761140 1.761140 1.774820 1.798190 1.798190 1.818060 1.818060 1.835489 1.842093 1.829648 1.730098 1.730098 1.806614 1.851614 1.883030 1.902675 1.912677 1.915148 1.912320 1.906607 1.900521 1.896424 1.892573 1.813880 1.601338 1.476153 1.476153 1.410209 1.410000 1.512300 1.576113 1.576113 1.717747 1.717747 1.829774 1.829774 1.877346 1.957338 1.957338 2.018160 2.018160 2.062222 2.062222 2.062222 2.071328 2.071328 2.070652 2.070652 2.065638 2.065638 2.059370 2.059370 2.053761 2.053761 2.053761 2.050155
