cruce_test.gid/Rasters/Hydraulic/Velocity____287.0.asc
NCOLS        79
NROWS        79
XLLCENTER         -1.500000
YLLCENTER         -4.800000
CELLSIZE           0.100
NODATA_VALUE     -9999.0
[rows 0 to 26 of 79, columns 0 to 59 of 79]
-9999.000 -9999.000 -9999.000 -9999.000 -9999.000 -9999.000 -9999.000 -9999.000 -9999.000 -9999.000 -9999.000 -9999.000 -9999.000 -9999.000 -9999.000 0.9435575E-01 0.9188277E-01 0.9121174E-01 0.9159374E-01 0.9252441E-01 0.9358575E-01 0.9459201E-01 0.9543240E-01 0.9603591E-01 0.9644578E-01 0.9668607E-01 0.9682645E-01 0.9707198E-01 0.9801494E-01 0.9903017E-01 0.9903017E-01 -9999.000 -9999.000 -9999.000 -9999.000 -9999.000 -9999.000 -9999.000 -9999.000 -9999.000 -9999.000 -9999.000 -9999.000 -9999.000 -9999.000 -9999.000 -9999.000 -9999.000 -9999.000 -9999.000 -9999.000 -9999.000 -9999.000 -9999.000 -9999.000 -9999.000 -9999.000 -9999.000 -9999.000 -9999.000
-9999.000 -9999.000 -9999.000 -9999.000 -9999.000 -9999.000 -9999.000 -9999.000 -9999.000 -9999.000 -9999.000 -9999.000 -9999.000 -9999.000 -9999.000 0.9373641E-01 0.8865713E-01 0.8731589E-01 0.8814713E-01 0.9008662E-01 0.9230113E-01 0.9443459E-01 0.9626947E-01 0.9765073E-01 0.9865280E-01 0.9931467E-01 0.9978045E-01 0.1005035 0.1027949 0.1055509 0.1055509 -9999.000 -9999.000 -9999.000 -9999.000 -9999.000 -9999.000 -9999.000 -9999.000 -9999.000 -9999.000 -9999.000 -9999.000 -9999.000 -9999.000 -9999.000 -9999.000 -9999.000 -9999.000 -9999.000 -9999.000 -9999.000 -9999.000 -9999.000 -9999.000 -9999.000 -9999.000 -9999.000 -9999.000 -9999.000
-9999.000 -9999.000 -9999.000 -9999.000 -9999.000 -9999.000 -9999.000 -9999.000 -9999.000 -9999.000 -9999.000 -9999.000 -9999.000 -9999.000 -9999.000 0.9187920E-01 0.8401484E-01 0.8186910E-01 0.8318573E-01 0.8626488E-01 0.8980966E-01 0.9329147E-01 0.9639030E-01 0.9886714E-01 0.1008322 0.1023284 0.1035611 0.1052328 0.1094259 0.1147605 0.1147605 -9999.000 -9999.000 -9999.000 -9999.000 -9999.000 -9999.000 -9999.000 -9999.000 -9999.000 -9999.000 -9999.000 -9999.000 -9999.000 -9999.000 -9999.000 -9999.000 -9999.000 -9999.000 -9999.000 -9999.000 -9999.000 -9999.000 -9999.000 -9999.000 -9999.000 -9999.000 -9999.000 -9999.000 -9999.000
-9999.000 -9999.000 -9999.000 -9999.000 -9999.000 -9999.000 -9999.000 -9999.000 -9999.000 -9999.000 -9999.000 -9999.000 -9999.000 -9999.000 -9999.000 0.8940698E-01 0.7881930E-01 0.7586932E-01 0.7769614E-01 0.8193984E-01 0.8683890E-01 0.9170814E-01 0.9613806E-01 0.9981032E-01 0.1028720 0.1053594 0.1075274 0.1103227 0.1166226 0.1250844 0.1250844 -9999.000 -9999.000 -9999.000 -9999.000 -9999.000 -9999.000 -9999.000 -9999.000 -9999.000 -9999.000 -9999.000 -9999.000 -9999.000 -9999.000 -9999.000 -9999.000 -9999.000 -9999.000 -9999.000 -9999.000 -9999.000 -9999.000 -9999.000 -9999.000 -9999.000 -9999.000 -9999.000 -9999.000 -9999.000
-9999.000 -9999.000 -9999.000 -9999.000 -9999.000 -9999.000 -9999.000 -9999.000 -9999.000 -9999.000 -9999.000 -9999.000 -9999.000 -9999.000 -9999.000 0.8654835E-01 0.7326511E-01 0.6952180E-01 0.7190064E-01 0.7734200E-01 0.8361626E-01 0.8989801E-01 0.9569883E-01 0.1006232 0.1048575 0.1084248 0.1116240 0.1156521 0.1242242 0.1363785 0.1363785 -9999.000 -9999.000 -9999.000 -9999.000 -9999.000 -9999.000 -9999.000 -9999.000 -9999.000 -9999.000 -9999.000 -9999.000 -9999.000 -9999.000 -9999.000 -9999.000 -9999.000 -9999.000 -9999.000 -9999.000 -9999.000 -9999.000 -9999.000 -9999.000 -9999.000 -9999.000 -9999.000 -9999.000 -9999.000
-9999.000 -9999.000 -9999.000 -9999.000 -9999.000 -9999.000 -9999.000 -9999.000 -9999.000 -9999.000 -9999.000 -9999.000 -9999.000 -9999.000 -9999.000 0.8338084E-01 0.6743094E-01 0.6292926E-01 0.6592607E-01 0.7260722E-01 0.8027490E-01 0.8798443E-01 0.9517980E-01 0.1013896 0.1068439 0.1115449 0.1158355 0.1211749 0.1321732 0.1486622 0.1486622 -9999.000 -9999.000 -9999.000 -9999.000 -9999.000 -9999.000 -9999.000 -9999.000 -9999.000 -9999.000 -9999.000 -9999.000 -9999.000 -9999.000 -9999.000 -9999.000 -9999.000 -9999.000 -9999.000 -9999.000 -9999.000 -9999.000 -9999.000 -9999.000 -9999.000 -9999.000 -9999.000 -9999.000 -9999.000
-9999.000 -9999.000 -9999.000 -9999.000 -9999.000 -9999.000 -9999.000 -9999.000 -9999.000 -9999.000 -9999.000 -9999.000 -9999.000 -9999.000 -9999.000 0.7991314E-01 0.6134146E-01 0.5614895E-01 0.5985761E-01 0.6782477E-01 0.7689584E-01 0.8603847E-01 0.9464040E-01 0.1021549 0.1088613 0.1147324 0.1201562 0.1268726 0.1404587 0.1620535 0.1620535 -9999.000 -9999.000 -9999.000 -9999.000 -9999.000 -9999.000 -9999.000 -9999.000 -9999.000 -9999.000 -9999.000 -9999.000 -9999.000 -9999.000 -9999.000 -9999.000 -9999.000 -9999.000 -9999.000 -9999.000 -9999.000 -9999.000 -9999.000 -9999.000 -9999.000 -9999.000 -9999.000 -9999.000 -9999.000
-9999.000 -9999.000 -9999.000 -9999.000 -9999.000 -9999.000 -9999.000 -9999.000 -9999.000 -9999.000 -9999.000 -9999.000 -9999.000 -9999.000 -9999.000 0.7611932E-01 0.5499681E-01 0.4923047E-01 0.5377958E-01 0.6307202E-01 0.7354004E-01 0.8410685E-01 0.9411701E-01 0.1029458 0.1109266 0.1179942 0.1245838 0.1327384 0.1490912 0.1767443 0.1767443 -9999.000 -9999.000 -9999.000 -9999.000 -9999.000 -9999.000 -9999.000 -9999.000 -9999.000 -9999.000 -9999.000 -9999.000 -9999.000 -9999.000 -9999.000 -9999.000 -9999.000 -9999.000 -9999.000 -9999.000 -9999.000 -9999.000 -9999.000 -9999.000 -9999.000 -9999.000 -9999.000 -9999.000 -9999.000
-9999.000 -9999.000 -9999.000 -9999.000 -9999.000 -9999.000 -9999.000 -9999.000 -9999.000 -9999.000 -9999.000 -9999.000 -9999.000 -9999.000 -9999.000 0.7195367E-01 0.4838987E-01 0.4224904E-01 0.4780849E-01 0.5843900E-01 0.7026710E-01 0.8222960E-01 0.9363729E-01 0.1037804 0.1130516 0.1213347 0.1291163 0.1387713 0.1580943 0.1930022 0.1930022 -9999.000 -9999.000 -9999.000 -9999.000 -9999.000 -9999.000 -9999.000 -9999.000 -9999.000 -9999.000 -9999.000 -9999.000 -9999.000 -9999.000 -9999.000 -9999.000 -9999.000 -9999.000 -9999.000 -9999.000 -9999.000 -9999.000 -9999.000 -9999.000 -9999.000 -9999.000 -9999.000 -9999.000 -9999.000
-9999.000 -9999.000 -9999.000 -9999.000 -9999.000 -9999.000 -9999.000 -9999.000 -9999.000 -9999.000 -9999.000 -9999.000 -9999.000 -9999.000 -9999.000 0.6735782E-01 0.4151754E-01 0.3535541E-01 0.4213491E-01 0.5404952E-01 0.6714976E-01 0.8045068E-01 0.9322947E-01 0.1046770 0.1152474 0.1247585 0.1337534 0.1449723 0.1674983 0.2111880 0.2111880 -9999.000 -9999.000 -9999.000 -9999.000 -9999.000 -9999.000 -9999.000 -9999.000 -9999.000 -9999.000 -9999.000 -9999.000 -9999.000 -9999.000 -9999.000 -9999.000 -9999.000 -9999.000 -9999.000 -9999.000 -9999.000 -9999.000 -9999.000 -9999.000 -9999.000 -9999.000 -9999.000 -9999.000 -9999.000
-9999.000 -9999.000 -9999.000 -9999.000 -9999.000 -9999.000 -9999.000 -9999.000 -9999.000 -9999.000 -9999.000 -9999.000 -9999.000 -9999.000 -9999.000 0.6226081E-01 0.3440141E-01 0.2888510E-01 0.3708868E-01 0.5008512E-01 0.6428582E-01 0.7882770E-01 0.9293051E-01 0.1056592 0.1175300 0.1282735 0.1384964 0.1513442 0.1773394 0.2317889 0.2317889 -9999.000 -9999.000 -9999.000 -9999.000 -9999.000 -9999.000 -9999.000 -9999.000 -9999.000 -9999.000 -9999.000 -9999.000 -9999.000 -9999.000 -9999.000 -9999.000 -9999.000 -9999.000 -9999.000 -9999.000 -9999.000 -9999.000 -9999.000 -9999.000 -9999.000 -9999.000 -9999.000 -9999.000 -9999.000
-9999.000 -9999.000 -9999.000 -9999.000 -9999.000 -9999.000 -9999.000 -9999.000 -9999.000 -9999.000 -9999.000 -9999.000 -9999.000 -9999.000 -9999.000 0.5657789E-01 0.2714167E-01 0.2361013E-01 0.3322558E-01 0.4681337E-01 0.6181540E-01 0.7744311E-01 0.9279525E-01 0.1067651 0.1199264 0.1318967 0.1433539 0.1578951 0.1876619 0.2554756 0.2554756 -9999.000 -9999.000 -9999.000 -9999.000 -9999.000 -9999.000 -9999.000 -9999.000 -9999.000 -9999.000 -9999.000 -9999.000 -9999.000 -9999.000 -9999.000 -9999.000 -9999.000 -9999.000 -9999.000 -9999.000 -9999.000 -9999.000 -9999.000 -9999.000 -9999.000 -9999.000 -9999.000 -9999.000 -9999.000
-9999.000 -9999.000 -9999.000 -9999.000 -9999.000 -9999.000 -9999.000 -9999.000 -9999.000 -9999.000 -9999.000 -9999.000 -9999.000 -9999.000 -9999.000 0.5020727E-01 0.2010418E-01 0.2108328E-01 0.3136678E-01 0.4462136E-01 0.5994672E-01 0.7642625E-01 0.9291346E-01 0.1080616 0.1224882 0.1356646 0.1483496 0.1646450 0.1985210 0.2831957 0.2831957 -9999.000 -9999.000 -9999.000 -9999.000 -9999.000 -9999.000 -9999.000 -9999.000 -9999.000 -9999.000 -9999.000 -9999.000 -9999.000 -9999.000 -9999.000 -9999.000 -9999.000 -9999.000 -9999.000 -9999.000 -9999.000 -9999.000 -9999.000 -9999.000 -9999.000 -9999.000 -9999.000 -9999.000 -9999.000
-9999.000 -9999.000 -9999.000 -9999.000 -9999.000 -9999.000 -9999.000 -9999.000 -9999.000 -9999.000 -9999.000 -9999.000 -9999.000 -9999.000 -9999.000 0.4276016E-01 0.1536130E-01 0.2437648E-01 0.3361318E-01 0.4508514E-01 0.5982616E-01 0.7661514E-01 0.9390656E-01 0.1100164 0.1255678 0.1398394 0.1536751 0.1717338 0.2100521 0.3163826 0.3163826 -9999.000 -9999.000 -9999.000 -9999.000 -9999.000 -9999.000 -9999.000 -9999.000 -9999.000 -9999.000 -9999.000 -9999.000 -9999.000 -9999.000 -9999.000 -9999.000 -9999.000 -9999.000 -9999.000 -9999.000 -9999.000 -9999.000 -9999.000 -9999.000 -9999.000 -9999.000 -9999.000 -9999.000 -9999.000
-9999.000 -9999.000 -9999.000 -9999.000 -9999.000 -9999.000 -9999.000 -9999.000 -9999.000 -9999.000 -9999.000 -9999.000 -9999.000 -9999.000 -9999.000 0.6735037E-01 0.1025775 0.1172423 0.1090342 0.1025578 0.1008849 0.1042469 0.1120462 0.1220867 0.1340875 0.1464536 0.1595942 0.1784509 0.2212068 0.3542952 0.3542952 -9999.000 -9999.000 -9999.000 -9999.000 -9999.000 -9999.000 -9999.000 -9999.000 -9999.000 -9999.000 -9999.000 -9999.000 -9999.000 -9999.000 -9999.000 -9999.000 -9999.000 -9999.000 -9999.000 -9999.000 -9999.000 -9999.000 -9999.000 -9999.000 -9999.000 -9999.000 -9999.000 -9999.000 -9999.000
2.783965 2.783965 2.786743 2.801916 2.821305 2.821305 2.824266 2.824530 2.824530 2.821320 2.821320 2.815661 2.812143 2.808265 2.804296 2.804296 2.923293 2.926703 2.927696 2.908540 2.867932 2.806078 2.721751 2.614421 2.487768 2.342722 2.183467 2.019979 1.878711 1.834466 1.834466 2.656194 2.826225 2.922607 2.946307 2.946307 2.976345 2.976345 2.953036 2.953036 2.905468 2.715152 2.715152 2.298774 2.298774 2.035387 2.035387 2.035387 2.027787 2.027787 2.062983 2.062983 2.111664 2.111664 2.161381 2.161381 2.205192 2.205192 2.205192 2.239247
2.806735 2.806735 2.817505 2.855312 2.881606 2.881606 2.896394 2.919193 2.919193 2.938027 2.938027 2.954197 2.961522 2.968442 2.975208 2.975208 3.064109 3.080901 3.095646 3.105271 3.109403 3.106920 3.095348 3.071796 3.034515 2.981055 2.910209 2.823117 2.726558 2.657357 2.657357 3.095030 3.247614 3.395303 3.435382 3.435382 3.479864 3.479864 3.477501 3.477501 3.453927 3.346509 3.346509 3.117975 3.117975 2.862437 2.862437 2.862437 2.853097 2.853097 2.890279 2.890279 2.942072 2.942072 2.994357 2.994357 3.041332 3.041332 3.041332 3.080193
2.811354 2.811354 2.819182 2.856981 2.881166 2.881166 2.896696 2.920458 2.920458 2.939940 2.939940 2.956802 2.964514 2.971845 2.979074 2.979074 3.059174 3.087338 3.112962 3.134629 3.152093 3.165282 3.173575 3.175840 3.171138 3.157763 3.134033 3.099271 3.056235 3.025216 3.025216 3.273020 3.418715 3.587486 3.636622 3.636622 3.685106 3.685106 3.670699 3.670699 3.639940 3.540065 3.540065 3.385573 3.385573 3.158202 3.158202 3.158202 3.132379 3.132379 3.157866 3.157866 3.201404 3.201404 3.247585 3.247585 3.289955 3.289955 3.289955 3.325439
2.814068 2.814068 2.817414 2.857354 2.880133 2.880133 2.896123 2.920436 2.920436 2.939998 2.939998 2.956857 2.964571 2.971909 2.979199 2.979199 3.054328 3.092216 3.128012 3.159647 3.186326 3.207922 3.224375 3.235511 3.241340 3.241503 3.235432 3.222870 3.205470 3.195715 3.195715 3.348120 3.477038 3.649883 3.702087 3.702087 3.742378 3.742378 3.704054 3.704054 3.664452 3.577458 3.577458 3.482148 3.482148 3.301034 3.301034 3.301034 3.260029 3.260029 3.271704 3.271704 3.307005 3.307005 3.348482 3.348482 3.387759 3.387759 3.387759 3.420864
2.814913 2.814913 2.820348 2.857237 2.879148 2.879148 2.895481 2.920270 2.920270 2.939881 2.939881 2.956726 2.964443 2.971792 2.979176 2.979176 3.053551 3.099961 3.145078 3.185907 3.221144 3.250390 3.273592 3.290803 3.302294 3.308299 3.309005 3.304811 3.297321 3.294997 3.294997 3.392103 3.499798 3.661124 3.706229 3.706229 3.715288 3.715288 3.647576 3.647576 3.608271 3.553243 3.553243 3.512490 3.512490 3.389203 3.389203 3.389203 3.339957 3.339957 3.336536 3.336536 3.361089 3.361089 3.396248 3.396248 3.431537 3.431537 3.431537 3.461622
2.811013 2.811013 2.825929 2.857081 2.878509 2.878509 2.895128 2.920374 2.920374 2.940069 2.940069 2.956887 2.964581 2.971908 2.979383 2.979383 3.058025 3.112305 3.165849 3.214944 3.257965 3.294309 3.323846 3.346648 3.362991 3.373247 3.377852 3.377467 3.373639 3.372370 3.372370 3.432993 3.516680 3.646630 3.668607 3.668607 3.622248 3.622248 3.542437 3.542437 3.519044 3.509735 3.509735 3.514380 3.514380 3.449372 3.449372 3.449372 3.402130 3.402130 3.386308 3.386308 3.398404 3.398404 3.424922 3.424922 3.454352 3.454352 3.454352 3.480002
2.810425 2.810425 2.828773 2.856921 2.878073 2.878073 2.894847 2.920358 2.920358 2.940097 2.940097 2.956902 2.964591 2.971913 2.979550 2.979550 3.068459 3.130587 3.191855 3.248272 3.298127 3.340766 3.376023 3.403971 3.424852 3.439019 3.446929 3.449244 3.447271 3.445143 3.445143 3.480193 3.537713 3.605947 3.582663 3.582663 3.477927 3.477927 3.425030 3.425030 3.428666 3.464331 3.464331 3.502322 3.502322 3.488334 3.488334 3.488334 3.452455 3.452455 3.430245 3.430245 3.430486 3.430486 3.446615 3.446615 3.468176 3.468176 3.468176 3.487740
2.810231 2.810231 2.829711 2.856868 2.877927 2.877927 2.894752 2.920352 2.920352 2.940105 2.940105 2.956907 2.964593 2.971914 2.979782 2.979782 3.085997 3.156375 3.224825 3.287598 3.343191 3.391067 3.431129 3.463491 3.488385 3.506127 3.517120 3.521922 3.521500 3.518280 3.518280 3.534157 3.561051 3.518251 3.433466 3.433466 3.312676 3.312676 3.321456 3.321456 3.351751 3.421414 3.421414 3.482204 3.482204 3.509380 3.509380 3.509380 3.490628 3.490628 3.469072 3.469072 3.460361 3.460361 3.465586 3.465586 3.477589 3.477589 3.477589 3.489422
2.810425 2.810425 2.828772 2.856921 2.878073 2.878073 2.894849 2.920359 2.920359 2.940097 2.940097 2.956902 2.964592 2.971912 2.980107 2.980107 3.112191 3.191488 3.266670 3.334801 3.394892 3.446720 3.490390 3.526122 3.554192 3.574903 3.588599 3.595708 3.596772 3.592121 3.592121 3.589762 3.571738 3.355036 3.227166 3.227166 3.166019 3.166019 3.242918 3.242918 3.291257 3.382104 3.382104 3.457955 3.457955 3.516461 3.516461 3.516461 3.516418 3.516418 3.501325 3.501325 3.487974 3.487974 3.483179 3.483179 3.484600 3.484600 3.484600 3.487281
2.811014 2.811014 2.825928 2.857082 2.878509 2.878509 2.895128 2.920373 2.920373 2.940069 2.940069 2.956887 2.964582 2.971908 2.980555 2.980555 3.149358 3.238301 3.319699 3.392039 3.455187 3.509449 3.555251 3.593009 3.623100 3.645856 3.661583 3.670577 3.672698 3.664171 3.664171 3.632829 3.531343 3.117155 3.010598 3.010598 3.059994 3.059994 3.181695 3.181695 3.239752 3.343081 3.343081 3.429336 3.429336 3.511145 3.511145 3.511145 3.528480 3.528480 3.523271 3.523271 3.509601 3.509601 3.496908 3.496908 3.487722 3.487722 3.487722 3.480436
2.814914 2.814914 2.820347 2.857236 2.879148 2.879148 2.895482 2.920270 2.920270 2.939881 2.939881 2.956726 2.964443 2.971793 2.981084 2.981084 3.200996 3.300057 3.386804 3.461851 3.526287 3.581148 3.627309 3.665454 3.696112 3.719680 3.736460 3.746564 3.748138 3.725600 3.725600 3.624011 3.374230 2.863774 2.844668 2.844668 2.985782 2.985782 3.127925 3.127925 3.190813 3.301847 3.301847 3.395574 3.395574 3.494236 3.494236 3.494236 3.526000 3.526000 3.531547 3.531547 3.520565 3.520565 3.502598 3.502598 3.483706 3.483706 3.483706 3.466409
2.814069 2.814069 2.817413 2.857354 2.880134 2.880134 2.896123 2.920436 2.920436 2.939997 2.939997 2.956856 2.964571 2.971909 2.982045 2.982045 3.272929 3.381633 3.471943 3.547423 3.610758 3.663898 3.708251 3.744816 3.774296 3.797168 3.813748 3.823653 3.818814 3.743144 3.743144 3.475315 3.060878 2.683338 2.737675 2.737675 2.919405 2.919405 3.070040 3.070040 3.135706 3.252281 3.252281 3.351645 3.351645 3.462332 3.462332 3.462332 3.505176 3.505176 3.520451 3.520451 3.513651 3.513651 3.492781 3.492781 3.465802 3.465802 3.465802 3.439324
