cruce_test.gid/Rasters/Hydraulic/Velocity__x_17.0.asc
NCOLS        79
NROWS        79
XLLCENTER         -1.500000
YLLCENTER         -4.800000
CELLSIZE           0.100
NODATA_VALUE     -9999.0
[rows 0 to 25 of 79, columns 0 to 57 of 79]
-9999.000 -9999.000 -9999.000 -9999.000 -9999.000 -9999.000 -9999.000 -9999.000 -9999.000 -9999.000 -9999.000 -9999.000 -9999.000 -9999.000 -9999.000 0.8585825E-03 0.1037162E-02 0.3844473E-03 0.1418612E-03 0.5222236E-04 0.1894643E-04 0.6171162E-05 -0.6254356E-08 -0.6155543E-05 -0.1894183E-04 -0.5220601E-04 -0.1418804E-03 -0.3844305E-03 -0.1037192E-02 -0.8586043E-03 -0.8586043E-03 -9999.000 -9999.000 -9999.000 -9999.000 -9999.000 -9999.000 -9999.000 -9999.000 -9999.000 -9999.000 -9999.000 -9999.000 -9999.000 -9999.000 -9999.000 -9999.000 -9999.000 -9999.000 -9999.000 -9999.000 -9999.000 -9999.000 -9999.000 -9999.000 -9999.000 -9999.000 -9999.000
-9999.000 -9999.000 -9999.000 -9999.000 -9999.000 -9999.000 -9999.000 -9999.000 -9999.000 -9999.000 -9999.000 -9999.000 -9999.000 -9999.000 -9999.000 0.1932530E-02 0.2440675E-02 0.1146651E-02 0.5114787E-03 0.2204778E-03 0.9110970E-04 0.3251639E-04 0.1188988E-08 -0.3251875E-04 -0.9109951E-04 -0.2204193E-03 -0.5114622E-03 -0.1146653E-02 -0.2440726E-02 -0.1932555E-02 -0.1932555E-02 -9999.000 -9999.000 -9999.000 -9999.000 -9999.000 -9999.000 -9999.000 -9999.000 -9999.000 -9999.000 -9999.000 -9999.000 -9999.000 -9999.000 -9999.000 -9999.000 -9999.000 -9999.000 -9999.000 -9999.000 -9999.000 -9999.000 -9999.000 -9999.000 -9999.000 -9999.000 -9999.000
-9999.000 -9999.000 -9999.000 -9999.000 -9999.000 -9999.000 -9999.000 -9999.000 -9999.000 -9999.000 -9999.000 -9999.000 -9999.000 -9999.000 -9999.000 0.2852953E-02 0.3812572E-02 0.2135093E-02 0.1106734E-02 0.5430489E-03 0.2500745E-03 0.9638850E-04 0.1694757E-07 -0.9637782E-04 -0.2501047E-03 -0.5430349E-03 -0.1106694E-02 -0.2135081E-02 -0.3812629E-02 -0.2906086E-02 -0.2906086E-02 -9999.000 -9999.000 -9999.000 -9999.000 -9999.000 -9999.000 -9999.000 -9999.000 -9999.000 -9999.000 -9999.000 -9999.000 -9999.000 -9999.000 -9999.000 -9999.000 -9999.000 -9999.000 -9999.000 -9999.000 -9999.000 -9999.000 -9999.000 -9999.000 -9999.000 -9999.000 -9999.000
-9999.000 -9999.000 -9999.000 -9999.000 -9999.000 -9999.000 -9999.000 -9999.000 -9999.000 -9999.000 -9999.000 -9999.000 -9999.000 -9999.000 -9999.000 0.3337005E-01 0.5799124E-01 0.6039149E-01 0.5848253E-01 0.5747464E-01 0.5644308E-01 0.5401579E-01 0.4940806E-01 0.4221729E-01 0.3296432E-01 0.2277180E-01 0.1296725E-01 0.1339611E-02 -0.1986047E-01 -0.1781990E-01 -0.1781990E-01 -9999.000 -9999.000 -9999.000 -9999.000 -9999.000 -9999.000 -9999.000 -9999.000 -9999.000 -9999.000 -9999.000 -9999.000 -9999.000 -9999.000 -9999.000 -9999.000 -9999.000 -9999.000 -9999.000 -9999.000 -9999.000 -9999.000 -9999.000 -9999.000 -9999.000 -9999.000 -9999.000
-9999.000 -9999.000 -9999.000 -9999.000 -9999.000 -9999.000 -9999.000 -9999.000 -9999.000 -9999.000 -9999.000 -9999.000 -9999.000 -9999.000 -9999.000 0.2144782E-01 0.3989101E-01 0.5112021E-01 0.5668389E-01 0.5978138E-01 0.6139657E-01 0.6177876E-01 0.6092511E-01 0.5871351E-01 0.5490584E-01 0.4879814E-01 0.3884950E-01 0.2193194E-01 -0.1294162E-02 -0.9970390E-02 -0.9970390E-02 -9999.000 -9999.000 -9999.000 -9999.000 -9999.000 -9999.000 -9999.000 -9999.000 -9999.000 -9999.000 -9999.000 -9999.000 -9999.000 -9999.000 -9999.000 -9999.000 -9999.000 -9999.000 -9999.000 -9999.000 -9999.000 -9999.000 -9999.000 -9999.000 -9999.000 -9999.000 -9999.000
-9999.000 -9999.000 -9999.000 -9999.000 -9999.000 -9999.000 -9999.000 -9999.000 -9999.000 -9999.000 -9999.000 -9999.000 -9999.000 -9999.000 -9999.000 0.1578908E-01 0.3205707E-01 0.4609977E-01 0.5500708E-01 0.6044995E-01 0.6354923E-01 0.6490563E-01 0.6470978E-01 0.6288728E-01 0.5909478E-01 0.5273689E-01 0.4308471E-01 0.2949258E-01 0.1285577E-01 0.1831611E-02 0.1831611E-02 -9999.000 -9999.000 -9999.000 -9999.000 -9999.000 -9999.000 -9999.000 -9999.000 -9999.000 -9999.000 -9999.000 -9999.000 -9999.000 -9999.000 -9999.000 -9999.000 -9999.000 -9999.000 -9999.000 -9999.000 -9999.000 -9999.000 -9999.000 -9999.000 -9999.000 -9999.000 -9999.000
-9999.000 -9999.000 -9999.000 -9999.000 -9999.000 -9999.000 -9999.000 -9999.000 -9999.000 -9999.000 -9999.000 -9999.000 -9999.000 -9999.000 -9999.000 0.1393506E-01 0.2993134E-01 0.4557543E-01 0.5641986E-01 0.6352773E-01 0.6794238E-01 0.7028823E-01 0.7076076E-01 0.6925577E-01 0.6539873E-01 0.5870167E-01 0.4877990E-01 0.3568025E-01 0.2005503E-01 0.7415349E-02 0.7415349E-02 -9999.000 -9999.000 -9999.000 -9999.000 -9999.000 -9999.000 -9999.000 -9999.000 -9999.000 -9999.000 -9999.000 -9999.000 -9999.000 -9999.000 -9999.000 -9999.000 -9999.000 -9999.000 -9999.000 -9999.000 -9999.000 -9999.000 -9999.000 -9999.000 -9999.000 -9999.000 -9999.000
-9999.000 -9999.000 -9999.000 -9999.000 -9999.000 -9999.000 -9999.000 -9999.000 -9999.000 -9999.000 -9999.000 -9999.000 -9999.000 -9999.000 -9999.000 0.1355202E-01 0.2998807E-01 0.4709930E-01 0.5963345E-01 0.6836024E-01 0.7419716E-01 0.7767942E-01 0.7891198E-01 0.7769164E-01 0.7359643E-01 0.6622698E-01 0.5544106E-01 0.4165418E-01 0.2546032E-01 0.1096648E-01 0.1096648E-01 -9999.000 -9999.000 -9999.000 -9999.000 -9999.000 -9999.000 -9999.000 -9999.000 -9999.000 -9999.000 -9999.000 -9999.000 -9999.000 -9999.000 -9999.000 -9999.000 -9999.000 -9999.000 -9999.000 -9999.000 -9999.000 -9999.000 -9999.000 -9999.000 -9999.000 -9999.000 -9999.000
-9999.000 -9999.000 -9999.000 -9999.000 -9999.000 -9999.000 -9999.000 -9999.000 -9999.000 -9999.000 -9999.000 -9999.000 -9999.000 -9999.000 -9999.000 0.1371920E-01 0.3096067E-01 0.4979269E-01 0.6433455E-01 0.7503196E-01 0.8258720E-01 0.8737771E-01 0.8938154E-01 0.8830357E-01 0.8372861E-01 0.7539773E-01 0.6337912E-01 0.4827588E-01 0.3066890E-01 0.1392474E-01 0.1392474E-01 -9999.000 -9999.000 -9999.000 -9999.000 -9999.000 -9999.000 -9999.000 -9999.000 -9999.000 -9999.000 -9999.000 -9999.000 -9999.000 -9999.000 -9999.000 -9999.000 -9999.000 -9999.000 -9999.000 -9999.000 -9999.000 -9999.000 -9999.000 -9999.000 -9999.000 -9999.000 -9999.000
-9999.000 -9999.000 -9999.000 -9999.000 -9999.000 -9999.000 -9999.000 -9999.000 -9999.000 -9999.000 -9999.000 -9999.000 -9999.000 -9999.000 -9999.000 0.1417870E-01 0.3252389E-01 0.5345471E-01 0.7044387E-01 0.8349067E-01 0.9300680E-01 0.9919455E-01 0.1019372 0.1009175 0.9579510E-01 0.8645312E-01 0.7306661E-01 0.5623802E-01 0.3648497E-01 0.1694578E-01 0.1694578E-01 -9999.000 -9999.000 -9999.000 -9999.000 -9999.000 -9999.000 -9999.000 -9999.000 -9999.000 -9999.000 -9999.000 -9999.000 -9999.000 -9999.000 -9999.000 -9999.000 -9999.000 -9999.000 -9999.000 -9999.000 -9999.000 -9999.000 -9999.000 -9999.000 -9999.000 -9999.000 -9999.000
-9999.000 -9999.000 -9999.000 -9999.000 -9999.000 -9999.000 -9999.000 -9999.000 -9999.000 -9999.000 -9999.000 -9999.000 -9999.000 -9999.000 -9999.000 0.1485010E-01 0.3454909E-01 0.5790817E-01 0.7770444E-01 0.9340079E-01 0.1050872 0.1128105 0.1164148 0.1156199 0.1101687 0.1000031 0.8526085E-01 0.6638743E-01 0.4372412E-01 0.2057152E-01 0.2057152E-01 -9999.000 -9999.000 -9999.000 -9999.000 -9999.000 -9999.000 -9999.000 -9999.000 -9999.000 -9999.000 -9999.000 -9999.000 -9999.000 -9999.000 -9999.000 -9999.000 -9999.000 -9999.000 -9999.000 -9999.000 -9999.000 -9999.000 -9999.000 -9999.000 -9999.000 -9999.000 -9999.000
-9999.000 -9999.000 -9999.000 -9999.000 -9999.000 -9999.000 -9999.000 -9999.000 -9999.000 -9999.000 -9999.000 -9999.000 -9999.000 -9999.000 -9999.000 0.1570237E-01 0.3694835E-01 0.6296440E-01 0.8583173E-01 0.1044511 0.1185936 0.1281747 0.1330301 0.1329260 0.1276370 0.1170462 0.1011102 0.7995577E-01 0.5352260E-01 0.2547502E-01 0.2547502E-01 -9999.000 -9999.000 -9999.000 -9999.000 -9999.000 -9999.000 -9999.000 -9999.000 -9999.000 -9999.000 -9999.000 -9999.000 -9999.000 -9999.000 -9999.000 -9999.000 -9999.000 -9999.000 -9999.000 -9999.000 -9999.000 -9999.000 -9999.000 -9999.000 -9999.000 -9999.000 -9999.000
-9999.000 -9999.000 -9999.000 -9999.000 -9999.000 -9999.000 -9999.000 -9999.000 -9999.000 -9999.000 -9999.000 -9999.000 -9999.000 -9999.000 -9999.000 0.1674310E-01 0.3969559E-01 0.6851919E-01 0.9466439E-01 0.1165032 0.1335119 0.1454864 0.1522512 0.1535904 0.1492440 0.1389337 0.1222883 0.9886452E-01 0.6774114E-01 0.3274657E-01 0.3274657E-01 -9999.000 -9999.000 -9999.000 -9999.000 -9999.000 -9999.000 -9999.000 -9999.000 -9999.000 -9999.000 -9999.000 -9999.000 -9999.000 -9999.000 -9999.000 -9999.000 -9999.000 -9999.000 -9999.000 -9999.000 -9999.000 -9999.000 -9999.000 -9999.000 -9999.000 -9999.000 -9999.000
-9999.000 -9999.000 -9999.000 -9999.000 -9999.000 -9999.000 -9999.000 -9999.000 -9999.000 -9999.000 -9999.000 -9999.000 -9999.000 -9999.000 -9999.000 0.1806064E-01 0.4290941E-01 0.7466961E-01 0.1042672 0.1296318 0.1499973 0.1650578 0.1746183 0.1784584 0.1762565 0.1675261 0.1514318 0.1265626 0.9015751E-01 0.4475756E-01 0.4475756E-01 -9999.000 -9999.000 -9999.000 -9999.000 -9999.000 -9999.000 -9999.000 -9999.000 -9999.000 -9999.000 -9999.000 -9999.000 -9999.000 -9999.000 -9999.000 -9999.000 -9999.000 -9999.000 -9999.000 -9999.000 -9999.000 -9999.000 -9999.000 -9999.000 -9999.000 -9999.000 -9999.000
-9999.000 -9999.000 -9999.000 -9999.000 -9999.000 -9999.000 -9999.000 -9999.000 -9999.000 -9999.000 -9999.000 -9999.000 -9999.000 -9999.000 -9999.000 0.2440555E-01 0.5235898E-01 0.8706465E-01 0.1193596 0.1474383 0.1706655 0.1887895 0.2016381 0.2089986 0.2105234 0.2055810 0.1928537 0.1694739 0.1286426 0.6372894E-01 0.6372894E-01 -9999.000 -9999.000 -9999.000 -9999.000 -9999.000 -9999.000 -9999.000 -9999.000 -9999.000 -9999.000 -9999.000 -9999.000 -9999.000 -9999.000 -9999.000 -9999.000 -9999.000 -9999.000 -9999.000 -9999.000 -9999.000 -9999.000 -9999.000 -9999.000 -9999.000 -9999.000 -9999.000
0.8551914 0.8551914 0.8280542 0.8004647 0.7832482 0.7832482 0.7636643 0.7227996 0.7227996 0.6806780 0.6806780 0.6275133 0.5925626 0.5488119 0.4925510 0.4925510 0.3694084 0.3291432 0.3004842 0.2820317 0.2718392 0.2676164 0.2670998 0.2684106 0.2703399 0.2726685 0.2766984 0.2865080 0.3117794 0.3653289 0.3653289 0.9721923 1.176816 0.9320782 0.7795062 0.7795062 0.1011484 0.1011484 -0.9905187E-02 -0.9905187E-02 0.4484246E-02 0.1008348 0.1008348 0.2016104 0.2016104 0.3220343 0.3220343 0.3220343 0.3965313 0.3965313 0.4592370 0.4592370 0.5113425 0.5113425 0.5545483 0.5545483 0.6049297 0.6049297
0.8658575 0.8658575 0.8391103 0.8184426 0.8043911 0.8043911 0.7875528 0.7506153 0.7506153 0.7103686 0.7103686 0.6591501 0.6279187 0.5931954 0.5556903 0.5556903 0.4854431 0.4543377 0.4255272 0.3998782 0.3785187 0.3622526 0.3513246 0.3455720 0.3448521 0.3496729 0.3620666 0.3871100 0.4360784 0.5299051 0.5299051 0.9517226 1.111882 1.167111 1.160695 1.160695 0.9743377 0.9743377 0.8456112 0.8456112 0.8320170 0.7702555 0.7702555 0.7189345 0.7189345 0.7203560 0.7203560 0.7203560 0.7518053 0.7518053 0.7864931 0.7864931 0.8205369 0.8205369 0.8303373 0.8303373 0.8802201 0.8802201
0.8679472 0.8679472 0.8393080 0.8194181 0.8059488 0.8059488 0.7898546 0.7552618 0.7552618 0.7195920 0.7195920 0.6769119 0.6519640 0.6250743 0.5970017 0.5970017 0.5485248 0.5270095 0.5057930 0.4848636 0.4650358 0.4475929 0.4338953 0.4251811 0.4226411 0.4278082 0.4432955 0.4741793 0.5308763 0.6349038 0.6349038 0.9640781 1.106061 1.203256 1.214885 1.214885 1.170596 1.170596 1.086800 1.086800 1.064195 1.016435 1.016435 0.9700084 0.9700084 0.9326198 0.9326198 0.9326198 0.9434659 0.9434659 0.9613952 0.9613952 0.9822877 0.9822877 0.9978198 0.9978198 1.026024 1.026024
0.8705691 0.8705691 0.8399547 0.8206997 0.8078055 0.8078055 0.7924216 0.7599995 0.7599995 0.7283684 0.7283684 0.6926731 0.6725109 0.6512294 0.6294312 0.6294312 0.5945687 0.5794958 0.5644693 0.5491244 0.5337602 0.5193095 0.5071427 0.4988793 0.4963266 0.5016398 0.5177967 0.5496499 0.6062892 0.7068411 0.7068411 0.9740937 1.106036 1.208292 1.227548 1.227548 1.212560 1.212560 1.155546 1.155546 1.135156 1.108949 1.108949 1.087986 1.087986 1.054178 1.054178 1.054178 1.054618 1.054618 1.062748 1.062748 1.075301 1.075301 1.086252 1.086252 1.104664 1.104664
0.8733631 0.8733631 0.8409254 0.8225318 0.8103075 0.8103075 0.7957179 0.7655780 0.7655780 0.7378666 0.7378666 0.7084069 0.6922517 0.6754467 0.6584064 0.6584064 0.6333903 0.6227905 0.6121730 0.6012419 0.5900980 0.5793533 0.5701063 0.5638630 0.5624888 0.5682768 0.5842413 0.6148639 0.6679254 0.7596604 0.7596604 0.9800823 1.103318 1.201858 1.220690 1.220690 1.208204 1.208204 1.169258 1.169258 1.159124 1.156352 1.156352 1.157564 1.157564 1.137988 1.137988 1.137988 1.134299 1.134299 1.135768 1.135768 1.141724 1.141724 1.148298 1.148298 1.159777 1.159777
0.8764410 0.8764410 0.8421753 0.8247808 0.8133113 0.8133113 0.7996029 0.7718623 0.7718623 0.7480324 0.7480324 0.7244553 0.7119600 0.6991367 0.6861801 0.6861801 0.6691489 0.6618080 0.6542093 0.6463193 0.6382939 0.6306102 0.6241297 0.6201150 0.6202356 0.6266260 0.6420845 0.6706055 0.7187828 0.8002406 0.8002406 0.9829935 1.096463 1.182140 1.194860 1.194860 1.181682 1.181682 1.166796 1.166796 1.169574 1.186317 1.186317 1.202526 1.202526 1.199147 1.199147 1.199147 1.196459 1.196459 1.194324 1.194324 1.194979 1.194979 1.197118 1.197118 1.202871 1.202871
0.8794146 0.8794146 0.8434787 0.8272056 0.8165241 0.8165241 0.8037179 0.7783933 0.7783933 0.7584110 0.7584110 0.7406163 0.7317195 0.7228106 0.7138285 0.7138285 0.7040782 0.6992207 0.6935965 0.6875274 0.6813805 0.6756610 0.6711041 0.6687505 0.6700062 0.6767200 0.6913428 0.7173299 0.7602277 0.8314131 0.8314131 0.9823450 1.082934 1.145941 1.151854 1.151854 1.147214 1.147214 1.161175 1.161175 1.175213 1.206074 1.206074 1.231896 1.231896 1.242532 1.242532 1.242532 1.244324 1.244324 1.242031 1.242031 1.239422 1.239422 1.237609 1.237609 1.238368 1.238368
0.8822483 0.8822483 0.8448161 0.8297343 0.8198523 0.8198523 0.8079479 0.7850031 0.7850031 0.7688036 0.7688036 0.7567930 0.7515989 0.7468286 0.7421474 0.7421474 0.7397890 0.7368418 0.7323248 0.7269973 0.7215344 0.7165803 0.7128435 0.7112013 0.7128016 0.7191661 0.7323454 0.7552499 0.7925286 0.8536924 0.8536924 0.9753099 1.056482 1.093996 1.099487 1.099487 1.115446 1.115446 1.156292 1.156292 1.178293 1.218711 1.218711 1.250867 1.250867 1.272197 1.272197 1.272197 1.279675 1.279675 1.279905 1.279905 1.276500 1.276500 1.271985 1.271985 1.268600 1.268600
0.8848153 0.8848153 0.8461228 0.8322561 0.8231591 0.8231591 0.8121318 0.7914832 0.7914832 0.7789685 0.7789685 0.7728036 0.7715423 0.7713984 0.7718193 0.7718193 0.7777693 0.7761796 0.7719076 0.7662756 0.7603421 0.7549575 0.7508638 0.7488166 0.7497095 0.7547039 0.7653989 0.7841492 0.8148825 0.8661843 0.8661843 0.9603999 1.005598 1.033939 1.048651 1.048651 1.089844 1.089844 1.151644 1.151644 1.178799 1.225790 1.225790 1.262481 1.262481 1.291803 1.291803 1.291803 1.304668 1.304668 1.308729 1.308729 1.306623 1.306623 1.301097 1.301097 1.294771 1.294771
0.8869801 0.8869801 0.8473442 0.8346680 0.8263130 0.8263130 0.8161107 0.7976206 0.7976206 0.7886341 0.7886341 0.7883527 0.7913215 0.7965283 0.8034487 0.8034487 0.8196930 0.8187245 0.8136510 0.8065581 0.7989609 0.7919456 0.7863039 0.7826612 0.7816068 0.7838349 0.7903442 0.8028073 0.8244296 0.8625832 0.8625832 0.9230196 0.9466475 0.9798008 1.007530 1.007530 1.066520 1.066520 1.145377 1.145377 1.176198 1.228438 1.228438 1.268922 1.268922 1.304546 1.304546 1.304546 1.321948 1.321948 1.329952 1.329952 1.330301 1.330301 1.325274 1.325274 1.317396 1.317396
0.8886039 0.8886039 0.8484391 0.8368807 0.8291951 0.8291951 0.8197374 0.8032099 0.8032099 0.7975056 0.7975056 0.8030122 0.8104705 0.8218849 0.8374257 0.8374257 0.8677149 0.8661422 0.8587845 0.8487850 0.8381785 0.8282777 0.8198807 0.8133976 0.8089470 0.8064643 0.8059757 0.8082120 0.8157427 0.8344375 0.8344375 0.8617355 0.8783336 0.9370338 0.9764322 0.9764322 1.042816 1.042816 1.141239 1.141239 1.174819 1.230812 1.230812 1.273854 1.273854 1.313753 1.313753 1.313753 1.334393 1.334393 1.345553 1.345553 1.348433 1.348433 1.344709 1.344709 1.336446 1.336446
