cruce_test.gid/Rasters/Hydraulic/Velocity____118.0.asc
NCOLS        79
NROWS        79
XLLCENTER         -1.500000
YLLCENTER         -4.800000
CELLSIZE           0.100
NODATA_VALUE     -9999.0
[rows 0 to 26 of 79, columns 0 to 59 of 79]
-9999.000 -9999.000 -9999.000 -9999.000 -9999.000 -9999.000 -9999.000 -9999.000 -9999.000 -9999.000 -9999.000 -9999.000 -9999.000 -9999.000 -9999.000 0.1517508 0.1506402 0.1505888 0.1507216 0.1509433 0.1511999 0.1514527 0.1516825 0.1518861 0.1520874 0.1523506 0.1528170 0.1537572 0.1556230 0.1554540 0.1554540 -9999.000 -9999.000 -9999.000 -9999.000 -9999.000 -9999.000 -9999.000 -9999.000 -9999.000 -9999.000 -9999.000 -9999.000 -9999.000 -9999.000 -9999.000 -9999.000 -9999.000 -9999.000 -9999.000 -9999.000 -9999.000 -9999.000 -9999.000 -9999.000 -9999.000 -9999.000 -9999.000 -9999.000 -9999.000
-9999.000 -9999.000 -9999.000 -9999.000 -9999.000 -9999.000 -9999.000 -9999.000 -9999.000 -9999.000 -9999.000 -9999.000 -9999.000 -9999.000 -9999.000 0.1496559 0.1473041 0.1472033 0.1475132 0.1480306 0.1486361 0.1492414 0.1497990 0.1502961 0.1507791 0.1513836 0.1524160 0.1544688 0.1585169 0.1587394 0.1587394 -9999.000 -9999.000 -9999.000 -9999.000 -9999.000 -9999.000 -9999.000 -9999.000 -9999.000 -9999.000 -9999.000 -9999.000 -9999.000 -9999.000 -9999.000 -9999.000 -9999.000 -9999.000 -9999.000 -9999.000 -9999.000 -9999.000 -9999.000 -9999.000 -9999.000 -9999.000 -9999.000 -9999.000 -9999.000
-9999.000 -9999.000 -9999.000 -9999.000 -9999.000 -9999.000 -9999.000 -9999.000 -9999.000 -9999.000 -9999.000 -9999.000 -9999.000 -9999.000 -9999.000 0.1463022 0.1426108 0.1424612 0.1430207 0.1439576 0.1450721 0.1462138 0.1473004 0.1483095 0.1493189 0.1505551 0.1525229 0.1561862 0.1630949 0.1644506 0.1644506 -9999.000 -9999.000 -9999.000 -9999.000 -9999.000 -9999.000 -9999.000 -9999.000 -9999.000 -9999.000 -9999.000 -9999.000 -9999.000 -9999.000 -9999.000 -9999.000 -9999.000 -9999.000 -9999.000 -9999.000 -9999.000 -9999.000 -9999.000 -9999.000 -9999.000 -9999.000 -9999.000 -9999.000 -9999.000
-9999.000 -9999.000 -9999.000 -9999.000 -9999.000 -9999.000 -9999.000 -9999.000 -9999.000 -9999.000 -9999.000 -9999.000 -9999.000 -9999.000 -9999.000 0.1422614 0.1372855 0.1371177 0.1379841 0.1394185 0.1411370 0.1429223 0.1446559 0.1463044 0.1479764 0.1499920 0.1530632 0.1585468 0.1686232 0.1717971 0.1717971 -9999.000 -9999.000 -9999.000 -9999.000 -9999.000 -9999.000 -9999.000 -9999.000 -9999.000 -9999.000 -9999.000 -9999.000 -9999.000 -9999.000 -9999.000 -9999.000 -9999.000 -9999.000 -9999.000 -9999.000 -9999.000 -9999.000 -9999.000 -9999.000 -9999.000 -9999.000 -9999.000 -9999.000 -9999.000
-9999.000 -9999.000 -9999.000 -9999.000 -9999.000 -9999.000 -9999.000 -9999.000 -9999.000 -9999.000 -9999.000 -9999.000 -9999.000 -9999.000 -9999.000 0.1376702 0.1314589 0.1312978 0.1325182 0.1345143 0.1369126 0.1394246 0.1418932 0.1442733 0.1467056 0.1496092 0.1539160 0.1614083 0.1749707 0.1807155 0.1807155 -9999.000 -9999.000 -9999.000 -9999.000 -9999.000 -9999.000 -9999.000 -9999.000 -9999.000 -9999.000 -9999.000 -9999.000 -9999.000 -9999.000 -9999.000 -9999.000 -9999.000 -9999.000 -9999.000 -9999.000 -9999.000 -9999.000 -9999.000 -9999.000 -9999.000 -9999.000 -9999.000 -9999.000 -9999.000
-9999.000 -9999.000 -9999.000 -9999.000 -9999.000 -9999.000 -9999.000 -9999.000 -9999.000 -9999.000 -9999.000 -9999.000 -9999.000 -9999.000 -9999.000 0.1325969 0.1252054 0.1250749 0.1266922 0.1293071 0.1324508 0.1357578 0.1390317 0.1422149 0.1454829 0.1493608 0.1550179 0.1647013 0.1820973 0.1912906 0.1912906 -9999.000 -9999.000 -9999.000 -9999.000 -9999.000 -9999.000 -9999.000 -9999.000 -9999.000 -9999.000 -9999.000 -9999.000 -9999.000 -9999.000 -9999.000 -9999.000 -9999.000 -9999.000 -9999.000 -9999.000 -9999.000 -9999.000 -9999.000 -9999.000 -9999.000 -9999.000 -9999.000 -9999.000 -9999.000
-9999.000 -9999.000 -9999.000 -9999.000 -9999.000 -9999.000 -9999.000 -9999.000 -9999.000 -9999.000 -9999.000 -9999.000 -9999.000 -9999.000 -9999.000 0.1270596 0.1185593 0.1184871 0.1205449 0.1238340 0.1277844 0.1319476 0.1360865 0.1401316 0.1442966 0.1492224 0.1563357 0.1683975 0.1900194 0.2037292 0.2037292 -9999.000 -9999.000 -9999.000 -9999.000 -9999.000 -9999.000 -9999.000 -9999.000 -9999.000 -9999.000 -9999.000 -9999.000 -9999.000 -9999.000 -9999.000 -9999.000 -9999.000 -9999.000 -9999.000 -9999.000 -9999.000 -9999.000 -9999.000 -9999.000 -9999.000 -9999.000 -9999.000 -9999.000 -9999.000
-9999.000 -9999.000 -9999.000 -9999.000 -9999.000 -9999.000 -9999.000 -9999.000 -9999.000 -9999.000 -9999.000 -9999.000 -9999.000 -9999.000 -9999.000 0.1210412 0.1115274 0.1115494 0.1140962 0.1181184 0.1229368 0.1280139 0.1330719 0.1380299 0.1431450 0.1491840 0.1578559 0.1724946 0.1987944 0.2183631 0.2183631 -9999.000 -9999.000 -9999.000 -9999.000 -9999.000 -9999.000 -9999.000 -9999.000 -9999.000 -9999.000 -9999.000 -9999.000 -9999.000 -9999.000 -9999.000 -9999.000 -9999.000 -9999.000 -9999.000 -9999.000 -9999.000 -9999.000 -9999.000 -9999.000 -9999.000 -9999.000 -9999.000 -9999.000 -9999.000
-9999.000 -9999.000 -9999.000 -9999.000 -9999.000 -9999.000 -9999.000 -9999.000 -9999.000 -9999.000 -9999.000 -9999.000 -9999.000 -9999.000 -9999.000 0.1144991 0.1040993 0.1042625 0.1073574 0.1121783 0.1179299 0.1239786 0.1300068 0.1359242 0.1420364 0.1492491 0.1595814 0.1770104 0.2085150 0.2356793 0.2356793 -9999.000 -9999.000 -9999.000 -9999.000 -9999.000 -9999.000 -9999.000 -9999.000 -9999.000 -9999.000 -9999.000 -9999.000 -9999.000 -9999.000 -9999.000 -9999.000 -9999.000 -9999.000 -9999.000 -9999.000 -9999.000 -9999.000 -9999.000 -9999.000 -9999.000 -9999.000 -9999.000 -9999.000 -9999.000
-9999.000 -9999.000 -9999.000 -9999.000 -9999.000 -9999.000 -9999.000 -9999.000 -9999.000 -9999.000 -9999.000 -9999.000 -9999.000 -9999.000 -9999.000 0.1073686 0.9625086E-01 0.9662235E-01 0.1003411 0.1060388 0.1127950 0.1198750 0.1269236 0.1338439 0.1409967 0.1494404 0.1615342 0.1819841 0.2193100 0.2563811 0.2563811 -9999.000 -9999.000 -9999.000 -9999.000 -9999.000 -9999.000 -9999.000 -9999.000 -9999.000 -9999.000 -9999.000 -9999.000 -9999.000 -9999.000 -9999.000 -9999.000 -9999.000 -9999.000 -9999.000 -9999.000 -9999.000 -9999.000 -9999.000 -9999.000 -9999.000 -9999.000 -9999.000 -9999.000 -9999.000
-9999.000 -9999.000 -9999.000 -9999.000 -9999.000 -9999.000 -9999.000 -9999.000 -9999.000 -9999.000 -9999.000 -9999.000 -9999.000 -9999.000 -9999.000 0.9956229E-01 0.8794690E-01 0.8862566E-01 0.9307253E-01 0.9974567E-01 0.1075896 0.1157650 0.1238851 0.1318515 0.1400869 0.1498158 0.1637706 0.1874856 0.2313518 0.2814956 0.2814956 -9999.000 -9999.000 -9999.000 -9999.000 -9999.000 -9999.000 -9999.000 -9999.000 -9999.000 -9999.000 -9999.000 -9999.000 -9999.000 -9999.000 -9999.000 -9999.000 -9999.000 -9999.000 -9999.000 -9999.000 -9999.000 -9999.000 -9999.000 -9999.000 -9999.000 -9999.000 -9999.000 -9999.000 -9999.000
-9999.000 -9999.000 -9999.000 -9999.000 -9999.000 -9999.000 -9999.000 -9999.000 -9999.000 -9999.000 -9999.000 -9999.000 -9999.000 -9999.000 -9999.000 0.9095946E-01 0.7913933E-01 0.8027954E-01 0.8560925E-01 0.9339079E-01 0.1024246 0.1117701 0.1210188 0.1300784 0.1394407 0.1505087 0.1664170 0.1936432 0.2448748 0.3125719 0.3125719 -9999.000 -9999.000 -9999.000 -9999.000 -9999.000 -9999.000 -9999.000 -9999.000 -9999.000 -9999.000 -9999.000 -9999.000 -9999.000 -9999.000 -9999.000 -9999.000 -9999.000 -9999.000 -9999.000 -9999.000 -9999.000 -9999.000 -9999.000 -9999.000 -9999.000 -9999.000 -9999.000 -9999.000 -9999.000
-9999.000 -9999.000 -9999.000 -9999.000 -9999.000 -9999.000 -9999.000 -9999.000 -9999.000 -9999.000 -9999.000 -9999.000 -9999.000 -9999.000 -9999.000 0.8139130E-01 0.6976802E-01 0.7162634E-01 0.7808193E-01 0.8716267E-01 0.9752183E-01 0.1081342 0.1185863 0.1288035 0.1393534 0.1518215 0.1697625 0.2007175 0.2602203 0.3520532 0.3520532 -9999.000 -9999.000 -9999.000 -9999.000 -9999.000 -9999.000 -9999.000 -9999.000 -9999.000 -9999.000 -9999.000 -9999.000 -9999.000 -9999.000 -9999.000 -9999.000 -9999.000 -9999.000 -9999.000 -9999.000 -9999.000 -9999.000 -9999.000 -9999.000 -9999.000 -9999.000 -9999.000 -9999.000 -9999.000
-9999.000 -9999.000 -9999.000 -9999.000 -9999.000 -9999.000 -9999.000 -9999.000 -9999.000 -9999.000 -9999.000 -9999.000 -9999.000 -9999.000 -9999.000 0.7057364E-01 0.5978756E-01 0.6287993E-01 0.7090734E-01 0.8159578E-01 0.9347902E-01 0.1054978 0.1172647 0.1287431 0.1405796 0.1545309 0.1745518 0.2093439 0.2779822 0.4040721 0.4040721 -9999.000 -9999.000 -9999.000 -9999.000 -9999.000 -9999.000 -9999.000 -9999.000 -9999.000 -9999.000 -9999.000 -9999.000 -9999.000 -9999.000 -9999.000 -9999.000 -9999.000 -9999.000 -9999.000 -9999.000 -9999.000 -9999.000 -9999.000 -9999.000 -9999.000 -9999.000 -9999.000 -9999.000 -9999.000
-9999.000 -9999.000 -9999.000 -9999.000 -9999.000 -9999.000 -9999.000 -9999.000 -9999.000 -9999.000 -9999.000 -9999.000 -9999.000 -9999.000 -9999.000 0.5523229E-01 0.5676732E-01 0.6865105E-01 0.8182254E-01 0.9488451E-01 0.1074483 0.1192494 0.1303587 0.1410024 0.1519714 0.1651760 0.1849843 0.2215800 0.2988410 0.4737011 0.4737011 -9999.000 -9999.000 -9999.000 -9999.000 -9999.000 -9999.000 -9999.000 -9999.000 -9999.000 -9999.000 -9999.000 -9999.000 -9999.000 -9999.000 -9999.000 -9999.000 -9999.000 -9999.000 -9999.000 -9999.000 -9999.000 -9999.000 -9999.000 -9999.000 -9999.000 -9999.000 -9999.000 -9999.000 -9999.000
2.131015 2.131015 2.172904 2.219060 2.227266 2.227266 2.232767 2.239299 2.239299 2.242241 2.242241 2.242778 2.242343 2.241518 2.240348 2.240348 1.969151 1.923545 1.871948 1.809528 1.734514 1.646880 1.547623 1.438678 1.323408 1.207417 1.100011 1.017196 0.9897304 1.088198 1.088198 1.888970 2.030146 2.054305 2.042713 2.042713 1.997547 1.997547 1.886961 1.886961 1.647824 1.306489 1.306489 1.214121 1.214121 1.234304 1.234304 1.234304 1.284989 1.284989 1.344045 1.344045 1.391500 1.391500 1.430437 1.430437 1.459352 1.459352 1.459352 1.477649
2.144507 2.144507 2.201738 2.260015 2.277498 2.277498 2.292273 2.317245 2.317245 2.338469 2.338469 2.357145 2.365728 2.373885 2.381661 2.381661 2.222745 2.203303 2.193300 2.180351 2.159362 2.126875 2.081967 2.023857 1.952866 1.871213 1.784235 1.702409 1.646365 1.667446 1.667446 2.138695 2.287556 2.398342 2.417910 2.417910 2.415415 2.415415 2.357880 2.357880 2.255401 1.952688 1.952688 1.837567 1.837567 1.858896 1.858896 1.858896 1.894753 1.894753 1.955256 1.955256 2.002007 2.002007 2.042320 2.042320 2.075130 2.075130 2.075130 2.099990
2.147326 2.147326 2.205868 2.260239 2.277864 2.277864 2.292862 2.318323 2.318323 2.340065 2.340065 2.359319 2.368220 2.376715 2.384850 2.384850 2.264207 2.245451 2.247744 2.254218 2.257423 2.254028 2.242726 2.222259 2.191829 2.151156 2.102267 2.053813 2.017392 2.028142 2.028142 2.351623 2.484001 2.614944 2.643844 2.643844 2.650480 2.650480 2.598715 2.598715 2.536112 2.327752 2.327752 2.195450 2.195450 2.196528 2.196528 2.196528 2.231682 2.231682 2.276664 2.276664 2.315278 2.315278 2.348415 2.348415 2.375608 2.375608 2.375608 2.396154
2.149556 2.149556 2.208998 2.260170 2.277713 2.277713 2.292753 2.318315 2.318315 2.340093 2.340093 2.359354 2.368257 2.376756 2.384899 2.384899 2.292343 2.270402 2.274617 2.287893 2.300611 2.308951 2.311725 2.308197 2.297893 2.280583 2.257453 2.233542 2.216917 2.231705 2.231705 2.452217 2.571500 2.701548 2.729793 2.729793 2.730390 2.730390 2.679970 2.679970 2.638500 2.501504 2.501504 2.374488 2.374488 2.353628 2.353628 2.353628 2.383493 2.383493 2.422128 2.422128 2.457453 2.457453 2.487759 2.487759 2.512030 2.512030 2.512030 2.529984
2.151249 2.151249 2.211345 2.260150 2.277568 2.277568 2.292632 2.318289 2.318289 2.340101 2.340101 2.359356 2.368256 2.376752 2.384892 2.384892 2.319266 2.298445 2.303057 2.319523 2.337276 2.351647 2.361126 2.365234 2.363940 2.357473 2.347044 2.336493 2.332082 2.350705 2.350705 2.502928 2.608621 2.722621 2.740436 2.740436 2.723940 2.723940 2.681381 2.681381 2.658866 2.585995 2.585995 2.487102 2.487102 2.444142 2.444142 2.444142 2.466050 2.466050 2.499113 2.499113 2.531602 2.531602 2.559491 2.559491 2.581392 2.581392 2.581392 2.597210
2.152436 2.152436 2.212976 2.260160 2.277453 2.277453 2.292528 2.318267 2.318267 2.340108 2.340108 2.359360 2.368255 2.376748 2.384886 2.384886 2.344716 2.330159 2.336494 2.355049 2.376159 2.394638 2.408444 2.416945 2.420209 2.418727 2.413845 2.408905 2.409269 2.427054 2.427054 2.533378 2.619899 2.696636 2.695263 2.695263 2.664118 2.664118 2.644549 2.644549 2.641875 2.621928 2.621928 2.562987 2.562987 2.508701 2.508701 2.508701 2.520036 2.520036 2.546111 2.546111 2.574533 2.574533 2.599447 2.599447 2.618874 2.618874 2.618874 2.632593
2.153139 2.153139 2.213937 2.260177 2.277381 2.277381 2.292458 2.318252 2.318252 2.340113 2.340113 2.359362 2.368255 2.376745 2.384882 2.384882 2.368969 2.364748 2.375208 2.395853 2.419359 2.440824 2.457867 2.469556 2.475799 2.477062 2.474622 2.471412 2.472122 2.485192 2.485192 2.554901 2.611828 2.623861 2.602612 2.602612 2.577948 2.577948 2.594746 2.594746 2.610265 2.629574 2.629574 2.609979 2.609979 2.560418 2.560418 2.560418 2.561584 2.561584 2.579274 2.579274 2.602046 2.602046 2.623030 2.623030 2.639401 2.639401 2.639401 2.650741
2.153372 2.153372 2.214253 2.260185 2.277356 2.277356 2.292434 2.318246 2.318246 2.340115 2.340115 2.359364 2.368255 2.376745 2.384881 2.384881 2.393267 2.402024 2.419103 2.442574 2.467957 2.491459 2.510799 2.524864 2.533332 2.536476 2.535331 2.532323 2.531294 2.536558 2.536558 2.568699 2.576154 2.504049 2.478623 2.478623 2.489800 2.489800 2.544812 2.544812 2.574361 2.620758 2.620758 2.633198 2.633198 2.601700 2.601700 2.601700 2.596412 2.596412 2.605617 2.605617 2.621451 2.621451 2.637264 2.637264 2.649741 2.649741 2.649741 2.658309
2.153139 2.153139 2.213937 2.260177 2.277381 2.277381 2.292459 2.318252 2.318252 2.340114 2.340114 2.359362 2.368255 2.376745 2.384882 2.384882 2.419605 2.442734 2.468336 2.495662 2.522790 2.547528 2.568190 2.583744 2.593732 2.598210 2.597889 2.594605 2.590874 2.583826 2.583826 2.562996 2.489295 2.354065 2.351089 2.351089 2.413757 2.413757 2.498539 2.498539 2.537763 2.602496 2.602496 2.638575 2.638575 2.631710 2.631710 2.631710 2.625284 2.625284 2.627545 2.627545 2.635834 2.635834 2.645352 2.645352 2.653079 2.653079 2.653079 2.658490
2.152436 2.152436 2.212976 2.260160 2.277453 2.277453 2.292528 2.318267 2.318267 2.340108 2.340108 2.359359 2.368255 2.376748 2.384886 2.384886 2.450683 2.488644 2.523695 2.555676 2.584592 2.609920 2.630921 2.646947 2.657591 2.662766 2.662879 2.659117 2.651470 2.620290 2.620290 2.504966 2.326036 2.209112 2.243458 2.243458 2.350867 2.350867 2.455217 2.455217 2.501012 2.578465 2.578465 2.631210 2.631210 2.649326 2.649326 2.649326 2.646520 2.646520 2.644488 2.644488 2.645577 2.645577 2.648135 2.648135 2.650456 2.650456 2.650456 2.652456
2.151249 2.151249 2.211345 2.260150 2.277568 2.277568 2.292632 2.318290 2.318290 2.340101 2.340101 2.359356 2.368256 2.376752 2.384892 2.384892 2.490132 2.542605 2.586885 2.623595 2.654141 2.679435 2.699798 2.715192 2.725458 2.730502 2.730513 2.725875 2.710221 2.619377 2.619377 2.341358 2.098163 2.095124 2.153937 2.153937 2.294555 2.294555 2.411788 2.411788 2.462460 2.549264 2.549264 2.613672 2.613672 2.653549 2.653549 2.653549 2.657269 2.657269 2.653742 2.653742 2.648805 2.648805 2.644410 2.644410 2.641102 2.641102 2.641102 2.639688
2.149555 2.149555 2.208998 2.260170 2.277713 2.277713 2.292753 2.318314 2.318314 2.340093 2.340093 2.359354 2.368257 2.376757 2.384899 2.384899 2.543070 2.608806 2.660767 2.701138 2.732497 2.756872 2.775533 2.789117 2.797847 2.801758 2.800932 2.794179 2.754279 2.509953 2.509953 2.032114 1.897117 2.002436 2.079985 2.079985 2.238677 2.238677 2.365573 2.365573 2.420377 2.514256 2.514256 2.586761 2.586761 2.643751 2.643751 2.643751 2.654784 2.654784 2.651850 2.651850 2.642466 2.642466 2.631812 2.631812 2.623201 2.623201 2.623201 2.618689
