cruce_test.gid/Rasters/Hydraulic/Velocity__y_198.0.asc
NCOLS        79
NROWS        79
XLLCENTER         -1.500000
YLLCENTER         -4.800000
CELLSIZE           0.100
NODATA_VALUE     -9999.0
[rows 0 to 26 of 79, columns 0 to 58 of 79]
-9999.000 -9999.000 -9999.000 -9999.000 -9999.000 -9999.000 -9999.000 -9999.000 -9999.000 -9999.000 -9999.000 -9999.000 -9999.000 -9999.000 -9999.000 -0.8953379E-01 -0.8606163E-01 -0.8433573E-01 -0.8328360E-01 -0.8329938E-01 -0.8405810E-01 -0.8502056E-01 -0.8598021E-01 -0.8688504E-01 -0.8763473E-01 -0.8826765E-01 -0.8883438E-01 -0.8946504E-01 -0.9068812E-01 -0.9200935E-01 -0.9200935E-01 -9999.000 -9999.000 -9999.000 -9999.000 -9999.000 -9999.000 -9999.000 -9999.000 -9999.000 -9999.000 -9999.000 -9999.000 -9999.000 -9999.000 -9999.000 -9999.000 -9999.000 -9999.000 -9999.000 -9999.000 -9999.000 -9999.000 -9999.000 -9999.000 -9999.000 -9999.000 -9999.000 -9999.000
-9999.000 -9999.000 -9999.000 -9999.000 -9999.000 -9999.000 -9999.000 -9999.000 -9999.000 -9999.000 -9999.000 -9999.000 -9999.000 -9999.000 -9999.000 -0.9123693E-01 -0.8387282E-01 -0.8016177E-01 -0.7790879E-01 -0.7796735E-01 -0.7965827E-01 -0.8183084E-01 -0.8403168E-01 -0.8613570E-01 -0.8791823E-01 -0.8944970E-01 -0.9082969E-01 -0.9232377E-01 -0.9503517E-01 -0.9822340E-01 -0.9822340E-01 -9999.000 -9999.000 -9999.000 -9999.000 -9999.000 -9999.000 -9999.000 -9999.000 -9999.000 -9999.000 -9999.000 -9999.000 -9999.000 -9999.000 -9999.000 -9999.000 -9999.000 -9999.000 -9999.000 -9999.000 -9999.000 -9999.000 -9999.000 -9999.000 -9999.000 -9999.000 -9999.000 -9999.000
-9999.000 -9999.000 -9999.000 -9999.000 -9999.000 -9999.000 -9999.000 -9999.000 -9999.000 -9999.000 -9999.000 -9999.000 -9999.000 -9999.000 -9999.000 -0.9224597E-01 -0.8054331E-01 -0.7452939E-01 -0.7091104E-01 -0.7108364E-01 -0.7397214E-01 -0.7771543E-01 -0.8156272E-01 -0.8528966E-01 -0.8851193E-01 -0.9132461E-01 -0.9387001E-01 -0.9655832E-01 -0.1011419 -0.1069109 -0.1069109 -9999.000 -9999.000 -9999.000 -9999.000 -9999.000 -9999.000 -9999.000 -9999.000 -9999.000 -9999.000 -9999.000 -9999.000 -9999.000 -9999.000 -9999.000 -9999.000 -9999.000 -9999.000 -9999.000 -9999.000 -9999.000 -9999.000 -9999.000 -9999.000 -9999.000 -9999.000 -9999.000 -9999.000
-9999.000 -9999.000 -9999.000 -9999.000 -9999.000 -9999.000 -9999.000 -9999.000 -9999.000 -9999.000 -9999.000 -9999.000 -9999.000 -9999.000 -9999.000 -0.9288493E-01 -0.7678551E-01 -0.6845230E-01 -0.6348157E-01 -0.6382052E-01 -0.6799536E-01 -0.7341098E-01 -0.7901272E-01 -0.8447553E-01 -0.8924548E-01 -0.9344143E-01 -0.9724648E-01 -0.1012162 -0.1077816 -0.1165799 -0.1165799 -9999.000 -9999.000 -9999.000 -9999.000 -9999.000 -9999.000 -9999.000 -9999.000 -9999.000 -9999.000 -9999.000 -9999.000 -9999.000 -9999.000 -9999.000 -9999.000 -9999.000 -9999.000 -9999.000 -9999.000 -9999.000 -9999.000 -9999.000 -9999.000 -9999.000 -9999.000 -9999.000 -9999.000
-9999.000 -9999.000 -9999.000 -9999.000 -9999.000 -9999.000 -9999.000 -9999.000 -9999.000 -9999.000 -9999.000 -9999.000 -9999.000 -9999.000 -9999.000 -0.9337524E-01 -0.7276734E-01 -0.6207934E-01 -0.5574627E-01 -0.5627861E-01 -0.6180108E-01 -0.6895828E-01 -0.7638561E-01 -0.8365743E-01 -0.9004140E-01 -0.9568399E-01 -0.1008091 -0.1061231 -0.1147751 -0.1270825 -0.1270825 -9999.000 -9999.000 -9999.000 -9999.000 -9999.000 -9999.000 -9999.000 -9999.000 -9999.000 -9999.000 -9999.000 -9999.000 -9999.000 -9999.000 -9999.000 -9999.000 -9999.000 -9999.000 -9999.000 -9999.000 -9999.000 -9999.000 -9999.000 -9999.000 -9999.000 -9999.000 -9999.000 -9999.000
-9999.000 -9999.000 -9999.000 -9999.000 -9999.000 -9999.000 -9999.000 -9999.000 -9999.000 -9999.000 -9999.000 -9999.000 -9999.000 -9999.000 -9999.000 -0.9379053E-01 -0.6854582E-01 -0.5546439E-01 -0.4775276E-01 -0.4849607E-01 -0.5541753E-01 -0.6437172E-01 -0.7367951E-01 -0.8281685E-01 -0.9086250E-01 -0.9799839E-01 -0.1044905 -0.1112029 -0.1220528 -0.1384239 -0.1384239 -9999.000 -9999.000 -9999.000 -9999.000 -9999.000 -9999.000 -9999.000 -9999.000 -9999.000 -9999.000 -9999.000 -9999.000 -9999.000 -9999.000 -9999.000 -9999.000 -9999.000 -9999.000 -9999.000 -9999.000 -9999.000 -9999.000 -9999.000 -9999.000 -9999.000 -9999.000 -9999.000 -9999.000
-9999.000 -9999.000 -9999.000 -9999.000 -9999.000 -9999.000 -9999.000 -9999.000 -9999.000 -9999.000 -9999.000 -9999.000 -9999.000 -9999.000 -9999.000 -0.9414285E-01 -0.6412974E-01 -0.4861801E-01 -0.3951184E-01 -0.4048227E-01 -0.4885266E-01 -0.5965418E-01 -0.7089019E-01 -0.8194187E-01 -0.9168851E-01 -0.1003564 -0.1082564 -0.1164191 -0.1295908 -0.1506923 -0.1506923 -9999.000 -9999.000 -9999.000 -9999.000 -9999.000 -9999.000 -9999.000 -9999.000 -9999.000 -9999.000 -9999.000 -9999.000 -9999.000 -9999.000 -9999.000 -9999.000 -9999.000 -9999.000 -9999.000 -9999.000 -9999.000 -9999.000 -9999.000 -9999.000 -9999.000 -9999.000 -9999.000 -9999.000
-9999.000 -9999.000 -9999.000 -9999.000 -9999.000 -9999.000 -9999.000 -9999.000 -9999.000 -9999.000 -9999.000 -9999.000 -9999.000 -9999.000 -9999.000 -0.9441398E-01 -0.5950524E-01 -0.4153093E-01 -0.3101755E-01 -0.3223316E-01 -0.4210451E-01 -0.5480241E-01 -0.6801109E-01 -0.8102313E-01 -0.9250408E-01 -0.1027384 -0.1120840 -0.1217499 -0.1373842 -0.1640333 -0.1640333 -9999.000 -9999.000 -9999.000 -9999.000 -9999.000 -9999.000 -9999.000 -9999.000 -9999.000 -9999.000 -9999.000 -9999.000 -9999.000 -9999.000 -9999.000 -9999.000 -9999.000 -9999.000 -9999.000 -9999.000 -9999.000 -9999.000 -9999.000 -9999.000 -9999.000 -9999.000 -9999.000 -9999.000
-9999.000 -9999.000 -9999.000 -9999.000 -9999.000 -9999.000 -9999.000 -9999.000 -9999.000 -9999.000 -9999.000 -9999.000 -9999.000 -9999.000 -9999.000 -0.9456956E-01 -0.5464650E-01 -0.3418298E-01 -0.2225467E-01 -0.2373746E-01 -0.3516620E-01 -0.4980990E-01 -0.6503363E-01 -0.8004987E-01 -0.9329423E-01 -0.1051259 -0.1159532 -0.1271769 -0.1454348 -0.1786468 -0.1786468 -9999.000 -9999.000 -9999.000 -9999.000 -9999.000 -9999.000 -9999.000 -9999.000 -9999.000 -9999.000 -9999.000 -9999.000 -9999.000 -9999.000 -9999.000 -9999.000 -9999.000 -9999.000 -9999.000 -9999.000 -9999.000 -9999.000 -9999.000 -9999.000 -9999.000 -9999.000 -9999.000 -9999.000
-9999.000 -9999.000 -9999.000 -9999.000 -9999.000 -9999.000 -9999.000 -9999.000 -9999.000 -9999.000 -9999.000 -9999.000 -9999.000 -9999.000 -9999.000 -0.9456135E-01 -0.4951896E-01 -0.2654581E-01 -0.1320085E-01 -0.1497887E-01 -0.2802742E-01 -0.4466710E-01 -0.6194704E-01 -0.7900973E-01 -0.9404132E-01 -0.1074975 -0.1198405 -0.1326787 -0.1537453 -0.1947969 -0.1947969 -9999.000 -9999.000 -9999.000 -9999.000 -9999.000 -9999.000 -9999.000 -9999.000 -9999.000 -9999.000 -9999.000 -9999.000 -9999.000 -9999.000 -9999.000 -9999.000 -9999.000 -9999.000 -9999.000 -9999.000 -9999.000 -9999.000 -9999.000 -9999.000 -9999.000 -9999.000 -9999.000 -9999.000
-9999.000 -9999.000 -9999.000 -9999.000 -9999.000 -9999.000 -9999.000 -9999.000 -9999.000 -9999.000 -9999.000 -9999.000 -9999.000 -9999.000 -9999.000 -0.9432656E-01 -0.4407869E-01 -0.1858309E-01 -0.3826896E-02 -0.5935343E-02 -0.2067355E-01 -0.3936090E-01 -0.5873675E-01 -0.7788630E-01 -0.9472303E-01 -0.1098267 -0.1237165 -0.1382283 -0.1623166 -0.2128350 -0.2128350 -9999.000 -9999.000 -9999.000 -9999.000 -9999.000 -9999.000 -9999.000 -9999.000 -9999.000 -9999.000 -9999.000 -9999.000 -9999.000 -9999.000 -9999.000 -9999.000 -9999.000 -9999.000 -9999.000 -9999.000 -9999.000 -9999.000 -9999.000 -9999.000 -9999.000 -9999.000 -9999.000 -9999.000
-9999.000 -9999.000 -9999.000 -9999.000 -9999.000 -9999.000 -9999.000 -9999.000 -9999.000 -9999.000 -9999.000 -9999.000 -9999.000 -9999.000 -9999.000 -0.9377944E-01 -0.3826579E-01 -0.1024313E-01 0.5908625E-02 0.3420939E-02 -0.1308779E-01 -0.3387626E-01 -0.5538507E-01 -0.7665978E-01 -0.9531166E-01 -0.1120798 -0.1275434 -0.1437891 -0.1711446 -0.2332348 -0.2332348 -9999.000 -9999.000 -9999.000 -9999.000 -9999.000 -9999.000 -9999.000 -9999.000 -9999.000 -9999.000 -9999.000 -9999.000 -9999.000 -9999.000 -9999.000 -9999.000 -9999.000 -9999.000 -9999.000 -9999.000 -9999.000 -9999.000 -9999.000 -9999.000 -9999.000 -9999.000 -9999.000 -9999.000
-9999.000 -9999.000 -9999.000 -9999.000 -9999.000 -9999.000 -9999.000 -9999.000 -9999.000 -9999.000 -9999.000 -9999.000 -9999.000 -9999.000 -9999.000 -0.9272909E-01 -0.3193733E-01 -0.1396040E-02 0.1609316E-01 0.1311770E-01 -0.5276868E-02 -0.2822191E-01 -0.5189711E-01 -0.7532917E-01 -0.9579293E-01 -0.1142314 -0.1312862 -0.1493237 -0.1802284 -0.2566609 -0.2566609 -9999.000 -9999.000 -9999.000 -9999.000 -9999.000 -9999.000 -9999.000 -9999.000 -9999.000 -9999.000 -9999.000 -9999.000 -9999.000 -9999.000 -9999.000 -9999.000 -9999.000 -9999.000 -9999.000 -9999.000 -9999.000 -9999.000 -9999.000 -9999.000 -9999.000 -9999.000 -9999.000 -9999.000
-9999.000 -9999.000 -9999.000 -9999.000 -9999.000 -9999.000 -9999.000 -9999.000 -9999.000 -9999.000 -9999.000 -9999.000 -9999.000 -9999.000 -9999.000 -0.8883851E-01 -0.2317426E-01 0.9415643E-02 0.2719079E-01 0.2278619E-01 0.2084970E-02 -0.2307840E-01 -0.4890719E-01 -0.7446133E-01 -0.9665021E-01 -0.1166860 -0.1352800 -0.1551162 -0.1898598 -0.2843898 -0.2843898 -9999.000 -9999.000 -9999.000 -9999.000 -9999.000 -9999.000 -9999.000 -9999.000 -9999.000 -9999.000 -9999.000 -9999.000 -9999.000 -9999.000 -9999.000 -9999.000 -9999.000 -9999.000 -9999.000 -9999.000 -9999.000 -9999.000 -9999.000 -9999.000 -9999.000 -9999.000 -9999.000 -9999.000
-9999.000 -9999.000 -9999.000 -9999.000 -9999.000 -9999.000 -9999.000 -9999.000 -9999.000 -9999.000 -9999.000 -9999.000 -9999.000 -9999.000 -9999.000 -0.1314550E-01 0.1742058E-01 0.2939968E-01 0.2900800E-01 0.1374787E-01 -0.9581614E-02 -0.3381401E-01 -0.5862202E-01 -0.8340641E-01 -0.1048182 -0.1244405 -0.1429954 -0.1634294 -0.2012661 -0.3166128 -0.3166128 -9999.000 -9999.000 -9999.000 -9999.000 -9999.000 -9999.000 -9999.000 -9999.000 -9999.000 -9999.000 -9999.000 -9999.000 -9999.000 -9999.000 -9999.000 -9999.000 -9999.000 -9999.000 -9999.000 -9999.000 -9999.000 -9999.000 -9999.000 -9999.000 -9999.000 -9999.000 -9999.000 -9999.000
-0.4362287E-02 -0.4362287E-02 -0.5060365E-02 -0.6728632E-02 -0.6657501E-02 -0.6657501E-02 -0.6638225E-02 -0.6629209E-02 -0.6629209E-02 -0.6611084E-02 -0.6611084E-02 -0.6580484E-02 -0.6562251E-02 -0.6543071E-02 -0.6524257E-02 -0.6524257E-02 0.4681413E-01 0.4460595E-01 0.3105746E-01 0.8452859E-02 -0.1965954E-01 -0.5065200E-01 -0.8361155E-01 -0.1175284 -0.1505208 -0.1817698 -0.2108191 -0.2382378 -0.2698334 -0.3353362 -0.3353362 -0.1920531 -0.1074373 -0.4124177E-01 -0.3205999E-01 -0.3205999E-01 -0.2611568E-01 -0.2611568E-01 -0.1675741E-01 -0.1675741E-01 -0.7088520E-02 0.2075080E-01 0.2075080E-01 0.3588980E-01 0.3588980E-01 0.3146236E-03 0.3146236E-03 0.3146236E-03 -0.1627700E-02 -0.1627700E-02 -0.1255512E-02 -0.1255512E-02 -0.1608341E-02 -0.1608341E-02 -0.2607580E-02 -0.2607580E-02 -0.3729091E-02 -0.3729091E-02 -0.3729091E-02
-0.6382339E-02 -0.6382339E-02 -0.7594992E-02 -0.9598558E-02 -0.9371814E-02 -0.9371814E-02 -0.9309693E-02 -0.9313941E-02 -0.9313941E-02 -0.9318841E-02 -0.9318841E-02 -0.9299705E-02 -0.9284688E-02 -0.9268034E-02 -0.9255664E-02 -0.9255664E-02 0.3911037E-01 0.3888800E-01 0.2588524E-01 0.2559277E-02 -0.2995115E-01 -0.7028211E-01 -0.1160250 -0.1651251 -0.2161050 -0.2668371 -0.3155007 -0.3603500 -0.3989762 -0.4261197 -0.4261197 -0.2958373 -0.2022133 -0.1112174 -0.9312353E-01 -0.9312353E-01 -0.7274265E-01 -0.7274265E-01 -0.3929937E-01 -0.3929937E-01 -0.9799876E-02 0.6723470E-01 0.6723470E-01 0.1122739 0.1122739 0.3778037E-01 0.3778037E-01 0.3778037E-01 0.1270903E-01 0.1270903E-01 0.1964604E-02 0.1964604E-02 -0.4018615E-02 -0.4018615E-02 -0.8348377E-02 -0.8348377E-02 -0.1156631E-01 -0.1156631E-01 -0.1156631E-01
-0.4514412E-02 -0.4514412E-02 -0.6818536E-02 -0.8218089E-02 -0.7921940E-02 -0.7921940E-02 -0.7826066E-02 -0.7849066E-02 -0.7849066E-02 -0.7891414E-02 -0.7891414E-02 -0.7902144E-02 -0.7900428E-02 -0.7896745E-02 -0.7905175E-02 -0.7905175E-02 0.2687031E-01 0.2746791E-01 0.1539032E-01 -0.7596076E-02 -0.4030849E-01 -0.8159590E-01 -0.1297053 -0.1829304 -0.2399627 -0.2991085 -0.3586324 -0.4166715 -0.4704174 -0.5133965 -0.5133965 -0.4345392 -0.3556066 -0.2447683 -0.2097964 -0.2097964 -0.1526093 -0.1526093 -0.6821737E-01 -0.6821737E-01 -0.6144811E-02 0.1328885 0.1328885 0.2138793 0.2138793 0.1179248 0.1179248 0.1179248 0.5025165E-01 0.5025165E-01 0.1310267E-01 0.1310267E-01 -0.6774789E-02 -0.6774789E-02 -0.1825238E-01 -0.1825238E-01 -0.2502563E-01 -0.2502563E-01 -0.2502563E-01
-0.2584715E-02 -0.2584715E-02 -0.6049132E-02 -0.6728266E-02 -0.6383893E-02 -0.6383893E-02 -0.6257093E-02 -0.6269037E-02 -0.6269037E-02 -0.6314179E-02 -0.6314179E-02 -0.6325876E-02 -0.6324490E-02 -0.6321256E-02 -0.6339583E-02 -0.6339583E-02 0.1527052E-01 0.1380242E-01 0.8299728E-03 -0.2270239E-01 -0.5571787E-01 -0.9717885E-01 -0.1457448 -0.2000143 -0.2588355 -0.3209233 -0.3849074 -0.4492544 -0.5115666 -0.5660375 -0.5660375 -0.5357364 -0.4831622 -0.3799029 -0.3346989 -0.3346989 -0.2347027 -0.2347027 -0.8066503E-01 -0.8066503E-01 0.1601683E-01 0.1952455 0.1952455 0.2881363 0.2881363 0.1927656 0.1927656 0.1927656 0.9439973E-01 0.9439973E-01 0.2946401E-01 0.2946401E-01 -0.7828448E-02 -0.7828448E-02 -0.2874878E-01 -0.2874878E-01 -0.4000397E-01 -0.4000397E-01 -0.4000397E-01
-0.5999277E-03 -0.5999277E-03 -0.5341409E-02 -0.5197505E-02 -0.4834526E-02 -0.4834526E-02 -0.4695164E-02 -0.4694887E-02 -0.4694887E-02 -0.4736905E-02 -0.4736905E-02 -0.4747995E-02 -0.4746740E-02 -0.4744028E-02 -0.4774399E-02 -0.4774399E-02 0.4315091E-02 -0.1558793E-02 -0.1749095E-01 -0.4301928E-01 -0.7728627E-01 -0.1194112 -0.1683667 -0.2230423 -0.2824411 -0.3455295 -0.4112088 -0.4782516 -0.5447786 -0.6061770 -0.6061770 -0.6108071 -0.5849391 -0.5005180 -0.4474250 -0.4474250 -0.2930846 -0.2930846 -0.6240179E-01 -0.6240179E-01 0.5723202E-01 0.2412820 0.2412820 0.3260359 0.3260359 0.2463861 0.2463861 0.2463861 0.1363848 0.1363848 0.4990330E-01 0.4990330E-01 -0.5089708E-02 -0.5089708E-02 -0.3693960E-01 -0.3693960E-01 -0.5369570E-01 -0.5369570E-01 -0.5369570E-01
0.3251312E-03 0.3251312E-03 -0.3999674E-02 -0.3546423E-02 -0.3247864E-02 -0.3247864E-02 -0.3131506E-02 -0.3126602E-02 -0.3126602E-02 -0.3159376E-02 -0.3159376E-02 -0.3168541E-02 -0.3167727E-02 -0.3165745E-02 -0.3212427E-02 -0.3212427E-02 -0.6622089E-02 -0.1879029E-01 -0.3969572E-01 -0.6891820E-01 -0.1057228 -0.1493779 -0.1991226 -0.2541513 -0.3136975 -0.3769706 -0.4431125 -0.5111429 -0.5795932 -0.6449199 -0.6449199 -0.6727772 -0.6691261 -0.6003708 -0.5326760 -0.5326760 -0.3033993 -0.3033993 -0.1668063E-01 -0.1668063E-01 0.1028398 0.2617919 0.2617919 0.3312247 0.3312247 0.2747779 0.2747779 0.2747779 0.1702201 0.1702201 0.7223324E-01 0.7223324E-01 0.1996750E-02 0.1996750E-02 -0.4132313E-01 -0.4132313E-01 -0.6449335E-01 -0.6449335E-01 -0.6449335E-01
0.1626866E-03 0.1626866E-03 -0.1991072E-02 -0.1781257E-02 -0.1625468E-02 -0.1625468E-02 -0.1563942E-02 -0.1561571E-02 -0.1561571E-02 -0.1579651E-02 -0.1579651E-02 -0.1584477E-02 -0.1584133E-02 -0.1582994E-02 -0.1652612E-02 -0.1652612E-02 -0.1843289E-01 -0.3861339E-01 -0.6643668E-01 -0.1011421 -0.1419545 -0.1882315 -0.2394263 -0.2950265 -0.3545502 -0.4174955 -0.4832855 -0.5512081 -0.6201463 -0.6873461 -0.6873461 -0.7297308 -0.7419187 -0.6707786 -0.5703500 -0.5703500 -0.2560056 -0.2560056 0.3428856E-01 0.3428856E-01 0.1335668 0.2564312 0.2564312 0.3126596 0.3126596 0.2802042 0.2802042 0.2802042 0.1918997 0.1918997 0.9321253E-01 0.9321253E-01 0.1263770E-01 0.1263770E-01 -0.4130671E-01 -0.4130671E-01 -0.7133628E-01 -0.7133628E-01 -0.7133628E-01
-0.3913506E-07 -0.3913506E-07 0.5023087E-07 -0.1864834E-06 -0.1997814E-07 -0.1997814E-07 0.3551949E-07 0.1796041E-07 0.1796041E-07 -0.1109220E-06 -0.1109220E-06 -0.3745336E-07 -0.4260581E-07 -0.5504815E-07 -0.1013803E-03 -0.1013803E-03 -0.3232253E-01 -0.6233348E-01 -0.9901762E-01 -0.1410103 -0.1873528 -0.2374302 -0.2908672 -0.3474196 -0.4069099 -0.4691579 -0.5339133 -0.6007812 -0.6689791 -0.7361879 -0.7361879 -0.7859274 -0.8048953 -0.6911995 -0.5351129 -0.5351129 -0.1716703 -0.1716703 0.6754061E-01 0.6754061E-01 0.1402182 0.2319064 0.2319064 0.2795879 0.2795879 0.2675719 0.2675719 0.2675719 0.1996323 0.1996323 0.1092539 0.1092539 0.2488471E-01 0.2488471E-01 -0.3711977E-01 -0.3711977E-01 -0.7356969E-01 -0.7356969E-01 -0.7356969E-01
-0.1626952E-03 -0.1626952E-03 0.1991076E-02 0.1780979E-02 0.1625401E-02 0.1625401E-02 0.1563823E-02 0.1561605E-02 0.1561605E-02 0.1579296E-02 0.1579296E-02 0.1584326E-02 0.1583968E-02 0.1582859E-02 0.1437846E-02 0.1437846E-02 -0.4999370E-01 -0.9200893E-01 -0.1396044 -0.1906709 -0.2440014 -0.2989945 -0.3554387 -0.4133500 -0.4728574 -0.5341151 -0.5972224 -0.6621333 -0.7283359 -0.7932135 -0.7932135 -0.8420796 -0.8510613 -0.6293830 -0.4208570 -0.4208570 -0.9111926E-01 -0.9111926E-01 0.7547186E-01 0.7547186E-01 0.1264927 0.1969436 0.1969436 0.2392047 0.2392047 0.2421339 0.2421339 0.2421339 0.1938153 0.1938153 0.1174428 0.1174428 0.3615323E-01 0.3615323E-01 -0.2973057E-01 -0.2973057E-01 -0.7096589E-01 -0.7096589E-01 -0.7096589E-01
-0.3250499E-03 -0.3250499E-03 0.3999538E-02 0.3546515E-02 0.3247593E-02 0.3247593E-02 0.3131355E-02 0.3126617E-02 0.3126617E-02 0.3159154E-02 0.3159154E-02 0.3168242E-02 0.3167526E-02 0.3165606E-02 0.2959816E-02 0.2959816E-02 -0.7403977E-01 -0.1308518 -0.1916023 -0.2534592 -0.3150349 -0.3758168 -0.4358144 -0.4953316 -0.5548167 -0.6147608 -0.6756145 -0.7376703 -0.8003927 -0.8586399 -0.8586399 -0.8912756 -0.8535208 -0.4749673 -0.2701080 -0.2701080 -0.4161528E-01 -0.4161528E-01 0.6473319E-01 0.6473319E-01 0.1017150 0.1583753 0.1583753 0.1960938 0.1960938 0.2083255 0.2083255 0.2083255 0.1764116 0.1764116 0.1163024 0.1163024 0.4394504E-01 0.4394504E-01 -0.2061726E-01 -0.2061726E-01 -0.6374967E-01 -0.6374967E-01 -0.6374967E-01
0.5999412E-03 0.5999412E-03 0.5341110E-02 0.5197566E-02 0.4834477E-02 0.4834477E-02 0.4695205E-02 0.4694761E-02 0.4694761E-02 0.4736736E-02 0.4736736E-02 0.4747540E-02 0.4746410E-02 0.4743743E-02 0.4453267E-02 0.4453267E-02 -0.1087328 -0.1840102 -0.2603502 -0.3344944 -0.4051508 -0.4721074 -0.5357363 -0.5967097 -0.6558322 -0.7139389 -0.7718200 -0.8300170 -0.8868036 -0.9264959 -0.9264959 -0.9033600 -0.7537577 -0.2833997 -0.1468373 -0.1468373 -0.2239398E-01 -0.2239398E-01 0.4604568E-01 0.4604568E-01 0.7402678E-01 0.1201661 0.1201661 0.1527638 0.1527638 0.1694469 0.1694469 0.1694469 0.1500552 0.1500552 0.1059072 0.1059072 0.4649368E-01 0.4649368E-01 -0.1141357E-01 -0.1141357E-01 -0.5258045E-01 -0.5258045E-01 -0.5258045E-01
0.2584655E-02 0.2584655E-02 0.6048990E-02 0.6728404E-02 0.6384127E-02 0.6384127E-02 0.6257290E-02 0.6268735E-02 0.6268735E-02 0.6314204E-02 0.6314204E-02 0.6325471E-02 0.6324044E-02 0.6320912E-02 0.5911511E-02 0.5911511E-02 -0.1616668 -0.2601218 -0.3544385 -0.4417612 -0.5214984 -0.5941344 -0.6606454 -0.7222067 -0.7800422 -0.8353440 -0.8892251 -0.9421194 -0.9860258 -0.9644253 -0.9644253 -0.7987292 -0.5144612 -0.1371703 -0.7830954E-01 -0.7830954E-01 -0.1871404E-01 -0.1871404E-01 0.2685116E-01 0.2685116E-01 0.4797773E-01 0.8414712E-01 0.8414712E-01 0.1105611 0.1105611 0.1279199 0.1279199 0.1279199 0.1174846 0.1174846 0.8760508E-01 0.8760508E-01 0.4319843E-01 0.4319843E-01 -0.3448623E-02 -0.3448623E-02 -0.3842073E-01 -0.3842073E-01 -0.3842073E-01
