cruce_test.gid/Rasters/Hydraulic/Velocity__y_306.0.asc
NCOLS        79
NROWS        79
XLLCENTER         -1.500000
YLLCENTER         -4.800000
CELLSIZE           0.100
NODATA_VALUE     -9999.0
[rows 0 to 26 of 79, columns 0 to 58 of 79]
-9999.000 -9999.000 -9999.000 -9999.000 -9999.000 -9999.000 -9999.000 -9999.000 -9999.000 -9999.000 -9999.000 -9999.000 -9999.000 -9999.000 -9999.000 -0.9611952E-01 -0.9392209E-01 -0.9336053E-01 -0.9358582E-01 -0.9408002E-01 -0.9465243E-01 -0.9525765E-01 -0.9582751E-01 -0.9634164E-01 -0.9680847E-01 -0.9722570E-01 -0.9763882E-01 -0.9824777E-01 -0.9966344E-01 -0.1010026 -0.1010026 -9999.000 -9999.000 -9999.000 -9999.000 -9999.000 -9999.000 -9999.000 -9999.000 -9999.000 -9999.000 -9999.000 -9999.000 -9999.000 -9999.000 -9999.000 -9999.000 -9999.000 -9999.000 -9999.000 -9999.000 -9999.000 -9999.000 -9999.000 -9999.000 -9999.000 -9999.000 -9999.000 -9999.000
-9999.000 -9999.000 -9999.000 -9999.000 -9999.000 -9999.000 -9999.000 -9999.000 -9999.000 -9999.000 -9999.000 -9999.000 -9999.000 -9999.000 -9999.000 -0.9502828E-01 -0.9049665E-01 -0.8931542E-01 -0.8983387E-01 -0.9096035E-01 -0.9228501E-01 -0.9370410E-01 -0.9506440E-01 -0.9631637E-01 -0.9747170E-01 -0.9852086E-01 -0.9955577E-01 -0.1009928 -0.1041063 -0.1073612 -0.1073612 -9999.000 -9999.000 -9999.000 -9999.000 -9999.000 -9999.000 -9999.000 -9999.000 -9999.000 -9999.000 -9999.000 -9999.000 -9999.000 -9999.000 -9999.000 -9999.000 -9999.000 -9999.000 -9999.000 -9999.000 -9999.000 -9999.000 -9999.000 -9999.000 -9999.000 -9999.000 -9999.000 -9999.000
-9999.000 -9999.000 -9999.000 -9999.000 -9999.000 -9999.000 -9999.000 -9999.000 -9999.000 -9999.000 -9999.000 -9999.000 -9999.000 -9999.000 -9999.000 -0.9259773E-01 -0.8561943E-01 -0.8376464E-01 -0.8470359E-01 -0.8668865E-01 -0.8905257E-01 -0.9161470E-01 -0.9411360E-01 -0.9645637E-01 -0.9864931E-01 -0.1006656 -0.1026430 -0.1052391 -0.1104819 -0.1164296 -0.1164296 -9999.000 -9999.000 -9999.000 -9999.000 -9999.000 -9999.000 -9999.000 -9999.000 -9999.000 -9999.000 -9999.000 -9999.000 -9999.000 -9999.000 -9999.000 -9999.000 -9999.000 -9999.000 -9999.000 -9999.000 -9999.000 -9999.000 -9999.000 -9999.000 -9999.000 -9999.000 -9999.000 -9999.000
-9999.000 -9999.000 -9999.000 -9999.000 -9999.000 -9999.000 -9999.000 -9999.000 -9999.000 -9999.000 -9999.000 -9999.000 -9999.000 -9999.000 -9999.000 -0.8951374E-01 -0.8017957E-01 -0.7767639E-01 -0.7909965E-01 -0.8202661E-01 -0.8552730E-01 -0.8934305E-01 -0.9309709E-01 -0.9665011E-01 -0.9999932E-01 -0.1030949 -0.1061180 -0.1099757 -0.1174890 -0.1266521 -0.1266521 -9999.000 -9999.000 -9999.000 -9999.000 -9999.000 -9999.000 -9999.000 -9999.000 -9999.000 -9999.000 -9999.000 -9999.000 -9999.000 -9999.000 -9999.000 -9999.000 -9999.000 -9999.000 -9999.000 -9999.000 -9999.000 -9999.000 -9999.000 -9999.000 -9999.000 -9999.000 -9999.000 -9999.000
-9999.000 -9999.000 -9999.000 -9999.000 -9999.000 -9999.000 -9999.000 -9999.000 -9999.000 -9999.000 -9999.000 -9999.000 -9999.000 -9999.000 -9999.000 -0.8600649E-01 -0.7436685E-01 -0.7122453E-01 -0.7317331E-01 -0.7709642E-01 -0.8179581E-01 -0.8693486E-01 -0.9201572E-01 -0.9685121E-01 -0.1014290 -0.1056722 -0.1098072 -0.1150052 -0.1249316 -0.1378767 -0.1378767 -9999.000 -9999.000 -9999.000 -9999.000 -9999.000 -9999.000 -9999.000 -9999.000 -9999.000 -9999.000 -9999.000 -9999.000 -9999.000 -9999.000 -9999.000 -9999.000 -9999.000 -9999.000 -9999.000 -9999.000 -9999.000 -9999.000 -9999.000 -9999.000 -9999.000 -9999.000 -9999.000 -9999.000
-9999.000 -9999.000 -9999.000 -9999.000 -9999.000 -9999.000 -9999.000 -9999.000 -9999.000 -9999.000 -9999.000 -9999.000 -9999.000 -9999.000 -9999.000 -0.8215765E-01 -0.6825533E-01 -0.6448089E-01 -0.6698839E-01 -0.7194871E-01 -0.7789219E-01 -0.8440585E-01 -0.9086389E-01 -0.9703243E-01 -0.1028900 -0.1083292 -0.1136263 -0.1202353 -0.1327302 -0.1501193 -0.1501193 -9999.000 -9999.000 -9999.000 -9999.000 -9999.000 -9999.000 -9999.000 -9999.000 -9999.000 -9999.000 -9999.000 -9999.000 -9999.000 -9999.000 -9999.000 -9999.000 -9999.000 -9999.000 -9999.000 -9999.000 -9999.000 -9999.000 -9999.000 -9999.000 -9999.000 -9999.000 -9999.000 -9999.000
-9999.000 -9999.000 -9999.000 -9999.000 -9999.000 -9999.000 -9999.000 -9999.000 -9999.000 -9999.000 -9999.000 -9999.000 -9999.000 -9999.000 -9999.000 -0.7797943E-01 -0.6186411E-01 -0.5746681E-01 -0.6056578E-01 -0.6659961E-01 -0.7382514E-01 -0.8175655E-01 -0.8963209E-01 -0.9717406E-01 -0.1043527 -0.1110272 -0.1175291 -0.1256195 -0.1408593 -0.1634970 -0.1634970 -9999.000 -9999.000 -9999.000 -9999.000 -9999.000 -9999.000 -9999.000 -9999.000 -9999.000 -9999.000 -9999.000 -9999.000 -9999.000 -9999.000 -9999.000 -9999.000 -9999.000 -9999.000 -9999.000 -9999.000 -9999.000 -9999.000 -9999.000 -9999.000 -9999.000 -9999.000 -9999.000 -9999.000
-9999.000 -9999.000 -9999.000 -9999.000 -9999.000 -9999.000 -9999.000 -9999.000 -9999.000 -9999.000 -9999.000 -9999.000 -9999.000 -9999.000 -9999.000 -0.7344918E-01 -0.5518499E-01 -0.5017928E-01 -0.5390460E-01 -0.6104741E-01 -0.6958988E-01 -0.7897855E-01 -0.8830705E-01 -0.9725714E-01 -0.1057931 -0.1137370 -0.1214832 -0.1311292 -0.1493185 -0.1782050 -0.1782050 -9999.000 -9999.000 -9999.000 -9999.000 -9999.000 -9999.000 -9999.000 -9999.000 -9999.000 -9999.000 -9999.000 -9999.000 -9999.000 -9999.000 -9999.000 -9999.000 -9999.000 -9999.000 -9999.000 -9999.000 -9999.000 -9999.000 -9999.000 -9999.000 -9999.000 -9999.000 -9999.000 -9999.000
-9999.000 -9999.000 -9999.000 -9999.000 -9999.000 -9999.000 -9999.000 -9999.000 -9999.000 -9999.000 -9999.000 -9999.000 -9999.000 -9999.000 -9999.000 -0.6852456E-01 -0.4819382E-01 -0.4260087E-01 -0.4699218E-01 -0.5527971E-01 -0.6517312E-01 -0.7605720E-01 -0.8687097E-01 -0.9726049E-01 -0.1071864 -0.1164302 -0.1254581 -0.1367401 -0.1581178 -0.1945170 -0.1945170 -9999.000 -9999.000 -9999.000 -9999.000 -9999.000 -9999.000 -9999.000 -9999.000 -9999.000 -9999.000 -9999.000 -9999.000 -9999.000 -9999.000 -9999.000 -9999.000 -9999.000 -9999.000 -9999.000 -9999.000 -9999.000 -9999.000 -9999.000 -9999.000 -9999.000 -9999.000 -9999.000 -9999.000
-9999.000 -9999.000 -9999.000 -9999.000 -9999.000 -9999.000 -9999.000 -9999.000 -9999.000 -9999.000 -9999.000 -9999.000 -9999.000 -9999.000 -9999.000 -0.6314985E-01 -0.4085566E-01 -0.3470425E-01 -0.3980632E-01 -0.4927630E-01 -0.6055399E-01 -0.7297105E-01 -0.8529939E-01 -0.9715672E-01 -0.1085025 -0.1190725 -0.1294174 -0.1424236 -0.1672703 -0.2128036 -0.2128036 -9999.000 -9999.000 -9999.000 -9999.000 -9999.000 -9999.000 -9999.000 -9999.000 -9999.000 -9999.000 -9999.000 -9999.000 -9999.000 -9999.000 -9999.000 -9999.000 -9999.000 -9999.000 -9999.000 -9999.000 -9999.000 -9999.000 -9999.000 -9999.000 -9999.000 -9999.000 -9999.000 -9999.000
-9999.000 -9999.000 -9999.000 -9999.000 -9999.000 -9999.000 -9999.000 -9999.000 -9999.000 -9999.000 -9999.000 -9999.000 -9999.000 -9999.000 -9999.000 -0.5725586E-01 -0.3312487E-01 -0.2645215E-01 -0.3231638E-01 -0.4300828E-01 -0.5570327E-01 -0.6969054E-01 -0.8355966E-01 -0.9690939E-01 -0.1097014 -0.1216190 -0.1333131 -0.1481398 -0.1767852 -0.2335673 -0.2335673 -9999.000 -9999.000 -9999.000 -9999.000 -9999.000 -9999.000 -9999.000 -9999.000 -9999.000 -9999.000 -9999.000 -9999.000 -9999.000 -9999.000 -9999.000 -9999.000 -9999.000 -9999.000 -9999.000 -9999.000 -9999.000 -9999.000 -9999.000 -9999.000 -9999.000 -9999.000 -9999.000 -9999.000
-9999.000 -9999.000 -9999.000 -9999.000 -9999.000 -9999.000 -9999.000 -9999.000 -9999.000 -9999.000 -9999.000 -9999.000 -9999.000 -9999.000 -9999.000 -0.5075932E-01 -0.2494338E-01 -0.1779546E-01 -0.2448049E-01 -0.3643611E-01 -0.5058123E-01 -0.6617507E-01 -0.8160677E-01 -0.9646875E-01 -0.1107278 -0.1240070 -0.1370771 -0.1538292 -0.1866618 -0.2575012 -0.2575012 -9999.000 -9999.000 -9999.000 -9999.000 -9999.000 -9999.000 -9999.000 -9999.000 -9999.000 -9999.000 -9999.000 -9999.000 -9999.000 -9999.000 -9999.000 -9999.000 -9999.000 -9999.000 -9999.000 -9999.000 -9999.000 -9999.000 -9999.000 -9999.000 -9999.000 -9999.000 -9999.000 -9999.000
-9999.000 -9999.000 -9999.000 -9999.000 -9999.000 -9999.000 -9999.000 -9999.000 -9999.000 -9999.000 -9999.000 -9999.000 -9999.000 -9999.000 -9999.000 -0.4355590E-01 -0.1623511E-01 -0.8668034E-02 -0.1624175E-01 -0.2950532E-01 -0.4513243E-01 -0.6236807E-01 -0.7937849E-01 -0.9576511E-01 -0.1115037 -0.1261468 -0.1406098 -0.1593994 -0.1968778 -0.2855878 -0.2855878 -9999.000 -9999.000 -9999.000 -9999.000 -9999.000 -9999.000 -9999.000 -9999.000 -9999.000 -9999.000 -9999.000 -9999.000 -9999.000 -9999.000 -9999.000 -9999.000 -9999.000 -9999.000 -9999.000 -9999.000 -9999.000 -9999.000 -9999.000 -9999.000 -9999.000 -9999.000 -9999.000 -9999.000
-9999.000 -9999.000 -9999.000 -9999.000 -9999.000 -9999.000 -9999.000 -9999.000 -9999.000 -9999.000 -9999.000 -9999.000 -9999.000 -9999.000 -9999.000 -0.3531998E-01 -0.6777956E-02 0.1063853E-02 -0.7536191E-02 -0.2216901E-01 -0.3931562E-01 -0.5822707E-01 -0.7682093E-01 -0.9472947E-01 -0.1119427 -0.1279292 -0.1437811 -0.1647212 -0.2073857 -0.3192968 -0.3192968 -9999.000 -9999.000 -9999.000 -9999.000 -9999.000 -9999.000 -9999.000 -9999.000 -9999.000 -9999.000 -9999.000 -9999.000 -9999.000 -9999.000 -9999.000 -9999.000 -9999.000 -9999.000 -9999.000 -9999.000 -9999.000 -9999.000 -9999.000 -9999.000 -9999.000 -9999.000 -9999.000 -9999.000
-9999.000 -9999.000 -9999.000 -9999.000 -9999.000 -9999.000 -9999.000 -9999.000 -9999.000 -9999.000 -9999.000 -9999.000 -9999.000 -9999.000 -9999.000 -0.1392520E-02 0.1070665E-01 0.9489520E-02 -0.3767611E-02 -0.1948406E-01 -0.3766112E-01 -0.5765245E-01 -0.7716603E-01 -0.9594855E-01 -0.1140337 -0.1308080 -0.1475787 -0.1703584 -0.2182668 -0.3585029 -0.3585029 -9999.000 -9999.000 -9999.000 -9999.000 -9999.000 -9999.000 -9999.000 -9999.000 -9999.000 -9999.000 -9999.000 -9999.000 -9999.000 -9999.000 -9999.000 -9999.000 -9999.000 -9999.000 -9999.000 -9999.000 -9999.000 -9999.000 -9999.000 -9999.000 -9999.000 -9999.000 -9999.000 -9999.000
-0.3982780E-02 -0.3982780E-02 -0.4756133E-02 -0.6880411E-02 -0.6482791E-02 -0.6482791E-02 -0.6343739E-02 -0.6297215E-02 -0.6297215E-02 -0.6285443E-02 -0.6285443E-02 -0.6253142E-02 -0.6233808E-02 -0.6213861E-02 -0.6197163E-02 -0.6197163E-02 0.2067876E-01 0.1488142E-01 0.5207062E-04 -0.2035564E-01 -0.4526997E-01 -0.7350590E-01 -0.1033314 -0.1333763 -0.1626163 -0.1900544 -0.2154442 -0.2407734 -0.2744430 -0.3576841 -0.3576841 -0.1962131 -0.1041887 -0.3496953E-01 -0.2583719E-01 -0.2583719E-01 -0.1863493E-01 -0.1863493E-01 -0.5516929E-02 -0.5516929E-02 0.5682313E-02 0.2700546E-01 0.2700546E-01 -0.9714594E-03 -0.9714594E-03 -0.3322666E-02 -0.3322666E-02 -0.3322666E-02 0.9421576E-03 0.9421576E-03 0.1545180E-02 0.1545180E-02 0.4980831E-03 0.4980831E-03 -0.8535649E-03 -0.8535649E-03 -0.2113354E-02 -0.2113354E-02 -0.2113354E-02
-0.5817341E-02 -0.5817341E-02 -0.7209315E-02 -0.9958423E-02 -0.9157519E-02 -0.9157519E-02 -0.8874146E-02 -0.8835902E-02 -0.8835902E-02 -0.8863438E-02 -0.8863438E-02 -0.8841299E-02 -0.8822937E-02 -0.8803545E-02 -0.8798731E-02 -0.8798731E-02 0.1651277E-01 0.1093381E-01 -0.5036677E-02 -0.3088064E-01 -0.6453624E-01 -0.1040922 -0.1479122 -0.1940743 -0.2406847 -0.2860901 -0.3286084 -0.3664781 -0.3977293 -0.4217280 -0.4217280 -0.2840415 -0.1873305 -0.9581444E-01 -0.7759982E-01 -0.7759982E-01 -0.5250550E-01 -0.5250550E-01 -0.8108210E-02 -0.8108210E-02 0.2518125E-01 0.8681252E-01 0.8681252E-01 0.5591106E-01 0.5591106E-01 0.1160984E-01 0.1160984E-01 0.1160984E-01 0.6557271E-02 0.6557271E-02 0.2617328E-02 0.2617328E-02 -0.1433127E-02 -0.1433127E-02 -0.5019246E-02 -0.5019246E-02 -0.7770094E-02 -0.7770094E-02 -0.7770094E-02
-0.4142455E-02 -0.4142455E-02 -0.6565277E-02 -0.8499316E-02 -0.7809218E-02 -0.7809218E-02 -0.7472001E-02 -0.7436977E-02 -0.7436977E-02 -0.7513526E-02 -0.7513526E-02 -0.7520888E-02 -0.7513374E-02 -0.7504672E-02 -0.7529578E-02 -0.7529578E-02 0.9494568E-02 0.3623087E-02 -0.1272042E-01 -0.3914852E-01 -0.7419503E-01 -0.1162835 -0.1640427 -0.2159620 -0.2704367 -0.3259115 -0.3806814 -0.4326782 -0.4790580 -0.5123318 -0.5123318 -0.4217400 -0.3372488 -0.2215991 -0.1838294 -0.1838294 -0.1133808 -0.1133808 -0.8731752E-02 -0.8731752E-02 0.5700538E-01 0.1687019 0.1687019 0.1679658 0.1679658 0.5565085E-01 0.5565085E-01 0.5565085E-01 0.2146583E-01 0.2146583E-01 0.3577121E-02 0.3577121E-02 -0.7382448E-02 -0.7382448E-02 -0.1467047E-01 -0.1467047E-01 -0.1907867E-01 -0.1907867E-01 -0.1907867E-01
-0.2516135E-02 -0.2516135E-02 -0.5840463E-02 -0.6859174E-02 -0.6310155E-02 -0.6310155E-02 -0.5980258E-02 -0.5936172E-02 -0.5936172E-02 -0.6020666E-02 -0.6020666E-02 -0.6029339E-02 -0.6020798E-02 -0.6011931E-02 -0.6058866E-02 -0.6058866E-02 0.2188073E-02 -0.5734233E-02 -0.2354449E-01 -0.5091296E-01 -0.8677476E-01 -0.1298438 -0.1789351 -0.2328395 -0.2902961 -0.3500604 -0.4107610 -0.4706251 -0.5269310 -0.5721724 -0.5721724 -0.5275176 -0.4663051 -0.3518862 -0.2991736 -0.2991736 -0.1728958 -0.1728958 0.3717904E-02 0.3717904E-02 0.9639076E-01 0.2337573 0.2337573 0.2542183 0.2542183 0.1098860 0.1098860 0.1098860 0.4331236E-01 0.4331236E-01 0.6227722E-02 0.6227722E-02 -0.1472886E-01 -0.1472886E-01 -0.2686236E-01 -0.2686236E-01 -0.3296913E-01 -0.3296913E-01 -0.3296913E-01
-0.9669632E-03 -0.9669632E-03 -0.5035280E-02 -0.5211091E-02 -0.4775795E-02 -0.4775795E-02 -0.4493985E-02 -0.4451875E-02 -0.4451875E-02 -0.4527206E-02 -0.4527206E-02 -0.4530404E-02 -0.4519670E-02 -0.4508821E-02 -0.4582311E-02 -0.4582311E-02 -0.5395439E-02 -0.1701929E-01 -0.3771181E-01 -0.6713599E-01 -0.1044689 -0.1486822 -0.1987709 -0.2537343 -0.3125464 -0.3741923 -0.4375831 -0.5013222 -0.5631590 -0.6167849 -0.6167849 -0.6074219 -0.5707242 -0.4668491 -0.3987180 -0.3987180 -0.2046398 -0.2046398 0.3340052E-01 0.3340052E-01 0.1362772 0.2707516 0.2707516 0.3003159 0.3003159 0.1601519 0.1601519 0.1601519 0.6959980E-01 0.6959980E-01 0.1269623E-01 0.1269623E-01 -0.2023990E-01 -0.2023990E-01 -0.3843530E-01 -0.3843530E-01 -0.4664377E-01 -0.4664377E-01 -0.4664377E-01
0.4732562E-03 0.4732562E-03 -0.4180281E-02 -0.3568999E-02 -0.3215961E-02 -0.3215961E-02 -0.2993696E-02 -0.2952572E-02 -0.2952572E-02 -0.3012672E-02 -0.3012672E-02 -0.3017986E-02 -0.3009908E-02 -0.3001070E-02 -0.3113192E-02 -0.3113192E-02 -0.1367887E-01 -0.3053816E-01 -0.5563914E-01 -0.8845460E-01 -0.1282450 -0.1741822 -0.2254628 -0.2813036 -0.3409065 -0.4034629 -0.4681037 -0.5337272 -0.5985388 -0.6575369 -0.6575369 -0.6727542 -0.6566150 -0.5556090 -0.4617136 -0.4617136 -0.1917777 -0.1917777 0.6979499E-01 0.6979499E-01 0.1639714 0.2783588 0.2783588 0.3110133 0.3110133 0.1974432 0.1974432 0.1974432 0.9668551E-01 0.9668551E-01 0.2330927E-01 0.2330927E-01 -0.2225292E-01 -0.2225292E-01 -0.4759507E-01 -0.4759507E-01 -0.5850137E-01 -0.5850137E-01 -0.5850137E-01
0.7722653E-03 0.7722653E-03 -0.2501150E-02 -0.1832499E-02 -0.1618308E-02 -0.1618308E-02 -0.1488350E-02 -0.1459267E-02 -0.1459267E-02 -0.1495750E-02 -0.1495750E-02 -0.1504245E-02 -0.1501930E-02 -0.1498943E-02 -0.1665571E-02 -0.1665571E-02 -0.2334863E-01 -0.4699306E-01 -0.7811213E-01 -0.1157874 -0.1592104 -0.2076702 -0.2605568 -0.3173234 -0.3774306 -0.4403162 -0.5053481 -0.5716932 -0.6379418 -0.7001246 -0.7001246 -0.7313280 -0.7288174 -0.6034560 -0.4664379 -0.4664379 -0.1409976 -0.1409976 0.9559415E-01 0.9559415E-01 0.1708565 0.2625133 0.2625133 0.2967430 0.2967430 0.2174087 0.2174087 0.2174087 0.1200707 0.1200707 0.3674053E-01 0.3674053E-01 -0.2023998E-01 -0.2023998E-01 -0.5322073E-01 -0.5322073E-01 -0.6737120E-01 -0.6737120E-01 -0.6737120E-01
-0.4548486E-07 -0.4548486E-07 -0.1264406E-06 0.7922394E-07 -0.1818548E-08 -0.1818548E-08 -0.8724067E-08 0.3842830E-09 0.3842830E-09 0.4431676E-07 0.4431676E-07 0.1561536E-06 0.1969993E-06 -0.7110481E-07 -0.2382445E-03 -0.2382445E-03 -0.3538726E-01 -0.6755009E-01 -0.1064164 -0.1505090 -0.1988356 -0.2507339 -0.3057657 -0.3636273 -0.4240631 -0.4868020 -0.5514961 -0.6176071 -0.6840613 -0.7474557 -0.7474557 -0.7869176 -0.7862448 -0.5865108 -0.4016237 -0.4016237 -0.8122761E-01 -0.8122761E-01 0.1010368 0.1010368 0.1578014 0.2320409 0.2320409 0.2674469 0.2674469 0.2199049 0.2199049 0.2199049 0.1356302 0.1356302 0.5041878E-01 0.5041878E-01 -0.1468766E-01 -0.1468766E-01 -0.5471448E-01 -0.5471448E-01 -0.7230968E-01 -0.7230968E-01 -0.7230968E-01
-0.7722899E-03 -0.7722899E-03 0.2500853E-02 0.1832508E-02 0.1618273E-02 0.1618273E-02 0.1488250E-02 0.1459351E-02 0.1459351E-02 0.1495797E-02 0.1495797E-02 0.1504411E-02 0.1502121E-02 0.1498907E-02 0.1163372E-02 0.1163372E-02 -0.5129038E-01 -0.9408540E-01 -0.1426087 -0.1947271 -0.2492225 -0.3054623 -0.3631818 -0.4223301 -0.4829515 -0.5450945 -0.6087352 -0.6736614 -0.7390408 -0.8010740 -0.8010740 -0.8385397 -0.8153038 -0.4886357 -0.2906902 -0.2906902 -0.3981878E-01 -0.3981878E-01 0.8881975E-01 0.8881975E-01 0.1322747 0.1947822 0.1947822 0.2303241 0.2303241 0.2075304 0.2075304 0.2075304 0.1407876 0.1407876 0.6129822E-01 0.6129822E-01 -0.6934348E-02 -0.6934348E-02 -0.5201764E-01 -0.5201764E-01 -0.7262375E-01 -0.7262375E-01 -0.7262375E-01
-0.4732817E-03 -0.4732817E-03 0.4180067E-02 0.3568839E-02 0.3215981E-02 0.3215981E-02 0.2993776E-02 0.2952485E-02 0.2952485E-02 0.3012760E-02 0.3012760E-02 0.3018011E-02 0.3010001E-02 0.3001316E-02 0.2531418E-02 0.2531418E-02 -0.7342133E-01 -0.1295630 -0.1898835 -0.2516239 -0.3134136 -0.3747206 -0.4355071 -0.4960103 -0.5565941 -0.6176431 -0.6794775 -0.7422069 -0.8048881 -0.8605156 -0.8605156 -0.8743112 -0.7782853 -0.3390400 -0.1848717 -0.1848717 -0.2317036E-01 -0.2317036E-01 0.6773643E-01 0.6773643E-01 0.1023245 0.1559509 0.1559509 0.1898631 0.1898631 0.1839639 0.1839639 0.1839639 0.1349951 0.1349951 0.6678948E-01 0.6678948E-01 0.1195041E-02 0.1195041E-02 -0.4559305E-01 -0.4559305E-01 -0.6795078E-01 -0.6795078E-01 -0.6795078E-01
0.9670719E-03 0.9670719E-03 0.5035329E-02 0.5211273E-02 0.4776031E-02 0.4776031E-02 0.4494030E-02 0.4451799E-02 0.4451799E-02 0.4527265E-02 0.4527265E-02 0.4530453E-02 0.4519944E-02 0.4509040E-02 0.3857902E-02 0.3857902E-02 -0.1057309 -0.1787652 -0.2532318 -0.3260209 -0.3958759 -0.4625629 -0.5264020 -0.5879956 -0.6480648 -0.7073426 -0.7664958 -0.8258556 -0.8829848 -0.9178447 -0.9178447 -0.8525560 -0.6243148 -0.2054588 -0.1175011 -0.1175011 -0.2136305E-01 -0.2136305E-01 0.4532708E-01 0.4532708E-01 0.7314845E-01 0.1183013 0.1183013 0.1486373 0.1486373 0.1528173 0.1528173 0.1528173 0.1194326 0.1194326 0.6548277E-01 0.6548277E-01 0.7900920E-02 0.7900920E-02 -0.3631511E-01 -0.3631511E-01 -0.5835155E-01 -0.5835155E-01 -0.5835155E-01
0.2516178E-02 0.2516178E-02 0.5840575E-02 0.6859413E-02 0.6310206E-02 0.6310206E-02 0.5980233E-02 0.5936070E-02 0.5936070E-02 0.6020688E-02 0.6020688E-02 0.6029189E-02 0.6020964E-02 0.6011903E-02 0.5112740E-02 0.5112740E-02 -0.1553334 -0.2497837 -0.3407113 -0.4254273 -0.5033586 -0.5749422 -0.6410814 -0.7028679 -0.7614359 -0.8178803 -0.8732011 -0.9274991 -0.9708563 -0.9352013 -0.9352013 -0.6919080 -0.3760239 -0.1251211 -0.8430170E-01 -0.8430170E-01 -0.2325674E-01 -0.2325674E-01 0.2565990E-01 0.2565990E-01 0.4722484E-01 0.8316091E-01 0.8316091E-01 0.1082176 0.1082176 0.1172100 0.1172100 0.1172100 0.9634790E-01 0.9634790E-01 0.5740805E-01 0.5740805E-01 0.1193979E-01 0.1193979E-01 -0.2525625E-01 -0.2525625E-01 -0.4438082E-01 -0.4438082E-01 -0.4438082E-01
