cruce_test.gid/Rasters/Hydraulic/Velocity__x_220.0.asc
NCOLS        79
NROWS        79
XLLCENTER         -1.500000
YLLCENTER         -4.800000
CELLSIZE           0.100
NODATA_VALUE     -9999.0
[rows 0 to 25 of 79, columns 0 to 57 of 79]
-9999.000 -9999.000 -9999.000 -9999.000 -9999.000 -9999.000 -9999.000 -9999.000 -9999.000 -9999.000 -9999.000 -9999.000 -9999.000 -9999.000 -9999.000 -0.1710085E-02 -0.1429079E-02 0.1916395E-02 0.6780361E-02 0.1179504E-01 0.1590082E-01 0.1879638E-01 0.2046767E-01 0.2099560E-01 0.2053295E-01 0.1922499E-01 0.1715962E-01 0.1428461E-01 0.1001019E-01 0.4901789E-02 0.4901789E-02 -9999.000 -9999.000 -9999.000 -9999.000 -9999.000 -9999.000 -9999.000 -9999.000 -9999.000 -9999.000 -9999.000 -9999.000 -9999.000 -9999.000 -9999.000 -9999.000 -9999.000 -9999.000 -9999.000 -9999.000 -9999.000 -9999.000 -9999.000 -9999.000 -9999.000 -9999.000 -9999.000
-9999.000 -9999.000 -9999.000 -9999.000 -9999.000 -9999.000 -9999.000 -9999.000 -9999.000 -9999.000 -9999.000 -9999.000 -9999.000 -9999.000 -9999.000 -0.4410785E-03 0.1064622E-02 0.5452143E-02 0.1120061E-01 0.1700274E-01 0.2180974E-01 0.2525461E-01 0.2725086E-01 0.2782429E-01 0.2709011E-01 0.2517698E-01 0.2218028E-01 0.1808891E-01 0.1244308E-01 0.6073482E-02 0.6073482E-02 -9999.000 -9999.000 -9999.000 -9999.000 -9999.000 -9999.000 -9999.000 -9999.000 -9999.000 -9999.000 -9999.000 -9999.000 -9999.000 -9999.000 -9999.000 -9999.000 -9999.000 -9999.000 -9999.000 -9999.000 -9999.000 -9999.000 -9999.000 -9999.000 -9999.000 -9999.000 -9999.000
-9999.000 -9999.000 -9999.000 -9999.000 -9999.000 -9999.000 -9999.000 -9999.000 -9999.000 -9999.000 -9999.000 -9999.000 -9999.000 -9999.000 -9999.000 -0.2826476E-05 0.2025587E-02 0.7029430E-02 0.1336567E-01 0.1968438E-01 0.2490100E-01 0.2863148E-01 0.3077763E-01 0.3135719E-01 0.3048478E-01 0.2829357E-01 0.2488808E-01 0.2027017E-01 0.1397827E-01 0.6861380E-02 0.6861380E-02 -9999.000 -9999.000 -9999.000 -9999.000 -9999.000 -9999.000 -9999.000 -9999.000 -9999.000 -9999.000 -9999.000 -9999.000 -9999.000 -9999.000 -9999.000 -9999.000 -9999.000 -9999.000 -9999.000 -9999.000 -9999.000 -9999.000 -9999.000 -9999.000 -9999.000 -9999.000 -9999.000
-9999.000 -9999.000 -9999.000 -9999.000 -9999.000 -9999.000 -9999.000 -9999.000 -9999.000 -9999.000 -9999.000 -9999.000 -9999.000 -9999.000 -9999.000 0.2066292E-03 0.2519871E-02 0.7899477E-02 0.1461583E-01 0.2127716E-01 0.2676760E-01 0.3069362E-01 0.3295269E-01 0.3356059E-01 0.3263390E-01 0.3030970E-01 0.2669664E-01 0.2179694E-01 0.1512503E-01 0.7478701E-02 0.7478701E-02 -9999.000 -9999.000 -9999.000 -9999.000 -9999.000 -9999.000 -9999.000 -9999.000 -9999.000 -9999.000 -9999.000 -9999.000 -9999.000 -9999.000 -9999.000 -9999.000 -9999.000 -9999.000 -9999.000 -9999.000 -9999.000 -9999.000 -9999.000 -9999.000 -9999.000 -9999.000 -9999.000
-9999.000 -9999.000 -9999.000 -9999.000 -9999.000 -9999.000 -9999.000 -9999.000 -9999.000 -9999.000 -9999.000 -9999.000 -9999.000 -9999.000 -9999.000 0.3415092E-03 0.2857324E-02 0.8522701E-02 0.1553666E-01 0.2246854E-01 0.2817563E-01 0.3226044E-01 0.3461970E-01 0.3526860E-01 0.3432767E-01 0.3193558E-01 0.2820170E-01 0.2312414E-01 0.1617992E-01 0.8068993E-02 0.8068993E-02 -9999.000 -9999.000 -9999.000 -9999.000 -9999.000 -9999.000 -9999.000 -9999.000 -9999.000 -9999.000 -9999.000 -9999.000 -9999.000 -9999.000 -9999.000 -9999.000 -9999.000 -9999.000 -9999.000 -9999.000 -9999.000 -9999.000 -9999.000 -9999.000 -9999.000 -9999.000 -9999.000
-9999.000 -9999.000 -9999.000 -9999.000 -9999.000 -9999.000 -9999.000 -9999.000 -9999.000 -9999.000 -9999.000 -9999.000 -9999.000 -9999.000 -9999.000 0.4635270E-03 0.3165681E-02 0.9094807E-02 0.1638274E-01 0.2356134E-01 0.2946426E-01 0.3369522E-01 0.3615159E-01 0.3684963E-01 0.3591420E-01 0.3348595E-01 0.2967297E-01 0.2446514E-01 0.1729070E-01 0.8707345E-02 0.8707345E-02 -9999.000 -9999.000 -9999.000 -9999.000 -9999.000 -9999.000 -9999.000 -9999.000 -9999.000 -9999.000 -9999.000 -9999.000 -9999.000 -9999.000 -9999.000 -9999.000 -9999.000 -9999.000 -9999.000 -9999.000 -9999.000 -9999.000 -9999.000 -9999.000 -9999.000 -9999.000 -9999.000
-9999.000 -9999.000 -9999.000 -9999.000 -9999.000 -9999.000 -9999.000 -9999.000 -9999.000 -9999.000 -9999.000 -9999.000 -9999.000 -9999.000 -9999.000 0.6006131E-03 0.3502886E-02 0.9704196E-02 0.1726920E-01 0.2469300E-01 0.3078812E-01 0.3516332E-01 0.3771953E-01 0.3847455E-01 0.3755876E-01 0.3511383E-01 0.3124560E-01 0.2593294E-01 0.1854297E-01 0.9440837E-02 0.9440837E-02 -9999.000 -9999.000 -9999.000 -9999.000 -9999.000 -9999.000 -9999.000 -9999.000 -9999.000 -9999.000 -9999.000 -9999.000 -9999.000 -9999.000 -9999.000 -9999.000 -9999.000 -9999.000 -9999.000 -9999.000 -9999.000 -9999.000 -9999.000 -9999.000 -9999.000 -9999.000 -9999.000
-9999.000 -9999.000 -9999.000 -9999.000 -9999.000 -9999.000 -9999.000 -9999.000 -9999.000 -9999.000 -9999.000 -9999.000 -9999.000 -9999.000 -9999.000 0.7679795E-03 0.3899127E-02 0.1039655E-01 0.1825535E-01 0.2593409E-01 0.3222619E-01 0.3675051E-01 0.3941299E-01 0.4023410E-01 0.3935158E-01 0.3690752E-01 0.3300374E-01 0.2760513E-01 0.2000438E-01 0.1031018E-01 0.1031018E-01 -9999.000 -9999.000 -9999.000 -9999.000 -9999.000 -9999.000 -9999.000 -9999.000 -9999.000 -9999.000 -9999.000 -9999.000 -9999.000 -9999.000 -9999.000 -9999.000 -9999.000 -9999.000 -9999.000 -9999.000 -9999.000 -9999.000 -9999.000 -9999.000 -9999.000 -9999.000 -9999.000
-9999.000 -9999.000 -9999.000 -9999.000 -9999.000 -9999.000 -9999.000 -9999.000 -9999.000 -9999.000 -9999.000 -9999.000 -9999.000 -9999.000 -9999.000 0.9755747E-03 0.4375563E-02 0.1120306E-01 0.1938080E-01 0.2733089E-01 0.3383046E-01 0.3851316E-01 0.4129257E-01 0.4219255E-01 0.4135923E-01 0.3893530E-01 0.3501777E-01 0.2955358E-01 0.2174517E-01 0.1136037E-01 0.1136037E-01 -9999.000 -9999.000 -9999.000 -9999.000 -9999.000 -9999.000 -9999.000 -9999.000 -9999.000 -9999.000 -9999.000 -9999.000 -9999.000 -9999.000 -9999.000 -9999.000 -9999.000 -9999.000 -9999.000 -9999.000 -9999.000 -9999.000 -9999.000 -9999.000 -9999.000 -9999.000 -9999.000
-9999.000 -9999.000 -9999.000 -9999.000 -9999.000 -9999.000 -9999.000 -9999.000 -9999.000 -9999.000 -9999.000 -9999.000 -9999.000 -9999.000 -9999.000 0.1233432E-02 0.4951223E-02 0.1215168E-01 0.2068134E-01 0.2892560E-01 0.3564809E-01 0.4050327E-01 0.4341447E-01 0.4441078E-01 0.4364827E-01 0.4126957E-01 0.3736583E-01 0.3186268E-01 0.2385288E-01 0.1264970E-01 0.1264970E-01 -9999.000 -9999.000 -9999.000 -9999.000 -9999.000 -9999.000 -9999.000 -9999.000 -9999.000 -9999.000 -9999.000 -9999.000 -9999.000 -9999.000 -9999.000 -9999.000 -9999.000 -9999.000 -9999.000 -9999.000 -9999.000 -9999.000 -9999.000 -9999.000 -9999.000 -9999.000 -9999.000
-9999.000 -9999.000 -9999.000 -9999.000 -9999.000 -9999.000 -9999.000 -9999.000 -9999.000 -9999.000 -9999.000 -9999.000 -9999.000 -9999.000 -9999.000 0.1551637E-02 0.5647421E-02 0.1327431E-01 0.2219810E-01 0.3076717E-01 0.3773397E-01 0.4278117E-01 0.4584541E-01 0.4696161E-01 0.4629898E-01 0.4400013E-01 0.4014829E-01 0.3464373E-01 0.2644701E-01 0.1425826E-01 0.1425826E-01 -9999.000 -9999.000 -9999.000 -9999.000 -9999.000 -9999.000 -9999.000 -9999.000 -9999.000 -9999.000 -9999.000 -9999.000 -9999.000 -9999.000 -9999.000 -9999.000 -9999.000 -9999.000 -9999.000 -9999.000 -9999.000 -9999.000 -9999.000 -9999.000 -9999.000 -9999.000 -9999.000
-9999.000 -9999.000 -9999.000 -9999.000 -9999.000 -9999.000 -9999.000 -9999.000 -9999.000 -9999.000 -9999.000 -9999.000 -9999.000 -9999.000 -9999.000 0.1946114E-02 0.6497140E-02 0.1462124E-01 0.2399838E-01 0.3292928E-01 0.4016851E-01 0.4543464E-01 0.4868024E-01 0.4994883E-01 0.4942573E-01 0.4725344E-01 0.4350707E-01 0.3805593E-01 0.2970025E-01 0.1630259E-01 0.1630259E-01 -9999.000 -9999.000 -9999.000 -9999.000 -9999.000 -9999.000 -9999.000 -9999.000 -9999.000 -9999.000 -9999.000 -9999.000 -9999.000 -9999.000 -9999.000 -9999.000 -9999.000 -9999.000 -9999.000 -9999.000 -9999.000 -9999.000 -9999.000 -9999.000 -9999.000 -9999.000 -9999.000
-9999.000 -9999.000 -9999.000 -9999.000 -9999.000 -9999.000 -9999.000 -9999.000 -9999.000 -9999.000 -9999.000 -9999.000 -9999.000 -9999.000 -9999.000 0.2480663E-02 0.7635215E-02 0.1640810E-01 0.2634768E-01 0.3567500E-01 0.4320381E-01 0.4870492E-01 0.5215109E-01 0.5359826E-01 0.5325359E-01 0.5125958E-01 0.4768240E-01 0.4235519E-01 0.3388212E-01 0.1896258E-01 0.1896258E-01 -9999.000 -9999.000 -9999.000 -9999.000 -9999.000 -9999.000 -9999.000 -9999.000 -9999.000 -9999.000 -9999.000 -9999.000 -9999.000 -9999.000 -9999.000 -9999.000 -9999.000 -9999.000 -9999.000 -9999.000 -9999.000 -9999.000 -9999.000 -9999.000 -9999.000 -9999.000 -9999.000
-9999.000 -9999.000 -9999.000 -9999.000 -9999.000 -9999.000 -9999.000 -9999.000 -9999.000 -9999.000 -9999.000 -9999.000 -9999.000 -9999.000 -9999.000 0.4904614E-02 0.1279707E-01 0.2452265E-01 0.3570299E-01 0.4470771E-01 0.5179876E-01 0.5682984E-01 0.5981604E-01 0.6085631E-01 0.6019573E-01 0.5797632E-01 0.5424715E-01 0.4878664E-01 0.3994374E-01 0.2277886E-01 0.2277886E-01 -9999.000 -9999.000 -9999.000 -9999.000 -9999.000 -9999.000 -9999.000 -9999.000 -9999.000 -9999.000 -9999.000 -9999.000 -9999.000 -9999.000 -9999.000 -9999.000 -9999.000 -9999.000 -9999.000 -9999.000 -9999.000 -9999.000 -9999.000 -9999.000 -9999.000 -9999.000 -9999.000
-9999.000 -9999.000 -9999.000 -9999.000 -9999.000 -9999.000 -9999.000 -9999.000 -9999.000 -9999.000 -9999.000 -9999.000 -9999.000 -9999.000 -9999.000 0.1093164 0.1677759 0.1971745 0.1893889 0.1601845 0.1393887 0.1212422 0.1056746 0.9241568E-01 0.8111276E-01 0.7119084E-01 0.6213079E-01 0.5314974E-01 0.4197315E-01 0.2019942E-01 0.2019942E-01 -9999.000 -9999.000 -9999.000 -9999.000 -9999.000 -9999.000 -9999.000 -9999.000 -9999.000 -9999.000 -9999.000 -9999.000 -9999.000 -9999.000 -9999.000 -9999.000 -9999.000 -9999.000 -9999.000 -9999.000 -9999.000 -9999.000 -9999.000 -9999.000 -9999.000 -9999.000 -9999.000
2.893316 2.893316 2.909766 2.911403 2.931399 2.931399 2.933914 2.933065 2.933065 2.928686 2.928686 2.921937 2.917915 2.913553 2.909321 2.909321 3.075152 3.080068 3.081431 3.079388 3.047236 2.991343 2.911757 2.807155 2.678687 2.530569 2.365011 2.190479 2.030530 1.955089 1.955089 2.799435 2.980938 3.090185 3.118193 3.118193 3.157820 3.157820 3.151200 3.151200 3.113262 2.947345 2.947345 2.642307 2.642307 2.216550 2.216550 2.216550 2.182811 2.182811 2.207198 2.207198 2.253546 2.253546 2.304002 2.304002 2.350319 2.350319
2.916546 2.916546 2.942361 2.966448 2.993851 2.993851 3.008490 3.030849 3.030849 3.049225 3.049225 3.065019 3.072195 3.078982 3.085817 3.085817 3.208546 3.229202 3.245564 3.259561 3.265917 3.265157 3.255535 3.233886 3.197370 3.144311 3.072753 2.983195 2.881931 2.794993 2.794993 3.246049 3.407485 3.565127 3.608665 3.608665 3.660548 3.660548 3.668595 3.668595 3.651639 3.558412 3.558412 3.377111 3.377111 3.059127 3.059127 3.059127 3.020959 3.020959 3.047387 3.047387 3.096408 3.096408 3.149391 3.149391 3.198618 3.198618
2.921008 2.921008 2.945344 2.968309 2.993519 2.993519 3.008851 3.032117 3.032117 3.051153 3.051153 3.067661 3.075235 3.082446 3.089777 3.089777 3.198770 3.232737 3.261479 3.286496 3.305754 3.319497 3.327607 3.329072 3.322520 3.306717 3.279864 3.240993 3.192593 3.150710 3.150710 3.403103 3.560611 3.745088 3.799838 3.799838 3.859587 3.859587 3.856998 3.856998 3.831154 3.733629 3.733629 3.596455 3.596455 3.348914 3.348914 3.348914 3.296904 3.296904 3.309855 3.309855 3.349787 3.349787 3.396537 3.396537 3.441264 3.441264
2.923393 2.923393 2.948438 2.968832 2.992527 2.992527 3.008309 3.032076 3.032076 3.051177 3.051177 3.067684 3.075261 3.082478 3.089903 3.089903 3.189872 3.234671 3.274792 3.310069 3.339078 3.361588 3.377709 3.387333 3.390212 3.386193 3.374778 3.355677 3.330509 3.309622 3.309622 3.461903 3.600461 3.792980 3.854203 3.854203 3.913470 3.913470 3.889102 3.889102 3.850496 3.753524 3.753524 3.660634 3.660634 3.484989 3.484989 3.484989 3.425411 3.425411 3.423474 3.423474 3.453269 3.453269 3.494246 3.494246 3.535454 3.535454
2.921073 2.921073 2.950046 2.968836 2.991657 2.991657 3.007848 3.032089 3.032089 3.051237 3.051237 3.067719 3.075284 3.082493 3.090047 3.090047 3.185951 3.239735 3.289940 3.334735 3.372701 3.403273 3.426378 3.442058 3.450392 3.451626 3.445973 3.433820 3.416791 3.402241 3.402241 3.494203 3.607195 3.789875 3.848633 3.848633 3.886981 3.886981 3.831061 3.831061 3.786024 3.712551 3.712551 3.668900 3.668900 3.564486 3.564486 3.564486 3.506999 3.506999 3.491275 3.491275 3.508439 3.508439 3.541457 3.541457 3.577784 3.577784
2.921082 2.921082 2.952548 2.968522 2.990868 2.990868 3.007422 3.032122 3.032122 3.051346 3.051346 3.067831 3.075398 3.082608 3.090366 3.090366 3.188140 3.249866 3.308847 3.362079 3.407981 3.445819 3.475372 3.496650 3.509781 3.515061 3.512889 3.503881 3.489565 3.475334 3.475334 3.526940 3.611372 3.764999 3.807570 3.807570 3.798098 3.798098 3.716677 3.716677 3.682326 3.654586 3.654586 3.656885 3.656885 3.614762 3.614762 3.614762 3.568810 3.568810 3.544435 3.544435 3.548367 3.548367 3.571059 3.571059 3.600322 3.600322
2.921056 2.921056 2.954214 2.968360 2.990395 2.990395 3.007140 3.032105 3.032105 3.051365 3.051365 3.067840 3.075402 3.082609 3.090647 3.090647 3.197027 3.266339 3.333013 3.393464 3.446059 3.490054 3.525188 3.551454 3.568966 3.577981 3.578873 3.572226 3.559294 3.543875 3.543875 3.567601 3.622849 3.723463 3.729795 3.729795 3.655446 3.655446 3.585100 3.585100 3.577644 3.600872 3.600872 3.638546 3.638546 3.645669 3.645669 3.645669 3.617407 3.617407 3.591638 3.591638 3.584560 3.584560 3.595651 3.595651 3.615723 3.615723
2.920968 2.920968 2.954886 2.968301 2.990233 2.990233 3.007042 3.032099 3.032099 3.051372 3.051372 3.067845 3.075405 3.082611 3.091044 3.091044 3.213772 3.290829 3.364294 3.430653 3.488477 3.537197 3.576658 3.606901 3.628056 3.640339 3.644044 3.639631 3.627987 3.611450 3.611450 3.615396 3.640728 3.651688 3.599514 3.599514 3.481707 3.481707 3.467077 3.467077 3.490373 3.554417 3.554417 3.616414 3.616414 3.660840 3.660840 3.660840 3.652567 3.652567 3.632228 3.632228 3.618725 3.618725 3.618645 3.618645 3.628058 3.628058
2.920833 2.920833 2.954542 2.968335 2.990380 2.990380 3.007131 3.032101 3.032101 3.051364 3.051364 3.067841 3.075404 3.082610 3.091590 3.091590 3.239845 3.325084 3.404494 3.475322 3.536685 3.588411 3.630595 3.663431 3.687117 3.701865 3.707898 3.705521 3.695209 3.677605 3.677605 3.665371 3.654827 3.521274 3.408103 3.408103 3.317393 3.317393 3.377575 3.377575 3.423562 3.513639 3.513639 3.591703 3.591703 3.663892 3.663892 3.663892 3.674770 3.674770 3.664443 3.664443 3.649328 3.649328 3.640121 3.640121 3.638381 3.638381
2.920658 2.920658 2.953175 2.968474 2.990842 2.990842 3.007406 3.032115 3.032115 3.051343 3.051343 3.067831 3.075398 3.082609 3.092337 3.092337 3.277458 3.371274 3.455589 3.529156 3.592055 3.644742 3.687718 3.721419 3.746183 3.762251 3.769807 3.769001 3.759737 3.739674 3.739674 3.707019 3.638978 3.312681 3.184667 3.184667 3.195184 3.195184 3.311934 3.311934 3.370296 3.475250 3.475250 3.564216 3.564216 3.656931 3.656931 3.656931 3.684302 3.684302 3.685865 3.685865 3.673292 3.673292 3.657955 3.657955 3.645656 3.645656
2.920450 2.920450 2.950790 2.968772 2.991645 2.991645 3.007873 3.032148 3.032148 3.051291 3.051291 3.067759 3.075317 3.082521 3.093267 3.093267 3.329881 3.432144 3.519713 3.593714 3.655647 3.706841 3.748332 3.780877 3.804982 3.820953 3.828951 3.828954 3.819618 3.790679 3.790679 3.713955 3.539754 3.057685 2.994039 2.994039 3.113696 3.113696 3.257260 3.257260 3.321425 3.435120 3.435120 3.531916 3.531916 3.639673 3.639673 3.639673 3.680218 3.680218 3.693312 3.693312 3.685843 3.685843 3.667453 3.667453 3.646133 3.646133
