cruce_test.gid/Rasters/Hydraulic/Velocity__x_245.0.asc
NCOLS        79
NROWS        79
XLLCENTER         -1.500000
YLLCENTER         -4.800000
CELLSIZE           0.100
NODATA_VALUE     -9999.0
[rows 0 to 25 of 79, columns 0 to 57 of 79]
-9999.000 -9999.000 -9999.000 -9999.000 -9999.000 -9999.000 -9999.000 -9999.000 -9999.000 -9999.000 -9999.000 -9999.000 -9999.000 -9999.000 -9999.000 -0.1223111E-02 -0.5540057E-03 0.2902115E-02 0.7512646E-02 0.1206367E-01 0.1573886E-01 0.1831012E-01 0.1976543E-01 0.2019373E-01 0.1973511E-01 0.1850322E-01 0.1657165E-01 0.1386555E-01 0.9756772E-02 0.4783235E-02 0.4783235E-02 -9999.000 -9999.000 -9999.000 -9999.000 -9999.000 -9999.000 -9999.000 -9999.000 -9999.000 -9999.000 -9999.000 -9999.000 -9999.000 -9999.000 -9999.000 -9999.000 -9999.000 -9999.000 -9999.000 -9999.000 -9999.000 -9999.000 -9999.000 -9999.000 -9999.000 -9999.000 -9999.000
-9999.000 -9999.000 -9999.000 -9999.000 -9999.000 -9999.000 -9999.000 -9999.000 -9999.000 -9999.000 -9999.000 -9999.000 -9999.000 -9999.000 -9999.000 0.2875378E-04 0.1917076E-02 0.6438059E-02 0.1197671E-01 0.1736213E-01 0.2176601E-01 0.2489544E-01 0.2667246E-01 0.2713529E-01 0.2639036E-01 0.2453833E-01 0.2166048E-01 0.1772259E-01 0.1222678E-01 0.5974832E-02 0.5974832E-02 -9999.000 -9999.000 -9999.000 -9999.000 -9999.000 -9999.000 -9999.000 -9999.000 -9999.000 -9999.000 -9999.000 -9999.000 -9999.000 -9999.000 -9999.000 -9999.000 -9999.000 -9999.000 -9999.000 -9999.000 -9999.000 -9999.000 -9999.000 -9999.000 -9999.000 -9999.000 -9999.000
-9999.000 -9999.000 -9999.000 -9999.000 -9999.000 -9999.000 -9999.000 -9999.000 -9999.000 -9999.000 -9999.000 -9999.000 -9999.000 -9999.000 -9999.000 0.5003611E-03 0.2941353E-02 0.8101802E-02 0.1424404E-01 0.2015541E-01 0.2497581E-01 0.2839418E-01 0.3032052E-01 0.3078599E-01 0.2989585E-01 0.2775493E-01 0.2445501E-01 0.1997369E-01 0.1381078E-01 0.6787117E-02 0.6787117E-02 -9999.000 -9999.000 -9999.000 -9999.000 -9999.000 -9999.000 -9999.000 -9999.000 -9999.000 -9999.000 -9999.000 -9999.000 -9999.000 -9999.000 -9999.000 -9999.000 -9999.000 -9999.000 -9999.000 -9999.000 -9999.000 -9999.000 -9999.000 -9999.000 -9999.000 -9999.000 -9999.000
-9999.000 -9999.000 -9999.000 -9999.000 -9999.000 -9999.000 -9999.000 -9999.000 -9999.000 -9999.000 -9999.000 -9999.000 -9999.000 -9999.000 -9999.000 0.7436410E-03 0.3497936E-02 0.9053213E-02 0.1558574E-01 0.2184376E-01 0.2694010E-01 0.3055519E-01 0.3259331E-01 0.3308426E-01 0.3213564E-01 0.2985444E-01 0.2633719E-01 0.2156179E-01 0.1500191E-01 0.7427495E-02 0.7427495E-02 -9999.000 -9999.000 -9999.000 -9999.000 -9999.000 -9999.000 -9999.000 -9999.000 -9999.000 -9999.000 -9999.000 -9999.000 -9999.000 -9999.000 -9999.000 -9999.000 -9999.000 -9999.000 -9999.000 -9999.000 -9999.000 -9999.000 -9999.000 -9999.000 -9999.000 -9999.000 -9999.000
-9999.000 -9999.000 -9999.000 -9999.000 -9999.000 -9999.000 -9999.000 -9999.000 -9999.000 -9999.000 -9999.000 -9999.000 -9999.000 -9999.000 -9999.000 0.9094149E-03 0.3890562E-02 0.9745720E-02 0.1658093E-01 0.2310979E-01 0.2842336E-01 0.3219797E-01 0.3433535E-01 0.3486628E-01 0.3390093E-01 0.3154753E-01 0.2790370E-01 0.2294264E-01 0.1609738E-01 0.8039211E-02 0.8039211E-02 -9999.000 -9999.000 -9999.000 -9999.000 -9999.000 -9999.000 -9999.000 -9999.000 -9999.000 -9999.000 -9999.000 -9999.000 -9999.000 -9999.000 -9999.000 -9999.000 -9999.000 -9999.000 -9999.000 -9999.000 -9999.000 -9999.000 -9999.000 -9999.000 -9999.000 -9999.000 -9999.000
-9999.000 -9999.000 -9999.000 -9999.000 -9999.000 -9999.000 -9999.000 -9999.000 -9999.000 -9999.000 -9999.000 -9999.000 -9999.000 -9999.000 -9999.000 0.1060044E-02 0.4248999E-02 0.1037762E-01 0.1748873E-01 0.2426270E-01 0.2977188E-01 0.3369273E-01 0.3592691E-01 0.3650760E-01 0.3554827E-01 0.3315657E-01 0.2943073E-01 0.2433424E-01 0.1724837E-01 0.8699494E-02 0.8699494E-02 -9999.000 -9999.000 -9999.000 -9999.000 -9999.000 -9999.000 -9999.000 -9999.000 -9999.000 -9999.000 -9999.000 -9999.000 -9999.000 -9999.000 -9999.000 -9999.000 -9999.000 -9999.000 -9999.000 -9999.000 -9999.000 -9999.000 -9999.000 -9999.000 -9999.000 -9999.000 -9999.000
-9999.000 -9999.000 -9999.000 -9999.000 -9999.000 -9999.000 -9999.000 -9999.000 -9999.000 -9999.000 -9999.000 -9999.000 -9999.000 -9999.000 -9999.000 0.1224835E-02 0.4632959E-02 0.1104103E-01 0.1842881E-01 0.2544490E-01 0.3114589E-01 0.3521211E-01 0.3754684E-01 0.3818652E-01 0.3724887E-01 0.3484072E-01 0.3105920E-01 0.2585495E-01 0.1854456E-01 0.9457763E-02 0.9457763E-02 -9999.000 -9999.000 -9999.000 -9999.000 -9999.000 -9999.000 -9999.000 -9999.000 -9999.000 -9999.000 -9999.000 -9999.000 -9999.000 -9999.000 -9999.000 -9999.000 -9999.000 -9999.000 -9999.000 -9999.000 -9999.000 -9999.000 -9999.000 -9999.000 -9999.000 -9999.000 -9999.000
-9999.000 -9999.000 -9999.000 -9999.000 -9999.000 -9999.000 -9999.000 -9999.000 -9999.000 -9999.000 -9999.000 -9999.000 -9999.000 -9999.000 -9999.000 0.1419267E-02 0.5074325E-02 0.1178378E-01 0.1946342E-01 0.2673076E-01 0.3262909E-01 0.3684684E-01 0.3928985E-01 0.3999985E-01 0.3909940E-01 0.3669366E-01 0.3287793E-01 0.2758679E-01 0.2005738E-01 0.1035673E-01 0.1035673E-01 -9999.000 -9999.000 -9999.000 -9999.000 -9999.000 -9999.000 -9999.000 -9999.000 -9999.000 -9999.000 -9999.000 -9999.000 -9999.000 -9999.000 -9999.000 -9999.000 -9999.000 -9999.000 -9999.000 -9999.000 -9999.000 -9999.000 -9999.000 -9999.000 -9999.000 -9999.000 -9999.000
-9999.000 -9999.000 -9999.000 -9999.000 -9999.000 -9999.000 -9999.000 -9999.000 -9999.000 -9999.000 -9999.000 -9999.000 -9999.000 -9999.000 -9999.000 0.1653646E-02 0.5594738E-02 0.1263804E-01 0.2063341E-01 0.2816866E-01 0.3427602E-01 0.3865607E-01 0.4121972E-01 0.4201498E-01 0.4117035E-01 0.3878834E-01 0.3496225E-01 0.2960629E-01 0.2186117E-01 0.1144372E-01 0.1144372E-01 -9999.000 -9999.000 -9999.000 -9999.000 -9999.000 -9999.000 -9999.000 -9999.000 -9999.000 -9999.000 -9999.000 -9999.000 -9999.000 -9999.000 -9999.000 -9999.000 -9999.000 -9999.000 -9999.000 -9999.000 -9999.000 -9999.000 -9999.000 -9999.000 -9999.000 -9999.000 -9999.000
-9999.000 -9999.000 -9999.000 -9999.000 -9999.000 -9999.000 -9999.000 -9999.000 -9999.000 -9999.000 -9999.000 -9999.000 -9999.000 -9999.000 -9999.000 0.1937430E-02 0.6212501E-02 0.1363154E-01 0.2197506E-01 0.2980136E-01 0.3613493E-01 0.4069394E-01 0.4339533E-01 0.4429606E-01 0.4353144E-01 0.4120094E-01 0.3739482E-01 0.3200296E-01 0.2404917E-01 0.1278127E-01 0.1278127E-01 -9999.000 -9999.000 -9999.000 -9999.000 -9999.000 -9999.000 -9999.000 -9999.000 -9999.000 -9999.000 -9999.000 -9999.000 -9999.000 -9999.000 -9999.000 -9999.000 -9999.000 -9999.000 -9999.000 -9999.000 -9999.000 -9999.000 -9999.000 -9999.000 -9999.000 -9999.000 -9999.000
-9999.000 -9999.000 -9999.000 -9999.000 -9999.000 -9999.000 -9999.000 -9999.000 -9999.000 -9999.000 -9999.000 -9999.000 -9999.000 -9999.000 -9999.000 0.2280868E-02 0.6949164E-02 0.1479645E-01 0.2352924E-01 0.3167745E-01 0.3826139E-01 0.4302219E-01 0.4588562E-01 0.4691958E-01 0.4626819E-01 0.4402658E-01 0.4028256E-01 0.3489592E-01 0.2674899E-01 0.1445423E-01 0.1445423E-01 -9999.000 -9999.000 -9999.000 -9999.000 -9999.000 -9999.000 -9999.000 -9999.000 -9999.000 -9999.000 -9999.000 -9999.000 -9999.000 -9999.000 -9999.000 -9999.000 -9999.000 -9999.000 -9999.000 -9999.000 -9999.000 -9999.000 -9999.000 -9999.000 -9999.000 -9999.000 -9999.000
-9999.000 -9999.000 -9999.000 -9999.000 -9999.000 -9999.000 -9999.000 -9999.000 -9999.000 -9999.000 -9999.000 -9999.000 -9999.000 -9999.000 -9999.000 0.2696736E-02 0.7830881E-02 0.1617278E-01 0.2534934E-01 0.3386082E-01 0.4072792E-01 0.4572271E-01 0.4878208E-01 0.4998843E-01 0.4949610E-01 0.4739638E-01 0.4377392E-01 0.3845298E-01 0.3014378E-01 0.1658697E-01 0.1658697E-01 -9999.000 -9999.000 -9999.000 -9999.000 -9999.000 -9999.000 -9999.000 -9999.000 -9999.000 -9999.000 -9999.000 -9999.000 -9999.000 -9999.000 -9999.000 -9999.000 -9999.000 -9999.000 -9999.000 -9999.000 -9999.000 -9999.000 -9999.000 -9999.000 -9999.000 -9999.000 -9999.000
-9999.000 -9999.000 -9999.000 -9999.000 -9999.000 -9999.000 -9999.000 -9999.000 -9999.000 -9999.000 -9999.000 -9999.000 -9999.000 -9999.000 -9999.000 0.3226720E-02 0.8946083E-02 0.1790097E-01 0.2761054E-01 0.3652744E-01 0.4371333E-01 0.4897632E-01 0.5226862E-01 0.5369213E-01 0.5341552E-01 0.5152491E-01 0.4810431E-01 0.4293400E-01 0.3451505E-01 0.1936915E-01 0.1936915E-01 -9999.000 -9999.000 -9999.000 -9999.000 -9999.000 -9999.000 -9999.000 -9999.000 -9999.000 -9999.000 -9999.000 -9999.000 -9999.000 -9999.000 -9999.000 -9999.000 -9999.000 -9999.000 -9999.000 -9999.000 -9999.000 -9999.000 -9999.000 -9999.000 -9999.000 -9999.000 -9999.000
-9999.000 -9999.000 -9999.000 -9999.000 -9999.000 -9999.000 -9999.000 -9999.000 -9999.000 -9999.000 -9999.000 -9999.000 -9999.000 -9999.000 -9999.000 0.5062758E-02 0.1282482E-01 0.2389620E-01 0.3443992E-01 0.4327868E-01 0.5037685E-01 0.5549688E-01 0.5864143E-01 0.5995599E-01 0.5963280E-01 0.5775254E-01 0.5439519E-01 0.4928139E-01 0.4064432E-01 0.2327339E-01 0.2327339E-01 -9999.000 -9999.000 -9999.000 -9999.000 -9999.000 -9999.000 -9999.000 -9999.000 -9999.000 -9999.000 -9999.000 -9999.000 -9999.000 -9999.000 -9999.000 -9999.000 -9999.000 -9999.000 -9999.000 -9999.000 -9999.000 -9999.000 -9999.000 -9999.000 -9999.000 -9999.000 -9999.000
-9999.000 -9999.000 -9999.000 -9999.000 -9999.000 -9999.000 -9999.000 -9999.000 -9999.000 -9999.000 -9999.000 -9999.000 -9999.000 -9999.000 -9999.000 0.9425450E-01 0.1441083 0.1681378 0.1603532 0.1386838 0.1229031 0.1090282 0.9692384E-01 0.8648133E-01 0.7733572E-01 0.6906389E-01 0.6129060E-01 0.5326458E-01 0.4266473E-01 0.2073134E-01 0.2073134E-01 -9999.000 -9999.000 -9999.000 -9999.000 -9999.000 -9999.000 -9999.000 -9999.000 -9999.000 -9999.000 -9999.000 -9999.000 -9999.000 -9999.000 -9999.000 -9999.000 -9999.000 -9999.000 -9999.000 -9999.000 -9999.000 -9999.000 -9999.000 -9999.000 -9999.000 -9999.000 -9999.000
2.857669 2.857669 2.861890 2.871093 2.890573 2.890573 2.893379 2.893214 2.893214 2.889375 2.889375 2.883041 2.879198 2.875007 2.870863 2.870863 3.020128 3.024520 3.025789 3.017633 2.982303 2.924013 2.842618 2.735894 2.607633 2.459679 2.295231 2.123196 1.967786 1.898422 1.898422 2.744478 2.923749 3.028988 3.055506 3.055506 3.091816 3.091816 3.079386 3.079386 3.038006 2.863226 2.863226 2.524856 2.524856 2.149490 2.149490 2.149490 2.125790 2.125790 2.154489 2.154489 2.201873 2.201873 2.252162 2.252162 2.297623 2.297623
2.880806 2.880806 2.892947 2.925664 2.952309 2.952309 2.967070 2.989810 2.989810 3.008461 3.008461 3.024419 3.031652 3.038486 3.045294 3.045294 3.156115 3.175418 3.191210 3.203669 3.209081 3.207358 3.196521 3.173109 3.135172 3.080458 3.007356 2.916691 2.815127 2.732183 2.732183 3.186861 3.347678 3.503156 3.545629 3.545629 3.595064 3.595064 3.599561 3.599561 3.580201 3.481435 3.481435 3.286514 3.286514 2.986334 2.986334 2.986334 2.959435 2.959435 2.990275 2.990275 3.040542 3.040542 3.093355 3.093355 3.141804 3.141804
2.886277 2.886277 2.894659 2.927814 2.952158 2.952158 2.967522 2.991082 2.991082 3.010358 3.010358 3.027021 3.034647 3.041903 3.049195 3.049195 3.148044 3.179984 3.207616 3.231393 3.249800 3.262907 3.270403 3.270988 3.263633 3.246824 3.218811 3.178802 3.129589 3.089008 3.089008 3.345835 3.502960 3.685371 3.738915 3.738915 3.795692 3.795692 3.789449 3.789449 3.761620 3.661775 3.661775 3.519662 3.519662 3.278276 3.278276 3.278276 3.236251 3.236251 3.254255 3.254255 3.295756 3.295756 3.342409 3.342409 3.386327 3.386327
2.890102 2.890102 2.896169 2.928798 2.951452 2.951452 2.967125 2.991055 2.991055 3.010342 3.010342 3.026974 3.034591 3.041842 3.049206 3.049206 3.140460 3.182847 3.221421 3.255306 3.283221 3.304901 3.320349 3.329275 3.331565 3.326942 3.314862 3.295086 3.269405 3.249299 3.249299 3.405111 3.543995 3.734705 3.794480 3.794480 3.849857 3.849857 3.821858 3.821858 3.782311 3.686470 3.686470 3.592783 3.592783 3.416727 3.416727 3.416727 3.364349 3.364349 3.367779 3.367779 3.399842 3.399842 3.441125 3.441125 3.481687 3.481687
2.889510 2.889510 2.898449 2.929337 2.950961 2.950961 2.966892 2.991095 2.991095 3.010316 3.010316 3.026899 3.034515 3.041780 3.049280 3.049280 3.137666 3.188881 3.237242 3.280469 3.317117 3.346602 3.368813 3.383679 3.391329 3.391970 3.385780 3.373159 3.355843 3.341919 3.341919 3.436807 3.550768 3.731961 3.788854 3.788854 3.822336 3.822336 3.763893 3.763893 3.719969 3.650415 3.650415 3.607346 3.607346 3.498982 3.498982 3.498982 3.445287 3.445287 3.434403 3.434403 3.454479 3.454479 3.488394 3.488394 3.524401 3.524401
2.891017 2.891017 2.895674 2.929340 2.950471 2.950471 2.966673 2.991171 2.991171 3.010388 3.010388 3.026961 3.034582 3.041851 3.049525 3.049525 3.140624 3.199731 3.256693 3.308207 3.352622 3.389181 3.417641 3.437953 3.450253 3.454827 3.452057 3.442573 3.427984 3.414187 3.414187 3.468170 3.553971 3.706069 3.746044 3.746044 3.731812 3.731812 3.652430 3.652430 3.620971 3.597534 3.597534 3.599998 3.599998 3.552439 3.552439 3.552439 3.507240 3.507240 3.486386 3.486386 3.493439 3.493439 3.517596 3.517596 3.546967 3.546967
2.892274 2.892274 2.894821 2.929064 2.949953 2.949953 2.966332 2.991110 2.991110 3.010414 3.010414 3.027006 3.034626 3.041891 3.049797 3.049797 3.150051 3.216778 3.281345 3.339978 3.390971 3.433550 3.467439 3.492597 3.509135 3.517304 3.517474 3.510244 3.496931 3.481681 3.481681 3.507158 3.563750 3.661681 3.664555 3.664555 3.588953 3.588953 3.525692 3.525692 3.521405 3.547369 3.547369 3.584382 3.584382 3.585984 3.585984 3.585984 3.556397 3.556397 3.532452 3.532452 3.528125 3.528125 3.541052 3.541052 3.561684 3.561684
2.892822 2.892822 2.894428 2.928975 2.949783 2.949783 2.966227 2.991112 2.991112 3.010441 3.010441 3.027029 3.034645 3.041908 3.050151 3.050151 3.167049 3.241603 3.312948 3.377445 3.433601 3.480824 3.518940 3.547970 3.568040 3.579357 3.582219 3.577092 3.564919 3.548268 3.548268 3.553247 3.579250 3.584558 3.529528 3.529528 3.418665 3.418665 3.412921 3.412921 3.438215 3.503016 3.503016 3.563803 3.563803 3.603271 3.603271 3.603271 3.592580 3.592580 3.572442 3.572442 3.560683 3.560683 3.562463 3.562463 3.572793 3.572793
2.892274 2.892274 2.894821 2.929063 2.949953 2.949953 2.966332 2.991110 2.991110 3.010413 3.010413 3.027005 3.034626 3.041890 3.050600 3.050600 3.193057 3.275878 3.353187 3.422145 3.481823 3.532020 3.572813 3.604379 3.626913 3.640616 3.645711 3.642515 3.631537 3.613544 3.613544 3.601461 3.589781 3.446836 3.335858 3.335858 3.261096 3.261096 3.327848 3.327848 3.374321 3.463716 3.463716 3.540266 3.540266 3.608115 3.608115 3.608115 3.616141 3.616141 3.604753 3.604753 3.590407 3.590407 3.582651 3.582651 3.581963 3.581963
2.891017 2.891017 2.895674 2.929340 2.950470 2.950470 2.966673 2.991171 2.991171 3.010388 3.010388 3.026961 3.034582 3.041853 3.051215 3.051215 3.230329 3.321813 3.404080 3.475814 3.537049 3.588212 3.629791 3.662208 3.685788 3.700766 3.707323 3.705616 3.695568 3.674826 3.674826 3.640883 3.567739 3.232999 3.116884 3.116884 3.145280 3.145280 3.264162 3.264162 3.322156 3.425830 3.425830 3.513243 3.513243 3.602224 3.602224 3.602224 3.626730 3.626730 3.626427 3.626427 3.613560 3.613560 3.599005 3.599005 3.587688 3.587688
2.889509 2.889509 2.898448 2.929338 2.950960 2.950960 2.966892 2.991096 2.991096 3.010317 3.010317 3.026899 3.034515 3.041780 3.052024 3.052024 3.282148 3.382160 3.467765 3.540012 3.600349 3.650077 3.690213 3.721496 3.744422 3.759291 3.766260 3.765303 3.755081 3.725021 3.725021 3.643838 3.458139 2.980632 2.936666 2.936666 3.066935 3.066935 3.210093 3.210093 3.273629 3.385900 3.385900 3.481168 3.481168 3.585636 3.585636 3.585636 3.623467 3.623467 3.634263 3.634263 3.625618 3.625618 3.607204 3.607204 3.586583 3.586583
