cruce_test.gid/Rasters/Hydraulic/Velocity____333.0.asc
NCOLS        79
NROWS        79
XLLCENTER         -1.500000
YLLCENTER         -4.800000
CELLSIZE           0.100
NODATA_VALUE     -9999.0
[rows 0 to 26 of 79, columns 0 to 59 of 79]
-9999.000 -9999.000 -9999.000 -9999.000 -9999.000 -9999.000 -9999.000 -9999.000 -9999.000 -9999.000 -9999.000 -9999.000 -9999.000 -9999.000 -9999.000 0.9892896E-01 0.9718187E-01 0.9711152E-01 0.9761567E-01 0.9835327E-01 0.9916010E-01 0.9993511E-01 0.1005692 0.1010724 0.1014329 0.1016659 0.1018421 0.1021755 0.1032551 0.1042782 0.1042782 -9999.000 -9999.000 -9999.000 -9999.000 -9999.000 -9999.000 -9999.000 -9999.000 -9999.000 -9999.000 -9999.000 -9999.000 -9999.000 -9999.000 -9999.000 -9999.000 -9999.000 -9999.000 -9999.000 -9999.000 -9999.000 -9999.000 -9999.000 -9999.000 -9999.000 -9999.000 -9999.000 -9999.000 -9999.000
-9999.000 -9999.000 -9999.000 -9999.000 -9999.000 -9999.000 -9999.000 -9999.000 -9999.000 -9999.000 -9999.000 -9999.000 -9999.000 -9999.000 -9999.000 0.9729799E-01 0.9378424E-01 0.9369055E-01 0.9479603E-01 0.9639198E-01 0.9814692E-01 0.9985640E-01 0.1012898 0.1024591 0.1033327 0.1039359 0.1044230 0.1052739 0.1077969 0.1105421 0.1105421 -9999.000 -9999.000 -9999.000 -9999.000 -9999.000 -9999.000 -9999.000 -9999.000 -9999.000 -9999.000 -9999.000 -9999.000 -9999.000 -9999.000 -9999.000 -9999.000 -9999.000 -9999.000 -9999.000 -9999.000 -9999.000 -9999.000 -9999.000 -9999.000 -9999.000 -9999.000 -9999.000 -9999.000 -9999.000
-9999.000 -9999.000 -9999.000 -9999.000 -9999.000 -9999.000 -9999.000 -9999.000 -9999.000 -9999.000 -9999.000 -9999.000 -9999.000 -9999.000 -9999.000 0.9422692E-01 0.8890875E-01 0.8877762E-01 0.9057458E-01 0.9317537E-01 0.9606563E-01 0.9893705E-01 0.1014331 0.1035752 0.1053072 0.1066585 0.1078619 0.1096751 0.1141879 0.1194971 0.1194971 -9999.000 -9999.000 -9999.000 -9999.000 -9999.000 -9999.000 -9999.000 -9999.000 -9999.000 -9999.000 -9999.000 -9999.000 -9999.000 -9999.000 -9999.000 -9999.000 -9999.000 -9999.000 -9999.000 -9999.000 -9999.000 -9999.000 -9999.000 -9999.000 -9999.000 -9999.000 -9999.000 -9999.000 -9999.000
-9999.000 -9999.000 -9999.000 -9999.000 -9999.000 -9999.000 -9999.000 -9999.000 -9999.000 -9999.000 -9999.000 -9999.000 -9999.000 -9999.000 -9999.000 0.9045455E-01 0.8344568E-01 0.8329505E-01 0.8581221E-01 0.8944979E-01 0.9351543E-01 0.9760614E-01 0.1012449 0.1044689 0.1071946 0.1094473 0.1115298 0.1144767 0.1211877 0.1296330 0.1296330 -9999.000 -9999.000 -9999.000 -9999.000 -9999.000 -9999.000 -9999.000 -9999.000 -9999.000 -9999.000 -9999.000 -9999.000 -9999.000 -9999.000 -9999.000 -9999.000 -9999.000 -9999.000 -9999.000 -9999.000 -9999.000 -9999.000 -9999.000 -9999.000 -9999.000 -9999.000 -9999.000 -9999.000 -9999.000
-9999.000 -9999.000 -9999.000 -9999.000 -9999.000 -9999.000 -9999.000 -9999.000 -9999.000 -9999.000 -9999.000 -9999.000 -9999.000 -9999.000 -9999.000 0.8621168E-01 0.7759631E-01 0.7745044E-01 0.8072204E-01 0.8542705E-01 0.9069844E-01 0.9604588E-01 0.1008753 0.1052472 0.1090462 0.1122899 0.1153487 0.1195434 0.1286298 0.1408086 0.1408086 -9999.000 -9999.000 -9999.000 -9999.000 -9999.000 -9999.000 -9999.000 -9999.000 -9999.000 -9999.000 -9999.000 -9999.000 -9999.000 -9999.000 -9999.000 -9999.000 -9999.000 -9999.000 -9999.000 -9999.000 -9999.000 -9999.000 -9999.000 -9999.000 -9999.000 -9999.000 -9999.000 -9999.000 -9999.000
-9999.000 -9999.000 -9999.000 -9999.000 -9999.000 -9999.000 -9999.000 -9999.000 -9999.000 -9999.000 -9999.000 -9999.000 -9999.000 -9999.000 -9999.000 0.8158690E-01 0.7144969E-01 0.7134946E-01 0.7542182E-01 0.8122937E-01 0.8773392E-01 0.9436561E-01 0.1004166 0.1059792 0.1109024 0.1151932 0.1192917 0.1248206 0.1364525 0.1530470 0.1530470 -9999.000 -9999.000 -9999.000 -9999.000 -9999.000 -9999.000 -9999.000 -9999.000 -9999.000 -9999.000 -9999.000 -9999.000 -9999.000 -9999.000 -9999.000 -9999.000 -9999.000 -9999.000 -9999.000 -9999.000 -9999.000 -9999.000 -9999.000 -9999.000 -9999.000 -9999.000 -9999.000 -9999.000 -9999.000
-9999.000 -9999.000 -9999.000 -9999.000 -9999.000 -9999.000 -9999.000 -9999.000 -9999.000 -9999.000 -9999.000 -9999.000 -9999.000 -9999.000 -9999.000 0.7659935E-01 0.6504007E-01 0.6504849E-01 0.6998213E-01 0.7693051E-01 0.8469150E-01 0.9262817E-01 0.9992129E-01 0.1067051 0.1127873 0.1181639 0.1233480 0.1302858 0.1446436 0.1664740 0.1664740 -9999.000 -9999.000 -9999.000 -9999.000 -9999.000 -9999.000 -9999.000 -9999.000 -9999.000 -9999.000 -9999.000 -9999.000 -9999.000 -9999.000 -9999.000 -9999.000 -9999.000 -9999.000 -9999.000 -9999.000 -9999.000 -9999.000 -9999.000 -9999.000 -9999.000 -9999.000 -9999.000 -9999.000 -9999.000
-9999.000 -9999.000 -9999.000 -9999.000 -9999.000 -9999.000 -9999.000 -9999.000 -9999.000 -9999.000 -9999.000 -9999.000 -9999.000 -9999.000 -9999.000 0.7123316E-01 0.5837712E-01 0.5858705E-01 0.6445768E-01 0.7258476E-01 0.8161921E-01 0.9087282E-01 0.9942026E-01 0.1074474 0.1147148 0.1212053 0.1275120 0.1359309 0.1532154 0.1812971 0.1812971 -9999.000 -9999.000 -9999.000 -9999.000 -9999.000 -9999.000 -9999.000 -9999.000 -9999.000 -9999.000 -9999.000 -9999.000 -9999.000 -9999.000 -9999.000 -9999.000 -9999.000 -9999.000 -9999.000 -9999.000 -9999.000 -9999.000 -9999.000 -9999.000 -9999.000 -9999.000 -9999.000 -9999.000 -9999.000
-9999.000 -9999.000 -9999.000 -9999.000 -9999.000 -9999.000 -9999.000 -9999.000 -9999.000 -9999.000 -9999.000 -9999.000 -9999.000 -9999.000 -9999.000 0.6545349E-01 0.5146282E-01 0.5201038E-01 0.5891014E-01 0.6824677E-01 0.7855897E-01 0.8913108E-01 0.9893587E-01 0.1082227 0.1166943 0.1243201 0.1317806 0.1417539 0.1621934 0.1978082 0.1978082 -9999.000 -9999.000 -9999.000 -9999.000 -9999.000 -9999.000 -9999.000 -9999.000 -9999.000 -9999.000 -9999.000 -9999.000 -9999.000 -9999.000 -9999.000 -9999.000 -9999.000 -9999.000 -9999.000 -9999.000 -9999.000 -9999.000 -9999.000 -9999.000 -9999.000 -9999.000 -9999.000 -9999.000 -9999.000
-9999.000 -9999.000 -9999.000 -9999.000 -9999.000 -9999.000 -9999.000 -9999.000 -9999.000 -9999.000 -9999.000 -9999.000 -9999.000 -9999.000 -9999.000 0.5921322E-01 0.4430491E-01 0.4539588E-01 0.5342874E-01 0.6398624E-01 0.7555939E-01 0.8743642E-01 0.9849134E-01 0.1090467 0.1187352 0.1275112 0.1361518 0.1477565 0.1716134 0.2164050 0.2164050 -9999.000 -9999.000 -9999.000 -9999.000 -9999.000 -9999.000 -9999.000 -9999.000 -9999.000 -9999.000 -9999.000 -9999.000 -9999.000 -9999.000 -9999.000 -9999.000 -9999.000 -9999.000 -9999.000 -9999.000 -9999.000 -9999.000 -9999.000 -9999.000 -9999.000 -9999.000 -9999.000 -9999.000 -9999.000
-9999.000 -9999.000 -9999.000 -9999.000 -9999.000 -9999.000 -9999.000 -9999.000 -9999.000 -9999.000 -9999.000 -9999.000 -9999.000 -9999.000 -9999.000 0.5245551E-01 0.3694008E-01 0.3889721E-01 0.4816163E-01 0.5990661E-01 0.7268766E-01 0.8583312E-01 0.9811684E-01 0.1099417 0.1208519 0.1307855 0.1406272 0.1539436 0.1815184 0.2376302 0.2376302 -9999.000 -9999.000 -9999.000 -9999.000 -9999.000 -9999.000 -9999.000 -9999.000 -9999.000 -9999.000 -9999.000 -9999.000 -9999.000 -9999.000 -9999.000 -9999.000 -9999.000 -9999.000 -9999.000 -9999.000 -9999.000 -9999.000 -9999.000 -9999.000 -9999.000 -9999.000 -9999.000 -9999.000 -9999.000
-9999.000 -9999.000 -9999.000 -9999.000 -9999.000 -9999.000 -9999.000 -9999.000 -9999.000 -9999.000 -9999.000 -9999.000 -9999.000 -9999.000 -9999.000 0.4511661E-01 0.2949124E-01 0.3283749E-01 0.4336223E-01 0.5616782E-01 0.7004459E-01 0.8438885E-01 0.9786144E-01 0.1109446 0.1230714 0.1341608 0.1452170 0.1603271 0.1919613 0.2622395 0.2622395 -9999.000 -9999.000 -9999.000 -9999.000 -9999.000 -9999.000 -9999.000 -9999.000 -9999.000 -9999.000 -9999.000 -9999.000 -9999.000 -9999.000 -9999.000 -9999.000 -9999.000 -9999.000 -9999.000 -9999.000 -9999.000 -9999.000 -9999.000 -9999.000 -9999.000 -9999.000 -9999.000 -9999.000 -9999.000
-9999.000 -9999.000 -9999.000 -9999.000 -9999.000 -9999.000 -9999.000 -9999.000 -9999.000 -9999.000 -9999.000 -9999.000 -9999.000 -9999.000 -9999.000 0.3712752E-01 0.2234982E-01 0.2789678E-01 0.3946108E-01 0.5302290E-01 0.6779008E-01 0.8321436E-01 0.9780929E-01 0.1121239 0.1254477 0.1376785 0.1499526 0.1669363 0.2030108 0.2913147 0.2913147 -9999.000 -9999.000 -9999.000 -9999.000 -9999.000 -9999.000 -9999.000 -9999.000 -9999.000 -9999.000 -9999.000 -9999.000 -9999.000 -9999.000 -9999.000 -9999.000 -9999.000 -9999.000 -9999.000 -9999.000 -9999.000 -9999.000 -9999.000 -9999.000 -9999.000 -9999.000 -9999.000 -9999.000 -9999.000
-9999.000 -9999.000 -9999.000 -9999.000 -9999.000 -9999.000 -9999.000 -9999.000 -9999.000 -9999.000 -9999.000 -9999.000 -9999.000 -9999.000 -9999.000 0.2839023E-01 0.1694049E-01 0.2557032E-01 0.3737119E-01 0.5107803E-01 0.6635895E-01 0.8263864E-01 0.9822315E-01 0.1136928 0.1281558 0.1414820 0.1549514 0.1738702 0.2147862 0.3264856 0.3264856 -9999.000 -9999.000 -9999.000 -9999.000 -9999.000 -9999.000 -9999.000 -9999.000 -9999.000 -9999.000 -9999.000 -9999.000 -9999.000 -9999.000 -9999.000 -9999.000 -9999.000 -9999.000 -9999.000 -9999.000 -9999.000 -9999.000 -9999.000 -9999.000 -9999.000 -9999.000 -9999.000 -9999.000 -9999.000
-9999.000 -9999.000 -9999.000 -9999.000 -9999.000 -9999.000 -9999.000 -9999.000 -9999.000 -9999.000 -9999.000 -9999.000 -9999.000 -9999.000 -9999.000 0.3952484E-01 0.6058554E-01 0.6955056E-01 0.7300813E-01 0.7859013E-01 0.8631869E-01 0.9660523E-01 0.1079983 0.1207953 0.1336956 0.1462751 0.1597525 0.1800223 0.2260365 0.3672243 0.3672243 -9999.000 -9999.000 -9999.000 -9999.000 -9999.000 -9999.000 -9999.000 -9999.000 -9999.000 -9999.000 -9999.000 -9999.000 -9999.000 -9999.000 -9999.000 -9999.000 -9999.000 -9999.000 -9999.000 -9999.000 -9999.000 -9999.000 -9999.000 -9999.000 -9999.000 -9999.000 -9999.000 -9999.000 -9999.000
2.709677 2.709677 2.693104 2.724955 2.743011 2.743011 2.746166 2.746771 2.746771 2.743718 2.743718 2.738130 2.734678 2.730906 2.726982 2.726982 2.809139 2.811539 2.802331 2.774796 2.728428 2.661716 2.572657 2.464268 2.336793 2.192620 2.036525 1.879648 1.749920 1.721546 1.721546 2.545913 2.711186 2.798702 2.818843 2.818843 2.840484 2.840484 2.802745 2.802745 2.747241 2.536533 2.536533 2.072922 2.072922 1.904791 1.904791 1.904791 1.914532 1.914532 1.956206 1.956206 2.005947 2.005947 2.054545 2.054545 2.096157 2.096157 2.096157 2.127204
2.732102 2.732102 2.722869 2.777288 2.801951 2.801951 2.816444 2.838984 2.838984 2.857502 2.857502 2.873279 2.880442 2.887237 2.893827 2.893827 2.956065 2.970007 2.981438 2.988727 2.990941 2.986011 2.971029 2.944270 2.903134 2.845759 2.771457 2.682005 2.584692 2.528579 2.528579 2.970935 3.123112 3.266535 3.304248 3.304248 3.342944 3.342944 3.332324 3.332324 3.303428 3.183374 3.183374 2.918403 2.918403 2.720210 2.720210 2.720210 2.729468 2.729468 2.772592 2.772592 2.825296 2.825296 2.876652 2.876652 2.921686 2.921686 2.921686 2.958016
2.736361 2.736361 2.724995 2.779171 2.801803 2.801803 2.816802 2.840188 2.840188 2.859368 2.859368 2.875850 2.883392 2.890590 2.897621 2.897621 2.955014 2.978714 3.001024 3.020523 3.036613 3.048586 3.055295 3.055997 3.049221 3.033284 3.006706 2.969213 2.924081 2.897561 2.897561 3.154967 3.299612 3.463953 3.510382 3.510382 3.552127 3.552127 3.530663 3.530663 3.496527 3.392138 3.392138 3.216860 3.216860 3.019578 3.019578 3.019578 3.012874 3.012874 3.045805 3.045805 3.090914 3.090914 3.136088 3.136088 3.176375 3.176375 3.176375 3.209255
2.737867 2.737867 2.723888 2.779742 2.801105 2.801105 2.816375 2.840254 2.840254 2.859596 2.859596 2.876101 2.883631 2.890811 2.897850 2.897850 2.953505 2.985921 3.017770 3.046586 3.071307 3.091423 3.106484 3.116447 3.121046 3.119791 3.112109 3.097903 3.079126 3.071940 3.071940 3.231931 3.360986 3.529290 3.577986 3.577986 3.609782 3.609782 3.565787 3.565787 3.526116 3.441799 3.441799 3.335418 3.335418 3.163833 3.163833 3.163833 3.139992 3.139992 3.160959 3.160959 3.199134 3.199134 3.240170 3.240170 3.277541 3.277541 3.277541 3.308099
2.735894 2.735894 2.727795 2.779922 2.800500 2.800500 2.815922 2.840142 2.840142 2.859592 2.859592 2.876151 2.883700 2.890894 2.897980 2.897980 2.955513 2.995950 3.036627 3.074065 3.106729 3.133960 3.155438 3.171228 3.181475 3.186312 3.185892 3.180689 3.172499 3.172110 3.172110 3.275483 3.384471 3.540838 3.581051 3.581051 3.580701 3.580701 3.513371 3.513371 3.477912 3.429400 3.429400 3.382278 3.382278 3.254683 3.254683 3.254683 3.217787 3.217787 3.224381 3.224381 3.253424 3.253424 3.289169 3.289169 3.323033 3.323033 3.323033 3.350804
2.736420 2.736420 2.729534 2.779981 2.800035 2.800035 2.815531 2.839982 2.839982 2.859501 2.859501 2.876089 2.883656 2.890866 2.898032 2.898032 2.961898 3.010126 3.058972 3.104303 3.144286 3.178149 3.205572 3.226593 3.241419 3.250352 3.253808 3.252508 3.248158 3.248281 3.248281 3.314045 3.399712 3.522880 3.538145 3.538145 3.486130 3.486130 3.416224 3.416224 3.398833 3.395421 3.395421 3.395293 3.395293 3.319028 3.319028 3.319028 3.278071 3.278071 3.271196 3.271196 3.288974 3.288974 3.317285 3.317285 3.346041 3.346041 3.346041 3.369836
2.736801 2.736801 2.730415 2.780035 2.799787 2.799787 2.815317 2.839912 2.839912 2.859470 2.859470 2.876059 2.883625 2.890837 2.898093 2.898093 2.973577 3.029778 3.086245 3.138664 3.185158 3.224952 3.257756 3.283591 3.302647 3.315234 3.321790 3.323024 3.320378 3.318995 3.318995 3.357846 3.416931 3.473475 3.443297 3.443297 3.345370 3.345370 3.308918 3.308918 3.317740 3.356263 3.356263 3.390042 3.390042 3.362993 3.362993 3.362993 3.327952 3.327952 3.312092 3.312092 3.318203 3.318203 3.337149 3.337149 3.358918 3.358918 3.358918 3.377279
2.736938 2.736938 2.730684 2.780055 2.799708 2.799708 2.815247 2.839890 2.839890 2.859461 2.859461 2.876049 2.883613 2.890825 2.898206 2.898206 2.991728 3.056406 3.120071 3.178736 3.230769 3.275548 3.312897 3.342875 3.365676 3.381583 3.390980 3.394457 3.393083 3.389909 3.389909 3.407832 3.433786 3.371612 3.286878 3.286878 3.191061 3.191061 3.216454 3.216454 3.248959 3.318102 3.318102 3.374804 3.374804 3.389498 3.389498 3.389498 3.367702 3.367702 3.349193 3.349193 3.345391 3.345391 3.353926 3.353926 3.366959 3.366959 3.366959 3.378376
2.736801 2.736801 2.730416 2.780035 2.799786 2.799786 2.815317 2.839913 2.839913 2.859471 2.859471 2.876059 2.883625 2.890837 2.898392 2.898392 3.017926 3.091784 3.162275 3.226283 3.282725 3.331318 3.372104 3.405264 3.431041 3.449709 3.461591 3.467137 3.466938 3.461586 3.461586 3.458630 3.433106 3.194899 3.084152 3.084152 3.058784 3.058784 3.144227 3.144227 3.192265 3.280810 3.280810 3.352945 3.352945 3.400611 3.400611 3.400611 3.395438 3.395438 3.380284 3.380284 3.369985 3.369985 3.368344 3.368344 3.371445 3.371445 3.371445 3.374626
2.736420 2.736420 2.729533 2.779981 2.800035 2.800035 2.815531 2.839982 2.839982 2.859501 2.859501 2.876089 2.883655 2.890866 2.898664 2.898664 3.054471 3.138220 3.215068 3.283354 3.342863 3.393855 3.436704 3.471796 3.499475 3.520048 3.533804 3.541040 3.541578 3.531395 3.531395 3.494302 3.372492 2.956886 2.885682 2.885682 2.963201 2.963201 3.085856 3.085856 3.142312 3.242917 3.242917 3.325813 3.325813 3.398383 3.398383 3.398383 3.409787 3.409787 3.402099 3.402099 3.389235 3.389235 3.378826 3.378826 3.371596 3.371596 3.371596 3.365713
2.735895 2.735895 2.727796 2.779921 2.800500 2.800500 2.815922 2.840141 2.840141 2.859591 2.859591 2.876150 2.883701 2.890894 2.899018 2.899018 3.104836 3.198889 3.281251 3.352378 3.413274 3.464928 3.508168 3.543649 3.571870 3.593201 3.607929 3.616144 3.615728 3.589738 3.589738 3.471012 3.187541 2.724587 2.741700 2.741700 2.892785 2.892785 3.032707 3.032707 3.093501 3.202239 3.202239 3.292834 3.292834 3.383548 3.383548 3.383548 3.409341 3.409341 3.410845 3.410845 3.398693 3.398693 3.381655 3.381655 3.364610 3.364610 3.364610 3.349520
2.737866 2.737866 2.723888 2.779741 2.801105 2.801105 2.816375 2.840254 2.840254 2.859596 2.859596 2.876101 2.883631 2.890811 2.899408 2.899408 3.174540 3.278431 3.364599 3.436399 3.496411 3.546525 3.588101 3.622110 3.649223 3.669894 3.684424 3.692355 3.684570 3.601111 3.601111 3.297759 2.853640 2.575069 2.642928 2.642928 2.826111 2.826111 2.974362 2.974362 3.037676 3.152966 3.152966 3.249299 3.249299 3.353097 3.353097 3.353097 3.390306 3.390306 3.400687 3.400687 3.391021 3.391021 3.369592 3.369592 3.344060 3.344060 3.344060 3.320457
