cruce_test.gid/Rasters/Hydraulic/Velocity__y_142.0.asc
NCOLS        79
NROWS        79
XLLCENTER         -1.500000
YLLCENTER         -4.800000
CELLSIZE           0.100
NODATA_VALUE     -9999.0
[rows 0 to 26 of 79, columns 0 to 58 of 79]
-9999.000 -9999.000 -9999.000 -9999.000 -9999.000 -9999.000 -9999.000 -9999.000 -9999.000 -9999.000 -9999.000 -9999.000 -9999.000 -9999.000 -9999.000 -0.1214735 -0.1203027 -0.1202671 -0.1203958 -0.1206252 -0.1209189 -0.1212411 -0.1215615 -0.1218577 -0.1221216 -0.1223737 -0.1226858 -0.1233594 -0.1250509 -0.1260028 -0.1260028 -9999.000 -9999.000 -9999.000 -9999.000 -9999.000 -9999.000 -9999.000 -9999.000 -9999.000 -9999.000 -9999.000 -9999.000 -9999.000 -9999.000 -9999.000 -9999.000 -9999.000 -9999.000 -9999.000 -9999.000 -9999.000 -9999.000 -9999.000 -9999.000 -9999.000 -9999.000 -9999.000 -9999.000
-9999.000 -9999.000 -9999.000 -9999.000 -9999.000 -9999.000 -9999.000 -9999.000 -9999.000 -9999.000 -9999.000 -9999.000 -9999.000 -9999.000 -9999.000 -0.1193328 -0.1169316 -0.1168564 -0.1171512 -0.1176808 -0.1183658 -0.1191274 -0.1198985 -0.1206288 -0.1213002 -0.1219568 -0.1227481 -0.1243053 -0.1279887 -0.1304733 -0.1304733 -9999.000 -9999.000 -9999.000 -9999.000 -9999.000 -9999.000 -9999.000 -9999.000 -9999.000 -9999.000 -9999.000 -9999.000 -9999.000 -9999.000 -9999.000 -9999.000 -9999.000 -9999.000 -9999.000 -9999.000 -9999.000 -9999.000 -9999.000 -9999.000 -9999.000 -9999.000 -9999.000 -9999.000
-9999.000 -9999.000 -9999.000 -9999.000 -9999.000 -9999.000 -9999.000 -9999.000 -9999.000 -9999.000 -9999.000 -9999.000 -9999.000 -9999.000 -9999.000 -0.1157831 -0.1121455 -0.1120555 -0.1126113 -0.1135948 -0.1148731 -0.1163112 -0.1177933 -0.1192318 -0.1205906 -0.1219376 -0.1235084 -0.1263113 -0.1325093 -0.1373252 -0.1373252 -9999.000 -9999.000 -9999.000 -9999.000 -9999.000 -9999.000 -9999.000 -9999.000 -9999.000 -9999.000 -9999.000 -9999.000 -9999.000 -9999.000 -9999.000 -9999.000 -9999.000 -9999.000 -9999.000 -9999.000 -9999.000 -9999.000 -9999.000 -9999.000 -9999.000 -9999.000 -9999.000 -9999.000
-9999.000 -9999.000 -9999.000 -9999.000 -9999.000 -9999.000 -9999.000 -9999.000 -9999.000 -9999.000 -9999.000 -9999.000 -9999.000 -9999.000 -9999.000 -0.1115279 -0.1067692 -0.1067001 -0.1075757 -0.1090919 -0.1110606 -0.1132869 -0.1156014 -0.1178737 -0.1200461 -0.1222058 -0.1246738 -0.1288531 -0.1377623 -0.1455176 -0.1455176 -9999.000 -9999.000 -9999.000 -9999.000 -9999.000 -9999.000 -9999.000 -9999.000 -9999.000 -9999.000 -9999.000 -9999.000 -9999.000 -9999.000 -9999.000 -9999.000 -9999.000 -9999.000 -9999.000 -9999.000 -9999.000 -9999.000 -9999.000 -9999.000 -9999.000 -9999.000 -9999.000 -9999.000
-9999.000 -9999.000 -9999.000 -9999.000 -9999.000 -9999.000 -9999.000 -9999.000 -9999.000 -9999.000 -9999.000 -9999.000 -9999.000 -9999.000 -9999.000 -0.1067522 -0.1009636 -0.1009398 -0.1021751 -0.1042790 -0.1070062 -0.1100975 -0.1133267 -0.1165164 -0.1195846 -0.1226383 -0.1260856 -0.1317512 -0.1435767 -0.1549404 -0.1549404 -9999.000 -9999.000 -9999.000 -9999.000 -9999.000 -9999.000 -9999.000 -9999.000 -9999.000 -9999.000 -9999.000 -9999.000 -9999.000 -9999.000 -9999.000 -9999.000 -9999.000 -9999.000 -9999.000 -9999.000 -9999.000 -9999.000 -9999.000 -9999.000 -9999.000 -9999.000 -9999.000 -9999.000
-9999.000 -9999.000 -9999.000 -9999.000 -9999.000 -9999.000 -9999.000 -9999.000 -9999.000 -9999.000 -9999.000 -9999.000 -9999.000 -9999.000 -9999.000 -0.1015393 -0.9480801E-01 -0.9484774E-01 -0.9647196E-01 -0.9920427E-01 -0.1027406 -0.1067548 -0.1109595 -0.1151282 -0.1191521 -0.1231605 -0.1276523 -0.1349083 -0.1498756 -0.1656280 -0.1656280 -9999.000 -9999.000 -9999.000 -9999.000 -9999.000 -9999.000 -9999.000 -9999.000 -9999.000 -9999.000 -9999.000 -9999.000 -9999.000 -9999.000 -9999.000 -9999.000 -9999.000 -9999.000 -9999.000 -9999.000 -9999.000 -9999.000 -9999.000 -9999.000 -9999.000 -9999.000 -9999.000 -9999.000
-9999.000 -9999.000 -9999.000 -9999.000 -9999.000 -9999.000 -9999.000 -9999.000 -9999.000 -9999.000 -9999.000 -9999.000 -9999.000 -9999.000 -9999.000 -0.9591366E-01 -0.8833237E-01 -0.8845138E-01 -0.9048833E-01 -0.9388173E-01 -0.9826974E-01 -0.1032542 -0.1084842 -0.1136812 -0.1187083 -0.1237209 -0.1293142 -0.1382675 -0.1566330 -0.1777202 -0.1777202 -9999.000 -9999.000 -9999.000 -9999.000 -9999.000 -9999.000 -9999.000 -9999.000 -9999.000 -9999.000 -9999.000 -9999.000 -9999.000 -9999.000 -9999.000 -9999.000 -9999.000 -9999.000 -9999.000 -9999.000 -9999.000 -9999.000 -9999.000 -9999.000 -9999.000 -9999.000 -9999.000 -9999.000
-9999.000 -9999.000 -9999.000 -9999.000 -9999.000 -9999.000 -9999.000 -9999.000 -9999.000 -9999.000 -9999.000 -9999.000 -9999.000 -9999.000 -9999.000 -0.8986420E-01 -0.8153796E-01 -0.8175196E-01 -0.8422231E-01 -0.8830597E-01 -0.9358298E-01 -0.9957995E-01 -0.1058788 -0.1121463 -0.1182169 -0.1242769 -0.1310248 -0.1417893 -0.1638514 -0.1914503 -0.1914503 -9999.000 -9999.000 -9999.000 -9999.000 -9999.000 -9999.000 -9999.000 -9999.000 -9999.000 -9999.000 -9999.000 -9999.000 -9999.000 -9999.000 -9999.000 -9999.000 -9999.000 -9999.000 -9999.000 -9999.000 -9999.000 -9999.000 -9999.000 -9999.000 -9999.000 -9999.000 -9999.000 -9999.000
-9999.000 -9999.000 -9999.000 -9999.000 -9999.000 -9999.000 -9999.000 -9999.000 -9999.000 -9999.000 -9999.000 -9999.000 -9999.000 -9999.000 -9999.000 -0.8335904E-01 -0.7440883E-01 -0.7473407E-01 -0.7765709E-01 -0.8245747E-01 -0.8865807E-01 -0.9570626E-01 -0.1031134 -0.1104889 -0.1176382 -0.1247843 -0.1327381 -0.1454396 -0.1715475 -0.2071561 -0.2071561 -9999.000 -9999.000 -9999.000 -9999.000 -9999.000 -9999.000 -9999.000 -9999.000 -9999.000 -9999.000 -9999.000 -9999.000 -9999.000 -9999.000 -9999.000 -9999.000 -9999.000 -9999.000 -9999.000 -9999.000 -9999.000 -9999.000 -9999.000 -9999.000 -9999.000 -9999.000 -9999.000 -9999.000
-9999.000 -9999.000 -9999.000 -9999.000 -9999.000 -9999.000 -9999.000 -9999.000 -9999.000 -9999.000 -9999.000 -9999.000 -9999.000 -9999.000 -9999.000 -0.7635195E-01 -0.6691676E-01 -0.6737108E-01 -0.7076491E-01 -0.7630599E-01 -0.8346222E-01 -0.9159736E-01 -0.1001485 -0.1086653 -0.1169232 -0.1251895 -0.1343985 -0.1491777 -0.1797446 -0.2253091 -0.2253091 -9999.000 -9999.000 -9999.000 -9999.000 -9999.000 -9999.000 -9999.000 -9999.000 -9999.000 -9999.000 -9999.000 -9999.000 -9999.000 -9999.000 -9999.000 -9999.000 -9999.000 -9999.000 -9999.000 -9999.000 -9999.000 -9999.000 -9999.000 -9999.000 -9999.000 -9999.000 -9999.000 -9999.000
-9999.000 -9999.000 -9999.000 -9999.000 -9999.000 -9999.000 -9999.000 -9999.000 -9999.000 -9999.000 -9999.000 -9999.000 -9999.000 -9999.000 -9999.000 -0.6878304E-01 -0.5902237E-01 -0.5962491E-01 -0.6350715E-01 -0.6981091E-01 -0.7795253E-01 -0.8720648E-01 -0.9693246E-01 -0.1066176 -0.1160070 -0.1254214 -0.1359322 -0.1529469 -0.1884648 -0.2465697 -0.2465697 -9999.000 -9999.000 -9999.000 -9999.000 -9999.000 -9999.000 -9999.000 -9999.000 -9999.000 -9999.000 -9999.000 -9999.000 -9999.000 -9999.000 -9999.000 -9999.000 -9999.000 -9999.000 -9999.000 -9999.000 -9999.000 -9999.000 -9999.000 -9999.000 -9999.000 -9999.000 -9999.000 -9999.000
-9999.000 -9999.000 -9999.000 -9999.000 -9999.000 -9999.000 -9999.000 -9999.000 -9999.000 -9999.000 -9999.000 -9999.000 -9999.000 -9999.000 -9999.000 -0.6057484E-01 -0.5067117E-01 -0.5144321E-01 -0.5583157E-01 -0.6291843E-01 -0.7207213E-01 -0.8247193E-01 -0.9339657E-01 -0.1042678 -0.1148005 -0.1253806 -0.1372330 -0.1566599 -0.1977178 -0.2718827 -0.2718827 -9999.000 -9999.000 -9999.000 -9999.000 -9999.000 -9999.000 -9999.000 -9999.000 -9999.000 -9999.000 -9999.000 -9999.000 -9999.000 -9999.000 -9999.000 -9999.000 -9999.000 -9999.000 -9999.000 -9999.000 -9999.000 -9999.000 -9999.000 -9999.000 -9999.000 -9999.000 -9999.000 -9999.000
-9999.000 -9999.000 -9999.000 -9999.000 -9999.000 -9999.000 -9999.000 -9999.000 -9999.000 -9999.000 -9999.000 -9999.000 -9999.000 -9999.000 -9999.000 -0.5162306E-01 -0.4178392E-01 -0.4274936E-01 -0.4766257E-01 -0.5555209E-01 -0.6574234E-01 -0.7730912E-01 -0.8944658E-01 -0.1015077 -0.1131790 -0.1249237 -0.1381441 -0.1601783 -0.2074826 -0.3026429 -0.3026429 -9999.000 -9999.000 -9999.000 -9999.000 -9999.000 -9999.000 -9999.000 -9999.000 -9999.000 -9999.000 -9999.000 -9999.000 -9999.000 -9999.000 -9999.000 -9999.000 -9999.000 -9999.000 -9999.000 -9999.000 -9999.000 -9999.000 -9999.000 -9999.000 -9999.000 -9999.000 -9999.000 -9999.000
-9999.000 -9999.000 -9999.000 -9999.000 -9999.000 -9999.000 -9999.000 -9999.000 -9999.000 -9999.000 -9999.000 -9999.000 -9999.000 -9999.000 -9999.000 -0.4173901E-01 -0.3221738E-01 -0.3341074E-01 -0.3887796E-01 -0.4759618E-01 -0.5885031E-01 -0.7160180E-01 -0.8495425E-01 -0.9818900E-01 -0.1109653 -0.1238426 -0.1384271 -0.1632759 -0.2176767 -0.3410179 -0.3410179 -9999.000 -9999.000 -9999.000 -9999.000 -9999.000 -9999.000 -9999.000 -9999.000 -9999.000 -9999.000 -9999.000 -9999.000 -9999.000 -9999.000 -9999.000 -9999.000 -9999.000 -9999.000 -9999.000 -9999.000 -9999.000 -9999.000 -9999.000 -9999.000 -9999.000 -9999.000 -9999.000 -9999.000
-9999.000 -9999.000 -9999.000 -9999.000 -9999.000 -9999.000 -9999.000 -9999.000 -9999.000 -9999.000 -9999.000 -9999.000 -9999.000 -9999.000 -9999.000 -0.2377472E-01 -0.1908455E-01 -0.2215498E-01 -0.2936010E-01 -0.3971170E-01 -0.5252865E-01 -0.6670987E-01 -0.8132973E-01 -0.9565616E-01 -0.1093754 -0.1231965 -0.1389762 -0.1666653 -0.2287394 -0.3886265 -0.3886265 -9999.000 -9999.000 -9999.000 -9999.000 -9999.000 -9999.000 -9999.000 -9999.000 -9999.000 -9999.000 -9999.000 -9999.000 -9999.000 -9999.000 -9999.000 -9999.000 -9999.000 -9999.000 -9999.000 -9999.000 -9999.000 -9999.000 -9999.000 -9999.000 -9999.000 -9999.000 -9999.000 -9999.000
-0.2618899E-02 -0.2618899E-02 -0.5661920E-02 -0.5777554E-02 -0.5766648E-02 -0.5766648E-02 -0.5753910E-02 -0.5731930E-02 -0.5731930E-02 -0.5707166E-02 -0.5707166E-02 -0.5676311E-02 -0.5658931E-02 -0.5640723E-02 -0.5621681E-02 -0.5621681E-02 -0.1680761E-01 -0.2268533E-01 -0.3318043E-01 -0.4844988E-01 -0.6771190E-01 -0.8969334E-01 -0.1130257 -0.1364368 -0.1589150 -0.1800171 -0.1994095 -0.2227802 -0.2633492 -0.3703153 -0.3703153 -0.1904171 -0.9409020E-01 -0.2558615E-01 -0.1729238E-01 -0.1729238E-01 -0.1014490E-01 -0.1014490E-01 0.2551830E-02 0.2551830E-02 0.1120554E-01 -0.3583455E-02 -0.3583455E-02 -0.1730029E-01 -0.1730029E-01 0.2823664E-02 0.2823664E-02 0.2823664E-02 0.5858902E-02 0.5858902E-02 0.5401498E-02 0.5401498E-02 0.3683515E-02 0.3683515E-02 0.1703042E-02 0.1703042E-02 0.5895703E-04 0.5895703E-04 0.5895703E-04
-0.4016586E-02 -0.4016586E-02 -0.8401008E-02 -0.8218841E-02 -0.8131987E-02 -0.8131987E-02 -0.8086821E-02 -0.8058534E-02 -0.8058534E-02 -0.8045853E-02 -0.8045853E-02 -0.8023431E-02 -0.8008538E-02 -0.7992109E-02 -0.7974513E-02 -0.7974513E-02 -0.2334528E-01 -0.3278353E-01 -0.4814640E-01 -0.7026552E-01 -0.9846864E-01 -0.1314350 -0.1675439 -0.2050963 -0.2424203 -0.2779124 -0.3094674 -0.3369651 -0.3615416 -0.3877016 -0.3877016 -0.2504292 -0.1566316 -0.7109141E-01 -0.5440415E-01 -0.5440415E-01 -0.2860145E-01 -0.2860145E-01 0.1467711E-01 0.1467711E-01 0.4145080E-01 0.4304533E-01 0.4304533E-01 0.2580576E-02 0.2580576E-02 0.9414417E-02 0.9414417E-02 0.9414417E-02 0.1108336E-01 0.1108336E-01 0.8751382E-02 0.8751382E-02 0.4820311E-02 0.4820311E-02 0.9323364E-03 0.9323364E-03 -0.2036595E-02 -0.2036595E-02 -0.2036595E-02
-0.3301582E-02 -0.3301582E-02 -0.6851038E-02 -0.6995045E-02 -0.6882897E-02 -0.6882897E-02 -0.6820118E-02 -0.6797395E-02 -0.6797395E-02 -0.6811964E-02 -0.6811964E-02 -0.6816219E-02 -0.6813650E-02 -0.6809077E-02 -0.6803397E-02 -0.6803397E-02 -0.2234157E-01 -0.3475496E-01 -0.5299832E-01 -0.7797489E-01 -0.1094594 -0.1466153 -0.1882574 -0.2330057 -0.2793565 -0.3256920 -0.3706357 -0.4112851 -0.4451187 -0.4667338 -0.4667338 -0.3742659 -0.2907323 -0.1783521 -0.1406376 -0.1406376 -0.6660032E-01 -0.6660032E-01 0.3351612E-01 0.3351612E-01 0.8668736E-01 0.1362692 0.1362692 0.7694337E-01 0.7694337E-01 0.2690939E-01 0.2690939E-01 0.2690939E-01 0.1615621E-01 0.1615621E-01 0.7970162E-02 0.7970162E-02 0.6951432E-03 0.6951432E-03 -0.5055123E-02 -0.5055123E-02 -0.8737052E-02 -0.8737052E-02 -0.8737052E-02
-0.2601967E-02 -0.2601967E-02 -0.5364847E-02 -0.5669159E-02 -0.5545557E-02 -0.5545557E-02 -0.5467857E-02 -0.5433294E-02 -0.5433294E-02 -0.5449038E-02 -0.5449038E-02 -0.5455648E-02 -0.5454043E-02 -0.5450514E-02 -0.5445990E-02 -0.5445990E-02 -0.2132857E-01 -0.3669658E-01 -0.5794995E-01 -0.8550618E-01 -0.1192133 -0.1585246 -0.2026291 -0.2505375 -0.3011189 -0.3530796 -0.4052514 -0.4549328 -0.4988387 -0.5301342 -0.5301342 -0.4754918 -0.4108877 -0.2933624 -0.2373311 -0.2373311 -0.1043266 -0.1043266 0.5680440E-01 0.5680440E-01 0.1294508 0.2080675 0.2080675 0.1588331 0.1588331 0.5463595E-01 0.5463595E-01 0.5463595E-01 0.2324307E-01 0.2324307E-01 0.5080468E-02 0.5080468E-02 -0.6928191E-02 -0.6928191E-02 -0.1475349E-01 -0.1475349E-01 -0.1871835E-01 -0.1871835E-01 -0.1871835E-01
-0.1925687E-02 -0.1925687E-02 -0.3955153E-02 -0.4296866E-02 -0.4184296E-02 -0.4184296E-02 -0.4108036E-02 -0.4070926E-02 -0.4070926E-02 -0.4085603E-02 -0.4085603E-02 -0.4092426E-02 -0.4091142E-02 -0.4088405E-02 -0.4084598E-02 -0.4084598E-02 -0.2136735E-01 -0.4004365E-01 -0.6492336E-01 -0.9570247E-01 -0.1320386 -0.1734754 -0.2194258 -0.2691809 -0.3219162 -0.3766638 -0.4325053 -0.4873237 -0.5379655 -0.5778183 -0.5778183 -0.5548570 -0.5102861 -0.3937104 -0.3175994 -0.3175994 -0.1202013 -0.1202013 0.8337899E-01 0.8337899E-01 0.1613681 0.2463202 0.2463202 0.2181841 0.2181841 0.8729808E-01 0.8729808E-01 0.8729808E-01 0.3415925E-01 0.3415925E-01 0.3422350E-02 0.3422350E-02 -0.1484316E-01 -0.1484316E-01 -0.2523094E-01 -0.2523094E-01 -0.2935275E-01 -0.2935275E-01 -0.2935275E-01
-0.1270581E-02 -0.1270581E-02 -0.2604028E-02 -0.2886926E-02 -0.2802591E-02 -0.2802591E-02 -0.2742665E-02 -0.2711832E-02 -0.2711832E-02 -0.2723061E-02 -0.2723061E-02 -0.2728505E-02 -0.2727796E-02 -0.2725709E-02 -0.2723039E-02 -0.2723039E-02 -0.2291932E-01 -0.4551060E-01 -0.7474235E-01 -0.1095354 -0.1492037 -0.1932439 -0.2411929 -0.2925527 -0.3467480 -0.4030825 -0.4608540 -0.5184966 -0.5733066 -0.6194376 -0.6194376 -0.6196000 -0.5914326 -0.4647722 -0.3597714 -0.3597714 -0.1051610 -0.1051610 0.1049266 0.1049266 0.1756026 0.2539140 0.2539140 0.2465157 0.2465157 0.1187526 0.1187526 0.1187526 0.4866220E-01 0.4866220E-01 0.4689053E-02 0.4689053E-02 -0.2113345E-01 -0.2113345E-01 -0.3476143E-01 -0.3476143E-01 -0.3916879E-01 -0.3916879E-01 -0.3916879E-01
-0.6310417E-03 -0.6310417E-03 -0.1292277E-02 -0.1450331E-02 -0.1405445E-02 -0.1405445E-02 -0.1372603E-02 -0.1355086E-02 -0.1355086E-02 -0.1361237E-02 -0.1361237E-02 -0.1364500E-02 -0.1364114E-02 -0.1362885E-02 -0.1361391E-02 -0.1361391E-02 -0.2653944E-01 -0.5397598E-01 -0.8843618E-01 -0.1281029 -0.1718784 -0.2191214 -0.2694204 -0.3224456 -0.3778510 -0.4351992 -0.4940037 -0.5531588 -0.6104676 -0.6608262 -0.6608262 -0.6762045 -0.6566100 -0.4902011 -0.3486469 -0.3486469 -0.7049583E-01 -0.7049583E-01 0.1126137 0.1126137 0.1707031 0.2393833 0.2393833 0.2479960 0.2479960 0.1429281 0.1429281 0.1429281 0.6460383E-01 0.6460383E-01 0.9225534E-02 0.9225534E-02 -0.2464178E-01 -0.2464178E-01 -0.4212596E-01 -0.4212596E-01 -0.4710162E-01 -0.4710162E-01 -0.4710162E-01
0.7007100E-07 0.7007100E-07 -0.9562743E-07 0.1210858E-06 0.2142346E-06 0.2142346E-06 0.1667758E-06 0.2092724E-06 0.2092724E-06 0.2567343E-07 0.2567343E-07 -0.8890607E-07 -0.2314458E-06 -0.5069037E-07 0.4788773E-07 0.4788773E-07 -0.3302386E-01 -0.6664522E-01 -0.1074382 -0.1529239 -0.2016013 -0.2526572 -0.3056905 -0.3605089 -0.4169845 -0.4749430 -0.5341420 -0.5938815 -0.6524321 -0.7050028 -0.7050028 -0.7273616 -0.7012520 -0.4540889 -0.2885058 -0.2885058 -0.3803723E-01 -0.3803723E-01 0.1046210 0.1046210 0.1512078 0.2118488 0.2118488 0.2310208 0.2310208 0.1556253 0.1556253 0.1556253 0.7865010E-01 0.7865010E-01 0.1612543E-01 0.1612543E-01 -0.2492745E-01 -0.2492745E-01 -0.4644332E-01 -0.4644332E-01 -0.5226034E-01 -0.5226034E-01 -0.5226034E-01
0.6311614E-03 0.6311614E-03 0.1292060E-02 0.1450520E-02 0.1405696E-02 0.1405696E-02 0.1372960E-02 0.1355391E-02 0.1355391E-02 0.1361259E-02 0.1361259E-02 0.1364341E-02 0.1363923E-02 0.1362761E-02 0.1361466E-02 0.1361466E-02 -0.4360536E-01 -0.8526234E-01 -0.1337875 -0.1861351 -0.2404841 -0.2958898 -0.3519692 -0.4086605 -0.4660460 -0.5242164 -0.5832003 -0.6426700 -0.7012100 -0.7530923 -0.7530923 -0.7694842 -0.7064417 -0.3623874 -0.2101916 -0.2101916 -0.2136585E-01 -0.2136585E-01 0.8593892E-01 0.8593892E-01 0.1241457 0.1783993 0.1783993 0.2032159 0.2032159 0.1555718 0.1555718 0.1555718 0.8751177E-01 0.8751177E-01 0.2358097E-01 0.2358097E-01 -0.2222756E-01 -0.2222756E-01 -0.4716155E-01 -0.4716155E-01 -0.5390305E-01 -0.5390305E-01 -0.5390305E-01
0.1270615E-02 0.1270615E-02 0.2603997E-02 0.2886953E-02 0.2802821E-02 0.2802821E-02 0.2743000E-02 0.2712001E-02 0.2712001E-02 0.2723098E-02 0.2723098E-02 0.2728590E-02 0.2727841E-02 0.2725694E-02 0.2722997E-02 0.2722997E-02 -0.6029192E-01 -0.1124799 -0.1704674 -0.2307871 -0.2914736 -0.3515811 -0.4108199 -0.4692907 -0.5272947 -0.5851861 -0.6432752 -0.7015558 -0.7584172 -0.8032691 -0.8032691 -0.7845255 -0.6365223 -0.2560469 -0.1478757 -0.1478757 -0.1897062E-01 -0.1897062E-01 0.6344008E-01 0.6344008E-01 0.9544162E-01 0.1434527 0.1434527 0.1698889 0.1698889 0.1439986 0.1439986 0.1439986 0.8902261E-01 0.8902261E-01 0.2947681E-01 0.2947681E-01 -0.1734440E-01 -0.1734440E-01 -0.4411526E-01 -0.4411526E-01 -0.5152435E-01 -0.5152435E-01 -0.5152435E-01
0.1925510E-02 0.1925510E-02 0.3955241E-02 0.4296837E-02 0.4184383E-02 0.4184383E-02 0.4108331E-02 0.4071151E-02 0.4071151E-02 0.4085712E-02 0.4085712E-02 0.4092501E-02 0.4091248E-02 0.4088400E-02 0.4084605E-02 0.4084605E-02 -0.8651789E-01 -0.1525317 -0.2220033 -0.2913468 -0.3587697 -0.4235682 -0.4857014 -0.5455178 -0.6035703 -0.6604792 -0.7168341 -0.7728007 -0.8247223 -0.8437816 -0.8437816 -0.7248947 -0.4764495 -0.1783522 -0.1111924 -0.1111924 -0.2220683E-01 -0.2220683E-01 0.4202091E-01 0.4202091E-01 0.6855383E-01 0.1093339 0.1093339 0.1343342 0.1343342 0.1234886 0.1234886 0.1234886 0.8262555E-01 0.8262555E-01 0.3207557E-01 0.3207557E-01 -0.1138466E-01 -0.1138466E-01 -0.3754028E-01 -0.3754028E-01 -0.4496189E-01 -0.4496189E-01 -0.4496189E-01
0.2601841E-02 0.2601841E-02 0.5365164E-02 0.5669239E-02 0.5545600E-02 0.5545600E-02 0.5467908E-02 0.5433452E-02 0.5433452E-02 0.5449038E-02 0.5449038E-02 0.5455558E-02 0.5454005E-02 0.5450702E-02 0.5446034E-02 0.5446034E-02 -0.1285097 -0.2125396 -0.2955741 -0.3746023 -0.4485573 -0.5173631 -0.5814717 -0.6416141 -0.6986551 -0.7534917 -0.8069789 -0.8588908 -0.8957941 -0.8288416 -0.8288416 -0.5395185 -0.2959211 -0.1324196 -0.9026816E-01 -0.9026816E-01 -0.2458133E-01 -0.2458133E-01 0.2403699E-01 0.2403699E-01 0.4509090E-01 0.7728309E-01 0.7728309E-01 0.9868392E-01 0.9868392E-01 0.9703825E-01 0.9703825E-01 0.9703825E-01 0.6927461E-01 0.6927461E-01 0.3056707E-01 0.3056707E-01 -0.5393980E-02 -0.5393980E-02 -0.2802491E-01 -0.2802491E-01 -0.3449876E-01 -0.3449876E-01 -0.3449876E-01
