cruce_test.gid/Rasters/Hydraulic/Velocity__x_313.0.asc
NCOLS        79
NROWS        79
XLLCENTER         -1.500000
YLLCENTER         -4.800000
CELLSIZE           0.100
NODATA_VALUE     -9999.0
[rows 0 to 25 of 79, columns 0 to 57 of 79]
-9999.000 -9999.000 -9999.000 -9999.000 -9999.000 -9999.000 -9999.000 -9999.000 -9999.000 -9999.000 -9999.000 -9999.000 -9999.000 -9999.000 -9999.000 0.1388663E-03 0.1813654E-02 0.5360948E-02 0.9091562E-02 0.1233776E-01 0.1487502E-01 0.1662658E-01 0.1759927E-01 0.1785690E-01 0.1746485E-01 0.1648921E-01 0.1496274E-01 0.1273723E-01 0.9077894E-02 0.4464269E-02 0.4464269E-02 -9999.000 -9999.000 -9999.000 -9999.000 -9999.000 -9999.000 -9999.000 -9999.000 -9999.000 -9999.000 -9999.000 -9999.000 -9999.000 -9999.000 -9999.000 -9999.000 -9999.000 -9999.000 -9999.000 -9999.000 -9999.000 -9999.000 -9999.000 -9999.000 -9999.000 -9999.000 -9999.000
-9999.000 -9999.000 -9999.000 -9999.000 -9999.000 -9999.000 -9999.000 -9999.000 -9999.000 -9999.000 -9999.000 -9999.000 -9999.000 -9999.000 -9999.000 0.1340878E-02 0.4217966E-02 0.8895838E-02 0.1366423E-01 0.1784474E-01 0.2115665E-01 0.2346728E-01 0.2473667E-01 0.2499318E-01 0.2428163E-01 0.2265905E-01 0.2016400E-01 0.1668576E-01 0.1161933E-01 0.5696951E-02 0.5696951E-02 -9999.000 -9999.000 -9999.000 -9999.000 -9999.000 -9999.000 -9999.000 -9999.000 -9999.000 -9999.000 -9999.000 -9999.000 -9999.000 -9999.000 -9999.000 -9999.000 -9999.000 -9999.000 -9999.000 -9999.000 -9999.000 -9999.000 -9999.000 -9999.000 -9999.000 -9999.000 -9999.000
-9999.000 -9999.000 -9999.000 -9999.000 -9999.000 -9999.000 -9999.000 -9999.000 -9999.000 -9999.000 -9999.000 -9999.000 -9999.000 -9999.000 -9999.000 0.1907424E-02 0.5419924E-02 0.1079534E-01 0.1620185E-01 0.2092725E-01 0.2466856E-01 0.2727435E-01 0.2869193E-01 0.2894222E-01 0.2806784E-01 0.2613105E-01 0.2318123E-01 0.1911898E-01 0.1333189E-01 0.6574708E-02 0.6574708E-02 -9999.000 -9999.000 -9999.000 -9999.000 -9999.000 -9999.000 -9999.000 -9999.000 -9999.000 -9999.000 -9999.000 -9999.000 -9999.000 -9999.000 -9999.000 -9999.000 -9999.000 -9999.000 -9999.000 -9999.000 -9999.000 -9999.000 -9999.000 -9999.000 -9999.000 -9999.000 -9999.000
-9999.000 -9999.000 -9999.000 -9999.000 -9999.000 -9999.000 -9999.000 -9999.000 -9999.000 -9999.000 -9999.000 -9999.000 -9999.000 -9999.000 -9999.000 0.2249750E-02 0.6156597E-02 0.1197638E-01 0.1779558E-01 0.2287595E-01 0.2689994E-01 0.2970602E-01 0.3123494E-01 0.3150568E-01 0.3056061E-01 0.2846512E-01 0.2527336E-01 0.2088382E-01 0.1465195E-01 0.7281795E-02 0.7281795E-02 -9999.000 -9999.000 -9999.000 -9999.000 -9999.000 -9999.000 -9999.000 -9999.000 -9999.000 -9999.000 -9999.000 -9999.000 -9999.000 -9999.000 -9999.000 -9999.000 -9999.000 -9999.000 -9999.000 -9999.000 -9999.000 -9999.000 -9999.000 -9999.000 -9999.000 -9999.000 -9999.000
-9999.000 -9999.000 -9999.000 -9999.000 -9999.000 -9999.000 -9999.000 -9999.000 -9999.000 -9999.000 -9999.000 -9999.000 -9999.000 -9999.000 -9999.000 0.2505190E-02 0.6708020E-02 0.1286346E-01 0.1899643E-01 0.2434828E-01 0.2859296E-01 0.3156158E-01 0.3319199E-01 0.3350267E-01 0.3253524E-01 0.3035727E-01 0.2702433E-01 0.2242608E-01 0.1587058E-01 0.7959303E-02 0.7959303E-02 -9999.000 -9999.000 -9999.000 -9999.000 -9999.000 -9999.000 -9999.000 -9999.000 -9999.000 -9999.000 -9999.000 -9999.000 -9999.000 -9999.000 -9999.000 -9999.000 -9999.000 -9999.000 -9999.000 -9999.000 -9999.000 -9999.000 -9999.000 -9999.000 -9999.000 -9999.000 -9999.000
-9999.000 -9999.000 -9999.000 -9999.000 -9999.000 -9999.000 -9999.000 -9999.000 -9999.000 -9999.000 -9999.000 -9999.000 -9999.000 -9999.000 -9999.000 0.2736282E-02 0.7204851E-02 0.1365782E-01 0.2006797E-01 0.2566064E-01 0.3010398E-01 0.3322412E-01 0.3495721E-01 0.3532281E-01 0.3436173E-01 0.3214278E-01 0.2872174E-01 0.2397418E-01 0.1714628E-01 0.8687879E-02 0.8687879E-02 -9999.000 -9999.000 -9999.000 -9999.000 -9999.000 -9999.000 -9999.000 -9999.000 -9999.000 -9999.000 -9999.000 -9999.000 -9999.000 -9999.000 -9999.000 -9999.000 -9999.000 -9999.000 -9999.000 -9999.000 -9999.000 -9999.000 -9999.000 -9999.000 -9999.000 -9999.000 -9999.000
-9999.000 -9999.000 -9999.000 -9999.000 -9999.000 -9999.000 -9999.000 -9999.000 -9999.000 -9999.000 -9999.000 -9999.000 -9999.000 -9999.000 -9999.000 0.2973643E-02 0.7710866E-02 0.1445794E-01 0.2113944E-01 0.2696756E-01 0.3160746E-01 0.3488166E-01 0.3672633E-01 0.3716185E-01 0.3622882E-01 0.3399728E-01 0.3052177E-01 0.2565921E-01 0.1857931E-01 0.9523130E-02 0.9523130E-02 -9999.000 -9999.000 -9999.000 -9999.000 -9999.000 -9999.000 -9999.000 -9999.000 -9999.000 -9999.000 -9999.000 -9999.000 -9999.000 -9999.000 -9999.000 -9999.000 -9999.000 -9999.000 -9999.000 -9999.000 -9999.000 -9999.000 -9999.000 -9999.000 -9999.000 -9999.000 -9999.000
-9999.000 -9999.000 -9999.000 -9999.000 -9999.000 -9999.000 -9999.000 -9999.000 -9999.000 -9999.000 -9999.000 -9999.000 -9999.000 -9999.000 -9999.000 0.3233784E-02 0.8259657E-02 0.1531591E-01 0.2227905E-01 0.2835146E-01 0.3319767E-01 0.3663721E-01 0.3860725E-01 0.3913071E-01 0.3824742E-01 0.3602877E-01 0.3252715E-01 0.2757643E-01 0.2025257E-01 0.1051445E-01 0.1051445E-01 -9999.000 -9999.000 -9999.000 -9999.000 -9999.000 -9999.000 -9999.000 -9999.000 -9999.000 -9999.000 -9999.000 -9999.000 -9999.000 -9999.000 -9999.000 -9999.000 -9999.000 -9999.000 -9999.000 -9999.000 -9999.000 -9999.000 -9999.000 -9999.000 -9999.000 -9999.000 -9999.000
-9999.000 -9999.000 -9999.000 -9999.000 -9999.000 -9999.000 -9999.000 -9999.000 -9999.000 -9999.000 -9999.000 -9999.000 -9999.000 -9999.000 -9999.000 0.3526567E-02 0.8872586E-02 0.1626437E-01 0.2353032E-01 0.2986474E-01 0.3493465E-01 0.3855812E-01 0.4067376E-01 0.4130819E-01 0.4050043E-01 0.3832349E-01 0.3482726E-01 0.2981670E-01 0.2225407E-01 0.1171823E-01 0.1171823E-01 -9999.000 -9999.000 -9999.000 -9999.000 -9999.000 -9999.000 -9999.000 -9999.000 -9999.000 -9999.000 -9999.000 -9999.000 -9999.000 -9999.000 -9999.000 -9999.000 -9999.000 -9999.000 -9999.000 -9999.000 -9999.000 -9999.000 -9999.000 -9999.000 -9999.000 -9999.000 -9999.000
-9999.000 -9999.000 -9999.000 -9999.000 -9999.000 -9999.000 -9999.000 -9999.000 -9999.000 -9999.000 -9999.000 -9999.000 -9999.000 -9999.000 -9999.000 0.3860538E-02 0.9567043E-02 0.1733085E-01 0.2492918E-01 0.3155232E-01 0.3687167E-01 0.4070459E-01 0.4299298E-01 0.4376847E-01 0.4306937E-01 0.4097120E-01 0.3752056E-01 0.3248705E-01 0.2469470E-01 0.1320756E-01 0.1320756E-01 -9999.000 -9999.000 -9999.000 -9999.000 -9999.000 -9999.000 -9999.000 -9999.000 -9999.000 -9999.000 -9999.000 -9999.000 -9999.000 -9999.000 -9999.000 -9999.000 -9999.000 -9999.000 -9999.000 -9999.000 -9999.000 -9999.000 -9999.000 -9999.000 -9999.000 -9999.000 -9999.000
-9999.000 -9999.000 -9999.000 -9999.000 -9999.000 -9999.000 -9999.000 -9999.000 -9999.000 -9999.000 -9999.000 -9999.000 -9999.000 -9999.000 -9999.000 0.4244406E-02 0.1036215E-01 0.1854535E-01 0.2651598E-01 0.3346320E-01 0.3906666E-01 0.4314378E-01 0.4564224E-01 0.4660000E-01 0.4605440E-01 0.4408509E-01 0.4073497E-01 0.3573082E-01 0.2772863E-01 0.1508575E-01 0.1508575E-01 -9999.000 -9999.000 -9999.000 -9999.000 -9999.000 -9999.000 -9999.000 -9999.000 -9999.000 -9999.000 -9999.000 -9999.000 -9999.000 -9999.000 -9999.000 -9999.000 -9999.000 -9999.000 -9999.000 -9999.000 -9999.000 -9999.000 -9999.000 -9999.000 -9999.000 -9999.000 -9999.000
-9999.000 -9999.000 -9999.000 -9999.000 -9999.000 -9999.000 -9999.000 -9999.000 -9999.000 -9999.000 -9999.000 -9999.000 -9999.000 -9999.000 -9999.000 0.4689270E-02 0.1128185E-01 0.1994573E-01 0.2834191E-01 0.3566143E-01 0.4159620E-01 0.4596580E-01 0.4872555E-01 0.4992194E-01 0.4959239E-01 0.4782214E-01 0.4465134E-01 0.3975375E-01 0.3158072E-01 0.1750488E-01 0.1750488E-01 -9999.000 -9999.000 -9999.000 -9999.000 -9999.000 -9999.000 -9999.000 -9999.000 -9999.000 -9999.000 -9999.000 -9999.000 -9999.000 -9999.000 -9999.000 -9999.000 -9999.000 -9999.000 -9999.000 -9999.000 -9999.000 -9999.000 -9999.000 -9999.000 -9999.000 -9999.000 -9999.000
-9999.000 -9999.000 -9999.000 -9999.000 -9999.000 -9999.000 -9999.000 -9999.000 -9999.000 -9999.000 -9999.000 -9999.000 -9999.000 -9999.000 -9999.000 0.5211892E-02 0.1236130E-01 0.2158819E-01 0.3048248E-01 0.3824161E-01 0.4457377E-01 0.4930254E-01 0.5239522E-01 0.5390965E-01 0.5388496E-01 0.5241525E-01 0.4953839E-01 0.4486492E-01 0.3659413E-01 0.2069845E-01 0.2069845E-01 -9999.000 -9999.000 -9999.000 -9999.000 -9999.000 -9999.000 -9999.000 -9999.000 -9999.000 -9999.000 -9999.000 -9999.000 -9999.000 -9999.000 -9999.000 -9999.000 -9999.000 -9999.000 -9999.000 -9999.000 -9999.000 -9999.000 -9999.000 -9999.000 -9999.000 -9999.000 -9999.000
-9999.000 -9999.000 -9999.000 -9999.000 -9999.000 -9999.000 -9999.000 -9999.000 -9999.000 -9999.000 -9999.000 -9999.000 -9999.000 -9999.000 -9999.000 0.6043689E-02 0.1405514E-01 0.2410282E-01 0.3357698E-01 0.4183467E-01 0.4860321E-01 0.5372495E-01 0.5719279E-01 0.5908563E-01 0.5944854E-01 0.5839083E-01 0.5594888E-01 0.5165524E-01 0.4339550E-01 0.2510075E-01 0.2510075E-01 -9999.000 -9999.000 -9999.000 -9999.000 -9999.000 -9999.000 -9999.000 -9999.000 -9999.000 -9999.000 -9999.000 -9999.000 -9999.000 -9999.000 -9999.000 -9999.000 -9999.000 -9999.000 -9999.000 -9999.000 -9999.000 -9999.000 -9999.000 -9999.000 -9999.000 -9999.000 -9999.000
-9999.000 -9999.000 -9999.000 -9999.000 -9999.000 -9999.000 -9999.000 -9999.000 -9999.000 -9999.000 -9999.000 -9999.000 -9999.000 -9999.000 -9999.000 0.5111700E-01 0.7725617E-01 0.8810069E-01 0.8504504E-01 0.8399310E-01 0.8208978E-01 0.7949322E-01 0.7644830E-01 0.7304497E-01 0.6929025E-01 0.6521410E-01 0.6069949E-01 0.5504462E-01 0.4575622E-01 0.2281925E-01 0.2281925E-01 -9999.000 -9999.000 -9999.000 -9999.000 -9999.000 -9999.000 -9999.000 -9999.000 -9999.000 -9999.000 -9999.000 -9999.000 -9999.000 -9999.000 -9999.000 -9999.000 -9999.000 -9999.000 -9999.000 -9999.000 -9999.000 -9999.000 -9999.000 -9999.000 -9999.000 -9999.000 -9999.000
2.739301 2.739301 2.731147 2.757160 2.775724 2.775724 2.779016 2.780210 2.780210 2.777824 2.777824 2.772844 2.769617 2.766004 2.762201 2.762201 2.860461 2.863331 2.860010 2.835470 2.791309 2.726300 2.638114 2.528862 2.399813 2.252787 2.092211 1.928375 1.787300 1.735757 1.735757 2.587629 2.760450 2.853765 2.875663 2.875663 2.901296 2.901296 2.870327 2.870327 2.818478 2.617145 2.617145 2.156312 2.156312 1.963364 1.963364 1.963364 1.965418 1.965418 2.004214 2.004214 2.053493 2.053493 2.102578 2.102578 2.145175 2.145175
2.760548 2.760548 2.757271 2.808985 2.834402 2.834402 2.849432 2.872866 2.872866 2.892215 2.892215 2.908793 2.916286 2.923348 2.930163 2.930163 3.004067 3.019250 3.032441 3.040447 3.042998 3.038186 3.022934 2.995097 2.952322 2.892538 2.814938 2.721244 2.618797 2.552148 2.552148 3.013206 3.173267 3.322694 3.361972 3.361972 3.403837 3.403837 3.397391 3.397391 3.370841 3.255629 3.255629 3.004194 3.004194 2.782824 2.782824 2.782824 2.784259 2.784259 2.824935 2.824935 2.877303 2.877303 2.929087 2.929087 2.975003 2.975003
2.764879 2.764879 2.760252 2.810622 2.834032 2.834032 2.849795 2.874123 2.874123 2.894065 2.894065 2.911290 2.919152 2.926610 2.933867 2.933867 3.001178 3.026815 3.050662 3.070811 3.086823 3.098087 3.103371 3.101680 3.091646 3.071553 3.039901 2.996465 2.944752 2.910244 2.910244 3.179852 3.335737 3.512022 3.561921 3.561921 3.609694 3.609694 3.593058 3.593058 3.559937 3.454054 3.454054 3.288583 3.288583 3.079989 3.079989 3.079989 3.065506 3.065506 3.095470 3.095470 3.140003 3.140003 3.185663 3.185663 3.226894 3.226894
2.767443 2.767443 2.764504 2.811256 2.833240 2.833240 2.849380 2.874150 2.874150 2.894114 2.894114 2.911320 2.919183 2.926647 2.933946 2.933946 2.998101 3.032888 3.066445 3.096136 3.120890 3.140186 3.153480 3.160511 3.160988 3.154393 3.140156 3.118258 3.090941 3.074504 3.074504 3.241061 3.380664 3.565683 3.620966 3.620966 3.664828 3.664828 3.627207 3.627207 3.586130 3.494281 3.494281 3.392625 3.392625 3.222589 3.222589 3.222589 3.192560 3.192560 3.209896 3.209896 3.246943 3.246943 3.288204 3.288204 3.326433 3.326433
2.768083 2.768083 2.770147 2.812149 2.833367 2.833367 2.849840 2.875042 2.875042 2.895024 2.895024 2.912199 2.920056 2.927518 2.934870 2.934870 2.999674 3.042649 3.085107 3.123510 3.156243 3.182574 3.202075 3.214624 3.220271 3.219083 3.211179 3.197073 3.178805 3.167589 3.167589 3.271636 3.388213 3.564176 3.615171 3.615171 3.635004 3.635004 3.572546 3.572546 3.532799 3.473779 3.473779 3.428186 3.428186 3.310672 3.310672 3.310672 3.270916 3.270916 3.273813 3.273813 3.300988 3.300988 3.336446 3.336446 3.370930 3.370930
2.766564 2.766564 2.776851 2.812311 2.832958 2.832958 2.849590 2.875086 2.875086 2.895082 2.895082 2.912230 2.920082 2.927546 2.934979 2.934979 3.005148 3.055878 3.106457 3.152704 3.192681 3.225507 3.250749 3.268282 3.278193 3.280690 3.276119 3.265190 3.249767 3.237845 3.237845 3.299444 3.389113 3.535221 3.567194 3.567194 3.541624 3.541624 3.471187 3.471187 3.447963 3.434920 3.434920 3.434970 3.434970 3.371602 3.371602 3.371602 3.331602 3.331602 3.321912 3.321912 3.337274 3.337274 3.364661 3.364661 3.393646 3.393646
2.766634 2.766634 2.779725 2.812266 2.832654 2.832654 2.849405 2.875104 2.875104 2.895107 2.895107 2.912235 2.920083 2.927545 2.935092 2.935092 3.016195 3.074694 3.132663 3.185717 3.231881 3.270266 3.300482 3.322417 3.336142 3.341862 3.339928 3.330996 3.316593 3.302297 3.302297 3.333557 3.393955 3.481774 3.475243 3.475243 3.401295 3.401295 3.358764 3.358764 3.362449 3.394210 3.394210 3.427643 3.427643 3.412334 3.412334 3.412334 3.381188 3.381188 3.364145 3.364145 3.367784 3.367784 3.385228 3.385228 3.406753 3.406753
2.766673 2.766673 2.780652 2.812249 2.832554 2.832554 2.849343 2.875110 2.875110 2.895117 2.895117 2.912237 2.920084 2.927544 2.935252 2.935252 3.033930 3.100548 3.165265 3.224028 3.275121 3.317849 3.351958 3.377413 3.394302 3.402808 3.403214 3.396030 3.382361 3.365700 3.365700 3.374230 3.401786 3.388274 3.328897 3.328897 3.243779 3.243779 3.261355 3.261355 3.290839 3.356162 3.356162 3.412418 3.412418 3.436281 3.436281 3.436281 3.419847 3.419847 3.401975 3.401975 3.396235 3.396235 3.402950 3.402950 3.415283 3.415283
2.766635 2.766635 2.779725 2.812266 2.832655 2.832655 2.849405 2.875104 2.875104 2.895108 2.895108 2.912236 2.920084 2.927545 2.935477 2.935477 3.059874 3.135116 3.205917 3.269136 3.323671 3.369227 3.405822 3.433582 3.452672 3.463270 3.465592 3.459981 3.447053 3.428082 3.428082 3.416565 3.400159 3.231079 3.134503 3.134503 3.105881 3.105881 3.186824 3.186824 3.233709 3.320307 3.320307 3.392000 3.392000 3.446266 3.446266 3.446266 3.446596 3.446596 3.433524 3.433524 3.422237 3.422237 3.418807 3.418807 3.420842 3.420842
2.766564 2.766564 2.776851 2.812310 2.832958 2.832958 2.849591 2.875086 2.875086 2.895082 2.895082 2.912230 2.920083 2.927546 2.935793 2.935793 3.096229 3.180487 3.256460 3.322580 3.378739 3.425278 3.462623 3.491153 3.511159 3.522857 3.526415 3.522007 3.509569 3.486773 3.486773 3.448292 3.356964 3.009759 2.934853 2.934853 3.006024 3.006024 3.127798 3.127798 3.184279 3.283884 3.283884 3.366539 3.366539 3.443864 3.443864 3.443864 3.460159 3.460159 3.455376 3.455376 3.442624 3.442624 3.430839 3.430839 3.422383 3.422383
2.768083 2.768083 2.770146 2.812148 2.833368 2.833368 2.849840 2.875042 2.875042 2.895025 2.895025 2.912199 2.920057 2.927519 2.936203 2.936203 3.146266 3.239383 3.318994 3.385882 3.441352 3.486616 3.522629 3.550085 3.569443 3.580979 3.584837 3.580986 3.567912 3.534158 3.534158 3.437315 3.213991 2.778316 2.784354 2.784354 2.934059 2.934059 3.074791 3.074791 3.136349 3.244369 3.244369 3.335105 3.335105 3.429462 3.429462 3.429462 3.459300 3.459300 3.463950 3.463950 3.452791 3.452791 3.435063 3.435063 3.416861 3.416861
