cruce_test.gid/Rasters/Hydraulic/Velocity__x_102.0.asc
NCOLS        79
NROWS        79
XLLCENTER         -1.500000
YLLCENTER         -4.800000
CELLSIZE           0.100
NODATA_VALUE     -9999.0
[rows 0 to 25 of 79, columns 0 to 57 of 79]
-9999.000 -9999.000 -9999.000 -9999.000 -9999.000 -9999.000 -9999.000 -9999.000 -9999.000 -9999.000 -9999.000 -9999.000 -9999.000 -9999.000 -9999.000 0.4059005E-04 0.9378685E-03 0.2673097E-02 0.4288567E-02 0.5725741E-02 0.7002272E-02 0.8148001E-02 0.9182281E-02 0.1009163E-01 0.1080194E-01 0.1114213E-01 0.1078999E-01 0.9192761E-02 0.5523721E-02 0.1999835E-02 0.1999835E-02 -9999.000 -9999.000 -9999.000 -9999.000 -9999.000 -9999.000 -9999.000 -9999.000 -9999.000 -9999.000 -9999.000 -9999.000 -9999.000 -9999.000 -9999.000 -9999.000 -9999.000 -9999.000 -9999.000 -9999.000 -9999.000 -9999.000 -9999.000 -9999.000 -9999.000 -9999.000 -9999.000
-9999.000 -9999.000 -9999.000 -9999.000 -9999.000 -9999.000 -9999.000 -9999.000 -9999.000 -9999.000 -9999.000 -9999.000 -9999.000 -9999.000 -9999.000 0.8291764E-03 0.2676921E-02 0.5507875E-02 0.8215930E-02 0.1068447E-01 0.1288052E-01 0.1478831E-01 0.1638086E-01 0.1759316E-01 0.1829265E-01 0.1824591E-01 0.1708085E-01 0.1424031E-01 0.8996277E-02 0.3750679E-02 0.3750679E-02 -9999.000 -9999.000 -9999.000 -9999.000 -9999.000 -9999.000 -9999.000 -9999.000 -9999.000 -9999.000 -9999.000 -9999.000 -9999.000 -9999.000 -9999.000 -9999.000 -9999.000 -9999.000 -9999.000 -9999.000 -9999.000 -9999.000 -9999.000 -9999.000 -9999.000 -9999.000 -9999.000
-9999.000 -9999.000 -9999.000 -9999.000 -9999.000 -9999.000 -9999.000 -9999.000 -9999.000 -9999.000 -9999.000 -9999.000 -9999.000 -9999.000 -9999.000 0.1478725E-02 0.4126735E-02 0.7897446E-02 0.1149268E-01 0.1476450E-01 0.1765242E-01 0.2011393E-01 0.2209550E-01 0.2350439E-01 0.2417836E-01 0.2385272E-01 0.2212103E-01 0.1838655E-01 0.1187028E-01 0.5176608E-02 0.5176608E-02 -9999.000 -9999.000 -9999.000 -9999.000 -9999.000 -9999.000 -9999.000 -9999.000 -9999.000 -9999.000 -9999.000 -9999.000 -9999.000 -9999.000 -9999.000 -9999.000 -9999.000 -9999.000 -9999.000 -9999.000 -9999.000 -9999.000 -9999.000 -9999.000 -9999.000 -9999.000 -9999.000
-9999.000 -9999.000 -9999.000 -9999.000 -9999.000 -9999.000 -9999.000 -9999.000 -9999.000 -9999.000 -9999.000 -9999.000 -9999.000 -9999.000 -9999.000 0.2027029E-02 0.5346472E-02 0.9901392E-02 0.1423205E-01 0.1816577E-01 0.2162296E-01 0.2454463E-01 0.2686105E-01 0.2846207E-01 0.2916356E-01 0.2867183E-01 0.2653982E-01 0.2211054E-01 0.1451499E-01 0.6504380E-02 0.6504380E-02 -9999.000 -9999.000 -9999.000 -9999.000 -9999.000 -9999.000 -9999.000 -9999.000 -9999.000 -9999.000 -9999.000 -9999.000 -9999.000 -9999.000 -9999.000 -9999.000 -9999.000 -9999.000 -9999.000 -9999.000 -9999.000 -9999.000 -9999.000 -9999.000 -9999.000 -9999.000 -9999.000
-9999.000 -9999.000 -9999.000 -9999.000 -9999.000 -9999.000 -9999.000 -9999.000 -9999.000 -9999.000 -9999.000 -9999.000 -9999.000 -9999.000 -9999.000 0.2513754E-02 0.6421439E-02 0.1165661E-01 0.1662792E-01 0.2114372E-01 0.2511078E-01 0.2845903E-01 0.3110759E-01 0.3293246E-01 0.3372898E-01 0.3317055E-01 0.3075935E-01 0.2575846E-01 0.1717337E-01 0.7859120E-02 0.7859120E-02 -9999.000 -9999.000 -9999.000 -9999.000 -9999.000 -9999.000 -9999.000 -9999.000 -9999.000 -9999.000 -9999.000 -9999.000 -9999.000 -9999.000 -9999.000 -9999.000 -9999.000 -9999.000 -9999.000 -9999.000 -9999.000 -9999.000 -9999.000 -9999.000 -9999.000 -9999.000 -9999.000
-9999.000 -9999.000 -9999.000 -9999.000 -9999.000 -9999.000 -9999.000 -9999.000 -9999.000 -9999.000 -9999.000 -9999.000 -9999.000 -9999.000 -9999.000 0.2975396E-02 0.7429487E-02 0.1328745E-01 0.1884955E-01 0.2391052E-01 0.2836738E-01 0.3214240E-01 0.3514702E-01 0.3724428E-01 0.3820771E-01 0.3767222E-01 0.3507679E-01 0.2958310E-01 0.2003064E-01 0.9337275E-02 0.9337275E-02 -9999.000 -9999.000 -9999.000 -9999.000 -9999.000 -9999.000 -9999.000 -9999.000 -9999.000 -9999.000 -9999.000 -9999.000 -9999.000 -9999.000 -9999.000 -9999.000 -9999.000 -9999.000 -9999.000 -9999.000 -9999.000 -9999.000 -9999.000 -9999.000 -9999.000 -9999.000 -9999.000
-9999.000 -9999.000 -9999.000 -9999.000 -9999.000 -9999.000 -9999.000 -9999.000 -9999.000 -9999.000 -9999.000 -9999.000 -9999.000 -9999.000 -9999.000 0.3442091E-02 0.8434949E-02 0.1489519E-01 0.2103270E-01 0.2663348E-01 0.3158804E-01 0.3581386E-01 0.3921655E-01 0.4164756E-01 0.4285587E-01 0.4243181E-01 0.3973696E-01 0.3380549E-01 0.2326114E-01 0.1103397E-01 0.1103397E-01 -9999.000 -9999.000 -9999.000 -9999.000 -9999.000 -9999.000 -9999.000 -9999.000 -9999.000 -9999.000 -9999.000 -9999.000 -9999.000 -9999.000 -9999.000 -9999.000 -9999.000 -9999.000 -9999.000 -9999.000 -9999.000 -9999.000 -9999.000 -9999.000 -9999.000 -9999.000 -9999.000
-9999.000 -9999.000 -9999.000 -9999.000 -9999.000 -9999.000 -9999.000 -9999.000 -9999.000 -9999.000 -9999.000 -9999.000 -9999.000 -9999.000 -9999.000 0.3939256E-02 0.9491521E-02 0.1656386E-01 0.2328945E-01 0.2945079E-01 0.3493435E-01 0.3965561E-01 0.4351664E-01 0.4635806E-01 0.4790238E-01 0.4768728E-01 0.4498079E-01 0.3865812E-01 0.2706307E-01 0.1306231E-01 0.1306231E-01 -9999.000 -9999.000 -9999.000 -9999.000 -9999.000 -9999.000 -9999.000 -9999.000 -9999.000 -9999.000 -9999.000 -9999.000 -9999.000 -9999.000 -9999.000 -9999.000 -9999.000 -9999.000 -9999.000 -9999.000 -9999.000 -9999.000 -9999.000 -9999.000 -9999.000 -9999.000 -9999.000
-9999.000 -9999.000 -9999.000 -9999.000 -9999.000 -9999.000 -9999.000 -9999.000 -9999.000 -9999.000 -9999.000 -9999.000 -9999.000 -9999.000 -9999.000 0.4489501E-02 0.1064693E-01 0.1836901E-01 0.2572178E-01 0.3248923E-01 0.3855666E-01 0.4384049E-01 0.4824214E-01 0.5159274E-01 0.5358628E-01 0.5369934E-01 0.5108692E-01 0.4442570E-01 0.3169528E-01 0.1557621E-01 0.1557621E-01 -9999.000 -9999.000 -9999.000 -9999.000 -9999.000 -9999.000 -9999.000 -9999.000 -9999.000 -9999.000 -9999.000 -9999.000 -9999.000 -9999.000 -9999.000 -9999.000 -9999.000 -9999.000 -9999.000 -9999.000 -9999.000 -9999.000 -9999.000 -9999.000 -9999.000 -9999.000 -9999.000
-9999.000 -9999.000 -9999.000 -9999.000 -9999.000 -9999.000 -9999.000 -9999.000 -9999.000 -9999.000 -9999.000 -9999.000 -9999.000 -9999.000 -9999.000 0.5115393E-02 0.1195010E-01 0.2038852E-01 0.2843572E-01 0.3588268E-01 0.4261665E-01 0.4855901E-01 0.5361394E-01 0.5760530E-01 0.6019709E-01 0.6079552E-01 0.5841935E-01 0.5149683E-01 0.3753018E-01 0.1880362E-01 0.1880362E-01 -9999.000 -9999.000 -9999.000 -9999.000 -9999.000 -9999.000 -9999.000 -9999.000 -9999.000 -9999.000 -9999.000 -9999.000 -9999.000 -9999.000 -9999.000 -9999.000 -9999.000 -9999.000 -9999.000 -9999.000 -9999.000 -9999.000 -9999.000 -9999.000 -9999.000 -9999.000 -9999.000
-9999.000 -9999.000 -9999.000 -9999.000 -9999.000 -9999.000 -9999.000 -9999.000 -9999.000 -9999.000 -9999.000 -9999.000 -9999.000 -9999.000 -9999.000 0.5843345E-02 0.1345768E-01 0.2271438E-01 0.3155874E-01 0.3979470E-01 0.4731601E-01 0.5405298E-01 0.5991826E-01 0.6473219E-01 0.6812825E-01 0.6943249E-01 0.6750029E-01 0.6044746E-01 0.4514484E-01 0.2310706E-01 0.2310706E-01 -9999.000 -9999.000 -9999.000 -9999.000 -9999.000 -9999.000 -9999.000 -9999.000 -9999.000 -9999.000 -9999.000 -9999.000 -9999.000 -9999.000 -9999.000 -9999.000 -9999.000 -9999.000 -9999.000 -9999.000 -9999.000 -9999.000 -9999.000 -9999.000 -9999.000 -9999.000 -9999.000
-9999.000 -9999.000 -9999.000 -9999.000 -9999.000 -9999.000 -9999.000 -9999.000 -9999.000 -9999.000 -9999.000 -9999.000 -9999.000 -9999.000 -9999.000 0.6708764E-02 0.1524692E-01 0.2547207E-01 0.3526611E-01 0.4445298E-01 0.5293833E-01 0.6066825E-01 0.6757064E-01 0.7346908E-01 0.7796830E-01 0.8030562E-01 0.7914103E-01 0.7219678E-01 0.5549869E-01 0.2910382E-01 0.2910382E-01 -9999.000 -9999.000 -9999.000 -9999.000 -9999.000 -9999.000 -9999.000 -9999.000 -9999.000 -9999.000 -9999.000 -9999.000 -9999.000 -9999.000 -9999.000 -9999.000 -9999.000 -9999.000 -9999.000 -9999.000 -9999.000 -9999.000 -9999.000 -9999.000 -9999.000 -9999.000 -9999.000
-9999.000 -9999.000 -9999.000 -9999.000 -9999.000 -9999.000 -9999.000 -9999.000 -9999.000 -9999.000 -9999.000 -9999.000 -9999.000 -9999.000 -9999.000 0.7766986E-02 0.1743736E-01 0.2885626E-01 0.3983059E-01 0.5021374E-01 0.5993075E-01 0.6895322E-01 0.7723575E-01 0.8461627E-01 0.9067795E-01 0.9456355E-01 0.9470440E-01 0.8832830E-01 0.7031802E-01 0.3792905E-01 0.3792905E-01 -9999.000 -9999.000 -9999.000 -9999.000 -9999.000 -9999.000 -9999.000 -9999.000 -9999.000 -9999.000 -9999.000 -9999.000 -9999.000 -9999.000 -9999.000 -9999.000 -9999.000 -9999.000 -9999.000 -9999.000 -9999.000 -9999.000 -9999.000 -9999.000 -9999.000 -9999.000 -9999.000
-9999.000 -9999.000 -9999.000 -9999.000 -9999.000 -9999.000 -9999.000 -9999.000 -9999.000 -9999.000 -9999.000 -9999.000 -9999.000 -9999.000 -9999.000 0.9211709E-02 0.2041455E-01 0.3344981E-01 0.4601189E-01 0.5799918E-01 0.6937330E-01 0.8015218E-01 0.9034108E-01 0.9981735E-01 0.1081648 0.1144433 0.1168351 0.1119622 0.9315392E-01 0.5202373E-01 0.5202373E-01 -9999.000 -9999.000 -9999.000 -9999.000 -9999.000 -9999.000 -9999.000 -9999.000 -9999.000 -9999.000 -9999.000 -9999.000 -9999.000 -9999.000 -9999.000 -9999.000 -9999.000 -9999.000 -9999.000 -9999.000 -9999.000 -9999.000 -9999.000 -9999.000 -9999.000 -9999.000 -9999.000
-9999.000 -9999.000 -9999.000 -9999.000 -9999.000 -9999.000 -9999.000 -9999.000 -9999.000 -9999.000 -9999.000 -9999.000 -9999.000 -9999.000 -9999.000 0.2433911E-01 0.4280797E-01 0.6168347E-01 0.7770881E-01 0.9159229E-01 0.1038826 0.1150293 0.1253457 0.1349185 0.1434570 0.1500528 0.1527499 0.1476101 0.1261160 0.6680479E-01 0.6680479E-01 -9999.000 -9999.000 -9999.000 -9999.000 -9999.000 -9999.000 -9999.000 -9999.000 -9999.000 -9999.000 -9999.000 -9999.000 -9999.000 -9999.000 -9999.000 -9999.000 -9999.000 -9999.000 -9999.000 -9999.000 -9999.000 -9999.000 -9999.000 -9999.000 -9999.000 -9999.000 -9999.000
1.873466 1.873466 1.938552 1.972349 1.980587 1.980587 1.986207 1.992541 1.992541 1.994918 1.994918 1.994936 1.994279 1.993249 1.899311 1.899311 1.545015 1.489736 1.424639 1.349247 1.264363 1.171555 1.073244 0.9729020 0.8752648 0.7865461 0.7148324 0.6714188 0.6757295 0.7575745 0.7575745 1.671412 1.864048 1.896655 1.864633 1.864633 1.772350 1.772350 1.513021 1.513021 1.235754 1.050116 1.050116 1.032848 1.032848 1.069914 1.069914 1.069914 1.120669 1.120669 1.167372 1.167372 1.207104 1.207104 1.249553 1.249553 1.275187 1.275187
1.889602 1.889602 1.960619 2.010006 2.026527 2.026527 2.040525 2.063658 2.063658 2.082741 2.082741 2.099330 2.106906 2.114073 2.079283 2.079283 1.795931 1.781687 1.761595 1.730982 1.688951 1.635207 1.570186 1.495316 1.413296 1.328575 1.248397 1.184943 1.160478 1.220648 1.220648 1.768267 1.940452 2.053052 2.067411 2.067411 2.045311 2.045311 1.927652 1.927652 1.744108 1.468758 1.468758 1.459306 1.459306 1.503727 1.503727 1.503727 1.555121 1.555121 1.603464 1.603464 1.633505 1.633505 1.684514 1.684514 1.716091 1.716091
1.893432 1.893432 1.962183 2.010528 2.027028 2.027028 2.041132 2.064650 2.064650 2.084208 2.084208 2.101336 2.109207 2.116688 2.098181 2.098181 1.838732 1.837979 1.839643 1.833503 1.818621 1.794449 1.760762 1.718062 1.667955 1.613436 1.559557 1.514977 1.496092 1.542952 1.542952 1.922225 2.078379 2.215867 2.243821 2.243821 2.241682 2.241682 2.163975 2.163975 2.059067 1.815898 1.815898 1.771270 1.771270 1.804297 1.804297 1.804297 1.847217 1.847217 1.886715 1.886715 1.918172 1.918172 1.954074 1.954074 1.979756 1.979756
1.896415 1.896415 1.963463 2.010723 2.027064 2.027064 2.041116 2.064645 2.064645 2.084226 2.084226 2.101361 2.109238 2.116724 2.107300 2.107300 1.869629 1.864697 1.875606 1.880122 1.877346 1.867269 1.849937 1.825824 1.796256 1.763542 1.731354 1.705711 1.697561 1.738206 1.738206 2.022458 2.156258 2.292376 2.321655 2.321655 2.324124 2.324124 2.268537 2.268537 2.207950 2.026161 2.026161 1.951007 1.951007 1.974716 1.974716 1.974716 2.012000 2.012000 2.046845 2.046845 2.075239 2.075239 2.104342 2.104342 2.126681 2.126681
1.898657 1.898657 1.964509 2.010889 2.027086 2.027086 2.041089 2.064626 2.064626 2.084223 2.084223 2.101357 2.109231 2.116715 2.113160 2.113160 1.910810 1.890942 1.906572 1.917133 1.920476 1.917049 1.907332 1.892056 1.872715 1.851757 1.832238 1.818633 1.818569 1.855713 1.855713 2.073198 2.188634 2.311461 2.335267 2.335267 2.333648 2.333648 2.298103 2.298103 2.267869 2.156991 2.156991 2.073283 2.073283 2.078332 2.078332 2.078332 2.110760 2.110760 2.142587 2.142587 2.169092 2.169092 2.194203 2.194203 2.213930 2.213930
1.900218 1.900218 1.965283 2.011017 2.027100 2.027100 2.041064 2.064610 2.064610 2.084222 2.084222 2.101354 2.109226 2.116707 2.116956 2.116956 1.958193 1.924284 1.940027 1.954526 1.962047 1.962488 1.956460 1.945029 1.930037 1.914013 1.900096 1.892376 1.896728 1.929442 1.929442 2.090132 2.188644 2.286517 2.300928 2.300928 2.298017 2.298017 2.288806 2.288806 2.281948 2.233449 2.233449 2.165869 2.165869 2.150476 2.150476 2.150476 2.175934 2.175934 2.204098 2.204098 2.228616 2.228616 2.250444 2.250444 2.267524 2.267524
1.901137 1.901137 1.965757 2.011097 2.027108 2.027108 2.041047 2.064599 2.064599 2.084220 2.084220 2.101352 2.109221 2.116702 2.119409 2.119409 2.006137 1.967161 1.978480 1.995113 2.005812 2.009084 2.005268 1.995497 1.981773 1.966848 1.954115 1.947590 1.951553 1.975005 1.975005 2.087800 2.162512 2.224301 2.231246 2.231246 2.240592 2.240592 2.262999 2.262999 2.274325 2.272323 2.272323 2.234474 2.234474 2.207489 2.207489 2.207489 2.224080 2.224080 2.247003 2.247003 2.268377 2.268377 2.286780 2.286780 2.300999 2.300999
1.901441 1.901441 1.965918 2.011124 2.027111 2.027111 2.041041 2.064595 2.064595 2.084221 2.084221 2.101352 2.109221 2.116702 2.120991 2.120991 2.051938 2.018044 2.024169 2.040581 2.053133 2.058402 2.056062 2.047014 2.033182 2.017392 2.003246 1.994780 1.994337 2.001829 2.001829 2.065582 2.106264 2.132300 2.141472 2.141472 2.178760 2.178760 2.231683 2.231683 2.256479 2.286438 2.286438 2.279674 2.279674 2.254689 2.254689 2.254689 2.262840 2.262840 2.279186 2.279186 2.295984 2.295984 2.310475 2.310475 2.321520 2.321520
1.901137 1.901137 1.965757 2.011097 2.027107 2.027107 2.041047 2.064599 2.064599 2.084221 2.084221 2.101352 2.109222 2.116702 2.122011 2.122011 2.095222 2.074568 2.078257 2.092571 2.105130 2.111175 2.109505 2.100554 2.085937 2.068343 2.051411 2.039060 2.030179 2.010023 2.010023 2.012538 2.012332 2.025639 2.049158 2.049158 2.121435 2.121435 2.198979 2.198979 2.233456 2.285042 2.285042 2.304238 2.304238 2.292367 2.292367 2.292367 2.295018 2.295018 2.304553 2.304553 2.315681 2.315681 2.325507 2.325507 2.332948 2.332948
1.900218 1.900218 1.965282 2.011016 2.027100 2.027100 2.041064 2.064610 2.064610 2.084222 2.084222 2.101354 2.109225 2.116707 2.122667 2.122667 2.137747 2.134988 2.140633 2.152354 2.162967 2.168056 2.165846 2.156208 2.140274 2.120378 2.099977 2.082421 2.058699 1.987402 1.987402 1.910834 1.882598 1.922711 1.965977 1.965977 2.070627 2.070627 2.166256 2.166256 2.207740 2.274194 2.274194 2.312818 2.312818 2.319465 2.319465 2.319465 2.320668 2.320668 2.324455 2.324455 2.329400 2.329400 2.333892 2.333892 2.337327 2.337327
1.898657 1.898657 1.964509 2.010889 2.027086 2.027086 2.041088 2.064626 2.064626 2.084224 2.084224 2.101358 2.109231 2.116714 2.123089 2.123089 2.182943 2.199224 2.210486 2.220340 2.227478 2.229605 2.225182 2.213707 2.195774 2.173181 2.148957 2.124720 2.070940 1.903606 1.903606 1.754680 1.745394 1.832236 1.889097 1.889097 2.023717 2.023717 2.132832 2.132832 2.179656 2.256754 2.256754 2.309360 2.309360 2.335015 2.335015 2.335015 2.338290 2.338290 2.338208 2.338208 2.337235 2.337235 2.336110 2.336110 2.335351 2.335351
