cruce_test.gid/Rasters/Hydraulic/Velocity____315.0.asc
NCOLS        79
NROWS        79
XLLCENTER         -1.500000
YLLCENTER         -4.800000
CELLSIZE           0.100
NODATA_VALUE     -9999.0
[rows 0 to 26 of 79, columns 0 to 59 of 79]
-9999.000 -9999.000 -9999.000 -9999.000 -9999.000 -9999.000 -9999.000 -9999.000 -9999.000 -9999.000 -9999.000 -9999.000 -9999.000 -9999.000 -9999.000 0.9701602E-01 0.9498310E-01 0.9467679E-01 0.9519116E-01 0.9601822E-01 0.9691506E-01 0.9777171E-01 0.9847242E-01 0.9900799E-01 0.9938415E-01 0.9961739E-01 0.9977785E-01 0.1000749 0.1010981 0.1021206 0.1021206 -9999.000 -9999.000 -9999.000 -9999.000 -9999.000 -9999.000 -9999.000 -9999.000 -9999.000 -9999.000 -9999.000 -9999.000 -9999.000 -9999.000 -9999.000 -9999.000 -9999.000 -9999.000 -9999.000 -9999.000 -9999.000 -9999.000 -9999.000 -9999.000 -9999.000 -9999.000 -9999.000 -9999.000 -9999.000
-9999.000 -9999.000 -9999.000 -9999.000 -9999.000 -9999.000 -9999.000 -9999.000 -9999.000 -9999.000 -9999.000 -9999.000 -9999.000 -9999.000 -9999.000 0.9573717E-01 0.9161092E-01 0.9102467E-01 0.9214089E-01 0.9390269E-01 0.9582303E-01 0.9768575E-01 0.9925140E-01 0.1004906 0.1014057 0.1020253 0.1024980 0.1032920 0.1057152 0.1084679 0.1084679 -9999.000 -9999.000 -9999.000 -9999.000 -9999.000 -9999.000 -9999.000 -9999.000 -9999.000 -9999.000 -9999.000 -9999.000 -9999.000 -9999.000 -9999.000 -9999.000 -9999.000 -9999.000 -9999.000 -9999.000 -9999.000 -9999.000 -9999.000 -9999.000 -9999.000 -9999.000 -9999.000 -9999.000 -9999.000
-9999.000 -9999.000 -9999.000 -9999.000 -9999.000 -9999.000 -9999.000 -9999.000 -9999.000 -9999.000 -9999.000 -9999.000 -9999.000 -9999.000 -9999.000 0.9308444E-01 0.8677173E-01 0.8584432E-01 0.8764048E-01 0.9047975E-01 0.9360769E-01 0.9670265E-01 0.9939879E-01 0.1016535 0.1034634 0.1048603 0.1060639 0.1078088 0.1121798 0.1175029 0.1175029 -9999.000 -9999.000 -9999.000 -9999.000 -9999.000 -9999.000 -9999.000 -9999.000 -9999.000 -9999.000 -9999.000 -9999.000 -9999.000 -9999.000 -9999.000 -9999.000 -9999.000 -9999.000 -9999.000 -9999.000 -9999.000 -9999.000 -9999.000 -9999.000 -9999.000 -9999.000 -9999.000 -9999.000 -9999.000
-9999.000 -9999.000 -9999.000 -9999.000 -9999.000 -9999.000 -9999.000 -9999.000 -9999.000 -9999.000 -9999.000 -9999.000 -9999.000 -9999.000 -9999.000 0.8976280E-01 0.8135714E-01 0.8009879E-01 0.8260284E-01 0.8654830E-01 0.9091742E-01 0.9529565E-01 0.9919751E-01 0.1025742 0.1054140 0.1077434 0.1098434 0.1127116 0.1192375 0.1276938 0.1276938 -9999.000 -9999.000 -9999.000 -9999.000 -9999.000 -9999.000 -9999.000 -9999.000 -9999.000 -9999.000 -9999.000 -9999.000 -9999.000 -9999.000 -9999.000 -9999.000 -9999.000 -9999.000 -9999.000 -9999.000 -9999.000 -9999.000 -9999.000 -9999.000 -9999.000 -9999.000 -9999.000 -9999.000 -9999.000
-9999.000 -9999.000 -9999.000 -9999.000 -9999.000 -9999.000 -9999.000 -9999.000 -9999.000 -9999.000 -9999.000 -9999.000 -9999.000 -9999.000 -9999.000 0.8600365E-01 0.7556710E-01 0.7399687E-01 0.7724609E-01 0.8232851E-01 0.8796540E-01 0.9366031E-01 0.9881274E-01 0.1033740 0.1073227 0.1106739 0.1137671 0.1178713 0.1267242 0.1388983 0.1388983 -9999.000 -9999.000 -9999.000 -9999.000 -9999.000 -9999.000 -9999.000 -9999.000 -9999.000 -9999.000 -9999.000 -9999.000 -9999.000 -9999.000 -9999.000 -9999.000 -9999.000 -9999.000 -9999.000 -9999.000 -9999.000 -9999.000 -9999.000 -9999.000 -9999.000 -9999.000 -9999.000 -9999.000 -9999.000
-9999.000 -9999.000 -9999.000 -9999.000 -9999.000 -9999.000 -9999.000 -9999.000 -9999.000 -9999.000 -9999.000 -9999.000 -9999.000 -9999.000 -9999.000 0.8189233E-01 0.6948730E-01 0.6764396E-01 0.7169209E-01 0.7794771E-01 0.8487578E-01 0.9191145E-01 0.9834281E-01 0.1041288 0.1092358 0.1136647 0.1178133 0.1232367 0.1345802 0.1511386 0.1511386 -9999.000 -9999.000 -9999.000 -9999.000 -9999.000 -9999.000 -9999.000 -9999.000 -9999.000 -9999.000 -9999.000 -9999.000 -9999.000 -9999.000 -9999.000 -9999.000 -9999.000 -9999.000 -9999.000 -9999.000 -9999.000 -9999.000 -9999.000 -9999.000 -9999.000 -9999.000 -9999.000 -9999.000 -9999.000
-9999.000 -9999.000 -9999.000 -9999.000 -9999.000 -9999.000 -9999.000 -9999.000 -9999.000 -9999.000 -9999.000 -9999.000 -9999.000 -9999.000 -9999.000 0.7744405E-01 0.6314883E-01 0.6109782E-01 0.6601656E-01 0.7348480E-01 0.8172267E-01 0.9011512E-01 0.9784266E-01 0.1048804 0.1111802 0.1167249 0.1219736 0.1287875 0.1427938 0.1645364 0.1645364 -9999.000 -9999.000 -9999.000 -9999.000 -9999.000 -9999.000 -9999.000 -9999.000 -9999.000 -9999.000 -9999.000 -9999.000 -9999.000 -9999.000 -9999.000 -9999.000 -9999.000 -9999.000 -9999.000 -9999.000 -9999.000 -9999.000 -9999.000 -9999.000 -9999.000 -9999.000 -9999.000 -9999.000 -9999.000
-9999.000 -9999.000 -9999.000 -9999.000 -9999.000 -9999.000 -9999.000 -9999.000 -9999.000 -9999.000 -9999.000 -9999.000 -9999.000 -9999.000 -9999.000 0.7263978E-01 0.5655851E-01 0.5440282E-01 0.6028390E-01 0.6900113E-01 0.7855762E-01 0.8831303E-01 0.9734473E-01 0.1056529 0.1131710 0.1198594 0.1262436 0.1345159 0.1513766 0.1792929 0.1792929 -9999.000 -9999.000 -9999.000 -9999.000 -9999.000 -9999.000 -9999.000 -9999.000 -9999.000 -9999.000 -9999.000 -9999.000 -9999.000 -9999.000 -9999.000 -9999.000 -9999.000 -9999.000 -9999.000 -9999.000 -9999.000 -9999.000 -9999.000 -9999.000 -9999.000 -9999.000 -9999.000 -9999.000 -9999.000
-9999.000 -9999.000 -9999.000 -9999.000 -9999.000 -9999.000 -9999.000 -9999.000 -9999.000 -9999.000 -9999.000 -9999.000 -9999.000 -9999.000 -9999.000 0.6744151E-01 0.4971540E-01 0.4761724E-01 0.5457254E-01 0.6456208E-01 0.7542846E-01 0.8653931E-01 0.9687344E-01 0.1064633 0.1152182 0.1230712 0.1306204 0.1404197 0.1603526 0.1956891 0.1956891 -9999.000 -9999.000 -9999.000 -9999.000 -9999.000 -9999.000 -9999.000 -9999.000 -9999.000 -9999.000 -9999.000 -9999.000 -9999.000 -9999.000 -9999.000 -9999.000 -9999.000 -9999.000 -9999.000 -9999.000 -9999.000 -9999.000 -9999.000 -9999.000 -9999.000 -9999.000 -9999.000 -9999.000 -9999.000
-9999.000 -9999.000 -9999.000 -9999.000 -9999.000 -9999.000 -9999.000 -9999.000 -9999.000 -9999.000 -9999.000 -9999.000 -9999.000 -9999.000 -9999.000 0.6179807E-01 0.4262521E-01 0.4084785E-01 0.4900238E-01 0.6025396E-01 0.7239126E-01 0.8483120E-01 0.9645320E-01 0.1073284 0.1173318 0.1263635 0.1351021 0.1464997 0.1697540 0.2141052 0.2141052 -9999.000 -9999.000 -9999.000 -9999.000 -9999.000 -9999.000 -9999.000 -9999.000 -9999.000 -9999.000 -9999.000 -9999.000 -9999.000 -9999.000 -9999.000 -9999.000 -9999.000 -9999.000 -9999.000 -9999.000 -9999.000 -9999.000 -9999.000 -9999.000 -9999.000 -9999.000 -9999.000 -9999.000 -9999.000
-9999.000 -9999.000 -9999.000 -9999.000 -9999.000 -9999.000 -9999.000 -9999.000 -9999.000 -9999.000 -9999.000 -9999.000 -9999.000 -9999.000 -9999.000 0.5564812E-01 0.3532375E-01 0.3431597E-01 0.4377415E-01 0.5620303E-01 0.6952310E-01 0.8323711E-01 0.9611660E-01 0.1082705 0.1195264 0.1297435 0.1396898 0.1527591 0.1796200 0.2350589 0.2350589 -9999.000 -9999.000 -9999.000 -9999.000 -9999.000 -9999.000 -9999.000 -9999.000 -9999.000 -9999.000 -9999.000 -9999.000 -9999.000 -9999.000 -9999.000 -9999.000 -9999.000 -9999.000 -9999.000 -9999.000 -9999.000 -9999.000 -9999.000 -9999.000 -9999.000 -9999.000 -9999.000 -9999.000 -9999.000
-9999.000 -9999.000 -9999.000 -9999.000 -9999.000 -9999.000 -9999.000 -9999.000 -9999.000 -9999.000 -9999.000 -9999.000 -9999.000 -9999.000 -9999.000 0.4892004E-01 0.2793592E-01 0.2850200E-01 0.3922892E-01 0.5260186E-01 0.6693693E-01 0.8182934E-01 0.9591387E-01 0.1093269 0.1218286 0.1332281 0.1443922 0.1592075 0.1899984 0.2592678 0.2592678 -9999.000 -9999.000 -9999.000 -9999.000 -9999.000 -9999.000 -9999.000 -9999.000 -9999.000 -9999.000 -9999.000 -9999.000 -9999.000 -9999.000 -9999.000 -9999.000 -9999.000 -9999.000 -9999.000 -9999.000 -9999.000 -9999.000 -9999.000 -9999.000 -9999.000 -9999.000 -9999.000 -9999.000 -9999.000
-9999.000 -9999.000 -9999.000 -9999.000 -9999.000 -9999.000 -9999.000 -9999.000 -9999.000 -9999.000 -9999.000 -9999.000 -9999.000 -9999.000 -9999.000 0.4153076E-01 0.2088010E-01 0.2441426E-01 0.3592620E-01 0.4974484E-01 0.6480708E-01 0.8072308E-01 0.9592985E-01 0.1105645 0.1242908 0.1368555 0.1492366 0.1658694 0.2009516 0.2877541 0.2877541 -9999.000 -9999.000 -9999.000 -9999.000 -9999.000 -9999.000 -9999.000 -9999.000 -9999.000 -9999.000 -9999.000 -9999.000 -9999.000 -9999.000 -9999.000 -9999.000 -9999.000 -9999.000 -9999.000 -9999.000 -9999.000 -9999.000 -9999.000 -9999.000 -9999.000 -9999.000 -9999.000 -9999.000 -9999.000
-9999.000 -9999.000 -9999.000 -9999.000 -9999.000 -9999.000 -9999.000 -9999.000 -9999.000 -9999.000 -9999.000 -9999.000 -9999.000 -9999.000 -9999.000 0.3329869E-01 0.1587177E-01 0.2416115E-01 0.3512514E-01 0.4846752E-01 0.6372881E-01 0.8035865E-01 0.9650411E-01 0.1122497 0.1271234 0.1407917 0.1543524 0.1728478 0.2125970 0.3220551 0.3220551 -9999.000 -9999.000 -9999.000 -9999.000 -9999.000 -9999.000 -9999.000 -9999.000 -9999.000 -9999.000 -9999.000 -9999.000 -9999.000 -9999.000 -9999.000 -9999.000 -9999.000 -9999.000 -9999.000 -9999.000 -9999.000 -9999.000 -9999.000 -9999.000 -9999.000 -9999.000 -9999.000 -9999.000 -9999.000
-9999.000 -9999.000 -9999.000 -9999.000 -9999.000 -9999.000 -9999.000 -9999.000 -9999.000 -9999.000 -9999.000 -9999.000 -9999.000 -9999.000 -9999.000 0.5018357E-01 0.7639639E-01 0.8681244E-01 0.8416279E-01 0.8583961E-01 0.9038737E-01 0.9854139E-01 0.1088233 0.1208400 0.1335463 0.1461209 0.1594768 0.1791404 0.2237332 0.3615209 0.3615209 -9999.000 -9999.000 -9999.000 -9999.000 -9999.000 -9999.000 -9999.000 -9999.000 -9999.000 -9999.000 -9999.000 -9999.000 -9999.000 -9999.000 -9999.000 -9999.000 -9999.000 -9999.000 -9999.000 -9999.000 -9999.000 -9999.000 -9999.000 -9999.000 -9999.000 -9999.000 -9999.000 -9999.000 -9999.000
2.750700 2.750700 2.719084 2.759374 2.772535 2.772535 2.775079 2.776108 2.776108 2.773610 2.773610 2.768597 2.765402 2.761848 2.758122 2.758122 2.855255 2.858056 2.854209 2.829483 2.785399 2.720831 2.633442 2.525648 2.398535 2.254024 2.096624 1.936978 1.802412 1.767340 1.767340 2.590189 2.757358 2.848583 2.870243 2.870243 2.895479 2.895479 2.863875 2.863875 2.811712 2.609698 2.609698 2.148338 2.148338 1.957587 1.957587 1.957587 1.960369 1.960369 1.999477 1.999477 2.048829 2.048829 2.097898 2.097898 2.140427 2.140427 2.140427 2.172722
2.774020 2.774020 2.747791 2.812218 2.832566 2.832566 2.846364 2.869422 2.869422 2.888674 2.888674 2.905211 2.912711 2.919794 2.926642 2.926642 2.999665 3.014705 3.027721 3.035794 3.038789 3.034963 3.021374 2.996045 2.956578 2.900888 2.828068 2.739634 2.642520 2.580999 2.580999 3.021109 3.173383 3.318541 3.357241 3.357241 3.398369 3.398369 3.391198 3.391198 3.364536 3.249880 3.249880 2.996586 2.996586 2.776732 2.776732 2.776732 2.778814 2.778814 2.819686 2.819686 2.872072 2.872072 2.923815 2.923815 2.969648 2.969648 2.969648 3.007013
2.780000 2.780000 2.748647 2.814139 2.832797 2.832797 2.846931 2.870644 2.870644 2.890505 2.890505 2.907729 2.915612 2.923104 2.930406 2.930406 2.996999 3.022470 3.046212 3.066510 3.083118 3.095624 3.102982 3.104385 3.098526 3.083710 3.058364 3.022046 2.977756 2.949340 2.949340 3.202488 3.347534 3.513674 3.561224 3.561224 3.605768 3.605768 3.587152 3.587152 3.554395 3.451972 3.451972 3.285577 3.285577 3.074524 3.074524 3.074524 3.060301 3.060301 3.090424 3.090424 3.134983 3.134983 3.180593 3.180593 3.221734 3.221734 3.221734 3.255673
2.782689 2.782689 2.750796 2.814912 2.832485 2.832485 2.846681 2.870563 2.870563 2.890459 2.890459 2.907713 2.915623 2.923144 2.930512 2.930512 2.994103 3.028727 3.062234 3.092162 3.117641 3.138361 3.153979 3.164440 3.169574 3.168938 3.161953 3.148452 3.130232 3.121938 3.121938 3.278602 3.407565 3.577732 3.627886 3.627886 3.663173 3.663173 3.621435 3.621435 3.581731 3.496421 3.496421 3.395628 3.395628 3.218470 3.218470 3.218470 3.187554 3.187554 3.204914 3.204914 3.242046 3.242046 3.283320 3.283320 3.321493 3.321493 3.321493 3.353092
2.784214 2.784214 2.751273 2.815234 2.832271 2.832271 2.846512 2.870494 2.870494 2.890415 2.890415 2.907712 2.915645 2.923187 2.930622 2.930622 2.995004 3.037846 3.080347 3.119144 3.152822 3.180860 3.203028 3.219397 3.230162 3.235491 3.235548 3.230769 3.222850 3.221607 3.221607 3.322250 3.430675 3.589119 3.631371 3.631371 3.634793 3.634793 3.567094 3.567094 3.530041 3.479058 3.479058 3.435460 3.435460 3.308549 3.308549 3.308549 3.266251 3.266251 3.268817 3.268817 3.296162 3.296162 3.331759 3.331759 3.366251 3.366251 3.366251 3.394983
2.786139 2.786139 2.748374 2.815318 2.832075 2.832075 2.846392 2.870485 2.870485 2.890447 2.890447 2.907772 2.915713 2.923255 2.930765 2.930765 3.000604 3.051264 3.102022 3.148869 3.190066 3.224923 3.253196 3.274937 3.290384 3.299866 3.303797 3.302869 3.298712 3.298202 3.298202 3.361726 3.446551 3.572610 3.590638 3.590638 3.540663 3.540663 3.466547 3.466547 3.446781 3.441206 3.441206 3.443633 3.443633 3.371491 3.371491 3.371491 3.327508 3.327508 3.316897 3.316897 3.332453 3.332453 3.360135 3.360135 3.389231 3.389231 3.389231 3.413811
2.787581 2.787581 2.747312 2.815058 2.831748 2.831748 2.846216 2.870511 2.870511 2.890521 2.890521 2.907838 2.915767 2.923298 2.930911 2.930911 3.011786 3.070359 3.128766 3.182798 3.230644 3.271580 3.305373 3.332062 3.351860 3.365096 3.372208 3.373881 3.371490 3.369745 3.369745 3.406932 3.465366 3.526887 3.499393 3.499393 3.398237 3.398237 3.355122 3.355122 3.361987 3.399575 3.399575 3.435408 3.435408 3.413604 3.413604 3.413604 3.377830 3.377830 3.359198 3.359198 3.362937 3.362937 3.380825 3.380825 3.402576 3.402576 3.402576 3.421457
2.788180 2.788180 2.746894 2.814953 2.831614 2.831614 2.846146 2.870529 2.870529 2.890553 2.890553 2.907856 2.915779 2.923305 2.931075 2.931075 3.029668 3.096623 3.162215 3.222538 3.276009 3.322036 3.360480 3.391425 3.415079 3.431740 3.441794 3.445814 3.444818 3.441588 3.441588 3.458608 3.485013 3.430892 3.345692 3.345692 3.239385 3.239385 3.258330 3.258330 3.290112 3.359611 3.359611 3.418104 3.418104 3.437975 3.437975 3.437975 3.417169 3.417169 3.397205 3.397205 3.391350 3.391350 3.398589 3.398589 3.411259 3.411259 3.411259 3.422868
2.787581 2.787581 2.747312 2.815059 2.831749 2.831749 2.846216 2.870511 2.870511 2.890521 2.890521 2.907838 2.915767 2.923298 2.931297 2.931297 3.055830 3.131862 3.204239 3.269912 3.327831 3.377734 3.419688 3.453893 3.480605 3.500110 3.512743 3.518934 3.519251 3.514174 3.514174 3.511476 3.489265 3.259483 3.141104 3.141104 3.101408 3.101408 3.183731 3.183731 3.232079 3.321582 3.321582 3.395212 3.395212 3.447444 3.447444 3.447444 3.444248 3.444248 3.428935 3.428935 3.417279 3.417279 3.414355 3.414355 3.416802 3.416802 3.416802 3.419793
2.786139 2.786139 2.748374 2.815318 2.832075 2.832075 2.846392 2.870485 2.870485 2.890446 2.890446 2.907772 2.915712 2.923254 2.931577 2.931577 3.092569 3.178404 3.257087 3.327013 3.387997 3.440315 3.484363 3.520540 3.549203 3.570670 3.585240 3.593203 3.594398 3.584931 3.584931 3.550353 3.437325 3.020972 2.934978 2.934978 3.001847 3.001847 3.124327 3.124327 3.181676 3.283231 3.283231 3.367395 3.367395 3.443897 3.443897 3.443897 3.457703 3.457703 3.450903 3.450903 3.437592 3.437592 3.426202 3.426202 3.418168 3.418168 3.418168 3.411704
2.784214 2.784214 2.751272 2.815234 2.832270 2.832270 2.846511 2.870493 2.870493 2.890415 2.890415 2.907712 2.915645 2.923187 2.931951 2.931951 3.143407 3.239478 3.323611 3.396326 3.458657 3.511611 3.556037 3.592602 3.621815 3.644061 3.659633 3.668629 3.669046 3.644613 3.644613 3.533285 3.263950 2.779527 2.782250 2.782250 2.930017 2.930017 3.070935 3.070935 3.132964 3.242188 3.242188 3.333961 3.333961 3.428100 3.428100 3.428100 3.456372 3.456372 3.459463 3.459463 3.447689 3.447689 3.430193 3.430193 3.412348 3.412348 3.412348 3.396319
2.782689 2.782689 2.750795 2.814912 2.832485 2.832485 2.846680 2.870563 2.870563 2.890459 2.890459 2.907714 2.915623 2.923144 2.932507 2.932507 3.213947 3.319787 3.407633 3.480930 3.542291 3.593636 3.636341 3.671391 3.699468 3.721039 3.736409 3.745157 3.738621 3.658802 3.658802 3.370269 2.938023 2.617967 2.680517 2.680517 2.863415 2.863415 3.012702 3.012702 3.077625 3.192522 3.192522 3.290104 3.290104 3.396905 3.396905 3.396905 3.436480 3.436480 3.448843 3.448843 3.440268 3.440268 3.418966 3.418966 3.392752 3.392752 3.392752 3.367904
