cruce_test.gid/Rasters/Hydraulic/Velocity__x_287.0.asc
NCOLS        79
NROWS        79
XLLCENTER         -1.500000
YLLCENTER         -4.800000
CELLSIZE           0.100
NODATA_VALUE     -9999.0
[rows 0 to 25 of 79, columns 0 to 57 of 79]
-9999.000 -9999.000 -9999.000 -9999.000 -9999.000 -9999.000 -9999.000 -9999.000 -9999.000 -9999.000 -9999.000 -9999.000 -9999.000 -9999.000 -9999.000 -0.3576338E-03 0.9844129E-03 0.4595091E-02 0.8718132E-02 0.1243621E-01 0.1536054E-01 0.1738312E-01 0.1850084E-01 0.1879195E-01 0.1835498E-01 0.1726699E-01 0.1557564E-01 0.1316198E-01 0.9332308E-02 0.4584167E-02 0.4584167E-02 -9999.000 -9999.000 -9999.000 -9999.000 -9999.000 -9999.000 -9999.000 -9999.000 -9999.000 -9999.000 -9999.000 -9999.000 -9999.000 -9999.000 -9999.000 -9999.000 -9999.000 -9999.000 -9999.000 -9999.000 -9999.000 -9999.000 -9999.000 -9999.000 -9999.000 -9999.000 -9999.000
-9999.000 -9999.000 -9999.000 -9999.000 -9999.000 -9999.000 -9999.000 -9999.000 -9999.000 -9999.000 -9999.000 -9999.000 -9999.000 -9999.000 -9999.000 0.8697956E-03 0.3425893E-02 0.8143350E-02 0.1326700E-01 0.1789170E-01 0.2158166E-01 0.2416690E-01 0.2559152E-01 0.2589300E-01 0.2514430E-01 0.2341365E-01 0.2075584E-01 0.1709119E-01 0.1185557E-01 0.5805060E-02 0.5805060E-02 -9999.000 -9999.000 -9999.000 -9999.000 -9999.000 -9999.000 -9999.000 -9999.000 -9999.000 -9999.000 -9999.000 -9999.000 -9999.000 -9999.000 -9999.000 -9999.000 -9999.000 -9999.000 -9999.000 -9999.000 -9999.000 -9999.000 -9999.000 -9999.000 -9999.000 -9999.000 -9999.000
-9999.000 -9999.000 -9999.000 -9999.000 -9999.000 -9999.000 -9999.000 -9999.000 -9999.000 -9999.000 -9999.000 -9999.000 -9999.000 -9999.000 -9999.000 0.1402472E-02 0.4565239E-02 0.9962108E-02 0.1571382E-01 0.2087712E-01 0.2499183E-01 0.2787016E-01 0.2944287E-01 0.2974040E-01 0.2883438E-01 0.2679708E-01 0.2369483E-01 0.1945943E-01 0.1352167E-01 0.6658924E-02 0.6658924E-02 -9999.000 -9999.000 -9999.000 -9999.000 -9999.000 -9999.000 -9999.000 -9999.000 -9999.000 -9999.000 -9999.000 -9999.000 -9999.000 -9999.000 -9999.000 -9999.000 -9999.000 -9999.000 -9999.000 -9999.000 -9999.000 -9999.000 -9999.000 -9999.000 -9999.000 -9999.000 -9999.000
-9999.000 -9999.000 -9999.000 -9999.000 -9999.000 -9999.000 -9999.000 -9999.000 -9999.000 -9999.000 -9999.000 -9999.000 -9999.000 -9999.000 -9999.000 0.1708381E-02 0.5236323E-02 0.1106168E-01 0.1721920E-01 0.2273326E-01 0.2712709E-01 0.3020333E-01 0.3188635E-01 0.3220525E-01 0.3123252E-01 0.2904290E-01 0.2570715E-01 0.2115658E-01 0.1479195E-01 0.7340079E-02 0.7340079E-02 -9999.000 -9999.000 -9999.000 -9999.000 -9999.000 -9999.000 -9999.000 -9999.000 -9999.000 -9999.000 -9999.000 -9999.000 -9999.000 -9999.000 -9999.000 -9999.000 -9999.000 -9999.000 -9999.000 -9999.000 -9999.000 -9999.000 -9999.000 -9999.000 -9999.000 -9999.000 -9999.000
-9999.000 -9999.000 -9999.000 -9999.000 -9999.000 -9999.000 -9999.000 -9999.000 -9999.000 -9999.000 -9999.000 -9999.000 -9999.000 -9999.000 -9999.000 0.1930832E-02 0.5730276E-02 0.1188025E-01 0.1834822E-01 0.2413195E-01 0.2874307E-01 0.3197936E-01 0.3376139E-01 0.3411916E-01 0.3312589E-01 0.3085703E-01 0.2738538E-01 0.2263456E-01 0.1596128E-01 0.7991163E-02 0.7991163E-02 -9999.000 -9999.000 -9999.000 -9999.000 -9999.000 -9999.000 -9999.000 -9999.000 -9999.000 -9999.000 -9999.000 -9999.000 -9999.000 -9999.000 -9999.000 -9999.000 -9999.000 -9999.000 -9999.000 -9999.000 -9999.000 -9999.000 -9999.000 -9999.000 -9999.000 -9999.000 -9999.000
-9999.000 -9999.000 -9999.000 -9999.000 -9999.000 -9999.000 -9999.000 -9999.000 -9999.000 -9999.000 -9999.000 -9999.000 -9999.000 -9999.000 -9999.000 0.2133464E-02 0.6178972E-02 0.1262009E-01 0.1936537E-01 0.2538881E-01 0.3019488E-01 0.3357888E-01 0.3545954E-01 0.3586911E-01 0.3488138E-01 0.3257203E-01 0.2901413E-01 0.2411953E-01 0.1718659E-01 0.8692367E-02 0.8692367E-02 -9999.000 -9999.000 -9999.000 -9999.000 -9999.000 -9999.000 -9999.000 -9999.000 -9999.000 -9999.000 -9999.000 -9999.000 -9999.000 -9999.000 -9999.000 -9999.000 -9999.000 -9999.000 -9999.000 -9999.000 -9999.000 -9999.000 -9999.000 -9999.000 -9999.000 -9999.000 -9999.000
-9999.000 -9999.000 -9999.000 -9999.000 -9999.000 -9999.000 -9999.000 -9999.000 -9999.000 -9999.000 -9999.000 -9999.000 -9999.000 -9999.000 -9999.000 0.2346339E-02 0.6644615E-02 0.1337766E-01 0.2039634E-01 0.2665447E-01 0.3165236E-01 0.3518521E-01 0.3717084E-01 0.3764469E-01 0.3668217E-01 0.3435791E-01 0.3074478E-01 0.2573812E-01 0.1856439E-01 0.9496368E-02 0.9496368E-02 -9999.000 -9999.000 -9999.000 -9999.000 -9999.000 -9999.000 -9999.000 -9999.000 -9999.000 -9999.000 -9999.000 -9999.000 -9999.000 -9999.000 -9999.000 -9999.000 -9999.000 -9999.000 -9999.000 -9999.000 -9999.000 -9999.000 -9999.000 -9999.000 -9999.000 -9999.000 -9999.000
-9999.000 -9999.000 -9999.000 -9999.000 -9999.000 -9999.000 -9999.000 -9999.000 -9999.000 -9999.000 -9999.000 -9999.000 -9999.000 -9999.000 -9999.000 0.2585565E-02 0.7160664E-02 0.1420341E-01 0.2150751E-01 0.2800865E-01 0.3320586E-01 0.3689655E-01 0.3899872E-01 0.3955226E-01 0.3863392E-01 0.3631751E-01 0.3267462E-01 0.2758009E-01 0.2017254E-01 0.1045044E-01 0.1045044E-01 -9999.000 -9999.000 -9999.000 -9999.000 -9999.000 -9999.000 -9999.000 -9999.000 -9999.000 -9999.000 -9999.000 -9999.000 -9999.000 -9999.000 -9999.000 -9999.000 -9999.000 -9999.000 -9999.000 -9999.000 -9999.000 -9999.000 -9999.000 -9999.000 -9999.000 -9999.000 -9999.000
-9999.000 -9999.000 -9999.000 -9999.000 -9999.000 -9999.000 -9999.000 -9999.000 -9999.000 -9999.000 -9999.000 -9999.000 -9999.000 -9999.000 -9999.000 0.2861721E-02 0.7748823E-02 0.1513027E-01 0.2274160E-01 0.2950222E-01 0.3491369E-01 0.3877745E-01 0.4101269E-01 0.4166555E-01 0.4081478E-01 0.3853167E-01 0.3488695E-01 0.2973055E-01 0.2209369E-01 0.1160665E-01 0.1160665E-01 -9999.000 -9999.000 -9999.000 -9999.000 -9999.000 -9999.000 -9999.000 -9999.000 -9999.000 -9999.000 -9999.000 -9999.000 -9999.000 -9999.000 -9999.000 -9999.000 -9999.000 -9999.000 -9999.000 -9999.000 -9999.000 -9999.000 -9999.000 -9999.000 -9999.000 -9999.000 -9999.000
-9999.000 -9999.000 -9999.000 -9999.000 -9999.000 -9999.000 -9999.000 -9999.000 -9999.000 -9999.000 -9999.000 -9999.000 -9999.000 -9999.000 -9999.000 0.3183183E-02 0.8426827E-02 0.1618589E-01 0.2413441E-01 0.3117885E-01 0.3682662E-01 0.4088520E-01 0.4327663E-01 0.4405502E-01 0.4330095E-01 0.4108429E-01 0.3747413E-01 0.3228937E-01 0.2443160E-01 0.1303424E-01 0.1303424E-01 -9999.000 -9999.000 -9999.000 -9999.000 -9999.000 -9999.000 -9999.000 -9999.000 -9999.000 -9999.000 -9999.000 -9999.000 -9999.000 -9999.000 -9999.000 -9999.000 -9999.000 -9999.000 -9999.000 -9999.000 -9999.000 -9999.000 -9999.000 -9999.000 -9999.000 -9999.000 -9999.000
-9999.000 -9999.000 -9999.000 -9999.000 -9999.000 -9999.000 -9999.000 -9999.000 -9999.000 -9999.000 -9999.000 -9999.000 -9999.000 -9999.000 -9999.000 0.3559672E-02 0.9214162E-02 0.1740029E-01 0.2572606E-01 0.3308696E-01 0.3900063E-01 0.4328458E-01 0.4586372E-01 0.4680321E-01 0.4618635E-01 0.4408094E-01 0.4055481E-01 0.3538940E-01 0.2732874E-01 0.1482849E-01 0.1482849E-01 -9999.000 -9999.000 -9999.000 -9999.000 -9999.000 -9999.000 -9999.000 -9999.000 -9999.000 -9999.000 -9999.000 -9999.000 -9999.000 -9999.000 -9999.000 -9999.000 -9999.000 -9999.000 -9999.000 -9999.000 -9999.000 -9999.000 -9999.000 -9999.000 -9999.000 -9999.000 -9999.000
-9999.000 -9999.000 -9999.000 -9999.000 -9999.000 -9999.000 -9999.000 -9999.000 -9999.000 -9999.000 -9999.000 -9999.000 -9999.000 -9999.000 -9999.000 0.4002389E-02 0.1013543E-01 0.1881235E-01 0.2756803E-01 0.3528959E-01 0.4151084E-01 0.4606157E-01 0.4887259E-01 0.5002265E-01 0.4959865E-01 0.4766730E-01 0.4429612E-01 0.3922045E-01 0.3099255E-01 0.1712969E-01 0.1712969E-01 -9999.000 -9999.000 -9999.000 -9999.000 -9999.000 -9999.000 -9999.000 -9999.000 -9999.000 -9999.000 -9999.000 -9999.000 -9999.000 -9999.000 -9999.000 -9999.000 -9999.000 -9999.000 -9999.000 -9999.000 -9999.000 -9999.000 -9999.000 -9999.000 -9999.000 -9999.000 -9999.000
-9999.000 -9999.000 -9999.000 -9999.000 -9999.000 -9999.000 -9999.000 -9999.000 -9999.000 -9999.000 -9999.000 -9999.000 -9999.000 -9999.000 -9999.000 0.4529734E-02 0.1122953E-01 0.2048245E-01 0.2973956E-01 0.3788326E-01 0.4446934E-01 0.4934490E-01 0.5244885E-01 0.5387859E-01 0.5372650E-01 0.5205902E-01 0.4894526E-01 0.4406556E-01 0.3573695E-01 0.2015161E-01 0.2015161E-01 -9999.000 -9999.000 -9999.000 -9999.000 -9999.000 -9999.000 -9999.000 -9999.000 -9999.000 -9999.000 -9999.000 -9999.000 -9999.000 -9999.000 -9999.000 -9999.000 -9999.000 -9999.000 -9999.000 -9999.000 -9999.000 -9999.000 -9999.000 -9999.000 -9999.000 -9999.000 -9999.000
-9999.000 -9999.000 -9999.000 -9999.000 -9999.000 -9999.000 -9999.000 -9999.000 -9999.000 -9999.000 -9999.000 -9999.000 -9999.000 -9999.000 -9999.000 0.5630182E-02 0.1350918E-01 0.2387456E-01 0.3359964E-01 0.4213353E-01 0.4902344E-01 0.5415734E-01 0.5749964E-01 0.5918110E-01 0.5930449E-01 0.5793858E-01 0.5515561E-01 0.5056620E-01 0.4219370E-01 0.2431702E-01 0.2431702E-01 -9999.000 -9999.000 -9999.000 -9999.000 -9999.000 -9999.000 -9999.000 -9999.000 -9999.000 -9999.000 -9999.000 -9999.000 -9999.000 -9999.000 -9999.000 -9999.000 -9999.000 -9999.000 -9999.000 -9999.000 -9999.000 -9999.000 -9999.000 -9999.000 -9999.000 -9999.000 -9999.000
-9999.000 -9999.000 -9999.000 -9999.000 -9999.000 -9999.000 -9999.000 -9999.000 -9999.000 -9999.000 -9999.000 -9999.000 -9999.000 -9999.000 -9999.000 0.6731016E-01 0.1017532 0.1164085 0.1090235 0.1014123 0.9489259E-01 0.8860689E-01 0.8259220E-01 0.7691412E-01 0.7141134E-01 0.6595193E-01 0.6035848E-01 0.5393185E-01 0.4426214E-01 0.2186890E-01 0.2186890E-01 -9999.000 -9999.000 -9999.000 -9999.000 -9999.000 -9999.000 -9999.000 -9999.000 -9999.000 -9999.000 -9999.000 -9999.000 -9999.000 -9999.000 -9999.000 -9999.000 -9999.000 -9999.000 -9999.000 -9999.000 -9999.000 -9999.000 -9999.000 -9999.000 -9999.000 -9999.000 -9999.000
2.783962 2.783962 2.786737 2.801907 2.821297 2.821297 2.824259 2.824523 2.824523 2.821312 2.821312 2.815654 2.812136 2.808259 2.804290 2.804290 2.923184 2.926636 2.927692 2.908494 2.867626 2.805187 2.719865 2.611088 2.482495 2.335002 2.172753 2.005466 1.858453 1.799715 1.799715 2.648922 2.824269 2.922385 2.946185 2.946185 2.976279 2.976279 2.953028 2.953028 2.905465 2.715016 2.715016 2.298764 2.298764 2.035384 2.035384 2.035384 2.027787 2.027787 2.062983 2.062983 2.111664 2.111664 2.161381 2.161381 2.205191 2.205191
2.806729 2.806729 2.817495 2.855293 2.881591 2.881591 2.896380 2.919179 2.919179 2.938013 2.938013 2.954183 2.961509 2.968429 2.975194 2.975194 3.064040 3.080862 3.095646 3.105164 3.108829 3.105317 3.091987 3.065840 3.025110 2.967386 2.891579 2.799053 2.697020 2.623273 2.623273 3.081690 3.242031 3.393875 3.434446 3.434446 3.479418 3.479418 3.477479 3.477479 3.453863 3.345393 3.345393 3.117228 3.117228 2.862405 2.862405 2.862405 2.853089 2.853089 2.890278 2.890278 2.942072 2.942072 2.994351 2.994351 3.041320 3.041320
2.811352 2.811352 2.819177 2.856966 2.881155 2.881155 2.896686 2.920448 2.920448 2.939931 2.939931 2.956792 2.964504 2.971835 2.979064 2.979064 3.059148 3.087328 3.112951 3.134440 3.151327 3.163306 3.169541 3.168724 3.159821 3.141098 3.110940 3.068887 3.018218 2.980968 2.980968 3.245219 3.401617 3.580362 3.631734 3.631734 3.683165 3.683165 3.670662 3.670662 3.639599 3.536114 3.536114 3.380811 3.380811 3.157583 3.157583 3.157583 3.132287 3.132287 3.157863 3.157863 3.201394 3.201394 3.247547 3.247547 3.289893 3.289893
2.814067 2.814067 2.817411 2.857344 2.880125 2.880125 2.896117 2.920430 2.920430 2.939992 2.939992 2.956851 2.964564 2.971903 2.979192 2.979192 3.054325 3.092215 3.127950 3.159301 3.185257 3.205458 3.219620 3.227369 3.228573 3.222785 3.209430 3.188385 3.161743 3.143628 3.143628 3.305659 3.444978 3.632315 3.689432 3.689432 3.737928 3.737928 3.704048 3.704048 3.663399 3.569908 3.569908 3.472160 3.472160 3.298838 3.298838 3.298838 3.259667 3.259667 3.271694 3.271694 3.306973 3.306973 3.348366 3.348366 3.387584 3.387584
2.814913 2.814913 2.820345 2.857230 2.879144 2.879144 2.895478 2.920267 2.920267 2.939877 2.939877 2.956722 2.964440 2.971789 2.979172 2.979172 3.053549 3.099926 3.144886 3.185269 3.219565 3.247151 3.267760 3.281247 3.287723 3.287307 3.280132 3.266654 3.248802 3.236381 3.236381 3.336583 3.452116 3.630289 3.683715 3.683715 3.708914 3.708914 3.647506 3.647506 3.605975 3.542949 3.542949 3.498995 3.498995 3.384828 3.384828 3.384828 3.339064 3.339064 3.336497 3.336497 3.361032 3.361032 3.396022 3.396022 3.431197 3.431197
2.811013 2.811013 2.825928 2.857079 2.878507 2.878507 2.895127 2.920372 2.920372 2.940067 2.940067 2.956885 2.964580 2.971906 2.979382 2.979382 3.057999 3.112171 3.165398 3.213797 3.255549 3.289852 3.316379 3.335020 3.345891 3.349241 3.345420 3.335099 3.320040 3.307293 3.307293 3.365699 3.453828 3.602564 3.637805 3.637805 3.616349 3.616349 3.541912 3.541912 3.515456 3.498627 3.498627 3.500083 3.500083 3.443031 3.443031 3.443031 3.400486 3.400486 3.386190 3.386190 3.398343 3.398343 3.424586 3.424586 3.453826 3.453826
2.810425 2.810425 2.828772 2.856920 2.878072 2.878072 2.894847 2.920358 2.920358 2.940097 2.940097 2.956902 2.964591 2.971912 2.979550 2.979550 3.068373 3.130248 3.190932 3.246266 3.294372 3.334427 3.366103 3.389315 3.404160 3.410863 3.409782 3.401546 3.387597 3.372868 3.372868 3.401694 3.460594 3.552815 3.549925 3.549925 3.474485 3.474485 3.423843 3.423843 3.424527 3.454268 3.454268 3.489353 3.489353 3.480910 3.480910 3.480910 3.450023 3.450023 3.429976 3.429976 3.430441 3.430441 3.446206 3.446206 3.467488 3.467488
2.810231 2.810231 2.829711 2.856868 2.877927 2.877927 2.894752 2.920352 2.920352 2.940105 2.940105 2.956907 2.964593 2.971914 2.979782 2.979782 3.085794 3.155657 3.223084 3.284181 3.337321 3.381850 3.417556 3.444432 3.462587 3.472212 3.473602 3.467248 3.454184 3.437492 3.437492 3.444522 3.471552 3.465903 3.407622 3.407622 3.311433 3.311433 3.319990 3.319990 3.348059 3.413429 3.413429 3.471659 3.471659 3.501968 3.501968 3.501968 3.487632 3.487632 3.468597 3.468597 3.460343 3.460343 3.465166 3.465166 3.476805 3.476805
2.810425 2.810425 2.828772 2.856920 2.878073 2.878073 2.894848 2.920358 2.920358 2.940097 2.940097 2.956902 2.964591 2.971912 2.980107 2.980107 3.111761 3.190087 3.263535 3.329087 3.385703 3.433124 3.471401 3.500682 3.521145 3.532979 3.536408 3.531764 3.519618 3.501020 3.501020 3.489274 3.475053 3.316129 3.212586 3.212586 3.165706 3.165706 3.241717 3.241717 3.288584 3.376407 3.376407 3.450105 3.450105 3.509961 3.509961 3.509961 3.513275 3.513275 3.500659 3.500659 3.487973 3.487973 3.482810 3.482810 3.483816 3.483816
2.811014 2.811014 2.825927 2.857079 2.878507 2.878507 2.895127 2.920372 2.920372 2.940068 2.940068 2.956885 2.964581 2.971906 2.980554 2.980554 3.148481 3.235659 3.314180 3.382572 3.440786 3.489192 3.528244 3.558335 3.579773 3.592783 3.597540 3.594216 3.582741 3.560774 3.560774 3.524279 3.440867 3.096783 3.004380 3.004380 3.059895 3.059895 3.180970 3.180970 3.238117 3.339387 3.339387 3.423971 3.423971 3.506080 3.506080 3.506080 3.525645 3.525645 3.522509 3.522509 3.509597 3.509597 3.496634 3.496634 3.487042 3.487042
2.814914 2.814914 2.820345 2.857230 2.879144 2.879144 2.895478 2.920266 2.920266 2.939877 2.939877 2.956722 2.964440 2.971790 2.981081 2.981081 3.199200 3.295096 3.377128 3.446182 3.503626 3.550698 3.588380 3.617383 3.638180 3.651058 3.656167 3.653482 3.641572 3.609364 3.609364 3.519350 3.311805 2.855855 2.842155 2.842155 2.985707 2.985707 3.127591 3.127591 3.189963 3.299696 3.299696 3.392260 3.392260 3.490749 3.490749 3.490749 3.523807 3.523807 3.530834 3.530834 3.520544 3.520544 3.502429 3.502429 3.483207 3.483207
