cruce_test.gid/Rasters/Hydraulic/Velocity__y_31.0.asc
NCOLS        79
NROWS        79
XLLCENTER         -1.500000
YLLCENTER         -4.800000
CELLSIZE           0.100
NODATA_VALUE     -9999.0
[rows 0 to 25 of 79, columns 0 to 58 of 79]
-9999.000 -9999.000 -9999.000 -9999.000 -9999.000 -9999.000 -9999.000 -9999.000 -9999.000 -9999.000 -9999.000 -9999.000 -9999.000 -9999.000 -9999.000 -0.3541742 -0.3538961 -0.3542807 -0.3549226 -0.3557035 -0.3565858 -0.3575435 -0.3585533 -0.3595927 -0.3606405 -0.3616797 -0.3627005 -0.3637047 -0.3646176 -0.3608620 -0.3608620 -9999.000 -9999.000 -9999.000 -9999.000 -9999.000 -9999.000 -9999.000 -9999.000 -9999.000 -9999.000 -9999.000 -9999.000 -9999.000 -9999.000 -9999.000 -9999.000 -9999.000 -9999.000 -9999.000 -9999.000 -9999.000 -9999.000 -9999.000 -9999.000 -9999.000 -9999.000 -9999.000 -9999.000
-9999.000 -9999.000 -9999.000 -9999.000 -9999.000 -9999.000 -9999.000 -9999.000 -9999.000 -9999.000 -9999.000 -9999.000 -9999.000 -9999.000 -9999.000 -0.3472373 -0.3458230 -0.3464149 -0.3474356 -0.3486477 -0.3499902 -0.3514311 -0.3529468 -0.3545171 -0.3561273 -0.3577707 -0.3594538 -0.3611983 -0.3628506 -0.3557748 -0.3557748 -9999.000 -9999.000 -9999.000 -9999.000 -9999.000 -9999.000 -9999.000 -9999.000 -9999.000 -9999.000 -9999.000 -9999.000 -9999.000 -9999.000 -9999.000 -9999.000 -9999.000 -9999.000 -9999.000 -9999.000 -9999.000 -9999.000 -9999.000 -9999.000 -9999.000 -9999.000 -9999.000 -9999.000
-9999.000 -9999.000 -9999.000 -9999.000 -9999.000 -9999.000 -9999.000 -9999.000 -9999.000 -9999.000 -9999.000 -9999.000 -9999.000 -9999.000 -9999.000 -0.3382051 -0.3352234 -0.3361863 -0.3378722 -0.3398684 -0.3420693 -0.3444256 -0.3469052 -0.3494838 -0.3521441 -0.3548769 -0.3576809 -0.3605531 -0.3631453 -0.3520809 -0.3520809 -9999.000 -9999.000 -9999.000 -9999.000 -9999.000 -9999.000 -9999.000 -9999.000 -9999.000 -9999.000 -9999.000 -9999.000 -9999.000 -9999.000 -9999.000 -9999.000 -9999.000 -9999.000 -9999.000 -9999.000 -9999.000 -9999.000 -9999.000 -9999.000 -9999.000 -9999.000 -9999.000 -9999.000
-9999.000 -9999.000 -9999.000 -9999.000 -9999.000 -9999.000 -9999.000 -9999.000 -9999.000 -9999.000 -9999.000 -9999.000 -9999.000 -9999.000 -9999.000 -0.3280421 -0.3231367 -0.3245933 -0.3271509 -0.3301840 -0.3335316 -0.3371201 -0.3409017 -0.3448412 -0.3489105 -0.3530877 -0.3573529 -0.3616683 -0.3654580 -0.3504587 -0.3504587 -9999.000 -9999.000 -9999.000 -9999.000 -9999.000 -9999.000 -9999.000 -9999.000 -9999.000 -9999.000 -9999.000 -9999.000 -9999.000 -9999.000 -9999.000 -9999.000 -9999.000 -9999.000 -9999.000 -9999.000 -9999.000 -9999.000 -9999.000 -9999.000 -9999.000 -9999.000 -9999.000 -9999.000
-9999.000 -9999.000 -9999.000 -9999.000 -9999.000 -9999.000 -9999.000 -9999.000 -9999.000 -9999.000 -9999.000 -9999.000 -9999.000 -9999.000 -9999.000 -0.3167188 -0.3096039 -0.3116694 -0.3152909 -0.3195955 -0.3243575 -0.3294740 -0.3348780 -0.3405182 -0.3463513 -0.3523375 -0.3584325 -0.3645556 -0.3698671 -0.3510970 -0.3510970 -9999.000 -9999.000 -9999.000 -9999.000 -9999.000 -9999.000 -9999.000 -9999.000 -9999.000 -9999.000 -9999.000 -9999.000 -9999.000 -9999.000 -9999.000 -9999.000 -9999.000 -9999.000 -9999.000 -9999.000 -9999.000 -9999.000 -9999.000 -9999.000 -9999.000 -9999.000 -9999.000 -9999.000
-9999.000 -9999.000 -9999.000 -9999.000 -9999.000 -9999.000 -9999.000 -9999.000 -9999.000 -9999.000 -9999.000 -9999.000 -9999.000 -9999.000 -9999.000 -0.3041199 -0.2946264 -0.2974135 -0.3022790 -0.3080738 -0.3145022 -0.3214297 -0.3287678 -0.3364477 -0.3444096 -0.3525940 -0.3609298 -0.3692881 -0.3765281 -0.3542696 -0.3542696 -9999.000 -9999.000 -9999.000 -9999.000 -9999.000 -9999.000 -9999.000 -9999.000 -9999.000 -9999.000 -9999.000 -9999.000 -9999.000 -9999.000 -9999.000 -9999.000 -9999.000 -9999.000 -9999.000 -9999.000 -9999.000 -9999.000 -9999.000 -9999.000 -9999.000 -9999.000 -9999.000 -9999.000
-9999.000 -9999.000 -9999.000 -9999.000 -9999.000 -9999.000 -9999.000 -9999.000 -9999.000 -9999.000 -9999.000 -9999.000 -9999.000 -9999.000 -9999.000 -0.2900353 -0.2781705 -0.2817965 -0.2880745 -0.2955643 -0.3038984 -0.3129105 -0.3224922 -0.3325585 -0.3430353 -0.3538454 -0.3648930 -0.3759985 -0.3856859 -0.3603671 -0.3603671 -9999.000 -9999.000 -9999.000 -9999.000 -9999.000 -9999.000 -9999.000 -9999.000 -9999.000 -9999.000 -9999.000 -9999.000 -9999.000 -9999.000 -9999.000 -9999.000 -9999.000 -9999.000 -9999.000 -9999.000 -9999.000 -9999.000 -9999.000 -9999.000 -9999.000 -9999.000 -9999.000 -9999.000
-9999.000 -9999.000 -9999.000 -9999.000 -9999.000 -9999.000 -9999.000 -9999.000 -9999.000 -9999.000 -9999.000 -9999.000 -9999.000 -9999.000 -9999.000 -0.2741553 -0.2601721 -0.2647671 -0.2726143 -0.2819888 -0.2924550 -0.3038181 -0.3159537 -0.3287665 -0.3421738 -0.3560898 -0.3704007 -0.3848814 -0.3976935 -0.3699344 -0.3699344 -9999.000 -9999.000 -9999.000 -9999.000 -9999.000 -9999.000 -9999.000 -9999.000 -9999.000 -9999.000 -9999.000 -9999.000 -9999.000 -9999.000 -9999.000 -9999.000 -9999.000 -9999.000 -9999.000 -9999.000 -9999.000 -9999.000 -9999.000 -9999.000 -9999.000 -9999.000 -9999.000 -9999.000
-9999.000 -9999.000 -9999.000 -9999.000 -9999.000 -9999.000 -9999.000 -9999.000 -9999.000 -9999.000 -9999.000 -9999.000 -9999.000 -9999.000 -9999.000 -0.2560708 -0.2405393 -0.2462563 -0.2558165 -0.2672473 -0.2800564 -0.2940276 -0.3090278 -0.3249616 -0.3417516 -0.3593192 -0.3775518 -0.3961949 -0.4130366 -0.3837321 -0.3837321 -9999.000 -9999.000 -9999.000 -9999.000 -9999.000 -9999.000 -9999.000 -9999.000 -9999.000 -9999.000 -9999.000 -9999.000 -9999.000 -9999.000 -9999.000 -9999.000 -9999.000 -9999.000 -9999.000 -9999.000 -9999.000 -9999.000 -9999.000 -9999.000 -9999.000 -9999.000 -9999.000 -9999.000
-9999.000 -9999.000 -9999.000 -9999.000 -9999.000 -9999.000 -9999.000 -9999.000 -9999.000 -9999.000 -9999.000 -9999.000 -9999.000 -9999.000 -9999.000 -0.2352807 -0.2191516 -0.2261769 -0.2375799 -0.2512167 -0.2665582 -0.2833791 -0.3015501 -0.3209919 -0.3416555 -0.3634993 -0.3864495 -0.4102629 -0.4323759 -0.4028459 -0.4028459 -9999.000 -9999.000 -9999.000 -9999.000 -9999.000 -9999.000 -9999.000 -9999.000 -9999.000 -9999.000 -9999.000 -9999.000 -9999.000 -9999.000 -9999.000 -9999.000 -9999.000 -9999.000 -9999.000 -9999.000 -9999.000 -9999.000 -9999.000 -9999.000 -9999.000 -9999.000 -9999.000 -9999.000
-9999.000 -9999.000 -9999.000 -9999.000 -9999.000 -9999.000 -9999.000 -9999.000 -9999.000 -9999.000 -9999.000 -9999.000 -9999.000 -9999.000 -9999.000 -0.2112105 -0.1958543 -0.2044170 -0.2177772 -0.2337424 -0.2517781 -0.2716661 -0.2932990 -0.3166391 -0.3417018 -0.3685346 -0.3971723 -0.4274730 -0.4566143 -0.4288975 -0.4288975 -9999.000 -9999.000 -9999.000 -9999.000 -9999.000 -9999.000 -9999.000 -9999.000 -9999.000 -9999.000 -9999.000 -9999.000 -9999.000 -9999.000 -9999.000 -9999.000 -9999.000 -9999.000 -9999.000 -9999.000 -9999.000 -9999.000 -9999.000 -9999.000 -9999.000 -9999.000 -9999.000 -9999.000
-9999.000 -9999.000 -9999.000 -9999.000 -9999.000 -9999.000 -9999.000 -9999.000 -9999.000 -9999.000 -9999.000 -9999.000 -9999.000 -9999.000 -9999.000 -0.1832482 -0.1704504 -0.1808250 -0.1962403 -0.2146243 -0.2354785 -0.2586135 -0.2839674 -0.3115796 -0.3415853 -0.3742059 -0.4097133 -0.4482539 -0.4870026 -0.4644780 -0.4644780 -9999.000 -9999.000 -9999.000 -9999.000 -9999.000 -9999.000 -9999.000 -9999.000 -9999.000 -9999.000 -9999.000 -9999.000 -9999.000 -9999.000 -9999.000 -9999.000 -9999.000 -9999.000 -9999.000 -9999.000 -9999.000 -9999.000 -9999.000 -9999.000 -9999.000 -9999.000 -9999.000 -9999.000
-9999.000 -9999.000 -9999.000 -9999.000 -9999.000 -9999.000 -9999.000 -9999.000 -9999.000 -9999.000 -9999.000 -9999.000 -9999.000 -9999.000 -9999.000 -0.1508025 -0.1426926 -0.1551874 -0.1727359 -0.1935914 -0.2173401 -0.2438449 -0.2731179 -0.3053215 -0.3407888 -0.3800489 -0.4238385 -0.4729773 -0.5252888 -0.5141382 -0.5141382 -9999.000 -9999.000 -9999.000 -9999.000 -9999.000 -9999.000 -9999.000 -9999.000 -9999.000 -9999.000 -9999.000 -9999.000 -9999.000 -9999.000 -9999.000 -9999.000 -9999.000 -9999.000 -9999.000 -9999.000 -9999.000 -9999.000 -9999.000 -9999.000 -9999.000 -9999.000 -9999.000 -9999.000
-9999.000 -9999.000 -9999.000 -9999.000 -9999.000 -9999.000 -9999.000 -9999.000 -9999.000 -9999.000 -9999.000 -9999.000 -9999.000 -9999.000 -9999.000 -0.1133333 -0.1122600 -0.1271953 -0.1469356 -0.1702747 -0.1969306 -0.2268412 -0.2601196 -0.2971022 -0.3384193 -0.3850996 -0.4387296 -0.5015871 -0.5738139 -0.5870630 -0.5870630 -9999.000 -9999.000 -9999.000 -9999.000 -9999.000 -9999.000 -9999.000 -9999.000 -9999.000 -9999.000 -9999.000 -9999.000 -9999.000 -9999.000 -9999.000 -9999.000 -9999.000 -9999.000 -9999.000 -9999.000 -9999.000 -9999.000 -9999.000 -9999.000 -9999.000 -9999.000 -9999.000 -9999.000
-9999.000 -9999.000 -9999.000 -9999.000 -9999.000 -9999.000 -9999.000 -9999.000 -9999.000 -9999.000 -9999.000 -9999.000 -9999.000 -9999.000 -9999.000 -0.6717639E-01 -0.7804648E-01 -0.9646288E-01 -0.1188128 -0.1447578 -0.1742692 -0.2074300 -0.2445112 -0.2860892 -0.3332020 -0.3876170 -0.4523482 -0.5326351 -0.6352485 -0.7060056 -0.7060056 -9999.000 -9999.000 -9999.000 -9999.000 -9999.000 -9999.000 -9999.000 -9999.000 -9999.000 -9999.000 -9999.000 -9999.000 -9999.000 -9999.000 -9999.000 -9999.000 -9999.000 -9999.000 -9999.000 -9999.000 -9999.000 -9999.000 -9999.000 -9999.000 -9999.000 -9999.000 -9999.000 -9999.000
-0.2989394E-02 -0.2989394E-02 -0.3419298E-02 -0.3762981E-02 -0.3973059E-02 -0.3973059E-02 -0.4271762E-02 -0.5264185E-02 -0.5264185E-02 -0.7251645E-02 -0.7251645E-02 -0.1171323E-01 -0.1606421E-01 -0.2317080E-01 -0.3472664E-01 -0.3472664E-01 -0.8163702E-01 -0.1022697 -0.1240749 -0.1480996 -0.1751584 -0.2060253 -0.2415224 -0.2826344 -0.3307189 -0.3879079 -0.4579332 -0.5480287 -0.6722452 -0.8782781 -0.8782781 -0.7529930 -0.6394218 -0.3413036 -0.1963032 -0.1963032 -0.8100319E-03 -0.8100319E-03 0.7048021E-01 0.7048021E-01 -0.1294109E-01 -0.4591357E-02 -0.4591357E-02 0.1453129E-01 0.1453129E-01 0.1894742E-01 0.1894742E-01 0.1894742E-01 0.1553782E-01 0.1553782E-01 0.1260867E-01 0.1260867E-01 0.9737568E-02 0.9737568E-02 0.9386753E-02 0.9386753E-02 0.6546753E-02 0.6546753E-02 0.6546753E-02
-0.4834731E-02 -0.4834731E-02 -0.5312333E-02 -0.5961498E-02 -0.6507668E-02 -0.6507668E-02 -0.7287361E-02 -0.9851458E-02 -0.9851458E-02 -0.1480331E-01 -0.1480331E-01 -0.2487995E-01 -0.3367089E-01 -0.4676927E-01 -0.6620660E-01 -0.6620660E-01 -0.1242569 -0.1477875 -0.1699513 -0.1918146 -0.2145471 -0.2395121 -0.2682186 -0.3022655 -0.3433513 -0.3934034 -0.4548639 -0.5311382 -0.6255285 -0.7379946 -0.7379946 -0.5656120 -0.4270851 -0.2036853 -0.1136237 -0.1136237 0.3506251E-01 0.3506251E-01 0.1377629 0.1377629 0.4283611E-01 0.3001663E-02 0.3001663E-02 0.3013752E-01 0.3013752E-01 0.3840712E-01 0.3840712E-01 0.3840712E-01 0.3160031E-01 0.3160031E-01 0.2563711E-01 0.2563711E-01 0.2003419E-01 0.2003419E-01 0.1472378E-01 0.1472378E-01 0.1267797E-01 0.1267797E-01 0.1267797E-01
-0.4614090E-02 -0.4614090E-02 -0.5200384E-02 -0.6343984E-02 -0.7320878E-02 -0.7320878E-02 -0.8683913E-02 -0.1309462E-01 -0.1309462E-01 -0.2131919E-01 -0.2131919E-01 -0.3670571E-01 -0.4883710E-01 -0.6529462E-01 -0.8731931E-01 -0.8731931E-01 -0.1477807 -0.1764973 -0.2038637 -0.2299344 -0.2551131 -0.2802403 -0.3065894 -0.3357904 -0.3697121 -0.4103355 -0.4596301 -0.5193357 -0.5892017 -0.6594529 -0.6594529 -0.5510315 -0.4464787 -0.2576847 -0.1717182 -0.1717182 -0.4216061E-02 -0.4216061E-02 0.1477428 0.1477428 0.1464386 0.5095635E-01 0.5095635E-01 0.5030628E-01 0.5030628E-01 0.5252302E-01 0.5252302E-01 0.5252302E-01 0.4518246E-01 0.4518246E-01 0.3679707E-01 0.3679707E-01 0.2872481E-01 0.2872481E-01 0.1808996E-01 0.1808996E-01 0.1632994E-01 0.1632994E-01 0.1632994E-01
-0.4373277E-02 -0.4373277E-02 -0.4998145E-02 -0.6536317E-02 -0.7852769E-02 -0.7852769E-02 -0.9677656E-02 -0.1551203E-01 -0.1551203E-01 -0.2607987E-01 -0.2607987E-01 -0.4488415E-01 -0.5897410E-01 -0.7725484E-01 -0.1005319 -0.1005319 -0.1622309 -0.1945002 -0.2263437 -0.2571482 -0.2866381 -0.3149573 -0.3427136 -0.3709657 -0.4011411 -0.4348739 -0.4737362 -0.5187442 -0.5686154 -0.6130549 -0.6130549 -0.5415562 -0.4613189 -0.2956333 -0.2095959 -0.2095959 -0.2706997E-01 -0.2706997E-01 0.1399116 0.1399116 0.1834171 0.1240396 0.1240396 0.7949793E-01 0.7949793E-01 0.6322385E-01 0.6322385E-01 0.6322385E-01 0.5452595E-01 0.5452595E-01 0.4399267E-01 0.4399267E-01 0.3363170E-01 0.3363170E-01 0.2164698E-01 0.2164698E-01 0.1676509E-01 0.1676509E-01 0.1676509E-01
-0.4075066E-02 -0.4075066E-02 -0.4717721E-02 -0.6548019E-02 -0.8121721E-02 -0.8121721E-02 -0.1029463E-01 -0.1716844E-01 -0.1716844E-01 -0.2934257E-01 -0.2934257E-01 -0.5032767E-01 -0.6561863E-01 -0.8502581E-01 -0.1091721 -0.1091721 -0.1723861 -0.2072215 -0.2424621 -0.2771706 -0.3106893 -0.3426867 -0.3732043 -0.4026761 -0.4318921 -0.4618766 -0.4936367 -0.5276530 -0.5624201 -0.5894436 -0.5894436 -0.5383311 -0.4733585 -0.3174466 -0.2265133 -0.2265133 -0.3356167E-01 -0.3356167E-01 0.1281813 0.1281813 0.1811533 0.1797316 0.1797316 0.1180388 0.1180388 0.7654691E-01 0.7654691E-01 0.7654691E-01 0.6190393E-01 0.6190393E-01 0.4830523E-01 0.4830523E-01 0.3567217E-01 0.3567217E-01 0.2260557E-01 0.2260557E-01 0.1515475E-01 0.1515475E-01 0.1515475E-01
-0.3690020E-02 -0.3690020E-02 -0.4327173E-02 -0.6346856E-02 -0.8091456E-02 -0.8091456E-02 -0.1049327E-01 -0.1802766E-01 -0.1802766E-01 -0.3116227E-01 -0.3116227E-01 -0.5339513E-01 -0.6939537E-01 -0.8955965E-01 -0.1145251 -0.1145251 -0.1803377 -0.2175847 -0.2557161 -0.2936343 -0.3305138 -0.3657849 -0.3991441 -0.4305638 -0.4602734 -0.4886736 -0.5161401 -0.5426058 -0.5664511 -0.5810219 -0.5810219 -0.5393491 -0.4806093 -0.3192477 -0.2213118 -0.2213118 -0.2990093E-01 -0.2990093E-01 0.1142895 0.1142895 0.1644177 0.1989430 0.1989430 0.1548025 0.1548025 0.9244110E-01 0.9244110E-01 0.9244110E-01 0.6926765E-01 0.6926765E-01 0.5124347E-01 0.5124347E-01 0.3596964E-01 0.3596964E-01 0.2175893E-01 0.2175893E-01 0.1236954E-01 0.1236954E-01 0.1236954E-01
-0.3196351E-02 -0.3196351E-02 -0.3804672E-02 -0.5912418E-02 -0.7740454E-02 -0.7740454E-02 -0.1025174E-01 -0.1808102E-01 -0.1808102E-01 -0.3158985E-01 -0.3158985E-01 -0.5427312E-01 -0.7058296E-01 -0.9122933E-01 -0.1170572 -0.1170572 -0.1871076 -0.2272172 -0.2683205 -0.3092017 -0.3489800 -0.3870155 -0.4228573 -0.4562142 -0.4869152 -0.5148280 -0.5397040 -0.5608703 -0.5764396 -0.5808892 -0.5808892 -0.5402840 -0.4785821 -0.3002595 -0.1992436 -0.1992436 -0.2403966E-01 -0.2403966E-01 0.9839141E-01 0.9839141E-01 0.1427072 0.1913607 0.1913607 0.1759247 0.1759247 0.1093774 0.1093774 0.1093774 0.7756291E-01 0.7756291E-01 0.5398423E-01 0.5398423E-01 0.3545243E-01 0.3545243E-01 0.1981983E-01 0.1981983E-01 0.8967620E-02 0.8967620E-02 0.8967620E-02
-0.2580252E-02 -0.2580252E-02 -0.3137632E-02 -0.5236138E-02 -0.7062844E-02 -0.7062844E-02 -0.9568877E-02 -0.1734919E-01 -0.1734919E-01 -0.3069378E-01 -0.3069378E-01 -0.5308701E-01 -0.6931295E-01 -0.9013943E-01 -0.1168400 -0.1168400 -0.1933674 -0.2372285 -0.2818297 -0.3258368 -0.3683719 -0.4088297 -0.4467581 -0.4817668 -0.5134341 -0.5411764 -0.5640968 -0.5807698 -0.5887305 -0.5827482 -0.5827482 -0.5350070 -0.4612069 -0.2662098 -0.1703519 -0.1703519 -0.2045764E-01 -0.2045764E-01 0.8160269E-01 0.8160269E-01 0.1199742 0.1709269 0.1709269 0.1773368 0.1773368 0.1227702 0.1227702 0.1227702 0.8583195E-01 0.8583195E-01 0.5697788E-01 0.5697788E-01 0.3484539E-01 0.3484539E-01 0.1748728E-01 0.1748728E-01 0.5470133E-02 0.5470133E-02 0.5470133E-02
-0.1835314E-02 -0.1835314E-02 -0.2321649E-02 -0.4320533E-02 -0.6066713E-02 -0.6066713E-02 -0.8460889E-02 -0.1587692E-01 -0.1587692E-01 -0.2856296E-01 -0.2856296E-01 -0.4994806E-01 -0.6565830E-01 -0.8625669E-01 -0.1136932 -0.1136932 -0.1998053 -0.2486705 -0.2976161 -0.3452053 -0.3906143 -0.4333487 -0.4730617 -0.5093869 -0.5417513 -0.5691156 -0.5897604 -0.6011671 -0.5998363 -0.5801891 -0.5801891 -0.5171503 -0.4253397 -0.2274916 -0.1430496 -0.1430496 -0.1922264E-01 -0.1922264E-01 0.6540251E-01 0.6540251E-01 0.9814665E-01 0.1458815 0.1458815 0.1638348 0.1638348 0.1280647 0.1280647 0.1280647 0.9157672E-01 0.9157672E-01 0.5962928E-01 0.5962928E-01 0.3442826E-01 0.3442826E-01 0.1534179E-01 0.1534179E-01 0.2405083E-02 0.2405083E-02 0.2405083E-02
-0.9615853E-03 -0.9615853E-03 -0.1359387E-02 -0.3177847E-02 -0.4772365E-02 -0.4772365E-02 -0.6959040E-02 -0.1372850E-01 -0.1372850E-01 -0.2530823E-01 -0.2530823E-01 -0.4498498E-01 -0.5969569E-01 -0.7950073E-01 -0.1072483 -0.1072483 -0.2073936 -0.2628626 -0.3172347 -0.3690411 -0.4175891 -0.4625728 -0.5038470 -0.5411665 -0.5738456 -0.6002089 -0.6172418 -0.6207179 -0.6057181 -0.5662615 -0.5662615 -0.4821362 -0.3758948 -0.1920406 -0.1222181 -0.1222181 -0.1844232E-01 -0.1844232E-01 0.5092533E-01 0.5092533E-01 0.7820865E-01 0.1201162 0.1201162 0.1420196 0.1420196 0.1234772 0.1234772 0.1234772 0.9218207E-01 0.9218207E-01 0.6053352E-01 0.6053352E-01 0.3390202E-01 0.3390202E-01 0.1369757E-01 0.1369757E-01 0.2393944E-03 0.2393944E-03 0.2393944E-03
0.3503302E-04 0.3503302E-04 -0.2592338E-03 -0.1828946E-02 -0.3210329E-02 -0.3210329E-02 -0.5106375E-02 -0.1098408E-01 -0.1098408E-01 -0.2106197E-01 -0.2106197E-01 -0.3836779E-01 -0.5156216E-01 -0.6985419E-01 -0.9707052E-01 -0.9707052E-01 -0.2177089 -0.2817237 -0.3427759 -0.3995116 -0.4514881 -0.4986869 -0.5412825 -0.5792494 -0.6117600 -0.6360028 -0.6467031 -0.6372910 -0.6022480 -0.5372493 -0.5372493 -0.4308621 -0.3213827 -0.1603763 -0.1046072 -0.1046072 -0.1714068E-01 -0.1714068E-01 0.3840234E-01 0.3840234E-01 0.6029402E-01 0.9511770E-01 0.9511770E-01 0.1164367 0.1164367 0.1099941 0.1099941 0.1099941 0.8616579E-01 0.8616579E-01 0.5812149E-01 0.5812149E-01 0.3249605E-01 0.3249605E-01 0.1251374E-01 0.1251374E-01 -0.7314597E-03 -0.7314597E-03 -0.7314597E-03
