cruce_test.gid/Rasters/Hydraulic/Velocity__y_183.0.asc
NCOLS        79
NROWS        79
XLLCENTER         -1.500000
YLLCENTER         -4.800000
CELLSIZE           0.100
NODATA_VALUE     -9999.0
[rows 0 to 26 of 79, columns 0 to 58 of 79]
-9999.000 -9999.000 -9999.000 -9999.000 -9999.000 -9999.000 -9999.000 -9999.000 -9999.000 -9999.000 -9999.000 -9999.000 -9999.000 -9999.000 -9999.000 -0.9486570E-01 -0.9218040E-01 -0.9107721E-01 -0.9072456E-01 -0.9114995E-01 -0.9183761E-01 -0.9256656E-01 -0.9328792E-01 -0.9393886E-01 -0.9448798E-01 -0.9497674E-01 -0.9543239E-01 -0.9600800E-01 -0.9726355E-01 -0.9850129E-01 -0.9850129E-01 -9999.000 -9999.000 -9999.000 -9999.000 -9999.000 -9999.000 -9999.000 -9999.000 -9999.000 -9999.000 -9999.000 -9999.000 -9999.000 -9999.000 -9999.000 -9999.000 -9999.000 -9999.000 -9999.000 -9999.000 -9999.000 -9999.000 -9999.000 -9999.000 -9999.000 -9999.000 -9999.000 -9999.000
-9999.000 -9999.000 -9999.000 -9999.000 -9999.000 -9999.000 -9999.000 -9999.000 -9999.000 -9999.000 -9999.000 -9999.000 -9999.000 -9999.000 -9999.000 -0.9464809E-01 -0.8901631E-01 -0.8665814E-01 -0.8592208E-01 -0.8688013E-01 -0.8843796E-01 -0.9011737E-01 -0.9180319E-01 -0.9335250E-01 -0.9468992E-01 -0.9589637E-01 -0.9702425E-01 -0.9838989E-01 -0.1011620 -0.1041838 -0.1041838 -9999.000 -9999.000 -9999.000 -9999.000 -9999.000 -9999.000 -9999.000 -9999.000 -9999.000 -9999.000 -9999.000 -9999.000 -9999.000 -9999.000 -9999.000 -9999.000 -9999.000 -9999.000 -9999.000 -9999.000 -9999.000 -9999.000 -9999.000 -9999.000 -9999.000 -9999.000 -9999.000 -9999.000
-9999.000 -9999.000 -9999.000 -9999.000 -9999.000 -9999.000 -9999.000 -9999.000 -9999.000 -9999.000 -9999.000 -9999.000 -9999.000 -9999.000 -9999.000 -0.9329440E-01 -0.8445551E-01 -0.8065894E-01 -0.7952972E-01 -0.8120493E-01 -0.8392010E-01 -0.8689032E-01 -0.8991310E-01 -0.9273970E-01 -0.9523132E-01 -0.9750536E-01 -0.9963242E-01 -0.1021071 -0.1067885 -0.1123243 -0.1123243 -9999.000 -9999.000 -9999.000 -9999.000 -9999.000 -9999.000 -9999.000 -9999.000 -9999.000 -9999.000 -9999.000 -9999.000 -9999.000 -9999.000 -9999.000 -9999.000 -9999.000 -9999.000 -9999.000 -9999.000 -9999.000 -9999.000 -9999.000 -9999.000 -9999.000 -9999.000 -9999.000 -9999.000
-9999.000 -9999.000 -9999.000 -9999.000 -9999.000 -9999.000 -9999.000 -9999.000 -9999.000 -9999.000 -9999.000 -9999.000 -9999.000 -9999.000 -9999.000 -0.9142049E-01 -0.7939228E-01 -0.7415497E-01 -0.7266602E-01 -0.7513731E-01 -0.7910822E-01 -0.8347767E-01 -0.8795437E-01 -0.9217716E-01 -0.9593815E-01 -0.9939047E-01 -0.1026173 -0.1062962 -0.1130094 -0.1215402 -0.1215402 -9999.000 -9999.000 -9999.000 -9999.000 -9999.000 -9999.000 -9999.000 -9999.000 -9999.000 -9999.000 -9999.000 -9999.000 -9999.000 -9999.000 -9999.000 -9999.000 -9999.000 -9999.000 -9999.000 -9999.000 -9999.000 -9999.000 -9999.000 -9999.000 -9999.000 -9999.000 -9999.000 -9999.000
-9999.000 -9999.000 -9999.000 -9999.000 -9999.000 -9999.000 -9999.000 -9999.000 -9999.000 -9999.000 -9999.000 -9999.000 -9999.000 -9999.000 -9999.000 -0.8925670E-01 -0.7400901E-01 -0.6730969E-01 -0.6546967E-01 -0.6879068E-01 -0.7408430E-01 -0.7992414E-01 -0.8593033E-01 -0.9162478E-01 -0.9672537E-01 -0.1014249 -0.1058161 -0.1107687 -0.1196327 -0.1316717 -0.1316717 -9999.000 -9999.000 -9999.000 -9999.000 -9999.000 -9999.000 -9999.000 -9999.000 -9999.000 -9999.000 -9999.000 -9999.000 -9999.000 -9999.000 -9999.000 -9999.000 -9999.000 -9999.000 -9999.000 -9999.000 -9999.000 -9999.000 -9999.000 -9999.000 -9999.000 -9999.000 -9999.000 -9999.000
-9999.000 -9999.000 -9999.000 -9999.000 -9999.000 -9999.000 -9999.000 -9999.000 -9999.000 -9999.000 -9999.000 -9999.000 -9999.000 -9999.000 -9999.000 -0.8688847E-01 -0.6837684E-01 -0.6018895E-01 -0.5799668E-01 -0.6221185E-01 -0.6888144E-01 -0.7624542E-01 -0.8383806E-01 -0.9105995E-01 -0.9754980E-01 -0.1035473 -0.1091520 -0.1154380 -0.1265792 -0.1427181 -0.1427181 -9999.000 -9999.000 -9999.000 -9999.000 -9999.000 -9999.000 -9999.000 -9999.000 -9999.000 -9999.000 -9999.000 -9999.000 -9999.000 -9999.000 -9999.000 -9999.000 -9999.000 -9999.000 -9999.000 -9999.000 -9999.000 -9999.000 -9999.000 -9999.000 -9999.000 -9999.000 -9999.000 -9999.000
-9999.000 -9999.000 -9999.000 -9999.000 -9999.000 -9999.000 -9999.000 -9999.000 -9999.000 -9999.000 -9999.000 -9999.000 -9999.000 -9999.000 -9999.000 -0.8433490E-01 -0.6251504E-01 -0.5281161E-01 -0.5026298E-01 -0.5541478E-01 -0.6350918E-01 -0.7244372E-01 -0.8167228E-01 -0.9046768E-01 -0.9838633E-01 -0.1057240 -0.1125843 -0.1202617 -0.1338208 -0.1547694 -0.1547694 -9999.000 -9999.000 -9999.000 -9999.000 -9999.000 -9999.000 -9999.000 -9999.000 -9999.000 -9999.000 -9999.000 -9999.000 -9999.000 -9999.000 -9999.000 -9999.000 -9999.000 -9999.000 -9999.000 -9999.000 -9999.000 -9999.000 -9999.000 -9999.000 -9999.000 -9999.000 -9999.000 -9999.000
-9999.000 -9999.000 -9999.000 -9999.000 -9999.000 -9999.000 -9999.000 -9999.000 -9999.000 -9999.000 -9999.000 -9999.000 -9999.000 -9999.000 -9999.000 -0.8158225E-01 -0.5641613E-01 -0.4517327E-01 -0.4226446E-01 -0.4839811E-01 -0.5796542E-01 -0.6851391E-01 -0.7942400E-01 -0.8983521E-01 -0.9921655E-01 -0.1079326 -0.1160869 -0.1252147 -0.1413525 -0.1679820 -0.1679820 -9999.000 -9999.000 -9999.000 -9999.000 -9999.000 -9999.000 -9999.000 -9999.000 -9999.000 -9999.000 -9999.000 -9999.000 -9999.000 -9999.000 -9999.000 -9999.000 -9999.000 -9999.000 -9999.000 -9999.000 -9999.000 -9999.000 -9999.000 -9999.000 -9999.000 -9999.000 -9999.000 -9999.000
-9999.000 -9999.000 -9999.000 -9999.000 -9999.000 -9999.000 -9999.000 -9999.000 -9999.000 -9999.000 -9999.000 -9999.000 -9999.000 -9999.000 -9999.000 -0.7859769E-01 -0.5005901E-01 -0.3725698E-01 -0.3398569E-01 -0.4115159E-01 -0.5224099E-01 -0.6444567E-01 -0.7708156E-01 -0.8914836E-01 -0.1000217 -0.1101518 -0.1196366 -0.1302768 -0.1491785 -0.1825748 -0.1825748 -9999.000 -9999.000 -9999.000 -9999.000 -9999.000 -9999.000 -9999.000 -9999.000 -9999.000 -9999.000 -9999.000 -9999.000 -9999.000 -9999.000 -9999.000 -9999.000 -9999.000 -9999.000 -9999.000 -9999.000 -9999.000 -9999.000 -9999.000 -9999.000 -9999.000 -9999.000 -9999.000 -9999.000
-9999.000 -9999.000 -9999.000 -9999.000 -9999.000 -9999.000 -9999.000 -9999.000 -9999.000 -9999.000 -9999.000 -9999.000 -9999.000 -9999.000 -9999.000 -0.7533453E-01 -0.4341203E-01 -0.2903655E-01 -0.2540447E-01 -0.3365891E-01 -0.4632213E-01 -0.6022419E-01 -0.7462913E-01 -0.8838871E-01 -0.1007794 -0.1123574 -0.1232073 -0.1354259 -0.1573054 -0.1988414 -0.1988414 -9999.000 -9999.000 -9999.000 -9999.000 -9999.000 -9999.000 -9999.000 -9999.000 -9999.000 -9999.000 -9999.000 -9999.000 -9999.000 -9999.000 -9999.000 -9999.000 -9999.000 -9999.000 -9999.000 -9999.000 -9999.000 -9999.000 -9999.000 -9999.000 -9999.000 -9999.000 -9999.000 -9999.000
-9999.000 -9999.000 -9999.000 -9999.000 -9999.000 -9999.000 -9999.000 -9999.000 -9999.000 -9999.000 -9999.000 -9999.000 -9999.000 -9999.000 -9999.000 -0.7173335E-01 -0.3643403E-01 -0.2047718E-01 -0.1649024E-01 -0.2589780E-01 -0.4018914E-01 -0.5582902E-01 -0.7204563E-01 -0.8753300E-01 -0.1014610 -0.1145176 -0.1267647 -0.1406318 -0.1657376 -0.2171739 -0.2171739 -9999.000 -9999.000 -9999.000 -9999.000 -9999.000 -9999.000 -9999.000 -9999.000 -9999.000 -9999.000 -9999.000 -9999.000 -9999.000 -9999.000 -9999.000 -9999.000 -9999.000 -9999.000 -9999.000 -9999.000 -9999.000 -9999.000 -9999.000 -9999.000 -9999.000 -9999.000 -9999.000 -9999.000
-9999.000 -9999.000 -9999.000 -9999.000 -9999.000 -9999.000 -9999.000 -9999.000 -9999.000 -9999.000 -9999.000 -9999.000 -9999.000 -9999.000 -9999.000 -0.6771935E-01 -0.2907226E-01 -0.1153426E-01 -0.7203879E-02 -0.1783807E-01 -0.3381513E-01 -0.5123230E-01 -0.6930213E-01 -0.8654870E-01 -0.1020273 -0.1165900 -0.1302613 -0.1458506 -0.1744712 -0.2381034 -0.2381034 -9999.000 -9999.000 -9999.000 -9999.000 -9999.000 -9999.000 -9999.000 -9999.000 -9999.000 -9999.000 -9999.000 -9999.000 -9999.000 -9999.000 -9999.000 -9999.000 -9999.000 -9999.000 -9999.000 -9999.000 -9999.000 -9999.000 -9999.000 -9999.000 -9999.000 -9999.000 -9999.000 -9999.000
-9999.000 -9999.000 -9999.000 -9999.000 -9999.000 -9999.000 -9999.000 -9999.000 -9999.000 -9999.000 -9999.000 -9999.000 -9999.000 -9999.000 -9999.000 -0.6318578E-01 -0.2124841E-01 -0.2140590E-02 0.2507830E-02 -0.9443950E-02 -0.2716746E-01 -0.4640000E-01 -0.6636259E-01 -0.8539445E-01 -0.1024268 -0.1185166 -0.1336312 -0.1510182 -0.1834896 -0.2623673 -0.2623673 -9999.000 -9999.000 -9999.000 -9999.000 -9999.000 -9999.000 -9999.000 -9999.000 -9999.000 -9999.000 -9999.000 -9999.000 -9999.000 -9999.000 -9999.000 -9999.000 -9999.000 -9999.000 -9999.000 -9999.000 -9999.000 -9999.000 -9999.000 -9999.000 -9999.000 -9999.000 -9999.000 -9999.000
-9999.000 -9999.000 -9999.000 -9999.000 -9999.000 -9999.000 -9999.000 -9999.000 -9999.000 -9999.000 -9999.000 -9999.000 -9999.000 -9999.000 -9999.000 -0.5725173E-01 -0.1228172E-01 0.8135283E-02 0.1269045E-01 -0.8591472E-03 -0.2040391E-01 -0.4148089E-01 -0.6335622E-01 -0.8417072E-01 -0.1027242 -0.1203318 -0.1368793 -0.1561253 -0.1928292 -0.2911111 -0.2911111 -9999.000 -9999.000 -9999.000 -9999.000 -9999.000 -9999.000 -9999.000 -9999.000 -9999.000 -9999.000 -9999.000 -9999.000 -9999.000 -9999.000 -9999.000 -9999.000 -9999.000 -9999.000 -9999.000 -9999.000 -9999.000 -9999.000 -9999.000 -9999.000 -9999.000 -9999.000 -9999.000 -9999.000
-9999.000 -9999.000 -9999.000 -9999.000 -9999.000 -9999.000 -9999.000 -9999.000 -9999.000 -9999.000 -9999.000 -9999.000 -9999.000 -9999.000 -9999.000 -0.5874353E-02 0.1447076E-01 0.2041820E-01 0.1411177E-01 -0.3877586E-02 -0.2354552E-01 -0.4469515E-01 -0.6681669E-01 -0.8791039E-01 -0.1066819 -0.1247589 -0.1418740 -0.1623293 -0.2029625 -0.3240670 -0.3240670 -9999.000 -9999.000 -9999.000 -9999.000 -9999.000 -9999.000 -9999.000 -9999.000 -9999.000 -9999.000 -9999.000 -9999.000 -9999.000 -9999.000 -9999.000 -9999.000 -9999.000 -9999.000 -9999.000 -9999.000 -9999.000 -9999.000 -9999.000 -9999.000 -9999.000 -9999.000 -9999.000 -9999.000
-0.3956525E-02 -0.3956525E-02 -0.4816852E-02 -0.6571824E-02 -0.6470917E-02 -0.6470917E-02 -0.6434600E-02 -0.6414901E-02 -0.6414901E-02 -0.6393461E-02 -0.6393461E-02 -0.6360529E-02 -0.6341977E-02 -0.6322795E-02 -0.6302881E-02 -0.6302881E-02 0.3218682E-01 0.2876680E-01 0.1553035E-01 -0.5340373E-02 -0.3046556E-01 -0.5890498E-01 -0.8960836E-01 -0.1210293 -0.1516004 -0.1807183 -0.2077418 -0.2336895 -0.2652790 -0.3340172 -0.3340172 -0.1883934 -0.1031906 -0.3770004E-01 -0.2889440E-01 -0.2889440E-01 -0.2290613E-01 -0.2290613E-01 -0.1251410E-01 -0.1251410E-01 -0.2519706E-02 0.2341602E-01 0.2341602E-01 0.3002376E-01 0.3002376E-01 -0.2846880E-02 -0.2846880E-02 -0.2846880E-02 -0.9528073E-03 -0.9528073E-03 -0.1186789E-03 -0.1186789E-03 -0.6565467E-03 -0.6565467E-03 -0.1746630E-02 -0.1746630E-02 -0.2898068E-02 -0.2898068E-02 -0.2898068E-02
-0.5746796E-02 -0.5746796E-02 -0.7290772E-02 -0.9406732E-02 -0.9118948E-02 -0.9118948E-02 -0.9022583E-02 -0.9009109E-02 -0.9009109E-02 -0.9010520E-02 -0.9010520E-02 -0.8988101E-02 -0.8972533E-02 -0.8955244E-02 -0.8937136E-02 -0.8937136E-02 0.2649036E-01 0.2422587E-01 0.1087456E-01 -0.1202982E-01 -0.4394137E-01 -0.8264365E-01 -0.1261562 -0.1728219 -0.2209352 -0.2684371 -0.3137512 -0.3550856 -0.3901676 -0.4143501 -0.4143501 -0.2842175 -0.1915558 -0.1027294 -0.8525062E-01 -0.8525062E-01 -0.6423737E-01 -0.6423737E-01 -0.2785114E-01 -0.2785114E-01 0.2620766E-02 0.7462052E-01 0.7462052E-01 0.1015904 0.1015904 0.2436429E-01 0.2436429E-01 0.2436429E-01 0.9078874E-02 0.9078874E-02 0.1950006E-02 0.1950006E-02 -0.2882990E-02 -0.2882990E-02 -0.6741235E-02 -0.6741235E-02 -0.9699440E-02 -0.9699440E-02 -0.9699440E-02
-0.3989847E-02 -0.3989847E-02 -0.6650207E-02 -0.8093391E-02 -0.7728796E-02 -0.7728796E-02 -0.7587217E-02 -0.7585554E-02 -0.7585554E-02 -0.7626940E-02 -0.7626940E-02 -0.7635478E-02 -0.7632811E-02 -0.7627892E-02 -0.7622561E-02 -0.7622561E-02 0.1733633E-01 0.1531584E-01 0.2141250E-02 -0.2103116E-01 -0.5356377E-01 -0.9390095E-01 -0.1404218 -0.1917235 -0.2464248 -0.3028070 -0.3592724 -0.4139066 -0.4638713 -0.5029307 -0.5029307 -0.4201791 -0.3406345 -0.2306750 -0.1958144 -0.1958144 -0.1361162 -0.1361162 -0.4642280E-01 -0.4642280E-01 0.1646015E-01 0.1453608 0.1453608 0.2022707 0.2022707 0.9014954E-01 0.9014954E-01 0.9014954E-01 0.3662584E-01 0.3662584E-01 0.8454281E-02 0.8454281E-02 -0.7067228E-02 -0.7067228E-02 -0.1648378E-01 -0.1648378E-01 -0.2216035E-01 -0.2216035E-01 -0.2216035E-01
-0.2225270E-02 -0.2225270E-02 -0.6019933E-02 -0.6659032E-02 -0.6241526E-02 -0.6241526E-02 -0.6065681E-02 -0.6052415E-02 -0.6052415E-02 -0.6099890E-02 -0.6099890E-02 -0.6110686E-02 -0.6108014E-02 -0.6103537E-02 -0.6098475E-02 -0.6098475E-02 0.8399509E-02 0.4324133E-02 -0.1012470E-01 -0.3425002E-01 -0.6734893E-01 -0.1082556 -0.1556555 -0.2083491 -0.2652198 -0.3249731 -0.3863149 -0.4476758 -0.5065511 -0.5571080 -0.5571080 -0.5216642 -0.4667024 -0.3617022 -0.3152354 -0.3152354 -0.2090875 -0.2090875 -0.4935947E-01 -0.4935947E-01 0.4511920E-01 0.2075595 0.2075595 0.2762755 0.2762755 0.1578543 0.1578543 0.1578543 0.7167906E-01 0.7167906E-01 0.1896909E-01 0.1896909E-01 -0.1078189E-01 -0.1078189E-01 -0.2761617E-01 -0.2761617E-01 -0.3658324E-01 -0.3658324E-01 -0.3658324E-01
-0.4510828E-03 -0.4510828E-03 -0.5458023E-02 -0.5163246E-02 -0.4732281E-02 -0.4732281E-02 -0.4549183E-02 -0.4527118E-02 -0.4527118E-02 -0.4571654E-02 -0.4571654E-02 -0.4581056E-02 -0.4578015E-02 -0.4573440E-02 -0.4568386E-02 -0.4568386E-02 -0.3257954E-03 -0.8432629E-02 -0.2587528E-01 -0.5220275E-01 -0.8674672E-01 -0.1285988 -0.1767240 -0.2301210 -0.2878559 -0.3489130 -0.4122516 -0.4766390 -0.5400967 -0.5978658 -0.5978658 -0.5972246 -0.5677773 -0.4785367 -0.4218987 -0.4218987 -0.2570862 -0.2570862 -0.2606748E-01 -0.2606748E-01 0.8611292E-01 0.2490780 0.2490780 0.3138824 0.3138824 0.2109254 0.2109254 0.2109254 0.1077590 0.1077590 0.3373243E-01 0.3373243E-01 -0.1143393E-01 -0.1143393E-01 -0.3714526E-01 -0.3714526E-01 -0.5019297E-01 -0.5019297E-01 -0.5019297E-01
0.3551059E-03 0.3551059E-03 -0.4170443E-02 -0.3526390E-02 -0.3181589E-02 -0.3181589E-02 -0.3033108E-02 -0.3011549E-02 -0.3011549E-02 -0.3046039E-02 -0.3046039E-02 -0.3052724E-02 -0.3050286E-02 -0.3046534E-02 -0.3042515E-02 -0.3042515E-02 -0.9371374E-02 -0.2320543E-01 -0.4539292E-01 -0.7540001E-01 -0.1125487 -0.1560988 -0.2052690 -0.2592959 -0.3174571 -0.3789833 -0.4430559 -0.5087045 -0.5743908 -0.6363986 -0.6363986 -0.6592440 -0.6512029 -0.5735403 -0.4987938 -0.4987938 -0.2580292 -0.2580292 0.1666906E-01 0.1666906E-01 0.1248248 0.2638884 0.2638884 0.3192651 0.3192651 0.2429655 0.2429655 0.2429655 0.1394695 0.1394695 0.5154973E-01 0.5154973E-01 -0.8010344E-02 -0.8010344E-02 -0.4345116E-01 -0.4345116E-01 -0.6139326E-01 -0.6139326E-01 -0.6139326E-01
0.1772683E-03 0.1772683E-03 -0.2085849E-02 -0.1770494E-02 -0.1592393E-02 -0.1592393E-02 -0.1514207E-02 -0.1503983E-02 -0.1503983E-02 -0.1522866E-02 -0.1522866E-02 -0.1526629E-02 -0.1525394E-02 -0.1523499E-02 -0.1521334E-02 -0.1521334E-02 -0.1952711E-01 -0.4070579E-01 -0.6939133E-01 -0.1046684 -0.1457417 -0.1919509 -0.2427216 -0.2975426 -0.3559461 -0.4174361 -0.4814515 -0.5472837 -0.6137634 -0.6779674 -0.6779674 -0.7157050 -0.7227481 -0.6362145 -0.5248327 -0.5248327 -0.2082410 -0.2082410 0.5793858E-01 0.5793858E-01 0.1459828 0.2541642 0.2541642 0.3015716 0.3015716 0.2537745 0.2537745 0.2537745 0.1622929 0.1622929 0.6985790E-01 0.6985790E-01 -0.7562633E-03 -0.7562633E-03 -0.4571513E-01 -0.4571513E-01 -0.6908253E-01 -0.6908253E-01 -0.6908253E-01
-0.3310061E-06 -0.3310061E-06 -0.4760308E-06 -0.1733821E-06 -0.2118409E-08 -0.2118409E-08 -0.4644216E-07 -0.2070185E-06 -0.2070185E-06 0.4750171E-07 0.4750171E-07 0.4404603E-07 0.3870665E-07 0.5352996E-07 0.1751113E-06 0.1751113E-06 -0.3188862E-01 -0.6216564E-01 -0.9915385E-01 -0.1413415 -0.1877154 -0.2376299 -0.2906764 -0.3465886 -0.4051760 -0.4662452 -0.5295364 -0.5946413 -0.6607260 -0.7252984 -0.7252984 -0.7706997 -0.7833071 -0.6444763 -0.4783346 -0.4783346 -0.1326676 -0.1326676 0.8000825E-01 0.8000825E-01 0.1446979 0.2274691 0.2274691 0.2699144 0.2699144 0.2466090 0.2466090 0.2466090 0.1733367 0.1733367 0.8532721E-01 0.8532721E-01 0.8973878E-02 0.8973878E-02 -0.4381525E-01 -0.4381525E-01 -0.7248498E-01 -0.7248498E-01 -0.7248498E-01
-0.1785867E-03 -0.1785867E-03 0.2086101E-02 0.1769513E-02 0.1592306E-02 0.1592306E-02 0.1514240E-02 0.1503625E-02 0.1503625E-02 0.1522753E-02 0.1522753E-02 0.1526718E-02 0.1525520E-02 0.1523663E-02 0.1521706E-02 0.1521706E-02 -0.4805432E-01 -0.8954637E-01 -0.1367809 -0.1875360 -0.2405433 -0.2951607 -0.3511384 -0.4084554 -0.4672093 -0.5275230 -0.5894656 -0.6529584 -0.7174287 -0.7800494 -0.7800494 -0.8244898 -0.8242729 -0.5698705 -0.3637247 -0.3637247 -0.6785274E-01 -0.6785274E-01 0.7957385E-01 0.7957385E-01 0.1263017 0.1920769 0.1920769 0.2312111 0.2312111 0.2259949 0.2259949 0.2259949 0.1718728 0.1718728 0.9488405E-01 0.9488405E-01 0.1905204E-01 0.1905204E-01 -0.3829856E-01 -0.3829856E-01 -0.7116792E-01 -0.7116792E-01 -0.7116792E-01
-0.3578297E-03 -0.3578297E-03 0.4169986E-02 0.3525168E-02 0.3180505E-02 0.3180505E-02 0.3033017E-02 0.3011226E-02 0.3011226E-02 0.3045766E-02 0.3045766E-02 0.3052649E-02 0.3050322E-02 0.3046894E-02 0.3043011E-02 0.3043011E-02 -0.7049163E-01 -0.1259177 -0.1855490 -0.2464863 -0.3072859 -0.3673877 -0.4267542 -0.4856412 -0.5444524 -0.6036338 -0.6635903 -0.7245637 -0.7859473 -0.8422488 -0.8422488 -0.8689631 -0.8158910 -0.4155686 -0.2293143 -0.2293143 -0.3252544E-01 -0.3252544E-01 0.6455649E-01 0.6455649E-01 0.9971401E-01 0.1540547 0.1540547 0.1897874 0.1897874 0.1961765 0.1961765 0.1961765 0.1589947 0.1589947 0.9654550E-01 0.9654550E-01 0.2715911E-01 0.2715911E-01 -0.3026073E-01 -0.3026073E-01 -0.6511469E-01 -0.6511469E-01 -0.6511469E-01
0.4507104E-03 0.4507104E-03 0.5457538E-02 0.5162950E-02 0.4732009E-02 0.4732009E-02 0.4548980E-02 0.4526970E-02 0.4526970E-02 0.4571559E-02 0.4571559E-02 0.4580906E-02 0.4577955E-02 0.4573673E-02 0.4568835E-02 0.4568835E-02 -0.1032743 -0.1761983 -0.2505726 -0.3231135 -0.3924772 -0.4583927 -0.5211712 -0.5814250 -0.6399015 -0.6973792 -0.7545922 -0.8120146 -0.8678450 -0.9055781 -0.9055781 -0.8711301 -0.7009960 -0.2448840 -0.1292793 -0.1292793 -0.2132711E-01 -0.2132711E-01 0.4452034E-01 0.4452034E-01 0.7185848E-01 0.1167846 0.1167846 0.1480380 0.1480380 0.1605589 0.1605589 0.1605589 0.1368801 0.1368801 0.8980059E-01 0.8980059E-01 0.3145163E-01 0.3145163E-01 -0.2105965E-01 -0.2105965E-01 -0.5473349E-01 -0.5473349E-01 -0.5473349E-01
0.2227371E-02 0.2227371E-02 0.6019420E-02 0.6659654E-02 0.6242301E-02 0.6242301E-02 0.6065245E-02 0.6052364E-02 0.6052364E-02 0.6099857E-02 0.6099857E-02 0.6110632E-02 0.6107963E-02 0.6103468E-02 0.6098717E-02 0.6098717E-02 -0.1536829 -0.2486689 -0.3400928 -0.4250868 -0.5029948 -0.5742184 -0.6396514 -0.7003912 -0.7575899 -0.8123730 -0.8657888 -0.9181752 -0.9615016 -0.9370262 -0.9370262 -0.7507383 -0.4598186 -0.1260496 -0.7770581E-01 -0.7770581E-01 -0.2045049E-01 -0.2045049E-01 0.2541484E-01 0.2541484E-01 0.4633347E-01 0.8182102E-01 0.8182102E-01 0.1073122 0.1073122 0.1217695 0.1217695 0.1217695 0.1081367 0.1081367 0.7552557E-01 0.7552557E-01 0.3105125E-01 0.3105125E-01 -0.1194172E-01 -0.1194172E-01 -0.4080658E-01 -0.4080658E-01 -0.4080658E-01
