cruce_test.gid/Rasters/Hydraulic/Velocity__x_286.0.asc
NCOLS        79
NROWS        79
XLLCENTER         -1.500000
YLLCENTER         -4.800000
CELLSIZE           0.100
NODATA_VALUE     -9999.0
[rows 0 to 25 of 79, columns 0 to 57 of 79]
-9999.000 -9999.000 -9999.000 -9999.000 -9999.000 -9999.000 -9999.000 -9999.000 -9999.000 -9999.000 -9999.000 -9999.000 -9999.000 -9999.000 -9999.000 -0.3797154E-03 0.9451837E-03 0.4552132E-02 0.8687863E-02 0.1242684E-01 0.1536977E-01 0.1740569E-01 0.1853099E-01 0.1882481E-01 0.1838735E-01 0.1729577E-01 0.1559869E-01 0.1317810E-01 0.9341864E-02 0.4588624E-02 0.4588624E-02 -9999.000 -9999.000 -9999.000 -9999.000 -9999.000 -9999.000 -9999.000 -9999.000 -9999.000 -9999.000 -9999.000 -9999.000 -9999.000 -9999.000 -9999.000 -9999.000 -9999.000 -9999.000 -9999.000 -9999.000 -9999.000 -9999.000 -9999.000 -9999.000 -9999.000 -9999.000 -9999.000
-9999.000 -9999.000 -9999.000 -9999.000 -9999.000 -9999.000 -9999.000 -9999.000 -9999.000 -9999.000 -9999.000 -9999.000 -9999.000 -9999.000 -9999.000 0.8482376E-03 0.3387290E-02 0.8099957E-02 0.1323450E-01 0.1787855E-01 0.2158638E-01 0.2418483E-01 0.2561764E-01 0.2592268E-01 0.2517410E-01 0.2344048E-01 0.2077741E-01 0.1710613E-01 0.1186431E-01 0.5809079E-02 0.5809079E-02 -9999.000 -9999.000 -9999.000 -9999.000 -9999.000 -9999.000 -9999.000 -9999.000 -9999.000 -9999.000 -9999.000 -9999.000 -9999.000 -9999.000 -9999.000 -9999.000 -9999.000 -9999.000 -9999.000 -9999.000 -9999.000 -9999.000 -9999.000 -9999.000 -9999.000 -9999.000 -9999.000
-9999.000 -9999.000 -9999.000 -9999.000 -9999.000 -9999.000 -9999.000 -9999.000 -9999.000 -9999.000 -9999.000 -9999.000 -9999.000 -9999.000 -9999.000 0.1379109E-02 0.4523576E-02 0.9914828E-02 0.1567699E-01 0.2085950E-01 0.2499178E-01 0.2788333E-01 0.2946427E-01 0.2976559E-01 0.2886012E-01 0.2682035E-01 0.2371313E-01 0.1947175E-01 0.1352855E-01 0.6662007E-02 0.6662007E-02 -9999.000 -9999.000 -9999.000 -9999.000 -9999.000 -9999.000 -9999.000 -9999.000 -9999.000 -9999.000 -9999.000 -9999.000 -9999.000 -9999.000 -9999.000 -9999.000 -9999.000 -9999.000 -9999.000 -9999.000 -9999.000 -9999.000 -9999.000 -9999.000 -9999.000 -9999.000 -9999.000
-9999.000 -9999.000 -9999.000 -9999.000 -9999.000 -9999.000 -9999.000 -9999.000 -9999.000 -9999.000 -9999.000 -9999.000 -9999.000 -9999.000 -9999.000 0.1683348E-02 0.5191631E-02 0.1101060E-01 0.1717826E-01 0.2271161E-01 0.2712276E-01 0.3021212E-01 0.3190345E-01 0.3222652E-01 0.3125446E-01 0.2906243E-01 0.2572240E-01 0.2116623E-01 0.1479698E-01 0.7342263E-02 0.7342263E-02 -9999.000 -9999.000 -9999.000 -9999.000 -9999.000 -9999.000 -9999.000 -9999.000 -9999.000 -9999.000 -9999.000 -9999.000 -9999.000 -9999.000 -9999.000 -9999.000 -9999.000 -9999.000 -9999.000 -9999.000 -9999.000 -9999.000 -9999.000 -9999.000 -9999.000 -9999.000 -9999.000
-9999.000 -9999.000 -9999.000 -9999.000 -9999.000 -9999.000 -9999.000 -9999.000 -9999.000 -9999.000 -9999.000 -9999.000 -9999.000 -9999.000 -9999.000 0.1904516E-02 0.5683253E-02 0.1182624E-01 0.1830420E-01 0.2410701E-01 0.2873580E-01 0.3198520E-01 0.3377560E-01 0.3413740E-01 0.3314495E-01 0.3087406E-01 0.2739810E-01 0.2264209E-01 0.1596483E-01 0.7992530E-02 0.7992530E-02 -9999.000 -9999.000 -9999.000 -9999.000 -9999.000 -9999.000 -9999.000 -9999.000 -9999.000 -9999.000 -9999.000 -9999.000 -9999.000 -9999.000 -9999.000 -9999.000 -9999.000 -9999.000 -9999.000 -9999.000 -9999.000 -9999.000 -9999.000 -9999.000 -9999.000 -9999.000 -9999.000
-9999.000 -9999.000 -9999.000 -9999.000 -9999.000 -9999.000 -9999.000 -9999.000 -9999.000 -9999.000 -9999.000 -9999.000 -9999.000 -9999.000 -9999.000 0.2105792E-02 0.6129560E-02 0.1256349E-01 0.1931853E-01 0.2536120E-01 0.3018491E-01 0.3358215E-01 0.3547119E-01 0.3588472E-01 0.3489801E-01 0.3258657E-01 0.2902454E-01 0.2412490E-01 0.1718829E-01 0.8692538E-02 0.8692538E-02 -9999.000 -9999.000 -9999.000 -9999.000 -9999.000 -9999.000 -9999.000 -9999.000 -9999.000 -9999.000 -9999.000 -9999.000 -9999.000 -9999.000 -9999.000 -9999.000 -9999.000 -9999.000 -9999.000 -9999.000 -9999.000 -9999.000 -9999.000 -9999.000 -9999.000 -9999.000 -9999.000
-9999.000 -9999.000 -9999.000 -9999.000 -9999.000 -9999.000 -9999.000 -9999.000 -9999.000 -9999.000 -9999.000 -9999.000 -9999.000 -9999.000 -9999.000 0.2317561E-02 0.6593472E-02 0.1331889E-01 0.2034765E-01 0.2662549E-01 0.3164117E-01 0.3518723E-01 0.3718099E-01 0.3765859E-01 0.3669686E-01 0.3437038E-01 0.3075276E-01 0.2574110E-01 0.1856397E-01 0.9495590E-02 0.9495590E-02 -9999.000 -9999.000 -9999.000 -9999.000 -9999.000 -9999.000 -9999.000 -9999.000 -9999.000 -9999.000 -9999.000 -9999.000 -9999.000 -9999.000 -9999.000 -9999.000 -9999.000 -9999.000 -9999.000 -9999.000 -9999.000 -9999.000 -9999.000 -9999.000 -9999.000 -9999.000 -9999.000
-9999.000 -9999.000 -9999.000 -9999.000 -9999.000 -9999.000 -9999.000 -9999.000 -9999.000 -9999.000 -9999.000 -9999.000 -9999.000 -9999.000 -9999.000 0.2555927E-02 0.7108043E-02 0.1414317E-01 0.2145758E-01 0.2797858E-01 0.3319329E-01 0.3689683E-01 0.3900684E-01 0.3956382E-01 0.3864609E-01 0.3632720E-01 0.3267976E-01 0.2758037E-01 0.2016980E-01 0.1044794E-01 0.1044794E-01 -9999.000 -9999.000 -9999.000 -9999.000 -9999.000 -9999.000 -9999.000 -9999.000 -9999.000 -9999.000 -9999.000 -9999.000 -9999.000 -9999.000 -9999.000 -9999.000 -9999.000 -9999.000 -9999.000 -9999.000 -9999.000 -9999.000 -9999.000 -9999.000 -9999.000 -9999.000 -9999.000
-9999.000 -9999.000 -9999.000 -9999.000 -9999.000 -9999.000 -9999.000 -9999.000 -9999.000 -9999.000 -9999.000 -9999.000 -9999.000 -9999.000 -9999.000 0.2830917E-02 0.7694480E-02 0.1506850E-01 0.2269048E-01 0.2947119E-01 0.3490005E-01 0.3877636E-01 0.4101899E-01 0.4167481E-01 0.4082401E-01 0.3853840E-01 0.3488897E-01 0.2972762E-01 0.2208799E-01 0.1160265E-01 0.1160265E-01 -9999.000 -9999.000 -9999.000 -9999.000 -9999.000 -9999.000 -9999.000 -9999.000 -9999.000 -9999.000 -9999.000 -9999.000 -9999.000 -9999.000 -9999.000 -9999.000 -9999.000 -9999.000 -9999.000 -9999.000 -9999.000 -9999.000 -9999.000 -9999.000 -9999.000 -9999.000 -9999.000
-9999.000 -9999.000 -9999.000 -9999.000 -9999.000 -9999.000 -9999.000 -9999.000 -9999.000 -9999.000 -9999.000 -9999.000 -9999.000 -9999.000 -9999.000 0.3151657E-02 0.8371013E-02 0.1612285E-01 0.2408279E-01 0.3114750E-01 0.3681222E-01 0.4088288E-01 0.4328100E-01 0.4406172E-01 0.4330723E-01 0.4108737E-01 0.3747211E-01 0.3228222E-01 0.2442201E-01 0.1302790E-01 0.1302790E-01 -9999.000 -9999.000 -9999.000 -9999.000 -9999.000 -9999.000 -9999.000 -9999.000 -9999.000 -9999.000 -9999.000 -9999.000 -9999.000 -9999.000 -9999.000 -9999.000 -9999.000 -9999.000 -9999.000 -9999.000 -9999.000 -9999.000 -9999.000 -9999.000 -9999.000 -9999.000 -9999.000
-9999.000 -9999.000 -9999.000 -9999.000 -9999.000 -9999.000 -9999.000 -9999.000 -9999.000 -9999.000 -9999.000 -9999.000 -9999.000 -9999.000 -9999.000 0.3527289E-02 0.9157522E-02 0.1733671E-01 0.2567444E-01 0.3305591E-01 0.3898617E-01 0.4328127E-01 0.4586629E-01 0.4680732E-01 0.4618929E-01 0.4407999E-01 0.4054831E-01 0.3537736E-01 0.2731424E-01 0.1481894E-01 0.1481894E-01 -9999.000 -9999.000 -9999.000 -9999.000 -9999.000 -9999.000 -9999.000 -9999.000 -9999.000 -9999.000 -9999.000 -9999.000 -9999.000 -9999.000 -9999.000 -9999.000 -9999.000 -9999.000 -9999.000 -9999.000 -9999.000 -9999.000 -9999.000 -9999.000 -9999.000 -9999.000 -9999.000
-9999.000 -9999.000 -9999.000 -9999.000 -9999.000 -9999.000 -9999.000 -9999.000 -9999.000 -9999.000 -9999.000 -9999.000 -9999.000 -9999.000 -9999.000 0.3969653E-02 0.1007835E-01 0.1874865E-01 0.2751680E-01 0.3525927E-01 0.4149625E-01 0.4605722E-01 0.4887266E-01 0.5002316E-01 0.4959731E-01 0.4766111E-01 0.4428332E-01 0.3920141E-01 0.3097134E-01 0.1711616E-01 0.1711616E-01 -9999.000 -9999.000 -9999.000 -9999.000 -9999.000 -9999.000 -9999.000 -9999.000 -9999.000 -9999.000 -9999.000 -9999.000 -9999.000 -9999.000 -9999.000 -9999.000 -9999.000 -9999.000 -9999.000 -9999.000 -9999.000 -9999.000 -9999.000 -9999.000 -9999.000 -9999.000 -9999.000
-9999.000 -9999.000 -9999.000 -9999.000 -9999.000 -9999.000 -9999.000 -9999.000 -9999.000 -9999.000 -9999.000 -9999.000 -9999.000 -9999.000 -9999.000 0.4496730E-02 0.1117260E-01 0.2041973E-01 0.2969002E-01 0.3785477E-01 0.4445559E-01 0.4933980E-01 0.5244655E-01 0.5387514E-01 0.5371975E-01 0.5204612E-01 0.4892420E-01 0.4403707E-01 0.3570605E-01 0.2013172E-01 0.2013172E-01 -9999.000 -9999.000 -9999.000 -9999.000 -9999.000 -9999.000 -9999.000 -9999.000 -9999.000 -9999.000 -9999.000 -9999.000 -9999.000 -9999.000 -9999.000 -9999.000 -9999.000 -9999.000 -9999.000 -9999.000 -9999.000 -9999.000 -9999.000 -9999.000 -9999.000 -9999.000 -9999.000
-9999.000 -9999.000 -9999.000 -9999.000 -9999.000 -9999.000 -9999.000 -9999.000 -9999.000 -9999.000 -9999.000 -9999.000 -9999.000 -9999.000 -9999.000 0.5612036E-02 0.1348501E-01 0.2386469E-01 0.3360914E-01 0.4215520E-01 0.4905169E-01 0.5418545E-01 0.5752216E-01 0.5919477E-01 0.5930829E-01 0.5792982E-01 0.5513320E-01 0.5053139E-01 0.4215286E-01 0.2428950E-01 0.2428950E-01 -9999.000 -9999.000 -9999.000 -9999.000 -9999.000 -9999.000 -9999.000 -9999.000 -9999.000 -9999.000 -9999.000 -9999.000 -9999.000 -9999.000 -9999.000 -9999.000 -9999.000 -9999.000 -9999.000 -9999.000 -9999.000 -9999.000 -9999.000 -9999.000 -9999.000 -9999.000 -9999.000
-9999.000 -9999.000 -9999.000 -9999.000 -9999.000 -9999.000 -9999.000 -9999.000 -9999.000 -9999.000 -9999.000 -9999.000 -9999.000 -9999.000 -9999.000 0.6802160E-01 0.1028622 0.1177514 0.1103429 0.1023524 0.9559080E-01 0.8911140E-01 0.8294269E-01 0.7714742E-01 0.7155503E-01 0.6602608E-01 0.6037880E-01 0.5391285E-01 0.4421994E-01 0.2183913E-01 0.2183913E-01 -9999.000 -9999.000 -9999.000 -9999.000 -9999.000 -9999.000 -9999.000 -9999.000 -9999.000 -9999.000 -9999.000 -9999.000 -9999.000 -9999.000 -9999.000 -9999.000 -9999.000 -9999.000 -9999.000 -9999.000 -9999.000 -9999.000 -9999.000 -9999.000 -9999.000 -9999.000 -9999.000
2.792150 2.792150 2.782527 2.802812 2.822365 2.822365 2.825668 2.826268 2.826268 2.823054 2.823054 2.817312 2.813757 2.809851 2.805866 2.805866 2.925574 2.929052 2.930112 2.911202 2.870474 2.808137 2.722925 2.614167 2.485591 2.338079 2.175768 2.008355 1.861122 1.802121 1.802121 2.651247 2.826694 2.924994 2.948868 2.948868 2.979127 2.979127 2.956161 2.956161 2.908760 2.718719 2.718719 2.304265 2.304265 2.038125 2.038125 2.038125 2.030143 2.030143 2.065190 2.065190 2.113842 2.113842 2.163579 2.163579 2.207434 2.207434
2.815284 2.815284 2.812387 2.856526 2.882819 2.882819 2.897848 2.920934 2.920934 2.939790 2.939790 2.955913 2.963220 2.970127 2.976891 2.976891 3.066333 3.083227 3.098048 3.107652 3.111368 3.107908 3.094651 3.068564 3.027910 2.970261 2.894518 2.802033 2.700019 2.625993 2.625993 3.084321 3.244676 3.396614 3.437233 3.437233 3.482319 3.482319 3.480540 3.480540 3.457027 3.348802 3.348802 3.121489 3.121489 2.865412 2.865412 2.865412 2.855664 2.855664 2.892706 2.892706 2.944472 2.944472 2.996766 2.996766 3.043772 3.043772
2.821001 2.821001 2.813849 2.858843 2.882746 2.882746 2.898329 2.922228 2.922228 2.941701 2.941701 2.958511 2.966199 2.973515 2.980735 2.980735 3.061313 3.089592 3.115265 3.136813 3.153736 3.165748 3.172020 3.171242 3.162388 3.143724 3.113628 3.071636 3.021016 2.983665 2.983665 3.247723 3.404144 3.582987 3.634419 3.634419 3.685989 3.685989 3.673639 3.673639 3.642652 3.539252 3.539252 3.384302 3.384302 3.160535 3.160535 3.160535 3.134815 3.134815 3.160215 3.160215 3.203706 3.203706 3.249877 3.249877 3.292263 3.292263
2.824992 2.824992 2.815277 2.859980 2.882135 2.882135 2.897952 2.922215 2.922215 2.941719 2.941719 2.958508 2.966190 2.973504 2.980777 2.980777 3.056327 3.094335 3.130147 3.161568 3.187577 3.207823 3.222029 3.229818 3.231061 3.225317 3.212008 3.191008 3.164409 3.146242 3.146242 3.308119 3.447432 3.634866 3.692055 3.692055 3.740728 3.740728 3.706997 3.706997 3.666365 3.572809 3.572809 3.475182 3.475182 3.301745 3.301745 3.301745 3.262227 3.262227 3.274044 3.274044 3.309249 3.309249 3.350643 3.350643 3.389898 3.389898
2.824219 2.824219 2.818511 2.860627 2.881718 2.881718 2.897706 2.922242 2.922242 2.941716 2.941716 2.958464 2.966142 2.973463 2.980827 2.980827 3.055561 3.102063 3.147110 3.187565 3.221919 3.249554 3.270203 3.283724 3.290230 3.289846 3.282700 3.269249 3.251424 3.238968 3.238968 3.339036 3.454538 3.632801 3.686321 3.686321 3.711729 3.711729 3.650373 3.650373 3.608778 3.545595 3.545595 3.501683 3.501683 3.387645 3.387645 3.387645 3.341660 3.341660 3.338888 3.338888 3.363314 3.363314 3.398281 3.398281 3.433479 3.433479
2.825641 2.825641 2.815803 2.860801 2.881349 2.881349 2.897511 2.922290 2.922290 2.941750 2.941750 2.958483 2.966169 2.973501 2.980994 2.980994 3.059986 3.114304 3.167638 3.216122 3.257945 3.292303 3.318874 3.337552 3.348456 3.351830 3.348032 3.337726 3.322681 3.309906 3.309906 3.368196 3.456271 3.605103 3.640466 3.640466 3.619179 3.619179 3.544609 3.544609 3.518031 3.501050 3.501050 3.502547 3.502547 3.445727 3.445727 3.445727 3.403093 3.403093 3.388629 3.388629 3.400661 3.400661 3.426859 3.426859 3.456104 3.456104
2.826685 2.826685 2.815255 2.860584 2.880912 2.880912 2.897250 2.922291 2.922291 2.941806 2.941806 2.958553 2.966243 2.973575 2.981231 2.981231 3.070385 3.132394 3.193181 3.248598 3.296776 3.336888 3.368613 3.391867 3.406748 3.413480 3.412423 3.404206 3.390266 3.375519 3.375519 3.404255 3.463096 3.555470 3.552718 3.552718 3.477247 3.477247 3.426307 3.426307 3.426875 3.456533 3.456533 3.491676 3.491676 3.483490 3.483490 3.483490 3.452622 3.452622 3.432467 3.432467 3.432817 3.432817 3.448517 3.448517 3.469788 3.469788
2.827084 2.827084 2.815133 2.860531 2.880750 2.880750 2.897129 2.922257 2.922257 2.941815 2.941815 2.958582 2.966272 2.973602 2.981488 2.981488 3.087805 3.157792 3.225318 3.286498 3.339708 3.384297 3.420058 3.446979 3.465175 3.474837 3.476258 3.469926 3.456877 3.440179 3.440179 3.447150 3.474154 3.468778 3.410554 3.410554 3.313981 3.313981 3.322192 3.322192 3.350206 3.415576 3.415576 3.473879 3.473879 3.504432 3.504432 3.504432 3.490185 3.490185 3.471112 3.471112 3.462768 3.462768 3.467523 3.467523 3.479142 3.479142
2.826686 2.826686 2.815255 2.860584 2.880912 2.880912 2.897251 2.922291 2.922291 2.941807 2.941807 2.958553 2.966243 2.973574 2.981795 2.981795 3.113765 3.192212 3.265762 3.331396 3.388086 3.435574 3.473907 3.503237 3.523742 3.535617 3.539079 3.534462 3.522337 3.503745 3.503745 3.491982 3.477827 3.319274 3.215505 3.215505 3.167953 3.167953 3.243768 3.243768 3.290633 3.378506 3.378506 3.452283 3.452283 3.512351 3.512351 3.512351 3.515785 3.515785 3.503195 3.503195 3.490464 3.490464 3.485244 3.485244 3.486217 3.486217
2.825641 2.825641 2.815803 2.860799 2.881349 2.881349 2.897511 2.922290 2.922290 2.941751 2.941751 2.958483 2.966169 2.973501 2.982181 2.982181 3.150447 3.237752 3.316381 3.384868 3.443162 3.491639 3.530751 3.560897 3.582383 3.595436 3.600230 3.596936 3.585485 3.563540 3.563540 3.527104 3.443955 3.100019 3.007002 3.007002 3.061910 3.061910 3.182951 3.182951 3.240123 3.341463 3.341463 3.426126 3.426126 3.508419 3.508419 3.508419 3.528111 3.528111 3.525045 3.525045 3.512133 3.512133 3.499132 3.499132 3.489505 3.489505
2.824218 2.824218 2.818510 2.860626 2.881717 2.881717 2.897706 2.922242 2.922242 2.941716 2.941716 2.958463 2.966143 2.973463 2.982759 2.982759 3.201187 3.297189 3.379312 3.448453 3.505974 3.553118 3.590865 3.619927 3.640778 3.653703 3.658855 3.656206 3.644329 3.612169 3.612169 3.522381 3.315382 2.858770 2.844342 2.844342 2.987631 2.987631 3.129559 3.129559 3.191963 3.301766 3.301766 3.394400 3.394400 3.493052 3.493052 3.493052 3.526236 3.526236 3.533360 3.533360 3.523112 3.523112 3.504993 3.504993 3.485742 3.485742
