cruce_test.gid/Rasters/Hydraulic/Velocity__y_283.0.asc
NCOLS        79
NROWS        79
XLLCENTER         -1.500000
YLLCENTER         -4.800000
CELLSIZE           0.100
NODATA_VALUE     -9999.0
[rows 0 to 26 of 79, columns 0 to 58 of 79]
-9999.000 -9999.000 -9999.000 -9999.000 -9999.000 -9999.000 -9999.000 -9999.000 -9999.000 -9999.000 -9999.000 -9999.000 -9999.000 -9999.000 -9999.000 -0.9400233E-01 -0.9146798E-01 -0.9064265E-01 -0.9068017E-01 -0.9118560E-01 -0.9183122E-01 -0.9250998E-01 -0.9316678E-01 -0.9373467E-01 -0.9424704E-01 -0.9470315E-01 -0.9514198E-01 -0.9575307E-01 -0.9714328E-01 -0.9850038E-01 -0.9850038E-01 -9999.000 -9999.000 -9999.000 -9999.000 -9999.000 -9999.000 -9999.000 -9999.000 -9999.000 -9999.000 -9999.000 -9999.000 -9999.000 -9999.000 -9999.000 -9999.000 -9999.000 -9999.000 -9999.000 -9999.000 -9999.000 -9999.000 -9999.000 -9999.000 -9999.000 -9999.000 -9999.000 -9999.000
-9999.000 -9999.000 -9999.000 -9999.000 -9999.000 -9999.000 -9999.000 -9999.000 -9999.000 -9999.000 -9999.000 -9999.000 -9999.000 -9999.000 -9999.000 -0.9348634E-01 -0.8822054E-01 -0.8647010E-01 -0.8658166E-01 -0.8772650E-01 -0.8920597E-01 -0.9078405E-01 -0.9233471E-01 -0.9370750E-01 -0.9496672E-01 -0.9610421E-01 -0.9719822E-01 -0.9864267E-01 -0.1017039 -0.1049913 -0.1049913 -9999.000 -9999.000 -9999.000 -9999.000 -9999.000 -9999.000 -9999.000 -9999.000 -9999.000 -9999.000 -9999.000 -9999.000 -9999.000 -9999.000 -9999.000 -9999.000 -9999.000 -9999.000 -9999.000 -9999.000 -9999.000 -9999.000 -9999.000 -9999.000 -9999.000 -9999.000 -9999.000 -9999.000
-9999.000 -9999.000 -9999.000 -9999.000 -9999.000 -9999.000 -9999.000 -9999.000 -9999.000 -9999.000 -9999.000 -9999.000 -9999.000 -9999.000 -9999.000 -0.9175206E-01 -0.8356974E-01 -0.8078419E-01 -0.8105407E-01 -0.8305716E-01 -0.8566444E-01 -0.8848222E-01 -0.9129150E-01 -0.9383421E-01 -0.9620069E-01 -0.9836449E-01 -0.1004402 -0.1030485 -0.1082047 -0.1141904 -0.1141904 -9999.000 -9999.000 -9999.000 -9999.000 -9999.000 -9999.000 -9999.000 -9999.000 -9999.000 -9999.000 -9999.000 -9999.000 -9999.000 -9999.000 -9999.000 -9999.000 -9999.000 -9999.000 -9999.000 -9999.000 -9999.000 -9999.000 -9999.000 -9999.000 -9999.000 -9999.000 -9999.000 -9999.000
-9999.000 -9999.000 -9999.000 -9999.000 -9999.000 -9999.000 -9999.000 -9999.000 -9999.000 -9999.000 -9999.000 -9999.000 -9999.000 -9999.000 -9999.000 -0.8941288E-01 -0.7837770E-01 -0.7457335E-01 -0.7505805E-01 -0.7800236E-01 -0.8183373E-01 -0.8599927E-01 -0.9018251E-01 -0.9401084E-01 -0.9760086E-01 -0.1009009 -0.1040591 -0.1079303 -0.1153166 -0.1245091 -0.1245091 -9999.000 -9999.000 -9999.000 -9999.000 -9999.000 -9999.000 -9999.000 -9999.000 -9999.000 -9999.000 -9999.000 -9999.000 -9999.000 -9999.000 -9999.000 -9999.000 -9999.000 -9999.000 -9999.000 -9999.000 -9999.000 -9999.000 -9999.000 -9999.000 -9999.000 -9999.000 -9999.000 -9999.000
-9999.000 -9999.000 -9999.000 -9999.000 -9999.000 -9999.000 -9999.000 -9999.000 -9999.000 -9999.000 -9999.000 -9999.000 -9999.000 -9999.000 -9999.000 -0.8669640E-01 -0.7283006E-01 -0.6800716E-01 -0.6874181E-01 -0.7268247E-01 -0.7779994E-01 -0.8338146E-01 -0.8901007E-01 -0.9419309E-01 -0.9907681E-01 -0.1035795 -0.1078845 -0.1130931 -0.1228455 -0.1357947 -0.1357947 -9999.000 -9999.000 -9999.000 -9999.000 -9999.000 -9999.000 -9999.000 -9999.000 -9999.000 -9999.000 -9999.000 -9999.000 -9999.000 -9999.000 -9999.000 -9999.000 -9999.000 -9999.000 -9999.000 -9999.000 -9999.000 -9999.000 -9999.000 -9999.000 -9999.000 -9999.000 -9999.000 -9999.000
-9999.000 -9999.000 -9999.000 -9999.000 -9999.000 -9999.000 -9999.000 -9999.000 -9999.000 -9999.000 -9999.000 -9999.000 -9999.000 -9999.000 -9999.000 -0.8367900E-01 -0.6699602E-01 -0.6115292E-01 -0.6216573E-01 -0.6714714E-01 -0.7359745E-01 -0.8064484E-01 -0.8777069E-01 -0.9435533E-01 -0.1005826 -0.1063358 -0.1118354 -0.1184482 -0.1307141 -0.1480631 -0.1480631 -9999.000 -9999.000 -9999.000 -9999.000 -9999.000 -9999.000 -9999.000 -9999.000 -9999.000 -9999.000 -9999.000 -9999.000 -9999.000 -9999.000 -9999.000 -9999.000 -9999.000 -9999.000 -9999.000 -9999.000 -9999.000 -9999.000 -9999.000 -9999.000 -9999.000 -9999.000 -9999.000 -9999.000
-9999.000 -9999.000 -9999.000 -9999.000 -9999.000 -9999.000 -9999.000 -9999.000 -9999.000 -9999.000 -9999.000 -9999.000 -9999.000 -9999.000 -9999.000 -0.8036745E-01 -0.6089063E-01 -0.5402818E-01 -0.5534849E-01 -0.6141225E-01 -0.6923576E-01 -0.7779134E-01 -0.8645701E-01 -0.9447982E-01 -0.1020913 -0.1091333 -0.1158687 -0.1239515 -0.1388986 -0.1614279 -0.1614279 -9999.000 -9999.000 -9999.000 -9999.000 -9999.000 -9999.000 -9999.000 -9999.000 -9999.000 -9999.000 -9999.000 -9999.000 -9999.000 -9999.000 -9999.000 -9999.000 -9999.000 -9999.000 -9999.000 -9999.000 -9999.000 -9999.000 -9999.000 -9999.000 -9999.000 -9999.000 -9999.000 -9999.000
-9999.000 -9999.000 -9999.000 -9999.000 -9999.000 -9999.000 -9999.000 -9999.000 -9999.000 -9999.000 -9999.000 -9999.000 -9999.000 -9999.000 -9999.000 -0.7673439E-01 -0.5450167E-01 -0.4662719E-01 -0.4828772E-01 -0.5547690E-01 -0.6471172E-01 -0.7481478E-01 -0.8505856E-01 -0.9455055E-01 -0.1035817 -0.1119462 -0.1199547 -0.1295768 -0.1473988 -0.1760775 -0.1760775 -9999.000 -9999.000 -9999.000 -9999.000 -9999.000 -9999.000 -9999.000 -9999.000 -9999.000 -9999.000 -9999.000 -9999.000 -9999.000 -9999.000 -9999.000 -9999.000 -9999.000 -9999.000 -9999.000 -9999.000 -9999.000 -9999.000 -9999.000 -9999.000 -9999.000 -9999.000 -9999.000 -9999.000
-9999.000 -9999.000 -9999.000 -9999.000 -9999.000 -9999.000 -9999.000 -9999.000 -9999.000 -9999.000 -9999.000 -9999.000 -9999.000 -9999.000 -9999.000 -0.7273314E-01 -0.4780221E-01 -0.3893052E-01 -0.4096976E-01 -0.4933050E-01 -0.6001491E-01 -0.7170282E-01 -0.8356069E-01 -0.9454783E-01 -0.1050317 -0.1147486 -0.1240661 -0.1353017 -0.1562252 -0.1922753 -0.1922753 -9999.000 -9999.000 -9999.000 -9999.000 -9999.000 -9999.000 -9999.000 -9999.000 -9999.000 -9999.000 -9999.000 -9999.000 -9999.000 -9999.000 -9999.000 -9999.000 -9999.000 -9999.000 -9999.000 -9999.000 -9999.000 -9999.000 -9999.000 -9999.000 -9999.000 -9999.000 -9999.000 -9999.000
-9999.000 -9999.000 -9999.000 -9999.000 -9999.000 -9999.000 -9999.000 -9999.000 -9999.000 -9999.000 -9999.000 -9999.000 -9999.000 -9999.000 -9999.000 -0.6830268E-01 -0.4075474E-01 -0.3090924E-01 -0.3337256E-01 -0.4295524E-01 -0.5512761E-01 -0.6843735E-01 -0.8194335E-01 -0.9444742E-01 -0.1064144 -0.1175103 -0.1281700 -0.1411002 -0.1653901 -0.2103752 -0.2103752 -9999.000 -9999.000 -9999.000 -9999.000 -9999.000 -9999.000 -9999.000 -9999.000 -9999.000 -9999.000 -9999.000 -9999.000 -9999.000 -9999.000 -9999.000 -9999.000 -9999.000 -9999.000 -9999.000 -9999.000 -9999.000 -9999.000 -9999.000 -9999.000 -9999.000 -9999.000 -9999.000 -9999.000
-9999.000 -9999.000 -9999.000 -9999.000 -9999.000 -9999.000 -9999.000 -9999.000 -9999.000 -9999.000 -9999.000 -9999.000 -9999.000 -9999.000 -9999.000 -0.6336850E-01 -0.3331116E-01 -0.2252418E-01 -0.2546507E-01 -0.3632507E-01 -0.5002461E-01 -0.6499241E-01 -0.8017885E-01 -0.9421659E-01 -0.1076940 -0.1201908 -0.1322227 -0.1469358 -0.1749031 -0.2308555 -0.2308555 -9999.000 -9999.000 -9999.000 -9999.000 -9999.000 -9999.000 -9999.000 -9999.000 -9999.000 -9999.000 -9999.000 -9999.000 -9999.000 -9999.000 -9999.000 -9999.000 -9999.000 -9999.000 -9999.000 -9999.000 -9999.000 -9999.000 -9999.000 -9999.000 -9999.000 -9999.000 -9999.000 -9999.000
-9999.000 -9999.000 -9999.000 -9999.000 -9999.000 -9999.000 -9999.000 -9999.000 -9999.000 -9999.000 -9999.000 -9999.000 -9999.000 -9999.000 -9999.000 -0.5784100E-01 -0.2541043E-01 -0.1372522E-01 -0.1720637E-01 -0.2940480E-01 -0.4467093E-01 -0.6133227E-01 -0.7822877E-01 -0.9381023E-01 -0.1088212 -0.1227338 -0.1361623 -0.1527535 -0.1847636 -0.2543716 -0.2543716 -9999.000 -9999.000 -9999.000 -9999.000 -9999.000 -9999.000 -9999.000 -9999.000 -9999.000 -9999.000 -9999.000 -9999.000 -9999.000 -9999.000 -9999.000 -9999.000 -9999.000 -9999.000 -9999.000 -9999.000 -9999.000 -9999.000 -9999.000 -9999.000 -9999.000 -9999.000 -9999.000 -9999.000
-9999.000 -9999.000 -9999.000 -9999.000 -9999.000 -9999.000 -9999.000 -9999.000 -9999.000 -9999.000 -9999.000 -9999.000 -9999.000 -9999.000 -9999.000 -0.5160718E-01 -0.1697324E-01 -0.4444983E-02 -0.8540301E-02 -0.2214572E-01 -0.3901844E-01 -0.5740730E-01 -0.7603913E-01 -0.9316514E-01 -0.1097260 -0.1250590 -0.1398988 -0.1584690 -0.1949524 -0.2818469 -0.2818469 -9999.000 -9999.000 -9999.000 -9999.000 -9999.000 -9999.000 -9999.000 -9999.000 -9999.000 -9999.000 -9999.000 -9999.000 -9999.000 -9999.000 -9999.000 -9999.000 -9999.000 -9999.000 -9999.000 -9999.000 -9999.000 -9999.000 -9999.000 -9999.000 -9999.000 -9999.000 -9999.000 -9999.000
-9999.000 -9999.000 -9999.000 -9999.000 -9999.000 -9999.000 -9999.000 -9999.000 -9999.000 -9999.000 -9999.000 -9999.000 -9999.000 -9999.000 -9999.000 -0.4415163E-01 -0.7639522E-02 0.5508205E-02 0.5721772E-03 -0.1455013E-01 -0.3307849E-01 -0.5322650E-01 -0.7360709E-01 -0.9225651E-01 -0.1103642 -0.1270961 -0.1433389 -0.1639857 -0.2054467 -0.3146722 -0.3146722 -9999.000 -9999.000 -9999.000 -9999.000 -9999.000 -9999.000 -9999.000 -9999.000 -9999.000 -9999.000 -9999.000 -9999.000 -9999.000 -9999.000 -9999.000 -9999.000 -9999.000 -9999.000 -9999.000 -9999.000 -9999.000 -9999.000 -9999.000 -9999.000 -9999.000 -9999.000 -9999.000 -9999.000
-9999.000 -9999.000 -9999.000 -9999.000 -9999.000 -9999.000 -9999.000 -9999.000 -9999.000 -9999.000 -9999.000 -9999.000 -9999.000 -9999.000 -9999.000 -0.2632065E-02 0.1337772E-01 0.1481079E-01 0.2829682E-02 -0.1428839E-01 -0.3346239E-01 -0.5429560E-01 -0.7536728E-01 -0.9454641E-01 -0.1133552 -0.1307396 -0.1477682 -0.1700605 -0.2164434 -0.3526568 -0.3526568 -9999.000 -9999.000 -9999.000 -9999.000 -9999.000 -9999.000 -9999.000 -9999.000 -9999.000 -9999.000 -9999.000 -9999.000 -9999.000 -9999.000 -9999.000 -9999.000 -9999.000 -9999.000 -9999.000 -9999.000 -9999.000 -9999.000 -9999.000 -9999.000 -9999.000 -9999.000 -9999.000 -9999.000
-0.4405277E-02 -0.4405277E-02 -0.5515587E-02 -0.6935040E-02 -0.6531677E-02 -0.6531677E-02 -0.6398001E-02 -0.6340412E-02 -0.6340412E-02 -0.6327901E-02 -0.6327901E-02 -0.6309820E-02 -0.6297396E-02 -0.6283781E-02 -0.6271837E-02 -0.6271837E-02 0.2626791E-01 0.2091743E-01 0.5808540E-02 -0.1551327E-01 -0.4119346E-01 -0.7012586E-01 -0.1008860 -0.1316907 -0.1617510 -0.1900361 -0.2161745 -0.2419029 -0.2753319 -0.3549571 -0.3549571 -0.1964784 -0.1053428 -0.3624553E-01 -0.2704712E-01 -0.2704712E-01 -0.2001885E-01 -0.2001885E-01 -0.7308109E-02 -0.7308109E-02 0.3885074E-02 0.2715450E-01 0.2715450E-01 0.8196717E-02 0.8196717E-02 -0.3640964E-02 -0.3640964E-02 -0.3640964E-02 0.3220255E-03 0.3220255E-03 0.1029732E-02 0.1029732E-02 0.1108588E-03 0.1108588E-03 -0.1170716E-02 -0.1170716E-02 -0.2408793E-02 -0.2408793E-02 -0.2408793E-02
-0.6747310E-02 -0.6747310E-02 -0.7980804E-02 -0.9998298E-02 -0.9251601E-02 -0.9251601E-02 -0.8973119E-02 -0.8884024E-02 -0.8884024E-02 -0.8902092E-02 -0.8902092E-02 -0.8909199E-02 -0.8906745E-02 -0.8901590E-02 -0.8910901E-02 -0.8910901E-02 0.2146342E-01 0.1663395E-01 0.9636498E-03 -0.2475864E-01 -0.5875723E-01 -0.9892450E-01 -0.1434339 -0.1906119 -0.2383252 -0.2849526 -0.3288125 -0.3681085 -0.4007902 -0.4247897 -0.4247897 -0.2876818 -0.1909612 -0.9900725E-01 -0.8072560E-01 -0.8072560E-01 -0.5631091E-01 -0.5631091E-01 -0.1309660E-01 -0.1309660E-01 0.2027401E-01 0.8629645E-01 0.8629645E-01 0.7086954E-01 0.7086954E-01 0.1412382E-01 0.1412382E-01 0.1412382E-01 0.6743701E-02 0.6743701E-02 0.2118226E-02 0.2118226E-02 -0.2088606E-02 -0.2088606E-02 -0.5731804E-02 -0.5731804E-02 -0.8535421E-02 -0.8535421E-02 -0.8535421E-02
-0.5409392E-02 -0.5409392E-02 -0.6532462E-02 -0.8444194E-02 -0.7891343E-02 -0.7891343E-02 -0.7565222E-02 -0.7450186E-02 -0.7450186E-02 -0.7505584E-02 -0.7505584E-02 -0.7554401E-02 -0.7572330E-02 -0.7586379E-02 -0.7639249E-02 -0.7639249E-02 0.1331134E-01 0.8451086E-02 -0.7339596E-02 -0.3342561E-01 -0.6850457E-01 -0.1109171 -0.1591309 -0.2117702 -0.2671146 -0.3236113 -0.3795793 -0.4329686 -0.4808714 -0.5161919 -0.5161919 -0.4265116 -0.3423562 -0.2268732 -0.1894237 -0.1894237 -0.1208300 -0.1208300 -0.1808705E-01 -0.1808705E-01 0.4833532E-01 0.1668192 0.1668192 0.1818519 0.1818519 0.6401573E-01 0.6401573E-01 0.6401573E-01 0.2452110E-01 0.2452110E-01 0.4106531E-02 0.4106531E-02 -0.7921378E-02 -0.7921378E-02 -0.1571213E-01 -0.1571213E-01 -0.2041376E-01 -0.2041376E-01 -0.2041376E-01
-0.3769307E-02 -0.3769307E-02 -0.5339698E-02 -0.6855564E-02 -0.6401942E-02 -0.6401942E-02 -0.6061144E-02 -0.5918292E-02 -0.5918292E-02 -0.5979456E-02 -0.5979456E-02 -0.6038406E-02 -0.6061362E-02 -0.6080269E-02 -0.6166269E-02 -0.6166269E-02 0.4993378E-02 -0.1870347E-02 -0.1899706E-01 -0.4591651E-01 -0.8163573E-01 -0.1248448 -0.1742458 -0.2286765 -0.2868161 -0.3474019 -0.4090815 -0.4701240 -0.5278091 -0.5751398 -0.5751398 -0.5323613 -0.4720743 -0.3588596 -0.3072051 -0.3072051 -0.1844008 -0.1844008 -0.8835947E-02 -0.8835947E-02 0.8603443E-01 0.2319228 0.2319228 0.2654219 0.2654219 0.1226350 0.1226350 0.1226350 0.4972117E-01 0.4972117E-01 0.8446461E-02 0.8446461E-02 -0.1470116E-01 -0.1470116E-01 -0.2796918E-01 -0.2796918E-01 -0.3473381E-01 -0.3473381E-01 -0.3473381E-01
-0.2104125E-02 -0.2104125E-02 -0.4261472E-02 -0.5267948E-02 -0.4862559E-02 -0.4862559E-02 -0.4541489E-02 -0.4399629E-02 -0.4399629E-02 -0.4464802E-02 -0.4464802E-02 -0.4527209E-02 -0.4551203E-02 -0.4570526E-02 -0.4692649E-02 -0.4692649E-02 -0.3457320E-02 -0.1412148E-01 -0.3410906E-01 -0.6303606E-01 -0.1001191 -0.1443350 -0.1946156 -0.2499684 -0.3093334 -0.3716682 -0.4358860 -0.5006233 -0.5636610 -0.6191484 -0.6191484 -0.6119924 -0.5767736 -0.4756546 -0.4097639 -0.4097639 -0.2202016 -0.2202016 0.2029312E-01 0.2029312E-01 0.1270421 0.2701221 0.2701221 0.3090679 0.3090679 0.1746973 0.1746973 0.1746973 0.7884644E-01 0.7884644E-01 0.1688485E-01 0.1688485E-01 -0.1927893E-01 -0.1927893E-01 -0.3934610E-01 -0.3934610E-01 -0.4868209E-01 -0.4868209E-01 -0.4868209E-01
-0.1057505E-02 -0.1057505E-02 -0.2766967E-02 -0.3624880E-02 -0.3290629E-02 -0.3290629E-02 -0.3031660E-02 -0.2906731E-02 -0.2906731E-02 -0.2962634E-02 -0.2962634E-02 -0.3019271E-02 -0.3040127E-02 -0.3055763E-02 -0.3222053E-02 -0.3222053E-02 -0.1247557E-01 -0.2856181E-01 -0.5303252E-01 -0.8537211E-01 -0.1248723 -0.1707238 -0.2220970 -0.2782089 -0.3382453 -0.4013756 -0.4667235 -0.5332083 -0.5990719 -0.6596799 -0.6596799 -0.6771423 -0.6629753 -0.5671336 -0.4769835 -0.4769835 -0.2097465 -0.2097465 0.5912113E-01 0.5912113E-01 0.1577550 0.2791071 0.2791071 0.3178317 0.3178317 0.2114935 0.2114935 0.2114935 0.1076950 0.1076950 0.2940232E-01 0.2940232E-01 -0.2011009E-01 -0.2011009E-01 -0.4806421E-01 -0.4806421E-01 -0.6064209E-01 -0.6064209E-01 -0.6064209E-01
-0.5014747E-03 -0.5014747E-03 -0.1153769E-02 -0.1874610E-02 -0.1673844E-02 -0.1673844E-02 -0.1526477E-02 -0.1445880E-02 -0.1445880E-02 -0.1475868E-02 -0.1475868E-02 -0.1510600E-02 -0.1522925E-02 -0.1531724E-02 -0.1757200E-02 -0.1757200E-02 -0.2277005E-01 -0.4588125E-01 -0.7652131E-01 -0.1138111 -0.1569718 -0.2053160 -0.2582308 -0.3151737 -0.3756026 -0.4389455 -0.5045649 -0.5716424 -0.6388048 -0.7023694 -0.7023694 -0.7357584 -0.7358344 -0.6194246 -0.4866761 -0.4866761 -0.1575902 -0.1575902 0.8900700E-01 0.8900700E-01 0.1678914 0.2641330 0.2641330 0.3020235 0.3020235 0.2295564 0.2295564 0.2295564 0.1315692 0.1315692 0.4433521E-01 0.4433521E-01 -0.1683643E-01 -0.1683643E-01 -0.5305233E-01 -0.5305233E-01 -0.6944107E-01 -0.6944107E-01 -0.6944107E-01
0.2324064E-06 0.2324064E-06 -0.1813923E-06 -0.3736160E-06 -0.5327813E-07 -0.5327813E-07 0.1086365E-06 0.4309971E-06 0.4309971E-06 0.3020018E-06 0.3020018E-06 0.9018085E-07 0.1844494E-06 0.1026251E-06 -0.3073353E-03 -0.3073353E-03 -0.3537594E-01 -0.6728084E-01 -0.1058777 -0.1497343 -0.1978865 -0.2496956 -0.3047341 -0.3627083 -0.4233699 -0.4864508 -0.5516056 -0.6183111 -0.6855326 -0.7501028 -0.7501028 -0.7917440 -0.7948059 -0.6083661 -0.4244132 -0.4244132 -0.9278526E-01 -0.9278526E-01 0.9814806E-01 0.9814806E-01 0.1571249 0.2339330 0.2339330 0.2715016 0.2715016 0.2296610 0.2296610 0.2296610 0.1464985 0.1464985 0.5885464E-01 0.5885464E-01 -0.1015524E-01 -0.1015524E-01 -0.5380404E-01 -0.5380404E-01 -0.7415090E-01 -0.7415090E-01 -0.7415090E-01
0.5020340E-03 0.5020340E-03 0.1153221E-02 0.1873888E-02 0.1673764E-02 0.1673764E-02 0.1526872E-02 0.1446597E-02 0.1446597E-02 0.1476290E-02 0.1476290E-02 0.1510932E-02 0.1523390E-02 0.1531972E-02 0.1109957E-02 0.1109957E-02 -0.5183042E-01 -0.9466884E-01 -0.1431765 -0.1952566 -0.2497155 -0.3059435 -0.3636917 -0.4229254 -0.4837027 -0.5460849 -0.6100603 -0.6754357 -0.7414283 -0.8044708 -0.8044708 -0.8444510 -0.8274764 -0.5138019 -0.3097808 -0.3097808 -0.4551963E-01 -0.4551963E-01 0.8815540E-01 0.8815540E-01 0.1326853 0.1965315 0.1965315 0.2334017 0.2334017 0.2150024 0.2150024 0.2150024 0.1502785 0.1502785 0.6980903E-01 0.6980903E-01 -0.1609844E-02 -0.1609844E-02 -0.5038790E-01 -0.5038790E-01 -0.7411904E-01 -0.7411904E-01 -0.7411904E-01
0.1057957E-02 0.1057957E-02 0.2766590E-02 0.3624318E-02 0.3290566E-02 0.3290566E-02 0.3032017E-02 0.2907254E-02 0.2907254E-02 0.2963181E-02 0.2963181E-02 0.3019493E-02 0.3040322E-02 0.3055887E-02 0.2474125E-02 0.2474125E-02 -0.7454659E-01 -0.1310591 -0.1916527 -0.2535897 -0.3155198 -0.3769318 -0.4378070 -0.4984029 -0.5591027 -0.6203097 -0.6823637 -0.7453999 -0.8085532 -0.8651448 -0.8651448 -0.8829008 -0.7974848 -0.3593800 -0.1952911 -0.1952911 -0.2482042E-01 -0.2482042E-01 0.6799795E-01 0.6799795E-01 0.1030219 0.1573680 0.1573680 0.1921502 0.1921502 0.1894907 0.1894907 0.1894907 0.1427481 0.1427481 0.7465684E-01 0.7465684E-01 0.6804569E-02 0.6804569E-02 -0.4342026E-01 -0.4342026E-01 -0.6904726E-01 -0.6904726E-01 -0.6904726E-01
0.2104369E-02 0.2104369E-02 0.4261150E-02 0.5267674E-02 0.4862732E-02 0.4862732E-02 0.4541730E-02 0.4400166E-02 0.4400166E-02 0.4465227E-02 0.4465227E-02 0.4527223E-02 0.4551223E-02 0.4570698E-02 0.3765622E-02 0.3765622E-02 -0.1075602 -0.1813273 -0.2563855 -0.3296320 -0.3998270 -0.4667586 -0.5307704 -0.5924887 -0.6526577 -0.7120339 -0.7713077 -0.8308457 -0.8883810 -0.9245472 -0.9245472 -0.8671424 -0.6505330 -0.2144777 -0.1200397 -0.1200397 -0.2125102E-01 -0.2125102E-01 0.4575511E-01 0.4575511E-01 0.7374787E-01 0.1193382 0.1193382 0.1502716 0.1502716 0.1567648 0.1567648 0.1567648 0.1253843 0.1253843 0.7215986E-01 0.7215986E-01 0.1320781E-01 0.1320781E-01 -0.3391043E-01 -0.3391043E-01 -0.5906451E-01 -0.5906451E-01 -0.5906451E-01
0.3769401E-02 0.3769401E-02 0.5339546E-02 0.6855374E-02 0.6402135E-02 0.6402135E-02 0.6061511E-02 0.5918755E-02 0.5918755E-02 0.5979803E-02 0.5979803E-02 0.6038392E-02 0.6061297E-02 0.6080277E-02 0.4962171E-02 0.4962171E-02 -0.1580941 -0.2536927 -0.3455606 -0.4310095 -0.5094874 -0.5814603 -0.6478616 -0.7098126 -0.7684755 -0.8249713 -0.8803270 -0.9347023 -0.9787151 -0.9456231 -0.9456231 -0.7142920 -0.3984997 -0.1249924 -0.8303776E-01 -0.8303776E-01 -0.2276285E-01 -0.2276285E-01 0.2593526E-01 0.2593526E-01 0.4758780E-01 0.8380997E-01 0.8380997E-01 0.1092769 0.1092769 0.1198632 0.1198632 0.1198632 0.1005837 0.1005837 0.6255091E-01 0.6255091E-01 0.1639369E-01 0.1639369E-01 -0.2300364E-01 -0.2300364E-01 -0.4478445E-01 -0.4478445E-01 -0.4478445E-01
