cruce_test.gid/Rasters/Hydraulic/Velocity____156.0.asc
NCOLS        79
NROWS        79
XLLCENTER         -1.500000
YLLCENTER         -4.800000
CELLSIZE           0.100
NODATA_VALUE     -9999.0
[rows 0 to 26 of 79, columns 0 to 59 of 79]
-9999.000 -9999.000 -9999.000 -9999.000 -9999.000 -9999.000 -9999.000 -9999.000 -9999.000 -9999.000 -9999.000 -9999.000 -9999.000 -9999.000 -9999.000 0.1095190 0.1084253 0.1084865 0.1087830 0.1092368 0.1097804 0.1103111 0.1107995 0.1112153 0.1115385 0.1117785 0.1120037 0.1124166 0.1136203 0.1145645 0.1145645 -9999.000 -9999.000 -9999.000 -9999.000 -9999.000 -9999.000 -9999.000 -9999.000 -9999.000 -9999.000 -9999.000 -9999.000 -9999.000 -9999.000 -9999.000 -9999.000 -9999.000 -9999.000 -9999.000 -9999.000 -9999.000 -9999.000 -9999.000 -9999.000 -9999.000 -9999.000 -9999.000 -9999.000 -9999.000
-9999.000 -9999.000 -9999.000 -9999.000 -9999.000 -9999.000 -9999.000 -9999.000 -9999.000 -9999.000 -9999.000 -9999.000 -9999.000 -9999.000 -9999.000 0.1070829 0.1049188 0.1050957 0.1057850 0.1068197 0.1080551 0.1092724 0.1104023 0.1113760 0.1121457 0.1127290 0.1132765 0.1142405 0.1169450 0.1194656 0.1194656 -9999.000 -9999.000 -9999.000 -9999.000 -9999.000 -9999.000 -9999.000 -9999.000 -9999.000 -9999.000 -9999.000 -9999.000 -9999.000 -9999.000 -9999.000 -9999.000 -9999.000 -9999.000 -9999.000 -9999.000 -9999.000 -9999.000 -9999.000 -9999.000 -9999.000 -9999.000 -9999.000 -9999.000 -9999.000
-9999.000 -9999.000 -9999.000 -9999.000 -9999.000 -9999.000 -9999.000 -9999.000 -9999.000 -9999.000 -9999.000 -9999.000 -9999.000 -9999.000 -9999.000 0.1030969 0.9991405E-01 0.1002395 0.1014177 0.1031810 0.1052991 0.1074241 0.1094458 0.1112538 0.1127686 0.1140130 0.1152234 0.1171239 0.1218366 0.1267412 0.1267412 -9999.000 -9999.000 -9999.000 -9999.000 -9999.000 -9999.000 -9999.000 -9999.000 -9999.000 -9999.000 -9999.000 -9999.000 -9999.000 -9999.000 -9999.000 -9999.000 -9999.000 -9999.000 -9999.000 -9999.000 -9999.000 -9999.000 -9999.000 -9999.000 -9999.000 -9999.000 -9999.000 -9999.000 -9999.000
-9999.000 -9999.000 -9999.000 -9999.000 -9999.000 -9999.000 -9999.000 -9999.000 -9999.000 -9999.000 -9999.000 -9999.000 -9999.000 -9999.000 -9999.000 0.9839251E-01 0.9432949E-01 0.9483128E-01 0.9653881E-01 0.9908347E-01 0.1021493 0.1052601 0.1082678 0.1110226 0.1134104 0.1154544 0.1174714 0.1204602 0.1273768 0.1352444 0.1352444 -9999.000 -9999.000 -9999.000 -9999.000 -9999.000 -9999.000 -9999.000 -9999.000 -9999.000 -9999.000 -9999.000 -9999.000 -9999.000 -9999.000 -9999.000 -9999.000 -9999.000 -9999.000 -9999.000 -9999.000 -9999.000 -9999.000 -9999.000 -9999.000 -9999.000 -9999.000 -9999.000 -9999.000 -9999.000
-9999.000 -9999.000 -9999.000 -9999.000 -9999.000 -9999.000 -9999.000 -9999.000 -9999.000 -9999.000 -9999.000 -9999.000 -9999.000 -9999.000 -9999.000 0.9318007E-01 0.8834852E-01 0.8905122E-01 0.9132178E-01 0.9468926E-01 0.9875000E-01 0.1028998 0.1069549 0.1107280 0.1140692 0.1169997 0.1199162 0.1241029 0.1334003 0.1448438 0.1448438 -9999.000 -9999.000 -9999.000 -9999.000 -9999.000 -9999.000 -9999.000 -9999.000 -9999.000 -9999.000 -9999.000 -9999.000 -9999.000 -9999.000 -9999.000 -9999.000 -9999.000 -9999.000 -9999.000 -9999.000 -9999.000 -9999.000 -9999.000 -9999.000 -9999.000 -9999.000 -9999.000 -9999.000 -9999.000
-9999.000 -9999.000 -9999.000 -9999.000 -9999.000 -9999.000 -9999.000 -9999.000 -9999.000 -9999.000 -9999.000 -9999.000 -9999.000 -9999.000 -9999.000 0.8755204E-01 0.8206043E-01 0.8299460E-01 0.8586549E-01 0.9009631E-01 0.9519301E-01 0.1004227 0.1055688 0.1104101 0.1147592 0.1186338 0.1225144 0.1279860 0.1398389 0.1555564 0.1555564 -9999.000 -9999.000 -9999.000 -9999.000 -9999.000 -9999.000 -9999.000 -9999.000 -9999.000 -9999.000 -9999.000 -9999.000 -9999.000 -9999.000 -9999.000 -9999.000 -9999.000 -9999.000 -9999.000 -9999.000 -9999.000 -9999.000 -9999.000 -9999.000 -9999.000 -9999.000 -9999.000 -9999.000 -9999.000
-9999.000 -9999.000 -9999.000 -9999.000 -9999.000 -9999.000 -9999.000 -9999.000 -9999.000 -9999.000 -9999.000 -9999.000 -9999.000 -9999.000 -9999.000 0.8153801E-01 0.7550407E-01 0.7671076E-01 0.8022688E-01 0.8536431E-01 0.9153546E-01 0.9787921E-01 0.1041501 0.1100964 0.1154927 0.1203530 0.1252469 0.1320804 0.1466737 0.1674976 0.1674976 -9999.000 -9999.000 -9999.000 -9999.000 -9999.000 -9999.000 -9999.000 -9999.000 -9999.000 -9999.000 -9999.000 -9999.000 -9999.000 -9999.000 -9999.000 -9999.000 -9999.000 -9999.000 -9999.000 -9999.000 -9999.000 -9999.000 -9999.000 -9999.000 -9999.000 -9999.000 -9999.000 -9999.000 -9999.000
-9999.000 -9999.000 -9999.000 -9999.000 -9999.000 -9999.000 -9999.000 -9999.000 -9999.000 -9999.000 -9999.000 -9999.000 -9999.000 -9999.000 -9999.000 0.7513344E-01 0.6869199E-01 0.7022700E-01 0.7444397E-01 0.8053567E-01 0.8781741E-01 0.9530377E-01 0.1027257 0.1098057 0.1162791 0.1221569 0.1281038 0.1363733 0.1539115 0.1808648 0.1808648 -9999.000 -9999.000 -9999.000 -9999.000 -9999.000 -9999.000 -9999.000 -9999.000 -9999.000 -9999.000 -9999.000 -9999.000 -9999.000 -9999.000 -9999.000 -9999.000 -9999.000 -9999.000 -9999.000 -9999.000 -9999.000 -9999.000 -9999.000 -9999.000 -9999.000 -9999.000 -9999.000 -9999.000 -9999.000
-9999.000 -9999.000 -9999.000 -9999.000 -9999.000 -9999.000 -9999.000 -9999.000 -9999.000 -9999.000 -9999.000 -9999.000 -9999.000 -9999.000 -9999.000 0.6831504E-01 0.6162436E-01 0.6356461E-01 0.6855292E-01 0.7564989E-01 0.8407439E-01 0.9272578E-01 0.1013181 0.1095537 0.1171270 0.1240464 0.1310808 0.1408609 0.1615745 0.1959403 0.1959403 -9999.000 -9999.000 -9999.000 -9999.000 -9999.000 -9999.000 -9999.000 -9999.000 -9999.000 -9999.000 -9999.000 -9999.000 -9999.000 -9999.000 -9999.000 -9999.000 -9999.000 -9999.000 -9999.000 -9999.000 -9999.000 -9999.000 -9999.000 -9999.000 -9999.000 -9999.000 -9999.000 -9999.000 -9999.000
-9999.000 -9999.000 -9999.000 -9999.000 -9999.000 -9999.000 -9999.000 -9999.000 -9999.000 -9999.000 -9999.000 -9999.000 -9999.000 -9999.000 -9999.000 0.6104724E-01 0.5429886E-01 0.5675390E-01 0.6260253E-01 0.7075676E-01 0.8034799E-01 0.9017762E-01 0.9995113E-01 0.1093574 0.1180468 0.1260259 0.1341770 0.1455442 0.1696952 0.2131123 0.2131123 -9999.000 -9999.000 -9999.000 -9999.000 -9999.000 -9999.000 -9999.000 -9999.000 -9999.000 -9999.000 -9999.000 -9999.000 -9999.000 -9999.000 -9999.000 -9999.000 -9999.000 -9999.000 -9999.000 -9999.000 -9999.000 -9999.000 -9999.000 -9999.000 -9999.000 -9999.000 -9999.000 -9999.000 -9999.000
-9999.000 -9999.000 -9999.000 -9999.000 -9999.000 -9999.000 -9999.000 -9999.000 -9999.000 -9999.000 -9999.000 -9999.000 -9999.000 -9999.000 -9999.000 0.5328609E-01 0.4672164E-01 0.4985270E-01 0.5667348E-01 0.6593113E-01 0.7669692E-01 0.8770380E-01 0.9865830E-01 0.1092418 0.1190557 0.1281052 0.1373968 0.1504293 0.1783153 0.2329144 0.2329144 -9999.000 -9999.000 -9999.000 -9999.000 -9999.000 -9999.000 -9999.000 -9999.000 -9999.000 -9999.000 -9999.000 -9999.000 -9999.000 -9999.000 -9999.000 -9999.000 -9999.000 -9999.000 -9999.000 -9999.000 -9999.000 -9999.000 -9999.000 -9999.000 -9999.000 -9999.000 -9999.000 -9999.000 -9999.000
-9999.000 -9999.000 -9999.000 -9999.000 -9999.000 -9999.000 -9999.000 -9999.000 -9999.000 -9999.000 -9999.000 -9999.000 -9999.000 -9999.000 -9999.000 0.4498097E-01 0.3892940E-01 0.4298499E-01 0.5091115E-01 0.6129557E-01 0.7321279E-01 0.8537331E-01 0.9749279E-01 0.1092488 0.1201862 0.1303080 0.1407563 0.1555327 0.1874888 0.2560941 0.2560941 -9999.000 -9999.000 -9999.000 -9999.000 -9999.000 -9999.000 -9999.000 -9999.000 -9999.000 -9999.000 -9999.000 -9999.000 -9999.000 -9999.000 -9999.000 -9999.000 -9999.000 -9999.000 -9999.000 -9999.000 -9999.000 -9999.000 -9999.000 -9999.000 -9999.000 -9999.000 -9999.000 -9999.000 -9999.000
-9999.000 -9999.000 -9999.000 -9999.000 -9999.000 -9999.000 -9999.000 -9999.000 -9999.000 -9999.000 -9999.000 -9999.000 -9999.000 -9999.000 -9999.000 0.3607970E-01 0.3105280E-01 0.3642616E-01 0.4558584E-01 0.5705785E-01 0.7004660E-01 0.8330196E-01 0.9654742E-01 0.1094557 0.1215027 0.1326869 0.1442982 0.1608926 0.1972878 0.2837276 0.2837276 -9999.000 -9999.000 -9999.000 -9999.000 -9999.000 -9999.000 -9999.000 -9999.000 -9999.000 -9999.000 -9999.000 -9999.000 -9999.000 -9999.000 -9999.000 -9999.000 -9999.000 -9999.000 -9999.000 -9999.000 -9999.000 -9999.000 -9999.000 -9999.000 -9999.000 -9999.000 -9999.000 -9999.000 -9999.000
-9999.000 -9999.000 -9999.000 -9999.000 -9999.000 -9999.000 -9999.000 -9999.000 -9999.000 -9999.000 -9999.000 -9999.000 -9999.000 -9999.000 -9999.000 0.2653478E-01 0.2356704E-01 0.3088962E-01 0.4131427E-01 0.5369044E-01 0.6755998E-01 0.8177985E-01 0.9606218E-01 0.1100655 0.1231790 0.1353921 0.1481516 0.1666192 0.2078375 0.3174411 0.3174411 -9999.000 -9999.000 -9999.000 -9999.000 -9999.000 -9999.000 -9999.000 -9999.000 -9999.000 -9999.000 -9999.000 -9999.000 -9999.000 -9999.000 -9999.000 -9999.000 -9999.000 -9999.000 -9999.000 -9999.000 -9999.000 -9999.000 -9999.000 -9999.000 -9999.000 -9999.000 -9999.000 -9999.000 -9999.000
-9999.000 -9999.000 -9999.000 -9999.000 -9999.000 -9999.000 -9999.000 -9999.000 -9999.000 -9999.000 -9999.000 -9999.000 -9999.000 -9999.000 -9999.000 0.2233417E-01 0.3463961E-01 0.4776375E-01 0.5881823E-01 0.6920877E-01 0.8010164E-01 0.9147988E-01 0.1034371 0.1157815 0.1278345 0.1394983 0.1522943 0.1720036 0.2181928 0.3570273 0.3570273 -9999.000 -9999.000 -9999.000 -9999.000 -9999.000 -9999.000 -9999.000 -9999.000 -9999.000 -9999.000 -9999.000 -9999.000 -9999.000 -9999.000 -9999.000 -9999.000 -9999.000 -9999.000 -9999.000 -9999.000 -9999.000 -9999.000 -9999.000 -9999.000 -9999.000 -9999.000 -9999.000 -9999.000 -9999.000
2.554403 2.554403 2.599501 2.640016 2.645464 2.645464 2.648576 2.650814 2.650814 2.649679 2.649679 2.646270 2.643941 2.641289 2.638363 2.638363 2.659125 2.651459 2.633707 2.602164 2.554109 2.486946 2.400673 2.296082 2.173974 2.036651 1.888936 1.742153 1.623416 1.603888 1.603888 2.394567 2.548381 2.625593 2.642986 2.642986 2.660772 2.660772 2.621381 2.621381 2.566781 2.361458 2.361458 1.915530 1.915530 1.768575 1.768575 1.768575 1.781997 1.781997 1.823115 1.823115 1.870499 1.870499 1.915865 1.915865 1.954642 1.954642 1.954642 1.983376
2.571646 2.571646 2.631255 2.687381 2.703457 2.703457 2.717175 2.740506 2.740506 2.760298 2.760298 2.777647 2.785633 2.793252 2.800554 2.800554 2.820603 2.826861 2.833219 2.837541 2.837421 2.830118 2.813355 2.784936 2.742630 2.684844 2.611127 2.522409 2.429903 2.378886 2.378886 2.804797 2.950029 3.084559 3.119288 3.119288 3.153858 3.153858 3.141624 3.141624 3.113017 2.995998 2.995998 2.733028 2.733028 2.559201 2.559201 2.559201 2.572132 2.572132 2.613891 2.613891 2.663347 2.663347 2.711643 2.711643 2.753881 2.753881 2.753881 2.787785
2.575639 2.575639 2.635212 2.687693 2.703948 2.703948 2.717898 2.741740 2.741740 2.762105 2.762105 2.780118 2.788471 2.796481 2.804194 2.804194 2.824266 2.837722 2.853700 2.869715 2.883766 2.894183 2.899755 2.899304 2.891348 2.874300 2.846849 2.808511 2.764261 2.738956 2.738956 2.988056 3.125911 3.280906 3.324081 3.324081 3.361763 3.361763 3.339859 3.339859 3.306982 3.206749 3.206749 3.031553 3.031553 2.853743 2.853743 2.853743 2.852085 2.852085 2.884573 2.884573 2.927134 2.927134 2.969326 2.969326 3.006713 3.006713 3.006713 3.037083
2.578840 2.578840 2.638253 2.687629 2.703857 2.703857 2.717848 2.741751 2.741751 2.762132 2.762132 2.780152 2.788512 2.796529 2.804252 2.804252 2.826337 2.846336 2.870101 2.894122 2.916052 2.934393 2.948354 2.957494 2.961358 2.959393 2.951039 2.936032 2.917255 2.910298 2.910298 3.064930 3.188099 3.347123 3.392561 3.392561 3.421227 3.421227 3.378961 3.378961 3.341403 3.261039 3.261039 3.153704 3.153704 2.994637 2.994637 2.994637 2.976916 2.976916 2.998822 2.998822 3.035246 3.035246 3.073551 3.073551 3.108125 3.108125 3.108125 3.136249
2.581300 2.581300 2.640569 2.687582 2.703759 2.703759 2.717784 2.741748 2.741748 2.762137 2.762137 2.780151 2.788508 2.796523 2.804246 2.804246 2.830890 2.857623 2.888911 2.920358 2.949281 2.974120 2.994089 3.008887 3.018432 3.022727 3.021866 3.016168 3.007909 3.007651 3.007651 3.107741 3.212031 3.359939 3.397436 3.397436 3.396410 3.396410 3.333253 3.333253 3.300001 3.253666 3.253666 3.204423 3.204423 3.082703 3.082703 3.082703 3.051887 3.051887 3.060758 3.060758 3.089046 3.089046 3.122611 3.122611 3.153984 3.153984 3.153984 3.179543
2.583039 2.583039 2.642200 2.687556 2.703677 2.703677 2.717728 2.741744 2.741744 2.762140 2.762140 2.780150 2.788505 2.796519 2.804241 2.804241 2.838696 2.872687 2.911352 2.949763 2.985111 3.015849 3.041187 3.060820 3.074717 3.083025 3.086064 3.084423 3.080037 3.080370 3.080370 3.144380 3.226685 3.343221 3.357299 3.357299 3.308730 3.308730 3.244056 3.244056 3.227865 3.224008 3.224008 3.220676 3.220676 3.145201 3.145201 3.145201 3.109142 3.109142 3.105345 3.105345 3.123463 3.123463 3.150369 3.150369 3.177139 3.177139 3.177139 3.199099
2.584074 2.584074 2.643170 2.687543 2.703623 2.703623 2.717690 2.741742 2.741742 2.762144 2.762144 2.780150 2.788504 2.796517 2.804239 2.804239 2.850615 2.892641 2.938614 2.983493 3.024608 3.060561 3.090652 3.114594 3.132355 3.144079 3.150090 3.150975 3.148271 3.147125 3.147125 3.185257 3.242291 3.295575 3.267278 3.267278 3.177154 3.177154 3.144246 3.144246 3.152606 3.188262 3.188262 3.218018 3.218018 3.188384 3.188384 3.188384 3.156400 3.156400 3.143676 3.143676 3.151033 3.151033 3.169462 3.169462 3.189917 3.189917 3.189917 3.206973
2.584418 2.584418 2.643492 2.687540 2.703604 2.703604 2.717677 2.741741 2.741741 2.762145 2.762145 2.780150 2.788503 2.796516 2.804237 2.804237 2.867803 2.918799 2.972047 3.022861 3.068979 3.109309 3.143348 3.170904 3.191976 3.206692 3.215316 3.218324 3.216797 3.213815 3.213815 3.231668 3.256848 3.197610 3.119208 3.119208 3.032614 3.032614 3.057587 3.057587 3.088147 3.152793 3.152793 3.204917 3.204917 3.214952 3.214952 3.214952 3.194273 3.194273 3.178294 3.178294 3.176264 3.176264 3.185151 3.185151 3.197677 3.197677 3.197677 3.208463
2.584074 2.584074 2.643170 2.687543 2.703623 2.703623 2.717690 2.741742 2.741742 2.762145 2.762145 2.780150 2.788504 2.796517 2.804239 2.804239 2.891883 2.952826 3.013269 3.069389 3.119609 3.163309 3.200289 3.230539 3.254144 3.271248 3.282066 3.286939 3.286439 3.281194 3.281194 3.278610 3.253906 3.029159 2.928314 2.928314 2.908315 2.908315 2.989309 2.989309 3.034529 3.117690 3.117690 3.184878 3.184878 3.226638 3.226638 3.226638 3.220907 3.220907 3.207268 3.207268 3.198808 3.198808 3.198233 3.198233 3.201692 3.201692 3.201692 3.205043
2.583038 2.583038 2.642200 2.687556 2.703676 2.703676 2.717728 2.741744 2.741744 2.762141 2.762141 2.780149 2.788505 2.796520 2.804241 2.804241 2.925198 2.996941 3.064306 3.124894 3.178102 3.223948 3.262640 3.294430 3.319546 3.338190 3.350563 3.356875 3.356931 3.346808 3.346808 3.310719 3.192900 2.804273 2.742196 2.742196 2.817800 2.817800 2.933750 2.933750 2.987007 3.081777 3.081777 3.159463 3.159463 3.225365 3.225365 3.225365 3.234935 3.234935 3.227638 3.227638 3.216291 3.216291 3.207426 3.207426 3.201398 3.201398 3.201398 3.196557
2.581300 2.581300 2.640570 2.687582 2.703759 2.703759 2.717784 2.741747 2.741747 2.762136 2.762136 2.780150 2.788508 2.796523 2.804246 2.804246 2.971240 3.054236 3.127794 3.191601 3.246327 3.292786 3.331695 3.363619 3.388978 3.408070 3.421117 3.428148 3.427104 3.401423 3.401423 3.285733 3.013254 2.586508 2.606825 2.606825 2.750483 2.750483 2.882969 2.882969 2.940431 3.043089 3.043089 3.128284 3.128284 3.211853 3.211853 3.211853 3.234925 3.234925 3.235795 3.235795 3.224618 3.224618 3.209352 3.209352 3.194265 3.194265 3.194265 3.181105
2.578840 2.578840 2.638253 2.687628 2.703856 2.703856 2.717847 2.741751 2.741751 2.762132 2.762132 2.780152 2.788512 2.796529 2.804252 2.804252 3.035417 3.129183 3.207300 3.272319 3.326497 3.371580 3.408846 3.439209 3.463297 3.481517 3.494127 3.500668 3.492396 3.410875 3.410875 3.116869 2.693712 2.446172 2.512130 2.512130 2.686529 2.686529 2.827217 2.827217 2.887150 2.996194 2.996194 3.086984 3.086984 3.183325 3.183325 3.183325 3.217228 3.217228 3.226166 3.226166 3.216906 3.216906 3.197285 3.197285 3.174332 3.174332 3.174332 3.153491
