cruce_test.gid/Rasters/Hydraulic/Velocity____174.0.asc
NCOLS        79
NROWS        79
XLLCENTER         -1.500000
YLLCENTER         -4.800000
CELLSIZE           0.100
NODATA_VALUE     -9999.0
[rows 0 to 26 of 79, columns 0 to 59 of 79]
-9999.000 -9999.000 -9999.000 -9999.000 -9999.000 -9999.000 -9999.000 -9999.000 -9999.000 -9999.000 -9999.000 -9999.000 -9999.000 -9999.000 -9999.000 0.9873255E-01 0.9667570E-01 0.9614729E-01 0.9650923E-01 0.9727009E-01 0.9813223E-01 0.9897219E-01 0.9971348E-01 0.1002509 0.1006400 0.1008935 0.1010642 0.1013356 0.1022712 0.1032104 0.1032104 -9999.000 -9999.000 -9999.000 -9999.000 -9999.000 -9999.000 -9999.000 -9999.000 -9999.000 -9999.000 -9999.000 -9999.000 -9999.000 -9999.000 -9999.000 -9999.000 -9999.000 -9999.000 -9999.000 -9999.000 -9999.000 -9999.000 -9999.000 -9999.000 -9999.000 -9999.000 -9999.000 -9999.000 -9999.000
-9999.000 -9999.000 -9999.000 -9999.000 -9999.000 -9999.000 -9999.000 -9999.000 -9999.000 -9999.000 -9999.000 -9999.000 -9999.000 -9999.000 -9999.000 0.9732158E-01 0.9310959E-01 0.9205510E-01 0.9285814E-01 0.9448756E-01 0.9633802E-01 0.9816508E-01 0.9981468E-01 0.1010599 0.1020038 0.1026669 0.1031606 0.1038897 0.1060924 0.1086218 0.1086218 -9999.000 -9999.000 -9999.000 -9999.000 -9999.000 -9999.000 -9999.000 -9999.000 -9999.000 -9999.000 -9999.000 -9999.000 -9999.000 -9999.000 -9999.000 -9999.000 -9999.000 -9999.000 -9999.000 -9999.000 -9999.000 -9999.000 -9999.000 -9999.000 -9999.000 -9999.000 -9999.000 -9999.000 -9999.000
-9999.000 -9999.000 -9999.000 -9999.000 -9999.000 -9999.000 -9999.000 -9999.000 -9999.000 -9999.000 -9999.000 -9999.000 -9999.000 -9999.000 -9999.000 0.9451931E-01 0.8802551E-01 0.8634409E-01 0.8764560E-01 0.9028697E-01 0.9331500E-01 0.9635904E-01 0.9918975E-01 0.1014493 0.1032954 0.1047456 0.1059592 0.1075664 0.1115360 0.1164491 0.1164491 -9999.000 -9999.000 -9999.000 -9999.000 -9999.000 -9999.000 -9999.000 -9999.000 -9999.000 -9999.000 -9999.000 -9999.000 -9999.000 -9999.000 -9999.000 -9999.000 -9999.000 -9999.000 -9999.000 -9999.000 -9999.000 -9999.000 -9999.000 -9999.000 -9999.000 -9999.000 -9999.000 -9999.000 -9999.000
-9999.000 -9999.000 -9999.000 -9999.000 -9999.000 -9999.000 -9999.000 -9999.000 -9999.000 -9999.000 -9999.000 -9999.000 -9999.000 -9999.000 -9999.000 0.9110278E-01 0.8239211E-01 0.8008164E-01 0.8190808E-01 0.8560003E-01 0.8984847E-01 0.9416567E-01 0.9825784E-01 0.1016352 0.1045151 0.1069026 0.1089944 0.1116409 0.1175662 0.1253978 0.1253978 -9999.000 -9999.000 -9999.000 -9999.000 -9999.000 -9999.000 -9999.000 -9999.000 -9999.000 -9999.000 -9999.000 -9999.000 -9999.000 -9999.000 -9999.000 -9999.000 -9999.000 -9999.000 -9999.000 -9999.000 -9999.000 -9999.000 -9999.000 -9999.000 -9999.000 -9999.000 -9999.000 -9999.000 -9999.000
-9999.000 -9999.000 -9999.000 -9999.000 -9999.000 -9999.000 -9999.000 -9999.000 -9999.000 -9999.000 -9999.000 -9999.000 -9999.000 -9999.000 -9999.000 0.8730513E-01 0.7640368E-01 0.7346329E-01 0.7584586E-01 0.8062702E-01 0.8613072E-01 0.9175917E-01 0.9716345E-01 0.1017194 0.1057116 0.1091253 0.1121897 0.1159802 0.1240161 0.1353161 0.1353161 -9999.000 -9999.000 -9999.000 -9999.000 -9999.000 -9999.000 -9999.000 -9999.000 -9999.000 -9999.000 -9999.000 -9999.000 -9999.000 -9999.000 -9999.000 -9999.000 -9999.000 -9999.000 -9999.000 -9999.000 -9999.000 -9999.000 -9999.000 -9999.000 -9999.000 -9999.000 -9999.000 -9999.000 -9999.000
-9999.000 -9999.000 -9999.000 -9999.000 -9999.000 -9999.000 -9999.000 -9999.000 -9999.000 -9999.000 -9999.000 -9999.000 -9999.000 -9999.000 -9999.000 0.8322134E-01 0.7014593E-01 0.6658898E-01 0.6957299E-01 0.7548840E-01 0.8227853E-01 0.8924601E-01 0.9599674E-01 0.1017687 0.1069242 0.1114213 0.1155194 0.1205298 0.1308204 0.1462068 0.1462068 -9999.000 -9999.000 -9999.000 -9999.000 -9999.000 -9999.000 -9999.000 -9999.000 -9999.000 -9999.000 -9999.000 -9999.000 -9999.000 -9999.000 -9999.000 -9999.000 -9999.000 -9999.000 -9999.000 -9999.000 -9999.000 -9999.000 -9999.000 -9999.000 -9999.000 -9999.000 -9999.000 -9999.000 -9999.000
-9999.000 -9999.000 -9999.000 -9999.000 -9999.000 -9999.000 -9999.000 -9999.000 -9999.000 -9999.000 -9999.000 -9999.000 -9999.000 -9999.000 -9999.000 0.7887955E-01 0.6365243E-01 0.5951320E-01 0.6316355E-01 0.7026295E-01 0.7836547E-01 0.8669008E-01 0.9481087E-01 0.1018223 0.1081774 0.1137974 0.1189733 0.1252668 0.1379606 0.1581664 0.1581664 -9999.000 -9999.000 -9999.000 -9999.000 -9999.000 -9999.000 -9999.000 -9999.000 -9999.000 -9999.000 -9999.000 -9999.000 -9999.000 -9999.000 -9999.000 -9999.000 -9999.000 -9999.000 -9999.000 -9999.000 -9999.000 -9999.000 -9999.000 -9999.000 -9999.000 -9999.000 -9999.000 -9999.000 -9999.000
-9999.000 -9999.000 -9999.000 -9999.000 -9999.000 -9999.000 -9999.000 -9999.000 -9999.000 -9999.000 -9999.000 -9999.000 -9999.000 -9999.000 -9999.000 0.7427453E-01 0.5693128E-01 0.5227846E-01 0.5668520E-01 0.6501759E-01 0.7444674E-01 0.8413477E-01 0.9363928E-01 0.1019034 0.1094852 0.1162587 0.1225470 0.1301815 0.1454410 0.1713616 0.1713616 -9999.000 -9999.000 -9999.000 -9999.000 -9999.000 -9999.000 -9999.000 -9999.000 -9999.000 -9999.000 -9999.000 -9999.000 -9999.000 -9999.000 -9999.000 -9999.000 -9999.000 -9999.000 -9999.000 -9999.000 -9999.000 -9999.000 -9999.000 -9999.000 -9999.000 -9999.000 -9999.000 -9999.000 -9999.000
-9999.000 -9999.000 -9999.000 -9999.000 -9999.000 -9999.000 -9999.000 -9999.000 -9999.000 -9999.000 -9999.000 -9999.000 -9999.000 -9999.000 -9999.000 0.6938235E-01 0.4998112E-01 0.4494148E-01 0.5022848E-01 0.5982980E-01 0.7057733E-01 0.8161747E-01 0.9250765E-01 0.1020281 0.1108574 0.1188082 0.1262375 0.1352701 0.1532778 0.1860282 0.1860282 -9999.000 -9999.000 -9999.000 -9999.000 -9999.000 -9999.000 -9999.000 -9999.000 -9999.000 -9999.000 -9999.000 -9999.000 -9999.000 -9999.000 -9999.000 -9999.000 -9999.000 -9999.000 -9999.000 -9999.000 -9999.000 -9999.000 -9999.000 -9999.000 -9999.000 -9999.000 -9999.000 -9999.000 -9999.000
-9999.000 -9999.000 -9999.000 -9999.000 -9999.000 -9999.000 -9999.000 -9999.000 -9999.000 -9999.000 -9999.000 -9999.000 -9999.000 -9999.000 -9999.000 0.6416692E-01 0.4280150E-01 0.3761137E-01 0.4394438E-01 0.5480925E-01 0.6682547E-01 0.7917995E-01 0.9144247E-01 0.1022123 0.1123036 0.1214496 0.1300436 0.1405317 0.1614935 0.2024829 0.2024829 -9999.000 -9999.000 -9999.000 -9999.000 -9999.000 -9999.000 -9999.000 -9999.000 -9999.000 -9999.000 -9999.000 -9999.000 -9999.000 -9999.000 -9999.000 -9999.000 -9999.000 -9999.000 -9999.000 -9999.000 -9999.000 -9999.000 -9999.000 -9999.000 -9999.000 -9999.000 -9999.000 -9999.000 -9999.000
-9999.000 -9999.000 -9999.000 -9999.000 -9999.000 -9999.000 -9999.000 -9999.000 -9999.000 -9999.000 -9999.000 -9999.000 -9999.000 -9999.000 -9999.000 0.5858102E-01 0.3540851E-01 0.3053355E-01 0.3810724E-01 0.5012508E-01 0.6328700E-01 0.7687749E-01 0.9047797E-01 0.1024774 0.1138377 0.1241892 0.1339655 0.1459665 0.1701163 0.2211534 0.2211534 -9999.000 -9999.000 -9999.000 -9999.000 -9999.000 -9999.000 -9999.000 -9999.000 -9999.000 -9999.000 -9999.000 -9999.000 -9999.000 -9999.000 -9999.000 -9999.000 -9999.000 -9999.000 -9999.000 -9999.000 -9999.000 -9999.000 -9999.000 -9999.000 -9999.000 -9999.000 -9999.000 -9999.000 -9999.000
-9999.000 -9999.000 -9999.000 -9999.000 -9999.000 -9999.000 -9999.000 -9999.000 -9999.000 -9999.000 -9999.000 -9999.000 -9999.000 -9999.000 -9999.000 0.5256590E-01 0.2787404E-01 0.2429817E-01 0.3321916E-01 0.4604176E-01 0.6010212E-01 0.7479084E-01 0.8966488E-01 0.1028569 0.1154833 0.1270416 0.1380091 0.1515790 0.1791799 0.2426244 0.2426244 -9999.000 -9999.000 -9999.000 -9999.000 -9999.000 -9999.000 -9999.000 -9999.000 -9999.000 -9999.000 -9999.000 -9999.000 -9999.000 -9999.000 -9999.000 -9999.000 -9999.000 -9999.000 -9999.000 -9999.000 -9999.000 -9999.000 -9999.000 -9999.000 -9999.000 -9999.000 -9999.000 -9999.000 -9999.000
-9999.000 -9999.000 -9999.000 -9999.000 -9999.000 -9999.000 -9999.000 -9999.000 -9999.000 -9999.000 -9999.000 -9999.000 -9999.000 -9999.000 -9999.000 0.4604767E-01 0.2046375E-01 0.2028038E-01 0.3012926E-01 0.4296584E-01 0.5748411E-01 0.7304599E-01 0.8908607E-01 0.1034102 0.1172856 0.1300379 0.1421939 0.1573832 0.1887272 0.2677159 0.2677159 -9999.000 -9999.000 -9999.000 -9999.000 -9999.000 -9999.000 -9999.000 -9999.000 -9999.000 -9999.000 -9999.000 -9999.000 -9999.000 -9999.000 -9999.000 -9999.000 -9999.000 -9999.000 -9999.000 -9999.000 -9999.000 -9999.000 -9999.000 -9999.000 -9999.000 -9999.000 -9999.000 -9999.000 -9999.000
-9999.000 -9999.000 -9999.000 -9999.000 -9999.000 -9999.000 -9999.000 -9999.000 -9999.000 -9999.000 -9999.000 -9999.000 -9999.000 -9999.000 -9999.000 0.3874781E-01 0.1464754E-01 0.2157820E-01 0.3080926E-01 0.4222720E-01 0.5635131E-01 0.7229491E-01 0.8921289E-01 0.1044880 0.1195061 0.1333704 0.1466578 0.1634779 0.1988578 0.2976486 0.2976486 -9999.000 -9999.000 -9999.000 -9999.000 -9999.000 -9999.000 -9999.000 -9999.000 -9999.000 -9999.000 -9999.000 -9999.000 -9999.000 -9999.000 -9999.000 -9999.000 -9999.000 -9999.000 -9999.000 -9999.000 -9999.000 -9999.000 -9999.000 -9999.000 -9999.000 -9999.000 -9999.000 -9999.000 -9999.000
-9999.000 -9999.000 -9999.000 -9999.000 -9999.000 -9999.000 -9999.000 -9999.000 -9999.000 -9999.000 -9999.000 -9999.000 -9999.000 -9999.000 -9999.000 0.5918353E-01 0.9068569E-01 0.1048726 0.9881308E-01 0.9406128E-01 0.9344524E-01 0.9723867E-01 0.1054554 0.1151682 0.1269523 0.1391062 0.1517836 0.1693083 0.2086603 0.3315916 0.3315916 -9999.000 -9999.000 -9999.000 -9999.000 -9999.000 -9999.000 -9999.000 -9999.000 -9999.000 -9999.000 -9999.000 -9999.000 -9999.000 -9999.000 -9999.000 -9999.000 -9999.000 -9999.000 -9999.000 -9999.000 -9999.000 -9999.000 -9999.000 -9999.000 -9999.000 -9999.000 -9999.000 -9999.000 -9999.000
2.721949 2.721949 2.728310 2.791944 2.797481 2.797481 2.800245 2.801612 2.801612 2.799504 2.799504 2.795038 2.792147 2.788905 2.785363 2.785363 2.880978 2.883185 2.883340 2.865760 2.828351 2.770754 2.692297 2.590221 2.469494 2.330416 2.176550 2.016759 1.875499 1.824732 1.824732 2.608850 2.772614 2.867885 2.892194 2.892194 2.925677 2.925677 2.912968 2.912968 2.873203 2.706881 2.706881 2.372908 2.372908 2.029306 2.029306 2.029306 2.007745 2.007745 2.035219 2.035219 2.079583 2.079583 2.126987 2.126987 2.169789 2.169789 2.169789 2.204057
2.743938 2.743938 2.754661 2.841425 2.858177 2.858177 2.872118 2.895586 2.895586 2.915347 2.915347 2.932598 2.940507 2.948025 2.955197 2.955197 3.023519 3.037129 3.049664 3.058389 3.062526 3.060761 3.050858 3.029414 2.995091 2.945365 2.878811 2.796139 2.703390 2.628794 2.628794 3.044416 3.190279 3.333236 3.372594 3.372594 3.418166 3.418166 3.421305 3.421305 3.402683 3.309651 3.309651 3.120476 3.120476 2.838520 2.838520 2.838520 2.814226 2.814226 2.843564 2.843564 2.891137 2.891137 2.941122 2.941122 2.986940 2.986940 2.986940 3.025577
2.748414 2.748414 2.757465 2.841569 2.858536 2.858536 2.872769 2.896794 2.896794 2.917153 2.917153 2.935096 2.943392 2.951319 2.958924 2.958924 3.018930 3.042311 3.064812 3.084818 3.101606 3.114733 3.123530 3.126555 3.123036 3.111363 3.089855 3.057662 3.017072 2.984184 2.984184 3.214397 3.354021 3.517467 3.565808 3.565808 3.616183 3.616183 3.607831 3.607831 3.581453 3.489993 3.489993 3.355108 3.355108 3.122684 3.122684 3.122684 3.083517 3.083517 3.100757 3.100757 3.139933 3.139933 3.183870 3.183870 3.225187 3.225187 3.225187 3.260498
2.751129 2.751129 2.761395 2.841279 2.858322 2.858322 2.872665 2.896783 2.896783 2.917148 2.917148 2.935095 2.943396 2.951332 2.958946 2.958946 3.014244 3.046029 3.077928 3.107368 3.133015 3.154308 3.170984 3.182578 3.189061 3.190100 3.185146 3.173881 3.157678 3.146456 3.146456 3.286610 3.409327 3.576800 3.628760 3.628760 3.673282 3.673282 3.641880 3.641880 3.604992 3.519936 3.519936 3.433323 3.433323 3.258446 3.258446 3.258446 3.207868 3.207868 3.211223 3.211223 3.241575 3.241575 3.280474 3.280474 3.318610 3.318610 3.318610 3.351559
2.752399 2.752399 2.766486 2.840849 2.858070 2.858070 2.872557 2.896766 2.896766 2.917116 2.917116 2.935035 2.943328 2.951254 2.958863 2.958863 3.013351 3.052688 3.093289 3.131461 3.165315 3.194017 3.217263 3.234845 3.246900 3.253606 3.255104 3.251721 3.244849 3.241296 3.241296 3.329615 3.431301 3.588133 3.634540 3.634540 3.651291 3.651291 3.588975 3.588975 3.548904 3.490006 3.490006 3.452101 3.452101 3.340013 3.340013 3.340013 3.286198 3.286198 3.275555 3.275555 3.294698 3.294698 3.326796 3.326796 3.360718 3.360718 3.360718 3.390604
2.751472 2.751472 2.771810 2.840383 2.857924 2.857924 2.872613 2.896941 2.896941 2.917276 2.917276 2.935184 2.943474 2.951402 2.959012 2.959012 3.017422 3.064075 3.112706 3.158781 3.200074 3.235576 3.264911 3.287934 3.304774 3.315694 3.321050 3.321403 3.318098 3.316024 3.316024 3.370444 3.448822 3.577143 3.603407 3.603407 3.566538 3.566538 3.484629 3.484629 3.457115 3.441393 3.441393 3.446508 3.446508 3.393262 3.393262 3.393262 3.346071 3.346071 3.325253 3.325253 3.332115 3.332115 3.355207 3.355207 3.383019 3.383019 3.383019 3.408396
2.748294 2.748294 2.777881 2.840165 2.857842 2.857842 2.872607 2.896970 2.896970 2.917296 2.917296 2.935195 2.943484 2.951411 2.959021 2.959021 3.026901 3.081202 3.137358 3.190492 3.238317 3.279810 3.314590 3.342551 3.363800 3.378582 3.387255 3.390369 3.389043 3.386652 3.386652 3.417721 3.471500 3.544972 3.529696 3.529696 3.429242 3.429242 3.365267 3.365267 3.363457 3.393087 3.393087 3.430628 3.430628 3.426332 3.426332 3.426332 3.393550 3.393550 3.369060 3.369060 3.365037 3.365037 3.377719 3.377719 3.397474 3.397474 3.397474 3.416644
2.748004 2.748004 2.779383 2.840017 2.857777 2.857777 2.872589 2.896978 2.896978 2.917302 2.917302 2.935199 2.943487 2.951413 2.959023 2.959023 3.043005 3.105672 3.168989 3.228319 3.281628 3.328067 3.367357 3.399474 3.424540 3.442774 3.454489 3.460133 3.460518 3.457589 3.457589 3.471627 3.497939 3.472898 3.396149 3.396149 3.265171 3.265171 3.258342 3.258342 3.284012 3.349049 3.349049 3.408815 3.408815 3.442688 3.442688 3.442688 3.428324 3.428324 3.406984 3.406984 3.395723 3.395723 3.397996 3.397996 3.408226 3.408226 3.408226 3.419573
2.748294 2.748294 2.777881 2.840165 2.857843 2.857843 2.872608 2.896971 2.896971 2.917296 2.917296 2.935196 2.943484 2.951412 2.959021 2.959021 3.067295 3.139254 3.209437 3.274064 3.331686 3.381831 3.424448 3.459660 3.487659 3.508675 3.522974 3.530897 3.532881 3.529076 3.529076 3.527490 3.515419 3.330523 3.201042 3.201042 3.113790 3.113790 3.176770 3.176770 3.222010 3.309364 3.309364 3.383751 3.383751 3.446207 3.446207 3.446207 3.450563 3.450563 3.437479 3.437479 3.423486 3.423486 3.416792 3.416792 3.416805 3.416805 3.416805 3.419002
2.751472 2.751472 2.771810 2.840383 2.857924 2.857924 2.872612 2.896941 2.896941 2.917276 2.917276 2.935184 2.943474 2.951402 2.959013 2.959013 3.102092 3.184253 3.260907 3.329778 3.390357 3.442748 3.487263 3.524244 3.554010 3.576843 3.592996 3.602701 3.605814 3.598898 3.598898 3.573024 3.490552 3.108595 2.983408 2.983408 3.002507 3.002507 3.115354 3.115354 3.171155 3.271276 3.271276 3.355560 3.355560 3.439021 3.439021 3.439021 3.460022 3.460022 3.457761 3.457761 3.445023 3.445023 3.431846 3.431846 3.421937 3.421937 3.421937 3.414270
2.752399 2.752399 2.766486 2.840849 2.858070 2.858070 2.872556 2.896766 2.896766 2.917115 2.917115 2.935036 2.943327 2.951254 2.958863 2.958863 3.150821 3.243743 3.326088 3.397795 3.459650 3.512539 3.557249 3.594417 3.624529 3.647952 3.664955 3.675629 3.678365 3.659234 3.659234 3.574038 3.361526 2.854412 2.806729 2.806729 2.927109 2.927109 3.063167 3.063167 3.123961 3.231592 3.231592 3.322897 3.322897 3.421488 3.421488 3.421488 3.455957 3.455957 3.464716 3.464716 3.455986 3.455986 3.439063 3.439063 3.420401 3.420401 3.420401 3.402943
2.751129 2.751129 2.761395 2.841280 2.858323 2.858323 2.872664 2.896783 2.896783 2.917148 2.917148 2.935095 2.943396 2.951332 2.958946 2.958946 3.219434 3.322704 3.409026 3.481378 3.542207 3.593351 3.636158 3.671593 3.700337 3.722853 3.739442 3.749791 3.746929 3.680191 3.680191 3.449873 3.081027 2.653982 2.693952 2.693952 2.863345 2.863345 3.008141 3.008141 3.071526 3.184302 3.184302 3.280843 3.280843 3.390157 3.390157 3.390157 3.434773 3.434773 3.453107 3.453107 3.449446 3.449446 3.431022 3.431022 3.405345 3.405345 3.405345 3.379027
