cruce_test.gid/Rasters/Hydraulic/Velocity__y_49.0.asc
NCOLS        79
NROWS        79
XLLCENTER         -1.500000
YLLCENTER         -4.800000
CELLSIZE           0.100
NODATA_VALUE     -9999.0
[rows 0 to 25 of 79, columns 0 to 58 of 79]
-9999.000 -9999.000 -9999.000 -9999.000 -9999.000 -9999.000 -9999.000 -9999.000 -9999.000 -9999.000 -9999.000 -9999.000 -9999.000 -9999.000 -9999.000 -0.2737345 -0.2727400 -0.2729583 -0.2733352 -0.2737744 -0.2742689 -0.2748231 -0.2754418 -0.2761298 -0.2768942 -0.2777487 -0.2787183 -0.2798440 -0.2810614 -0.2777431 -0.2777431 -9999.000 -9999.000 -9999.000 -9999.000 -9999.000 -9999.000 -9999.000 -9999.000 -9999.000 -9999.000 -9999.000 -9999.000 -9999.000 -9999.000 -9999.000 -9999.000 -9999.000 -9999.000 -9999.000 -9999.000 -9999.000 -9999.000 -9999.000 -9999.000 -9999.000 -9999.000 -9999.000 -9999.000
-9999.000 -9999.000 -9999.000 -9999.000 -9999.000 -9999.000 -9999.000 -9999.000 -9999.000 -9999.000 -9999.000 -9999.000 -9999.000 -9999.000 -9999.000 -0.2693868 -0.2669302 -0.2672885 -0.2679496 -0.2687109 -0.2695602 -0.2705132 -0.2715893 -0.2728102 -0.2742026 -0.2758055 -0.2776776 -0.2799007 -0.2823183 -0.2759417 -0.2759417 -9999.000 -9999.000 -9999.000 -9999.000 -9999.000 -9999.000 -9999.000 -9999.000 -9999.000 -9999.000 -9999.000 -9999.000 -9999.000 -9999.000 -9999.000 -9999.000 -9999.000 -9999.000 -9999.000 -9999.000 -9999.000 -9999.000 -9999.000 -9999.000 -9999.000 -9999.000 -9999.000 -9999.000
-9999.000 -9999.000 -9999.000 -9999.000 -9999.000 -9999.000 -9999.000 -9999.000 -9999.000 -9999.000 -9999.000 -9999.000 -9999.000 -9999.000 -9999.000 -0.2632308 -0.2589752 -0.2595369 -0.2606507 -0.2619674 -0.2634605 -0.2651538 -0.2670826 -0.2692854 -0.2718069 -0.2747037 -0.2780498 -0.2819301 -0.2859928 -0.2763129 -0.2763129 -9999.000 -9999.000 -9999.000 -9999.000 -9999.000 -9999.000 -9999.000 -9999.000 -9999.000 -9999.000 -9999.000 -9999.000 -9999.000 -9999.000 -9999.000 -9999.000 -9999.000 -9999.000 -9999.000 -9999.000 -9999.000 -9999.000 -9999.000 -9999.000 -9999.000 -9999.000 -9999.000 -9999.000
-9999.000 -9999.000 -9999.000 -9999.000 -9999.000 -9999.000 -9999.000 -9999.000 -9999.000 -9999.000 -9999.000 -9999.000 -9999.000 -9999.000 -9999.000 -0.2559141 -0.2497419 -0.2505754 -0.2522635 -0.2542968 -0.2566322 -0.2593031 -0.2623587 -0.2658523 -0.2698424 -0.2743972 -0.2795987 -0.2855287 -0.2916189 -0.2789827 -0.2789827 -9999.000 -9999.000 -9999.000 -9999.000 -9999.000 -9999.000 -9999.000 -9999.000 -9999.000 -9999.000 -9999.000 -9999.000 -9999.000 -9999.000 -9999.000 -9999.000 -9999.000 -9999.000 -9999.000 -9999.000 -9999.000 -9999.000 -9999.000 -9999.000 -9999.000 -9999.000 -9999.000 -9999.000
-9999.000 -9999.000 -9999.000 -9999.000 -9999.000 -9999.000 -9999.000 -9999.000 -9999.000 -9999.000 -9999.000 -9999.000 -9999.000 -9999.000 -9999.000 -0.2474529 -0.2393244 -0.2404966 -0.2428682 -0.2457588 -0.2491095 -0.2529647 -0.2573893 -0.2624521 -0.2682257 -0.2747900 -0.2822356 -0.2906412 -0.2992039 -0.2840521 -0.2840521 -9999.000 -9999.000 -9999.000 -9999.000 -9999.000 -9999.000 -9999.000 -9999.000 -9999.000 -9999.000 -9999.000 -9999.000 -9999.000 -9999.000 -9999.000 -9999.000 -9999.000 -9999.000 -9999.000 -9999.000 -9999.000 -9999.000 -9999.000 -9999.000 -9999.000 -9999.000 -9999.000 -9999.000
-9999.000 -9999.000 -9999.000 -9999.000 -9999.000 -9999.000 -9999.000 -9999.000 -9999.000 -9999.000 -9999.000 -9999.000 -9999.000 -9999.000 -9999.000 -0.2377989 -0.2277753 -0.2293534 -0.2325044 -0.2363736 -0.2408897 -0.2461118 -0.2521245 -0.2590171 -0.2668806 -0.2758121 -0.2859169 -0.2972775 -0.3088468 -0.2917401 -0.2917401 -9999.000 -9999.000 -9999.000 -9999.000 -9999.000 -9999.000 -9999.000 -9999.000 -9999.000 -9999.000 -9999.000 -9999.000 -9999.000 -9999.000 -9999.000 -9999.000 -9999.000 -9999.000 -9999.000 -9999.000 -9999.000 -9999.000 -9999.000 -9999.000 -9999.000 -9999.000 -9999.000 -9999.000
-9999.000 -9999.000 -9999.000 -9999.000 -9999.000 -9999.000 -9999.000 -9999.000 -9999.000 -9999.000 -9999.000 -9999.000 -9999.000 -9999.000 -9999.000 -0.2268342 -0.2151061 -0.2171625 -0.2211768 -0.2261286 -0.2319400 -0.2386919 -0.2464962 -0.2554691 -0.2657306 -0.2774064 -0.2906298 -0.3055026 -0.3207366 -0.3023980 -0.3023980 -9999.000 -9999.000 -9999.000 -9999.000 -9999.000 -9999.000 -9999.000 -9999.000 -9999.000 -9999.000 -9999.000 -9999.000 -9999.000 -9999.000 -9999.000 -9999.000 -9999.000 -9999.000 -9999.000 -9999.000 -9999.000 -9999.000 -9999.000 -9999.000 -9999.000 -9999.000 -9999.000 -9999.000
-9999.000 -9999.000 -9999.000 -9999.000 -9999.000 -9999.000 -9999.000 -9999.000 -9999.000 -9999.000 -9999.000 -9999.000 -9999.000 -9999.000 -9999.000 -0.2143721 -0.2012883 -0.2039064 -0.2088570 -0.2149788 -0.2221982 -0.2306264 -0.2404121 -0.2517120 -0.2646892 -0.2795168 -0.2963799 -0.3154286 -0.3351601 -0.3165426 -0.3165426 -9999.000 -9999.000 -9999.000 -9999.000 -9999.000 -9999.000 -9999.000 -9999.000 -9999.000 -9999.000 -9999.000 -9999.000 -9999.000 -9999.000 -9999.000 -9999.000 -9999.000 -9999.000 -9999.000 -9999.000 -9999.000 -9999.000 -9999.000 -9999.000 -9999.000 -9999.000 -9999.000 -9999.000
-9999.000 -9999.000 -9999.000 -9999.000 -9999.000 -9999.000 -9999.000 -9999.000 -9999.000 -9999.000 -9999.000 -9999.000 -9999.000 -9999.000 -9999.000 -0.2001598 -0.1862542 -0.1895335 -0.1954839 -0.2028469 -0.2115688 -0.2218031 -0.2337493 -0.2476204 -0.2636448 -0.2820725 -0.3031783 -0.3272116 -0.3525172 -0.3349213 -0.3349213 -9999.000 -9999.000 -9999.000 -9999.000 -9999.000 -9999.000 -9999.000 -9999.000 -9999.000 -9999.000 -9999.000 -9999.000 -9999.000 -9999.000 -9999.000 -9999.000 -9999.000 -9999.000 -9999.000 -9999.000 -9999.000 -9999.000 -9999.000 -9999.000 -9999.000 -9999.000 -9999.000 -9999.000
-9999.000 -9999.000 -9999.000 -9999.000 -9999.000 -9999.000 -9999.000 -9999.000 -9999.000 -9999.000 -9999.000 -9999.000 -9999.000 -9999.000 -9999.000 -0.1838868 -0.1698984 -0.1739576 -0.1809605 -0.1896172 -0.1999155 -0.2120674 -0.2263391 -0.2430224 -0.2624414 -0.2849657 -0.3110212 -0.3410424 -0.3733490 -0.3586328 -0.3586328 -9999.000 -9999.000 -9999.000 -9999.000 -9999.000 -9999.000 -9999.000 -9999.000 -9999.000 -9999.000 -9999.000 -9999.000 -9999.000 -9999.000 -9999.000 -9999.000 -9999.000 -9999.000 -9999.000 -9999.000 -9999.000 -9999.000 -9999.000 -9999.000 -9999.000 -9999.000 -9999.000 -9999.000
-9999.000 -9999.000 -9999.000 -9999.000 -9999.000 -9999.000 -9999.000 -9999.000 -9999.000 -9999.000 -9999.000 -9999.000 -9999.000 -9999.000 -9999.000 -0.1651967 -0.1520760 -0.1570543 -0.1651490 -0.1751290 -0.1870515 -0.2012062 -0.2179474 -0.2376736 -0.2608459 -0.2880163 -0.3198557 -0.3571304 -0.3983801 -0.3893506 -0.3893506 -9999.000 -9999.000 -9999.000 -9999.000 -9999.000 -9999.000 -9999.000 -9999.000 -9999.000 -9999.000 -9999.000 -9999.000 -9999.000 -9999.000 -9999.000 -9999.000 -9999.000 -9999.000 -9999.000 -9999.000 -9999.000 -9999.000 -9999.000 -9999.000 -9999.000 -9999.000 -9999.000 -9999.000
-9999.000 -9999.000 -9999.000 -9999.000 -9999.000 -9999.000 -9999.000 -9999.000 -9999.000 -9999.000 -9999.000 -9999.000 -9999.000 -9999.000 -9999.000 -0.1437016 -0.1326005 -0.1386533 -0.1478615 -0.1591648 -0.1727235 -0.1889280 -0.2082462 -0.2312187 -0.2584985 -0.2909089 -0.3295127 -0.3756557 -0.4285679 -0.4297752 -0.4297752 -9999.000 -9999.000 -9999.000 -9999.000 -9999.000 -9999.000 -9999.000 -9999.000 -9999.000 -9999.000 -9999.000 -9999.000 -9999.000 -9999.000 -9999.000 -9999.000 -9999.000 -9999.000 -9999.000 -9999.000 -9999.000 -9999.000 -9999.000 -9999.000 -9999.000 -9999.000 -9999.000 -9999.000
-9999.000 -9999.000 -9999.000 -9999.000 -9999.000 -9999.000 -9999.000 -9999.000 -9999.000 -9999.000 -9999.000 -9999.000 -9999.000 -9999.000 -9999.000 -0.1189975 -0.1112330 -0.1185212 -0.1288408 -0.1414292 -0.1565868 -0.1748300 -0.1967692 -0.2231290 -0.2548253 -0.2930764 -0.3395616 -0.3966326 -0.4651291 -0.4846233 -0.4846233 -9999.000 -9999.000 -9999.000 -9999.000 -9999.000 -9999.000 -9999.000 -9999.000 -9999.000 -9999.000 -9999.000 -9999.000 -9999.000 -9999.000 -9999.000 -9999.000 -9999.000 -9999.000 -9999.000 -9999.000 -9999.000 -9999.000 -9999.000 -9999.000 -9999.000 -9999.000 -9999.000 -9999.000
-9999.000 -9999.000 -9999.000 -9999.000 -9999.000 -9999.000 -9999.000 -9999.000 -9999.000 -9999.000 -9999.000 -9999.000 -9999.000 -9999.000 -9999.000 -0.9060837E-01 -0.8762871E-01 -0.9631233E-01 -0.1077203 -0.1215147 -0.1381705 -0.1583542 -0.1828469 -0.2126025 -0.2488827 -0.2934629 -0.3489717 -0.4194970 -0.5093482 -0.5631809 -0.5631809 -9999.000 -9999.000 -9999.000 -9999.000 -9999.000 -9999.000 -9999.000 -9999.000 -9999.000 -9999.000 -9999.000 -9999.000 -9999.000 -9999.000 -9999.000 -9999.000 -9999.000 -9999.000 -9999.000 -9999.000 -9999.000 -9999.000 -9999.000 -9999.000 -9999.000 -9999.000 -9999.000 -9999.000
-9999.000 -9999.000 -9999.000 -9999.000 -9999.000 -9999.000 -9999.000 -9999.000 -9999.000 -9999.000 -9999.000 -9999.000 -9999.000 -9999.000 -9999.000 -0.5315103E-01 -0.5978004E-01 -0.7108176E-01 -0.8419941E-01 -0.9946868E-01 -0.1176440 -0.1396115 -0.1663823 -0.1992079 -0.2398020 -0.2907049 -0.3559584 -0.4425789 -0.5620502 -0.6870371 -0.6870371 -9999.000 -9999.000 -9999.000 -9999.000 -9999.000 -9999.000 -9999.000 -9999.000 -9999.000 -9999.000 -9999.000 -9999.000 -9999.000 -9999.000 -9999.000 -9999.000 -9999.000 -9999.000 -9999.000 -9999.000 -9999.000 -9999.000 -9999.000 -9999.000 -9999.000 -9999.000 -9999.000 -9999.000
-0.2468861E-02 -0.2468861E-02 -0.3333244E-02 -0.6043041E-02 -0.5134931E-02 -0.5134931E-02 -0.4819355E-02 -0.4970536E-02 -0.4970536E-02 -0.6003731E-02 -0.6003731E-02 -0.8816740E-02 -0.1181895E-01 -0.1721192E-01 -0.2717461E-01 -0.2717461E-01 -0.6745746E-01 -0.8445074E-01 -0.1008343 -0.1173841 -0.1350087 -0.1548798 -0.1784900 -0.2077271 -0.2450157 -0.2936200 -0.3583483 -0.4473518 -0.5754019 -0.8013151 -0.8013151 -0.5873407 -0.4182087 -0.1459999 -0.5990982E-01 -0.5990982E-01 0.2701188E-01 0.2701188E-01 0.4635733E-01 0.4635733E-01 0.2485250E-01 -0.6953215E-02 -0.6953215E-02 0.5702388E-02 0.5702388E-02 0.1081773E-01 0.1081773E-01 0.1081773E-01 0.8673023E-02 0.8673023E-02 0.6489503E-02 0.6489503E-02 0.6112135E-02 0.6112135E-02 0.3835466E-02 0.3835466E-02 0.2475213E-02 0.2475213E-02 0.2475213E-02
-0.3761644E-02 -0.3761644E-02 -0.4861172E-02 -0.8986716E-02 -0.7512281E-02 -0.7512281E-02 -0.7157625E-02 -0.7905910E-02 -0.7905910E-02 -0.1055689E-01 -0.1055689E-01 -0.1713220E-01 -0.2355308E-01 -0.3402044E-01 -0.5128850E-01 -0.5128850E-01 -0.1073943 -0.1318534 -0.1546569 -0.1758831 -0.1958204 -0.2151965 -0.2353016 -0.2580510 -0.2860117 -0.3224316 -0.3713263 -0.4376955 -0.5264603 -0.6446025 -0.6446025 -0.4597768 -0.3158770 -0.1066501 -0.3414182E-01 -0.3414182E-01 0.6383065E-01 0.6383065E-01 0.1092597 0.1092597 0.8684893E-01 0.1991211E-02 0.1991211E-02 0.1570473E-01 0.1570473E-01 0.2330501E-01 0.2330501E-01 0.2330501E-01 0.1851891E-01 0.1851891E-01 0.1399747E-01 0.1399747E-01 0.9421926E-02 0.9421926E-02 0.7823253E-02 0.7823253E-02 0.5529184E-02 0.5529184E-02 0.5529184E-02
-0.3028552E-02 -0.3028552E-02 -0.3968190E-02 -0.7790904E-02 -0.6896859E-02 -0.6896859E-02 -0.6862907E-02 -0.8458189E-02 -0.8458189E-02 -0.1290197E-01 -0.1290197E-01 -0.2314308E-01 -0.3234396E-01 -0.4597732E-01 -0.6583032E-01 -0.6583032E-01 -0.1248168 -0.1550763 -0.1849216 -0.2137019 -0.2409584 -0.2665804 -0.2909384 -0.3149945 -0.3403829 -0.3694380 -0.4051181 -0.4507042 -0.5080629 -0.5732281 -0.5732281 -0.4610122 -0.3540415 -0.1717705 -0.9377687E-01 -0.9377687E-01 0.4626155E-01 0.4626155E-01 0.1512141 0.1512141 0.1639047 0.5634546E-01 0.5634546E-01 0.3328118E-01 0.3328118E-01 0.3220052E-01 0.3220052E-01 0.3220052E-01 0.2728074E-01 0.2728074E-01 0.2084334E-01 0.2084334E-01 0.1152962E-01 0.1152962E-01 0.1012063E-01 0.1012063E-01 0.7204024E-02 0.7204024E-02 0.7204024E-02
-0.2329569E-02 -0.2329569E-02 -0.3116349E-02 -0.6547078E-02 -0.6098523E-02 -0.6098523E-02 -0.6342121E-02 -0.8635150E-02 -0.8635150E-02 -0.1441707E-01 -0.1441707E-01 -0.2706429E-01 -0.3786299E-01 -0.5310682E-01 -0.7404596E-01 -0.7404596E-01 -0.1342504 -0.1678779 -0.2023437 -0.2366940 -0.2701237 -0.3020519 -0.3322131 -0.3607503 -0.3882937 -0.4159890 -0.4454045 -0.4781869 -0.5145949 -0.5491665 -0.5491665 -0.4753069 -0.3924242 -0.2271831 -0.1438060 -0.1438060 0.2431400E-01 0.2431400E-01 0.1630854 0.1630854 0.2008423 0.1366808 0.1366808 0.6390702E-01 0.6390702E-01 0.3905399E-01 0.3905399E-01 0.3905399E-01 0.3248587E-01 0.3248587E-01 0.2412335E-01 0.2412335E-01 0.1333733E-01 0.1333733E-01 0.9037708E-02 0.9037708E-02 0.5372960E-02 0.5372960E-02 0.5372960E-02
-0.1682996E-02 -0.1682996E-02 -0.2302470E-02 -0.5311185E-02 -0.5210606E-02 -0.5210606E-02 -0.5693221E-02 -0.8541732E-02 -0.8541732E-02 -0.1526861E-01 -0.1526861E-01 -0.2942008E-01 -0.4112244E-01 -0.5723159E-01 -0.7879833E-01 -0.7879833E-01 -0.1407884 -0.1769879 -0.2147918 -0.2531082 -0.2910221 -0.3277857 -0.3628402 -0.3958593 -0.4267952 -0.4558829 -0.4835149 -0.5099418 -0.5342424 -0.5513501 -0.5513501 -0.4974660 -0.4281646 -0.2667424 -0.1753931 -0.1753931 0.1051222E-01 0.1051222E-01 0.1581500 0.1581500 0.2053769 0.1978337 0.1978337 0.1092608 0.1092608 0.5064375E-01 0.5064375E-01 0.5064375E-01 0.3624510E-01 0.3624510E-01 0.2452955E-01 0.2452955E-01 0.1226097E-01 0.1226097E-01 0.5463010E-02 0.5463010E-02 0.1164309E-02 0.1164309E-02 0.1164309E-02
-0.1085205E-02 -0.1085205E-02 -0.1514631E-02 -0.4050279E-02 -0.4227707E-02 -0.4227707E-02 -0.4910005E-02 -0.8157917E-02 -0.8157917E-02 -0.1544967E-01 -0.1544967E-01 -0.3035137E-01 -0.4244514E-01 -0.5892942E-01 -0.8091483E-01 -0.8091483E-01 -0.1460070 -0.1849642 -0.2258893 -0.2675416 -0.3089531 -0.3493511 -0.3881058 -0.4247096 -0.4587674 -0.4899508 -0.5177828 -0.5413775 -0.5588408 -0.5652800 -0.5652800 -0.5210218 -0.4562982 -0.2846845 -0.1846831 -0.1846831 0.5047012E-02 0.5047012E-02 0.1445477 0.1445477 0.1918408 0.2212653 0.2212653 0.1558077 0.1558077 0.6746939E-01 0.6746939E-01 0.6746939E-01 0.4102966E-01 0.4102966E-01 0.2378545E-01 0.2378545E-01 0.9342783E-02 0.9342783E-02 0.4421973E-03 0.4421973E-03 -0.4375742E-02 -0.4375742E-02 -0.4375742E-02
-0.5241198E-03 -0.5241198E-03 -0.7442825E-03 -0.2743870E-02 -0.3146645E-02 -0.3146645E-02 -0.3988465E-02 -0.7475620E-02 -0.7475620E-02 -0.1497679E-01 -0.1497679E-01 -0.2997677E-01 -0.4203224E-01 -0.5847177E-01 -0.8066607E-01 -0.8066607E-01 -0.1505421 -0.1929239 -0.2373611 -0.2824135 -0.3270393 -0.3704709 -0.4121079 -0.4514363 -0.4879593 -0.5210711 -0.5496202 -0.5716435 -0.5842897 -0.5822864 -0.5822864 -0.5391658 -0.4700213 -0.2785797 -0.1747722 -0.1747722 0.2905246E-02 0.2905246E-02 0.1260266 0.1260266 0.1695625 0.2153057 0.2153057 0.1856216 0.1856216 0.8826770E-01 0.8826770E-01 0.8826770E-01 0.4857068E-01 0.4857068E-01 0.2364406E-01 0.2364406E-01 0.5820084E-02 0.5820084E-02 -0.5107712E-02 -0.5107712E-02 -0.1038267E-01 -0.1038267E-01 -0.1038267E-01
0.1735542E-04 0.1735542E-04 0.1670087E-04 -0.1380508E-02 -0.1969534E-02 -0.1969534E-02 -0.2929908E-02 -0.6500923E-02 -0.6500923E-02 -0.1389163E-01 -0.1389163E-01 -0.2842733E-01 -0.4006501E-01 -0.5604767E-01 -0.7814649E-01 -0.7814649E-01 -0.1549295 -0.2016652 -0.2503174 -0.2992224 -0.3472350 -0.3935803 -0.4377155 -0.4792058 -0.5176066 -0.5522414 -0.5812597 -0.6012956 -0.6083494 -0.5970358 -0.5970358 -0.5443929 -0.4622526 -0.2531768 -0.1546571 -0.1546571 0.2111072E-04 0.2111072E-04 0.1051787 0.1051787 0.1438799 0.1937747 0.1937747 0.1919952 0.1919952 0.1076860 0.1076860 0.1076860 0.5840306E-01 0.5840306E-01 0.2521070E-01 0.2521070E-01 0.2921537E-02 0.2921537E-02 -0.1026273E-01 -0.1026273E-01 -0.1601426E-01 -0.1601426E-01 -0.1601426E-01
0.5581253E-03 0.5581253E-03 0.7768994E-03 0.4553604E-04 -0.7041477E-03 -0.7041477E-03 -0.1741527E-02 -0.5250660E-02 -0.5250660E-02 -0.1225249E-01 -0.1225249E-01 -0.2584755E-01 -0.3673190E-01 -0.5184510E-01 -0.7341683E-01 -0.7341683E-01 -0.1599303 -0.2121250 -0.2658536 -0.3192581 -0.3710761 -0.4205050 -0.4670569 -0.5104133 -0.5502756 -0.5860525 -0.6148044 -0.6307664 -0.6284494 -0.6025966 -0.6025966 -0.5310521 -0.4310426 -0.2192939 -0.1332754 -0.1332754 -0.4282624E-02 -0.4282624E-02 0.8428025E-01 0.8428025E-01 0.1179335 0.1658752 0.1658752 0.1797017 0.1797017 0.1194934 0.1194934 0.1194934 0.6787939E-01 0.6787939E-01 0.2839679E-01 0.2839679E-01 0.1506320E-02 0.1506320E-02 -0.1410429E-01 -0.1410429E-01 -0.2038831E-01 -0.2038831E-01 -0.2038831E-01
0.1117202E-02 0.1117202E-02 0.1544696E-02 0.1537404E-02 0.6383811E-03 0.6383811E-03 -0.4364340E-03 -0.3750437E-02 -0.3750437E-02 -0.1012769E-01 -0.1012769E-01 -0.2238989E-01 -0.3223693E-01 -0.4609925E-01 -0.6664931E-01 -0.6664931E-01 -0.1667754 -0.2256515 -0.2853797 -0.3440107 -0.4001668 -0.4529888 -0.5020264 -0.5470941 -0.5881042 -0.6247065 -0.6518144 -0.6592446 -0.6404843 -0.5917646 -0.5917646 -0.4963357 -0.3831763 -0.1881105 -0.1144763 -0.1144763 -0.8394547E-02 -0.8394547E-02 0.6505154E-01 0.6505154E-01 0.9352272E-01 0.1363985 0.1363985 0.1565625 0.1565625 0.1202276 0.1202276 0.1202276 0.7352760E-01 0.7352760E-01 0.3191292E-01 0.3191292E-01 0.1776376E-02 0.1776376E-02 -0.1589652E-01 -0.1589652E-01 -0.2267606E-01 -0.2267606E-01 -0.2267606E-01
0.1711563E-02 0.1711563E-02 0.2328396E-02 0.3099089E-02 0.2043758E-02 0.2043758E-02 0.9674768E-03 -0.2032781E-02 -0.2032781E-02 -0.7590672E-02 -0.7590672E-02 -0.1820762E-01 -0.2679504E-01 -0.3911766E-01 -0.5839367E-01 -0.5839367E-01 -0.1772547 -0.2442729 -0.3111044 -0.3757033 -0.4366691 -0.4931347 -0.5447016 -0.5913240 -0.6331519 -0.6701804 -0.6928961 -0.6837658 -0.6395715 -0.5622258 -0.5622258 -0.4438758 -0.3289787 -0.1605754 -0.9911335E-01 -0.9911335E-01 -0.1084215E-01 -0.1084215E-01 0.4827745E-01 0.4827745E-01 0.7137702E-01 0.1074983 0.1074983 0.1283675 0.1283675 0.1100817 0.1100817 0.1100817 0.7273994E-01 0.7273994E-01 0.3385631E-01 0.3385631E-01 0.3250019E-02 0.3250019E-02 -0.1528133E-01 -0.1528133E-01 -0.2225392E-01 -0.2225392E-01 -0.2225392E-01
