cruce_test.gid/Rasters/Hydraulic/Velocity__x_340.0.asc
NCOLS        79
NROWS        79
XLLCENTER         -1.500000
YLLCENTER         -4.800000
CELLSIZE           0.100
NODATA_VALUE     -9999.0
[rows 0 to 25 of 79, columns 0 to 57 of 79]
-9999.000 -9999.000 -9999.000 -9999.000 -9999.000 -9999.000 -9999.000 -9999.000 -9999.000 -9999.000 -9999.000 -9999.000 -9999.000 -9999.000 -9999.000 0.5968303E-03 0.2535199E-02 0.5891678E-02 0.9167857E-02 0.1200259E-01 0.1423637E-01 0.1579321E-01 0.1667834E-01 0.1693481E-01 0.1660927E-01 0.1575977E-01 0.1440350E-01 0.1236193E-01 0.8854372E-02 0.4355279E-02 0.4355279E-02 -9999.000 -9999.000 -9999.000 -9999.000 -9999.000 -9999.000 -9999.000 -9999.000 -9999.000 -9999.000 -9999.000 -9999.000 -9999.000 -9999.000 -9999.000 -9999.000 -9999.000 -9999.000 -9999.000 -9999.000 -9999.000 -9999.000 -9999.000 -9999.000 -9999.000 -9999.000 -9999.000
-9999.000 -9999.000 -9999.000 -9999.000 -9999.000 -9999.000 -9999.000 -9999.000 -9999.000 -9999.000 -9999.000 -9999.000 -9999.000 -9999.000 -9999.000 0.1763839E-02 0.4884350E-02 0.9391895E-02 0.1373649E-01 0.1751896E-01 0.2052652E-01 0.2263532E-01 0.2380904E-01 0.2405989E-01 0.2341528E-01 0.2192355E-01 0.1960490E-01 0.1631704E-01 0.1140771E-01 0.5597720E-02 0.5597720E-02 -9999.000 -9999.000 -9999.000 -9999.000 -9999.000 -9999.000 -9999.000 -9999.000 -9999.000 -9999.000 -9999.000 -9999.000 -9999.000 -9999.000 -9999.000 -9999.000 -9999.000 -9999.000 -9999.000 -9999.000 -9999.000 -9999.000 -9999.000 -9999.000 -9999.000 -9999.000 -9999.000
-9999.000 -9999.000 -9999.000 -9999.000 -9999.000 -9999.000 -9999.000 -9999.000 -9999.000 -9999.000 -9999.000 -9999.000 -9999.000 -9999.000 -9999.000 0.2360625E-02 0.6140368E-02 0.1135673E-01 0.1634416E-01 0.2067612E-01 0.2411682E-01 0.2652361E-01 0.2784676E-01 0.2809087E-01 0.2728113E-01 0.2547077E-01 0.2269088E-01 0.1880954E-01 0.1316423E-01 0.6498210E-02 0.6498210E-02 -9999.000 -9999.000 -9999.000 -9999.000 -9999.000 -9999.000 -9999.000 -9999.000 -9999.000 -9999.000 -9999.000 -9999.000 -9999.000 -9999.000 -9999.000 -9999.000 -9999.000 -9999.000 -9999.000 -9999.000 -9999.000 -9999.000 -9999.000 -9999.000 -9999.000 -9999.000 -9999.000
-9999.000 -9999.000 -9999.000 -9999.000 -9999.000 -9999.000 -9999.000 -9999.000 -9999.000 -9999.000 -9999.000 -9999.000 -9999.000 -9999.000 -9999.000 0.2737875E-02 0.6938531E-02 0.1261117E-01 0.1801577E-01 0.2270704E-01 0.2643469E-01 0.2904466E-01 0.3048150E-01 0.3074642E-01 0.2986375E-01 0.2789071E-01 0.2486275E-01 0.2064388E-01 0.1453657E-01 0.7232758E-02 0.7232758E-02 -9999.000 -9999.000 -9999.000 -9999.000 -9999.000 -9999.000 -9999.000 -9999.000 -9999.000 -9999.000 -9999.000 -9999.000 -9999.000 -9999.000 -9999.000 -9999.000 -9999.000 -9999.000 -9999.000 -9999.000 -9999.000 -9999.000 -9999.000 -9999.000 -9999.000 -9999.000 -9999.000
-9999.000 -9999.000 -9999.000 -9999.000 -9999.000 -9999.000 -9999.000 -9999.000 -9999.000 -9999.000 -9999.000 -9999.000 -9999.000 -9999.000 -9999.000 0.3025189E-02 0.7545028E-02 0.1356143E-01 0.1928204E-01 0.2424866E-01 0.2820116E-01 0.3097749E-01 0.3251915E-01 0.3282541E-01 0.3192039E-01 0.2986338E-01 0.2669080E-01 0.2225587E-01 0.1580916E-01 0.7939006E-02 0.7939006E-02 -9999.000 -9999.000 -9999.000 -9999.000 -9999.000 -9999.000 -9999.000 -9999.000 -9999.000 -9999.000 -9999.000 -9999.000 -9999.000 -9999.000 -9999.000 -9999.000 -9999.000 -9999.000 -9999.000 -9999.000 -9999.000 -9999.000 -9999.000 -9999.000 -9999.000 -9999.000 -9999.000
-9999.000 -9999.000 -9999.000 -9999.000 -9999.000 -9999.000 -9999.000 -9999.000 -9999.000 -9999.000 -9999.000 -9999.000 -9999.000 -9999.000 -9999.000 0.3284298E-02 0.8088923E-02 0.1440718E-01 0.2040525E-01 0.2561614E-01 0.2977176E-01 0.3270422E-01 0.3435322E-01 0.3471781E-01 0.3382123E-01 0.3172491E-01 0.2846413E-01 0.2387562E-01 0.1714278E-01 0.8699437E-02 0.8699437E-02 -9999.000 -9999.000 -9999.000 -9999.000 -9999.000 -9999.000 -9999.000 -9999.000 -9999.000 -9999.000 -9999.000 -9999.000 -9999.000 -9999.000 -9999.000 -9999.000 -9999.000 -9999.000 -9999.000 -9999.000 -9999.000 -9999.000 -9999.000 -9999.000 -9999.000 -9999.000 -9999.000
-9999.000 -9999.000 -9999.000 -9999.000 -9999.000 -9999.000 -9999.000 -9999.000 -9999.000 -9999.000 -9999.000 -9999.000 -9999.000 -9999.000 -9999.000 0.3545739E-02 0.8633950E-02 0.1524797E-01 0.2151669E-01 0.2696714E-01 0.3132507E-01 0.3441752E-01 0.3618438E-01 0.3662449E-01 0.3576030E-01 0.3365570E-01 0.3034322E-01 0.2563846E-01 0.1864135E-01 0.9571176E-02 0.9571176E-02 -9999.000 -9999.000 -9999.000 -9999.000 -9999.000 -9999.000 -9999.000 -9999.000 -9999.000 -9999.000 -9999.000 -9999.000 -9999.000 -9999.000 -9999.000 -9999.000 -9999.000 -9999.000 -9999.000 -9999.000 -9999.000 -9999.000 -9999.000 -9999.000 -9999.000 -9999.000 -9999.000
-9999.000 -9999.000 -9999.000 -9999.000 -9999.000 -9999.000 -9999.000 -9999.000 -9999.000 -9999.000 -9999.000 -9999.000 -9999.000 -9999.000 -9999.000 0.3826221E-02 0.9214563E-02 0.1613683E-01 0.2268654E-01 0.2838695E-01 0.3295881E-01 0.3622478E-01 0.3812622E-01 0.3866224E-01 0.3785459E-01 0.3576990E-01 0.3243743E-01 0.2764561E-01 0.2039270E-01 0.1060725E-01 0.1060725E-01 -9999.000 -9999.000 -9999.000 -9999.000 -9999.000 -9999.000 -9999.000 -9999.000 -9999.000 -9999.000 -9999.000 -9999.000 -9999.000 -9999.000 -9999.000 -9999.000 -9999.000 -9999.000 -9999.000 -9999.000 -9999.000 -9999.000 -9999.000 -9999.000 -9999.000 -9999.000 -9999.000
-9999.000 -9999.000 -9999.000 -9999.000 -9999.000 -9999.000 -9999.000 -9999.000 -9999.000 -9999.000 -9999.000 -9999.000 -9999.000 -9999.000 -9999.000 0.4135459E-02 0.9852245E-02 0.1710755E-01 0.2395973E-01 0.2993052E-01 0.3473684E-01 0.3819776E-01 0.4025719E-01 0.4091479E-01 0.4019242E-01 0.3816019E-01 0.3484266E-01 0.2999513E-01 0.2249206E-01 0.1186825E-01 0.1186825E-01 -9999.000 -9999.000 -9999.000 -9999.000 -9999.000 -9999.000 -9999.000 -9999.000 -9999.000 -9999.000 -9999.000 -9999.000 -9999.000 -9999.000 -9999.000 -9999.000 -9999.000 -9999.000 -9999.000 -9999.000 -9999.000 -9999.000 -9999.000 -9999.000 -9999.000 -9999.000 -9999.000
-9999.000 -9999.000 -9999.000 -9999.000 -9999.000 -9999.000 -9999.000 -9999.000 -9999.000 -9999.000 -9999.000 -9999.000 -9999.000 -9999.000 -9999.000 0.4481340E-02 0.1056380E-01 0.1818753E-01 0.2537359E-01 0.3164471E-01 0.3671494E-01 0.4040048E-01 0.4264912E-01 0.4346260E-01 0.4286274E-01 0.4092427E-01 0.3766624E-01 0.3280343E-01 0.2505998E-01 0.1343353E-01 0.1343353E-01 -9999.000 -9999.000 -9999.000 -9999.000 -9999.000 -9999.000 -9999.000 -9999.000 -9999.000 -9999.000 -9999.000 -9999.000 -9999.000 -9999.000 -9999.000 -9999.000 -9999.000 -9999.000 -9999.000 -9999.000 -9999.000 -9999.000 -9999.000 -9999.000 -9999.000 -9999.000 -9999.000
-9999.000 -9999.000 -9999.000 -9999.000 -9999.000 -9999.000 -9999.000 -9999.000 -9999.000 -9999.000 -9999.000 -9999.000 -9999.000 -9999.000 -9999.000 0.4872743E-02 0.1136791E-01 0.1940621E-01 0.2696823E-01 0.3358019E-01 0.3895397E-01 0.4290424E-01 0.4538501E-01 0.4640064E-01 0.4597357E-01 0.4418503E-01 0.4104767E-01 0.3622745E-01 0.2826462E-01 0.1541529E-01 0.1541529E-01 -9999.000 -9999.000 -9999.000 -9999.000 -9999.000 -9999.000 -9999.000 -9999.000 -9999.000 -9999.000 -9999.000 -9999.000 -9999.000 -9999.000 -9999.000 -9999.000 -9999.000 -9999.000 -9999.000 -9999.000 -9999.000 -9999.000 -9999.000 -9999.000 -9999.000 -9999.000 -9999.000
-9999.000 -9999.000 -9999.000 -9999.000 -9999.000 -9999.000 -9999.000 -9999.000 -9999.000 -9999.000 -9999.000 -9999.000 -9999.000 -9999.000 -9999.000 0.5319885E-02 0.1228745E-01 0.2080160E-01 0.2879633E-01 0.3580359E-01 0.4153541E-01 0.4580555E-01 0.4857685E-01 0.4985808E-01 0.4967378E-01 0.4811442E-01 0.4518554E-01 0.4049312E-01 0.3235322E-01 0.1798098E-01 0.1798098E-01 -9999.000 -9999.000 -9999.000 -9999.000 -9999.000 -9999.000 -9999.000 -9999.000 -9999.000 -9999.000 -9999.000 -9999.000 -9999.000 -9999.000 -9999.000 -9999.000 -9999.000 -9999.000 -9999.000 -9999.000 -9999.000 -9999.000 -9999.000 -9999.000 -9999.000 -9999.000 -9999.000
-9999.000 -9999.000 -9999.000 -9999.000 -9999.000 -9999.000 -9999.000 -9999.000 -9999.000 -9999.000 -9999.000 -9999.000 -9999.000 -9999.000 -9999.000 0.5838526E-02 0.1335692E-01 0.2242937E-01 0.3093463E-01 0.3841278E-01 0.4457782E-01 0.4924469E-01 0.5238916E-01 0.5402611E-01 0.5418479E-01 0.5296879E-01 0.5037741E-01 0.4594385E-01 0.3770759E-01 0.2138995E-01 0.2138995E-01 -9999.000 -9999.000 -9999.000 -9999.000 -9999.000 -9999.000 -9999.000 -9999.000 -9999.000 -9999.000 -9999.000 -9999.000 -9999.000 -9999.000 -9999.000 -9999.000 -9999.000 -9999.000 -9999.000 -9999.000 -9999.000 -9999.000 -9999.000 -9999.000 -9999.000 -9999.000 -9999.000
-9999.000 -9999.000 -9999.000 -9999.000 -9999.000 -9999.000 -9999.000 -9999.000 -9999.000 -9999.000 -9999.000 -9999.000 -9999.000 -9999.000 -9999.000 0.6545833E-02 0.1479258E-01 0.2458504E-01 0.3372635E-01 0.4177713E-01 0.4846333E-01 0.5361168E-01 0.5722220E-01 0.5932274E-01 0.5995266E-01 0.5923659E-01 0.5716747E-01 0.5318982E-01 0.4499817E-01 0.2611374E-01 0.2611374E-01 -9999.000 -9999.000 -9999.000 -9999.000 -9999.000 -9999.000 -9999.000 -9999.000 -9999.000 -9999.000 -9999.000 -9999.000 -9999.000 -9999.000 -9999.000 -9999.000 -9999.000 -9999.000 -9999.000 -9999.000 -9999.000 -9999.000 -9999.000 -9999.000 -9999.000 -9999.000 -9999.000
-9999.000 -9999.000 -9999.000 -9999.000 -9999.000 -9999.000 -9999.000 -9999.000 -9999.000 -9999.000 -9999.000 -9999.000 -9999.000 -9999.000 -9999.000 0.3534627E-01 0.5416664E-01 0.6281691E-01 0.6771523E-01 0.7122242E-01 0.7297251E-01 0.7329369E-01 0.7255953E-01 0.7094488E-01 0.6860559E-01 0.6567794E-01 0.6207193E-01 0.5705569E-01 0.4796385E-01 0.2413268E-01 0.2413268E-01 -9999.000 -9999.000 -9999.000 -9999.000 -9999.000 -9999.000 -9999.000 -9999.000 -9999.000 -9999.000 -9999.000 -9999.000 -9999.000 -9999.000 -9999.000 -9999.000 -9999.000 -9999.000 -9999.000 -9999.000 -9999.000 -9999.000 -9999.000 -9999.000 -9999.000 -9999.000 -9999.000
2.688958 2.688958 2.670526 2.726842 2.730492 2.730492 2.731834 2.731911 2.731911 2.729387 2.729387 2.724714 2.721738 2.718412 2.714863 2.714863 2.791354 2.793597 2.782257 2.753508 2.705909 2.637580 2.547064 2.436802 2.307203 2.160682 2.002052 1.842354 1.708171 1.664951 1.664951 2.521216 2.691435 2.779292 2.798951 2.798951 2.819350 2.819350 2.779613 2.779613 2.723026 2.509361 2.509361 2.045505 2.045505 1.884864 1.884864 1.884864 1.896844 1.896844 1.939304 1.939304 1.989117 1.989117 2.037513 2.037513 2.078783 2.078783
2.711546 2.711546 2.695470 2.774901 2.789843 2.789843 2.802136 2.823760 2.823760 2.842599 2.842599 2.859149 2.866719 2.873896 2.880797 2.880797 2.938984 2.952464 2.963171 2.969877 2.971132 2.964508 2.947116 2.917025 2.871691 2.809369 2.729583 2.634012 2.532243 2.473178 2.473178 2.938121 3.098091 3.244894 3.282703 3.282703 3.321010 3.321010 3.309700 3.309700 3.279909 3.157059 3.157059 2.889014 2.889014 2.698530 2.698530 2.698530 2.710089 2.710089 2.753877 2.753877 2.806624 2.806624 2.857806 2.857806 2.902538 2.902538
2.717347 2.717347 2.696134 2.774824 2.790195 2.790195 2.802865 2.825033 2.825033 2.844433 2.844433 2.861654 2.869601 2.877179 2.884519 2.884519 2.938527 2.961492 2.983109 3.001951 3.017059 3.027359 3.031549 3.028652 3.017105 2.995227 2.961672 2.916304 2.863777 2.832277 2.832277 3.108746 3.264135 3.437741 3.485983 3.485983 3.529694 3.529694 3.508673 3.508673 3.473453 3.364894 3.364894 3.187465 3.187465 2.998003 2.998003 2.998003 2.994044 2.994044 3.027884 3.027884 3.073113 3.073113 3.118076 3.118076 3.158024 3.158024
2.721947 2.721947 2.696933 2.774487 2.789988 2.789988 2.802838 2.825091 2.825091 2.844466 2.844466 2.861681 2.869634 2.877221 2.884594 2.884594 2.937465 2.968981 3.000015 3.027962 3.051474 3.069716 3.082033 3.088157 3.087663 3.079984 3.064573 3.041432 3.013477 2.998955 2.998955 3.171140 3.311131 3.493570 3.546795 3.546795 3.585652 3.585652 3.544289 3.544289 3.502989 3.412695 3.412695 3.304081 3.304081 3.141421 3.141421 3.141421 3.121117 3.121117 3.143434 3.143434 3.181881 3.181881 3.222733 3.222733 3.259764 3.259764
2.725453 2.725453 2.697805 2.774242 2.789810 2.789810 2.802816 2.825146 2.825146 2.844487 2.844487 2.861680 2.869629 2.877214 2.884621 2.884621 2.939810 2.979232 3.018939 3.055257 3.086399 3.111430 3.129807 3.141387 3.146148 3.144111 3.135400 3.120533 3.101960 3.092300 3.092300 3.201163 3.319046 3.492557 3.540871 3.540871 3.555248 3.555248 3.492388 3.492388 3.454653 3.399383 3.399383 3.349640 3.349640 3.230943 3.230943 3.230943 3.198397 3.198397 3.206836 3.206836 3.236357 3.236357 3.271981 3.271981 3.305530 3.305530
2.727915 2.727915 2.698581 2.774068 2.789676 2.789676 2.802803 2.825195 2.825195 2.844505 2.844505 2.861682 2.869630 2.877218 2.884683 2.884683 2.946492 2.993610 3.041291 3.085192 3.123259 3.154481 3.178333 3.194658 3.203501 3.205042 3.199631 3.188004 3.172302 3.161545 3.161545 3.227207 3.318795 3.461994 3.490515 3.490515 3.461463 3.461463 3.395918 3.395918 3.375949 3.366230 3.366230 3.363211 3.363211 3.294127 3.294127 3.294127 3.257962 3.257962 3.253346 3.253346 3.271799 3.271799 3.300063 3.300063 3.328553 3.328553
2.729376 2.729376 2.699124 2.773985 2.789630 2.789630 2.802848 2.825319 2.825319 2.844650 2.844650 2.861855 2.869821 2.877428 2.884986 2.884986 2.958592 3.013556 3.068573 3.119125 3.163155 3.199692 3.228279 3.248772 3.261217 3.265794 3.262855 3.253092 3.238232 3.224596 3.224596 3.258982 3.321238 3.404211 3.394271 3.394271 3.323446 3.323446 3.289561 3.289561 3.296010 3.329259 3.329259 3.360070 3.360070 3.337633 3.337633 3.337633 3.307195 3.307195 3.293827 3.293827 3.300754 3.300754 3.319706 3.319706 3.341267 3.341267
2.729859 2.729859 2.699318 2.773958 2.789615 2.789615 2.802864 2.825360 2.825360 2.844698 2.844698 2.861913 2.869885 2.877499 2.885168 2.885168 2.976818 3.040044 3.101832 3.158029 3.206866 3.247593 3.279913 3.303761 3.319205 3.326407 3.325647 3.317466 3.303103 3.286573 3.286573 3.297053 3.325255 3.303486 3.244342 3.244342 3.172291 3.172291 3.198578 3.198578 3.229107 3.293981 3.293981 3.347800 3.347800 3.364644 3.364644 3.364644 3.346647 3.346647 3.330591 3.330591 3.327656 3.327656 3.336224 3.336224 3.349105 3.349105
2.729375 2.729375 2.699123 2.773985 2.789630 2.789630 2.802849 2.825318 2.825318 2.844649 2.844649 2.861854 2.869820 2.877428 2.885244 2.885244 3.002730 3.074757 3.142715 3.203388 3.255634 3.299123 3.333841 3.359896 3.377428 3.386600 3.387625 3.380863 3.367013 3.347630 3.347630 3.336447 3.317394 3.139034 3.052067 3.052067 3.042504 3.042504 3.127650 3.127650 3.174147 3.259350 3.259350 3.328907 3.328907 3.376946 3.376946 3.376946 3.374435 3.374435 3.361389 3.361389 3.351903 3.351903 3.350296 3.350296 3.353306 3.353306
2.727914 2.727914 2.698581 2.774068 2.789675 2.789675 2.802802 2.825195 2.825195 2.844506 2.844506 2.861682 2.869631 2.877218 2.885228 2.885228 3.038504 3.119718 3.192975 3.256633 3.310549 3.355037 3.390503 3.417301 3.435707 3.445919 3.448098 3.442429 3.428865 3.405020 3.405020 3.364081 3.263464 2.917448 2.862665 2.862665 2.948328 2.948328 3.070233 3.070233 3.125563 3.223670 3.223670 3.304445 3.304445 3.376357 3.376357 3.376357 3.389269 3.389269 3.383104 3.383104 3.370874 3.370874 3.360469 3.360469 3.353208 3.353208
2.725452 2.725452 2.697804 2.774242 2.789811 2.789811 2.802816 2.825146 2.825146 2.844486 2.844486 2.861679 2.869630 2.877215 2.885516 2.885516 3.087772 3.177978 3.255001 3.319537 3.372851 3.416123 3.450291 3.476030 3.493783 3.503812 3.506249 3.501059 3.486624 3.450722 3.450722 3.345628 3.104989 2.698041 2.724230 2.724230 2.878371 2.878371 3.017637 3.017637 3.077676 3.184670 3.184670 3.273654 3.273654 3.363269 3.363269 3.363269 3.389632 3.389632 3.391964 3.391964 3.380165 3.380165 3.363080 3.363080 3.346067 3.346067
