cruce_test.gid/Rasters/Hydraulic/Velocity____198.0.asc
NCOLS        79
NROWS        79
XLLCENTER         -1.500000
YLLCENTER         -4.800000
CELLSIZE           0.100
NODATA_VALUE     -9999.0
[rows 0 to 26 of 79, columns 0 to 59 of 79]
-9999.000 -9999.000 -9999.000 -9999.000 -9999.000 -9999.000 -9999.000 -9999.000 -9999.000 -9999.000 -9999.000 -9999.000 -9999.000 -9999.000 -9999.000 0.8956891E-01 0.8611842E-01 0.8433770E-01 0.8337843E-01 0.8381478E-01 0.8522300E-01 0.8682008E-01 0.8822333E-01 0.8930176E-01 0.8996379E-01 0.9030476E-01 0.9044037E-01 0.9055727E-01 0.9121163E-01 0.9213263E-01 0.9213263E-01 -9999.000 -9999.000 -9999.000 -9999.000 -9999.000 -9999.000 -9999.000 -9999.000 -9999.000 -9999.000 -9999.000 -9999.000 -9999.000 -9999.000 -9999.000 -9999.000 -9999.000 -9999.000 -9999.000 -9999.000 -9999.000 -9999.000 -9999.000 -9999.000 -9999.000 -9999.000 -9999.000 -9999.000 -9999.000
-9999.000 -9999.000 -9999.000 -9999.000 -9999.000 -9999.000 -9999.000 -9999.000 -9999.000 -9999.000 -9999.000 -9999.000 -9999.000 -9999.000 -9999.000 0.9124666E-01 0.8387674E-01 0.8020741E-01 0.7832578E-01 0.7923037E-01 0.8200927E-01 0.8515748E-01 0.8798991E-01 0.9028304E-01 0.9183677E-01 0.9280697E-01 0.9340234E-01 0.9400135E-01 0.9580329E-01 0.9840035E-01 0.9840035E-01 -9999.000 -9999.000 -9999.000 -9999.000 -9999.000 -9999.000 -9999.000 -9999.000 -9999.000 -9999.000 -9999.000 -9999.000 -9999.000 -9999.000 -9999.000 -9999.000 -9999.000 -9999.000 -9999.000 -9999.000 -9999.000 -9999.000 -9999.000 -9999.000 -9999.000 -9999.000 -9999.000 -9999.000 -9999.000
-9999.000 -9999.000 -9999.000 -9999.000 -9999.000 -9999.000 -9999.000 -9999.000 -9999.000 -9999.000 -9999.000 -9999.000 -9999.000 -9999.000 -9999.000 0.9225106E-01 0.8054331E-01 0.7464166E-01 0.7161434E-01 0.7298176E-01 0.7727689E-01 0.8218304E-01 0.8670533E-01 0.9054368E-01 0.9338264E-01 0.9543388E-01 0.9697679E-01 0.9855878E-01 0.1020480 0.1071175 0.1071175 -9999.000 -9999.000 -9999.000 -9999.000 -9999.000 -9999.000 -9999.000 -9999.000 -9999.000 -9999.000 -9999.000 -9999.000 -9999.000 -9999.000 -9999.000 -9999.000 -9999.000 -9999.000 -9999.000 -9999.000 -9999.000 -9999.000 -9999.000 -9999.000 -9999.000 -9999.000 -9999.000 -9999.000 -9999.000
-9999.000 -9999.000 -9999.000 -9999.000 -9999.000 -9999.000 -9999.000 -9999.000 -9999.000 -9999.000 -9999.000 -9999.000 -9999.000 -9999.000 -9999.000 0.9288863E-01 0.7678644E-01 0.6862002E-01 0.6444027E-01 0.6629553E-01 0.7212641E-01 0.7880161E-01 0.8504678E-01 0.9050535E-01 0.9474432E-01 0.9802379E-01 0.1006796 0.1034129 0.1087729 0.1168040 0.1168040 -9999.000 -9999.000 -9999.000 -9999.000 -9999.000 -9999.000 -9999.000 -9999.000 -9999.000 -9999.000 -9999.000 -9999.000 -9999.000 -9999.000 -9999.000 -9999.000 -9999.000 -9999.000 -9999.000 -9999.000 -9999.000 -9999.000 -9999.000 -9999.000 -9999.000 -9999.000 -9999.000 -9999.000 -9999.000
-9999.000 -9999.000 -9999.000 -9999.000 -9999.000 -9999.000 -9999.000 -9999.000 -9999.000 -9999.000 -9999.000 -9999.000 -9999.000 -9999.000 -9999.000 0.9337840E-01 0.7276966E-01 0.6230070E-01 0.5698299E-01 0.5938638E-01 0.6678507E-01 0.7523438E-01 0.8321670E-01 0.9033698E-01 0.9603924E-01 0.1006286 0.1044886 0.1084707 0.1158353 0.1273206 0.1273206 -9999.000 -9999.000 -9999.000 -9999.000 -9999.000 -9999.000 -9999.000 -9999.000 -9999.000 -9999.000 -9999.000 -9999.000 -9999.000 -9999.000 -9999.000 -9999.000 -9999.000 -9999.000 -9999.000 -9999.000 -9999.000 -9999.000 -9999.000 -9999.000 -9999.000 -9999.000 -9999.000 -9999.000 -9999.000
-9999.000 -9999.000 -9999.000 -9999.000 -9999.000 -9999.000 -9999.000 -9999.000 -9999.000 -9999.000 -9999.000 -9999.000 -9999.000 -9999.000 -9999.000 0.9379336E-01 0.6854982E-01 0.5574967E-01 0.4934929E-01 0.5240623E-01 0.6140370E-01 0.7161408E-01 0.8132881E-01 0.9013100E-01 0.9733185E-01 0.1032802 0.1084013 0.1136973 0.1231847 0.1386769 0.1386769 -9999.000 -9999.000 -9999.000 -9999.000 -9999.000 -9999.000 -9999.000 -9999.000 -9999.000 -9999.000 -9999.000 -9999.000 -9999.000 -9999.000 -9999.000 -9999.000 -9999.000 -9999.000 -9999.000 -9999.000 -9999.000 -9999.000 -9999.000 -9999.000 -9999.000 -9999.000 -9999.000 -9999.000 -9999.000
-9999.000 -9999.000 -9999.000 -9999.000 -9999.000 -9999.000 -9999.000 -9999.000 -9999.000 -9999.000 -9999.000 -9999.000 -9999.000 -9999.000 -9999.000 0.9414534E-01 0.6413623E-01 0.4899107E-01 0.4163090E-01 0.4550657E-01 0.5610586E-01 0.6802838E-01 0.7944797E-01 0.8993608E-01 0.9865539E-01 0.1059951 0.1124174 0.1190790 0.1308080 0.1509634 0.1509634 -9999.000 -9999.000 -9999.000 -9999.000 -9999.000 -9999.000 -9999.000 -9999.000 -9999.000 -9999.000 -9999.000 -9999.000 -9999.000 -9999.000 -9999.000 -9999.000 -9999.000 -9999.000 -9999.000 -9999.000 -9999.000 -9999.000 -9999.000 -9999.000 -9999.000 -9999.000 -9999.000 -9999.000 -9999.000
-9999.000 -9999.000 -9999.000 -9999.000 -9999.000 -9999.000 -9999.000 -9999.000 -9999.000 -9999.000 -9999.000 -9999.000 -9999.000 -9999.000 -9999.000 0.9441603E-01 0.5951583E-01 0.4203569E-01 0.3396844E-01 0.3890850E-01 0.5102874E-01 0.6455199E-01 0.7761881E-01 0.8978222E-01 0.1000278 0.1087814 0.1165359 0.1246090 0.1387086 0.1643275 0.1643275 -9999.000 -9999.000 -9999.000 -9999.000 -9999.000 -9999.000 -9999.000 -9999.000 -9999.000 -9999.000 -9999.000 -9999.000 -9999.000 -9999.000 -9999.000 -9999.000 -9999.000 -9999.000 -9999.000 -9999.000 -9999.000 -9999.000 -9999.000 -9999.000 -9999.000 -9999.000 -9999.000 -9999.000 -9999.000
-9999.000 -9999.000 -9999.000 -9999.000 -9999.000 -9999.000 -9999.000 -9999.000 -9999.000 -9999.000 -9999.000 -9999.000 -9999.000 -9999.000 -9999.000 0.9457104E-01 0.5466422E-01 0.3490081E-01 0.2666744E-01 0.3300072E-01 0.4635838E-01 0.6126675E-01 0.7588211E-01 0.8969286E-01 0.1014619 0.1116442 0.1207562 0.1302842 0.1468974 0.1789711 0.1789711 -9999.000 -9999.000 -9999.000 -9999.000 -9999.000 -9999.000 -9999.000 -9999.000 -9999.000 -9999.000 -9999.000 -9999.000 -9999.000 -9999.000 -9999.000 -9999.000 -9999.000 -9999.000 -9999.000 -9999.000 -9999.000 -9999.000 -9999.000 -9999.000 -9999.000 -9999.000 -9999.000 -9999.000 -9999.000
-9999.000 -9999.000 -9999.000 -9999.000 -9999.000 -9999.000 -9999.000 -9999.000 -9999.000 -9999.000 -9999.000 -9999.000 -9999.000 -9999.000 -9999.000 0.9456220E-01 0.4954943E-01 0.2764064E-01 0.2049735E-01 0.2848171E-01 0.4236257E-01 0.5827526E-01 0.7428528E-01 0.8969408E-01 0.1029709 0.1145884 0.1250772 0.1361014 0.1553891 0.1951608 0.1951608 -9999.000 -9999.000 -9999.000 -9999.000 -9999.000 -9999.000 -9999.000 -9999.000 -9999.000 -9999.000 -9999.000 -9999.000 -9999.000 -9999.000 -9999.000 -9999.000 -9999.000 -9999.000 -9999.000 -9999.000 -9999.000 -9999.000 -9999.000 -9999.000 -9999.000 -9999.000 -9999.000 -9999.000 -9999.000
-9999.000 -9999.000 -9999.000 -9999.000 -9999.000 -9999.000 -9999.000 -9999.000 -9999.000 -9999.000 -9999.000 -9999.000 -9999.000 -9999.000 -9999.000 0.9432683E-01 0.4413252E-01 0.2043720E-01 0.1727929E-01 0.2641135E-01 0.3941429E-01 0.5571449E-01 0.7289009E-01 0.8981935E-01 0.1045731 0.1176223 0.1295003 0.1420595 0.1642022 0.2132516 0.2132516 -9999.000 -9999.000 -9999.000 -9999.000 -9999.000 -9999.000 -9999.000 -9999.000 -9999.000 -9999.000 -9999.000 -9999.000 -9999.000 -9999.000 -9999.000 -9999.000 -9999.000 -9999.000 -9999.000 -9999.000 -9999.000 -9999.000 -9999.000 -9999.000 -9999.000 -9999.000 -9999.000 -9999.000 -9999.000
-9999.000 -9999.000 -9999.000 -9999.000 -9999.000 -9999.000 -9999.000 -9999.000 -9999.000 -9999.000 -9999.000 -9999.000 -9999.000 -9999.000 -9999.000 0.9377944E-01 0.3836527E-01 0.1398230E-01 0.1922036E-01 0.2776983E-01 0.3800490E-01 0.5378953E-01 0.7179847E-01 0.9012924E-01 0.1063047 0.1207670 0.1340351 0.1481622 0.1733606 0.2337228 0.2337228 -9999.000 -9999.000 -9999.000 -9999.000 -9999.000 -9999.000 -9999.000 -9999.000 -9999.000 -9999.000 -9999.000 -9999.000 -9999.000 -9999.000 -9999.000 -9999.000 -9999.000 -9999.000 -9999.000 -9999.000 -9999.000 -9999.000 -9999.000 -9999.000 -9999.000 -9999.000 -9999.000 -9999.000 -9999.000
-9999.000 -9999.000 -9999.000 -9999.000 -9999.000 -9999.000 -9999.000 -9999.000 -9999.000 -9999.000 -9999.000 -9999.000 -9999.000 -9999.000 -9999.000 0.9273020E-01 0.3215569E-01 0.1123937E-01 0.2610645E-01 0.3299278E-01 0.3900936E-01 0.5306723E-01 0.7136606E-01 0.9085912E-01 0.1083255 0.1241297 0.1387506 0.1544526 0.1829154 0.2572491 0.2572491 -9999.000 -9999.000 -9999.000 -9999.000 -9999.000 -9999.000 -9999.000 -9999.000 -9999.000 -9999.000 -9999.000 -9999.000 -9999.000 -9999.000 -9999.000 -9999.000 -9999.000 -9999.000 -9999.000 -9999.000 -9999.000 -9999.000 -9999.000 -9999.000 -9999.000 -9999.000 -9999.000 -9999.000 -9999.000
-9999.000 -9999.000 -9999.000 -9999.000 -9999.000 -9999.000 -9999.000 -9999.000 -9999.000 -9999.000 -9999.000 -9999.000 -9999.000 -9999.000 -9999.000 0.8892494E-01 0.2574516E-01 0.2520198E-01 0.4464822E-01 0.5050369E-01 0.5217092E-01 0.6161664E-01 0.7734379E-01 0.9598079E-01 0.1134006 0.1296272 0.1449539 0.1617958 0.1934344 0.2851573 0.2851573 -9999.000 -9999.000 -9999.000 -9999.000 -9999.000 -9999.000 -9999.000 -9999.000 -9999.000 -9999.000 -9999.000 -9999.000 -9999.000 -9999.000 -9999.000 -9999.000 -9999.000 -9999.000 -9999.000 -9999.000 -9999.000 -9999.000 -9999.000 -9999.000 -9999.000 -9999.000 -9999.000 -9999.000 -9999.000
-9999.000 -9999.000 -9999.000 -9999.000 -9999.000 -9999.000 -9999.000 -9999.000 -9999.000 -9999.000 -9999.000 -9999.000 -9999.000 -9999.000 -9999.000 0.1342423 0.2096379 0.2546278 0.2541591 0.2212570 0.1845822 0.1586523 0.1426402 0.1373098 0.1392539 0.1463762 0.1568289 0.1717235 0.2051952 0.3171666 0.3171666 -9999.000 -9999.000 -9999.000 -9999.000 -9999.000 -9999.000 -9999.000 -9999.000 -9999.000 -9999.000 -9999.000 -9999.000 -9999.000 -9999.000 -9999.000 -9999.000 -9999.000 -9999.000 -9999.000 -9999.000 -9999.000 -9999.000 -9999.000 -9999.000 -9999.000 -9999.000 -9999.000 -9999.000 -9999.000
2.935286 2.935286 2.898245 2.964989 2.970704 2.970704 2.973080 2.973266 2.973266 2.969783 2.969783 2.963883 2.960271 2.956307 2.952101 2.952101 3.123529 3.128642 3.129502 3.128397 3.109747 3.063135 2.992355 2.897918 2.777767 2.636663 2.477735 2.307202 2.146538 2.067077 2.067077 2.852642 3.027714 3.141100 3.171840 3.171840 3.218523 3.218523 3.227385 3.227385 3.202136 3.067855 3.067855 2.802423 2.802423 2.327626 2.327626 2.327626 2.263190 2.263190 2.271019 2.271019 2.310146 2.310146 2.357823 2.357823 2.403858 2.403858 2.403858 2.443107
2.959799 2.959799 2.926073 3.016791 3.034600 3.034600 3.048779 3.072225 3.072225 3.091766 3.091766 3.108707 3.116445 3.123785 3.130828 3.130828 3.252995 3.273677 3.289370 3.303192 3.312177 3.314276 3.308865 3.293761 3.265350 3.221814 3.161290 3.083094 2.991762 2.909898 2.909898 3.299909 3.452737 3.606874 3.651030 3.651030 3.706731 3.706731 3.723413 3.723413 3.712815 3.640366 3.640366 3.486128 3.486128 3.160946 3.160946 3.160946 3.087698 3.087698 3.096639 3.096639 3.138108 3.138108 3.188509 3.188509 3.237461 3.237461 3.237461 3.280596
2.965384 2.965384 2.927921 3.016724 3.034958 3.034958 3.049533 3.073594 3.073594 3.093755 3.093755 3.111418 3.119558 3.127326 3.134831 3.134831 3.240341 3.274195 3.302576 3.327478 3.348181 3.363935 3.374915 3.380837 3.380323 3.372239 3.355057 3.327324 3.290219 3.256472 3.256472 3.468792 3.611233 3.784459 3.837981 3.837981 3.900371 3.900371 3.905968 3.905968 3.886450 3.803598 3.803598 3.681152 3.681152 3.436547 3.436547 3.436547 3.355923 3.355923 3.350422 3.350422 3.381997 3.381997 3.425914 3.425914 3.470428 3.470428 3.470428 3.510386
2.969032 2.969032 2.930708 3.016257 3.034640 3.034640 3.049419 3.073632 3.073632 3.093797 3.093797 3.111462 3.119607 3.127382 3.134914 3.134914 3.229043 3.273278 3.313219 3.348792 3.379274 3.404088 3.423351 3.437329 3.445887 3.448972 3.446339 3.437579 3.423516 3.411902 3.411902 3.539853 3.662511 3.838724 3.896832 3.896832 3.956977 3.956977 3.939177 3.939177 3.905457 3.815516 3.815516 3.729171 3.729171 3.561383 3.561383 3.561383 3.482194 3.482194 3.462357 3.462357 3.482242 3.482242 3.519297 3.519297 3.559855 3.559855 3.559855 3.597182
2.970722 2.970722 2.934661 3.015744 3.034276 3.034276 3.049269 3.073638 3.073638 3.093795 3.093795 3.111432 3.119566 3.127333 3.134883 3.134883 3.223007 3.275686 3.325802 3.371242 3.410913 3.444174 3.470944 3.491461 3.505912 3.514608 3.517892 3.516115 3.510384 3.506104 3.506104 3.585149 3.684506 3.849036 3.903338 3.903338 3.939675 3.939675 3.884828 3.884828 3.840116 3.765552 3.765552 3.724286 3.724286 3.630463 3.630463 3.630463 3.562420 3.562420 3.531627 3.531627 3.537949 3.537949 3.565699 3.565699 3.600581 3.600581 3.600581 3.634121
2.967594 2.967594 2.940606 3.015199 3.033903 3.033903 3.049095 3.073619 3.073619 3.093784 3.093784 3.111421 3.119559 3.127331 3.134926 3.134926 3.223337 3.283571 3.342537 3.396750 3.444698 3.485652 3.519414 3.546116 3.565991 3.579391 3.586783 3.588754 3.586447 3.583784 3.583784 3.631089 3.705829 3.842500 3.879883 3.879883 3.862207 3.862207 3.771941 3.771941 3.731964 3.697955 3.697955 3.701604 3.701604 3.670909 3.670909 3.670909 3.621687 3.621687 3.586701 3.586701 3.580511 3.580511 3.596929 3.596929 3.623847 3.623847 3.623847 3.651729
2.967349 2.967349 2.943775 3.014853 3.033679 3.033679 3.049008 3.073636 3.073636 3.093801 3.093801 3.111429 3.119565 3.127337 3.134984 3.134984 3.230724 3.298400 3.365230 3.427053 3.482146 3.529774 3.569713 3.602040 3.626968 3.644815 3.656011 3.661126 3.661130 3.658719 3.658719 3.684831 3.735228 3.822486 3.822299 3.822299 3.726491 3.726491 3.631662 3.631662 3.616049 3.633718 3.633718 3.673759 3.673759 3.692175 3.692175 3.692175 3.665623 3.665623 3.634189 3.634189 3.619144 3.619144 3.623876 3.623876 3.640945 3.640945 3.640945 3.661199
2.967267 2.967267 2.944832 3.014738 3.033603 3.033603 3.048978 3.073641 3.073641 3.093806 3.093806 3.111430 3.119566 3.127337 3.135064 3.135064 3.246152 3.321760 3.395769 3.464063 3.525032 3.578079 3.623068 3.660103 3.689400 3.711246 3.726001 3.734134 3.736352 3.734172 3.734172 3.745652 3.771236 3.773048 3.709330 3.709330 3.549134 3.549134 3.502652 3.502652 3.519205 3.580715 3.580715 3.645642 3.645642 3.699932 3.699932 3.699932 3.695987 3.695987 3.674304 3.674304 3.655685 3.655685 3.650252 3.650252 3.656457 3.656457 3.656457 3.667312
2.967349 2.967349 2.943775 3.014853 3.033680 3.033680 3.049008 3.073636 3.073636 3.093800 3.093800 3.111428 3.119564 3.127336 3.135176 3.135176 3.271132 3.355508 3.436189 3.509824 3.575284 3.632300 3.680950 3.721459 3.754100 3.779161 3.796951 3.807827 3.812168 3.809959 3.809959 3.808930 3.803172 3.660718 3.524465 3.524465 3.370192 3.370192 3.402505 3.402505 3.445069 3.535210 3.535210 3.616163 3.616163 3.696502 3.696502 3.696502 3.712770 3.712770 3.704353 3.704353 3.687428 3.687428 3.674847 3.674847 3.670386 3.670386 3.670386 3.670676
2.967594 2.967594 2.940606 3.015199 3.033902 3.033902 3.049096 3.073620 3.073620 3.093785 3.093785 3.111420 3.119559 3.127332 3.135331 3.135331 3.307995 3.402048 3.488876 3.566611 3.635002 3.694323 3.744998 3.787464 3.822111 3.849272 3.869241 3.882272 3.888202 3.883878 3.883878 3.864129 3.803123 3.458590 3.290713 3.290713 3.230652 3.230652 3.331478 3.331478 3.388664 3.494485 3.494485 3.585697 3.585697 3.684749 3.684749 3.684749 3.717577 3.717577 3.723112 3.723112 3.711772 3.711772 3.695598 3.695598 3.681715 3.681715 3.681715 3.671006
2.970722 2.970722 2.934661 3.015743 3.034277 3.034277 3.049269 3.073639 3.073639 3.093795 3.093795 3.111432 3.119566 3.127333 3.135550 3.135550 3.360385 3.464729 3.556826 3.637073 3.706508 3.766170 3.816957 3.859591 3.894625 3.922480 3.943463 3.957700 3.963617 3.948708 3.948708 3.882551 3.712835 3.192610 3.074024 3.074024 3.139496 3.139496 3.276134 3.276134 3.339719 3.453816 3.453816 3.551968 3.551968 3.664389 3.664389 3.664389 3.709962 3.709962 3.728123 3.728123 3.724293 3.724293 3.707701 3.707701 3.686430 3.686430 3.686430 3.665250
2.969032 2.969032 2.930709 3.016256 3.034640 3.034640 3.049419 3.073632 3.073632 3.093798 3.093798 3.111461 3.119606 3.127383 3.135925 3.135925 3.434266 3.548554 3.644124 3.724535 3.792517 3.850081 3.898685 3.939379 3.972908 3.999786 4.020354 4.034377 4.034996 3.976398 3.976398 3.791130 3.469977 2.945128 2.928796 2.928796 3.072945 3.072945 3.221848 3.221848 3.287939 3.406967 3.406967 3.510016 3.510016 3.631720 3.631720 3.631720 3.686512 3.686512 3.714807 3.714807 3.718497 3.718497 3.703535 3.703535 3.677094 3.677094 3.677094 3.646809
