cruce_test.gid/Rasters/Hydraulic/Velocity__y_42.0.asc
NCOLS        79
NROWS        79
XLLCENTER         -1.500000
YLLCENTER         -4.800000
CELLSIZE           0.100
NODATA_VALUE     -9999.0
[rows 0 to 25 of 79, columns 0 to 58 of 79]
-9999.000 -9999.000 -9999.000 -9999.000 -9999.000 -9999.000 -9999.000 -9999.000 -9999.000 -9999.000 -9999.000 -9999.000 -9999.000 -9999.000 -9999.000 -0.2984388 -0.2975911 -0.2978597 -0.2983261 -0.2988847 -0.2995193 -0.3002237 -0.3009927 -0.3018203 -0.3027020 -0.3036380 -0.3046384 -0.3057256 -0.3068233 -0.3033339 -0.3033339 -9999.000 -9999.000 -9999.000 -9999.000 -9999.000 -9999.000 -9999.000 -9999.000 -9999.000 -9999.000 -9999.000 -9999.000 -9999.000 -9999.000 -9999.000 -9999.000 -9999.000 -9999.000 -9999.000 -9999.000 -9999.000 -9999.000 -9999.000 -9999.000 -9999.000 -9999.000 -9999.000 -9999.000
-9999.000 -9999.000 -9999.000 -9999.000 -9999.000 -9999.000 -9999.000 -9999.000 -9999.000 -9999.000 -9999.000 -9999.000 -9999.000 -9999.000 -9999.000 -0.2933751 -0.2911062 -0.2915361 -0.2923277 -0.2932608 -0.2943066 -0.2954631 -0.2967322 -0.2981171 -0.2996260 -0.3012761 -0.3031016 -0.3051543 -0.3072619 -0.3005593 -0.3005593 -9999.000 -9999.000 -9999.000 -9999.000 -9999.000 -9999.000 -9999.000 -9999.000 -9999.000 -9999.000 -9999.000 -9999.000 -9999.000 -9999.000 -9999.000 -9999.000 -9999.000 -9999.000 -9999.000 -9999.000 -9999.000 -9999.000 -9999.000 -9999.000 -9999.000 -9999.000 -9999.000 -9999.000
-9999.000 -9999.000 -9999.000 -9999.000 -9999.000 -9999.000 -9999.000 -9999.000 -9999.000 -9999.000 -9999.000 -9999.000 -9999.000 -9999.000 -9999.000 -0.2864064 -0.2823291 -0.2830075 -0.2843300 -0.2859142 -0.2877041 -0.2896951 -0.2918926 -0.2943056 -0.2969487 -0.2998460 -0.3030342 -0.3065538 -0.3100276 -0.2997058 -0.2997058 -9999.000 -9999.000 -9999.000 -9999.000 -9999.000 -9999.000 -9999.000 -9999.000 -9999.000 -9999.000 -9999.000 -9999.000 -9999.000 -9999.000 -9999.000 -9999.000 -9999.000 -9999.000 -9999.000 -9999.000 -9999.000 -9999.000 -9999.000 -9999.000 -9999.000 -9999.000 -9999.000 -9999.000
-9999.000 -9999.000 -9999.000 -9999.000 -9999.000 -9999.000 -9999.000 -9999.000 -9999.000 -9999.000 -9999.000 -9999.000 -9999.000 -9999.000 -9999.000 -0.2782639 -0.2721822 -0.2731890 -0.2751872 -0.2776115 -0.2803748 -0.2834666 -0.2868925 -0.2906624 -0.2947913 -0.2993017 -0.3042249 -0.3095807 -0.3147625 -0.3010618 -0.3010618 -9999.000 -9999.000 -9999.000 -9999.000 -9999.000 -9999.000 -9999.000 -9999.000 -9999.000 -9999.000 -9999.000 -9999.000 -9999.000 -9999.000 -9999.000 -9999.000 -9999.000 -9999.000 -9999.000 -9999.000 -9999.000 -9999.000 -9999.000 -9999.000 -9999.000 -9999.000 -9999.000 -9999.000
-9999.000 -9999.000 -9999.000 -9999.000 -9999.000 -9999.000 -9999.000 -9999.000 -9999.000 -9999.000 -9999.000 -9999.000 -9999.000 -9999.000 -9999.000 -0.2689402 -0.2607390 -0.2621500 -0.2649547 -0.2683880 -0.2723287 -0.2767608 -0.2816885 -0.2871212 -0.2930723 -0.2995607 -0.3066088 -0.3142134 -0.3215111 -0.3047754 -0.3047754 -9999.000 -9999.000 -9999.000 -9999.000 -9999.000 -9999.000 -9999.000 -9999.000 -9999.000 -9999.000 -9999.000 -9999.000 -9999.000 -9999.000 -9999.000 -9999.000 -9999.000 -9999.000 -9999.000 -9999.000 -9999.000 -9999.000 -9999.000 -9999.000 -9999.000 -9999.000 -9999.000 -9999.000
-9999.000 -9999.000 -9999.000 -9999.000 -9999.000 -9999.000 -9999.000 -9999.000 -9999.000 -9999.000 -9999.000 -9999.000 -9999.000 -9999.000 -9999.000 -0.2583557 -0.2480316 -0.2499211 -0.2536487 -0.2582401 -0.2635416 -0.2695329 -0.2762191 -0.2836107 -0.2917214 -0.3005684 -0.3101677 -0.3204943 -0.3304054 -0.3111015 -0.3111015 -9999.000 -9999.000 -9999.000 -9999.000 -9999.000 -9999.000 -9999.000 -9999.000 -9999.000 -9999.000 -9999.000 -9999.000 -9999.000 -9999.000 -9999.000 -9999.000 -9999.000 -9999.000 -9999.000 -9999.000 -9999.000 -9999.000 -9999.000 -9999.000 -9999.000 -9999.000 -9999.000 -9999.000
-9999.000 -9999.000 -9999.000 -9999.000 -9999.000 -9999.000 -9999.000 -9999.000 -9999.000 -9999.000 -9999.000 -9999.000 -9999.000 -9999.000 -9999.000 -0.2463575 -0.2340561 -0.2365024 -0.2412551 -0.2471353 -0.2539620 -0.2617151 -0.2704055 -0.2800501 -0.2906691 -0.3022848 -0.3149150 -0.3285202 -0.3416665 -0.3204183 -0.3204183 -9999.000 -9999.000 -9999.000 -9999.000 -9999.000 -9999.000 -9999.000 -9999.000 -9999.000 -9999.000 -9999.000 -9999.000 -9999.000 -9999.000 -9999.000 -9999.000 -9999.000 -9999.000 -9999.000 -9999.000 -9999.000 -9999.000 -9999.000 -9999.000 -9999.000 -9999.000 -9999.000 -9999.000
-9999.000 -9999.000 -9999.000 -9999.000 -9999.000 -9999.000 -9999.000 -9999.000 -9999.000 -9999.000 -9999.000 -9999.000 -9999.000 -9999.000 -9999.000 -0.2327208 -0.2187769 -0.2218679 -0.2277342 -0.2350151 -0.2435126 -0.2532152 -0.2641472 -0.2763411 -0.2898349 -0.3046705 -0.3208838 -0.3384390 -0.3556145 -0.3332624 -0.3332624 -9999.000 -9999.000 -9999.000 -9999.000 -9999.000 -9999.000 -9999.000 -9999.000 -9999.000 -9999.000 -9999.000 -9999.000 -9999.000 -9999.000 -9999.000 -9999.000 -9999.000 -9999.000 -9999.000 -9999.000 -9999.000 -9999.000 -9999.000 -9999.000 -9999.000 -9999.000 -9999.000 -9999.000
-9999.000 -9999.000 -9999.000 -9999.000 -9999.000 -9999.000 -9999.000 -9999.000 -9999.000 -9999.000 -9999.000 -9999.000 -9999.000 -9999.000 -9999.000 -0.2171518 -0.2021267 -0.2059674 -0.2130218 -0.2217953 -0.2320892 -0.2439124 -0.2573142 -0.2723571 -0.2891150 -0.3076730 -0.3281150 -0.3504457 -0.3726887 -0.3503934 -0.3503934 -9999.000 -9999.000 -9999.000 -9999.000 -9999.000 -9999.000 -9999.000 -9999.000 -9999.000 -9999.000 -9999.000 -9999.000 -9999.000 -9999.000 -9999.000 -9999.000 -9999.000 -9999.000 -9999.000 -9999.000 -9999.000 -9999.000 -9999.000 -9999.000 -9999.000 -9999.000 -9999.000 -9999.000
-9999.000 -9999.000 -9999.000 -9999.000 -9999.000 -9999.000 -9999.000 -9999.000 -9999.000 -9999.000 -9999.000 -9999.000 -9999.000 -9999.000 -9999.000 -0.1992929 -0.1840042 -0.1887222 -0.1970259 -0.2073616 -0.2195539 -0.2336482 -0.2497351 -0.2679266 -0.2883609 -0.3112040 -0.3366391 -0.3647799 -0.3934814 -0.3729118 -0.3729118 -9999.000 -9999.000 -9999.000 -9999.000 -9999.000 -9999.000 -9999.000 -9999.000 -9999.000 -9999.000 -9999.000 -9999.000 -9999.000 -9999.000 -9999.000 -9999.000 -9999.000 -9999.000 -9999.000 -9999.000 -9999.000 -9999.000 -9999.000 -9999.000 -9999.000 -9999.000 -9999.000 -9999.000
-9999.000 -9999.000 -9999.000 -9999.000 -9999.000 -9999.000 -9999.000 -9999.000 -9999.000 -9999.000 -9999.000 -9999.000 -9999.000 -9999.000 -9999.000 -0.1787351 -0.1642697 -0.1700185 -0.1796177 -0.1915593 -0.2057236 -0.2222119 -0.2411769 -0.2628087 -0.2873491 -0.3151040 -0.3464426 -0.3817129 -0.4187903 -0.4024853 -0.4024853 -9999.000 -9999.000 -9999.000 -9999.000 -9999.000 -9999.000 -9999.000 -9999.000 -9999.000 -9999.000 -9999.000 -9999.000 -9999.000 -9999.000 -9999.000 -9999.000 -9999.000 -9999.000 -9999.000 -9999.000 -9999.000 -9999.000 -9999.000 -9999.000 -9999.000 -9999.000 -9999.000 -9999.000
-9999.000 -9999.000 -9999.000 -9999.000 -9999.000 -9999.000 -9999.000 -9999.000 -9999.000 -9999.000 -9999.000 -9999.000 -9999.000 -9999.000 -9999.000 -0.1550373 -0.1427381 -0.1496944 -0.1606165 -0.1741774 -0.1903507 -0.2093168 -0.2313162 -0.2566531 -0.2857295 -0.3190802 -0.3574022 -0.4015080 -0.4496900 -0.4417998 -0.4417998 -9999.000 -9999.000 -9999.000 -9999.000 -9999.000 -9999.000 -9999.000 -9999.000 -9999.000 -9999.000 -9999.000 -9999.000 -9999.000 -9999.000 -9999.000 -9999.000 -9999.000 -9999.000 -9999.000 -9999.000 -9999.000 -9999.000 -9999.000 -9999.000 -9999.000 -9999.000 -9999.000 -9999.000
-9999.000 -9999.000 -9999.000 -9999.000 -9999.000 -9999.000 -9999.000 -9999.000 -9999.000 -9999.000 -9999.000 -9999.000 -9999.000 -9999.000 -9999.000 -0.1277550 -0.1191706 -0.1275214 -0.1397694 -0.1549237 -0.1730936 -0.1945642 -0.2196909 -0.2489359 -0.2829362 -0.3225858 -0.3691389 -0.4242925 -0.4875986 -0.4955684 -0.4955684 -9999.000 -9999.000 -9999.000 -9999.000 -9999.000 -9999.000 -9999.000 -9999.000 -9999.000 -9999.000 -9999.000 -9999.000 -9999.000 -9999.000 -9999.000 -9999.000 -9999.000 -9999.000 -9999.000 -9999.000 -9999.000 -9999.000 -9999.000 -9999.000 -9999.000 -9999.000 -9999.000 -9999.000
-9999.000 -9999.000 -9999.000 -9999.000 -9999.000 -9999.000 -9999.000 -9999.000 -9999.000 -9999.000 -9999.000 -9999.000 -9999.000 -9999.000 -9999.000 -0.9641005E-01 -0.9323363E-01 -0.1031644 -0.1167167 -0.1333949 -0.1534852 -0.1773994 -0.2056346 -0.2388566 -0.2780268 -0.3245737 -0.3806652 -0.4496459 -0.5341702 -0.5731758 -0.5731758 -9999.000 -9999.000 -9999.000 -9999.000 -9999.000 -9999.000 -9999.000 -9999.000 -9999.000 -9999.000 -9999.000 -9999.000 -9999.000 -9999.000 -9999.000 -9999.000 -9999.000 -9999.000 -9999.000 -9999.000 -9999.000 -9999.000 -9999.000 -9999.000 -9999.000 -9999.000 -9999.000 -9999.000
-9999.000 -9999.000 -9999.000 -9999.000 -9999.000 -9999.000 -9999.000 -9999.000 -9999.000 -9999.000 -9999.000 -9999.000 -9999.000 -9999.000 -9999.000 -0.5615683E-01 -0.6321932E-01 -0.7588250E-01 -0.9127773E-01 -0.1096817 -0.1316693 -0.1578501 -0.1889217 -0.2258232 -0.2699507 -0.3234881 -0.3900242 -0.4758635 -0.5907587 -0.6970428 -0.6970428 -9999.000 -9999.000 -9999.000 -9999.000 -9999.000 -9999.000 -9999.000 -9999.000 -9999.000 -9999.000 -9999.000 -9999.000 -9999.000 -9999.000 -9999.000 -9999.000 -9999.000 -9999.000 -9999.000 -9999.000 -9999.000 -9999.000 -9999.000 -9999.000 -9999.000 -9999.000 -9999.000 -9999.000
-0.3113206E-02 -0.3113206E-02 -0.3656828E-02 -0.4008146E-02 -0.4132194E-02 -0.4132194E-02 -0.4302395E-02 -0.4934873E-02 -0.4934873E-02 -0.6347642E-02 -0.6347642E-02 -0.9709265E-02 -0.1314890E-01 -0.1912392E-01 -0.2968309E-01 -0.2968309E-01 -0.7044322E-01 -0.8774514E-01 -0.1050506 -0.1233523 -0.1436512 -0.1670899 -0.1950111 -0.2290316 -0.2711903 -0.3242768 -0.3925875 -0.4837912 -0.6122149 -0.8329429 -0.8329429 -0.6466575 -0.4906183 -0.2006179 -0.9543091E-01 -0.9543091E-01 0.2341817E-01 0.2341817E-01 0.5591905E-01 0.5591905E-01 0.3659499E-01 -0.6467746E-02 -0.6467746E-02 0.6720331E-02 0.6720331E-02 0.1205391E-01 0.1205391E-01 0.1205391E-01 0.9667192E-02 0.9667192E-02 0.7332341E-02 0.7332341E-02 0.6982833E-02 0.6982833E-02 0.4516550E-02 0.4516550E-02 0.3048082E-02 0.3048082E-02 0.3048082E-02
-0.4933799E-02 -0.4933799E-02 -0.5444338E-02 -0.5928729E-02 -0.6235027E-02 -0.6235027E-02 -0.6684903E-02 -0.8325093E-02 -0.8325093E-02 -0.1184996E-01 -0.1184996E-01 -0.1965616E-01 -0.2689857E-01 -0.3829817E-01 -0.5639553E-01 -0.5639553E-01 -0.1123607 -0.1360479 -0.1580844 -0.1788611 -0.1989907 -0.2195124 -0.2419537 -0.2683174 -0.3010478 -0.3430339 -0.3977271 -0.4694312 -0.5622208 -0.6803903 -0.6803903 -0.4986282 -0.3551818 -0.1372141 -0.5659479E-01 -0.5659479E-01 0.6162526E-01 0.6162526E-01 0.1239852 0.1239852 0.1080707 0.5274786E-02 0.5274786E-02 0.1764958E-01 0.1764958E-01 0.2552287E-01 0.2552287E-01 0.2552287E-01 0.2038224E-01 0.2038224E-01 0.1559351E-01 0.1559351E-01 0.1087205E-01 0.1087205E-01 0.9095605E-02 0.9095605E-02 0.6624313E-02 0.6624313E-02 0.6624313E-02
-0.4354678E-02 -0.4354678E-02 -0.4787773E-02 -0.5524150E-02 -0.6077135E-02 -0.6077135E-02 -0.6876012E-02 -0.9702792E-02 -0.9702792E-02 -0.1556504E-01 -0.1556504E-01 -0.2770310E-01 -0.3799065E-01 -0.5267746E-01 -0.7335482E-01 -0.7335482E-01 -0.1324013 -0.1619321 -0.1907165 -0.2182852 -0.2444125 -0.2692822 -0.2936046 -0.3186831 -0.3464223 -0.3792638 -0.4200267 -0.4715554 -0.5348765 -0.6037349 -0.6037349 -0.4921740 -0.3851888 -0.1983110 -0.1162555 -0.1162555 0.3568623E-01 0.3568623E-01 0.1569385 0.1569385 0.1797585 0.6677458E-01 0.6677458E-01 0.3708422E-01 0.3708422E-01 0.3514649E-01 0.3514649E-01 0.3514649E-01 0.2993489E-01 0.2993489E-01 0.2321004E-01 0.2321004E-01 0.1355336E-01 0.1355336E-01 0.1200015E-01 0.1200015E-01 0.8814739E-02 0.8814739E-02 0.8814739E-02
-0.3720279E-02 -0.3720279E-02 -0.4095510E-02 -0.5014895E-02 -0.5761800E-02 -0.5761800E-02 -0.6838701E-02 -0.1059535E-01 -0.1059535E-01 -0.1817594E-01 -0.1817594E-01 -0.3314643E-01 -0.4520624E-01 -0.6162323E-01 -0.8347019E-01 -0.8347019E-01 -0.1439332 -0.1769890 -0.2104854 -0.2435477 -0.2754882 -0.3059052 -0.3347858 -0.3625902 -0.3902957 -0.4193669 -0.4515890 -0.4886243 -0.5303363 -0.5695550 -0.5695550 -0.4962434 -0.4138770 -0.2471838 -0.1621042 -0.1621042 0.1207781E-01 0.1207781E-01 0.1606356 0.1606356 0.2059064 0.1510486 0.1510486 0.7091936E-01 0.7091936E-01 0.4302603E-01 0.4302603E-01 0.4302603E-01 0.3614684E-01 0.3614684E-01 0.2748249E-01 0.2748249E-01 0.1627716E-01 0.1627716E-01 0.1168906E-01 0.1168906E-01 0.7574823E-02 0.7574823E-02 0.7574823E-02
-0.3047450E-02 -0.3047450E-02 -0.3381992E-02 -0.4438672E-02 -0.5335778E-02 -0.5335778E-02 -0.6626972E-02 -0.1107713E-01 -0.1107713E-01 -0.1985352E-01 -0.1985352E-01 -0.3661802E-01 -0.4972603E-01 -0.6715105E-01 -0.8976675E-01 -0.8976675E-01 -0.1520504 -0.1876998 -0.2245834 -0.2616555 -0.2980518 -0.3331073 -0.3664024 -0.3978203 -0.4275871 -0.4562513 -0.4845434 -0.5130135 -0.5407792 -0.5618089 -0.5618089 -0.5084416 -0.4402744 -0.2799773 -0.1884422 -0.1884422 -0.3592155E-03 -0.3592155E-03 0.1515946 0.1515946 0.2028443 0.2080296 0.2080296 0.1192977 0.1192977 0.5625096E-01 0.5625096E-01 0.5625096E-01 0.4117421E-01 0.4117421E-01 0.2900963E-01 0.2900963E-01 0.1620038E-01 0.1620038E-01 0.8912232E-02 0.8912232E-02 0.3922236E-02 0.3922236E-02 0.3922236E-02
-0.2335298E-02 -0.2335298E-02 -0.2636254E-02 -0.3780492E-02 -0.4780011E-02 -0.4780011E-02 -0.6215925E-02 -0.1111396E-01 -0.1111396E-01 -0.2059661E-01 -0.2059661E-01 -0.3831147E-01 -0.5195192E-01 -0.6994008E-01 -0.9319892E-01 -0.9319892E-01 -0.1585388 -0.1968425 -0.2367582 -0.2771085 -0.3169688 -0.3556058 -0.3924491 -0.4270918 -0.4592937 -0.4889322 -0.5158573 -0.5396445 -0.5587567 -0.5682012 -0.5682012 -0.5237317 -0.4606103 -0.2921081 -0.1929675 -0.1929675 -0.3813382E-02 -0.3813382E-02 0.1366348 0.1366348 0.1857474 0.2244979 0.2244979 0.1660371 0.1660371 0.7509340E-01 0.7509340E-01 0.7509340E-01 0.4748844E-01 0.4748844E-01 0.2950872E-01 0.2950872E-01 0.1431926E-01 0.1431926E-01 0.4646388E-02 0.4646388E-02 -0.1156375E-02 -0.1156375E-02 -0.1156375E-02
-0.1583114E-02 -0.1583114E-02 -0.1850157E-02 -0.3029563E-02 -0.4081863E-02 -0.4081863E-02 -0.5591132E-02 -0.1069399E-01 -0.1069399E-01 -0.2042883E-01 -0.2042883E-01 -0.3835990E-01 -0.5209544E-01 -0.7026661E-01 -0.9406302E-01 -0.9406302E-01 -0.1641479 -0.2057271 -0.2489725 -0.2925382 -0.3354582 -0.3770144 -0.4166367 -0.4538394 -0.4881620 -0.5190447 -0.5455973 -0.5664837 -0.5794505 -0.5798339 -0.5798339 -0.5359182 -0.4689426 -0.2819113 -0.1796218 -0.1796218 -0.4186828E-02 -0.4186828E-02 0.1182729 0.1182729 0.1625141 0.2136917 0.2136917 0.1928206 0.1928206 0.9750668E-01 0.9750668E-01 0.9750668E-01 0.5666744E-01 0.5666744E-01 0.3070828E-01 0.3070828E-01 0.1184181E-01 0.1184181E-01 -0.2242818E-03 -0.2242818E-03 -0.6806467E-02 -0.6806467E-02 -0.6806467E-02
-0.7910470E-03 -0.7910470E-03 -0.1018954E-02 -0.2180356E-02 -0.3236484E-02 -0.3236484E-02 -0.4749332E-02 -0.9826950E-02 -0.9826950E-02 -0.1940269E-01 -0.1940269E-01 -0.3689504E-01 -0.5031606E-01 -0.6826840E-01 -0.9240248E-01 -0.9240248E-01 -0.1694200 -0.2152402 -0.2625021 -0.3096546 -0.3556831 -0.3999124 -0.4418491 -0.4810588 -0.5170382 -0.5489411 -0.5751021 -0.5931189 -0.5997773 -0.5899493 -0.5899493 -0.5381494 -0.4586813 -0.2542645 -0.1574679 -0.1574679 -0.5564114E-02 -0.5564114E-02 0.9841572E-01 0.9841572E-01 0.1372955 0.1900439 0.1900439 0.1952937 0.1952937 0.1172938 0.1172938 0.1172938 0.6782056E-01 0.6782056E-01 0.3357154E-01 0.3357154E-01 0.9941553E-02 0.9941553E-02 -0.4777117E-02 -0.4777117E-02 -0.1221002E-01 -0.1221002E-01 -0.1221002E-01
0.3956582E-04 0.3956582E-04 -0.1402445E-03 -0.1232464E-02 -0.2245972E-02 -0.2245972E-02 -0.3697258E-02 -0.8539665E-02 -0.8539665E-02 -0.1759272E-01 -0.1759272E-01 -0.3406167E-01 -0.4677207E-01 -0.6404964E-01 -0.8815052E-01 -0.8815052E-01 -0.1750394 -0.2263254 -0.2785285 -0.3298906 -0.3793511 -0.4262933 -0.4703409 -0.5111917 -0.5484211 -0.5809456 -0.6059413 -0.6194221 -0.6168264 -0.5923338 -0.5923338 -0.5240228 -0.4269474 -0.2194209 -0.1349117 -0.1349117 -0.8454524E-02 -0.8454524E-02 0.7888184E-01 0.7888184E-01 0.1124537 0.1617505 0.1617505 0.1801574 0.1801574 0.1280391 0.1280391 0.1280391 0.7781234E-01 0.7781234E-01 0.3772949E-01 0.3772949E-01 0.9353587E-02 0.9353587E-02 -0.8159979E-02 -0.8159979E-02 -0.1652268E-01 -0.1652268E-01 -0.1652268E-01
0.9047959E-03 0.9047959E-03 0.7859064E-03 -0.1893431E-03 -0.1118307E-02 -0.1118307E-02 -0.2449367E-02 -0.6871469E-02 -0.6871469E-02 -0.1508862E-01 -0.1508862E-01 -0.3002341E-01 -0.4164942E-01 -0.5775532E-01 -0.8125333E-01 -0.8125333E-01 -0.1820866 -0.2402775 -0.2984939 -0.3548222 -0.4081754 -0.4580122 -0.5041062 -0.5463487 -0.5844992 -0.6171722 -0.6393305 -0.6444585 -0.6266552 -0.5806905 -0.5806905 -0.4897819 -0.3793040 -0.1878824 -0.1153595 -0.1153595 -0.1121768E-01 -0.1121768E-01 0.6108263E-01 0.6108263E-01 0.8933778E-01 0.1327271 0.1327271 0.1555771 0.1555771 0.1268524 0.1268524 0.1268524 0.8294545E-01 0.8294545E-01 0.4157292E-01 0.4157292E-01 0.1008074E-01 0.1008074E-01 -0.9749100E-02 -0.9749100E-02 -0.1894164E-01 -0.1894164E-01 -0.1894164E-01
0.1798611E-02 0.1798611E-02 0.1757607E-02 0.9418869E-03 0.1337645E-03 0.1337645E-03 -0.1026499E-02 -0.4870635E-02 -0.4870635E-02 -0.1198995E-01 -0.1198995E-01 -0.2496022E-01 -0.3517331E-01 -0.4963540E-01 -0.7190716E-01 -0.7190716E-01 -0.1923741 -0.2590542 -0.3244195 -0.3865232 -0.4442711 -0.4972054 -0.5452818 -0.5886493 -0.6273784 -0.6595807 -0.6756219 -0.6657031 -0.6248159 -0.5516196 -0.5516196 -0.4383202 -0.3254984 -0.1600826 -0.9954403E-01 -0.9954403E-01 -0.1252158E-01 -0.1252158E-01 0.4560490E-01 0.4560490E-01 0.6843328E-01 0.1046162 0.1046162 0.1269482 0.1269482 0.1146896 0.1146896 0.1146896 0.8077694E-01 0.8077694E-01 0.4299076E-01 0.4299076E-01 0.1141204E-01 0.1141204E-01 -0.9315052E-02 -0.9315052E-02 -0.1886795E-01 -0.1886795E-01 -0.1886795E-01
