cruce_test.gid/Rasters/Hydraulic/Velocity____318.0.asc
NCOLS        79
NROWS        79
XLLCENTER         -1.500000
YLLCENTER         -4.800000
CELLSIZE           0.100
NODATA_VALUE     -9999.0
[rows 0 to 26 of 79, columns 0 to 59 of 79]
-9999.000 -9999.000 -9999.000 -9999.000 -9999.000 -9999.000 -9999.000 -9999.000 -9999.000 -9999.000 -9999.000 -9999.000 -9999.000 -9999.000 -9999.000 0.9733151E-01 0.9534130E-01 0.9507213E-01 0.9558576E-01 0.9639927E-01 0.9728208E-01 0.9812667E-01 0.9881535E-01 0.9934604E-01 0.9972022E-01 0.9995406E-01 0.1001179 0.1004219 0.1014554 0.1024783 0.1024783 -9999.000 -9999.000 -9999.000 -9999.000 -9999.000 -9999.000 -9999.000 -9999.000 -9999.000 -9999.000 -9999.000 -9999.000 -9999.000 -9999.000 -9999.000 -9999.000 -9999.000 -9999.000 -9999.000 -9999.000 -9999.000 -9999.000 -9999.000 -9999.000 -9999.000 -9999.000 -9999.000 -9999.000 -9999.000
-9999.000 -9999.000 -9999.000 -9999.000 -9999.000 -9999.000 -9999.000 -9999.000 -9999.000 -9999.000 -9999.000 -9999.000 -9999.000 -9999.000 -9999.000 0.9600013E-01 0.9196536E-01 0.9145668E-01 0.9257326E-01 0.9431051E-01 0.9620570E-01 0.9804696E-01 0.9958887E-01 0.1008181 0.1017280 0.1023462 0.1028227 0.1036277 0.1060691 0.1088213 0.1088213 -9999.000 -9999.000 -9999.000 -9999.000 -9999.000 -9999.000 -9999.000 -9999.000 -9999.000 -9999.000 -9999.000 -9999.000 -9999.000 -9999.000 -9999.000 -9999.000 -9999.000 -9999.000 -9999.000 -9999.000 -9999.000 -9999.000 -9999.000 -9999.000 -9999.000 -9999.000 -9999.000 -9999.000 -9999.000
-9999.000 -9999.000 -9999.000 -9999.000 -9999.000 -9999.000 -9999.000 -9999.000 -9999.000 -9999.000 -9999.000 -9999.000 -9999.000 -9999.000 -9999.000 0.9328446E-01 0.8712051E-01 0.8631832E-01 0.8811789E-01 0.9092250E-01 0.9401497E-01 0.9707966E-01 0.9974016E-01 0.1019792 0.1037794 0.1051712 0.1063771 0.1081356 0.1125326 0.1178547 0.1178547 -9999.000 -9999.000 -9999.000 -9999.000 -9999.000 -9999.000 -9999.000 -9999.000 -9999.000 -9999.000 -9999.000 -9999.000 -9999.000 -9999.000 -9999.000 -9999.000 -9999.000 -9999.000 -9999.000 -9999.000 -9999.000 -9999.000 -9999.000 -9999.000 -9999.000 -9999.000 -9999.000 -9999.000 -9999.000
-9999.000 -9999.000 -9999.000 -9999.000 -9999.000 -9999.000 -9999.000 -9999.000 -9999.000 -9999.000 -9999.000 -9999.000 -9999.000 -9999.000 -9999.000 0.8989370E-01 0.8169723E-01 0.8061303E-01 0.8312380E-01 0.8702495E-01 0.9134935E-01 0.9568952E-01 0.9954444E-01 0.1029004 0.1057258 0.1080461 0.1101464 0.1130311 0.1195911 0.1280474 0.1280474 -9999.000 -9999.000 -9999.000 -9999.000 -9999.000 -9999.000 -9999.000 -9999.000 -9999.000 -9999.000 -9999.000 -9999.000 -9999.000 -9999.000 -9999.000 -9999.000 -9999.000 -9999.000 -9999.000 -9999.000 -9999.000 -9999.000 -9999.000 -9999.000 -9999.000 -9999.000 -9999.000 -9999.000 -9999.000
-9999.000 -9999.000 -9999.000 -9999.000 -9999.000 -9999.000 -9999.000 -9999.000 -9999.000 -9999.000 -9999.000 -9999.000 -9999.000 -9999.000 -9999.000 0.8605944E-01 0.7589559E-01 0.7454942E-01 0.7780804E-01 0.8283652E-01 0.8841998E-01 0.9406978E-01 0.9916434E-01 0.1037004 0.1076299 0.1109681 0.1140598 0.1181833 0.1270792 0.1392568 0.1392568 -9999.000 -9999.000 -9999.000 -9999.000 -9999.000 -9999.000 -9999.000 -9999.000 -9999.000 -9999.000 -9999.000 -9999.000 -9999.000 -9999.000 -9999.000 -9999.000 -9999.000 -9999.000 -9999.000 -9999.000 -9999.000 -9999.000 -9999.000 -9999.000 -9999.000 -9999.000 -9999.000 -9999.000 -9999.000
-9999.000 -9999.000 -9999.000 -9999.000 -9999.000 -9999.000 -9999.000 -9999.000 -9999.000 -9999.000 -9999.000 -9999.000 -9999.000 -9999.000 -9999.000 0.8186740E-01 0.6980205E-01 0.6823307E-01 0.7229211E-01 0.7848407E-01 0.8535069E-01 0.9233480E-01 0.9869707E-01 0.1044537 0.1095372 0.1139487 0.1180941 0.1235399 0.1349366 0.1515039 0.1515039 -9999.000 -9999.000 -9999.000 -9999.000 -9999.000 -9999.000 -9999.000 -9999.000 -9999.000 -9999.000 -9999.000 -9999.000 -9999.000 -9999.000 -9999.000 -9999.000 -9999.000 -9999.000 -9999.000 -9999.000 -9999.000 -9999.000 -9999.000 -9999.000 -9999.000 -9999.000 -9999.000 -9999.000 -9999.000
-9999.000 -9999.000 -9999.000 -9999.000 -9999.000 -9999.000 -9999.000 -9999.000 -9999.000 -9999.000 -9999.000 -9999.000 -9999.000 -9999.000 -9999.000 0.7733351E-01 0.6344844E-01 0.6172176E-01 0.6665131E-01 0.7404583E-01 0.8221499E-01 0.9054974E-01 0.9819750E-01 0.1052022 0.1114736 0.1169962 0.1222398 0.1290797 0.1431507 0.1649116 0.1649116 -9999.000 -9999.000 -9999.000 -9999.000 -9999.000 -9999.000 -9999.000 -9999.000 -9999.000 -9999.000 -9999.000 -9999.000 -9999.000 -9999.000 -9999.000 -9999.000 -9999.000 -9999.000 -9999.000 -9999.000 -9999.000 -9999.000 -9999.000 -9999.000 -9999.000 -9999.000 -9999.000 -9999.000 -9999.000
-9999.000 -9999.000 -9999.000 -9999.000 -9999.000 -9999.000 -9999.000 -9999.000 -9999.000 -9999.000 -9999.000 -9999.000 -9999.000 -9999.000 -9999.000 0.7243954E-01 0.5684214E-01 0.5505950E-01 0.6094877E-01 0.6958240E-01 0.7906419E-01 0.8875702E-01 0.9769786E-01 0.1059698 0.1134543 0.1201158 0.1264926 0.1347949 0.1517332 0.1796819 0.1796819 -9999.000 -9999.000 -9999.000 -9999.000 -9999.000 -9999.000 -9999.000 -9999.000 -9999.000 -9999.000 -9999.000 -9999.000 -9999.000 -9999.000 -9999.000 -9999.000 -9999.000 -9999.000 -9999.000 -9999.000 -9999.000 -9999.000 -9999.000 -9999.000 -9999.000 -9999.000 -9999.000 -9999.000 -9999.000
-9999.000 -9999.000 -9999.000 -9999.000 -9999.000 -9999.000 -9999.000 -9999.000 -9999.000 -9999.000 -9999.000 -9999.000 -9999.000 -9999.000 -9999.000 0.6714801E-01 0.4998318E-01 0.4830284E-01 0.5526031E-01 0.6515761E-01 0.7594526E-01 0.8699023E-01 0.9722252E-01 0.1067736 0.1154894 0.1233101 0.1308497 0.1406837 0.1607091 0.1960984 0.1960984 -9999.000 -9999.000 -9999.000 -9999.000 -9999.000 -9999.000 -9999.000 -9999.000 -9999.000 -9999.000 -9999.000 -9999.000 -9999.000 -9999.000 -9999.000 -9999.000 -9999.000 -9999.000 -9999.000 -9999.000 -9999.000 -9999.000 -9999.000 -9999.000 -9999.000 -9999.000 -9999.000 -9999.000 -9999.000
-9999.000 -9999.000 -9999.000 -9999.000 -9999.000 -9999.000 -9999.000 -9999.000 -9999.000 -9999.000 -9999.000 -9999.000 -9999.000 -9999.000 -9999.000 0.6140915E-01 0.4287817E-01 0.4155350E-01 0.4970107E-01 0.6085567E-01 0.7291389E-01 0.8528630E-01 0.9679598E-01 0.1076306 0.1175891 0.1265830 0.1353097 0.1467475 0.1701114 0.2145455 0.2145455 -9999.000 -9999.000 -9999.000 -9999.000 -9999.000 -9999.000 -9999.000 -9999.000 -9999.000 -9999.000 -9999.000 -9999.000 -9999.000 -9999.000 -9999.000 -9999.000 -9999.000 -9999.000 -9999.000 -9999.000 -9999.000 -9999.000 -9999.000 -9999.000 -9999.000 -9999.000 -9999.000 -9999.000 -9999.000
-9999.000 -9999.000 -9999.000 -9999.000 -9999.000 -9999.000 -9999.000 -9999.000 -9999.000 -9999.000 -9999.000 -9999.000 -9999.000 -9999.000 -9999.000 0.5516250E-01 0.3556280E-01 0.3502070E-01 0.4446253E-01 0.5679929E-01 0.7004538E-01 0.8369358E-01 0.9645073E-01 0.1085640 0.1197685 0.1299420 0.1398742 0.1529904 0.1799812 0.2355466 0.2355466 -9999.000 -9999.000 -9999.000 -9999.000 -9999.000 -9999.000 -9999.000 -9999.000 -9999.000 -9999.000 -9999.000 -9999.000 -9999.000 -9999.000 -9999.000 -9999.000 -9999.000 -9999.000 -9999.000 -9999.000 -9999.000 -9999.000 -9999.000 -9999.000 -9999.000 -9999.000 -9999.000 -9999.000 -9999.000
-9999.000 -9999.000 -9999.000 -9999.000 -9999.000 -9999.000 -9999.000 -9999.000 -9999.000 -9999.000 -9999.000 -9999.000 -9999.000 -9999.000 -9999.000 0.4833725E-01 0.2816243E-01 0.2915628E-01 0.3987025E-01 0.5317512E-01 0.6745131E-01 0.8228373E-01 0.9623728E-01 0.1096112 0.1220551 0.1334046 0.1445529 0.1594231 0.1903678 0.2598277 0.2598277 -9999.000 -9999.000 -9999.000 -9999.000 -9999.000 -9999.000 -9999.000 -9999.000 -9999.000 -9999.000 -9999.000 -9999.000 -9999.000 -9999.000 -9999.000 -9999.000 -9999.000 -9999.000 -9999.000 -9999.000 -9999.000 -9999.000 -9999.000 -9999.000 -9999.000 -9999.000 -9999.000 -9999.000 -9999.000
-9999.000 -9999.000 -9999.000 -9999.000 -9999.000 -9999.000 -9999.000 -9999.000 -9999.000 -9999.000 -9999.000 -9999.000 -9999.000 -9999.000 -9999.000 0.4085246E-01 0.2109198E-01 0.2491010E-01 0.3646162E-01 0.5027103E-01 0.6530358E-01 0.8117147E-01 0.9624084E-01 0.1108400 0.1245018 0.1370106 0.1493746 0.1660717 0.2013353 0.2884226 0.2884226 -9999.000 -9999.000 -9999.000 -9999.000 -9999.000 -9999.000 -9999.000 -9999.000 -9999.000 -9999.000 -9999.000 -9999.000 -9999.000 -9999.000 -9999.000 -9999.000 -9999.000 -9999.000 -9999.000 -9999.000 -9999.000 -9999.000 -9999.000 -9999.000 -9999.000 -9999.000 -9999.000 -9999.000 -9999.000
-9999.000 -9999.000 -9999.000 -9999.000 -9999.000 -9999.000 -9999.000 -9999.000 -9999.000 -9999.000 -9999.000 -9999.000 -9999.000 -9999.000 -9999.000 0.3254456E-01 0.1600782E-01 0.2427301E-01 0.3541831E-01 0.4886564E-01 0.6415662E-01 0.8076829E-01 0.9678116E-01 0.1125035 0.1273105 0.1409200 0.1544653 0.1730381 0.2130015 0.3228858 0.3228858 -9999.000 -9999.000 -9999.000 -9999.000 -9999.000 -9999.000 -9999.000 -9999.000 -9999.000 -9999.000 -9999.000 -9999.000 -9999.000 -9999.000 -9999.000 -9999.000 -9999.000 -9999.000 -9999.000 -9999.000 -9999.000 -9999.000 -9999.000 -9999.000 -9999.000 -9999.000 -9999.000 -9999.000 -9999.000
-9999.000 -9999.000 -9999.000 -9999.000 -9999.000 -9999.000 -9999.000 -9999.000 -9999.000 -9999.000 -9999.000 -9999.000 -9999.000 -9999.000 -9999.000 0.4859493E-01 0.7403591E-01 0.8420908E-01 0.8247386E-01 0.8474878E-01 0.8979495E-01 0.9830955E-01 0.1087216 0.1208804 0.1336094 0.1461743 0.1595439 0.1793116 0.2241620 0.3625923 0.3625923 -9999.000 -9999.000 -9999.000 -9999.000 -9999.000 -9999.000 -9999.000 -9999.000 -9999.000 -9999.000 -9999.000 -9999.000 -9999.000 -9999.000 -9999.000 -9999.000 -9999.000 -9999.000 -9999.000 -9999.000 -9999.000 -9999.000 -9999.000 -9999.000 -9999.000 -9999.000 -9999.000 -9999.000 -9999.000
2.737113 2.737113 2.711017 2.763565 2.768438 2.768438 2.770765 2.771474 2.771474 2.768486 2.768486 2.763119 2.759820 2.756205 2.752453 2.752453 2.847520 2.850249 2.845556 2.820357 2.775882 2.710984 2.623203 2.515332 2.388122 2.243623 2.086389 1.927157 1.793378 1.759451 1.759451 2.582719 2.749578 2.840115 2.861486 2.861486 2.886064 2.886064 2.853371 2.853371 2.800613 2.597072 2.597072 2.135316 2.135316 1.948591 1.948591 1.948591 1.952590 1.952590 1.992153 1.992153 2.041594 2.041594 2.090616 2.090616 2.133028 2.133028 2.133028 2.165156
2.760330 2.760330 2.739370 2.812680 2.828767 2.828767 2.842085 2.864567 2.864567 2.883196 2.883196 2.899318 2.906711 2.913744 2.920588 2.920588 2.992245 3.007161 3.019961 3.027920 3.030788 3.026786 3.012924 2.987351 2.947578 2.891567 2.818453 2.729799 2.632595 2.572029 2.572029 3.012613 3.164891 3.309748 3.348270 3.348270 3.388967 3.388967 3.381177 3.381177 3.354120 3.238518 3.238518 2.983284 2.983284 2.767244 2.767244 2.767244 2.770604 2.770604 2.811897 2.811897 2.864372 2.864372 2.916091 2.916091 2.961832 2.961832 2.961832 2.999069
2.766499 2.766499 2.739088 2.812575 2.828979 2.828979 2.842670 2.865821 2.865821 2.885146 2.885146 2.902013 2.909795 2.917232 2.924513 2.924513 2.989929 3.015162 3.038688 3.058849 3.075353 3.087756 3.094970 3.096237 3.090207 3.075179 3.049601 3.013059 2.968600 2.940520 2.940520 3.194476 3.339479 3.505330 3.552690 3.552690 3.596747 3.596747 3.577623 3.577623 3.544610 3.441829 3.441829 3.273991 3.273991 3.065370 3.065370 3.065370 3.052478 3.052478 3.083112 3.083112 3.127796 3.127796 3.173368 3.173368 3.214402 3.214402 3.214402 3.248200
2.771414 2.771414 2.737127 2.812170 2.828806 2.828806 2.842769 2.866035 2.866035 2.885273 2.885273 2.902085 2.909859 2.917297 2.924620 2.924620 2.987208 3.021535 3.054796 3.084540 3.109882 3.130486 3.145988 3.156348 3.161378 3.160625 3.153508 3.139879 3.121555 3.113465 3.113465 3.270759 3.399769 3.569645 3.619554 3.619554 3.654231 3.654231 3.612064 3.612064 3.572345 3.487196 3.487196 3.385534 3.385534 3.209403 3.209403 3.209403 3.179728 3.179728 3.197727 3.197727 3.235063 3.235063 3.276325 3.276325 3.314394 3.314394 3.314394 3.345853
2.775221 2.775221 2.734011 2.812108 2.828655 2.828655 2.842718 2.866050 2.866050 2.885266 2.885266 2.902069 2.909845 2.917287 2.924667 2.924667 2.988215 3.030746 3.072988 3.111574 3.145083 3.172982 3.195019 3.211275 3.221940 3.227178 3.227146 3.222291 3.214323 3.213242 3.213242 3.314398 3.422952 3.581075 3.622981 3.622981 3.625724 3.625724 3.558041 3.558041 3.521248 3.470697 3.470697 3.426584 3.426584 3.299635 3.299635 3.299635 3.258272 3.258272 3.261537 3.261537 3.289190 3.289190 3.324833 3.324833 3.359249 3.359249 3.359249 3.387847
2.777950 2.777950 2.733509 2.812009 2.828482 2.828482 2.842644 2.866057 2.866057 2.885256 2.885256 2.902051 2.909829 2.917274 2.924735 2.924735 2.993894 3.044244 3.094735 3.141357 3.182359 3.217051 3.245172 3.266781 3.282113 3.291493 3.295337 3.294345 3.290155 3.289769 3.289769 3.353713 3.438717 3.564324 3.581874 3.581874 3.531488 3.531488 3.458070 3.458070 3.438707 3.433526 3.433526 3.435598 3.435598 3.362822 3.362822 3.362822 3.319351 3.319351 3.309372 3.309372 3.325312 3.325312 3.353115 3.353115 3.382173 3.382173 3.382173 3.406641
2.779586 2.779586 2.733330 2.812020 2.828404 2.828404 2.842608 2.866062 2.866062 2.885249 2.885249 2.902039 2.909820 2.917268 2.924847 2.924847 3.005154 3.063434 3.121578 3.175373 3.223007 3.263759 3.297383 3.323920 3.343583 3.356699 3.363709 3.365303 3.362867 3.361193 3.361193 3.398689 3.457267 3.517971 3.489986 3.489986 3.389314 3.389314 3.347357 3.347357 3.354548 3.392317 3.392317 3.427876 3.427876 3.405223 3.405223 3.405223 3.369555 3.369555 3.351376 3.351376 3.355514 3.355514 3.373585 3.373585 3.395352 3.395352 3.395352 3.414162
2.780132 2.780132 2.733289 2.812032 2.828381 2.828381 2.842595 2.866059 2.866059 2.885237 2.885237 2.902019 2.909798 2.917245 2.924983 2.924983 3.023067 3.089743 3.155074 3.215157 3.268410 3.314244 3.352511 3.383294 3.406801 3.423330 3.433266 3.437188 3.436124 3.432906 3.432906 3.450097 3.476454 3.420944 3.335753 3.335753 3.231215 3.231215 3.251317 3.251317 3.283175 3.352648 3.352648 3.410917 3.410917 3.429910 3.429910 3.429910 3.408909 3.408909 3.389167 3.389167 3.383648 3.383648 3.391107 3.391107 3.403847 3.403847 3.403847 3.415437
2.779585 2.779585 2.733331 2.812020 2.828403 2.828403 2.842607 2.866062 2.866062 2.885249 2.885249 2.902039 2.909820 2.917268 2.925231 2.925231 3.049265 3.125020 3.197134 3.262565 3.320260 3.369958 3.411727 3.445760 3.472316 3.491680 3.504183 3.510260 3.510486 3.505365 3.505365 3.502634 3.479882 3.248544 3.131397 3.131397 3.094215 3.094215 3.177112 3.177112 3.225292 3.314725 3.314725 3.388194 3.388194 3.439607 3.439607 3.439607 3.436046 3.436046 3.420737 3.420737 3.409298 3.409298 3.406592 3.406592 3.409158 3.409158 3.409158 3.412190
2.777948 2.777948 2.733512 2.812009 2.828481 2.828481 2.842643 2.866056 2.866056 2.885255 2.885255 2.902050 2.909829 2.917274 2.925546 2.925546 3.085990 3.171543 3.249960 3.319642 3.380402 3.432514 3.476372 3.512374 3.540876 3.562196 3.576630 3.584469 3.585552 3.575972 3.575972 3.540976 3.426455 3.009995 2.926527 2.926527 2.995348 2.995348 3.117864 3.117864 3.174838 3.276483 3.276483 3.360514 3.360514 3.436258 3.436258 3.436258 3.449627 3.449627 3.442661 3.442661 3.429412 3.429412 3.418187 3.418187 3.410296 3.410296 3.410296 3.403937
2.775219 2.775219 2.734014 2.812108 2.828652 2.828652 2.842717 2.866050 2.866050 2.885265 2.885265 2.902069 2.909846 2.917288 2.925995 2.925995 3.136807 3.232586 3.316452 3.388921 3.451028 3.503778 3.548012 3.584402 3.613452 3.635547 3.650978 3.659842 3.660119 3.635445 3.635445 3.522847 3.251031 2.770031 2.775318 2.775318 2.923764 2.923764 3.064495 3.064495 3.125906 3.235614 3.235614 3.327198 3.327198 3.420612 3.420612 3.420612 3.448438 3.448438 3.451256 3.451256 3.439422 3.439422 3.422007 3.422007 3.404301 3.404301 3.404301 3.388435
2.771410 2.771410 2.737132 2.812168 2.828804 2.828804 2.842767 2.866034 2.866034 2.885273 2.885273 2.902086 2.909860 2.917298 2.926612 2.926612 3.207283 3.312823 3.400404 3.473460 3.534603 3.585747 3.628268 3.663146 3.691062 3.712482 3.727711 3.736320 3.729577 3.649220 3.649220 3.358006 2.923586 2.610622 2.674133 2.674133 2.857139 2.857139 3.006212 3.006212 3.070128 3.186208 3.186208 3.283413 3.283413 3.389536 3.389536 3.389536 3.428703 3.428703 3.440741 3.440741 3.431996 3.431996 3.410683 3.410683 3.384596 3.384596 3.384596 3.359962
