cruce_test.gid/Rasters/Hydraulic/Velocity____152.0.asc
NCOLS        79
NROWS        79
XLLCENTER         -1.500000
YLLCENTER         -4.800000
CELLSIZE           0.100
NODATA_VALUE     -9999.0
[rows 0 to 26 of 79, columns 0 to 59 of 79]
-9999.000 -9999.000 -9999.000 -9999.000 -9999.000 -9999.000 -9999.000 -9999.000 -9999.000 -9999.000 -9999.000 -9999.000 -9999.000 -9999.000 -9999.000 0.1126288 0.1115123 0.1115574 0.1118309 0.1122550 0.1127483 0.1132421 0.1137032 0.1140944 0.1143990 0.1146308 0.1148651 0.1153037 0.1165828 0.1174989 0.1174989 -9999.000 -9999.000 -9999.000 -9999.000 -9999.000 -9999.000 -9999.000 -9999.000 -9999.000 -9999.000 -9999.000 -9999.000 -9999.000 -9999.000 -9999.000 -9999.000 -9999.000 -9999.000 -9999.000 -9999.000 -9999.000 -9999.000 -9999.000 -9999.000 -9999.000 -9999.000 -9999.000 -9999.000 -9999.000
-9999.000 -9999.000 -9999.000 -9999.000 -9999.000 -9999.000 -9999.000 -9999.000 -9999.000 -9999.000 -9999.000 -9999.000 -9999.000 -9999.000 -9999.000 0.1102703 0.1080451 0.1081855 0.1088260 0.1097992 0.1109313 0.1120711 0.1131434 0.1140633 0.1147902 0.1153506 0.1159109 0.1169221 0.1197790 0.1222441 0.1222441 -9999.000 -9999.000 -9999.000 -9999.000 -9999.000 -9999.000 -9999.000 -9999.000 -9999.000 -9999.000 -9999.000 -9999.000 -9999.000 -9999.000 -9999.000 -9999.000 -9999.000 -9999.000 -9999.000 -9999.000 -9999.000 -9999.000 -9999.000 -9999.000 -9999.000 -9999.000 -9999.000 -9999.000 -9999.000
-9999.000 -9999.000 -9999.000 -9999.000 -9999.000 -9999.000 -9999.000 -9999.000 -9999.000 -9999.000 -9999.000 -9999.000 -9999.000 -9999.000 -9999.000 0.1063977 0.1031022 0.1033688 0.1044721 0.1061422 0.1081007 0.1101044 0.1120335 0.1137512 0.1151887 0.1163854 0.1176051 0.1195729 0.1245272 0.1293549 0.1293549 -9999.000 -9999.000 -9999.000 -9999.000 -9999.000 -9999.000 -9999.000 -9999.000 -9999.000 -9999.000 -9999.000 -9999.000 -9999.000 -9999.000 -9999.000 -9999.000 -9999.000 -9999.000 -9999.000 -9999.000 -9999.000 -9999.000 -9999.000 -9999.000 -9999.000 -9999.000 -9999.000 -9999.000 -9999.000
-9999.000 -9999.000 -9999.000 -9999.000 -9999.000 -9999.000 -9999.000 -9999.000 -9999.000 -9999.000 -9999.000 -9999.000 -9999.000 -9999.000 -9999.000 0.1018158 0.9758275E-01 0.9800508E-01 0.9961418E-01 0.1020379 0.1048919 0.1078405 0.1107236 0.1133526 0.1156284 0.1175980 0.1196198 0.1226954 0.1299494 0.1377317 0.1377317 -9999.000 -9999.000 -9999.000 -9999.000 -9999.000 -9999.000 -9999.000 -9999.000 -9999.000 -9999.000 -9999.000 -9999.000 -9999.000 -9999.000 -9999.000 -9999.000 -9999.000 -9999.000 -9999.000 -9999.000 -9999.000 -9999.000 -9999.000 -9999.000 -9999.000 -9999.000 -9999.000 -9999.000 -9999.000
-9999.000 -9999.000 -9999.000 -9999.000 -9999.000 -9999.000 -9999.000 -9999.000 -9999.000 -9999.000 -9999.000 -9999.000 -9999.000 -9999.000 -9999.000 0.9672915E-01 0.9166593E-01 0.9226876E-01 0.9441914E-01 0.9764040E-01 0.1014411 0.1053902 0.1092923 0.1129062 0.1161019 0.1189320 0.1218501 0.1261458 0.1358860 0.1472535 0.1472535 -9999.000 -9999.000 -9999.000 -9999.000 -9999.000 -9999.000 -9999.000 -9999.000 -9999.000 -9999.000 -9999.000 -9999.000 -9999.000 -9999.000 -9999.000 -9999.000 -9999.000 -9999.000 -9999.000 -9999.000 -9999.000 -9999.000 -9999.000 -9999.000 -9999.000 -9999.000 -9999.000 -9999.000 -9999.000
-9999.000 -9999.000 -9999.000 -9999.000 -9999.000 -9999.000 -9999.000 -9999.000 -9999.000 -9999.000 -9999.000 -9999.000 -9999.000 -9999.000 -9999.000 0.9122770E-01 0.8543928E-01 0.8625243E-01 0.8898169E-01 0.9304287E-01 0.9783486E-01 0.1028281 0.1077972 0.1124484 0.1166202 0.1203706 0.1242525 0.1298589 0.1422726 0.1579449 0.1579449 -9999.000 -9999.000 -9999.000 -9999.000 -9999.000 -9999.000 -9999.000 -9999.000 -9999.000 -9999.000 -9999.000 -9999.000 -9999.000 -9999.000 -9999.000 -9999.000 -9999.000 -9999.000 -9999.000 -9999.000 -9999.000 -9999.000 -9999.000 -9999.000 -9999.000 -9999.000 -9999.000 -9999.000 -9999.000
-9999.000 -9999.000 -9999.000 -9999.000 -9999.000 -9999.000 -9999.000 -9999.000 -9999.000 -9999.000 -9999.000 -9999.000 -9999.000 -9999.000 -9999.000 0.8533891E-01 0.7893979E-01 0.8000252E-01 0.8335482E-01 0.8830128E-01 0.9412698E-01 0.1002012 0.1062758 0.1120045 0.1171941 0.1219090 0.1268071 0.1338055 0.1490919 0.1699293 0.1699293 -9999.000 -9999.000 -9999.000 -9999.000 -9999.000 -9999.000 -9999.000 -9999.000 -9999.000 -9999.000 -9999.000 -9999.000 -9999.000 -9999.000 -9999.000 -9999.000 -9999.000 -9999.000 -9999.000 -9999.000 -9999.000 -9999.000 -9999.000 -9999.000 -9999.000 -9999.000 -9999.000 -9999.000 -9999.000
-9999.000 -9999.000 -9999.000 -9999.000 -9999.000 -9999.000 -9999.000 -9999.000 -9999.000 -9999.000 -9999.000 -9999.000 -9999.000 -9999.000 -9999.000 0.7905526E-01 0.7217682E-01 0.7354195E-01 0.7757220E-01 0.8345326E-01 0.9035442E-01 0.9754132E-01 0.1047538 0.1115921 0.1178322 0.1235456 0.1295037 0.1379723 0.1563527 0.1834125 0.1834125 -9999.000 -9999.000 -9999.000 -9999.000 -9999.000 -9999.000 -9999.000 -9999.000 -9999.000 -9999.000 -9999.000 -9999.000 -9999.000 -9999.000 -9999.000 -9999.000 -9999.000 -9999.000 -9999.000 -9999.000 -9999.000 -9999.000 -9999.000 -9999.000 -9999.000 -9999.000 -9999.000 -9999.000 -9999.000
-9999.000 -9999.000 -9999.000 -9999.000 -9999.000 -9999.000 -9999.000 -9999.000 -9999.000 -9999.000 -9999.000 -9999.000 -9999.000 -9999.000 -9999.000 0.7234953E-01 0.6514671E-01 0.6688649E-01 0.7166322E-01 0.7853280E-01 0.8654882E-01 0.9487489E-01 0.1032512 0.1112248 0.1185411 0.1252804 0.1323364 0.1423538 0.1640780 0.1986891 0.1986891 -9999.000 -9999.000 -9999.000 -9999.000 -9999.000 -9999.000 -9999.000 -9999.000 -9999.000 -9999.000 -9999.000 -9999.000 -9999.000 -9999.000 -9999.000 -9999.000 -9999.000 -9999.000 -9999.000 -9999.000 -9999.000 -9999.000 -9999.000 -9999.000 -9999.000 -9999.000 -9999.000 -9999.000 -9999.000
-9999.000 -9999.000 -9999.000 -9999.000 -9999.000 -9999.000 -9999.000 -9999.000 -9999.000 -9999.000 -9999.000 -9999.000 -9999.000 -9999.000 -9999.000 0.6518194E-01 0.5784185E-01 0.6005790E-01 0.6566834E-01 0.7358358E-01 0.8274821E-01 0.9223130E-01 0.1017900 0.1109176 0.1193294 0.1271148 0.1353019 0.1469489 0.1723018 0.2161652 0.2161652 -9999.000 -9999.000 -9999.000 -9999.000 -9999.000 -9999.000 -9999.000 -9999.000 -9999.000 -9999.000 -9999.000 -9999.000 -9999.000 -9999.000 -9999.000 -9999.000 -9999.000 -9999.000 -9999.000 -9999.000 -9999.000 -9999.000 -9999.000 -9999.000 -9999.000 -9999.000 -9999.000 -9999.000 -9999.000
-9999.000 -9999.000 -9999.000 -9999.000 -9999.000 -9999.000 -9999.000 -9999.000 -9999.000 -9999.000 -9999.000 -9999.000 -9999.000 -9999.000 -9999.000 0.5750324E-01 0.5025939E-01 0.5310077E-01 0.5965639E-01 0.6867318E-01 0.7900834E-01 0.8965371E-01 0.1004031 0.1106944 0.1202122 0.1290568 0.1384029 0.1517616 0.1810669 0.2364026 0.2364026 -9999.000 -9999.000 -9999.000 -9999.000 -9999.000 -9999.000 -9999.000 -9999.000 -9999.000 -9999.000 -9999.000 -9999.000 -9999.000 -9999.000 -9999.000 -9999.000 -9999.000 -9999.000 -9999.000 -9999.000 -9999.000 -9999.000 -9999.000 -9999.000 -9999.000 -9999.000 -9999.000 -9999.000 -9999.000
-9999.000 -9999.000 -9999.000 -9999.000 -9999.000 -9999.000 -9999.000 -9999.000 -9999.000 -9999.000 -9999.000 -9999.000 -9999.000 -9999.000 -9999.000 0.4925631E-01 0.4241991E-01 0.4611441E-01 0.5375474E-01 0.6391571E-01 0.7541961E-01 0.8721250E-01 0.9914564E-01 0.1105983 0.1212225 0.1311298 0.1416551 0.1568073 0.1904304 0.2601934 0.2601934 -9999.000 -9999.000 -9999.000 -9999.000 -9999.000 -9999.000 -9999.000 -9999.000 -9999.000 -9999.000 -9999.000 -9999.000 -9999.000 -9999.000 -9999.000 -9999.000 -9999.000 -9999.000 -9999.000 -9999.000 -9999.000 -9999.000 -9999.000 -9999.000 -9999.000 -9999.000 -9999.000 -9999.000 -9999.000
-9999.000 -9999.000 -9999.000 -9999.000 -9999.000 -9999.000 -9999.000 -9999.000 -9999.000 -9999.000 -9999.000 -9999.000 -9999.000 -9999.000 -9999.000 0.4037702E-01 0.3441228E-01 0.3932452E-01 0.4820552E-01 0.5950981E-01 0.7213512E-01 0.8502958E-01 0.9811828E-01 0.1107137 0.1224314 0.1333928 0.1451066 0.1621277 0.2004711 0.2886885 0.2886885 -9999.000 -9999.000 -9999.000 -9999.000 -9999.000 -9999.000 -9999.000 -9999.000 -9999.000 -9999.000 -9999.000 -9999.000 -9999.000 -9999.000 -9999.000 -9999.000 -9999.000 -9999.000 -9999.000 -9999.000 -9999.000 -9999.000 -9999.000 -9999.000 -9999.000 -9999.000 -9999.000 -9999.000 -9999.000
-9999.000 -9999.000 -9999.000 -9999.000 -9999.000 -9999.000 -9999.000 -9999.000 -9999.000 -9999.000 -9999.000 -9999.000 -9999.000 -9999.000 -9999.000 0.3078350E-01 0.2657977E-01 0.3333656E-01 0.4358210E-01 0.5592076E-01 0.6952737E-01 0.8341365E-01 0.9758166E-01 0.1112645 0.1240343 0.1360179 0.1489076 0.1678503 0.2113304 0.3236454 0.3236454 -9999.000 -9999.000 -9999.000 -9999.000 -9999.000 -9999.000 -9999.000 -9999.000 -9999.000 -9999.000 -9999.000 -9999.000 -9999.000 -9999.000 -9999.000 -9999.000 -9999.000 -9999.000 -9999.000 -9999.000 -9999.000 -9999.000 -9999.000 -9999.000 -9999.000 -9999.000 -9999.000 -9999.000 -9999.000
-9999.000 -9999.000 -9999.000 -9999.000 -9999.000 -9999.000 -9999.000 -9999.000 -9999.000 -9999.000 -9999.000 -9999.000 -9999.000 -9999.000 -9999.000 0.2424728E-01 0.3558297E-01 0.4885870E-01 0.6031443E-01 0.7112670E-01 0.8215532E-01 0.9342593E-01 0.1053750 0.1174018 0.1290631 0.1404257 0.1532960 0.1734347 0.2221648 0.3651236 0.3651236 -9999.000 -9999.000 -9999.000 -9999.000 -9999.000 -9999.000 -9999.000 -9999.000 -9999.000 -9999.000 -9999.000 -9999.000 -9999.000 -9999.000 -9999.000 -9999.000 -9999.000 -9999.000 -9999.000 -9999.000 -9999.000 -9999.000 -9999.000 -9999.000 -9999.000 -9999.000 -9999.000 -9999.000 -9999.000
2.518538 2.518538 2.561172 2.601850 2.607568 2.607568 2.610922 2.613611 2.613611 2.612956 2.612956 2.610088 2.608030 2.605630 2.602929 2.602929 2.598868 2.587372 2.566272 2.531746 2.480851 2.411273 2.323792 2.218301 2.096068 1.959590 1.814105 1.671717 1.559783 1.549317 1.549317 2.342906 2.494378 2.566915 2.582435 2.582435 2.595972 2.595972 2.550096 2.550096 2.491790 2.276145 2.276145 1.831733 1.831733 1.708119 1.708119 1.708119 1.728332 1.728332 1.771826 1.771826 1.819678 1.819678 1.864301 1.864301 1.901935 1.901935 1.901935 1.929313
2.535461 2.535461 2.592721 2.648649 2.664880 2.664880 2.678722 2.702268 2.702268 2.722300 2.722300 2.739956 2.748097 2.755854 2.763265 2.763265 2.769955 2.774138 2.779157 2.782239 2.780617 2.771508 2.752845 2.722199 2.677555 2.617512 2.541885 2.450518 2.361001 2.315497 2.315497 2.745173 2.890481 3.022924 3.056446 3.056446 3.088150 3.088150 3.072330 3.072330 3.041322 2.918050 2.918050 2.641846 2.641846 2.492334 2.492334 2.492334 2.512062 2.512062 2.555615 2.555615 2.604821 2.604821 2.652359 2.652359 2.693604 2.693604 2.693604 2.726299
2.539330 2.539330 2.596741 2.648945 2.665356 2.665356 2.679433 2.703489 2.703489 2.724089 2.724089 2.742399 2.750903 2.759044 2.766862 2.766862 2.776417 2.787296 2.801869 2.817000 2.830269 2.839835 2.844504 2.842894 2.833499 2.814771 2.785530 2.744927 2.700764 2.677268 2.677268 2.932489 3.069886 3.222733 3.264591 3.264591 3.299209 3.299209 3.274173 3.274173 3.240098 3.137728 3.137728 2.951332 2.951332 2.790815 2.790815 2.790815 2.796632 2.796632 2.831476 2.831476 2.874129 2.874129 2.915592 2.915592 2.951864 2.951864 2.951864 2.980969
2.542421 2.542421 2.599838 2.648870 2.665253 2.665253 2.679375 2.703498 2.703498 2.724116 2.724116 2.742434 2.750943 2.759092 2.766919 2.766919 2.780387 2.797257 2.819108 2.841926 2.862970 2.880548 2.893835 2.902264 2.905313 2.902394 2.892965 2.876522 2.857539 2.851730 2.851730 3.010876 3.134159 3.290952 3.334753 3.334753 3.359934 3.359934 3.315938 3.315938 3.278657 3.199117 3.199117 3.083903 3.083903 2.932858 2.932858 2.932858 2.922709 2.922709 2.947961 2.947961 2.985082 2.985082 3.022825 3.022825 3.056322 3.056322 3.056322 3.083194
2.544788 2.544788 2.602201 2.648818 2.665145 2.665145 2.679304 2.703491 2.703491 2.724120 2.724120 2.742433 2.750939 2.759086 2.766913 2.766913 2.786474 2.809834 2.838802 2.868678 2.896444 2.920341 2.939519 2.953599 2.962444 2.966029 2.964451 2.957874 2.949489 2.950247 2.950247 3.053923 3.158877 3.304340 3.339697 3.339697 3.335422 3.335422 3.273442 3.273442 3.241903 3.197683 3.197683 3.143079 3.143079 3.021748 3.021748 3.021748 2.997212 2.997212 3.010149 3.010149 3.039881 3.039881 3.073296 3.073296 3.103780 3.103780 3.103780 3.128186
2.546458 2.546458 2.603864 2.648789 2.665056 2.665056 2.679242 2.703485 2.703485 2.724124 2.724124 2.742431 2.750936 2.759082 2.766907 2.766907 2.795420 2.826031 2.862134 2.898671 2.932592 2.962174 2.986541 3.005321 3.018440 3.026024 3.028399 3.026076 3.021536 3.022702 3.022702 3.089632 3.172933 3.286285 3.297799 3.297799 3.248457 3.248457 3.188564 3.188564 3.174638 3.172468 3.172468 3.165286 3.165286 3.085669 3.085669 3.085669 3.053570 3.053570 3.053836 3.053836 3.074070 3.074070 3.101367 3.101367 3.127567 3.127567 3.127567 3.148576
2.547450 2.547450 2.604855 2.648776 2.664998 2.664998 2.679200 2.703482 2.703482 2.724128 2.724128 2.742432 2.750935 2.759080 2.766906 2.766906 2.808086 2.846865 2.890182 2.932985 2.972452 3.007050 3.035992 3.058930 3.075790 3.086694 3.091970 3.092172 3.089172 3.088537 3.088537 3.128830 3.186627 3.234977 3.204915 3.204915 3.119715 3.119715 3.093378 3.093378 3.103444 3.139602 3.139602 3.166423 3.166423 3.130920 3.130920 3.130920 3.100394 3.100394 3.090942 3.090942 3.100733 3.100733 3.120073 3.120073 3.140363 3.140363 3.140363 3.156769
2.547780 2.547780 2.605183 2.648772 2.664977 2.664977 2.679184 2.703480 2.703480 2.724129 2.724129 2.742431 2.750934 2.759079 2.766904 2.766904 2.825647 2.873599 2.924213 2.972846 3.017162 3.055977 3.088715 3.115131 3.135182 3.148970 3.156757 3.159007 3.156999 3.154116 3.154116 3.173072 3.197684 3.131625 3.055564 3.055564 2.980481 2.980481 3.011102 3.011102 3.042216 3.106206 3.106206 3.155919 3.155919 3.159984 3.159984 3.159984 3.138732 3.138732 3.124723 3.124723 3.124945 3.124945 3.135081 3.135081 3.147849 3.147849 3.147849 3.158360
2.547450 2.547450 2.604854 2.648776 2.664997 2.664997 2.679199 2.703481 2.703481 2.724128 2.724128 2.742432 2.750935 2.759080 2.766905 2.766905 2.849751 2.907868 2.965775 3.019700 3.068036 3.110114 3.145680 3.174682 3.197165 3.213248 3.223134 3.227157 3.225992 3.220350 3.220350 3.217133 3.188623 2.959520 2.868350 2.868350 2.861964 2.861964 2.945240 2.945240 2.990191 3.072140 3.072140 3.137336 3.137336 3.173800 3.173800 3.173800 3.166231 3.166231 3.153160 3.153160 3.146331 3.146331 3.147087 3.147087 3.151155 3.151155 3.151155 3.154674
2.546458 2.546458 2.603864 2.648790 2.665056 2.665056 2.679241 2.703485 2.703485 2.724125 2.724125 2.742431 2.750937 2.759083 2.766907 2.766907 2.882756 2.951869 3.016839 3.075289 3.126605 3.170783 3.207998 3.238469 3.262393 3.279946 3.291315 3.296698 3.295909 3.284636 3.284636 3.244419 3.117760 2.737760 2.690964 2.690964 2.775186 2.775186 2.890861 2.890861 2.943522 3.036952 3.036952 3.112948 3.112948 3.174359 3.174359 3.174359 3.181478 3.181478 3.173547 3.173547 3.162939 3.162939 3.155186 3.155186 3.150016 3.150016 3.150016 3.145802
2.544788 2.544788 2.602201 2.648819 2.665145 2.665145 2.679303 2.703492 2.703492 2.724121 2.724121 2.742432 2.750939 2.759086 2.766913 2.766913 2.928144 3.008672 3.079997 3.141777 3.194671 3.239482 3.276906 3.307488 3.331622 3.349587 3.361584 3.367626 3.365498 3.336981 3.336981 3.209953 2.927580 2.531011 2.563893 2.563893 2.709311 2.709311 2.840683 2.840683 2.897523 2.998889 2.998889 3.082583 3.082583 3.162342 3.162342 3.162342 3.182777 3.182777 3.182149 3.182149 3.170795 3.170795 3.156192 3.156192 3.142063 3.142063 3.142063 3.129971
2.542421 2.542421 2.599838 2.648870 2.665253 2.665253 2.679375 2.703499 2.703499 2.724116 2.724116 2.742434 2.750944 2.759092 2.766919 2.766919 2.991285 3.082714 3.158768 3.221915 3.274384 3.317902 3.353736 3.382787 3.405662 3.422756 3.434309 3.439811 3.429865 3.340836 3.340836 3.026023 2.605145 2.400805 2.471352 2.471352 2.645499 2.645499 2.785220 2.785220 2.844629 2.952483 2.952483 3.041911 3.041911 3.134975 3.134975 3.134975 3.166282 3.166282 3.173187 3.173187 3.162979 3.162979 3.143474 3.143474 3.121462 3.121462 3.121462 3.102084
