cruce_test.gid/Rasters/Hydraulic/Velocity__y_239.0.asc
NCOLS        79
NROWS        79
XLLCENTER         -1.500000
YLLCENTER         -4.800000
CELLSIZE           0.100
NODATA_VALUE     -9999.0
[rows 0 to 26 of 79, columns 0 to 58 of 79]
-9999.000 -9999.000 -9999.000 -9999.000 -9999.000 -9999.000 -9999.000 -9999.000 -9999.000 -9999.000 -9999.000 -9999.000 -9999.000 -9999.000 -9999.000 -0.9041379E-01 -0.8730245E-01 -0.8602655E-01 -0.8558343E-01 -0.8605868E-01 -0.8684056E-01 -0.8766333E-01 -0.8846791E-01 -0.8917183E-01 -0.8977758E-01 -0.9031124E-01 -0.9080632E-01 -0.9143242E-01 -0.9278063E-01 -0.9416829E-01 -0.9416829E-01 -9999.000 -9999.000 -9999.000 -9999.000 -9999.000 -9999.000 -9999.000 -9999.000 -9999.000 -9999.000 -9999.000 -9999.000 -9999.000 -9999.000 -9999.000 -9999.000 -9999.000 -9999.000 -9999.000 -9999.000 -9999.000 -9999.000 -9999.000 -9999.000 -9999.000 -9999.000 -9999.000 -9999.000
-9999.000 -9999.000 -9999.000 -9999.000 -9999.000 -9999.000 -9999.000 -9999.000 -9999.000 -9999.000 -9999.000 -9999.000 -9999.000 -9999.000 -9999.000 -0.9102427E-01 -0.8449657E-01 -0.8177165E-01 -0.8084636E-01 -0.8191361E-01 -0.8367783E-01 -0.8556499E-01 -0.8743796E-01 -0.8911093E-01 -0.9057999E-01 -0.9189342E-01 -0.9311510E-01 -0.9459675E-01 -0.9757269E-01 -0.1009149 -0.1009149 -9999.000 -9999.000 -9999.000 -9999.000 -9999.000 -9999.000 -9999.000 -9999.000 -9999.000 -9999.000 -9999.000 -9999.000 -9999.000 -9999.000 -9999.000 -9999.000 -9999.000 -9999.000 -9999.000 -9999.000 -9999.000 -9999.000 -9999.000 -9999.000 -9999.000 -9999.000 -9999.000 -9999.000
-9999.000 -9999.000 -9999.000 -9999.000 -9999.000 -9999.000 -9999.000 -9999.000 -9999.000 -9999.000 -9999.000 -9999.000 -9999.000 -9999.000 -9999.000 -0.9065804E-01 -0.8040386E-01 -0.7602378E-01 -0.7459696E-01 -0.7644957E-01 -0.7949959E-01 -0.8280975E-01 -0.8614097E-01 -0.8917460E-01 -0.9188829E-01 -0.9434408E-01 -0.9663087E-01 -0.9929969E-01 -0.1043147 -0.1103626 -0.1103626 -9999.000 -9999.000 -9999.000 -9999.000 -9999.000 -9999.000 -9999.000 -9999.000 -9999.000 -9999.000 -9999.000 -9999.000 -9999.000 -9999.000 -9999.000 -9999.000 -9999.000 -9999.000 -9999.000 -9999.000 -9999.000 -9999.000 -9999.000 -9999.000 -9999.000 -9999.000 -9999.000 -9999.000
-9999.000 -9999.000 -9999.000 -9999.000 -9999.000 -9999.000 -9999.000 -9999.000 -9999.000 -9999.000 -9999.000 -9999.000 -9999.000 -9999.000 -9999.000 -0.8977904E-01 -0.7581367E-01 -0.6978056E-01 -0.6789111E-01 -0.7060841E-01 -0.7503867E-01 -0.7987478E-01 -0.8477549E-01 -0.8928122E-01 -0.9334949E-01 -0.9705269E-01 -0.1005008 -0.1044494 -0.1116281 -0.1208649 -0.1208649 -9999.000 -9999.000 -9999.000 -9999.000 -9999.000 -9999.000 -9999.000 -9999.000 -9999.000 -9999.000 -9999.000 -9999.000 -9999.000 -9999.000 -9999.000 -9999.000 -9999.000 -9999.000 -9999.000 -9999.000 -9999.000 -9999.000 -9999.000 -9999.000 -9999.000 -9999.000 -9999.000 -9999.000
-9999.000 -9999.000 -9999.000 -9999.000 -9999.000 -9999.000 -9999.000 -9999.000 -9999.000 -9999.000 -9999.000 -9999.000 -9999.000 -9999.000 -9999.000 -0.8861056E-01 -0.7090393E-01 -0.6320336E-01 -0.6086878E-01 -0.6450494E-01 -0.7037831E-01 -0.7680582E-01 -0.8334548E-01 -0.8938945E-01 -0.9487747E-01 -0.9989155E-01 -0.1045611 -0.1098580 -0.1193243 -0.1322712 -0.1322712 -9999.000 -9999.000 -9999.000 -9999.000 -9999.000 -9999.000 -9999.000 -9999.000 -9999.000 -9999.000 -9999.000 -9999.000 -9999.000 -9999.000 -9999.000 -9999.000 -9999.000 -9999.000 -9999.000 -9999.000 -9999.000 -9999.000 -9999.000 -9999.000 -9999.000 -9999.000 -9999.000 -9999.000
-9999.000 -9999.000 -9999.000 -9999.000 -9999.000 -9999.000 -9999.000 -9999.000 -9999.000 -9999.000 -9999.000 -9999.000 -9999.000 -9999.000 -9999.000 -0.8722051E-01 -0.6573523E-01 -0.5635139E-01 -0.5358357E-01 -0.5818527E-01 -0.6555173E-01 -0.7361897E-01 -0.8184895E-01 -0.8947790E-01 -0.9643112E-01 -0.1028017 -0.1087380 -0.1154430 -0.1273308 -0.1445972 -0.1445972 -9999.000 -9999.000 -9999.000 -9999.000 -9999.000 -9999.000 -9999.000 -9999.000 -9999.000 -9999.000 -9999.000 -9999.000 -9999.000 -9999.000 -9999.000 -9999.000 -9999.000 -9999.000 -9999.000 -9999.000 -9999.000 -9999.000 -9999.000 -9999.000 -9999.000 -9999.000 -9999.000 -9999.000
-9999.000 -9999.000 -9999.000 -9999.000 -9999.000 -9999.000 -9999.000 -9999.000 -9999.000 -9999.000 -9999.000 -9999.000 -9999.000 -9999.000 -9999.000 -0.8560897E-01 -0.6031554E-01 -0.4923652E-01 -0.4604951E-01 -0.5166379E-01 -0.6056926E-01 -0.7031763E-01 -0.8028179E-01 -0.8953248E-01 -0.9798738E-01 -0.1057520 -0.1129937 -0.1211657 -0.1356269 -0.1579520 -0.1579520 -9999.000 -9999.000 -9999.000 -9999.000 -9999.000 -9999.000 -9999.000 -9999.000 -9999.000 -9999.000 -9999.000 -9999.000 -9999.000 -9999.000 -9999.000 -9999.000 -9999.000 -9999.000 -9999.000 -9999.000 -9999.000 -9999.000 -9999.000 -9999.000 -9999.000 -9999.000 -9999.000 -9999.000
-9999.000 -9999.000 -9999.000 -9999.000 -9999.000 -9999.000 -9999.000 -9999.000 -9999.000 -9999.000 -9999.000 -9999.000 -9999.000 -9999.000 -9999.000 -0.8374322E-01 -0.5462779E-01 -0.4184844E-01 -0.3826093E-01 -0.4494002E-01 -0.5543006E-01 -0.6689822E-01 -0.7863669E-01 -0.8954050E-01 -0.9952845E-01 -0.1087206 -0.1173032 -0.1270035 -0.1442137 -0.1725132 -0.1725132 -9999.000 -9999.000 -9999.000 -9999.000 -9999.000 -9999.000 -9999.000 -9999.000 -9999.000 -9999.000 -9999.000 -9999.000 -9999.000 -9999.000 -9999.000 -9999.000 -9999.000 -9999.000 -9999.000 -9999.000 -9999.000 -9999.000 -9999.000 -9999.000 -9999.000 -9999.000 -9999.000 -9999.000
-9999.000 -9999.000 -9999.000 -9999.000 -9999.000 -9999.000 -9999.000 -9999.000 -9999.000 -9999.000 -9999.000 -9999.000 -9999.000 -9999.000 -9999.000 -0.8157153E-01 -0.4864091E-01 -0.3416427E-01 -0.3020199E-01 -0.3800456E-01 -0.5012669E-01 -0.6335163E-01 -0.7690330E-01 -0.8948718E-01 -0.1010360 -0.1116860 -0.1216433 -0.1329378 -0.1531011 -0.1885263 -0.1885263 -9999.000 -9999.000 -9999.000 -9999.000 -9999.000 -9999.000 -9999.000 -9999.000 -9999.000 -9999.000 -9999.000 -9999.000 -9999.000 -9999.000 -9999.000 -9999.000 -9999.000 -9999.000 -9999.000 -9999.000 -9999.000 -9999.000 -9999.000 -9999.000 -9999.000 -9999.000 -9999.000 -9999.000
-9999.000 -9999.000 -9999.000 -9999.000 -9999.000 -9999.000 -9999.000 -9999.000 -9999.000 -9999.000 -9999.000 -9999.000 -9999.000 -9999.000 -9999.000 -0.7902726E-01 -0.4231368E-01 -0.2615271E-01 -0.2184898E-01 -0.3084262E-01 -0.4464649E-01 -0.5966410E-01 -0.7506614E-01 -0.8935336E-01 -0.1024873 -0.1146230 -0.1259865 -0.1389458 -0.1623004 -0.2063173 -0.2063173 -9999.000 -9999.000 -9999.000 -9999.000 -9999.000 -9999.000 -9999.000 -9999.000 -9999.000 -9999.000 -9999.000 -9999.000 -9999.000 -9999.000 -9999.000 -9999.000 -9999.000 -9999.000 -9999.000 -9999.000 -9999.000 -9999.000 -9999.000 -9999.000 -9999.000 -9999.000 -9999.000 -9999.000
-9999.000 -9999.000 -9999.000 -9999.000 -9999.000 -9999.000 -9999.000 -9999.000 -9999.000 -9999.000 -9999.000 -9999.000 -9999.000 -9999.000 -9999.000 -0.7602924E-01 -0.3559412E-01 -0.1777288E-01 -0.1317036E-01 -0.2343250E-01 -0.3897073E-01 -0.5581592E-01 -0.7310469E-01 -0.8911332E-01 -0.1038527 -0.1174980 -0.1302956 -0.1449961 -0.1718209 -0.2263227 -0.2263227 -9999.000 -9999.000 -9999.000 -9999.000 -9999.000 -9999.000 -9999.000 -9999.000 -9999.000 -9999.000 -9999.000 -9999.000 -9999.000 -9999.000 -9999.000 -9999.000 -9999.000 -9999.000 -9999.000 -9999.000 -9999.000 -9999.000 -9999.000 -9999.000 -9999.000 -9999.000 -9999.000 -9999.000
-9999.000 -9999.000 -9999.000 -9999.000 -9999.000 -9999.000 -9999.000 -9999.000 -9999.000 -9999.000 -9999.000 -9999.000 -9999.000 -9999.000 -9999.000 -0.7247858E-01 -0.2841765E-01 -0.8972785E-02 -0.4124829E-02 -0.1574505E-01 -0.3307362E-01 -0.5177971E-01 -0.7098958E-01 -0.8873149E-01 -0.1050906 -0.1202639 -0.1345185 -0.1510414 -0.1816623 -0.2491360 -0.2491360 -9999.000 -9999.000 -9999.000 -9999.000 -9999.000 -9999.000 -9999.000 -9999.000 -9999.000 -9999.000 -9999.000 -9999.000 -9999.000 -9999.000 -9999.000 -9999.000 -9999.000 -9999.000 -9999.000 -9999.000 -9999.000 -9999.000 -9999.000 -9999.000 -9999.000 -9999.000 -9999.000 -9999.000
-9999.000 -9999.000 -9999.000 -9999.000 -9999.000 -9999.000 -9999.000 -9999.000 -9999.000 -9999.000 -9999.000 -9999.000 -9999.000 -9999.000 -9999.000 -0.6823298E-01 -0.2068481E-01 0.3288544E-03 0.5345369E-02 -0.7745000E-02 -0.2692389E-01 -0.4752247E-01 -0.6868533E-01 -0.8816292E-01 -0.1061469 -0.1228574 -0.1385821 -0.1570115 -0.1918106 -0.2755857 -0.2755857 -9999.000 -9999.000 -9999.000 -9999.000 -9999.000 -9999.000 -9999.000 -9999.000 -9999.000 -9999.000 -9999.000 -9999.000 -9999.000 -9999.000 -9999.000 -9999.000 -9999.000 -9999.000 -9999.000 -9999.000 -9999.000 -9999.000 -9999.000 -9999.000 -9999.000 -9999.000 -9999.000 -9999.000
-9999.000 -9999.000 -9999.000 -9999.000 -9999.000 -9999.000 -9999.000 -9999.000 -9999.000 -9999.000 -9999.000 -9999.000 -9999.000 -9999.000 -9999.000 -0.6216787E-01 -0.1154664E-01 0.1065423E-01 0.1529014E-01 0.3868474E-03 -0.2072204E-01 -0.4323684E-01 -0.6636284E-01 -0.8754215E-01 -0.1071192 -0.1253388 -0.1425109 -0.1629145 -0.2023277 -0.3069865 -0.3069865 -9999.000 -9999.000 -9999.000 -9999.000 -9999.000 -9999.000 -9999.000 -9999.000 -9999.000 -9999.000 -9999.000 -9999.000 -9999.000 -9999.000 -9999.000 -9999.000 -9999.000 -9999.000 -9999.000 -9999.000 -9999.000 -9999.000 -9999.000 -9999.000 -9999.000 -9999.000 -9999.000 -9999.000
-9999.000 -9999.000 -9999.000 -9999.000 -9999.000 -9999.000 -9999.000 -9999.000 -9999.000 -9999.000 -9999.000 -9999.000 -9999.000 -9999.000 -9999.000 -0.5967180E-02 0.1697894E-01 0.2293252E-01 0.1546659E-01 -0.4264823E-02 -0.2542000E-01 -0.4786361E-01 -0.7108031E-01 -0.9226956E-01 -0.1120224 -0.1305888 -0.1482658 -0.1699535 -0.2136935 -0.3431498 -0.3431498 -9999.000 -9999.000 -9999.000 -9999.000 -9999.000 -9999.000 -9999.000 -9999.000 -9999.000 -9999.000 -9999.000 -9999.000 -9999.000 -9999.000 -9999.000 -9999.000 -9999.000 -9999.000 -9999.000 -9999.000 -9999.000 -9999.000 -9999.000 -9999.000 -9999.000 -9999.000 -9999.000 -9999.000
-0.3887374E-02 -0.3887374E-02 -0.5527595E-02 -0.7198538E-02 -0.6716319E-02 -0.6716319E-02 -0.6555970E-02 -0.6496742E-02 -0.6496742E-02 -0.6484397E-02 -0.6484397E-02 -0.6461080E-02 -0.6446308E-02 -0.6430070E-02 -0.6417623E-02 -0.6417623E-02 0.3613872E-01 0.3162534E-01 0.1643402E-01 -0.6676334E-02 -0.3388085E-01 -0.6414843E-01 -0.9639742E-01 -0.1288338 -0.1603422 -0.1901278 -0.2176433 -0.2442029 -0.2772295 -0.3512098 -0.3512098 -0.1975532 -0.1077302 -0.3859564E-01 -0.2922523E-01 -0.2922523E-01 -0.2244885E-01 -0.2244885E-01 -0.1055805E-01 -0.1055805E-01 0.4490401E-03 0.2656235E-01 0.2656235E-01 0.2576802E-01 0.2576802E-01 -0.3789243E-02 -0.3789243E-02 -0.3789243E-02 -0.7276859E-03 -0.7276859E-03 0.9674948E-04 0.9674948E-04 -0.5761229E-03 -0.5761229E-03 -0.1765233E-02 -0.1765233E-02 -0.2969488E-02 -0.2969488E-02 -0.2969488E-02
-0.5648402E-02 -0.5648402E-02 -0.7688550E-02 -0.1056672E-01 -0.9560832E-02 -0.9560832E-02 -0.9206992E-02 -0.9117138E-02 -0.9117138E-02 -0.9137942E-02 -0.9137942E-02 -0.9130889E-02 -0.9121240E-02 -0.9108654E-02 -0.9119539E-02 -0.9119539E-02 0.3013710E-01 0.2670048E-01 0.1135415E-01 -0.1397951E-01 -0.4851899E-01 -0.8977385E-01 -0.1356194 -0.1844408 -0.2341890 -0.2829997 -0.3292319 -0.3710576 -0.4062347 -0.4306735 -0.4306735 -0.2944895 -0.1976301 -0.1047164 -0.8624393E-01 -0.8624393E-01 -0.6292149E-01 -0.6292149E-01 -0.2205546E-01 -0.2205546E-01 0.1103252E-01 0.8365721E-01 0.8365721E-01 0.9759201E-01 0.9759201E-01 0.1968290E-01 0.1968290E-01 0.1968290E-01 0.7559063E-02 0.7559063E-02 0.1413172E-02 0.1413172E-02 -0.3178295E-02 -0.3178295E-02 -0.6998148E-02 -0.6998148E-02 -0.9919846E-02 -0.9919846E-02 -0.9919846E-02
-0.3962254E-02 -0.3962254E-02 -0.5412622E-02 -0.9347108E-02 -0.8287099E-02 -0.8287099E-02 -0.7807327E-02 -0.7675405E-02 -0.7675405E-02 -0.7734532E-02 -0.7734532E-02 -0.7757920E-02 -0.7761272E-02 -0.7761095E-02 -0.7820763E-02 -0.7820763E-02 0.1999818E-01 0.1697133E-01 0.2000669E-02 -0.2342677E-01 -0.5850786E-01 -0.1014876 -0.1506014 -0.2044406 -0.2613689 -0.3197056 -0.3777947 -0.4336316 -0.4842770 -0.5231538 -0.5231538 -0.4351291 -0.3515566 -0.2362372 -0.1992369 -0.1992369 -0.1337457 -0.1337457 -0.3493645E-01 -0.3493645E-01 0.3202511E-01 0.1613102 0.1613102 0.2042966 0.2042966 0.8051549E-01 0.8051549E-01 0.8051549E-01 0.3115211E-01 0.3115211E-01 0.5674534E-02 0.5674534E-02 -0.8588589E-02 -0.8588589E-02 -0.1743615E-01 -0.1743615E-01 -0.2273477E-01 -0.2273477E-01 -0.2273477E-01
-0.2303731E-02 -0.2303731E-02 -0.4222012E-02 -0.7806846E-02 -0.6793737E-02 -0.6793737E-02 -0.6283307E-02 -0.6122770E-02 -0.6122770E-02 -0.6185139E-02 -0.6185139E-02 -0.6209724E-02 -0.6212529E-02 -0.6212548E-02 -0.6314500E-02 -0.6314500E-02 0.9937805E-02 0.4955512E-02 -0.1107289E-01 -0.3721484E-01 -0.7266137E-01 -0.1161143 -0.1661346 -0.2214825 -0.2808652 -0.3429483 -0.4063831 -0.4695050 -0.5296631 -0.5805671 -0.5805671 -0.5410778 -0.4824261 -0.3711655 -0.3211972 -0.3211972 -0.2044759 -0.2044759 -0.3192798E-01 -0.3192798E-01 0.6616749E-01 0.2266303 0.2266303 0.2829757 0.2829757 0.1466476 0.1466476 0.1466476 0.6271157E-01 0.6271157E-01 0.1343608E-01 0.1343608E-01 -0.1407815E-01 -0.1407815E-01 -0.2963711E-01 -0.2963711E-01 -0.3771736E-01 -0.3771736E-01 -0.3771736E-01
-0.6611781E-03 -0.6611781E-03 -0.4163148E-02 -0.5990968E-02 -0.5166524E-02 -0.5166524E-02 -0.4724251E-02 -0.4577383E-02 -0.4577383E-02 -0.4635418E-02 -0.4635418E-02 -0.4657400E-02 -0.4659118E-02 -0.4659127E-02 -0.4813698E-02 -0.4813698E-02 0.9254705E-05 -0.8983291E-02 -0.2781878E-01 -0.5592447E-01 -0.9258325E-01 -0.1368140 -0.1874865 -0.2435413 -0.3039124 -0.3675078 -0.4332229 -0.4997385 -0.5649288 -0.6235964 -0.6235964 -0.6202641 -0.5876269 -0.4910430 -0.4288721 -0.4288721 -0.2478527 -0.2478527 -0.4517678E-02 -0.4517678E-02 0.1088379 0.2674912 0.2674912 0.3229709 0.3229709 0.2012553 0.2012553 0.2012553 0.9689014E-01 0.9689014E-01 0.2566510E-01 0.2566510E-01 -0.1672448E-01 -0.1672448E-01 -0.4047356E-01 -0.4047356E-01 -0.5203245E-01 -0.5203245E-01 -0.5203245E-01
0.1230960E-03 0.1230960E-03 -0.3306233E-02 -0.4065746E-02 -0.3479557E-02 -0.3479557E-02 -0.3155611E-02 -0.3044311E-02 -0.3044311E-02 -0.3088919E-02 -0.3088919E-02 -0.3105049E-02 -0.3106255E-02 -0.3106101E-02 -0.3329341E-02 -0.3329341E-02 -0.1029072E-01 -0.2506165E-01 -0.4851136E-01 -0.8009171E-01 -0.1191295 -0.1648593 -0.2164423 -0.2730599 -0.3338881 -0.3980675 -0.4647012 -0.5327302 -0.6004782 -0.6638448 -0.6638448 -0.6851651 -0.6743841 -0.5870290 -0.5034118 -0.5034118 -0.2426963 -0.2426963 0.3824943E-01 0.3824943E-01 0.1450912 0.2795630 0.2795630 0.3290493 0.3290493 0.2365733 0.2365733 0.2365733 0.1285648 0.1285648 0.4166999E-01 0.4166999E-01 -0.1523439E-01 -0.1523439E-01 -0.4821084E-01 -0.4821084E-01 -0.6404040E-01 -0.6404040E-01 -0.6404040E-01
0.5725553E-04 0.5725553E-04 -0.1644757E-02 -0.2036515E-02 -0.1744761E-02 -0.1744761E-02 -0.1578217E-02 -0.1520219E-02 -0.1520219E-02 -0.1544277E-02 -0.1544277E-02 -0.1552721E-02 -0.1553529E-02 -0.1553320E-02 -0.1867556E-02 -0.1867556E-02 -0.2173184E-01 -0.4396710E-01 -0.7385649E-01 -0.1105599 -0.1533304 -0.2015207 -0.2545342 -0.3118234 -0.3728480 -0.4370276 -0.5037162 -0.5721116 -0.6409093 -0.7068468 -0.7068468 -0.7439526 -0.7483618 -0.6468166 -0.5223691 -0.5223691 -0.1892823 -0.1892823 0.7554435E-01 0.7554435E-01 0.1615061 0.2666886 0.2666886 0.3110811 0.3110811 0.2509416 0.2509416 0.2509416 0.1528705 0.1528705 0.5918819E-01 0.5918819E-01 -0.9583339E-02 -0.9583339E-02 -0.5188601E-01 -0.5188601E-01 -0.7257383E-01 -0.7257383E-01 -0.7257383E-01
-0.4584031E-07 -0.4584031E-07 -0.2157536E-06 0.6048064E-07 0.9292382E-07 0.9292382E-07 -0.8818002E-07 -0.1654635E-06 -0.1654635E-06 -0.8377918E-07 -0.8377918E-07 -0.1770716E-08 -0.3886959E-07 0.1558703E-06 -0.4364245E-03 -0.4364245E-03 -0.3540179E-01 -0.6692001E-01 -0.1051345 -0.1486730 -0.1966037 -0.2483228 -0.3034299 -0.3616466 -0.4227411 -0.4864554 -0.5524530 -0.6202327 -0.6888278 -0.7554181 -0.7554181 -0.8007016 -0.8098307 -0.6464058 -0.4662783 -0.4662783 -0.1158794 -0.1158794 0.9193578E-01 0.9193578E-01 0.1554010 0.2372983 0.2372983 0.2786807 0.2786807 0.2466985 0.2466985 0.2466985 0.1662504 0.1662504 0.7496183E-01 0.7496183E-01 -0.8624436E-03 -0.8624436E-03 -0.5118045E-01 -0.5118045E-01 -0.7675177E-01 -0.7675177E-01 -0.7675177E-01
-0.5738113E-04 -0.5738113E-04 0.1644471E-02 0.2036442E-02 0.1744714E-02 0.1744714E-02 0.1578027E-02 0.1520045E-02 0.1520045E-02 0.1544156E-02 0.1544156E-02 0.1552885E-02 0.1553557E-02 0.1553511E-02 0.9512560E-03 0.9512560E-03 -0.5290554E-01 -0.9589151E-01 -0.1444627 -0.1965748 -0.2510638 -0.3073504 -0.3652170 -0.4246551 -0.4857503 -0.5485891 -0.6131849 -0.6793772 -0.7464631 -0.8112227 -0.8112227 -0.8552768 -0.8482854 -0.5595619 -0.3469336 -0.3469336 -0.5749938E-01 -0.5749938E-01 0.8662087E-01 0.8662087E-01 0.1333487 0.1997904 0.1997904 0.2389620 0.2389620 0.2279973 0.2279973 0.2279973 0.1672566 0.1672566 0.8572344E-01 0.8572344E-01 0.9006504E-02 0.9006504E-02 -0.4641598E-01 -0.4641598E-01 -0.7600806E-01 -0.7600806E-01 -0.7600806E-01
-0.1231794E-03 -0.1231794E-03 0.3305981E-02 0.4065507E-02 0.3479511E-02 0.3479511E-02 0.3155360E-02 0.3044194E-02 0.3044194E-02 0.3088594E-02 0.3088594E-02 0.3105272E-02 0.3106499E-02 0.3106406E-02 0.2278469E-02 0.2278469E-02 -0.7673842E-01 -0.1339870 -0.1951577 -0.2575439 -0.3198205 -0.3815061 -0.4426155 -0.5034388 -0.5643940 -0.6259204 -0.6883940 -0.7519952 -0.8159735 -0.8741497 -0.8741497 -0.8981202 -0.8300563 -0.3990440 -0.2171955 -0.2171955 -0.2856016E-01 -0.2856016E-01 0.6847291E-01 0.6847291E-01 0.1043846 0.1600726 0.1600726 0.1963440 0.1963440 0.1991065 0.1991065 0.1991065 0.1564654 0.1564654 0.8912258E-01 0.8912258E-01 0.1774031E-01 0.1774031E-01 -0.3850074E-01 -0.3850074E-01 -0.7017819E-01 -0.7017819E-01 -0.7017819E-01
0.6611155E-03 0.6611155E-03 0.4162909E-02 0.5990866E-02 0.5166683E-02 0.5166683E-02 0.4724117E-02 0.4577228E-02 0.4577228E-02 0.4635260E-02 0.4635260E-02 0.4657350E-02 0.4659458E-02 0.4659422E-02 0.3523576E-02 0.3523576E-02 -0.1110354 -0.1861971 -0.2624082 -0.3365727 -0.4074751 -0.4749380 -0.5393434 -0.6013570 -0.6617648 -0.7213653 -0.7808912 -0.8407691 -0.8989604 -0.9371508 -0.9371508 -0.8922129 -0.6967286 -0.2343480 -0.1263392 -0.1263392 -0.2115237E-01 -0.2115237E-01 0.4666246E-01 0.4666246E-01 0.7498296E-01 0.1213494 0.1213494 0.1533016 0.1533016 0.1636512 0.1636512 0.1636512 0.1358397 0.1358397 0.8427881E-01 0.8427881E-01 0.2337284E-01 0.2337284E-01 -0.2868494E-01 -0.2868494E-01 -0.5953934E-01 -0.5953934E-01 -0.5953934E-01
0.2303556E-02 0.2303556E-02 0.4221791E-02 0.7806793E-02 0.6793619E-02 0.6793619E-02 0.6283144E-02 0.6122754E-02 0.6122754E-02 0.6185063E-02 0.6185063E-02 0.6209703E-02 0.6212670E-02 0.6212672E-02 0.4655627E-02 0.4655627E-02 -0.1632091 -0.2609526 -0.3546010 -0.4414637 -0.5210226 -0.5937916 -0.6607555 -0.7230853 -0.7819917 -0.8386428 -0.8941124 -0.9486549 -0.9935495 -0.9643496 -0.9643496 -0.7532859 -0.4417364 -0.1265102 -0.8099163E-01 -0.8099163E-01 -0.2171159E-01 -0.2171159E-01 0.2658649E-01 0.2658649E-01 0.4838713E-01 0.8510062E-01 0.8510062E-01 0.1112691 0.1112691 0.1245138 0.1245138 0.1245138 0.1079984 0.1079984 0.7180066E-01 0.7180066E-01 0.2482248E-01 0.2482248E-01 -0.1822366E-01 -0.1822366E-01 -0.4481487E-01 -0.4481487E-01 -0.4481487E-01
