cruce_test.gid/Rasters/Hydraulic/Velocity__x_201.0.asc
NCOLS        79
NROWS        79
XLLCENTER         -1.500000
YLLCENTER         -4.800000
CELLSIZE           0.100
NODATA_VALUE     -9999.0
[rows 0 to 25 of 79, columns 0 to 57 of 79]
-9999.000 -9999.000 -9999.000 -9999.000 -9999.000 -9999.000 -9999.000 -9999.000 -9999.000 -9999.000 -9999.000 -9999.000 -9999.000 -9999.000 -9999.000 -0.2770253E-02 -0.3642475E-02 -0.1268877E-02 0.3250431E-02 0.8688613E-02 0.1368084E-01 0.1743855E-01 0.1978283E-01 0.2075729E-01 0.2051153E-01 0.1925039E-01 0.1712192E-01 0.1413559E-01 0.9831253E-02 0.4802302E-02 0.4802302E-02 -9999.000 -9999.000 -9999.000 -9999.000 -9999.000 -9999.000 -9999.000 -9999.000 -9999.000 -9999.000 -9999.000 -9999.000 -9999.000 -9999.000 -9999.000 -9999.000 -9999.000 -9999.000 -9999.000 -9999.000 -9999.000 -9999.000 -9999.000 -9999.000 -9999.000 -9999.000 -9999.000
-9999.000 -9999.000 -9999.000 -9999.000 -9999.000 -9999.000 -9999.000 -9999.000 -9999.000 -9999.000 -9999.000 -9999.000 -9999.000 -9999.000 -9999.000 -0.1598168E-02 -0.1335423E-02 0.1985355E-02 0.7292553E-02 0.1341205E-01 0.1901712E-01 0.2328916E-01 0.2597284E-01 0.2704205E-01 0.2659735E-01 0.2481528E-01 0.2184482E-01 0.1773292E-01 0.1213961E-01 0.5915631E-02 0.5915631E-02 -9999.000 -9999.000 -9999.000 -9999.000 -9999.000 -9999.000 -9999.000 -9999.000 -9999.000 -9999.000 -9999.000 -9999.000 -9999.000 -9999.000 -9999.000 -9999.000 -9999.000 -9999.000 -9999.000 -9999.000 -9999.000 -9999.000 -9999.000 -9999.000 -9999.000 -9999.000 -9999.000
-9999.000 -9999.000 -9999.000 -9999.000 -9999.000 -9999.000 -9999.000 -9999.000 -9999.000 -9999.000 -9999.000 -9999.000 -9999.000 -9999.000 -9999.000 -0.1247366E-02 -0.5389441E-03 0.3335631E-02 0.9183118E-02 0.1579438E-01 0.2180436E-01 0.2636696E-01 0.2921314E-01 0.3030758E-01 0.2974824E-01 0.2771610E-01 0.2436910E-01 0.1976684E-01 0.1357147E-01 0.6650841E-02 0.6650841E-02 -9999.000 -9999.000 -9999.000 -9999.000 -9999.000 -9999.000 -9999.000 -9999.000 -9999.000 -9999.000 -9999.000 -9999.000 -9999.000 -9999.000 -9999.000 -9999.000 -9999.000 -9999.000 -9999.000 -9999.000 -9999.000 -9999.000 -9999.000 -9999.000 -9999.000 -9999.000 -9999.000
-9999.000 -9999.000 -9999.000 -9999.000 -9999.000 -9999.000 -9999.000 -9999.000 -9999.000 -9999.000 -9999.000 -9999.000 -9999.000 -9999.000 -9999.000 -0.1114504E-02 -0.1832088E-03 0.4023449E-02 0.1022131E-01 0.1716782E-01 0.2346088E-01 0.2823207E-01 0.3120543E-01 0.3234256E-01 0.3174220E-01 0.2959083E-01 0.2605072E-01 0.2118332E-01 0.1463385E-01 0.7222989E-02 0.7222989E-02 -9999.000 -9999.000 -9999.000 -9999.000 -9999.000 -9999.000 -9999.000 -9999.000 -9999.000 -9999.000 -9999.000 -9999.000 -9999.000 -9999.000 -9999.000 -9999.000 -9999.000 -9999.000 -9999.000 -9999.000 -9999.000 -9999.000 -9999.000 -9999.000 -9999.000 -9999.000 -9999.000
-9999.000 -9999.000 -9999.000 -9999.000 -9999.000 -9999.000 -9999.000 -9999.000 -9999.000 -9999.000 -9999.000 -9999.000 -9999.000 -9999.000 -9999.000 -0.1051939E-02 0.2748136E-04 0.4485616E-02 0.1095839E-01 0.1817318E-01 0.2469530E-01 0.2963938E-01 0.3272654E-01 0.3391669E-01 0.3331077E-01 0.3109923E-01 0.2744548E-01 0.2240821E-01 0.1560538E-01 0.7766392E-02 0.7766392E-02 -9999.000 -9999.000 -9999.000 -9999.000 -9999.000 -9999.000 -9999.000 -9999.000 -9999.000 -9999.000 -9999.000 -9999.000 -9999.000 -9999.000 -9999.000 -9999.000 -9999.000 -9999.000 -9999.000 -9999.000 -9999.000 -9999.000 -9999.000 -9999.000 -9999.000 -9999.000 -9999.000
-9999.000 -9999.000 -9999.000 -9999.000 -9999.000 -9999.000 -9999.000 -9999.000 -9999.000 -9999.000 -9999.000 -9999.000 -9999.000 -9999.000 -9999.000 -0.1000892E-02 0.2148386E-03 0.4907538E-02 0.1163378E-01 0.1909329E-01 0.2582233E-01 0.3092361E-01 0.3411929E-01 0.3536823E-01 0.3477345E-01 0.3253030E-01 0.2880065E-01 0.2363705E-01 0.1662016E-01 0.8349496E-02 0.8349496E-02 -9999.000 -9999.000 -9999.000 -9999.000 -9999.000 -9999.000 -9999.000 -9999.000 -9999.000 -9999.000 -9999.000 -9999.000 -9999.000 -9999.000 -9999.000 -9999.000 -9999.000 -9999.000 -9999.000 -9999.000 -9999.000 -9999.000 -9999.000 -9999.000 -9999.000 -9999.000 -9999.000
-9999.000 -9999.000 -9999.000 -9999.000 -9999.000 -9999.000 -9999.000 -9999.000 -9999.000 -9999.000 -9999.000 -9999.000 -9999.000 -9999.000 -9999.000 -0.9328058E-03 0.4367463E-03 0.5376200E-02 0.1235913E-01 0.2005809E-01 0.2698469E-01 0.3223597E-01 0.3553827E-01 0.3684999E-01 0.3627767E-01 0.3402042E-01 0.3023721E-01 0.2497072E-01 0.1775492E-01 0.9014432E-02 0.9014432E-02 -9999.000 -9999.000 -9999.000 -9999.000 -9999.000 -9999.000 -9999.000 -9999.000 -9999.000 -9999.000 -9999.000 -9999.000 -9999.000 -9999.000 -9999.000 -9999.000 -9999.000 -9999.000 -9999.000 -9999.000 -9999.000 -9999.000 -9999.000 -9999.000 -9999.000 -9999.000 -9999.000
-9999.000 -9999.000 -9999.000 -9999.000 -9999.000 -9999.000 -9999.000 -9999.000 -9999.000 -9999.000 -9999.000 -9999.000 -9999.000 -9999.000 -9999.000 -0.8300055E-03 0.7282156E-03 0.5941692E-02 0.1319598E-01 0.2113694E-01 0.2825590E-01 0.3365244E-01 0.3706138E-01 0.3844082E-01 0.3790094E-01 0.3564509E-01 0.3182665E-01 0.2647569E-01 0.1906790E-01 0.9795985E-02 0.9795985E-02 -9999.000 -9999.000 -9999.000 -9999.000 -9999.000 -9999.000 -9999.000 -9999.000 -9999.000 -9999.000 -9999.000 -9999.000 -9999.000 -9999.000 -9999.000 -9999.000 -9999.000 -9999.000 -9999.000 -9999.000 -9999.000 -9999.000 -9999.000 -9999.000 -9999.000 -9999.000 -9999.000
-9999.000 -9999.000 -9999.000 -9999.000 -9999.000 -9999.000 -9999.000 -9999.000 -9999.000 -9999.000 -9999.000 -9999.000 -9999.000 -9999.000 -9999.000 -0.6776266E-03 0.1117383E-02 0.6643045E-02 0.1419089E-01 0.2237928E-01 0.2968550E-01 0.3522292E-01 0.3873929E-01 0.4019196E-01 0.3969627E-01 0.3745983E-01 0.3362689E-01 0.2821155E-01 0.2061783E-01 0.1073254E-01 0.1073254E-01 -9999.000 -9999.000 -9999.000 -9999.000 -9999.000 -9999.000 -9999.000 -9999.000 -9999.000 -9999.000 -9999.000 -9999.000 -9999.000 -9999.000 -9999.000 -9999.000 -9999.000 -9999.000 -9999.000 -9999.000 -9999.000 -9999.000 -9999.000 -9999.000 -9999.000 -9999.000 -9999.000
-9999.000 -9999.000 -9999.000 -9999.000 -9999.000 -9999.000 -9999.000 -9999.000 -9999.000 -9999.000 -9999.000 -9999.000 -9999.000 -9999.000 -9999.000 -0.4594530E-03 0.1634598E-02 0.7520102E-02 0.1539050E-01 0.2383389E-01 0.3132114E-01 0.3699337E-01 0.4061799E-01 0.4215098E-01 0.4171478E-01 0.3952081E-01 0.3570053E-01 0.3024777E-01 0.2247858E-01 0.1187315E-01 0.1187315E-01 -9999.000 -9999.000 -9999.000 -9999.000 -9999.000 -9999.000 -9999.000 -9999.000 -9999.000 -9999.000 -9999.000 -9999.000 -9999.000 -9999.000 -9999.000 -9999.000 -9999.000 -9999.000 -9999.000 -9999.000 -9999.000 -9999.000 -9999.000 -9999.000 -9999.000 -9999.000 -9999.000
-9999.000 -9999.000 -9999.000 -9999.000 -9999.000 -9999.000 -9999.000 -9999.000 -9999.000 -9999.000 -9999.000 -9999.000 -9999.000 -9999.000 -9999.000 -0.1552641E-03 0.2316810E-02 0.8622573E-02 0.1685219E-01 0.2556043E-01 0.3322010E-01 0.3901932E-01 0.4275311E-01 0.4437586E-01 0.4401954E-01 0.4189889E-01 0.3812811E-01 0.3267595E-01 0.2475011E-01 0.1328561E-01 0.1328561E-01 -9999.000 -9999.000 -9999.000 -9999.000 -9999.000 -9999.000 -9999.000 -9999.000 -9999.000 -9999.000 -9999.000 -9999.000 -9999.000 -9999.000 -9999.000 -9999.000 -9999.000 -9999.000 -9999.000 -9999.000 -9999.000 -9999.000 -9999.000 -9999.000 -9999.000 -9999.000 -9999.000
-9999.000 -9999.000 -9999.000 -9999.000 -9999.000 -9999.000 -9999.000 -9999.000 -9999.000 -9999.000 -9999.000 -9999.000 -9999.000 -9999.000 -9999.000 0.2683381E-03 0.3229333E-02 0.1004244E-01 0.1869301E-01 0.2768168E-01 0.3549541E-01 0.4140550E-01 0.4524378E-01 0.4696388E-01 0.4671062E-01 0.4470220E-01 0.4102941E-01 0.3563009E-01 0.2757809E-01 0.1506821E-01 0.1506821E-01 -9999.000 -9999.000 -9999.000 -9999.000 -9999.000 -9999.000 -9999.000 -9999.000 -9999.000 -9999.000 -9999.000 -9999.000 -9999.000 -9999.000 -9999.000 -9999.000 -9999.000 -9999.000 -9999.000 -9999.000 -9999.000 -9999.000 -9999.000 -9999.000 -9999.000 -9999.000 -9999.000
-9999.000 -9999.000 -9999.000 -9999.000 -9999.000 -9999.000 -9999.000 -9999.000 -9999.000 -9999.000 -9999.000 -9999.000 -9999.000 -9999.000 -9999.000 0.9558282E-03 0.4675276E-02 0.1224814E-01 0.2153715E-01 0.3085657E-01 0.3874350E-01 0.4468792E-01 0.4856335E-01 0.5032922E-01 0.5015306E-01 0.4825808E-01 0.4470438E-01 0.3939288E-01 0.3122958E-01 0.1738981E-01 0.1738981E-01 -9999.000 -9999.000 -9999.000 -9999.000 -9999.000 -9999.000 -9999.000 -9999.000 -9999.000 -9999.000 -9999.000 -9999.000 -9999.000 -9999.000 -9999.000 -9999.000 -9999.000 -9999.000 -9999.000 -9999.000 -9999.000 -9999.000 -9999.000 -9999.000 -9999.000 -9999.000 -9999.000
-9999.000 -9999.000 -9999.000 -9999.000 -9999.000 -9999.000 -9999.000 -9999.000 -9999.000 -9999.000 -9999.000 -9999.000 -9999.000 -9999.000 -9999.000 0.4849973E-02 0.1289459E-01 0.2528951E-01 0.3731996E-01 0.4663911E-01 0.5320358E-01 0.5779168E-01 0.6029785E-01 0.6077279E-01 0.5947056E-01 0.5663963E-01 0.5229991E-01 0.4629299E-01 0.3729063E-01 0.2106297E-01 0.2106297E-01 -9999.000 -9999.000 -9999.000 -9999.000 -9999.000 -9999.000 -9999.000 -9999.000 -9999.000 -9999.000 -9999.000 -9999.000 -9999.000 -9999.000 -9999.000 -9999.000 -9999.000 -9999.000 -9999.000 -9999.000 -9999.000 -9999.000 -9999.000 -9999.000 -9999.000 -9999.000 -9999.000
-9999.000 -9999.000 -9999.000 -9999.000 -9999.000 -9999.000 -9999.000 -9999.000 -9999.000 -9999.000 -9999.000 -9999.000 -9999.000 -9999.000 -9999.000 0.1316865 0.2070761 0.2514470 0.2515866 0.2206487 0.1859355 0.1568732 0.1317633 0.1104882 0.9281822E-01 0.7799759E-01 0.6516483E-01 0.5336889E-01 0.4044722E-01 0.1889547E-01 0.1889547E-01 -9999.000 -9999.000 -9999.000 -9999.000 -9999.000 -9999.000 -9999.000 -9999.000 -9999.000 -9999.000 -9999.000 -9999.000 -9999.000 -9999.000 -9999.000 -9999.000 -9999.000 -9999.000 -9999.000 -9999.000 -9999.000 -9999.000 -9999.000 -9999.000 -9999.000 -9999.000 -9999.000
2.947027 2.947027 2.918403 2.973181 2.979283 2.979283 2.981799 2.982320 2.982320 2.979213 2.979213 2.973659 2.970209 2.966408 2.962386 2.962386 3.134551 3.140913 3.143246 3.143625 3.123772 3.076118 3.003881 2.907488 2.784590 2.640679 2.478392 2.304087 2.138711 2.049583 2.049583 2.863308 3.044702 3.161623 3.193384 3.193384 3.242348 3.242348 3.254506 3.254506 3.231461 3.101777 3.101777 2.840878 2.840878 2.359657 2.359657 2.359657 2.290995 2.290995 2.296816 2.296816 2.335560 2.335560 2.383479 2.383479 2.430047 2.430047
2.971337 2.971337 2.946891 3.024993 3.043303 3.043303 3.057729 3.081613 3.081613 3.101599 3.101599 3.118963 3.126905 3.134448 3.141712 3.141712 3.265994 3.287850 3.304890 3.320019 3.329468 3.331419 3.324985 3.307875 3.276335 3.228774 3.163360 3.079664 2.982716 2.896451 2.896451 3.307330 3.468825 3.628855 3.674263 3.674263 3.732017 3.732017 3.751253 3.751253 3.742089 3.671874 3.671874 3.519382 3.519382 3.194825 3.194825 3.194825 3.116796 3.116796 3.123618 3.123618 3.164608 3.164608 3.215312 3.215312 3.264863 3.264863
2.976296 2.976296 2.949694 3.024657 3.043537 3.043537 3.058453 3.082996 3.082996 3.103577 3.103577 3.121633 3.129967 3.137927 3.145652 3.145652 3.253815 3.288823 3.318414 3.344437 3.365734 3.381429 3.391469 3.395390 3.391641 3.379102 3.356268 3.321846 3.277455 3.237203 3.237203 3.464074 3.617268 3.801599 3.857959 3.857959 3.924560 3.924560 3.934373 3.934373 3.916349 3.832700 3.832700 3.707271 3.707271 3.467485 3.467485 3.467485 3.384727 3.384727 3.377272 3.377272 3.408210 3.408210 3.452333 3.452333 3.497421 3.497421
2.978988 2.978988 2.953915 3.023827 3.043014 3.043014 3.058237 3.082958 3.082958 3.103500 3.103500 3.121531 3.129871 3.137846 3.145616 3.145616 3.242784 3.288257 3.329338 3.365855 3.396821 3.421452 3.439634 3.451445 3.456570 3.454877 3.446084 3.429859 3.407327 3.387385 3.387385 3.522420 3.654539 3.845272 3.908527 3.908527 3.977814 3.977814 3.967990 3.967990 3.935752 3.840830 3.840830 3.747958 3.747958 3.587703 3.587703 3.587703 3.510354 3.510354 3.489535 3.489535 3.508590 3.508590 3.545550 3.545550 3.586500 3.586500
2.976612 2.976612 2.960540 3.023025 3.042507 3.042507 3.058074 3.083068 3.083068 3.103633 3.103633 3.121653 3.129987 3.137953 3.145750 3.145750 3.237113 3.291093 3.342256 3.388430 3.428344 3.461153 3.486560 3.504607 3.515311 3.518858 3.515529 3.505683 3.490618 3.476596 3.476596 3.556397 3.661927 3.841796 3.903901 3.903901 3.957207 3.957207 3.914233 3.914233 3.869530 3.786255 3.786255 3.737705 3.737705 3.652061 3.652061 3.652061 3.589282 3.589282 3.559183 3.559183 3.564737 3.564737 3.592024 3.592024 3.627004 3.627004
2.976871 2.976871 2.964727 3.022403 3.042080 3.042080 3.057910 3.083109 3.083109 3.103666 3.103666 3.121664 3.129993 3.137957 3.145808 3.145808 3.237598 3.299148 3.359039 3.413742 3.461612 3.501746 3.533755 3.557587 3.573310 3.581141 3.581456 3.574808 3.562454 3.548931 3.548931 3.592169 3.669217 3.820944 3.869909 3.869909 3.879505 3.879505 3.801459 3.801459 3.759055 3.715187 3.715187 3.712857 3.712857 3.689210 3.689210 3.689210 3.646944 3.646944 3.614463 3.614463 3.608024 3.608024 3.623691 3.623691 3.650356 3.650356
2.977032 2.977032 2.967207 3.022028 3.041805 3.041805 3.057802 3.083137 3.083137 3.103688 3.103688 3.121669 3.129994 3.137957 3.145890 3.145890 3.245121 3.314024 3.381546 3.443486 3.498027 3.544297 3.581919 3.610822 3.631067 3.642838 3.646456 3.642421 3.631753 3.617588 3.617588 3.636159 3.685405 3.789450 3.807349 3.807349 3.747332 3.747332 3.658951 3.658951 3.639600 3.649265 3.649265 3.685252 3.685252 3.708906 3.708906 3.708906 3.689312 3.689312 3.661747 3.661747 3.647185 3.647185 3.651115 3.651115 3.667617 3.667617
2.977087 2.977087 2.968031 3.021904 3.041710 3.041710 3.057765 3.083146 3.083146 3.103696 3.103696 3.121670 3.129995 3.137959 3.146008 3.146008 3.260664 3.337255 3.411527 3.479350 3.539059 3.589980 3.631876 3.664740 3.688668 3.703817 3.710432 3.708887 3.699879 3.685272 3.685272 3.687000 3.709446 3.736905 3.700067 3.700067 3.573718 3.573718 3.526961 3.526961 3.540331 3.596733 3.596733 3.659118 3.659118 3.716867 3.716867 3.716867 3.718824 3.718824 3.701592 3.701592 3.684304 3.684304 3.678283 3.678283 3.683701 3.683701
2.977032 2.977032 2.967207 3.022028 3.041805 3.041805 3.057802 3.083137 3.083137 3.103689 3.103689 3.121669 3.129994 3.137958 3.146176 3.146176 3.285715 3.370588 3.450803 3.523043 3.586198 3.640001 3.684500 3.719855 3.746255 3.763873 3.772895 3.773559 3.766205 3.751230 3.751230 3.739889 3.732626 3.636260 3.530203 3.530203 3.395117 3.395117 3.424531 3.424531 3.465289 3.552691 3.552691 3.632136 3.632136 3.714664 3.714664 3.714664 3.735458 3.735458 3.731343 3.731343 3.716403 3.716403 3.703665 3.703665 3.698394 3.698394
2.976871 2.976871 2.964727 3.022403 3.042080 3.042080 3.057910 3.083109 3.083109 3.103668 3.103668 3.121664 3.129992 3.137957 3.146417 3.146417 3.322509 3.416197 3.501353 3.576266 3.640834 3.695436 3.740551 3.776608 3.803943 3.822785 3.833299 3.835600 3.829517 3.812888 3.812888 3.785749 3.733387 3.458247 3.310024 3.310024 3.253447 3.253447 3.352427 3.352427 3.408924 3.513538 3.513538 3.603995 3.603995 3.704558 3.704558 3.704558 3.740684 3.740684 3.749925 3.749925 3.740870 3.740870 3.725050 3.725050 3.710551 3.710551
2.976612 2.976612 2.960539 3.023026 3.042508 3.042508 3.058074 3.083068 3.083068 3.103634 3.103634 3.121653 3.129987 3.137952 3.146757 3.146757 3.374456 3.476918 3.565388 3.640658 3.704106 3.757018 3.800431 3.835108 3.861569 3.880128 3.890948 3.894005 3.888002 3.863913 3.863913 3.802767 3.665112 3.212796 3.097684 3.097684 3.160508 3.160508 3.296979 3.296979 3.360490 3.474303 3.474303 3.572289 3.572289 3.685968 3.685968 3.685968 3.733923 3.733923 3.755045 3.755045 3.753477 3.753477 3.737691 3.737691 3.716147 3.716147
