cruce_test.gid/Rasters/Hydraulic/Velocity__y_330.0.asc
NCOLS        79
NROWS        79
XLLCENTER         -1.500000
YLLCENTER         -4.800000
CELLSIZE           0.100
NODATA_VALUE     -9999.0
[rows 0 to 26 of 79, columns 0 to 58 of 79]
-9999.000 -9999.000 -9999.000 -9999.000 -9999.000 -9999.000 -9999.000 -9999.000 -9999.000 -9999.000 -9999.000 -9999.000 -9999.000 -9999.000 -9999.000 -0.9859923E-01 -0.9677844E-01 -0.9652700E-01 -0.9676994E-01 -0.9719905E-01 -0.9770735E-01 -0.9825310E-01 -0.9875099E-01 -0.9922267E-01 -0.9965207E-01 -0.1000367 -0.1004300 -0.1010445 -0.1024961 -0.1038158 -0.1038158 -9999.000 -9999.000 -9999.000 -9999.000 -9999.000 -9999.000 -9999.000 -9999.000 -9999.000 -9999.000 -9999.000 -9999.000 -9999.000 -9999.000 -9999.000 -9999.000 -9999.000 -9999.000 -9999.000 -9999.000 -9999.000 -9999.000 -9999.000 -9999.000 -9999.000 -9999.000 -9999.000 -9999.000
-9999.000 -9999.000 -9999.000 -9999.000 -9999.000 -9999.000 -9999.000 -9999.000 -9999.000 -9999.000 -9999.000 -9999.000 -9999.000 -9999.000 -9999.000 -0.9701430E-01 -0.9329583E-01 -0.9277841E-01 -0.9333993E-01 -0.9432938E-01 -0.9551556E-01 -0.9680257E-01 -0.9800329E-01 -0.9915783E-01 -0.1002266 -0.1012006 -0.1021893 -0.1036363 -0.1068247 -0.1100436 -0.1100436 -9999.000 -9999.000 -9999.000 -9999.000 -9999.000 -9999.000 -9999.000 -9999.000 -9999.000 -9999.000 -9999.000 -9999.000 -9999.000 -9999.000 -9999.000 -9999.000 -9999.000 -9999.000 -9999.000 -9999.000 -9999.000 -9999.000 -9999.000 -9999.000 -9999.000 -9999.000 -9999.000 -9999.000
-9999.000 -9999.000 -9999.000 -9999.000 -9999.000 -9999.000 -9999.000 -9999.000 -9999.000 -9999.000 -9999.000 -9999.000 -9999.000 -9999.000 -9999.000 -0.9400059E-01 -0.8834559E-01 -0.8756854E-01 -0.8858671E-01 -0.9035638E-01 -0.9249722E-01 -0.9484224E-01 -0.9707770E-01 -0.9925647E-01 -0.1013032 -0.1031934 -0.1050940 -0.1077068 -0.1130744 -0.1189790 -0.1189790 -9999.000 -9999.000 -9999.000 -9999.000 -9999.000 -9999.000 -9999.000 -9999.000 -9999.000 -9999.000 -9999.000 -9999.000 -9999.000 -9999.000 -9999.000 -9999.000 -9999.000 -9999.000 -9999.000 -9999.000 -9999.000 -9999.000 -9999.000 -9999.000 -9999.000 -9999.000 -9999.000 -9999.000
-9999.000 -9999.000 -9999.000 -9999.000 -9999.000 -9999.000 -9999.000 -9999.000 -9999.000 -9999.000 -9999.000 -9999.000 -9999.000 -9999.000 -9999.000 -0.9029269E-01 -0.8281816E-01 -0.8181635E-01 -0.8335533E-01 -0.8598839E-01 -0.8918326E-01 -0.9269816E-01 -0.9608524E-01 -0.9941057E-01 -0.1025556 -0.1054757 -0.1083936 -0.1122788 -0.1199738 -0.1291010 -0.1291010 -9999.000 -9999.000 -9999.000 -9999.000 -9999.000 -9999.000 -9999.000 -9999.000 -9999.000 -9999.000 -9999.000 -9999.000 -9999.000 -9999.000 -9999.000 -9999.000 -9999.000 -9999.000 -9999.000 -9999.000 -9999.000 -9999.000 -9999.000 -9999.000 -9999.000 -9999.000 -9999.000 -9999.000
-9999.000 -9999.000 -9999.000 -9999.000 -9999.000 -9999.000 -9999.000 -9999.000 -9999.000 -9999.000 -9999.000 -9999.000 -9999.000 -9999.000 -9999.000 -0.8612084E-01 -0.7690409E-01 -0.7569727E-01 -0.7779807E-01 -0.8134761E-01 -0.8565967E-01 -0.9041577E-01 -0.9502608E-01 -0.9957316E-01 -0.1038901 -0.1079096 -0.1119135 -0.1171542 -0.1273270 -0.1402615 -0.1402615 -9999.000 -9999.000 -9999.000 -9999.000 -9999.000 -9999.000 -9999.000 -9999.000 -9999.000 -9999.000 -9999.000 -9999.000 -9999.000 -9999.000 -9999.000 -9999.000 -9999.000 -9999.000 -9999.000 -9999.000 -9999.000 -9999.000 -9999.000 -9999.000 -9999.000 -9999.000 -9999.000 -9999.000
-9999.000 -9999.000 -9999.000 -9999.000 -9999.000 -9999.000 -9999.000 -9999.000 -9999.000 -9999.000 -9999.000 -9999.000 -9999.000 -9999.000 -9999.000 -0.8157107E-01 -0.7068116E-01 -0.6928474E-01 -0.7197908E-01 -0.7648484E-01 -0.8196030E-01 -0.8800965E-01 -0.9389266E-01 -0.9971532E-01 -0.1052562 -0.1104252 -0.1155672 -0.1222385 -0.1350537 -0.1524787 -0.1524787 -9999.000 -9999.000 -9999.000 -9999.000 -9999.000 -9999.000 -9999.000 -9999.000 -9999.000 -9999.000 -9999.000 -9999.000 -9999.000 -9999.000 -9999.000 -9999.000 -9999.000 -9999.000 -9999.000 -9999.000 -9999.000 -9999.000 -9999.000 -9999.000 -9999.000 -9999.000 -9999.000 -9999.000
-9999.000 -9999.000 -9999.000 -9999.000 -9999.000 -9999.000 -9999.000 -9999.000 -9999.000 -9999.000 -9999.000 -9999.000 -9999.000 -9999.000 -9999.000 -0.7666036E-01 -0.6417175E-01 -0.6260249E-01 -0.6591939E-01 -0.7141551E-01 -0.7809316E-01 -0.8547920E-01 -0.9267403E-01 -0.9981587E-01 -0.1066224 -0.1129805 -0.1193054 -0.1274830 -0.1431282 -0.1658747 -0.1658747 -9999.000 -9999.000 -9999.000 -9999.000 -9999.000 -9999.000 -9999.000 -9999.000 -9999.000 -9999.000 -9999.000 -9999.000 -9999.000 -9999.000 -9999.000 -9999.000 -9999.000 -9999.000 -9999.000 -9999.000 -9999.000 -9999.000 -9999.000 -9999.000 -9999.000 -9999.000 -9999.000 -9999.000
-9999.000 -9999.000 -9999.000 -9999.000 -9999.000 -9999.000 -9999.000 -9999.000 -9999.000 -9999.000 -9999.000 -9999.000 -9999.000 -9999.000 -9999.000 -0.7137116E-01 -0.5737042E-01 -0.5564893E-01 -0.5961755E-01 -0.6613584E-01 -0.7405160E-01 -0.8281435E-01 -0.9135429E-01 -0.9985406E-01 -0.1079628 -0.1155440 -0.1230935 -0.1328578 -0.1515503 -0.1806533 -0.1806533 -9999.000 -9999.000 -9999.000 -9999.000 -9999.000 -9999.000 -9999.000 -9999.000 -9999.000 -9999.000 -9999.000 -9999.000 -9999.000 -9999.000 -9999.000 -9999.000 -9999.000 -9999.000 -9999.000 -9999.000 -9999.000 -9999.000 -9999.000 -9999.000 -9999.000 -9999.000 -9999.000 -9999.000
-9999.000 -9999.000 -9999.000 -9999.000 -9999.000 -9999.000 -9999.000 -9999.000 -9999.000 -9999.000 -9999.000 -9999.000 -9999.000 -9999.000 -9999.000 -0.6566590E-01 -0.5025550E-01 -0.4840706E-01 -0.5305928E-01 -0.6063160E-01 -0.6982011E-01 -0.7999769E-01 -0.8991223E-01 -0.9980593E-01 -0.1092495 -0.1180843 -0.1268980 -0.1383366 -0.1603311 -0.1971016 -0.1971016 -9999.000 -9999.000 -9999.000 -9999.000 -9999.000 -9999.000 -9999.000 -9999.000 -9999.000 -9999.000 -9999.000 -9999.000 -9999.000 -9999.000 -9999.000 -9999.000 -9999.000 -9999.000 -9999.000 -9999.000 -9999.000 -9999.000 -9999.000 -9999.000 -9999.000 -9999.000 -9999.000 -9999.000
-9999.000 -9999.000 -9999.000 -9999.000 -9999.000 -9999.000 -9999.000 -9999.000 -9999.000 -9999.000 -9999.000 -9999.000 -9999.000 -9999.000 -9999.000 -0.5949422E-01 -0.4279441E-01 -0.4084998E-01 -0.4622037E-01 -0.5487918E-01 -0.6537499E-01 -0.7700454E-01 -0.8831969E-01 -0.9964135E-01 -0.1104489 -0.1205636 -0.1306795 -0.1438888 -0.1694845 -0.2156100 -0.2156100 -9999.000 -9999.000 -9999.000 -9999.000 -9999.000 -9999.000 -9999.000 -9999.000 -9999.000 -9999.000 -9999.000 -9999.000 -9999.000 -9999.000 -9999.000 -9999.000 -9999.000 -9999.000 -9999.000 -9999.000 -9999.000 -9999.000 -9999.000 -9999.000 -9999.000 -9999.000 -9999.000 -9999.000
-9999.000 -9999.000 -9999.000 -9999.000 -9999.000 -9999.000 -9999.000 -9999.000 -9999.000 -9999.000 -9999.000 -9999.000 -9999.000 -9999.000 -9999.000 -0.5279291E-01 -0.3494367E-01 -0.3294054E-01 -0.3906777E-01 -0.4884638E-01 -0.6068371E-01 -0.7380155E-01 -0.8653902E-01 -0.9932043E-01 -0.1115163 -0.1229319 -0.1343849 -0.1494714 -0.1790210 -0.2367106 -0.2367106 -9999.000 -9999.000 -9999.000 -9999.000 -9999.000 -9999.000 -9999.000 -9999.000 -9999.000 -9999.000 -9999.000 -9999.000 -9999.000 -9999.000 -9999.000 -9999.000 -9999.000 -9999.000 -9999.000 -9999.000 -9999.000 -9999.000 -9999.000 -9999.000 -9999.000 -9999.000 -9999.000 -9999.000
-9999.000 -9999.000 -9999.000 -9999.000 -9999.000 -9999.000 -9999.000 -9999.000 -9999.000 -9999.000 -9999.000 -9999.000 -9999.000 -9999.000 -9999.000 -0.4548456E-01 -0.2664705E-01 -0.2462918E-01 -0.3155597E-01 -0.4248898E-01 -0.5570197E-01 -0.7034331E-01 -0.8451953E-01 -0.9878844E-01 -0.1123903 -0.1251196 -0.1379391 -0.1550193 -0.1889394 -0.2611417 -0.2611417 -9999.000 -9999.000 -9999.000 -9999.000 -9999.000 -9999.000 -9999.000 -9999.000 -9999.000 -9999.000 -9999.000 -9999.000 -9999.000 -9999.000 -9999.000 -9999.000 -9999.000 -9999.000 -9999.000 -9999.000 -9999.000 -9999.000 -9999.000 -9999.000 -9999.000 -9999.000 -9999.000 -9999.000
-9999.000 -9999.000 -9999.000 -9999.000 -9999.000 -9999.000 -9999.000 -9999.000 -9999.000 -9999.000 -9999.000 -9999.000 -9999.000 -9999.000 -9999.000 -0.3747229E-01 -0.1783019E-01 -0.1584882E-01 -0.2362307E-01 -0.3574619E-01 -0.5036843E-01 -0.6656671E-01 -0.8219035E-01 -0.9796908E-01 -0.1129847 -0.1270271 -0.1412324 -0.1604312 -0.1992147 -0.2899573 -0.2899573 -9999.000 -9999.000 -9999.000 -9999.000 -9999.000 -9999.000 -9999.000 -9999.000 -9999.000 -9999.000 -9999.000 -9999.000 -9999.000 -9999.000 -9999.000 -9999.000 -9999.000 -9999.000 -9999.000 -9999.000 -9999.000 -9999.000 -9999.000 -9999.000 -9999.000 -9999.000 -9999.000 -9999.000
-9999.000 -9999.000 -9999.000 -9999.000 -9999.000 -9999.000 -9999.000 -9999.000 -9999.000 -9999.000 -9999.000 -9999.000 -9999.000 -9999.000 -9999.000 -0.2855559E-01 -0.8351916E-02 -0.6486010E-02 -0.1517741E-01 -0.2853852E-01 -0.4460860E-01 -0.6239573E-01 -0.7946447E-01 -0.9676445E-01 -0.1131830 -0.1285156 -0.1441054 -0.1655516 -0.2097820 -0.3247352 -0.3247352 -9999.000 -9999.000 -9999.000 -9999.000 -9999.000 -9999.000 -9999.000 -9999.000 -9999.000 -9999.000 -9999.000 -9999.000 -9999.000 -9999.000 -9999.000 -9999.000 -9999.000 -9999.000 -9999.000 -9999.000 -9999.000 -9999.000 -9999.000 -9999.000 -9999.000 -9999.000 -9999.000 -9999.000
-9999.000 -9999.000 -9999.000 -9999.000 -9999.000 -9999.000 -9999.000 -9999.000 -9999.000 -9999.000 -9999.000 -9999.000 -9999.000 -9999.000 -9999.000 -0.1463597E-02 0.6563937E-02 0.2341035E-02 -0.9346401E-02 -0.2410173E-01 -0.4153462E-01 -0.6065059E-01 -0.7877501E-01 -0.9718792E-01 -0.1145686 -0.1307648 -0.1473733 -0.1708466 -0.2206809 -0.3655183 -0.3655183 -9999.000 -9999.000 -9999.000 -9999.000 -9999.000 -9999.000 -9999.000 -9999.000 -9999.000 -9999.000 -9999.000 -9999.000 -9999.000 -9999.000 -9999.000 -9999.000 -9999.000 -9999.000 -9999.000 -9999.000 -9999.000 -9999.000 -9999.000 -9999.000 -9999.000 -9999.000 -9999.000 -9999.000
-0.3650152E-02 -0.3650152E-02 -0.5193128E-02 -0.6912102E-02 -0.6521858E-02 -0.6521858E-02 -0.6357774E-02 -0.6244157E-02 -0.6244157E-02 -0.6197461E-02 -0.6197461E-02 -0.6163991E-02 -0.6148464E-02 -0.6132138E-02 -0.6117870E-02 -0.6117870E-02 0.1463740E-01 0.8350699E-02 -0.5673852E-02 -0.2538025E-01 -0.4966408E-01 -0.7719988E-01 -0.1060685 -0.1352919 -0.1636268 -0.1901325 -0.2147212 -0.2396742 -0.2738053 -0.3613786 -0.3613786 -0.1962685 -0.1030979 -0.3359487E-01 -0.2450496E-01 -0.2450496E-01 -0.1707140E-01 -0.1707140E-01 -0.3544480E-02 -0.3544480E-02 0.7574115E-02 0.2640423E-01 0.2640423E-01 -0.7534472E-02 -0.7534472E-02 -0.2555415E-02 -0.2555415E-02 -0.2555415E-02 0.1735447E-02 0.1735447E-02 0.2148872E-02 0.2148872E-02 0.9351628E-03 0.9351628E-03 -0.5024507E-03 -0.5024507E-03 -0.1793820E-02 -0.1793820E-02 -0.1793820E-02
-0.4849397E-02 -0.4849397E-02 -0.7195632E-02 -0.1021503E-01 -0.9376666E-02 -0.9376666E-02 -0.9002949E-02 -0.8780297E-02 -0.8780297E-02 -0.8727765E-02 -0.8727765E-02 -0.8705441E-02 -0.8696312E-02 -0.8685279E-02 -0.8682357E-02 -0.8682357E-02 0.1110105E-01 0.4713189E-02 -0.1184831E-01 -0.3762921E-01 -0.7086169E-01 -0.1097912 -0.1528533 -0.1979265 -0.2433330 -0.2873887 -0.3284166 -0.3647069 -0.3944471 -0.4186178 -0.4186178 -0.2802010 -0.1834173 -0.9227176E-01 -0.7408616E-01 -0.7408616E-01 -0.4814899E-01 -0.4814899E-01 -0.2539705E-02 -0.2539705E-02 0.3045541E-01 0.8657766E-01 0.8657766E-01 0.4241743E-01 0.4241743E-01 0.9812944E-02 0.9812944E-02 0.9812944E-02 0.6725396E-02 0.6725396E-02 0.3310600E-02 0.3310600E-02 -0.6579271E-03 -0.6579271E-03 -0.4214888E-02 -0.4214888E-02 -0.6928385E-02 -0.6928385E-02 -0.6928385E-02
-0.2645300E-02 -0.2645300E-02 -0.5292518E-02 -0.9057494E-02 -0.8202715E-02 -0.8202715E-02 -0.7710551E-02 -0.7414446E-02 -0.7414446E-02 -0.7390703E-02 -0.7390703E-02 -0.7402900E-02 -0.7407881E-02 -0.7409641E-02 -0.7430838E-02 -0.7430838E-02 0.5264255E-02 -0.1709448E-02 -0.1887446E-01 -0.4560570E-01 -0.8056083E-01 -0.1223092 -0.1695801 -0.2207343 -0.2742709 -0.3286253 -0.3820633 -0.4325043 -0.4771600 -0.5082197 -0.5082197 -0.4165911 -0.3316799 -0.2157194 -0.1775041 -0.1775041 -0.1048241 -0.1048241 0.1737455E-02 0.1737455E-02 0.6640262E-01 0.1698971 0.1698971 0.1513860 0.1513860 0.4766885E-01 0.4766885E-01 0.4766885E-01 0.1880968E-01 0.1880968E-01 0.3323673E-02 0.3323673E-02 -0.6644407E-02 -0.6644407E-02 -0.1345821E-01 -0.1345821E-01 -0.1758368E-01 -0.1758368E-01 -0.1758368E-01
-0.1561614E-02 -0.1561614E-02 -0.3799773E-02 -0.7477070E-02 -0.6717164E-02 -0.6717164E-02 -0.6227102E-02 -0.5921560E-02 -0.5921560E-02 -0.5914653E-02 -0.5914653E-02 -0.5941179E-02 -0.5949723E-02 -0.5952816E-02 -0.5989484E-02 -0.5989484E-02 -0.9814363E-03 -0.1007035E-01 -0.2877282E-01 -0.5663499E-01 -0.9261730E-01 -0.1355316 -0.1842942 -0.2376482 -0.2943856 -0.3532707 -0.4129015 -0.4714589 -0.5261981 -0.5691118 -0.5691118 -0.5223092 -0.4600239 -0.3440906 -0.2900536 -0.2900536 -0.1597548 -0.1597548 0.1757014E-01 0.1757014E-01 0.1075003 0.2350534 0.2350534 0.2395602 0.2395602 0.9669261E-01 0.9669261E-01 0.9669261E-01 0.3708835E-01 0.3708835E-01 0.4274651E-02 0.4274651E-02 -0.1450653E-01 -0.1450653E-01 -0.2551193E-01 -0.2551193E-01 -0.3095604E-01 -0.3095604E-01 -0.3095604E-01
-0.1252002E-02 -0.1252002E-02 -0.2622499E-02 -0.5616938E-02 -0.5088588E-02 -0.5088588E-02 -0.4708686E-02 -0.4439354E-02 -0.4439354E-02 -0.4425514E-02 -0.4425514E-02 -0.4454994E-02 -0.4467361E-02 -0.4474705E-02 -0.4535222E-02 -0.4535222E-02 -0.7658818E-02 -0.2035547E-01 -0.4192107E-01 -0.7192484E-01 -0.1095195 -0.1537215 -0.2036019 -0.2581561 -0.3163916 -0.3773125 -0.4398189 -0.5024683 -0.5629547 -0.6144825 -0.6144825 -0.6025890 -0.5641822 -0.4569457 -0.3861187 -0.3861187 -0.1871322 -0.1871322 0.4754706E-01 0.4754706E-01 0.1460082 0.2709831 0.2709831 0.2888575 0.2888575 0.1443293 0.1443293 0.1443293 0.6012930E-01 0.6012930E-01 0.8655065E-02 0.8655065E-02 -0.2094537E-01 -0.2094537E-01 -0.3722293E-01 -0.3722293E-01 -0.4427196E-01 -0.4427196E-01 -0.4427196E-01
-0.8742970E-03 -0.8742970E-03 -0.1669664E-02 -0.3743112E-02 -0.3413979E-02 -0.3413979E-02 -0.3161978E-02 -0.2962078E-02 -0.2962078E-02 -0.2941269E-02 -0.2941269E-02 -0.2961798E-02 -0.2972664E-02 -0.2980711E-02 -0.3070361E-02 -0.3070361E-02 -0.1514593E-01 -0.3288499E-01 -0.5875535E-01 -0.9214398E-01 -0.1322653 -0.1782961 -0.2294754 -0.2850285 -0.3441779 -0.4061335 -0.4700254 -0.5347208 -0.5983641 -0.6555426 -0.6555426 -0.6681806 -0.6497473 -0.5425001 -0.4442982 -0.4442982 -0.1720455 -0.1720455 0.8104502E-01 0.8104502E-01 0.1704050 0.2773553 0.2773553 0.3024301 0.3024301 0.1816097 0.1816097 0.1816097 0.8497673E-01 0.8497673E-01 0.1714837E-01 0.1714837E-01 -0.2418948E-01 -0.2418948E-01 -0.4678924E-01 -0.4678924E-01 -0.5595075E-01 -0.5595075E-01 -0.5595075E-01
-0.4510760E-03 -0.4510760E-03 -0.8150829E-03 -0.1869439E-02 -0.1712434E-02 -0.1712434E-02 -0.1588179E-02 -0.1482782E-02 -0.1482782E-02 -0.1468533E-02 -0.1468533E-02 -0.1478483E-02 -0.1484187E-02 -0.1488670E-02 -0.1613410E-02 -0.1613410E-02 -0.2409228E-01 -0.4835812E-01 -0.8006988E-01 -0.1182299 -0.1619773 -0.2105832 -0.2634510 -0.3200378 -0.3798133 -0.4422248 -0.5066401 -0.5722038 -0.6374477 -0.6980687 -0.6980687 -0.7267461 -0.7211717 -0.5851558 -0.4436766 -0.4436766 -0.1233171 -0.1233171 0.1023706 0.1023706 0.1738854 0.2607787 0.2607787 0.2904002 0.2904002 0.2033715 0.2033715 0.2033715 0.1074722 0.1074722 0.2880815E-01 0.2880815E-01 -0.2353697E-01 -0.2353697E-01 -0.5304394E-01 -0.5304394E-01 -0.6482825E-01 -0.6482825E-01 -0.6482825E-01
0.1996344E-06 0.1996344E-06 0.5876110E-07 -0.3198791E-07 0.7949632E-07 0.7949632E-07 -0.7916633E-07 -0.7287432E-07 -0.7287432E-07 -0.1732778E-06 -0.1732778E-06 0.1437178E-08 -0.2907782E-07 -0.4483850E-08 -0.1722384E-03 -0.1722384E-03 -0.3546377E-01 -0.6794910E-01 -0.1071739 -0.1515927 -0.2001650 -0.2521995 -0.3072523 -0.3650142 -0.4252270 -0.4876188 -0.5518366 -0.6173200 -0.6829381 -0.7450026 -0.7450026 -0.7819075 -0.7766965 -0.5617309 -0.3767657 -0.3767657 -0.6931190E-01 -0.6931190E-01 0.1039343 0.1039343 0.1585338 0.2301549 0.2301549 0.2627591 0.2627591 0.2084391 0.2084391 0.2084391 0.1234353 0.1234353 0.4138323E-01 0.4138323E-01 -0.1924820E-01 -0.1924820E-01 -0.5529998E-01 -0.5529998E-01 -0.6995271E-01 -0.6995271E-01 -0.6995271E-01
0.4512704E-03 0.4512704E-03 0.8152451E-03 0.1869305E-02 0.1712304E-02 0.1712304E-02 0.1588003E-02 0.1482760E-02 0.1482760E-02 0.1468239E-02 0.1468239E-02 0.1478339E-02 0.1484103E-02 0.1488551E-02 0.1249767E-02 0.1249767E-02 -0.5071697E-01 -0.9350508E-01 -0.1421065 -0.1943375 -0.2489389 -0.3052469 -0.3629790 -0.4220703 -0.4825531 -0.5444649 -0.6077698 -0.6722308 -0.7369490 -0.7978344 -0.7978344 -0.8322627 -0.8013074 -0.4610395 -0.2707468 -0.2707468 -0.3415469E-01 -0.3415469E-01 0.8946903E-01 0.8946903E-01 0.1320063 0.1931169 0.1931169 0.2268358 0.2268358 0.1986553 0.1986553 0.1986553 0.1299412 0.1299412 0.5199786E-01 0.5199786E-01 -0.1242447E-01 -0.1242447E-01 -0.5336576E-01 -0.5336576E-01 -0.7059603E-01 -0.7059603E-01 -0.7059603E-01
0.8743394E-03 0.8743394E-03 0.1669640E-02 0.3743043E-02 0.3413826E-02 0.3413826E-02 0.3161968E-02 0.2962059E-02 0.2962059E-02 0.2941036E-02 0.2941036E-02 0.2961534E-02 0.2972606E-02 0.2980534E-02 0.2646882E-02 0.2646882E-02 -0.7216694E-01 -0.1279414 -0.1880209 -0.2496162 -0.3113249 -0.3725843 -0.4333312 -0.4937820 -0.5542811 -0.6151946 -0.6768243 -0.7392488 -0.8014268 -0.8559306 -0.8559306 -0.8648015 -0.7559923 -0.3178611 -0.1746036 -0.1746036 -0.2161927E-01 -0.2161927E-01 0.6750063E-01 0.6750063E-01 0.1019149 0.1546333 0.1546333 0.1872560 0.1872560 0.1773586 0.1773586 0.1773586 0.1260180 0.1260180 0.5805582E-01 0.5805582E-01 -0.4696385E-02 -0.4696385E-02 -0.4754589E-01 -0.4754589E-01 -0.6633683E-01 -0.6633683E-01 -0.6633683E-01
0.1252012E-02 0.1252012E-02 0.2622426E-02 0.5616952E-02 0.5088575E-02 0.5088575E-02 0.4708674E-02 0.4439234E-02 0.4439234E-02 0.4425251E-02 0.4425251E-02 0.4454840E-02 0.4467162E-02 0.4474653E-02 0.4003803E-02 0.4003803E-02 -0.1037128 -0.1759797 -0.2498496 -0.3222018 -0.3917542 -0.4582425 -0.5219560 -0.5834699 -0.6434788 -0.7026926 -0.7617536 -0.8209540 -0.8776408 -0.9109002 -0.9109002 -0.8358536 -0.5947996 -0.1968238 -0.1153116 -0.1153116 -0.2150362E-01 -0.2150362E-01 0.4497448E-01 0.4497448E-01 0.7303982E-01 0.1172970 0.1172970 0.1467075 0.1467075 0.1480892 0.1480892 0.1480892 0.1124866 0.1124866 0.5798146E-01 0.5798146E-01 0.2243621E-02 0.2243621E-02 -0.3857018E-01 -0.3857018E-01 -0.5717203E-01 -0.5717203E-01 -0.5717203E-01
0.1561709E-02 0.1561709E-02 0.3799998E-02 0.7477027E-02 0.6717116E-02 0.6717116E-02 0.6227087E-02 0.5921302E-02 0.5921302E-02 0.5914404E-02 0.5914404E-02 0.5941047E-02 0.5949552E-02 0.5952846E-02 0.5290304E-02 0.5290304E-02 -0.1523522 -0.2455818 -0.3355266 -0.4194953 -0.4968890 -0.5681089 -0.6340210 -0.6956822 -0.7541959 -0.8106280 -0.8659520 -0.9201996 -0.9627766 -0.9238671 -0.9238671 -0.6665220 -0.3525920 -0.1259175 -0.8577508E-01 -0.8577508E-01 -0.2371923E-01 -0.2371923E-01 0.2550355E-01 0.2550355E-01 0.4763836E-01 0.8238685E-01 0.8238685E-01 0.1068829 0.1068829 0.1140374 0.1140374 0.1140374 0.9138701E-01 0.9138701E-01 0.5158263E-01 0.5158263E-01 0.7140266E-02 0.7140266E-02 -0.2742089E-01 -0.2742089E-01 -0.4359756E-01 -0.4359756E-01 -0.4359756E-01
