cruce_test.gid/Rasters/Hydraulic/Velocity__x_281.0.asc
NCOLS        79
NROWS        79
XLLCENTER         -1.500000
YLLCENTER         -4.800000
CELLSIZE           0.100
NODATA_VALUE     -9999.0
[rows 0 to 25 of 79, columns 0 to 57 of 79]
-9999.000 -9999.000 -9999.000 -9999.000 -9999.000 -9999.000 -9999.000 -9999.000 -9999.000 -9999.000 -9999.000 -9999.000 -9999.000 -9999.000 -9999.000 -0.4848427E-03 0.7592691E-03 0.4350449E-02 0.8548649E-02 0.1239080E-01 0.1542561E-01 0.1752786E-01 0.1869180E-01 0.1899986E-01 0.1855871E-01 0.1744839E-01 0.1572067E-01 0.1326374E-01 0.9393352E-02 0.4612837E-02 0.4612837E-02 -9999.000 -9999.000 -9999.000 -9999.000 -9999.000 -9999.000 -9999.000 -9999.000 -9999.000 -9999.000 -9999.000 -9999.000 -9999.000 -9999.000 -9999.000 -9999.000 -9999.000 -9999.000 -9999.000 -9999.000 -9999.000 -9999.000 -9999.000 -9999.000 -9999.000 -9999.000 -9999.000
-9999.000 -9999.000 -9999.000 -9999.000 -9999.000 -9999.000 -9999.000 -9999.000 -9999.000 -9999.000 -9999.000 -9999.000 -9999.000 -9999.000 -9999.000 0.7459695E-03 0.3204888E-02 0.7896854E-02 0.1308576E-01 0.1782512E-01 0.2162135E-01 0.2428628E-01 0.2576010E-01 0.2608265E-01 0.2533310E-01 0.2358291E-01 0.2089104E-01 0.1718480E-01 0.1191036E-01 0.5830145E-02 0.5830145E-02 -9999.000 -9999.000 -9999.000 -9999.000 -9999.000 -9999.000 -9999.000 -9999.000 -9999.000 -9999.000 -9999.000 -9999.000 -9999.000 -9999.000 -9999.000 -9999.000 -9999.000 -9999.000 -9999.000 -9999.000 -9999.000 -9999.000 -9999.000 -9999.000 -9999.000 -9999.000 -9999.000
-9999.000 -9999.000 -9999.000 -9999.000 -9999.000 -9999.000 -9999.000 -9999.000 -9999.000 -9999.000 -9999.000 -9999.000 -9999.000 -9999.000 -9999.000 0.1268920E-02 0.4326398E-02 0.9691913E-02 0.1550541E-01 0.2078219E-01 0.2500209E-01 0.2795970E-01 0.2958179E-01 0.2990143E-01 0.2899645E-01 0.2694237E-01 0.2380912E-01 0.1953616E-01 0.1356454E-01 0.6678033E-02 0.6678033E-02 -9999.000 -9999.000 -9999.000 -9999.000 -9999.000 -9999.000 -9999.000 -9999.000 -9999.000 -9999.000 -9999.000 -9999.000 -9999.000 -9999.000 -9999.000 -9999.000 -9999.000 -9999.000 -9999.000 -9999.000 -9999.000 -9999.000 -9999.000 -9999.000 -9999.000 -9999.000 -9999.000
-9999.000 -9999.000 -9999.000 -9999.000 -9999.000 -9999.000 -9999.000 -9999.000 -9999.000 -9999.000 -9999.000 -9999.000 -9999.000 -9999.000 -9999.000 0.1565258E-02 0.4979747E-02 0.1076881E-01 0.1698621E-01 0.2261352E-01 0.2711213E-01 0.3026744E-01 0.3200018E-01 0.3234161E-01 0.3137131E-01 0.2916646E-01 0.2580211E-01 0.2121689E-01 0.1482285E-01 0.7352924E-02 0.7352924E-02 -9999.000 -9999.000 -9999.000 -9999.000 -9999.000 -9999.000 -9999.000 -9999.000 -9999.000 -9999.000 -9999.000 -9999.000 -9999.000 -9999.000 -9999.000 -9999.000 -9999.000 -9999.000 -9999.000 -9999.000 -9999.000 -9999.000 -9999.000 -9999.000 -9999.000 -9999.000 -9999.000
-9999.000 -9999.000 -9999.000 -9999.000 -9999.000 -9999.000 -9999.000 -9999.000 -9999.000 -9999.000 -9999.000 -9999.000 -9999.000 -9999.000 -9999.000 0.1779145E-02 0.5458555E-02 0.1156854E-01 0.1809556E-01 0.2399266E-01 0.2870861E-01 0.3202403E-01 0.3385575E-01 0.3423614E-01 0.3324597E-01 0.3096290E-01 0.2746401E-01 0.2268059E-01 0.1598121E-01 0.7998268E-02 0.7998268E-02 -9999.000 -9999.000 -9999.000 -9999.000 -9999.000 -9999.000 -9999.000 -9999.000 -9999.000 -9999.000 -9999.000 -9999.000 -9999.000 -9999.000 -9999.000 -9999.000 -9999.000 -9999.000 -9999.000 -9999.000 -9999.000 -9999.000 -9999.000 -9999.000 -9999.000 -9999.000 -9999.000
-9999.000 -9999.000 -9999.000 -9999.000 -9999.000 -9999.000 -9999.000 -9999.000 -9999.000 -9999.000 -9999.000 -9999.000 -9999.000 -9999.000 -9999.000 0.1973928E-02 0.5893673E-02 0.1229246E-01 0.1909648E-01 0.2523426E-01 0.3014538E-01 0.3360850E-01 0.3553845E-01 0.3597010E-01 0.3498579E-01 0.3266263E-01 0.2907796E-01 0.2415174E-01 0.1719542E-01 0.8693054E-02 0.8693054E-02 -9999.000 -9999.000 -9999.000 -9999.000 -9999.000 -9999.000 -9999.000 -9999.000 -9999.000 -9999.000 -9999.000 -9999.000 -9999.000 -9999.000 -9999.000 -9999.000 -9999.000 -9999.000 -9999.000 -9999.000 -9999.000 -9999.000 -9999.000 -9999.000 -9999.000 -9999.000 -9999.000
-9999.000 -9999.000 -9999.000 -9999.000 -9999.000 -9999.000 -9999.000 -9999.000 -9999.000 -9999.000 -9999.000 -9999.000 -9999.000 -9999.000 -9999.000 0.2179600E-02 0.6347313E-02 0.1303637E-01 0.2011472E-01 0.2648851E-01 0.3159156E-01 0.3520282E-01 0.3723673E-01 0.3773216E-01 0.3677267E-01 0.3443415E-01 0.3079370E-01 0.2575594E-01 0.1856093E-01 0.9490264E-02 0.9490264E-02 -9999.000 -9999.000 -9999.000 -9999.000 -9999.000 -9999.000 -9999.000 -9999.000 -9999.000 -9999.000 -9999.000 -9999.000 -9999.000 -9999.000 -9999.000 -9999.000 -9999.000 -9999.000 -9999.000 -9999.000 -9999.000 -9999.000 -9999.000 -9999.000 -9999.000 -9999.000 -9999.000
-9999.000 -9999.000 -9999.000 -9999.000 -9999.000 -9999.000 -9999.000 -9999.000 -9999.000 -9999.000 -9999.000 -9999.000 -9999.000 -9999.000 -9999.000 0.2412750E-02 0.6853357E-02 0.1385094E-01 0.2121599E-01 0.2783423E-01 0.3313607E-01 0.3690406E-01 0.3905266E-01 0.3962639E-01 0.3871029E-01 0.3637853E-01 0.3270751E-01 0.2758204E-01 0.2015517E-01 0.1043593E-01 0.1043593E-01 -9999.000 -9999.000 -9999.000 -9999.000 -9999.000 -9999.000 -9999.000 -9999.000 -9999.000 -9999.000 -9999.000 -9999.000 -9999.000 -9999.000 -9999.000 -9999.000 -9999.000 -9999.000 -9999.000 -9999.000 -9999.000 -9999.000 -9999.000 -9999.000 -9999.000 -9999.000 -9999.000
-9999.000 -9999.000 -9999.000 -9999.000 -9999.000 -9999.000 -9999.000 -9999.000 -9999.000 -9999.000 -9999.000 -9999.000 -9999.000 -9999.000 -9999.000 0.2683369E-02 0.7432731E-02 0.1476889E-01 0.2244256E-01 0.2932141E-01 0.3483647E-01 0.3877573E-01 0.4105514E-01 0.4172587E-01 0.4087530E-01 0.3857526E-01 0.3490135E-01 0.2971339E-01 0.2205915E-01 0.1158210E-01 0.1158210E-01 -9999.000 -9999.000 -9999.000 -9999.000 -9999.000 -9999.000 -9999.000 -9999.000 -9999.000 -9999.000 -9999.000 -9999.000 -9999.000 -9999.000 -9999.000 -9999.000 -9999.000 -9999.000 -9999.000 -9999.000 -9999.000 -9999.000 -9999.000 -9999.000 -9999.000 -9999.000 -9999.000
-9999.000 -9999.000 -9999.000 -9999.000 -9999.000 -9999.000 -9999.000 -9999.000 -9999.000 -9999.000 -9999.000 -9999.000 -9999.000 -9999.000 -9999.000 0.3000413E-02 0.8103712E-02 0.1581799E-01 0.2383086E-01 0.3099441E-01 0.3674335E-01 0.4087466E-01 0.4330687E-01 0.4410005E-01 0.4334402E-01 0.4110813E-01 0.3746641E-01 0.3224903E-01 0.2437533E-01 0.1299635E-01 0.1299635E-01 -9999.000 -9999.000 -9999.000 -9999.000 -9999.000 -9999.000 -9999.000 -9999.000 -9999.000 -9999.000 -9999.000 -9999.000 -9999.000 -9999.000 -9999.000 -9999.000 -9999.000 -9999.000 -9999.000 -9999.000 -9999.000 -9999.000 -9999.000 -9999.000 -9999.000 -9999.000 -9999.000
-9999.000 -9999.000 -9999.000 -9999.000 -9999.000 -9999.000 -9999.000 -9999.000 -9999.000 -9999.000 -9999.000 -9999.000 -9999.000 -9999.000 -9999.000 0.3373493E-02 0.8886919E-02 0.1702926E-01 0.2542140E-01 0.3290160E-01 0.3891348E-01 0.4326551E-01 0.4588076E-01 0.4683068E-01 0.4620836E-01 0.4408021E-01 0.4051946E-01 0.3531944E-01 0.2724378E-01 0.1477280E-01 0.1477280E-01 -9999.000 -9999.000 -9999.000 -9999.000 -9999.000 -9999.000 -9999.000 -9999.000 -9999.000 -9999.000 -9999.000 -9999.000 -9999.000 -9999.000 -9999.000 -9999.000 -9999.000 -9999.000 -9999.000 -9999.000 -9999.000 -9999.000 -9999.000 -9999.000 -9999.000 -9999.000 -9999.000
-9999.000 -9999.000 -9999.000 -9999.000 -9999.000 -9999.000 -9999.000 -9999.000 -9999.000 -9999.000 -9999.000 -9999.000 -9999.000 -9999.000 -9999.000 0.3814650E-02 0.9806407E-02 0.1844095E-01 0.2726519E-01 0.3510598E-01 0.4142054E-01 0.4603314E-01 0.4887357E-01 0.5002812E-01 0.4959431E-01 0.4763519E-01 0.4422430E-01 0.3911046E-01 0.3086818E-01 0.1704922E-01 0.1704922E-01 -9999.000 -9999.000 -9999.000 -9999.000 -9999.000 -9999.000 -9999.000 -9999.000 -9999.000 -9999.000 -9999.000 -9999.000 -9999.000 -9999.000 -9999.000 -9999.000 -9999.000 -9999.000 -9999.000 -9999.000 -9999.000 -9999.000 -9999.000 -9999.000 -9999.000 -9999.000 -9999.000
-9999.000 -9999.000 -9999.000 -9999.000 -9999.000 -9999.000 -9999.000 -9999.000 -9999.000 -9999.000 -9999.000 -9999.000 -9999.000 -9999.000 -9999.000 0.4343291E-02 0.1090465E-01 0.2011894E-01 0.2944695E-01 0.3770818E-01 0.4437992E-01 0.4930838E-01 0.5243220E-01 0.5385765E-01 0.5368869E-01 0.5198573E-01 0.4882475E-01 0.4390087E-01 0.3555681E-01 0.2003525E-01 0.2003525E-01 -9999.000 -9999.000 -9999.000 -9999.000 -9999.000 -9999.000 -9999.000 -9999.000 -9999.000 -9999.000 -9999.000 -9999.000 -9999.000 -9999.000 -9999.000 -9999.000 -9999.000 -9999.000 -9999.000 -9999.000 -9999.000 -9999.000 -9999.000 -9999.000 -9999.000 -9999.000 -9999.000
-9999.000 -9999.000 -9999.000 -9999.000 -9999.000 -9999.000 -9999.000 -9999.000 -9999.000 -9999.000 -9999.000 -9999.000 -9999.000 -9999.000 -9999.000 0.5535675E-02 0.1338287E-01 0.2382902E-01 0.3366146E-01 0.4225685E-01 0.4918211E-01 0.5431721E-01 0.5762959E-01 0.5926172E-01 0.5932872E-01 0.5789099E-01 0.5502771E-01 0.5036555E-01 0.4195659E-01 0.2415760E-01 0.2415760E-01 -9999.000 -9999.000 -9999.000 -9999.000 -9999.000 -9999.000 -9999.000 -9999.000 -9999.000 -9999.000 -9999.000 -9999.000 -9999.000 -9999.000 -9999.000 -9999.000 -9999.000 -9999.000 -9999.000 -9999.000 -9999.000 -9999.000 -9999.000 -9999.000 -9999.000 -9999.000 -9999.000
-9999.000 -9999.000 -9999.000 -9999.000 -9999.000 -9999.000 -9999.000 -9999.000 -9999.000 -9999.000 -9999.000 -9999.000 -9999.000 -9999.000 -9999.000 0.7131882E-01 0.1080434 0.1240632 0.1165784 0.1068240 0.9892500E-01 0.9152691E-01 0.8462349E-01 0.7826628E-01 0.7224438E-01 0.6638090E-01 0.6047494E-01 0.5381938E-01 0.4401457E-01 0.2169349E-01 0.2169349E-01 -9999.000 -9999.000 -9999.000 -9999.000 -9999.000 -9999.000 -9999.000 -9999.000 -9999.000 -9999.000 -9999.000 -9999.000 -9999.000 -9999.000 -9999.000 -9999.000 -9999.000 -9999.000 -9999.000 -9999.000 -9999.000 -9999.000 -9999.000 -9999.000 -9999.000 -9999.000 -9999.000
2.796646 2.796646 2.794503 2.814043 2.832265 2.832265 2.834647 2.834255 2.834255 2.830831 2.830831 2.825170 2.821678 2.817828 2.813901 2.813901 2.937430 2.941026 2.942124 2.924573 2.884516 2.822681 2.738010 2.629366 2.500889 2.353308 2.190711 2.022693 1.874402 1.814096 1.814096 2.662810 2.838729 2.937907 2.962124 2.962124 2.993196 2.993196 2.971650 2.971650 2.925048 2.737024 2.737024 2.331843 2.331843 2.052045 2.052045 2.052045 2.042155 2.042155 2.076462 2.076462 2.124973 2.124973 2.174821 2.174821 2.218910 2.218910
2.819045 2.819045 2.822272 2.867282 2.892647 2.892647 2.906919 2.929058 2.929058 2.947686 2.947686 2.963898 2.971281 2.978261 2.985101 2.985101 3.077351 3.094559 3.109513 3.119497 3.123443 3.120219 3.107307 3.081541 3.041269 2.984010 2.908611 2.816366 2.714462 2.639206 2.639206 3.097096 3.257516 3.409910 3.450771 3.450771 3.496432 3.496432 3.495488 3.495488 3.472521 3.365544 3.365544 3.142574 3.142574 2.880598 2.880598 2.880598 2.868748 2.868748 2.905077 2.905077 2.956715 2.956715 3.009105 3.009105 3.056317 3.056317
2.823307 2.823307 2.824093 2.868458 2.891976 2.891976 2.907114 2.930330 2.930330 2.949651 2.949651 2.966580 2.974359 2.981764 2.989082 2.989082 3.072107 3.100874 3.126813 3.148657 3.165776 3.177927 3.184370 3.183748 3.175091 3.156670 3.126842 3.085101 3.034679 2.996864 2.996864 3.259986 3.416503 3.595800 3.647503 3.647503 3.699748 3.699748 3.688182 3.688182 3.657593 3.554643 3.554643 3.401493 3.401493 3.175305 3.175305 3.175305 3.147530 3.147530 3.172042 3.172042 3.215316 3.215316 3.261573 3.261573 3.304172 3.304172
2.825478 2.825478 2.827835 2.868873 2.891007 2.891007 2.906580 2.930298 2.930298 2.949651 2.949651 2.966544 2.974317 2.981724 2.989108 2.989108 3.066804 3.105408 3.141601 3.173358 3.199627 3.220063 3.234441 3.242370 3.243749 3.238151 3.225000 3.204154 3.177681 3.159230 3.159230 3.320300 3.459555 3.647408 3.704934 3.704934 3.754474 3.754474 3.721481 3.721481 3.680953 3.587074 3.587074 3.490067 3.490067 3.316229 3.316229 3.316229 3.275032 3.275032 3.285808 3.285808 3.320642 3.320642 3.362043 3.362043 3.401480 3.401480
2.823431 2.823431 2.834175 2.869238 2.890499 2.890499 2.906409 2.930610 2.930610 2.950017 2.950017 2.966873 2.974625 2.982013 2.989458 2.989458 3.065986 3.113087 3.158546 3.199337 3.233968 3.261823 3.282667 3.296350 3.302996 3.302741 3.295722 3.282383 3.264630 3.251966 3.251966 3.351342 3.466642 3.645296 3.699263 3.699263 3.725704 3.725704 3.664613 3.664613 3.622690 3.558700 3.558700 3.514997 3.514997 3.401702 3.401702 3.401702 3.354676 3.354676 3.350861 3.350861 3.374755 3.374755 3.409605 3.409605 3.444924 3.444924
2.823141 2.823141 2.838459 2.869209 2.889906 2.889906 2.906041 2.930616 2.930616 2.950064 2.950064 2.966893 2.974636 2.982017 2.989585 2.989585 3.070158 3.125086 3.178877 3.227738 3.269882 3.304513 3.331325 3.350206 3.361285 3.364814 3.361151 3.350959 3.335984 3.323069 3.323069 3.380788 3.468571 3.617866 3.653845 3.653845 3.633415 3.633415 3.558134 3.558134 3.530921 3.513153 3.513153 3.514842 3.514842 3.459260 3.459260 3.459260 3.416241 3.416241 3.400930 3.400930 3.412328 3.412328 3.438279 3.438279 3.467553 3.467553
2.823193 2.823193 2.840765 2.869180 2.889546 2.889546 2.905806 2.930617 2.930617 2.950092 2.950092 2.966902 2.974639 2.982017 2.989760 2.989760 3.080381 3.143001 3.204275 3.260101 3.308635 3.349060 3.381061 3.404558 3.419649 3.426567 3.425671 3.417586 3.403735 3.388923 3.388923 3.417227 3.475786 3.568960 3.566938 3.566938 3.491317 3.491317 3.438785 3.438785 3.438739 3.467953 3.467953 3.503370 3.503370 3.496488 3.496488 3.496488 3.465746 3.465746 3.445065 3.445065 3.444803 3.444803 3.460155 3.460155 3.481351 3.481351
2.823208 2.823208 2.841534 2.869170 2.889427 2.889427 2.905726 2.930618 2.930618 2.950103 2.950103 2.966905 2.974639 2.982016 2.990008 2.990008 3.097729 3.168311 3.236333 3.297940 3.351526 3.396450 3.432512 3.459707 3.478141 3.488014 3.489623 3.483452 3.470524 3.453835 3.453835 3.460544 3.487445 3.483562 3.425671 3.425671 3.327080 3.327080 3.333482 3.333482 3.361177 3.426510 3.426510 3.485161 3.485161 3.516912 3.516912 3.516912 3.503107 3.503107 3.483864 3.483864 3.475055 3.475055 3.479432 3.479432 3.490892 3.490892
2.823184 2.823184 2.840786 2.869179 2.889546 2.889546 2.905805 2.930617 2.930617 2.950092 2.950092 2.966901 2.974638 2.982016 2.990355 2.990355 3.123705 3.202718 3.276749 3.342810 3.399881 3.447713 3.486362 3.515979 3.536746 3.548856 3.552531 3.548101 3.536131 3.517622 3.517622 3.505831 3.492064 3.335580 3.230677 3.230677 3.179546 3.179546 3.254281 3.254281 3.301114 3.389195 3.389195 3.463340 3.463340 3.524443 3.524443 3.524443 3.528466 3.528466 3.516001 3.516001 3.503044 3.503044 3.497489 3.497489 3.498252 3.498252
2.823124 2.823124 2.838498 2.869209 2.889907 2.889907 2.906041 2.930617 2.930617 2.950064 2.950064 2.966892 2.974636 2.982018 2.990836 2.990836 3.160505 3.248337 3.327419 3.396311 3.454974 3.503790 3.543215 3.573652 3.595407 3.608707 3.613732 3.610648 3.599387 3.577610 3.577610 3.541544 3.459838 3.116901 3.020664 3.020664 3.072288 3.072288 3.193112 3.193112 3.250399 3.352043 3.352043 3.437062 3.437062 3.520245 3.520245 3.520245 3.540563 3.540563 3.537837 3.537837 3.524908 3.524908 3.511693 3.511693 3.501842 3.501842
2.823407 2.823407 2.834224 2.869241 2.890500 2.890500 2.906409 2.930610 2.930610 2.950016 2.950016 2.966873 2.974626 2.982012 2.991497 2.991497 3.211440 3.307941 3.390492 3.460014 3.517880 3.565340 3.603383 3.632722 3.653836 3.667009 3.672394 3.669966 3.658315 3.626451 3.626451 3.537903 3.333860 2.874015 2.855706 2.855706 2.997535 2.997535 3.139645 3.139645 3.202197 3.312320 3.312320 3.405295 3.405295 3.504712 3.504712 3.504712 3.538502 3.538502 3.546092 3.546092 3.536032 3.536032 3.517855 3.517855 3.498414 3.498414
