cruce_test.gid/Rasters/Hydraulic/Velocity__y_219.0.asc
NCOLS        79
NROWS        79
XLLCENTER         -1.500000
YLLCENTER         -4.800000
CELLSIZE           0.100
NODATA_VALUE     -9999.0
[rows 0 to 26 of 79, columns 0 to 58 of 79]
-9999.000 -9999.000 -9999.000 -9999.000 -9999.000 -9999.000 -9999.000 -9999.000 -9999.000 -9999.000 -9999.000 -9999.000 -9999.000 -9999.000 -9999.000 -0.8893967E-01 -0.8559236E-01 -0.8412912E-01 -0.8347355E-01 -0.8392281E-01 -0.8475644E-01 -0.8563842E-01 -0.8649883E-01 -0.8727254E-01 -0.8792046E-01 -0.8848938E-01 -0.8901152E-01 -0.8964725E-01 -0.9097864E-01 -0.9237968E-01 -0.9237968E-01 -9999.000 -9999.000 -9999.000 -9999.000 -9999.000 -9999.000 -9999.000 -9999.000 -9999.000 -9999.000 -9999.000 -9999.000 -9999.000 -9999.000 -9999.000 -9999.000 -9999.000 -9999.000 -9999.000 -9999.000 -9999.000 -9999.000 -9999.000 -9999.000 -9999.000 -9999.000 -9999.000 -9999.000
-9999.000 -9999.000 -9999.000 -9999.000 -9999.000 -9999.000 -9999.000 -9999.000 -9999.000 -9999.000 -9999.000 -9999.000 -9999.000 -9999.000 -9999.000 -0.9003171E-01 -0.8298881E-01 -0.7985855E-01 -0.7847511E-01 -0.7948098E-01 -0.8135235E-01 -0.8336584E-01 -0.8536055E-01 -0.8718587E-01 -0.8874920E-01 -0.9014185E-01 -0.9142441E-01 -0.9292880E-01 -0.9587068E-01 -0.9923760E-01 -0.9923760E-01 -9999.000 -9999.000 -9999.000 -9999.000 -9999.000 -9999.000 -9999.000 -9999.000 -9999.000 -9999.000 -9999.000 -9999.000 -9999.000 -9999.000 -9999.000 -9999.000 -9999.000 -9999.000 -9999.000 -9999.000 -9999.000 -9999.000 -9999.000 -9999.000 -9999.000 -9999.000 -9999.000 -9999.000
-9999.000 -9999.000 -9999.000 -9999.000 -9999.000 -9999.000 -9999.000 -9999.000 -9999.000 -9999.000 -9999.000 -9999.000 -9999.000 -9999.000 -9999.000 -0.9025011E-01 -0.7915038E-01 -0.7410868E-01 -0.7193442E-01 -0.7367691E-01 -0.7689156E-01 -0.8040133E-01 -0.8392838E-01 -0.8720961E-01 -0.9007756E-01 -0.9266412E-01 -0.9505097E-01 -0.9775691E-01 -0.1027155 -0.1087922 -0.1087922 -9999.000 -9999.000 -9999.000 -9999.000 -9999.000 -9999.000 -9999.000 -9999.000 -9999.000 -9999.000 -9999.000 -9999.000 -9999.000 -9999.000 -9999.000 -9999.000 -9999.000 -9999.000 -9999.000 -9999.000 -9999.000 -9999.000 -9999.000 -9999.000 -9999.000 -9999.000 -9999.000 -9999.000
-9999.000 -9999.000 -9999.000 -9999.000 -9999.000 -9999.000 -9999.000 -9999.000 -9999.000 -9999.000 -9999.000 -9999.000 -9999.000 -9999.000 -9999.000 -0.8999428E-01 -0.7483316E-01 -0.6787697E-01 -0.6494430E-01 -0.6750060E-01 -0.7215183E-01 -0.7725859E-01 -0.8242637E-01 -0.8727351E-01 -0.9155293E-01 -0.9543625E-01 -0.9902167E-01 -0.1030191 -0.1101151 -0.1193737 -0.1193737 -9999.000 -9999.000 -9999.000 -9999.000 -9999.000 -9999.000 -9999.000 -9999.000 -9999.000 -9999.000 -9999.000 -9999.000 -9999.000 -9999.000 -9999.000 -9999.000 -9999.000 -9999.000 -9999.000 -9999.000 -9999.000 -9999.000 -9999.000 -9999.000 -9999.000 -9999.000 -9999.000 -9999.000
-9999.000 -9999.000 -9999.000 -9999.000 -9999.000 -9999.000 -9999.000 -9999.000 -9999.000 -9999.000 -9999.000 -9999.000 -9999.000 -9999.000 -9999.000 -0.8948572E-01 -0.7021160E-01 -0.6132055E-01 -0.5764040E-01 -0.6106373E-01 -0.6721459E-01 -0.7398226E-01 -0.8085872E-01 -0.8733843E-01 -0.9309186E-01 -0.9833385E-01 -0.1031766 -0.1085313 -0.1178835 -0.1308342 -0.1308342 -9999.000 -9999.000 -9999.000 -9999.000 -9999.000 -9999.000 -9999.000 -9999.000 -9999.000 -9999.000 -9999.000 -9999.000 -9999.000 -9999.000 -9999.000 -9999.000 -9999.000 -9999.000 -9999.000 -9999.000 -9999.000 -9999.000 -9999.000 -9999.000 -9999.000 -9999.000 -9999.000 -9999.000
-9999.000 -9999.000 -9999.000 -9999.000 -9999.000 -9999.000 -9999.000 -9999.000 -9999.000 -9999.000 -9999.000 -9999.000 -9999.000 -9999.000 -9999.000 -0.8878889E-01 -0.6534223E-01 -0.5449499E-01 -0.5007374E-01 -0.5441094E-01 -0.6211253E-01 -0.7058887E-01 -0.7922440E-01 -0.8738436E-01 -0.9465481E-01 -0.1013003 -0.1074445 -0.1142143 -0.1259514 -0.1431900 -0.1431900 -9999.000 -9999.000 -9999.000 -9999.000 -9999.000 -9999.000 -9999.000 -9999.000 -9999.000 -9999.000 -9999.000 -9999.000 -9999.000 -9999.000 -9999.000 -9999.000 -9999.000 -9999.000 -9999.000 -9999.000 -9999.000 -9999.000 -9999.000 -9999.000 -9999.000 -9999.000 -9999.000 -9999.000
-9999.000 -9999.000 -9999.000 -9999.000 -9999.000 -9999.000 -9999.000 -9999.000 -9999.000 -9999.000 -9999.000 -9999.000 -9999.000 -9999.000 -9999.000 -0.8790167E-01 -0.6023024E-01 -0.4740939E-01 -0.4225611E-01 -0.4755607E-01 -0.5685629E-01 -0.6708214E-01 -0.7752000E-01 -0.8739902E-01 -0.9621993E-01 -0.1043061 -0.1117897 -0.1200308 -0.1342988 -0.1565486 -0.1565486 -9999.000 -9999.000 -9999.000 -9999.000 -9999.000 -9999.000 -9999.000 -9999.000 -9999.000 -9999.000 -9999.000 -9999.000 -9999.000 -9999.000 -9999.000 -9999.000 -9999.000 -9999.000 -9999.000 -9999.000 -9999.000 -9999.000 -9999.000 -9999.000 -9999.000 -9999.000 -9999.000 -9999.000
-9999.000 -9999.000 -9999.000 -9999.000 -9999.000 -9999.000 -9999.000 -9999.000 -9999.000 -9999.000 -9999.000 -9999.000 -9999.000 -9999.000 -9999.000 -0.8679007E-01 -0.5485655E-01 -0.4005159E-01 -0.3418068E-01 -0.4049824E-01 -0.5144585E-01 -0.6345945E-01 -0.7573903E-01 -0.8737153E-01 -0.9777083E-01 -0.1073308 -0.1161888 -0.1259599 -0.1429271 -0.1710833 -0.1710833 -9999.000 -9999.000 -9999.000 -9999.000 -9999.000 -9999.000 -9999.000 -9999.000 -9999.000 -9999.000 -9999.000 -9999.000 -9999.000 -9999.000 -9999.000 -9999.000 -9999.000 -9999.000 -9999.000 -9999.000 -9999.000 -9999.000 -9999.000 -9999.000 -9999.000 -9999.000 -9999.000 -9999.000
-9999.000 -9999.000 -9999.000 -9999.000 -9999.000 -9999.000 -9999.000 -9999.000 -9999.000 -9999.000 -9999.000 -9999.000 -9999.000 -9999.000 -9999.000 -0.8540174E-01 -0.4918878E-01 -0.3239765E-01 -0.2583078E-01 -0.3322911E-01 -0.4587507E-01 -0.5971299E-01 -0.7387210E-01 -0.8728923E-01 -0.9929051E-01 -0.1103550 -0.1206202 -0.1319837 -0.1518455 -0.1870315 -0.1870315 -9999.000 -9999.000 -9999.000 -9999.000 -9999.000 -9999.000 -9999.000 -9999.000 -9999.000 -9999.000 -9999.000 -9999.000 -9999.000 -9999.000 -9999.000 -9999.000 -9999.000 -9999.000 -9999.000 -9999.000 -9999.000 -9999.000 -9999.000 -9999.000 -9999.000 -9999.000 -9999.000 -9999.000
-9999.000 -9999.000 -9999.000 -9999.000 -9999.000 -9999.000 -9999.000 -9999.000 -9999.000 -9999.000 -9999.000 -9999.000 -9999.000 -9999.000 -9999.000 -0.8366890E-01 -0.4318440E-01 -0.2441500E-01 -0.1718228E-01 -0.2573438E-01 -0.4013310E-01 -0.5583087E-01 -0.7190620E-01 -0.8713546E-01 -0.1007577 -0.1133547 -0.1250580 -0.1380808 -0.1610649 -0.2047089 -0.2047089 -9999.000 -9999.000 -9999.000 -9999.000 -9999.000 -9999.000 -9999.000 -9999.000 -9999.000 -9999.000 -9999.000 -9999.000 -9999.000 -9999.000 -9999.000 -9999.000 -9999.000 -9999.000 -9999.000 -9999.000 -9999.000 -9999.000 -9999.000 -9999.000 -9999.000 -9999.000 -9999.000 -9999.000
-9999.000 -9999.000 -9999.000 -9999.000 -9999.000 -9999.000 -9999.000 -9999.000 -9999.000 -9999.000 -9999.000 -9999.000 -9999.000 -9999.000 -9999.000 -0.8150954E-01 -0.3679047E-01 -0.1606161E-01 -0.8203119E-02 -0.1799360E-01 -0.3420349E-01 -0.5179546E-01 -0.6982262E-01 -0.8688805E-01 -0.1021442 -0.1162986 -0.1294675 -0.1442209 -0.1705934 -0.2245362 -0.2245362 -9999.000 -9999.000 -9999.000 -9999.000 -9999.000 -9999.000 -9999.000 -9999.000 -9999.000 -9999.000 -9999.000 -9999.000 -9999.000 -9999.000 -9999.000 -9999.000 -9999.000 -9999.000 -9999.000 -9999.000 -9999.000 -9999.000 -9999.000 -9999.000 -9999.000 -9999.000 -9999.000 -9999.000
-9999.000 -9999.000 -9999.000 -9999.000 -9999.000 -9999.000 -9999.000 -9999.000 -9999.000 -9999.000 -9999.000 -9999.000 -9999.000 -9999.000 -9999.000 -0.7882137E-01 -0.2993941E-01 -0.7283069E-02 0.1149018E-02 -0.9979920E-02 -0.2806365E-01 -0.4758271E-01 -0.6759560E-01 -0.8651611E-01 -0.1034121 -0.1191435 -0.1338000 -0.1503598 -0.1804310 -0.2470829 -0.2470829 -9999.000 -9999.000 -9999.000 -9999.000 -9999.000 -9999.000 -9999.000 -9999.000 -9999.000 -9999.000 -9999.000 -9999.000 -9999.000 -9999.000 -9999.000 -9999.000 -9999.000 -9999.000 -9999.000 -9999.000 -9999.000 -9999.000 -9999.000 -9999.000 -9999.000 -9999.000 -9999.000 -9999.000
-9999.000 -9999.000 -9999.000 -9999.000 -9999.000 -9999.000 -9999.000 -9999.000 -9999.000 -9999.000 -9999.000 -9999.000 -9999.000 -9999.000 -9999.000 -0.7544270E-01 -0.2251660E-01 0.2014238E-02 0.1093623E-01 -0.1663613E-02 -0.2169215E-01 -0.4316931E-01 -0.6519873E-01 -0.8598528E-01 -0.1045155 -0.1218355 -0.1379917 -0.1564352 -0.1905678 -0.2731448 -0.2731448 -9999.000 -9999.000 -9999.000 -9999.000 -9999.000 -9999.000 -9999.000 -9999.000 -9999.000 -9999.000 -9999.000 -9999.000 -9999.000 -9999.000 -9999.000 -9999.000 -9999.000 -9999.000 -9999.000 -9999.000 -9999.000 -9999.000 -9999.000 -9999.000 -9999.000 -9999.000 -9999.000 -9999.000
-9999.000 -9999.000 -9999.000 -9999.000 -9999.000 -9999.000 -9999.000 -9999.000 -9999.000 -9999.000 -9999.000 -9999.000 -9999.000 -9999.000 -9999.000 -0.6988435E-01 -0.1337124E-01 0.1257780E-01 0.2125859E-01 0.6689242E-02 -0.1540953E-01 -0.3886538E-01 -0.6291389E-01 -0.8553448E-01 -0.1056431 -0.1245177 -0.1421418 -0.1625217 -0.2011220 -0.3040353 -0.3040353 -9999.000 -9999.000 -9999.000 -9999.000 -9999.000 -9999.000 -9999.000 -9999.000 -9999.000 -9999.000 -9999.000 -9999.000 -9999.000 -9999.000 -9999.000 -9999.000 -9999.000 -9999.000 -9999.000 -9999.000 -9999.000 -9999.000 -9999.000 -9999.000 -9999.000 -9999.000 -9999.000 -9999.000
-9999.000 -9999.000 -9999.000 -9999.000 -9999.000 -9999.000 -9999.000 -9999.000 -9999.000 -9999.000 -9999.000 -9999.000 -9999.000 -9999.000 -9999.000 -0.7361285E-02 0.1848099E-01 0.2630020E-01 0.2069082E-01 0.1137882E-04 -0.2196600E-01 -0.4507211E-01 -0.6893729E-01 -0.9141380E-01 -0.1114206 -0.1305045 -0.1485082 -0.1700189 -0.2126991 -0.3395915 -0.3395915 -9999.000 -9999.000 -9999.000 -9999.000 -9999.000 -9999.000 -9999.000 -9999.000 -9999.000 -9999.000 -9999.000 -9999.000 -9999.000 -9999.000 -9999.000 -9999.000 -9999.000 -9999.000 -9999.000 -9999.000 -9999.000 -9999.000 -9999.000 -9999.000 -9999.000 -9999.000 -9999.000 -9999.000
-0.4289317E-02 -0.4289317E-02 -0.5807242E-02 -0.7109764E-02 -0.6701565E-02 -0.6701565E-02 -0.6584160E-02 -0.6558482E-02 -0.6558482E-02 -0.6552583E-02 -0.6552583E-02 -0.6529016E-02 -0.6513058E-02 -0.6495493E-02 -0.6482298E-02 -0.6482298E-02 0.4033691E-01 0.3619125E-01 0.2095883E-01 -0.2871152E-02 -0.3071637E-01 -0.6155795E-01 -0.9437355E-01 -0.1276001 -0.1597251 -0.1901510 -0.2182706 -0.2452274 -0.2781459 -0.3502079 -0.3502079 -0.1981709 -0.1088112 -0.3962773E-01 -0.3017805E-01 -0.3017805E-01 -0.2349973E-01 -0.2349973E-01 -0.1200704E-01 -0.1200704E-01 -0.1151702E-02 0.2596363E-01 0.2596363E-01 0.3079939E-01 0.3079939E-01 -0.3348113E-02 -0.3348113E-02 -0.3348113E-02 -0.1059021E-02 -0.1059021E-02 -0.2662113E-03 -0.2662113E-03 -0.8547066E-03 -0.8547066E-03 -0.2013127E-02 -0.2013127E-02 -0.3207823E-02 -0.3207823E-02 -0.3207823E-02
-0.6466093E-02 -0.6466093E-02 -0.8261107E-02 -0.1028055E-01 -0.9474539E-02 -0.9474539E-02 -0.9224026E-02 -0.9205942E-02 -0.9205942E-02 -0.9237945E-02 -0.9237945E-02 -0.9230166E-02 -0.9218349E-02 -0.9204349E-02 -0.9216696E-02 -0.9216696E-02 0.3378300E-01 0.3095422E-01 0.1575205E-01 -0.9408279E-02 -0.4416095E-01 -0.8586939E-01 -0.1323159 -0.1817669 -0.2324050 -0.2821499 -0.3293910 -0.3722953 -0.4085545 -0.4334663 -0.4334663 -0.2975639 -0.2005955 -0.1072204 -0.8864461E-01 -0.8864461E-01 -0.6576075E-01 -0.6576075E-01 -0.2602858E-01 -0.2602858E-01 0.6758643E-02 0.8179024E-01 0.8179024E-01 0.1054247 0.1054247 0.2311252E-01 0.2311252E-01 0.2311252E-01 0.8336347E-02 0.8336347E-02 0.1288848E-02 0.1288848E-02 -0.3565988E-02 -0.3565988E-02 -0.7502887E-02 -0.7502887E-02 -0.1049714E-01 -0.1049714E-01 -0.1049714E-01
-0.5017033E-02 -0.5017033E-02 -0.6350101E-02 -0.8792993E-02 -0.8068173E-02 -0.8068173E-02 -0.7758866E-02 -0.7746828E-02 -0.7746828E-02 -0.7825651E-02 -0.7825651E-02 -0.7849029E-02 -0.7850079E-02 -0.7848893E-02 -0.7915672E-02 -0.7915672E-02 0.2276406E-01 0.2052252E-01 0.5911073E-02 -0.1923873E-01 -0.5431438E-01 -0.9752957E-01 -0.1470506 -0.2013613 -0.2589685 -0.3180927 -0.3770831 -0.4339558 -0.4857690 -0.5260776 -0.5260776 -0.4389883 -0.3556782 -0.2403583 -0.2035030 -0.2035030 -0.1392979 -0.1392979 -0.4245777E-01 -0.4245777E-01 0.2444786E-01 0.1579492 0.1579492 0.2112233 0.2112233 0.8883353E-01 0.8883353E-01 0.8883353E-01 0.3484188E-01 0.3484188E-01 0.6784626E-02 0.6784626E-02 -0.8661693E-02 -0.8661693E-02 -0.1807048E-01 -0.1807048E-01 -0.2368403E-01 -0.2368403E-01 -0.2368403E-01
-0.3418977E-02 -0.3418977E-02 -0.4616569E-02 -0.7259297E-02 -0.6544019E-02 -0.6544019E-02 -0.6203779E-02 -0.6182051E-02 -0.6182051E-02 -0.6270988E-02 -0.6270988E-02 -0.6296529E-02 -0.6297173E-02 -0.6295308E-02 -0.6410201E-02 -0.6410201E-02 0.1193984E-01 0.7750666E-02 -0.7806105E-02 -0.3361909E-01 -0.6894533E-01 -0.1124958 -0.1627943 -0.2185147 -0.2784262 -0.3411529 -0.4053397 -0.4693463 -0.5305541 -0.5828781 -0.5828781 -0.5449135 -0.4870137 -0.3765512 -0.3272495 -0.3272495 -0.2131727 -0.2131727 -0.4245982E-01 -0.4245982E-01 0.5673862E-01 0.2233601 0.2233601 0.2888229 0.2888229 0.1578982 0.1578982 0.1578982 0.6933890E-01 0.6933890E-01 0.1625397E-01 0.1625397E-01 -0.1344089E-01 -0.1344089E-01 -0.3016233E-01 -0.3016233E-01 -0.3891175E-01 -0.3891175E-01 -0.3891175E-01
-0.2424408E-02 -0.2424408E-02 -0.2473135E-02 -0.5709912E-02 -0.5005747E-02 -0.5005747E-02 -0.4671144E-02 -0.4636314E-02 -0.4636314E-02 -0.4710838E-02 -0.4710838E-02 -0.4727366E-02 -0.4726410E-02 -0.4724450E-02 -0.4899928E-02 -0.4899928E-02 0.1378732E-02 -0.6923550E-02 -0.2527631E-01 -0.5303774E-01 -0.8951576E-01 -0.1337479 -0.1845943 -0.2409400 -0.3017372 -0.3658749 -0.4322360 -0.4995146 -0.5656222 -0.6255605 -0.6255605 -0.6239076 -0.5924183 -0.4977174 -0.4370843 -0.4370843 -0.2600411 -0.2600411 -0.1617710E-01 -0.1617710E-01 0.9993184E-01 0.2655636 0.2655636 0.3279958 0.3279958 0.2131741 0.2131741 0.2131741 0.1056635 0.1056635 0.3027070E-01 0.3027070E-01 -0.1510633E-01 -0.1510633E-01 -0.4066826E-01 -0.4066826E-01 -0.5333265E-01 -0.5333265E-01 -0.5333265E-01
-0.2115394E-02 -0.2115394E-02 -0.5990802E-03 -0.3975639E-02 -0.3444369E-02 -0.3444369E-02 -0.3161757E-02 -0.3084114E-02 -0.3084114E-02 -0.3129191E-02 -0.3129191E-02 -0.3142482E-02 -0.3143668E-02 -0.3144606E-02 -0.3400719E-02 -0.3400719E-02 -0.9449326E-02 -0.2369059E-01 -0.4672406E-01 -0.7799398E-01 -0.1168416 -0.1625205 -0.2141971 -0.2710271 -0.3321902 -0.3968196 -0.4640081 -0.5327028 -0.6012585 -0.6657398 -0.6657398 -0.6887075 -0.6793889 -0.5955324 -0.5147347 -0.5147347 -0.2576372 -0.2576372 0.2810067E-01 0.2810067E-01 0.1386543 0.2792445 0.2792445 0.3333948 0.3333948 0.2475174 0.2475174 0.2475174 0.1383650 0.1383650 0.4782818E-01 0.4782818E-01 -0.1249313E-01 -0.1249313E-01 -0.4787713E-01 -0.4787713E-01 -0.6529552E-01 -0.6529552E-01 -0.6529552E-01
-0.1406466E-02 -0.1406466E-02 0.1009457E-03 -0.2027525E-02 -0.1757749E-02 -0.1757749E-02 -0.1596239E-02 -0.1531671E-02 -0.1531671E-02 -0.1555441E-02 -0.1555441E-02 -0.1569526E-02 -0.1572733E-02 -0.1574977E-02 -0.1933805E-02 -0.1933805E-02 -0.2134634E-01 -0.4323651E-01 -0.7282868E-01 -0.1093000 -0.1519166 -0.2000478 -0.2531087 -0.3105451 -0.3718204 -0.4363562 -0.5035036 -0.5724655 -0.6419643 -0.7088705 -0.7088705 -0.7475342 -0.7537615 -0.6583690 -0.5378362 -0.5378362 -0.2041894 -0.2041894 0.6873339E-01 0.6873339E-01 0.1580591 0.2675263 0.2675263 0.3147755 0.3147755 0.2601177 0.2601177 0.2601177 0.1626098 0.1626098 0.6641141E-01 0.6641141E-01 -0.5738646E-02 -0.5738646E-02 -0.5088429E-01 -0.5088429E-01 -0.7364055E-01 -0.7364055E-01 -0.7364055E-01
0.5946022E-07 0.5946022E-07 -0.1855735E-08 0.5770670E-07 0.3046087E-07 0.3046087E-07 -0.8952303E-07 -0.3179695E-07 -0.3179695E-07 0.2458496E-06 0.2458496E-06 0.8889391E-07 0.5878106E-07 0.7014084E-07 -0.4936813E-03 -0.4936813E-03 -0.3542685E-01 -0.6680508E-01 -0.1048838 -0.1483125 -0.1961716 -0.2478700 -0.3030199 -0.3613480 -0.4226292 -0.4866138 -0.5529711 -0.6212093 -0.6903871 -0.7578003 -0.7578003 -0.8045743 -0.8161654 -0.6625710 -0.4850439 -0.4850439 -0.1272062 -0.1272062 0.8861662E-01 0.8861662E-01 0.1542898 0.2386597 0.2386597 0.2817172 0.2817172 0.2539506 0.2539506 0.2539506 0.1750989 0.1750989 0.8260192E-01 0.8260192E-01 0.3890316E-02 0.3890316E-02 -0.4946616E-01 -0.4946616E-01 -0.7751632E-01 -0.7751632E-01 -0.7751632E-01
0.1406580E-02 0.1406580E-02 -0.1009507E-03 0.2027642E-02 0.1757759E-02 0.1757759E-02 0.1596138E-02 0.1531661E-02 0.1531661E-02 0.1555744E-02 0.1555744E-02 0.1569528E-02 0.1572848E-02 0.1575123E-02 0.8987168E-03 0.8987168E-03 -0.5333197E-01 -0.9640074E-01 -0.1450281 -0.1971865 -0.2517206 -0.3080610 -0.3660024 -0.4255463 -0.4867891 -0.5498298 -0.6146933 -0.6812348 -0.7487786 -0.8142285 -0.8142285 -0.8599012 -0.8568847 -0.5797586 -0.3644767 -0.3644767 -0.6366460E-01 -0.6366460E-01 0.8568133E-01 0.8568133E-01 0.1335140 0.2012086 0.2012086 0.2413804 0.2413804 0.2335243 0.2335243 0.2335243 0.1747532 0.1747532 0.9312253E-01 0.9312253E-01 0.1429248E-01 0.1429248E-01 -0.4407471E-01 -0.4407471E-01 -0.7640684E-01 -0.7640684E-01 -0.7640684E-01
0.2115451E-02 0.2115451E-02 0.5990865E-03 0.3975632E-02 0.3444343E-02 0.3444343E-02 0.3161728E-02 0.3084184E-02 0.3084184E-02 0.3129192E-02 0.3129192E-02 0.3142538E-02 0.3143771E-02 0.3144748E-02 0.2216477E-02 0.2216477E-02 -0.7760120E-01 -0.1351754 -0.1966198 -0.2592326 -0.3216947 -0.3835332 -0.4447753 -0.5057237 -0.5668105 -0.6284895 -0.6911528 -0.7550006 -0.8193151 -0.8781089 -0.8781089 -0.9045045 -0.8435236 -0.4177130 -0.2282989 -0.2282989 -0.3062212E-01 -0.3062212E-01 0.6863771E-01 0.6863771E-01 0.1049950 0.1613087 0.1613087 0.1982167 0.1982167 0.2032177 0.2032177 0.2032177 0.1624698 0.1624698 0.9574541E-01 0.9574541E-01 0.2306896E-01 0.2306896E-01 -0.3575564E-01 -0.3575564E-01 -0.7021898E-01 -0.7021898E-01 -0.7021898E-01
0.2424398E-02 0.2424398E-02 0.2473045E-02 0.5710038E-02 0.5005805E-02 0.5005805E-02 0.4671187E-02 0.4636299E-02 0.4636299E-02 0.4710705E-02 0.4710705E-02 0.4727427E-02 0.4726655E-02 0.4724690E-02 0.3450375E-02 0.3450375E-02 -0.1124334 -0.1882019 -0.2649329 -0.3395260 -0.4107701 -0.4784988 -0.5431085 -0.6052809 -0.6658178 -0.7255345 -0.7851830 -0.8452148 -0.9036336 -0.9425800 -0.9425800 -0.9026264 -0.7166407 -0.2448104 -0.1300293 -0.1300293 -0.2115103E-01 -0.2115103E-01 0.4713765E-01 0.4713765E-01 0.7561137E-01 0.1223188 0.1223188 0.1546979 0.1546979 0.1666268 0.1666268 0.1666268 0.1404018 0.1404018 0.8976702E-01 0.8976702E-01 0.2825142E-01 0.2825142E-01 -0.2586206E-01 -0.2586206E-01 -0.5930573E-01 -0.5930573E-01 -0.5930573E-01
0.3419012E-02 0.3419012E-02 0.4616554E-02 0.7259363E-02 0.6544261E-02 0.6544261E-02 0.6203833E-02 0.6182028E-02 0.6182028E-02 0.6271007E-02 0.6271007E-02 0.6296642E-02 0.6297378E-02 0.6295610E-02 0.4552427E-02 0.4552427E-02 -0.1653403 -0.2640204 -0.3584628 -0.4459696 -0.5260336 -0.5991855 -0.6664294 -0.7289562 -0.7879957 -0.8447360 -0.9002698 -0.9548913 -0.9999410 -0.9722599 -0.9722599 -0.7699836 -0.4619972 -0.1281217 -0.8030562E-01 -0.8030562E-01 -0.2110759E-01 -0.2110759E-01 0.2699685E-01 0.2699685E-01 0.4885591E-01 0.8577171E-01 0.8577171E-01 0.1122277 0.1122277 0.1265554 0.1265554 0.1265554 0.1112397 0.1112397 0.7596289E-01 0.7596289E-01 0.2882515E-01 0.2882515E-01 -0.1569293E-01 -0.1569293E-01 -0.4444503E-01 -0.4444503E-01 -0.4444503E-01
