cruce_test.gid/Rasters/Hydraulic/Velocity__y_190.0.asc
NCOLS        79
NROWS        79
XLLCENTER         -1.500000
YLLCENTER         -4.800000
CELLSIZE           0.100
NODATA_VALUE     -9999.0
[rows 0 to 26 of 79, columns 0 to 58 of 79]
-9999.000 -9999.000 -9999.000 -9999.000 -9999.000 -9999.000 -9999.000 -9999.000 -9999.000 -9999.000 -9999.000 -9999.000 -9999.000 -9999.000 -9999.000 -0.9221705E-01 -0.8911113E-01 -0.8768263E-01 -0.8697060E-01 -0.8732750E-01 -0.8810276E-01 -0.8894218E-01 -0.8976547E-01 -0.9053437E-01 -0.9115681E-01 -0.9170609E-01 -0.9220858E-01 -0.9280417E-01 -0.9403758E-01 -0.9531000E-01 -0.9531000E-01 -9999.000 -9999.000 -9999.000 -9999.000 -9999.000 -9999.000 -9999.000 -9999.000 -9999.000 -9999.000 -9999.000 -9999.000 -9999.000 -9999.000 -9999.000 -9999.000 -9999.000 -9999.000 -9999.000 -9999.000 -9999.000 -9999.000 -9999.000 -9999.000 -9999.000 -9999.000 -9999.000 -9999.000
-9999.000 -9999.000 -9999.000 -9999.000 -9999.000 -9999.000 -9999.000 -9999.000 -9999.000 -9999.000 -9999.000 -9999.000 -9999.000 -9999.000 -9999.000 -0.9288979E-01 -0.8633678E-01 -0.8327428E-01 -0.8176258E-01 -0.8256197E-01 -0.8430038E-01 -0.8621526E-01 -0.8812333E-01 -0.8993147E-01 -0.9143349E-01 -0.9277736E-01 -0.9401199E-01 -0.9542490E-01 -0.9815386E-01 -0.1012444 -0.1012444 -9999.000 -9999.000 -9999.000 -9999.000 -9999.000 -9999.000 -9999.000 -9999.000 -9999.000 -9999.000 -9999.000 -9999.000 -9999.000 -9999.000 -9999.000 -9999.000 -9999.000 -9999.000 -9999.000 -9999.000 -9999.000 -9999.000 -9999.000 -9999.000 -9999.000 -9999.000 -9999.000 -9999.000
-9999.000 -9999.000 -9999.000 -9999.000 -9999.000 -9999.000 -9999.000 -9999.000 -9999.000 -9999.000 -9999.000 -9999.000 -9999.000 -9999.000 -9999.000 -0.9261951E-01 -0.8226658E-01 -0.7731870E-01 -0.7492178E-01 -0.7631713E-01 -0.7930818E-01 -0.8265238E-01 -0.8603469E-01 -0.8928410E-01 -0.9204874E-01 -0.9455223E-01 -0.9685738E-01 -0.9941124E-01 -0.1040228 -0.1096542 -0.1096542 -9999.000 -9999.000 -9999.000 -9999.000 -9999.000 -9999.000 -9999.000 -9999.000 -9999.000 -9999.000 -9999.000 -9999.000 -9999.000 -9999.000 -9999.000 -9999.000 -9999.000 -9999.000 -9999.000 -9999.000 -9999.000 -9999.000 -9999.000 -9999.000 -9999.000 -9999.000 -9999.000 -9999.000
-9999.000 -9999.000 -9999.000 -9999.000 -9999.000 -9999.000 -9999.000 -9999.000 -9999.000 -9999.000 -9999.000 -9999.000 -9999.000 -9999.000 -9999.000 -0.9189446E-01 -0.7772540E-01 -0.7088210E-01 -0.6762289E-01 -0.6968477E-01 -0.7402328E-01 -0.7890163E-01 -0.8387129E-01 -0.8867954E-01 -0.9281753E-01 -0.9658839E-01 -0.1000622 -0.1038486 -0.1104597 -0.1190984 -0.1190984 -9999.000 -9999.000 -9999.000 -9999.000 -9999.000 -9999.000 -9999.000 -9999.000 -9999.000 -9999.000 -9999.000 -9999.000 -9999.000 -9999.000 -9999.000 -9999.000 -9999.000 -9999.000 -9999.000 -9999.000 -9999.000 -9999.000 -9999.000 -9999.000 -9999.000 -9999.000 -9999.000 -9999.000
-9999.000 -9999.000 -9999.000 -9999.000 -9999.000 -9999.000 -9999.000 -9999.000 -9999.000 -9999.000 -9999.000 -9999.000 -9999.000 -9999.000 -9999.000 -0.9094162E-01 -0.7289109E-01 -0.6412311E-01 -0.6000131E-01 -0.6277403E-01 -0.6852472E-01 -0.7500642E-01 -0.8163710E-01 -0.8807993E-01 -0.9365764E-01 -0.9876301E-01 -0.1034684 -0.1085538 -0.1172765 -0.1294200 -0.1294200 -9999.000 -9999.000 -9999.000 -9999.000 -9999.000 -9999.000 -9999.000 -9999.000 -9999.000 -9999.000 -9999.000 -9999.000 -9999.000 -9999.000 -9999.000 -9999.000 -9999.000 -9999.000 -9999.000 -9999.000 -9999.000 -9999.000 -9999.000 -9999.000 -9999.000 -9999.000 -9999.000 -9999.000
-9999.000 -9999.000 -9999.000 -9999.000 -9999.000 -9999.000 -9999.000 -9999.000 -9999.000 -9999.000 -9999.000 -9999.000 -9999.000 -9999.000 -9999.000 -0.8984017E-01 -0.6782863E-01 -0.5710343E-01 -0.5211079E-01 -0.5562901E-01 -0.6284413E-01 -0.7098252E-01 -0.7932983E-01 -0.8746454E-01 -0.9452830E-01 -0.1010181 -0.1070028 -0.1134444 -0.1243977 -0.1406201 -0.1406201 -9999.000 -9999.000 -9999.000 -9999.000 -9999.000 -9999.000 -9999.000 -9999.000 -9999.000 -9999.000 -9999.000 -9999.000 -9999.000 -9999.000 -9999.000 -9999.000 -9999.000 -9999.000 -9999.000 -9999.000 -9999.000 -9999.000 -9999.000 -9999.000 -9999.000 -9999.000 -9999.000 -9999.000
-9999.000 -9999.000 -9999.000 -9999.000 -9999.000 -9999.000 -9999.000 -9999.000 -9999.000 -9999.000 -9999.000 -9999.000 -9999.000 -9999.000 -9999.000 -0.8860403E-01 -0.6255217E-01 -0.4983791E-01 -0.4396592E-01 -0.4826311E-01 -0.5699130E-01 -0.6683238E-01 -0.7694484E-01 -0.8682109E-01 -0.9540647E-01 -0.1033228 -0.1106280 -0.1184807 -0.1317971 -0.1527880 -0.1527880 -9999.000 -9999.000 -9999.000 -9999.000 -9999.000 -9999.000 -9999.000 -9999.000 -9999.000 -9999.000 -9999.000 -9999.000 -9999.000 -9999.000 -9999.000 -9999.000 -9999.000 -9999.000 -9999.000 -9999.000 -9999.000 -9999.000 -9999.000 -9999.000 -9999.000 -9999.000 -9999.000 -9999.000
-9999.000 -9999.000 -9999.000 -9999.000 -9999.000 -9999.000 -9999.000 -9999.000 -9999.000 -9999.000 -9999.000 -9999.000 -9999.000 -9999.000 -9999.000 -0.8721527E-01 -0.5705145E-01 -0.4232043E-01 -0.3556271E-01 -0.4067429E-01 -0.5096427E-01 -0.6255212E-01 -0.7447454E-01 -0.8613871E-01 -0.9627502E-01 -0.1056561 -0.1143202 -0.1236394 -0.1394701 -0.1660748 -0.1660748 -9999.000 -9999.000 -9999.000 -9999.000 -9999.000 -9999.000 -9999.000 -9999.000 -9999.000 -9999.000 -9999.000 -9999.000 -9999.000 -9999.000 -9999.000 -9999.000 -9999.000 -9999.000 -9999.000 -9999.000 -9999.000 -9999.000 -9999.000 -9999.000 -9999.000 -9999.000 -9999.000 -9999.000
-9999.000 -9999.000 -9999.000 -9999.000 -9999.000 -9999.000 -9999.000 -9999.000 -9999.000 -9999.000 -9999.000 -9999.000 -9999.000 -9999.000 -9999.000 -0.8563775E-01 -0.5130247E-01 -0.3453275E-01 -0.2688679E-01 -0.3285260E-01 -0.4475532E-01 -0.5813282E-01 -0.7190888E-01 -0.8540560E-01 -0.9711666E-01 -0.1079988 -0.1180579 -0.1289017 -0.1474201 -0.1806922 -0.1806922 -9999.000 -9999.000 -9999.000 -9999.000 -9999.000 -9999.000 -9999.000 -9999.000 -9999.000 -9999.000 -9999.000 -9999.000 -9999.000 -9999.000 -9999.000 -9999.000 -9999.000 -9999.000 -9999.000 -9999.000 -9999.000 -9999.000 -9999.000 -9999.000 -9999.000 -9999.000 -9999.000 -9999.000
-9999.000 -9999.000 -9999.000 -9999.000 -9999.000 -9999.000 -9999.000 -9999.000 -9999.000 -9999.000 -9999.000 -9999.000 -9999.000 -9999.000 -9999.000 -0.8382214E-01 -0.4527171E-01 -0.2644784E-01 -0.1791631E-01 -0.2478174E-01 -0.3835205E-01 -0.5356161E-01 -0.6923404E-01 -0.8460683E-01 -0.9791084E-01 -0.1103286 -0.1218169 -0.1342463 -0.1556527 -0.1969204 -0.1969204 -9999.000 -9999.000 -9999.000 -9999.000 -9999.000 -9999.000 -9999.000 -9999.000 -9999.000 -9999.000 -9999.000 -9999.000 -9999.000 -9999.000 -9999.000 -9999.000 -9999.000 -9999.000 -9999.000 -9999.000 -9999.000 -9999.000 -9999.000 -9999.000 -9999.000 -9999.000 -9999.000 -9999.000
-9999.000 -9999.000 -9999.000 -9999.000 -9999.000 -9999.000 -9999.000 -9999.000 -9999.000 -9999.000 -9999.000 -9999.000 -9999.000 -9999.000 -9999.000 -0.8170617E-01 -0.3891630E-01 -0.1803081E-01 -0.8622724E-02 -0.1644007E-01 -0.3173632E-01 -0.4882077E-01 -0.6643166E-01 -0.8372283E-01 -0.9863097E-01 -0.1126167 -0.1255656 -0.1396451 -0.1641710 -0.2151333 -0.2151333 -9999.000 -9999.000 -9999.000 -9999.000 -9999.000 -9999.000 -9999.000 -9999.000 -9999.000 -9999.000 -9999.000 -9999.000 -9999.000 -9999.000 -9999.000 -9999.000 -9999.000 -9999.000 -9999.000 -9999.000 -9999.000 -9999.000 -9999.000 -9999.000 -9999.000 -9999.000 -9999.000 -9999.000
-9999.000 -9999.000 -9999.000 -9999.000 -9999.000 -9999.000 -9999.000 -9999.000 -9999.000 -9999.000 -9999.000 -9999.000 -9999.000 -9999.000 -9999.000 -0.7921019E-01 -0.3218062E-01 -0.9234735E-02 0.1032755E-02 -0.7798947E-02 -0.2488533E-01 -0.4388709E-01 -0.6347721E-01 -0.8272731E-01 -0.9924145E-01 -0.1148246 -0.1292608 -0.1450573 -0.1729710 -0.2358350 -0.2358350 -9999.000 -9999.000 -9999.000 -9999.000 -9999.000 -9999.000 -9999.000 -9999.000 -9999.000 -9999.000 -9999.000 -9999.000 -9999.000 -9999.000 -9999.000 -9999.000 -9999.000 -9999.000 -9999.000 -9999.000 -9999.000 -9999.000 -9999.000 -9999.000 -9999.000 -9999.000 -9999.000 -9999.000
-9999.000 -9999.000 -9999.000 -9999.000 -9999.000 -9999.000 -9999.000 -9999.000 -9999.000 -9999.000 -9999.000 -9999.000 -9999.000 -9999.000 -9999.000 -0.7619758E-01 -0.2496252E-01 0.2703409E-04 0.1110998E-01 0.1172340E-02 -0.1778018E-01 -0.3874128E-01 -0.6034895E-01 -0.8159465E-01 -0.9970302E-01 -0.1169071 -0.1328485 -0.1504292 -0.1820407 -0.2597250 -0.2597250 -9999.000 -9999.000 -9999.000 -9999.000 -9999.000 -9999.000 -9999.000 -9999.000 -9999.000 -9999.000 -9999.000 -9999.000 -9999.000 -9999.000 -9999.000 -9999.000 -9999.000 -9999.000 -9999.000 -9999.000 -9999.000 -9999.000 -9999.000 -9999.000 -9999.000 -9999.000 -9999.000 -9999.000
-9999.000 -9999.000 -9999.000 -9999.000 -9999.000 -9999.000 -9999.000 -9999.000 -9999.000 -9999.000 -9999.000 -9999.000 -9999.000 -9999.000 -9999.000 -0.7119384E-01 -0.1607571E-01 0.1058358E-01 0.2176719E-01 0.1019965E-01 -0.1078801E-01 -0.3373764E-01 -0.5736869E-01 -0.8060271E-01 -0.1002353 -0.1190374 -0.1364567 -0.1558596 -0.1915089 -0.2879777 -0.2879777 -9999.000 -9999.000 -9999.000 -9999.000 -9999.000 -9999.000 -9999.000 -9999.000 -9999.000 -9999.000 -9999.000 -9999.000 -9999.000 -9999.000 -9999.000 -9999.000 -9999.000 -9999.000 -9999.000 -9999.000 -9999.000 -9999.000 -9999.000 -9999.000 -9999.000 -9999.000 -9999.000 -9999.000
-9999.000 -9999.000 -9999.000 -9999.000 -9999.000 -9999.000 -9999.000 -9999.000 -9999.000 -9999.000 -9999.000 -9999.000 -9999.000 -9999.000 -9999.000 -0.8693878E-02 0.1664344E-01 0.2566618E-01 0.2233931E-01 0.3905315E-02 -0.1748044E-01 -0.3996906E-01 -0.6329703E-01 -0.8644463E-01 -0.1057985 -0.1247917 -0.1425439 -0.1629042 -0.2021110 -0.3204512 -0.3204512 -9999.000 -9999.000 -9999.000 -9999.000 -9999.000 -9999.000 -9999.000 -9999.000 -9999.000 -9999.000 -9999.000 -9999.000 -9999.000 -9999.000 -9999.000 -9999.000 -9999.000 -9999.000 -9999.000 -9999.000 -9999.000 -9999.000 -9999.000 -9999.000 -9999.000 -9999.000 -9999.000 -9999.000
-0.4147197E-02 -0.4147197E-02 -0.4982964E-02 -0.6653497E-02 -0.6561014E-02 -0.6561014E-02 -0.6530717E-02 -0.6514341E-02 -0.6514341E-02 -0.6493797E-02 -0.6493797E-02 -0.6462265E-02 -0.6444322E-02 -0.6425621E-02 -0.6406823E-02 -0.6406823E-02 0.3929926E-01 0.3645616E-01 0.2306171E-01 0.1059709E-02 -0.2538320E-01 -0.5494887E-01 -0.8668542E-01 -0.1193963 -0.1510008 -0.1811675 -0.2091834 -0.2358319 -0.2673932 -0.3345243 -0.3345243 -0.1900675 -0.1051903 -0.3940099E-01 -0.3042257E-01 -0.3042257E-01 -0.2446975E-01 -0.2446975E-01 -0.1457389E-01 -0.1457389E-01 -0.4700291E-02 0.2228962E-01 0.2228962E-01 0.3317964E-01 0.3317964E-01 -0.1468691E-02 -0.1468691E-02 -0.1468691E-02 -0.1295157E-02 -0.1295157E-02 -0.6501313E-03 -0.6501313E-03 -0.1096689E-02 -0.1096689E-02 -0.2148696E-02 -0.2148696E-02 -0.3290521E-02 -0.3290521E-02 -0.3290521E-02
-0.5997436E-02 -0.5997436E-02 -0.7525753E-02 -0.9505403E-02 -0.9235901E-02 -0.9235901E-02 -0.9153523E-02 -0.9148959E-02 -0.9148959E-02 -0.9151858E-02 -0.9151858E-02 -0.9132005E-02 -0.9117772E-02 -0.9102292E-02 -0.9087175E-02 -0.9087175E-02 0.3265217E-01 0.3136403E-01 0.1816508E-01 -0.4774753E-02 -0.3711307E-01 -0.7666859E-01 -0.1212742 -0.1690669 -0.2186608 -0.2676904 -0.3146197 -0.3576564 -0.3944469 -0.4200347 -0.4200347 -0.2898238 -0.1967054 -0.1068450 -0.8907706E-01 -0.8907706E-01 -0.6839800E-01 -0.6839800E-01 -0.3342459E-01 -0.3342459E-01 -0.3366982E-02 0.7137448E-01 0.7137448E-01 0.1073573 0.1073573 0.3062253E-01 0.3062253E-01 0.3062253E-01 0.1072078E-01 0.1072078E-01 0.1928899E-02 0.1928899E-02 -0.3426817E-02 -0.3426817E-02 -0.7507453E-02 -0.7507453E-02 -0.1059295E-01 -0.1059295E-01 -0.1059295E-01
-0.4095479E-02 -0.4095479E-02 -0.6818183E-02 -0.8160299E-02 -0.7810440E-02 -0.7810440E-02 -0.7688653E-02 -0.7703523E-02 -0.7703523E-02 -0.7746956E-02 -0.7746956E-02 -0.7758437E-02 -0.7758462E-02 -0.7757068E-02 -0.7756586E-02 -0.7756586E-02 0.2200501E-01 0.2124827E-01 0.8588339E-02 -0.1437076E-01 -0.4703640E-01 -0.8789051E-01 -0.1352072 -0.1874097 -0.2432949 -0.3010069 -0.3589486 -0.4152370 -0.4670404 -0.5079939 -0.5079939 -0.4271545 -0.3479044 -0.2375251 -0.2026258 -0.2026258 -0.1441976 -0.1441976 -0.5701850E-01 -0.5701850E-01 0.5595690E-02 0.1397799 0.1397799 0.2085801 0.2085801 0.1033818 0.1033818 0.1033818 0.4294941E-01 0.4294941E-01 0.1055416E-01 0.1055416E-01 -0.6986155E-02 -0.6986155E-02 -0.1736161E-01 -0.1736161E-01 -0.2355430E-01 -0.2355430E-01 -0.2355430E-01
-0.2160826E-02 -0.2160826E-02 -0.6106651E-02 -0.6697985E-02 -0.6295455E-02 -0.6295455E-02 -0.6140503E-02 -0.6145038E-02 -0.6145038E-02 -0.6195101E-02 -0.6195101E-02 -0.6210401E-02 -0.6211665E-02 -0.6211863E-02 -0.6213720E-02 -0.6213720E-02 0.1177185E-01 0.8963348E-02 -0.4781612E-02 -0.2854600E-01 -0.6160339E-01 -0.1028108 -0.1508016 -0.2042449 -0.2620870 -0.3229713 -0.3855868 -0.4483944 -0.5089422 -0.5614007 -0.5614007 -0.5284809 -0.4746813 -0.3705494 -0.3247291 -0.3247291 -0.2216325 -0.2216325 -0.6447329E-01 -0.6447329E-01 0.3127489E-01 0.2021007 0.2021007 0.2825970 0.2825970 0.1746934 0.1746934 0.1746934 0.8235842E-01 0.8235842E-01 0.2379804E-01 0.2379804E-01 -0.9489148E-02 -0.9489148E-02 -0.2823130E-01 -0.2823130E-01 -0.3826999E-01 -0.3826999E-01 -0.3826999E-01
-0.2098584E-03 -0.2098584E-03 -0.5443209E-02 -0.5190192E-02 -0.4773640E-02 -0.4773640E-02 -0.4608569E-02 -0.4603264E-02 -0.4603264E-02 -0.4649810E-02 -0.4649810E-02 -0.4661117E-02 -0.4660384E-02 -0.4658550E-02 -0.4660539E-02 -0.4660539E-02 0.1966779E-02 -0.5050336E-02 -0.2176603E-01 -0.4766306E-01 -0.8205474E-01 -0.1240504 -0.1725974 -0.2266122 -0.2851673 -0.3472120 -0.4116794 -0.4773496 -0.5422966 -0.6018298 -0.6018298 -0.6037733 -0.5760731 -0.4892299 -0.4343742 -0.4343742 -0.2746446 -0.2746446 -0.4341125E-01 -0.4341125E-01 0.7253222E-01 0.2457268 0.2457268 0.3201494 0.3201494 0.2281687 0.2281687 0.2281687 0.1213490 0.1213490 0.4125934E-01 0.4125934E-01 -0.8564204E-02 -0.8564204E-02 -0.3715996E-01 -0.3715996E-01 -0.5194659E-01 -0.5194659E-01 -0.5194659E-01
0.6158240E-03 0.6158240E-03 -0.4105460E-02 -0.3548818E-02 -0.3211078E-02 -0.3211078E-02 -0.3076434E-02 -0.3069574E-02 -0.3069574E-02 -0.3104861E-02 -0.3104861E-02 -0.3110372E-02 -0.3107835E-02 -0.3104337E-02 -0.3107209E-02 -0.3107209E-02 -0.7989791E-02 -0.2100679E-01 -0.4257191E-01 -0.7217128E-01 -0.1091309 -0.1527284 -0.2021863 -0.2567011 -0.3155424 -0.3779208 -0.4429945 -0.5097933 -0.5768179 -0.6404372 -0.6404372 -0.6657381 -0.6598471 -0.5866293 -0.5153831 -0.5153831 -0.2799487 -0.2799487 0.9673857E-03 0.9673857E-03 0.1146263 0.2631474 0.2631474 0.3252562 0.3252562 0.2585099 0.2585099 0.2585099 0.1541929 0.1541929 0.6126856E-01 0.6126856E-01 -0.3419578E-02 -0.3419578E-02 -0.4258493E-01 -0.4258493E-01 -0.6298416E-01 -0.6298416E-01 -0.6298416E-01
0.3092333E-03 0.3092333E-03 -0.2053253E-02 -0.1781268E-02 -0.1606158E-02 -0.1606158E-02 -0.1535123E-02 -0.1532357E-02 -0.1532357E-02 -0.1552078E-02 -0.1552078E-02 -0.1555566E-02 -0.1554220E-02 -0.1552369E-02 -0.1559871E-02 -0.1559871E-02 -0.1894404E-01 -0.3962800E-01 -0.6788898E-01 -0.1028678 -0.1437906 -0.1900183 -0.2409919 -0.2961895 -0.3551403 -0.4173408 -0.4822174 -0.5490608 -0.6167307 -0.6823894 -0.6823894 -0.7224060 -0.7319891 -0.6531393 -0.5470671 -0.5470671 -0.2309852 -0.2309852 0.4696330E-01 0.4696330E-01 0.1403157 0.2553867 0.2553867 0.3070119 0.3070119 0.2667136 0.2667136 0.2667136 0.1765676 0.1765676 0.8092280E-01 0.8092280E-01 0.5456753E-02 0.5456753E-02 -0.4378466E-01 -0.4378466E-01 -0.7029723E-01 -0.7029723E-01 -0.7029723E-01
0.1080525E-06 0.1080525E-06 0.4374557E-07 0.1268785E-06 -0.9976613E-09 -0.9976613E-09 -0.6983491E-07 -0.1144248E-06 -0.1144248E-06 -0.9001119E-07 -0.9001119E-07 -0.1196644E-06 -0.2065829E-06 -0.1938759E-06 -0.1406445E-04 -0.1406445E-04 -0.3203939E-01 -0.6217717E-01 -0.9900779E-01 -0.1410818 -0.1874161 -0.2373890 -0.2906127 -0.3468283 -0.4058518 -0.4674941 -0.5314963 -0.5974556 -0.6645642 -0.7304186 -0.7304186 -0.7779570 -0.7937520 -0.6673296 -0.5057741 -0.5057741 -0.1509302 -0.1509302 0.7432006E-01 0.7432006E-01 0.1427146 0.2296336 0.2296336 0.2745906 0.2745906 0.2568627 0.2568627 0.2568627 0.1860779 0.1860779 0.9674270E-01 0.9674270E-01 0.1642599E-01 0.1642599E-01 -0.4080031E-01 -0.4080031E-01 -0.7316501E-01 -0.7316501E-01 -0.7316501E-01
-0.3090452E-03 -0.3090452E-03 0.2053317E-02 0.1781444E-02 0.1606236E-02 0.1606236E-02 0.1534996E-02 0.1532122E-02 0.1532122E-02 0.1552025E-02 0.1552025E-02 0.1555327E-02 0.1553910E-02 0.1552038E-02 0.1529525E-02 0.1529525E-02 -0.4892413E-01 -0.9066069E-01 -0.1380578 -0.1889448 -0.2420843 -0.2968595 -0.3530446 -0.4106360 -0.4697472 -0.5305156 -0.5930225 -0.6572026 -0.7225134 -0.7862353 -0.7862353 -0.8328834 -0.8373661 -0.5985746 -0.3908386 -0.3908386 -0.7856392E-01 -0.7856392E-01 0.7774368E-01 0.7774368E-01 0.1264417 0.1943934 0.1943934 0.2350398 0.2350398 0.2338718 0.2338718 0.2338718 0.1825393 0.1825393 0.1057102 0.1057102 0.2711753E-01 0.2711753E-01 -0.3438433E-01 -0.3438433E-01 -0.7124910E-01 -0.7124910E-01 -0.7124910E-01
-0.6155732E-03 -0.6155732E-03 0.4105471E-02 0.3548978E-02 0.3211282E-02 0.3211282E-02 0.3076481E-02 0.3069432E-02 0.3069432E-02 0.3104738E-02 0.3104738E-02 0.3110277E-02 0.3107597E-02 0.3104215E-02 0.3070126E-02 0.3070126E-02 -0.7212621E-01 -0.1282164 -0.1883767 -0.2497399 -0.3108909 -0.3712960 -0.4309449 -0.4901178 -0.5492417 -0.6087843 -0.6691715 -0.7306680 -0.7927017 -0.8499629 -0.8499629 -0.8796912 -0.8345246 -0.4433637 -0.2482933 -0.2482933 -0.3664258E-01 -0.3664258E-01 0.6464646E-01 0.6464646E-01 0.1006468 0.1560888 0.1560888 0.1927919 0.1927919 0.2020910 0.2020910 0.2020910 0.1674773 0.1674773 0.1060725 0.1060725 0.3512334E-01 0.3512334E-01 -0.2581374E-01 -0.2581374E-01 -0.6464529E-01 -0.6464529E-01 -0.6464529E-01
0.2099800E-03 0.2099800E-03 0.5443181E-02 0.5190292E-02 0.4773760E-02 0.4773760E-02 0.4608698E-02 0.4603209E-02 0.4603209E-02 0.4649535E-02 0.4649535E-02 0.4661033E-02 0.4660279E-02 0.4658546E-02 0.4610954E-02 0.4610954E-02 -0.1058137 -0.1798727 -0.2551869 -0.3284856 -0.3984514 -0.4648443 -0.5280083 -0.5885870 -0.6473572 -0.7051249 -0.7626525 -0.8204454 -0.8767395 -0.9154688 -0.9154688 -0.8868417 -0.7272032 -0.2619042 -0.1373945 -0.1373945 -0.2180464E-01 -0.2180464E-01 0.4520016E-01 0.4520016E-01 0.7284707E-01 0.1183692 0.1183692 0.1502835 0.1502835 0.1648761 0.1648761 0.1648761 0.1433025 0.1433025 0.9759537E-01 0.9759537E-01 0.3862306E-01 0.3862306E-01 -0.1658227E-01 -0.1658227E-01 -0.5387851E-01 -0.5387851E-01 -0.5387851E-01
0.2160899E-02 0.2160899E-02 0.6106744E-02 0.6698004E-02 0.6295599E-02 0.6295599E-02 0.6140472E-02 0.6144964E-02 0.6144964E-02 0.6194869E-02 0.6194869E-02 0.6210320E-02 0.6211729E-02 0.6211695E-02 0.6144000E-02 0.6144000E-02 -0.1574287 -0.2540917 -0.3469048 -0.4330084 -0.5117791 -0.5836602 -0.6495879 -0.7106993 -0.7681826 -0.8231971 -0.8768235 -0.9294463 -0.9730564 -0.9501184 -0.9501184 -0.7742886 -0.4866314 -0.1305654 -0.7783706E-01 -0.7783706E-01 -0.1963805E-01 -0.1963805E-01 0.2604142E-01 0.2604142E-01 0.4707243E-01 0.8290713E-01 0.8290713E-01 0.1088527 0.1088527 0.1247515 0.1247515 0.1247515 0.1126949 0.1126949 0.8138623E-01 0.8138623E-01 0.3686453E-01 0.3686453E-01 -0.7980313E-02 -0.7980313E-02 -0.3981410E-01 -0.3981410E-01 -0.3981410E-01
