cruce_test.gid/Rasters/Hydraulic/Velocity____61.0.asc
NCOLS        79
NROWS        79
XLLCENTER         -1.500000
YLLCENTER         -4.800000
CELLSIZE           0.100
NODATA_VALUE     -9999.0
[rows 0 to 26 of 79, columns 0 to 59 of 79]
-9999.000 -9999.000 -9999.000 -9999.000 -9999.000 -9999.000 -9999.000 -9999.000 -9999.000 -9999.000 -9999.000 -9999.000 -9999.000 -9999.000 -9999.000 0.2433311 0.2422386 0.2424563 0.2428005 0.2431795 0.2435887 0.2440369 0.2445350 0.2450964 0.2457377 0.2464850 0.2473829 0.2485070 0.2498533 0.2468477 0.2468477 -9999.000 -9999.000 -9999.000 -9999.000 -9999.000 -9999.000 -9999.000 -9999.000 -9999.000 -9999.000 -9999.000 -9999.000 -9999.000 -9999.000 -9999.000 -9999.000 -9999.000 -9999.000 -9999.000 -9999.000 -9999.000 -9999.000 -9999.000 -9999.000 -9999.000 -9999.000 -9999.000 -9999.000 -9999.000
-9999.000 -9999.000 -9999.000 -9999.000 -9999.000 -9999.000 -9999.000 -9999.000 -9999.000 -9999.000 -9999.000 -9999.000 -9999.000 -9999.000 -9999.000 0.2398075 0.2372919 0.2377105 0.2383983 0.2391555 0.2399642 0.2408386 0.2417999 0.2428769 0.2441085 0.2455566 0.2473239 0.2495741 0.2522801 0.2465128 0.2465128 -9999.000 -9999.000 -9999.000 -9999.000 -9999.000 -9999.000 -9999.000 -9999.000 -9999.000 -9999.000 -9999.000 -9999.000 -9999.000 -9999.000 -9999.000 -9999.000 -9999.000 -9999.000 -9999.000 -9999.000 -9999.000 -9999.000 -9999.000 -9999.000 -9999.000 -9999.000 -9999.000 -9999.000 -9999.000
-9999.000 -9999.000 -9999.000 -9999.000 -9999.000 -9999.000 -9999.000 -9999.000 -9999.000 -9999.000 -9999.000 -9999.000 -9999.000 -9999.000 -9999.000 0.2345818 0.2304053 0.2311067 0.2323155 0.2336858 0.2351756 0.2368000 0.2385911 0.2405959 0.2428792 0.2455405 0.2487345 0.2526892 0.2572716 0.2487029 0.2487029 -9999.000 -9999.000 -9999.000 -9999.000 -9999.000 -9999.000 -9999.000 -9999.000 -9999.000 -9999.000 -9999.000 -9999.000 -9999.000 -9999.000 -9999.000 -9999.000 -9999.000 -9999.000 -9999.000 -9999.000 -9999.000 -9999.000 -9999.000 -9999.000 -9999.000 -9999.000 -9999.000 -9999.000 -9999.000
-9999.000 -9999.000 -9999.000 -9999.000 -9999.000 -9999.000 -9999.000 -9999.000 -9999.000 -9999.000 -9999.000 -9999.000 -9999.000 -9999.000 -9999.000 0.2281874 0.2223391 0.2234122 0.2252790 0.2274332 0.2298055 0.2324087 0.2352840 0.2384937 0.2421269 0.2463194 0.2512778 0.2572991 0.2641408 0.2532212 0.2532212 -9999.000 -9999.000 -9999.000 -9999.000 -9999.000 -9999.000 -9999.000 -9999.000 -9999.000 -9999.000 -9999.000 -9999.000 -9999.000 -9999.000 -9999.000 -9999.000 -9999.000 -9999.000 -9999.000 -9999.000 -9999.000 -9999.000 -9999.000 -9999.000 -9999.000 -9999.000 -9999.000 -9999.000 -9999.000
-9999.000 -9999.000 -9999.000 -9999.000 -9999.000 -9999.000 -9999.000 -9999.000 -9999.000 -9999.000 -9999.000 -9999.000 -9999.000 -9999.000 -9999.000 0.2206645 0.2131995 0.2147360 0.2173897 0.2204838 0.2239173 0.2276999 0.2318808 0.2365380 0.2417872 0.2478041 0.2548561 0.2633214 0.2728547 0.2601096 0.2601096 -9999.000 -9999.000 -9999.000 -9999.000 -9999.000 -9999.000 -9999.000 -9999.000 -9999.000 -9999.000 -9999.000 -9999.000 -9999.000 -9999.000 -9999.000 -9999.000 -9999.000 -9999.000 -9999.000 -9999.000 -9999.000 -9999.000 -9999.000 -9999.000 -9999.000 -9999.000 -9999.000 -9999.000 -9999.000
-9999.000 -9999.000 -9999.000 -9999.000 -9999.000 -9999.000 -9999.000 -9999.000 -9999.000 -9999.000 -9999.000 -9999.000 -9999.000 -9999.000 -9999.000 0.2119932 0.2030516 0.2051512 0.2087170 0.2128967 0.2175560 0.2227005 0.2283880 0.2347152 0.2418294 0.2499559 0.2594377 0.2707572 0.2834876 0.2695523 0.2695523 -9999.000 -9999.000 -9999.000 -9999.000 -9999.000 -9999.000 -9999.000 -9999.000 -9999.000 -9999.000 -9999.000 -9999.000 -9999.000 -9999.000 -9999.000 -9999.000 -9999.000 -9999.000 -9999.000 -9999.000 -9999.000 -9999.000 -9999.000 -9999.000 -9999.000 -9999.000 -9999.000 -9999.000 -9999.000
-9999.000 -9999.000 -9999.000 -9999.000 -9999.000 -9999.000 -9999.000 -9999.000 -9999.000 -9999.000 -9999.000 -9999.000 -9999.000 -9999.000 -9999.000 0.2020983 0.1919279 0.1947066 0.1993120 0.2047198 0.2107613 0.2174387 0.2248209 0.2330283 0.2422487 0.2527720 0.2650395 0.2796734 0.2962098 0.2818767 0.2818767 -9999.000 -9999.000 -9999.000 -9999.000 -9999.000 -9999.000 -9999.000 -9999.000 -9999.000 -9999.000 -9999.000 -9999.000 -9999.000 -9999.000 -9999.000 -9999.000 -9999.000 -9999.000 -9999.000 -9999.000 -9999.000 -9999.000 -9999.000 -9999.000 -9999.000 -9999.000 -9999.000 -9999.000 -9999.000
-9999.000 -9999.000 -9999.000 -9999.000 -9999.000 -9999.000 -9999.000 -9999.000 -9999.000 -9999.000 -9999.000 -9999.000 -9999.000 -9999.000 -9999.000 0.1908562 0.1798364 0.1834369 0.1892196 0.1960014 0.2035798 0.2119553 0.2212119 0.2315015 0.2430656 0.2562806 0.2717195 0.2901969 0.3112899 0.2975837 0.2975837 -9999.000 -9999.000 -9999.000 -9999.000 -9999.000 -9999.000 -9999.000 -9999.000 -9999.000 -9999.000 -9999.000 -9999.000 -9999.000 -9999.000 -9999.000 -9999.000 -9999.000 -9999.000 -9999.000 -9999.000 -9999.000 -9999.000 -9999.000 -9999.000 -9999.000 -9999.000 -9999.000 -9999.000 -9999.000
-9999.000 -9999.000 -9999.000 -9999.000 -9999.000 -9999.000 -9999.000 -9999.000 -9999.000 -9999.000 -9999.000 -9999.000 -9999.000 -9999.000 -9999.000 0.1781004 0.1667663 0.1713722 0.1784913 0.1868055 0.1960807 0.2063181 0.2176229 0.2301902 0.2443335 0.2605452 0.2795787 0.3025181 0.3291120 0.3174120 0.3174120 -9999.000 -9999.000 -9999.000 -9999.000 -9999.000 -9999.000 -9999.000 -9999.000 -9999.000 -9999.000 -9999.000 -9999.000 -9999.000 -9999.000 -9999.000 -9999.000 -9999.000 -9999.000 -9999.000 -9999.000 -9999.000 -9999.000 -9999.000 -9999.000 -9999.000 -9999.000 -9999.000 -9999.000 -9999.000
-9999.000 -9999.000 -9999.000 -9999.000 -9999.000 -9999.000 -9999.000 -9999.000 -9999.000 -9999.000 -9999.000 -9999.000 -9999.000 -9999.000 -9999.000 0.1636241 0.1526927 0.1585485 0.1672006 0.1772303 0.1883757 0.2006431 0.2141675 0.2292009 0.2461544 0.2656772 0.2887705 0.3169027 0.3502077 0.3424605 0.3424605 -9999.000 -9999.000 -9999.000 -9999.000 -9999.000 -9999.000 -9999.000 -9999.000 -9999.000 -9999.000 -9999.000 -9999.000 -9999.000 -9999.000 -9999.000 -9999.000 -9999.000 -9999.000 -9999.000 -9999.000 -9999.000 -9999.000 -9999.000 -9999.000 -9999.000 -9999.000 -9999.000 -9999.000 -9999.000
-9999.000 -9999.000 -9999.000 -9999.000 -9999.000 -9999.000 -9999.000 -9999.000 -9999.000 -9999.000 -9999.000 -9999.000 -9999.000 -9999.000 -9999.000 0.1471863 0.1375842 0.1450249 0.1554673 0.1674376 0.1806525 0.1951293 0.2110442 0.2287256 0.2487125 0.2718643 0.2995239 0.3337162 0.3753113 0.3744169 0.3744169 -9999.000 -9999.000 -9999.000 -9999.000 -9999.000 -9999.000 -9999.000 -9999.000 -9999.000 -9999.000 -9999.000 -9999.000 -9999.000 -9999.000 -9999.000 -9999.000 -9999.000 -9999.000 -9999.000 -9999.000 -9999.000 -9999.000 -9999.000 -9999.000 -9999.000 -9999.000 -9999.000 -9999.000 -9999.000
-9999.000 -9999.000 -9999.000 -9999.000 -9999.000 -9999.000 -9999.000 -9999.000 -9999.000 -9999.000 -9999.000 -9999.000 -9999.000 -9999.000 -9999.000 0.1285201 0.1214225 0.1309202 0.1435068 0.1577087 0.1732331 0.1901202 0.2086031 0.2291086 0.2523400 0.2794324 0.3121970 0.3534706 0.4054480 0.4160114 0.4160114 -9999.000 -9999.000 -9999.000 -9999.000 -9999.000 -9999.000 -9999.000 -9999.000 -9999.000 -9999.000 -9999.000 -9999.000 -9999.000 -9999.000 -9999.000 -9999.000 -9999.000 -9999.000 -9999.000 -9999.000 -9999.000 -9999.000 -9999.000 -9999.000 -9999.000 -9999.000 -9999.000 -9999.000 -9999.000
-9999.000 -9999.000 -9999.000 -9999.000 -9999.000 -9999.000 -9999.000 -9999.000 -9999.000 -9999.000 -9999.000 -9999.000 -9999.000 -9999.000 -9999.000 0.1073564 0.1042600 0.1165028 0.1317331 0.1485525 0.1666874 0.1862242 0.2074735 0.2309845 0.2576616 0.2889878 0.3274020 0.3769278 0.4420832 0.4720066 0.4720066 -9999.000 -9999.000 -9999.000 -9999.000 -9999.000 -9999.000 -9999.000 -9999.000 -9999.000 -9999.000 -9999.000 -9999.000 -9999.000 -9999.000 -9999.000 -9999.000 -9999.000 -9999.000 -9999.000 -9999.000 -9999.000 -9999.000 -9999.000 -9999.000 -9999.000 -9999.000 -9999.000 -9999.000 -9999.000
-9999.000 -9999.000 -9999.000 -9999.000 -9999.000 -9999.000 -9999.000 -9999.000 -9999.000 -9999.000 -9999.000 -9999.000 -9999.000 -9999.000 -9999.000 0.8344697E-01 0.8643682E-01 0.1025235 0.1211408 0.1411047 0.1622354 0.1847159 0.2089673 0.2356867 0.2660105 0.3018331 0.3463937 0.4054111 0.4874166 0.5517151 0.5517151 -9999.000 -9999.000 -9999.000 -9999.000 -9999.000 -9999.000 -9999.000 -9999.000 -9999.000 -9999.000 -9999.000 -9999.000 -9999.000 -9999.000 -9999.000 -9999.000 -9999.000 -9999.000 -9999.000 -9999.000 -9999.000 -9999.000 -9999.000 -9999.000 -9999.000 -9999.000 -9999.000 -9999.000 -9999.000
-9999.000 -9999.000 -9999.000 -9999.000 -9999.000 -9999.000 -9999.000 -9999.000 -9999.000 -9999.000 -9999.000 -9999.000 -9999.000 -9999.000 -9999.000 0.5728189E-01 0.7767920E-01 0.1030144 0.1272143 0.1506637 0.1740299 0.1980667 0.2236331 0.2518128 0.2841503 0.3230967 0.3729003 0.4416126 0.5445164 0.6750048 0.6750048 -9999.000 -9999.000 -9999.000 -9999.000 -9999.000 -9999.000 -9999.000 -9999.000 -9999.000 -9999.000 -9999.000 -9999.000 -9999.000 -9999.000 -9999.000 -9999.000 -9999.000 -9999.000 -9999.000 -9999.000 -9999.000 -9999.000 -9999.000 -9999.000 -9999.000 -9999.000 -9999.000 -9999.000 -9999.000
1.569717 1.569717 1.620852 1.653806 1.662799 1.662799 1.669294 1.677591 1.677591 1.652491 1.652491 1.352717 1.307086 1.256475 1.192455 1.192455 1.047935 0.9839673 0.9138248 0.8401530 0.7661140 0.6954270 0.6322130 0.5808582 0.5460274 0.5329935 0.5485473 0.6033353 0.7174985 0.9499233 0.9499233 1.539909 1.739973 1.818963 1.786900 1.786900 1.653780 1.653780 1.464877 1.464877 1.163160 0.8976440 0.8976440 0.8856550 0.8856550 0.9239179 0.9239179 0.9239179 0.9728050 0.9728050 1.015590 1.015590 1.051418 1.051418 1.096013 1.096013 1.123703 1.123703 1.123703 1.144374
1.583875 1.583875 1.640418 1.686985 1.703261 1.703261 1.717124 1.740211 1.740211 1.740101 1.740101 1.448181 1.411688 1.372129 1.329035 1.329035 1.271885 1.245255 1.210641 1.167762 1.117183 1.060395 0.9999302 0.9395565 0.8845301 0.8419424 0.8212416 0.8352763 0.9024891 1.054178 1.054178 1.486838 1.639809 1.741133 1.755607 1.755607 1.738605 1.738605 1.657284 1.657284 1.518859 1.184532 1.184532 1.175499 1.175499 1.223897 1.223897 1.223897 1.275989 1.275989 1.322515 1.322515 1.348432 1.348432 1.403224 1.403224 1.437041 1.437041 1.437041 1.464402
1.587154 1.587154 1.641837 1.687476 1.703727 1.703727 1.717672 1.741085 1.741085 1.745935 1.745935 1.454110 1.425014 1.394776 1.364366 1.364366 1.336849 1.328132 1.315110 1.296590 1.271974 1.241310 1.205426 1.166152 1.126628 1.091740 1.068765 1.068443 1.107074 1.213674 1.213674 1.552437 1.690880 1.802458 1.828002 1.828002 1.833513 1.833513 1.784337 1.784337 1.710735 1.440181 1.440181 1.382401 1.382401 1.416518 1.416518 1.416518 1.464664 1.464664 1.505369 1.505369 1.536839 1.536839 1.576855 1.576855 1.605837 1.605837 1.605837 1.628498
1.589734 1.589734 1.642930 1.687683 1.703779 1.703779 1.717656 1.741052 1.741052 1.749178 1.749178 1.457606 1.433881 1.410186 1.387642 1.387642 1.375093 1.374069 1.370784 1.364432 1.354526 1.340876 1.323677 1.303720 1.282677 1.263488 1.250898 1.252394 1.280256 1.359837 1.359837 1.622647 1.744045 1.848428 1.871055 1.871055 1.877258 1.877258 1.849128 1.849128 1.814731 1.639483 1.639483 1.539158 1.539158 1.558837 1.558837 1.558837 1.599821 1.599821 1.635656 1.635656 1.664145 1.664145 1.696296 1.696296 1.721641 1.721641 1.721641 1.741097
1.591709 1.591709 1.643776 1.687867 1.703822 1.703822 1.717631 1.741007 1.741007 1.751650 1.751650 1.462189 1.443216 1.425235 1.409227 1.409227 1.409107 1.412830 1.414526 1.414020 1.411387 1.406821 1.400613 1.393270 1.385734 1.379688 1.377968 1.385252 1.409943 1.472788 1.472788 1.682755 1.783558 1.869237 1.883122 1.883122 1.882467 1.882467 1.872409 1.872409 1.863054 1.776974 1.776974 1.674352 1.674352 1.664150 1.664150 1.664150 1.697209 1.697209 1.729047 1.729047 1.755251 1.755251 1.782173 1.782173 1.804478 1.804478 1.804478 1.821385
1.593093 1.593093 1.644384 1.688015 1.703856 1.703856 1.717609 1.740969 1.740969 1.753529 1.753529 1.467432 1.452878 1.440200 1.430346 1.430346 1.443565 1.451686 1.456951 1.459725 1.460631 1.460386 1.459680 1.459178 1.459633 1.462079 1.468054 1.479923 1.502804 1.554357 1.554357 1.723183 1.803118 1.860484 1.863911 1.863911 1.861562 1.861562 1.872859 1.872859 1.880761 1.859326 1.859326 1.786765 1.786765 1.749921 1.749921 1.749921 1.772111 1.772111 1.798895 1.798895 1.822537 1.822537 1.845541 1.845541 1.864776 1.864776 1.864776 1.879173
1.593912 1.593912 1.644750 1.688111 1.703878 1.703878 1.717595 1.740943 1.740943 1.754944 1.754944 1.472933 1.462516 1.454819 1.451045 1.451045 1.479881 1.492795 1.501430 1.506615 1.509408 1.510997 1.512512 1.514946 1.519160 1.525955 1.536027 1.549503 1.568411 1.608107 1.608107 1.741595 1.797611 1.820287 1.817446 1.817446 1.826854 1.826854 1.862248 1.862248 1.882543 1.901458 1.901458 1.869691 1.869691 1.823462 1.823462 1.823462 1.833422 1.833422 1.853355 1.853355 1.873449 1.873449 1.892611 1.892611 1.908509 1.908509 1.908509 1.920251
1.594183 1.594183 1.644872 1.688145 1.703887 1.703887 1.717590 1.740934 1.740934 1.756008 1.756008 1.478439 1.471851 1.468793 1.471078 1.471078 1.518957 1.537222 1.549400 1.556781 1.560766 1.562933 1.564822 1.567783 1.572914 1.581034 1.592258 1.603679 1.613712 1.636599 1.636599 1.733377 1.760323 1.753219 1.753997 1.753997 1.788425 1.788425 1.846457 1.846457 1.875586 1.918501 1.918501 1.921766 1.921766 1.885372 1.885372 1.885372 1.885616 1.885616 1.897706 1.897706 1.912873 1.912873 1.927692 1.927692 1.939986 1.939986 1.939986 1.948892
1.593912 1.593912 1.644750 1.688111 1.703879 1.703879 1.717595 1.740944 1.740944 1.756803 1.756803 1.483838 1.480696 1.481846 1.489997 1.489997 1.561732 1.585842 1.601822 1.611445 1.616343 1.618415 1.619583 1.621563 1.625756 1.633156 1.643443 1.648081 1.640329 1.638062 1.638062 1.691291 1.686650 1.672056 1.686415 1.686415 1.751442 1.751442 1.827743 1.827743 1.863187 1.920805 1.920805 1.948675 1.948675 1.933659 1.933659 1.933659 1.929736 1.929736 1.934795 1.934795 1.944037 1.944037 1.953859 1.953859 1.962063 1.962063 1.962063 1.967862
1.593093 1.593093 1.644384 1.688014 1.703855 1.703855 1.717609 1.740969 1.740969 1.757390 1.757390 1.489143 1.488946 1.493771 1.507167 1.507167 1.610176 1.640252 1.659703 1.671351 1.676991 1.678666 1.678515 1.678566 1.680569 1.685840 1.693501 1.683594 1.642439 1.607563 1.607563 1.611233 1.582501 1.590559 1.622454 1.622454 1.716831 1.716831 1.806974 1.806974 1.847145 1.914476 1.914476 1.958369 1.958369 1.967326 1.967326 1.967326 1.965096 1.965096 1.965582 1.965582 1.968918 1.968918 1.973181 1.973181 1.976765 1.976765 1.976765 1.979179
1.591709 1.591709 1.643776 1.687867 1.703822 1.703822 1.717631 1.741008 1.741008 1.757814 1.757814 1.494513 1.496582 1.504524 1.522468 1.522468 1.665868 1.701284 1.724406 1.737909 1.743918 1.744698 1.742628 1.740033 1.738983 1.741082 1.743830 1.703387 1.606825 1.533386 1.533386 1.492574 1.467049 1.518031 1.561238 1.561238 1.685045 1.685045 1.785750 1.785750 1.829571 1.903625 1.903625 1.957753 1.957753 1.987713 1.987713 1.987713 1.991092 1.991092 1.990030 1.990030 1.988442 1.988442 1.987032 1.987032 1.985657 1.985657 1.985657 1.984527
1.589734 1.589734 1.642930 1.687683 1.703779 1.703779 1.717655 1.741052 1.741052 1.758106 1.758106 1.500360 1.503612 1.514178 1.536443 1.536443 1.730751 1.772031 1.798214 1.812786 1.818398 1.817573 1.812885 1.806903 1.801995 1.800023 1.793781 1.684828 1.522189 1.417262 1.417262 1.355721 1.355230 1.454475 1.516218 1.516218 1.655399 1.655399 1.765098 1.765098 1.811692 1.890313 1.890313 1.950916 1.950916 1.996858 1.996858 1.996858 2.007167 2.007167 2.006986 2.006986 2.002003 2.002003 1.995428 1.995428 1.989198 1.989198 1.989198 1.984648
