cruce_test.gid/Rasters/Hydraulic/Velocity__y_247.0.asc
NCOLS        79
NROWS        79
XLLCENTER         -1.500000
YLLCENTER         -4.800000
CELLSIZE           0.100
NODATA_VALUE     -9999.0
[rows 0 to 26 of 79, columns 0 to 58 of 79]
-9999.000 -9999.000 -9999.000 -9999.000 -9999.000 -9999.000 -9999.000 -9999.000 -9999.000 -9999.000 -9999.000 -9999.000 -9999.000 -9999.000 -9999.000 -0.9103280E-01 -0.8802044E-01 -0.8682310E-01 -0.8646671E-01 -0.8694894E-01 -0.8770779E-01 -0.8850548E-01 -0.8928684E-01 -0.8996248E-01 -0.9055114E-01 -0.9107087E-01 -0.9155514E-01 -0.9217779E-01 -0.9353318E-01 -0.9491585E-01 -0.9491585E-01 -9999.000 -9999.000 -9999.000 -9999.000 -9999.000 -9999.000 -9999.000 -9999.000 -9999.000 -9999.000 -9999.000 -9999.000 -9999.000 -9999.000 -9999.000 -9999.000 -9999.000 -9999.000 -9999.000 -9999.000 -9999.000 -9999.000 -9999.000 -9999.000 -9999.000 -9999.000 -9999.000 -9999.000
-9999.000 -9999.000 -9999.000 -9999.000 -9999.000 -9999.000 -9999.000 -9999.000 -9999.000 -9999.000 -9999.000 -9999.000 -9999.000 -9999.000 -9999.000 -0.9144504E-01 -0.8513430E-01 -0.8257941E-01 -0.8184098E-01 -0.8292566E-01 -0.8464131E-01 -0.8647486E-01 -0.8829724E-01 -0.8990802E-01 -0.9133902E-01 -0.9262082E-01 -0.9381859E-01 -0.9529176E-01 -0.9828217E-01 -0.1016158 -0.1016158 -9999.000 -9999.000 -9999.000 -9999.000 -9999.000 -9999.000 -9999.000 -9999.000 -9999.000 -9999.000 -9999.000 -9999.000 -9999.000 -9999.000 -9999.000 -9999.000 -9999.000 -9999.000 -9999.000 -9999.000 -9999.000 -9999.000 -9999.000 -9999.000 -9999.000 -9999.000 -9999.000 -9999.000
-9999.000 -9999.000 -9999.000 -9999.000 -9999.000 -9999.000 -9999.000 -9999.000 -9999.000 -9999.000 -9999.000 -9999.000 -9999.000 -9999.000 -9999.000 -0.9083860E-01 -0.8094084E-01 -0.7683849E-01 -0.7571728E-01 -0.7760233E-01 -0.8057696E-01 -0.8380190E-01 -0.8705133E-01 -0.8998337E-01 -0.9263458E-01 -0.9503823E-01 -0.9728561E-01 -0.9994087E-01 -0.1049796 -0.1110186 -0.1110186 -9999.000 -9999.000 -9999.000 -9999.000 -9999.000 -9999.000 -9999.000 -9999.000 -9999.000 -9999.000 -9999.000 -9999.000 -9999.000 -9999.000 -9999.000 -9999.000 -9999.000 -9999.000 -9999.000 -9999.000 -9999.000 -9999.000 -9999.000 -9999.000 -9999.000 -9999.000 -9999.000 -9999.000
-9999.000 -9999.000 -9999.000 -9999.000 -9999.000 -9999.000 -9999.000 -9999.000 -9999.000 -9999.000 -9999.000 -9999.000 -9999.000 -9999.000 -9999.000 -0.8970354E-01 -0.7624219E-01 -0.7059708E-01 -0.6913492E-01 -0.7190023E-01 -0.7622884E-01 -0.8094914E-01 -0.8573813E-01 -0.9010330E-01 -0.9408585E-01 -0.9771753E-01 -0.1011115 -0.1050427 -0.1122565 -0.1214882 -0.1214882 -9999.000 -9999.000 -9999.000 -9999.000 -9999.000 -9999.000 -9999.000 -9999.000 -9999.000 -9999.000 -9999.000 -9999.000 -9999.000 -9999.000 -9999.000 -9999.000 -9999.000 -9999.000 -9999.000 -9999.000 -9999.000 -9999.000 -9999.000 -9999.000 -9999.000 -9999.000 -9999.000 -9999.000
-9999.000 -9999.000 -9999.000 -9999.000 -9999.000 -9999.000 -9999.000 -9999.000 -9999.000 -9999.000 -9999.000 -9999.000 -9999.000 -9999.000 -9999.000 -0.8826371E-01 -0.7121757E-01 -0.6401805E-01 -0.6223496E-01 -0.6593521E-01 -0.7168069E-01 -0.7796232E-01 -0.8436099E-01 -0.9022545E-01 -0.9560606E-01 -0.1005297 -0.1051316 -0.1104082 -0.1199231 -0.1328742 -0.1328742 -9999.000 -9999.000 -9999.000 -9999.000 -9999.000 -9999.000 -9999.000 -9999.000 -9999.000 -9999.000 -9999.000 -9999.000 -9999.000 -9999.000 -9999.000 -9999.000 -9999.000 -9999.000 -9999.000 -9999.000 -9999.000 -9999.000 -9999.000 -9999.000 -9999.000 -9999.000 -9999.000 -9999.000
-9999.000 -9999.000 -9999.000 -9999.000 -9999.000 -9999.000 -9999.000 -9999.000 -9999.000 -9999.000 -9999.000 -9999.000 -9999.000 -9999.000 -9999.000 -0.8658837E-01 -0.6592918E-01 -0.5716139E-01 -0.5507253E-01 -0.5975429E-01 -0.6696607E-01 -0.7485786E-01 -0.8291839E-01 -0.9032777E-01 -0.9715329E-01 -0.1034151 -0.1092705 -0.1159540 -0.1279064 -0.1451923 -0.1451923 -9999.000 -9999.000 -9999.000 -9999.000 -9999.000 -9999.000 -9999.000 -9999.000 -9999.000 -9999.000 -9999.000 -9999.000 -9999.000 -9999.000 -9999.000 -9999.000 -9999.000 -9999.000 -9999.000 -9999.000 -9999.000 -9999.000 -9999.000 -9999.000 -9999.000 -9999.000 -9999.000 -9999.000
-9999.000 -9999.000 -9999.000 -9999.000 -9999.000 -9999.000 -9999.000 -9999.000 -9999.000 -9999.000 -9999.000 -9999.000 -9999.000 -9999.000 -9999.000 -0.8467846E-01 -0.6038599E-01 -0.5004057E-01 -0.4766208E-01 -0.5337234E-01 -0.6209549E-01 -0.7163910E-01 -0.8140541E-01 -0.9039554E-01 -0.9870353E-01 -0.1063412 -0.1134895 -0.1216399 -0.1361846 -0.1585520 -0.1585520 -9999.000 -9999.000 -9999.000 -9999.000 -9999.000 -9999.000 -9999.000 -9999.000 -9999.000 -9999.000 -9999.000 -9999.000 -9999.000 -9999.000 -9999.000 -9999.000 -9999.000 -9999.000 -9999.000 -9999.000 -9999.000 -9999.000 -9999.000 -9999.000 -9999.000 -9999.000 -9999.000 -9999.000
-9999.000 -9999.000 -9999.000 -9999.000 -9999.000 -9999.000 -9999.000 -9999.000 -9999.000 -9999.000 -9999.000 -9999.000 -9999.000 -9999.000 -9999.000 -0.8250147E-01 -0.5457151E-01 -0.4264569E-01 -0.3999874E-01 -0.4678871E-01 -0.5706788E-01 -0.6830186E-01 -0.7981435E-01 -0.9041534E-01 -0.1002386 -0.1092855 -0.1177623 -0.1274426 -0.1447586 -0.1731330 -0.1731330 -9999.000 -9999.000 -9999.000 -9999.000 -9999.000 -9999.000 -9999.000 -9999.000 -9999.000 -9999.000 -9999.000 -9999.000 -9999.000 -9999.000 -9999.000 -9999.000 -9999.000 -9999.000 -9999.000 -9999.000 -9999.000 -9999.000 -9999.000 -9999.000 -9999.000 -9999.000 -9999.000 -9999.000
-9999.000 -9999.000 -9999.000 -9999.000 -9999.000 -9999.000 -9999.000 -9999.000 -9999.000 -9999.000 -9999.000 -9999.000 -9999.000 -9999.000 -9999.000 -0.8000634E-01 -0.4845538E-01 -0.3495464E-01 -0.3206698E-01 -0.3999383E-01 -0.5187502E-01 -0.6483646E-01 -0.7813420E-01 -0.9037124E-01 -0.1017394 -0.1122258 -0.1220653 -0.1333428 -0.1536381 -0.1891837 -0.1891837 -9999.000 -9999.000 -9999.000 -9999.000 -9999.000 -9999.000 -9999.000 -9999.000 -9999.000 -9999.000 -9999.000 -9999.000 -9999.000 -9999.000 -9999.000 -9999.000 -9999.000 -9999.000 -9999.000 -9999.000 -9999.000 -9999.000 -9999.000 -9999.000 -9999.000 -9999.000 -9999.000 -9999.000
-9999.000 -9999.000 -9999.000 -9999.000 -9999.000 -9999.000 -9999.000 -9999.000 -9999.000 -9999.000 -9999.000 -9999.000 -9999.000 -9999.000 -9999.000 -0.7712678E-01 -0.4199668E-01 -0.2693603E-01 -0.2384311E-01 -0.3297233E-01 -0.4650340E-01 -0.6122863E-01 -0.7634898E-01 -0.9024287E-01 -0.1031829 -0.1151363 -0.1263697 -0.1393169 -0.1628352 -0.2070353 -0.2070353 -9999.000 -9999.000 -9999.000 -9999.000 -9999.000 -9999.000 -9999.000 -9999.000 -9999.000 -9999.000 -9999.000 -9999.000 -9999.000 -9999.000 -9999.000 -9999.000 -9999.000 -9999.000 -9999.000 -9999.000 -9999.000 -9999.000 -9999.000 -9999.000 -9999.000 -9999.000 -9999.000 -9999.000
-9999.000 -9999.000 -9999.000 -9999.000 -9999.000 -9999.000 -9999.000 -9999.000 -9999.000 -9999.000 -9999.000 -9999.000 -9999.000 -9999.000 -9999.000 -0.7378245E-01 -0.3514400E-01 -0.1854939E-01 -0.1529547E-01 -0.2570185E-01 -0.4093347E-01 -0.5745748E-01 -0.7443700E-01 -0.9000297E-01 -0.1045375 -0.1179813 -0.1306372 -0.1453323 -0.1723580 -0.2271318 -0.2271318 -9999.000 -9999.000 -9999.000 -9999.000 -9999.000 -9999.000 -9999.000 -9999.000 -9999.000 -9999.000 -9999.000 -9999.000 -9999.000 -9999.000 -9999.000 -9999.000 -9999.000 -9999.000 -9999.000 -9999.000 -9999.000 -9999.000 -9999.000 -9999.000 -9999.000 -9999.000 -9999.000 -9999.000
-9999.000 -9999.000 -9999.000 -9999.000 -9999.000 -9999.000 -9999.000 -9999.000 -9999.000 -9999.000 -9999.000 -9999.000 -9999.000 -9999.000 -9999.000 -0.6987604E-01 -0.2783335E-01 -0.9742734E-02 -0.6382650E-02 -0.1815201E-01 -0.3513761E-01 -0.5349413E-01 -0.7236753E-01 -0.8961373E-01 -0.1057605 -0.1207121 -0.1348132 -0.1513399 -0.1822066 -0.2500772 -0.2500772 -9999.000 -9999.000 -9999.000 -9999.000 -9999.000 -9999.000 -9999.000 -9999.000 -9999.000 -9999.000 -9999.000 -9999.000 -9999.000 -9999.000 -9999.000 -9999.000 -9999.000 -9999.000 -9999.000 -9999.000 -9999.000 -9999.000 -9999.000 -9999.000 -9999.000 -9999.000 -9999.000 -9999.000
-9999.000 -9999.000 -9999.000 -9999.000 -9999.000 -9999.000 -9999.000 -9999.000 -9999.000 -9999.000 -9999.000 -9999.000 -9999.000 -9999.000 -9999.000 -0.6527156E-01 -0.1997018E-01 -0.4384433E-03 0.2952927E-02 -0.1028487E-01 -0.2908133E-01 -0.4930247E-01 -0.7010154E-01 -0.8902585E-01 -0.1067948 -0.1232621 -0.1388216 -0.1572667 -0.1923652 -0.2767164 -0.2767164 -9999.000 -9999.000 -9999.000 -9999.000 -9999.000 -9999.000 -9999.000 -9999.000 -9999.000 -9999.000 -9999.000 -9999.000 -9999.000 -9999.000 -9999.000 -9999.000 -9999.000 -9999.000 -9999.000 -9999.000 -9999.000 -9999.000 -9999.000 -9999.000 -9999.000 -9999.000 -9999.000 -9999.000
-9999.000 -9999.000 -9999.000 -9999.000 -9999.000 -9999.000 -9999.000 -9999.000 -9999.000 -9999.000 -9999.000 -9999.000 -9999.000 -9999.000 -9999.000 -0.5897242E-01 -0.1080971E-01 0.9811870E-02 0.1275475E-01 -0.2245209E-02 -0.2292526E-01 -0.4503576E-01 -0.6777298E-01 -0.8833910E-01 -0.1077073 -0.1256632 -0.1426612 -0.1630982 -0.2028772 -0.3083732 -0.3083732 -9999.000 -9999.000 -9999.000 -9999.000 -9999.000 -9999.000 -9999.000 -9999.000 -9999.000 -9999.000 -9999.000 -9999.000 -9999.000 -9999.000 -9999.000 -9999.000 -9999.000 -9999.000 -9999.000 -9999.000 -9999.000 -9999.000 -9999.000 -9999.000 -9999.000 -9999.000 -9999.000 -9999.000
-9999.000 -9999.000 -9999.000 -9999.000 -9999.000 -9999.000 -9999.000 -9999.000 -9999.000 -9999.000 -9999.000 -9999.000 -9999.000 -9999.000 -9999.000 -0.5378464E-02 0.1636354E-01 0.2152757E-01 0.1327233E-01 -0.6040476E-02 -0.2685508E-01 -0.4901956E-01 -0.7196418E-01 -0.9260018E-01 -0.1122600 -0.1306171 -0.1481708 -0.1699571 -0.2141720 -0.3448559 -0.3448559 -9999.000 -9999.000 -9999.000 -9999.000 -9999.000 -9999.000 -9999.000 -9999.000 -9999.000 -9999.000 -9999.000 -9999.000 -9999.000 -9999.000 -9999.000 -9999.000 -9999.000 -9999.000 -9999.000 -9999.000 -9999.000 -9999.000 -9999.000 -9999.000 -9999.000 -9999.000 -9999.000 -9999.000
-0.4158083E-02 -0.4158083E-02 -0.5621166E-02 -0.7099492E-02 -0.6663825E-02 -0.6663825E-02 -0.6525715E-02 -0.6476776E-02 -0.6476776E-02 -0.6462554E-02 -0.6462554E-02 -0.6436381E-02 -0.6420563E-02 -0.6403913E-02 -0.6391217E-02 -0.6391217E-02 0.3440925E-01 0.2973984E-01 0.1455704E-01 -0.8253122E-02 -0.3519411E-01 -0.6522690E-01 -0.9724315E-01 -0.1293465 -0.1606010 -0.1901225 -0.2173911 -0.2437970 -0.2768896 -0.3518545 -0.3518545 -0.1973269 -0.1072709 -0.3815983E-01 -0.2882802E-01 -0.2882802E-01 -0.2201653E-01 -0.2201653E-01 -0.9970556E-02 -0.9970556E-02 0.1088117E-02 0.2675640E-01 0.2675640E-01 0.2252152E-01 0.2252152E-01 -0.3791964E-02 -0.3791964E-02 -0.3791964E-02 -0.5332820E-03 -0.5332820E-03 0.2748795E-03 0.2748795E-03 -0.4453884E-03 -0.4453884E-03 -0.1652658E-02 -0.1652658E-02 -0.2863690E-02 -0.2863690E-02 -0.2863690E-02
-0.6159441E-02 -0.6159441E-02 -0.7857973E-02 -0.1034982E-01 -0.9470406E-02 -0.9470406E-02 -0.9165941E-02 -0.9094280E-02 -0.9094280E-02 -0.9108985E-02 -0.9108985E-02 -0.9095436E-02 -0.9083140E-02 -0.9070401E-02 -0.9080444E-02 -0.9080444E-02 0.2862648E-01 0.2493315E-01 0.9519301E-02 -0.1589392E-01 -0.5034913E-01 -0.9141950E-01 -0.1370198 -0.1855849 -0.2349637 -0.2833866 -0.3291986 -0.3705736 -0.4052998 -0.4296286 -0.4296286 -0.2932601 -0.1964206 -0.1036894 -0.8526096E-01 -0.8526096E-01 -0.6176013E-01 -0.6176013E-01 -0.2044765E-01 -0.2044765E-01 0.1273843E-01 0.8431455E-01 0.8431455E-01 0.9284168E-01 0.9284168E-01 0.1860816E-01 0.1860816E-01 0.1860816E-01 0.7385722E-02 0.7385722E-02 0.1536218E-02 0.1536218E-02 -0.2980175E-02 -0.2980175E-02 -0.6767423E-02 -0.6767423E-02 -0.9667892E-02 -0.9667892E-02 -0.9667892E-02
-0.4585916E-02 -0.4585916E-02 -0.5659680E-02 -0.9015843E-02 -0.8165411E-02 -0.8165411E-02 -0.7762657E-02 -0.7661032E-02 -0.7661032E-02 -0.7712568E-02 -0.7712568E-02 -0.7726400E-02 -0.7726336E-02 -0.7726378E-02 -0.7784037E-02 -0.7784037E-02 0.1883363E-01 0.1547521E-01 0.3479803E-03 -0.2520398E-01 -0.6029500E-01 -0.1031843 -0.1521370 -0.2057897 -0.2624417 -0.3204559 -0.3781734 -0.4335793 -0.4837366 -0.5219732 -0.5219732 -0.4336303 -0.3499398 -0.2345899 -0.1975204 -0.1975204 -0.1314930 -0.1314930 -0.3191003E-01 -0.3191003E-01 0.3503803E-01 0.1625449 0.1625449 0.2005435 0.2005435 0.7744183E-01 0.7744183E-01 0.7744183E-01 0.2987035E-01 0.2987035E-01 0.5346163E-02 0.5346163E-02 -0.8490318E-02 -0.8490318E-02 -0.1713825E-01 -0.1713825E-01 -0.2232571E-01 -0.2232571E-01 -0.2232571E-01
-0.3032364E-02 -0.3032364E-02 -0.3405504E-02 -0.7641191E-02 -0.6735272E-02 -0.6735272E-02 -0.6264369E-02 -0.6119285E-02 -0.6119285E-02 -0.6174627E-02 -0.6174627E-02 -0.6189878E-02 -0.6189240E-02 -0.6188428E-02 -0.6285941E-02 -0.6285941E-02 0.9072187E-02 0.3753040E-02 -0.1247725E-01 -0.3876328E-01 -0.7426587E-01 -0.1176847 -0.1675974 -0.2228004 -0.2819727 -0.3437972 -0.4069279 -0.4696878 -0.5294112 -0.5796834 -0.5796834 -0.5396000 -0.4806451 -0.3690395 -0.3187861 -0.3187861 -0.2009722 -0.2009722 -0.2772827E-01 -0.2772827E-01 0.6988524E-01 0.2278311 0.2278311 0.2801101 0.2801101 0.1422612 0.1422612 0.1422612 0.6025413E-01 0.6025413E-01 0.1245233E-01 0.1245233E-01 -0.1424128E-01 -0.1424128E-01 -0.2936906E-01 -0.2936906E-01 -0.3720344E-01 -0.3720344E-01 -0.3720344E-01
-0.1488143E-02 -0.1488143E-02 -0.2255219E-02 -0.6007559E-02 -0.5174735E-02 -0.5174735E-02 -0.4729747E-02 -0.4580963E-02 -0.4580963E-02 -0.4633476E-02 -0.4633476E-02 -0.4648856E-02 -0.4647768E-02 -0.4646080E-02 -0.4792759E-02 -0.4792759E-02 -0.6060731E-03 -0.9896748E-02 -0.2893978E-01 -0.5719475E-01 -0.9393362E-01 -0.1381684 -0.1887748 -0.2447176 -0.3049216 -0.3683022 -0.4337600 -0.4999683 -0.5647843 -0.6228963 -0.6228963 -0.6188879 -0.5857875 -0.4884240 -0.4256098 -0.4256098 -0.2429727 -0.2429727 0.8083679E-04 0.8083679E-04 0.1123104 0.2681695 0.2681695 0.3206863 0.3206863 0.1964742 0.1964742 0.1964742 0.9352900E-01 0.9352900E-01 0.2397415E-01 0.2397415E-01 -0.1726183E-01 -0.1726183E-01 -0.4032357E-01 -0.4032357E-01 -0.5146828E-01 -0.5146828E-01 -0.5146828E-01
0.7126941E-04 0.7126941E-04 -0.2239830E-02 -0.4098692E-02 -0.3491314E-02 -0.3491314E-02 -0.3158345E-02 -0.3043307E-02 -0.3043307E-02 -0.3086224E-02 -0.3086224E-02 -0.3100103E-02 -0.3100001E-02 -0.3099097E-02 -0.3311760E-02 -0.3311760E-02 -0.1068706E-01 -0.2569176E-01 -0.4932348E-01 -0.8103883E-01 -0.1201600 -0.1659149 -0.2174628 -0.2739986 -0.3346958 -0.3986979 -0.4651124 -0.5328764 -0.6003000 -0.6631898 -0.6631898 -0.6838355 -0.6724594 -0.5836698 -0.4988855 -0.4988855 -0.2367477 -0.2367477 0.4221060E-01 0.4221060E-01 0.1475692 0.2796181 0.2796181 0.3271642 0.3271642 0.2321069 0.2321069 0.2321069 0.1247285 0.1247285 0.3934677E-01 0.3934677E-01 -0.1620762E-01 -0.1620762E-01 -0.4825586E-01 -0.4825586E-01 -0.6348262E-01 -0.6348262E-01 -0.6348262E-01
0.5756581E-03 0.5756581E-03 -0.1487824E-02 -0.2095257E-02 -0.1765424E-02 -0.1765424E-02 -0.1584652E-02 -0.1520647E-02 -0.1520647E-02 -0.1543619E-02 -0.1543619E-02 -0.1551294E-02 -0.1551309E-02 -0.1550943E-02 -0.1850542E-02 -0.1850542E-02 -0.2192481E-01 -0.4431223E-01 -0.7433090E-01 -0.1111341 -0.1539705 -0.2021866 -0.2551816 -0.3124114 -0.3733353 -0.4373726 -0.5038787 -0.5720483 -0.6405663 -0.7060981 -0.7060981 -0.7425631 -0.7462274 -0.6421751 -0.5161328 -0.5161328 -0.1833815 -0.1833815 0.7817685E-01 0.7817685E-01 0.1628092 0.2663048 0.2663048 0.3095234 0.3095234 0.2471620 0.2471620 0.2471620 0.1490011 0.1490011 0.5641492E-01 0.5641492E-01 -0.1099181E-01 -0.1099181E-01 -0.5218180E-01 -0.5218180E-01 -0.7207742E-01 -0.7207742E-01 -0.7207742E-01
-0.9826094E-07 -0.9826094E-07 -0.1396518E-06 -0.1470768E-06 -0.9066821E-07 -0.9066821E-07 0.1454552E-06 0.1223482E-06 0.1223482E-06 0.7412996E-07 0.7412996E-07 0.2541467E-07 -0.3998868E-07 0.7710857E-07 -0.4165075E-03 -0.4165075E-03 -0.3540272E-01 -0.6698342E-01 -0.1052587 -0.1488470 -0.1968124 -0.2485444 -0.3036371 -0.3618106 -0.4228309 -0.4864366 -0.5522892 -0.6198844 -0.6882441 -0.7544904 -0.7544904 -0.7991521 -0.8072570 -0.6398493 -0.4587064 -0.4587064 -0.1114223 -0.1114223 0.9320598E-01 0.9320598E-01 0.1558034 0.2367283 0.2367283 0.2774264 0.2774264 0.2437040 0.2437040 0.2437040 0.1627002 0.1627002 0.7199192E-01 0.7199192E-01 -0.2637585E-02 -0.2637585E-02 -0.5174934E-01 -0.5174934E-01 -0.7636243E-01 -0.7636243E-01 -0.7636243E-01
-0.5757854E-03 -0.5757854E-03 0.1487639E-02 0.2095050E-02 0.1765399E-02 0.1765399E-02 0.1584875E-02 0.1520837E-02 0.1520837E-02 0.1543603E-02 0.1543603E-02 0.1551301E-02 0.1551282E-02 0.1551056E-02 0.9758252E-03 0.9758252E-03 -0.5271343E-01 -0.9566410E-01 -0.1442141 -0.1963119 -0.2507893 -0.3070611 -0.3649040 -0.4243049 -0.4853453 -0.5481065 -0.6125961 -0.6786488 -0.7455488 -0.8100194 -0.8100194 -0.8533887 -0.8447311 -0.5513749 -0.3398870 -0.3398870 -0.5507834E-01 -0.5507834E-01 0.8698241E-01 0.8698241E-01 0.1332755 0.1992211 0.1992211 0.2379847 0.2379847 0.2257238 0.2257238 0.2257238 0.1642336 0.1642336 0.8282162E-01 0.8282162E-01 0.7006413E-02 0.7006413E-02 -0.4723105E-01 -0.4723105E-01 -0.7575465E-01 -0.7575465E-01 -0.7575465E-01
-0.7137811E-04 -0.7137811E-04 0.2239706E-02 0.4098579E-02 0.3491319E-02 0.3491319E-02 0.3158267E-02 0.3043263E-02 0.3043263E-02 0.3086266E-02 0.3086266E-02 0.3100067E-02 0.3100003E-02 0.3099189E-02 0.2307449E-02 0.2307449E-02 -0.7633720E-01 -0.1334422 -0.1944984 -0.2567943 -0.3190016 -0.3806326 -0.4416966 -0.5024776 -0.5633880 -0.6248606 -0.6872638 -0.7507702 -0.8146148 -0.8725340 -0.8725340 -0.8954768 -0.8244866 -0.3914542 -0.2127397 -0.2127397 -0.2772608E-01 -0.2772608E-01 0.6843382E-01 0.6843382E-01 0.1041678 0.1596031 0.1596031 0.1956125 0.1956125 0.1974339 0.1974339 0.1974339 0.1540439 0.1540439 0.8651140E-01 0.8651140E-01 0.1570610E-01 0.1570610E-01 -0.3948050E-01 -0.3948050E-01 -0.7006349E-01 -0.7006349E-01 -0.7006349E-01
0.1488160E-02 0.1488160E-02 0.2255312E-02 0.6007536E-02 0.5174562E-02 0.5174562E-02 0.4729453E-02 0.4580706E-02 0.4580706E-02 0.4633665E-02 0.4633665E-02 0.4648729E-02 0.4647769E-02 0.4646007E-02 0.3557730E-02 0.3557730E-02 -0.1104065 -0.1853074 -0.2613015 -0.3352920 -0.4060589 -0.4734187 -0.5377471 -0.5997032 -0.6600653 -0.7196248 -0.7791072 -0.8389284 -0.8970318 -0.9349082 -0.9349082 -0.8878917 -0.6886728 -0.2299075 -0.1247986 -0.1247986 -0.2109067E-01 -0.2109067E-01 0.4653281E-01 0.4653281E-01 0.7478776E-01 0.1210101 0.1210101 0.1527823 0.1527823 0.1624614 0.1624614 0.1624614 0.1340073 0.1340073 0.8210966E-01 0.8210966E-01 0.2149928E-01 0.2149928E-01 -0.2970747E-01 -0.2970747E-01 -0.5953744E-01 -0.5953744E-01 -0.5953744E-01
0.3032447E-02 0.3032447E-02 0.3405596E-02 0.7641243E-02 0.6735183E-02 0.6735183E-02 0.6264243E-02 0.6119216E-02 0.6119216E-02 0.6174706E-02 0.6174706E-02 0.6189783E-02 0.6189034E-02 0.6188103E-02 0.4695290E-02 0.4695290E-02 -0.1623059 -0.2596603 -0.3529843 -0.4395875 -0.5189462 -0.5915657 -0.6584216 -0.7206767 -0.7795332 -0.8361513 -0.8915967 -0.9461086 -0.9909418 -0.9611179 -0.9611179 -0.7465081 -0.4338953 -0.1258757 -0.8127692E-01 -0.8127692E-01 -0.2187424E-01 -0.2187424E-01 0.2649918E-01 0.2649918E-01 0.4827131E-01 0.8489341E-01 0.8489341E-01 0.1109365 0.1109365 0.1237161 0.1237161 0.1237161 0.1067062 0.1067062 0.7015511E-01 0.7015511E-01 0.2327943E-01 0.2327943E-01 -0.1914859E-01 -0.1914859E-01 -0.4487984E-01 -0.4487984E-01 -0.4487984E-01
