cruce_test.gid/Rasters/Hydraulic/Velocity__y_100.0.asc
NCOLS        79
NROWS        79
XLLCENTER         -1.500000
YLLCENTER         -4.800000
CELLSIZE           0.100
NODATA_VALUE     -9999.0
[rows 0 to 26 of 79, columns 0 to 58 of 79]
-9999.000 -9999.000 -9999.000 -9999.000 -9999.000 -9999.000 -9999.000 -9999.000 -9999.000 -9999.000 -9999.000 -9999.000 -9999.000 -9999.000 -9999.000 -0.1875385 -0.1863649 -0.1864562 -0.1866515 -0.1868592 -0.1870615 -0.1872595 -0.1874674 -0.1877158 -0.1880566 -0.1885704 -0.1893800 -0.1906744 -0.1926199 -0.1909625 -0.1909625 -9999.000 -9999.000 -9999.000 -9999.000 -9999.000 -9999.000 -9999.000 -9999.000 -9999.000 -9999.000 -9999.000 -9999.000 -9999.000 -9999.000 -9999.000 -9999.000 -9999.000 -9999.000 -9999.000 -9999.000 -9999.000 -9999.000 -9999.000 -9999.000 -9999.000 -9999.000 -9999.000 -9999.000
-9999.000 -9999.000 -9999.000 -9999.000 -9999.000 -9999.000 -9999.000 -9999.000 -9999.000 -9999.000 -9999.000 -9999.000 -9999.000 -9999.000 -9999.000 -0.1853127 -0.1827591 -0.1829165 -0.1833040 -0.1837250 -0.1841405 -0.1845530 -0.1849961 -0.1855396 -0.1862990 -0.1874480 -0.1892425 -0.1920609 -0.1962105 -0.1933278 -0.1933278 -9999.000 -9999.000 -9999.000 -9999.000 -9999.000 -9999.000 -9999.000 -9999.000 -9999.000 -9999.000 -9999.000 -9999.000 -9999.000 -9999.000 -9999.000 -9999.000 -9999.000 -9999.000 -9999.000 -9999.000 -9999.000 -9999.000 -9999.000 -9999.000 -9999.000 -9999.000 -9999.000 -9999.000
-9999.000 -9999.000 -9999.000 -9999.000 -9999.000 -9999.000 -9999.000 -9999.000 -9999.000 -9999.000 -9999.000 -9999.000 -9999.000 -9999.000 -9999.000 -0.1817402 -0.1776490 -0.1778944 -0.1785650 -0.1793335 -0.1801306 -0.1809596 -0.1818788 -0.1830089 -0.1845438 -0.1867687 -0.1900882 -0.1950790 -0.2021604 -0.1985179 -0.1985179 -9999.000 -9999.000 -9999.000 -9999.000 -9999.000 -9999.000 -9999.000 -9999.000 -9999.000 -9999.000 -9999.000 -9999.000 -9999.000 -9999.000 -9999.000 -9999.000 -9999.000 -9999.000 -9999.000 -9999.000 -9999.000 -9999.000 -9999.000 -9999.000 -9999.000 -9999.000 -9999.000 -9999.000
-9999.000 -9999.000 -9999.000 -9999.000 -9999.000 -9999.000 -9999.000 -9999.000 -9999.000 -9999.000 -9999.000 -9999.000 -9999.000 -9999.000 -9999.000 -0.1772482 -0.1716574 -0.1720337 -0.1730597 -0.1742710 -0.1755672 -0.1769519 -0.1785084 -0.1804092 -0.1829307 -0.1864726 -0.1915967 -0.1990935 -0.2095219 -0.2057739 -0.2057739 -9999.000 -9999.000 -9999.000 -9999.000 -9999.000 -9999.000 -9999.000 -9999.000 -9999.000 -9999.000 -9999.000 -9999.000 -9999.000 -9999.000 -9999.000 -9999.000 -9999.000 -9999.000 -9999.000 -9999.000 -9999.000 -9999.000 -9999.000 -9999.000 -9999.000 -9999.000 -9999.000 -9999.000
-9999.000 -9999.000 -9999.000 -9999.000 -9999.000 -9999.000 -9999.000 -9999.000 -9999.000 -9999.000 -9999.000 -9999.000 -9999.000 -9999.000 -9999.000 -0.1719475 -0.1649121 -0.1654588 -0.1669022 -0.1686354 -0.1705251 -0.1725735 -0.1748905 -0.1777041 -0.1813783 -0.1864387 -0.1936204 -0.2039554 -0.2181866 -0.2150548 -0.2150548 -9999.000 -9999.000 -9999.000 -9999.000 -9999.000 -9999.000 -9999.000 -9999.000 -9999.000 -9999.000 -9999.000 -9999.000 -9999.000 -9999.000 -9999.000 -9999.000 -9999.000 -9999.000 -9999.000 -9999.000 -9999.000 -9999.000 -9999.000 -9999.000 -9999.000 -9999.000 -9999.000 -9999.000
-9999.000 -9999.000 -9999.000 -9999.000 -9999.000 -9999.000 -9999.000 -9999.000 -9999.000 -9999.000 -9999.000 -9999.000 -9999.000 -9999.000 -9999.000 -0.1658888 -0.1574898 -0.1582424 -0.1601539 -0.1624722 -0.1650285 -0.1678244 -0.1709981 -0.1748383 -0.1798068 -0.1865698 -0.1960595 -0.2095886 -0.2281500 -0.2264850 -0.2264850 -9999.000 -9999.000 -9999.000 -9999.000 -9999.000 -9999.000 -9999.000 -9999.000 -9999.000 -9999.000 -9999.000 -9999.000 -9999.000 -9999.000 -9999.000 -9999.000 -9999.000 -9999.000 -9999.000 -9999.000 -9999.000 -9999.000 -9999.000 -9999.000 -9999.000 -9999.000 -9999.000 -9999.000
-9999.000 -9999.000 -9999.000 -9999.000 -9999.000 -9999.000 -9999.000 -9999.000 -9999.000 -9999.000 -9999.000 -9999.000 -9999.000 -9999.000 -9999.000 -0.1590704 -0.1494243 -0.1504170 -0.1528374 -0.1557902 -0.1590696 -0.1626775 -0.1667838 -0.1717456 -0.1781352 -0.1867797 -0.1988406 -0.2159626 -0.2394843 -0.2403373 -0.2403373 -9999.000 -9999.000 -9999.000 -9999.000 -9999.000 -9999.000 -9999.000 -9999.000 -9999.000 -9999.000 -9999.000 -9999.000 -9999.000 -9999.000 -9999.000 -9999.000 -9999.000 -9999.000 -9999.000 -9999.000 -9999.000 -9999.000 -9999.000 -9999.000 -9999.000 -9999.000 -9999.000 -9999.000
-9999.000 -9999.000 -9999.000 -9999.000 -9999.000 -9999.000 -9999.000 -9999.000 -9999.000 -9999.000 -9999.000 -9999.000 -9999.000 -9999.000 -9999.000 -0.1514467 -0.1407151 -0.1419826 -0.1449451 -0.1485700 -0.1526152 -0.1570833 -0.1621813 -0.1683452 -0.1762736 -0.1869811 -0.2018992 -0.2230739 -0.2523253 -0.2570497 -0.2570497 -9999.000 -9999.000 -9999.000 -9999.000 -9999.000 -9999.000 -9999.000 -9999.000 -9999.000 -9999.000 -9999.000 -9999.000 -9999.000 -9999.000 -9999.000 -9999.000 -9999.000 -9999.000 -9999.000 -9999.000 -9999.000 -9999.000 -9999.000 -9999.000 -9999.000 -9999.000 -9999.000 -9999.000
-9999.000 -9999.000 -9999.000 -9999.000 -9999.000 -9999.000 -9999.000 -9999.000 -9999.000 -9999.000 -9999.000 -9999.000 -9999.000 -9999.000 -9999.000 -0.1429332 -0.1313319 -0.1329116 -0.1364424 -0.1407670 -0.1456071 -0.1509687 -0.1571024 -0.1645351 -0.1741134 -0.1870718 -0.2051652 -0.2309328 -0.2668695 -0.2772771 -0.2772771 -9999.000 -9999.000 -9999.000 -9999.000 -9999.000 -9999.000 -9999.000 -9999.000 -9999.000 -9999.000 -9999.000 -9999.000 -9999.000 -9999.000 -9999.000 -9999.000 -9999.000 -9999.000 -9999.000 -9999.000 -9999.000 -9999.000 -9999.000 -9999.000 -9999.000 -9999.000 -9999.000 -9999.000
-9999.000 -9999.000 -9999.000 -9999.000 -9999.000 -9999.000 -9999.000 -9999.000 -9999.000 -9999.000 -9999.000 -9999.000 -9999.000 -9999.000 -9999.000 -0.1334088 -0.1212154 -0.1231486 -0.1272679 -0.1323090 -0.1379595 -0.1442319 -0.1514283 -0.1601816 -0.1715127 -0.1869177 -0.2085437 -0.2395475 -0.2833755 -0.3019893 -0.3019893 -9999.000 -9999.000 -9999.000 -9999.000 -9999.000 -9999.000 -9999.000 -9999.000 -9999.000 -9999.000 -9999.000 -9999.000 -9999.000 -9999.000 -9999.000 -9999.000 -9999.000 -9999.000 -9999.000 -9999.000 -9999.000 -9999.000 -9999.000 -9999.000 -9999.000 -9999.000 -9999.000 -9999.000
-9999.000 -9999.000 -9999.000 -9999.000 -9999.000 -9999.000 -9999.000 -9999.000 -9999.000 -9999.000 -9999.000 -9999.000 -9999.000 -9999.000 -9999.000 -0.1227130 -0.1102737 -0.1126065 -0.1173274 -0.1230902 -0.1295506 -0.1367311 -0.1449952 -0.1551012 -0.1682752 -0.1863274 -0.2118874 -0.2488997 -0.3021635 -0.3326540 -0.3326540 -9999.000 -9999.000 -9999.000 -9999.000 -9999.000 -9999.000 -9999.000 -9999.000 -9999.000 -9999.000 -9999.000 -9999.000 -9999.000 -9999.000 -9999.000 -9999.000 -9999.000 -9999.000 -9999.000 -9999.000 -9999.000 -9999.000 -9999.000 -9999.000 -9999.000 -9999.000 -9999.000 -9999.000
-9999.000 -9999.000 -9999.000 -9999.000 -9999.000 -9999.000 -9999.000 -9999.000 -9999.000 -9999.000 -9999.000 -9999.000 -9999.000 -9999.000 -9999.000 -0.1106373 -0.9837312E-01 -0.1011561 -0.1064832 -0.1129575 -0.1202064 -0.1282661 -0.1375727 -0.1490321 -0.1641146 -0.1850105 -0.2149493 -0.2588991 -0.3236040 -0.3715833 -0.3715833 -9999.000 -9999.000 -9999.000 -9999.000 -9999.000 -9999.000 -9999.000 -9999.000 -9999.000 -9999.000 -9999.000 -9999.000 -9999.000 -9999.000 -9999.000 -9999.000 -9999.000 -9999.000 -9999.000 -9999.000 -9999.000 -9999.000 -9999.000 -9999.000 -9999.000 -9999.000 -9999.000 -9999.000
-9999.000 -9999.000 -9999.000 -9999.000 -9999.000 -9999.000 -9999.000 -9999.000 -9999.000 -9999.000 -9999.000 -9999.000 -9999.000 -9999.000 -9999.000 -0.9690573E-01 -0.8531763E-01 -0.8860483E-01 -0.9453133E-01 -0.1016870 -0.1096733 -0.1185445 -0.1288214 -0.1415840 -0.1585929 -0.1824994 -0.2172881 -0.2692793 -0.3480566 -0.4226406 -0.4226406 -9999.000 -9999.000 -9999.000 -9999.000 -9999.000 -9999.000 -9999.000 -9999.000 -9999.000 -9999.000 -9999.000 -9999.000 -9999.000 -9999.000 -9999.000 -9999.000 -9999.000 -9999.000 -9999.000 -9999.000 -9999.000 -9999.000 -9999.000 -9999.000 -9999.000 -9999.000 -9999.000 -9999.000
-9999.000 -9999.000 -9999.000 -9999.000 -9999.000 -9999.000 -9999.000 -9999.000 -9999.000 -9999.000 -9999.000 -9999.000 -9999.000 -9999.000 -9999.000 -0.8107778E-01 -0.7077540E-01 -0.7463179E-01 -0.8114562E-01 -0.8893234E-01 -0.9756798E-01 -0.1071274 -0.1182290 -0.1321549 -0.1510085 -0.1779995 -0.2180670 -0.2793467 -0.3756377 -0.4928764 -0.4928764 -9999.000 -9999.000 -9999.000 -9999.000 -9999.000 -9999.000 -9999.000 -9999.000 -9999.000 -9999.000 -9999.000 -9999.000 -9999.000 -9999.000 -9999.000 -9999.000 -9999.000 -9999.000 -9999.000 -9999.000 -9999.000 -9999.000 -9999.000 -9999.000 -9999.000 -9999.000 -9999.000 -9999.000
-9999.000 -9999.000 -9999.000 -9999.000 -9999.000 -9999.000 -9999.000 -9999.000 -9999.000 -9999.000 -9999.000 -9999.000 -9999.000 -9999.000 -9999.000 -0.5625350E-01 -0.5175416E-01 -0.5757987E-01 -0.6556690E-01 -0.7452241E-01 -0.8408027E-01 -0.9439803E-01 -0.1062451 -0.1211566 -0.1416438 -0.1715861 -0.2171170 -0.2888027 -0.4066451 -0.5957777 -0.5957777 -9999.000 -9999.000 -9999.000 -9999.000 -9999.000 -9999.000 -9999.000 -9999.000 -9999.000 -9999.000 -9999.000 -9999.000 -9999.000 -9999.000 -9999.000 -9999.000 -9999.000 -9999.000 -9999.000 -9999.000 -9999.000 -9999.000 -9999.000 -9999.000 -9999.000 -9999.000 -9999.000 -9999.000
-0.1553368E-02 -0.1553368E-02 -0.4803256E-02 -0.4756113E-02 -0.4711166E-02 -0.4711166E-02 -0.4681994E-02 -0.4649916E-02 -0.4649916E-02 -0.4630835E-02 -0.4630835E-02 -0.4609608E-02 -0.4594535E-02 -0.4576471E-02 -0.2330665E-01 -0.2330665E-01 -0.6200240E-01 -0.7297572E-01 -0.8622767E-01 -0.1005291 -0.1149471 -0.1290423 -0.1430000 -0.1578219 -0.1756027 -0.1999903 -0.2370470 -0.2971248 -0.3988483 -0.6120581 -0.6120581 -0.3452142 -0.1858943 -0.3302750E-01 -0.6456845E-02 -0.6456845E-02 0.1122500E-01 0.1122500E-01 -0.2527547E-02 -0.2527547E-02 -0.2928260E-01 -0.1082850E-01 -0.1082850E-01 0.5308821E-02 0.5308821E-02 0.1082136E-01 0.1082136E-01 0.1082136E-01 0.9503299E-02 0.9503299E-02 0.7319020E-02 0.7319020E-02 0.6447373E-02 0.6447373E-02 0.3904051E-02 0.3904051E-02 0.2269065E-02 0.2269065E-02 0.2269065E-02
-0.2383402E-02 -0.2383402E-02 -0.7108005E-02 -0.6806611E-02 -0.6669140E-02 -0.6669140E-02 -0.6591130E-02 -0.6534517E-02 -0.6534517E-02 -0.6528466E-02 -0.6528466E-02 -0.6521664E-02 -0.6510137E-02 -0.6493212E-02 -0.3320330E-01 -0.3320330E-01 -0.9318721E-01 -0.1106015 -0.1320332 -0.1555998 -0.1796268 -0.2028275 -0.2243822 -0.2441054 -0.2626811 -0.2819948 -0.3055878 -0.3392735 -0.3913076 -0.4781315 -0.4781315 -0.3038141 -0.1788463 -0.3997580E-01 -0.7139397E-02 -0.7139397E-02 0.3010625E-01 0.3010625E-01 0.2987781E-01 0.2987781E-01 -0.1268650E-01 -0.1480274E-01 -0.1480274E-01 0.1350637E-01 0.1350637E-01 0.2305270E-01 0.2305270E-01 0.2305270E-01 0.1982011E-01 0.1982011E-01 0.1522090E-01 0.1522090E-01 0.1043712E-01 0.1043712E-01 0.7973386E-02 0.7973386E-02 0.5264816E-02 0.5264816E-02 0.5264816E-02
-0.1959069E-02 -0.1959069E-02 -0.5636457E-02 -0.5859757E-02 -0.5695008E-02 -0.5695008E-02 -0.5580316E-02 -0.5501618E-02 -0.5501618E-02 -0.5519277E-02 -0.5519277E-02 -0.5541862E-02 -0.5543475E-02 -0.5539136E-02 -0.2415590E-01 -0.2415590E-01 -0.9949502E-01 -0.1215460 -0.1486721 -0.1792735 -0.2116561 -0.2443003 -0.2759028 -0.3055169 -0.3327187 -0.3577828 -0.3818478 -0.4070011 -0.4356249 -0.4693801 -0.4693801 -0.3637174 -0.2648856 -0.1161012 -0.6025223E-01 -0.6025223E-01 0.3364152E-01 0.3364152E-01 0.9236452E-01 0.9236452E-01 0.6793971E-01 0.1235570E-01 0.1235570E-01 0.2511204E-01 0.2511204E-01 0.3252301E-01 0.3252301E-01 0.3252301E-01 0.2738853E-01 0.2738853E-01 0.2052147E-01 0.2052147E-01 0.1166707E-01 0.1166707E-01 0.9291654E-02 0.9291654E-02 0.6394504E-02 0.6394504E-02 0.6394504E-02
-0.1542163E-02 -0.1542163E-02 -0.4307487E-02 -0.4793166E-02 -0.4627948E-02 -0.4627948E-02 -0.4492397E-02 -0.4387972E-02 -0.4387972E-02 -0.4405170E-02 -0.4405170E-02 -0.4433427E-02 -0.4438431E-02 -0.4437482E-02 -0.1671063E-01 -0.1671063E-01 -0.9930193E-01 -0.1249113 -0.1556267 -0.1904777 -0.2280438 -0.2669371 -0.3057907 -0.3433588 -0.3786426 -0.4110068 -0.4402332 -0.4663734 -0.4887571 -0.5036689 -0.5036689 -0.4328954 -0.3518119 -0.1972566 -0.1223324 -0.1223324 0.2463735E-01 0.2463735E-01 0.1354160 0.1354160 0.1425832 0.7376444E-01 0.7376444E-01 0.4510851E-01 0.4510851E-01 0.3746062E-01 0.3746062E-01 0.3746062E-01 0.2941237E-01 0.2941237E-01 0.2039472E-01 0.2039472E-01 0.1038304E-01 0.1038304E-01 0.6111193E-02 0.6111193E-02 0.3465727E-02 0.3465727E-02 0.3465727E-02
-0.1140032E-02 -0.1140032E-02 -0.3113941E-02 -0.3658938E-02 -0.3518821E-02 -0.3518821E-02 -0.3389260E-02 -0.3281398E-02 -0.3281398E-02 -0.3295183E-02 -0.3295183E-02 -0.3323114E-02 -0.3329470E-02 -0.3330588E-02 -0.1129092E-01 -0.1129092E-01 -0.9714033E-01 -0.1269739 -0.1609022 -0.1989767 -0.2401345 -0.2832091 -0.3269352 -0.3700298 -0.4112825 -0.4496405 -0.4842399 -0.5142310 -0.5377502 -0.5487066 -0.5487066 -0.4960788 -0.4264493 -0.2623856 -0.1698366 -0.1698366 0.1617035E-01 0.1617035E-01 0.1545112 0.1545112 0.1832978 0.1385920 0.1385920 0.7610891E-01 0.7610891E-01 0.4222956E-01 0.4222956E-01 0.4222956E-01 0.2866344E-01 0.2866344E-01 0.1697534E-01 0.1697534E-01 0.6101613E-02 0.6101613E-02 0.6627152E-03 0.6627152E-03 -0.1404754E-02 -0.1404754E-02 -0.1404754E-02
-0.7515932E-03 -0.7515932E-03 -0.2020974E-02 -0.2470567E-02 -0.2370953E-02 -0.2370953E-02 -0.2270407E-02 -0.2182372E-02 -0.2182372E-02 -0.2191800E-02 -0.2191800E-02 -0.2214432E-02 -0.2220087E-02 -0.2221856E-02 -0.7334765E-02 -0.7334765E-02 -0.9227830E-01 -0.1289000 -0.1666894 -0.2080413 -0.2524661 -0.2989786 -0.3464230 -0.3935625 -0.4391499 -0.4819972 -0.5210053 -0.5550080 -0.5816779 -0.5931360 -0.5931360 -0.5489852 -0.4827609 -0.2983626 -0.1900429 -0.1900429 0.1353931E-01 0.1353931E-01 0.1546443 0.1546443 0.1923350 0.1817813 0.1817813 0.1119192 0.1119192 0.4929139E-01 0.4929139E-01 0.4929139E-01 0.2757061E-01 0.2757061E-01 0.1219403E-01 0.1219403E-01 0.3254797E-03 0.3254797E-03 -0.5647103E-02 -0.5647103E-02 -0.6902348E-02 -0.6902348E-02 -0.6902348E-02
-0.3731932E-03 -0.3731932E-03 -0.9940751E-03 -0.1244730E-02 -0.1193405E-02 -0.1193405E-02 -0.1138710E-02 -0.1089351E-02 -0.1089351E-02 -0.1094262E-02 -0.1094262E-02 -0.1106879E-02 -0.1110300E-02 -0.1111502E-02 -0.4373862E-02 -0.4373862E-02 -0.8466487E-01 -0.1305288 -0.1736926 -0.2190728 -0.2670839 -0.3169858 -0.3677584 -0.4182527 -0.4672605 -0.5135775 -0.5560341 -0.5933037 -0.6223509 -0.6326121 -0.6326121 -0.5897511 -0.5153813 -0.3002510 -0.1836597 -0.1836597 0.1313461E-01 0.1313461E-01 0.1416810 0.1416810 0.1805477 0.1964266 0.1964266 0.1419472 0.1419472 0.5932726E-01 0.5932726E-01 0.5932726E-01 0.2785055E-01 0.2785055E-01 0.7601643E-02 0.7601643E-02 -0.5710465E-02 -0.5710465E-02 -0.1189436E-01 -0.1189436E-01 -0.1216504E-01 -0.1216504E-01 -0.1216504E-01
-0.5822085E-07 -0.5822085E-07 -0.2575107E-07 0.7271810E-07 0.1968641E-07 0.1968641E-07 0.8604043E-07 0.1015966E-06 0.1015966E-06 0.1243803E-06 0.1243803E-06 0.1005801E-07 0.2075473E-07 0.1675694E-07 -0.2071776E-02 -0.2071776E-02 -0.7677633E-01 -0.1318307 -0.1824988 -0.2332628 -0.2855072 -0.3390129 -0.3930339 -0.4465816 -0.4985273 -0.5476825 -0.5928557 -0.6325943 -0.6625400 -0.6665505 -0.6665505 -0.6115861 -0.5159004 -0.2743763 -0.1622861 -0.1622861 0.1014372E-01 0.1014372E-01 0.1210472 0.1210472 0.1577331 0.1886942 0.1886942 0.1577650 0.1577650 0.7051236E-01 0.7051236E-01 0.7051236E-01 0.3007738E-01 0.3007738E-01 0.4331374E-02 0.4331374E-02 -0.1094051E-01 -0.1094051E-01 -0.1726074E-01 -0.1726074E-01 -0.1648882E-01 -0.1648882E-01 -0.1648882E-01
0.3731502E-03 0.3731502E-03 0.9941321E-03 0.1244899E-02 0.1193402E-02 0.1193402E-02 0.1138828E-02 0.1089525E-02 0.1089525E-02 0.1094387E-02 0.1094387E-02 0.1106995E-02 0.1110423E-02 0.1111520E-02 -0.1986854E-03 -0.1986854E-03 -0.7165429E-01 -0.1342783 -0.1940773 -0.2518585 -0.3092771 -0.3667629 -0.4240392 -0.4804234 -0.5349605 -0.5865279 -0.6339280 -0.6754313 -0.7034134 -0.6896088 -0.6896088 -0.6037543 -0.4805922 -0.2366115 -0.1390916 -0.1390916 0.3669878E-02 0.3669878E-02 0.9749409E-01 0.9749409E-01 0.1306625 0.1677632 0.1677632 0.1573178 0.1573178 0.7940016E-01 0.7940016E-01 0.7940016E-01 0.3351992E-01 0.3351992E-01 0.2915477E-02 0.2915477E-02 -0.1448105E-01 -0.1448105E-01 -0.2096212E-01 -0.2096212E-01 -0.1925478E-01 -0.1925478E-01 -0.1925478E-01
0.7516579E-03 0.7516579E-03 0.2021043E-02 0.2470673E-02 0.2371002E-02 0.2371002E-02 0.2270501E-02 0.2182444E-02 0.2182444E-02 0.2191830E-02 0.2191830E-02 0.2214546E-02 0.2220372E-02 0.2222051E-02 0.1397260E-02 0.1397260E-02 -0.7237253E-01 -0.1411409 -0.2105149 -0.2766961 -0.3403396 -0.4022738 -0.4628077 -0.5217404 -0.5784431 -0.6319611 -0.6811240 -0.7234426 -0.7425791 -0.6881329 -0.6881329 -0.5589868 -0.4209033 -0.2005734 -0.1196581 -0.1196581 -0.3830641E-02 -0.3830641E-02 0.7445587E-01 0.7445587E-01 0.1033414 0.1406185 0.1406185 0.1436316 0.1436316 0.8270793E-01 0.8270793E-01 0.8270793E-01 0.3651854E-01 0.3651854E-01 0.3208099E-02 0.3208099E-02 -0.1575676E-01 -0.1575676E-01 -0.2234418E-01 -0.2234418E-01 -0.1996679E-01 -0.1996679E-01 -0.1996679E-01
0.1140057E-02 0.1140057E-02 0.3113889E-02 0.3659020E-02 0.3518944E-02 0.3518944E-02 0.3389381E-02 0.3281469E-02 0.3281469E-02 0.3295084E-02 0.3295084E-02 0.3323288E-02 0.3329654E-02 0.3330851E-02 0.2815602E-02 0.2815602E-02 -0.8235674E-01 -0.1573689 -0.2358623 -0.3109618 -0.3815284 -0.4482486 -0.5119245 -0.5729483 -0.6311783 -0.6859746 -0.7362505 -0.7772186 -0.7687507 -0.6450388 -0.6450388 -0.4890246 -0.3566609 -0.1698841 -0.1042737 -0.1042737 -0.9619784E-02 -0.9619784E-02 0.5387133E-01 0.5387133E-01 0.7784119E-01 0.1115115 0.1115115 0.1213771 0.1213771 0.7876305E-01 0.7876305E-01 0.7876305E-01 0.3727444E-01 0.3727444E-01 0.4541596E-02 0.4541596E-02 -0.1459325E-01 -0.1459325E-01 -0.2099638E-01 -0.2099638E-01 -0.1831521E-01 -0.1831521E-01 -0.1831521E-01
0.1542157E-02 0.1542157E-02 0.4307286E-02 0.4793263E-02 0.4628172E-02 0.4628172E-02 0.4492549E-02 0.4387982E-02 0.4387982E-02 0.4405106E-02 0.4405106E-02 0.4433378E-02 0.4438406E-02 0.4437554E-02 0.4121283E-02 0.4121283E-02 -0.1065617 -0.1899526 -0.2769089 -0.3602243 -0.4374115 -0.5086423 -0.5749500 -0.6372769 -0.6960618 -0.7511197 -0.8014400 -0.8342379 -0.7509667 -0.5736446 -0.5736446 -0.4154238 -0.2956996 -0.1407755 -0.8896637E-01 -0.8896637E-01 -0.1264773E-01 -0.1264773E-01 0.3636508E-01 0.3636508E-01 0.5493520E-01 0.8268234E-01 0.8268234E-01 0.9453249E-01 0.9453249E-01 0.6776012E-01 0.6776012E-01 0.6776012E-01 0.3459293E-01 0.3459293E-01 0.6065859E-02 0.6065859E-02 -0.1119225E-01 -0.1119225E-01 -0.1684872E-01 -0.1684872E-01 -0.1426037E-01 -0.1426037E-01 -0.1426037E-01
