cruce_test.gid/Rasters/Hydraulic/Velocity____27.0.asc
NCOLS        79
NROWS        79
XLLCENTER         -1.500000
YLLCENTER         -4.800000
CELLSIZE           0.100
NODATA_VALUE     -9999.0
[rows 0 to 26 of 79, columns 0 to 59 of 79]
-9999.000 -9999.000 -9999.000 -9999.000 -9999.000 -9999.000 -9999.000 -9999.000 -9999.000 -9999.000 -9999.000 -9999.000 -9999.000 -9999.000 -9999.000 0.3849410 0.3850742 0.3855544 0.3863388 0.3873011 0.3883882 0.3895607 0.3907821 0.3920179 0.3932353 0.3944061 0.3955102 0.3965398 0.3974297 0.3934734 0.3934734 -9999.000 -9999.000 -9999.000 -9999.000 -9999.000 -9999.000 -9999.000 -9999.000 -9999.000 -9999.000 -9999.000 -9999.000 -9999.000 -9999.000 -9999.000 -9999.000 -9999.000 -9999.000 -9999.000 -9999.000 -9999.000 -9999.000 -9999.000 -9999.000 -9999.000 -9999.000 -9999.000 -9999.000 -9999.000
-9999.000 -9999.000 -9999.000 -9999.000 -9999.000 -9999.000 -9999.000 -9999.000 -9999.000 -9999.000 -9999.000 -9999.000 -9999.000 -9999.000 -9999.000 0.3762285 0.3754456 0.3761704 0.3773772 0.3788130 0.3803869 0.3820426 0.3837357 0.3854311 0.3871037 0.3887408 0.3903486 0.3919556 0.3934483 0.3861125 0.3861125 -9999.000 -9999.000 -9999.000 -9999.000 -9999.000 -9999.000 -9999.000 -9999.000 -9999.000 -9999.000 -9999.000 -9999.000 -9999.000 -9999.000 -9999.000 -9999.000 -9999.000 -9999.000 -9999.000 -9999.000 -9999.000 -9999.000 -9999.000 -9999.000 -9999.000 -9999.000 -9999.000 -9999.000 -9999.000
-9999.000 -9999.000 -9999.000 -9999.000 -9999.000 -9999.000 -9999.000 -9999.000 -9999.000 -9999.000 -9999.000 -9999.000 -9999.000 -9999.000 -9999.000 0.3652485 0.3631379 0.3643349 0.3663126 0.3686287 0.3711278 0.3737198 0.3763414 0.3789491 0.3815176 0.3840405 0.3865308 0.3890119 0.3912073 0.3797095 0.3797095 -9999.000 -9999.000 -9999.000 -9999.000 -9999.000 -9999.000 -9999.000 -9999.000 -9999.000 -9999.000 -9999.000 -9999.000 -9999.000 -9999.000 -9999.000 -9999.000 -9999.000 -9999.000 -9999.000 -9999.000 -9999.000 -9999.000 -9999.000 -9999.000 -9999.000 -9999.000 -9999.000 -9999.000 -9999.000
-9999.000 -9999.000 -9999.000 -9999.000 -9999.000 -9999.000 -9999.000 -9999.000 -9999.000 -9999.000 -9999.000 -9999.000 -9999.000 -9999.000 -9999.000 0.3533473 0.3494814 0.3513240 0.3543429 0.3578524 0.3616121 0.3654850 0.3693791 0.3732337 0.3770174 0.3807233 0.3843660 0.3879585 0.3910365 0.3753398 0.3753398 -9999.000 -9999.000 -9999.000 -9999.000 -9999.000 -9999.000 -9999.000 -9999.000 -9999.000 -9999.000 -9999.000 -9999.000 -9999.000 -9999.000 -9999.000 -9999.000 -9999.000 -9999.000 -9999.000 -9999.000 -9999.000 -9999.000 -9999.000 -9999.000 -9999.000 -9999.000 -9999.000 -9999.000 -9999.000
-9999.000 -9999.000 -9999.000 -9999.000 -9999.000 -9999.000 -9999.000 -9999.000 -9999.000 -9999.000 -9999.000 -9999.000 -9999.000 -9999.000 -9999.000 0.3404787 0.3344892 0.3371520 0.3414817 0.3464943 0.3518443 0.3573357 0.3628391 0.3682716 0.3735918 0.3787907 0.3838833 0.3888722 0.3930741 0.3732471 0.3732471 -9999.000 -9999.000 -9999.000 -9999.000 -9999.000 -9999.000 -9999.000 -9999.000 -9999.000 -9999.000 -9999.000 -9999.000 -9999.000 -9999.000 -9999.000 -9999.000 -9999.000 -9999.000 -9999.000 -9999.000 -9999.000 -9999.000 -9999.000 -9999.000 -9999.000 -9999.000 -9999.000 -9999.000 -9999.000
-9999.000 -9999.000 -9999.000 -9999.000 -9999.000 -9999.000 -9999.000 -9999.000 -9999.000 -9999.000 -9999.000 -9999.000 -9999.000 -9999.000 -9999.000 0.3264804 0.3181226 0.3217953 0.3277156 0.3345483 0.3418230 0.3492740 0.3567282 0.3640783 0.3712719 0.3782996 0.3851792 0.3919042 0.3975417 0.3737699 0.3737699 -9999.000 -9999.000 -9999.000 -9999.000 -9999.000 -9999.000 -9999.000 -9999.000 -9999.000 -9999.000 -9999.000 -9999.000 -9999.000 -9999.000 -9999.000 -9999.000 -9999.000 -9999.000 -9999.000 -9999.000 -9999.000 -9999.000 -9999.000 -9999.000 -9999.000 -9999.000 -9999.000 -9999.000 -9999.000
-9999.000 -9999.000 -9999.000 -9999.000 -9999.000 -9999.000 -9999.000 -9999.000 -9999.000 -9999.000 -9999.000 -9999.000 -9999.000 -9999.000 -9999.000 0.3110801 0.3003129 0.3052169 0.3130260 0.3220089 0.3315530 0.3413134 0.3510701 0.3606919 0.3701182 0.3793443 0.3883977 0.3972674 0.4047437 0.3773520 0.3773520 -9999.000 -9999.000 -9999.000 -9999.000 -9999.000 -9999.000 -9999.000 -9999.000 -9999.000 -9999.000 -9999.000 -9999.000 -9999.000 -9999.000 -9999.000 -9999.000 -9999.000 -9999.000 -9999.000 -9999.000 -9999.000 -9999.000 -9999.000 -9999.000 -9999.000 -9999.000 -9999.000 -9999.000 -9999.000
-9999.000 -9999.000 -9999.000 -9999.000 -9999.000 -9999.000 -9999.000 -9999.000 -9999.000 -9999.000 -9999.000 -9999.000 -9999.000 -9999.000 -9999.000 0.2938948 0.2809756 0.2873857 0.2974088 0.3088895 0.3210585 0.3334868 0.3459078 0.3581702 0.3702138 0.3820485 0.3937232 0.4052345 0.4150781 0.3845676 0.3845676 -9999.000 -9999.000 -9999.000 -9999.000 -9999.000 -9999.000 -9999.000 -9999.000 -9999.000 -9999.000 -9999.000 -9999.000 -9999.000 -9999.000 -9999.000 -9999.000 -9999.000 -9999.000 -9999.000 -9999.000 -9999.000 -9999.000 -9999.000 -9999.000 -9999.000 -9999.000 -9999.000 -9999.000 -9999.000
-9999.000 -9999.000 -9999.000 -9999.000 -9999.000 -9999.000 -9999.000 -9999.000 -9999.000 -9999.000 -9999.000 -9999.000 -9999.000 -9999.000 -9999.000 0.2744320 0.2600220 0.2682949 0.2808939 0.2952391 0.3103978 0.3258568 0.3413091 0.3565935 0.3716643 0.3865634 0.4013829 0.4161502 0.4290678 0.3961788 0.3961788 -9999.000 -9999.000 -9999.000 -9999.000 -9999.000 -9999.000 -9999.000 -9999.000 -9999.000 -9999.000 -9999.000 -9999.000 -9999.000 -9999.000 -9999.000 -9999.000 -9999.000 -9999.000 -9999.000 -9999.000 -9999.000 -9999.000 -9999.000 -9999.000 -9999.000 -9999.000 -9999.000 -9999.000 -9999.000
-9999.000 -9999.000 -9999.000 -9999.000 -9999.000 -9999.000 -9999.000 -9999.000 -9999.000 -9999.000 -9999.000 -9999.000 -9999.000 -9999.000 -9999.000 0.2521087 0.2373782 0.2479891 0.2635733 0.2811674 0.2996825 0.3185300 0.3373769 0.3560705 0.3746012 0.3930721 0.4116554 0.4304563 0.4474174 0.4132467 0.4132467 -9999.000 -9999.000 -9999.000 -9999.000 -9999.000 -9999.000 -9999.000 -9999.000 -9999.000 -9999.000 -9999.000 -9999.000 -9999.000 -9999.000 -9999.000 -9999.000 -9999.000 -9999.000 -9999.000 -9999.000 -9999.000 -9999.000 -9999.000 -9999.000 -9999.000 -9999.000 -9999.000 -9999.000 -9999.000
-9999.000 -9999.000 -9999.000 -9999.000 -9999.000 -9999.000 -9999.000 -9999.000 -9999.000 -9999.000 -9999.000 -9999.000 -9999.000 -9999.000 -9999.000 0.2262994 0.2130236 0.2266099 0.2456453 0.2668826 0.2891062 0.3116782 0.3342647 0.3567491 0.3791912 0.4017995 0.4248884 0.4487289 0.4711090 0.4373474 0.4373474 -9999.000 -9999.000 -9999.000 -9999.000 -9999.000 -9999.000 -9999.000 -9999.000 -9999.000 -9999.000 -9999.000 -9999.000 -9999.000 -9999.000 -9999.000 -9999.000 -9999.000 -9999.000 -9999.000 -9999.000 -9999.000 -9999.000 -9999.000 -9999.000 -9999.000 -9999.000 -9999.000 -9999.000 -9999.000
-9999.000 -9999.000 -9999.000 -9999.000 -9999.000 -9999.000 -9999.000 -9999.000 -9999.000 -9999.000 -9999.000 -9999.000 -9999.000 -9999.000 -9999.000 0.1964196 0.1870535 0.2044669 0.2274812 0.2527451 0.2789884 0.3055727 0.3322035 0.3588388 0.3856536 0.4130267 0.4415205 0.4717380 0.5015661 0.4710086 0.4710086 -9999.000 -9999.000 -9999.000 -9999.000 -9999.000 -9999.000 -9999.000 -9999.000 -9999.000 -9999.000 -9999.000 -9999.000 -9999.000 -9999.000 -9999.000 -9999.000 -9999.000 -9999.000 -9999.000 -9999.000 -9999.000 -9999.000 -9999.000 -9999.000 -9999.000 -9999.000 -9999.000 -9999.000 -9999.000
-9999.000 -9999.000 -9999.000 -9999.000 -9999.000 -9999.000 -9999.000 -9999.000 -9999.000 -9999.000 -9999.000 -9999.000 -9999.000 -9999.000 -9999.000 0.1620343 0.1597709 0.1821299 0.2097039 0.2393336 0.2698279 0.3006307 0.3315437 0.3626489 0.3942947 0.4271234 0.4621160 0.5005299 0.5409475 0.5187110 0.5187110 -9999.000 -9999.000 -9999.000 -9999.000 -9999.000 -9999.000 -9999.000 -9999.000 -9999.000 -9999.000 -9999.000 -9999.000 -9999.000 -9999.000 -9999.000 -9999.000 -9999.000 -9999.000 -9999.000 -9999.000 -9999.000 -9999.000 -9999.000 -9999.000 -9999.000 -9999.000 -9999.000 -9999.000 -9999.000
-9999.000 -9999.000 -9999.000 -9999.000 -9999.000 -9999.000 -9999.000 -9999.000 -9999.000 -9999.000 -9999.000 -9999.000 -9999.000 -9999.000 -9999.000 0.1230219 0.1319161 0.1606283 0.1933407 0.2275667 0.2624096 0.2975133 0.3328489 0.3686787 0.4055943 0.4446258 0.4874380 0.5365520 0.5927016 0.5896325 0.5896325 -9999.000 -9999.000 -9999.000 -9999.000 -9999.000 -9999.000 -9999.000 -9999.000 -9999.000 -9999.000 -9999.000 -9999.000 -9999.000 -9999.000 -9999.000 -9999.000 -9999.000 -9999.000 -9999.000 -9999.000 -9999.000 -9999.000 -9999.000 -9999.000 -9999.000 -9999.000 -9999.000 -9999.000 -9999.000
-9999.000 -9999.000 -9999.000 -9999.000 -9999.000 -9999.000 -9999.000 -9999.000 -9999.000 -9999.000 -9999.000 -9999.000 -9999.000 -9999.000 -9999.000 0.8087973E-01 0.1099832 0.1474135 0.1852295 0.2231340 0.2611919 0.2995742 0.3385808 0.3787297 0.4209095 0.4666488 0.5186321 0.5817108 0.6623982 0.7063947 0.7063947 -9999.000 -9999.000 -9999.000 -9999.000 -9999.000 -9999.000 -9999.000 -9999.000 -9999.000 -9999.000 -9999.000 -9999.000 -9999.000 -9999.000 -9999.000 -9999.000 -9999.000 -9999.000 -9999.000 -9999.000 -9999.000 -9999.000 -9999.000 -9999.000 -9999.000 -9999.000 -9999.000 -9999.000 -9999.000
1.061319 1.061319 1.001381 0.9709592 0.9576601 0.9576601 0.9433553 0.9085816 0.9085816 0.8650158 0.8650158 0.8084918 0.7711444 0.7232060 0.6594549 0.6594549 0.5282319 0.4820657 0.4439241 0.4170267 0.4030119 0.4021749 0.4138311 0.4369404 0.4708690 0.5162234 0.5759984 0.6578687 0.7786652 0.9838759 0.9838759 1.375754 1.536788 1.569039 1.541752 1.541752 1.414866 1.414866 0.5328944 0.5328944 0.3833109 0.3117337 0.3117337 0.3548054 0.3548054 0.4377616 0.4377616 0.4377616 0.5034221 0.5034221 0.5607272 0.5607272 0.6100894 0.6100894 0.6529980 0.6529980 0.7035701 0.7035701 0.7035701 0.7384388
1.074249 1.074249 1.014535 0.9929570 0.9837420 0.9837420 0.9732351 0.9448462 0.9448462 0.9058005 0.9058005 0.8537753 0.8217482 0.7857509 0.7471547 0.7471547 0.6875815 0.6587523 0.6279356 0.5976567 0.5709509 0.5510578 0.5410124 0.5433121 0.5598699 0.5924209 0.6434424 0.7176862 0.8237415 0.9734219 0.9734219 1.247914 1.358313 1.426097 1.434784 1.434784 1.420692 1.420692 1.149963 1.149963 0.8962403 0.8116749 0.8116749 0.8360562 0.8360562 0.8692368 0.8692368 0.8692368 0.9076989 0.9076989 0.9443005 0.9443005 0.9788917 0.9788917 0.9907538 0.9907538 1.039754 1.039754 1.039754 1.068441
1.077532 1.077532 1.014653 0.9935275 0.9848022 0.9848022 0.9750055 0.9489770 0.9489770 0.9146996 0.9146996 0.8723231 0.8480139 0.8221565 0.7961506 0.7961506 0.7633483 0.7494516 0.7332572 0.7150449 0.6960850 0.6785645 0.6654041 0.6599618 0.6657113 0.6860737 0.7246002 0.7857450 0.8759931 1.004053 1.004053 1.252998 1.357809 1.426258 1.438470 1.438470 1.434922 1.434922 1.348052 1.348052 1.216330 1.074920 1.074920 1.079828 1.079828 1.092793 1.092793 1.092793 1.118541 1.118541 1.142938 1.142938 1.166707 1.166707 1.183867 1.183867 1.212699 1.212699 1.212699 1.233426
1.080601 1.080601 1.014929 0.9941255 0.9858778 0.9858778 0.9767818 0.9530351 0.9530351 0.9230524 0.9230524 0.8884253 0.8697237 0.8506552 0.8322918 0.8322918 0.8140877 0.8089340 0.8028727 0.7952709 0.7862350 0.7767183 0.7685566 0.7643868 0.7674678 0.7814823 0.8104622 0.8590599 0.9332935 1.042135 1.042135 1.260048 1.362742 1.431516 1.442196 1.442196 1.433806 1.433806 1.391639 1.391639 1.330082 1.210997 1.210997 1.198157 1.198157 1.210489 1.210489 1.210489 1.230180 1.230180 1.248566 1.248566 1.266428 1.266428 1.280223 1.280223 1.300372 1.300372 1.300372 1.316926
1.083671 1.083671 1.015487 0.9951939 0.9875235 0.9875235 0.9792286 0.9579551 0.9579551 0.9322558 0.9322558 0.9046021 0.8905388 0.8767423 0.8639284 0.8639284 0.8556567 0.8557885 0.8560517 0.8557388 0.8545277 0.8526540 0.8510552 0.8514362 0.8562396 0.8685621 0.8920877 0.9312096 0.9915801 1.082409 1.082409 1.267705 1.364933 1.425377 1.429495 1.429495 1.412921 1.412921 1.393793 1.393793 1.372540 1.306015 1.306015 1.284264 1.284264 1.291880 1.291880 1.291880 1.307644 1.307644 1.321950 1.321950 1.335482 1.335482 1.346276 1.346276 1.360421 1.360421 1.360421 1.373155
1.086655 1.086655 1.016151 0.9965073 0.9894774 0.9894774 0.9820530 0.9633803 0.9633803 0.9419714 0.9419714 0.9209338 0.9110943 0.9019657 0.8939257 0.8939257 0.8940452 0.8977913 0.9020041 0.9062729 0.9103087 0.9140892 0.9180295 0.9231132 0.9309593 0.9438406 0.9646934 0.9972403 1.046498 1.121446 1.121446 1.275091 1.361588 1.401892 1.396684 1.396684 1.379322 1.379322 1.384205 1.384205 1.386592 1.368878 1.368878 1.353918 1.353918 1.356325 1.356325 1.356325 1.368775 1.368775 1.379868 1.379868 1.389935 1.389935 1.397994 1.397994 1.407608 1.407608 1.407608 1.416755
1.089508 1.089508 1.016887 0.9980209 0.9916707 0.9916707 0.9851459 0.9690939 0.9690939 0.9518966 0.9518966 0.9372496 0.9314842 0.9268936 0.9235620 0.9235620 0.9321248 0.9387779 0.9455886 0.9525838 0.9597376 0.9670652 0.9747686 0.9833797 0.9938665 1.007713 1.027002 1.054585 1.094622 1.155374 1.155374 1.278561 1.347563 1.358348 1.346849 1.346849 1.343298 1.343298 1.373662 1.373662 1.390479 1.406247 1.406247 1.407117 1.407117 1.409420 1.409420 1.409420 1.419419 1.419419 1.427911 1.427911 1.435060 1.435060 1.440517 1.440517 1.446419 1.446419 1.446419 1.452142
1.092110 1.092110 1.017619 0.9995907 0.9939225 0.9939225 0.9882888 0.9748013 0.9748013 0.9616811 0.9616811 0.9532643 0.9515792 0.9517063 0.9535378 0.9535378 0.9717374 0.9810647 0.9896979 0.9981829 1.006869 1.015964 1.025652 1.036218 1.048148 1.062223 1.079651 1.102304 1.133329 1.179805 1.179805 1.271666 1.314363 1.298164 1.289359 1.289359 1.312621 1.312621 1.365126 1.365126 1.390799 1.427004 1.427004 1.444037 1.444037 1.452416 1.452416 1.452416 1.461706 1.461706 1.468517 1.468517 1.473341 1.473341 1.476381 1.476381 1.479073 1.479073 1.479073 1.481515
1.094345 1.094345 1.018322 1.001153 0.9961435 0.9961435 0.9913600 0.9803034 0.9803034 0.9710449 0.9710449 0.9686680 0.9711330 0.9763610 0.9842921 0.9842921 1.014534 1.026485 1.036398 1.045461 1.054477 1.063920 1.074050 1.085015 1.096897 1.109773 1.123863 1.139881 1.159869 1.190143 1.190143 1.248584 1.251452 1.231136 1.234276 1.234276 1.288859 1.288859 1.357975 1.357975 1.389208 1.437729 1.437729 1.467445 1.467445 1.485475 1.485475 1.485475 1.496164 1.496164 1.502614 1.502614 1.505946 1.505946 1.506946 1.506946 1.506837 1.506837 1.506837 1.506159
1.096079 1.096079 1.018973 1.002647 0.9982490 0.9982490 0.9942461 0.9854182 0.9854182 0.9797186 0.9797186 0.9830938 0.9897541 1.000553 1.015994 1.015994 1.062417 1.076907 1.087525 1.096315 1.104628 1.113238 1.122512 1.132471 1.142731 1.152436 1.160419 1.165834 1.169603 1.177599 1.177599 1.193468 1.175742 1.170416 1.183470 1.183470 1.269373 1.269373 1.351026 1.351026 1.386073 1.442480 1.442480 1.481271 1.481271 1.509536 1.509536 1.509536 1.523216 1.523216 1.530640 1.530640 1.533472 1.533472 1.533010 1.533010 1.530548 1.530548 1.530548 1.526975
1.097169 1.097169 1.019559 1.004028 1.000170 1.000170 0.9968515 0.9899840 0.9899840 0.9874517 0.9874517 0.9961293 1.006899 1.023629 1.048294 1.048294 1.117891 1.134569 1.145047 1.152535 1.159070 1.165751 1.173026 1.180727 1.187717 1.191538 1.188686 1.176327 1.155331 1.132688 1.132688 1.109349 1.089251 1.120566 1.154997 1.154997 1.253646 1.253646 1.346094 1.346094 1.383752 1.445069 1.445069 1.489802 1.489802 1.526664 1.526664 1.526664 1.543819 1.543819 1.553036 1.553036 1.556198 1.556198 1.554914 1.554914 1.550613 1.550613 1.550613 1.544482
1.097469 1.097469 1.020083 1.005263 1.001853 1.001853 0.9991012 0.9938692 0.9938692 0.9940205 0.9940205 1.007349 1.021912 1.044519 1.079704 1.079704 1.184493 1.202407 1.211363 1.216087 1.219518 1.223083 1.227267 1.231568 1.233433 1.227214 1.205457 1.164595 1.110208 1.054694 1.054694 1.007315 1.003913 1.078812 1.127901 1.127901 1.236951 1.236951 1.341925 1.341925 1.381382 1.445650 1.445650 1.494101 1.494101 1.537379 1.537379 1.537379 1.557744 1.557744 1.569019 1.569019 1.573056 1.573056 1.571539 1.571539 1.565968 1.565968 1.565968 1.557754
