cruce_test.gid/Rasters/Hydraulic/Velocity____146.0.asc
NCOLS        79
NROWS        79
XLLCENTER         -1.500000
YLLCENTER         -4.800000
CELLSIZE           0.100
NODATA_VALUE     -9999.0
[rows 0 to 26 of 79, columns 0 to 59 of 79]
-9999.000 -9999.000 -9999.000 -9999.000 -9999.000 -9999.000 -9999.000 -9999.000 -9999.000 -9999.000 -9999.000 -9999.000 -9999.000 -9999.000 -9999.000 0.1177454 0.1166007 0.1166267 0.1168721 0.1172428 0.1176812 0.1181367 0.1185618 0.1189245 0.1192132 0.1194485 0.1196994 0.1202112 0.1216153 0.1224644 0.1224644 -9999.000 -9999.000 -9999.000 -9999.000 -9999.000 -9999.000 -9999.000 -9999.000 -9999.000 -9999.000 -9999.000 -9999.000 -9999.000 -9999.000 -9999.000 -9999.000 -9999.000 -9999.000 -9999.000 -9999.000 -9999.000 -9999.000 -9999.000 -9999.000 -9999.000 -9999.000 -9999.000 -9999.000 -9999.000
-9999.000 -9999.000 -9999.000 -9999.000 -9999.000 -9999.000 -9999.000 -9999.000 -9999.000 -9999.000 -9999.000 -9999.000 -9999.000 -9999.000 -9999.000 0.1155163 0.1132101 0.1133053 0.1138841 0.1147452 0.1157616 0.1168210 0.1178165 0.1186731 0.1193606 0.1199207 0.1205068 0.1216625 0.1247723 0.1270988 0.1270988 -9999.000 -9999.000 -9999.000 -9999.000 -9999.000 -9999.000 -9999.000 -9999.000 -9999.000 -9999.000 -9999.000 -9999.000 -9999.000 -9999.000 -9999.000 -9999.000 -9999.000 -9999.000 -9999.000 -9999.000 -9999.000 -9999.000 -9999.000 -9999.000 -9999.000 -9999.000 -9999.000 -9999.000 -9999.000
-9999.000 -9999.000 -9999.000 -9999.000 -9999.000 -9999.000 -9999.000 -9999.000 -9999.000 -9999.000 -9999.000 -9999.000 -9999.000 -9999.000 -9999.000 0.1118320 0.1083795 0.1085728 0.1095805 0.1110776 0.1128570 0.1147371 0.1165436 0.1181540 0.1195174 0.1206981 0.1219437 0.1241315 0.1294881 0.1341093 0.1341093 -9999.000 -9999.000 -9999.000 -9999.000 -9999.000 -9999.000 -9999.000 -9999.000 -9999.000 -9999.000 -9999.000 -9999.000 -9999.000 -9999.000 -9999.000 -9999.000 -9999.000 -9999.000 -9999.000 -9999.000 -9999.000 -9999.000 -9999.000 -9999.000 -9999.000 -9999.000 -9999.000 -9999.000 -9999.000
-9999.000 -9999.000 -9999.000 -9999.000 -9999.000 -9999.000 -9999.000 -9999.000 -9999.000 -9999.000 -9999.000 -9999.000 -9999.000 -9999.000 -9999.000 0.1074411 0.1029651 0.1032870 0.1047704 0.1069650 0.1095807 0.1123680 0.1150859 0.1175644 0.1197289 0.1216637 0.1237074 0.1270795 0.1348945 0.1424196 0.1424196 -9999.000 -9999.000 -9999.000 -9999.000 -9999.000 -9999.000 -9999.000 -9999.000 -9999.000 -9999.000 -9999.000 -9999.000 -9999.000 -9999.000 -9999.000 -9999.000 -9999.000 -9999.000 -9999.000 -9999.000 -9999.000 -9999.000 -9999.000 -9999.000 -9999.000 -9999.000 -9999.000 -9999.000 -9999.000
-9999.000 -9999.000 -9999.000 -9999.000 -9999.000 -9999.000 -9999.000 -9999.000 -9999.000 -9999.000 -9999.000 -9999.000 -9999.000 -9999.000 -9999.000 0.1025388 0.9713861E-01 0.9761400E-01 0.9960990E-01 0.1025493 0.1060546 0.1098098 0.1135067 0.1169281 0.1199746 0.1227498 0.1256851 0.1303574 0.1408323 0.1519156 0.1519156 -9999.000 -9999.000 -9999.000 -9999.000 -9999.000 -9999.000 -9999.000 -9999.000 -9999.000 -9999.000 -9999.000 -9999.000 -9999.000 -9999.000 -9999.000 -9999.000 -9999.000 -9999.000 -9999.000 -9999.000 -9999.000 -9999.000 -9999.000 -9999.000 -9999.000 -9999.000 -9999.000 -9999.000 -9999.000
-9999.000 -9999.000 -9999.000 -9999.000 -9999.000 -9999.000 -9999.000 -9999.000 -9999.000 -9999.000 -9999.000 -9999.000 -9999.000 -9999.000 -9999.000 0.9721381E-01 0.9098682E-01 0.9164350E-01 0.9418900E-01 0.9791725E-01 0.1023574 0.1071278 0.1118539 0.1162710 0.1202557 0.1239313 0.1278263 0.1338965 0.1472375 0.1626294 0.1626294 -9999.000 -9999.000 -9999.000 -9999.000 -9999.000 -9999.000 -9999.000 -9999.000 -9999.000 -9999.000 -9999.000 -9999.000 -9999.000 -9999.000 -9999.000 -9999.000 -9999.000 -9999.000 -9999.000 -9999.000 -9999.000 -9999.000 -9999.000 -9999.000 -9999.000 -9999.000 -9999.000 -9999.000 -9999.000
-9999.000 -9999.000 -9999.000 -9999.000 -9999.000 -9999.000 -9999.000 -9999.000 -9999.000 -9999.000 -9999.000 -9999.000 -9999.000 -9999.000 -9999.000 0.9149376E-01 0.8454765E-01 0.8542150E-01 0.8855913E-01 0.9312216E-01 0.9853944E-01 0.1043657 0.1101608 0.1156143 0.1205784 0.1251986 0.1301075 0.1376656 0.1540960 0.1746965 0.1746965 -9999.000 -9999.000 -9999.000 -9999.000 -9999.000 -9999.000 -9999.000 -9999.000 -9999.000 -9999.000 -9999.000 -9999.000 -9999.000 -9999.000 -9999.000 -9999.000 -9999.000 -9999.000 -9999.000 -9999.000 -9999.000 -9999.000 -9999.000 -9999.000 -9999.000 -9999.000 -9999.000 -9999.000 -9999.000
-9999.000 -9999.000 -9999.000 -9999.000 -9999.000 -9999.000 -9999.000 -9999.000 -9999.000 -9999.000 -9999.000 -9999.000 -9999.000 -9999.000 -9999.000 0.8537136E-01 0.7783175E-01 0.7897048E-01 0.8275187E-01 0.8820026E-01 0.9463627E-01 0.1015551 0.1084524 0.1149742 0.1209498 0.1265494 0.1325178 0.1416526 0.1614224 0.1883427 0.1883427 -9999.000 -9999.000 -9999.000 -9999.000 -9999.000 -9999.000 -9999.000 -9999.000 -9999.000 -9999.000 -9999.000 -9999.000 -9999.000 -9999.000 -9999.000 -9999.000 -9999.000 -9999.000 -9999.000 -9999.000 -9999.000 -9999.000 -9999.000 -9999.000 -9999.000 -9999.000 -9999.000 -9999.000 -9999.000
-9999.000 -9999.000 -9999.000 -9999.000 -9999.000 -9999.000 -9999.000 -9999.000 -9999.000 -9999.000 -9999.000 -9999.000 -9999.000 -9999.000 -9999.000 0.7881813E-01 0.7083460E-01 0.7230368E-01 0.7679361E-01 0.8318399E-01 0.9067956E-01 0.9872349E-01 0.1067507 0.1143663 0.1213783 0.1279846 0.1350528 0.1458553 0.1692490 0.2038922 0.2038922 -9999.000 -9999.000 -9999.000 -9999.000 -9999.000 -9999.000 -9999.000 -9999.000 -9999.000 -9999.000 -9999.000 -9999.000 -9999.000 -9999.000 -9999.000 -9999.000 -9999.000 -9999.000 -9999.000 -9999.000 -9999.000 -9999.000 -9999.000 -9999.000 -9999.000 -9999.000 -9999.000 -9999.000 -9999.000
-9999.000 -9999.000 -9999.000 -9999.000 -9999.000 -9999.000 -9999.000 -9999.000 -9999.000 -9999.000 -9999.000 -9999.000 -9999.000 -9999.000 -9999.000 0.7178990E-01 0.6354433E-01 0.6543508E-01 0.7071684E-01 0.7811303E-01 0.8670746E-01 0.9590345E-01 0.1050816 0.1138100 0.1218768 0.1295106 0.1377146 0.1502792 0.1776227 0.2217950 0.2217950 -9999.000 -9999.000 -9999.000 -9999.000 -9999.000 -9999.000 -9999.000 -9999.000 -9999.000 -9999.000 -9999.000 -9999.000 -9999.000 -9999.000 -9999.000 -9999.000 -9999.000 -9999.000 -9999.000 -9999.000 -9999.000 -9999.000 -9999.000 -9999.000 -9999.000 -9999.000 -9999.000 -9999.000 -9999.000
-9999.000 -9999.000 -9999.000 -9999.000 -9999.000 -9999.000 -9999.000 -9999.000 -9999.000 -9999.000 -9999.000 -9999.000 -9999.000 -9999.000 -9999.000 0.6423016E-01 0.5594818E-01 0.5839362E-01 0.6457627E-01 0.7304787E-01 0.8277467E-01 0.9314135E-01 0.1034832 0.1133359 0.1224684 0.1311440 0.1405142 0.1549382 0.1866040 0.2426794 0.2426794 -9999.000 -9999.000 -9999.000 -9999.000 -9999.000 -9999.000 -9999.000 -9999.000 -9999.000 -9999.000 -9999.000 -9999.000 -9999.000 -9999.000 -9999.000 -9999.000 -9999.000 -9999.000 -9999.000 -9999.000 -9999.000 -9999.000 -9999.000 -9999.000 -9999.000 -9999.000 -9999.000 -9999.000 -9999.000
-9999.000 -9999.000 -9999.000 -9999.000 -9999.000 -9999.000 -9999.000 -9999.000 -9999.000 -9999.000 -9999.000 -9999.000 -9999.000 -9999.000 -9999.000 0.5606912E-01 0.4804488E-01 0.5124765E-01 0.5847482E-01 0.6809189E-01 0.7897145E-01 0.9051332E-01 0.1020198 0.1129981 0.1231985 0.1329217 0.1434816 0.1598633 0.1962729 0.2674401 0.2674401 -9999.000 -9999.000 -9999.000 -9999.000 -9999.000 -9999.000 -9999.000 -9999.000 -9999.000 -9999.000 -9999.000 -9999.000 -9999.000 -9999.000 -9999.000 -9999.000 -9999.000 -9999.000 -9999.000 -9999.000 -9999.000 -9999.000 -9999.000 -9999.000 -9999.000 -9999.000 -9999.000 -9999.000 -9999.000
-9999.000 -9999.000 -9999.000 -9999.000 -9999.000 -9999.000 -9999.000 -9999.000 -9999.000 -9999.000 -9999.000 -9999.000 -9999.000 -9999.000 -9999.000 0.4722273E-01 0.3987490E-01 0.4416020E-01 0.5261420E-01 0.6343002E-01 0.7545510E-01 0.8815252E-01 0.1008067 0.1128993 0.1241591 0.1349265 0.1466910 0.1651227 0.2067415 0.2973916 0.2973916 -9999.000 -9999.000 -9999.000 -9999.000 -9999.000 -9999.000 -9999.000 -9999.000 -9999.000 -9999.000 -9999.000 -9999.000 -9999.000 -9999.000 -9999.000 -9999.000 -9999.000 -9999.000 -9999.000 -9999.000 -9999.000 -9999.000 -9999.000 -9999.000 -9999.000 -9999.000 -9999.000 -9999.000 -9999.000
-9999.000 -9999.000 -9999.000 -9999.000 -9999.000 -9999.000 -9999.000 -9999.000 -9999.000 -9999.000 -9999.000 -9999.000 -9999.000 -9999.000 -9999.000 0.3756819E-01 0.3164383E-01 0.3760216E-01 0.4750411E-01 0.5951658E-01 0.7261714E-01 0.8639710E-01 0.1001409 0.1133050 0.1255925 0.1373814 0.1503468 0.1708962 0.2182017 0.3345688 0.3345688 -9999.000 -9999.000 -9999.000 -9999.000 -9999.000 -9999.000 -9999.000 -9999.000 -9999.000 -9999.000 -9999.000 -9999.000 -9999.000 -9999.000 -9999.000 -9999.000 -9999.000 -9999.000 -9999.000 -9999.000 -9999.000 -9999.000 -9999.000 -9999.000 -9999.000 -9999.000 -9999.000 -9999.000 -9999.000
-9999.000 -9999.000 -9999.000 -9999.000 -9999.000 -9999.000 -9999.000 -9999.000 -9999.000 -9999.000 -9999.000 -9999.000 -9999.000 -9999.000 -9999.000 0.2837066E-01 0.3774243E-01 0.5106060E-01 0.6303800E-01 0.7431743E-01 0.8546055E-01 0.9697597E-01 0.1086783 0.1202269 0.1313457 0.1424088 0.1552285 0.1770015 0.2300251 0.3795734 0.3795734 -9999.000 -9999.000 -9999.000 -9999.000 -9999.000 -9999.000 -9999.000 -9999.000 -9999.000 -9999.000 -9999.000 -9999.000 -9999.000 -9999.000 -9999.000 -9999.000 -9999.000 -9999.000 -9999.000 -9999.000 -9999.000 -9999.000 -9999.000 -9999.000 -9999.000 -9999.000 -9999.000 -9999.000 -9999.000
2.452695 2.452695 2.501260 2.542886 2.548964 2.548964 2.552649 2.555971 2.555971 2.555936 2.555936 2.553650 2.551864 2.549724 2.547277 2.547277 2.503350 2.485983 2.459772 2.420480 2.365075 2.292716 2.202788 2.095822 1.973260 1.838010 1.696298 1.560963 1.459989 1.464604 1.464604 2.263377 2.411170 2.475425 2.487482 2.487482 2.493509 2.493509 2.437802 2.437802 2.373383 2.077353 2.077353 1.706857 1.706857 1.617126 1.617126 1.617126 1.646910 1.646910 1.693708 1.693708 1.742241 1.742241 1.785816 1.785816 1.821857 1.821857 1.821857 1.847350
2.469063 2.469063 2.532272 2.588746 2.605144 2.605144 2.619130 2.642937 2.642937 2.663217 2.663217 2.681087 2.689318 2.697154 2.704641 2.704641 2.689359 2.690145 2.692955 2.693856 2.689592 2.677639 2.655504 2.621010 2.572373 2.508525 2.428017 2.335722 2.250104 2.213703 2.213703 2.650427 2.795994 2.924986 2.956481 2.956481 2.983414 2.983414 2.961279 2.961279 2.926476 2.773549 2.773549 2.500798 2.500798 2.388317 2.388317 2.388317 2.417283 2.417283 2.463219 2.463219 2.512036 2.512036 2.558640 2.558640 2.598656 2.598656 2.598656 2.629811
2.472785 2.472785 2.536264 2.589033 2.605603 2.605603 2.619822 2.644135 2.644135 2.664975 2.664975 2.683489 2.692075 2.700289 2.708176 2.708176 2.700509 2.707200 2.719561 2.733226 2.745100 2.753265 2.756173 2.752372 2.740355 2.718673 2.685687 2.642705 2.598522 2.578110 2.578110 2.844679 2.981299 3.130709 3.170450 3.170450 3.200207 3.200207 3.170333 3.170333 3.134391 3.020560 3.020560 2.825618 2.825618 2.694084 2.694084 2.694084 2.710113 2.710113 2.747863 2.747863 2.790469 2.790469 2.830911 2.830911 2.865664 2.865664 2.865664 2.893068
2.475758 2.475758 2.539330 2.588960 2.605493 2.605493 2.619758 2.644143 2.644143 2.665003 2.665003 2.683523 2.692116 2.700337 2.708232 2.708232 2.707627 2.719361 2.738179 2.759093 2.778677 2.795033 2.807097 2.814191 2.815729 2.811104 2.799435 2.781336 2.762172 2.758407 2.758407 2.925806 3.049277 3.202433 3.243615 3.243615 3.263505 3.263505 3.217155 3.217155 3.180296 3.098128 3.098128 2.972131 2.972131 2.837686 2.837686 2.837686 2.838610 2.838610 2.868213 2.868213 2.906056 2.906056 2.942881 2.942881 2.974825 2.974825 2.974825 2.999959
2.478037 2.478037 2.541661 2.588911 2.605379 2.605379 2.619680 2.644135 2.644135 2.665008 2.665008 2.683521 2.692111 2.700330 2.708225 2.708225 2.716291 2.734084 2.759316 2.786698 2.812605 2.835007 2.852860 2.865685 2.873300 2.875666 2.872662 2.865056 2.856777 2.859456 2.859456 2.969590 3.075605 3.216966 3.248980 3.248980 3.240210 3.240210 3.180395 3.180395 3.151290 3.108014 3.108014 3.043866 3.043866 2.927015 2.927015 2.927015 2.912560 2.912560 2.931197 2.931197 2.962692 2.962692 2.995699 2.995699 3.024835 3.024835 3.024835 3.047610
2.479645 2.479645 2.543300 2.588886 2.605286 2.605286 2.619613 2.644129 2.644129 2.665013 2.665013 2.683521 2.692108 2.700326 2.708220 2.708220 2.727178 2.752206 2.784137 2.817672 2.849311 2.877051 2.899839 2.917199 2.929010 2.935396 2.936568 2.933386 2.928948 2.931820 2.931820 3.004008 3.088878 3.196923 3.204740 3.204740 3.155280 3.155280 3.102207 3.102207 3.091407 3.090432 3.090432 3.075732 3.075732 2.992239 2.992239 2.992239 2.967375 2.967375 2.973772 2.973772 2.996847 2.996847 3.024491 3.024491 3.049766 3.049766 3.049766 3.069417
2.480600 2.480600 2.544273 2.588876 2.605225 2.605225 2.619567 2.644125 2.644125 2.665017 2.665017 2.683522 2.692106 2.700323 2.708217 2.708217 2.741137 2.774580 2.813552 2.852993 2.889808 2.922236 2.949328 2.970631 2.986013 2.995584 2.999611 2.998861 2.995688 2.996263 2.996263 3.040514 3.099399 3.140056 3.108283 3.108283 3.031748 3.031748 3.015166 3.015166 3.027256 3.063094 3.063094 3.083997 3.083997 3.040448 3.040448 3.040448 3.013484 3.013484 3.009396 3.009396 3.022691 3.022691 3.043159 3.043159 3.063092 3.063092 3.063092 3.078564
2.480918 2.480918 2.544596 2.588874 2.605204 2.605204 2.619551 2.644124 2.644124 2.665018 2.665018 2.683522 2.692106 2.700323 2.708216 2.708216 2.759379 2.802364 2.848665 2.893746 2.935141 2.971514 3.002158 3.026733 3.045128 3.057420 3.063831 3.064943 3.062393 3.060007 3.060007 3.081080 3.104294 3.029211 2.958518 2.958518 2.900944 2.900944 2.938798 2.938798 2.970326 3.032677 3.032677 3.077759 3.077759 3.072782 3.072782 3.072782 3.051792 3.051792 3.041453 3.041453 3.045173 3.045173 3.057067 3.057067 3.070138 3.070138 3.070138 3.080307
2.480601 2.480601 2.544273 2.588876 2.605226 2.605226 2.619568 2.644125 2.644125 2.665018 2.665018 2.683521 2.692107 2.700324 2.708217 2.708217 2.783592 2.837132 2.890902 2.941242 2.986511 3.025956 3.059240 3.086226 3.106899 3.121337 3.129712 3.132416 3.130336 3.124280 3.124280 3.120059 3.084200 2.853715 2.778574 2.778574 2.790880 2.790880 2.876467 2.876467 2.920736 3.000432 3.000432 3.061936 3.061936 3.089920 3.089920 3.089920 3.080285 3.080285 3.068809 3.068809 3.064764 3.064764 3.067550 3.067550 3.072540 3.072540 3.072540 3.076415
2.479645 2.479645 2.543300 2.588886 2.605286 2.605286 2.619613 2.644129 2.644129 2.665013 2.665013 2.683521 2.692109 2.700326 2.708220 2.708220 2.816158 2.881053 2.942138 2.997098 3.045326 3.086783 3.121601 3.149936 3.171936 3.187733 3.197479 3.201389 3.199325 3.186231 3.186231 3.138722 2.995795 2.639797 2.614770 2.614770 2.709243 2.709243 2.823838 2.823838 2.875416 2.966497 2.966497 3.039440 3.039440 3.093425 3.093425 3.093425 3.097169 3.097169 3.088899 3.088899 3.079870 3.079870 3.074000 3.074000 3.070247 3.070247 3.070247 3.067152
2.478037 2.478037 2.541660 2.588911 2.605380 2.605380 2.619681 2.644136 2.644136 2.665008 2.665008 2.683521 2.692111 2.700331 2.708226 2.708226 2.860558 2.937158 3.004883 3.063366 3.113269 3.155383 3.190385 3.218782 3.240934 3.257078 3.267383 3.271839 3.267968 3.234504 3.234504 3.087869 2.787355 2.451159 2.498274 2.498274 2.645097 2.645097 2.774437 2.774437 2.830203 2.929355 2.929355 3.010416 3.010416 3.083793 3.083793 3.083793 3.100304 3.100304 3.097843 3.097843 3.086690 3.086690 3.073465 3.073465 3.061072 3.061072 3.061072 3.050865
2.475758 2.475758 2.539329 2.588960 2.605493 2.605493 2.619758 2.644143 2.644143 2.665003 2.665003 2.683523 2.692115 2.700336 2.708232 2.708232 2.922099 3.009827 3.082580 3.142701 3.192382 3.233337 3.266826 3.293730 3.314633 3.329900 3.339742 3.343558 3.330757 3.228474 3.228474 2.880090 2.456598 2.332764 2.408093 2.408093 2.581502 2.581502 2.719503 2.719503 2.778002 2.883835 2.883835 2.970921 2.970921 3.058465 3.058465 3.058465 3.085738 3.085738 3.089811 3.089811 3.078639 3.078639 3.059802 3.059802 3.039666 3.039666 3.039666 3.022873
