cruce_test.gid/Rasters/Hydraulic/Velocity____56.0.asc
NCOLS        79
NROWS        79
XLLCENTER         -1.500000
YLLCENTER         -4.800000
CELLSIZE           0.100
NODATA_VALUE     -9999.0
[rows 0 to 26 of 79, columns 0 to 59 of 79]
-9999.000 -9999.000 -9999.000 -9999.000 -9999.000 -9999.000 -9999.000 -9999.000 -9999.000 -9999.000 -9999.000 -9999.000 -9999.000 -9999.000 -9999.000 0.2547124 0.2536470 0.2538721 0.2542405 0.2546570 0.2551150 0.2556200 0.2561793 0.2568003 0.2574942 0.2582797 0.2591928 0.2602973 0.2615705 0.2584258 0.2584258 -9999.000 -9999.000 -9999.000 -9999.000 -9999.000 -9999.000 -9999.000 -9999.000 -9999.000 -9999.000 -9999.000 -9999.000 -9999.000 -9999.000 -9999.000 -9999.000 -9999.000 -9999.000 -9999.000 -9999.000 -9999.000 -9999.000 -9999.000 -9999.000 -9999.000 -9999.000 -9999.000 -9999.000 -9999.000
-9999.000 -9999.000 -9999.000 -9999.000 -9999.000 -9999.000 -9999.000 -9999.000 -9999.000 -9999.000 -9999.000 -9999.000 -9999.000 -9999.000 -9999.000 0.2508793 0.2483709 0.2487920 0.2495095 0.2503168 0.2511931 0.2521466 0.2531918 0.2543472 0.2556416 0.2571244 0.2588819 0.2610540 0.2635777 0.2575184 0.2575184 -9999.000 -9999.000 -9999.000 -9999.000 -9999.000 -9999.000 -9999.000 -9999.000 -9999.000 -9999.000 -9999.000 -9999.000 -9999.000 -9999.000 -9999.000 -9999.000 -9999.000 -9999.000 -9999.000 -9999.000 -9999.000 -9999.000 -9999.000 -9999.000 -9999.000 -9999.000 -9999.000 -9999.000 -9999.000
-9999.000 -9999.000 -9999.000 -9999.000 -9999.000 -9999.000 -9999.000 -9999.000 -9999.000 -9999.000 -9999.000 -9999.000 -9999.000 -9999.000 -9999.000 0.2453076 0.2410812 0.2417820 0.2430358 0.2444835 0.2460768 0.2478218 0.2497381 0.2518563 0.2542236 0.2569182 0.2600675 0.2638605 0.2681055 0.2589981 0.2589981 -9999.000 -9999.000 -9999.000 -9999.000 -9999.000 -9999.000 -9999.000 -9999.000 -9999.000 -9999.000 -9999.000 -9999.000 -9999.000 -9999.000 -9999.000 -9999.000 -9999.000 -9999.000 -9999.000 -9999.000 -9999.000 -9999.000 -9999.000 -9999.000 -9999.000 -9999.000 -9999.000 -9999.000 -9999.000
-9999.000 -9999.000 -9999.000 -9999.000 -9999.000 -9999.000 -9999.000 -9999.000 -9999.000 -9999.000 -9999.000 -9999.000 -9999.000 -9999.000 -9999.000 0.2385698 0.2325807 0.2336532 0.2355888 0.2378591 0.2403852 0.2431657 0.2462228 0.2495948 0.2533444 0.2575762 0.2624571 0.2682273 0.2745603 0.2628054 0.2628054 -9999.000 -9999.000 -9999.000 -9999.000 -9999.000 -9999.000 -9999.000 -9999.000 -9999.000 -9999.000 -9999.000 -9999.000 -9999.000 -9999.000 -9999.000 -9999.000 -9999.000 -9999.000 -9999.000 -9999.000 -9999.000 -9999.000 -9999.000 -9999.000 -9999.000 -9999.000 -9999.000 -9999.000 -9999.000
-9999.000 -9999.000 -9999.000 -9999.000 -9999.000 -9999.000 -9999.000 -9999.000 -9999.000 -9999.000 -9999.000 -9999.000 -9999.000 -9999.000 -9999.000 0.2306914 0.2229691 0.2245085 0.2272636 0.2305246 0.2341763 0.2382090 0.2426452 0.2475301 0.2529427 0.2590168 0.2659658 0.2740910 0.2829316 0.2690128 0.2690128 -9999.000 -9999.000 -9999.000 -9999.000 -9999.000 -9999.000 -9999.000 -9999.000 -9999.000 -9999.000 -9999.000 -9999.000 -9999.000 -9999.000 -9999.000 -9999.000 -9999.000 -9999.000 -9999.000 -9999.000 -9999.000 -9999.000 -9999.000 -9999.000 -9999.000 -9999.000 -9999.000 -9999.000 -9999.000
-9999.000 -9999.000 -9999.000 -9999.000 -9999.000 -9999.000 -9999.000 -9999.000 -9999.000 -9999.000 -9999.000 -9999.000 -9999.000 -9999.000 -9999.000 0.2216426 0.2123109 0.2144206 0.2181290 0.2225381 0.2274937 0.2329765 0.2390094 0.2456465 0.2529882 0.2612050 0.2705696 0.2814644 0.2933072 0.2778188 0.2778188 -9999.000 -9999.000 -9999.000 -9999.000 -9999.000 -9999.000 -9999.000 -9999.000 -9999.000 -9999.000 -9999.000 -9999.000 -9999.000 -9999.000 -9999.000 -9999.000 -9999.000 -9999.000 -9999.000 -9999.000 -9999.000 -9999.000 -9999.000 -9999.000 -9999.000 -9999.000 -9999.000 -9999.000 -9999.000
-9999.000 -9999.000 -9999.000 -9999.000 -9999.000 -9999.000 -9999.000 -9999.000 -9999.000 -9999.000 -9999.000 -9999.000 -9999.000 -9999.000 -9999.000 0.2113362 0.2006381 0.2034394 0.2082373 0.2139484 0.2203782 0.2274975 0.2353318 0.2439491 0.2534789 0.2641427 0.2762934 0.2904254 0.3058696 0.2895601 0.2895601 -9999.000 -9999.000 -9999.000 -9999.000 -9999.000 -9999.000 -9999.000 -9999.000 -9999.000 -9999.000 -9999.000 -9999.000 -9999.000 -9999.000 -9999.000 -9999.000 -9999.000 -9999.000 -9999.000 -9999.000 -9999.000 -9999.000 -9999.000 -9999.000 -9999.000 -9999.000 -9999.000 -9999.000 -9999.000
-9999.000 -9999.000 -9999.000 -9999.000 -9999.000 -9999.000 -9999.000 -9999.000 -9999.000 -9999.000 -9999.000 -9999.000 -9999.000 -9999.000 -9999.000 0.1996286 0.1879548 0.1915992 0.1976350 0.2048062 0.2128792 0.2218159 0.2316483 0.2424662 0.2544411 0.2678665 0.2832071 0.3011166 0.3209043 0.3047445 0.3047445 -9999.000 -9999.000 -9999.000 -9999.000 -9999.000 -9999.000 -9999.000 -9999.000 -9999.000 -9999.000 -9999.000 -9999.000 -9999.000 -9999.000 -9999.000 -9999.000 -9999.000 -9999.000 -9999.000 -9999.000 -9999.000 -9999.000 -9999.000 -9999.000 -9999.000 -9999.000 -9999.000 -9999.000 -9999.000
-9999.000 -9999.000 -9999.000 -9999.000 -9999.000 -9999.000 -9999.000 -9999.000 -9999.000 -9999.000 -9999.000 -9999.000 -9999.000 -9999.000 -9999.000 0.1863253 0.1742425 0.1789273 0.1863732 0.1951768 0.2050680 0.2160024 0.2280247 0.2412578 0.2559347 0.2724502 0.2914267 0.3137488 0.3388186 0.3241190 0.3241190 -9999.000 -9999.000 -9999.000 -9999.000 -9999.000 -9999.000 -9999.000 -9999.000 -9999.000 -9999.000 -9999.000 -9999.000 -9999.000 -9999.000 -9999.000 -9999.000 -9999.000 -9999.000 -9999.000 -9999.000 -9999.000 -9999.000 -9999.000 -9999.000 -9999.000 -9999.000 -9999.000 -9999.000 -9999.000
-9999.000 -9999.000 -9999.000 -9999.000 -9999.000 -9999.000 -9999.000 -9999.000 -9999.000 -9999.000 -9999.000 -9999.000 -9999.000 -9999.000 -9999.000 0.1711867 0.1594678 0.1654579 0.1745262 0.1851605 0.1970584 0.2101743 0.2245752 0.2404327 0.2580665 0.2780142 0.3011218 0.3286136 0.3601774 0.3487920 0.3487920 -9999.000 -9999.000 -9999.000 -9999.000 -9999.000 -9999.000 -9999.000 -9999.000 -9999.000 -9999.000 -9999.000 -9999.000 -9999.000 -9999.000 -9999.000 -9999.000 -9999.000 -9999.000 -9999.000 -9999.000 -9999.000 -9999.000 -9999.000 -9999.000 -9999.000 -9999.000 -9999.000 -9999.000 -9999.000
-9999.000 -9999.000 -9999.000 -9999.000 -9999.000 -9999.000 -9999.000 -9999.000 -9999.000 -9999.000 -9999.000 -9999.000 -9999.000 -9999.000 -9999.000 0.1539396 0.1435942 0.1512537 0.1622209 0.1749256 0.1890422 0.2045317 0.2214967 0.2401794 0.2610195 0.2847516 0.3125377 0.3461076 0.3857616 0.3804632 0.3804632 -9999.000 -9999.000 -9999.000 -9999.000 -9999.000 -9999.000 -9999.000 -9999.000 -9999.000 -9999.000 -9999.000 -9999.000 -9999.000 -9999.000 -9999.000 -9999.000 -9999.000 -9999.000 -9999.000 -9999.000 -9999.000 -9999.000 -9999.000 -9999.000 -9999.000 -9999.000 -9999.000 -9999.000 -9999.000
-9999.000 -9999.000 -9999.000 -9999.000 -9999.000 -9999.000 -9999.000 -9999.000 -9999.000 -9999.000 -9999.000 -9999.000 -9999.000 -9999.000 -9999.000 0.1342923 0.1266084 0.1364489 0.1496901 0.1647686 0.1813505 0.1994196 0.2191338 0.2408321 0.2651156 0.2929837 0.3260425 0.3667783 0.4166649 0.4218842 0.4218842 -9999.000 -9999.000 -9999.000 -9999.000 -9999.000 -9999.000 -9999.000 -9999.000 -9999.000 -9999.000 -9999.000 -9999.000 -9999.000 -9999.000 -9999.000 -9999.000 -9999.000 -9999.000 -9999.000 -9999.000 -9999.000 -9999.000 -9999.000 -9999.000 -9999.000 -9999.000 -9999.000 -9999.000 -9999.000
-9999.000 -9999.000 -9999.000 -9999.000 -9999.000 -9999.000 -9999.000 -9999.000 -9999.000 -9999.000 -9999.000 -9999.000 -9999.000 -9999.000 -9999.000 0.1119621 0.1085824 0.1213443 0.1373811 0.1552243 0.1745670 0.1954457 0.2181015 0.2430013 0.2709502 0.3032925 0.3422431 0.3914219 0.4544549 0.4778689 0.4778689 -9999.000 -9999.000 -9999.000 -9999.000 -9999.000 -9999.000 -9999.000 -9999.000 -9999.000 -9999.000 -9999.000 -9999.000 -9999.000 -9999.000 -9999.000 -9999.000 -9999.000 -9999.000 -9999.000 -9999.000 -9999.000 -9999.000 -9999.000 -9999.000 -9999.000 -9999.000 -9999.000 -9999.000 -9999.000
-9999.000 -9999.000 -9999.000 -9999.000 -9999.000 -9999.000 -9999.000 -9999.000 -9999.000 -9999.000 -9999.000 -9999.000 -9999.000 -9999.000 -9999.000 0.8670518E-01 0.8989812E-01 0.1067416 0.1263294 0.1474491 0.1699085 0.1938562 0.2196600 0.2479497 0.2797752 0.3169008 0.3623375 0.4213677 0.5014801 0.5578931 0.5578931 -9999.000 -9999.000 -9999.000 -9999.000 -9999.000 -9999.000 -9999.000 -9999.000 -9999.000 -9999.000 -9999.000 -9999.000 -9999.000 -9999.000 -9999.000 -9999.000 -9999.000 -9999.000 -9999.000 -9999.000 -9999.000 -9999.000 -9999.000 -9999.000 -9999.000 -9999.000 -9999.000 -9999.000 -9999.000
-9999.000 -9999.000 -9999.000 -9999.000 -9999.000 -9999.000 -9999.000 -9999.000 -9999.000 -9999.000 -9999.000 -9999.000 -9999.000 -9999.000 -9999.000 0.5911965E-01 0.8006360E-01 0.1061557 0.1312746 0.1558382 0.1805306 0.2060984 0.2333736 0.2633920 0.2976227 0.3383887 0.3897056 0.4591803 0.5610269 0.6826273 0.6826273 -9999.000 -9999.000 -9999.000 -9999.000 -9999.000 -9999.000 -9999.000 -9999.000 -9999.000 -9999.000 -9999.000 -9999.000 -9999.000 -9999.000 -9999.000 -9999.000 -9999.000 -9999.000 -9999.000 -9999.000 -9999.000 -9999.000 -9999.000 -9999.000 -9999.000 -9999.000 -9999.000 -9999.000 -9999.000
1.512415 1.512415 1.575058 1.610658 1.620236 1.620236 1.626903 1.518777 1.518777 1.342646 1.342646 1.276660 1.238375 1.191354 1.128819 1.128819 0.9842947 0.9204469 0.8514773 0.7802981 0.7102710 0.6452010 0.5891351 0.5461950 0.5205823 0.5169052 0.5411072 0.6029041 0.7214480 0.9543108 0.9543108 1.519361 1.719868 1.808926 1.780306 1.780306 1.645257 1.645257 1.450210 1.450210 1.181515 0.8730599 0.8730599 0.8608779 0.8608779 0.8927960 0.8927960 0.8927960 0.9450800 0.9450800 0.9873716 0.9873716 1.022576 1.022576 1.067365 1.067365 1.095296 1.095296 1.095296 1.116565
1.526163 1.526163 1.594037 1.643142 1.659873 1.659873 1.673779 1.600980 1.600980 1.420327 1.420327 1.366773 1.335070 1.298166 1.256748 1.256748 1.199192 1.171518 1.136132 1.092971 1.042847 0.9875410 0.9299057 0.8740138 0.8253275 0.7909167 0.7798289 0.8039725 0.8801103 1.036581 1.036581 1.453983 1.604743 1.705272 1.719796 1.719796 1.704649 1.704649 1.626073 1.626073 1.505868 1.154464 1.154464 1.143117 1.143117 1.182618 1.182618 1.182618 1.239220 1.239220 1.284955 1.284955 1.309713 1.309713 1.364581 1.364581 1.398355 1.398355 1.398355 1.425950
1.529310 1.529310 1.595360 1.643629 1.660332 1.660332 1.674319 1.612430 1.612430 1.423887 1.423887 1.377076 1.351051 1.322840 1.293786 1.293786 1.265239 1.255359 1.241306 1.221944 1.196775 1.165997 1.130652 1.092841 1.056012 1.025334 1.008238 1.015309 1.062028 1.174965 1.174965 1.507331 1.643872 1.752294 1.777186 1.777186 1.783771 1.783771 1.738041 1.738041 1.674303 1.403948 1.403948 1.336152 1.336152 1.358090 1.358090 1.358090 1.414857 1.414857 1.455220 1.455220 1.486172 1.486172 1.526330 1.526330 1.555438 1.555438 1.555438 1.578404
1.531736 1.531736 1.596439 1.643841 1.660388 1.660388 1.674306 1.621562 1.621562 1.425818 1.425818 1.384563 1.362905 1.340690 1.319108 1.319108 1.304883 1.302724 1.298564 1.291559 1.281196 1.267287 1.250094 1.230548 1.210528 1.193228 1.183658 1.189498 1.222910 1.307735 1.307735 1.567966 1.689168 1.791022 1.812952 1.812952 1.819257 1.819257 1.793939 1.793939 1.765132 1.598697 1.598697 1.489189 1.489189 1.499746 1.499746 1.499746 1.544105 1.544105 1.580078 1.580078 1.608251 1.608251 1.640494 1.640494 1.665980 1.665980 1.665980 1.685687
1.533546 1.533546 1.597315 1.644032 1.660438 1.660438 1.674287 1.630378 1.630378 1.428468 1.428468 1.392645 1.375062 1.358089 1.342635 1.342635 1.339910 1.342342 1.343190 1.342226 1.339443 1.334940 1.328945 1.321965 1.315014 1.309921 1.309745 1.319489 1.347942 1.415833 1.415833 1.621038 1.724063 1.808239 1.821467 1.821467 1.820648 1.820648 1.812878 1.812878 1.806800 1.730840 1.730840 1.625077 1.625077 1.605904 1.605904 1.605904 1.639351 1.639351 1.671260 1.671260 1.697236 1.697236 1.724129 1.724129 1.746529 1.746529 1.746529 1.763638
1.534801 1.534801 1.597960 1.644184 1.660478 1.660478 1.674271 1.638843 1.638843 1.431676 1.431676 1.401088 1.387388 1.375346 1.365705 1.365705 1.375179 1.381701 1.385948 1.388257 1.389182 1.389305 1.389178 1.389353 1.390529 1.393747 1.400645 1.413946 1.439520 1.494271 1.494271 1.661238 1.742722 1.799058 1.801811 1.801811 1.799468 1.799468 1.812586 1.812586 1.822378 1.808521 1.808521 1.738276 1.738276 1.694100 1.694100 1.694100 1.714614 1.714614 1.740923 1.740923 1.764242 1.764242 1.787154 1.787154 1.806449 1.806449 1.806449 1.820989
1.535537 1.535537 1.598354 1.644283 1.660505 1.660505 1.674262 1.646613 1.646613 1.435195 1.435195 1.409534 1.399501 1.392192 1.388432 1.388432 1.412233 1.423171 1.430476 1.434995 1.437778 1.439877 1.442245 1.445696 1.450941 1.458644 1.469386 1.483673 1.505031 1.547742 1.547742 1.680483 1.738155 1.760170 1.756754 1.756754 1.766557 1.766557 1.803152 1.803152 1.824422 1.847879 1.847879 1.820551 1.820551 1.770364 1.770364 1.770364 1.777640 1.777640 1.796423 1.796423 1.815900 1.815900 1.834906 1.834906 1.850814 1.850814 1.850814 1.862616
1.535781 1.535781 1.598486 1.644317 1.660514 1.660514 1.674259 1.649427 1.649427 1.438943 1.438943 1.417688 1.411057 1.408279 1.410607 1.410607 1.452038 1.467951 1.478395 1.484753 1.488518 1.491160 1.494027 1.498251 1.504717 1.513957 1.525606 1.537125 1.550188 1.577039 1.577039 1.674304 1.703352 1.695014 1.695884 1.695884 1.730991 1.730991 1.789424 1.789424 1.818885 1.864062 1.864062 1.871293 1.871293 1.834384 1.834384 1.834384 1.832052 1.832052 1.842530 1.842530 1.856815 1.856815 1.871322 1.871322 1.883530 1.883530 1.883530 1.892393
1.535537 1.535537 1.598354 1.644283 1.660505 1.660505 1.674263 1.652120 1.652120 1.442654 1.442654 1.425408 1.421817 1.423267 1.431802 1.431802 1.495595 1.517048 1.530827 1.538913 1.543203 1.545542 1.547664 1.551045 1.556829 1.565581 1.575793 1.579134 1.576401 1.580113 1.580113 1.635435 1.633440 1.615091 1.631811 1.631811 1.697230 1.697230 1.773064 1.773064 1.808374 1.866743 1.866743 1.897192 1.897192 1.883788 1.883788 1.883788 1.878185 1.878185 1.881621 1.881621 1.889845 1.889845 1.899189 1.899189 1.907181 1.907181 1.907181 1.912797
1.534800 1.534800 1.597960 1.644184 1.660478 1.660478 1.674274 1.653829 1.653829 1.446136 1.446136 1.432457 1.431577 1.436870 1.451369 1.451369 1.544339 1.571788 1.588871 1.598529 1.603072 1.604589 1.605118 1.606480 1.610216 1.617130 1.623994 1.609748 1.578769 1.552630 1.552630 1.559619 1.533812 1.531257 1.571414 1.571414 1.665191 1.665191 1.754276 1.754276 1.794053 1.861277 1.861277 1.906501 1.906501 1.917767 1.917767 1.917767 1.914996 1.914996 1.914303 1.914303 1.916663 1.916663 1.920344 1.920344 1.923567 1.923567 1.923567 1.925611
1.533546 1.533546 1.597315 1.644031 1.660438 1.660438 1.674291 1.654563 1.654563 1.449436 1.449436 1.438680 1.440152 1.448845 1.468399 1.468399 1.601085 1.633479 1.653667 1.664705 1.669113 1.669288 1.667589 1.666175 1.666894 1.670836 1.671738 1.621746 1.545904 1.482918 1.482918 1.446108 1.422556 1.466391 1.513805 1.513805 1.636364 1.636364 1.735562 1.735562 1.778758 1.852044 1.852044 1.906465 1.906465 1.938379 1.938379 1.938379 1.942104 1.942104 1.940557 1.940557 1.938300 1.938300 1.936308 1.936308 1.934409 1.934409 1.934409 1.932669
1.531735 1.531735 1.596438 1.643840 1.660389 1.660389 1.674311 1.654105 1.654105 1.452608 1.452608 1.444015 1.447490 1.459419 1.485847 1.485847 1.666641 1.704509 1.727398 1.739118 1.742657 1.740751 1.736058 1.731055 1.727896 1.727914 1.716498 1.597177 1.467700 1.372224 1.372224 1.313836 1.313845 1.407422 1.471046 1.471046 1.608646 1.608646 1.716619 1.716619 1.762464 1.839948 1.839948 1.900192 1.900192 1.947453 1.947453 1.947453 1.958644 1.958644 1.958705 1.958705 1.953562 1.953562 1.946545 1.946545 1.939667 1.939667 1.939667 1.934249
