cruce_test.gid/Rasters/Hydraulic/Velocity__x_208.0.asc
NCOLS        79
NROWS        79
XLLCENTER         -1.500000
YLLCENTER         -4.800000
CELLSIZE           0.100
NODATA_VALUE     -9999.0
[rows 0 to 25 of 79, columns 0 to 57 of 79]
-9999.000 -9999.000 -9999.000 -9999.000 -9999.000 -9999.000 -9999.000 -9999.000 -9999.000 -9999.000 -9999.000 -9999.000 -9999.000 -9999.000 -9999.000 -0.1925305E-02 -0.1848302E-02 0.1370046E-02 0.6256015E-02 0.1143170E-01 0.1575013E-01 0.1883483E-01 0.2064906E-01 0.2125941E-01 0.2082224E-01 0.1949893E-01 0.1738374E-01 0.1443780E-01 0.1009875E-01 0.4943454E-02 0.4943454E-02 -9999.000 -9999.000 -9999.000 -9999.000 -9999.000 -9999.000 -9999.000 -9999.000 -9999.000 -9999.000 -9999.000 -9999.000 -9999.000 -9999.000 -9999.000 -9999.000 -9999.000 -9999.000 -9999.000 -9999.000 -9999.000 -9999.000 -9999.000 -9999.000 -9999.000 -9999.000 -9999.000
-9999.000 -9999.000 -9999.000 -9999.000 -9999.000 -9999.000 -9999.000 -9999.000 -9999.000 -9999.000 -9999.000 -9999.000 -9999.000 -9999.000 -9999.000 -0.6625598E-03 0.6296171E-03 0.4872648E-02 0.1061975E-01 0.1655613E-01 0.2155461E-01 0.2517818E-01 0.2731598E-01 0.2797817E-01 0.2728058E-01 0.2536592E-01 0.2233524E-01 0.1819043E-01 0.1249742E-01 0.6098006E-02 0.6098006E-02 -9999.000 -9999.000 -9999.000 -9999.000 -9999.000 -9999.000 -9999.000 -9999.000 -9999.000 -9999.000 -9999.000 -9999.000 -9999.000 -9999.000 -9999.000 -9999.000 -9999.000 -9999.000 -9999.000 -9999.000 -9999.000 -9999.000 -9999.000 -9999.000 -9999.000 -9999.000 -9999.000
-9999.000 -9999.000 -9999.000 -9999.000 -9999.000 -9999.000 -9999.000 -9999.000 -9999.000 -9999.000 -9999.000 -9999.000 -9999.000 -9999.000 -9999.000 -0.2432582E-03 0.1553630E-02 0.6397517E-02 0.1272003E-01 0.1916424E-01 0.2456694E-01 0.2847310E-01 0.3076015E-01 0.3143060E-01 0.3059957E-01 0.2841405E-01 0.2498449E-01 0.2032525E-01 0.1400091E-01 0.6869899E-02 0.6869899E-02 -9999.000 -9999.000 -9999.000 -9999.000 -9999.000 -9999.000 -9999.000 -9999.000 -9999.000 -9999.000 -9999.000 -9999.000 -9999.000 -9999.000 -9999.000 -9999.000 -9999.000 -9999.000 -9999.000 -9999.000 -9999.000 -9999.000 -9999.000 -9999.000 -9999.000 -9999.000 -9999.000
-9999.000 -9999.000 -9999.000 -9999.000 -9999.000 -9999.000 -9999.000 -9999.000 -9999.000 -9999.000 -9999.000 -9999.000 -9999.000 -9999.000 -9999.000 -0.5029950E-04 0.2016898E-02 0.7225350E-02 0.1392033E-01 0.2070318E-01 0.2637759E-01 0.3047798E-01 0.3287779E-01 0.3357724E-01 0.3269444E-01 0.3038045E-01 0.2674906E-01 0.2181577E-01 0.1512197E-01 0.7474317E-02 0.7474317E-02 -9999.000 -9999.000 -9999.000 -9999.000 -9999.000 -9999.000 -9999.000 -9999.000 -9999.000 -9999.000 -9999.000 -9999.000 -9999.000 -9999.000 -9999.000 -9999.000 -9999.000 -9999.000 -9999.000 -9999.000 -9999.000 -9999.000 -9999.000 -9999.000 -9999.000 -9999.000 -9999.000
-9999.000 -9999.000 -9999.000 -9999.000 -9999.000 -9999.000 -9999.000 -9999.000 -9999.000 -9999.000 -9999.000 -9999.000 -9999.000 -9999.000 -9999.000 0.7048227E-04 0.2329110E-02 0.7816275E-02 0.1480465E-01 0.2185655E-01 0.2774707E-01 0.3200562E-01 0.3450508E-01 0.3524534E-01 0.3434860E-01 0.3196885E-01 0.2821971E-01 0.2311311E-01 0.1615436E-01 0.8052615E-02 0.8052615E-02 -9999.000 -9999.000 -9999.000 -9999.000 -9999.000 -9999.000 -9999.000 -9999.000 -9999.000 -9999.000 -9999.000 -9999.000 -9999.000 -9999.000 -9999.000 -9999.000 -9999.000 -9999.000 -9999.000 -9999.000 -9999.000 -9999.000 -9999.000 -9999.000 -9999.000 -9999.000 -9999.000
-9999.000 -9999.000 -9999.000 -9999.000 -9999.000 -9999.000 -9999.000 -9999.000 -9999.000 -9999.000 -9999.000 -9999.000 -9999.000 -9999.000 -9999.000 0.1801481E-03 0.2615959E-02 0.8362767E-02 0.1562375E-01 0.2292304E-01 0.2900997E-01 0.3341353E-01 0.3600900E-01 0.3679687E-01 0.3590477E-01 0.3348894E-01 0.2966171E-01 0.2442716E-01 0.1724350E-01 0.8679260E-02 0.8679260E-02 -9999.000 -9999.000 -9999.000 -9999.000 -9999.000 -9999.000 -9999.000 -9999.000 -9999.000 -9999.000 -9999.000 -9999.000 -9999.000 -9999.000 -9999.000 -9999.000 -9999.000 -9999.000 -9999.000 -9999.000 -9999.000 -9999.000 -9999.000 -9999.000 -9999.000 -9999.000 -9999.000
-9999.000 -9999.000 -9999.000 -9999.000 -9999.000 -9999.000 -9999.000 -9999.000 -9999.000 -9999.000 -9999.000 -9999.000 -9999.000 -9999.000 -9999.000 0.3060175E-03 0.2934456E-02 0.8951436E-02 0.1649003E-01 0.2403667E-01 0.3031661E-01 0.3486311E-01 0.3755634E-01 0.3839808E-01 0.3752293E-01 0.3508949E-01 0.3120629E-01 0.2586766E-01 0.1847294E-01 0.9399889E-02 0.9399889E-02 -9999.000 -9999.000 -9999.000 -9999.000 -9999.000 -9999.000 -9999.000 -9999.000 -9999.000 -9999.000 -9999.000 -9999.000 -9999.000 -9999.000 -9999.000 -9999.000 -9999.000 -9999.000 -9999.000 -9999.000 -9999.000 -9999.000 -9999.000 -9999.000 -9999.000 -9999.000 -9999.000
-9999.000 -9999.000 -9999.000 -9999.000 -9999.000 -9999.000 -9999.000 -9999.000 -9999.000 -9999.000 -9999.000 -9999.000 -9999.000 -9999.000 -9999.000 0.4627997E-03 0.3314032E-02 0.9626497E-02 0.1746092E-01 0.2526543E-01 0.3174352E-01 0.3643725E-01 0.3923364E-01 0.4013728E-01 0.3929110E-01 0.3685563E-01 0.3293486E-01 0.2750985E-01 0.1990810E-01 0.1025395E-01 0.1025395E-01 -9999.000 -9999.000 -9999.000 -9999.000 -9999.000 -9999.000 -9999.000 -9999.000 -9999.000 -9999.000 -9999.000 -9999.000 -9999.000 -9999.000 -9999.000 -9999.000 -9999.000 -9999.000 -9999.000 -9999.000 -9999.000 -9999.000 -9999.000 -9999.000 -9999.000 -9999.000 -9999.000
-9999.000 -9999.000 -9999.000 -9999.000 -9999.000 -9999.000 -9999.000 -9999.000 -9999.000 -9999.000 -9999.000 -9999.000 -9999.000 -9999.000 -9999.000 0.6602216E-03 0.3774717E-02 0.1041835E-01 0.1857493E-01 0.2665452E-01 0.3334121E-01 0.3819039E-01 0.4109935E-01 0.4207597E-01 0.4127349E-01 0.3885414E-01 0.3491560E-01 0.2942302E-01 0.2161665E-01 0.1128525E-01 0.1128525E-01 -9999.000 -9999.000 -9999.000 -9999.000 -9999.000 -9999.000 -9999.000 -9999.000 -9999.000 -9999.000 -9999.000 -9999.000 -9999.000 -9999.000 -9999.000 -9999.000 -9999.000 -9999.000 -9999.000 -9999.000 -9999.000 -9999.000 -9999.000 -9999.000 -9999.000 -9999.000 -9999.000
-9999.000 -9999.000 -9999.000 -9999.000 -9999.000 -9999.000 -9999.000 -9999.000 -9999.000 -9999.000 -9999.000 -9999.000 -9999.000 -9999.000 -9999.000 0.9079060E-03 0.4335525E-02 0.1135416E-01 0.1986734E-01 0.2824563E-01 0.3515599E-01 0.4017358E-01 0.4320858E-01 0.4427350E-01 0.4353397E-01 0.4115425E-01 0.3722404E-01 0.3168905E-01 0.2368382E-01 0.1255004E-01 0.1255004E-01 -9999.000 -9999.000 -9999.000 -9999.000 -9999.000 -9999.000 -9999.000 -9999.000 -9999.000 -9999.000 -9999.000 -9999.000 -9999.000 -9999.000 -9999.000 -9999.000 -9999.000 -9999.000 -9999.000 -9999.000 -9999.000 -9999.000 -9999.000 -9999.000 -9999.000 -9999.000 -9999.000
-9999.000 -9999.000 -9999.000 -9999.000 -9999.000 -9999.000 -9999.000 -9999.000 -9999.000 -9999.000 -9999.000 -9999.000 -9999.000 -9999.000 -9999.000 0.1216053E-02 0.5017386E-02 0.1246580E-01 0.2137839E-01 0.3008624E-01 0.3724115E-01 0.4244551E-01 0.4562590E-01 0.4680068E-01 0.4615109E-01 0.4384318E-01 0.3995728E-01 0.3441526E-01 0.2622485E-01 0.1412578E-01 0.1412578E-01 -9999.000 -9999.000 -9999.000 -9999.000 -9999.000 -9999.000 -9999.000 -9999.000 -9999.000 -9999.000 -9999.000 -9999.000 -9999.000 -9999.000 -9999.000 -9999.000 -9999.000 -9999.000 -9999.000 -9999.000 -9999.000 -9999.000 -9999.000 -9999.000 -9999.000 -9999.000 -9999.000
-9999.000 -9999.000 -9999.000 -9999.000 -9999.000 -9999.000 -9999.000 -9999.000 -9999.000 -9999.000 -9999.000 -9999.000 -9999.000 -9999.000 -9999.000 0.1602289E-02 0.5856144E-02 0.1380674E-01 0.2318067E-01 0.3225462E-01 0.3968071E-01 0.4509577E-01 0.4844682E-01 0.4976019E-01 0.4923677E-01 0.4704473E-01 0.4325286E-01 0.3775553E-01 0.2940618E-01 0.1612496E-01 0.1612496E-01 -9999.000 -9999.000 -9999.000 -9999.000 -9999.000 -9999.000 -9999.000 -9999.000 -9999.000 -9999.000 -9999.000 -9999.000 -9999.000 -9999.000 -9999.000 -9999.000 -9999.000 -9999.000 -9999.000 -9999.000 -9999.000 -9999.000 -9999.000 -9999.000 -9999.000 -9999.000 -9999.000
-9999.000 -9999.000 -9999.000 -9999.000 -9999.000 -9999.000 -9999.000 -9999.000 -9999.000 -9999.000 -9999.000 -9999.000 -9999.000 -9999.000 -9999.000 0.2143008E-02 0.7015690E-02 0.1564106E-01 0.2560442E-01 0.3508648E-01 0.4278639E-01 0.4841543E-01 0.5194372E-01 0.5340936E-01 0.5303899E-01 0.5100374E-01 0.4735938E-01 0.4196781E-01 0.3349415E-01 0.1872349E-01 0.1872349E-01 -9999.000 -9999.000 -9999.000 -9999.000 -9999.000 -9999.000 -9999.000 -9999.000 -9999.000 -9999.000 -9999.000 -9999.000 -9999.000 -9999.000 -9999.000 -9999.000 -9999.000 -9999.000 -9999.000 -9999.000 -9999.000 -9999.000 -9999.000 -9999.000 -9999.000 -9999.000 -9999.000
-9999.000 -9999.000 -9999.000 -9999.000 -9999.000 -9999.000 -9999.000 -9999.000 -9999.000 -9999.000 -9999.000 -9999.000 -9999.000 -9999.000 -9999.000 0.4815876E-02 0.1271528E-01 0.2470662E-01 0.3617705E-01 0.4532787E-01 0.5240976E-01 0.5740525E-01 0.6031108E-01 0.6121191E-01 0.6038213E-01 0.5799451E-01 0.5408162E-01 0.4845363E-01 0.3952791E-01 0.2249810E-01 0.2249810E-01 -9999.000 -9999.000 -9999.000 -9999.000 -9999.000 -9999.000 -9999.000 -9999.000 -9999.000 -9999.000 -9999.000 -9999.000 -9999.000 -9999.000 -9999.000 -9999.000 -9999.000 -9999.000 -9999.000 -9999.000 -9999.000 -9999.000 -9999.000 -9999.000 -9999.000 -9999.000 -9999.000
-9999.000 -9999.000 -9999.000 -9999.000 -9999.000 -9999.000 -9999.000 -9999.000 -9999.000 -9999.000 -9999.000 -9999.000 -9999.000 -9999.000 -9999.000 0.1152492 0.1775572 0.2098748 0.2030318 0.1719732 0.1482295 0.1278291 0.1103989 0.9561205E-01 0.8313694E-01 0.7231884E-01 0.6256372E-01 0.5307186E-01 0.4159956E-01 0.1991548E-01 0.1991548E-01 -9999.000 -9999.000 -9999.000 -9999.000 -9999.000 -9999.000 -9999.000 -9999.000 -9999.000 -9999.000 -9999.000 -9999.000 -9999.000 -9999.000 -9999.000 -9999.000 -9999.000 -9999.000 -9999.000 -9999.000 -9999.000 -9999.000 -9999.000 -9999.000 -9999.000 -9999.000 -9999.000
2.922860 2.922860 2.920103 2.935629 2.954204 2.954204 2.956644 2.956062 2.956062 2.952041 2.952041 2.945623 2.941751 2.937548 2.933379 2.933379 3.102409 3.107527 3.108953 3.108387 3.078622 3.024307 2.946008 2.842924 2.714757 2.566988 2.401284 2.225827 2.063715 1.984681 1.984681 2.825773 3.008032 3.119437 3.148391 3.148391 3.190325 3.190325 3.188124 3.188124 3.153024 2.994906 2.994906 2.699023 2.699023 2.256353 2.256353 2.256353 2.214823 2.214823 2.235591 2.235591 2.280839 2.280839 2.331394 2.331394 2.378520 2.378520
2.946561 2.946561 2.951862 2.991050 3.017066 3.017066 3.031672 3.054429 3.054429 3.073321 3.073321 3.089615 3.097033 3.104063 3.111058 3.111058 3.235372 3.256337 3.272831 3.287300 3.294285 3.294119 3.285213 3.264596 3.228976 3.176982 3.106475 3.017770 2.916917 2.829615 2.829615 3.273562 3.435827 3.594730 3.638885 3.638885 3.692360 3.692360 3.703086 3.703086 3.688097 3.599805 3.599805 3.424720 3.424720 3.102499 3.102499 3.102499 3.055106 3.055106 3.077547 3.077547 3.125272 3.125272 3.178270 3.178270 3.228155 3.228155
2.951749 2.951749 2.953831 2.993040 3.016846 3.016846 3.032098 3.055733 3.055733 3.075283 3.075283 3.092300 3.100118 3.107579 3.115062 3.115062 3.224938 3.259309 3.288324 3.313725 3.333472 3.347664 3.356221 3.358274 3.352278 3.337147 3.311071 3.272983 3.225200 3.183413 3.183413 3.431206 3.588558 3.773932 3.829337 3.829337 3.891018 3.891018 3.891318 3.891318 3.867255 3.772309 3.772309 3.637568 3.637568 3.390320 3.390320 3.390320 3.330767 3.330767 3.339305 3.339305 3.377610 3.377610 3.424225 3.424225 3.469540 3.469540
2.955103 2.955103 2.955443 2.993701 3.015981 3.015981 3.031627 3.055717 3.055717 3.075320 3.075320 3.092340 3.100163 3.107634 3.115199 3.115199 3.215486 3.260696 3.301201 3.336937 3.366487 3.389525 3.406141 3.416286 3.419632 3.416090 3.405189 3.386603 3.361856 3.341026 3.341026 3.490137 3.627983 3.821141 3.883188 3.883188 3.945164 3.945164 3.923946 3.923946 3.886462 3.789321 3.789321 3.696472 3.696472 3.523870 3.523870 3.523870 3.459540 3.459540 3.453247 3.453247 3.480893 3.480893 3.521372 3.521372 3.563004 3.563004
2.956583 2.956583 2.954035 2.993618 3.015135 3.015135 3.031193 3.055778 3.055778 3.075428 3.075428 3.092407 3.100206 3.107656 3.115316 3.115316 3.211064 3.265214 3.315871 3.361193 3.399753 3.430931 3.454618 3.470876 3.479737 3.481458 3.476265 3.464532 3.447816 3.433269 3.433269 3.522921 3.634855 3.817985 3.877908 3.877908 3.919966 3.919966 3.866608 3.866608 3.821165 3.745060 3.745060 3.700574 3.700574 3.600617 3.600617 3.600617 3.541312 3.541312 3.522026 3.522026 3.536673 3.536673 3.568731 3.568731 3.605202 3.605202
2.953657 2.953657 2.958266 2.993344 3.014511 3.014511 3.030883 3.055843 3.055843 3.075538 3.075538 3.092513 3.100311 3.107761 3.115591 3.115591 3.212867 3.274926 3.334400 3.388212 3.434751 3.473248 3.503446 3.525360 3.539091 3.544925 3.543258 3.534692 3.520699 3.506512 3.506512 3.556460 3.639711 3.793975 3.838377 3.838377 3.833067 3.833067 3.751217 3.751217 3.714831 3.683650 3.683650 3.685424 3.685424 3.648118 3.648118 3.648118 3.602668 3.602668 3.576080 3.576080 3.577551 3.577551 3.598902 3.598902 3.627996 3.627996
2.953483 2.953483 2.960162 2.993032 3.014020 3.014020 3.030579 3.055770 3.055770 3.075495 3.075495 3.092487 3.100301 3.107771 3.115861 3.115861 3.221556 3.291205 3.358411 3.419483 3.472746 3.517429 3.553245 3.580184 3.598344 3.607968 3.609421 3.603274 3.590726 3.575459 3.575459 3.598093 3.652331 3.754691 3.763793 3.763793 3.691674 3.691674 3.616566 3.616566 3.606572 3.627298 3.627298 3.665113 3.665113 3.676709 3.676709 3.676709 3.650359 3.650359 3.623872 3.623872 3.614969 3.614969 3.624555 3.624555 3.644155 3.644155
2.953430 2.953430 2.960778 2.992933 3.013866 3.013866 3.030491 3.055763 3.055763 3.075495 3.075495 3.092481 3.100294 3.107763 3.116187 3.116187 3.238107 3.315525 3.389553 3.456560 3.515071 3.564495 3.604660 3.635599 3.657440 3.670379 3.674706 3.670864 3.659698 3.643456 3.643456 3.646871 3.671797 3.687165 3.637923 3.637923 3.516535 3.516535 3.495016 3.495016 3.516477 3.579436 3.579436 3.641999 3.641999 3.690191 3.690191 3.690191 3.684431 3.684431 3.664662 3.664662 3.650160 3.650160 3.648767 3.648767 3.657545 3.657545
2.953483 2.953483 2.960161 2.993032 3.014020 3.014020 3.030579 3.055769 3.055769 3.075495 3.075495 3.092486 3.100301 3.107771 3.116660 3.116660 3.264089 3.349739 3.429736 3.501218 3.563266 3.615687 3.658566 3.692095 3.716474 3.731899 3.738593 3.736845 3.727099 3.709949 3.709949 3.697835 3.688282 3.562859 3.449634 3.449634 3.347923 3.347923 3.402263 3.402263 3.447544 3.537655 3.537655 3.616515 3.616515 3.691837 3.691837 3.691837 3.705332 3.705332 3.696488 3.696488 3.681334 3.681334 3.671328 3.671328 3.668989 3.668989
2.953657 2.953657 2.958266 2.993344 3.014509 3.014509 3.030882 3.055842 3.055842 3.075537 3.075537 3.092513 3.100312 3.107761 3.117269 3.117269 3.301646 3.395940 3.480863 3.555080 3.618644 3.671998 3.715641 3.750014 3.775453 3.792200 3.800433 3.800294 3.791666 3.772250 3.772250 3.740747 3.676689 3.359402 3.224470 3.224470 3.221053 3.221053 3.335232 3.335232 3.393569 3.499029 3.499029 3.588814 3.588814 3.684096 3.684096 3.684096 3.713915 3.713915 3.717476 3.717476 3.705762 3.705762 3.690350 3.690350 3.677692 3.677692
2.956583 2.956583 2.954036 2.993619 3.015134 3.015134 3.031193 3.055777 3.055777 3.075428 3.075428 3.092408 3.100207 3.107656 3.118047 3.118047 3.354192 3.457030 3.545224 3.619858 3.682415 3.734224 3.776331 3.809495 3.834228 3.850839 3.859493 3.860162 3.851509 3.823520 3.823520 3.750228 3.585069 3.103852 3.027061 3.027061 3.137126 3.137126 3.280222 3.280222 3.344594 3.458909 3.458909 3.556487 3.556487 3.666398 3.666398 3.666398 3.709147 3.709147 3.724462 3.724462 3.718558 3.718558 3.700881 3.700881 3.679642 3.679642
