cruce_test.gid/Rasters/Hydraulic/Velocity__y_301.0.asc
NCOLS        79
NROWS        79
XLLCENTER         -1.500000
YLLCENTER         -4.800000
CELLSIZE           0.100
NODATA_VALUE     -9999.0
[rows 0 to 26 of 79, columns 0 to 58 of 79]
-9999.000 -9999.000 -9999.000 -9999.000 -9999.000 -9999.000 -9999.000 -9999.000 -9999.000 -9999.000 -9999.000 -9999.000 -9999.000 -9999.000 -9999.000 -0.9562494E-01 -0.9335078E-01 -0.9272509E-01 -0.9294634E-01 -0.9345379E-01 -0.9403982E-01 -0.9465767E-01 -0.9524450E-01 -0.9576850E-01 -0.9624418E-01 -0.9666910E-01 -0.9708701E-01 -0.9769545E-01 -0.9910425E-01 -0.1004483 -0.1004483 -9999.000 -9999.000 -9999.000 -9999.000 -9999.000 -9999.000 -9999.000 -9999.000 -9999.000 -9999.000 -9999.000 -9999.000 -9999.000 -9999.000 -9999.000 -9999.000 -9999.000 -9999.000 -9999.000 -9999.000 -9999.000 -9999.000 -9999.000 -9999.000 -9999.000 -9999.000 -9999.000 -9999.000
-9999.000 -9999.000 -9999.000 -9999.000 -9999.000 -9999.000 -9999.000 -9999.000 -9999.000 -9999.000 -9999.000 -9999.000 -9999.000 -9999.000 -9999.000 -0.9463833E-01 -0.8994065E-01 -0.8862182E-01 -0.8913009E-01 -0.9028387E-01 -0.9163777E-01 -0.9308407E-01 -0.9448132E-01 -0.9575494E-01 -0.9692980E-01 -0.9799592E-01 -0.9904139E-01 -0.1004777 -0.1035765 -0.1068397 -0.1068397 -9999.000 -9999.000 -9999.000 -9999.000 -9999.000 -9999.000 -9999.000 -9999.000 -9999.000 -9999.000 -9999.000 -9999.000 -9999.000 -9999.000 -9999.000 -9999.000 -9999.000 -9999.000 -9999.000 -9999.000 -9999.000 -9999.000 -9999.000 -9999.000 -9999.000 -9999.000 -9999.000 -9999.000
-9999.000 -9999.000 -9999.000 -9999.000 -9999.000 -9999.000 -9999.000 -9999.000 -9999.000 -9999.000 -9999.000 -9999.000 -9999.000 -9999.000 -9999.000 -0.9233142E-01 -0.8508249E-01 -0.8300406E-01 -0.8392438E-01 -0.8595205E-01 -0.8836263E-01 -0.9096915E-01 -0.9352857E-01 -0.9590726E-01 -0.9813304E-01 -0.1001773 -0.1021720 -0.1047663 -0.1099843 -0.1159417 -0.1159417 -9999.000 -9999.000 -9999.000 -9999.000 -9999.000 -9999.000 -9999.000 -9999.000 -9999.000 -9999.000 -9999.000 -9999.000 -9999.000 -9999.000 -9999.000 -9999.000 -9999.000 -9999.000 -9999.000 -9999.000 -9999.000 -9999.000 -9999.000 -9999.000 -9999.000 -9999.000 -9999.000 -9999.000
-9999.000 -9999.000 -9999.000 -9999.000 -9999.000 -9999.000 -9999.000 -9999.000 -9999.000 -9999.000 -9999.000 -9999.000 -9999.000 -9999.000 -9999.000 -0.8938005E-01 -0.7966527E-01 -0.7685017E-01 -0.7824554E-01 -0.8123077E-01 -0.8479517E-01 -0.8867156E-01 -0.9250950E-01 -0.9611204E-01 -0.9950659E-01 -0.1026408 -0.1056873 -0.1095410 -0.1170179 -0.1261884 -0.1261884 -9999.000 -9999.000 -9999.000 -9999.000 -9999.000 -9999.000 -9999.000 -9999.000 -9999.000 -9999.000 -9999.000 -9999.000 -9999.000 -9999.000 -9999.000 -9999.000 -9999.000 -9999.000 -9999.000 -9999.000 -9999.000 -9999.000 -9999.000 -9999.000 -9999.000 -9999.000 -9999.000 -9999.000
-9999.000 -9999.000 -9999.000 -9999.000 -9999.000 -9999.000 -9999.000 -9999.000 -9999.000 -9999.000 -9999.000 -9999.000 -9999.000 -9999.000 -9999.000 -0.8601414E-01 -0.7387827E-01 -0.7033334E-01 -0.7224529E-01 -0.7624204E-01 -0.8102151E-01 -0.8623699E-01 -0.9142491E-01 -0.9632250E-01 -0.1009574 -0.1052493 -0.1094134 -0.1146043 -0.1244807 -0.1374269 -0.1374269 -9999.000 -9999.000 -9999.000 -9999.000 -9999.000 -9999.000 -9999.000 -9999.000 -9999.000 -9999.000 -9999.000 -9999.000 -9999.000 -9999.000 -9999.000 -9999.000 -9999.000 -9999.000 -9999.000 -9999.000 -9999.000 -9999.000 -9999.000 -9999.000 -9999.000 -9999.000 -9999.000 -9999.000
-9999.000 -9999.000 -9999.000 -9999.000 -9999.000 -9999.000 -9999.000 -9999.000 -9999.000 -9999.000 -9999.000 -9999.000 -9999.000 -9999.000 -9999.000 -0.8231466E-01 -0.6779480E-01 -0.6352457E-01 -0.6598666E-01 -0.7103593E-01 -0.7707533E-01 -0.8368072E-01 -0.9026922E-01 -0.9651127E-01 -0.1024373 -0.1079353 -0.1132667 -0.1198643 -0.1322931 -0.1496720 -0.1496720 -9999.000 -9999.000 -9999.000 -9999.000 -9999.000 -9999.000 -9999.000 -9999.000 -9999.000 -9999.000 -9999.000 -9999.000 -9999.000 -9999.000 -9999.000 -9999.000 -9999.000 -9999.000 -9999.000 -9999.000 -9999.000 -9999.000 -9999.000 -9999.000 -9999.000 -9999.000 -9999.000 -9999.000
-9999.000 -9999.000 -9999.000 -9999.000 -9999.000 -9999.000 -9999.000 -9999.000 -9999.000 -9999.000 -9999.000 -9999.000 -9999.000 -9999.000 -9999.000 -0.7829240E-01 -0.6143302E-01 -0.5644501E-01 -0.5948989E-01 -0.6562850E-01 -0.7296531E-01 -0.8100313E-01 -0.8903325E-01 -0.9665933E-01 -0.1039173 -0.1106604 -0.1172013 -0.1252745 -0.1404298 -0.1630396 -0.1630396 -9999.000 -9999.000 -9999.000 -9999.000 -9999.000 -9999.000 -9999.000 -9999.000 -9999.000 -9999.000 -9999.000 -9999.000 -9999.000 -9999.000 -9999.000 -9999.000 -9999.000 -9999.000 -9999.000 -9999.000 -9999.000 -9999.000 -9999.000 -9999.000 -9999.000 -9999.000 -9999.000 -9999.000
-9999.000 -9999.000 -9999.000 -9999.000 -9999.000 -9999.000 -9999.000 -9999.000 -9999.000 -9999.000 -9999.000 -9999.000 -9999.000 -9999.000 -9999.000 -0.7392365E-01 -0.5478367E-01 -0.4909091E-01 -0.5275455E-01 -0.6001803E-01 -0.6868705E-01 -0.7819653E-01 -0.8770435E-01 -0.9674791E-01 -0.1053742 -0.1133964 -0.1211857 -0.1308077 -0.1488907 -0.1777232 -0.1777232 -9999.000 -9999.000 -9999.000 -9999.000 -9999.000 -9999.000 -9999.000 -9999.000 -9999.000 -9999.000 -9999.000 -9999.000 -9999.000 -9999.000 -9999.000 -9999.000 -9999.000 -9999.000 -9999.000 -9999.000 -9999.000 -9999.000 -9999.000 -9999.000 -9999.000 -9999.000 -9999.000 -9999.000
-9999.000 -9999.000 -9999.000 -9999.000 -9999.000 -9999.000 -9999.000 -9999.000 -9999.000 -9999.000 -9999.000 -9999.000 -9999.000 -9999.000 -9999.000 -0.6916504E-01 -0.4782248E-01 -0.4144488E-01 -0.4576777E-01 -0.5419287E-01 -0.6422763E-01 -0.7524643E-01 -0.8626521E-01 -0.9675658E-01 -0.1067842 -0.1161157 -0.1251906 -0.1364400 -0.1576861 -0.1939936 -0.1939936 -9999.000 -9999.000 -9999.000 -9999.000 -9999.000 -9999.000 -9999.000 -9999.000 -9999.000 -9999.000 -9999.000 -9999.000 -9999.000 -9999.000 -9999.000 -9999.000 -9999.000 -9999.000 -9999.000 -9999.000 -9999.000 -9999.000 -9999.000 -9999.000 -9999.000 -9999.000 -9999.000 -9999.000
-9999.000 -9999.000 -9999.000 -9999.000 -9999.000 -9999.000 -9999.000 -9999.000 -9999.000 -9999.000 -9999.000 -9999.000 -9999.000 -9999.000 -9999.000 -0.6395929E-01 -0.4051404E-01 -0.3347985E-01 -0.3850846E-01 -0.4813345E-01 -0.5956684E-01 -0.7213240E-01 -0.8469278E-01 -0.9665871E-01 -0.1081179 -0.1187855 -0.1291811 -0.1421444 -0.1668295 -0.2122173 -0.2122173 -9999.000 -9999.000 -9999.000 -9999.000 -9999.000 -9999.000 -9999.000 -9999.000 -9999.000 -9999.000 -9999.000 -9999.000 -9999.000 -9999.000 -9999.000 -9999.000 -9999.000 -9999.000 -9999.000 -9999.000 -9999.000 -9999.000 -9999.000 -9999.000 -9999.000 -9999.000 -9999.000 -9999.000
-9999.000 -9999.000 -9999.000 -9999.000 -9999.000 -9999.000 -9999.000 -9999.000 -9999.000 -9999.000 -9999.000 -9999.000 -9999.000 -9999.000 -9999.000 -0.5823593E-01 -0.3281232E-01 -0.2515907E-01 -0.3094667E-01 -0.4181169E-01 -0.5467641E-01 -0.6882571E-01 -0.8295567E-01 -0.9641887E-01 -0.1093364 -0.1213621 -0.1331103 -0.1478822 -0.1763306 -0.2328908 -0.2328908 -9999.000 -9999.000 -9999.000 -9999.000 -9999.000 -9999.000 -9999.000 -9999.000 -9999.000 -9999.000 -9999.000 -9999.000 -9999.000 -9999.000 -9999.000 -9999.000 -9999.000 -9999.000 -9999.000 -9999.000 -9999.000 -9999.000 -9999.000 -9999.000 -9999.000 -9999.000 -9999.000 -9999.000
-9999.000 -9999.000 -9999.000 -9999.000 -9999.000 -9999.000 -9999.000 -9999.000 -9999.000 -9999.000 -9999.000 -9999.000 -9999.000 -9999.000 -9999.000 -0.5190920E-01 -0.2465870E-01 -0.1643399E-01 -0.2304188E-01 -0.3518968E-01 -0.4951784E-01 -0.6528676E-01 -0.8101055E-01 -0.9598842E-01 -0.1103862 -0.1237845 -0.1369120 -0.1535948 -0.1861891 -0.2566974 -0.2566974 -9999.000 -9999.000 -9999.000 -9999.000 -9999.000 -9999.000 -9999.000 -9999.000 -9999.000 -9999.000 -9999.000 -9999.000 -9999.000 -9999.000 -9999.000 -9999.000 -9999.000 -9999.000 -9999.000 -9999.000 -9999.000 -9999.000 -9999.000 -9999.000 -9999.000 -9999.000 -9999.000 -9999.000
-9999.000 -9999.000 -9999.000 -9999.000 -9999.000 -9999.000 -9999.000 -9999.000 -9999.000 -9999.000 -9999.000 -9999.000 -9999.000 -9999.000 -9999.000 -0.4487252E-01 -0.1597686E-01 -0.7239674E-02 -0.1473864E-01 -0.2821452E-01 -0.4403744E-01 -0.6146060E-01 -0.7879677E-01 -0.9529914E-01 -0.1111910 -0.1259653 -0.1404890 -0.1591925 -0.1963837 -0.2846049 -0.2846049 -9999.000 -9999.000 -9999.000 -9999.000 -9999.000 -9999.000 -9999.000 -9999.000 -9999.000 -9999.000 -9999.000 -9999.000 -9999.000 -9999.000 -9999.000 -9999.000 -9999.000 -9999.000 -9999.000 -9999.000 -9999.000 -9999.000 -9999.000 -9999.000 -9999.000 -9999.000 -9999.000 -9999.000
-9999.000 -9999.000 -9999.000 -9999.000 -9999.000 -9999.000 -9999.000 -9999.000 -9999.000 -9999.000 -9999.000 -9999.000 -9999.000 -9999.000 -9999.000 -0.3676002E-01 -0.6519024E-02 0.2563009E-02 -0.5982955E-02 -0.2084987E-01 -0.3820403E-01 -0.5731491E-01 -0.7627062E-01 -0.9429079E-01 -0.1116727 -0.1278031 -0.1437183 -0.1645522 -0.2068723 -0.3180614 -0.3180614 -9999.000 -9999.000 -9999.000 -9999.000 -9999.000 -9999.000 -9999.000 -9999.000 -9999.000 -9999.000 -9999.000 -9999.000 -9999.000 -9999.000 -9999.000 -9999.000 -9999.000 -9999.000 -9999.000 -9999.000 -9999.000 -9999.000 -9999.000 -9999.000 -9999.000 -9999.000 -9999.000 -9999.000
-9999.000 -9999.000 -9999.000 -9999.000 -9999.000 -9999.000 -9999.000 -9999.000 -9999.000 -9999.000 -9999.000 -9999.000 -9999.000 -9999.000 -9999.000 -0.1423560E-02 0.1150603E-01 0.1091650E-01 -0.2631357E-02 -0.1852318E-01 -0.3684165E-01 -0.5697678E-01 -0.7683317E-01 -0.9567121E-01 -0.1139067 -0.1308093 -0.1476234 -0.1702572 -0.2177429 -0.3569061 -0.3569061 -9999.000 -9999.000 -9999.000 -9999.000 -9999.000 -9999.000 -9999.000 -9999.000 -9999.000 -9999.000 -9999.000 -9999.000 -9999.000 -9999.000 -9999.000 -9999.000 -9999.000 -9999.000 -9999.000 -9999.000 -9999.000 -9999.000 -9999.000 -9999.000 -9999.000 -9999.000 -9999.000 -9999.000
-0.3675798E-02 -0.3675798E-02 -0.4898251E-02 -0.7214524E-02 -0.6572967E-02 -0.6572967E-02 -0.6356739E-02 -0.6279279E-02 -0.6279279E-02 -0.6275846E-02 -0.6275846E-02 -0.6258755E-02 -0.6245241E-02 -0.6229637E-02 -0.6215827E-02 -0.6215827E-02 0.2187506E-01 0.1619591E-01 0.1234217E-02 -0.1929677E-01 -0.4432488E-01 -0.7268444E-01 -0.1027117 -0.1329220 -0.1623483 -0.1899834 -0.2155476 -0.2409625 -0.2745446 -0.3568246 -0.3568246 -0.1961720 -0.1044141 -0.3526422E-01 -0.2611976E-01 -0.2611976E-01 -0.1895335E-01 -0.1895335E-01 -0.5916589E-02 -0.5916589E-02 0.5291345E-02 0.2708217E-01 0.2708217E-01 0.1121331E-02 0.1121331E-02 -0.3424785E-02 -0.3424785E-02 -0.3424785E-02 0.7677864E-03 0.7677864E-03 0.1392560E-02 0.1392560E-02 0.3796283E-03 0.3796283E-03 -0.9508427E-03 -0.9508427E-03 -0.2201441E-02 -0.2201441E-02 -0.2201441E-02
-0.4904691E-02 -0.4904691E-02 -0.7564665E-02 -0.1045255E-01 -0.9277293E-02 -0.9277293E-02 -0.8869560E-02 -0.8785389E-02 -0.8785389E-02 -0.8843366E-02 -0.8843366E-02 -0.8859160E-02 -0.8853121E-02 -0.8841695E-02 -0.8840797E-02 -0.8840797E-02 0.1757137E-01 0.1218033E-01 -0.3636243E-02 -0.2946468E-01 -0.6318232E-01 -0.1028505 -0.1468006 -0.1931777 -0.2400284 -0.2857082 -0.3285353 -0.3667400 -0.3983266 -0.4222998 -0.4222998 -0.2848096 -0.1881383 -0.9655657E-01 -0.7832956E-01 -0.7832956E-01 -0.5338296E-01 -0.5338296E-01 -0.9229029E-02 -0.9229029E-02 0.2409961E-01 0.8676650E-01 0.8676650E-01 0.5935958E-01 0.5935958E-01 0.1211304E-01 0.1211304E-01 0.1211304E-01 0.6526637E-02 0.6526637E-02 0.2432440E-02 0.2432440E-02 -0.1643995E-02 -0.1643995E-02 -0.5233326E-02 -0.5233326E-02 -0.7987053E-02 -0.7987053E-02 -0.7987053E-02
-0.2384851E-02 -0.2384851E-02 -0.7175140E-02 -0.8967271E-02 -0.7936557E-02 -0.7936557E-02 -0.7455541E-02 -0.7357884E-02 -0.7357884E-02 -0.7478144E-02 -0.7478144E-02 -0.7540342E-02 -0.7550317E-02 -0.7551886E-02 -0.7581504E-02 -0.7581504E-02 0.1031094E-01 0.4685187E-02 -0.1146921E-01 -0.3780703E-01 -0.7284663E-01 -0.1149865 -0.1628218 -0.2148822 -0.2695357 -0.3252289 -0.3802639 -0.4325775 -0.4793126 -0.5130717 -0.5130717 -0.4227376 -0.3383632 -0.2228003 -0.1851156 -0.1851156 -0.1150910 -0.1150910 -0.1083928E-01 -0.1083928E-01 0.5507702E-01 0.1683333 0.1683333 0.1711889 0.1711889 0.5744002E-01 0.5744002E-01 0.5744002E-01 0.2204480E-01 0.2204480E-01 0.3595171E-02 0.3595171E-02 -0.7591347E-02 -0.7591347E-02 -0.1497893E-01 -0.1497893E-01 -0.1943931E-01 -0.1943931E-01 -0.1943931E-01
-0.9933071E-03 -0.9933071E-03 -0.6139125E-02 -0.7317314E-02 -0.6445202E-02 -0.6445202E-02 -0.5964930E-02 -0.5845045E-02 -0.5845045E-02 -0.5971180E-02 -0.5971180E-02 -0.6037124E-02 -0.6047602E-02 -0.6049260E-02 -0.6101904E-02 -0.6101904E-02 0.2800176E-02 -0.4867698E-02 -0.2247805E-01 -0.4972346E-01 -0.8553916E-01 -0.1286238 -0.1777642 -0.2317669 -0.2893586 -0.3492918 -0.4102002 -0.4703227 -0.5269412 -0.5726755 -0.5726755 -0.5285033 -0.4675428 -0.3534556 -0.3010034 -0.3010034 -0.1755212 -0.1755212 0.8938796E-03 0.8938796E-03 0.9407616E-01 0.2333542 0.2333542 0.2567731 0.2567731 0.1126467 0.1126467 0.1126467 0.4462297E-01 0.4462297E-01 0.6608282E-02 0.6608282E-02 -0.1482252E-01 -0.1482252E-01 -0.2719319E-01 -0.2719319E-01 -0.3343009E-01 -0.3343009E-01 -0.3343009E-01
-0.7573067E-03 -0.7573067E-03 -0.4461462E-02 -0.5541244E-02 -0.4876947E-02 -0.4876947E-02 -0.4468930E-02 -0.4354983E-02 -0.4354983E-02 -0.4469024E-02 -0.4469024E-02 -0.4529174E-02 -0.4538720E-02 -0.4539981E-02 -0.4622125E-02 -0.4622125E-02 -0.4966782E-02 -0.1636075E-01 -0.3686118E-01 -0.6614920E-01 -0.1034092 -0.1476075 -0.1977209 -0.2527529 -0.3116708 -0.3734541 -0.4370155 -0.5009670 -0.5630698 -0.6171302 -0.6171302 -0.6083196 -0.5720005 -0.4688210 -0.4012245 -0.4012245 -0.2081659 -0.2081659 0.3045801E-01 0.3045801E-01 0.1341985 0.2705690 0.2705690 0.3022480 0.3022480 0.1633113 0.1633113 0.1633113 0.7153630E-01 0.7153630E-01 0.1350745E-01 0.1350745E-01 -0.2013097E-01 -0.2013097E-01 -0.3872467E-01 -0.3872467E-01 -0.4716566E-01 -0.4716566E-01 -0.4716566E-01
-0.5119777E-03 -0.5119777E-03 -0.2897760E-02 -0.3724895E-02 -0.3273408E-02 -0.3273408E-02 -0.2977629E-02 -0.2888523E-02 -0.2888523E-02 -0.2974256E-02 -0.2974256E-02 -0.3020169E-02 -0.3027424E-02 -0.3028497E-02 -0.3150261E-02 -0.3150261E-02 -0.1340630E-01 -0.3007947E-01 -0.5501428E-01 -0.8769968E-01 -0.1274063 -0.1733071 -0.2245899 -0.2804721 -0.3401524 -0.4028184 -0.4676002 -0.5334026 -0.5984418 -0.6578116 -0.6578116 -0.6735819 -0.6579356 -0.5581917 -0.4651713 -0.4651713 -0.1958145 -0.1958145 0.6739637E-01 0.6739637E-01 0.1625472 0.2784490 0.2784490 0.3124635 0.3124635 0.2004911 0.2004911 0.2004911 0.9901541E-01 0.9901541E-01 0.2454029E-01 0.2454029E-01 -0.2188493E-01 -0.2188493E-01 -0.4778777E-01 -0.4778777E-01 -0.5904527E-01 -0.5904527E-01 -0.5904527E-01
-0.2585599E-03 -0.2585599E-03 -0.1424690E-02 -0.1872720E-02 -0.1643731E-02 -0.1643731E-02 -0.1488448E-02 -0.1439573E-02 -0.1439573E-02 -0.1485409E-02 -0.1485409E-02 -0.1510201E-02 -0.1514172E-02 -0.1514751E-02 -0.1689781E-02 -0.1689781E-02 -0.2319838E-01 -0.4671149E-01 -0.7770523E-01 -0.1152741 -0.1586204 -0.2070374 -0.2599128 -0.3167002 -0.3768601 -0.4398285 -0.5049726 -0.5714654 -0.6379070 -0.7004039 -0.7004039 -0.7321392 -0.7302660 -0.6070520 -0.4710014 -0.4710014 -0.1446912 -0.1446912 0.9409809E-01 0.9409809E-01 0.1701399 0.2627818 0.2627818 0.2978263 0.2978263 0.2200303 0.2200303 0.2200303 0.1225150 0.1225150 0.3830502E-01 0.3830502E-01 -0.1959561E-01 -0.1959561E-01 -0.5327472E-01 -0.5327472E-01 -0.6790017E-01 -0.6790017E-01 -0.6790017E-01
-0.1595381E-06 -0.1595381E-06 -0.1854816E-06 -0.9441805E-07 0.1170498E-06 0.1170498E-06 0.1094197E-06 0.5941708E-07 0.5941708E-07 0.1027265E-06 0.1027265E-06 0.6337348E-07 0.1323112E-07 0.1720298E-07 -0.2471786E-03 -0.2471786E-03 -0.3534649E-01 -0.6744084E-01 -0.1062333 -0.1502572 -0.1985286 -0.2503910 -0.3054080 -0.3632775 -0.4237455 -0.4865416 -0.5513189 -0.6175447 -0.6841559 -0.7478130 -0.7478130 -0.7877997 -0.7880397 -0.5914388 -0.4067121 -0.4067121 -0.8377703E-01 -0.8377703E-01 0.1003549 0.1003549 0.1575870 0.2323690 0.2323690 0.2682514 0.2682514 0.2219910 0.2219910 0.2219910 0.1379410 0.1379410 0.5217227E-01 0.5217227E-01 -0.1379554E-01 -0.1379554E-01 -0.5460794E-01 -0.5460794E-01 -0.7279008E-01 -0.7279008E-01 -0.7279008E-01
0.2583360E-03 0.2583360E-03 0.1424245E-02 0.1872642E-02 0.1643762E-02 0.1643762E-02 0.1488677E-02 0.1439775E-02 0.1439775E-02 0.1485575E-02 0.1485575E-02 0.1510274E-02 0.1514085E-02 0.1514739E-02 0.1168810E-02 0.1168810E-02 -0.5135477E-01 -0.9414992E-01 -0.1426596 -0.1947578 -0.2492320 -0.3054553 -0.3631665 -0.4223183 -0.4829575 -0.5451354 -0.6088314 -0.6738384 -0.7393381 -0.8015927 -0.8015927 -0.8396618 -0.8179471 -0.4942610 -0.2948810 -0.2948810 -0.4106369E-01 -0.4106369E-01 0.8863053E-01 0.8863053E-01 0.1323047 0.1950859 0.1950859 0.2309150 0.2309150 0.2091065 0.2091065 0.2091065 0.1427985 0.1427985 0.6307307E-01 0.6307307E-01 -0.5868557E-02 -0.5868557E-02 -0.5175582E-01 -0.5175582E-01 -0.7303013E-01 -0.7303013E-01 -0.7303013E-01
0.5120144E-03 0.5120144E-03 0.2897715E-02 0.3724844E-02 0.3273369E-02 0.3273369E-02 0.2977740E-02 0.2888615E-02 0.2888615E-02 0.2974284E-02 0.2974284E-02 0.3020130E-02 0.3027391E-02 0.3028441E-02 0.2546948E-02 0.2546948E-02 -0.7359794E-01 -0.1298143 -0.1901891 -0.2519653 -0.3137768 -0.3750964 -0.4358903 -0.4964002 -0.5569942 -0.6180611 -0.6799254 -0.7427036 -0.8054729 -0.8613120 -0.8613120 -0.8760647 -0.7825879 -0.3434906 -0.1870862 -0.1870862 -0.2352220E-01 -0.2352220E-01 0.6775738E-01 0.6775738E-01 0.1024266 0.1561918 0.1561918 0.1902865 0.1902865 0.1851085 0.1851085 0.1851085 0.1366262 0.1366262 0.6842960E-01 0.6842960E-01 0.2326721E-02 0.2326721E-02 -0.4521140E-01 -0.4521140E-01 -0.6826971E-01 -0.6826971E-01 -0.6826971E-01
0.7573878E-03 0.7573878E-03 0.4461592E-02 0.5541196E-02 0.4876920E-02 0.4876920E-02 0.4468977E-02 0.4355053E-02 0.4355053E-02 0.4468847E-02 0.4468847E-02 0.4529217E-02 0.4538599E-02 0.4539989E-02 0.3871164E-02 0.3871164E-02 -0.1060563 -0.1792477 -0.2538418 -0.3267277 -0.3966513 -0.4633839 -0.5272506 -0.5888593 -0.6489359 -0.7082188 -0.7673801 -0.8267602 -0.8839644 -0.9191250 -0.9191250 -0.8557492 -0.6302252 -0.2073237 -0.1179704 -0.1179704 -0.2132818E-01 -0.2132818E-01 0.4539231E-01 0.4539231E-01 0.7323852E-01 0.1184699 0.1184699 0.1489263 0.1489263 0.1536165 0.1536165 0.1536165 0.1206713 0.1206713 0.6686964E-01 0.6686964E-01 0.8974620E-02 0.8974620E-02 -0.3587775E-01 -0.3587775E-01 -0.5858307E-01 -0.5858307E-01 -0.5858307E-01
0.9934638E-03 0.9934638E-03 0.6139096E-02 0.7317383E-02 0.6445250E-02 0.6445250E-02 0.5964895E-02 0.5845045E-02 0.5845045E-02 0.5971078E-02 0.5971078E-02 0.6037221E-02 0.6047769E-02 0.6049219E-02 0.5121765E-02 0.5121765E-02 -0.1558663 -0.2505703 -0.3417071 -0.4265842 -0.5046325 -0.5762954 -0.6424830 -0.7042936 -0.7628678 -0.8193068 -0.8746162 -0.9289117 -0.9724100 -0.9373800 -0.9373800 -0.6969592 -0.3809670 -0.1249504 -0.8394811E-01 -0.8394811E-01 -0.2313779E-01 -0.2313779E-01 0.2569780E-01 0.2569780E-01 0.4727103E-01 0.8325428E-01 0.8325428E-01 0.1083899 0.1083899 0.1177302 0.1177302 0.1177302 0.9721603E-01 0.9721603E-01 0.5846866E-01 0.5846866E-01 0.1283891E-01 0.1283891E-01 -0.2484177E-01 -0.2484177E-01 -0.4453633E-01 -0.4453633E-01 -0.4453633E-01
