cruce_test.gid/Rasters/Hydraulic/Velocity__x_254.0.asc
NCOLS        79
NROWS        79
XLLCENTER         -1.500000
YLLCENTER         -4.800000
CELLSIZE           0.100
NODATA_VALUE     -9999.0
[rows 0 to 25 of 79, columns 0 to 57 of 79]
-9999.000 -9999.000 -9999.000 -9999.000 -9999.000 -9999.000 -9999.000 -9999.000 -9999.000 -9999.000 -9999.000 -9999.000 -9999.000 -9999.000 -9999.000 -0.1040863E-02 -0.2288024E-03 0.3263615E-02 0.7775181E-02 0.1215216E-01 0.1566857E-01 0.1812281E-01 0.1950176E-01 0.1989656E-01 0.1944204E-01 0.1823974E-01 0.1635835E-01 0.1371401E-01 0.9665242E-02 0.4740587E-02 0.4740587E-02 -9999.000 -9999.000 -9999.000 -9999.000 -9999.000 -9999.000 -9999.000 -9999.000 -9999.000 -9999.000 -9999.000 -9999.000 -9999.000 -9999.000 -9999.000 -9999.000 -9999.000 -9999.000 -9999.000 -9999.000 -9999.000 -9999.000 -9999.000 -9999.000 -9999.000 -9999.000 -9999.000
-9999.000 -9999.000 -9999.000 -9999.000 -9999.000 -9999.000 -9999.000 -9999.000 -9999.000 -9999.000 -9999.000 -9999.000 -9999.000 -9999.000 -9999.000 0.2050743E-03 0.2234711E-02 0.6800241E-02 0.1225549E-01 0.1748338E-01 0.2173763E-01 0.2475162E-01 0.2645008E-01 0.2687498E-01 0.2612860E-01 0.2430102E-01 0.2146866E-01 0.1758776E-01 0.1214743E-01 0.5938757E-02 0.5938757E-02 -9999.000 -9999.000 -9999.000 -9999.000 -9999.000 -9999.000 -9999.000 -9999.000 -9999.000 -9999.000 -9999.000 -9999.000 -9999.000 -9999.000 -9999.000 -9999.000 -9999.000 -9999.000 -9999.000 -9999.000 -9999.000 -9999.000 -9999.000 -9999.000 -9999.000 -9999.000 -9999.000
-9999.000 -9999.000 -9999.000 -9999.000 -9999.000 -9999.000 -9999.000 -9999.000 -9999.000 -9999.000 -9999.000 -9999.000 -9999.000 -9999.000 -9999.000 0.6891377E-03 0.3282495E-02 0.8495955E-02 0.1456012E-01 0.2031681E-01 0.2498942E-01 0.2829353E-01 0.3014104E-01 0.3056735E-01 0.2967351E-01 0.2755326E-01 0.2429362E-01 0.1986363E-01 0.1374869E-01 0.6759649E-02 0.6759649E-02 -9999.000 -9999.000 -9999.000 -9999.000 -9999.000 -9999.000 -9999.000 -9999.000 -9999.000 -9999.000 -9999.000 -9999.000 -9999.000 -9999.000 -9999.000 -9999.000 -9999.000 -9999.000 -9999.000 -9999.000 -9999.000 -9999.000 -9999.000 -9999.000 -9999.000 -9999.000 -9999.000
-9999.000 -9999.000 -9999.000 -9999.000 -9999.000 -9999.000 -9999.000 -9999.000 -9999.000 -9999.000 -9999.000 -9999.000 -9999.000 -9999.000 -9999.000 0.9455166E-03 0.3862996E-02 0.9478278E-02 0.1593614E-01 0.2204035E-01 0.2698987E-01 0.3049107E-01 0.3244991E-01 0.3290068E-01 0.3194674E-01 0.2968348E-01 0.2620302E-01 0.2147445E-01 0.1495607E-01 0.7408471E-02 0.7408471E-02 -9999.000 -9999.000 -9999.000 -9999.000 -9999.000 -9999.000 -9999.000 -9999.000 -9999.000 -9999.000 -9999.000 -9999.000 -9999.000 -9999.000 -9999.000 -9999.000 -9999.000 -9999.000 -9999.000 -9999.000 -9999.000 -9999.000 -9999.000 -9999.000 -9999.000 -9999.000 -9999.000
-9999.000 -9999.000 -9999.000 -9999.000 -9999.000 -9999.000 -9999.000 -9999.000 -9999.000 -9999.000 -9999.000 -9999.000 -9999.000 -9999.000 -9999.000 0.1123255E-02 0.4277038E-02 0.1019748E-01 0.1695991E-01 0.2333507E-01 0.2850163E-01 0.3216222E-01 0.3421980E-01 0.3471031E-01 0.3373899E-01 0.3140206E-01 0.2779319E-01 0.2287562E-01 0.1606723E-01 0.8028446E-02 0.8028446E-02 -9999.000 -9999.000 -9999.000 -9999.000 -9999.000 -9999.000 -9999.000 -9999.000 -9999.000 -9999.000 -9999.000 -9999.000 -9999.000 -9999.000 -9999.000 -9999.000 -9999.000 -9999.000 -9999.000 -9999.000 -9999.000 -9999.000 -9999.000 -9999.000 -9999.000 -9999.000 -9999.000
-9999.000 -9999.000 -9999.000 -9999.000 -9999.000 -9999.000 -9999.000 -9999.000 -9999.000 -9999.000 -9999.000 -9999.000 -9999.000 -9999.000 -9999.000 0.1284878E-02 0.4654794E-02 0.1085298E-01 0.1789174E-01 0.2451079E-01 0.2987269E-01 0.3367982E-01 0.3583406E-01 0.3637439E-01 0.3540914E-01 0.3303363E-01 0.2934159E-01 0.2428685E-01 0.1723367E-01 0.8697341E-02 0.8697341E-02 -9999.000 -9999.000 -9999.000 -9999.000 -9999.000 -9999.000 -9999.000 -9999.000 -9999.000 -9999.000 -9999.000 -9999.000 -9999.000 -9999.000 -9999.000 -9999.000 -9999.000 -9999.000 -9999.000 -9999.000 -9999.000 -9999.000 -9999.000 -9999.000 -9999.000 -9999.000 -9999.000
-9999.000 -9999.000 -9999.000 -9999.000 -9999.000 -9999.000 -9999.000 -9999.000 -9999.000 -9999.000 -9999.000 -9999.000 -9999.000 -9999.000 -9999.000 0.1460440E-02 0.5057127E-02 0.1153766E-01 0.1885295E-01 0.2571299E-01 0.3126645E-01 0.3521930E-01 0.3747434E-01 0.3807461E-01 0.3713197E-01 0.3473982E-01 0.3099198E-01 0.2582833E-01 0.1854695E-01 0.9465067E-02 0.9465067E-02 -9999.000 -9999.000 -9999.000 -9999.000 -9999.000 -9999.000 -9999.000 -9999.000 -9999.000 -9999.000 -9999.000 -9999.000 -9999.000 -9999.000 -9999.000 -9999.000 -9999.000 -9999.000 -9999.000 -9999.000 -9999.000 -9999.000 -9999.000 -9999.000 -9999.000 -9999.000 -9999.000
-9999.000 -9999.000 -9999.000 -9999.000 -9999.000 -9999.000 -9999.000 -9999.000 -9999.000 -9999.000 -9999.000 -9999.000 -9999.000 -9999.000 -9999.000 0.1664816E-02 0.5515533E-02 0.1230004E-01 0.1990645E-01 0.2701615E-01 0.3276722E-01 0.3687233E-01 0.3923644E-01 0.3990851E-01 0.3900483E-01 0.3661587E-01 0.3283441E-01 0.2758346E-01 0.2007990E-01 0.1037554E-01 0.1037554E-01 -9999.000 -9999.000 -9999.000 -9999.000 -9999.000 -9999.000 -9999.000 -9999.000 -9999.000 -9999.000 -9999.000 -9999.000 -9999.000 -9999.000 -9999.000 -9999.000 -9999.000 -9999.000 -9999.000 -9999.000 -9999.000 -9999.000 -9999.000 -9999.000 -9999.000 -9999.000 -9999.000
-9999.000 -9999.000 -9999.000 -9999.000 -9999.000 -9999.000 -9999.000 -9999.000 -9999.000 -9999.000 -9999.000 -9999.000 -9999.000 -9999.000 -9999.000 0.1908931E-02 0.6052081E-02 0.1317222E-01 0.2109336E-01 0.2846956E-01 0.3443038E-01 0.3869968E-01 0.4118573E-01 0.4194561E-01 0.4109989E-01 0.3873617E-01 0.3494576E-01 0.2963050E-01 0.2190812E-01 0.1147704E-01 0.1147704E-01 -9999.000 -9999.000 -9999.000 -9999.000 -9999.000 -9999.000 -9999.000 -9999.000 -9999.000 -9999.000 -9999.000 -9999.000 -9999.000 -9999.000 -9999.000 -9999.000 -9999.000 -9999.000 -9999.000 -9999.000 -9999.000 -9999.000 -9999.000 -9999.000 -9999.000 -9999.000 -9999.000
-9999.000 -9999.000 -9999.000 -9999.000 -9999.000 -9999.000 -9999.000 -9999.000 -9999.000 -9999.000 -9999.000 -9999.000 -9999.000 -9999.000 -9999.000 0.2201794E-02 0.6684680E-02 0.1418207E-01 0.2245017E-01 0.3011626E-01 0.3630487E-01 0.4075572E-01 0.4338190E-01 0.4425076E-01 0.4348864E-01 0.4117874E-01 0.3741105E-01 0.3206117E-01 0.2412759E-01 0.1283340E-01 0.1283340E-01 -9999.000 -9999.000 -9999.000 -9999.000 -9999.000 -9999.000 -9999.000 -9999.000 -9999.000 -9999.000 -9999.000 -9999.000 -9999.000 -9999.000 -9999.000 -9999.000 -9999.000 -9999.000 -9999.000 -9999.000 -9999.000 -9999.000 -9999.000 -9999.000 -9999.000 -9999.000 -9999.000
-9999.000 -9999.000 -9999.000 -9999.000 -9999.000 -9999.000 -9999.000 -9999.000 -9999.000 -9999.000 -9999.000 -9999.000 -9999.000 -9999.000 -9999.000 0.2553477E-02 0.7434499E-02 0.1536119E-01 0.2401764E-01 0.3200528E-01 0.3844692E-01 0.4310339E-01 0.4589510E-01 0.4690201E-01 0.4625820E-01 0.4404106E-01 0.4033930E-01 0.3499717E-01 0.2686808E-01 0.1453134E-01 0.1453134E-01 -9999.000 -9999.000 -9999.000 -9999.000 -9999.000 -9999.000 -9999.000 -9999.000 -9999.000 -9999.000 -9999.000 -9999.000 -9999.000 -9999.000 -9999.000 -9999.000 -9999.000 -9999.000 -9999.000 -9999.000 -9999.000 -9999.000 -9999.000 -9999.000 -9999.000 -9999.000 -9999.000
-9999.000 -9999.000 -9999.000 -9999.000 -9999.000 -9999.000 -9999.000 -9999.000 -9999.000 -9999.000 -9999.000 -9999.000 -9999.000 -9999.000 -9999.000 0.2976202E-02 0.8326991E-02 0.1674892E-01 0.2584791E-01 0.3419935E-01 0.4092896E-01 0.4582503E-01 0.4881798E-01 0.5000434E-01 0.4952697E-01 0.4745667E-01 0.4388252E-01 0.3861059E-01 0.3031797E-01 0.1669853E-01 0.1669853E-01 -9999.000 -9999.000 -9999.000 -9999.000 -9999.000 -9999.000 -9999.000 -9999.000 -9999.000 -9999.000 -9999.000 -9999.000 -9999.000 -9999.000 -9999.000 -9999.000 -9999.000 -9999.000 -9999.000 -9999.000 -9999.000 -9999.000 -9999.000 -9999.000 -9999.000 -9999.000 -9999.000
-9999.000 -9999.000 -9999.000 -9999.000 -9999.000 -9999.000 -9999.000 -9999.000 -9999.000 -9999.000 -9999.000 -9999.000 -9999.000 -9999.000 -9999.000 0.3504119E-02 0.9434105E-02 0.1845887E-01 0.2808281E-01 0.3684711E-01 0.4390622E-01 0.4908255E-01 0.5231963E-01 0.5373692E-01 0.5348774E-01 0.5163728E-01 0.4827604E-01 0.4316428E-01 0.3476401E-01 0.1952904E-01 0.1952904E-01 -9999.000 -9999.000 -9999.000 -9999.000 -9999.000 -9999.000 -9999.000 -9999.000 -9999.000 -9999.000 -9999.000 -9999.000 -9999.000 -9999.000 -9999.000 -9999.000 -9999.000 -9999.000 -9999.000 -9999.000 -9999.000 -9999.000 -9999.000 -9999.000 -9999.000 -9999.000 -9999.000
-9999.000 -9999.000 -9999.000 -9999.000 -9999.000 -9999.000 -9999.000 -9999.000 -9999.000 -9999.000 -9999.000 -9999.000 -9999.000 -9999.000 -9999.000 0.5160299E-02 0.1292277E-01 0.2381527E-01 0.3417464E-01 0.4297693E-01 0.5004185E-01 0.5517091E-01 0.5835079E-01 0.5974573E-01 0.5952828E-01 0.5775632E-01 0.5452157E-01 0.4952186E-01 0.4094640E-01 0.2347973E-01 0.2347973E-01 -9999.000 -9999.000 -9999.000 -9999.000 -9999.000 -9999.000 -9999.000 -9999.000 -9999.000 -9999.000 -9999.000 -9999.000 -9999.000 -9999.000 -9999.000 -9999.000 -9999.000 -9999.000 -9999.000 -9999.000 -9999.000 -9999.000 -9999.000 -9999.000 -9999.000 -9999.000 -9999.000
-9999.000 -9999.000 -9999.000 -9999.000 -9999.000 -9999.000 -9999.000 -9999.000 -9999.000 -9999.000 -9999.000 -9999.000 -9999.000 -9999.000 -9999.000 0.8862730E-01 0.1352455 0.1572783 0.1495219 0.1307036 0.1168494 0.1045793 0.9376244E-01 0.8435909E-01 0.7600655E-01 0.6833909E-01 0.6103604E-01 0.5335700E-01 0.4296351E-01 0.2095137E-01 0.2095137E-01 -9999.000 -9999.000 -9999.000 -9999.000 -9999.000 -9999.000 -9999.000 -9999.000 -9999.000 -9999.000 -9999.000 -9999.000 -9999.000 -9999.000 -9999.000 -9999.000 -9999.000 -9999.000 -9999.000 -9999.000 -9999.000 -9999.000 -9999.000 -9999.000 -9999.000 -9999.000 -9999.000
2.844676 2.844676 2.834662 2.856743 2.875674 2.875674 2.878626 2.878783 2.878783 2.875178 2.875178 2.869071 2.865336 2.861246 2.857162 2.857162 3.000087 3.004272 3.005497 2.995058 2.958563 2.899398 2.817347 2.709848 2.581679 2.433793 2.269768 2.098670 1.944944 1.877754 1.877754 2.724392 2.902848 3.006619 3.032582 3.032582 3.067648 3.067648 3.053073 3.053073 3.010457 2.832544 2.832544 2.477263 2.477263 2.125299 2.125299 2.125299 2.105047 2.105047 2.135192 2.135192 2.182890 2.182890 2.233098 2.233098 2.278238 2.278238
2.867637 2.867637 2.864297 2.911066 2.936917 2.936917 2.951726 2.974684 2.974684 2.993487 2.993487 3.009578 3.016864 3.023744 3.030557 3.030557 3.136767 3.155536 3.171102 3.182966 3.188023 3.185946 3.174665 3.150605 3.112164 3.056850 2.983198 2.892151 2.790497 2.709378 2.709378 3.164817 3.325538 3.480272 3.522357 3.522357 3.570897 3.570897 3.574109 3.574109 3.553893 3.453181 3.453181 3.251635 3.251635 2.960211 2.960211 2.960211 2.937029 2.937029 2.969281 2.969281 3.019926 3.019926 3.072653 3.072653 3.120806 3.120806
2.873688 2.873688 2.865263 2.913457 2.936848 2.936848 2.952178 2.975915 2.975915 2.995339 2.995339 3.012121 3.019797 3.027093 3.034384 3.034384 3.129303 3.160454 3.187661 3.210974 3.229070 3.241955 3.249233 3.249499 3.241856 3.224680 3.196243 3.155824 3.106322 3.066387 3.066387 3.324716 3.481706 3.663369 3.716473 3.716473 3.772166 3.772166 3.764641 3.764641 3.736136 3.635534 3.635534 3.490899 3.490899 3.252834 3.252834 3.252834 3.214255 3.214255 3.233902 3.233902 3.275873 3.275873 3.322450 3.322450 3.366051 3.366051
2.878614 2.878614 2.865606 2.914848 2.936335 2.936335 2.951826 2.975853 2.975853 2.995308 2.995308 3.012096 3.019783 3.027097 3.034477 3.034477 3.122380 3.163841 3.201833 3.235198 3.262708 3.284080 3.299278 3.307936 3.310000 3.305141 3.292804 3.272768 3.246892 3.227166 3.227166 3.384232 3.523215 3.713246 3.772485 3.772485 3.826464 3.826464 3.797249 3.797249 3.757431 3.662042 3.662042 3.567670 3.567670 3.391952 3.391952 3.391952 3.342200 3.342200 3.347444 3.347444 3.380220 3.380220 3.421553 3.421553 3.461853 3.461853
2.882454 2.882454 2.865577 2.915742 2.935911 2.935911 2.951488 2.975777 2.975777 2.995273 2.995273 3.012080 3.019782 3.027109 3.034609 3.034609 3.120047 3.170254 3.217898 3.260527 3.296680 3.325766 3.347648 3.362213 3.369614 3.370038 3.363646 3.350850 3.333424 3.319789 3.319789 3.415746 3.530040 3.710645 3.766846 3.766846 3.798625 3.798625 3.739438 3.739438 3.695972 3.627786 3.627786 3.584671 3.584671 3.475044 3.475044 3.475044 3.422853 3.422853 3.413674 3.413674 3.434708 3.434708 3.468880 3.468880 3.504739 3.504739
2.885199 2.885199 2.865331 2.916236 2.935561 2.935561 2.951197 2.975717 2.975717 2.995279 2.995279 3.012116 3.019829 3.027164 3.034822 3.034822 3.123295 3.181376 3.237556 3.288419 3.332276 3.368363 3.396423 3.416380 3.428378 3.432694 3.429704 3.420047 3.405359 3.391760 3.391760 3.446630 3.532921 3.684387 3.723416 3.723416 3.707629 3.707629 3.629152 3.629152 3.598723 3.576718 3.576718 3.579076 3.579076 3.529577 3.529577 3.529577 3.484800 3.484800 3.465245 3.465245 3.473371 3.473371 3.497994 3.497994 3.527366 3.527366
2.886845 2.886845 2.865045 2.916443 2.935308 2.935308 2.950993 2.975696 2.975696 2.995322 2.995322 3.012179 3.019892 3.027223 3.035098 3.035098 3.132940 3.198658 3.262417 3.320362 3.370751 3.412798 3.446229 3.470975 3.487156 3.495014 3.494921 3.487477 3.474025 3.458865 3.458865 3.485009 3.542084 3.638942 3.640629 3.640629 3.564889 3.564889 3.504205 3.504205 3.500981 3.527803 3.527803 3.564483 3.564483 3.564069 3.564069 3.564069 3.534132 3.534132 3.510919 3.510919 3.507573 3.507573 3.521113 3.521113 3.541907 3.541907
2.887390 2.887390 2.864894 2.916470 2.935199 2.935199 2.950916 2.975707 2.975707 2.995364 2.995364 3.012220 3.019927 3.027251 3.035433 3.035433 3.150016 3.223589 3.294113 3.357898 3.413424 3.460083 3.497697 3.526278 3.545948 3.556912 3.559468 3.554087 3.541728 3.525055 3.525055 3.530443 3.556680 3.559855 3.504049 3.504049 3.396016 3.396016 3.393299 3.393299 3.419221 3.484204 3.484204 3.544510 3.544510 3.582159 3.582159 3.582159 3.570673 3.570673 3.550693 3.550693 3.539594 3.539594 3.542019 3.542019 3.552645 3.552645
2.886844 2.886844 2.865049 2.916442 2.935309 2.935309 2.950994 2.975696 2.975696 2.995321 2.995321 3.012178 3.019891 3.027222 3.035842 3.035842 3.176016 3.257900 3.334404 3.402653 3.461691 3.511306 3.551574 3.582664 3.604765 3.618078 3.622826 3.619328 3.608110 3.589987 3.589987 3.577975 3.565839 3.419628 3.309932 3.309932 3.240910 3.240910 3.309741 3.309741 3.356334 3.445440 3.445440 3.521424 3.521424 3.587678 3.587678 3.587678 3.594715 3.594715 3.583022 3.583022 3.569006 3.569006 3.561772 3.561772 3.561439 3.561439
2.885199 2.885199 2.865340 2.916235 2.935562 2.935562 2.951198 2.975718 2.975718 2.995279 2.995279 3.012117 3.019830 3.027165 3.036388 3.036388 3.213146 3.303734 3.385221 3.456261 3.516866 3.567456 3.608510 3.640445 3.663583 3.678153 3.684336 3.682296 3.671956 3.650968 3.650968 3.616540 3.541428 3.204475 3.092996 3.092996 3.127268 3.127268 3.246721 3.246721 3.304557 3.407753 3.407753 3.494591 3.494591 3.582191 3.582191 3.582191 3.605679 3.605679 3.604761 3.604761 3.591843 3.591843 3.577593 3.577593 3.566630 3.566630
2.882453 2.882453 2.865590 2.915740 2.935912 2.935912 2.951489 2.975777 2.975777 2.995273 2.995273 3.012079 3.019780 3.027109 3.037153 3.037153 3.264748 3.363896 3.448752 3.520330 3.580064 3.629236 3.668861 3.699672 3.722158 3.736615 3.743200 3.741888 3.731333 3.700855 3.700855 3.617971 3.427938 2.954212 2.916481 2.916481 3.049852 3.049852 3.192800 3.192800 3.256103 3.367855 3.367855 3.462566 3.462566 3.565820 3.565820 3.565820 3.602674 3.602674 3.612679 3.612679 3.603661 3.603661 3.585275 3.585275 3.564927 3.564927
