cruce_test.gid/Rasters/Hydraulic/Velocity__y_195.0.asc
NCOLS        79
NROWS        79
XLLCENTER         -1.500000
YLLCENTER         -4.800000
CELLSIZE           0.100
NODATA_VALUE     -9999.0
[rows 0 to 26 of 79, columns 0 to 58 of 79]
-9999.000 -9999.000 -9999.000 -9999.000 -9999.000 -9999.000 -9999.000 -9999.000 -9999.000 -9999.000 -9999.000 -9999.000 -9999.000 -9999.000 -9999.000 -0.9050312E-01 -0.8715408E-01 -0.8553416E-01 -0.8460373E-01 -0.8474877E-01 -0.8551799E-01 -0.8643763E-01 -0.8734822E-01 -0.8820727E-01 -0.8890504E-01 -0.8950675E-01 -0.9005024E-01 -0.9066778E-01 -0.9189448E-01 -0.9319796E-01 -0.9319796E-01 -9999.000 -9999.000 -9999.000 -9999.000 -9999.000 -9999.000 -9999.000 -9999.000 -9999.000 -9999.000 -9999.000 -9999.000 -9999.000 -9999.000 -9999.000 -9999.000 -9999.000 -9999.000 -9999.000 -9999.000 -9999.000 -9999.000 -9999.000 -9999.000 -9999.000 -9999.000 -9999.000 -9999.000
-9999.000 -9999.000 -9999.000 -9999.000 -9999.000 -9999.000 -9999.000 -9999.000 -9999.000 -9999.000 -9999.000 -9999.000 -9999.000 -9999.000 -9999.000 -0.9182928E-01 -0.8473836E-01 -0.8125848E-01 -0.7927103E-01 -0.7960992E-01 -0.8132789E-01 -0.8341113E-01 -0.8550711E-01 -0.8751146E-01 -0.8918015E-01 -0.9064230E-01 -0.9196936E-01 -0.9343327E-01 -0.9615075E-01 -0.9930366E-01 -0.9930366E-01 -9999.000 -9999.000 -9999.000 -9999.000 -9999.000 -9999.000 -9999.000 -9999.000 -9999.000 -9999.000 -9999.000 -9999.000 -9999.000 -9999.000 -9999.000 -9999.000 -9999.000 -9999.000 -9999.000 -9999.000 -9999.000 -9999.000 -9999.000 -9999.000 -9999.000 -9999.000 -9999.000 -9999.000
-9999.000 -9999.000 -9999.000 -9999.000 -9999.000 -9999.000 -9999.000 -9999.000 -9999.000 -9999.000 -9999.000 -9999.000 -9999.000 -9999.000 -9999.000 -0.9237017E-01 -0.8112373E-01 -0.7548951E-01 -0.7230818E-01 -0.7294193E-01 -0.7588358E-01 -0.7948925E-01 -0.8317067E-01 -0.8673701E-01 -0.8977412E-01 -0.9247267E-01 -0.9493066E-01 -0.9756914E-01 -0.1021623 -0.1078820 -0.1078820 -9999.000 -9999.000 -9999.000 -9999.000 -9999.000 -9999.000 -9999.000 -9999.000 -9999.000 -9999.000 -9999.000 -9999.000 -9999.000 -9999.000 -9999.000 -9999.000 -9999.000 -9999.000 -9999.000 -9999.000 -9999.000 -9999.000 -9999.000 -9999.000 -9999.000 -9999.000 -9999.000 -9999.000
-9999.000 -9999.000 -9999.000 -9999.000 -9999.000 -9999.000 -9999.000 -9999.000 -9999.000 -9999.000 -9999.000 -9999.000 -9999.000 -9999.000 -9999.000 -0.9251369E-01 -0.7706781E-01 -0.6926513E-01 -0.6490603E-01 -0.6589303E-01 -0.7014878E-01 -0.7537964E-01 -0.8075599E-01 -0.8599874E-01 -0.9051258E-01 -0.9455170E-01 -0.9823599E-01 -0.1021375 -0.1087185 -0.1174601 -0.1174601 -9999.000 -9999.000 -9999.000 -9999.000 -9999.000 -9999.000 -9999.000 -9999.000 -9999.000 -9999.000 -9999.000 -9999.000 -9999.000 -9999.000 -9999.000 -9999.000 -9999.000 -9999.000 -9999.000 -9999.000 -9999.000 -9999.000 -9999.000 -9999.000 -9999.000 -9999.000 -9999.000 -9999.000
-9999.000 -9999.000 -9999.000 -9999.000 -9999.000 -9999.000 -9999.000 -9999.000 -9999.000 -9999.000 -9999.000 -9999.000 -9999.000 -9999.000 -9999.000 -0.9248395E-01 -0.7274361E-01 -0.6273902E-01 -0.5719552E-01 -0.5856726E-01 -0.6419984E-01 -0.7112499E-01 -0.7826808E-01 -0.8526109E-01 -0.9131685E-01 -0.9676088E-01 -0.1017322 -0.1069603 -0.1156363 -0.1278863 -0.1278863 -9999.000 -9999.000 -9999.000 -9999.000 -9999.000 -9999.000 -9999.000 -9999.000 -9999.000 -9999.000 -9999.000 -9999.000 -9999.000 -9999.000 -9999.000 -9999.000 -9999.000 -9999.000 -9999.000 -9999.000 -9999.000 -9999.000 -9999.000 -9999.000 -9999.000 -9999.000 -9999.000 -9999.000
-9999.000 -9999.000 -9999.000 -9999.000 -9999.000 -9999.000 -9999.000 -9999.000 -9999.000 -9999.000 -9999.000 -9999.000 -9999.000 -9999.000 -9999.000 -0.9235748E-01 -0.6821219E-01 -0.5596862E-01 -0.4922707E-01 -0.5100622E-01 -0.5806727E-01 -0.6674112E-01 -0.7570574E-01 -0.8450559E-01 -0.9214963E-01 -0.9904587E-01 -0.1053506 -0.1119596 -0.1228437 -0.1391636 -0.1391636 -9999.000 -9999.000 -9999.000 -9999.000 -9999.000 -9999.000 -9999.000 -9999.000 -9999.000 -9999.000 -9999.000 -9999.000 -9999.000 -9999.000 -9999.000 -9999.000 -9999.000 -9999.000 -9999.000 -9999.000 -9999.000 -9999.000 -9999.000 -9999.000 -9999.000 -9999.000 -9999.000 -9999.000
-9999.000 -9999.000 -9999.000 -9999.000 -9999.000 -9999.000 -9999.000 -9999.000 -9999.000 -9999.000 -9999.000 -9999.000 -9999.000 -9999.000 -9999.000 -0.9214643E-01 -0.6348433E-01 -0.4896653E-01 -0.4101358E-01 -0.4322080E-01 -0.5175969E-01 -0.6223167E-01 -0.7306580E-01 -0.8372156E-01 -0.9299056E-01 -0.1013787 -0.1090569 -0.1170987 -0.1303174 -0.1513819 -0.1513819 -9999.000 -9999.000 -9999.000 -9999.000 -9999.000 -9999.000 -9999.000 -9999.000 -9999.000 -9999.000 -9999.000 -9999.000 -9999.000 -9999.000 -9999.000 -9999.000 -9999.000 -9999.000 -9999.000 -9999.000 -9999.000 -9999.000 -9999.000 -9999.000 -9999.000 -9999.000 -9999.000 -9999.000
-9999.000 -9999.000 -9999.000 -9999.000 -9999.000 -9999.000 -9999.000 -9999.000 -9999.000 -9999.000 -9999.000 -9999.000 -9999.000 -9999.000 -9999.000 -0.9183192E-01 -0.5854708E-01 -0.4172403E-01 -0.3254879E-01 -0.3520684E-01 -0.4527533E-01 -0.5759322E-01 -0.7034211E-01 -0.8289997E-01 -0.9382510E-01 -0.1037413 -0.1128300 -0.1223575 -0.1380543 -0.1646900 -0.1646900 -9999.000 -9999.000 -9999.000 -9999.000 -9999.000 -9999.000 -9999.000 -9999.000 -9999.000 -9999.000 -9999.000 -9999.000 -9999.000 -9999.000 -9999.000 -9999.000 -9999.000 -9999.000 -9999.000 -9999.000 -9999.000 -9999.000 -9999.000 -9999.000 -9999.000 -9999.000 -9999.000 -9999.000
-9999.000 -9999.000 -9999.000 -9999.000 -9999.000 -9999.000 -9999.000 -9999.000 -9999.000 -9999.000 -9999.000 -9999.000 -9999.000 -9999.000 -9999.000 -0.9137693E-01 -0.5337464E-01 -0.3422035E-01 -0.2381683E-01 -0.2695212E-01 -0.3860550E-01 -0.5281762E-01 -0.6752497E-01 -0.8203025E-01 -0.9463855E-01 -0.1061161 -0.1166513 -0.1277198 -0.1460590 -0.1792950 -0.1792950 -9999.000 -9999.000 -9999.000 -9999.000 -9999.000 -9999.000 -9999.000 -9999.000 -9999.000 -9999.000 -9999.000 -9999.000 -9999.000 -9999.000 -9999.000 -9999.000 -9999.000 -9999.000 -9999.000 -9999.000 -9999.000 -9999.000 -9999.000 -9999.000 -9999.000 -9999.000 -9999.000 -9999.000
-9999.000 -9999.000 -9999.000 -9999.000 -9999.000 -9999.000 -9999.000 -9999.000 -9999.000 -9999.000 -9999.000 -9999.000 -9999.000 -9999.000 -9999.000 -0.9073044E-01 -0.4793211E-01 -0.2642685E-01 -0.1479430E-01 -0.1843871E-01 -0.3173746E-01 -0.4789239E-01 -0.6460126E-01 -0.8109824E-01 -0.9541220E-01 -0.1084831 -0.1204992 -0.1331666 -0.1543385 -0.1954698 -0.1954698 -9999.000 -9999.000 -9999.000 -9999.000 -9999.000 -9999.000 -9999.000 -9999.000 -9999.000 -9999.000 -9999.000 -9999.000 -9999.000 -9999.000 -9999.000 -9999.000 -9999.000 -9999.000 -9999.000 -9999.000 -9999.000 -9999.000 -9999.000 -9999.000 -9999.000 -9999.000 -9999.000 -9999.000
-9999.000 -9999.000 -9999.000 -9999.000 -9999.000 -9999.000 -9999.000 -9999.000 -9999.000 -9999.000 -9999.000 -9999.000 -9999.000 -9999.000 -9999.000 -0.8982740E-01 -0.4217516E-01 -0.1830679E-01 -0.5450973E-02 -0.9643415E-02 -0.2465363E-01 -0.4280042E-01 -0.6155279E-01 -0.8008462E-01 -0.9612076E-01 -0.1108146 -0.1243442 -0.1386724 -0.1628963 -0.2135751 -0.2135751 -9999.000 -9999.000 -9999.000 -9999.000 -9999.000 -9999.000 -9999.000 -9999.000 -9999.000 -9999.000 -9999.000 -9999.000 -9999.000 -9999.000 -9999.000 -9999.000 -9999.000 -9999.000 -9999.000 -9999.000 -9999.000 -9999.000 -9999.000 -9999.000 -9999.000 -9999.000 -9999.000 -9999.000
-9999.000 -9999.000 -9999.000 -9999.000 -9999.000 -9999.000 -9999.000 -9999.000 -9999.000 -9999.000 -9999.000 -9999.000 -9999.000 -9999.000 -9999.000 -0.8858417E-01 -0.3604484E-01 -0.9810410E-02 0.4252952E-02 -0.5378618E-03 -0.1733360E-01 -0.3752160E-01 -0.5835677E-01 -0.7896451E-01 -0.9673132E-01 -0.1130737 -0.1281458 -0.1441991 -0.1717288 -0.2340955 -0.2340955 -9999.000 -9999.000 -9999.000 -9999.000 -9999.000 -9999.000 -9999.000 -9999.000 -9999.000 -9999.000 -9999.000 -9999.000 -9999.000 -9999.000 -9999.000 -9999.000 -9999.000 -9999.000 -9999.000 -9999.000 -9999.000 -9999.000 -9999.000 -9999.000 -9999.000 -9999.000 -9999.000 -9999.000
-9999.000 -9999.000 -9999.000 -9999.000 -9999.000 -9999.000 -9999.000 -9999.000 -9999.000 -9999.000 -9999.000 -9999.000 -9999.000 -9999.000 -9999.000 -0.8683167E-01 -0.2941316E-01 -0.8264801E-03 0.1439281E-01 0.8905828E-02 -0.9774182E-02 -0.3205284E-01 -0.5500539E-01 -0.7772426E-01 -0.9721612E-01 -0.1152243 -0.1318594 -0.1497009 -0.1808288 -0.2577047 -0.2577047 -9999.000 -9999.000 -9999.000 -9999.000 -9999.000 -9999.000 -9999.000 -9999.000 -9999.000 -9999.000 -9999.000 -9999.000 -9999.000 -9999.000 -9999.000 -9999.000 -9999.000 -9999.000 -9999.000 -9999.000 -9999.000 -9999.000 -9999.000 -9999.000 -9999.000 -9999.000 -9999.000 -9999.000
-9999.000 -9999.000 -9999.000 -9999.000 -9999.000 -9999.000 -9999.000 -9999.000 -9999.000 -9999.000 -9999.000 -9999.000 -9999.000 -9999.000 -9999.000 -0.8256803E-01 -0.2064848E-01 0.9852928E-02 0.2530117E-01 0.1834149E-01 -0.2535123E-02 -0.2694343E-01 -0.5200605E-01 -0.7681191E-01 -0.9794933E-01 -0.1175743 -0.1357327 -0.1553834 -0.1904178 -0.2856282 -0.2856282 -9999.000 -9999.000 -9999.000 -9999.000 -9999.000 -9999.000 -9999.000 -9999.000 -9999.000 -9999.000 -9999.000 -9999.000 -9999.000 -9999.000 -9999.000 -9999.000 -9999.000 -9999.000 -9999.000 -9999.000 -9999.000 -9999.000 -9999.000 -9999.000 -9999.000 -9999.000 -9999.000 -9999.000
-9999.000 -9999.000 -9999.000 -9999.000 -9999.000 -9999.000 -9999.000 -9999.000 -9999.000 -9999.000 -9999.000 -9999.000 -9999.000 -9999.000 -9999.000 -0.1163416E-01 0.1707784E-01 0.2801780E-01 0.2660502E-01 0.1024394E-01 -0.1242992E-01 -0.3604624E-01 -0.6033238E-01 -0.8461941E-01 -0.1051488 -0.1246036 -0.1428640 -0.1632450 -0.2015348 -0.3179196 -0.3179196 -9999.000 -9999.000 -9999.000 -9999.000 -9999.000 -9999.000 -9999.000 -9999.000 -9999.000 -9999.000 -9999.000 -9999.000 -9999.000 -9999.000 -9999.000 -9999.000 -9999.000 -9999.000 -9999.000 -9999.000 -9999.000 -9999.000 -9999.000 -9999.000 -9999.000 -9999.000 -9999.000 -9999.000
-0.4290645E-02 -0.4290645E-02 -0.5039167E-02 -0.6694806E-02 -0.6620494E-02 -0.6620494E-02 -0.6599116E-02 -0.6588099E-02 -0.6588099E-02 -0.6568616E-02 -0.6568616E-02 -0.6537348E-02 -0.6519231E-02 -0.6500063E-02 -0.6481073E-02 -0.6481073E-02 0.4406123E-01 0.4162046E-01 0.2813390E-01 0.5754775E-02 -0.2175480E-01 -0.5222769E-01 -0.8474120E-01 -0.1182447 -0.1507031 -0.1815618 -0.2102337 -0.2373588 -0.2689135 -0.3349572 -0.3349572 -0.1912775 -0.1065968 -0.4058150E-01 -0.3148017E-01 -0.3148017E-01 -0.2553743E-01 -0.2553743E-01 -0.1597710E-01 -0.1597710E-01 -0.6222208E-02 0.2134348E-01 0.2134348E-01 0.3495954E-01 0.3495954E-01 -0.3923324E-03 -0.3923324E-03 -0.3923324E-03 -0.1521710E-02 -0.1521710E-02 -0.1036710E-02 -0.1036710E-02 -0.1419300E-02 -0.1419300E-02 -0.2435732E-02 -0.2435732E-02 -0.3563505E-02 -0.3563505E-02 -0.3563505E-02
-0.6252164E-02 -0.6252164E-02 -0.7577667E-02 -0.9557117E-02 -0.9321070E-02 -0.9321070E-02 -0.9253153E-02 -0.9253631E-02 -0.9253631E-02 -0.9256769E-02 -0.9256769E-02 -0.9238112E-02 -0.9223980E-02 -0.9208215E-02 -0.9194836E-02 -0.9194836E-02 0.3675826E-01 0.3614647E-01 0.2307467E-01 -0.1120385E-03 -0.3255375E-01 -0.7260171E-01 -0.1179303 -0.1665429 -0.2170351 -0.2671296 -0.3151488 -0.3593278 -0.3972769 -0.4238434 -0.4238434 -0.2936108 -0.2001959 -0.1096465 -0.9168024E-01 -0.9168024E-01 -0.7119977E-01 -0.7119977E-01 -0.3718706E-01 -0.3718706E-01 -0.7462813E-02 0.6881135E-01 0.6881135E-01 0.1105899 0.1105899 0.3506870E-01 0.3506870E-01 0.3506870E-01 0.1192856E-01 0.1192856E-01 0.1928809E-02 0.1928809E-02 -0.3808274E-02 -0.3808274E-02 -0.8038538E-02 -0.8038538E-02 -0.1120349E-01 -0.1120349E-01 -0.1120349E-01
-0.4368409E-02 -0.4368409E-02 -0.6819834E-02 -0.8196102E-02 -0.7882376E-02 -0.7882376E-02 -0.7775809E-02 -0.7792410E-02 -0.7792410E-02 -0.7834624E-02 -0.7834624E-02 -0.7848416E-02 -0.7849148E-02 -0.7847899E-02 -0.7853965E-02 -0.7853965E-02 0.2510484E-01 0.2521125E-01 0.1292340E-01 -0.1004727E-01 -0.4273924E-01 -0.8386789E-01 -0.1316874 -0.1845291 -0.2411487 -0.2997586 -0.3586909 -0.4160801 -0.4691113 -0.5113503 -0.5113503 -0.4318050 -0.3527799 -0.2421430 -0.2072105 -0.2072105 -0.1495886 -0.1495886 -0.6415853E-01 -0.6415853E-01 -0.1851728E-02 0.1355020 0.1355020 0.2120729 0.2120729 0.1125012 0.1125012 0.1125012 0.4747634E-01 0.4747634E-01 0.1211010E-01 0.1211010E-01 -0.6878905E-02 -0.6878905E-02 -0.1793435E-01 -0.1793435E-01 -0.2448480E-01 -0.2448480E-01 -0.2448480E-01
-0.2433313E-02 -0.2433313E-02 -0.6064463E-02 -0.6722299E-02 -0.6354420E-02 -0.6354420E-02 -0.6213145E-02 -0.6216695E-02 -0.6216695E-02 -0.6264536E-02 -0.6264536E-02 -0.6282234E-02 -0.6284610E-02 -0.6285141E-02 -0.6299299E-02 -0.6299299E-02 0.1400344E-01 0.1205301E-01 -0.1196864E-02 -0.2480776E-01 -0.5783381E-01 -0.9919933E-01 -0.1475528 -0.2015114 -0.2599736 -0.3216121 -0.3850826 -0.4488562 -0.5105180 -0.5642555 -0.5642555 -0.5330287 -0.4800296 -0.3764889 -0.3310781 -0.3310781 -0.2299739 -0.2299739 -0.7474532E-01 -0.7474532E-01 0.2164585E-01 0.1978606 0.1978606 0.2862167 0.2862167 0.1860831 0.1860831 0.1860831 0.8987209E-01 0.8987209E-01 0.2730061E-01 0.2730061E-01 -0.8485243E-02 -0.8485243E-02 -0.2858068E-01 -0.2858068E-01 -0.3937460E-01 -0.3937460E-01 -0.3937460E-01
-0.4568753E-03 -0.4568753E-03 -0.5367140E-02 -0.5204844E-02 -0.4817812E-02 -0.4817812E-02 -0.4663671E-02 -0.4656156E-02 -0.4656156E-02 -0.4700687E-02 -0.4700687E-02 -0.4714398E-02 -0.4714624E-02 -0.4713031E-02 -0.4733450E-02 -0.4733450E-02 0.3472984E-02 -0.2808901E-02 -0.1902021E-01 -0.4467703E-01 -0.7898468E-01 -0.1210590 -0.1698628 -0.2242904 -0.2833773 -0.3460768 -0.4113023 -0.4778331 -0.5437759 -0.6044931 -0.6044931 -0.6081648 -0.5816476 -0.4963825 -0.4426705 -0.4426705 -0.2863701 -0.2863701 -0.5539079E-01 -0.5539079E-01 0.6292994E-01 0.2430019 0.2430019 0.3239459 0.3239459 0.2396857 0.2396857 0.2396857 0.1307715 0.1307715 0.4663389E-01 0.4663389E-01 -0.6430145E-02 -0.6430145E-02 -0.3705664E-01 -0.3705664E-01 -0.5307079E-01 -0.5307079E-01 -0.5307079E-01
0.4333377E-03 0.4333377E-03 -0.4022865E-02 -0.3559272E-02 -0.3241338E-02 -0.3241338E-02 -0.3113237E-02 -0.3103663E-02 -0.3103663E-02 -0.3137605E-02 -0.3137605E-02 -0.3145322E-02 -0.3143305E-02 -0.3139770E-02 -0.3169316E-02 -0.3169316E-02 -0.7102751E-02 -0.1957053E-01 -0.4070779E-01 -0.7006059E-01 -0.1069162 -0.1505463 -0.2001837 -0.2550198 -0.3143049 -0.3772461 -0.4429903 -0.5105619 -0.5784851 -0.6431866 -0.6431866 -0.6701254 -0.6656730 -0.5953383 -0.5263752 -0.5263752 -0.2947923 -0.2947923 -0.1009568E-01 -0.1009568E-01 0.1072744 0.2623490 0.2623490 0.3290652 0.3290652 0.2688127 0.2688127 0.2688127 0.1642710 0.1642710 0.6811424E-01 0.6811424E-01 -0.6905966E-04 -0.6905966E-04 -0.4183685E-01 -0.4183685E-01 -0.6396811E-01 -0.6396811E-01 -0.6396811E-01
0.2173832E-03 0.2173832E-03 -0.2001287E-02 -0.1789556E-02 -0.1622642E-02 -0.1622642E-02 -0.1554250E-02 -0.1549269E-02 -0.1549269E-02 -0.1568185E-02 -0.1568185E-02 -0.1572712E-02 -0.1571723E-02 -0.1569990E-02 -0.1616414E-02 -0.1616414E-02 -0.1860750E-01 -0.3896138E-01 -0.6693295E-01 -0.1017277 -0.1425714 -0.1888230 -0.2399311 -0.2953780 -0.3546875 -0.4173564 -0.4828074 -0.5503297 -0.6187996 -0.6854351 -0.6854351 -0.7269667 -0.7382211 -0.6643401 -0.5618594 -0.5618594 -0.2467238 -0.2467238 0.3907288E-01 0.3907288E-01 0.1361384 0.2560745 0.2560745 0.3105903 0.3105903 0.2752625 0.2752625 0.2752625 0.1862345 0.1862345 0.8862202E-01 0.8862202E-01 0.9919412E-02 0.9919412E-02 -0.4227884E-01 -0.4227884E-01 -0.7099546E-01 -0.7099546E-01 -0.7099546E-01
0.7552949E-06 0.7552949E-06 -0.7651901E-06 -0.4697644E-06 -0.1714990E-06 -0.1714990E-06 0.1288491E-07 0.3536943E-06 0.3536943E-06 0.2993494E-06 0.2993494E-06 0.2203748E-06 0.3313310E-07 0.4650922E-07 -0.6956313E-04 -0.6956313E-04 -0.3221429E-01 -0.6226115E-01 -0.9898596E-01 -0.1409955 -0.1873229 -0.2373514 -0.2907014 -0.3471226 -0.4064357 -0.4684572 -0.5329327 -0.5994641 -0.6672605 -0.7339740 -0.7339740 -0.7829210 -0.8007563 -0.6825091 -0.5243495 -0.5243495 -0.1638754 -0.1638754 0.7013751E-01 0.7013751E-01 0.1411939 0.2310748 0.2310748 0.2777412 0.2777412 0.2636470 0.2636470 0.2636470 0.1946407 0.1946407 0.1046033 0.1046033 0.2170180E-01 0.2170180E-01 -0.3854081E-01 -0.3854081E-01 -0.7347210E-01 -0.7347210E-01 -0.7347210E-01
-0.2159503E-03 -0.2159503E-03 0.1999811E-02 0.1788663E-02 0.1622271E-02 0.1622271E-02 0.1554362E-02 0.1549973E-02 0.1549973E-02 0.1568752E-02 0.1568752E-02 0.1573126E-02 0.1571889E-02 0.1570056E-02 0.1468706E-02 0.1468706E-02 -0.4960487E-01 -0.9150830E-01 -0.1390179 -0.1900041 -0.2432500 -0.2981501 -0.3544878 -0.4122720 -0.4716260 -0.5326981 -0.5955805 -0.6602206 -0.7260946 -0.7905509 -0.7905509 -0.8386227 -0.8460101 -0.6181208 -0.4097064 -0.4097064 -0.8632188E-01 -0.8632188E-01 0.7636997E-01 0.7636997E-01 0.1264999 0.1959966 0.1959966 0.2376565 0.2376565 0.2391009 0.2391009 0.2391009 0.1896717 0.1896717 0.1130991 0.1130991 0.3277050E-01 0.3277050E-01 -0.3151033E-01 -0.3151033E-01 -0.7112803E-01 -0.7112803E-01 -0.7112803E-01
-0.4322836E-03 -0.4322836E-03 0.4021666E-02 0.3558434E-02 0.3240938E-02 0.3240938E-02 0.3113571E-02 0.3104218E-02 0.3104218E-02 0.3138208E-02 0.3138208E-02 0.3145639E-02 0.3143410E-02 0.3139650E-02 0.2994581E-02 0.2994581E-02 -0.7334810E-01 -0.1298868 -0.1904083 -0.2520689 -0.3134729 -0.3741013 -0.4339572 -0.4933362 -0.5526788 -0.6124674 -0.6731442 -0.7349911 -0.7974597 -0.8553500 -0.8553500 -0.8869554 -0.8465798 -0.4632696 -0.2618484 -0.2618484 -0.3965813E-01 -0.3965813E-01 0.6472899E-01 0.6472899E-01 0.1013277 0.1575199 0.1575199 0.1948610 0.1948610 0.2060318 0.2060318 0.2060318 0.1731313 0.1731313 0.1125270 0.1125270 0.4065651E-01 0.4065651E-01 -0.2259135E-01 -0.2259135E-01 -0.6413962E-01 -0.6413962E-01 -0.6413962E-01
0.4577094E-03 0.4577094E-03 0.5366399E-02 0.5204040E-02 0.4817624E-02 0.4817624E-02 0.4663968E-02 0.4656696E-02 0.4656696E-02 0.4701118E-02 0.4701118E-02 0.4714755E-02 0.4714832E-02 0.4713075E-02 0.4509979E-02 0.4509979E-02 -0.1076699 -0.1824939 -0.2584467 -0.3322672 -0.4026555 -0.4693902 -0.5328343 -0.5936494 -0.6526314 -0.7106043 -0.7683484 -0.8263920 -0.8829959 -0.9223451 -0.9223451 -0.8972735 -0.7440803 -0.2752671 -0.1431292 -0.1431292 -0.2211090E-01 -0.2211090E-01 0.4574259E-01 0.4574259E-01 0.7358917E-01 0.1194903 0.1194903 0.1518332 0.1518332 0.1677606 0.1677606 0.1677606 0.1475758 0.1475758 0.1028465 0.1028465 0.4356941E-01 0.4356941E-01 -0.1336784E-01 -0.1336784E-01 -0.5311596E-01 -0.5311596E-01 -0.5311596E-01
0.2434117E-02 0.2434117E-02 0.6063792E-02 0.6721811E-02 0.6354426E-02 0.6354426E-02 0.6213272E-02 0.6217133E-02 0.6217133E-02 0.6264850E-02 0.6264850E-02 0.6282415E-02 0.6284861E-02 0.6285367E-02 0.5999739E-02 0.5999739E-02 -0.1601135 -0.2579055 -0.3516614 -0.4385254 -0.5178958 -0.5902420 -0.6565260 -0.7179102 -0.7756052 -0.8307919 -0.8845714 -0.9373600 -0.9811547 -0.9590915 -0.9590915 -0.7897853 -0.5042242 -0.1345091 -0.7800788E-01 -0.7800788E-01 -0.1902783E-01 -0.1902783E-01 0.2655257E-01 0.2655257E-01 0.4763862E-01 0.8367789E-01 0.8367789E-01 0.1099165 0.1099165 0.1267470 0.1267470 0.1267470 0.1157245 0.1157245 0.8531761E-01 0.8531761E-01 0.4085050E-01 0.4085050E-01 -0.5156786E-02 -0.5156786E-02 -0.3898357E-01 -0.3898357E-01 -0.3898357E-01
