cruce_test.gid/Rasters/Hydraulic/Velocity__x_141.0.asc
NCOLS        79
NROWS        79
XLLCENTER         -1.500000
YLLCENTER         -4.800000
CELLSIZE           0.100
NODATA_VALUE     -9999.0
[rows 0 to 25 of 79, columns 0 to 57 of 79]
-9999.000 -9999.000 -9999.000 -9999.000 -9999.000 -9999.000 -9999.000 -9999.000 -9999.000 -9999.000 -9999.000 -9999.000 -9999.000 -9999.000 -9999.000 0.3639909E-03 0.1661105E-02 0.3910986E-02 0.6109678E-02 0.8078627E-02 0.9709713E-02 0.1094663E-01 0.1177746E-01 0.1222553E-01 0.1233285E-01 0.1213180E-01 0.1158401E-01 0.1038009E-01 0.7534063E-02 0.3643833E-02 0.3643833E-02 -9999.000 -9999.000 -9999.000 -9999.000 -9999.000 -9999.000 -9999.000 -9999.000 -9999.000 -9999.000 -9999.000 -9999.000 -9999.000 -9999.000 -9999.000 -9999.000 -9999.000 -9999.000 -9999.000 -9999.000 -9999.000 -9999.000 -9999.000 -9999.000 -9999.000 -9999.000 -9999.000
-9999.000 -9999.000 -9999.000 -9999.000 -9999.000 -9999.000 -9999.000 -9999.000 -9999.000 -9999.000 -9999.000 -9999.000 -9999.000 -9999.000 -9999.000 0.1268877E-02 0.3530235E-02 0.6776317E-02 0.9926372E-02 0.1275710E-01 0.1511399E-01 0.1689806E-01 0.1806041E-01 0.1859252E-01 0.1850927E-01 0.1781974E-01 0.1647112E-01 0.1417231E-01 0.1005282E-01 0.4902312E-02 0.4902312E-02 -9999.000 -9999.000 -9999.000 -9999.000 -9999.000 -9999.000 -9999.000 -9999.000 -9999.000 -9999.000 -9999.000 -9999.000 -9999.000 -9999.000 -9999.000 -9999.000 -9999.000 -9999.000 -9999.000 -9999.000 -9999.000 -9999.000 -9999.000 -9999.000 -9999.000 -9999.000 -9999.000
-9999.000 -9999.000 -9999.000 -9999.000 -9999.000 -9999.000 -9999.000 -9999.000 -9999.000 -9999.000 -9999.000 -9999.000 -9999.000 -9999.000 -9999.000 0.1831768E-02 0.4727244E-02 0.8667545E-02 0.1245633E-01 0.1584461E-01 0.1865332E-01 0.2076307E-01 0.2210908E-01 0.2267205E-01 0.2246223E-01 0.2148994E-01 0.1970774E-01 0.1682512E-01 0.1194426E-01 0.5876625E-02 0.5876625E-02 -9999.000 -9999.000 -9999.000 -9999.000 -9999.000 -9999.000 -9999.000 -9999.000 -9999.000 -9999.000 -9999.000 -9999.000 -9999.000 -9999.000 -9999.000 -9999.000 -9999.000 -9999.000 -9999.000 -9999.000 -9999.000 -9999.000 -9999.000 -9999.000 -9999.000 -9999.000 -9999.000
-9999.000 -9999.000 -9999.000 -9999.000 -9999.000 -9999.000 -9999.000 -9999.000 -9999.000 -9999.000 -9999.000 -9999.000 -9999.000 -9999.000 -9999.000 0.2230363E-02 0.5576059E-02 0.1000969E-01 0.1425447E-01 0.1804218E-01 0.2117682E-01 0.2352572E-01 0.2501497E-01 0.2562086E-01 0.2535309E-01 0.2422400E-01 0.2218733E-01 0.1894097E-01 0.1353141E-01 0.6723151E-02 0.6723151E-02 -9999.000 -9999.000 -9999.000 -9999.000 -9999.000 -9999.000 -9999.000 -9999.000 -9999.000 -9999.000 -9999.000 -9999.000 -9999.000 -9999.000 -9999.000 -9999.000 -9999.000 -9999.000 -9999.000 -9999.000 -9999.000 -9999.000 -9999.000 -9999.000 -9999.000 -9999.000 -9999.000
-9999.000 -9999.000 -9999.000 -9999.000 -9999.000 -9999.000 -9999.000 -9999.000 -9999.000 -9999.000 -9999.000 -9999.000 -9999.000 -9999.000 -9999.000 0.2548347E-02 0.6249830E-02 0.1107090E-01 0.1567664E-01 0.1978525E-01 0.2318776E-01 0.2574105E-01 0.2736509E-01 0.2803409E-01 0.2775755E-01 0.2654875E-01 0.2435960E-01 0.2086774E-01 0.1504533E-01 0.7555559E-02 0.7555559E-02 -9999.000 -9999.000 -9999.000 -9999.000 -9999.000 -9999.000 -9999.000 -9999.000 -9999.000 -9999.000 -9999.000 -9999.000 -9999.000 -9999.000 -9999.000 -9999.000 -9999.000 -9999.000 -9999.000 -9999.000 -9999.000 -9999.000 -9999.000 -9999.000 -9999.000 -9999.000 -9999.000
-9999.000 -9999.000 -9999.000 -9999.000 -9999.000 -9999.000 -9999.000 -9999.000 -9999.000 -9999.000 -9999.000 -9999.000 -9999.000 -9999.000 -9999.000 0.2834948E-02 0.6852470E-02 0.1201310E-01 0.1693758E-01 0.2133377E-01 0.2498192E-01 0.2773025E-01 0.2949459E-01 0.3024722E-01 0.2999840E-01 0.2876125E-01 0.2648355E-01 0.2281556E-01 0.1663583E-01 0.8451606E-02 0.8451606E-02 -9999.000 -9999.000 -9999.000 -9999.000 -9999.000 -9999.000 -9999.000 -9999.000 -9999.000 -9999.000 -9999.000 -9999.000 -9999.000 -9999.000 -9999.000 -9999.000 -9999.000 -9999.000 -9999.000 -9999.000 -9999.000 -9999.000 -9999.000 -9999.000 -9999.000 -9999.000 -9999.000
-9999.000 -9999.000 -9999.000 -9999.000 -9999.000 -9999.000 -9999.000 -9999.000 -9999.000 -9999.000 -9999.000 -9999.000 -9999.000 -9999.000 -9999.000 0.3119745E-02 0.7446065E-02 0.1293302E-01 0.1816538E-01 0.2284260E-01 0.2673515E-01 0.2968490E-01 0.3160334E-01 0.3246199E-01 0.3227257E-01 0.3104744E-01 0.2872769E-01 0.2492977E-01 0.1841653E-01 0.9474770E-02 0.9474770E-02 -9999.000 -9999.000 -9999.000 -9999.000 -9999.000 -9999.000 -9999.000 -9999.000 -9999.000 -9999.000 -9999.000 -9999.000 -9999.000 -9999.000 -9999.000 -9999.000 -9999.000 -9999.000 -9999.000 -9999.000 -9999.000 -9999.000 -9999.000 -9999.000 -9999.000 -9999.000 -9999.000
-9999.000 -9999.000 -9999.000 -9999.000 -9999.000 -9999.000 -9999.000 -9999.000 -9999.000 -9999.000 -9999.000 -9999.000 -9999.000 -9999.000 -9999.000 0.3421317E-02 0.8069419E-02 0.1389140E-01 0.1944026E-01 0.2440907E-01 0.2855973E-01 0.3172773E-01 0.3382179E-01 0.3481374E-01 0.3471673E-01 0.3354219E-01 0.3122300E-01 0.2733300E-01 0.2049453E-01 0.1068875E-01 0.1068875E-01 -9999.000 -9999.000 -9999.000 -9999.000 -9999.000 -9999.000 -9999.000 -9999.000 -9999.000 -9999.000 -9999.000 -9999.000 -9999.000 -9999.000 -9999.000 -9999.000 -9999.000 -9999.000 -9999.000 -9999.000 -9999.000 -9999.000 -9999.000 -9999.000 -9999.000 -9999.000 -9999.000
-9999.000 -9999.000 -9999.000 -9999.000 -9999.000 -9999.000 -9999.000 -9999.000 -9999.000 -9999.000 -9999.000 -9999.000 -9999.000 -9999.000 -9999.000 0.3752488E-02 0.8750142E-02 0.1493133E-01 0.2081971E-01 0.2610385E-01 0.3053759E-01 0.3395087E-01 0.3625086E-01 0.3741022E-01 0.3744484E-01 0.3636506E-01 0.3409354E-01 0.3015195E-01 0.2299113E-01 0.1217031E-01 0.1217031E-01 -9999.000 -9999.000 -9999.000 -9999.000 -9999.000 -9999.000 -9999.000 -9999.000 -9999.000 -9999.000 -9999.000 -9999.000 -9999.000 -9999.000 -9999.000 -9999.000 -9999.000 -9999.000 -9999.000 -9999.000 -9999.000 -9999.000 -9999.000 -9999.000 -9999.000 -9999.000 -9999.000
-9999.000 -9999.000 -9999.000 -9999.000 -9999.000 -9999.000 -9999.000 -9999.000 -9999.000 -9999.000 -9999.000 -9999.000 -9999.000 -9999.000 -9999.000 0.4124157E-02 0.9511154E-02 0.1608978E-01 0.2235438E-01 0.2798994E-01 0.3274349E-01 0.3644057E-01 0.3898736E-01 0.4035920E-01 0.4057606E-01 0.3964721E-01 0.3748320E-01 0.3354221E-01 0.2606513E-01 0.1402268E-01 0.1402268E-01 -9999.000 -9999.000 -9999.000 -9999.000 -9999.000 -9999.000 -9999.000 -9999.000 -9999.000 -9999.000 -9999.000 -9999.000 -9999.000 -9999.000 -9999.000 -9999.000 -9999.000 -9999.000 -9999.000 -9999.000 -9999.000 -9999.000 -9999.000 -9999.000 -9999.000 -9999.000 -9999.000
-9999.000 -9999.000 -9999.000 -9999.000 -9999.000 -9999.000 -9999.000 -9999.000 -9999.000 -9999.000 -9999.000 -9999.000 -9999.000 -9999.000 -9999.000 0.4548071E-02 0.1037792E-01 0.1740755E-01 0.2409976E-01 0.3013808E-01 0.3526319E-01 0.3929669E-01 0.4214614E-01 0.4379166E-01 0.4425889E-01 0.4355692E-01 0.4158268E-01 0.3771691E-01 0.2994266E-01 0.1639561E-01 0.1639561E-01 -9999.000 -9999.000 -9999.000 -9999.000 -9999.000 -9999.000 -9999.000 -9999.000 -9999.000 -9999.000 -9999.000 -9999.000 -9999.000 -9999.000 -9999.000 -9999.000 -9999.000 -9999.000 -9999.000 -9999.000 -9999.000 -9999.000 -9999.000 -9999.000 -9999.000 -9999.000 -9999.000
-9999.000 -9999.000 -9999.000 -9999.000 -9999.000 -9999.000 -9999.000 -9999.000 -9999.000 -9999.000 -9999.000 -9999.000 -9999.000 -9999.000 -9999.000 0.5038904E-02 0.1138270E-01 0.1893714E-01 0.2612902E-01 0.3264157E-01 0.3821014E-01 0.4265418E-01 0.4588485E-01 0.4788975E-01 0.4870333E-01 0.4833617E-01 0.4667060E-01 0.4299301E-01 0.3496655E-01 0.1951854E-01 0.1951854E-01 -9999.000 -9999.000 -9999.000 -9999.000 -9999.000 -9999.000 -9999.000 -9999.000 -9999.000 -9999.000 -9999.000 -9999.000 -9999.000 -9999.000 -9999.000 -9999.000 -9999.000 -9999.000 -9999.000 -9999.000 -9999.000 -9999.000 -9999.000 -9999.000 -9999.000 -9999.000 -9999.000
-9999.000 -9999.000 -9999.000 -9999.000 -9999.000 -9999.000 -9999.000 -9999.000 -9999.000 -9999.000 -9999.000 -9999.000 -9999.000 -9999.000 -9999.000 0.5618649E-02 0.1257342E-01 0.2075706E-01 0.2855108E-01 0.3563983E-01 0.4175517E-01 0.4671670E-01 0.5044213E-01 0.5293110E-01 0.5423184E-01 0.5435973E-01 0.5318201E-01 0.4986959E-01 0.4168687E-01 0.2376207E-01 0.2376207E-01 -9999.000 -9999.000 -9999.000 -9999.000 -9999.000 -9999.000 -9999.000 -9999.000 -9999.000 -9999.000 -9999.000 -9999.000 -9999.000 -9999.000 -9999.000 -9999.000 -9999.000 -9999.000 -9999.000 -9999.000 -9999.000 -9999.000 -9999.000 -9999.000 -9999.000 -9999.000 -9999.000
-9999.000 -9999.000 -9999.000 -9999.000 -9999.000 -9999.000 -9999.000 -9999.000 -9999.000 -9999.000 -9999.000 -9999.000 -9999.000 -9999.000 -9999.000 0.6385102E-02 0.1413980E-01 0.2314654E-01 0.3171577E-01 0.3953679E-01 0.4634422E-01 0.5196629E-01 0.5633778E-01 0.5948042E-01 0.6146633E-01 0.6232258E-01 0.6190477E-01 0.5924112E-01 0.5109127E-01 0.2981468E-01 0.2981468E-01 -9999.000 -9999.000 -9999.000 -9999.000 -9999.000 -9999.000 -9999.000 -9999.000 -9999.000 -9999.000 -9999.000 -9999.000 -9999.000 -9999.000 -9999.000 -9999.000 -9999.000 -9999.000 -9999.000 -9999.000 -9999.000 -9999.000 -9999.000 -9999.000 -9999.000 -9999.000 -9999.000
-9999.000 -9999.000 -9999.000 -9999.000 -9999.000 -9999.000 -9999.000 -9999.000 -9999.000 -9999.000 -9999.000 -9999.000 -9999.000 -9999.000 -9999.000 0.2101774E-01 0.3475687E-01 0.4805864E-01 0.5815084E-01 0.6555830E-01 0.7071186E-01 0.7401361E-01 0.7583465E-01 0.7649840E-01 0.7625320E-01 0.7518815E-01 0.7315294E-01 0.6896111E-01 0.5893102E-01 0.3032103E-01 0.3032103E-01 -9999.000 -9999.000 -9999.000 -9999.000 -9999.000 -9999.000 -9999.000 -9999.000 -9999.000 -9999.000 -9999.000 -9999.000 -9999.000 -9999.000 -9999.000 -9999.000 -9999.000 -9999.000 -9999.000 -9999.000 -9999.000 -9999.000 -9999.000 -9999.000 -9999.000 -9999.000 -9999.000
2.402952 2.402952 2.449314 2.491513 2.497928 2.497928 2.501916 2.505784 2.505784 2.506255 2.506255 2.504448 2.502892 2.500978 2.498750 2.498750 2.419686 2.397309 2.366400 2.322664 2.263524 2.187519 2.094352 1.984645 1.860034 1.723847 1.583116 1.450104 1.350674 1.343814 1.343814 2.188671 2.340228 2.399332 2.408280 2.408280 2.407216 2.407216 2.342296 2.342296 2.272119 1.887229 1.887229 1.606274 1.606274 1.544019 1.544019 1.544019 1.580883 1.580883 1.629964 1.629964 1.678800 1.678800 1.721633 1.721633 1.755868 1.755868
2.418876 2.418876 2.479984 2.536588 2.553158 2.553158 2.567285 2.591310 2.591310 2.611771 2.611771 2.629797 2.638098 2.646002 2.653550 2.653550 2.618235 2.615840 2.616336 2.614703 2.607279 2.591105 2.563699 2.522976 2.467384 2.396072 2.306225 2.210953 2.123344 2.089883 2.089883 2.556332 2.709839 2.839394 2.869398 2.869398 2.892190 2.892190 2.864254 2.864254 2.825675 2.636357 2.636357 2.380257 2.380257 2.299016 2.299016 2.299016 2.334529 2.334529 2.381891 2.381891 2.430215 2.430215 2.475425 2.475425 2.513999 2.513999
2.422453 2.422453 2.484013 2.536865 2.553605 2.553605 2.567964 2.592492 2.592492 2.613506 2.613506 2.632166 2.640817 2.649091 2.657033 2.657033 2.633715 2.636501 2.646612 2.658378 2.668005 2.673031 2.671643 2.662234 2.643268 2.613369 2.570409 2.519705 2.468971 2.447082 2.447082 2.743127 2.889584 3.045158 3.084985 3.084985 3.112856 3.112856 3.079286 3.079286 3.040680 2.910447 2.910447 2.715918 2.715918 2.611676 2.611676 2.611676 2.635186 2.635186 2.674719 2.674719 2.716901 2.716901 2.756125 2.756125 2.789394 2.789394
2.425304 2.425304 2.487104 2.536791 2.553490 2.553490 2.567895 2.592502 2.592502 2.613537 2.613537 2.632203 2.640859 2.649141 2.657092 2.657092 2.643725 2.650607 2.666376 2.684943 2.702090 2.715372 2.723400 2.725276 2.720270 2.707691 2.686285 2.659033 2.631518 2.623458 2.623458 2.811859 2.946683 3.111079 3.154771 3.154771 3.177289 3.177289 3.130381 3.130381 3.091784 3.000761 3.000761 2.869523 2.869523 2.756050 2.756050 2.756050 2.766058 2.766058 2.798688 2.798688 2.836688 2.836688 2.872482 2.872482 2.902923 2.902923
2.427486 2.427486 2.489452 2.536746 2.553372 2.553372 2.567813 2.592495 2.592495 2.613545 2.613545 2.632205 2.640859 2.649139 2.657088 2.657088 2.654774 2.667223 2.688623 2.712947 2.735825 2.754686 2.768147 2.775500 2.776410 2.770725 2.758043 2.740531 2.722827 2.719225 2.719225 2.842587 2.959337 3.115644 3.153508 3.153508 3.154807 3.154807 3.098343 3.098343 3.068223 3.018846 3.018846 2.947913 2.947913 2.844449 2.844449 2.844449 2.839679 2.839679 2.862757 2.862757 2.895261 2.895261 2.927581 2.927581 2.955370 2.955370
2.429023 2.429023 2.491102 2.536726 2.553275 2.553275 2.567742 2.592488 2.592488 2.613553 2.613553 2.632208 2.640858 2.649136 2.657084 2.657084 2.667463 2.687047 2.714544 2.744275 2.772144 2.795662 2.813435 2.824753 2.829335 2.827193 2.818340 2.804473 2.789532 2.784324 2.784324 2.863347 2.957164 3.083959 3.102727 3.102727 3.072751 3.072751 3.025703 3.025703 3.014130 3.007863 3.007863 2.986311 2.986311 2.909120 2.909120 2.909120 2.893008 2.893008 2.904745 2.904745 2.929744 2.929744 2.957259 2.957259 2.981520 2.981520
2.429936 2.429936 2.492080 2.536719 2.553212 2.553212 2.567693 2.592483 2.592483 2.613558 2.613558 2.632209 2.640857 2.649134 2.657082 2.657082 2.682615 2.710732 2.744834 2.779736 2.811943 2.839310 2.860588 2.875096 2.882536 2.882898 2.876300 2.863990 2.849127 2.839803 2.839803 2.885614 2.951320 3.017860 3.004533 3.004533 2.955280 2.955280 2.945312 2.945312 2.956126 2.986586 2.986586 3.000999 3.000999 2.958245 2.958245 2.958245 2.937885 2.937885 2.939131 2.939131 2.955029 2.955029 2.975981 2.975981 2.995358 2.995358
2.430239 2.430239 2.492405 2.536719 2.553191 2.553191 2.567676 2.592482 2.592482 2.613561 2.613561 2.632211 2.640858 2.649135 2.657082 2.657082 2.701447 2.739274 2.780348 2.820143 2.855983 2.886293 2.910143 2.927002 2.936600 2.938883 2.933938 2.922596 2.907155 2.893109 2.893109 2.911502 2.940269 2.905607 2.861144 2.861144 2.832531 2.832531 2.874131 2.874131 2.903806 2.960880 2.960880 3.000174 3.000174 2.992510 2.992510 2.992510 2.975516 2.975516 2.969630 2.969630 2.976168 2.976168 2.989084 2.989084 3.002155 3.002155
2.429936 2.429936 2.492080 2.536720 2.553212 2.553212 2.567693 2.592484 2.592484 2.613558 2.613558 2.632210 2.640857 2.649135 2.657082 2.657082 2.725650 2.774078 2.822199 2.866406 2.905020 2.937208 2.962518 2.980689 2.991568 2.995102 2.991320 2.980706 2.964642 2.945453 2.945453 2.935956 2.907903 2.739851 2.694682 2.694682 2.729634 2.729634 2.815320 2.815320 2.857527 2.932444 2.932444 2.988990 2.988990 3.012460 3.012460 3.012460 3.004349 3.004349 2.995857 2.995857 2.994288 2.994288 2.998410 2.998410 3.003957 3.003957
2.429023 2.429023 2.491101 2.536726 2.553275 2.553275 2.567742 2.592488 2.592488 2.613553 2.613553 2.632208 2.640857 2.649136 2.657084 2.657084 2.757553 2.817072 2.871815 2.919549 2.959779 2.992542 3.017984 3.036216 3.047286 3.051200 3.047959 3.037757 3.020842 2.994032 2.994032 2.942689 2.817585 2.544507 2.546424 2.546424 2.652114 2.652114 2.764763 2.764763 2.814468 2.901532 2.901532 2.970342 2.970342 3.019118 3.019118 3.019118 3.022410 3.022410 3.015445 3.015445 3.008098 3.008098 3.003594 3.003594 3.000896 3.000896
2.427487 2.427487 2.489453 2.536747 2.553373 2.553373 2.567813 2.592495 2.592495 2.613546 2.613546 2.632206 2.640859 2.649138 2.657088 2.657088 2.800432 2.870829 2.930975 2.980674 3.020853 3.052531 3.076515 3.093345 3.103322 3.106561 3.103065 3.092737 3.073688 3.028925 3.028925 2.889841 2.622754 2.375220 2.439542 2.439542 2.589161 2.589161 2.716327 2.716327 2.770621 2.866607 2.866607 2.944322 2.944322 3.012513 3.012513 3.012513 3.027212 3.027212 3.024485 3.024485 3.013969 3.013969 3.001885 3.001885 2.990943 2.990943
