cruce_test.gid/Rasters/Hydraulic/Velocity__y_90.0.asc
NCOLS        79
NROWS        79
XLLCENTER         -1.500000
YLLCENTER         -4.800000
CELLSIZE           0.100
NODATA_VALUE     -9999.0
[rows 0 to 26 of 79, columns 0 to 58 of 79]
-9999.000 -9999.000 -9999.000 -9999.000 -9999.000 -9999.000 -9999.000 -9999.000 -9999.000 -9999.000 -9999.000 -9999.000 -9999.000 -9999.000 -9999.000 -0.1981036 -0.1969983 -0.1971256 -0.1973393 -0.1975593 -0.1977770 -0.1979991 -0.1982440 -0.1985440 -0.1989471 -0.1995251 -0.2003841 -0.2016836 -0.2035328 -0.2015346 -0.2015346 -9999.000 -9999.000 -9999.000 -9999.000 -9999.000 -9999.000 -9999.000 -9999.000 -9999.000 -9999.000 -9999.000 -9999.000 -9999.000 -9999.000 -9999.000 -9999.000 -9999.000 -9999.000 -9999.000 -9999.000 -9999.000 -9999.000 -9999.000 -9999.000 -9999.000 -9999.000 -9999.000 -9999.000
-9999.000 -9999.000 -9999.000 -9999.000 -9999.000 -9999.000 -9999.000 -9999.000 -9999.000 -9999.000 -9999.000 -9999.000 -9999.000 -9999.000 -9999.000 -0.1955632 -0.1931386 -0.1933670 -0.1937848 -0.1942203 -0.1946530 -0.1950988 -0.1956012 -0.1962332 -0.1971028 -0.1983649 -0.2002397 -0.2030438 -0.2069656 -0.2033658 -0.2033658 -9999.000 -9999.000 -9999.000 -9999.000 -9999.000 -9999.000 -9999.000 -9999.000 -9999.000 -9999.000 -9999.000 -9999.000 -9999.000 -9999.000 -9999.000 -9999.000 -9999.000 -9999.000 -9999.000 -9999.000 -9999.000 -9999.000 -9999.000 -9999.000 -9999.000 -9999.000 -9999.000 -9999.000
-9999.000 -9999.000 -9999.000 -9999.000 -9999.000 -9999.000 -9999.000 -9999.000 -9999.000 -9999.000 -9999.000 -9999.000 -9999.000 -9999.000 -9999.000 -0.1915746 -0.1876817 -0.1880446 -0.1887665 -0.1895594 -0.1903846 -0.1912685 -0.1922861 -0.1935639 -0.1952843 -0.1976997 -0.2011548 -0.2061222 -0.2128238 -0.2079960 -0.2079960 -9999.000 -9999.000 -9999.000 -9999.000 -9999.000 -9999.000 -9999.000 -9999.000 -9999.000 -9999.000 -9999.000 -9999.000 -9999.000 -9999.000 -9999.000 -9999.000 -9999.000 -9999.000 -9999.000 -9999.000 -9999.000 -9999.000 -9999.000 -9999.000 -9999.000 -9999.000 -9999.000 -9999.000
-9999.000 -9999.000 -9999.000 -9999.000 -9999.000 -9999.000 -9999.000 -9999.000 -9999.000 -9999.000 -9999.000 -9999.000 -9999.000 -9999.000 -9999.000 -0.1865922 -0.1812772 -0.1818232 -0.1829265 -0.1841782 -0.1855212 -0.1869924 -0.1887003 -0.1908257 -0.1936288 -0.1974628 -0.2028027 -0.2102901 -0.2201986 -0.2147722 -0.2147722 -9999.000 -9999.000 -9999.000 -9999.000 -9999.000 -9999.000 -9999.000 -9999.000 -9999.000 -9999.000 -9999.000 -9999.000 -9999.000 -9999.000 -9999.000 -9999.000 -9999.000 -9999.000 -9999.000 -9999.000 -9999.000 -9999.000 -9999.000 -9999.000 -9999.000 -9999.000 -9999.000 -9999.000
-9999.000 -9999.000 -9999.000 -9999.000 -9999.000 -9999.000 -9999.000 -9999.000 -9999.000 -9999.000 -9999.000 -9999.000 -9999.000 -9999.000 -9999.000 -0.1807126 -0.1740493 -0.1748234 -0.1763749 -0.1781700 -0.1801319 -0.1823087 -0.1848442 -0.1879778 -0.1920528 -0.1975336 -0.2050402 -0.2154071 -0.2289940 -0.2236649 -0.2236649 -9999.000 -9999.000 -9999.000 -9999.000 -9999.000 -9999.000 -9999.000 -9999.000 -9999.000 -9999.000 -9999.000 -9999.000 -9999.000 -9999.000 -9999.000 -9999.000 -9999.000 -9999.000 -9999.000 -9999.000 -9999.000 -9999.000 -9999.000 -9999.000 -9999.000 -9999.000 -9999.000 -9999.000
-9999.000 -9999.000 -9999.000 -9999.000 -9999.000 -9999.000 -9999.000 -9999.000 -9999.000 -9999.000 -9999.000 -9999.000 -9999.000 -9999.000 -9999.000 -0.1739762 -0.1660740 -0.1671177 -0.1691716 -0.1715772 -0.1742373 -0.1772124 -0.1806850 -0.1849594 -0.1904724 -0.1978136 -0.2077703 -0.2214050 -0.2392182 -0.2348078 -0.2348078 -9999.000 -9999.000 -9999.000 -9999.000 -9999.000 -9999.000 -9999.000 -9999.000 -9999.000 -9999.000 -9999.000 -9999.000 -9999.000 -9999.000 -9999.000 -9999.000 -9999.000 -9999.000 -9999.000 -9999.000 -9999.000 -9999.000 -9999.000 -9999.000 -9999.000 -9999.000 -9999.000 -9999.000
-9999.000 -9999.000 -9999.000 -9999.000 -9999.000 -9999.000 -9999.000 -9999.000 -9999.000 -9999.000 -9999.000 -9999.000 -9999.000 -9999.000 -9999.000 -0.1663722 -0.1573868 -0.1587398 -0.1613394 -0.1644070 -0.1678257 -0.1716710 -0.1761687 -0.1816976 -0.1888012 -0.1982141 -0.2109219 -0.2282620 -0.2509589 -0.2484835 -0.2484835 -9999.000 -9999.000 -9999.000 -9999.000 -9999.000 -9999.000 -9999.000 -9999.000 -9999.000 -9999.000 -9999.000 -9999.000 -9999.000 -9999.000 -9999.000 -9999.000 -9999.000 -9999.000 -9999.000 -9999.000 -9999.000 -9999.000 -9999.000 -9999.000 -9999.000 -9999.000 -9999.000 -9999.000
-9999.000 -9999.000 -9999.000 -9999.000 -9999.000 -9999.000 -9999.000 -9999.000 -9999.000 -9999.000 -9999.000 -9999.000 -9999.000 -9999.000 -9999.000 -0.1578467 -0.1479897 -0.1496927 -0.1528717 -0.1566392 -0.1608606 -0.1656295 -0.1712226 -0.1781042 -0.1869429 -0.1986446 -0.2144331 -0.2359862 -0.2643743 -0.2651442 -0.2651442 -9999.000 -9999.000 -9999.000 -9999.000 -9999.000 -9999.000 -9999.000 -9999.000 -9999.000 -9999.000 -9999.000 -9999.000 -9999.000 -9999.000 -9999.000 -9999.000 -9999.000 -9999.000 -9999.000 -9999.000 -9999.000 -9999.000 -9999.000 -9999.000 -9999.000 -9999.000 -9999.000 -9999.000
-9999.000 -9999.000 -9999.000 -9999.000 -9999.000 -9999.000 -9999.000 -9999.000 -9999.000 -9999.000 -9999.000 -9999.000 -9999.000 -9999.000 -9999.000 -0.1483064 -0.1378549 -0.1399505 -0.1437350 -0.1482282 -0.1532810 -0.1590097 -0.1657509 -0.1740697 -0.1847817 -0.1989991 -0.2182365 -0.2446024 -0.2796909 -0.2854654 -0.2854654 -9999.000 -9999.000 -9999.000 -9999.000 -9999.000 -9999.000 -9999.000 -9999.000 -9999.000 -9999.000 -9999.000 -9999.000 -9999.000 -9999.000 -9999.000 -9999.000 -9999.000 -9999.000 -9999.000 -9999.000 -9999.000 -9999.000 -9999.000 -9999.000 -9999.000 -9999.000 -9999.000 -9999.000
-9999.000 -9999.000 -9999.000 -9999.000 -9999.000 -9999.000 -9999.000 -9999.000 -9999.000 -9999.000 -9999.000 -9999.000 -9999.000 -9999.000 -9999.000 -0.1376198 -0.1269232 -0.1294585 -0.1338663 -0.1390987 -0.1449961 -0.1517028 -0.1596263 -0.1694508 -0.1821673 -0.1991382 -0.2222401 -0.2541365 -0.2972089 -0.3104517 -0.3104517 -9999.000 -9999.000 -9999.000 -9999.000 -9999.000 -9999.000 -9999.000 -9999.000 -9999.000 -9999.000 -9999.000 -9999.000 -9999.000 -9999.000 -9999.000 -9999.000 -9999.000 -9999.000 -9999.000 -9999.000 -9999.000 -9999.000 -9999.000 -9999.000 -9999.000 -9999.000 -9999.000 -9999.000
-9999.000 -9999.000 -9999.000 -9999.000 -9999.000 -9999.000 -9999.000 -9999.000 -9999.000 -9999.000 -9999.000 -9999.000 -9999.000 -9999.000 -9999.000 -0.1256159 -0.1151012 -0.1181267 -0.1231673 -0.1291385 -0.1358756 -0.1435570 -0.1526740 -0.1640517 -0.1788918 -0.1988630 -0.2262988 -0.2645918 -0.3173068 -0.3416302 -0.3416302 -9999.000 -9999.000 -9999.000 -9999.000 -9999.000 -9999.000 -9999.000 -9999.000 -9999.000 -9999.000 -9999.000 -9999.000 -9999.000 -9999.000 -9999.000 -9999.000 -9999.000 -9999.000 -9999.000 -9999.000 -9999.000 -9999.000 -9999.000 -9999.000 -9999.000 -9999.000 -9999.000 -9999.000
-9999.000 -9999.000 -9999.000 -9999.000 -9999.000 -9999.000 -9999.000 -9999.000 -9999.000 -9999.000 -9999.000 -9999.000 -9999.000 -9999.000 -9999.000 -0.1120783 -0.1022519 -0.1058200 -0.1114916 -0.1181840 -0.1257319 -0.1343559 -0.1446451 -0.1575919 -0.1746513 -0.1978689 -0.2301619 -0.2759004 -0.3404350 -0.3814254 -0.3814254 -9999.000 -9999.000 -9999.000 -9999.000 -9999.000 -9999.000 -9999.000 -9999.000 -9999.000 -9999.000 -9999.000 -9999.000 -9999.000 -9999.000 -9999.000 -9999.000 -9999.000 -9999.000 -9999.000 -9999.000 -9999.000 -9999.000 -9999.000 -9999.000 -9999.000 -9999.000 -9999.000 -9999.000
-9999.000 -9999.000 -9999.000 -9999.000 -9999.000 -9999.000 -9999.000 -9999.000 -9999.000 -9999.000 -9999.000 -9999.000 -9999.000 -9999.000 -9999.000 -0.9673121E-01 -0.8817896E-01 -0.9233919E-01 -0.9862302E-01 -0.1059936 -0.1142905 -0.1237822 -0.1351727 -0.1496512 -0.1689765 -0.1956597 -0.2333699 -0.2878105 -0.3670574 -0.4339305 -0.4339305 -9999.000 -9999.000 -9999.000 -9999.000 -9999.000 -9999.000 -9999.000 -9999.000 -9999.000 -9999.000 -9999.000 -9999.000 -9999.000 -9999.000 -9999.000 -9999.000 -9999.000 -9999.000 -9999.000 -9999.000 -9999.000 -9999.000 -9999.000 -9999.000 -9999.000 -9999.000 -9999.000 -9999.000
-9999.000 -9999.000 -9999.000 -9999.000 -9999.000 -9999.000 -9999.000 -9999.000 -9999.000 -9999.000 -9999.000 -9999.000 -9999.000 -9999.000 -9999.000 -0.7914079E-01 -0.7255512E-01 -0.7735933E-01 -0.8422227E-01 -0.9219974E-01 -0.1011390 -0.1113617 -0.1237026 -0.1395788 -0.1611099 -0.1913788 -0.2350263 -0.2995999 -0.3973991 -0.5067266 -0.5067266 -9999.000 -9999.000 -9999.000 -9999.000 -9999.000 -9999.000 -9999.000 -9999.000 -9999.000 -9999.000 -9999.000 -9999.000 -9999.000 -9999.000 -9999.000 -9999.000 -9999.000 -9999.000 -9999.000 -9999.000 -9999.000 -9999.000 -9999.000 -9999.000 -9999.000 -9999.000 -9999.000 -9999.000
-9999.000 -9999.000 -9999.000 -9999.000 -9999.000 -9999.000 -9999.000 -9999.000 -9999.000 -9999.000 -9999.000 -9999.000 -9999.000 -9999.000 -9999.000 -0.5251765E-01 -0.5247862E-01 -0.5928272E-01 -0.6755757E-01 -0.7662899E-01 -0.8643900E-01 -0.9742428E-01 -0.1106004 -0.1276634 -0.1511608 -0.1848724 -0.2346864 -0.3106990 -0.4316933 -0.6148988 -0.6148988 -9999.000 -9999.000 -9999.000 -9999.000 -9999.000 -9999.000 -9999.000 -9999.000 -9999.000 -9999.000 -9999.000 -9999.000 -9999.000 -9999.000 -9999.000 -9999.000 -9999.000 -9999.000 -9999.000 -9999.000 -9999.000 -9999.000 -9999.000 -9999.000 -9999.000 -9999.000 -9999.000 -9999.000
-0.2109878E-02 -0.2109878E-02 -0.4276380E-02 -0.4604742E-02 -0.4592868E-02 -0.4592868E-02 -0.4566136E-02 -0.4531798E-02 -0.4531798E-02 -0.4512006E-02 -0.4512006E-02 -0.4486983E-02 -0.4471563E-02 -0.4455374E-02 -0.2955112E-01 -0.2955112E-01 -0.6219422E-01 -0.7483008E-01 -0.8857736E-01 -0.1027225 -0.1167436 -0.1305593 -0.1447014 -0.1604978 -0.1803267 -0.2080453 -0.2498071 -0.3158692 -0.4243414 -0.6444623 -0.6444623 -0.3771841 -0.2111164 -0.4020565E-01 -0.7783650E-02 -0.7783650E-02 0.1428393E-01 0.1428393E-01 0.3375763E-02 0.3375763E-02 -0.2683203E-01 -0.9509922E-02 -0.9509922E-02 0.5656821E-02 0.5656821E-02 0.1058034E-01 0.1058034E-01 0.1058034E-01 0.9199258E-02 0.9199258E-02 0.7067206E-02 0.7067206E-02 0.6316104E-02 0.6316104E-02 0.3860298E-02 0.3860298E-02 0.2306951E-02 0.2306951E-02 0.2306951E-02
-0.2996925E-02 -0.2996925E-02 -0.6471477E-02 -0.6603449E-02 -0.6503745E-02 -0.6503745E-02 -0.6428632E-02 -0.6367247E-02 -0.6367247E-02 -0.6358461E-02 -0.6358461E-02 -0.6347252E-02 -0.6336150E-02 -0.6322592E-02 -0.4561158E-01 -0.4561158E-01 -0.9513041E-01 -0.1147223 -0.1368913 -0.1601562 -0.1832001 -0.2050512 -0.2252323 -0.2439456 -0.2623107 -0.2826728 -0.3090083 -0.3474413 -0.4061370 -0.5009130 -0.5009130 -0.3227451 -0.1932199 -0.4267552E-01 -0.5056296E-02 -0.5056296E-02 0.3648774E-01 0.3648774E-01 0.3951623E-01 0.3951623E-01 -0.7734973E-02 -0.1239900E-01 -0.1239900E-01 0.1446337E-01 0.1446337E-01 0.2286316E-01 0.2286316E-01 0.2286316E-01 0.1947711E-01 0.1947711E-01 0.1493668E-01 0.1493668E-01 0.1025017E-01 0.1025017E-01 0.7992485E-02 0.7992485E-02 0.5422011E-02 0.5422011E-02 0.5422011E-02
-0.2067019E-02 -0.2067019E-02 -0.5393910E-02 -0.5716830E-02 -0.5565235E-02 -0.5565235E-02 -0.5448791E-02 -0.5358792E-02 -0.5358792E-02 -0.5369384E-02 -0.5369384E-02 -0.5390957E-02 -0.5395649E-02 -0.5396154E-02 -0.3665277E-01 -0.3665277E-01 -0.1038210 -0.1278571 -0.1560228 -0.1867148 -0.2183982 -0.2497198 -0.2796094 -0.3074194 -0.3330764 -0.3572412 -0.3814654 -0.4082573 -0.4403142 -0.4792894 -0.4792894 -0.3721063 -0.2714995 -0.1171446 -0.5822065E-01 -0.5822065E-01 0.3987802E-01 0.3987802E-01 0.1008838 0.1008838 0.7451726E-01 0.1418755E-01 0.1418755E-01 0.2624168E-01 0.2624168E-01 0.3272085E-01 0.3272085E-01 0.3272085E-01 0.2750093E-01 0.2750093E-01 0.2067591E-01 0.2067591E-01 0.1179187E-01 0.1179187E-01 0.9638715E-02 0.9638715E-02 0.6826456E-02 0.6826456E-02 0.6826456E-02
-0.1469302E-02 -0.1469302E-02 -0.4181681E-02 -0.4706102E-02 -0.4539591E-02 -0.4539591E-02 -0.4395342E-02 -0.4272792E-02 -0.4272792E-02 -0.4281567E-02 -0.4281567E-02 -0.4311548E-02 -0.4320614E-02 -0.4324425E-02 -0.2551706E-01 -0.2551706E-01 -0.1056023 -0.1326185 -0.1644931 -0.1997974 -0.2370910 -0.2750147 -0.3123239 -0.3479812 -0.3812577 -0.4118208 -0.4397573 -0.4653938 -0.4882720 -0.5050960 -0.5050960 -0.4335267 -0.3515904 -0.1947691 -0.1186269 -0.1186269 0.2984183E-01 0.2984183E-01 0.1412280 0.1412280 0.1480109 0.7449690E-01 0.7449690E-01 0.4556098E-01 0.4556098E-01 0.3804054E-01 0.3804054E-01 0.3804054E-01 0.3015653E-01 0.3015653E-01 0.2121568E-01 0.2121568E-01 0.1111113E-01 0.1111113E-01 0.6904923E-02 0.6904923E-02 0.4192458E-02 0.4192458E-02 0.4192458E-02
-0.1036360E-02 -0.1036360E-02 -0.3028030E-02 -0.3606754E-02 -0.3461482E-02 -0.3461482E-02 -0.3321637E-02 -0.3194683E-02 -0.3194683E-02 -0.3200611E-02 -0.3200611E-02 -0.3231658E-02 -0.3241718E-02 -0.3246670E-02 -0.1719367E-01 -0.1719367E-01 -0.1052425 -0.1354979 -0.1705338 -0.2092932 -0.2505098 -0.2929365 -0.3353542 -0.3766275 -0.4157636 -0.4519560 -0.4845588 -0.5128272 -0.5348462 -0.5450507 -0.5450507 -0.4917994 -0.4213052 -0.2566760 -0.1644770 -0.1644770 0.2005535E-01 0.2005535E-01 0.1575353 0.1575353 0.1865102 0.1394050 0.1394050 0.7614007E-01 0.7614007E-01 0.4312273E-01 0.4312273E-01 0.4312273E-01 0.2993450E-01 0.2993450E-01 0.1837483E-01 0.1837483E-01 0.7356883E-02 0.7356883E-02 0.1794050E-02 0.1794050E-02 -0.5079455E-03 -0.5079455E-03 -0.5079455E-03
-0.6712461E-03 -0.6712461E-03 -0.1962383E-02 -0.2439769E-02 -0.2336169E-02 -0.2336169E-02 -0.2227915E-02 -0.2124724E-02 -0.2124724E-02 -0.2128168E-02 -0.2128168E-02 -0.2153484E-02 -0.2161871E-02 -0.2166107E-02 -0.1118828E-01 -0.1118828E-01 -0.1036675 -0.1383536 -0.1768596 -0.2189346 -0.2635660 -0.3096215 -0.3559251 -0.4013258 -0.4447526 -0.4852392 -0.5218831 -0.5535538 -0.5776017 -0.5861728 -0.5861728 -0.5409614 -0.4738258 -0.2907863 -0.1842441 -0.1842441 0.1592262E-01 0.1592262E-01 0.1556249 0.1556249 0.1936063 0.1829111 0.1829111 0.1122853 0.1122853 0.5049206E-01 0.5049206E-01 0.5049206E-01 0.2924551E-01 0.2924551E-01 0.1402028E-01 0.1402028E-01 0.1951620E-02 0.1951620E-02 -0.4323442E-02 -0.4323442E-02 -0.5969819E-02 -0.5969819E-02 -0.5969819E-02
-0.3314787E-03 -0.3314787E-03 -0.9639307E-03 -0.1230196E-02 -0.1177009E-02 -0.1177009E-02 -0.1118345E-02 -0.1060838E-02 -0.1060838E-02 -0.1062267E-02 -0.1062267E-02 -0.1076465E-02 -0.1081220E-02 -0.1083592E-02 -0.6853648E-02 -0.6853648E-02 -0.9970143E-01 -0.1415821 -0.1844459 -0.2302522 -0.2784359 -0.3279849 -0.3777626 -0.4266140 -0.4734402 -0.5172386 -0.5570730 -0.5917160 -0.6174464 -0.6232367 -0.6232367 -0.5778202 -0.5032961 -0.2926502 -0.1787916 -0.1787916 0.1424740E-01 0.1424740E-01 0.1415781 0.1415781 0.1806883 0.1974721 0.1974721 0.1430099 0.1430099 0.6093054E-01 0.6093054E-01 0.6093054E-01 0.2986184E-01 0.2986184E-01 0.9716142E-02 0.9716142E-02 -0.3875381E-02 -0.3875381E-02 -0.1051515E-01 -0.1051515E-01 -0.1131892E-01 -0.1131892E-01 -0.1131892E-01
0.1259796E-07 0.1259796E-07 -0.8483624E-07 -0.7383852E-07 -0.3633711E-07 -0.3633711E-07 -0.4859978E-07 0.3936574E-07 0.3936574E-07 0.3905024E-07 0.3905024E-07 -0.4196360E-07 -0.1681179E-07 0.7528205E-08 -0.3660978E-02 -0.3660978E-02 -0.9306766E-01 -0.1449106 -0.1939238 -0.2444291 -0.2966652 -0.3498752 -0.4030433 -0.4550688 -0.5048610 -0.5514054 -0.5937610 -0.6305318 -0.6560592 -0.6538169 -0.6538169 -0.5962752 -0.5025806 -0.2684270 -0.1589717 -0.1589717 0.1057588E-01 0.1057588E-01 0.1206242 0.1206242 0.1574533 0.1894254 0.1894254 0.1592908 0.1592908 0.7259198E-01 0.7259198E-01 0.7259198E-01 0.3240834E-01 0.3240834E-01 0.6637310E-02 0.6637310E-02 -0.9027635E-02 -0.9027635E-02 -0.1594773E-01 -0.1594773E-01 -0.1582796E-01 -0.1582796E-01 -0.1582796E-01
0.3315056E-03 0.3315056E-03 0.9638140E-03 0.1230075E-02 0.1176987E-02 0.1176987E-02 0.1118359E-02 0.1060901E-02 0.1060901E-02 0.1062293E-02 0.1062293E-02 0.1076368E-02 0.1081204E-02 0.1083663E-02 -0.1224670E-02 -0.1224670E-02 -0.8663744E-01 -0.1486689 -0.2062315 -0.2629245 -0.3199242 -0.3770426 -0.4335783 -0.4885973 -0.5410712 -0.5899875 -0.6343928 -0.6724642 -0.6940205 -0.6723113 -0.6723113 -0.5869915 -0.4690926 -0.2327410 -0.1369531 -0.1369531 0.4007771E-02 0.4007771E-02 0.9719222E-01 0.9719222E-01 0.1303908 0.1682316 0.1682316 0.1588901 0.1588901 0.8187593E-01 0.8187593E-01 0.8187593E-01 0.3613357E-01 0.3613357E-01 0.5338438E-02 0.5338438E-02 -0.1259813E-01 -0.1259813E-01 -0.1981529E-01 -0.1981529E-01 -0.1884205E-01 -0.1884205E-01 -0.1884205E-01
0.6713550E-03 0.6713550E-03 0.1962372E-02 0.2439788E-02 0.2336225E-02 0.2336225E-02 0.2227948E-02 0.2124844E-02 0.2124844E-02 0.2128103E-02 0.2128103E-02 0.2153441E-02 0.2162001E-02 0.2166207E-02 0.7204344E-03 0.7204344E-03 -0.8426722E-01 -0.1551251 -0.2229249 -0.2875001 -0.3502003 -0.4115387 -0.4713676 -0.5291090 -0.5839189 -0.6348410 -0.6808919 -0.7190139 -0.7276772 -0.6667844 -0.6667844 -0.5453386 -0.4135052 -0.1980397 -0.1179715 -0.1179715 -0.3265737E-02 -0.3265737E-02 0.7445050E-01 0.7445050E-01 0.1032748 0.1409754 0.1409754 0.1450056 0.1450056 0.8534551E-01 0.8534551E-01 0.8534551E-01 0.3929449E-01 0.3929449E-01 0.5655860E-02 0.5655860E-02 -0.1399903E-01 -0.1399903E-01 -0.2143264E-01 -0.2143264E-01 -0.1982310E-01 -0.1982310E-01 -0.1982310E-01
0.1036376E-02 0.1036376E-02 0.3027993E-02 0.3606834E-02 0.3461490E-02 0.3461490E-02 0.3321654E-02 0.3194784E-02 0.3194784E-02 0.3200465E-02 0.3200465E-02 0.3231732E-02 0.3241862E-02 0.3246627E-02 0.2350465E-02 0.2350465E-02 -0.9029539E-01 -0.1688951 -0.2472600 -0.3209245 -0.3902022 -0.4560323 -0.5189466 -0.5789320 -0.6355074 -0.6878842 -0.7350299 -0.7701580 -0.7436814 -0.6270714 -0.6270714 -0.4818008 -0.3528820 -0.1678744 -0.1026987 -0.1026987 -0.8773024E-02 -0.8773024E-02 0.5418006E-01 0.5418006E-01 0.7803699E-01 0.1118875 0.1118875 0.1225123 0.1225123 0.8127888E-01 0.8127888E-01 0.8127888E-01 0.4000032E-01 0.4000032E-01 0.6873463E-02 0.6873463E-02 -0.1305384E-01 -0.1305384E-01 -0.2035746E-01 -0.2035746E-01 -0.1841772E-01 -0.1841772E-01 -0.1841772E-01
0.1469364E-02 0.1469364E-02 0.4181759E-02 0.4706217E-02 0.4539648E-02 0.4539648E-02 0.4395414E-02 0.4272738E-02 0.4272738E-02 0.4281394E-02 0.4281394E-02 0.4311690E-02 0.4320667E-02 0.4324346E-02 0.3780831E-02 0.3780831E-02 -0.1102612 -0.1972275 -0.2854010 -0.3680955 -0.4441088 -0.5143012 -0.5797731 -0.6411847 -0.6985922 -0.7515263 -0.7987837 -0.8211280 -0.7190014 -0.5658751 -0.5658751 -0.4127470 -0.2936007 -0.1389113 -0.8743290E-01 -0.8743290E-01 -0.1162356E-01 -0.1162356E-01 0.3691520E-01 0.3691520E-01 0.5536387E-01 0.8314030E-01 0.8314030E-01 0.9547307E-01 0.9547307E-01 0.6991518E-01 0.6991518E-01 0.6991518E-01 0.3700377E-01 0.3700377E-01 0.8088036E-02 0.8088036E-02 -0.9971397E-02 -0.9971397E-02 -0.1649047E-01 -0.1649047E-01 -0.1454665E-01 -0.1454665E-01 -0.1454665E-01
