cruce_test.gid/Rasters/Hydraulic/Velocity____67.0.asc
NCOLS        79
NROWS        79
XLLCENTER         -1.500000
YLLCENTER         -4.800000
CELLSIZE           0.100
NODATA_VALUE     -9999.0
[rows 0 to 26 of 79, columns 0 to 59 of 79]
-9999.000 -9999.000 -9999.000 -9999.000 -9999.000 -9999.000 -9999.000 -9999.000 -9999.000 -9999.000 -9999.000 -9999.000 -9999.000 -9999.000 -9999.000 0.2318657 0.2307706 0.2309759 0.2312903 0.2316275 0.2319846 0.2323727 0.2328072 0.2333069 0.2338947 0.2346044 0.2354891 0.2366382 0.2380701 0.2352461 0.2352461 -9999.000 -9999.000 -9999.000 -9999.000 -9999.000 -9999.000 -9999.000 -9999.000 -9999.000 -9999.000 -9999.000 -9999.000 -9999.000 -9999.000 -9999.000 -9999.000 -9999.000 -9999.000 -9999.000 -9999.000 -9999.000 -9999.000 -9999.000 -9999.000 -9999.000 -9999.000 -9999.000 -9999.000 -9999.000
-9999.000 -9999.000 -9999.000 -9999.000 -9999.000 -9999.000 -9999.000 -9999.000 -9999.000 -9999.000 -9999.000 -9999.000 -9999.000 -9999.000 -9999.000 0.2286681 0.2261870 0.2265893 0.2272296 0.2279190 0.2286435 0.2294216 0.2302833 0.2312668 0.2324232 0.2338287 0.2356040 0.2379398 0.2408550 0.2354671 0.2354671 -9999.000 -9999.000 -9999.000 -9999.000 -9999.000 -9999.000 -9999.000 -9999.000 -9999.000 -9999.000 -9999.000 -9999.000 -9999.000 -9999.000 -9999.000 -9999.000 -9999.000 -9999.000 -9999.000 -9999.000 -9999.000 -9999.000 -9999.000 -9999.000 -9999.000 -9999.000 -9999.000 -9999.000 -9999.000
-9999.000 -9999.000 -9999.000 -9999.000 -9999.000 -9999.000 -9999.000 -9999.000 -9999.000 -9999.000 -9999.000 -9999.000 -9999.000 -9999.000 -9999.000 0.2238500 0.2197788 0.2204553 0.2215859 0.2228436 0.2241938 0.2256596 0.2272878 0.2291420 0.2313074 0.2339085 0.2371312 0.2412509 0.2462091 0.2383118 0.2383118 -9999.000 -9999.000 -9999.000 -9999.000 -9999.000 -9999.000 -9999.000 -9999.000 -9999.000 -9999.000 -9999.000 -9999.000 -9999.000 -9999.000 -9999.000 -9999.000 -9999.000 -9999.000 -9999.000 -9999.000 -9999.000 -9999.000 -9999.000 -9999.000 -9999.000 -9999.000 -9999.000 -9999.000 -9999.000
-9999.000 -9999.000 -9999.000 -9999.000 -9999.000 -9999.000 -9999.000 -9999.000 -9999.000 -9999.000 -9999.000 -9999.000 -9999.000 -9999.000 -9999.000 0.2179051 0.2122628 0.2132986 0.2150464 0.2170302 0.2191914 0.2215562 0.2241859 0.2271688 0.2306240 0.2347238 0.2397221 0.2459852 0.2533800 0.2434694 0.2434694 -9999.000 -9999.000 -9999.000 -9999.000 -9999.000 -9999.000 -9999.000 -9999.000 -9999.000 -9999.000 -9999.000 -9999.000 -9999.000 -9999.000 -9999.000 -9999.000 -9999.000 -9999.000 -9999.000 -9999.000 -9999.000 -9999.000 -9999.000 -9999.000 -9999.000 -9999.000 -9999.000 -9999.000 -9999.000
-9999.000 -9999.000 -9999.000 -9999.000 -9999.000 -9999.000 -9999.000 -9999.000 -9999.000 -9999.000 -9999.000 -9999.000 -9999.000 -9999.000 -9999.000 0.2108860 0.2037501 0.2052318 0.2077152 0.2105672 0.2137022 0.2171481 0.2209815 0.2253158 0.2303076 0.2361826 0.2432722 0.2520502 0.2623224 0.2509657 0.2509657 -9999.000 -9999.000 -9999.000 -9999.000 -9999.000 -9999.000 -9999.000 -9999.000 -9999.000 -9999.000 -9999.000 -9999.000 -9999.000 -9999.000 -9999.000 -9999.000 -9999.000 -9999.000 -9999.000 -9999.000 -9999.000 -9999.000 -9999.000 -9999.000 -9999.000 -9999.000 -9999.000 -9999.000 -9999.000
-9999.000 -9999.000 -9999.000 -9999.000 -9999.000 -9999.000 -9999.000 -9999.000 -9999.000 -9999.000 -9999.000 -9999.000 -9999.000 -9999.000 -9999.000 0.2027861 0.1943089 0.1963296 0.1996624 0.2035141 0.2077704 0.2124611 0.2176794 0.2235673 0.2303247 0.2382409 0.2477424 0.2594363 0.2730984 0.2609734 0.2609734 -9999.000 -9999.000 -9999.000 -9999.000 -9999.000 -9999.000 -9999.000 -9999.000 -9999.000 -9999.000 -9999.000 -9999.000 -9999.000 -9999.000 -9999.000 -9999.000 -9999.000 -9999.000 -9999.000 -9999.000 -9999.000 -9999.000 -9999.000 -9999.000 -9999.000 -9999.000 -9999.000 -9999.000 -9999.000
-9999.000 -9999.000 -9999.000 -9999.000 -9999.000 -9999.000 -9999.000 -9999.000 -9999.000 -9999.000 -9999.000 -9999.000 -9999.000 -9999.000 -9999.000 0.1935424 0.1839701 0.1866374 0.1909350 0.1959139 0.2014312 0.2075193 0.2142911 0.2219222 0.2306655 0.2408899 0.2531412 0.2681991 0.2858659 0.2738124 0.2738124 -9999.000 -9999.000 -9999.000 -9999.000 -9999.000 -9999.000 -9999.000 -9999.000 -9999.000 -9999.000 -9999.000 -9999.000 -9999.000 -9999.000 -9999.000 -9999.000 -9999.000 -9999.000 -9999.000 -9999.000 -9999.000 -9999.000 -9999.000 -9999.000 -9999.000 -9999.000 -9999.000 -9999.000 -9999.000
-9999.000 -9999.000 -9999.000 -9999.000 -9999.000 -9999.000 -9999.000 -9999.000 -9999.000 -9999.000 -9999.000 -9999.000 -9999.000 -9999.000 -9999.000 0.1830427 0.1727355 0.1761811 0.1815682 0.1878052 0.1947218 0.2023548 0.2108411 0.2203982 0.2313445 0.2441504 0.2595164 0.2784520 0.3008775 0.2899778 0.2899778 -9999.000 -9999.000 -9999.000 -9999.000 -9999.000 -9999.000 -9999.000 -9999.000 -9999.000 -9999.000 -9999.000 -9999.000 -9999.000 -9999.000 -9999.000 -9999.000 -9999.000 -9999.000 -9999.000 -9999.000 -9999.000 -9999.000 -9999.000 -9999.000 -9999.000 -9999.000 -9999.000 -9999.000 -9999.000
-9999.000 -9999.000 -9999.000 -9999.000 -9999.000 -9999.000 -9999.000 -9999.000 -9999.000 -9999.000 -9999.000 -9999.000 -9999.000 -9999.000 -9999.000 0.1711317 0.1605851 0.1649768 0.1715978 0.1792360 0.1876955 0.1970213 0.2073795 0.2190403 0.2324052 0.2480752 0.2669551 0.2903664 0.3184942 0.3102015 0.3102015 -9999.000 -9999.000 -9999.000 -9999.000 -9999.000 -9999.000 -9999.000 -9999.000 -9999.000 -9999.000 -9999.000 -9999.000 -9999.000 -9999.000 -9999.000 -9999.000 -9999.000 -9999.000 -9999.000 -9999.000 -9999.000 -9999.000 -9999.000 -9999.000 -9999.000 -9999.000 -9999.000 -9999.000 -9999.000
-9999.000 -9999.000 -9999.000 -9999.000 -9999.000 -9999.000 -9999.000 -9999.000 -9999.000 -9999.000 -9999.000 -9999.000 -9999.000 -9999.000 -9999.000 0.1576169 0.1474837 0.1530428 0.1610756 0.1702812 0.1804420 0.1916144 0.2040020 0.2179403 0.2339366 0.2527617 0.2755920 0.3041812 0.3392127 0.3355710 0.3355710 -9999.000 -9999.000 -9999.000 -9999.000 -9999.000 -9999.000 -9999.000 -9999.000 -9999.000 -9999.000 -9999.000 -9999.000 -9999.000 -9999.000 -9999.000 -9999.000 -9999.000 -9999.000 -9999.000 -9999.000 -9999.000 -9999.000 -9999.000 -9999.000 -9999.000 -9999.000 -9999.000 -9999.000 -9999.000
-9999.000 -9999.000 -9999.000 -9999.000 -9999.000 -9999.000 -9999.000 -9999.000 -9999.000 -9999.000 -9999.000 -9999.000 -9999.000 -9999.000 -9999.000 0.1422748 0.1333895 0.1404157 0.1500934 0.1610729 0.1731196 0.1863072 0.2008860 0.2172724 0.2361076 0.2583812 0.2856336 0.3202258 0.3637129 0.3677533 0.3677533 -9999.000 -9999.000 -9999.000 -9999.000 -9999.000 -9999.000 -9999.000 -9999.000 -9999.000 -9999.000 -9999.000 -9999.000 -9999.000 -9999.000 -9999.000 -9999.000 -9999.000 -9999.000 -9999.000 -9999.000 -9999.000 -9999.000 -9999.000 -9999.000 -9999.000 -9999.000 -9999.000 -9999.000 -9999.000
-9999.000 -9999.000 -9999.000 -9999.000 -9999.000 -9999.000 -9999.000 -9999.000 -9999.000 -9999.000 -9999.000 -9999.000 -9999.000 -9999.000 -9999.000 0.1248578 0.1182716 0.1271849 0.1388286 0.1518523 0.1660137 0.1814124 0.1983572 0.2173635 0.2392360 0.2652438 0.2974123 0.3389654 0.3929386 0.4094374 0.4094374 -9999.000 -9999.000 -9999.000 -9999.000 -9999.000 -9999.000 -9999.000 -9999.000 -9999.000 -9999.000 -9999.000 -9999.000 -9999.000 -9999.000 -9999.000 -9999.000 -9999.000 -9999.000 -9999.000 -9999.000 -9999.000 -9999.000 -9999.000 -9999.000 -9999.000 -9999.000 -9999.000 -9999.000 -9999.000
-9999.000 -9999.000 -9999.000 -9999.000 -9999.000 -9999.000 -9999.000 -9999.000 -9999.000 -9999.000 -9999.000 -9999.000 -9999.000 -9999.000 -9999.000 0.1051080 0.1021568 0.1135702 0.1276400 0.1430771 0.1596522 0.1775074 0.1970254 0.2188377 0.2439417 0.2739496 0.3115212 0.3611082 0.4282312 0.4652944 0.4652944 -9999.000 -9999.000 -9999.000 -9999.000 -9999.000 -9999.000 -9999.000 -9999.000 -9999.000 -9999.000 -9999.000 -9999.000 -9999.000 -9999.000 -9999.000 -9999.000 -9999.000 -9999.000 -9999.000 -9999.000 -9999.000 -9999.000 -9999.000 -9999.000 -9999.000 -9999.000 -9999.000 -9999.000 -9999.000
-9999.000 -9999.000 -9999.000 -9999.000 -9999.000 -9999.000 -9999.000 -9999.000 -9999.000 -9999.000 -9999.000 -9999.000 -9999.000 -9999.000 -9999.000 0.8275276E-01 0.8530391E-01 0.1002192 0.1174292 0.1358124 0.1552112 0.1758493 0.1982083 0.2230522 0.2515928 0.2858360 0.3292312 0.3879381 0.4716114 0.5443889 0.5443889 -9999.000 -9999.000 -9999.000 -9999.000 -9999.000 -9999.000 -9999.000 -9999.000 -9999.000 -9999.000 -9999.000 -9999.000 -9999.000 -9999.000 -9999.000 -9999.000 -9999.000 -9999.000 -9999.000 -9999.000 -9999.000 -9999.000 -9999.000 -9999.000 -9999.000 -9999.000 -9999.000 -9999.000 -9999.000
-9999.000 -9999.000 -9999.000 -9999.000 -9999.000 -9999.000 -9999.000 -9999.000 -9999.000 -9999.000 -9999.000 -9999.000 -9999.000 -9999.000 -9999.000 0.5774137E-01 0.7691132E-01 0.1008932 0.1237053 0.1456438 0.1673393 0.1895475 0.2131559 0.2392884 0.2695452 0.3064757 0.3545327 0.4222044 0.5258804 0.6655775 0.6655775 -9999.000 -9999.000 -9999.000 -9999.000 -9999.000 -9999.000 -9999.000 -9999.000 -9999.000 -9999.000 -9999.000 -9999.000 -9999.000 -9999.000 -9999.000 -9999.000 -9999.000 -9999.000 -9999.000 -9999.000 -9999.000 -9999.000 -9999.000 -9999.000 -9999.000 -9999.000 -9999.000 -9999.000 -9999.000
1.605692 1.605692 1.670265 1.702527 1.711145 1.711145 1.717438 1.725494 1.725494 1.729836 1.729836 1.731061 1.531238 1.353004 1.272608 1.272608 1.116542 1.051293 0.9793857 0.9030878 0.8252252 0.7492774 0.6792908 0.6197789 0.5757453 0.5530182 0.5591784 0.6058728 0.7144499 0.9452956 0.9452956 1.561725 1.759483 1.826766 1.791720 1.791720 1.662257 1.662257 1.479223 1.479223 1.134119 0.9203513 0.9203513 0.9096897 0.9096897 0.9490016 0.9490016 0.9490016 0.9985327 0.9985327 1.042256 1.042256 1.079060 1.079060 1.123598 1.123598 1.151232 1.151232 1.151232 1.171447
1.620033 1.620033 1.690050 1.736359 1.752411 1.752411 1.766224 1.789382 1.789382 1.808755 1.808755 1.824953 1.682915 1.473740 1.416724 1.416724 1.352956 1.326657 1.292391 1.249575 1.198476 1.140278 1.077181 1.012616 0.9515582 0.9009788 0.8705286 0.8737998 0.9308529 1.076211 1.076211 1.523803 1.678559 1.780789 1.795262 1.795262 1.776361 1.776361 1.692463 1.692463 1.528151 1.217977 1.217977 1.213288 1.213288 1.263278 1.263278 1.263278 1.316055 1.316055 1.363514 1.363514 1.390763 1.390763 1.445491 1.445491 1.479424 1.479424 1.479424 1.506583
1.623376 1.623376 1.691462 1.736860 1.752878 1.752878 1.766775 1.790275 1.790275 1.810092 1.810092 1.826812 1.724560 1.493372 1.449517 1.449517 1.417695 1.409736 1.397614 1.379910 1.355837 1.325260 1.288808 1.248077 1.205936 1.166978 1.138243 1.130462 1.160532 1.259860 1.259860 1.603934 1.744035 1.859047 1.885242 1.885242 1.889433 1.889433 1.836669 1.836669 1.749692 1.481958 1.481958 1.436863 1.436863 1.472809 1.472809 1.472809 1.520781 1.520781 1.561884 1.561884 1.593876 1.593876 1.633692 1.633692 1.662518 1.662518 1.662518 1.684849
1.625967 1.625967 1.692612 1.737073 1.752929 1.752929 1.766759 1.790250 1.790250 1.810095 1.810095 1.826870 1.760990 1.512485 1.470296 1.470296 1.454732 1.454529 1.452122 1.446529 1.437167 1.423767 1.406459 1.385935 1.363726 1.342566 1.326951 1.324122 1.346303 1.420317 1.420317 1.684223 1.805874 1.913229 1.936566 1.936566 1.942308 1.942308 1.910959 1.910959 1.869375 1.685808 1.685808 1.597976 1.597976 1.621803 1.621803 1.621803 1.662822 1.662822 1.698941 1.698941 1.727791 1.727791 1.759770 1.759770 1.784892 1.784892 1.784892 1.803985
1.627907 1.627907 1.693544 1.737258 1.752967 1.752967 1.766731 1.790208 1.790208 1.810078 1.810078 1.826919 1.783560 1.544549 1.489202 1.489202 1.487808 1.492603 1.495213 1.495328 1.492983 1.488369 1.481817 1.473866 1.465453 1.458192 1.454767 1.459584 1.480562 1.539472 1.539472 1.749309 1.849619 1.937500 1.951936 1.951936 1.951005 1.951005 1.938438 1.938438 1.925148 1.828349 1.828349 1.731845 1.731845 1.728605 1.728605 1.728605 1.762413 1.762413 1.794677 1.794677 1.821233 1.821233 1.848094 1.848094 1.870182 1.870182 1.870182 1.886775
1.629253 1.629253 1.694227 1.737405 1.752998 1.752998 1.766706 1.790174 1.790174 1.810064 1.810064 1.826986 1.799107 1.583449 1.505805 1.505805 1.520206 1.530140 1.536833 1.540510 1.541761 1.541319 1.539979 1.538549 1.537915 1.539196 1.543959 1.554396 1.574583 1.622926 1.622926 1.791234 1.870269 1.928948 1.932669 1.932669 1.930003 1.930003 1.939597 1.939597 1.945402 1.915588 1.915588 1.842563 1.842563 1.813018 1.813018 1.813018 1.836931 1.836931 1.864485 1.864485 1.888562 1.888562 1.911591 1.911591 1.930647 1.930647 1.930647 1.944797
1.630045 1.630045 1.694645 1.737501 1.753017 1.753017 1.766690 1.790151 1.790151 1.810056 1.810056 1.827061 1.810087 1.628080 1.522080 1.522080 1.553995 1.569517 1.580239 1.586850 1.590343 1.591866 1.592659 1.593915 1.596737 1.602166 1.611178 1.624048 1.640689 1.676780 1.676780 1.808972 1.863678 1.886636 1.883890 1.883890 1.893142 1.893142 1.927747 1.927747 1.947074 1.960893 1.960893 1.925439 1.925439 1.884141 1.884141 1.884141 1.896542 1.896542 1.917699 1.917699 1.938429 1.938429 1.957702 1.957702 1.973485 1.973485 1.973485 1.985051
1.630306 1.630306 1.694785 1.737533 1.753024 1.753024 1.766685 1.790143 1.790143 1.810053 1.810053 1.827136 1.817752 1.675225 1.539261 1.539261 1.590433 1.612022 1.626947 1.636380 1.641625 1.644102 1.645400 1.647095 1.650599 1.657111 1.667378 1.679437 1.687348 1.705019 1.705019 1.798073 1.823496 1.815881 1.816825 1.816825 1.851629 1.851629 1.909800 1.909800 1.938702 1.979118 1.979118 1.978557 1.978557 1.943845 1.943845 1.943845 1.946525 1.946525 1.960168 1.960168 1.976155 1.976155 1.991209 1.991209 2.003471 2.003471 2.003471 2.012302
1.630045 1.630045 1.694645 1.737500 1.753017 1.753017 1.766691 1.790151 1.790151 1.810056 1.810056 1.827205 1.823060 1.720829 1.559260 1.559260 1.630780 1.658990 1.678198 1.690322 1.697096 1.700076 1.701050 1.701877 1.704314 1.709878 1.719357 1.726927 1.716090 1.704685 1.704685 1.752697 1.745694 1.730517 1.745437 1.745437 1.811540 1.811540 1.888744 1.888744 1.924451 1.981299 1.981299 2.006536 2.006536 1.990811 1.990811 1.990811 1.988601 1.988601 1.995191 1.995191 2.005339 2.005339 2.015514 2.015514 2.023798 2.023798 2.023798 2.029664
1.629253 1.629253 1.694227 1.737406 1.752997 1.752997 1.766706 1.790174 1.790174 1.810064 1.810064 1.827265 1.826707 1.750126 1.587642 1.587642 1.677467 1.711689 1.735039 1.749877 1.757959 1.761044 1.761120 1.760298 1.760636 1.763937 1.770823 1.767895 1.720874 1.670341 1.670341 1.667924 1.636647 1.645257 1.678196 1.678196 1.774144 1.774144 1.865772 1.865772 1.906536 1.974195 1.974195 2.016788 2.016788 2.024030 2.024030 2.024030 2.022475 2.022475 2.024066 2.024066 2.028225 2.028225 2.032910 2.032910 2.036711 2.036711 2.036711 2.039385
1.627907 1.627907 1.693543 1.737258 1.752967 1.752967 1.766730 1.790208 1.790208 1.810078 1.810078 1.827315 1.829185 1.772908 1.616155 1.616155 1.730526 1.770826 1.798507 1.815895 1.825002 1.827820 1.826522 1.823434 1.820881 1.820946 1.823589 1.797940 1.683415 1.590004 1.590004 1.543519 1.516729 1.569456 1.614409 1.614409 1.740040 1.740040 1.842652 1.842652 1.887280 1.962341 1.962341 2.016214 2.016214 2.044464 2.044464 2.044464 2.047586 2.047586 2.046940 2.046940 2.045859 2.045859 2.044847 2.044847 2.043843 2.043843 2.043843 2.043221
1.625967 1.625967 1.692612 1.737073 1.752929 1.752929 1.766759 1.790249 1.790249 1.810094 1.810094 1.827355 1.830824 1.788864 1.640827 1.640827 1.794236 1.840165 1.871183 1.890142 1.899447 1.901318 1.898047 1.892089 1.885964 1.882003 1.877890 1.794065 1.587941 1.466746 1.466746 1.401617 1.401332 1.503262 1.566833 1.566833 1.708283 1.708283 1.820180 1.820180 1.867736 1.947807 1.947807 2.008889 2.008889 2.053610 2.053610 2.053610 2.063058 2.063058 2.062556 2.062556 2.057598 2.057598 2.051303 2.051303 2.045597 2.045597 2.045597 2.041836
