cruce_test.gid/Rasters/Hydraulic/Velocity____117.0.asc
NCOLS        79
NROWS        79
XLLCENTER         -1.500000
YLLCENTER         -4.800000
CELLSIZE           0.100
NODATA_VALUE     -9999.0
[rows 0 to 26 of 79, columns 0 to 59 of 79]
-9999.000 -9999.000 -9999.000 -9999.000 -9999.000 -9999.000 -9999.000 -9999.000 -9999.000 -9999.000 -9999.000 -9999.000 -9999.000 -9999.000 -9999.000 0.1534390 0.1523438 0.1522915 0.1524256 0.1526481 0.1529028 0.1531546 0.1533837 0.1535883 0.1537932 0.1540643 0.1545456 0.1555044 0.1573806 0.1571539 0.1571539 -9999.000 -9999.000 -9999.000 -9999.000 -9999.000 -9999.000 -9999.000 -9999.000 -9999.000 -9999.000 -9999.000 -9999.000 -9999.000 -9999.000 -9999.000 -9999.000 -9999.000 -9999.000 -9999.000 -9999.000 -9999.000 -9999.000 -9999.000 -9999.000 -9999.000 -9999.000 -9999.000 -9999.000 -9999.000
-9999.000 -9999.000 -9999.000 -9999.000 -9999.000 -9999.000 -9999.000 -9999.000 -9999.000 -9999.000 -9999.000 -9999.000 -9999.000 -9999.000 -9999.000 0.1513712 0.1490449 0.1489394 0.1492480 0.1497614 0.1503571 0.1509540 0.1515038 0.1519970 0.1524828 0.1531000 0.1541610 0.1562516 0.1603189 0.1604202 0.1604202 -9999.000 -9999.000 -9999.000 -9999.000 -9999.000 -9999.000 -9999.000 -9999.000 -9999.000 -9999.000 -9999.000 -9999.000 -9999.000 -9999.000 -9999.000 -9999.000 -9999.000 -9999.000 -9999.000 -9999.000 -9999.000 -9999.000 -9999.000 -9999.000 -9999.000 -9999.000 -9999.000 -9999.000 -9999.000
-9999.000 -9999.000 -9999.000 -9999.000 -9999.000 -9999.000 -9999.000 -9999.000 -9999.000 -9999.000 -9999.000 -9999.000 -9999.000 -9999.000 -9999.000 0.1480650 0.1444044 0.1442449 0.1447997 0.1457274 0.1468225 0.1479467 0.1490170 0.1500162 0.1510269 0.1522816 0.1542952 0.1580204 0.1649610 0.1661223 0.1661223 -9999.000 -9999.000 -9999.000 -9999.000 -9999.000 -9999.000 -9999.000 -9999.000 -9999.000 -9999.000 -9999.000 -9999.000 -9999.000 -9999.000 -9999.000 -9999.000 -9999.000 -9999.000 -9999.000 -9999.000 -9999.000 -9999.000 -9999.000 -9999.000 -9999.000 -9999.000 -9999.000 -9999.000 -9999.000
-9999.000 -9999.000 -9999.000 -9999.000 -9999.000 -9999.000 -9999.000 -9999.000 -9999.000 -9999.000 -9999.000 -9999.000 -9999.000 -9999.000 -9999.000 0.1440688 0.1391257 0.1389427 0.1398015 0.1412223 0.1429128 0.1446726 0.1463826 0.1480163 0.1496895 0.1517310 0.1548675 0.1604405 0.1705661 0.1734736 0.1734736 -9999.000 -9999.000 -9999.000 -9999.000 -9999.000 -9999.000 -9999.000 -9999.000 -9999.000 -9999.000 -9999.000 -9999.000 -9999.000 -9999.000 -9999.000 -9999.000 -9999.000 -9999.000 -9999.000 -9999.000 -9999.000 -9999.000 -9999.000 -9999.000 -9999.000 -9999.000 -9999.000 -9999.000 -9999.000
-9999.000 -9999.000 -9999.000 -9999.000 -9999.000 -9999.000 -9999.000 -9999.000 -9999.000 -9999.000 -9999.000 -9999.000 -9999.000 -9999.000 -9999.000 0.1395128 0.1333344 0.1331528 0.1343630 0.1363418 0.1387041 0.1411839 0.1436230 0.1459849 0.1484211 0.1513603 0.1557557 0.1633701 0.1770052 0.1824150 0.1824150 -9999.000 -9999.000 -9999.000 -9999.000 -9999.000 -9999.000 -9999.000 -9999.000 -9999.000 -9999.000 -9999.000 -9999.000 -9999.000 -9999.000 -9999.000 -9999.000 -9999.000 -9999.000 -9999.000 -9999.000 -9999.000 -9999.000 -9999.000 -9999.000 -9999.000 -9999.000 -9999.000 -9999.000 -9999.000
-9999.000 -9999.000 -9999.000 -9999.000 -9999.000 -9999.000 -9999.000 -9999.000 -9999.000 -9999.000 -9999.000 -9999.000 -9999.000 -9999.000 -9999.000 0.1344640 0.1271049 0.1269485 0.1285530 0.1311466 0.1342462 0.1375149 0.1407543 0.1439178 0.1471943 0.1511205 0.1568938 0.1667375 0.1842368 0.1930311 0.1930311 -9999.000 -9999.000 -9999.000 -9999.000 -9999.000 -9999.000 -9999.000 -9999.000 -9999.000 -9999.000 -9999.000 -9999.000 -9999.000 -9999.000 -9999.000 -9999.000 -9999.000 -9999.000 -9999.000 -9999.000 -9999.000 -9999.000 -9999.000 -9999.000 -9999.000 -9999.000 -9999.000 -9999.000 -9999.000
-9999.000 -9999.000 -9999.000 -9999.000 -9999.000 -9999.000 -9999.000 -9999.000 -9999.000 -9999.000 -9999.000 -9999.000 -9999.000 -9999.000 -9999.000 0.1289408 0.1204725 0.1203691 0.1224111 0.1256751 0.1295726 0.1336914 0.1377914 0.1418165 0.1459967 0.1509856 0.1582463 0.1705117 0.1922756 0.2055269 0.2055269 -9999.000 -9999.000 -9999.000 -9999.000 -9999.000 -9999.000 -9999.000 -9999.000 -9999.000 -9999.000 -9999.000 -9999.000 -9999.000 -9999.000 -9999.000 -9999.000 -9999.000 -9999.000 -9999.000 -9999.000 -9999.000 -9999.000 -9999.000 -9999.000 -9999.000 -9999.000 -9999.000 -9999.000 -9999.000
-9999.000 -9999.000 -9999.000 -9999.000 -9999.000 -9999.000 -9999.000 -9999.000 -9999.000 -9999.000 -9999.000 -9999.000 -9999.000 -9999.000 -9999.000 0.1229249 0.1134442 0.1134302 0.1159591 0.1199522 0.1247088 0.1297353 0.1347503 0.1396889 0.1448270 0.1509456 0.1597988 0.1746888 0.2011770 0.2202333 0.2202333 -9999.000 -9999.000 -9999.000 -9999.000 -9999.000 -9999.000 -9999.000 -9999.000 -9999.000 -9999.000 -9999.000 -9999.000 -9999.000 -9999.000 -9999.000 -9999.000 -9999.000 -9999.000 -9999.000 -9999.000 -9999.000 -9999.000 -9999.000 -9999.000 -9999.000 -9999.000 -9999.000 -9999.000 -9999.000
-9999.000 -9999.000 -9999.000 -9999.000 -9999.000 -9999.000 -9999.000 -9999.000 -9999.000 -9999.000 -9999.000 -9999.000 -9999.000 -9999.000 -9999.000 0.1163684 0.1060066 0.1061318 0.1092082 0.1139975 0.1196788 0.1256714 0.1316530 0.1375519 0.1436962 0.1510054 0.1615542 0.1792858 0.2110334 0.2376389 0.2376389 -9999.000 -9999.000 -9999.000 -9999.000 -9999.000 -9999.000 -9999.000 -9999.000 -9999.000 -9999.000 -9999.000 -9999.000 -9999.000 -9999.000 -9999.000 -9999.000 -9999.000 -9999.000 -9999.000 -9999.000 -9999.000 -9999.000 -9999.000 -9999.000 -9999.000 -9999.000 -9999.000 -9999.000 -9999.000
-9999.000 -9999.000 -9999.000 -9999.000 -9999.000 -9999.000 -9999.000 -9999.000 -9999.000 -9999.000 -9999.000 -9999.000 -9999.000 -9999.000 -9999.000 0.1091981 0.9812890E-01 0.9846413E-01 0.1021676 0.1078346 0.1145147 0.1215351 0.1285353 0.1354397 0.1426343 0.1511911 0.1635377 0.1843438 0.2219761 0.2584523 0.2584523 -9999.000 -9999.000 -9999.000 -9999.000 -9999.000 -9999.000 -9999.000 -9999.000 -9999.000 -9999.000 -9999.000 -9999.000 -9999.000 -9999.000 -9999.000 -9999.000 -9999.000 -9999.000 -9999.000 -9999.000 -9999.000 -9999.000 -9999.000 -9999.000 -9999.000 -9999.000 -9999.000 -9999.000 -9999.000
-9999.000 -9999.000 -9999.000 -9999.000 -9999.000 -9999.000 -9999.000 -9999.000 -9999.000 -9999.000 -9999.000 -9999.000 -9999.000 -9999.000 -9999.000 0.1013142 0.8976582E-01 0.9041473E-01 0.9485489E-01 0.1015038 0.1092708 0.1173884 0.1254625 0.1334185 0.1417076 0.1515671 0.1658111 0.1899382 0.2341844 0.2837156 0.2837156 -9999.000 -9999.000 -9999.000 -9999.000 -9999.000 -9999.000 -9999.000 -9999.000 -9999.000 -9999.000 -9999.000 -9999.000 -9999.000 -9999.000 -9999.000 -9999.000 -9999.000 -9999.000 -9999.000 -9999.000 -9999.000 -9999.000 -9999.000 -9999.000 -9999.000 -9999.000 -9999.000 -9999.000 -9999.000
-9999.000 -9999.000 -9999.000 -9999.000 -9999.000 -9999.000 -9999.000 -9999.000 -9999.000 -9999.000 -9999.000 -9999.000 -9999.000 -9999.000 -9999.000 0.9258656E-01 0.8085933E-01 0.8198068E-01 0.8731781E-01 0.9508847E-01 0.1040525 0.1133491 0.1225619 0.1316231 0.1410563 0.1522751 0.1685112 0.1962080 0.2479068 0.3150086 0.3150086 -9999.000 -9999.000 -9999.000 -9999.000 -9999.000 -9999.000 -9999.000 -9999.000 -9999.000 -9999.000 -9999.000 -9999.000 -9999.000 -9999.000 -9999.000 -9999.000 -9999.000 -9999.000 -9999.000 -9999.000 -9999.000 -9999.000 -9999.000 -9999.000 -9999.000 -9999.000 -9999.000 -9999.000 -9999.000
-9999.000 -9999.000 -9999.000 -9999.000 -9999.000 -9999.000 -9999.000 -9999.000 -9999.000 -9999.000 -9999.000 -9999.000 -9999.000 -9999.000 -9999.000 0.8284393E-01 0.7134556E-01 0.7319912E-01 0.7968136E-01 0.8877108E-01 0.9907637E-01 0.1096577 0.1200947 0.1303361 0.1409836 0.1536296 0.1719421 0.2034307 0.2635058 0.3548317 0.3548317 -9999.000 -9999.000 -9999.000 -9999.000 -9999.000 -9999.000 -9999.000 -9999.000 -9999.000 -9999.000 -9999.000 -9999.000 -9999.000 -9999.000 -9999.000 -9999.000 -9999.000 -9999.000 -9999.000 -9999.000 -9999.000 -9999.000 -9999.000 -9999.000 -9999.000 -9999.000 -9999.000 -9999.000 -9999.000
-9999.000 -9999.000 -9999.000 -9999.000 -9999.000 -9999.000 -9999.000 -9999.000 -9999.000 -9999.000 -9999.000 -9999.000 -9999.000 -9999.000 -9999.000 0.7180971E-01 0.6118430E-01 0.6428827E-01 0.7236734E-01 0.8309157E-01 0.9494642E-01 0.1069604 0.1187457 0.1302847 0.1422600 0.1564284 0.1768734 0.2122686 0.2816078 0.4074305 0.4074305 -9999.000 -9999.000 -9999.000 -9999.000 -9999.000 -9999.000 -9999.000 -9999.000 -9999.000 -9999.000 -9999.000 -9999.000 -9999.000 -9999.000 -9999.000 -9999.000 -9999.000 -9999.000 -9999.000 -9999.000 -9999.000 -9999.000 -9999.000 -9999.000 -9999.000 -9999.000 -9999.000 -9999.000 -9999.000
-9999.000 -9999.000 -9999.000 -9999.000 -9999.000 -9999.000 -9999.000 -9999.000 -9999.000 -9999.000 -9999.000 -9999.000 -9999.000 -9999.000 -9999.000 0.5620474E-01 0.5783520E-01 0.6972210E-01 0.8298216E-01 0.9613648E-01 0.1087452 0.1206085 0.1318056 0.1425757 0.1537467 0.1672262 0.1875244 0.2248071 0.3029326 0.4781239 0.4781239 -9999.000 -9999.000 -9999.000 -9999.000 -9999.000 -9999.000 -9999.000 -9999.000 -9999.000 -9999.000 -9999.000 -9999.000 -9999.000 -9999.000 -9999.000 -9999.000 -9999.000 -9999.000 -9999.000 -9999.000 -9999.000 -9999.000 -9999.000 -9999.000 -9999.000 -9999.000 -9999.000 -9999.000 -9999.000
2.111706 2.111706 2.159208 2.205319 2.213507 2.213507 2.219076 2.225793 2.225793 2.228896 2.228896 2.229570 2.229196 2.228427 2.227307 2.227307 1.945016 1.898088 1.845229 1.781641 1.705717 1.617529 1.518149 1.409610 1.295379 1.181156 1.076264 0.9966739 0.9730943 1.075968 1.075968 1.874984 2.016261 2.039355 2.026956 2.026956 1.980221 1.980221 1.868567 1.868567 1.615757 1.288238 1.288238 1.201823 1.201823 1.223567 1.223567 1.223567 1.274202 1.274202 1.332972 1.332972 1.380062 1.380062 1.418655 1.418655 1.447376 1.447376 1.447376 1.465644
2.125045 2.125045 2.187845 2.246035 2.263456 2.263456 2.278258 2.303337 2.303337 2.324643 2.324643 2.343378 2.351984 2.360158 2.367948 2.367948 2.201180 2.180922 2.170430 2.156784 2.134712 2.101148 2.055304 1.996338 1.924782 1.842990 1.756577 1.675861 1.621744 1.645546 1.645546 2.117851 2.266873 2.377254 2.396563 2.396563 2.393401 2.393401 2.335134 2.335134 2.226898 1.924257 1.924257 1.816525 1.816525 1.839272 1.839272 1.839272 1.875039 1.875039 1.935396 1.935396 1.981958 1.981958 2.021994 2.021994 2.054589 2.054589 2.054589 2.079266
2.127842 2.127842 2.191938 2.246259 2.263818 2.263818 2.278841 2.304407 2.304407 2.326232 2.326232 2.345543 2.354465 2.362976 2.371122 2.371122 2.244281 2.224463 2.226616 2.232871 2.235552 2.231552 2.219570 2.198357 2.167219 2.125514 2.076869 2.028710 1.993214 2.005776 2.005776 2.330187 2.462691 2.593150 2.621799 2.621799 2.627967 2.627967 2.575844 2.575844 2.510979 2.300548 2.300548 2.172727 2.172727 2.176536 2.176536 2.176536 2.211884 2.211884 2.256805 2.256805 2.295207 2.295207 2.328032 2.328032 2.354929 2.354929 2.354929 2.375259
2.130056 2.130056 2.195039 2.246193 2.263664 2.263664 2.278727 2.304398 2.304398 2.326260 2.326260 2.345577 2.354502 2.363018 2.371170 2.371170 2.273619 2.250052 2.253970 2.267152 2.279568 2.287543 2.289898 2.285902 2.275124 2.257163 2.233994 2.210123 2.193902 2.209723 2.209723 2.432165 2.551050 2.680167 2.708052 2.708052 2.708427 2.708427 2.658253 2.658253 2.616062 2.476754 2.476754 2.351587 2.351587 2.334181 2.334181 2.334181 2.364550 2.364550 2.403227 2.403227 2.438387 2.438387 2.468453 2.468453 2.492482 2.492482 2.492482 2.510256
2.131738 2.131738 2.197360 2.246175 2.263516 2.263516 2.278603 2.304372 2.304372 2.326268 2.326268 2.345580 2.354500 2.363012 2.371161 2.371161 2.301631 2.278772 2.282704 2.298976 2.316461 2.330512 2.339646 2.343402 2.341782 2.334901 2.324457 2.314028 2.309991 2.329432 2.329432 2.483248 2.588591 2.701445 2.718942 2.718942 2.702753 2.702753 2.661026 2.661026 2.638409 2.563695 2.563695 2.464583 2.464583 2.424849 2.424849 2.424849 2.447648 2.447648 2.480941 2.480941 2.513373 2.513373 2.541102 2.541102 2.562823 2.562823 2.562823 2.578495
2.132918 2.132918 2.198974 2.246187 2.263398 2.263398 2.278496 2.304348 2.304348 2.326276 2.326276 2.345584 2.354499 2.363007 2.371156 2.371156 2.327984 2.311255 2.316510 2.334651 2.355434 2.373568 2.387012 2.395161 2.398117 2.396314 2.391409 2.386656 2.387450 2.405994 2.405994 2.513599 2.599799 2.675457 2.674149 2.674149 2.644156 2.644156 2.625621 2.625621 2.622961 2.601649 2.601649 2.541424 2.541424 2.489357 2.489357 2.489357 2.501862 2.501862 2.528403 2.528403 2.556909 2.556909 2.581739 2.581739 2.601039 2.601039 2.601039 2.614652
2.133617 2.133617 2.199924 2.246205 2.263325 2.263325 2.278423 2.304333 2.304333 2.326282 2.326282 2.345587 2.354499 2.363004 2.371151 2.371151 2.352896 2.346600 2.355690 2.375651 2.398710 2.419772 2.436412 2.447709 2.453605 2.454541 2.452010 2.448961 2.450099 2.463842 2.463842 2.534458 2.590958 2.602762 2.582402 2.582402 2.559550 2.559550 2.577041 2.577041 2.592477 2.610741 2.610741 2.589630 2.589630 2.541050 2.541050 2.541050 2.543420 2.543420 2.561775 2.561775 2.584784 2.584784 2.605784 2.605784 2.622097 2.622097 2.622097 2.633382
2.133848 2.133848 2.200238 2.246213 2.263300 2.263300 2.278399 2.304327 2.304327 2.326284 2.326284 2.345588 2.354500 2.363004 2.371150 2.371150 2.377606 2.384513 2.400096 2.422634 2.447408 2.470421 2.489306 2.502935 2.511005 2.513783 2.512450 2.509506 2.508814 2.514515 2.514515 2.546865 2.553667 2.483804 2.460105 2.460105 2.472893 2.472893 2.527994 2.527994 2.557347 2.602901 2.602901 2.614004 2.614004 2.582475 2.582475 2.582475 2.578181 2.578181 2.588141 2.588141 2.604357 2.604357 2.620305 2.620305 2.632814 2.632814 2.632814 2.641392
2.133616 2.133616 2.199924 2.246205 2.263325 2.263325 2.278423 2.304333 2.304333 2.326282 2.326282 2.345587 2.354499 2.363004 2.371151 2.371151 2.404132 2.425674 2.449798 2.476029 2.502381 2.526521 2.546665 2.561737 2.571281 2.575349 2.574746 2.571402 2.567824 2.560677 2.560677 2.538715 2.464711 2.335923 2.334650 2.334650 2.397894 2.397894 2.482309 2.482309 2.521281 2.585310 2.585310 2.620317 2.620317 2.612816 2.612816 2.612816 2.607035 2.607035 2.610012 2.610012 2.618783 2.618783 2.628557 2.628557 2.636418 2.636418 2.636418 2.641917
2.132918 2.132918 2.198974 2.246187 2.263399 2.263399 2.278495 2.304349 2.304349 2.326276 2.326276 2.345583 2.354499 2.363007 2.371155 2.371155 2.435205 2.471816 2.505507 2.536333 2.564347 2.588963 2.609371 2.624870 2.635030 2.639755 2.639513 2.635567 2.627765 2.595314 2.595314 2.476958 2.300553 2.193620 2.228568 2.228568 2.335593 2.335593 2.439404 2.439404 2.484938 2.561779 2.561779 2.613678 2.613678 2.630895 2.630895 2.630895 2.628378 2.628378 2.626921 2.626921 2.628525 2.628525 2.631446 2.631446 2.634012 2.634012 2.634012 2.636186
2.131738 2.131738 2.197361 2.246176 2.263516 2.263516 2.278602 2.304371 2.304371 2.326268 2.326268 2.345580 2.354500 2.363012 2.371161 2.371161 2.474473 2.525788 2.568867 2.604458 2.634043 2.658539 2.678235 2.693051 2.702797 2.707363 2.706964 2.702030 2.685593 2.591044 2.591044 2.309822 2.075720 2.081167 2.139718 2.139718 2.279659 2.279659 2.396356 2.396356 2.446777 2.533035 2.533035 2.596767 2.596767 2.635697 2.635697 2.635697 2.639424 2.639424 2.636280 2.636280 2.631830 2.631830 2.627875 2.627875 2.624919 2.624919 2.624919 2.623766
2.130056 2.130056 2.195038 2.246193 2.263663 2.263663 2.278727 2.304398 2.304398 2.326261 2.326261 2.345577 2.354502 2.363018 2.371170 2.371170 2.527059 2.591777 2.642704 2.682056 2.712472 2.736015 2.753957 2.766918 2.775096 2.778507 2.777235 2.770067 2.727643 2.476360 2.476360 2.002314 1.881381 1.989201 2.066365 2.066365 2.224408 2.224408 2.350811 2.350811 2.405365 2.498717 2.498717 2.570641 2.570641 2.626715 2.626715 2.626715 2.637564 2.637564 2.634829 2.634829 2.625862 2.625862 2.615690 2.615690 2.607521 2.607521 2.607521 2.603347
