cruce_test.gid/Rasters/Hydraulic/Velocity__x_282.0.asc
NCOLS        79
NROWS        79
XLLCENTER         -1.500000
YLLCENTER         -4.800000
CELLSIZE           0.100
NODATA_VALUE     -9999.0
[rows 0 to 25 of 79, columns 0 to 57 of 79]
-9999.000 -9999.000 -9999.000 -9999.000 -9999.000 -9999.000 -9999.000 -9999.000 -9999.000 -9999.000 -9999.000 -9999.000 -9999.000 -9999.000 -9999.000 -0.4641926E-03 0.7958467E-03 0.4390004E-02 0.8575060E-02 0.1239584E-01 0.1541169E-01 0.1750028E-01 0.1865637E-01 0.1896153E-01 0.1852116E-01 0.1741488E-01 0.1569406E-01 0.1324522E-01 0.9382417E-02 0.4607648E-02 0.4607648E-02 -9999.000 -9999.000 -9999.000 -9999.000 -9999.000 -9999.000 -9999.000 -9999.000 -9999.000 -9999.000 -9999.000 -9999.000 -9999.000 -9999.000 -9999.000 -9999.000 -9999.000 -9999.000 -9999.000 -9999.000 -9999.000 -9999.000 -9999.000 -9999.000 -9999.000 -9999.000 -9999.000
-9999.000 -9999.000 -9999.000 -9999.000 -9999.000 -9999.000 -9999.000 -9999.000 -9999.000 -9999.000 -9999.000 -9999.000 -9999.000 -9999.000 -9999.000 0.7658615E-03 0.3240456E-02 0.7936134E-02 0.1311352E-01 0.1783309E-01 0.2161103E-01 0.2426243E-01 0.2572792E-01 0.2604669E-01 0.2529751E-01 0.2355099E-01 0.2086566E-01 0.1716756E-01 0.1190040E-01 0.5825558E-02 0.5825558E-02 -9999.000 -9999.000 -9999.000 -9999.000 -9999.000 -9999.000 -9999.000 -9999.000 -9999.000 -9999.000 -9999.000 -9999.000 -9999.000 -9999.000 -9999.000 -9999.000 -9999.000 -9999.000 -9999.000 -9999.000 -9999.000 -9999.000 -9999.000 -9999.000 -9999.000 -9999.000 -9999.000
-9999.000 -9999.000 -9999.000 -9999.000 -9999.000 -9999.000 -9999.000 -9999.000 -9999.000 -9999.000 -9999.000 -9999.000 -9999.000 -9999.000 -9999.000 0.1290513E-02 0.4364842E-02 0.9735340E-02 0.1553810E-01 0.2079514E-01 0.2499697E-01 0.2794096E-01 0.2955469E-01 0.2987064E-01 0.2896566E-01 0.2691483E-01 0.2378762E-01 0.1952200E-01 0.1355668E-01 0.6674514E-02 0.6674514E-02 -9999.000 -9999.000 -9999.000 -9999.000 -9999.000 -9999.000 -9999.000 -9999.000 -9999.000 -9999.000 -9999.000 -9999.000 -9999.000 -9999.000 -9999.000 -9999.000 -9999.000 -9999.000 -9999.000 -9999.000 -9999.000 -9999.000 -9999.000 -9999.000 -9999.000 -9999.000 -9999.000
-9999.000 -9999.000 -9999.000 -9999.000 -9999.000 -9999.000 -9999.000 -9999.000 -9999.000 -9999.000 -9999.000 -9999.000 -9999.000 -9999.000 -9999.000 0.1588479E-02 0.5021358E-02 0.1081613E-01 0.1702314E-01 0.2263083E-01 0.2711137E-01 0.3025335E-01 0.3197754E-01 0.3231544E-01 0.3134501E-01 0.2914298E-01 0.2578408E-01 0.2120550E-01 0.1481724E-01 0.7350660E-02 0.7350660E-02 -9999.000 -9999.000 -9999.000 -9999.000 -9999.000 -9999.000 -9999.000 -9999.000 -9999.000 -9999.000 -9999.000 -9999.000 -9999.000 -9999.000 -9999.000 -9999.000 -9999.000 -9999.000 -9999.000 -9999.000 -9999.000 -9999.000 -9999.000 -9999.000 -9999.000 -9999.000 -9999.000
-9999.000 -9999.000 -9999.000 -9999.000 -9999.000 -9999.000 -9999.000 -9999.000 -9999.000 -9999.000 -9999.000 -9999.000 -9999.000 -9999.000 -9999.000 0.1803493E-02 0.5502483E-02 0.1161902E-01 0.1813565E-01 0.2401328E-01 0.2871125E-01 0.3201317E-01 0.3383633E-01 0.3421311E-01 0.3322274E-01 0.3094233E-01 0.2744865E-01 0.2267190E-01 0.1597776E-01 0.7997067E-02 0.7997067E-02 -9999.000 -9999.000 -9999.000 -9999.000 -9999.000 -9999.000 -9999.000 -9999.000 -9999.000 -9999.000 -9999.000 -9999.000 -9999.000 -9999.000 -9999.000 -9999.000 -9999.000 -9999.000 -9999.000 -9999.000 -9999.000 -9999.000 -9999.000 -9999.000 -9999.000 -9999.000 -9999.000
-9999.000 -9999.000 -9999.000 -9999.000 -9999.000 -9999.000 -9999.000 -9999.000 -9999.000 -9999.000 -9999.000 -9999.000 -9999.000 -9999.000 -9999.000 0.1999713E-02 0.5939607E-02 0.1234525E-01 0.1913928E-01 0.2525751E-01 0.3015069E-01 0.3360008E-01 0.3552183E-01 0.3594987E-01 0.3496525E-01 0.3264480E-01 0.2906531E-01 0.2414552E-01 0.1719390E-01 0.8692970E-02 0.8692970E-02 -9999.000 -9999.000 -9999.000 -9999.000 -9999.000 -9999.000 -9999.000 -9999.000 -9999.000 -9999.000 -9999.000 -9999.000 -9999.000 -9999.000 -9999.000 -9999.000 -9999.000 -9999.000 -9999.000 -9999.000 -9999.000 -9999.000 -9999.000 -9999.000 -9999.000 -9999.000 -9999.000
-9999.000 -9999.000 -9999.000 -9999.000 -9999.000 -9999.000 -9999.000 -9999.000 -9999.000 -9999.000 -9999.000 -9999.000 -9999.000 -9999.000 -9999.000 0.2206350E-02 0.6395116E-02 0.1309114E-01 0.2015947E-01 0.2651382E-01 0.3159880E-01 0.3519665E-01 0.3722228E-01 0.3771409E-01 0.3675430E-01 0.3441836E-01 0.3078325E-01 0.2575174E-01 0.1856136E-01 0.9491509E-02 0.9491509E-02 -9999.000 -9999.000 -9999.000 -9999.000 -9999.000 -9999.000 -9999.000 -9999.000 -9999.000 -9999.000 -9999.000 -9999.000 -9999.000 -9999.000 -9999.000 -9999.000 -9999.000 -9999.000 -9999.000 -9999.000 -9999.000 -9999.000 -9999.000 -9999.000 -9999.000 -9999.000 -9999.000
-9999.000 -9999.000 -9999.000 -9999.000 -9999.000 -9999.000 -9999.000 -9999.000 -9999.000 -9999.000 -9999.000 -9999.000 -9999.000 -9999.000 -9999.000 0.2440057E-02 0.6902190E-02 0.1390711E-01 0.2126207E-01 0.2786072E-01 0.3314494E-01 0.3689952E-01 0.3904022E-01 0.3961052E-01 0.3869403E-01 0.3636512E-01 0.3269948E-01 0.2758018E-01 0.2015768E-01 0.1043837E-01 0.1043837E-01 -9999.000 -9999.000 -9999.000 -9999.000 -9999.000 -9999.000 -9999.000 -9999.000 -9999.000 -9999.000 -9999.000 -9999.000 -9999.000 -9999.000 -9999.000 -9999.000 -9999.000 -9999.000 -9999.000 -9999.000 -9999.000 -9999.000 -9999.000 -9999.000 -9999.000 -9999.000 -9999.000
-9999.000 -9999.000 -9999.000 -9999.000 -9999.000 -9999.000 -9999.000 -9999.000 -9999.000 -9999.000 -9999.000 -9999.000 -9999.000 -9999.000 -9999.000 0.2711194E-02 0.7482025E-02 0.1482543E-01 0.2248929E-01 0.2934898E-01 0.3484674E-01 0.3877294E-01 0.4104477E-01 0.4171214E-01 0.4086149E-01 0.3856435E-01 0.3489590E-01 0.2971429E-01 0.2206408E-01 0.1158620E-01 0.1158620E-01 -9999.000 -9999.000 -9999.000 -9999.000 -9999.000 -9999.000 -9999.000 -9999.000 -9999.000 -9999.000 -9999.000 -9999.000 -9999.000 -9999.000 -9999.000 -9999.000 -9999.000 -9999.000 -9999.000 -9999.000 -9999.000 -9999.000 -9999.000 -9999.000 -9999.000 -9999.000 -9999.000
-9999.000 -9999.000 -9999.000 -9999.000 -9999.000 -9999.000 -9999.000 -9999.000 -9999.000 -9999.000 -9999.000 -9999.000 -9999.000 -9999.000 -9999.000 0.3028260E-02 0.8153120E-02 0.1587445E-01 0.2387765E-01 0.3102250E-01 0.3675494E-01 0.4087383E-01 0.4329868E-01 0.4408884E-01 0.4333288E-01 0.4110007E-01 0.3746393E-01 0.3225295E-01 0.2438320E-01 0.1300235E-01 0.1300235E-01 -9999.000 -9999.000 -9999.000 -9999.000 -9999.000 -9999.000 -9999.000 -9999.000 -9999.000 -9999.000 -9999.000 -9999.000 -9999.000 -9999.000 -9999.000 -9999.000 -9999.000 -9999.000 -9999.000 -9999.000 -9999.000 -9999.000 -9999.000 -9999.000 -9999.000 -9999.000 -9999.000
-9999.000 -9999.000 -9999.000 -9999.000 -9999.000 -9999.000 -9999.000 -9999.000 -9999.000 -9999.000 -9999.000 -9999.000 -9999.000 -9999.000 -9999.000 0.3400874E-02 0.8934928E-02 0.1708409E-01 0.2546704E-01 0.3292958E-01 0.3892615E-01 0.4326691E-01 0.4587555E-01 0.4682272E-01 0.4620053E-01 0.4407564E-01 0.4052060E-01 0.3532690E-01 0.2725507E-01 0.1478094E-01 0.1478094E-01 -9999.000 -9999.000 -9999.000 -9999.000 -9999.000 -9999.000 -9999.000 -9999.000 -9999.000 -9999.000 -9999.000 -9999.000 -9999.000 -9999.000 -9999.000 -9999.000 -9999.000 -9999.000 -9999.000 -9999.000 -9999.000 -9999.000 -9999.000 -9999.000 -9999.000 -9999.000 -9999.000
-9999.000 -9999.000 -9999.000 -9999.000 -9999.000 -9999.000 -9999.000 -9999.000 -9999.000 -9999.000 -9999.000 -9999.000 -9999.000 -9999.000 -9999.000 0.3840860E-02 0.9852587E-02 0.1849361E-01 0.2730884E-01 0.3513309E-01 0.4143386E-01 0.4603690E-01 0.4887192E-01 0.5002457E-01 0.4959094E-01 0.4763519E-01 0.4423026E-01 0.3912318E-01 0.3088484E-01 0.1706085E-01 0.1706085E-01 -9999.000 -9999.000 -9999.000 -9999.000 -9999.000 -9999.000 -9999.000 -9999.000 -9999.000 -9999.000 -9999.000 -9999.000 -9999.000 -9999.000 -9999.000 -9999.000 -9999.000 -9999.000 -9999.000 -9999.000 -9999.000 -9999.000 -9999.000 -9999.000 -9999.000 -9999.000 -9999.000
-9999.000 -9999.000 -9999.000 -9999.000 -9999.000 -9999.000 -9999.000 -9999.000 -9999.000 -9999.000 -9999.000 -9999.000 -9999.000 -9999.000 -9999.000 0.4367613E-02 0.1094719E-01 0.2016748E-01 0.2948681E-01 0.3773317E-01 0.4439360E-01 0.4931471E-01 0.5243490E-01 0.5385988E-01 0.5369158E-01 0.5199260E-01 0.4883789E-01 0.4392087E-01 0.3558041E-01 0.2005130E-01 0.2005130E-01 -9999.000 -9999.000 -9999.000 -9999.000 -9999.000 -9999.000 -9999.000 -9999.000 -9999.000 -9999.000 -9999.000 -9999.000 -9999.000 -9999.000 -9999.000 -9999.000 -9999.000 -9999.000 -9999.000 -9999.000 -9999.000 -9999.000 -9999.000 -9999.000 -9999.000 -9999.000 -9999.000
-9999.000 -9999.000 -9999.000 -9999.000 -9999.000 -9999.000 -9999.000 -9999.000 -9999.000 -9999.000 -9999.000 -9999.000 -9999.000 -9999.000 -9999.000 0.5543314E-02 0.1339057E-01 0.2382281E-01 0.3364076E-01 0.4223139E-01 0.4915459E-01 0.5429138E-01 0.5760895E-01 0.5924789E-01 0.5932159E-01 0.5789268E-01 0.5504013E-01 0.5038856E-01 0.4198645E-01 0.2417847E-01 0.2417847E-01 -9999.000 -9999.000 -9999.000 -9999.000 -9999.000 -9999.000 -9999.000 -9999.000 -9999.000 -9999.000 -9999.000 -9999.000 -9999.000 -9999.000 -9999.000 -9999.000 -9999.000 -9999.000 -9999.000 -9999.000 -9999.000 -9999.000 -9999.000 -9999.000 -9999.000 -9999.000 -9999.000
-9999.000 -9999.000 -9999.000 -9999.000 -9999.000 -9999.000 -9999.000 -9999.000 -9999.000 -9999.000 -9999.000 -9999.000 -9999.000 -9999.000 -9999.000 0.7071272E-01 0.1070844 0.1228886 0.1154110 0.1059783 0.9828948E-01 0.9106234E-01 0.8429614E-01 0.7804331E-01 0.7210033E-01 0.6629796E-01 0.6043965E-01 0.5382005E-01 0.4403968E-01 0.2171443E-01 0.2171443E-01 -9999.000 -9999.000 -9999.000 -9999.000 -9999.000 -9999.000 -9999.000 -9999.000 -9999.000 -9999.000 -9999.000 -9999.000 -9999.000 -9999.000 -9999.000 -9999.000 -9999.000 -9999.000 -9999.000 -9999.000 -9999.000 -9999.000 -9999.000 -9999.000 -9999.000 -9999.000 -9999.000
2.793110 2.793110 2.781289 2.811523 2.829577 2.829577 2.832434 2.832692 2.832692 2.829356 2.829356 2.823601 2.820062 2.816183 2.812237 2.812237 2.935088 2.938658 2.939745 2.921942 2.881757 2.819829 2.735057 2.626396 2.497908 2.350348 2.187812 2.019916 1.871829 1.811769 1.811769 2.660539 2.836372 2.935392 2.959543 2.959543 2.990456 2.990456 2.968637 2.968637 2.921885 2.733481 2.733481 2.326281 2.326281 2.049117 2.049117 2.049117 2.039594 2.039594 2.074039 2.074039 2.122566 2.122566 2.172381 2.172381 2.216412 2.216412
2.816139 2.816139 2.807353 2.865028 2.890036 2.890036 2.904758 2.927553 2.927553 2.946285 2.946285 2.962409 2.969745 2.976694 2.983510 2.983510 3.075252 3.092397 3.107316 3.117220 3.121111 3.117834 3.104847 3.079011 3.038660 2.981322 2.905853 2.813559 2.711638 2.636599 2.636599 3.094566 3.254972 3.407272 3.448085 3.448085 3.493631 3.493631 3.492524 3.492524 3.469454 3.362234 3.362234 3.138330 3.138330 2.877395 2.877395 2.877395 2.865951 2.865951 2.902420 2.902420 2.954078 2.954078 3.006446 3.006446 3.053616 3.053616
2.821917 2.821917 2.808290 2.866999 2.889842 2.889842 2.905224 2.928845 2.928845 2.948177 2.948177 2.964989 2.972714 2.980074 2.987357 2.987357 3.069931 3.098601 3.124481 3.146262 3.163338 3.175459 3.181869 3.181217 3.172524 3.154056 3.124177 3.082388 3.031930 2.994197 2.994197 3.257506 3.414003 3.593208 3.644858 3.644858 3.696971 3.696971 3.685256 3.685256 3.654593 3.551556 3.551556 3.398017 3.398017 3.172204 3.172204 3.172204 3.144841 3.144841 3.169544 3.169544 3.212866 3.212866 3.259109 3.259109 3.301669 3.301669
2.826470 2.826470 2.809446 2.868134 2.889318 2.889318 2.904946 2.928882 2.928882 2.948213 2.948213 2.965010 2.972738 2.980108 2.987456 2.987456 3.064743 3.103219 3.139316 3.170985 3.197180 3.217558 3.231883 3.239768 3.241107 3.235472 3.222284 3.201405 3.174906 3.156508 3.156508 3.317753 3.457027 3.644800 3.702260 3.702260 3.751636 3.751636 3.718506 3.718506 3.677963 3.584157 3.584157 3.487023 3.487023 3.313199 3.313199 3.313199 3.272342 3.272342 3.283344 3.283344 3.318270 3.318270 3.359680 3.359680 3.399091 3.399091
2.829901 2.829901 2.810718 2.868917 2.888975 2.888975 2.904727 2.928917 2.928917 2.948235 2.948235 2.965001 2.972724 2.980092 2.987524 2.987524 3.063745 3.110736 3.156113 3.196836 3.231410 3.259216 3.280015 3.293661 3.300273 3.299990 3.292939 3.279574 3.261805 3.249179 3.249179 3.348713 3.464064 3.642653 3.696536 3.696536 3.722790 3.722790 3.661667 3.661667 3.619819 3.556008 3.556008 3.512276 3.512276 3.398798 3.398798 3.398798 3.351979 3.351979 3.348394 3.348394 3.372411 3.372411 3.407301 3.407301 3.442605 3.442605
2.832276 2.832276 2.811867 2.869414 2.888763 2.888763 2.904573 2.928943 2.928943 2.948244 2.948244 2.964977 2.972696 2.980065 2.987625 2.987625 3.067950 3.122778 3.176495 3.225292 3.267383 3.301967 3.328734 3.347575 3.358618 3.362112 3.358413 3.348188 3.333186 3.320287 3.320287 3.378125 3.465973 3.615188 3.651051 3.651051 3.630475 3.630475 3.555361 3.555361 3.528287 3.510693 3.510693 3.512354 3.512354 3.456509 3.456509 3.456509 3.413561 3.413561 3.398432 3.398432 3.409975 3.409975 3.435983 3.435983 3.465260 3.465260
2.833666 2.833666 2.812671 2.869693 2.888662 2.888662 2.904501 2.928993 2.928993 2.948300 2.948300 2.965040 2.972771 2.980155 2.987908 2.987908 3.078329 3.140855 3.202048 3.257804 3.306274 3.346638 3.378585 3.402029 3.417072 3.423944 3.423003 3.414877 3.400991 3.386173 3.386173 3.414556 3.473168 3.566187 3.564028 3.564028 3.488466 3.488466 3.436283 3.436283 3.436363 3.465670 3.465670 3.501035 3.501035 3.493879 3.493879 3.493879 3.463104 3.463104 3.442531 3.442531 3.442403 3.442403 3.457834 3.457834 3.479052 3.479052
2.834122 2.834122 2.812962 2.869781 2.888629 2.888629 2.904475 2.929007 2.929007 2.948318 2.948318 2.965066 2.972804 2.980194 2.988197 2.988197 3.095733 3.166220 3.234159 3.295690 3.349211 3.394072 3.430076 3.457212 3.475595 3.485423 3.486985 3.480769 3.467801 3.451095 3.451095 3.457844 3.484759 3.480581 3.422640 3.422640 3.324482 3.324482 3.331240 3.331240 3.359002 3.424343 3.424343 3.482924 3.482924 3.514422 3.514422 3.514422 3.500516 3.500516 3.481306 3.481306 3.472595 3.472595 3.477051 3.477051 3.488545 3.488545
2.833663 2.833663 2.812673 2.869692 2.888661 2.888661 2.904501 2.928993 2.928993 2.948301 2.948301 2.965040 2.972771 2.980156 2.988497 2.988497 3.121672 3.200599 3.274556 3.340549 3.397557 3.445331 3.483923 3.513487 3.534202 3.546264 3.549892 3.545419 3.533408 3.514870 3.514870 3.503074 3.489219 3.332331 3.227681 3.227681 3.177287 3.177287 3.252231 3.252231 3.299069 3.387104 3.387104 3.461168 3.461168 3.522049 3.522049 3.522049 3.525943 3.525943 3.513446 3.513446 3.500534 3.500534 3.495049 3.495049 3.495852 3.495852
2.832271 2.832271 2.811871 2.869413 2.888761 2.888761 2.904572 2.928943 2.928943 2.948244 2.948244 2.964978 2.972697 2.980065 2.988864 2.988864 3.158339 3.246089 3.325104 3.393935 3.452547 3.501317 3.540701 3.571097 3.592813 3.606075 3.611061 3.607938 3.596639 3.574823 3.574823 3.538674 3.456664 3.113562 3.017997 3.017997 3.070284 3.070284 3.191144 3.191144 3.248403 3.349979 3.349979 3.434919 3.434919 3.517906 3.517906 3.517906 3.538089 3.538089 3.535290 3.535290 3.522363 3.522363 3.509190 3.509190 3.499382 3.499382
2.829895 2.829895 2.810725 2.868916 2.888973 2.888973 2.904726 2.928916 2.928916 2.948234 2.948234 2.965000 2.972724 2.980092 2.989544 2.989544 3.209246 3.305656 3.388129 3.457582 3.515389 3.562800 3.600798 3.630096 3.651172 3.664311 3.669663 3.667203 3.655514 3.623591 3.623591 3.534780 3.330123 2.871002 2.853492 2.853492 2.995612 2.995612 3.137681 3.137681 3.200199 3.310250 3.310250 3.403150 3.403150 3.502402 3.502402 3.502402 3.536062 3.536062 3.543558 3.543558 3.533459 3.533459 3.515295 3.515295 3.495895 3.495895
