cruce_test.gid/Rasters/Hydraulic/Velocity__x_190.0.asc
NCOLS        79
NROWS        79
XLLCENTER         -1.500000
YLLCENTER         -4.800000
CELLSIZE           0.100
NODATA_VALUE     -9999.0
[rows 0 to 25 of 79, columns 0 to 57 of 79]
-9999.000 -9999.000 -9999.000 -9999.000 -9999.000 -9999.000 -9999.000 -9999.000 -9999.000 -9999.000 -9999.000 -9999.000 -9999.000 -9999.000 -9999.000 -0.1722389E-02 -0.1629706E-02 0.1331961E-02 0.5835643E-02 0.1060606E-01 0.1458119E-01 0.1741992E-01 0.1909205E-01 0.1965029E-01 0.1923864E-01 0.1801421E-01 0.1606028E-01 0.1334008E-01 0.9323419E-02 0.4554383E-02 0.4554383E-02 -9999.000 -9999.000 -9999.000 -9999.000 -9999.000 -9999.000 -9999.000 -9999.000 -9999.000 -9999.000 -9999.000 -9999.000 -9999.000 -9999.000 -9999.000 -9999.000 -9999.000 -9999.000 -9999.000 -9999.000 -9999.000 -9999.000 -9999.000 -9999.000 -9999.000 -9999.000 -9999.000
-9999.000 -9999.000 -9999.000 -9999.000 -9999.000 -9999.000 -9999.000 -9999.000 -9999.000 -9999.000 -9999.000 -9999.000 -9999.000 -9999.000 -9999.000 -0.5388237E-03 0.7175902E-03 0.4696980E-02 0.1007931E-01 0.1563901E-01 0.2032058E-01 0.2371783E-01 0.2572717E-01 0.2634723E-01 0.2568510E-01 0.2388003E-01 0.2102351E-01 0.1711768E-01 0.1175333E-01 0.5729636E-02 0.5729636E-02 -9999.000 -9999.000 -9999.000 -9999.000 -9999.000 -9999.000 -9999.000 -9999.000 -9999.000 -9999.000 -9999.000 -9999.000 -9999.000 -9999.000 -9999.000 -9999.000 -9999.000 -9999.000 -9999.000 -9999.000 -9999.000 -9999.000 -9999.000 -9999.000 -9999.000 -9999.000 -9999.000
-9999.000 -9999.000 -9999.000 -9999.000 -9999.000 -9999.000 -9999.000 -9999.000 -9999.000 -9999.000 -9999.000 -9999.000 -9999.000 -9999.000 -9999.000 -0.1135899E-03 0.1655985E-02 0.6248337E-02 0.1222350E-01 0.1831214E-01 0.2341915E-01 0.2711565E-01 0.2928483E-01 0.2991641E-01 0.2911658E-01 0.2702994E-01 0.2375758E-01 0.1931564E-01 0.1329629E-01 0.6520066E-02 0.6520066E-02 -9999.000 -9999.000 -9999.000 -9999.000 -9999.000 -9999.000 -9999.000 -9999.000 -9999.000 -9999.000 -9999.000 -9999.000 -9999.000 -9999.000 -9999.000 -9999.000 -9999.000 -9999.000 -9999.000 -9999.000 -9999.000 -9999.000 -9999.000 -9999.000 -9999.000 -9999.000 -9999.000
-9999.000 -9999.000 -9999.000 -9999.000 -9999.000 -9999.000 -9999.000 -9999.000 -9999.000 -9999.000 -9999.000 -9999.000 -9999.000 -9999.000 -9999.000 0.8477325E-04 0.2130929E-02 0.7098145E-02 0.1346132E-01 0.1990929E-01 0.2530942E-01 0.2921706E-01 0.3150911E-01 0.3217186E-01 0.3131463E-01 0.2908745E-01 0.2559536E-01 0.2085741E-01 0.1444648E-01 0.7137076E-02 0.7137076E-02 -9999.000 -9999.000 -9999.000 -9999.000 -9999.000 -9999.000 -9999.000 -9999.000 -9999.000 -9999.000 -9999.000 -9999.000 -9999.000 -9999.000 -9999.000 -9999.000 -9999.000 -9999.000 -9999.000 -9999.000 -9999.000 -9999.000 -9999.000 -9999.000 -9999.000 -9999.000 -9999.000
-9999.000 -9999.000 -9999.000 -9999.000 -9999.000 -9999.000 -9999.000 -9999.000 -9999.000 -9999.000 -9999.000 -9999.000 -9999.000 -9999.000 -9999.000 0.1997524E-03 0.2432033E-02 0.7677732E-02 0.1434256E-01 0.2107698E-01 0.2671403E-01 0.3079724E-01 0.3320090E-01 0.3390828E-01 0.3303369E-01 0.3073188E-01 0.2710824E-01 0.2218015E-01 0.1548917E-01 0.7718361E-02 0.7718361E-02 -9999.000 -9999.000 -9999.000 -9999.000 -9999.000 -9999.000 -9999.000 -9999.000 -9999.000 -9999.000 -9999.000 -9999.000 -9999.000 -9999.000 -9999.000 -9999.000 -9999.000 -9999.000 -9999.000 -9999.000 -9999.000 -9999.000 -9999.000 -9999.000 -9999.000 -9999.000 -9999.000
-9999.000 -9999.000 -9999.000 -9999.000 -9999.000 -9999.000 -9999.000 -9999.000 -9999.000 -9999.000 -9999.000 -9999.000 -9999.000 -9999.000 -9999.000 0.2912009E-03 0.2683594E-02 0.8177724E-02 0.1511586E-01 0.2211209E-01 0.2796600E-01 0.3221298E-01 0.3472600E-01 0.3548703E-01 0.3461656E-01 0.3227327E-01 0.2856104E-01 0.2349249E-01 0.1656792E-01 0.8336571E-02 0.8336571E-02 -9999.000 -9999.000 -9999.000 -9999.000 -9999.000 -9999.000 -9999.000 -9999.000 -9999.000 -9999.000 -9999.000 -9999.000 -9999.000 -9999.000 -9999.000 -9999.000 -9999.000 -9999.000 -9999.000 -9999.000 -9999.000 -9999.000 -9999.000 -9999.000 -9999.000 -9999.000 -9999.000
-9999.000 -9999.000 -9999.000 -9999.000 -9999.000 -9999.000 -9999.000 -9999.000 -9999.000 -9999.000 -9999.000 -9999.000 -9999.000 -9999.000 -9999.000 0.3873507E-03 0.2943557E-02 0.8687043E-02 0.1589761E-01 0.2315267E-01 0.2922096E-01 0.3363129E-01 0.3625754E-01 0.3708062E-01 0.3622811E-01 0.3386373E-01 0.3008784E-01 0.2490598E-01 0.1776652E-01 0.9037431E-02 0.9037431E-02 -9999.000 -9999.000 -9999.000 -9999.000 -9999.000 -9999.000 -9999.000 -9999.000 -9999.000 -9999.000 -9999.000 -9999.000 -9999.000 -9999.000 -9999.000 -9999.000 -9999.000 -9999.000 -9999.000 -9999.000 -9999.000 -9999.000 -9999.000 -9999.000 -9999.000 -9999.000 -9999.000
-9999.000 -9999.000 -9999.000 -9999.000 -9999.000 -9999.000 -9999.000 -9999.000 -9999.000 -9999.000 -9999.000 -9999.000 -9999.000 -9999.000 -9999.000 0.5026372E-03 0.3241996E-02 0.9251502E-02 0.1674672E-01 0.2426994E-01 0.3055874E-01 0.3513834E-01 0.3788542E-01 0.3878009E-01 0.3795893E-01 0.3559067E-01 0.3177081E-01 0.2649479E-01 0.1914832E-01 0.9858665E-02 0.9858665E-02 -9999.000 -9999.000 -9999.000 -9999.000 -9999.000 -9999.000 -9999.000 -9999.000 -9999.000 -9999.000 -9999.000 -9999.000 -9999.000 -9999.000 -9999.000 -9999.000 -9999.000 -9999.000 -9999.000 -9999.000 -9999.000 -9999.000 -9999.000 -9999.000 -9999.000 -9999.000 -9999.000
-9999.000 -9999.000 -9999.000 -9999.000 -9999.000 -9999.000 -9999.000 -9999.000 -9999.000 -9999.000 -9999.000 -9999.000 -9999.000 -9999.000 -9999.000 0.6467387E-03 0.3598524E-02 0.9901003E-02 0.1770207E-01 0.2550934E-01 0.3203063E-01 0.3678992E-01 0.3966909E-01 0.4064742E-01 0.3987309E-01 0.3751990E-01 0.3367633E-01 0.2832595E-01 0.2077788E-01 0.1084148E-01 0.1084148E-01 -9999.000 -9999.000 -9999.000 -9999.000 -9999.000 -9999.000 -9999.000 -9999.000 -9999.000 -9999.000 -9999.000 -9999.000 -9999.000 -9999.000 -9999.000 -9999.000 -9999.000 -9999.000 -9999.000 -9999.000 -9999.000 -9999.000 -9999.000 -9999.000 -9999.000 -9999.000 -9999.000
-9999.000 -9999.000 -9999.000 -9999.000 -9999.000 -9999.000 -9999.000 -9999.000 -9999.000 -9999.000 -9999.000 -9999.000 -9999.000 -9999.000 -9999.000 0.8282430E-03 0.4030794E-02 0.1066095E-01 0.1879644E-01 0.2691002E-01 0.3368070E-01 0.3863459E-01 0.4166108E-01 0.4273904E-01 0.4203118E-01 0.3971633E-01 0.3587409E-01 0.3047388E-01 0.2273248E-01 0.1203743E-01 0.1203743E-01 -9999.000 -9999.000 -9999.000 -9999.000 -9999.000 -9999.000 -9999.000 -9999.000 -9999.000 -9999.000 -9999.000 -9999.000 -9999.000 -9999.000 -9999.000 -9999.000 -9999.000 -9999.000 -9999.000 -9999.000 -9999.000 -9999.000 -9999.000 -9999.000 -9999.000 -9999.000 -9999.000
-9999.000 -9999.000 -9999.000 -9999.000 -9999.000 -9999.000 -9999.000 -9999.000 -9999.000 -9999.000 -9999.000 -9999.000 -9999.000 -9999.000 -9999.000 0.1056350E-02 0.4557507E-02 0.1156013E-01 0.2006709E-01 0.2851612E-01 0.3555852E-01 0.4072714E-01 0.4392142E-01 0.4512070E-01 0.4450523E-01 0.4225992E-01 0.3845311E-01 0.3303684E-01 0.2511724E-01 0.1351690E-01 0.1351690E-01 -9999.000 -9999.000 -9999.000 -9999.000 -9999.000 -9999.000 -9999.000 -9999.000 -9999.000 -9999.000 -9999.000 -9999.000 -9999.000 -9999.000 -9999.000 -9999.000 -9999.000 -9999.000 -9999.000 -9999.000 -9999.000 -9999.000 -9999.000 -9999.000 -9999.000 -9999.000 -9999.000
-9999.000 -9999.000 -9999.000 -9999.000 -9999.000 -9999.000 -9999.000 -9999.000 -9999.000 -9999.000 -9999.000 -9999.000 -9999.000 -9999.000 -9999.000 0.1345193E-02 0.5207868E-02 0.1264319E-01 0.2157392E-01 0.3039457E-01 0.3773756E-01 0.4314689E-01 0.4653519E-01 0.4788398E-01 0.4739540E-01 0.4526140E-01 0.4153652E-01 0.3615243E-01 0.2808139E-01 0.1538099E-01 0.1538099E-01 -9999.000 -9999.000 -9999.000 -9999.000 -9999.000 -9999.000 -9999.000 -9999.000 -9999.000 -9999.000 -9999.000 -9999.000 -9999.000 -9999.000 -9999.000 -9999.000 -9999.000 -9999.000 -9999.000 -9999.000 -9999.000 -9999.000 -9999.000 -9999.000 -9999.000 -9999.000 -9999.000
-9999.000 -9999.000 -9999.000 -9999.000 -9999.000 -9999.000 -9999.000 -9999.000 -9999.000 -9999.000 -9999.000 -9999.000 -9999.000 -9999.000 -9999.000 0.1758830E-02 0.6119061E-02 0.1412997E-01 0.2359998E-01 0.3283244E-01 0.4048450E-01 0.4614268E-01 0.4973573E-01 0.5124935E-01 0.5091525E-01 0.4893329E-01 0.4534090E-01 0.4004667E-01 0.3185997E-01 0.1778598E-01 0.1778598E-01 -9999.000 -9999.000 -9999.000 -9999.000 -9999.000 -9999.000 -9999.000 -9999.000 -9999.000 -9999.000 -9999.000 -9999.000 -9999.000 -9999.000 -9999.000 -9999.000 -9999.000 -9999.000 -9999.000 -9999.000 -9999.000 -9999.000 -9999.000 -9999.000 -9999.000 -9999.000 -9999.000
-9999.000 -9999.000 -9999.000 -9999.000 -9999.000 -9999.000 -9999.000 -9999.000 -9999.000 -9999.000 -9999.000 -9999.000 -9999.000 -9999.000 -9999.000 0.4080885E-02 0.1108553E-01 0.2220433E-01 0.3313741E-01 0.4211505E-01 0.4920718E-01 0.5430818E-01 0.5735231E-01 0.5835913E-01 0.5761130E-01 0.5531452E-01 0.5147614E-01 0.4596459E-01 0.3737340E-01 0.2124182E-01 0.2124182E-01 -9999.000 -9999.000 -9999.000 -9999.000 -9999.000 -9999.000 -9999.000 -9999.000 -9999.000 -9999.000 -9999.000 -9999.000 -9999.000 -9999.000 -9999.000 -9999.000 -9999.000 -9999.000 -9999.000 -9999.000 -9999.000 -9999.000 -9999.000 -9999.000 -9999.000 -9999.000 -9999.000
-9999.000 -9999.000 -9999.000 -9999.000 -9999.000 -9999.000 -9999.000 -9999.000 -9999.000 -9999.000 -9999.000 -9999.000 -9999.000 -9999.000 -9999.000 0.1094486 0.1693876 0.2015255 0.1963724 0.1673255 0.1439148 0.1241448 0.1072297 0.9275348E-01 0.8049063E-01 0.6979385E-01 0.6007629E-01 0.5063067E-01 0.3942493E-01 0.1880674E-01 0.1880674E-01 -9999.000 -9999.000 -9999.000 -9999.000 -9999.000 -9999.000 -9999.000 -9999.000 -9999.000 -9999.000 -9999.000 -9999.000 -9999.000 -9999.000 -9999.000 -9999.000 -9999.000 -9999.000 -9999.000 -9999.000 -9999.000 -9999.000 -9999.000 -9999.000 -9999.000 -9999.000 -9999.000
2.866232 2.866232 2.847551 2.908155 2.913673 2.913673 2.916060 2.916707 2.916707 2.913923 2.913923 2.908759 2.905505 2.901890 2.897970 2.897970 3.046422 3.050589 3.051314 3.050505 3.023545 2.972605 2.898402 2.800795 2.677389 2.535123 2.374814 2.203924 2.044062 1.962361 1.962361 2.768898 2.945136 3.054597 3.083471 3.083471 3.126281 3.126281 3.128976 3.128976 3.099096 2.955393 2.955393 2.680260 2.680260 2.232326 2.232326 2.232326 2.181769 2.181769 2.196407 2.196407 2.237609 2.237609 2.285418 2.285418 2.330592 2.330592
2.889882 2.889882 2.875074 2.959029 2.976441 2.976441 2.990463 3.014007 3.014007 3.033872 3.033872 3.051176 3.059086 3.066590 3.073739 3.073739 3.179593 3.198111 3.212882 3.226215 3.233062 3.233256 3.225258 3.206422 3.172943 3.123877 3.056909 2.972059 2.874763 2.789288 2.789288 3.206895 3.364524 3.519181 3.562361 3.562361 3.615480 3.615480 3.628658 3.628658 3.615793 3.536559 3.536559 3.374625 3.374625 3.058188 3.058188 3.058188 3.000802 3.000802 3.016868 3.016868 3.060648 3.060648 3.111091 3.111091 3.159154 3.159154
2.895016 2.895016 2.877291 2.958926 2.976745 2.976745 2.991184 3.015358 3.015358 3.035833 3.035833 3.053845 3.062151 3.070076 3.077673 3.077673 3.169435 3.200158 3.226780 3.250622 3.269661 3.283640 3.292340 3.295004 3.289860 3.276018 3.251700 3.215752 3.170110 3.129387 3.129387 3.361180 3.512607 3.692351 3.746456 3.746456 3.807997 3.807997 3.811619 3.811619 3.790631 3.702283 3.702283 3.574495 3.574495 3.335216 3.335216 3.335216 3.268516 3.268516 3.270894 3.270894 3.305266 3.305266 3.349372 3.349372 3.392977 3.392977
2.898186 2.898186 2.880544 2.958416 2.976369 2.976369 2.991042 3.015395 3.015395 3.035877 3.035877 3.053885 3.062197 3.070130 3.077739 3.077739 3.160146 3.200710 3.238235 3.272075 3.300613 3.323230 3.339813 3.350285 3.354153 3.351350 3.341433 3.324041 3.300469 3.280030 3.280030 3.418736 3.550477 3.737333 3.798081 3.798081 3.861033 3.861033 3.844602 3.844602 3.810058 3.716058 3.716058 3.625414 3.625414 3.460994 3.460994 3.460994 3.393272 3.393272 3.381728 3.381728 3.405318 3.405318 3.443113 3.443113 3.482988 3.482988
2.899405 2.899405 2.885004 2.957831 2.975917 2.975917 2.990816 3.015320 3.015320 3.035764 3.035764 3.053739 3.062047 3.069985 3.077606 3.077606 3.155588 3.204369 3.251591 3.294716 3.331988 3.362527 3.386036 3.402493 3.411799 3.414154 3.409751 3.398911 3.383016 3.368644 3.368644 3.451337 3.557530 3.734316 3.793448 3.793448 3.838736 3.838736 3.790671 3.790671 3.746580 3.669375 3.669375 3.624197 3.624197 3.531424 3.531424 3.531424 3.472064 3.472064 3.449180 3.449180 3.459963 3.459963 3.489159 3.489159 3.523754 3.523754
2.895817 2.895817 2.891509 2.957285 2.975555 2.975555 2.990694 3.015413 3.015413 3.035896 3.035896 3.053874 3.062179 3.070111 3.077727 3.077727 3.157028 3.213238 3.268934 3.320274 3.365258 3.402874 3.432705 3.454672 3.468771 3.475209 3.474319 3.466630 3.453454 3.439575 3.439575 3.485017 3.563349 3.712343 3.757387 3.757387 3.758084 3.758084 3.679629 3.679629 3.641662 3.606044 3.606044 3.605848 3.605848 3.573910 3.573910 3.573910 3.530501 3.530501 3.502265 3.502265 3.500587 3.500587 3.519078 3.519078 3.546197 3.546197
2.895353 2.895353 2.895038 2.956912 2.975305 2.975305 2.990592 3.015432 3.015432 3.035915 3.035915 3.053883 3.062186 3.070117 3.077739 3.077739 3.164962 3.228546 3.291766 3.350149 3.401619 3.445181 3.480416 3.507223 3.525624 3.535789 3.538016 3.532793 3.521181 3.506505 3.506505 3.526553 3.577149 3.677389 3.689827 3.689827 3.624203 3.624203 3.545470 3.545470 3.531946 3.547547 3.547547 3.583310 3.583310 3.598405 3.598405 3.598405 3.574921 3.574921 3.548512 3.548512 3.537696 3.537696 3.544759 3.544759 3.562432 3.562432
2.895198 2.895198 2.896223 2.956787 2.975218 2.975218 2.990557 3.015438 3.015438 3.035921 3.035921 3.053887 3.062188 3.070119 3.077752 3.077752 3.180465 3.251852 3.321817 3.385986 3.442507 3.490590 3.529945 3.560544 3.582448 3.595806 3.600842 3.597932 3.587803 3.572451 3.572451 3.574861 3.598014 3.617890 3.574914 3.574914 3.454158 3.454158 3.423106 3.423106 3.440732 3.499182 3.499182 3.559645 3.559645 3.609402 3.609402 3.609402 3.606307 3.606307 3.587729 3.587729 3.572407 3.572407 3.569187 3.569187 3.576285 3.576285
2.895353 2.895353 2.895039 2.956912 2.975305 2.975305 2.990593 3.015433 3.015433 3.035915 3.035915 3.053884 3.062186 3.070117 3.077765 3.077765 3.205010 3.284855 3.360835 3.429414 3.489337 3.540240 3.582117 3.615103 3.639357 3.655041 3.662331 3.661463 3.652802 3.636815 3.636815 3.625203 3.616881 3.506470 3.398868 3.398868 3.285765 3.285765 3.328688 3.328688 3.370951 3.457369 3.457369 3.534028 3.534028 3.609352 3.609352 3.609352 3.624847 3.624847 3.617690 3.617690 3.602795 3.602795 3.591886 3.591886 3.588358 3.588358
2.895817 2.895817 2.891509 2.957285 2.975556 2.975556 2.990694 3.015414 3.015414 3.035896 3.035896 3.053874 3.062179 3.070111 3.077783 3.077783 3.240812 3.329679 3.410737 3.482064 3.543432 3.595148 3.637634 3.671287 3.696419 3.713245 3.721920 3.722557 3.715003 3.697067 3.697067 3.668156 3.610885 3.318014 3.181190 3.181190 3.156161 3.156161 3.261434 3.261434 3.317443 3.419513 3.419513 3.506842 3.506842 3.600862 3.600862 3.600862 3.631858 3.631858 3.637090 3.637090 3.626405 3.626405 3.611061 3.611061 3.597903 3.597903
2.899405 2.899405 2.885005 2.957831 2.975917 2.975917 2.990815 3.015320 3.015320 3.035765 3.035765 3.053740 3.062048 3.069985 3.077701 3.077701 3.291157 3.389035 3.473615 3.545465 3.605846 3.655974 3.696834 3.729151 3.753427 3.769956 3.778891 3.780204 3.772608 3.746814 3.746814 3.680617 3.531649 3.071487 2.982814 2.982814 3.070647 3.070647 3.207464 3.207464 3.269735 3.380565 3.380565 3.475411 3.475411 3.583127 3.583127 3.583127 3.626298 3.626298 3.642994 3.642994 3.638539 3.638539 3.621805 3.621805 3.600867 3.600867
