cruce_test.gid/Rasters/Hydraulic/Velocity__y_295.0.asc
NCOLS        79
NROWS        79
XLLCENTER         -1.500000
YLLCENTER         -4.800000
CELLSIZE           0.100
NODATA_VALUE     -9999.0
[rows 0 to 26 of 79, columns 0 to 58 of 79]
-9999.000 -9999.000 -9999.000 -9999.000 -9999.000 -9999.000 -9999.000 -9999.000 -9999.000 -9999.000 -9999.000 -9999.000 -9999.000 -9999.000 -9999.000 -0.9507102E-01 -0.9270564E-01 -0.9201109E-01 -0.9218130E-01 -0.9269075E-01 -0.9329525E-01 -0.9393186E-01 -0.9454062E-01 -0.9507791E-01 -0.9556475E-01 -0.9599931E-01 -0.9642372E-01 -0.9703258E-01 -0.9843481E-01 -0.9978238E-01 -0.9978238E-01 -9999.000 -9999.000 -9999.000 -9999.000 -9999.000 -9999.000 -9999.000 -9999.000 -9999.000 -9999.000 -9999.000 -9999.000 -9999.000 -9999.000 -9999.000 -9999.000 -9999.000 -9999.000 -9999.000 -9999.000 -9999.000 -9999.000 -9999.000 -9999.000 -9999.000 -9999.000 -9999.000 -9999.000
-9999.000 -9999.000 -9999.000 -9999.000 -9999.000 -9999.000 -9999.000 -9999.000 -9999.000 -9999.000 -9999.000 -9999.000 -9999.000 -9999.000 -9999.000 -0.9423487E-01 -0.8933914E-01 -0.8787178E-01 -0.8827000E-01 -0.8942703E-01 -0.9082028E-01 -0.9230763E-01 -0.9375355E-01 -0.9505809E-01 -0.9625904E-01 -0.9734766E-01 -0.9840854E-01 -0.9984671E-01 -0.1029324 -0.1062022 -0.1062022 -9999.000 -9999.000 -9999.000 -9999.000 -9999.000 -9999.000 -9999.000 -9999.000 -9999.000 -9999.000 -9999.000 -9999.000 -9999.000 -9999.000 -9999.000 -9999.000 -9999.000 -9999.000 -9999.000 -9999.000 -9999.000 -9999.000 -9999.000 -9999.000 -9999.000 -9999.000 -9999.000 -9999.000
-9999.000 -9999.000 -9999.000 -9999.000 -9999.000 -9999.000 -9999.000 -9999.000 -9999.000 -9999.000 -9999.000 -9999.000 -9999.000 -9999.000 -9999.000 -0.9211042E-01 -0.8453710E-01 -0.8221578E-01 -0.8295577E-01 -0.8498584E-01 -0.8745844E-01 -0.9013110E-01 -0.9277017E-01 -0.9520023E-01 -0.9746991E-01 -0.9955209E-01 -0.1015725 -0.1041703 -0.1093667 -0.1153314 -0.1153314 -9999.000 -9999.000 -9999.000 -9999.000 -9999.000 -9999.000 -9999.000 -9999.000 -9999.000 -9999.000 -9999.000 -9999.000 -9999.000 -9999.000 -9999.000 -9999.000 -9999.000 -9999.000 -9999.000 -9999.000 -9999.000 -9999.000 -9999.000 -9999.000 -9999.000 -9999.000 -9999.000 -9999.000
-9999.000 -9999.000 -9999.000 -9999.000 -9999.000 -9999.000 -9999.000 -9999.000 -9999.000 -9999.000 -9999.000 -9999.000 -9999.000 -9999.000 -9999.000 -0.8935386E-01 -0.7918131E-01 -0.7602662E-01 -0.7717116E-01 -0.8015779E-01 -0.8380651E-01 -0.8777364E-01 -0.9172186E-01 -0.9539530E-01 -0.9885105E-01 -0.1020378 -0.1051198 -0.1089778 -0.1164234 -0.1255987 -0.1255987 -9999.000 -9999.000 -9999.000 -9999.000 -9999.000 -9999.000 -9999.000 -9999.000 -9999.000 -9999.000 -9999.000 -9999.000 -9999.000 -9999.000 -9999.000 -9999.000 -9999.000 -9999.000 -9999.000 -9999.000 -9999.000 -9999.000 -9999.000 -9999.000 -9999.000 -9999.000 -9999.000 -9999.000
-9999.000 -9999.000 -9999.000 -9999.000 -9999.000 -9999.000 -9999.000 -9999.000 -9999.000 -9999.000 -9999.000 -9999.000 -9999.000 -9999.000 -9999.000 -0.8619412E-01 -0.7345969E-01 -0.6947684E-01 -0.7106654E-01 -0.7506450E-01 -0.7995086E-01 -0.8528131E-01 -0.9061015E-01 -0.9559740E-01 -0.1003103 -0.1046692 -0.1088779 -0.1140729 -0.1239067 -0.1368513 -0.1368513 -9999.000 -9999.000 -9999.000 -9999.000 -9999.000 -9999.000 -9999.000 -9999.000 -9999.000 -9999.000 -9999.000 -9999.000 -9999.000 -9999.000 -9999.000 -9999.000 -9999.000 -9999.000 -9999.000 -9999.000 -9999.000 -9999.000 -9999.000 -9999.000 -9999.000 -9999.000 -9999.000 -9999.000
-9999.000 -9999.000 -9999.000 -9999.000 -9999.000 -9999.000 -9999.000 -9999.000 -9999.000 -9999.000 -9999.000 -9999.000 -9999.000 -9999.000 -9999.000 -0.8271001E-01 -0.6744401E-01 -0.6263547E-01 -0.6470440E-01 -0.6975635E-01 -0.7592561E-01 -0.8266975E-01 -0.8943013E-01 -0.9578000E-01 -0.1018006 -0.1073796 -0.1127642 -0.1193647 -0.1317381 -0.1491046 -0.1491046 -9999.000 -9999.000 -9999.000 -9999.000 -9999.000 -9999.000 -9999.000 -9999.000 -9999.000 -9999.000 -9999.000 -9999.000 -9999.000 -9999.000 -9999.000 -9999.000 -9999.000 -9999.000 -9999.000 -9999.000 -9999.000 -9999.000 -9999.000 -9999.000 -9999.000 -9999.000 -9999.000 -9999.000
-9999.000 -9999.000 -9999.000 -9999.000 -9999.000 -9999.000 -9999.000 -9999.000 -9999.000 -9999.000 -9999.000 -9999.000 -9999.000 -9999.000 -9999.000 -0.7891055E-01 -0.6115076E-01 -0.5552218E-01 -0.5810484E-01 -0.6424959E-01 -0.7174000E-01 -0.7994031E-01 -0.8817377E-01 -0.9592451E-01 -0.1032937 -0.1101317 -0.1167338 -0.1248081 -0.1398931 -0.1624744 -0.1624744 -9999.000 -9999.000 -9999.000 -9999.000 -9999.000 -9999.000 -9999.000 -9999.000 -9999.000 -9999.000 -9999.000 -9999.000 -9999.000 -9999.000 -9999.000 -9999.000 -9999.000 -9999.000 -9999.000 -9999.000 -9999.000 -9999.000 -9999.000 -9999.000 -9999.000 -9999.000 -9999.000 -9999.000
-9999.000 -9999.000 -9999.000 -9999.000 -9999.000 -9999.000 -9999.000 -9999.000 -9999.000 -9999.000 -9999.000 -9999.000 -9999.000 -9999.000 -9999.000 -0.7477054E-01 -0.5456993E-01 -0.4813245E-01 -0.5126695E-01 -0.5854316E-01 -0.6739034E-01 -0.7708585E-01 -0.8682900E-01 -0.9601337E-01 -0.1047672 -0.1128978 -0.1207563 -0.1303761 -0.1483720 -0.1771531 -0.1771531 -9999.000 -9999.000 -9999.000 -9999.000 -9999.000 -9999.000 -9999.000 -9999.000 -9999.000 -9999.000 -9999.000 -9999.000 -9999.000 -9999.000 -9999.000 -9999.000 -9999.000 -9999.000 -9999.000 -9999.000 -9999.000 -9999.000 -9999.000 -9999.000 -9999.000 -9999.000 -9999.000 -9999.000
-9999.000 -9999.000 -9999.000 -9999.000 -9999.000 -9999.000 -9999.000 -9999.000 -9999.000 -9999.000 -9999.000 -9999.000 -9999.000 -9999.000 -9999.000 -0.7024509E-01 -0.4767574E-01 -0.4044783E-01 -0.4417792E-01 -0.5262611E-01 -0.6286457E-01 -0.7409274E-01 -0.8537961E-01 -0.9602644E-01 -0.1061975 -0.1156509 -0.1248020 -0.1360449 -0.1571844 -0.1934088 -0.1934088 -9999.000 -9999.000 -9999.000 -9999.000 -9999.000 -9999.000 -9999.000 -9999.000 -9999.000 -9999.000 -9999.000 -9999.000 -9999.000 -9999.000 -9999.000 -9999.000 -9999.000 -9999.000 -9999.000 -9999.000 -9999.000 -9999.000 -9999.000 -9999.000 -9999.000 -9999.000 -9999.000 -9999.000
-9999.000 -9999.000 -9999.000 -9999.000 -9999.000 -9999.000 -9999.000 -9999.000 -9999.000 -9999.000 -9999.000 -9999.000 -9999.000 -9999.000 -9999.000 -0.6527504E-01 -0.4043166E-01 -0.3243997E-01 -0.3681619E-01 -0.4647930E-01 -0.5814316E-01 -0.7094067E-01 -0.8380307E-01 -0.9593698E-01 -0.1075557 -0.1183585 -0.1288367 -0.1417871 -0.1663428 -0.2116039 -0.2116039 -9999.000 -9999.000 -9999.000 -9999.000 -9999.000 -9999.000 -9999.000 -9999.000 -9999.000 -9999.000 -9999.000 -9999.000 -9999.000 -9999.000 -9999.000 -9999.000 -9999.000 -9999.000 -9999.000 -9999.000 -9999.000 -9999.000 -9999.000 -9999.000 -9999.000 -9999.000 -9999.000 -9999.000
-9999.000 -9999.000 -9999.000 -9999.000 -9999.000 -9999.000 -9999.000 -9999.000 -9999.000 -9999.000 -9999.000 -9999.000 -9999.000 -9999.000 -9999.000 -0.5978840E-01 -0.3279059E-01 -0.2407093E-01 -0.2915178E-01 -0.4007537E-01 -0.5319848E-01 -0.6760214E-01 -0.8206886E-01 -0.9571068E-01 -0.1088037 -0.1209776 -0.1328139 -0.1475643 -0.1758567 -0.2322286 -0.2322286 -9999.000 -9999.000 -9999.000 -9999.000 -9999.000 -9999.000 -9999.000 -9999.000 -9999.000 -9999.000 -9999.000 -9999.000 -9999.000 -9999.000 -9999.000 -9999.000 -9999.000 -9999.000 -9999.000 -9999.000 -9999.000 -9999.000 -9999.000 -9999.000 -9999.000 -9999.000 -9999.000 -9999.000
-9999.000 -9999.000 -9999.000 -9999.000 -9999.000 -9999.000 -9999.000 -9999.000 -9999.000 -9999.000 -9999.000 -9999.000 -9999.000 -9999.000 -9999.000 -0.5369800E-01 -0.2469300E-01 -0.1529084E-01 -0.2114388E-01 -0.3337713E-01 -0.4799327E-01 -0.6403834E-01 -0.8013535E-01 -0.9529955E-01 -0.1098891 -0.1234484 -0.1366685 -0.1533190 -0.1857250 -0.2559573 -0.2559573 -9999.000 -9999.000 -9999.000 -9999.000 -9999.000 -9999.000 -9999.000 -9999.000 -9999.000 -9999.000 -9999.000 -9999.000 -9999.000 -9999.000 -9999.000 -9999.000 -9999.000 -9999.000 -9999.000 -9999.000 -9999.000 -9999.000 -9999.000 -9999.000 -9999.000 -9999.000 -9999.000 -9999.000
-9999.000 -9999.000 -9999.000 -9999.000 -9999.000 -9999.000 -9999.000 -9999.000 -9999.000 -9999.000 -9999.000 -9999.000 -9999.000 -9999.000 -9999.000 -0.4689566E-01 -0.1606096E-01 -0.6033137E-02 -0.1273697E-01 -0.2633315E-01 -0.4247532E-01 -0.6019654E-01 -0.7794423E-01 -0.9463719E-01 -0.1107374 -0.1256857 -0.1403051 -0.1589621 -0.1959262 -0.2837423 -0.2837423 -9999.000 -9999.000 -9999.000 -9999.000 -9999.000 -9999.000 -9999.000 -9999.000 -9999.000 -9999.000 -9999.000 -9999.000 -9999.000 -9999.000 -9999.000 -9999.000 -9999.000 -9999.000 -9999.000 -9999.000 -9999.000 -9999.000 -9999.000 -9999.000 -9999.000 -9999.000 -9999.000 -9999.000
-9999.000 -9999.000 -9999.000 -9999.000 -9999.000 -9999.000 -9999.000 -9999.000 -9999.000 -9999.000 -9999.000 -9999.000 -9999.000 -9999.000 -9999.000 -0.3897205E-01 -0.6615477E-02 0.3852020E-02 -0.3884451E-02 -0.1891762E-01 -0.3662518E-01 -0.5605467E-01 -0.7546258E-01 -0.9367243E-01 -0.1112795 -0.1275964 -0.1436092 -0.1643782 -0.2064228 -0.3170119 -0.3170119 -9999.000 -9999.000 -9999.000 -9999.000 -9999.000 -9999.000 -9999.000 -9999.000 -9999.000 -9999.000 -9999.000 -9999.000 -9999.000 -9999.000 -9999.000 -9999.000 -9999.000 -9999.000 -9999.000 -9999.000 -9999.000 -9999.000 -9999.000 -9999.000 -9999.000 -9999.000 -9999.000 -9999.000
-9999.000 -9999.000 -9999.000 -9999.000 -9999.000 -9999.000 -9999.000 -9999.000 -9999.000 -9999.000 -9999.000 -9999.000 -9999.000 -9999.000 -9999.000 -0.1657484E-02 0.1230384E-01 0.1239203E-01 -0.9581065E-03 -0.1720125E-01 -0.3577667E-01 -0.5613290E-01 -0.7638553E-01 -0.9532711E-01 -0.1137456 -0.1308005 -0.1476782 -0.1701992 -0.2173327 -0.3555893 -0.3555893 -9999.000 -9999.000 -9999.000 -9999.000 -9999.000 -9999.000 -9999.000 -9999.000 -9999.000 -9999.000 -9999.000 -9999.000 -9999.000 -9999.000 -9999.000 -9999.000 -9999.000 -9999.000 -9999.000 -9999.000 -9999.000 -9999.000 -9999.000 -9999.000 -9999.000 -9999.000 -9999.000 -9999.000
-0.3807182E-02 -0.3807182E-02 -0.5065929E-02 -0.7147617E-02 -0.6595126E-02 -0.6595126E-02 -0.6399390E-02 -0.6323487E-02 -0.6323487E-02 -0.6311788E-02 -0.6311788E-02 -0.6286523E-02 -0.6269449E-02 -0.6250612E-02 -0.6234273E-02 -0.6234273E-02 0.2339424E-01 0.1780967E-01 0.2731384E-02 -0.1804578E-01 -0.4328466E-01 -0.7183821E-01 -0.1021169 -0.1325312 -0.1621733 -0.1900260 -0.2157792 -0.2412971 -0.2748284 -0.3562722 -0.3562722 -0.1963110 -0.1047406 -0.3559247E-01 -0.2642997E-01 -0.2642997E-01 -0.1931540E-01 -0.1931540E-01 -0.6391882E-02 -0.6391882E-02 0.4812988E-02 0.2711511E-01 0.2711511E-01 0.3435064E-02 0.3435064E-02 -0.3492478E-02 -0.3492478E-02 -0.3492478E-02 0.6399914E-03 0.6399914E-03 0.1296739E-02 0.1296739E-02 0.3123619E-03 0.3123619E-03 -0.1005293E-02 -0.1005293E-02 -0.2253836E-02 -0.2253836E-02 -0.2253836E-02
-0.5296651E-02 -0.5296651E-02 -0.6818891E-02 -0.1058535E-01 -0.9420697E-02 -0.9420697E-02 -0.8983216E-02 -0.8856383E-02 -0.8856383E-02 -0.8886945E-02 -0.8886945E-02 -0.8883677E-02 -0.8871436E-02 -0.8855332E-02 -0.8853213E-02 -0.8853213E-02 0.1892869E-01 0.1370893E-01 -0.2038842E-02 -0.2787125E-01 -0.6170891E-01 -0.1015623 -0.1457144 -0.1923721 -0.2395210 -0.2855230 -0.3286965 -0.3672623 -0.3992048 -0.4231891 -0.4231891 -0.2858036 -0.1890993 -0.9737813E-01 -0.7913402E-01 -0.7913402E-01 -0.5437796E-01 -0.5437796E-01 -0.1054562E-01 -0.1054562E-01 0.2280474E-01 0.8663401E-01 0.8663401E-01 0.6318818E-01 0.6318818E-01 0.1279188E-01 0.1279188E-01 0.1279188E-01 0.6632996E-02 0.6632996E-02 0.2372312E-02 0.2372312E-02 -0.1749570E-02 -0.1749570E-02 -0.5361844E-02 -0.5361844E-02 -0.8137174E-02 -0.8137174E-02 -0.8137174E-02
-0.3140242E-02 -0.3140242E-02 -0.5491606E-02 -0.9262352E-02 -0.8138276E-02 -0.8138276E-02 -0.7583112E-02 -0.7414307E-02 -0.7414307E-02 -0.7506689E-02 -0.7506689E-02 -0.7553912E-02 -0.7559360E-02 -0.7557785E-02 -0.7589491E-02 -0.7589491E-02 0.1136058E-01 0.5979380E-02 -0.1004294E-01 -0.3631831E-01 -0.7139493E-01 -0.1136457 -0.1616248 -0.2138949 -0.2687933 -0.3247673 -0.3801230 -0.4328007 -0.4799277 -0.5141945 -0.5141945 -0.4240559 -0.3397368 -0.2241816 -0.1865754 -0.1865754 -0.1170440 -0.1170440 -0.1329657E-01 -0.1329657E-01 0.5280800E-01 0.1678716 0.1678716 0.1748312 0.1748312 0.5965863E-01 0.5965863E-01 0.5965863E-01 0.2291237E-01 0.2291237E-01 0.3819927E-02 0.3819927E-02 -0.7646498E-02 -0.7646498E-02 -0.1517372E-01 -0.1517372E-01 -0.1972221E-01 -0.1972221E-01 -0.1972221E-01
-0.9585453E-03 -0.9585453E-03 -0.5345448E-02 -0.7583227E-02 -0.6613286E-02 -0.6613286E-02 -0.6059065E-02 -0.5874709E-02 -0.5874709E-02 -0.5988130E-02 -0.5988130E-02 -0.6052271E-02 -0.6062062E-02 -0.6062499E-02 -0.6120202E-02 -0.6120202E-02 0.3561613E-02 -0.3844786E-02 -0.2128901E-01 -0.4843686E-01 -0.8423840E-01 -0.1273825 -0.1766266 -0.2307880 -0.2885766 -0.3487415 -0.4099198 -0.4703595 -0.5273420 -0.5736026 -0.5736026 -0.5298706 -0.4691153 -0.3553009 -0.3031170 -0.3031170 -0.1785423 -0.1785423 -0.2385291E-02 -0.2385291E-02 0.9139082E-01 0.2329376 0.2329376 0.2597792 0.2597792 0.1160417 0.1160417 0.1160417 0.4637776E-01 0.4637776E-01 0.7280109E-02 0.7280109E-02 -0.1472356E-01 -0.1472356E-01 -0.2739955E-01 -0.2739955E-01 -0.3382186E-01 -0.3382186E-01 -0.3382186E-01
0.1197168E-03 0.1197168E-03 -0.4510766E-02 -0.5795563E-02 -0.5021738E-02 -0.5021738E-02 -0.4545152E-02 -0.4374490E-02 -0.4374490E-02 -0.4479229E-02 -0.4479229E-02 -0.4539359E-02 -0.4548323E-02 -0.4548845E-02 -0.4639889E-02 -0.4639889E-02 -0.4445035E-02 -0.1560172E-01 -0.3593064E-01 -0.6510533E-01 -0.1023193 -0.1465389 -0.1967234 -0.2518773 -0.3109584 -0.3729394 -0.4367333 -0.5009595 -0.5633852 -0.6179217 -0.6179217 -0.6096416 -0.5736706 -0.4711656 -0.4041444 -0.4041444 -0.2122482 -0.2122482 0.2705987E-01 0.2705987E-01 0.1318356 0.2704918 0.2704918 0.3046458 0.3046458 0.1672120 0.1672120 0.1672120 0.7404812E-01 0.7404812E-01 0.1469795E-01 0.1469795E-01 -0.1978844E-01 -0.1978844E-01 -0.3888141E-01 -0.3888141E-01 -0.4763161E-01 -0.4763161E-01 -0.4763161E-01
0.8266835E-04 0.8266835E-04 -0.2962542E-02 -0.3887755E-02 -0.3368208E-02 -0.3368208E-02 -0.3029104E-02 -0.2902740E-02 -0.2902740E-02 -0.2982643E-02 -0.2982643E-02 -0.3027611E-02 -0.3033759E-02 -0.3033778E-02 -0.3168316E-02 -0.3168316E-02 -0.1309098E-01 -0.2957411E-01 -0.5435533E-01 -0.8692937E-01 -0.1265753 -0.1724711 -0.2237972 -0.2797695 -0.3395826 -0.4024171 -0.4674018 -0.5334450 -0.5987717 -0.6585592 -0.6585592 -0.6748788 -0.6597102 -0.5612677 -0.4692099 -0.4692099 -0.2005109 -0.2005109 0.6465887E-01 0.6465887E-01 0.1609932 0.2787419 0.2787419 0.3143645 0.3143645 0.2042892 0.2042892 0.2042892 0.1020053 0.1020053 0.2623398E-01 0.2623398E-01 -0.2123463E-01 -0.2123463E-01 -0.4783271E-01 -0.4783271E-01 -0.5954244E-01 -0.5954244E-01 -0.5954244E-01
0.4228752E-04 0.4228752E-04 -0.1466048E-02 -0.1951732E-02 -0.1690025E-02 -0.1690025E-02 -0.1513951E-02 -0.1447182E-02 -0.1447182E-02 -0.1490363E-02 -0.1490363E-02 -0.1514263E-02 -0.1517240E-02 -0.1517097E-02 -0.1710619E-02 -0.1710619E-02 -0.2306674E-01 -0.4645029E-01 -0.7732651E-01 -0.1148034 -0.1580917 -0.2064918 -0.2593903 -0.3162410 -0.3765033 -0.4396098 -0.5049264 -0.5716276 -0.6383229 -0.7011844 -0.7011844 -0.7334629 -0.7322313 -0.6113015 -0.4763346 -0.4763346 -0.1490031 -0.1490031 0.9243946E-01 0.9243946E-01 0.1694401 0.2632998 0.2632998 0.2993205 0.2993205 0.2233428 0.2233428 0.2233428 0.1256469 0.1256469 0.4039875E-01 0.4039875E-01 -0.1861446E-01 -0.1861446E-01 -0.5315582E-01 -0.5315582E-01 -0.6838269E-01 -0.6838269E-01 -0.6838269E-01
-0.1400451E-07 -0.1400451E-07 -0.4192145E-07 0.1635640E-06 0.1174070E-06 0.1174070E-06 0.1385762E-06 0.5911222E-07 0.5911222E-07 0.4444675E-07 0.4444675E-07 0.3372205E-07 0.4140630E-07 0.4674345E-07 -0.2732531E-03 -0.2732531E-03 -0.3538383E-01 -0.6741741E-01 -0.1061433 -0.1501098 -0.1983422 -0.2501906 -0.3052211 -0.3631345 -0.4236779 -0.4865807 -0.5514971 -0.6178965 -0.6847253 -0.7486979 -0.7486979 -0.7892366 -0.7904220 -0.5972149 -0.4126824 -0.4126824 -0.8676059E-01 -0.8676059E-01 0.9965790E-01 0.9965790E-01 0.1574772 0.2329484 0.2329484 0.2694145 0.2694145 0.2246768 0.2246768 0.2246768 0.1409166 0.1409166 0.5449429E-01 0.5449429E-01 -0.1251535E-01 -0.1251535E-01 -0.5429588E-01 -0.5429588E-01 -0.7321603E-01 -0.7321603E-01 -0.7321603E-01
-0.4224848E-04 -0.4224848E-04 0.1465890E-02 0.1951996E-02 0.1690346E-02 0.1690346E-02 0.1514180E-02 0.1447352E-02 0.1447352E-02 0.1490414E-02 0.1490414E-02 0.1514250E-02 0.1517418E-02 0.1517174E-02 0.1135162E-02 0.1135162E-02 -0.5155605E-01 -0.9436665E-01 -0.1428723 -0.1949605 -0.2494273 -0.3056525 -0.3633793 -0.4225644 -0.4832583 -0.5455147 -0.6093160 -0.6744593 -0.7401375 -0.8026681 -0.8026681 -0.8413850 -0.8212760 -0.5008608 -0.2998568 -0.2998568 -0.4252607E-01 -0.4252607E-01 0.8850180E-01 0.8850180E-01 0.1324667 0.1956172 0.1956172 0.2318112 0.2318112 0.2111856 0.2111856 0.2111856 0.1454141 0.1454141 0.6542029E-01 0.6542029E-01 -0.4378312E-02 -0.4378312E-02 -0.5125566E-01 -0.5125566E-01 -0.7336841E-01 -0.7336841E-01 -0.7336841E-01
-0.8273988E-04 -0.8273988E-04 0.2962585E-02 0.3887762E-02 0.3368375E-02 0.3368375E-02 0.3029240E-02 0.2903005E-02 0.2903005E-02 0.2982879E-02 0.2982879E-02 0.3027717E-02 0.3033929E-02 0.3033844E-02 0.2502805E-02 0.2502805E-02 -0.7396965E-01 -0.1302854 -0.1907291 -0.2525536 -0.3144000 -0.3757474 -0.4365687 -0.4971103 -0.5577454 -0.6188672 -0.6808057 -0.7436824 -0.8065938 -0.8626993 -0.8626993 -0.8784800 -0.7877266 -0.3487996 -0.1898056 -0.1898056 -0.2394593E-01 -0.2394593E-01 0.6785766E-01 0.6785766E-01 0.1026526 0.1566266 0.1566266 0.1909654 0.1909654 0.1866660 0.1866660 0.1866660 0.1387796 0.1387796 0.7060777E-01 0.7060777E-01 0.3892922E-02 0.3892922E-02 -0.4457008E-01 -0.4457008E-01 -0.6850643E-01 -0.6850643E-01 -0.6850643E-01
-0.1198614E-03 -0.1198614E-03 0.4510948E-02 0.5795392E-02 0.5021692E-02 0.5021692E-02 0.4545170E-02 0.4374331E-02 0.4374331E-02 0.4479551E-02 0.4479551E-02 0.4539607E-02 0.4548467E-02 0.4548965E-02 0.3813310E-02 0.3813310E-02 -0.1066215 -0.1800065 -0.2547521 -0.3277526 -0.3977605 -0.4645545 -0.5284671 -0.5901125 -0.6502231 -0.7095430 -0.7687505 -0.8281941 -0.8855228 -0.9210380 -0.9210380 -0.8596985 -0.6371225 -0.2097025 -0.1186668 -0.1186668 -0.2130610E-01 -0.2130610E-01 0.4552770E-01 0.4552770E-01 0.7343137E-01 0.1187964 0.1187964 0.1494239 0.1494239 0.1547448 0.1547448 0.1547448 0.1223390 0.1223390 0.6872746E-01 0.6872746E-01 0.1045857E-01 0.1045857E-01 -0.3517858E-01 -0.3517858E-01 -0.5872302E-01 -0.5872302E-01 -0.5872302E-01
0.9585004E-03 0.9585004E-03 0.5345531E-02 0.7583090E-02 0.6613133E-02 0.6613133E-02 0.6059144E-02 0.5874408E-02 0.5874408E-02 0.5988246E-02 0.5988246E-02 0.6052453E-02 0.6062197E-02 0.6062665E-02 0.5043951E-02 0.5043951E-02 -0.1566776 -0.2516828 -0.3430613 -0.4281238 -0.5063087 -0.5780690 -0.6443236 -0.7061790 -0.7647836 -0.8212449 -0.8765761 -0.9309076 -0.9745923 -0.9402340 -0.9402340 -0.7028652 -0.3868168 -0.1249822 -0.8367363E-01 -0.8367363E-01 -0.2302063E-01 -0.2302063E-01 0.2578921E-01 0.2578921E-01 0.4739696E-01 0.8347115E-01 0.8347115E-01 0.1087261 0.1087261 0.1185020 0.1185020 0.1185020 0.9841443E-01 0.9841443E-01 0.5990771E-01 0.5990771E-01 0.1408717E-01 0.1408717E-01 -0.2419049E-01 -0.2419049E-01 -0.4460071E-01 -0.4460071E-01 -0.4460071E-01
