cruce_test.gid/Rasters/Hydraulic/Velocity__x_126.0.asc
NCOLS        79
NROWS        79
XLLCENTER         -1.500000
YLLCENTER         -4.800000
CELLSIZE           0.100
NODATA_VALUE     -9999.0
[rows 0 to 25 of 79, columns 0 to 57 of 79]
-9999.000 -9999.000 -9999.000 -9999.000 -9999.000 -9999.000 -9999.000 -9999.000 -9999.000 -9999.000 -9999.000 -9999.000 -9999.000 -9999.000 -9999.000 0.1122596E-03 0.1090240E-02 0.2973668E-02 0.4836673E-02 0.6519454E-02 0.7943204E-02 0.9077934E-02 0.9929768E-02 0.1053621E-01 0.1094051E-01 0.1113416E-01 0.1096760E-01 0.9976439E-02 0.7080845E-02 0.3275960E-02 0.3275960E-02 -9999.000 -9999.000 -9999.000 -9999.000 -9999.000 -9999.000 -9999.000 -9999.000 -9999.000 -9999.000 -9999.000 -9999.000 -9999.000 -9999.000 -9999.000 -9999.000 -9999.000 -9999.000 -9999.000 -9999.000 -9999.000 -9999.000 -9999.000 -9999.000 -9999.000 -9999.000 -9999.000
-9999.000 -9999.000 -9999.000 -9999.000 -9999.000 -9999.000 -9999.000 -9999.000 -9999.000 -9999.000 -9999.000 -9999.000 -9999.000 -9999.000 -9999.000 0.9011188E-03 0.2751010E-02 0.5568107E-02 0.8344636E-02 0.1087619E-01 0.1303734E-01 0.1475565E-01 0.1599913E-01 0.1676893E-01 0.1707197E-01 0.1686393E-01 0.1596805E-01 0.1392746E-01 0.9766856E-02 0.4640737E-02 0.4640737E-02 -9999.000 -9999.000 -9999.000 -9999.000 -9999.000 -9999.000 -9999.000 -9999.000 -9999.000 -9999.000 -9999.000 -9999.000 -9999.000 -9999.000 -9999.000 -9999.000 -9999.000 -9999.000 -9999.000 -9999.000 -9999.000 -9999.000 -9999.000 -9999.000 -9999.000 -9999.000 -9999.000
-9999.000 -9999.000 -9999.000 -9999.000 -9999.000 -9999.000 -9999.000 -9999.000 -9999.000 -9999.000 -9999.000 -9999.000 -9999.000 -9999.000 -9999.000 0.1438794E-02 0.3916271E-02 0.7442148E-02 0.1087937E-01 0.1399651E-01 0.1664368E-01 0.1872661E-01 0.2019574E-01 0.2103979E-01 0.2125756E-01 0.2080012E-01 0.1948551E-01 0.1684280E-01 0.1185235E-01 0.5712251E-02 0.5712251E-02 -9999.000 -9999.000 -9999.000 -9999.000 -9999.000 -9999.000 -9999.000 -9999.000 -9999.000 -9999.000 -9999.000 -9999.000 -9999.000 -9999.000 -9999.000 -9999.000 -9999.000 -9999.000 -9999.000 -9999.000 -9999.000 -9999.000 -9999.000 -9999.000 -9999.000 -9999.000 -9999.000
-9999.000 -9999.000 -9999.000 -9999.000 -9999.000 -9999.000 -9999.000 -9999.000 -9999.000 -9999.000 -9999.000 -9999.000 -9999.000 -9999.000 -9999.000 0.1842940E-02 0.4794600E-02 0.8857791E-02 0.1279587E-01 0.1635605E-01 0.1937041E-01 0.2173133E-01 0.2337959E-01 0.2429895E-01 0.2448670E-01 0.2389193E-01 0.2232389E-01 0.1928355E-01 0.1367585E-01 0.6675320E-02 0.6675320E-02 -9999.000 -9999.000 -9999.000 -9999.000 -9999.000 -9999.000 -9999.000 -9999.000 -9999.000 -9999.000 -9999.000 -9999.000 -9999.000 -9999.000 -9999.000 -9999.000 -9999.000 -9999.000 -9999.000 -9999.000 -9999.000 -9999.000 -9999.000 -9999.000 -9999.000 -9999.000 -9999.000
-9999.000 -9999.000 -9999.000 -9999.000 -9999.000 -9999.000 -9999.000 -9999.000 -9999.000 -9999.000 -9999.000 -9999.000 -9999.000 -9999.000 -9999.000 0.2176673E-02 0.5517566E-02 0.1002013E-01 0.1437068E-01 0.1829970E-01 0.2162573E-01 0.2423103E-01 0.2605052E-01 0.2706543E-01 0.2727319E-01 0.2661977E-01 0.2490108E-01 0.2157935E-01 0.1546091E-01 0.7642379E-02 0.7642379E-02 -9999.000 -9999.000 -9999.000 -9999.000 -9999.000 -9999.000 -9999.000 -9999.000 -9999.000 -9999.000 -9999.000 -9999.000 -9999.000 -9999.000 -9999.000 -9999.000 -9999.000 -9999.000 -9999.000 -9999.000 -9999.000 -9999.000 -9999.000 -9999.000 -9999.000 -9999.000 -9999.000
-9999.000 -9999.000 -9999.000 -9999.000 -9999.000 -9999.000 -9999.000 -9999.000 -9999.000 -9999.000 -9999.000 -9999.000 -9999.000 -9999.000 -9999.000 0.2482137E-02 0.6174585E-02 0.1106919E-01 0.1579040E-01 0.2005595E-01 0.2367260E-01 0.2651541E-01 0.2851478E-01 0.2965090E-01 0.2992172E-01 0.2926915E-01 0.2747091E-01 0.2394031E-01 0.1736043E-01 0.8693881E-02 0.8693881E-02 -9999.000 -9999.000 -9999.000 -9999.000 -9999.000 -9999.000 -9999.000 -9999.000 -9999.000 -9999.000 -9999.000 -9999.000 -9999.000 -9999.000 -9999.000 -9999.000 -9999.000 -9999.000 -9999.000 -9999.000 -9999.000 -9999.000 -9999.000 -9999.000 -9999.000 -9999.000 -9999.000
-9999.000 -9999.000 -9999.000 -9999.000 -9999.000 -9999.000 -9999.000 -9999.000 -9999.000 -9999.000 -9999.000 -9999.000 -9999.000 -9999.000 -9999.000 0.2788438E-02 0.6826107E-02 0.1209910E-01 0.1717990E-01 0.2177599E-01 0.2568466E-01 0.2877430E-01 0.3097269E-01 0.3226004E-01 0.3263514E-01 0.3203478E-01 0.3021399E-01 0.2652571E-01 0.1950136E-01 0.9901120E-02 0.9901120E-02 -9999.000 -9999.000 -9999.000 -9999.000 -9999.000 -9999.000 -9999.000 -9999.000 -9999.000 -9999.000 -9999.000 -9999.000 -9999.000 -9999.000 -9999.000 -9999.000 -9999.000 -9999.000 -9999.000 -9999.000 -9999.000 -9999.000 -9999.000 -9999.000 -9999.000 -9999.000 -9999.000
-9999.000 -9999.000 -9999.000 -9999.000 -9999.000 -9999.000 -9999.000 -9999.000 -9999.000 -9999.000 -9999.000 -9999.000 -9999.000 -9999.000 -9999.000 0.3115552E-02 0.7514362E-02 0.1317572E-01 0.1862652E-01 0.2356649E-01 0.2778422E-01 0.3114334E-01 0.3356978E-01 0.3504499E-01 0.3556945E-01 0.3507338E-01 0.3328482E-01 0.2948310E-01 0.2201369E-01 0.1134163E-01 0.1134163E-01 -9999.000 -9999.000 -9999.000 -9999.000 -9999.000 -9999.000 -9999.000 -9999.000 -9999.000 -9999.000 -9999.000 -9999.000 -9999.000 -9999.000 -9999.000 -9999.000 -9999.000 -9999.000 -9999.000 -9999.000 -9999.000 -9999.000 -9999.000 -9999.000 -9999.000 -9999.000 -9999.000
-9999.000 -9999.000 -9999.000 -9999.000 -9999.000 -9999.000 -9999.000 -9999.000 -9999.000 -9999.000 -9999.000 -9999.000 -9999.000 -9999.000 -9999.000 0.3479670E-02 0.8273368E-02 0.1435154E-01 0.2019976E-01 0.2551282E-01 0.3007139E-01 0.3373539E-01 0.3643032E-01 0.3814031E-01 0.3886855E-01 0.3853821E-01 0.3684435E-01 0.3297748E-01 0.2505444E-01 0.1311337E-01 0.1311337E-01 -9999.000 -9999.000 -9999.000 -9999.000 -9999.000 -9999.000 -9999.000 -9999.000 -9999.000 -9999.000 -9999.000 -9999.000 -9999.000 -9999.000 -9999.000 -9999.000 -9999.000 -9999.000 -9999.000 -9999.000 -9999.000 -9999.000 -9999.000 -9999.000 -9999.000 -9999.000 -9999.000
-9999.000 -9999.000 -9999.000 -9999.000 -9999.000 -9999.000 -9999.000 -9999.000 -9999.000 -9999.000 -9999.000 -9999.000 -9999.000 -9999.000 -9999.000 0.3895684E-02 0.9134026E-02 0.1567509E-01 0.2196570E-01 0.2769729E-01 0.3264412E-01 0.3666384E-01 0.3968275E-01 0.4168998E-01 0.4269329E-01 0.4260803E-01 0.4109008E-01 0.3722223E-01 0.2883910E-01 0.1535470E-01 0.1535470E-01 -9999.000 -9999.000 -9999.000 -9999.000 -9999.000 -9999.000 -9999.000 -9999.000 -9999.000 -9999.000 -9999.000 -9999.000 -9999.000 -9999.000 -9999.000 -9999.000 -9999.000 -9999.000 -9999.000 -9999.000 -9999.000 -9999.000 -9999.000 -9999.000 -9999.000 -9999.000 -9999.000
-9999.000 -9999.000 -9999.000 -9999.000 -9999.000 -9999.000 -9999.000 -9999.000 -9999.000 -9999.000 -9999.000 -9999.000 -9999.000 -9999.000 -9999.000 0.4379977E-02 0.1013153E-01 0.1720245E-01 0.2400024E-01 0.3021597E-01 0.3561885E-01 0.4006553E-01 0.4348631E-01 0.4587741E-01 0.4725402E-01 0.4752358E-01 0.4629538E-01 0.4252093E-01 0.3368421E-01 0.1827249E-01 0.1827249E-01 -9999.000 -9999.000 -9999.000 -9999.000 -9999.000 -9999.000 -9999.000 -9999.000 -9999.000 -9999.000 -9999.000 -9999.000 -9999.000 -9999.000 -9999.000 -9999.000 -9999.000 -9999.000 -9999.000 -9999.000 -9999.000 -9999.000 -9999.000 -9999.000 -9999.000 -9999.000 -9999.000
-9999.000 -9999.000 -9999.000 -9999.000 -9999.000 -9999.000 -9999.000 -9999.000 -9999.000 -9999.000 -9999.000 -9999.000 -9999.000 -9999.000 -9999.000 0.4954337E-02 0.1131214E-01 0.1900757E-01 0.2640553E-01 0.3319946E-01 0.3915527E-01 0.4413155E-01 0.4806557E-01 0.5096501E-01 0.5285641E-01 0.5364029E-01 0.5287091E-01 0.4933897E-01 0.4008776E-01 0.2219647E-01 0.2219647E-01 -9999.000 -9999.000 -9999.000 -9999.000 -9999.000 -9999.000 -9999.000 -9999.000 -9999.000 -9999.000 -9999.000 -9999.000 -9999.000 -9999.000 -9999.000 -9999.000 -9999.000 -9999.000 -9999.000 -9999.000 -9999.000 -9999.000 -9999.000 -9999.000 -9999.000 -9999.000 -9999.000
-9999.000 -9999.000 -9999.000 -9999.000 -9999.000 -9999.000 -9999.000 -9999.000 -9999.000 -9999.000 -9999.000 -9999.000 -9999.000 -9999.000 -9999.000 0.5651262E-02 0.1274601E-01 0.2120344E-01 0.2933768E-01 0.3684814E-01 0.4349987E-01 0.4915752E-01 0.5377051E-01 0.5736453E-01 0.5998410E-01 0.6152498E-01 0.6147765E-01 0.5843459E-01 0.4888047E-01 0.2768183E-01 0.2768183E-01 -9999.000 -9999.000 -9999.000 -9999.000 -9999.000 -9999.000 -9999.000 -9999.000 -9999.000 -9999.000 -9999.000 -9999.000 -9999.000 -9999.000 -9999.000 -9999.000 -9999.000 -9999.000 -9999.000 -9999.000 -9999.000 -9999.000 -9999.000 -9999.000 -9999.000 -9999.000 -9999.000
-9999.000 -9999.000 -9999.000 -9999.000 -9999.000 -9999.000 -9999.000 -9999.000 -9999.000 -9999.000 -9999.000 -9999.000 -9999.000 -9999.000 -9999.000 0.6595030E-02 0.1467787E-01 0.2415495E-01 0.3326229E-01 0.4171060E-01 0.4927289E-01 0.5583133E-01 0.6136061E-01 0.6591869E-01 0.6958248E-01 0.7225098E-01 0.7334350E-01 0.7120983E-01 0.6161669E-01 0.3580362E-01 0.3580362E-01 -9999.000 -9999.000 -9999.000 -9999.000 -9999.000 -9999.000 -9999.000 -9999.000 -9999.000 -9999.000 -9999.000 -9999.000 -9999.000 -9999.000 -9999.000 -9999.000 -9999.000 -9999.000 -9999.000 -9999.000 -9999.000 -9999.000 -9999.000 -9999.000 -9999.000 -9999.000 -9999.000
-9999.000 -9999.000 -9999.000 -9999.000 -9999.000 -9999.000 -9999.000 -9999.000 -9999.000 -9999.000 -9999.000 -9999.000 -9999.000 -9999.000 -9999.000 0.2146891E-01 0.3605562E-01 0.5046023E-01 0.6184015E-01 0.7069886E-01 0.7745931E-01 0.8252272E-01 0.8625069E-01 0.8897101E-01 0.9090456E-01 0.9197020E-01 0.9151185E-01 0.8765966E-01 0.7554308E-01 0.3950623E-01 0.3950623E-01 -9999.000 -9999.000 -9999.000 -9999.000 -9999.000 -9999.000 -9999.000 -9999.000 -9999.000 -9999.000 -9999.000 -9999.000 -9999.000 -9999.000 -9999.000 -9999.000 -9999.000 -9999.000 -9999.000 -9999.000 -9999.000 -9999.000 -9999.000 -9999.000 -9999.000 -9999.000 -9999.000
2.232480 2.232480 2.276894 2.321864 2.329470 2.329470 2.334490 2.340094 2.340094 2.342047 2.342047 2.341528 2.340564 2.339232 2.337588 2.337588 2.139023 2.101160 2.056433 2.000193 1.930118 1.845407 1.746377 1.634672 1.513128 1.386139 1.261369 1.152628 1.086236 1.113959 1.113959 1.985331 2.134226 2.171650 2.168294 2.168294 2.140277 2.140277 2.045097 2.045097 1.942388 1.478015 1.478015 1.334335 1.334335 1.333554 1.333554 1.333554 1.388247 1.388247 1.440994 1.440994 1.489263 1.489263 1.529485 1.529485 1.559517 1.559517
2.246903 2.246903 2.306362 2.364351 2.381563 2.381563 2.396179 2.420863 2.420863 2.441737 2.441737 2.459991 2.468359 2.476318 2.483929 2.483929 2.374882 2.361571 2.354954 2.345890 2.329506 2.302867 2.263946 2.209829 2.140548 2.058415 1.966761 1.874402 1.800481 1.794389 1.794389 2.287087 2.442315 2.561734 2.585233 2.585233 2.592158 2.592158 2.544679 2.544679 2.490102 2.194337 2.194337 2.016354 2.016354 2.007420 2.007420 2.007420 2.062466 2.062466 2.112505 2.112505 2.159473 2.159473 2.200809 2.200809 2.235108 2.235108
2.250030 2.250030 2.310425 2.364600 2.381963 2.381963 2.396805 2.421981 2.421981 2.443385 2.443385 2.462238 2.470937 2.479248 2.487231 2.487231 2.406267 2.395544 2.399631 2.407181 2.412003 2.410976 2.402174 2.383434 2.353824 2.313496 2.263446 2.208067 2.159044 2.151609 2.151609 2.489567 2.632094 2.777017 2.810707 2.810707 2.825201 2.825201 2.778475 2.778475 2.733198 2.544345 2.544345 2.377362 2.377362 2.347545 2.347545 2.347545 2.387430 2.387430 2.429200 2.429200 2.468594 2.468594 2.503736 2.503736 2.532771 2.532771
2.252515 2.252515 2.313515 2.364533 2.381830 2.381830 2.396715 2.421982 2.421982 2.443416 2.443416 2.462276 2.470978 2.479294 2.487283 2.487283 2.427115 2.416550 2.423766 2.437524 2.450537 2.459339 2.462270 2.457951 2.445808 2.425956 2.399053 2.367973 2.340895 2.342632 2.342632 2.564995 2.698918 2.851547 2.888039 2.888039 2.898144 2.898144 2.846495 2.846495 2.808467 2.688993 2.688993 2.551488 2.551488 2.499294 2.499294 2.499294 2.529008 2.529008 2.566380 2.566380 2.602741 2.602741 2.634795 2.634795 2.660837 2.660837
2.254412 2.254412 2.315841 2.364505 2.381699 2.381699 2.396613 2.421968 2.421968 2.443426 2.443426 2.462279 2.470977 2.479290 2.487278 2.487278 2.447415 2.440220 2.450098 2.467714 2.485553 2.499686 2.508315 2.510387 2.505623 2.494424 2.477733 2.458056 2.441811 2.447177 2.447177 2.597823 2.717116 2.860762 2.890601 2.890601 2.884160 2.884160 2.834120 2.834120 2.809125 2.747328 2.747328 2.655134 2.655134 2.588264 2.588264 2.588264 2.605814 2.605814 2.637365 2.637365 2.670437 2.670437 2.699751 2.699751 2.723336 2.723336
2.255745 2.255745 2.317463 2.364504 2.381593 2.381593 2.396523 2.421954 2.421954 2.443434 2.443434 2.462282 2.470976 2.479287 2.487274 2.487274 2.467374 2.467010 2.480724 2.501643 2.523085 2.541047 2.553516 2.559432 2.558507 2.551179 2.538541 2.522995 2.509963 2.513233 2.513233 2.614997 2.713695 2.826999 2.839614 2.839614 2.814504 2.814504 2.784137 2.784137 2.777948 2.764411 2.764411 2.718984 2.718984 2.653024 2.653024 2.653024 2.657679 2.657679 2.681006 2.681006 2.709164 2.709164 2.735106 2.735106 2.755953 2.755953
2.256536 2.256536 2.318422 2.364511 2.381524 2.381524 2.396464 2.421945 2.421945 2.443441 2.443441 2.462286 2.470977 2.479286 2.487271 2.487271 2.487602 2.496785 2.515913 2.540189 2.564478 2.585267 2.600554 2.609229 2.610875 2.605754 2.594841 2.580292 2.566707 2.564515 2.564515 2.628437 2.698548 2.752566 2.742091 2.742091 2.716135 2.716135 2.724001 2.724001 2.737345 2.760744 2.760744 2.754289 2.754289 2.704534 2.704534 2.704534 2.699268 2.699268 2.713071 2.713071 2.734575 2.734575 2.755885 2.755885 2.773175 2.773175
2.256799 2.256799 2.318739 2.364516 2.381501 2.381501 2.396442 2.421941 2.421941 2.443443 2.443443 2.462286 2.470977 2.479285 2.487271 2.487271 2.509377 2.529950 2.555907 2.583861 2.610452 2.633126 2.650231 2.660743 2.664157 2.660516 2.650520 2.635913 2.620376 2.611013 2.611013 2.640652 2.668021 2.633153 2.609796 2.609796 2.616049 2.616049 2.667435 2.667435 2.696440 2.745846 2.745846 2.768496 2.768496 2.744191 2.744191 2.744191 2.734741 2.734741 2.739748 2.739748 2.753349 2.753349 2.768603 2.768603 2.781297 2.781297
2.256536 2.256536 2.318421 2.364511 2.381524 2.381524 2.396463 2.421945 2.421945 2.443441 2.443441 2.462286 2.470977 2.479286 2.487272 2.487272 2.534553 2.567576 2.601236 2.633121 2.661544 2.685168 2.702993 2.714289 2.718595 2.715796 2.706292 2.691331 2.673461 2.655169 2.655169 2.644609 2.602677 2.476830 2.469577 2.469577 2.531524 2.531524 2.617463 2.617463 2.657149 2.724349 2.724349 2.767850 2.767850 2.771371 2.771371 2.771371 2.763777 2.763777 2.762537 2.762537 2.767999 2.767999 2.776050 2.776050 2.783134 2.783134
2.255745 2.255745 2.317464 2.364504 2.381593 2.381593 2.396523 2.421954 2.421954 2.443435 2.443435 2.462283 2.470977 2.479288 2.487274 2.487274 2.565623 2.611441 2.652877 2.688511 2.718147 2.741718 2.759067 2.769944 2.774083 2.771329 2.761841 2.746351 2.725760 2.693437 2.693437 2.617176 2.469489 2.317355 2.351031 2.351031 2.464002 2.464002 2.571956 2.571956 2.618570 2.698262 2.698262 2.756602 2.756602 2.785569 2.785569 2.785569 2.784190 2.784190 2.780046 2.780046 2.778264 2.778264 2.778584 2.778584 2.779327 2.779327
2.254412 2.254412 2.315841 2.364506 2.381699 2.381699 2.396613 2.421968 2.421968 2.443426 2.443426 2.462280 2.470977 2.479291 2.487279 2.487279 2.605944 2.664075 2.712301 2.750698 2.780478 2.802771 2.818314 2.827442 2.830204 2.826523 2.816409 2.800034 2.774968 2.711071 2.711071 2.506973 2.251219 2.193340 2.256868 2.256868 2.404862 2.404862 2.526559 2.526559 2.577858 2.666936 2.666936 2.735992 2.735992 2.785964 2.785964 2.785964 2.792822 2.792822 2.788762 2.788762 2.781411 2.781411 2.774265 2.774265 2.768458 2.768458
