cruce_test.gid/Rasters/Hydraulic/Velocity____238.0.asc
NCOLS        79
NROWS        79
XLLCENTER         -1.500000
YLLCENTER         -4.800000
CELLSIZE           0.100
NODATA_VALUE     -9999.0
[rows 0 to 26 of 79, columns 0 to 59 of 79]
-9999.000 -9999.000 -9999.000 -9999.000 -9999.000 -9999.000 -9999.000 -9999.000 -9999.000 -9999.000 -9999.000 -9999.000 -9999.000 -9999.000 -9999.000 0.9034823E-01 0.8721802E-01 0.8596937E-01 0.8578780E-01 0.8678273E-01 0.8816013E-01 0.8948297E-01 0.9059456E-01 0.9138464E-01 0.9187555E-01 0.9213503E-01 0.9224308E-01 0.9240256E-01 0.9320538E-01 0.9419694E-01 0.9419694E-01 -9999.000 -9999.000 -9999.000 -9999.000 -9999.000 -9999.000 -9999.000 -9999.000 -9999.000 -9999.000 -9999.000 -9999.000 -9999.000 -9999.000 -9999.000 -9999.000 -9999.000 -9999.000 -9999.000 -9999.000 -9999.000 -9999.000 -9999.000 -9999.000 -9999.000 -9999.000 -9999.000 -9999.000 -9999.000
-9999.000 -9999.000 -9999.000 -9999.000 -9999.000 -9999.000 -9999.000 -9999.000 -9999.000 -9999.000 -9999.000 -9999.000 -9999.000 -9999.000 -9999.000 0.9097139E-01 0.8443373E-01 0.8190426E-01 0.8157700E-01 0.8359212E-01 0.8635216E-01 0.8903471E-01 0.9136182E-01 0.9311172E-01 0.9430843E-01 0.9506891E-01 0.9554495E-01 0.9617175E-01 0.9825099E-01 0.1010007 0.1010007 -9999.000 -9999.000 -9999.000 -9999.000 -9999.000 -9999.000 -9999.000 -9999.000 -9999.000 -9999.000 -9999.000 -9999.000 -9999.000 -9999.000 -9999.000 -9999.000 -9999.000 -9999.000 -9999.000 -9999.000 -9999.000 -9999.000 -9999.000 -9999.000 -9999.000 -9999.000 -9999.000 -9999.000 -9999.000
-9999.000 -9999.000 -9999.000 -9999.000 -9999.000 -9999.000 -9999.000 -9999.000 -9999.000 -9999.000 -9999.000 -9999.000 -9999.000 -9999.000 -9999.000 0.9063365E-01 0.8038011E-01 0.7632229E-01 0.7576445E-01 0.7889266E-01 0.8319878E-01 0.8744849E-01 0.9125682E-01 0.9429341E-01 0.9658723E-01 0.9829523E-01 0.9962018E-01 0.1012181 0.1051405 0.1104815 0.1104815 -9999.000 -9999.000 -9999.000 -9999.000 -9999.000 -9999.000 -9999.000 -9999.000 -9999.000 -9999.000 -9999.000 -9999.000 -9999.000 -9999.000 -9999.000 -9999.000 -9999.000 -9999.000 -9999.000 -9999.000 -9999.000 -9999.000 -9999.000 -9999.000 -9999.000 -9999.000 -9999.000 -9999.000 -9999.000
-9999.000 -9999.000 -9999.000 -9999.000 -9999.000 -9999.000 -9999.000 -9999.000 -9999.000 -9999.000 -9999.000 -9999.000 -9999.000 -9999.000 -9999.000 0.8978576E-01 0.7582545E-01 0.7022315E-01 0.6944890E-01 0.7371321E-01 0.7957478E-01 0.8540933E-01 0.9074803E-01 0.9515941E-01 0.9867760E-01 0.1014899 0.1038353 0.1065811 0.1125479 0.1210045 0.1210045 -9999.000 -9999.000 -9999.000 -9999.000 -9999.000 -9999.000 -9999.000 -9999.000 -9999.000 -9999.000 -9999.000 -9999.000 -9999.000 -9999.000 -9999.000 -9999.000 -9999.000 -9999.000 -9999.000 -9999.000 -9999.000 -9999.000 -9999.000 -9999.000 -9999.000 -9999.000 -9999.000 -9999.000 -9999.000
-9999.000 -9999.000 -9999.000 -9999.000 -9999.000 -9999.000 -9999.000 -9999.000 -9999.000 -9999.000 -9999.000 -9999.000 -9999.000 -9999.000 -9999.000 0.8865023E-01 0.7095143E-01 0.6379770E-01 0.6284980E-01 0.6829569E-01 0.7572725E-01 0.8315591E-01 0.9005206E-01 0.9588630E-01 0.1006981 0.1047007 0.1081604 0.1121584 0.1203226 0.1324287 0.1324287 -9999.000 -9999.000 -9999.000 -9999.000 -9999.000 -9999.000 -9999.000 -9999.000 -9999.000 -9999.000 -9999.000 -9999.000 -9999.000 -9999.000 -9999.000 -9999.000 -9999.000 -9999.000 -9999.000 -9999.000 -9999.000 -9999.000 -9999.000 -9999.000 -9999.000 -9999.000 -9999.000 -9999.000 -9999.000
-9999.000 -9999.000 -9999.000 -9999.000 -9999.000 -9999.000 -9999.000 -9999.000 -9999.000 -9999.000 -9999.000 -9999.000 -9999.000 -9999.000 -9999.000 0.8729495E-01 0.6582315E-01 0.5713416E-01 0.5609811E-01 0.6279028E-01 0.7180256E-01 0.8082294E-01 0.8928761E-01 0.9656999E-01 0.1027161 0.1079603 0.1125909 0.1179123 0.1284136 0.1447744 0.1447744 -9999.000 -9999.000 -9999.000 -9999.000 -9999.000 -9999.000 -9999.000 -9999.000 -9999.000 -9999.000 -9999.000 -9999.000 -9999.000 -9999.000 -9999.000 -9999.000 -9999.000 -9999.000 -9999.000 -9999.000 -9999.000 -9999.000 -9999.000 -9999.000 -9999.000 -9999.000 -9999.000 -9999.000 -9999.000
-9999.000 -9999.000 -9999.000 -9999.000 -9999.000 -9999.000 -9999.000 -9999.000 -9999.000 -9999.000 -9999.000 -9999.000 -9999.000 -9999.000 -9999.000 0.8572019E-01 0.6045323E-01 0.5027877E-01 0.4929898E-01 0.5731190E-01 0.6789676E-01 0.7848905E-01 0.8851981E-01 0.9726123E-01 0.1047663 0.1112861 0.1171261 0.1238288 0.1368119 0.1581532 0.1581532 -9999.000 -9999.000 -9999.000 -9999.000 -9999.000 -9999.000 -9999.000 -9999.000 -9999.000 -9999.000 -9999.000 -9999.000 -9999.000 -9999.000 -9999.000 -9999.000 -9999.000 -9999.000 -9999.000 -9999.000 -9999.000 -9999.000 -9999.000 -9999.000 -9999.000 -9999.000 -9999.000 -9999.000 -9999.000
-9999.000 -9999.000 -9999.000 -9999.000 -9999.000 -9999.000 -9999.000 -9999.000 -9999.000 -9999.000 -9999.000 -9999.000 -9999.000 -9999.000 -9999.000 0.8389331E-01 0.5483117E-01 0.4327385E-01 0.4258728E-01 0.5198412E-01 0.6409246E-01 0.7621034E-01 0.8778900E-01 0.9798894E-01 0.1068674 0.1146872 0.1217664 0.1299033 0.1455285 0.1727448 0.1727448 -9999.000 -9999.000 -9999.000 -9999.000 -9999.000 -9999.000 -9999.000 -9999.000 -9999.000 -9999.000 -9999.000 -9999.000 -9999.000 -9999.000 -9999.000 -9999.000 -9999.000 -9999.000 -9999.000 -9999.000 -9999.000 -9999.000 -9999.000 -9999.000 -9999.000 -9999.000 -9999.000 -9999.000 -9999.000
-9999.000 -9999.000 -9999.000 -9999.000 -9999.000 -9999.000 -9999.000 -9999.000 -9999.000 -9999.000 -9999.000 -9999.000 -9999.000 -9999.000 -9999.000 0.8176292E-01 0.4893599E-01 0.3619375E-01 0.3619443E-01 0.4697498E-01 0.6048080E-01 0.7403865E-01 0.8712823E-01 0.9877435E-01 0.1090325 0.1181700 0.1265115 0.1361351 0.1545834 0.1887957 0.1887957 -9999.000 -9999.000 -9999.000 -9999.000 -9999.000 -9999.000 -9999.000 -9999.000 -9999.000 -9999.000 -9999.000 -9999.000 -9999.000 -9999.000 -9999.000 -9999.000 -9999.000 -9999.000 -9999.000 -9999.000 -9999.000 -9999.000 -9999.000 -9999.000 -9999.000 -9999.000 -9999.000 -9999.000 -9999.000
-9999.000 -9999.000 -9999.000 -9999.000 -9999.000 -9999.000 -9999.000 -9999.000 -9999.000 -9999.000 -9999.000 -9999.000 -9999.000 -9999.000 -9999.000 0.7926334E-01 0.4274407E-01 0.2921195E-01 0.3056218E-01 0.4253540E-01 0.5717895E-01 0.7203405E-01 0.8657286E-01 0.9963941E-01 0.1112748 0.1217406 0.1313620 0.1425253 0.1640039 0.2066350 0.2066350 -9999.000 -9999.000 -9999.000 -9999.000 -9999.000 -9999.000 -9999.000 -9999.000 -9999.000 -9999.000 -9999.000 -9999.000 -9999.000 -9999.000 -9999.000 -9999.000 -9999.000 -9999.000 -9999.000 -9999.000 -9999.000 -9999.000 -9999.000 -9999.000 -9999.000 -9999.000 -9999.000 -9999.000 -9999.000
-9999.000 -9999.000 -9999.000 -9999.000 -9999.000 -9999.000 -9999.000 -9999.000 -9999.000 -9999.000 -9999.000 -9999.000 -9999.000 -9999.000 -9999.000 0.7631467E-01 0.3623911E-01 0.2277526E-01 0.2651291E-01 0.3903707E-01 0.5434345E-01 0.7027491E-01 0.8616857E-01 0.1006126 0.1136120 0.1254086 0.1363207 0.1490762 0.1738215 0.2267031 0.2267031 -9999.000 -9999.000 -9999.000 -9999.000 -9999.000 -9999.000 -9999.000 -9999.000 -9999.000 -9999.000 -9999.000 -9999.000 -9999.000 -9999.000 -9999.000 -9999.000 -9999.000 -9999.000 -9999.000 -9999.000 -9999.000 -9999.000 -9999.000 -9999.000 -9999.000 -9999.000 -9999.000 -9999.000 -9999.000
-9999.000 -9999.000 -9999.000 -9999.000 -9999.000 -9999.000 -9999.000 -9999.000 -9999.000 -9999.000 -9999.000 -9999.000 -9999.000 -9999.000 -9999.000 0.7281999E-01 0.2943421E-01 0.1806065E-01 0.2526038E-01 0.3698366E-01 0.5218842E-01 0.6887005E-01 0.8598113E-01 0.1017368 0.1160728 0.1291917 0.1413954 0.1557941 0.1840733 0.2495998 0.2495998 -9999.000 -9999.000 -9999.000 -9999.000 -9999.000 -9999.000 -9999.000 -9999.000 -9999.000 -9999.000 -9999.000 -9999.000 -9999.000 -9999.000 -9999.000 -9999.000 -9999.000 -9999.000 -9999.000 -9999.000 -9999.000 -9999.000 -9999.000 -9999.000 -9999.000 -9999.000 -9999.000 -9999.000 -9999.000
-9999.000 -9999.000 -9999.000 -9999.000 -9999.000 -9999.000 -9999.000 -9999.000 -9999.000 -9999.000 -9999.000 -9999.000 -9999.000 -9999.000 -9999.000 0.6864095E-01 0.2245665E-01 0.1747335E-01 0.2781733E-01 0.3703199E-01 0.5107618E-01 0.6803522E-01 0.8615262E-01 0.1031119 0.1187284 0.1331392 0.1466167 0.1627001 0.1948091 0.2761649 0.2761649 -9999.000 -9999.000 -9999.000 -9999.000 -9999.000 -9999.000 -9999.000 -9999.000 -9999.000 -9999.000 -9999.000 -9999.000 -9999.000 -9999.000 -9999.000 -9999.000 -9999.000 -9999.000 -9999.000 -9999.000 -9999.000 -9999.000 -9999.000 -9999.000 -9999.000 -9999.000 -9999.000 -9999.000 -9999.000
-9999.000 -9999.000 -9999.000 -9999.000 -9999.000 -9999.000 -9999.000 -9999.000 -9999.000 -9999.000 -9999.000 -9999.000 -9999.000 -9999.000 -9999.000 0.6273605E-01 0.1726787E-01 0.2630412E-01 0.3804477E-01 0.4358203E-01 0.5466622E-01 0.7046061E-01 0.8861338E-01 0.1061326 0.1225859 0.1379705 0.1524873 0.1701349 0.2062818 0.3077482 0.3077482 -9999.000 -9999.000 -9999.000 -9999.000 -9999.000 -9999.000 -9999.000 -9999.000 -9999.000 -9999.000 -9999.000 -9999.000 -9999.000 -9999.000 -9999.000 -9999.000 -9999.000 -9999.000 -9999.000 -9999.000 -9999.000 -9999.000 -9999.000 -9999.000 -9999.000 -9999.000 -9999.000 -9999.000 -9999.000
-9999.000 -9999.000 -9999.000 -9999.000 -9999.000 -9999.000 -9999.000 -9999.000 -9999.000 -9999.000 -9999.000 -9999.000 -9999.000 -9999.000 -9999.000 0.9871376E-01 0.1517979 0.1778978 0.1693305 0.1448261 0.1300126 0.1221523 0.1221023 0.1275492 0.1366798 0.1479788 0.1605138 0.1780846 0.2178353 0.3436390 0.3436390 -9999.000 -9999.000 -9999.000 -9999.000 -9999.000 -9999.000 -9999.000 -9999.000 -9999.000 -9999.000 -9999.000 -9999.000 -9999.000 -9999.000 -9999.000 -9999.000 -9999.000 -9999.000 -9999.000 -9999.000 -9999.000 -9999.000 -9999.000 -9999.000 -9999.000 -9999.000 -9999.000 -9999.000 -9999.000
2.861073 2.861073 2.880584 2.881889 2.902035 2.902035 2.904852 2.904611 2.904611 2.900687 2.900687 2.894239 2.890324 2.886055 2.881849 2.881849 3.035984 3.040466 3.041636 3.035189 3.000948 2.943850 2.863898 2.759173 2.632731 2.487123 2.325291 2.156204 2.004875 1.946482 1.946482 2.767160 2.941969 3.046596 3.073420 3.073420 3.110595 3.110595 3.099721 3.099721 3.059276 2.887069 2.887069 2.562247 2.562247 2.168340 2.168340 2.168340 2.141871 2.141871 2.169393 2.169393 2.216502 2.216502 2.266838 2.266838 2.312537 2.312537 2.312537 2.349300
2.883038 2.883038 2.912091 2.935934 2.963451 2.963451 2.978389 3.001303 3.001303 3.020048 3.020048 3.036028 3.043247 3.050055 3.056843 3.056843 3.171143 3.190792 3.206649 3.219563 3.225580 3.225023 3.216154 3.195723 3.161559 3.111537 3.043848 2.959005 2.863141 2.783375 2.783375 3.217421 3.370596 3.522401 3.564653 3.564653 3.614270 3.614270 3.619273 3.619273 3.600527 3.504273 3.504273 3.314934 3.314934 3.006721 3.006721 3.006721 2.976807 2.976807 3.006474 3.006474 3.056417 3.056417 3.109293 3.109293 3.157969 3.157969 3.157969 3.199146
2.887584 2.887584 2.914072 2.937552 2.962999 2.962999 2.978702 3.002542 3.002542 3.021931 3.021931 3.038618 3.046235 3.053464 3.060743 3.060743 3.162491 3.194984 3.222883 3.247098 3.266186 3.280524 3.290082 3.293830 3.290760 3.279476 3.258162 3.225791 3.184581 3.150242 3.150242 3.390209 3.536907 3.709899 3.761530 3.761530 3.816200 3.816200 3.808780 3.808780 3.781463 3.685641 3.685641 3.547833 3.547833 3.299059 3.299059 3.299059 3.253486 3.253486 3.270011 3.270011 3.311116 3.311116 3.357843 3.357843 3.402019 3.402019 3.402019 3.439900
2.890442 2.890442 2.912539 2.937910 2.961930 2.961930 2.978135 3.002489 3.002489 3.021941 3.021941 3.038639 3.046269 3.053513 3.060886 3.060886 3.154607 3.197669 3.236696 3.271168 3.299980 3.323120 3.340860 3.353169 3.360058 3.361388 3.356649 3.345484 3.329248 3.317655 3.317655 3.463830 3.592641 3.769630 3.825001 3.825001 3.873351 3.873351 3.841057 3.841057 3.802186 3.712363 3.712363 3.623325 3.623325 3.439123 3.439123 3.439123 3.382140 3.382140 3.383564 3.383564 3.415038 3.415038 3.456356 3.456356 3.497181 3.497181 3.497181 3.532599
2.891722 2.891722 2.915333 2.937845 2.960999 2.960999 2.977618 3.002445 3.002445 3.021929 3.021929 3.038590 3.046206 3.053439 3.060924 3.060924 3.151377 3.203321 3.252297 3.296317 3.334146 3.365439 3.390313 3.408939 3.421606 3.428659 3.430346 3.427041 3.420168 3.416461 3.416461 3.508409 3.614927 3.780489 3.829970 3.829970 3.848695 3.848695 3.782892 3.782892 3.740213 3.677739 3.677739 3.639284 3.639284 3.523314 3.523314 3.523314 3.464066 3.464066 3.450572 3.450572 3.469813 3.469813 3.503696 3.503696 3.539954 3.539954 3.539954 3.572075
2.889789 2.889789 2.921342 2.938325 2.960889 2.960889 2.977741 3.002805 3.002805 3.022221 3.022221 3.038803 3.046392 3.053608 3.061261 3.061261 3.154191 3.214107 3.271889 3.324489 3.370463 3.409265 3.440859 3.465404 3.483205 3.494687 3.500330 3.500776 3.497437 3.495193 3.495193 3.551607 3.633455 3.768861 3.797090 3.797090 3.758454 3.758454 3.670770 3.670770 3.641192 3.624499 3.624499 3.631146 3.631146 3.577989 3.577989 3.577989 3.526990 3.526990 3.503016 3.503016 3.508995 3.508995 3.533061 3.533061 3.562666 3.562666 3.562666 3.589885
2.889608 2.889608 2.923951 2.938152 2.960451 2.960451 2.977493 3.002806 3.002806 3.022249 3.022249 3.038820 3.046405 3.053620 3.061523 3.061523 3.163518 3.231192 3.296881 3.357020 3.410092 3.455503 3.493149 3.523160 3.545803 3.561472 3.570641 3.573960 3.572628 3.570041 3.570041 3.602013 3.657945 3.735701 3.719982 3.719982 3.612708 3.612708 3.543257 3.543257 3.540980 3.572500 3.572500 3.613187 3.613187 3.611667 3.611667 3.611667 3.576912 3.576912 3.549624 3.549624 3.544039 3.544039 3.556833 3.556833 3.577683 3.577683 3.577683 3.598156
2.889544 2.889544 2.924819 2.938091 2.960302 2.960302 2.977405 3.002804 3.002804 3.022257 3.022257 3.038823 3.046408 3.053620 3.061877 3.061877 3.180551 3.256293 3.329203 3.395818 3.454788 3.505643 3.548331 3.583005 3.609924 3.629425 3.641926 3.647973 3.648456 3.645351 3.645351 3.659577 3.686781 3.661166 3.579880 3.579880 3.438366 3.438366 3.429427 3.429427 3.456449 3.525560 3.525560 3.589544 3.589544 3.627990 3.627990 3.627990 3.613357 3.613357 3.590060 3.590060 3.577002 3.577002 3.578631 3.578631 3.589171 3.589171 3.589171 3.601145
2.889608 2.889608 2.923951 2.938151 2.960451 2.960451 2.977493 3.002805 3.002805 3.022249 3.022249 3.038820 3.046405 3.053619 3.062366 3.062366 3.206827 3.291283 3.370882 3.442884 3.506423 3.561339 3.607772 3.645979 3.676256 3.698926 3.714343 3.722925 3.725180 3.721239 3.721239 3.719293 3.706660 3.512821 3.374156 3.374156 3.277428 3.277428 3.343010 3.343010 3.390862 3.483568 3.483568 3.562835 3.562835 3.631064 3.631064 3.631064 3.636545 3.636545 3.622568 3.622568 3.606969 3.606969 3.599083 3.599083 3.598609 3.598609 3.598609 3.600647
2.889790 2.889790 2.921343 2.938324 2.960890 2.960890 2.977741 3.002805 3.002805 3.022222 3.022222 3.038802 3.046392 3.053608 3.063028 3.063028 3.244666 3.338579 3.424297 3.500467 3.567054 3.624421 3.673031 3.713334 3.745731 3.770568 3.788165 3.798814 3.802395 3.795301 3.795301 3.768291 3.682797 3.280052 3.143496 3.143496 3.159457 3.159457 3.278369 3.278369 3.337387 3.443512 3.443512 3.533100 3.533100 3.623155 3.623155 3.623155 3.646332 3.646332 3.644245 3.644245 3.630372 3.630372 3.615738 3.615738 3.604617 3.604617 3.604617 3.595964
2.891722 2.891722 2.915333 2.937845 2.960998 2.960998 2.977618 3.002445 3.002445 3.021929 3.021929 3.038590 3.046206 3.053439 3.063792 3.063792 3.297557 3.401426 3.492356 3.571123 3.638907 3.696806 3.745735 3.786413 3.819390 3.845086 3.863813 3.875694 3.879037 3.859212 3.859212 3.770900 3.550388 3.012126 2.955398 2.955398 3.080145 3.080145 3.223707 3.223707 3.287943 3.401933 3.401933 3.498829 3.498829 3.604596 3.604596 3.604596 3.642000 3.642000 3.651851 3.651851 3.642599 3.642599 3.624197 3.624197 3.603740 3.603740 3.603740 3.584470
2.890442 2.890442 2.912539 2.937910 2.961930 2.961930 2.978136 3.002489 3.002489 3.021942 3.021942 3.038639 3.046269 3.053514 3.065137 3.065137 3.371612 3.485011 3.579329 3.658338 3.724835 3.780843 3.827818 3.866798 3.898510 3.923456 3.941962 3.953703 3.951238 3.881315 3.881315 3.642944 3.258985 2.801210 2.836460 2.836460 3.013872 3.013872 3.166472 3.166472 3.233341 3.352685 3.352685 3.454983 3.454983 3.571823 3.571823 3.571823 3.619872 3.619872 3.639998 3.639998 3.636413 3.636413 3.616650 3.616650 3.588745 3.588745 3.588745 3.559869
