cruce_test.gid/Rasters/Hydraulic/Velocity__x_299.0.asc
NCOLS        79
NROWS        79
XLLCENTER         -1.500000
YLLCENTER         -4.800000
CELLSIZE           0.100
NODATA_VALUE     -9999.0
[rows 0 to 25 of 79, columns 0 to 57 of 79]
-9999.000 -9999.000 -9999.000 -9999.000 -9999.000 -9999.000 -9999.000 -9999.000 -9999.000 -9999.000 -9999.000 -9999.000 -9999.000 -9999.000 -9999.000 -0.1016718E-03 0.1435601E-02 0.5081668E-02 0.9051306E-02 0.1252053E-01 0.1522595E-01 0.1709171E-01 0.1811962E-01 0.1837903E-01 0.1795198E-01 0.1690874E-01 0.1528925E-01 0.1296061E-01 0.9210107E-02 0.4526371E-02 0.4526371E-02 -9999.000 -9999.000 -9999.000 -9999.000 -9999.000 -9999.000 -9999.000 -9999.000 -9999.000 -9999.000 -9999.000 -9999.000 -9999.000 -9999.000 -9999.000 -9999.000 -9999.000 -9999.000 -9999.000 -9999.000 -9999.000 -9999.000 -9999.000 -9999.000 -9999.000 -9999.000 -9999.000
-9999.000 -9999.000 -9999.000 -9999.000 -9999.000 -9999.000 -9999.000 -9999.000 -9999.000 -9999.000 -9999.000 -9999.000 -9999.000 -9999.000 -9999.000 0.1120454E-02 0.3871473E-02 0.8637131E-02 0.1362738E-01 0.1802196E-01 0.2150093E-01 0.2392816E-01 0.2525665E-01 0.2551844E-01 0.2477264E-01 0.2308118E-01 0.2049059E-01 0.1690680E-01 0.1174678E-01 0.5754896E-02 0.5754896E-02 -9999.000 -9999.000 -9999.000 -9999.000 -9999.000 -9999.000 -9999.000 -9999.000 -9999.000 -9999.000 -9999.000 -9999.000 -9999.000 -9999.000 -9999.000 -9999.000 -9999.000 -9999.000 -9999.000 -9999.000 -9999.000 -9999.000 -9999.000 -9999.000 -9999.000 -9999.000 -9999.000
-9999.000 -9999.000 -9999.000 -9999.000 -9999.000 -9999.000 -9999.000 -9999.000 -9999.000 -9999.000 -9999.000 -9999.000 -9999.000 -9999.000 -9999.000 0.1671659E-02 0.5045689E-02 0.1050236E-01 0.1612721E-01 0.2106328E-01 0.2496898E-01 0.2769014E-01 0.2916610E-01 0.2942214E-01 0.2851535E-01 0.2651250E-01 0.2347129E-01 0.1930900E-01 0.1343672E-01 0.6620970E-02 0.6620970E-02 -9999.000 -9999.000 -9999.000 -9999.000 -9999.000 -9999.000 -9999.000 -9999.000 -9999.000 -9999.000 -9999.000 -9999.000 -9999.000 -9999.000 -9999.000 -9999.000 -9999.000 -9999.000 -9999.000 -9999.000 -9999.000 -9999.000 -9999.000 -9999.000 -9999.000 -9999.000 -9999.000
-9999.000 -9999.000 -9999.000 -9999.000 -9999.000 -9999.000 -9999.000 -9999.000 -9999.000 -9999.000 -9999.000 -9999.000 -9999.000 -9999.000 -9999.000 0.1996841E-02 0.5751685E-02 0.1164650E-01 0.1768100E-01 0.2296873E-01 0.2715429E-01 0.3007385E-01 0.3166017E-01 0.3193664E-01 0.3096063E-01 0.2880179E-01 0.2552253E-01 0.2103879E-01 0.1473081E-01 0.7314464E-02 0.7314464E-02 -9999.000 -9999.000 -9999.000 -9999.000 -9999.000 -9999.000 -9999.000 -9999.000 -9999.000 -9999.000 -9999.000 -9999.000 -9999.000 -9999.000 -9999.000 -9999.000 -9999.000 -9999.000 -9999.000 -9999.000 -9999.000 -9999.000 -9999.000 -9999.000 -9999.000 -9999.000 -9999.000
-9999.000 -9999.000 -9999.000 -9999.000 -9999.000 -9999.000 -9999.000 -9999.000 -9999.000 -9999.000 -9999.000 -9999.000 -9999.000 -9999.000 -9999.000 0.2236796E-02 0.6276488E-02 0.1250257E-01 0.1884884E-01 0.2440562E-01 0.2880865E-01 0.3188873E-01 0.3357474E-01 0.3389012E-01 0.3289245E-01 0.3065261E-01 0.2723484E-01 0.2254684E-01 0.1592308E-01 0.7977867E-02 0.7977867E-02 -9999.000 -9999.000 -9999.000 -9999.000 -9999.000 -9999.000 -9999.000 -9999.000 -9999.000 -9999.000 -9999.000 -9999.000 -9999.000 -9999.000 -9999.000 -9999.000 -9999.000 -9999.000 -9999.000 -9999.000 -9999.000 -9999.000 -9999.000 -9999.000 -9999.000 -9999.000 -9999.000
-9999.000 -9999.000 -9999.000 -9999.000 -9999.000 -9999.000 -9999.000 -9999.000 -9999.000 -9999.000 -9999.000 -9999.000 -9999.000 -9999.000 -9999.000 0.2454832E-02 0.6751654E-02 0.1327327E-01 0.1989617E-01 0.2569078E-01 0.3028915E-01 0.3351827E-01 0.3530441E-01 0.3567247E-01 0.3468069E-01 0.3240005E-01 0.2889507E-01 0.2406055E-01 0.1717130E-01 0.8691504E-02 0.8691504E-02 -9999.000 -9999.000 -9999.000 -9999.000 -9999.000 -9999.000 -9999.000 -9999.000 -9999.000 -9999.000 -9999.000 -9999.000 -9999.000 -9999.000 -9999.000 -9999.000 -9999.000 -9999.000 -9999.000 -9999.000 -9999.000 -9999.000 -9999.000 -9999.000 -9999.000 -9999.000 -9999.000
-9999.000 -9999.000 -9999.000 -9999.000 -9999.000 -9999.000 -9999.000 -9999.000 -9999.000 -9999.000 -9999.000 -9999.000 -9999.000 -9999.000 -9999.000 0.2681552E-02 0.7240421E-02 0.1405613E-01 0.2095040E-01 0.2697756E-01 0.3176873E-01 0.3514844E-01 0.3704211E-01 0.3747682E-01 0.3651144E-01 0.3421696E-01 0.3065684E-01 0.2570903E-01 0.1857402E-01 0.9509534E-02 0.9509534E-02 -9999.000 -9999.000 -9999.000 -9999.000 -9999.000 -9999.000 -9999.000 -9999.000 -9999.000 -9999.000 -9999.000 -9999.000 -9999.000 -9999.000 -9999.000 -9999.000 -9999.000 -9999.000 -9999.000 -9999.000 -9999.000 -9999.000 -9999.000 -9999.000 -9999.000 -9999.000 -9999.000
-9999.000 -9999.000 -9999.000 -9999.000 -9999.000 -9999.000 -9999.000 -9999.000 -9999.000 -9999.000 -9999.000 -9999.000 -9999.000 -9999.000 -9999.000 0.2933162E-02 0.7776295E-02 0.1490232E-01 0.2207866E-01 0.2834626E-01 0.3333841E-01 0.3687917E-01 0.3889317E-01 0.3941126E-01 0.3849260E-01 0.3620822E-01 0.3262039E-01 0.2758490E-01 0.2021176E-01 0.1048055E-01 0.1048055E-01 -9999.000 -9999.000 -9999.000 -9999.000 -9999.000 -9999.000 -9999.000 -9999.000 -9999.000 -9999.000 -9999.000 -9999.000 -9999.000 -9999.000 -9999.000 -9999.000 -9999.000 -9999.000 -9999.000 -9999.000 -9999.000 -9999.000 -9999.000 -9999.000 -9999.000 -9999.000 -9999.000
-9999.000 -9999.000 -9999.000 -9999.000 -9999.000 -9999.000 -9999.000 -9999.000 -9999.000 -9999.000 -9999.000 -9999.000 -9999.000 -9999.000 -9999.000 0.3219525E-02 0.8380173E-02 0.1584430E-01 0.2332356E-01 0.2984859E-01 0.3505819E-01 0.3877671E-01 0.4092950E-01 0.4155211E-01 0.4070445E-01 0.3845758E-01 0.3487165E-01 0.2977564E-01 0.2216911E-01 0.1165865E-01 0.1165865E-01 -9999.000 -9999.000 -9999.000 -9999.000 -9999.000 -9999.000 -9999.000 -9999.000 -9999.000 -9999.000 -9999.000 -9999.000 -9999.000 -9999.000 -9999.000 -9999.000 -9999.000 -9999.000 -9999.000 -9999.000 -9999.000 -9999.000 -9999.000 -9999.000 -9999.000 -9999.000 -9999.000
-9999.000 -9999.000 -9999.000 -9999.000 -9999.000 -9999.000 -9999.000 -9999.000 -9999.000 -9999.000 -9999.000 -9999.000 -9999.000 -9999.000 -9999.000 0.3549213E-02 0.9070154E-02 0.1690941E-01 0.2472093E-01 0.3152820E-01 0.3697913E-01 0.4089950E-01 0.4321632E-01 0.4397173E-01 0.4322651E-01 0.4105189E-01 0.3750580E-01 0.3238427E-01 0.2455336E-01 0.1311407E-01 0.1311407E-01 -9999.000 -9999.000 -9999.000 -9999.000 -9999.000 -9999.000 -9999.000 -9999.000 -9999.000 -9999.000 -9999.000 -9999.000 -9999.000 -9999.000 -9999.000 -9999.000 -9999.000 -9999.000 -9999.000 -9999.000 -9999.000 -9999.000 -9999.000 -9999.000 -9999.000 -9999.000 -9999.000
-9999.000 -9999.000 -9999.000 -9999.000 -9999.000 -9999.000 -9999.000 -9999.000 -9999.000 -9999.000 -9999.000 -9999.000 -9999.000 -9999.000 -9999.000 0.3931389E-02 0.9864668E-02 0.1812739E-01 0.2631025E-01 0.3343347E-01 0.3915811E-01 0.4331329E-01 0.4582858E-01 0.4675510E-01 0.4615495E-01 0.4409980E-01 0.4064567E-01 0.3554878E-01 0.2751231E-01 0.1494641E-01 0.1494641E-01 -9999.000 -9999.000 -9999.000 -9999.000 -9999.000 -9999.000 -9999.000 -9999.000 -9999.000 -9999.000 -9999.000 -9999.000 -9999.000 -9999.000 -9999.000 -9999.000 -9999.000 -9999.000 -9999.000 -9999.000 -9999.000 -9999.000 -9999.000 -9999.000 -9999.000 -9999.000 -9999.000
-9999.000 -9999.000 -9999.000 -9999.000 -9999.000 -9999.000 -9999.000 -9999.000 -9999.000 -9999.000 -9999.000 -9999.000 -9999.000 -9999.000 -9999.000 0.4376813E-02 0.1078786E-01 0.1953567E-01 0.2814195E-01 0.3562708E-01 0.4167031E-01 0.4610529E-01 0.4886648E-01 0.5001713E-01 0.4962111E-01 0.4775215E-01 0.4446444E-01 0.3946551E-01 0.3126096E-01 0.1730112E-01 0.1730112E-01 -9999.000 -9999.000 -9999.000 -9999.000 -9999.000 -9999.000 -9999.000 -9999.000 -9999.000 -9999.000 -9999.000 -9999.000 -9999.000 -9999.000 -9999.000 -9999.000 -9999.000 -9999.000 -9999.000 -9999.000 -9999.000 -9999.000 -9999.000 -9999.000 -9999.000 -9999.000 -9999.000
-9999.000 -9999.000 -9999.000 -9999.000 -9999.000 -9999.000 -9999.000 -9999.000 -9999.000 -9999.000 -9999.000 -9999.000 -9999.000 -9999.000 -9999.000 0.4902720E-02 0.1187606E-01 0.2119217E-01 0.3029298E-01 0.3820377E-01 0.4462747E-01 0.4940521E-01 0.5247919E-01 0.5392807E-01 0.5381962E-01 0.5223182E-01 0.4921891E-01 0.4442932E-01 0.3612629E-01 0.2040040E-01 0.2040040E-01 -9999.000 -9999.000 -9999.000 -9999.000 -9999.000 -9999.000 -9999.000 -9999.000 -9999.000 -9999.000 -9999.000 -9999.000 -9999.000 -9999.000 -9999.000 -9999.000 -9999.000 -9999.000 -9999.000 -9999.000 -9999.000 -9999.000 -9999.000 -9999.000 -9999.000 -9999.000 -9999.000
-9999.000 -9999.000 -9999.000 -9999.000 -9999.000 -9999.000 -9999.000 -9999.000 -9999.000 -9999.000 -9999.000 -9999.000 -9999.000 -9999.000 -9999.000 0.5880421E-02 0.1389064E-01 0.2416567E-01 0.3376601E-01 0.4211130E-01 0.4890221E-01 0.5400550E-01 0.5738557E-01 0.5914901E-01 0.5937200E-01 0.5813988E-01 0.5550859E-01 0.5105313E-01 0.4273406E-01 0.2467077E-01 0.2467077E-01 -9999.000 -9999.000 -9999.000 -9999.000 -9999.000 -9999.000 -9999.000 -9999.000 -9999.000 -9999.000 -9999.000 -9999.000 -9999.000 -9999.000 -9999.000 -9999.000 -9999.000 -9999.000 -9999.000 -9999.000 -9999.000 -9999.000 -9999.000 -9999.000 -9999.000 -9999.000 -9999.000
-9999.000 -9999.000 -9999.000 -9999.000 -9999.000 -9999.000 -9999.000 -9999.000 -9999.000 -9999.000 -9999.000 -9999.000 -9999.000 -9999.000 -9999.000 0.5930300E-01 0.8918858E-01 0.1011711 0.9419163E-01 0.9083759E-01 0.8705933E-01 0.8297054E-01 0.7870738E-01 0.7436750E-01 0.6988664E-01 0.6522436E-01 0.6024680E-01 0.5426615E-01 0.4484512E-01 0.2226385E-01 0.2226385E-01 -9999.000 -9999.000 -9999.000 -9999.000 -9999.000 -9999.000 -9999.000 -9999.000 -9999.000 -9999.000 -9999.000 -9999.000 -9999.000 -9999.000 -9999.000 -9999.000 -9999.000 -9999.000 -9999.000 -9999.000 -9999.000 -9999.000 -9999.000 -9999.000 -9999.000 -9999.000 -9999.000
2.763846 2.763846 2.760291 2.782376 2.801240 2.801240 2.804188 2.804554 2.804554 2.801472 2.801472 2.795925 2.792449 2.788610 2.784650 2.784650 2.894304 2.897486 2.898237 2.875780 2.833285 2.769614 2.682949 2.573887 2.445036 2.297705 2.136165 1.970389 1.826025 1.770523 1.770523 2.620892 2.795105 2.891072 2.914023 2.914023 2.942133 2.942133 2.915451 2.915451 2.865973 2.670673 2.670673 2.233544 2.233544 2.002460 2.002460 2.002460 1.999344 1.999344 2.036252 2.036252 2.085250 2.085250 2.134709 2.134709 2.177997 2.177997
2.786592 2.786592 2.790225 2.835208 2.861024 2.861024 2.875797 2.898595 2.898595 2.917433 2.917433 2.933598 2.940911 2.947815 2.954535 2.954535 3.036684 3.052772 3.067110 3.075763 3.078903 3.074832 3.060667 3.033770 2.992127 2.933471 2.856844 2.763774 2.661494 2.590945 2.590945 3.050511 3.210722 3.361479 3.401469 3.401469 3.445046 3.445046 3.441088 3.441088 3.416152 3.304673 3.304673 3.066127 3.066127 2.826060 2.826060 2.826060 2.821682 2.821682 2.860508 2.860508 2.912592 2.912592 2.964663 2.964663 3.011168 3.011168
2.791338 2.791338 2.787941 2.836773 2.860696 2.860696 2.876285 2.900067 2.900067 2.919502 2.919502 2.936291 2.943964 2.951255 2.958418 2.958418 3.032759 3.059804 3.084776 3.105587 3.122029 3.133676 3.139489 3.138285 3.128880 3.109543 3.078712 3.036031 2.984865 2.948831 2.948831 3.215442 3.371611 3.549245 3.599953 3.599953 3.649736 3.649736 3.635348 3.635348 3.603343 3.498772 3.498772 3.339035 3.339035 3.122116 3.122116 3.122116 3.101714 3.101714 3.129313 3.129313 3.173320 3.173320 3.219261 3.219261 3.261111 3.261111
2.794302 2.794302 2.789645 2.837113 2.859614 2.859614 2.875615 2.899896 2.899896 2.919411 2.919411 2.936240 2.943940 2.951261 2.958495 2.958495 3.028714 3.065233 3.100091 3.130680 3.156058 3.175829 3.189591 3.197014 3.197890 3.191741 3.177987 3.156553 3.129589 3.112209 3.112209 3.276238 3.415682 3.601975 3.658268 3.658268 3.704666 3.704666 3.669059 3.669059 3.628184 3.535425 3.535425 3.436044 3.436044 3.264032 3.264032 3.264032 3.228936 3.228936 3.243379 3.243379 3.279472 3.279472 3.320815 3.320815 3.359593 3.359593
2.795578 2.795578 2.792575 2.837235 2.858825 2.858825 2.875148 2.899889 2.899889 2.919442 2.919442 2.936240 2.943933 2.951252 2.958552 2.958552 3.028636 3.073506 3.117406 3.156909 3.190488 3.217499 3.237611 3.250687 3.256810 3.256069 3.248591 3.234855 3.216830 3.204958 3.204958 3.306883 3.422901 3.600108 3.652451 3.652451 3.675207 3.675207 3.613251 3.613251 3.572507 3.511322 3.511322 3.466736 3.466736 3.350998 3.350998 3.350998 3.307865 3.307865 3.307765 3.307765 3.333508 3.333508 3.368724 3.368724 3.403596 3.403596
2.795041 2.795041 2.796101 2.836867 2.858001 2.858001 2.874629 2.899838 2.899838 2.919467 2.919467 2.936250 2.943938 2.951255 2.958656 2.958656 3.033519 3.086176 3.138262 3.185711 3.226658 3.260278 3.286213 3.304347 3.314784 3.317755 3.313605 3.303022 3.287810 3.275442 3.275442 3.335292 3.424140 3.571751 3.605529 3.605529 3.582149 3.582149 3.509465 3.509465 3.484487 3.469433 3.469433 3.470330 3.470330 3.410436 3.410436 3.410436 3.368963 3.368963 3.356720 3.356720 3.370333 3.370333 3.397113 3.397113 3.426250 3.426250
2.791142 2.791142 2.801541 2.836932 2.857792 2.857792 2.874530 2.899901 2.899901 2.919510 2.919510 2.936263 2.943944 2.951259 2.958804 2.958804 3.044203 3.104589 3.164088 3.218417 3.265651 3.304943 3.335947 3.358570 3.372899 3.379154 3.377685 3.369136 3.354981 3.340446 3.340446 3.370371 3.429972 3.520284 3.515726 3.515726 3.440844 3.440844 3.393891 3.393891 3.395977 3.426693 3.426693 3.461085 3.461085 3.449584 3.449584 3.449584 3.418528 3.418528 3.399797 3.399797 3.401695 3.401695 3.418236 3.418236 3.439646 3.439646
2.790747 2.790747 2.802916 2.836843 2.857647 2.857647 2.874445 2.899904 2.899904 2.919521 2.919521 2.936266 2.943946 2.951260 2.959008 2.959008 3.061771 3.130200 3.196434 3.256497 3.308722 3.352434 3.387409 3.413633 3.431207 3.440321 3.441260 3.434527 3.421181 3.404496 3.404496 3.412202 3.439500 3.430352 3.371467 3.371467 3.280210 3.280210 3.292968 3.292968 3.321721 3.387109 3.387109 3.444473 3.444473 3.471916 3.471916 3.471916 3.456609 3.456609 3.438062 3.438062 3.430933 3.430933 3.436624 3.436624 3.448595 3.448595
2.791141 2.791141 2.801542 2.836932 2.857793 2.857793 2.874530 2.899902 2.899902 2.919510 2.919510 2.936264 2.943945 2.951260 2.959290 2.959290 3.087731 3.164688 3.236963 3.301478 3.357164 3.403747 3.441260 3.469848 3.489683 3.500951 3.503873 3.498785 3.486278 3.467502 3.467502 3.455863 3.440713 3.277120 3.176548 3.176548 3.138038 3.138038 3.216413 3.216413 3.263311 3.350596 3.350596 3.423405 3.423405 3.480779 3.480779 3.480779 3.482744 3.482744 3.469892 3.469892 3.457807 3.457807 3.453439 3.453439 3.454926 3.454926
2.795041 2.795041 2.796101 2.836867 2.858002 2.858002 2.874628 2.899838 2.899838 2.919466 2.919466 2.936250 2.943937 2.951255 2.959680 2.959680 3.124279 3.210157 3.287544 3.354923 3.412219 3.459789 3.498070 3.527455 3.548242 3.560654 3.564863 3.561041 3.549125 3.526780 3.526780 3.489416 3.402530 3.056683 2.972096 2.972096 3.034997 3.034997 3.156464 3.156464 3.213317 3.313840 3.313840 3.397561 3.397561 3.477546 3.477546 3.477546 3.495645 3.495645 3.491755 3.491755 3.478911 3.478911 3.466475 3.466475 3.457403 3.457403
2.795578 2.795578 2.792575 2.837235 2.858825 2.858825 2.875147 2.899890 2.899890 2.919443 2.919443 2.936242 2.943933 2.951252 2.960223 2.960223 3.174713 3.269351 3.350289 3.418366 3.474922 3.521181 3.558112 3.586416 3.606564 3.618834 3.623375 3.620161 3.607723 3.574824 3.574824 3.481816 3.267235 2.819864 2.815238 2.815238 2.961862 2.961862 3.103255 3.103255 3.165262 3.274227 3.274227 3.365973 3.365973 3.462630 3.462630 3.462630 3.494251 3.494251 3.500209 3.500209 3.489516 3.489516 3.471568 3.471568 3.452806 3.452806
