cruce_test.gid/Rasters/Hydraulic/Velocity____334.0.asc
NCOLS        79
NROWS        79
XLLCENTER         -1.500000
YLLCENTER         -4.800000
CELLSIZE           0.100
NODATA_VALUE     -9999.0
[rows 0 to 26 of 79, columns 0 to 59 of 79]
-9999.000 -9999.000 -9999.000 -9999.000 -9999.000 -9999.000 -9999.000 -9999.000 -9999.000 -9999.000 -9999.000 -9999.000 -9999.000 -9999.000 -9999.000 0.9903830E-01 0.9731040E-01 0.9725487E-01 0.9775773E-01 0.9848913E-01 0.9929001E-01 0.1000591 0.1006898 0.1011909 0.1015503 0.1017832 0.1019602 0.1022957 0.1033786 0.1044016 0.1044016 -9999.000 -9999.000 -9999.000 -9999.000 -9999.000 -9999.000 -9999.000 -9999.000 -9999.000 -9999.000 -9999.000 -9999.000 -9999.000 -9999.000 -9999.000 -9999.000 -9999.000 -9999.000 -9999.000 -9999.000 -9999.000 -9999.000 -9999.000 -9999.000 -9999.000 -9999.000 -9999.000 -9999.000 -9999.000
-9999.000 -9999.000 -9999.000 -9999.000 -9999.000 -9999.000 -9999.000 -9999.000 -9999.000 -9999.000 -9999.000 -9999.000 -9999.000 -9999.000 -9999.000 0.9738434E-01 0.9391184E-01 0.9384952E-01 0.9495285E-01 0.9653731E-01 0.9828100E-01 0.9997921E-01 0.1014060 0.1025707 0.1034411 0.1040432 0.1045313 0.1053855 0.1079141 0.1106585 0.1106585 -9999.000 -9999.000 -9999.000 -9999.000 -9999.000 -9999.000 -9999.000 -9999.000 -9999.000 -9999.000 -9999.000 -9999.000 -9999.000 -9999.000 -9999.000 -9999.000 -9999.000 -9999.000 -9999.000 -9999.000 -9999.000 -9999.000 -9999.000 -9999.000 -9999.000 -9999.000 -9999.000 -9999.000 -9999.000
-9999.000 -9999.000 -9999.000 -9999.000 -9999.000 -9999.000 -9999.000 -9999.000 -9999.000 -9999.000 -9999.000 -9999.000 -9999.000 -9999.000 -9999.000 0.9428592E-01 0.8903499E-01 0.8895500E-01 0.9074968E-01 0.9333314E-01 0.9620707E-01 0.9906188E-01 0.1015479 0.1036822 0.1054086 0.1067571 0.1079605 0.1097776 0.1142987 0.1196065 0.1196065 -9999.000 -9999.000 -9999.000 -9999.000 -9999.000 -9999.000 -9999.000 -9999.000 -9999.000 -9999.000 -9999.000 -9999.000 -9999.000 -9999.000 -9999.000 -9999.000 -9999.000 -9999.000 -9999.000 -9999.000 -9999.000 -9999.000 -9999.000 -9999.000 -9999.000 -9999.000 -9999.000 -9999.000 -9999.000
-9999.000 -9999.000 -9999.000 -9999.000 -9999.000 -9999.000 -9999.000 -9999.000 -9999.000 -9999.000 -9999.000 -9999.000 -9999.000 -9999.000 -9999.000 0.9048343E-01 0.8356979E-01 0.8349049E-01 0.8600525E-01 0.8962017E-01 0.9366471E-01 0.9773346E-01 0.1013587 0.1045724 0.1072902 0.1095379 0.1116194 0.1145706 0.1212927 0.1297364 0.1297364 -9999.000 -9999.000 -9999.000 -9999.000 -9999.000 -9999.000 -9999.000 -9999.000 -9999.000 -9999.000 -9999.000 -9999.000 -9999.000 -9999.000 -9999.000 -9999.000 -9999.000 -9999.000 -9999.000 -9999.000 -9999.000 -9999.000 -9999.000 -9999.000 -9999.000 -9999.000 -9999.000 -9999.000 -9999.000
-9999.000 -9999.000 -9999.000 -9999.000 -9999.000 -9999.000 -9999.000 -9999.000 -9999.000 -9999.000 -9999.000 -9999.000 -9999.000 -9999.000 -9999.000 0.8620778E-01 0.7771717E-01 0.7766357E-01 0.8093225E-01 0.8560959E-01 0.9085529E-01 0.9617586E-01 0.1009888 0.1053476 0.1091362 0.1123729 0.1154296 0.1196293 0.1287296 0.1409078 0.1409078 -9999.000 -9999.000 -9999.000 -9999.000 -9999.000 -9999.000 -9999.000 -9999.000 -9999.000 -9999.000 -9999.000 -9999.000 -9999.000 -9999.000 -9999.000 -9999.000 -9999.000 -9999.000 -9999.000 -9999.000 -9999.000 -9999.000 -9999.000 -9999.000 -9999.000 -9999.000 -9999.000 -9999.000 -9999.000
-9999.000 -9999.000 -9999.000 -9999.000 -9999.000 -9999.000 -9999.000 -9999.000 -9999.000 -9999.000 -9999.000 -9999.000 -9999.000 -9999.000 -9999.000 0.8154758E-01 0.7156661E-01 0.7158016E-01 0.7564878E-01 0.8142305E-01 0.8789750E-01 0.9449765E-01 0.1005297 0.1060766 0.1109869 0.1152689 0.1193643 0.1248988 0.1365485 0.1531440 0.1531440 -9999.000 -9999.000 -9999.000 -9999.000 -9999.000 -9999.000 -9999.000 -9999.000 -9999.000 -9999.000 -9999.000 -9999.000 -9999.000 -9999.000 -9999.000 -9999.000 -9999.000 -9999.000 -9999.000 -9999.000 -9999.000 -9999.000 -9999.000 -9999.000 -9999.000 -9999.000 -9999.000 -9999.000 -9999.000
-9999.000 -9999.000 -9999.000 -9999.000 -9999.000 -9999.000 -9999.000 -9999.000 -9999.000 -9999.000 -9999.000 -9999.000 -9999.000 -9999.000 -9999.000 0.7652207E-01 0.6515275E-01 0.6529672E-01 0.7022487E-01 0.7713418E-01 0.8486109E-01 0.9276132E-01 0.1000331 0.1067989 0.1128662 0.1182320 0.1234123 0.1303567 0.1447368 0.1665710 0.1665710 -9999.000 -9999.000 -9999.000 -9999.000 -9999.000 -9999.000 -9999.000 -9999.000 -9999.000 -9999.000 -9999.000 -9999.000 -9999.000 -9999.000 -9999.000 -9999.000 -9999.000 -9999.000 -9999.000 -9999.000 -9999.000 -9999.000 -9999.000 -9999.000 -9999.000 -9999.000 -9999.000 -9999.000 -9999.000
-9999.000 -9999.000 -9999.000 -9999.000 -9999.000 -9999.000 -9999.000 -9999.000 -9999.000 -9999.000 -9999.000 -9999.000 -9999.000 -9999.000 -9999.000 0.7111591E-01 0.5848574E-01 0.5885220E-01 0.6471497E-01 0.7279709E-01 0.8179330E-01 0.9100618E-01 0.9953033E-01 0.1075375 0.1147877 0.1212658 0.1275679 0.1359945 0.1533063 0.1813963 0.1813963 -9999.000 -9999.000 -9999.000 -9999.000 -9999.000 -9999.000 -9999.000 -9999.000 -9999.000 -9999.000 -9999.000 -9999.000 -9999.000 -9999.000 -9999.000 -9999.000 -9999.000 -9999.000 -9999.000 -9999.000 -9999.000 -9999.000 -9999.000 -9999.000 -9999.000 -9999.000 -9999.000 -9999.000 -9999.000
-9999.000 -9999.000 -9999.000 -9999.000 -9999.000 -9999.000 -9999.000 -9999.000 -9999.000 -9999.000 -9999.000 -9999.000 -9999.000 -9999.000 -9999.000 0.6529456E-01 0.5156768E-01 0.5229189E-01 0.5917953E-01 0.6846569E-01 0.7873632E-01 0.8926407E-01 0.9904391E-01 0.1083085 0.1167607 0.1243724 0.1318276 0.1418099 0.1622831 0.1979126 0.1979126 -9999.000 -9999.000 -9999.000 -9999.000 -9999.000 -9999.000 -9999.000 -9999.000 -9999.000 -9999.000 -9999.000 -9999.000 -9999.000 -9999.000 -9999.000 -9999.000 -9999.000 -9999.000 -9999.000 -9999.000 -9999.000 -9999.000 -9999.000 -9999.000 -9999.000 -9999.000 -9999.000 -9999.000 -9999.000
-9999.000 -9999.000 -9999.000 -9999.000 -9999.000 -9999.000 -9999.000 -9999.000 -9999.000 -9999.000 -9999.000 -9999.000 -9999.000 -9999.000 -9999.000 0.5901184E-01 0.4440728E-01 0.4569169E-01 0.5370714E-01 0.6420972E-01 0.7573903E-01 0.8756801E-01 0.9859668E-01 0.1091277 0.1187946 0.1275545 0.1361894 0.1478046 0.1717024 0.2165179 0.2165179 -9999.000 -9999.000 -9999.000 -9999.000 -9999.000 -9999.000 -9999.000 -9999.000 -9999.000 -9999.000 -9999.000 -9999.000 -9999.000 -9999.000 -9999.000 -9999.000 -9999.000 -9999.000 -9999.000 -9999.000 -9999.000 -9999.000 -9999.000 -9999.000 -9999.000 -9999.000 -9999.000 -9999.000 -9999.000
-9999.000 -9999.000 -9999.000 -9999.000 -9999.000 -9999.000 -9999.000 -9999.000 -9999.000 -9999.000 -9999.000 -9999.000 -9999.000 -9999.000 -9999.000 0.5221216E-01 0.3704160E-01 0.3920169E-01 0.4844288E-01 0.6013114E-01 0.7286803E-01 0.8596291E-01 0.9821948E-01 0.1100176 0.1209038 0.1308196 0.1406551 0.1539830 0.1816072 0.2377564 0.2377564 -9999.000 -9999.000 -9999.000 -9999.000 -9999.000 -9999.000 -9999.000 -9999.000 -9999.000 -9999.000 -9999.000 -9999.000 -9999.000 -9999.000 -9999.000 -9999.000 -9999.000 -9999.000 -9999.000 -9999.000 -9999.000 -9999.000 -9999.000 -9999.000 -9999.000 -9999.000 -9999.000 -9999.000 -9999.000
-9999.000 -9999.000 -9999.000 -9999.000 -9999.000 -9999.000 -9999.000 -9999.000 -9999.000 -9999.000 -9999.000 -9999.000 -9999.000 -9999.000 -9999.000 0.4483179E-01 0.2959298E-01 0.3313570E-01 0.4363468E-01 0.5638779E-01 0.7022375E-01 0.8451650E-01 0.9796175E-01 0.1110163 0.1231163 0.1341857 0.1452350 0.1603577 0.1920507 0.2623852 0.2623852 -9999.000 -9999.000 -9999.000 -9999.000 -9999.000 -9999.000 -9999.000 -9999.000 -9999.000 -9999.000 -9999.000 -9999.000 -9999.000 -9999.000 -9999.000 -9999.000 -9999.000 -9999.000 -9999.000 -9999.000 -9999.000 -9999.000 -9999.000 -9999.000 -9999.000 -9999.000 -9999.000 -9999.000 -9999.000
-9999.000 -9999.000 -9999.000 -9999.000 -9999.000 -9999.000 -9999.000 -9999.000 -9999.000 -9999.000 -9999.000 -9999.000 -9999.000 -9999.000 -9999.000 0.3680310E-01 0.2244964E-01 0.2815416E-01 0.3970396E-01 0.5322962E-01 0.6796489E-01 0.8333933E-01 0.9790818E-01 0.1121921 0.1254868 0.1376951 0.1499613 0.1669580 0.2031024 0.2914898 0.2914898 -9999.000 -9999.000 -9999.000 -9999.000 -9999.000 -9999.000 -9999.000 -9999.000 -9999.000 -9999.000 -9999.000 -9999.000 -9999.000 -9999.000 -9999.000 -9999.000 -9999.000 -9999.000 -9999.000 -9999.000 -9999.000 -9999.000 -9999.000 -9999.000 -9999.000 -9999.000 -9999.000 -9999.000 -9999.000
-9999.000 -9999.000 -9999.000 -9999.000 -9999.000 -9999.000 -9999.000 -9999.000 -9999.000 -9999.000 -9999.000 -9999.000 -9999.000 -9999.000 -9999.000 0.2803252E-01 0.1702035E-01 0.2571617E-01 0.3754633E-01 0.5125219E-01 0.6651933E-01 0.8275612E-01 0.9831853E-01 0.1137573 0.1281895 0.1414912 0.1549521 0.1738838 0.2148826 0.3267047 0.3267047 -9999.000 -9999.000 -9999.000 -9999.000 -9999.000 -9999.000 -9999.000 -9999.000 -9999.000 -9999.000 -9999.000 -9999.000 -9999.000 -9999.000 -9999.000 -9999.000 -9999.000 -9999.000 -9999.000 -9999.000 -9999.000 -9999.000 -9999.000 -9999.000 -9999.000 -9999.000 -9999.000 -9999.000 -9999.000
-9999.000 -9999.000 -9999.000 -9999.000 -9999.000 -9999.000 -9999.000 -9999.000 -9999.000 -9999.000 -9999.000 -9999.000 -9999.000 -9999.000 -9999.000 0.3874461E-01 0.5943186E-01 0.6830841E-01 0.7220054E-01 0.7805570E-01 0.8600155E-01 0.9642162E-01 0.1079095 0.1207496 0.1336643 0.1462452 0.1597296 0.1800209 0.2261374 0.3675086 0.3675086 -9999.000 -9999.000 -9999.000 -9999.000 -9999.000 -9999.000 -9999.000 -9999.000 -9999.000 -9999.000 -9999.000 -9999.000 -9999.000 -9999.000 -9999.000 -9999.000 -9999.000 -9999.000 -9999.000 -9999.000 -9999.000 -9999.000 -9999.000 -9999.000 -9999.000 -9999.000 -9999.000 -9999.000 -9999.000
2.699884 2.699884 2.692442 2.721049 2.740176 2.740176 2.743663 2.744422 2.744422 2.741761 2.741761 2.736620 2.733318 2.729631 2.725734 2.725734 2.806686 2.809049 2.799473 2.771760 2.725257 2.658409 2.569298 2.460867 2.333385 2.189242 2.033228 1.876517 1.747054 1.719032 1.719032 2.543437 2.708591 2.795884 2.815937 2.815937 2.837379 2.837379 2.799320 2.799320 2.743641 2.532452 2.532452 2.068718 2.068718 1.901752 1.901752 1.901752 1.911853 1.911853 1.953667 1.953667 2.003436 2.003436 2.052022 2.052022 2.093603 2.093603 2.093603 2.124602
2.722137 2.722137 2.718863 2.773051 2.799024 2.799024 2.814080 2.836801 2.836801 2.855580 2.855580 2.871720 2.879005 2.885866 2.892464 2.892464 2.953774 2.967604 2.978899 2.986120 2.988278 2.983270 2.968213 2.941366 2.900133 2.842665 2.768280 2.678711 2.581514 2.525644 2.525644 2.968112 3.120279 3.263599 3.301257 3.301257 3.339823 3.339823 3.329039 3.329039 3.300025 3.179671 3.179671 2.914040 2.914040 2.717021 2.717021 2.717021 2.726648 2.726648 2.769886 2.769886 2.822612 2.822612 2.873957 2.873957 2.918962 2.918962 2.918962 2.955244
2.726533 2.726533 2.720400 2.774286 2.798376 2.798376 2.814206 2.838023 2.838023 2.857521 2.857521 2.874380 2.882057 2.889332 2.896379 2.896379 2.952960 2.976487 2.998664 3.018085 3.034121 3.046041 3.052701 3.053345 3.046502 3.030487 3.003830 2.966240 2.921103 2.894665 2.894665 3.152299 3.296919 3.461163 3.507533 3.507533 3.549138 3.549138 3.527517 3.527517 3.493316 3.388811 3.388811 3.213017 3.213017 3.016496 3.016496 3.016496 3.010180 3.010180 3.043248 3.043248 3.088380 3.088380 3.133534 3.133534 3.173777 3.173777 3.173777 3.206605
2.728985 2.728985 2.723331 2.774817 2.797497 2.797497 2.813683 2.838005 2.838005 2.857541 2.857541 2.874353 2.882012 2.889279 2.896348 2.896348 2.951342 2.983578 3.015305 3.044048 3.068730 3.088812 3.103850 3.113790 3.118361 3.117069 3.109347 3.095084 3.076294 3.069163 3.069163 3.229332 3.358388 3.526596 3.575217 3.575217 3.606847 3.606847 3.562752 3.562752 3.523082 3.438791 3.438791 3.332065 3.332065 3.160795 3.160795 3.160795 3.137326 3.137326 3.158472 3.158472 3.196695 3.196695 3.237713 3.237713 3.275038 3.275038 3.275038 3.305540
2.729528 2.729528 2.727506 2.774773 2.796548 2.796548 2.812998 2.837826 2.837826 2.857480 2.857480 2.874313 2.881979 2.889253 2.896369 2.896369 2.953342 2.993592 3.034148 3.071511 3.104129 3.131332 3.152788 3.168559 3.178785 3.183600 3.183157 3.177921 3.169724 3.169379 3.169379 3.272898 3.381914 3.538174 3.578287 3.578287 3.577770 3.577770 3.510471 3.510471 3.475085 3.426669 3.426669 3.379319 3.379319 3.251698 3.251698 3.251698 3.215093 3.215093 3.221894 3.221894 3.251016 3.251016 3.286761 3.286761 3.320585 3.320585 3.320585 3.348303
2.725384 2.725384 2.734118 2.774837 2.796141 2.796141 2.812806 2.838007 2.838007 2.857658 2.857658 2.874404 2.882037 2.889288 2.896447 2.896447 2.959767 3.007794 3.056504 3.101742 3.141665 3.175487 3.202884 3.223882 3.238688 3.247603 3.251040 3.249719 3.245365 3.245527 3.245527 3.311412 3.397125 3.520152 3.535294 3.535294 3.483210 3.483210 3.413509 3.413509 3.396223 3.392894 3.392894 3.392604 3.392604 3.316128 3.316128 3.316128 3.275345 3.275345 3.268663 3.268663 3.286549 3.286549 3.314883 3.314883 3.343614 3.343614 3.343614 3.367362
2.724696 2.724696 2.737447 2.774713 2.795754 2.795754 2.812545 2.838005 2.838005 2.857695 2.857695 2.874419 2.882043 2.889288 2.896529 2.896529 2.971501 3.027494 3.083817 3.136127 3.182544 3.222278 3.255041 3.280838 3.299865 3.312429 3.318964 3.320176 3.317526 3.316170 3.316170 3.355116 3.414242 3.470562 3.440281 3.440281 3.342550 3.342550 3.306404 3.306404 3.315311 3.353865 3.353865 3.387522 3.387522 3.360200 3.360200 3.360200 3.325213 3.325213 3.309503 3.309503 3.315730 3.315730 3.334721 3.334721 3.356482 3.356482 3.356482 3.374810
2.724473 2.724473 2.738534 2.774668 2.795623 2.795623 2.812454 2.838003 2.838003 2.857707 2.857707 2.874424 2.882045 2.889290 2.896647 2.896647 2.989673 3.054156 3.117670 3.176222 3.228165 3.272873 3.310163 3.340094 3.362856 3.378730 3.388100 3.391551 3.390163 3.387000 3.387000 3.404984 3.430927 3.368415 3.283751 3.283751 3.188463 3.188463 3.214147 3.214147 3.246683 3.315802 3.315802 3.372401 3.372401 3.386824 3.386824 3.386824 3.364990 3.364990 3.346566 3.346566 3.342869 3.342869 3.351465 3.351465 3.364508 3.364508 3.364508 3.375907
2.724695 2.724695 2.737448 2.774711 2.795754 2.795754 2.812545 2.838005 2.838005 2.857695 2.857695 2.874419 2.882043 2.889288 2.896815 2.896815 3.015858 3.089536 3.159885 3.223782 3.280131 3.328648 3.369369 3.402474 3.428203 3.446829 3.458678 3.464190 3.463969 3.458605 3.458605 3.455648 3.429976 3.191472 3.081146 3.081146 3.056459 3.056459 3.142033 3.142033 3.190062 3.278557 3.278557 3.350605 3.350605 3.398034 3.398034 3.398034 3.392767 3.392767 3.377627 3.377627 3.367399 3.367399 3.365818 3.365818 3.368942 3.368942 3.368942 3.372125
2.725384 2.725384 2.734118 2.774837 2.796142 2.796142 2.812806 2.838006 2.838006 2.857658 2.857658 2.874404 2.882037 2.889287 2.897049 2.897049 3.052364 3.135957 3.212678 3.280859 3.340282 3.391196 3.433980 3.469013 3.496640 3.517165 3.530880 3.538076 3.538581 3.528357 3.528357 3.491146 3.368935 2.953537 2.883072 2.883072 2.961065 2.961065 3.083718 3.083718 3.140149 3.240692 3.240692 3.323514 3.323514 3.395884 3.395884 3.395884 3.407165 3.407165 3.399439 3.399439 3.386600 3.386600 3.376234 3.376234 3.369036 3.369036 3.369036 3.363176
2.729527 2.729527 2.727506 2.774774 2.796549 2.796549 2.812998 2.837826 2.837826 2.857480 2.857480 2.874313 2.881979 2.889253 2.897356 2.897356 3.102699 3.196619 3.278870 3.349901 3.410714 3.462293 3.505465 3.540886 3.569051 3.590331 3.605011 3.613180 3.612719 3.586617 3.586617 3.467559 3.183469 2.721729 2.739512 2.739512 2.890718 2.890718 3.030590 3.030590 3.091356 3.200036 3.200036 3.290565 3.290565 3.381112 3.381112 3.381112 3.406778 3.406778 3.408201 3.408201 3.396028 3.396028 3.379009 3.379009 3.361999 3.361999 3.361999 3.346953
2.728984 2.728984 2.723331 2.774817 2.797497 2.797497 2.813683 2.838005 2.838005 2.857540 2.857540 2.874352 2.882011 2.889278 2.897827 2.897827 3.172416 3.276176 3.362232 3.433936 3.493862 3.543898 3.585406 3.619351 3.646407 3.667027 3.681508 3.689392 3.681534 3.597781 3.597781 3.293902 2.849294 2.572792 2.640892 2.640892 2.824072 2.824072 2.972275 2.972275 3.035566 3.150800 3.150800 3.247069 3.247069 3.350717 3.350717 3.350717 3.387800 3.387800 3.398077 3.398077 3.388350 3.388350 3.366913 3.366913 3.341413 3.341413 3.341413 3.317872
