cruce_test.gid/Rasters/Hydraulic/Velocity____17.0.asc
NCOLS        79
NROWS        79
XLLCENTER         -1.500000
YLLCENTER         -4.800000
CELLSIZE           0.100
NODATA_VALUE     -9999.0
[rows 0 to 26 of 79, columns 0 to 59 of 79]
-9999.000 -9999.000 -9999.000 -9999.000 -9999.000 -9999.000 -9999.000 -9999.000 -9999.000 -9999.000 -9999.000 -9999.000 -9999.000 -9999.000 -9999.000 1.350594 1.363538 1.363955 1.364102 1.364156 1.364176 1.364183 1.364185 1.364183 1.364176 1.364156 1.364102 1.363955 1.363538 1.350594 1.350594 -9999.000 -9999.000 -9999.000 -9999.000 -9999.000 -9999.000 -9999.000 -9999.000 -9999.000 -9999.000 -9999.000 -9999.000 -9999.000 -9999.000 -9999.000 -9999.000 -9999.000 -9999.000 -9999.000 -9999.000 -9999.000 -9999.000 -9999.000 -9999.000 -9999.000 -9999.000 -9999.000 -9999.000 -9999.000
-9999.000 -9999.000 -9999.000 -9999.000 -9999.000 -9999.000 -9999.000 -9999.000 -9999.000 -9999.000 -9999.000 -9999.000 -9999.000 -9999.000 -9999.000 1.335970 1.359540 1.360353 1.360715 1.360881 1.360954 1.360983 1.360991 1.360983 1.360954 1.360881 1.360715 1.360353 1.359540 1.335970 1.335970 -9999.000 -9999.000 -9999.000 -9999.000 -9999.000 -9999.000 -9999.000 -9999.000 -9999.000 -9999.000 -9999.000 -9999.000 -9999.000 -9999.000 -9999.000 -9999.000 -9999.000 -9999.000 -9999.000 -9999.000 -9999.000 -9999.000 -9999.000 -9999.000 -9999.000 -9999.000 -9999.000 -9999.000 -9999.000
-9999.000 -9999.000 -9999.000 -9999.000 -9999.000 -9999.000 -9999.000 -9999.000 -9999.000 -9999.000 -9999.000 -9999.000 -9999.000 -9999.000 -9999.000 1.327016 1.355746 1.356819 1.357371 1.357677 1.357833 1.357904 1.357924 1.357904 1.357833 1.357677 1.357371 1.356819 1.355746 1.323147 1.323147 -9999.000 -9999.000 -9999.000 -9999.000 -9999.000 -9999.000 -9999.000 -9999.000 -9999.000 -9999.000 -9999.000 -9999.000 -9999.000 -9999.000 -9999.000 -9999.000 -9999.000 -9999.000 -9999.000 -9999.000 -9999.000 -9999.000 -9999.000 -9999.000 -9999.000 -9999.000 -9999.000 -9999.000 -9999.000
-9999.000 -9999.000 -9999.000 -9999.000 -9999.000 -9999.000 -9999.000 -9999.000 -9999.000 -9999.000 -9999.000 -9999.000 -9999.000 -9999.000 -9999.000 0.5564589 0.6579119 0.7055422 0.7436644 0.7868124 0.8385689 0.8972645 0.9630282 1.032758 1.102830 1.168075 1.224255 1.276446 1.295357 1.090505 1.090505 -9999.000 -9999.000 -9999.000 -9999.000 -9999.000 -9999.000 -9999.000 -9999.000 -9999.000 -9999.000 -9999.000 -9999.000 -9999.000 -9999.000 -9999.000 -9999.000 -9999.000 -9999.000 -9999.000 -9999.000 -9999.000 -9999.000 -9999.000 -9999.000 -9999.000 -9999.000 -9999.000 -9999.000 -9999.000
-9999.000 -9999.000 -9999.000 -9999.000 -9999.000 -9999.000 -9999.000 -9999.000 -9999.000 -9999.000 -9999.000 -9999.000 -9999.000 -9999.000 -9999.000 0.3542012 0.4080401 0.4163764 0.4148463 0.4139974 0.4156918 0.4189796 0.4244495 0.4319679 0.4419914 0.4547388 0.4707464 0.4960336 0.5173074 0.4189694 0.4189694 -9999.000 -9999.000 -9999.000 -9999.000 -9999.000 -9999.000 -9999.000 -9999.000 -9999.000 -9999.000 -9999.000 -9999.000 -9999.000 -9999.000 -9999.000 -9999.000 -9999.000 -9999.000 -9999.000 -9999.000 -9999.000 -9999.000 -9999.000 -9999.000 -9999.000 -9999.000 -9999.000 -9999.000 -9999.000
-9999.000 -9999.000 -9999.000 -9999.000 -9999.000 -9999.000 -9999.000 -9999.000 -9999.000 -9999.000 -9999.000 -9999.000 -9999.000 -9999.000 -9999.000 0.3101700 0.3712704 0.3866950 0.3893960 0.3905791 0.3929819 0.3961850 0.4006049 0.4057507 0.4115699 0.4180832 0.4263199 0.4428648 0.4564806 0.3568993 0.3568993 -9999.000 -9999.000 -9999.000 -9999.000 -9999.000 -9999.000 -9999.000 -9999.000 -9999.000 -9999.000 -9999.000 -9999.000 -9999.000 -9999.000 -9999.000 -9999.000 -9999.000 -9999.000 -9999.000 -9999.000 -9999.000 -9999.000 -9999.000 -9999.000 -9999.000 -9999.000 -9999.000 -9999.000 -9999.000
-9999.000 -9999.000 -9999.000 -9999.000 -9999.000 -9999.000 -9999.000 -9999.000 -9999.000 -9999.000 -9999.000 -9999.000 -9999.000 -9999.000 -9999.000 0.2760305 0.3397527 0.3606750 0.3684062 0.3738413 0.3800593 0.3871466 0.3955303 0.4046516 0.4141709 0.4238059 0.4342743 0.4514685 0.4629681 0.3572290 0.3572290 -9999.000 -9999.000 -9999.000 -9999.000 -9999.000 -9999.000 -9999.000 -9999.000 -9999.000 -9999.000 -9999.000 -9999.000 -9999.000 -9999.000 -9999.000 -9999.000 -9999.000 -9999.000 -9999.000 -9999.000 -9999.000 -9999.000 -9999.000 -9999.000 -9999.000 -9999.000 -9999.000 -9999.000 -9999.000
-9999.000 -9999.000 -9999.000 -9999.000 -9999.000 -9999.000 -9999.000 -9999.000 -9999.000 -9999.000 -9999.000 -9999.000 -9999.000 -9999.000 -9999.000 0.2457116 0.3097932 0.3356132 0.3484420 0.3584850 0.3688731 0.3799445 0.3919656 0.4042542 0.4162739 0.4276975 0.4393442 0.4570422 0.4690947 0.3626228 0.3626228 -9999.000 -9999.000 -9999.000 -9999.000 -9999.000 -9999.000 -9999.000 -9999.000 -9999.000 -9999.000 -9999.000 -9999.000 -9999.000 -9999.000 -9999.000 -9999.000 -9999.000 -9999.000 -9999.000 -9999.000 -9999.000 -9999.000 -9999.000 -9999.000 -9999.000 -9999.000 -9999.000 -9999.000 -9999.000
-9999.000 -9999.000 -9999.000 -9999.000 -9999.000 -9999.000 -9999.000 -9999.000 -9999.000 -9999.000 -9999.000 -9999.000 -9999.000 -9999.000 -9999.000 0.2176351 0.2807848 0.3111946 0.3292028 0.3440435 0.3586861 0.3735498 0.3887351 0.4035637 0.4175584 0.4306190 0.4437865 0.4625757 0.4761831 0.3716511 0.3716511 -9999.000 -9999.000 -9999.000 -9999.000 -9999.000 -9999.000 -9999.000 -9999.000 -9999.000 -9999.000 -9999.000 -9999.000 -9999.000 -9999.000 -9999.000 -9999.000 -9999.000 -9999.000 -9999.000 -9999.000 -9999.000 -9999.000 -9999.000 -9999.000 -9999.000 -9999.000 -9999.000 -9999.000 -9999.000
-9999.000 -9999.000 -9999.000 -9999.000 -9999.000 -9999.000 -9999.000 -9999.000 -9999.000 -9999.000 -9999.000 -9999.000 -9999.000 -9999.000 -9999.000 0.1908468 0.2520857 0.2867076 0.3099215 0.3296973 0.3486489 0.3671853 0.3853381 0.4026081 0.4187694 0.4340255 0.4495293 0.4701748 0.4859944 0.3853956 0.3853956 -9999.000 -9999.000 -9999.000 -9999.000 -9999.000 -9999.000 -9999.000 -9999.000 -9999.000 -9999.000 -9999.000 -9999.000 -9999.000 -9999.000 -9999.000 -9999.000 -9999.000 -9999.000 -9999.000 -9999.000 -9999.000 -9999.000 -9999.000 -9999.000 -9999.000 -9999.000 -9999.000 -9999.000 -9999.000
-9999.000 -9999.000 -9999.000 -9999.000 -9999.000 -9999.000 -9999.000 -9999.000 -9999.000 -9999.000 -9999.000 -9999.000 -9999.000 -9999.000 -9999.000 0.1644608 0.2229551 0.2613250 0.2897429 0.3146207 0.3380539 0.3604023 0.3817372 0.4018468 0.4208148 0.4391028 0.4578874 0.4813798 0.5004388 0.4058118 0.4058118 -9999.000 -9999.000 -9999.000 -9999.000 -9999.000 -9999.000 -9999.000 -9999.000 -9999.000 -9999.000 -9999.000 -9999.000 -9999.000 -9999.000 -9999.000 -9999.000 -9999.000 -9999.000 -9999.000 -9999.000 -9999.000 -9999.000 -9999.000 -9999.000 -9999.000 -9999.000 -9999.000 -9999.000 -9999.000
-9999.000 -9999.000 -9999.000 -9999.000 -9999.000 -9999.000 -9999.000 -9999.000 -9999.000 -9999.000 -9999.000 -9999.000 -9999.000 -9999.000 -9999.000 0.1376697 0.1927392 0.2343949 0.2680463 0.2982761 0.3265387 0.3531235 0.3782028 0.4018679 0.4244897 0.4467529 0.4699051 0.4976359 0.5217069 0.4356186 0.4356186 -9999.000 -9999.000 -9999.000 -9999.000 -9999.000 -9999.000 -9999.000 -9999.000 -9999.000 -9999.000 -9999.000 -9999.000 -9999.000 -9999.000 -9999.000 -9999.000 -9999.000 -9999.000 -9999.000 -9999.000 -9999.000 -9999.000 -9999.000 -9999.000 -9999.000 -9999.000 -9999.000 -9999.000 -9999.000
-9999.000 -9999.000 -9999.000 -9999.000 -9999.000 -9999.000 -9999.000 -9999.000 -9999.000 -9999.000 -9999.000 -9999.000 -9999.000 -9999.000 -9999.000 0.1098624 0.1610870 0.2056868 0.2446773 0.2805892 0.3141594 0.3455852 0.3751483 0.4032069 0.4303950 0.4576633 0.4865095 0.5204544 0.5524852 0.4789773 0.4789773 -9999.000 -9999.000 -9999.000 -9999.000 -9999.000 -9999.000 -9999.000 -9999.000 -9999.000 -9999.000 -9999.000 -9999.000 -9999.000 -9999.000 -9999.000 -9999.000 -9999.000 -9999.000 -9999.000 -9999.000 -9999.000 -9999.000 -9999.000 -9999.000 -9999.000 -9999.000 -9999.000 -9999.000 -9999.000
-9999.000 -9999.000 -9999.000 -9999.000 -9999.000 -9999.000 -9999.000 -9999.000 -9999.000 -9999.000 -9999.000 -9999.000 -9999.000 -9999.000 -9999.000 0.8075129E-01 0.1282080 0.1756721 0.2201657 0.2620687 0.3014037 0.3382670 0.3730344 0.4062914 0.4389479 0.4723397 0.5085175 0.5514982 0.5965724 0.5438647 0.5438647 -9999.000 -9999.000 -9999.000 -9999.000 -9999.000 -9999.000 -9999.000 -9999.000 -9999.000 -9999.000 -9999.000 -9999.000 -9999.000 -9999.000 -9999.000 -9999.000 -9999.000 -9999.000 -9999.000 -9999.000 -9999.000 -9999.000 -9999.000 -9999.000 -9999.000 -9999.000 -9999.000 -9999.000 -9999.000
-9999.000 -9999.000 -9999.000 -9999.000 -9999.000 -9999.000 -9999.000 -9999.000 -9999.000 -9999.000 -9999.000 -9999.000 -9999.000 -9999.000 -9999.000 0.5104042E-01 0.9791075E-01 0.1491523 0.1989142 0.2462310 0.2908720 0.3329908 0.3730744 0.4118978 0.4506569 0.4912060 0.5365787 0.5925673 0.6602669 0.6498574 0.6498574 -9999.000 -9999.000 -9999.000 -9999.000 -9999.000 -9999.000 -9999.000 -9999.000 -9999.000 -9999.000 -9999.000 -9999.000 -9999.000 -9999.000 -9999.000 -9999.000 -9999.000 -9999.000 -9999.000 -9999.000 -9999.000 -9999.000 -9999.000 -9999.000 -9999.000 -9999.000 -9999.000 -9999.000 -9999.000
0.8551953 0.8551953 0.8280594 0.8004723 0.7832574 0.7832574 0.7636759 0.7228200 0.7228200 0.6807202 0.6807202 0.6276314 0.5927888 0.5492827 0.4935994 0.4935994 0.3775221 0.3476124 0.3346175 0.3366857 0.3509267 0.3742316 0.4041001 0.4390607 0.4789135 0.5250871 0.5815182 0.6573943 0.7685646 0.9351085 0.9351085 1.271814 1.414136 1.033115 0.8082816 0.8082816 0.1198069 0.1198069 0.1248068E-01 0.1248068E-01 0.1509243E-01 0.1092724 0.1092724 0.2072148 0.2072148 0.3239777 0.3239777 0.3239777 0.3974651 0.3974651 0.4597221 0.4597221 0.5115988 0.5115988 0.5547433 0.5547433 0.6050187 0.6050187 0.6050187 0.6395332
0.8658671 0.8658671 0.8391240 0.8184648 0.8044207 0.8044207 0.7875935 0.7506987 0.7506987 0.7105622 0.7105622 0.6596910 0.6288926 0.5950207 0.5591979 0.5591979 0.4985889 0.4763363 0.4592796 0.4486157 0.4458424 0.4520000 0.4674083 0.4919164 0.5254701 0.5688086 0.6243052 0.6975655 0.7968944 0.9187775 0.9187775 1.127551 1.216331 1.203222 1.177545 1.177545 0.9810004 0.9810004 0.8459173 0.8459173 0.8323013 0.7745728 0.7745728 0.7247708 0.7247708 0.7238361 0.7238361 0.7238361 0.7538157 0.7538157 0.7876525 0.7876525 0.8211942 0.8211942 0.8306943 0.8306943 0.8804484 0.8804484 0.8804484 0.9094521
0.8679560 0.8679560 0.8393238 0.8194510 0.8059981 0.8059981 0.7899300 0.7554416 0.7554416 0.7200443 0.7200443 0.6781461 0.6540548 0.6286456 0.6030979 0.6030979 0.5656119 0.5530874 0.5430650 0.5355600 0.5316232 0.5328956 0.5410888 0.5576643 0.5838296 0.6208579 0.6707013 0.7371742 0.8259941 0.9359596 0.9359596 1.131049 1.213119 1.247000 1.240192 1.240192 1.177242 1.177242 1.086815 1.086815 1.065497 1.024415 1.024415 0.9794838 0.9794838 0.9381524 0.9381524 0.9381524 0.9467682 0.9467682 0.9633383 0.9633383 0.9834046 0.9834046 0.9983110 0.9983110 1.026362 1.026362 1.026362 1.046893
0.8705779 0.8705779 0.8399719 0.8207427 0.8078743 0.8078743 0.7925320 0.7602791 0.7602791 0.7290829 0.7290829 0.6945613 0.6756002 0.6562658 0.6375545 0.6375545 0.6145106 0.6086676 0.6049154 0.6027150 0.6023278 0.6048020 0.6117150 0.6248702 0.6460887 0.6771969 0.7202829 0.7784512 0.8562444 0.9557332 0.9557332 1.132592 1.215875 1.259709 1.259480 1.259480 1.219150 1.219150 1.155709 1.155709 1.137979 1.120164 1.120164 1.101688 1.101688 1.062291 1.062291 1.062291 1.059421 1.059421 1.065506 1.065506 1.076838 1.076838 1.086956 1.086956 1.105054 1.105054 1.105054 1.120682
0.8733720 0.8733720 0.8409435 0.8225828 0.8103925 0.8103925 0.7958581 0.7659437 0.7659437 0.7388006 0.7388006 0.7108103 0.6961004 0.6815600 0.6679798 0.6679798 0.6553881 0.6542577 0.6551421 0.6574794 0.6611384 0.6665968 0.6749148 0.6875923 0.7063994 0.7332692 0.7703495 0.8204249 0.8874202 0.9754048 0.9754048 1.131580 1.214521 1.257922 1.255228 1.255228 1.213646 1.213646 1.169866 1.169866 1.162915 1.168344 1.168344 1.173355 1.173355 1.148872 1.148872 1.148872 1.140921 1.140921 1.139502 1.139502 1.143716 1.143716 1.149202 1.149202 1.160195 1.160195 1.160195 1.171314
0.8764496 0.8764496 0.8421932 0.8248361 0.8134062 0.8134062 0.7997625 0.7722864 0.7722864 0.7491131 0.7491131 0.7271885 0.7162849 0.7059191 0.6966652 0.6966652 0.6926179 0.6950424 0.6992654 0.7049424 0.7118779 0.7202318 0.7306091 0.7440550 0.7619828 0.7860929 0.8183609 0.8612708 0.9182940 0.9944326 0.9944326 1.128787 1.207177 1.237591 1.226837 1.226837 1.185323 1.185323 1.167716 1.167716 1.173404 1.197126 1.197126 1.217742 1.217742 1.211887 1.211887 1.211887 1.204857 1.204857 1.199172 1.199172 1.197509 1.197509 1.198241 1.198241 1.203319 1.203319 1.203319 1.209946
0.8794222 0.8794222 0.8434954 0.8272607 0.8166208 0.8166208 0.8038833 0.7788399 0.7788399 0.7595502 0.7595502 0.7434762 0.7362268 0.7298604 0.7247257 0.7247257 0.7286007 0.7339360 0.7405947 0.7485449 0.7577242 0.7681980 0.7802850 0.7946320 0.8122269 0.8343772 0.8627043 0.8992977 0.9471555 1.011435 1.011435 1.122998 1.190057 1.194727 1.177393 1.177393 1.149373 1.149373 1.162097 1.162097 1.178434 1.214823 1.214823 1.244892 1.244892 1.255476 1.255476 1.255476 1.253830 1.253830 1.247893 1.247893 1.242540 1.242540 1.238987 1.238987 1.238865 1.238865 1.238865 1.240980
0.8822547 0.8822547 0.8448303 0.8297845 0.8199424 0.8199424 0.8081046 0.7854343 0.7854343 0.7699099 0.7699099 0.7595766 0.7559989 0.7537549 0.7529802 0.7529802 0.7650936 0.7729779 0.7814243 0.7907737 0.8012049 0.8128383 0.8258598 0.8406239 0.8577215 0.8780065 0.9026213 0.9331307 0.9719507 1.023898 1.023898 1.109961 1.155062 1.132355 1.117940 1.117940 1.116748 1.116748 1.157008 1.157008 1.180684 1.225289 1.225289 1.261089 1.261089 1.283820 1.283820 1.283820 1.289172 1.289172 1.286319 1.286319 1.280113 1.280113 1.273629 1.273629 1.269167 1.269167 1.269167 1.266906
0.8848199 0.8848199 0.8461335 0.8322972 0.8232352 0.8232352 0.8122669 0.7918643 0.7918643 0.7799587 0.7799587 0.7753245 0.7755652 0.7778271 0.7821193 0.7821193 0.8037443 0.8139313 0.8236154 0.8336021 0.8443789 0.8562093 0.8692443 0.8836315 0.8995949 0.9174815 0.9378074 0.9614035 0.9899171 1.027882 1.027882 1.085286 1.091207 1.062096 1.061572 1.061572 1.090696 1.090696 1.152118 1.152118 1.180431 1.230459 1.230459 1.270021 1.270021 1.301236 1.301236 1.301236 1.313092 1.313092 1.314974 1.314974 1.310434 1.310434 1.302939 1.302939 1.295418 1.295418 1.295418 1.289255
0.8869829 0.8869829 0.8473510 0.8346977 0.8263701 0.8263701 0.8162149 0.7979252 0.7979252 0.7894433 0.7894433 0.7904581 0.7947346 0.8021125 0.8127415 0.8127415 0.8464339 0.8586224 0.8689269 0.8787745 0.8890207 0.9001100 0.9122027 0.9252649 0.9391209 0.9534630 0.9678814 0.9820555 0.9964356 1.014334 1.014334 1.032967 1.016438 1.000049 1.016663 1.016663 1.067112 1.067112 1.145664 1.145664 1.177251 1.231583 1.231583 1.274163 1.274163 1.311560 1.311560 1.311560 1.328644 1.328644 1.335335 1.335335 1.333876 1.333876 1.327144 1.327144 1.318093 1.318093 1.318093 1.308893
0.8886049 0.8886049 0.8484422 0.8368983 0.8292314 0.8292314 0.8198068 0.8034242 0.8034242 0.7980957 0.7980957 0.8046005 0.8131028 0.8263316 0.8452302 0.8452302 0.8956280 0.9092190 0.9192498 0.9280120 0.9367781 0.9461732 0.9563501 0.9670389 0.9775012 0.9863961 0.9917726 0.9915351 0.9848543 0.9741524 0.9741524 0.9542929 0.9320807 0.9512556 0.9828058 0.9828058 1.043282 1.043282 1.141401 1.141401 1.175458 1.232792 1.232792 1.277239 1.277239 1.318507 1.318507 1.318507 1.339156 1.339156 1.349632 1.349632 1.351354 1.351354 1.346368 1.346368 1.337116 1.337116 1.337116 1.325955
0.8895476 0.8895476 0.8493855 0.8388311 0.8317236 0.8317236 0.8229205 0.8081840 0.8081840 0.8056419 0.8056419 0.8172535 0.8299887 0.8496585 0.8792471 0.8792471 0.9548593 0.9685369 0.9768171 0.9831746 0.9893098 0.9959684 1.003217 1.010381 1.015757 1.016141 1.007004 0.9844347 0.9486763 0.9055304 0.9055304 0.8594429 0.8507374 0.9120601 0.9562790 0.9562790 1.028571 1.028571 1.137302 1.137302 1.173871 1.233325 1.233325 1.278790 1.278790 1.322364 1.322364 1.322364 1.345290 1.345290 1.358397 1.358397 1.362729 1.362729 1.359715 1.359715 1.351134 1.351134 1.351134 1.339062
