cruce_test.gid/Rasters/Hydraulic/Velocity____232.0.asc
NCOLS        79
NROWS        79
XLLCENTER         -1.500000
YLLCENTER         -4.800000
CELLSIZE           0.100
NODATA_VALUE     -9999.0
[rows 0 to 26 of 79, columns 0 to 59 of 79]
-9999.000 -9999.000 -9999.000 -9999.000 -9999.000 -9999.000 -9999.000 -9999.000 -9999.000 -9999.000 -9999.000 -9999.000 -9999.000 -9999.000 -9999.000 0.8989985E-01 0.8669577E-01 0.8537968E-01 0.8512756E-01 0.8612757E-01 0.8754241E-01 0.8890440E-01 0.9004769E-01 0.9086495E-01 0.9136574E-01 0.9162705E-01 0.9173120E-01 0.9188005E-01 0.9266604E-01 0.9365304E-01 0.9365304E-01 -9999.000 -9999.000 -9999.000 -9999.000 -9999.000 -9999.000 -9999.000 -9999.000 -9999.000 -9999.000 -9999.000 -9999.000 -9999.000 -9999.000 -9999.000 -9999.000 -9999.000 -9999.000 -9999.000 -9999.000 -9999.000 -9999.000 -9999.000 -9999.000 -9999.000 -9999.000 -9999.000 -9999.000 -9999.000
-9999.000 -9999.000 -9999.000 -9999.000 -9999.000 -9999.000 -9999.000 -9999.000 -9999.000 -9999.000 -9999.000 -9999.000 -9999.000 -9999.000 -9999.000 0.9067025E-01 0.8396661E-01 0.8129861E-01 0.8082841E-01 0.8284844E-01 0.8567219E-01 0.8842064E-01 0.9080266E-01 0.9260479E-01 0.9382541E-01 0.9459753E-01 0.9507555E-01 0.9569162E-01 0.9774647E-01 0.1004930 0.1004930 -9999.000 -9999.000 -9999.000 -9999.000 -9999.000 -9999.000 -9999.000 -9999.000 -9999.000 -9999.000 -9999.000 -9999.000 -9999.000 -9999.000 -9999.000 -9999.000 -9999.000 -9999.000 -9999.000 -9999.000 -9999.000 -9999.000 -9999.000 -9999.000 -9999.000 -9999.000 -9999.000 -9999.000 -9999.000
-9999.000 -9999.000 -9999.000 -9999.000 -9999.000 -9999.000 -9999.000 -9999.000 -9999.000 -9999.000 -9999.000 -9999.000 -9999.000 -9999.000 -9999.000 0.9051248E-01 0.7998668E-01 0.7570658E-01 0.7491897E-01 0.7804720E-01 0.8244150E-01 0.8678229E-01 0.9066743E-01 0.9378283E-01 0.9611639E-01 0.9784953E-01 0.9918709E-01 0.1007783 0.1046706 0.1100087 0.1100087 -9999.000 -9999.000 -9999.000 -9999.000 -9999.000 -9999.000 -9999.000 -9999.000 -9999.000 -9999.000 -9999.000 -9999.000 -9999.000 -9999.000 -9999.000 -9999.000 -9999.000 -9999.000 -9999.000 -9999.000 -9999.000 -9999.000 -9999.000 -9999.000 -9999.000 -9999.000 -9999.000 -9999.000 -9999.000
-9999.000 -9999.000 -9999.000 -9999.000 -9999.000 -9999.000 -9999.000 -9999.000 -9999.000 -9999.000 -9999.000 -9999.000 -9999.000 -9999.000 -9999.000 0.8985619E-01 0.7551176E-01 0.6960177E-01 0.6850995E-01 0.7276908E-01 0.7874200E-01 0.8468959E-01 0.9012502E-01 0.9464021E-01 0.9821299E-01 0.1010643 0.1034334 0.1061768 0.1121067 0.1205577 0.1205577 -9999.000 -9999.000 -9999.000 -9999.000 -9999.000 -9999.000 -9999.000 -9999.000 -9999.000 -9999.000 -9999.000 -9999.000 -9999.000 -9999.000 -9999.000 -9999.000 -9999.000 -9999.000 -9999.000 -9999.000 -9999.000 -9999.000 -9999.000 -9999.000 -9999.000 -9999.000 -9999.000 -9999.000 -9999.000
-9999.000 -9999.000 -9999.000 -9999.000 -9999.000 -9999.000 -9999.000 -9999.000 -9999.000 -9999.000 -9999.000 -9999.000 -9999.000 -9999.000 -9999.000 0.8892342E-01 0.7072169E-01 0.6317282E-01 0.6181991E-01 0.6725743E-01 0.7482237E-01 0.8238449E-01 0.8939511E-01 0.9535739E-01 0.1002380 0.1042929 0.1077869 0.1117860 0.1199058 0.1319997 0.1319997 -9999.000 -9999.000 -9999.000 -9999.000 -9999.000 -9999.000 -9999.000 -9999.000 -9999.000 -9999.000 -9999.000 -9999.000 -9999.000 -9999.000 -9999.000 -9999.000 -9999.000 -9999.000 -9999.000 -9999.000 -9999.000 -9999.000 -9999.000 -9999.000 -9999.000 -9999.000 -9999.000 -9999.000 -9999.000
-9999.000 -9999.000 -9999.000 -9999.000 -9999.000 -9999.000 -9999.000 -9999.000 -9999.000 -9999.000 -9999.000 -9999.000 -9999.000 -9999.000 -9999.000 0.8778100E-01 0.6567997E-01 0.5650635E-01 0.5498086E-01 0.6166486E-01 0.7083097E-01 0.8000246E-01 0.8859778E-01 0.9603177E-01 0.1022595 0.1075690 0.1122442 0.1175695 0.1280169 0.1443549 0.1443549 -9999.000 -9999.000 -9999.000 -9999.000 -9999.000 -9999.000 -9999.000 -9999.000 -9999.000 -9999.000 -9999.000 -9999.000 -9999.000 -9999.000 -9999.000 -9999.000 -9999.000 -9999.000 -9999.000 -9999.000 -9999.000 -9999.000 -9999.000 -9999.000 -9999.000 -9999.000 -9999.000 -9999.000 -9999.000
-9999.000 -9999.000 -9999.000 -9999.000 -9999.000 -9999.000 -9999.000 -9999.000 -9999.000 -9999.000 -9999.000 -9999.000 -9999.000 -9999.000 -9999.000 0.8642823E-01 0.6039862E-01 0.4964685E-01 0.4810133E-01 0.5611038E-01 0.6686602E-01 0.7762321E-01 0.8779813E-01 0.9671420E-01 0.1043125 0.1109103 0.1168049 0.1235136 0.1364314 0.1577345 0.1577345 -9999.000 -9999.000 -9999.000 -9999.000 -9999.000 -9999.000 -9999.000 -9999.000 -9999.000 -9999.000 -9999.000 -9999.000 -9999.000 -9999.000 -9999.000 -9999.000 -9999.000 -9999.000 -9999.000 -9999.000 -9999.000 -9999.000 -9999.000 -9999.000 -9999.000 -9999.000 -9999.000 -9999.000 -9999.000
-9999.000 -9999.000 -9999.000 -9999.000 -9999.000 -9999.000 -9999.000 -9999.000 -9999.000 -9999.000 -9999.000 -9999.000 -9999.000 -9999.000 -9999.000 0.8483246E-01 0.5486540E-01 0.4263530E-01 0.4132456E-01 0.5072512E-01 0.6301334E-01 0.7530396E-01 0.8703742E-01 0.9743412E-01 0.1064163 0.1143262 0.1214698 0.1296140 0.1451603 0.1723167 0.1723167 -9999.000 -9999.000 -9999.000 -9999.000 -9999.000 -9999.000 -9999.000 -9999.000 -9999.000 -9999.000 -9999.000 -9999.000 -9999.000 -9999.000 -9999.000 -9999.000 -9999.000 -9999.000 -9999.000 -9999.000 -9999.000 -9999.000 -9999.000 -9999.000 -9999.000 -9999.000 -9999.000 -9999.000 -9999.000
-9999.000 -9999.000 -9999.000 -9999.000 -9999.000 -9999.000 -9999.000 -9999.000 -9999.000 -9999.000 -9999.000 -9999.000 -9999.000 -9999.000 -9999.000 0.8294161E-01 0.4905815E-01 0.3554561E-01 0.3490284E-01 0.4569062E-01 0.5936876E-01 0.7309812E-01 0.8634897E-01 0.9821346E-01 0.1085837 0.1178235 0.1262391 0.1358705 0.1542242 0.1883465 0.1883465 -9999.000 -9999.000 -9999.000 -9999.000 -9999.000 -9999.000 -9999.000 -9999.000 -9999.000 -9999.000 -9999.000 -9999.000 -9999.000 -9999.000 -9999.000 -9999.000 -9999.000 -9999.000 -9999.000 -9999.000 -9999.000 -9999.000 -9999.000 -9999.000 -9999.000 -9999.000 -9999.000 -9999.000 -9999.000
-9999.000 -9999.000 -9999.000 -9999.000 -9999.000 -9999.000 -9999.000 -9999.000 -9999.000 -9999.000 -9999.000 -9999.000 -9999.000 -9999.000 -9999.000 0.8068976E-01 0.4295162E-01 0.2855243E-01 0.2932655E-01 0.4128011E-01 0.5605578E-01 0.7106800E-01 0.8576902E-01 0.9907427E-01 0.1108284 0.1214086 0.1311134 0.1422838 0.1636494 0.2061490 0.2061490 -9999.000 -9999.000 -9999.000 -9999.000 -9999.000 -9999.000 -9999.000 -9999.000 -9999.000 -9999.000 -9999.000 -9999.000 -9999.000 -9999.000 -9999.000 -9999.000 -9999.000 -9999.000 -9999.000 -9999.000 -9999.000 -9999.000 -9999.000 -9999.000 -9999.000 -9999.000 -9999.000 -9999.000 -9999.000
-9999.000 -9999.000 -9999.000 -9999.000 -9999.000 -9999.000 -9999.000 -9999.000 -9999.000 -9999.000 -9999.000 -9999.000 -9999.000 -9999.000 -9999.000 0.7799627E-01 0.3652587E-01 0.2211537E-01 0.2550957E-01 0.3789719E-01 0.5324027E-01 0.6929442E-01 0.8534405E-01 0.1000456 0.1131678 0.1250910 0.1360952 0.1488564 0.1734670 0.2261596 0.2261596 -9999.000 -9999.000 -9999.000 -9999.000 -9999.000 -9999.000 -9999.000 -9999.000 -9999.000 -9999.000 -9999.000 -9999.000 -9999.000 -9999.000 -9999.000 -9999.000 -9999.000 -9999.000 -9999.000 -9999.000 -9999.000 -9999.000 -9999.000 -9999.000 -9999.000 -9999.000 -9999.000 -9999.000 -9999.000
-9999.000 -9999.000 -9999.000 -9999.000 -9999.000 -9999.000 -9999.000 -9999.000 -9999.000 -9999.000 -9999.000 -9999.000 -9999.000 -9999.000 -9999.000 0.7476326E-01 0.2978674E-01 0.1747117E-01 0.2474356E-01 0.3607980E-01 0.5114780E-01 0.6789115E-01 0.8514219E-01 0.1011721 0.1156309 0.1288887 0.1411929 0.1555941 0.1837138 0.2489709 0.2489709 -9999.000 -9999.000 -9999.000 -9999.000 -9999.000 -9999.000 -9999.000 -9999.000 -9999.000 -9999.000 -9999.000 -9999.000 -9999.000 -9999.000 -9999.000 -9999.000 -9999.000 -9999.000 -9999.000 -9999.000 -9999.000 -9999.000 -9999.000 -9999.000 -9999.000 -9999.000 -9999.000 -9999.000 -9999.000
-9999.000 -9999.000 -9999.000 -9999.000 -9999.000 -9999.000 -9999.000 -9999.000 -9999.000 -9999.000 -9999.000 -9999.000 -9999.000 -9999.000 -9999.000 0.7084702E-01 0.2284012E-01 0.1713865E-01 0.2792960E-01 0.3650077E-01 0.5016258E-01 0.6708722E-01 0.8531398E-01 0.1025587 0.1182930 0.1328534 0.1464388 0.1625188 0.1944396 0.2754121 0.2754121 -9999.000 -9999.000 -9999.000 -9999.000 -9999.000 -9999.000 -9999.000 -9999.000 -9999.000 -9999.000 -9999.000 -9999.000 -9999.000 -9999.000 -9999.000 -9999.000 -9999.000 -9999.000 -9999.000 -9999.000 -9999.000 -9999.000 -9999.000 -9999.000 -9999.000 -9999.000 -9999.000 -9999.000 -9999.000
-9999.000 -9999.000 -9999.000 -9999.000 -9999.000 -9999.000 -9999.000 -9999.000 -9999.000 -9999.000 -9999.000 -9999.000 -9999.000 -9999.000 -9999.000 0.6509975E-01 0.1763796E-01 0.2671378E-01 0.3912988E-01 0.4402224E-01 0.5442224E-01 0.6993565E-01 0.8804668E-01 0.1057796 0.1222870 0.1377926 0.1523948 0.1700111 0.2059204 0.3068334 0.3068334 -9999.000 -9999.000 -9999.000 -9999.000 -9999.000 -9999.000 -9999.000 -9999.000 -9999.000 -9999.000 -9999.000 -9999.000 -9999.000 -9999.000 -9999.000 -9999.000 -9999.000 -9999.000 -9999.000 -9999.000 -9999.000 -9999.000 -9999.000 -9999.000 -9999.000 -9999.000 -9999.000 -9999.000 -9999.000
-9999.000 -9999.000 -9999.000 -9999.000 -9999.000 -9999.000 -9999.000 -9999.000 -9999.000 -9999.000 -9999.000 -9999.000 -9999.000 -9999.000 -9999.000 0.1024111 0.1575838 0.1850341 0.1764940 0.1500010 0.1337387 0.1245656 0.1234748 0.1283799 0.1370808 0.1482240 0.1606841 0.1781201 0.2175391 0.3425325 0.3425325 -9999.000 -9999.000 -9999.000 -9999.000 -9999.000 -9999.000 -9999.000 -9999.000 -9999.000 -9999.000 -9999.000 -9999.000 -9999.000 -9999.000 -9999.000 -9999.000 -9999.000 -9999.000 -9999.000 -9999.000 -9999.000 -9999.000 -9999.000 -9999.000 -9999.000 -9999.000 -9999.000 -9999.000 -9999.000
2.873802 2.873802 2.886262 2.892728 2.911898 2.911898 2.914443 2.913903 2.913903 2.909767 2.909767 2.903192 2.899242 2.894950 2.890752 2.890752 3.049124 3.053743 3.054937 3.049945 3.016443 2.959890 2.880342 2.776095 2.649580 2.503906 2.341784 2.172076 2.019632 1.959659 1.959659 2.780335 2.955720 3.061301 3.088477 3.088477 3.126444 3.126444 3.116971 3.116971 3.077355 2.907271 2.907271 2.594321 2.594321 2.184483 2.184483 2.184483 2.155642 2.155642 2.182154 2.182154 2.229037 2.229037 2.279427 2.279427 2.325342 2.325342 2.325342 2.362428
2.897114 2.897114 2.917509 2.947543 2.974064 2.974064 2.988686 3.011198 3.011198 3.029665 3.029665 3.045498 3.052686 3.059482 3.066295 3.066295 3.183670 3.203666 3.219668 3.232941 3.239167 3.238814 3.230207 3.210168 3.176320 3.126673 3.059334 2.974746 2.878957 2.798081 2.798081 3.231774 3.385036 3.537322 3.579824 3.579824 3.630024 3.630024 3.635868 3.635868 3.617686 3.522727 3.522727 3.337837 3.337837 3.023900 3.023900 3.023900 2.991422 2.991422 3.020086 3.020086 3.069757 3.069757 3.122689 3.122689 3.171566 3.171566 3.171566 3.213025
2.902727 2.902727 2.918521 2.949408 2.973775 2.973775 2.989093 3.012467 3.012467 3.031559 3.031559 3.048100 3.055684 3.062906 3.070210 3.070210 3.174603 3.207615 3.235789 3.260298 3.279572 3.294034 3.303710 3.307637 3.304729 3.293661 3.272605 3.240495 3.199486 3.164816 3.164816 3.403971 3.550790 3.724271 3.776186 3.776186 3.831566 3.831566 3.824979 3.824979 3.798087 3.702754 3.702754 3.566717 3.566717 3.315770 3.315770 3.315770 3.267817 3.267817 3.283183 3.283183 3.323946 3.323946 3.370720 3.370720 3.415104 3.415104 3.415104 3.453272
2.907075 2.907075 2.918380 2.949899 2.972721 2.972721 2.988438 3.012259 3.012259 3.031436 3.031436 3.048027 3.055634 3.062881 3.070288 3.070288 3.166302 3.209979 3.249391 3.284194 3.313254 3.336572 3.354448 3.366898 3.373905 3.375357 3.370762 3.359751 3.343643 3.331874 3.331874 3.477405 3.606216 3.783678 3.839407 3.839407 3.888699 3.888699 3.857165 3.857165 3.818428 3.728274 3.728274 3.639789 3.639789 3.455421 3.455421 3.455421 3.396606 3.396606 3.396755 3.396755 3.427714 3.427714 3.468983 3.468983 3.509983 3.509983 3.509983 3.545676
2.910300 2.910300 2.915145 2.950179 2.972120 2.972120 2.988212 3.012427 3.012427 3.031565 3.031565 3.048072 3.055653 3.062882 3.070406 3.070406 3.162873 3.215479 3.264918 3.309314 3.347445 3.378968 3.404022 3.422805 3.435597 3.442757 3.444542 3.441323 3.434510 3.430663 3.430663 3.522070 3.628463 3.794494 3.844467 3.844467 3.864367 3.864367 3.798941 3.798941 3.755896 3.692479 3.692479 3.654131 3.654131 3.539097 3.539097 3.539097 3.478778 3.478778 3.464084 3.464084 3.482646 3.482646 3.516346 3.516346 3.552700 3.552700 3.552700 3.585059
2.912508 2.912508 2.913927 2.950156 2.971544 2.971544 2.987883 3.012426 3.012426 3.031581 3.031581 3.048064 3.055638 3.062862 3.070571 3.070571 3.165324 3.225917 3.284212 3.337234 3.383561 3.422656 3.454496 3.479253 3.497232 3.508864 3.514632 3.515176 3.511895 3.509560 3.509560 3.565537 3.647188 3.783184 3.812138 3.812138 3.774568 3.774568 3.686087 3.686087 3.655762 3.638092 3.638092 3.644860 3.644860 3.593104 3.593104 3.593104 3.541785 3.541785 3.516887 3.516887 3.522124 3.522124 3.545864 3.545864 3.575470 3.575470 3.575470 3.602874
2.913781 2.913781 2.913793 2.950175 2.971208 2.971208 2.987665 3.012396 3.012396 3.031566 3.031566 3.048057 3.055645 3.062891 3.070890 3.070890 3.174617 3.242979 3.309207 3.369797 3.423255 3.468991 3.506916 3.537162 3.560010 3.575848 3.585158 3.588587 3.587325 3.584699 3.584699 3.616349 3.672104 3.750893 3.736122 3.736122 3.628844 3.628844 3.557446 3.557446 3.554409 3.585335 3.585335 3.626275 3.626275 3.626198 3.626198 3.626198 3.591678 3.591678 3.563859 3.563859 3.557590 3.557590 3.569964 3.569964 3.590704 3.590704 3.590704 3.611277
2.914196 2.914196 2.913784 2.950192 2.971107 2.971107 2.987607 3.012421 3.012421 3.031622 3.031622 3.048134 3.055730 3.062979 3.071348 3.071348 3.191671 3.268073 3.341522 3.408595 3.467966 3.519166 3.562160 3.597101 3.624252 3.643954 3.656626 3.662812 3.663397 3.660310 3.660310 3.674366 3.701586 3.677911 3.597273 3.597273 3.453604 3.453604 3.442432 3.442432 3.468990 3.537965 3.537965 3.602286 3.602286 3.642025 3.642025 3.642025 3.627938 3.627938 3.604514 3.604514 3.590989 3.590989 3.592177 3.592177 3.602520 3.602520 3.602520 3.614501
2.913778 2.913778 2.913803 2.950175 2.971208 2.971208 2.987665 3.012395 3.012395 3.031565 3.031565 3.048057 3.055645 3.062891 3.071773 3.071773 3.217897 3.302999 3.383142 3.455621 3.519579 3.574864 3.621628 3.660126 3.690663 3.713563 3.729180 3.737936 3.740326 3.736466 3.736466 3.734565 3.722484 3.531459 3.391935 3.391935 3.291011 3.291011 3.355024 3.355024 3.402772 3.495661 3.495661 3.575319 3.575319 3.644662 3.644662 3.644662 3.650827 3.650827 3.637047 3.637047 3.621208 3.621208 3.612970 3.612970 3.612260 3.612260 3.612260 3.614222
2.912500 2.912500 2.913946 2.950157 2.971546 2.971546 2.987884 3.012424 3.012424 3.031580 3.031580 3.048064 3.055637 3.062863 3.072425 3.072425 3.255738 3.350260 3.436503 3.513140 3.580146 3.637889 3.686840 3.727454 3.760132 3.785225 3.803052 3.813906 3.817664 3.810738 3.810738 3.784186 3.700405 3.299632 3.159899 3.159899 3.171521 3.171521 3.289949 3.289949 3.349062 3.455501 3.455501 3.545474 3.545474 3.636475 3.636475 3.636475 3.660354 3.660354 3.658678 3.658678 3.644828 3.644828 3.629990 3.629990 3.618649 3.618649 3.618649 3.609833
2.910288 2.910288 2.915172 2.950180 2.972122 2.972122 2.988214 3.012426 3.012426 3.031562 3.031562 3.048073 3.055654 3.062885 3.073414 3.073414 3.308942 3.413386 3.504806 3.584005 3.652177 3.710425 3.759671 3.800640 3.833889 3.859833 3.878790 3.890886 3.894428 3.874898 3.874898 3.787995 3.570776 3.030459 2.969172 2.969172 3.091483 3.091483 3.235151 3.235151 3.299540 3.413871 3.413871 3.511141 3.511141 3.617721 3.617721 3.617721 3.655791 3.655791 3.666180 3.666180 3.657178 3.657178 3.638761 3.638761 3.618146 3.618146 3.618146 3.598660
2.907062 2.907062 2.918413 2.949899 2.972725 2.972725 2.988441 3.012258 3.012258 3.031434 3.031434 3.048025 3.055634 3.062883 3.074742 3.074742 3.383194 3.497157 3.591956 3.671384 3.738256 3.794603 3.841882 3.881142 3.913116 3.938303 3.957038 3.968996 3.966754 3.897445 3.897445 3.662308 3.282081 2.816272 2.848493 2.848493 3.025176 3.025176 3.177980 3.177980 3.244987 3.364659 3.364659 3.467303 3.467303 3.584854 3.584854 3.584854 3.633515 3.633515 3.654225 3.654225 3.651051 3.651051 3.631462 3.631462 3.603496 3.603496 3.603496 3.574373
