cruce_test.gid/Rasters/Hydraulic/Velocity____19.0.asc
NCOLS        79
NROWS        79
XLLCENTER         -1.500000
YLLCENTER         -4.800000
CELLSIZE           0.100
NODATA_VALUE     -9999.0
[rows 0 to 26 of 79, columns 0 to 59 of 79]
-9999.000 -9999.000 -9999.000 -9999.000 -9999.000 -9999.000 -9999.000 -9999.000 -9999.000 -9999.000 -9999.000 -9999.000 -9999.000 -9999.000 -9999.000 0.6220846 0.6519722 0.6726107 0.6919720 0.7155797 0.7438055 0.7750607 0.8094372 0.8437353 0.8784724 0.9099660 0.9389058 0.9724345 0.9994716 0.9000948 0.9000948 -9999.000 -9999.000 -9999.000 -9999.000 -9999.000 -9999.000 -9999.000 -9999.000 -9999.000 -9999.000 -9999.000 -9999.000 -9999.000 -9999.000 -9999.000 -9999.000 -9999.000 -9999.000 -9999.000 -9999.000 -9999.000 -9999.000 -9999.000 -9999.000 -9999.000 -9999.000 -9999.000 -9999.000 -9999.000
-9999.000 -9999.000 -9999.000 -9999.000 -9999.000 -9999.000 -9999.000 -9999.000 -9999.000 -9999.000 -9999.000 -9999.000 -9999.000 -9999.000 -9999.000 0.3893030 0.4045018 0.4074899 0.4070185 0.4072139 0.4082726 0.4094105 0.4110368 0.4121157 0.4137300 0.4149362 0.4168729 0.4250642 0.4392581 0.3907058 0.3907058 -9999.000 -9999.000 -9999.000 -9999.000 -9999.000 -9999.000 -9999.000 -9999.000 -9999.000 -9999.000 -9999.000 -9999.000 -9999.000 -9999.000 -9999.000 -9999.000 -9999.000 -9999.000 -9999.000 -9999.000 -9999.000 -9999.000 -9999.000 -9999.000 -9999.000 -9999.000 -9999.000 -9999.000 -9999.000
-9999.000 -9999.000 -9999.000 -9999.000 -9999.000 -9999.000 -9999.000 -9999.000 -9999.000 -9999.000 -9999.000 -9999.000 -9999.000 -9999.000 -9999.000 0.3577191 0.3776966 0.3836748 0.3849067 0.3862254 0.3882629 0.3904712 0.3931479 0.3953864 0.3981114 0.4005921 0.4039409 0.4130984 0.4251922 0.3695311 0.3695311 -9999.000 -9999.000 -9999.000 -9999.000 -9999.000 -9999.000 -9999.000 -9999.000 -9999.000 -9999.000 -9999.000 -9999.000 -9999.000 -9999.000 -9999.000 -9999.000 -9999.000 -9999.000 -9999.000 -9999.000 -9999.000 -9999.000 -9999.000 -9999.000 -9999.000 -9999.000 -9999.000 -9999.000 -9999.000
-9999.000 -9999.000 -9999.000 -9999.000 -9999.000 -9999.000 -9999.000 -9999.000 -9999.000 -9999.000 -9999.000 -9999.000 -9999.000 -9999.000 -9999.000 0.3312269 0.3543883 0.3632627 0.3667744 0.3701098 0.3742036 0.3787676 0.3839698 0.3890549 0.3946635 0.4001105 0.4061573 0.4172322 0.4290443 0.3677539 0.3677539 -9999.000 -9999.000 -9999.000 -9999.000 -9999.000 -9999.000 -9999.000 -9999.000 -9999.000 -9999.000 -9999.000 -9999.000 -9999.000 -9999.000 -9999.000 -9999.000 -9999.000 -9999.000 -9999.000 -9999.000 -9999.000 -9999.000 -9999.000 -9999.000 -9999.000 -9999.000 -9999.000 -9999.000 -9999.000
-9999.000 -9999.000 -9999.000 -9999.000 -9999.000 -9999.000 -9999.000 -9999.000 -9999.000 -9999.000 -9999.000 -9999.000 -9999.000 -9999.000 -9999.000 0.3066151 0.3321746 0.3440691 0.3501469 0.3558062 0.3622401 0.3693800 0.3772266 0.3851286 0.3934255 0.4014758 0.4097776 0.4225145 0.4346586 0.3685869 0.3685869 -9999.000 -9999.000 -9999.000 -9999.000 -9999.000 -9999.000 -9999.000 -9999.000 -9999.000 -9999.000 -9999.000 -9999.000 -9999.000 -9999.000 -9999.000 -9999.000 -9999.000 -9999.000 -9999.000 -9999.000 -9999.000 -9999.000 -9999.000 -9999.000 -9999.000 -9999.000 -9999.000 -9999.000 -9999.000
-9999.000 -9999.000 -9999.000 -9999.000 -9999.000 -9999.000 -9999.000 -9999.000 -9999.000 -9999.000 -9999.000 -9999.000 -9999.000 -9999.000 -9999.000 0.2834007 0.3108660 0.3259351 0.3348631 0.3431093 0.3520646 0.3618208 0.3722185 0.3826735 0.3932776 0.4034586 0.4135780 0.4276990 0.4404671 0.3704423 0.3704423 -9999.000 -9999.000 -9999.000 -9999.000 -9999.000 -9999.000 -9999.000 -9999.000 -9999.000 -9999.000 -9999.000 -9999.000 -9999.000 -9999.000 -9999.000 -9999.000 -9999.000 -9999.000 -9999.000 -9999.000 -9999.000 -9999.000 -9999.000 -9999.000 -9999.000 -9999.000 -9999.000 -9999.000 -9999.000
-9999.000 -9999.000 -9999.000 -9999.000 -9999.000 -9999.000 -9999.000 -9999.000 -9999.000 -9999.000 -9999.000 -9999.000 -9999.000 -9999.000 -9999.000 0.2611165 0.2900368 0.3083316 0.3203364 0.3313758 0.3429492 0.3552506 0.3680113 0.3807077 0.3932789 0.4052540 0.4169626 0.4323581 0.4460024 0.3731389 0.3731389 -9999.000 -9999.000 -9999.000 -9999.000 -9999.000 -9999.000 -9999.000 -9999.000 -9999.000 -9999.000 -9999.000 -9999.000 -9999.000 -9999.000 -9999.000 -9999.000 -9999.000 -9999.000 -9999.000 -9999.000 -9999.000 -9999.000 -9999.000 -9999.000 -9999.000 -9999.000 -9999.000 -9999.000 -9999.000
-9999.000 -9999.000 -9999.000 -9999.000 -9999.000 -9999.000 -9999.000 -9999.000 -9999.000 -9999.000 -9999.000 -9999.000 -9999.000 -9999.000 -9999.000 0.2390603 0.2689680 0.2904268 0.3056777 0.3196899 0.3339687 0.3487656 0.3637759 0.3785589 0.3930010 0.4067564 0.4201756 0.4370257 0.4518909 0.3775073 0.3775073 -9999.000 -9999.000 -9999.000 -9999.000 -9999.000 -9999.000 -9999.000 -9999.000 -9999.000 -9999.000 -9999.000 -9999.000 -9999.000 -9999.000 -9999.000 -9999.000 -9999.000 -9999.000 -9999.000 -9999.000 -9999.000 -9999.000 -9999.000 -9999.000 -9999.000 -9999.000 -9999.000 -9999.000 -9999.000
-9999.000 -9999.000 -9999.000 -9999.000 -9999.000 -9999.000 -9999.000 -9999.000 -9999.000 -9999.000 -9999.000 -9999.000 -9999.000 -9999.000 -9999.000 0.2164258 0.2468466 0.2713268 0.2899707 0.3071697 0.3243290 0.3417227 0.3590775 0.3760642 0.3925967 0.4084638 0.4240476 0.4428233 0.4594269 0.3849591 0.3849591 -9999.000 -9999.000 -9999.000 -9999.000 -9999.000 -9999.000 -9999.000 -9999.000 -9999.000 -9999.000 -9999.000 -9999.000 -9999.000 -9999.000 -9999.000 -9999.000 -9999.000 -9999.000 -9999.000 -9999.000 -9999.000 -9999.000 -9999.000 -9999.000 -9999.000 -9999.000 -9999.000 -9999.000 -9999.000
-9999.000 -9999.000 -9999.000 -9999.000 -9999.000 -9999.000 -9999.000 -9999.000 -9999.000 -9999.000 -9999.000 -9999.000 -9999.000 -9999.000 -9999.000 0.1925240 0.2230204 0.2503433 0.2725455 0.2932335 0.3136010 0.3339050 0.3539447 0.3735198 0.3926241 0.4111849 0.4296223 0.4510512 0.4701790 0.3972066 0.3972066 -9999.000 -9999.000 -9999.000 -9999.000 -9999.000 -9999.000 -9999.000 -9999.000 -9999.000 -9999.000 -9999.000 -9999.000 -9999.000 -9999.000 -9999.000 -9999.000 -9999.000 -9999.000 -9999.000 -9999.000 -9999.000 -9999.000 -9999.000 -9999.000 -9999.000 -9999.000 -9999.000 -9999.000 -9999.000
-9999.000 -9999.000 -9999.000 -9999.000 -9999.000 -9999.000 -9999.000 -9999.000 -9999.000 -9999.000 -9999.000 -9999.000 -9999.000 -9999.000 -9999.000 0.1669459 0.1971824 0.2271773 0.2531455 0.2777220 0.3017719 0.3254850 0.3487397 0.3714699 0.3937835 0.4157664 0.4379129 0.4629958 0.4858538 0.4162785 0.4162785 -9999.000 -9999.000 -9999.000 -9999.000 -9999.000 -9999.000 -9999.000 -9999.000 -9999.000 -9999.000 -9999.000 -9999.000 -9999.000 -9999.000 -9999.000 -9999.000 -9999.000 -9999.000 -9999.000 -9999.000 -9999.000 -9999.000 -9999.000 -9999.000 -9999.000 -9999.000 -9999.000 -9999.000 -9999.000
-9999.000 -9999.000 -9999.000 -9999.000 -9999.000 -9999.000 -9999.000 -9999.000 -9999.000 -9999.000 -9999.000 -9999.000 -9999.000 -9999.000 -9999.000 0.1396034 0.1694318 0.2019841 0.2319649 0.2608820 0.2891614 0.3168727 0.3439597 0.3704892 0.3967180 0.4229415 0.4498227 0.4799252 0.5083903 0.4448575 0.4448575 -9999.000 -9999.000 -9999.000 -9999.000 -9999.000 -9999.000 -9999.000 -9999.000 -9999.000 -9999.000 -9999.000 -9999.000 -9999.000 -9999.000 -9999.000 -9999.000 -9999.000 -9999.000 -9999.000 -9999.000 -9999.000 -9999.000 -9999.000 -9999.000 -9999.000 -9999.000 -9999.000 -9999.000 -9999.000
-9999.000 -9999.000 -9999.000 -9999.000 -9999.000 -9999.000 -9999.000 -9999.000 -9999.000 -9999.000 -9999.000 -9999.000 -9999.000 -9999.000 -9999.000 0.1106601 0.1402436 0.1753658 0.2096236 0.2432983 0.2763119 0.3085809 0.3400985 0.3710669 0.4019347 0.4332942 0.4661507 0.5031687 0.5402460 0.4871621 0.4871621 -9999.000 -9999.000 -9999.000 -9999.000 -9999.000 -9999.000 -9999.000 -9999.000 -9999.000 -9999.000 -9999.000 -9999.000 -9999.000 -9999.000 -9999.000 -9999.000 -9999.000 -9999.000 -9999.000 -9999.000 -9999.000 -9999.000 -9999.000 -9999.000 -9999.000 -9999.000 -9999.000 -9999.000 -9999.000
-9999.000 -9999.000 -9999.000 -9999.000 -9999.000 -9999.000 -9999.000 -9999.000 -9999.000 -9999.000 -9999.000 -9999.000 -9999.000 -9999.000 -9999.000 0.8043240E-01 0.1105096 0.1484715 0.1872438 0.2259309 0.2639953 0.3012210 0.3376496 0.3736258 0.4098366 0.4472921 0.4876214 0.5342184 0.5849914 0.5514401 0.5514401 -9999.000 -9999.000 -9999.000 -9999.000 -9999.000 -9999.000 -9999.000 -9999.000 -9999.000 -9999.000 -9999.000 -9999.000 -9999.000 -9999.000 -9999.000 -9999.000 -9999.000 -9999.000 -9999.000 -9999.000 -9999.000 -9999.000 -9999.000 -9999.000 -9999.000 -9999.000 -9999.000 -9999.000 -9999.000
-9999.000 -9999.000 -9999.000 -9999.000 -9999.000 -9999.000 -9999.000 -9999.000 -9999.000 -9999.000 -9999.000 -9999.000 -9999.000 -9999.000 -9999.000 0.5018460E-01 0.8546694E-01 0.1277096 0.1707482 0.2135784 0.2557957 0.2973213 0.3383268 0.3793066 0.4212003 0.4655358 0.5149434 0.5747271 0.6484037 0.6579877 0.6579877 -9999.000 -9999.000 -9999.000 -9999.000 -9999.000 -9999.000 -9999.000 -9999.000 -9999.000 -9999.000 -9999.000 -9999.000 -9999.000 -9999.000 -9999.000 -9999.000 -9999.000 -9999.000 -9999.000 -9999.000 -9999.000 -9999.000 -9999.000 -9999.000 -9999.000 -9999.000 -9999.000 -9999.000 -9999.000
0.9622490 0.9622490 0.8825561 0.8465289 0.8290709 0.8290709 0.8115621 0.7750173 0.7750173 0.7342331 0.7342331 0.6836526 0.6507310 0.6091820 0.5551289 0.5551289 0.4356381 0.3946006 0.3660545 0.3515538 0.3510341 0.3630478 0.3855171 0.4166221 0.4555088 0.5028398 0.5617391 0.6404397 0.7550939 0.9332863 0.9332863 1.280816 1.434062 1.392582 1.286525 1.286525 0.2506677 0.2506677 0.2598649E-01 0.2598649E-01 0.2378875E-01 0.1184235 0.1184235 0.2222104 0.2222104 0.3403895 0.3403895 0.3403895 0.4160751 0.4160751 0.4796857 0.4796857 0.5326554 0.5326554 0.5772697 0.5772697 0.6302652 0.6302652 0.6302652 0.6658222
0.9752527 0.9752527 0.8948473 0.8668176 0.8529407 0.8529407 0.8386723 0.8072835 0.8072835 0.7695857 0.7695857 0.7217110 0.6925465 0.6598997 0.6248350 0.6248350 0.5636792 0.5363781 0.5110551 0.4896417 0.4745918 0.4682699 0.4724267 0.4880414 0.5156316 0.5559151 0.6107906 0.6850570 0.7869260 0.9176564 0.9176564 1.143971 1.234345 1.271247 1.261522 1.261522 0.9723442 0.9723442 0.8598323 0.8598323 0.8505244 0.8009234 0.8009234 0.7492406 0.7492406 0.7487933 0.7487933 0.7487933 0.7802724 0.7802724 0.8148739 0.8148739 0.8486850 0.8486850 0.8587289 0.8587289 0.9103443 0.9103443 0.9103443 0.9396431
0.9793547 0.9793547 0.8950946 0.8676579 0.8542616 0.8542616 0.8406565 0.8114510 0.8114510 0.7780502 0.7780502 0.7385858 0.7159106 0.6915492 0.6665583 0.6665583 0.6289783 0.6137229 0.5990651 0.5852484 0.5734469 0.5656145 0.5641283 0.5713968 0.5896099 0.6207629 0.6670913 0.7322037 0.8217814 0.9376494 0.9376494 1.147371 1.235296 1.281784 1.283168 1.283168 1.196552 1.196552 1.113950 1.113950 1.092782 1.049824 1.049824 1.004779 1.004779 0.9670039 0.9670039 0.9670039 0.9773244 0.9773244 0.9944658 0.9944658 1.014364 1.014364 1.028726 1.028726 1.057602 1.057602 1.057602 1.077831
0.9834026 0.9834026 0.8955294 0.8686252 0.8557184 0.8557184 0.8427832 0.8156915 0.8156915 0.7861362 0.7861362 0.7535170 0.7357304 0.7172108 0.6987723 0.6987723 0.6753719 0.6677288 0.6610069 0.6548182 0.6493961 0.6457425 0.6455682 0.6510997 0.6648382 0.6893789 0.7274489 0.7824643 0.8592138 0.9617819 0.9617819 1.149807 1.238527 1.290397 1.294210 1.294210 1.250913 1.250913 1.189188 1.189188 1.168908 1.146880 1.146880 1.125847 1.125847 1.089374 1.089374 1.089374 1.089010 1.089010 1.096407 1.096407 1.108013 1.108013 1.117703 1.117703 1.136319 1.136319 1.136319 1.151745
0.9874724 0.9874724 0.8961759 0.8699378 0.8576195 0.8576195 0.8454648 0.8206957 0.8206957 0.7949897 0.7949897 0.7685543 0.7548767 0.7410243 0.7275429 0.7275429 0.7142780 0.7117071 0.7103798 0.7098799 0.7100688 0.7113206 0.7146294 0.7215918 0.7343026 0.7552156 0.7870771 0.8331710 0.8978671 0.9866943 0.9866943 1.150652 1.237841 1.286825 1.286623 1.286623 1.247899 1.247899 1.204632 1.204632 1.195504 1.196616 1.196616 1.197585 1.197585 1.173229 1.173229 1.173229 1.168009 1.168009 1.168761 1.168761 1.174087 1.174087 1.179742 1.179742 1.191352 1.191352 1.191352 1.202584
0.9915191 0.9915191 0.8969699 0.8715476 0.8598993 0.8598993 0.8486086 0.8263047 0.8263047 0.8044640 0.8044640 0.7838849 0.7739547 0.7642584 0.7550721 0.7550721 0.7502338 0.7513654 0.7537191 0.7571028 0.7613651 0.7666046 0.7733337 0.7825615 0.7957998 0.8150148 0.8425910 0.8814639 0.9355844 1.011082 1.011082 1.150316 1.231337 1.265375 1.256954 1.256954 1.220280 1.220280 1.203468 1.203468 1.207480 1.227313 1.227313 1.243916 1.243916 1.235711 1.235711 1.235711 1.230404 1.230404 1.226982 1.226982 1.227071 1.227071 1.228683 1.228683 1.234677 1.234677 1.234677 1.241766
0.9954268 0.9954268 0.8978305 0.8733299 0.8623950 0.8623950 0.8520083 0.8322267 0.8322267 0.8142354 0.8142354 0.7993538 0.7930467 0.7873847 0.7823871 0.7823871 0.7855869 0.7897159 0.7946633 0.8005645 0.8074422 0.8153607 0.8245867 0.8357097 0.8497113 0.8679907 0.8923839 0.9252892 0.9701051 1.032882 1.032882 1.147047 1.215127 1.222801 1.207938 1.207938 1.185199 1.185199 1.198620 1.198620 1.213614 1.246792 1.246792 1.273715 1.273715 1.281143 1.281143 1.281143 1.279653 1.279653 1.275146 1.275146 1.271588 1.271588 1.269433 1.269433 1.270586 1.270586 1.270586 1.273515
0.9990523 0.9990523 0.8986996 0.8751825 0.8649721 0.8649721 0.8554918 0.8382086 0.8382086 0.8240016 0.8240016 0.8147478 0.8120946 0.8106230 0.8101444 0.8101444 0.8219717 0.8287466 0.8355715 0.8429796 0.8512666 0.8606016 0.8711689 0.8832936 0.8975306 0.9147283 0.9360937 0.9633468 0.9991778 1.049046 1.049046 1.136217 1.181399 1.162264 1.149623 1.149623 1.153764 1.153764 1.194172 1.194172 1.216761 1.258900 1.258900 1.292615 1.292615 1.312701 1.312701 1.312701 1.317026 1.317026 1.314339 1.314339 1.309312 1.309312 1.304278 1.304278 1.301300 1.301300 1.301300 1.300131
1.002231 1.002231 0.8995351 0.8770209 0.8675177 0.8675177 0.8589135 0.8440350 0.8440350 0.8334862 0.8334862 0.8298138 0.8309460 0.8340515 0.8388736 0.8388736 0.8609346 0.8701474 0.8782815 0.8863755 0.8950672 0.9047023 0.9154721 0.9275290 0.9410650 0.9563684 0.9739112 0.9945503 1.020111 1.055707 1.055707 1.113258 1.119378 1.094323 1.093498 1.093498 1.129280 1.129280 1.189979 1.189979 1.217466 1.265729 1.265729 1.304133 1.304133 1.333669 1.333669 1.333669 1.344042 1.344042 1.345062 1.345062 1.340743 1.340743 1.334231 1.334231 1.328051 1.328051 1.328051 1.323054
1.004778 1.004778 0.9003071 0.8787729 0.8699329 0.8699329 0.8621445 0.8495080 0.8495080 0.8424129 0.8424129 0.8442238 0.8493072 0.8575506 0.8689819 0.8689819 0.9042942 0.9156930 0.9245160 0.9324864 0.9406578 0.9495873 0.9594977 0.9703845 0.9820420 0.9940583 1.005883 1.017127 1.028424 1.043840 1.043840 1.062342 1.046711 1.033709 1.042139 1.042139 1.109238 1.109238 1.185131 1.185131 1.215919 1.268788 1.268788 1.310779 1.310779 1.347319 1.347319 1.347319 1.362985 1.362985 1.368328 1.368328 1.366245 1.366245 1.359725 1.359725 1.351485 1.351485 1.351485 1.343205
1.006508 1.006508 0.9010000 0.8803774 0.8721321 0.8721321 0.8650723 0.8544451 0.8544451 0.8505044 0.8505044 0.8575586 0.8666884 0.8806663 0.9005574 0.9005574 0.9544763 0.9675263 0.9761453 0.9830087 0.9896697 0.9969094 1.004951 1.013561 1.021944 1.028566 1.031203 1.027659 1.017527 1.004384 1.004384 0.9846715 0.9638255 0.9855248 1.015374 1.015374 1.091809 1.091809 1.182234 1.182234 1.215369 1.271598 1.271598 1.315989 1.315989 1.357060 1.357060 1.357060 1.376603 1.376603 1.385727 1.385727 1.386361 1.386361 1.380849 1.380849 1.371654 1.371654 1.371654 1.360865
1.007229 1.007229 0.9016171 0.8817876 0.8740463 0.8740463 0.8676026 0.8586863 0.8586863 0.8574917 0.8574917 0.8693223 0.8823813 0.9024267 0.9327803 0.9327803 1.014961 1.028461 1.035415 1.039791 1.043723 1.048209 1.053370 1.058566 1.061953 1.059901 1.047384 1.020569 0.9807900 0.9353795 0.9353795 0.8900086 0.8829453 0.9464676 0.9903179 0.9903179 1.070082 1.070082 1.179384 1.179384 1.214231 1.272634 1.272634 1.318487 1.318487 1.362524 1.362524 1.362524 1.384839 1.384839 1.396953 1.396953 1.400171 1.400171 1.396173 1.396173 1.386922 1.386922 1.386922 1.374507
