cruce_test.gid/Rasters/Hydraulic/Velocity____212.0.asc
NCOLS        79
NROWS        79
XLLCENTER         -1.500000
YLLCENTER         -4.800000
CELLSIZE           0.100
NODATA_VALUE     -9999.0
[rows 0 to 26 of 79, columns 0 to 59 of 79]
-9999.000 -9999.000 -9999.000 -9999.000 -9999.000 -9999.000 -9999.000 -9999.000 -9999.000 -9999.000 -9999.000 -9999.000 -9999.000 -9999.000 -9999.000 0.8846868E-01 0.8506303E-01 0.8354541E-01 0.8306149E-01 0.8402480E-01 0.8553865E-01 0.8702706E-01 0.8828066E-01 0.8919380E-01 0.8973367E-01 0.9000649E-01 0.9009956E-01 0.9021495E-01 0.9094241E-01 0.9192210E-01 0.9192210E-01 -9999.000 -9999.000 -9999.000 -9999.000 -9999.000 -9999.000 -9999.000 -9999.000 -9999.000 -9999.000 -9999.000 -9999.000 -9999.000 -9999.000 -9999.000 -9999.000 -9999.000 -9999.000 -9999.000 -9999.000 -9999.000 -9999.000 -9999.000 -9999.000 -9999.000 -9999.000 -9999.000 -9999.000 -9999.000
-9999.000 -9999.000 -9999.000 -9999.000 -9999.000 -9999.000 -9999.000 -9999.000 -9999.000 -9999.000 -9999.000 -9999.000 -9999.000 -9999.000 -9999.000 0.8969478E-01 0.8252920E-01 0.7944549E-01 0.7851087E-01 0.8044396E-01 0.8342759E-01 0.8638369E-01 0.8895189E-01 0.9093495E-01 0.9224375E-01 0.9306385E-01 0.9355535E-01 0.9414176E-01 0.9611213E-01 0.9886351E-01 0.9886351E-01 -9999.000 -9999.000 -9999.000 -9999.000 -9999.000 -9999.000 -9999.000 -9999.000 -9999.000 -9999.000 -9999.000 -9999.000 -9999.000 -9999.000 -9999.000 -9999.000 -9999.000 -9999.000 -9999.000 -9999.000 -9999.000 -9999.000 -9999.000 -9999.000 -9999.000 -9999.000 -9999.000 -9999.000 -9999.000
-9999.000 -9999.000 -9999.000 -9999.000 -9999.000 -9999.000 -9999.000 -9999.000 -9999.000 -9999.000 -9999.000 -9999.000 -9999.000 -9999.000 -9999.000 0.9009948E-01 0.7881136E-01 0.7386392E-01 0.7233254E-01 0.7530245E-01 0.7990978E-01 0.8453254E-01 0.8867481E-01 0.9205870E-01 0.9453427E-01 0.9636338E-01 0.9775290E-01 0.9932987E-01 0.1031163 0.1084689 0.1084689 -9999.000 -9999.000 -9999.000 -9999.000 -9999.000 -9999.000 -9999.000 -9999.000 -9999.000 -9999.000 -9999.000 -9999.000 -9999.000 -9999.000 -9999.000 -9999.000 -9999.000 -9999.000 -9999.000 -9999.000 -9999.000 -9999.000 -9999.000 -9999.000 -9999.000 -9999.000 -9999.000 -9999.000 -9999.000
-9999.000 -9999.000 -9999.000 -9999.000 -9999.000 -9999.000 -9999.000 -9999.000 -9999.000 -9999.000 -9999.000 -9999.000 -9999.000 -9999.000 -9999.000 0.9004676E-01 0.7462064E-01 0.6778654E-01 0.6566773E-01 0.6969799E-01 0.7593289E-01 0.8222889E-01 0.8798409E-01 0.9285033E-01 0.9661529E-01 0.9960885E-01 0.1020682 0.1048123 0.1106121 0.1190777 0.1190777 -9999.000 -9999.000 -9999.000 -9999.000 -9999.000 -9999.000 -9999.000 -9999.000 -9999.000 -9999.000 -9999.000 -9999.000 -9999.000 -9999.000 -9999.000 -9999.000 -9999.000 -9999.000 -9999.000 -9999.000 -9999.000 -9999.000 -9999.000 -9999.000 -9999.000 -9999.000 -9999.000 -9999.000 -9999.000
-9999.000 -9999.000 -9999.000 -9999.000 -9999.000 -9999.000 -9999.000 -9999.000 -9999.000 -9999.000 -9999.000 -9999.000 -9999.000 -9999.000 -9999.000 0.8975497E-01 0.7013130E-01 0.6139387E-01 0.5873142E-01 0.6387702E-01 0.7175183E-01 0.7972176E-01 0.8710849E-01 0.9350139E-01 0.9862035E-01 0.1028622 0.1064834 0.1104956 0.1184560 0.1305528 0.1305528 -9999.000 -9999.000 -9999.000 -9999.000 -9999.000 -9999.000 -9999.000 -9999.000 -9999.000 -9999.000 -9999.000 -9999.000 -9999.000 -9999.000 -9999.000 -9999.000 -9999.000 -9999.000 -9999.000 -9999.000 -9999.000 -9999.000 -9999.000 -9999.000 -9999.000 -9999.000 -9999.000 -9999.000 -9999.000
-9999.000 -9999.000 -9999.000 -9999.000 -9999.000 -9999.000 -9999.000 -9999.000 -9999.000 -9999.000 -9999.000 -9999.000 -9999.000 -9999.000 -9999.000 0.8928766E-01 0.6540138E-01 0.5476501E-01 0.5165506E-01 0.5799798E-01 0.6751934E-01 0.7715023E-01 0.8617111E-01 0.9411286E-01 0.1006215 0.1061612 0.1109989 0.1163470 0.1265997 0.1429157 0.1429157 -9999.000 -9999.000 -9999.000 -9999.000 -9999.000 -9999.000 -9999.000 -9999.000 -9999.000 -9999.000 -9999.000 -9999.000 -9999.000 -9999.000 -9999.000 -9999.000 -9999.000 -9999.000 -9999.000 -9999.000 -9999.000 -9999.000 -9999.000 -9999.000 -9999.000 -9999.000 -9999.000 -9999.000 -9999.000
-9999.000 -9999.000 -9999.000 -9999.000 -9999.000 -9999.000 -9999.000 -9999.000 -9999.000 -9999.000 -9999.000 -9999.000 -9999.000 -9999.000 -9999.000 0.8864257E-01 0.6043831E-01 0.4793824E-01 0.4455514E-01 0.5219473E-01 0.6334152E-01 0.7459711E-01 0.8523838E-01 0.9473693E-01 0.1026544 0.1095249 0.1156164 0.1223547 0.1350359 0.1562760 0.1562760 -9999.000 -9999.000 -9999.000 -9999.000 -9999.000 -9999.000 -9999.000 -9999.000 -9999.000 -9999.000 -9999.000 -9999.000 -9999.000 -9999.000 -9999.000 -9999.000 -9999.000 -9999.000 -9999.000 -9999.000 -9999.000 -9999.000 -9999.000 -9999.000 -9999.000 -9999.000 -9999.000 -9999.000 -9999.000
-9999.000 -9999.000 -9999.000 -9999.000 -9999.000 -9999.000 -9999.000 -9999.000 -9999.000 -9999.000 -9999.000 -9999.000 -9999.000 -9999.000 -9999.000 0.8778599E-01 0.5522678E-01 0.4094808E-01 0.3760074E-01 0.4662674E-01 0.5931615E-01 0.7212345E-01 0.8435282E-01 0.9540433E-01 0.1047390 0.1129636 0.1203372 0.1285151 0.1437752 0.1708072 0.1708072 -9999.000 -9999.000 -9999.000 -9999.000 -9999.000 -9999.000 -9999.000 -9999.000 -9999.000 -9999.000 -9999.000 -9999.000 -9999.000 -9999.000 -9999.000 -9999.000 -9999.000 -9999.000 -9999.000 -9999.000 -9999.000 -9999.000 -9999.000 -9999.000 -9999.000 -9999.000 -9999.000 -9999.000 -9999.000
-9999.000 -9999.000 -9999.000 -9999.000 -9999.000 -9999.000 -9999.000 -9999.000 -9999.000 -9999.000 -9999.000 -9999.000 -9999.000 -9999.000 -9999.000 0.8666589E-01 0.4974056E-01 0.3386026E-01 0.3111287E-01 0.4152820E-01 0.5555779E-01 0.6978877E-01 0.8355019E-01 0.9613810E-01 0.1068888 0.1164845 0.1251620 0.1348279 0.1528372 0.1867468 0.1867468 -9999.000 -9999.000 -9999.000 -9999.000 -9999.000 -9999.000 -9999.000 -9999.000 -9999.000 -9999.000 -9999.000 -9999.000 -9999.000 -9999.000 -9999.000 -9999.000 -9999.000 -9999.000 -9999.000 -9999.000 -9999.000 -9999.000 -9999.000 -9999.000 -9999.000 -9999.000 -9999.000 -9999.000 -9999.000
-9999.000 -9999.000 -9999.000 -9999.000 -9999.000 -9999.000 -9999.000 -9999.000 -9999.000 -9999.000 -9999.000 -9999.000 -9999.000 -9999.000 -9999.000 0.8521591E-01 0.4394868E-01 0.2684131E-01 0.2575292E-01 0.3726114E-01 0.5221565E-01 0.6766343E-01 0.8286919E-01 0.9696230E-01 0.1091174 0.1200942 0.1300924 0.1412940 0.1622471 0.2044097 0.2044097 -9999.000 -9999.000 -9999.000 -9999.000 -9999.000 -9999.000 -9999.000 -9999.000 -9999.000 -9999.000 -9999.000 -9999.000 -9999.000 -9999.000 -9999.000 -9999.000 -9999.000 -9999.000 -9999.000 -9999.000 -9999.000 -9999.000 -9999.000 -9999.000 -9999.000 -9999.000 -9999.000 -9999.000 -9999.000
-9999.000 -9999.000 -9999.000 -9999.000 -9999.000 -9999.000 -9999.000 -9999.000 -9999.000 -9999.000 -9999.000 -9999.000 -9999.000 -9999.000 -9999.000 0.8335497E-01 0.3782073E-01 0.2035893E-01 0.2275569E-01 0.3435244E-01 0.4949005E-01 0.6583857E-01 0.8236021E-01 0.9790801E-01 0.1114428 0.1238028 0.1351311 0.1479159 0.1720344 0.2242148 0.2242148 -9999.000 -9999.000 -9999.000 -9999.000 -9999.000 -9999.000 -9999.000 -9999.000 -9999.000 -9999.000 -9999.000 -9999.000 -9999.000 -9999.000 -9999.000 -9999.000 -9999.000 -9999.000 -9999.000 -9999.000 -9999.000 -9999.000 -9999.000 -9999.000 -9999.000 -9999.000 -9999.000 -9999.000 -9999.000
-9999.000 -9999.000 -9999.000 -9999.000 -9999.000 -9999.000 -9999.000 -9999.000 -9999.000 -9999.000 -9999.000 -9999.000 -9999.000 -9999.000 -9999.000 0.8098204E-01 0.3133950E-01 0.1577816E-01 0.2356613E-01 0.3344807E-01 0.4765169E-01 0.6444539E-01 0.8209953E-01 0.9902464E-01 0.1138966 0.1276309 0.1402879 0.1546998 0.1822335 0.2467306 0.2467306 -9999.000 -9999.000 -9999.000 -9999.000 -9999.000 -9999.000 -9999.000 -9999.000 -9999.000 -9999.000 -9999.000 -9999.000 -9999.000 -9999.000 -9999.000 -9999.000 -9999.000 -9999.000 -9999.000 -9999.000 -9999.000 -9999.000 -9999.000 -9999.000 -9999.000 -9999.000 -9999.000 -9999.000 -9999.000
-9999.000 -9999.000 -9999.000 -9999.000 -9999.000 -9999.000 -9999.000 -9999.000 -9999.000 -9999.000 -9999.000 -9999.000 -9999.000 -9999.000 -9999.000 0.7793268E-01 0.2454364E-01 0.1600757E-01 0.2859507E-01 0.3527233E-01 0.4720287E-01 0.6379198E-01 0.8228952E-01 0.1004528 0.1165769 0.1316459 0.1456053 0.1616741 0.1928955 0.2727526 0.2727526 -9999.000 -9999.000 -9999.000 -9999.000 -9999.000 -9999.000 -9999.000 -9999.000 -9999.000 -9999.000 -9999.000 -9999.000 -9999.000 -9999.000 -9999.000 -9999.000 -9999.000 -9999.000 -9999.000 -9999.000 -9999.000 -9999.000 -9999.000 -9999.000 -9999.000 -9999.000 -9999.000 -9999.000 -9999.000
-9999.000 -9999.000 -9999.000 -9999.000 -9999.000 -9999.000 -9999.000 -9999.000 -9999.000 -9999.000 -9999.000 -9999.000 -9999.000 -9999.000 -9999.000 0.7270850E-01 0.1918825E-01 0.2773118E-01 0.4257348E-01 0.4599399E-01 0.5387773E-01 0.6819078E-01 0.8600910E-01 0.1043817 0.1210479 0.1369551 0.1518502 0.1693533 0.2043788 0.3036365 0.3036365 -9999.000 -9999.000 -9999.000 -9999.000 -9999.000 -9999.000 -9999.000 -9999.000 -9999.000 -9999.000 -9999.000 -9999.000 -9999.000 -9999.000 -9999.000 -9999.000 -9999.000 -9999.000 -9999.000 -9999.000 -9999.000 -9999.000 -9999.000 -9999.000 -9999.000 -9999.000 -9999.000 -9999.000 -9999.000
-9999.000 -9999.000 -9999.000 -9999.000 -9999.000 -9999.000 -9999.000 -9999.000 -9999.000 -9999.000 -9999.000 -9999.000 -9999.000 -9999.000 -9999.000 0.1138748 0.1757281 0.2078556 0.2000630 0.1682782 0.1469174 0.1332331 0.1284354 0.1312712 0.1383785 0.1489083 0.1610752 0.1780208 0.2162057 0.3387207 0.3387207 -9999.000 -9999.000 -9999.000 -9999.000 -9999.000 -9999.000 -9999.000 -9999.000 -9999.000 -9999.000 -9999.000 -9999.000 -9999.000 -9999.000 -9999.000 -9999.000 -9999.000 -9999.000 -9999.000 -9999.000 -9999.000 -9999.000 -9999.000 -9999.000 -9999.000 -9999.000 -9999.000 -9999.000 -9999.000
2.902884 2.902884 2.924716 2.924445 2.944637 2.944637 2.947400 2.946958 2.946958 2.942847 2.942847 2.936262 2.932302 2.927995 2.923780 2.923780 3.093145 3.098156 3.099406 3.098268 3.067734 3.013238 2.935261 2.832864 2.706336 2.560695 2.397843 2.226252 2.070124 2.004452 2.004452 2.823575 3.000679 3.109562 3.138026 3.138026 3.178888 3.178888 3.174527 3.174527 3.137998 2.976002 2.976002 2.675347 2.675347 2.239662 2.239662 2.239662 2.201871 2.201871 2.224430 2.224430 2.270259 2.270259 2.320752 2.320752 2.367424 2.367424 2.367424 2.405711
2.926576 2.926576 2.957350 2.979895 3.007573 3.007573 3.022496 3.045330 3.045330 3.064057 3.064057 3.080105 3.087389 3.094279 3.101185 3.101185 3.226133 3.247053 3.263423 3.277705 3.284714 3.285108 3.277428 3.258766 3.226066 3.177785 3.111763 3.028189 2.932785 2.850188 2.850188 3.277653 3.431983 3.586170 3.629562 3.629562 3.681855 3.681855 3.690808 3.690808 3.674748 3.584827 3.584827 3.407241 3.407241 3.084696 3.084696 3.084696 3.041642 3.041642 3.066078 3.066078 3.114485 3.114485 3.167496 3.167496 3.217044 3.217044 3.217044 3.259514
2.931454 2.931454 2.959703 2.981750 3.007264 3.007264 3.022875 3.046596 3.046596 3.065967 3.065967 3.082736 3.090418 3.097739 3.105141 3.105141 3.215764 3.250126 3.279047 3.304380 3.324316 3.339281 3.349427 3.354030 3.351748 3.341480 3.321376 3.290242 3.249995 3.215036 3.215036 3.449656 3.596738 3.771845 3.824740 3.824740 3.882652 3.882652 3.879246 3.879246 3.854065 3.760881 3.760881 3.627781 3.627781 3.374797 3.374797 3.374797 3.317719 3.317719 3.328256 3.328256 3.367418 3.367418 3.414169 3.414169 3.459221 3.459221 3.459221 3.498412
2.934525 2.934525 2.961681 2.982316 3.006322 3.006322 3.022373 3.046555 3.046555 3.065970 3.065970 3.082734 3.090419 3.097748 3.105244 3.105244 3.206397 3.251642 3.292101 3.327868 3.357751 3.381727 3.400137 3.413139 3.420609 3.422540 3.418485 3.408046 3.392416 3.380501 3.380501 3.522900 3.651387 3.830309 3.887273 3.887273 3.939995 3.939995 3.911528 3.911528 3.873495 3.782400 3.782400 3.694360 3.694360 3.512191 3.512191 3.512191 3.446975 3.446975 3.442087 3.442087 3.470815 3.470815 3.511682 3.511682 3.553192 3.553192 3.553192 3.589852
2.935824 2.935824 2.960566 2.982197 3.005368 3.005368 3.021844 3.046500 3.046500 3.065953 3.065953 3.082697 3.090378 3.097705 3.105332 3.105332 3.202091 3.256343 3.307039 3.352538 3.391642 3.423998 3.449750 3.469173 3.482503 3.490129 3.492347 3.489519 3.482986 3.478957 3.478957 3.568021 3.673654 3.841061 3.892759 3.892759 3.917081 3.917081 3.853505 3.853505 3.809290 3.742454 3.742454 3.703668 3.703668 3.593207 3.593207 3.593207 3.529646 3.529646 3.510481 3.510481 3.526263 3.526263 3.559030 3.559030 3.595601 3.595601 3.595601 3.628786
2.932818 2.932818 2.965097 2.981848 3.004534 3.004534 3.021323 3.046363 3.046363 3.065865 3.065865 3.082604 3.090285 3.097615 3.105438 3.105438 3.203868 3.266127 3.325801 3.380041 3.427464 3.467531 3.500214 3.525727 3.544361 3.556551 3.562799 3.563739 3.560716 3.558255 3.558255 3.612477 3.693160 3.830949 3.862501 3.862501 3.829195 3.829195 3.738225 3.738225 3.705166 3.683710 3.683710 3.690428 3.690428 3.644144 3.644144 3.644144 3.592358 3.592358 3.564265 3.564265 3.566582 3.566582 3.588904 3.588904 3.618358 3.618358 3.618358 3.646372
2.931918 2.931918 2.967342 2.981529 3.004052 3.004052 3.021098 3.046416 3.046416 3.065933 3.065933 3.082650 3.090323 3.097647 3.105736 3.105736 3.212678 3.282653 3.350303 3.412176 3.466801 3.513602 3.552482 3.583596 3.607213 3.623726 3.633621 3.637536 3.636617 3.634021 3.634021 3.664494 3.719457 3.801715 3.790521 3.790521 3.683884 3.683884 3.605430 3.605430 3.599446 3.627917 3.627917 3.669475 3.669475 3.674673 3.674673 3.674673 3.641558 3.641558 3.612131 3.612131 3.603370 3.603370 3.614032 3.614032 3.634247 3.634247 3.634247 3.655138
2.931721 2.931721 2.968220 2.981437 3.003888 3.003888 3.021007 3.046413 3.046413 3.065940 3.065940 3.082652 3.090324 3.097648 3.106116 3.106116 3.229450 3.307439 3.382339 3.450743 3.511335 3.563662 3.607680 3.643558 3.671559 3.692023 3.705369 3.712134 3.713169 3.710295 3.710295 3.723792 3.751013 3.734343 3.656541 3.656541 3.505609 3.505609 3.485909 3.485909 3.510567 3.578768 3.578768 3.644129 3.644129 3.688445 3.688445 3.688445 3.676731 3.676731 3.653192 3.653192 3.638086 3.638086 3.637602 3.637602 3.647148 3.647148 3.647148 3.659136
2.931918 2.931918 2.967342 2.981529 3.004051 3.004051 3.021097 3.046416 3.046416 3.065932 3.065932 3.082649 3.090322 3.097647 3.106637 3.106637 3.255733 3.342390 3.423979 3.497789 3.562979 3.619403 3.667216 3.706682 3.738115 3.761832 3.778187 3.787601 3.790546 3.787095 3.787095 3.785435 3.775334 3.595091 3.453250 3.453250 3.336992 3.336992 3.394614 3.394614 3.441814 3.535184 3.535184 3.616110 3.616110 3.689356 3.689356 3.689356 3.698228 3.698228 3.685492 3.685492 3.669003 3.669003 3.659511 3.659511 3.657935 3.657935 3.657935 3.659630
2.932818 2.932818 2.965096 2.981848 3.004534 3.004534 3.021323 3.046363 3.046363 3.065865 3.065865 3.082604 3.090285 3.097615 3.107326 3.107326 3.293843 3.389935 3.477628 3.555596 3.623826 3.682699 3.732694 3.774275 3.807852 3.833778 3.852374 3.863932 3.868319 3.862037 3.862037 3.837184 3.759627 3.367584 3.216938 3.216938 3.211726 3.211726 3.327843 3.327843 3.387182 3.494618 3.494618 3.585873 3.585873 3.680153 3.680153 3.680153 3.706690 3.706690 3.706790 3.706790 3.693278 3.693278 3.677838 3.677838 3.665742 3.665742 3.665742 3.656416
2.935823 2.935823 2.960566 2.982197 3.005368 3.005368 3.021845 3.046500 3.046500 3.065953 3.065953 3.082697 3.090378 3.097705 3.108395 3.108395 3.347521 3.453548 3.546405 3.626914 3.696278 3.755626 3.805889 3.847805 3.881936 3.908708 3.928439 3.941261 3.945497 3.927059 3.927059 3.845289 3.640352 3.094987 3.016899 3.016899 3.128856 3.128856 3.272603 3.272603 3.337456 3.452900 3.452900 3.551409 3.551409 3.660808 3.660808 3.660808 3.701342 3.701342 3.713871 3.713871 3.706024 3.706024 3.687783 3.687783 3.666731 3.666731 3.666731 3.646588
2.934524 2.934524 2.961681 2.982316 3.006321 3.006321 3.022373 3.046554 3.046554 3.065969 3.065969 3.082733 3.090420 3.097748 3.109786 3.109786 3.422519 3.538096 3.634302 3.714987 3.782991 3.840374 3.888613 3.928765 3.961576 3.987556 4.007042 4.019733 4.018273 3.951269 3.951269 3.728050 3.362435 2.869763 2.889548 2.889548 3.062506 3.062506 3.215923 3.215923 3.283346 3.404053 3.404053 3.507839 3.507839 3.627834 3.627834 3.627834 3.678705 3.678705 3.701682 3.701682 3.700247 3.700247 3.681570 3.681570 3.653597 3.653597 3.653597 3.623758
