cruce_test.gid/Rasters/Hydraulic/Velocity____325.0.asc
NCOLS        79
NROWS        79
XLLCENTER         -1.500000
YLLCENTER         -4.800000
CELLSIZE           0.100
NODATA_VALUE     -9999.0
[rows 0 to 26 of 79, columns 0 to 59 of 79]
-9999.000 -9999.000 -9999.000 -9999.000 -9999.000 -9999.000 -9999.000 -9999.000 -9999.000 -9999.000 -9999.000 -9999.000 -9999.000 -9999.000 -9999.000 0.9805555E-01 0.9618276E-01 0.9600835E-01 0.9651718E-01 0.9729403E-01 0.9814036E-01 0.9895489E-01 0.9961411E-01 0.1001333 0.1005027 0.1007374 0.1009080 0.1012264 0.1022817 0.1033066 0.1033066 -9999.000 -9999.000 -9999.000 -9999.000 -9999.000 -9999.000 -9999.000 -9999.000 -9999.000 -9999.000 -9999.000 -9999.000 -9999.000 -9999.000 -9999.000 -9999.000 -9999.000 -9999.000 -9999.000 -9999.000 -9999.000 -9999.000 -9999.000 -9999.000 -9999.000 -9999.000 -9999.000 -9999.000 -9999.000
-9999.000 -9999.000 -9999.000 -9999.000 -9999.000 -9999.000 -9999.000 -9999.000 -9999.000 -9999.000 -9999.000 -9999.000 -9999.000 -9999.000 -9999.000 0.9657480E-01 0.9279145E-01 0.9248018E-01 0.9359049E-01 0.9525923E-01 0.9708707E-01 0.9887158E-01 0.1003546 0.1015574 0.1024526 0.1030657 0.1035485 0.1043757 0.1068554 0.1096078 0.1096078 -9999.000 -9999.000 -9999.000 -9999.000 -9999.000 -9999.000 -9999.000 -9999.000 -9999.000 -9999.000 -9999.000 -9999.000 -9999.000 -9999.000 -9999.000 -9999.000 -9999.000 -9999.000 -9999.000 -9999.000 -9999.000 -9999.000 -9999.000 -9999.000 -9999.000 -9999.000 -9999.000 -9999.000 -9999.000
-9999.000 -9999.000 -9999.000 -9999.000 -9999.000 -9999.000 -9999.000 -9999.000 -9999.000 -9999.000 -9999.000 -9999.000 -9999.000 -9999.000 -9999.000 0.9368223E-01 0.8792619E-01 0.8744330E-01 0.8923993E-01 0.9194575E-01 0.9494121E-01 0.9792375E-01 0.1004942 0.1026897 0.1044609 0.1058357 0.1070413 0.1088254 0.1132761 0.1185968 0.1185968 -9999.000 -9999.000 -9999.000 -9999.000 -9999.000 -9999.000 -9999.000 -9999.000 -9999.000 -9999.000 -9999.000 -9999.000 -9999.000 -9999.000 -9999.000 -9999.000 -9999.000 -9999.000 -9999.000 -9999.000 -9999.000 -9999.000 -9999.000 -9999.000 -9999.000 -9999.000 -9999.000 -9999.000 -9999.000
-9999.000 -9999.000 -9999.000 -9999.000 -9999.000 -9999.000 -9999.000 -9999.000 -9999.000 -9999.000 -9999.000 -9999.000 -9999.000 -9999.000 -9999.000 0.9010406E-01 0.8247981E-01 0.8183921E-01 0.8435085E-01 0.8812428E-01 0.9232455E-01 0.9655949E-01 0.1002946 0.1035909 0.1063726 0.1086626 0.1107544 0.1136668 0.1202955 0.1287523 0.1287523 -9999.000 -9999.000 -9999.000 -9999.000 -9999.000 -9999.000 -9999.000 -9999.000 -9999.000 -9999.000 -9999.000 -9999.000 -9999.000 -9999.000 -9999.000 -9999.000 -9999.000 -9999.000 -9999.000 -9999.000 -9999.000 -9999.000 -9999.000 -9999.000 -9999.000 -9999.000 -9999.000 -9999.000 -9999.000
-9999.000 -9999.000 -9999.000 -9999.000 -9999.000 -9999.000 -9999.000 -9999.000 -9999.000 -9999.000 -9999.000 -9999.000 -9999.000 -9999.000 -9999.000 0.8607182E-01 0.7665309E-01 0.7587638E-01 0.7913845E-01 0.8401023E-01 0.8944410E-01 0.9496717E-01 0.9991287E-01 0.1043740 0.1082449 0.1115389 0.1146134 0.1187670 0.1277480 0.1399322 0.1399322 -9999.000 -9999.000 -9999.000 -9999.000 -9999.000 -9999.000 -9999.000 -9999.000 -9999.000 -9999.000 -9999.000 -9999.000 -9999.000 -9999.000 -9999.000 -9999.000 -9999.000 -9999.000 -9999.000 -9999.000 -9999.000 -9999.000 -9999.000 -9999.000 -9999.000 -9999.000 -9999.000 -9999.000 -9999.000
-9999.000 -9999.000 -9999.000 -9999.000 -9999.000 -9999.000 -9999.000 -9999.000 -9999.000 -9999.000 -9999.000 -9999.000 -9999.000 -9999.000 -9999.000 0.8167261E-01 0.7053362E-01 0.6966011E-01 0.7372221E-01 0.7972814E-01 0.8642092E-01 0.9325860E-01 0.9944356E-01 0.1051110 0.1101211 0.1144745 0.1185940 0.1240729 0.1355729 0.1521591 0.1521591 -9999.000 -9999.000 -9999.000 -9999.000 -9999.000 -9999.000 -9999.000 -9999.000 -9999.000 -9999.000 -9999.000 -9999.000 -9999.000 -9999.000 -9999.000 -9999.000 -9999.000 -9999.000 -9999.000 -9999.000 -9999.000 -9999.000 -9999.000 -9999.000 -9999.000 -9999.000 -9999.000 -9999.000 -9999.000
-9999.000 -9999.000 -9999.000 -9999.000 -9999.000 -9999.000 -9999.000 -9999.000 -9999.000 -9999.000 -9999.000 -9999.000 -9999.000 -9999.000 -9999.000 0.7692420E-01 0.6415427E-01 0.6324708E-01 0.6817458E-01 0.7535333E-01 0.8332656E-01 0.9149744E-01 0.9893982E-01 0.1058431 0.1120267 0.1174775 0.1226868 0.1295636 0.1437587 0.1655579 0.1655579 -9999.000 -9999.000 -9999.000 -9999.000 -9999.000 -9999.000 -9999.000 -9999.000 -9999.000 -9999.000 -9999.000 -9999.000 -9999.000 -9999.000 -9999.000 -9999.000 -9999.000 -9999.000 -9999.000 -9999.000 -9999.000 -9999.000 -9999.000 -9999.000 -9999.000 -9999.000 -9999.000 -9999.000 -9999.000
-9999.000 -9999.000 -9999.000 -9999.000 -9999.000 -9999.000 -9999.000 -9999.000 -9999.000 -9999.000 -9999.000 -9999.000 -9999.000 -9999.000 -9999.000 0.7180934E-01 0.5752323E-01 0.5667824E-01 0.6255411E-01 0.7094330E-01 0.8021024E-01 0.8972445E-01 0.9843329E-01 0.1065939 0.1139766 0.1205529 0.1268880 0.1352326 0.1523185 0.1803341 0.1803341 -9999.000 -9999.000 -9999.000 -9999.000 -9999.000 -9999.000 -9999.000 -9999.000 -9999.000 -9999.000 -9999.000 -9999.000 -9999.000 -9999.000 -9999.000 -9999.000 -9999.000 -9999.000 -9999.000 -9999.000 -9999.000 -9999.000 -9999.000 -9999.000 -9999.000 -9999.000 -9999.000 -9999.000 -9999.000
-9999.000 -9999.000 -9999.000 -9999.000 -9999.000 -9999.000 -9999.000 -9999.000 -9999.000 -9999.000 -9999.000 -9999.000 -9999.000 -9999.000 -9999.000 0.6629170E-01 0.5064092E-01 0.5000410E-01 0.5692870E-01 0.6655658E-01 0.7711631E-01 0.8797201E-01 0.9794731E-01 0.1073800 0.1159807 0.1237038 0.1311949 0.1410787 0.1612788 0.1967758 0.1967758 -9999.000 -9999.000 -9999.000 -9999.000 -9999.000 -9999.000 -9999.000 -9999.000 -9999.000 -9999.000 -9999.000 -9999.000 -9999.000 -9999.000 -9999.000 -9999.000 -9999.000 -9999.000 -9999.000 -9999.000 -9999.000 -9999.000 -9999.000 -9999.000 -9999.000 -9999.000 -9999.000 -9999.000 -9999.000
-9999.000 -9999.000 -9999.000 -9999.000 -9999.000 -9999.000 -9999.000 -9999.000 -9999.000 -9999.000 -9999.000 -9999.000 -9999.000 -9999.000 -9999.000 0.6032309E-01 0.4351448E-01 0.4331359E-01 0.5140064E-01 0.6227038E-01 0.7409682E-01 0.8627537E-01 0.9750558E-01 0.1082182 0.1180495 0.1269340 0.1356071 0.1471043 0.1706741 0.2152732 0.2152732 -9999.000 -9999.000 -9999.000 -9999.000 -9999.000 -9999.000 -9999.000 -9999.000 -9999.000 -9999.000 -9999.000 -9999.000 -9999.000 -9999.000 -9999.000 -9999.000 -9999.000 -9999.000 -9999.000 -9999.000 -9999.000 -9999.000 -9999.000 -9999.000 -9999.000 -9999.000 -9999.000 -9999.000 -9999.000
-9999.000 -9999.000 -9999.000 -9999.000 -9999.000 -9999.000 -9999.000 -9999.000 -9999.000 -9999.000 -9999.000 -9999.000 -9999.000 -9999.000 -9999.000 0.5384520E-01 0.3618001E-01 0.3678778E-01 0.4613931E-01 0.5819755E-01 0.7122326E-01 0.8468097E-01 0.9713969E-01 0.1091316 0.1201979 0.1302515 0.1401266 0.1533139 0.1805465 0.2363570 0.2363570 -9999.000 -9999.000 -9999.000 -9999.000 -9999.000 -9999.000 -9999.000 -9999.000 -9999.000 -9999.000 -9999.000 -9999.000 -9999.000 -9999.000 -9999.000 -9999.000 -9999.000 -9999.000 -9999.000 -9999.000 -9999.000 -9999.000 -9999.000 -9999.000 -9999.000 -9999.000 -9999.000 -9999.000 -9999.000
-9999.000 -9999.000 -9999.000 -9999.000 -9999.000 -9999.000 -9999.000 -9999.000 -9999.000 -9999.000 -9999.000 -9999.000 -9999.000 -9999.000 -9999.000 0.4678984E-01 0.2876098E-01 0.3081177E-01 0.4143419E-01 0.5451164E-01 0.6860127E-01 0.8325810E-01 0.9689859E-01 0.1101576 0.1224535 0.1336738 0.1447631 0.1597190 0.1909461 0.2607640 0.2607640 -9999.000 -9999.000 -9999.000 -9999.000 -9999.000 -9999.000 -9999.000 -9999.000 -9999.000 -9999.000 -9999.000 -9999.000 -9999.000 -9999.000 -9999.000 -9999.000 -9999.000 -9999.000 -9999.000 -9999.000 -9999.000 -9999.000 -9999.000 -9999.000 -9999.000 -9999.000 -9999.000 -9999.000 -9999.000
-9999.000 -9999.000 -9999.000 -9999.000 -9999.000 -9999.000 -9999.000 -9999.000 -9999.000 -9999.000 -9999.000 -9999.000 -9999.000 -9999.000 -9999.000 0.3908081E-01 0.2165954E-01 0.2620000E-01 0.3777099E-01 0.5148335E-01 0.6639700E-01 0.8211885E-01 0.9686653E-01 0.1113638 0.1248696 0.1372411 0.1495460 0.1663459 0.2019376 0.2895451 0.2895451 -9999.000 -9999.000 -9999.000 -9999.000 -9999.000 -9999.000 -9999.000 -9999.000 -9999.000 -9999.000 -9999.000 -9999.000 -9999.000 -9999.000 -9999.000 -9999.000 -9999.000 -9999.000 -9999.000 -9999.000 -9999.000 -9999.000 -9999.000 -9999.000 -9999.000 -9999.000 -9999.000 -9999.000 -9999.000
-9999.000 -9999.000 -9999.000 -9999.000 -9999.000 -9999.000 -9999.000 -9999.000 -9999.000 -9999.000 -9999.000 -9999.000 -9999.000 -9999.000 -9999.000 0.3059201E-01 0.1638845E-01 0.2466641E-01 0.3616558E-01 0.4977641E-01 0.6508147E-01 0.8161461E-01 0.9732094E-01 0.1129739 0.1276266 0.1410999 0.1545929 0.1732915 0.2136364 0.3242813 0.3242813 -9999.000 -9999.000 -9999.000 -9999.000 -9999.000 -9999.000 -9999.000 -9999.000 -9999.000 -9999.000 -9999.000 -9999.000 -9999.000 -9999.000 -9999.000 -9999.000 -9999.000 -9999.000 -9999.000 -9999.000 -9999.000 -9999.000 -9999.000 -9999.000 -9999.000 -9999.000 -9999.000 -9999.000 -9999.000
-9999.000 -9999.000 -9999.000 -9999.000 -9999.000 -9999.000 -9999.000 -9999.000 -9999.000 -9999.000 -9999.000 -9999.000 -9999.000 -9999.000 -9999.000 0.4432303E-01 0.6771559E-01 0.7732188E-01 0.7796858E-01 0.8176575E-01 0.8805624E-01 0.9746148E-01 0.1082295 0.1207462 0.1335629 0.1461332 0.1595371 0.1794993 0.2248147 0.3643818 0.3643818 -9999.000 -9999.000 -9999.000 -9999.000 -9999.000 -9999.000 -9999.000 -9999.000 -9999.000 -9999.000 -9999.000 -9999.000 -9999.000 -9999.000 -9999.000 -9999.000 -9999.000 -9999.000 -9999.000 -9999.000 -9999.000 -9999.000 -9999.000 -9999.000 -9999.000 -9999.000 -9999.000 -9999.000 -9999.000
2.733893 2.733893 2.702760 2.734764 2.754029 2.754029 2.757690 2.759124 2.759124 2.756764 2.756764 2.751841 2.748669 2.745118 2.741366 2.741366 2.830251 2.832827 2.826074 2.799843 2.754557 2.689020 2.600505 2.492604 2.365362 2.221096 2.064445 1.906300 1.774301 1.742730 1.742730 2.566146 2.732283 2.821525 2.842356 2.842356 2.865582 2.865582 2.830499 2.830499 2.776421 2.569447 2.569447 2.106385 2.106385 1.928420 1.928420 1.928420 1.935155 1.935155 1.975693 1.975693 2.025245 2.025245 2.074022 2.074022 2.116006 2.116006 2.116006 2.147575
2.756792 2.756792 2.731889 2.787564 2.813164 2.813164 2.828296 2.851789 2.851789 2.871079 2.871079 2.887593 2.895064 2.902106 2.908890 2.908890 2.975952 2.990360 3.002496 3.010132 3.012702 3.008329 2.993923 2.967893 2.927569 2.871011 2.797434 2.708484 2.611255 2.552621 2.552621 2.993786 3.145968 3.290159 3.328312 3.328312 3.368080 3.368080 3.358934 3.358934 3.331003 3.213277 3.213277 2.953300 2.953300 2.745527 2.745527 2.745527 2.751738 2.751738 2.793923 2.793923 2.846496 2.846496 2.898011 2.898011 2.943383 2.943383 2.943383 2.980153
2.760504 2.760504 2.734262 2.789726 2.812938 2.812938 2.828635 2.852984 2.852984 2.872895 2.872895 2.890078 2.897923 2.905370 2.912595 2.912595 2.974090 2.998559 3.021497 3.041347 3.057668 3.069908 3.076880 3.077924 3.071592 3.056189 3.030197 2.993260 2.948516 2.921104 2.921104 3.176443 3.321248 3.486393 3.533325 3.533325 3.576308 3.576308 3.556092 3.556092 3.522537 3.418967 3.418967 3.247569 3.247569 3.044133 3.044133 3.044133 3.034227 3.034227 3.065997 3.065997 3.110889 3.110889 3.156261 3.156261 3.196924 3.196924 3.196924 3.230268
2.761173 2.761173 2.732823 2.791163 2.812621 2.812621 2.828515 2.853126 2.853126 2.872971 2.872971 2.890111 2.897964 2.905433 2.912714 2.912714 2.971939 3.005334 3.037919 3.067232 3.092292 3.112694 3.127989 3.138179 3.143026 3.142055 3.134693 3.120807 3.102274 3.094554 3.094554 3.252951 3.381945 3.551082 3.600430 3.600430 3.633754 3.633754 3.590702 3.590702 3.550990 3.466215 3.466215 3.362325 3.362325 3.188205 3.188205 3.188205 3.161326 3.161326 3.180784 3.180784 3.218543 3.218543 3.259702 3.259702 3.297434 3.297434 3.297434 3.328455
2.763235 2.763235 2.733046 2.791573 2.811820 2.811820 2.827930 2.853067 2.853067 2.873072 2.873072 2.890241 2.898095 2.905559 2.912877 2.912877 2.973457 3.014955 3.056438 3.094485 3.127605 3.155212 3.176994 3.193042 3.203524 3.208581 3.208372 3.203352 3.195266 3.194455 3.194455 3.296525 3.405232 3.562519 3.603631 3.603631 3.604894 3.604894 3.537340 3.537340 3.501168 3.451576 3.451576 3.406058 3.406058 3.278714 3.278714 3.278714 3.239472 3.239472 3.244355 3.244355 3.272694 3.272694 3.308398 3.308398 3.342551 3.342551 3.342551 3.370749
2.764814 2.764814 2.733068 2.792011 2.811340 2.811340 2.827514 2.852989 2.852989 2.873102 2.873102 2.890292 2.898146 2.905607 2.912987 2.912987 2.979475 3.028769 3.078461 3.124472 3.165004 3.199325 3.227133 3.248479 3.263585 3.272764 3.276429 3.275287 3.271003 3.270808 3.270808 3.335498 3.420753 3.545184 3.561647 3.561647 3.510427 3.510427 3.438633 3.438633 3.420205 3.415865 3.415865 3.416925 3.416925 3.342465 3.342465 3.342465 3.300168 3.300168 3.291677 3.291677 3.308508 3.308508 3.336562 3.336562 3.365478 3.365478 3.365478 3.389621
2.765728 2.765728 2.732986 2.792256 2.811038 2.811038 2.827244 2.852941 2.852941 2.873129 2.873129 2.890330 2.898181 2.905640 2.913115 2.913115 2.990947 3.048188 3.105516 3.158659 3.205764 3.246085 3.279341 3.305567 3.324960 3.337840 3.344641 3.346062 3.343512 3.341933 3.341933 3.379977 3.438730 3.497432 3.468368 3.468368 3.368889 3.368889 3.329531 3.329531 3.337504 3.375636 3.375636 3.410389 3.410389 3.385657 3.385657 3.385657 3.350256 3.350256 3.333163 3.333163 3.338239 3.338239 3.356730 3.356730 3.378495 3.378495 3.378495 3.397087
2.766030 2.766030 2.732952 2.792324 2.810918 2.810918 2.827129 2.852906 2.852906 2.873137 2.873137 2.890354 2.898211 2.905670 2.913282 2.913282 3.009001 3.074680 3.139201 3.198615 3.251301 3.296654 3.334510 3.364935 3.388130 3.404382 3.414077 3.417793 3.416574 3.413348 3.413348 3.430818 3.456933 3.398212 3.313134 3.313134 3.212621 3.212621 3.235266 3.235266 3.267432 3.336740 3.336740 3.394308 3.394308 3.411280 3.411280 3.411280 3.389855 3.389855 3.370658 3.370658 3.365935 3.365935 3.373896 3.373896 3.386768 3.386768 3.386768 3.398268
2.765729 2.765729 2.732986 2.792256 2.811038 2.811038 2.827244 2.852941 2.852941 2.873130 2.873130 2.890331 2.898182 2.905639 2.913441 2.913441 3.035136 3.109953 3.181286 3.246048 3.303164 3.352362 3.393693 3.427343 3.453561 3.472623 3.484856 3.490701 3.490736 3.485503 3.485503 3.482637 3.458568 3.223843 3.109569 3.109569 3.077943 3.077943 3.162087 3.162087 3.210181 3.299176 3.299176 3.372051 3.372051 3.421693 3.421693 3.421693 3.417314 3.417314 3.402020 3.402020 3.391086 3.391086 3.388864 3.388864 3.391671 3.391671 3.391671 3.394762
2.764814 2.764814 2.733068 2.792011 2.811340 2.811340 2.827514 2.852990 2.852990 2.873102 2.873102 2.890291 2.898146 2.905606 2.913678 2.913678 3.071726 3.156397 3.234064 3.303092 3.363274 3.414874 3.458279 3.493877 3.522020 3.543017 3.557160 3.564741 3.565591 3.555760 3.555760 3.519793 3.401875 2.985515 2.907707 2.907707 2.980692 2.980692 3.103290 3.103290 3.159973 3.261103 3.261103 3.344638 3.344638 3.418867 3.418867 3.418867 3.431245 3.431245 3.423875 3.423875 3.410756 3.410756 3.399895 3.399895 3.392302 3.392302 3.392302 3.386158
2.763236 2.763236 2.733045 2.791571 2.811820 2.811820 2.827929 2.853067 2.853067 2.873071 2.873071 2.890241 2.898094 2.905559 2.914010 2.914010 3.122291 3.217242 3.300398 3.372240 3.433786 3.486031 3.529814 3.565794 3.594476 3.616236 3.631361 3.639946 3.639926 3.614732 3.614732 3.499274 3.221984 2.749040 2.759885 2.759885 2.909634 2.909634 3.049968 3.049968 3.111015 3.220266 3.220266 3.311430 3.311430 3.403551 3.403551 3.403551 3.430362 3.430362 3.432502 3.432502 3.420476 3.420476 3.403209 3.403209 3.385801 3.385801 3.385801 3.370292
2.761174 2.761174 2.732823 2.791163 2.812621 2.812621 2.828515 2.853128 2.853128 2.872971 2.872971 2.890111 2.897963 2.905432 2.914413 2.914413 3.192340 3.297112 3.384039 3.456516 3.517139 3.567810 3.609900 3.644382 3.671935 3.693022 3.707941 3.716255 3.709058 3.627531 3.627531 3.330362 2.891319 2.594223 2.659784 2.659784 2.842879 2.842879 2.991531 2.991531 3.055066 3.170830 3.170830 3.267682 3.267682 3.372694 3.372694 3.372694 3.410892 3.410892 3.422101 3.422101 3.412873 3.412873 3.391474 3.391474 3.365632 3.365632 3.365632 3.341484
