cruce_test.gid/Rasters/Hydraulic/Velocity__y_113.0.asc
NCOLS        79
NROWS        79
XLLCENTER         -1.500000
YLLCENTER         -4.800000
CELLSIZE           0.100
NODATA_VALUE     -9999.0
[rows 0 to 25 of 79, columns 0 to 58 of 79]
-9999.000 -9999.000 -9999.000 -9999.000 -9999.000 -9999.000 -9999.000 -9999.000 -9999.000 -9999.000 -9999.000 -9999.000 -9999.000 -9999.000 -9999.000 -0.1606920 -0.1596254 -0.1595462 -0.1596442 -0.1598085 -0.1599921 -0.1601699 -0.1603300 -0.1604772 -0.1606452 -0.1609188 -0.1614580 -0.1625474 -0.1645978 -0.1641905 -0.1641905 -9999.000 -9999.000 -9999.000 -9999.000 -9999.000 -9999.000 -9999.000 -9999.000 -9999.000 -9999.000 -9999.000 -9999.000 -9999.000 -9999.000 -9999.000 -9999.000 -9999.000 -9999.000 -9999.000 -9999.000 -9999.000 -9999.000 -9999.000 -9999.000 -9999.000 -9999.000 -9999.000 -9999.000
-9999.000 -9999.000 -9999.000 -9999.000 -9999.000 -9999.000 -9999.000 -9999.000 -9999.000 -9999.000 -9999.000 -9999.000 -9999.000 -9999.000 -9999.000 -0.1585394 -0.1562439 -0.1560550 -0.1562536 -0.1566065 -0.1570125 -0.1574169 -0.1577954 -0.1581605 -0.1585880 -0.1592608 -0.1605162 -0.1629407 -0.1673591 -0.1670770 -0.1670770 -9999.000 -9999.000 -9999.000 -9999.000 -9999.000 -9999.000 -9999.000 -9999.000 -9999.000 -9999.000 -9999.000 -9999.000 -9999.000 -9999.000 -9999.000 -9999.000 -9999.000 -9999.000 -9999.000 -9999.000 -9999.000 -9999.000 -9999.000 -9999.000 -9999.000 -9999.000 -9999.000 -9999.000
-9999.000 -9999.000 -9999.000 -9999.000 -9999.000 -9999.000 -9999.000 -9999.000 -9999.000 -9999.000 -9999.000 -9999.000 -9999.000 -9999.000 -9999.000 -0.1551401 -0.1514946 -0.1511777 -0.1515328 -0.1521811 -0.1529545 -0.1537601 -0.1545570 -0.1553680 -0.1563198 -0.1577132 -0.1600930 -0.1643873 -0.1718746 -0.1724104 -0.1724104 -9999.000 -9999.000 -9999.000 -9999.000 -9999.000 -9999.000 -9999.000 -9999.000 -9999.000 -9999.000 -9999.000 -9999.000 -9999.000 -9999.000 -9999.000 -9999.000 -9999.000 -9999.000 -9999.000 -9999.000 -9999.000 -9999.000 -9999.000 -9999.000 -9999.000 -9999.000 -9999.000 -9999.000
-9999.000 -9999.000 -9999.000 -9999.000 -9999.000 -9999.000 -9999.000 -9999.000 -9999.000 -9999.000 -9999.000 -9999.000 -9999.000 -9999.000 -9999.000 -0.1510354 -0.1460813 -0.1456598 -0.1462240 -0.1472442 -0.1484816 -0.1498015 -0.1511444 -0.1525400 -0.1541657 -0.1564433 -0.1601347 -0.1665331 -0.1774231 -0.1794686 -0.1794686 -9999.000 -9999.000 -9999.000 -9999.000 -9999.000 -9999.000 -9999.000 -9999.000 -9999.000 -9999.000 -9999.000 -9999.000 -9999.000 -9999.000 -9999.000 -9999.000 -9999.000 -9999.000 -9999.000 -9999.000 -9999.000 -9999.000 -9999.000 -9999.000 -9999.000 -9999.000 -9999.000 -9999.000
-9999.000 -9999.000 -9999.000 -9999.000 -9999.000 -9999.000 -9999.000 -9999.000 -9999.000 -9999.000 -9999.000 -9999.000 -9999.000 -9999.000 -9999.000 -0.1463466 -0.1401258 -0.1396180 -0.1404341 -0.1418879 -0.1436649 -0.1455852 -0.1475673 -0.1496471 -0.1520535 -0.1553375 -0.1604950 -0.1692184 -0.1838710 -0.1881956 -0.1881956 -9999.000 -9999.000 -9999.000 -9999.000 -9999.000 -9999.000 -9999.000 -9999.000 -9999.000 -9999.000 -9999.000 -9999.000 -9999.000 -9999.000 -9999.000 -9999.000 -9999.000 -9999.000 -9999.000 -9999.000 -9999.000 -9999.000 -9999.000 -9999.000 -9999.000 -9999.000 -9999.000 -9999.000
-9999.000 -9999.000 -9999.000 -9999.000 -9999.000 -9999.000 -9999.000 -9999.000 -9999.000 -9999.000 -9999.000 -9999.000 -9999.000 -9999.000 -9999.000 -0.1411368 -0.1337002 -0.1331197 -0.1342210 -0.1361566 -0.1385321 -0.1411186 -0.1438099 -0.1466486 -0.1499174 -0.1543079 -0.1610734 -0.1723489 -0.1911708 -0.1986815 -0.1986815 -9999.000 -9999.000 -9999.000 -9999.000 -9999.000 -9999.000 -9999.000 -9999.000 -9999.000 -9999.000 -9999.000 -9999.000 -9999.000 -9999.000 -9999.000 -9999.000 -9999.000 -9999.000 -9999.000 -9999.000 -9999.000 -9999.000 -9999.000 -9999.000 -9999.000 -9999.000 -9999.000 -9999.000
-9999.000 -9999.000 -9999.000 -9999.000 -9999.000 -9999.000 -9999.000 -9999.000 -9999.000 -9999.000 -9999.000 -9999.000 -9999.000 -9999.000 -9999.000 -0.1354218 -0.1268374 -0.1261961 -0.1276087 -0.1300650 -0.1330856 -0.1363894 -0.1398441 -0.1434990 -0.1476954 -0.1532807 -0.1617932 -0.1758655 -0.1993302 -0.2111402 -0.2111402 -9999.000 -9999.000 -9999.000 -9999.000 -9999.000 -9999.000 -9999.000 -9999.000 -9999.000 -9999.000 -9999.000 -9999.000 -9999.000 -9999.000 -9999.000 -9999.000 -9999.000 -9999.000 -9999.000 -9999.000 -9999.000 -9999.000 -9999.000 -9999.000 -9999.000 -9999.000 -9999.000 -9999.000
-9999.000 -9999.000 -9999.000 -9999.000 -9999.000 -9999.000 -9999.000 -9999.000 -9999.000 -9999.000 -9999.000 -9999.000 -9999.000 -9999.000 -9999.000 -0.1291803 -0.1195402 -0.1188501 -0.1205958 -0.1236049 -0.1273088 -0.1313710 -0.1356312 -0.1401472 -0.1453245 -0.1521847 -0.1625865 -0.1797273 -0.2083961 -0.2259168 -0.2259168 -9999.000 -9999.000 -9999.000 -9999.000 -9999.000 -9999.000 -9999.000 -9999.000 -9999.000 -9999.000 -9999.000 -9999.000 -9999.000 -9999.000 -9999.000 -9999.000 -9999.000 -9999.000 -9999.000 -9999.000 -9999.000 -9999.000 -9999.000 -9999.000 -9999.000 -9999.000 -9999.000 -9999.000
-9999.000 -9999.000 -9999.000 -9999.000 -9999.000 -9999.000 -9999.000 -9999.000 -9999.000 -9999.000 -9999.000 -9999.000 -9999.000 -9999.000 -9999.000 -0.1223604 -0.1117873 -0.1110623 -0.1131602 -0.1167495 -0.1211686 -0.1260218 -0.1311197 -0.1365310 -0.1427321 -0.1509418 -0.1633817 -0.1838990 -0.2184458 -0.2435223 -0.2435223 -9999.000 -9999.000 -9999.000 -9999.000 -9999.000 -9999.000 -9999.000 -9999.000 -9999.000 -9999.000 -9999.000 -9999.000 -9999.000 -9999.000 -9999.000 -9999.000 -9999.000 -9999.000 -9999.000 -9999.000 -9999.000 -9999.000 -9999.000 -9999.000 -9999.000 -9999.000 -9999.000 -9999.000
-9999.000 -9999.000 -9999.000 -9999.000 -9999.000 -9999.000 -9999.000 -9999.000 -9999.000 -9999.000 -9999.000 -9999.000 -9999.000 -9999.000 -9999.000 -0.1148825 -0.1035352 -0.1027920 -0.1052593 -0.1094525 -0.1146125 -0.1202818 -0.1262397 -0.1325695 -0.1398263 -0.1494542 -0.1640904 -0.1883375 -0.2295816 -0.2647018 -0.2647018 -9999.000 -9999.000 -9999.000 -9999.000 -9999.000 -9999.000 -9999.000 -9999.000 -9999.000 -9999.000 -9999.000 -9999.000 -9999.000 -9999.000 -9999.000 -9999.000 -9999.000 -9999.000 -9999.000 -9999.000 -9999.000 -9999.000 -9999.000 -9999.000 -9999.000 -9999.000 -9999.000 -9999.000
-9999.000 -9999.000 -9999.000 -9999.000 -9999.000 -9999.000 -9999.000 -9999.000 -9999.000 -9999.000 -9999.000 -9999.000 -9999.000 -9999.000 -9999.000 -0.1066380 -0.9471635E-01 -0.9397486E-01 -0.9682708E-01 -0.1016435 -0.1075638 -0.1140649 -0.1208934 -0.1281511 -0.1364818 -0.1475893 -0.1645901 -0.1929764 -0.2419242 -0.2905562 -0.2905562 -9999.000 -9999.000 -9999.000 -9999.000 -9999.000 -9999.000 -9999.000 -9999.000 -9999.000 -9999.000 -9999.000 -9999.000 -9999.000 -9999.000 -9999.000 -9999.000 -9999.000 -9999.000 -9999.000 -9999.000 -9999.000 -9999.000 -9999.000 -9999.000 -9999.000 -9999.000 -9999.000 -9999.000
-9999.000 -9999.000 -9999.000 -9999.000 -9999.000 -9999.000 -9999.000 -9999.000 -9999.000 -9999.000 -9999.000 -9999.000 -9999.000 -9999.000 -9999.000 -0.9748207E-01 -0.8523308E-01 -0.8451637E-01 -0.8776626E-01 -0.9321938E-01 -0.9991036E-01 -0.1072462 -0.1149397 -0.1231157 -0.1325184 -0.1451529 -0.1646946 -0.1976957 -0.2555956 -0.3227624 -0.3227624 -9999.000 -9999.000 -9999.000 -9999.000 -9999.000 -9999.000 -9999.000 -9999.000 -9999.000 -9999.000 -9999.000 -9999.000 -9999.000 -9999.000 -9999.000 -9999.000 -9999.000 -9999.000 -9999.000 -9999.000 -9999.000 -9999.000 -9999.000 -9999.000 -9999.000 -9999.000 -9999.000 -9999.000
-9999.000 -9999.000 -9999.000 -9999.000 -9999.000 -9999.000 -9999.000 -9999.000 -9999.000 -9999.000 -9999.000 -9999.000 -9999.000 -9999.000 -9999.000 -0.8721689E-01 -0.7494258E-01 -0.7427632E-01 -0.7793269E-01 -0.8402783E-01 -0.9148603E-01 -0.9964076E-01 -0.1081685 -0.1172229 -0.1276628 -0.1418448 -0.1641017 -0.2022652 -0.2706763 -0.3639936 -0.3639936 -9999.000 -9999.000 -9999.000 -9999.000 -9999.000 -9999.000 -9999.000 -9999.000 -9999.000 -9999.000 -9999.000 -9999.000 -9999.000 -9999.000 -9999.000 -9999.000 -9999.000 -9999.000 -9999.000 -9999.000 -9999.000 -9999.000 -9999.000 -9999.000 -9999.000 -9999.000 -9999.000 -9999.000
-9999.000 -9999.000 -9999.000 -9999.000 -9999.000 -9999.000 -9999.000 -9999.000 -9999.000 -9999.000 -9999.000 -9999.000 -9999.000 -9999.000 -9999.000 -0.7550452E-01 -0.6359260E-01 -0.6301405E-01 -0.6709077E-01 -0.7382955E-01 -0.8203772E-01 -0.9096950E-01 -0.1002623 -0.1101055 -0.1214885 -0.1371804 -0.1622934 -0.2062244 -0.2870898 -0.4188182 -0.4188182 -9999.000 -9999.000 -9999.000 -9999.000 -9999.000 -9999.000 -9999.000 -9999.000 -9999.000 -9999.000 -9999.000 -9999.000 -9999.000 -9999.000 -9999.000 -9999.000 -9999.000 -9999.000 -9999.000 -9999.000 -9999.000 -9999.000 -9999.000 -9999.000 -9999.000 -9999.000 -9999.000 -9999.000
-9999.000 -9999.000 -9999.000 -9999.000 -9999.000 -9999.000 -9999.000 -9999.000 -9999.000 -9999.000 -9999.000 -9999.000 -9999.000 -9999.000 -9999.000 -0.5510113E-01 -0.4801270E-01 -0.4901432E-01 -0.5455538E-01 -0.6264197E-01 -0.7203206E-01 -0.8196186E-01 -0.9208383E-01 -0.1026735 -0.1148980 -0.1320143 -0.1600360 -0.2102319 -0.3055265 -0.4943620 -0.4943620 -9999.000 -9999.000 -9999.000 -9999.000 -9999.000 -9999.000 -9999.000 -9999.000 -9999.000 -9999.000 -9999.000 -9999.000 -9999.000 -9999.000 -9999.000 -9999.000 -9999.000 -9999.000 -9999.000 -9999.000 -9999.000 -9999.000 -9999.000 -9999.000 -9999.000 -9999.000 -9999.000 -9999.000
-0.1942682E-02 -0.1942682E-02 -0.5069402E-02 -0.5147907E-02 -0.5112845E-02 -0.5112845E-02 -0.5085065E-02 -0.5049936E-02 -0.5049936E-02 -0.5024482E-02 -0.5024482E-02 -0.4995826E-02 -0.4979334E-02 -0.4961885E-02 -0.4938692E-02 -0.4938692E-02 -0.5604309E-01 -0.6191619E-01 -0.7122054E-01 -0.8413232E-01 -0.9928581E-01 -0.1153346 -0.1312547 -0.1465401 -0.1613643 -0.1777374 -0.2000453 -0.2371713 -0.3073014 -0.4746028 -0.4746028 -0.2406493 -0.1160808 -0.2047211E-01 -0.7890211E-02 -0.7890211E-02 0.1363706E-02 0.1363706E-02 0.1023331E-01 0.1023331E-01 -0.1989052E-01 -0.2220647E-01 -0.2220647E-01 -0.1450140E-03 -0.1450140E-03 0.1025501E-01 0.1025501E-01 0.1025501E-01 0.9774328E-02 0.9774328E-02 0.9077297E-02 0.9077297E-02 0.6301913E-02 0.6301913E-02 0.4137115E-02 0.4137115E-02 0.2349925E-02 0.2349925E-02 0.2349925E-02
-0.2973039E-02 -0.2973039E-02 -0.7492166E-02 -0.7361546E-02 -0.7237896E-02 -0.7237896E-02 -0.7161829E-02 -0.7099841E-02 -0.7099841E-02 -0.7082188E-02 -0.7082188E-02 -0.7062931E-02 -0.7049139E-02 -0.7032981E-02 -0.7006174E-02 -0.7006174E-02 -0.7757624E-01 -0.8970142E-01 -0.1052150 -0.1259018 -0.1504996 -0.1772516 -0.2044575 -0.2306413 -0.2544122 -0.2757849 -0.2958605 -0.3177912 -0.3478462 -0.3999391 -0.3999391 -0.2478134 -0.1432174 -0.4319074E-01 -0.2282978E-01 -0.2282978E-01 0.5672059E-02 0.5672059E-02 0.3884645E-01 0.3884645E-01 0.6529734E-02 -0.2041563E-01 -0.2041563E-01 0.3569923E-02 0.3569923E-02 0.2041605E-01 0.2041605E-01 0.2041605E-01 0.1895828E-01 0.1895828E-01 0.1481636E-01 0.1481636E-01 0.1147973E-01 0.1147973E-01 0.7662151E-02 0.7662151E-02 0.4439171E-02 0.4439171E-02 0.4439171E-02
-0.2432481E-02 -0.2432481E-02 -0.5978278E-02 -0.6320999E-02 -0.6176918E-02 -0.6176918E-02 -0.6069801E-02 -0.5987482E-02 -0.5987482E-02 -0.5989721E-02 -0.5989721E-02 -0.5998340E-02 -0.5997167E-02 -0.5992671E-02 -0.5975527E-02 -0.5975527E-02 -0.7324492E-01 -0.9333260E-01 -0.1141718 -0.1398438 -0.1703224 -0.2043739 -0.2404413 -0.2768876 -0.3118935 -0.3442230 -0.3730861 -0.3984005 -0.4206897 -0.4394474 -0.4394474 -0.3417447 -0.2524174 -0.1274617 -0.8301106E-01 -0.8301106E-01 -0.1395599E-02 -0.1395599E-02 0.8004040E-01 0.8004040E-01 0.8355317E-01 0.3413117E-01 0.3413117E-01 0.2187077E-01 0.2187077E-01 0.2823720E-01 0.2823720E-01 0.2823720E-01 0.2409037E-01 0.2409037E-01 0.1587937E-01 0.1587937E-01 0.1182402E-01 0.1182402E-01 0.7149220E-02 0.7149220E-02 0.3499891E-02 0.3499891E-02 0.3499891E-02
-0.1910450E-02 -0.1910450E-02 -0.4592282E-02 -0.5158852E-02 -0.5016559E-02 -0.5016559E-02 -0.4891693E-02 -0.4784873E-02 -0.4784873E-02 -0.4785167E-02 -0.4785167E-02 -0.4798539E-02 -0.4799623E-02 -0.4796911E-02 -0.4781124E-02 -0.4781124E-02 -0.6389202E-01 -0.9118567E-01 -0.1172341 -0.1466974 -0.1807051 -0.2187478 -0.2597183 -0.3022498 -0.3449435 -0.3859373 -0.4235868 -0.4563873 -0.4827068 -0.4978754 -0.4978754 -0.4305435 -0.3571046 -0.2211101 -0.1548972 -0.1548972 -0.1511840E-01 -0.1511840E-01 0.1133248 0.1133248 0.1450883 0.1127459 0.1127459 0.5873832E-01 0.5873832E-01 0.3498642E-01 0.3498642E-01 0.3498642E-01 0.2477482E-01 0.2477482E-01 0.1371808E-01 0.1371808E-01 0.6917331E-02 0.6917331E-02 0.1683365E-02 0.1683365E-02 -0.1472748E-02 -0.1472748E-02 -0.1472748E-02
-0.1411028E-02 -0.1411028E-02 -0.3332557E-02 -0.3930845E-02 -0.3812120E-02 -0.3812120E-02 -0.3693783E-02 -0.3584876E-02 -0.3584876E-02 -0.3583094E-02 -0.3583094E-02 -0.3597185E-02 -0.3599295E-02 -0.3597694E-02 -0.3583454E-02 -0.3583454E-02 -0.5433591E-01 -0.8768532E-01 -0.1196077 -0.1533182 -0.1905960 -0.2315987 -0.2757039 -0.3219107 -0.3691069 -0.4155978 -0.4595997 -0.4991469 -0.5317280 -0.5514138 -0.5514138 -0.5063885 -0.4463530 -0.2994369 -0.2113864 -0.2113864 -0.2167014E-01 -0.2167014E-01 0.1335001 0.1335001 0.1783427 0.1746763 0.1746763 0.1040657 0.1040657 0.4432596E-01 0.4432596E-01 0.4432596E-01 0.2458069E-01 0.2458069E-01 0.9399039E-02 0.9399039E-02 -0.8488861E-04 -0.8488861E-04 -0.5748891E-02 -0.5748891E-02 -0.7983487E-02 -0.7983487E-02 -0.7983487E-02
-0.9299834E-03 -0.9299834E-03 -0.2168444E-02 -0.2650394E-02 -0.2567302E-02 -0.2567302E-02 -0.2476242E-02 -0.2388010E-02 -0.2388010E-02 -0.2385671E-02 -0.2385671E-02 -0.2397195E-02 -0.2399183E-02 -0.2398451E-02 -0.2386182E-02 -0.2386182E-02 -0.4633360E-01 -0.8423510E-01 -0.1224981 -0.1614333 -0.2026336 -0.2467177 -0.2935207 -0.3424169 -0.3925824 -0.4426265 -0.4908730 -0.5352851 -0.5730504 -0.5978107 -0.5978107 -0.5702513 -0.5174152 -0.3461008 -0.2351523 -0.2351523 -0.1662683E-01 -0.1662683E-01 0.1391126 0.1391126 0.1857678 0.2054808 0.2054808 0.1446419 0.1446419 0.5724903E-01 0.5724903E-01 0.5724903E-01 0.2577425E-01 0.2577425E-01 0.4955051E-02 0.4955051E-02 -0.7430948E-02 -0.7430948E-02 -0.1360023E-01 -0.1360023E-01 -0.1474951E-01 -0.1474951E-01 -0.1474951E-01
-0.4618101E-03 -0.4618101E-03 -0.1068346E-02 -0.1334194E-02 -0.1291929E-02 -0.1291929E-02 -0.1242724E-02 -0.1193484E-02 -0.1193484E-02 -0.1191955E-02 -0.1191955E-02 -0.1198217E-02 -0.1199501E-02 -0.1199169E-02 -0.1189472E-02 -0.1189472E-02 -0.4112238E-01 -0.8234560E-01 -0.1269117 -0.1719606 -0.2180061 -0.2657491 -0.3153956 -0.3667037 -0.4191600 -0.4717149 -0.5229021 -0.5707775 -0.6124434 -0.6409754 -0.6409754 -0.6228884 -0.5656133 -0.3505883 -0.2232828 -0.2232828 -0.7162423E-02 -0.7162423E-02 0.1311168 0.1311168 0.1743755 0.2083128 0.2083128 0.1701650 0.1701650 0.7225193E-01 0.7225193E-01 0.7225193E-01 0.2933293E-01 0.2933293E-01 0.1805675E-02 0.1805675E-02 -0.1392782E-01 -0.1392782E-01 -0.2078378E-01 -0.2078378E-01 -0.2084495E-01 -0.2084495E-01 -0.2084495E-01
-0.5975005E-07 -0.5975005E-07 -0.1262084E-06 -0.5753638E-07 -0.3177290E-07 -0.3177290E-07 -0.3937761E-07 -0.4005888E-07 -0.4005888E-07 -0.5224247E-07 -0.5224247E-07 0.2422476E-07 0.3276845E-07 0.1184893E-07 0.6992514E-05 0.6992514E-05 -0.3971324E-01 -0.8390398E-01 -0.1344588 -0.1861614 -0.2379117 -0.2900195 -0.3428743 -0.3965912 -0.4510048 -0.5054479 -0.5587441 -0.6091260 -0.6535489 -0.6831663 -0.6831663 -0.6618642 -0.5802369 -0.3154501 -0.1895383 -0.1895383 -0.2324714E-02 -0.2324714E-02 0.1132149 0.1132149 0.1518785 0.1926931 0.1926931 0.1771965 0.1771965 0.8584021E-01 0.8584021E-01 0.8584021E-01 0.3477899E-01 0.3477899E-01 0.6950033E-03 0.6950033E-03 -0.1863820E-01 -0.1863820E-01 -0.2637455E-01 -0.2637455E-01 -0.2549020E-01 -0.2549020E-01 -0.2549020E-01
0.4616591E-03 0.4616591E-03 0.1068171E-02 0.1334176E-02 0.1291867E-02 0.1291867E-02 0.1242477E-02 0.1193346E-02 0.1193346E-02 0.1191845E-02 0.1191845E-02 0.1198371E-02 0.1199540E-02 0.1199198E-02 0.1203552E-02 0.1203552E-02 -0.4317536E-01 -0.9114173E-01 -0.1475372 -0.2060621 -0.2640797 -0.3211514 -0.3775948 -0.4337860 -0.4899171 -0.5457421 -0.6004596 -0.6525462 -0.6983770 -0.7232280 -0.7232280 -0.6755537 -0.5461858 -0.2610409 -0.1541774 -0.1541774 -0.4746905E-02 -0.4746905E-02 0.9056328E-01 0.9056328E-01 0.1247417 0.1672586 0.1672586 0.1682797 0.1682797 0.9419315E-01 0.9419315E-01 0.9419315E-01 0.4044345E-01 0.4044345E-01 0.1603069E-02 0.1603069E-02 -0.2093693E-01 -0.2093693E-01 -0.2960553E-01 -0.2960553E-01 -0.2803344E-01 -0.2803344E-01 -0.2803344E-01
0.9299617E-03 0.9299617E-03 0.2168462E-02 0.2650414E-02 0.2567180E-02 0.2567180E-02 0.2476101E-02 0.2387963E-02 0.2387963E-02 0.2385679E-02 0.2385679E-02 0.2397246E-02 0.2399263E-02 0.2398411E-02 0.2400089E-02 0.2400089E-02 -0.5306657E-01 -0.1068093 -0.1694532 -0.2347504 -0.2991507 -0.3614364 -0.4216514 -0.4802882 -0.5378492 -0.5945146 -0.6499245 -0.7028134 -0.7474732 -0.7524052 -0.7524052 -0.6397863 -0.4635591 -0.2111272 -0.1278225 -0.1278225 -0.1101863E-01 -0.1101863E-01 0.6759617E-01 0.6759617E-01 0.9725229E-01 0.1377085 0.1377085 0.1483314 0.1483314 0.9481494E-01 0.9481494E-01 0.9481494E-01 0.4418461E-01 0.4418461E-01 0.3842453E-02 0.3842453E-02 -0.2060084E-01 -0.2060084E-01 -0.2993321E-01 -0.2993321E-01 -0.2798333E-01 -0.2798333E-01 -0.2798333E-01
0.1411045E-02 0.1411045E-02 0.3332531E-02 0.3930702E-02 0.3811978E-02 0.3811978E-02 0.3693677E-02 0.3584899E-02 0.3584899E-02 0.3583199E-02 0.3583199E-02 0.3597241E-02 0.3599233E-02 0.3597592E-02 0.3596840E-02 0.3596840E-02 -0.7209946E-01 -0.1347299 -0.2047384 -0.2767130 -0.3470939 -0.4142556 -0.4779614 -0.5387026 -0.5972008 -0.6540163 -0.7092459 -0.7616550 -0.7980479 -0.7435531 -0.7435531 -0.5370911 -0.3673789 -0.1739008 -0.1099068 -0.1099068 -0.1674254E-01 -0.1674254E-01 0.4699333E-01 0.4699333E-01 0.7172035E-01 0.1073442 0.1073442 0.1220154 0.1220154 0.8725242E-01 0.8725242E-01 0.8725242E-01 0.4426588E-01 0.4426588E-01 0.6377501E-02 0.6377501E-02 -0.1779922E-01 -0.1779922E-01 -0.2711364E-01 -0.2711364E-01 -0.2508239E-01 -0.2508239E-01 -0.2508239E-01
