cruce_test.gid/Rasters/Hydraulic/Velocity____285.0.asc
NCOLS        79
NROWS        79
XLLCENTER         -1.500000
YLLCENTER         -4.800000
CELLSIZE           0.100
NODATA_VALUE     -9999.0
[rows 0 to 26 of 79, columns 0 to 59 of 79]
-9999.000 -9999.000 -9999.000 -9999.000 -9999.000 -9999.000 -9999.000 -9999.000 -9999.000 -9999.000 -9999.000 -9999.000 -9999.000 -9999.000 -9999.000 0.9418011E-01 0.9167714E-01 0.9098057E-01 0.9133935E-01 0.9227361E-01 0.9334881E-01 0.9436824E-01 0.9522040E-01 0.9583041E-01 0.9624380E-01 0.9648528E-01 0.9662472E-01 0.9686705E-01 0.9780437E-01 0.9881879E-01 0.9881879E-01 -9999.000 -9999.000 -9999.000 -9999.000 -9999.000 -9999.000 -9999.000 -9999.000 -9999.000 -9999.000 -9999.000 -9999.000 -9999.000 -9999.000 -9999.000 -9999.000 -9999.000 -9999.000 -9999.000 -9999.000 -9999.000 -9999.000 -9999.000 -9999.000 -9999.000 -9999.000 -9999.000 -9999.000 -9999.000
-9999.000 -9999.000 -9999.000 -9999.000 -9999.000 -9999.000 -9999.000 -9999.000 -9999.000 -9999.000 -9999.000 -9999.000 -9999.000 -9999.000 -9999.000 0.9361520E-01 0.8847009E-01 0.8707621E-01 0.8785914E-01 0.8980338E-01 0.9204216E-01 0.9419896E-01 0.9605621E-01 0.9745054E-01 0.9846102E-01 0.9912764E-01 0.9959412E-01 0.1003132 0.1025960 0.1053519 0.1053519 -9999.000 -9999.000 -9999.000 -9999.000 -9999.000 -9999.000 -9999.000 -9999.000 -9999.000 -9999.000 -9999.000 -9999.000 -9999.000 -9999.000 -9999.000 -9999.000 -9999.000 -9999.000 -9999.000 -9999.000 -9999.000 -9999.000 -9999.000 -9999.000 -9999.000 -9999.000 -9999.000 -9999.000 -9999.000
-9999.000 -9999.000 -9999.000 -9999.000 -9999.000 -9999.000 -9999.000 -9999.000 -9999.000 -9999.000 -9999.000 -9999.000 -9999.000 -9999.000 -9999.000 0.9182445E-01 0.8385220E-01 0.8162176E-01 0.8285998E-01 0.8594349E-01 0.8952238E-01 0.9303750E-01 0.9616929E-01 0.9866619E-01 0.1006455 0.1021513 0.1033880 0.1050563 0.1092384 0.1145733 0.1145733 -9999.000 -9999.000 -9999.000 -9999.000 -9999.000 -9999.000 -9999.000 -9999.000 -9999.000 -9999.000 -9999.000 -9999.000 -9999.000 -9999.000 -9999.000 -9999.000 -9999.000 -9999.000 -9999.000 -9999.000 -9999.000 -9999.000 -9999.000 -9999.000 -9999.000 -9999.000 -9999.000 -9999.000 -9999.000
-9999.000 -9999.000 -9999.000 -9999.000 -9999.000 -9999.000 -9999.000 -9999.000 -9999.000 -9999.000 -9999.000 -9999.000 -9999.000 -9999.000 -9999.000 0.8942338E-01 0.7868308E-01 0.7561564E-01 0.7733363E-01 0.8158117E-01 0.8652335E-01 0.9143472E-01 0.9590785E-01 0.9960675E-01 0.1026882 0.1051902 0.1073657 0.1101578 0.1164446 0.1249059 0.1249059 -9999.000 -9999.000 -9999.000 -9999.000 -9999.000 -9999.000 -9999.000 -9999.000 -9999.000 -9999.000 -9999.000 -9999.000 -9999.000 -9999.000 -9999.000 -9999.000 -9999.000 -9999.000 -9999.000 -9999.000 -9999.000 -9999.000 -9999.000 -9999.000 -9999.000 -9999.000 -9999.000 -9999.000 -9999.000
-9999.000 -9999.000 -9999.000 -9999.000 -9999.000 -9999.000 -9999.000 -9999.000 -9999.000 -9999.000 -9999.000 -9999.000 -9999.000 -9999.000 -9999.000 0.8664017E-01 0.7315701E-01 0.6926285E-01 0.7150211E-01 0.7694717E-01 0.8327343E-01 0.8960582E-01 0.9545940E-01 0.1004162 0.1046760 0.1082624 0.1114725 0.1154980 0.1240535 0.1362056 0.1362056 -9999.000 -9999.000 -9999.000 -9999.000 -9999.000 -9999.000 -9999.000 -9999.000 -9999.000 -9999.000 -9999.000 -9999.000 -9999.000 -9999.000 -9999.000 -9999.000 -9999.000 -9999.000 -9999.000 -9999.000 -9999.000 -9999.000 -9999.000 -9999.000 -9999.000 -9999.000 -9999.000 -9999.000 -9999.000
-9999.000 -9999.000 -9999.000 -9999.000 -9999.000 -9999.000 -9999.000 -9999.000 -9999.000 -9999.000 -9999.000 -9999.000 -9999.000 -9999.000 -9999.000 0.8355217E-01 0.6735206E-01 0.6266530E-01 0.6549202E-01 0.7217789E-01 0.7990626E-01 0.8767422E-01 0.9493183E-01 0.1011791 0.1066642 0.1113890 0.1156934 0.1210304 0.1320082 0.1484921 0.1484921 -9999.000 -9999.000 -9999.000 -9999.000 -9999.000 -9999.000 -9999.000 -9999.000 -9999.000 -9999.000 -9999.000 -9999.000 -9999.000 -9999.000 -9999.000 -9999.000 -9999.000 -9999.000 -9999.000 -9999.000 -9999.000 -9999.000 -9999.000 -9999.000 -9999.000 -9999.000 -9999.000 -9999.000 -9999.000
-9999.000 -9999.000 -9999.000 -9999.000 -9999.000 -9999.000 -9999.000 -9999.000 -9999.000 -9999.000 -9999.000 -9999.000 -9999.000 -9999.000 -9999.000 0.8016760E-01 0.6129198E-01 0.5587972E-01 0.5938982E-01 0.6736358E-01 0.7650370E-01 0.8571167E-01 0.9438471E-01 0.1019417 0.1086836 0.1145829 0.1200234 0.1267371 0.1402983 0.1618828 0.1618828 -9999.000 -9999.000 -9999.000 -9999.000 -9999.000 -9999.000 -9999.000 -9999.000 -9999.000 -9999.000 -9999.000 -9999.000 -9999.000 -9999.000 -9999.000 -9999.000 -9999.000 -9999.000 -9999.000 -9999.000 -9999.000 -9999.000 -9999.000 -9999.000 -9999.000 -9999.000 -9999.000 -9999.000 -9999.000
-9999.000 -9999.000 -9999.000 -9999.000 -9999.000 -9999.000 -9999.000 -9999.000 -9999.000 -9999.000 -9999.000 -9999.000 -9999.000 -9999.000 -9999.000 0.7645971E-01 0.5497688E-01 0.4895564E-01 0.5328099E-01 0.6258273E-01 0.7312689E-01 0.8376477E-01 0.9385431E-01 0.1027295 0.1107508 0.1178511 0.1244601 0.1326117 0.1489345 0.1765695 0.1765695 -9999.000 -9999.000 -9999.000 -9999.000 -9999.000 -9999.000 -9999.000 -9999.000 -9999.000 -9999.000 -9999.000 -9999.000 -9999.000 -9999.000 -9999.000 -9999.000 -9999.000 -9999.000 -9999.000 -9999.000 -9999.000 -9999.000 -9999.000 -9999.000 -9999.000 -9999.000 -9999.000 -9999.000 -9999.000
-9999.000 -9999.000 -9999.000 -9999.000 -9999.000 -9999.000 -9999.000 -9999.000 -9999.000 -9999.000 -9999.000 -9999.000 -9999.000 -9999.000 -9999.000 0.7238278E-01 0.4839861E-01 0.4196824E-01 0.4728524E-01 0.5792817E-01 0.6983713E-01 0.8187438E-01 0.9336844E-01 0.1035617 0.1128780 0.1211980 0.1290020 0.1386530 0.1579398 0.1928188 0.1928188 -9999.000 -9999.000 -9999.000 -9999.000 -9999.000 -9999.000 -9999.000 -9999.000 -9999.000 -9999.000 -9999.000 -9999.000 -9999.000 -9999.000 -9999.000 -9999.000 -9999.000 -9999.000 -9999.000 -9999.000 -9999.000 -9999.000 -9999.000 -9999.000 -9999.000 -9999.000 -9999.000 -9999.000 -9999.000
-9999.000 -9999.000 -9999.000 -9999.000 -9999.000 -9999.000 -9999.000 -9999.000 -9999.000 -9999.000 -9999.000 -9999.000 -9999.000 -9999.000 -9999.000 0.6787769E-01 0.4155280E-01 0.3506960E-01 0.4160038E-01 0.5352774E-01 0.6670885E-01 0.8008537E-01 0.9295659E-01 0.1044564 0.1150764 0.1246288 0.1336488 0.1448618 0.1673444 0.2109900 0.2109900 -9999.000 -9999.000 -9999.000 -9999.000 -9999.000 -9999.000 -9999.000 -9999.000 -9999.000 -9999.000 -9999.000 -9999.000 -9999.000 -9999.000 -9999.000 -9999.000 -9999.000 -9999.000 -9999.000 -9999.000 -9999.000 -9999.000 -9999.000 -9999.000 -9999.000 -9999.000 -9999.000 -9999.000 -9999.000
-9999.000 -9999.000 -9999.000 -9999.000 -9999.000 -9999.000 -9999.000 -9999.000 -9999.000 -9999.000 -9999.000 -9999.000 -9999.000 -9999.000 -9999.000 0.6287280E-01 0.3445927E-01 0.2860045E-01 0.3656966E-01 0.4956821E-01 0.6384172E-01 0.7845589E-01 0.9265557E-01 0.1054378 0.1173623 0.1281513 0.1384016 0.1512415 0.1771848 0.2315680 0.2315680 -9999.000 -9999.000 -9999.000 -9999.000 -9999.000 -9999.000 -9999.000 -9999.000 -9999.000 -9999.000 -9999.000 -9999.000 -9999.000 -9999.000 -9999.000 -9999.000 -9999.000 -9999.000 -9999.000 -9999.000 -9999.000 -9999.000 -9999.000 -9999.000 -9999.000 -9999.000 -9999.000 -9999.000 -9999.000
-9999.000 -9999.000 -9999.000 -9999.000 -9999.000 -9999.000 -9999.000 -9999.000 -9999.000 -9999.000 -9999.000 -9999.000 -9999.000 -9999.000 -9999.000 0.5728287E-01 0.2721386E-01 0.2334783E-01 0.3277079E-01 0.4632577E-01 0.6137852E-01 0.7706941E-01 0.9252045E-01 0.1065437 0.1197625 0.1317821 0.1432688 0.1577995 0.1875045 0.2552207 0.2552207 -9999.000 -9999.000 -9999.000 -9999.000 -9999.000 -9999.000 -9999.000 -9999.000 -9999.000 -9999.000 -9999.000 -9999.000 -9999.000 -9999.000 -9999.000 -9999.000 -9999.000 -9999.000 -9999.000 -9999.000 -9999.000 -9999.000 -9999.000 -9999.000 -9999.000 -9999.000 -9999.000 -9999.000 -9999.000
-9999.000 -9999.000 -9999.000 -9999.000 -9999.000 -9999.000 -9999.000 -9999.000 -9999.000 -9999.000 -9999.000 -9999.000 -9999.000 -9999.000 -9999.000 0.5100482E-01 0.2016982E-01 0.2089622E-01 0.3105021E-01 0.4419772E-01 0.5953198E-01 0.7605761E-01 0.9264266E-01 0.1078418 0.1223291 0.1355582 0.1482745 0.1645560 0.1983587 0.2828903 0.2828903 -9999.000 -9999.000 -9999.000 -9999.000 -9999.000 -9999.000 -9999.000 -9999.000 -9999.000 -9999.000 -9999.000 -9999.000 -9999.000 -9999.000 -9999.000 -9999.000 -9999.000 -9999.000 -9999.000 -9999.000 -9999.000 -9999.000 -9999.000 -9999.000 -9999.000 -9999.000 -9999.000 -9999.000 -9999.000
-9999.000 -9999.000 -9999.000 -9999.000 -9999.000 -9999.000 -9999.000 -9999.000 -9999.000 -9999.000 -9999.000 -9999.000 -9999.000 -9999.000 -9999.000 0.4362838E-01 0.1539923E-01 0.2441225E-01 0.3361282E-01 0.4486157E-01 0.5952562E-01 0.7631438E-01 0.9368324E-01 0.1098285 0.1254350 0.1397563 0.1536197 0.1716569 0.2098864 0.3160051 0.3160051 -9999.000 -9999.000 -9999.000 -9999.000 -9999.000 -9999.000 -9999.000 -9999.000 -9999.000 -9999.000 -9999.000 -9999.000 -9999.000 -9999.000 -9999.000 -9999.000 -9999.000 -9999.000 -9999.000 -9999.000 -9999.000 -9999.000 -9999.000 -9999.000 -9999.000 -9999.000 -9999.000 -9999.000 -9999.000
-9999.000 -9999.000 -9999.000 -9999.000 -9999.000 -9999.000 -9999.000 -9999.000 -9999.000 -9999.000 -9999.000 -9999.000 -9999.000 -9999.000 -9999.000 0.6873442E-01 0.1047493 0.1199041 0.1116366 0.1043175 0.1020507 0.1049332 0.1124409 0.1222754 0.1341838 0.1465113 0.1596265 0.1784249 0.2210572 0.3538249 0.3538249 -9999.000 -9999.000 -9999.000 -9999.000 -9999.000 -9999.000 -9999.000 -9999.000 -9999.000 -9999.000 -9999.000 -9999.000 -9999.000 -9999.000 -9999.000 -9999.000 -9999.000 -9999.000 -9999.000 -9999.000 -9999.000 -9999.000 -9999.000 -9999.000 -9999.000 -9999.000 -9999.000 -9999.000 -9999.000
2.786451 2.786451 2.785206 2.806348 2.824996 2.824996 2.827804 2.827942 2.827942 2.824624 2.824624 2.818872 2.815312 2.811398 2.807408 2.807408 2.928011 2.931472 2.932474 2.913880 2.873545 2.811892 2.727780 2.620491 2.493875 2.348796 2.189422 2.025684 1.883975 1.839121 1.839121 2.660807 2.831044 2.927794 2.951638 2.951638 2.982009 2.982009 2.959276 2.959276 2.912030 2.722518 2.722518 2.309653 2.309653 2.040826 2.040826 2.040826 2.032471 2.032471 2.067374 2.067374 2.115997 2.115997 2.165756 2.165756 2.209660 2.209660 2.209660 2.243840
2.809397 2.809397 2.815111 2.859600 2.885338 2.885338 2.900040 2.922726 2.922726 2.941452 2.941452 2.957548 2.964847 2.971744 2.978504 2.978504 3.068580 3.085506 3.100309 3.110087 3.114307 3.111913 3.100468 3.077033 3.039898 2.986586 2.915874 2.828876 2.732370 2.662643 2.662643 3.100179 3.252796 3.400669 3.440846 3.440846 3.485557 3.485557 3.483521 3.483521 3.460158 3.353229 3.353229 3.126386 3.126386 2.868376 2.868376 2.868376 2.858196 2.858196 2.895093 2.895093 2.946834 2.946834 2.999154 2.999154 3.046213 3.046213 3.046213 3.085184
2.814481 2.814481 2.812579 2.861101 2.884923 2.884923 2.900408 2.924025 2.924025 2.943370 2.943370 2.960157 2.967846 2.975166 2.982399 2.982399 3.063522 3.091897 3.117638 3.139429 3.156971 3.170216 3.178573 3.180896 3.176267 3.162983 3.139354 3.104691 3.061739 3.030538 3.030538 3.277989 3.423731 3.592683 3.641927 3.641927 3.690678 3.690678 3.676561 3.676561 3.645941 3.546226 3.546226 3.392483 3.392483 3.164020 3.164020 3.164020 3.137368 3.137368 3.162511 3.162511 3.205965 3.205965 3.252179 3.252179 3.294634 3.294634 3.294634 3.330228
2.818016 2.818016 2.813881 2.861639 2.884060 2.884060 2.899962 2.924039 2.924039 2.943408 2.943408 2.960171 2.967857 2.975179 2.982469 2.982469 3.058471 3.096598 3.132546 3.164310 3.191082 3.212747 3.229264 3.240452 3.246335 3.246559 3.240554 3.228060 3.210723 3.200873 3.200873 3.353002 3.481918 3.654948 3.707292 3.707292 3.747932 3.747932 3.709860 3.709860 3.670269 3.583138 3.583138 3.488137 3.488137 3.306790 3.306790 3.306790 3.265091 3.265091 3.276354 3.276354 3.311514 3.311514 3.352998 3.352998 3.392351 3.392351 3.392351 3.425558
2.820128 2.820128 2.816065 2.861931 2.883392 2.883392 2.899574 2.924051 2.924051 2.943434 2.943434 2.960157 2.967831 2.975147 2.982512 2.982512 3.057605 3.104250 3.149527 3.190480 3.225817 3.255138 3.278404 3.295669 3.307209 3.313266 3.314023 3.309879 3.302433 3.300051 3.300051 3.396940 3.504597 3.666133 3.711439 3.711439 3.720912 3.720912 3.653234 3.653234 3.613774 3.558446 3.558446 3.517841 3.517841 3.394833 3.394833 3.394833 3.345134 3.345134 3.341301 3.341301 3.365645 3.365645 3.400768 3.400768 3.436103 3.436103 3.436103 3.466278
2.820982 2.820982 2.818746 2.861987 2.882851 2.882851 2.899203 2.923962 2.923962 2.943344 2.943344 2.960054 2.967740 2.975077 2.982587 2.982587 3.061964 3.116524 3.170276 3.219533 3.262684 3.299130 3.328749 3.351616 3.368012 3.378310 3.382951 3.382596 3.378787 3.377471 3.377471 3.437912 3.521531 3.651755 3.674015 3.674015 3.627962 3.627962 3.547786 3.547786 3.524136 3.514544 3.514544 3.519315 3.519315 3.454813 3.454813 3.454813 3.407378 3.407378 3.391212 3.391212 3.403066 3.403066 3.429493 3.429493 3.458937 3.458937 3.458937 3.484659
2.820745 2.820745 2.821095 2.861768 2.882415 2.882415 2.898961 2.924052 2.924052 2.943515 2.943515 2.960216 2.967888 2.975207 2.982868 2.982868 3.072421 3.134814 3.196286 3.252867 3.302862 3.345617 3.380974 3.409004 3.429949 3.444171 3.452123 3.454471 3.452514 3.450354 3.450354 3.485266 3.542725 3.611420 3.588457 3.588457 3.483546 3.483546 3.429971 3.429971 3.433369 3.468881 3.468881 3.507008 3.507008 3.493568 3.493568 3.493568 3.457709 3.457709 3.435269 3.435269 3.435269 3.435269 3.451271 3.451271 3.472811 3.472811 3.472811 3.492420
2.819641 2.819641 2.822377 2.861871 2.882473 2.882473 2.899050 2.924137 2.924137 2.943552 2.943552 2.960228 2.967895 2.975212 2.983109 2.983109 3.089941 3.160571 3.229226 3.292172 3.347912 3.395914 3.436087 3.468544 3.493519 3.511332 3.522381 3.527227 3.526836 3.523610 3.523610 3.539408 3.566327 3.524314 3.439623 3.439623 3.317884 3.317884 3.325917 3.325917 3.356095 3.425761 3.425761 3.486704 3.486704 3.514384 3.514384 3.514384 3.495793 3.495793 3.474144 3.474144 3.465244 3.465244 3.470328 3.470328 3.482283 3.482283 3.482283 3.494130
2.820745 2.820745 2.821095 2.861767 2.882415 2.882415 2.898961 2.924052 2.924052 2.943515 2.943515 2.960217 2.967888 2.975208 2.983438 2.983438 3.116138 3.195676 3.271061 3.339363 3.399605 3.451569 3.495357 3.531192 3.559354 3.580145 3.593910 3.601075 3.602183 3.597553 3.597553 3.595209 3.577450 3.361715 3.233275 3.233275 3.170620 3.170620 3.247097 3.247097 3.295429 3.386364 3.386364 3.462366 3.462366 3.521301 3.521301 3.521301 3.521486 3.521486 3.506429 3.506429 3.492979 3.492979 3.488060 3.488060 3.489411 3.489411 3.489411 3.492073
2.820982 2.820982 2.818746 2.861987 2.882850 2.882850 2.899204 2.923962 2.923962 2.943345 2.943345 2.960054 2.967740 2.975076 2.983787 2.983787 3.153261 3.242450 3.324058 3.396579 3.459890 3.514294 3.560222 3.598092 3.628283 3.651127 3.666932 3.675990 3.678169 3.669701 3.669701 3.638561 3.537823 3.123955 3.016032 3.016032 3.064119 3.064119 3.185740 3.185740 3.243841 3.347295 3.347295 3.433697 3.433697 3.515870 3.515870 3.515870 3.533453 3.533453 3.528371 3.528371 3.514685 3.514685 3.501912 3.501912 3.492652 3.492652 3.492652 3.485317
2.820128 2.820128 2.816064 2.861930 2.883392 2.883392 2.899573 2.924052 2.924052 2.943434 2.943434 2.960156 2.967832 2.975147 2.984470 2.984470 3.205001 3.304260 3.391183 3.466387 3.530967 3.585963 3.632246 3.670505 3.701269 3.724933 3.741802 3.751983 3.753636 3.731224 3.731224 3.630257 3.381786 2.869794 2.849153 2.849153 2.989711 2.989711 3.131931 3.131931 3.194879 3.306044 3.306044 3.399908 3.399908 3.498886 3.498886 3.498886 3.530895 3.530895 3.536629 3.536629 3.525720 3.525720 3.507734 3.507734 3.488780 3.488780 3.488780 3.471401
2.818016 2.818016 2.813881 2.861639 2.884059 2.884059 2.899962 2.924040 2.924040 2.943409 2.943409 2.960171 2.967857 2.975180 2.985386 2.985386 3.276999 3.385907 3.476387 3.552018 3.615487 3.668749 3.713215 3.749885 3.779463 3.802425 3.819091 3.829080 3.824354 3.748953 3.748953 3.482472 3.069307 2.687965 2.741717 2.741717 2.923328 2.923328 3.074060 3.074060 3.139783 3.256483 3.256483 3.355980 3.355980 3.466944 3.466944 3.466944 3.510021 3.510021 3.525509 3.525509 3.518844 3.518844 3.498019 3.498019 3.470996 3.470996 3.470996 3.444416
