cruce_test.gid/Rasters/Hydraulic/Velocity____331.0.asc
NCOLS        79
NROWS        79
XLLCENTER         -1.500000
YLLCENTER         -4.800000
CELLSIZE           0.100
NODATA_VALUE     -9999.0
[rows 0 to 26 of 79, columns 0 to 59 of 79]
-9999.000 -9999.000 -9999.000 -9999.000 -9999.000 -9999.000 -9999.000 -9999.000 -9999.000 -9999.000 -9999.000 -9999.000 -9999.000 -9999.000 -9999.000 0.9870867E-01 0.9692810E-01 0.9683068E-01 0.9733649E-01 0.9808465E-01 0.9890163E-01 0.9968684E-01 0.1003266 0.1008336 0.1011961 0.1014291 0.1016036 0.1019328 0.1030060 0.1040291 0.1040291 -9999.000 -9999.000 -9999.000 -9999.000 -9999.000 -9999.000 -9999.000 -9999.000 -9999.000 -9999.000 -9999.000 -9999.000 -9999.000 -9999.000 -9999.000 -9999.000 -9999.000 -9999.000 -9999.000 -9999.000 -9999.000 -9999.000 -9999.000 -9999.000 -9999.000 -9999.000 -9999.000 -9999.000 -9999.000
-9999.000 -9999.000 -9999.000 -9999.000 -9999.000 -9999.000 -9999.000 -9999.000 -9999.000 -9999.000 -9999.000 -9999.000 -9999.000 -9999.000 -9999.000 0.9711753E-01 0.9353230E-01 0.9338221E-01 0.9448983E-01 0.9610584E-01 0.9787960E-01 0.9960880E-01 0.1010539 0.1022314 0.1031100 0.1037153 0.1042009 0.1050450 0.1075564 0.1103025 0.1103025 -9999.000 -9999.000 -9999.000 -9999.000 -9999.000 -9999.000 -9999.000 -9999.000 -9999.000 -9999.000 -9999.000 -9999.000 -9999.000 -9999.000 -9999.000 -9999.000 -9999.000 -9999.000 -9999.000 -9999.000 -9999.000 -9999.000 -9999.000 -9999.000 -9999.000 -9999.000 -9999.000 -9999.000 -9999.000
-9999.000 -9999.000 -9999.000 -9999.000 -9999.000 -9999.000 -9999.000 -9999.000 -9999.000 -9999.000 -9999.000 -9999.000 -9999.000 -9999.000 -9999.000 0.9409361E-01 0.8865912E-01 0.8843672E-01 0.9023517E-01 0.9286471E-01 0.9578247E-01 0.9868342E-01 0.1011973 0.1033528 0.1050944 0.1064512 0.1076545 0.1094597 0.1139562 0.1192668 0.1192668 -9999.000 -9999.000 -9999.000 -9999.000 -9999.000 -9999.000 -9999.000 -9999.000 -9999.000 -9999.000 -9999.000 -9999.000 -9999.000 -9999.000 -9999.000 -9999.000 -9999.000 -9999.000 -9999.000 -9999.000 -9999.000 -9999.000 -9999.000 -9999.000 -9999.000 -9999.000 -9999.000 -9999.000 -9999.000
-9999.000 -9999.000 -9999.000 -9999.000 -9999.000 -9999.000 -9999.000 -9999.000 -9999.000 -9999.000 -9999.000 -9999.000 -9999.000 -9999.000 -9999.000 0.9037168E-01 0.8319892E-01 0.8292092E-01 0.8543926E-01 0.8911414E-01 0.9321536E-01 0.9734473E-01 0.1010067 0.1042492 0.1069888 0.1092507 0.1113352 0.1142729 0.1209627 0.1294091 0.1294091 -9999.000 -9999.000 -9999.000 -9999.000 -9999.000 -9999.000 -9999.000 -9999.000 -9999.000 -9999.000 -9999.000 -9999.000 -9999.000 -9999.000 -9999.000 -9999.000 -9999.000 -9999.000 -9999.000 -9999.000 -9999.000 -9999.000 -9999.000 -9999.000 -9999.000 -9999.000 -9999.000 -9999.000 -9999.000
-9999.000 -9999.000 -9999.000 -9999.000 -9999.000 -9999.000 -9999.000 -9999.000 -9999.000 -9999.000 -9999.000 -9999.000 -9999.000 -9999.000 -9999.000 0.8618322E-01 0.7735310E-01 0.7704291E-01 0.8031546E-01 0.8506683E-01 0.9038176E-01 0.9577672E-01 0.1006345 0.1050295 0.1088468 0.1121032 0.1151661 0.1193503 0.1284100 0.1405884 0.1405884 -9999.000 -9999.000 -9999.000 -9999.000 -9999.000 -9999.000 -9999.000 -9999.000 -9999.000 -9999.000 -9999.000 -9999.000 -9999.000 -9999.000 -9999.000 -9999.000 -9999.000 -9999.000 -9999.000 -9999.000 -9999.000 -9999.000 -9999.000 -9999.000 -9999.000 -9999.000 -9999.000 -9999.000 -9999.000
-9999.000 -9999.000 -9999.000 -9999.000 -9999.000 -9999.000 -9999.000 -9999.000 -9999.000 -9999.000 -9999.000 -9999.000 -9999.000 -9999.000 -9999.000 0.8161624E-01 0.7121027E-01 0.7090829E-01 0.7498243E-01 0.8084563E-01 0.8740103E-01 0.9408911E-01 0.1001733 0.1057635 0.1107090 0.1150162 0.1191206 0.1246375 0.1362367 0.1528274 0.1528274 -9999.000 -9999.000 -9999.000 -9999.000 -9999.000 -9999.000 -9999.000 -9999.000 -9999.000 -9999.000 -9999.000 -9999.000 -9999.000 -9999.000 -9999.000 -9999.000 -9999.000 -9999.000 -9999.000 -9999.000 -9999.000 -9999.000 -9999.000 -9999.000 -9999.000 -9999.000 -9999.000 -9999.000 -9999.000
-9999.000 -9999.000 -9999.000 -9999.000 -9999.000 -9999.000 -9999.000 -9999.000 -9999.000 -9999.000 -9999.000 -9999.000 -9999.000 -9999.000 -9999.000 0.7668979E-01 0.6480440E-01 0.6457344E-01 0.6951120E-01 0.7652485E-01 0.8434404E-01 0.9234499E-01 0.9967531E-01 0.1064909 0.1125999 0.1179964 0.1231883 0.1301120 0.1444302 0.1662513 0.1662513 -9999.000 -9999.000 -9999.000 -9999.000 -9999.000 -9999.000 -9999.000 -9999.000 -9999.000 -9999.000 -9999.000 -9999.000 -9999.000 -9999.000 -9999.000 -9999.000 -9999.000 -9999.000 -9999.000 -9999.000 -9999.000 -9999.000 -9999.000 -9999.000 -9999.000 -9999.000 -9999.000 -9999.000 -9999.000
-9999.000 -9999.000 -9999.000 -9999.000 -9999.000 -9999.000 -9999.000 -9999.000 -9999.000 -9999.000 -9999.000 -9999.000 -9999.000 -9999.000 -9999.000 0.7138817E-01 0.5814509E-01 0.5807855E-01 0.6395787E-01 0.7215966E-01 0.8125860E-01 0.9058417E-01 0.9917197E-01 0.1072354 0.1145338 0.1210478 0.1273637 0.1357657 0.1530027 0.1810668 0.1810668 -9999.000 -9999.000 -9999.000 -9999.000 -9999.000 -9999.000 -9999.000 -9999.000 -9999.000 -9999.000 -9999.000 -9999.000 -9999.000 -9999.000 -9999.000 -9999.000 -9999.000 -9999.000 -9999.000 -9999.000 -9999.000 -9999.000 -9999.000 -9999.000 -9999.000 -9999.000 -9999.000 -9999.000 -9999.000
-9999.000 -9999.000 -9999.000 -9999.000 -9999.000 -9999.000 -9999.000 -9999.000 -9999.000 -9999.000 -9999.000 -9999.000 -9999.000 -9999.000 -9999.000 0.6567670E-01 0.5123401E-01 0.5147061E-01 0.5838554E-01 0.6780615E-01 0.7818766E-01 0.8883848E-01 0.9868634E-01 0.1080131 0.1165198 0.1241727 0.1316433 0.1415968 0.1619798 0.1975650 0.1975650 -9999.000 -9999.000 -9999.000 -9999.000 -9999.000 -9999.000 -9999.000 -9999.000 -9999.000 -9999.000 -9999.000 -9999.000 -9999.000 -9999.000 -9999.000 -9999.000 -9999.000 -9999.000 -9999.000 -9999.000 -9999.000 -9999.000 -9999.000 -9999.000 -9999.000 -9999.000 -9999.000 -9999.000 -9999.000
-9999.000 -9999.000 -9999.000 -9999.000 -9999.000 -9999.000 -9999.000 -9999.000 -9999.000 -9999.000 -9999.000 -9999.000 -9999.000 -9999.000 -9999.000 0.5950841E-01 0.4407928E-01 0.4483046E-01 0.5288807E-01 0.6353650E-01 0.7518139E-01 0.8714239E-01 0.9824168E-01 0.1088405 0.1185679 0.1273741 0.1360256 0.1476066 0.1713963 0.2161413 0.2161413 -9999.000 -9999.000 -9999.000 -9999.000 -9999.000 -9999.000 -9999.000 -9999.000 -9999.000 -9999.000 -9999.000 -9999.000 -9999.000 -9999.000 -9999.000 -9999.000 -9999.000 -9999.000 -9999.000 -9999.000 -9999.000 -9999.000 -9999.000 -9999.000 -9999.000 -9999.000 -9999.000 -9999.000 -9999.000
-9999.000 -9999.000 -9999.000 -9999.000 -9999.000 -9999.000 -9999.000 -9999.000 -9999.000 -9999.000 -9999.000 -9999.000 -9999.000 -9999.000 -9999.000 0.5282689E-01 0.3671795E-01 0.3831915E-01 0.4761900E-01 0.5945717E-01 0.7230880E-01 0.8554152E-01 0.9786924E-01 0.1097402 0.1206927 0.1306594 0.1405122 0.1538002 0.1812952 0.2373359 0.2373359 -9999.000 -9999.000 -9999.000 -9999.000 -9999.000 -9999.000 -9999.000 -9999.000 -9999.000 -9999.000 -9999.000 -9999.000 -9999.000 -9999.000 -9999.000 -9999.000 -9999.000 -9999.000 -9999.000 -9999.000 -9999.000 -9999.000 -9999.000 -9999.000 -9999.000 -9999.000 -9999.000 -9999.000 -9999.000
-9999.000 -9999.000 -9999.000 -9999.000 -9999.000 -9999.000 -9999.000 -9999.000 -9999.000 -9999.000 -9999.000 -9999.000 -9999.000 -9999.000 -9999.000 0.4556674E-01 0.2927331E-01 0.3227599E-01 0.4284176E-01 0.5573199E-01 0.6967228E-01 0.8410396E-01 0.9761846E-01 0.1107499 0.1229217 0.1340463 0.1451137 0.1601895 0.1917288 0.2618998 0.2618998 -9999.000 -9999.000 -9999.000 -9999.000 -9999.000 -9999.000 -9999.000 -9999.000 -9999.000 -9999.000 -9999.000 -9999.000 -9999.000 -9999.000 -9999.000 -9999.000 -9999.000 -9999.000 -9999.000 -9999.000 -9999.000 -9999.000 -9999.000 -9999.000 -9999.000 -9999.000 -9999.000 -9999.000 -9999.000
-9999.000 -9999.000 -9999.000 -9999.000 -9999.000 -9999.000 -9999.000 -9999.000 -9999.000 -9999.000 -9999.000 -9999.000 -9999.000 -9999.000 -9999.000 0.3765682E-01 0.2214022E-01 0.2741646E-01 0.3900106E-01 0.5261858E-01 0.6743336E-01 0.8294115E-01 0.9757418E-01 0.1119383 0.1253096 0.1375772 0.1498614 0.1668033 0.2027651 0.2909081 0.2909081 -9999.000 -9999.000 -9999.000 -9999.000 -9999.000 -9999.000 -9999.000 -9999.000 -9999.000 -9999.000 -9999.000 -9999.000 -9999.000 -9999.000 -9999.000 -9999.000 -9999.000 -9999.000 -9999.000 -9999.000 -9999.000 -9999.000 -9999.000 -9999.000 -9999.000 -9999.000 -9999.000 -9999.000 -9999.000
-9999.000 -9999.000 -9999.000 -9999.000 -9999.000 -9999.000 -9999.000 -9999.000 -9999.000 -9999.000 -9999.000 -9999.000 -9999.000 -9999.000 -9999.000 0.2899045E-01 0.1677166E-01 0.2529840E-01 0.3703875E-01 0.5073887E-01 0.6603689E-01 0.8238889E-01 0.9800342E-01 0.1135221 0.1280333 0.1413967 0.1548732 0.1737407 0.2145234 0.3259801 0.3259801 -9999.000 -9999.000 -9999.000 -9999.000 -9999.000 -9999.000 -9999.000 -9999.000 -9999.000 -9999.000 -9999.000 -9999.000 -9999.000 -9999.000 -9999.000 -9999.000 -9999.000 -9999.000 -9999.000 -9999.000 -9999.000 -9999.000 -9999.000 -9999.000 -9999.000 -9999.000 -9999.000 -9999.000 -9999.000
-9999.000 -9999.000 -9999.000 -9999.000 -9999.000 -9999.000 -9999.000 -9999.000 -9999.000 -9999.000 -9999.000 -9999.000 -9999.000 -9999.000 -9999.000 0.4093171E-01 0.6264760E-01 0.7176398E-01 0.7442551E-01 0.7950895E-01 0.8684088E-01 0.9688447E-01 0.1081014 0.1208182 0.1336898 0.1462614 0.1597173 0.1799119 0.2257609 0.3665747 0.3665747 -9999.000 -9999.000 -9999.000 -9999.000 -9999.000 -9999.000 -9999.000 -9999.000 -9999.000 -9999.000 -9999.000 -9999.000 -9999.000 -9999.000 -9999.000 -9999.000 -9999.000 -9999.000 -9999.000 -9999.000 -9999.000 -9999.000 -9999.000 -9999.000 -9999.000 -9999.000 -9999.000 -9999.000 -9999.000
2.708413 2.708413 2.692195 2.734943 2.747269 2.747269 2.750534 2.750173 2.750173 2.746393 2.746393 2.740729 2.737378 2.733748 2.729983 2.729983 2.814338 2.816779 2.808229 2.781021 2.734915 2.668487 2.579547 2.471267 2.343831 2.199615 2.043361 1.886154 1.755859 1.726711 1.726711 2.550917 2.716406 2.804336 2.824644 2.824644 2.846677 2.846677 2.809597 2.809597 2.754445 2.544638 2.544638 2.081102 2.081102 1.910584 1.910584 1.910584 1.919611 1.919611 1.961033 1.961033 2.010754 2.010754 2.059425 2.059425 2.101160 2.101160 2.101160 2.132371
2.730667 2.730667 2.718180 2.783595 2.806344 2.806344 2.820975 2.842571 2.842571 2.860346 2.860346 2.876091 2.883388 2.890357 2.897134 2.897134 2.961058 2.975159 2.986788 2.994161 2.996449 2.991640 2.976780 2.950179 2.909221 2.852021 2.777871 2.688519 2.591205 2.534486 2.534486 2.976589 3.128776 3.272393 3.310217 3.310217 3.349181 3.349181 3.338894 3.338894 3.310240 3.190754 3.190754 2.926998 2.926998 2.726467 2.726467 2.726467 2.734996 2.734996 2.777909 2.777909 2.830602 2.830602 2.882024 2.882024 2.927169 2.927169 2.927169 2.963634
2.735260 2.735260 2.720560 2.784050 2.806254 2.806254 2.821458 2.843878 2.843878 2.862232 2.862232 2.878621 2.886280 2.893642 2.900851 2.900851 2.959725 2.983687 3.006182 3.025774 3.041918 3.053949 3.060717 3.061493 3.054819 3.039004 3.012559 2.975192 2.930141 2.903405 2.903405 3.160331 3.305027 3.469577 3.516135 3.516135 3.558190 3.558190 3.537065 3.537065 3.503065 3.398859 3.398859 3.224527 3.224527 3.025728 3.025728 3.025728 3.018241 3.018241 3.050888 3.050888 3.095950 3.095950 3.141184 3.141184 3.181573 3.181573 3.181573 3.214581
2.737943 2.737943 2.724085 2.784186 2.805574 2.805574 2.821078 2.843920 2.843920 2.862294 2.862294 2.878641 2.886287 2.893642 2.900877 2.900877 2.957884 2.990636 3.022714 3.051671 3.076482 3.096669 3.111792 3.121818 3.126485 3.125309 3.117715 3.103595 3.084883 3.077579 3.077579 3.237202 3.366256 3.534787 3.583648 3.583648 3.615831 3.615831 3.572068 3.572068 3.532382 3.447938 3.447938 3.342171 3.342171 3.169962 3.169962 3.169962 3.145373 3.145373 3.165964 3.165964 3.204035 3.204035 3.245106 3.245106 3.282571 3.282571 3.282571 3.313251
2.738734 2.738734 2.728781 2.784077 2.804804 2.804804 2.820534 2.843816 2.843816 2.862273 2.862273 2.878629 2.886284 2.893651 2.900944 2.900944 2.959726 3.000553 3.041499 3.079123 3.111916 3.139249 3.160805 3.176659 3.186966 3.191860 3.191496 3.186344 3.178185 3.177703 3.177703 3.280773 3.389708 3.546321 3.586761 3.586761 3.586813 3.586813 3.519425 3.519425 3.483785 3.434996 3.434996 3.388271 3.388271 3.260750 3.260750 3.260750 3.223275 3.223275 3.229447 3.229447 3.258313 3.258313 3.294044 3.294044 3.327981 3.327981 3.327981 3.355862
2.734963 2.734963 2.735845 2.784204 2.804550 2.804550 2.820460 2.844055 2.844055 2.862482 2.862482 2.878737 2.886354 2.893695 2.901037 2.901037 2.966003 3.014618 3.063742 3.109280 3.149421 3.183412 3.210941 3.232048 3.246946 3.255944 3.259455 3.258198 3.253867 3.253921 3.253921 3.319435 3.405015 3.528512 3.544074 3.544074 3.492252 3.492252 3.421879 3.421879 3.404230 3.400585 3.400585 3.400751 3.400751 3.324951 3.324951 3.324951 3.283672 3.283672 3.276398 3.276398 3.293941 3.293941 3.322188 3.322188 3.350986 3.350986 3.350986 3.374871
2.734369 2.734369 2.739465 2.784085 2.804218 2.804218 2.820240 2.844065 2.844065 2.862519 2.862519 2.878750 2.886359 2.893695 2.901130 2.901130 2.977635 3.034205 3.090950 3.143583 3.190249 3.230182 3.263108 3.289041 3.308184 3.320846 3.327465 3.328747 3.326130 3.324708 3.324708 3.363375 3.422391 3.479476 3.449567 3.449567 3.351254 3.351254 3.314091 3.314091 3.322705 3.361135 3.361135 3.395162 3.395162 3.368715 3.368715 3.368715 3.333602 3.333602 3.317448 3.317448 3.323301 3.323301 3.342134 3.342134 3.363905 3.363905 3.363905 3.382325
2.734174 2.734174 2.740657 2.784045 2.804106 2.804106 2.820162 2.844066 2.844066 2.862529 2.862529 2.878753 2.886360 2.893695 2.901264 2.901264 2.995762 3.060790 3.124723 3.183605 3.235818 3.280750 3.318230 3.348320 3.371218 3.387208 3.396678 3.400215 3.398882 3.395702 3.395702 3.413527 3.439531 3.378193 3.293365 3.293365 3.196410 3.196410 3.221148 3.221148 3.253574 3.322764 3.322764 3.379691 3.379691 3.394984 3.394984 3.394984 3.373304 3.373304 3.354639 3.354639 3.350614 3.350614 3.359012 3.359012 3.372006 3.372006 3.372006 3.383446
2.734369 2.734369 2.739465 2.784085 2.804219 2.804219 2.820240 2.844064 2.844064 2.862518 2.862518 2.878750 2.886360 2.893695 2.901451 2.901451 3.021953 3.096141 3.166894 3.231124 3.287753 3.336508 3.377434 3.410715 3.436597 3.455356 3.467321 3.472934 3.472791 3.467472 3.467472 3.464546 3.439376 3.201972 3.090365 3.090365 3.063509 3.063509 3.148654 3.148654 3.196714 3.285382 3.285382 3.357717 3.357717 3.405907 3.405907 3.405907 3.400960 3.400960 3.385790 3.385790 3.375345 3.375345 3.373565 3.373565 3.376596 3.376596 3.376596 3.379759
2.734963 2.734963 2.735845 2.784204 2.804550 2.804550 2.820459 2.844056 2.844056 2.862481 2.862481 2.878737 2.886354 2.893695 2.901714 2.901714 3.058515 3.142577 3.219681 3.288188 3.347892 3.399049 3.442046 3.477267 3.505060 3.525733 3.539577 3.546889 3.547495 3.537410 3.537410 3.500582 3.379683 2.963825 2.891040 2.891040 2.967508 2.967508 3.090166 3.090166 3.146686 3.247436 3.247436 3.330507 3.330507 3.403524 3.403524 3.403524 3.415195 3.415195 3.407612 3.407612 3.394697 3.394697 3.384179 3.384179 3.376864 3.376864 3.376864 3.370914
2.738732 2.738732 2.728781 2.784078 2.804804 2.804804 2.820534 2.843816 2.843816 2.862273 2.862273 2.878629 2.886283 2.893651 2.902056 2.902056 3.108945 3.203300 3.285913 3.357255 3.418342 3.470164 3.513553 3.549167 3.577504 3.598939 3.613758 3.622053 3.621726 3.595972 3.595972 3.477974 3.195906 2.730506 2.746146 2.746146 2.896943 2.896943 3.036980 3.036980 3.097842 3.206720 3.206720 3.297471 3.297471 3.388567 3.388567 3.388567 3.414636 3.414636 3.416320 3.416320 3.404212 3.404212 3.387123 3.387123 3.369991 3.369991 3.369991 3.354795
2.737942 2.737942 2.724086 2.784186 2.805574 2.805574 2.821079 2.843920 2.843920 2.862295 2.862295 2.878642 2.886287 2.893643 2.902545 2.902545 3.178777 3.282938 3.369329 3.441325 3.501513 3.551786 3.593507 3.627645 3.654876 3.675656 3.690283 3.698306 3.690665 3.607850 3.607850 3.305665 2.862689 2.579745 2.647066 2.647066 2.830250 2.830250 2.978611 2.978611 3.041984 3.157403 3.157403 3.253877 3.253877 3.357998 3.357998 3.357998 3.395468 3.395468 3.406073 3.406073 3.396529 3.396529 3.375115 3.375115 3.349506 3.349506 3.349506 3.325763
