cruce_test.gid/Rasters/Hydraulic/Velocity__x_218.0.asc
NCOLS        79
NROWS        79
XLLCENTER         -1.500000
YLLCENTER         -4.800000
CELLSIZE           0.100
NODATA_VALUE     -9999.0
[rows 0 to 25 of 79, columns 0 to 57 of 79]
-9999.000 -9999.000 -9999.000 -9999.000 -9999.000 -9999.000 -9999.000 -9999.000 -9999.000 -9999.000 -9999.000 -9999.000 -9999.000 -9999.000 -9999.000 -0.1748596E-02 -0.1501663E-02 0.1826841E-02 0.6699983E-02 0.1174538E-01 0.1588764E-01 0.1881373E-01 0.2050694E-01 0.2104662E-01 0.2058685E-01 0.1927563E-01 0.1720149E-01 0.1431445E-01 0.1002862E-01 0.4910547E-02 0.4910547E-02 -9999.000 -9999.000 -9999.000 -9999.000 -9999.000 -9999.000 -9999.000 -9999.000 -9999.000 -9999.000 -9999.000 -9999.000 -9999.000 -9999.000 -9999.000 -9999.000 -9999.000 -9999.000 -9999.000 -9999.000 -9999.000 -9999.000 -9999.000 -9999.000 -9999.000 -9999.000 -9999.000
-9999.000 -9999.000 -9999.000 -9999.000 -9999.000 -9999.000 -9999.000 -9999.000 -9999.000 -9999.000 -9999.000 -9999.000 -9999.000 -9999.000 -9999.000 -0.4796821E-03 0.9910673E-03 0.5359060E-02 0.1111306E-01 0.1694183E-01 0.2178214E-01 0.2525626E-01 0.2727447E-01 0.2786080E-01 0.2713114E-01 0.2521650E-01 0.2221329E-01 0.1811197E-01 0.1245669E-01 0.6080071E-02 0.6080071E-02 -9999.000 -9999.000 -9999.000 -9999.000 -9999.000 -9999.000 -9999.000 -9999.000 -9999.000 -9999.000 -9999.000 -9999.000 -9999.000 -9999.000 -9999.000 -9999.000 -9999.000 -9999.000 -9999.000 -9999.000 -9999.000 -9999.000 -9999.000 -9999.000 -9999.000 -9999.000 -9999.000
-9999.000 -9999.000 -9999.000 -9999.000 -9999.000 -9999.000 -9999.000 -9999.000 -9999.000 -9999.000 -9999.000 -9999.000 -9999.000 -9999.000 -9999.000 -0.4464431E-04 0.1946173E-02 0.6928314E-02 0.1326860E-01 0.1961293E-01 0.2486250E-01 0.2862178E-01 0.3078982E-01 0.3138271E-01 0.3051543E-01 0.2832358E-01 0.2491270E-01 0.2028679E-01 0.1398753E-01 0.6865570E-02 0.6865570E-02 -9999.000 -9999.000 -9999.000 -9999.000 -9999.000 -9999.000 -9999.000 -9999.000 -9999.000 -9999.000 -9999.000 -9999.000 -9999.000 -9999.000 -9999.000 -9999.000 -9999.000 -9999.000 -9999.000 -9999.000 -9999.000 -9999.000 -9999.000 -9999.000 -9999.000 -9999.000 -9999.000
-9999.000 -9999.000 -9999.000 -9999.000 -9999.000 -9999.000 -9999.000 -9999.000 -9999.000 -9999.000 -9999.000 -9999.000 -9999.000 -9999.000 -9999.000 0.1620911E-03 0.2435202E-02 0.7791269E-02 0.1451062E-01 0.2119716E-01 0.2672031E-01 0.3067537E-01 0.3295638E-01 0.3357781E-01 0.3265698E-01 0.3033277E-01 0.2671500E-01 0.2180831E-01 0.1513066E-01 0.7481106E-02 0.7481106E-02 -9999.000 -9999.000 -9999.000 -9999.000 -9999.000 -9999.000 -9999.000 -9999.000 -9999.000 -9999.000 -9999.000 -9999.000 -9999.000 -9999.000 -9999.000 -9999.000 -9999.000 -9999.000 -9999.000 -9999.000 -9999.000 -9999.000 -9999.000 -9999.000 -9999.000 -9999.000 -9999.000
-9999.000 -9999.000 -9999.000 -9999.000 -9999.000 -9999.000 -9999.000 -9999.000 -9999.000 -9999.000 -9999.000 -9999.000 -9999.000 -9999.000 -9999.000 0.2944378E-03 0.2768016E-02 0.8408599E-02 0.1542483E-01 0.2238184E-01 0.2812174E-01 0.3223586E-01 0.3461741E-01 0.3527988E-01 0.3434484E-01 0.3195300E-01 0.2821493E-01 0.2313098E-01 0.1618230E-01 0.8069730E-02 0.8069730E-02 -9999.000 -9999.000 -9999.000 -9999.000 -9999.000 -9999.000 -9999.000 -9999.000 -9999.000 -9999.000 -9999.000 -9999.000 -9999.000 -9999.000 -9999.000 -9999.000 -9999.000 -9999.000 -9999.000 -9999.000 -9999.000 -9999.000 -9999.000 -9999.000 -9999.000 -9999.000 -9999.000
-9999.000 -9999.000 -9999.000 -9999.000 -9999.000 -9999.000 -9999.000 -9999.000 -9999.000 -9999.000 -9999.000 -9999.000 -9999.000 -9999.000 -9999.000 0.4139748E-03 0.3072326E-02 0.8975606E-02 0.1626541E-01 0.2346949E-01 0.2940566E-01 0.3366572E-01 0.3614452E-01 0.3685614E-01 0.3592652E-01 0.3349863E-01 0.2968157E-01 0.2446779E-01 0.1728961E-01 0.8706179E-02 0.8706179E-02 -9999.000 -9999.000 -9999.000 -9999.000 -9999.000 -9999.000 -9999.000 -9999.000 -9999.000 -9999.000 -9999.000 -9999.000 -9999.000 -9999.000 -9999.000 -9999.000 -9999.000 -9999.000 -9999.000 -9999.000 -9999.000 -9999.000 -9999.000 -9999.000 -9999.000 -9999.000 -9999.000
-9999.000 -9999.000 -9999.000 -9999.000 -9999.000 -9999.000 -9999.000 -9999.000 -9999.000 -9999.000 -9999.000 -9999.000 -9999.000 -9999.000 -9999.000 0.5488337E-03 0.3405452E-02 0.9580348E-02 0.1714707E-01 0.2459678E-01 0.3072533E-01 0.3512984E-01 0.3770845E-01 0.3847675E-01 0.3756646E-01 0.3512190E-01 0.3124974E-01 0.2593127E-01 0.1853847E-01 0.9437751E-02 0.9437751E-02 -9999.000 -9999.000 -9999.000 -9999.000 -9999.000 -9999.000 -9999.000 -9999.000 -9999.000 -9999.000 -9999.000 -9999.000 -9999.000 -9999.000 -9999.000 -9999.000 -9999.000 -9999.000 -9999.000 -9999.000 -9999.000 -9999.000 -9999.000 -9999.000 -9999.000 -9999.000 -9999.000
-9999.000 -9999.000 -9999.000 -9999.000 -9999.000 -9999.000 -9999.000 -9999.000 -9999.000 -9999.000 -9999.000 -9999.000 -9999.000 -9999.000 -9999.000 0.7139822E-03 0.3798167E-02 0.1026867E-01 0.1812930E-01 0.2583408E-01 0.3215970E-01 0.3671314E-01 0.3939785E-01 0.4023192E-01 0.3935447E-01 0.3691065E-01 0.3300291E-01 0.2759862E-01 0.1999562E-01 0.1030478E-01 0.1030478E-01 -9999.000 -9999.000 -9999.000 -9999.000 -9999.000 -9999.000 -9999.000 -9999.000 -9999.000 -9999.000 -9999.000 -9999.000 -9999.000 -9999.000 -9999.000 -9999.000 -9999.000 -9999.000 -9999.000 -9999.000 -9999.000 -9999.000 -9999.000 -9999.000 -9999.000 -9999.000 -9999.000
-9999.000 -9999.000 -9999.000 -9999.000 -9999.000 -9999.000 -9999.000 -9999.000 -9999.000 -9999.000 -9999.000 -9999.000 -9999.000 -9999.000 -9999.000 0.9194781E-03 0.4271239E-02 0.1107144E-01 0.1925129E-01 0.2722784E-01 0.3376072E-01 0.3847193E-01 0.4127304E-01 0.4218557E-01 0.4135701E-01 0.3893303E-01 0.3501105E-01 0.2954138E-01 0.2173146E-01 0.1135215E-01 0.1135215E-01 -9999.000 -9999.000 -9999.000 -9999.000 -9999.000 -9999.000 -9999.000 -9999.000 -9999.000 -9999.000 -9999.000 -9999.000 -9999.000 -9999.000 -9999.000 -9999.000 -9999.000 -9999.000 -9999.000 -9999.000 -9999.000 -9999.000 -9999.000 -9999.000 -9999.000 -9999.000 -9999.000
-9999.000 -9999.000 -9999.000 -9999.000 -9999.000 -9999.000 -9999.000 -9999.000 -9999.000 -9999.000 -9999.000 -9999.000 -9999.000 -9999.000 -9999.000 0.1175262E-02 0.4843841E-02 0.1201709E-01 0.2054944E-01 0.2882030E-01 0.3557553E-01 0.4045831E-01 0.4339055E-01 0.4439845E-01 0.4363981E-01 0.4126070E-01 0.3735223E-01 0.3184301E-01 0.2383245E-01 0.1263752E-01 0.1263752E-01 -9999.000 -9999.000 -9999.000 -9999.000 -9999.000 -9999.000 -9999.000 -9999.000 -9999.000 -9999.000 -9999.000 -9999.000 -9999.000 -9999.000 -9999.000 -9999.000 -9999.000 -9999.000 -9999.000 -9999.000 -9999.000 -9999.000 -9999.000 -9999.000 -9999.000 -9999.000 -9999.000
-9999.000 -9999.000 -9999.000 -9999.000 -9999.000 -9999.000 -9999.000 -9999.000 -9999.000 -9999.000 -9999.000 -9999.000 -9999.000 -9999.000 -9999.000 0.1491810E-02 0.5537612E-02 0.1313780E-01 0.2206480E-01 0.3066013E-01 0.3765867E-01 0.4273235E-01 0.4581640E-01 0.4694314E-01 0.4628334E-01 0.4398330E-01 0.4012584E-01 0.3461486E-01 0.2641835E-01 0.1424093E-01 0.1424093E-01 -9999.000 -9999.000 -9999.000 -9999.000 -9999.000 -9999.000 -9999.000 -9999.000 -9999.000 -9999.000 -9999.000 -9999.000 -9999.000 -9999.000 -9999.000 -9999.000 -9999.000 -9999.000 -9999.000 -9999.000 -9999.000 -9999.000 -9999.000 -9999.000 -9999.000 -9999.000 -9999.000
-9999.000 -9999.000 -9999.000 -9999.000 -9999.000 -9999.000 -9999.000 -9999.000 -9999.000 -9999.000 -9999.000 -9999.000 -9999.000 -9999.000 -9999.000 0.1885677E-02 0.6386793E-02 0.1448485E-01 0.2386597E-01 0.3282285E-01 0.4009204E-01 0.4538224E-01 0.4864570E-01 0.4992281E-01 0.4940096E-01 0.4722619E-01 0.4347312E-01 0.3801491E-01 0.2965981E-01 0.1627806E-01 0.1627806E-01 -9999.000 -9999.000 -9999.000 -9999.000 -9999.000 -9999.000 -9999.000 -9999.000 -9999.000 -9999.000 -9999.000 -9999.000 -9999.000 -9999.000 -9999.000 -9999.000 -9999.000 -9999.000 -9999.000 -9999.000 -9999.000 -9999.000 -9999.000 -9999.000 -9999.000 -9999.000 -9999.000
-9999.000 -9999.000 -9999.000 -9999.000 -9999.000 -9999.000 -9999.000 -9999.000 -9999.000 -9999.000 -9999.000 -9999.000 -9999.000 -9999.000 -9999.000 0.2422429E-02 0.7530730E-02 0.1628242E-01 0.2623038E-01 0.3558410E-01 0.4313798E-01 0.4865797E-01 0.5211760E-01 0.5356907E-01 0.5322195E-01 0.5122281E-01 0.4763610E-01 0.4229954E-01 0.3382649E-01 0.1892837E-01 0.1892837E-01 -9999.000 -9999.000 -9999.000 -9999.000 -9999.000 -9999.000 -9999.000 -9999.000 -9999.000 -9999.000 -9999.000 -9999.000 -9999.000 -9999.000 -9999.000 -9999.000 -9999.000 -9999.000 -9999.000 -9999.000 -9999.000 -9999.000 -9999.000 -9999.000 -9999.000 -9999.000 -9999.000
-9999.000 -9999.000 -9999.000 -9999.000 -9999.000 -9999.000 -9999.000 -9999.000 -9999.000 -9999.000 -9999.000 -9999.000 -9999.000 -9999.000 -9999.000 0.4894305E-02 0.1279614E-01 0.2457366E-01 0.3580478E-01 0.4482676E-01 0.5191162E-01 0.5693213E-01 0.5990315E-01 0.6092046E-01 0.6023322E-01 0.5798729E-01 0.5422918E-01 0.4874235E-01 0.3988592E-01 0.2273931E-01 0.2273931E-01 -9999.000 -9999.000 -9999.000 -9999.000 -9999.000 -9999.000 -9999.000 -9999.000 -9999.000 -9999.000 -9999.000 -9999.000 -9999.000 -9999.000 -9999.000 -9999.000 -9999.000 -9999.000 -9999.000 -9999.000 -9999.000 -9999.000 -9999.000 -9999.000 -9999.000 -9999.000 -9999.000
-9999.000 -9999.000 -9999.000 -9999.000 -9999.000 -9999.000 -9999.000 -9999.000 -9999.000 -9999.000 -9999.000 -9999.000 -9999.000 -9999.000 -9999.000 0.1104468 0.1695971 0.1994769 0.1917943 0.1621762 0.1409121 0.1223862 0.1065039 0.9298658E-01 0.8148427E-01 0.7140885E-01 0.6222931E-01 0.5315985E-01 0.4193015E-01 0.2016176E-01 0.2016176E-01 -9999.000 -9999.000 -9999.000 -9999.000 -9999.000 -9999.000 -9999.000 -9999.000 -9999.000 -9999.000 -9999.000 -9999.000 -9999.000 -9999.000 -9999.000 -9999.000 -9999.000 -9999.000 -9999.000 -9999.000 -9999.000 -9999.000 -9999.000 -9999.000 -9999.000 -9999.000 -9999.000
2.894561 2.894561 2.913382 2.915495 2.934779 2.934779 2.937081 2.936160 2.936160 2.931885 2.931885 2.925242 2.921253 2.916918 2.912697 2.912697 3.079568 3.084528 3.085905 3.084192 3.052372 2.996694 2.917273 2.812865 2.684405 2.536306 2.370692 2.195992 2.035698 1.959718 1.959718 2.803776 2.985449 3.095054 3.123204 3.123204 3.163135 3.163135 3.157025 3.157025 3.119389 2.954240 2.954240 2.650059 2.650059 2.222187 2.222187 2.222187 2.187577 2.187577 2.211566 2.211566 2.257802 2.257802 2.308263 2.308263 2.354650 2.354650
2.917702 2.917702 2.945501 2.970452 2.997214 2.997214 3.011692 3.034003 3.034003 3.052488 3.052488 3.068401 3.075621 3.082443 3.089302 3.089302 3.212744 3.233493 3.249896 3.263990 3.270439 3.269766 3.260245 3.238744 3.202351 3.149445 3.078028 2.988584 2.887369 2.800369 2.800369 3.250524 3.412116 3.569974 3.613608 3.613608 3.665700 3.665700 3.674046 3.674046 3.657294 3.564532 3.564532 3.383801 3.383801 3.065158 3.065158 3.065158 3.025968 3.025968 3.051980 3.051980 3.100882 3.100882 3.153881 3.153881 3.203186 3.203186
2.922432 2.922432 2.947442 2.972073 2.996789 2.996789 3.012032 3.035271 3.035271 3.054400 3.054400 3.071028 3.078646 3.085898 3.093255 3.093255 3.202840 3.236939 3.265758 3.290856 3.310193 3.323997 3.332166 3.333712 3.327232 3.311520 3.284767 3.246000 3.197681 3.155808 3.155808 3.407625 3.565150 3.749792 3.804637 3.804637 3.864630 3.864630 3.862352 3.862352 3.836679 3.739353 3.739353 3.602356 3.602356 3.354704 3.354704 3.354704 3.301839 3.301839 3.314324 3.314324 3.354106 3.354106 3.400864 3.400864 3.445667 3.445667
2.925349 2.925349 2.945974 2.972451 2.995746 2.995746 3.011486 3.035224 3.035224 3.054399 3.054399 3.071020 3.078644 3.085904 3.093359 3.093359 3.193823 3.238775 3.279003 3.314377 3.343478 3.366068 3.382257 3.391949 3.394886 3.390929 3.379579 3.360542 3.335423 3.314538 3.314538 3.466423 3.604918 3.797568 3.858910 3.858910 3.918508 3.918508 3.894463 3.894463 3.855948 3.758887 3.758887 3.665954 3.665954 3.490558 3.490558 3.490558 3.430423 3.430423 3.428010 3.428010 3.457588 3.457588 3.498527 3.498527 3.539792 3.539792
2.926544 2.926544 2.948895 2.972428 2.994839 2.994839 3.010987 3.035186 3.035186 3.054390 3.054390 3.070987 3.078607 3.085873 3.093476 3.093476 3.189830 3.243790 3.294136 3.339055 3.377134 3.407806 3.430994 3.446750 3.455149 3.456436 3.450831 3.438719 3.421717 3.407154 3.407154 3.498817 3.611688 3.794462 3.853374 3.853374 3.892151 3.892151 3.836478 3.836478 3.791356 3.717543 3.717543 3.673787 3.673787 3.569823 3.569823 3.569823 3.512095 3.512095 3.495967 3.495967 3.512863 3.512863 3.545789 3.545789 3.582134 3.582134
2.923545 2.923545 2.954476 2.972522 2.994409 2.994409 3.010857 3.035444 3.035444 3.054686 3.054686 3.071265 3.078879 3.086137 3.093932 3.093932 3.192063 3.253947 3.313064 3.366416 3.412432 3.450374 3.480019 3.501381 3.514588 3.519933 3.517816 3.508854 3.494564 3.480321 3.480321 3.531703 3.615988 3.769712 3.812504 3.812504 3.803474 3.803474 3.721906 3.721906 3.687303 3.659174 3.659174 3.661435 3.661435 3.619830 3.619830 3.619830 3.573894 3.573894 3.549252 3.549252 3.552909 3.552909 3.575457 3.575457 3.604700 3.604700
2.923233 2.923233 2.957195 2.972387 2.993992 2.993992 3.010621 3.035447 3.035447 3.054711 3.054711 3.071276 3.078884 3.086142 3.094221 3.094221 3.200929 3.270399 3.337219 3.397800 3.450518 3.494625 3.529863 3.556225 3.573823 3.582913 3.583871 3.577279 3.564383 3.548966 3.548966 3.572537 3.627647 3.728468 3.735107 3.735107 3.660918 3.660918 3.589956 3.589956 3.582212 3.605181 3.605181 3.642897 3.642897 3.650514 3.650514 3.650514 3.622428 3.622428 3.596547 3.596547 3.589241 3.589241 3.600160 3.600160 3.620170 3.620170
2.923131 2.923131 2.958096 2.972340 2.993852 2.993852 3.010540 3.035446 3.035446 3.054717 3.054717 3.071276 3.078884 3.086141 3.094615 3.094615 3.217651 3.294868 3.368481 3.434975 3.492927 3.541768 3.581340 3.611686 3.632936 3.645307 3.649091 3.644743 3.633151 3.616637 3.616637 3.620497 3.645760 3.657211 3.605318 3.605318 3.486944 3.486944 3.471499 3.471499 3.494602 3.558559 3.558559 3.620648 3.620648 3.665497 3.665497 3.665497 3.657479 3.657479 3.637168 3.637168 3.623536 3.623536 3.623291 3.623291 3.632616 3.632616
2.923233 2.923233 2.957195 2.972386 2.993991 2.993991 3.010620 3.035446 3.035446 3.054711 3.054711 3.071275 3.078885 3.086142 3.095159 3.095159 3.243717 3.329114 3.408672 3.479637 3.541132 3.592981 3.635281 3.668221 3.692010 3.706853 3.712972 3.710673 3.700425 3.682867 3.682867 3.670629 3.660186 3.527500 3.414191 3.414191 3.322063 3.322063 3.381605 3.381605 3.427535 3.517656 3.517656 3.595839 3.595839 3.668393 3.668393 3.668393 3.679544 3.679544 3.669345 3.669345 3.654189 3.654189 3.644867 3.644867 3.643029 3.643029
2.923545 2.923545 2.954476 2.972523 2.994409 2.994409 3.010857 3.035442 3.035442 3.054687 3.054687 3.071265 3.078879 3.086138 3.095903 3.095903 3.281342 3.375314 3.459773 3.533474 3.596500 3.649305 3.692391 3.726202 3.751067 3.767235 3.774882 3.774163 3.764978 3.744989 3.744989 3.712460 3.644878 3.319426 3.190429 3.190429 3.199282 3.199282 3.315793 3.315793 3.374172 3.479220 3.479220 3.568311 3.568311 3.661340 3.661340 3.661340 3.688976 3.688976 3.690727 3.690727 3.678210 3.678210 3.662827 3.662827 3.650442 3.650442
2.926544 2.926544 2.948895 2.972428 2.994840 2.994840 3.010986 3.035186 3.035186 3.054391 3.054391 3.070987 3.078607 3.085874 3.096674 3.096674 3.333692 3.436129 3.523855 3.598003 3.660069 3.711385 3.752990 3.785645 3.809853 3.825924 3.834018 3.834112 3.824866 3.796038 3.796038 3.719717 3.546567 3.064216 2.998906 2.998906 3.117497 3.117497 3.261064 3.261064 3.325274 3.439078 3.439078 3.535995 3.535995 3.644031 3.644031 3.644031 3.684822 3.684822 3.698138 3.698138 3.690804 3.690804 3.672443 3.672443 3.651073 3.651073
