cruce_test.gid/Rasters/Hydraulic/Velocity__y_233.0.asc
NCOLS        79
NROWS        79
XLLCENTER         -1.500000
YLLCENTER         -4.800000
CELLSIZE           0.100
NODATA_VALUE     -9999.0
[rows 0 to 26 of 79, columns 0 to 58 of 79]
-9999.000 -9999.000 -9999.000 -9999.000 -9999.000 -9999.000 -9999.000 -9999.000 -9999.000 -9999.000 -9999.000 -9999.000 -9999.000 -9999.000 -9999.000 -0.8996274E-01 -0.8677699E-01 -0.8544324E-01 -0.8493602E-01 -0.8540602E-01 -0.8620527E-01 -0.8704638E-01 -0.8786765E-01 -0.8859239E-01 -0.8921036E-01 -0.8975427E-01 -0.9025704E-01 -0.9088562E-01 -0.9222906E-01 -0.9361956E-01 -0.9361956E-01 -9999.000 -9999.000 -9999.000 -9999.000 -9999.000 -9999.000 -9999.000 -9999.000 -9999.000 -9999.000 -9999.000 -9999.000 -9999.000 -9999.000 -9999.000 -9999.000 -9999.000 -9999.000 -9999.000 -9999.000 -9999.000 -9999.000 -9999.000 -9999.000 -9999.000 -9999.000 -9999.000 -9999.000
-9999.000 -9999.000 -9999.000 -9999.000 -9999.000 -9999.000 -9999.000 -9999.000 -9999.000 -9999.000 -9999.000 -9999.000 -9999.000 -9999.000 -9999.000 -0.9072006E-01 -0.8403026E-01 -0.8118027E-01 -0.8011676E-01 -0.8117122E-01 -0.8297103E-01 -0.8489738E-01 -0.8680692E-01 -0.8852526E-01 -0.9002209E-01 -0.9135847E-01 -0.9259777E-01 -0.9408561E-01 -0.9705198E-01 -0.1003991 -0.1003991 -9999.000 -9999.000 -9999.000 -9999.000 -9999.000 -9999.000 -9999.000 -9999.000 -9999.000 -9999.000 -9999.000 -9999.000 -9999.000 -9999.000 -9999.000 -9999.000 -9999.000 -9999.000 -9999.000 -9999.000 -9999.000 -9999.000 -9999.000 -9999.000 -9999.000 -9999.000 -9999.000 -9999.000
-9999.000 -9999.000 -9999.000 -9999.000 -9999.000 -9999.000 -9999.000 -9999.000 -9999.000 -9999.000 -9999.000 -9999.000 -9999.000 -9999.000 -9999.000 -0.9053198E-01 -0.8001191E-01 -0.7542782E-01 -0.7377552E-01 -0.7560400E-01 -0.7870891E-01 -0.8208106E-01 -0.8547152E-01 -0.8857895E-01 -0.9133842E-01 -0.9383234E-01 -0.9614827E-01 -0.9882752E-01 -0.1038268 -0.1098791 -0.1098791 -9999.000 -9999.000 -9999.000 -9999.000 -9999.000 -9999.000 -9999.000 -9999.000 -9999.000 -9999.000 -9999.000 -9999.000 -9999.000 -9999.000 -9999.000 -9999.000 -9999.000 -9999.000 -9999.000 -9999.000 -9999.000 -9999.000 -9999.000 -9999.000 -9999.000 -9999.000 -9999.000 -9999.000
-9999.000 -9999.000 -9999.000 -9999.000 -9999.000 -9999.000 -9999.000 -9999.000 -9999.000 -9999.000 -9999.000 -9999.000 -9999.000 -9999.000 -9999.000 -0.8984260E-01 -0.7550134E-01 -0.6918380E-01 -0.6697981E-01 -0.6966074E-01 -0.7416487E-01 -0.7908541E-01 -0.8406731E-01 -0.8867501E-01 -0.9280635E-01 -0.9656223E-01 -0.1000503 -0.1040130 -0.1111687 -0.1204061 -0.1204061 -9999.000 -9999.000 -9999.000 -9999.000 -9999.000 -9999.000 -9999.000 -9999.000 -9999.000 -9999.000 -9999.000 -9999.000 -9999.000 -9999.000 -9999.000 -9999.000 -9999.000 -9999.000 -9999.000 -9999.000 -9999.000 -9999.000 -9999.000 -9999.000 -9999.000 -9999.000 -9999.000 -9999.000
-9999.000 -9999.000 -9999.000 -9999.000 -9999.000 -9999.000 -9999.000 -9999.000 -9999.000 -9999.000 -9999.000 -9999.000 -9999.000 -9999.000 -9999.000 -0.8887443E-01 -0.7067567E-01 -0.6260850E-01 -0.5986824E-01 -0.6345554E-01 -0.6942175E-01 -0.7595578E-01 -0.8259808E-01 -0.8877242E-01 -0.9433983E-01 -0.9942114E-01 -0.1041414 -0.1094554 -0.1188900 -0.1318306 -0.1318306 -9999.000 -9999.000 -9999.000 -9999.000 -9999.000 -9999.000 -9999.000 -9999.000 -9999.000 -9999.000 -9999.000 -9999.000 -9999.000 -9999.000 -9999.000 -9999.000 -9999.000 -9999.000 -9999.000 -9999.000 -9999.000 -9999.000 -9999.000 -9999.000 -9999.000 -9999.000 -9999.000 -9999.000
-9999.000 -9999.000 -9999.000 -9999.000 -9999.000 -9999.000 -9999.000 -9999.000 -9999.000 -9999.000 -9999.000 -9999.000 -9999.000 -9999.000 -9999.000 -0.8769434E-01 -0.6559398E-01 -0.5575973E-01 -0.5249383E-01 -0.5703400E-01 -0.6451260E-01 -0.7270812E-01 -0.8106204E-01 -0.8884999E-01 -0.9589849E-01 -0.1023507 -0.1083484 -0.1150730 -0.1269188 -0.1441682 -0.1441682 -9999.000 -9999.000 -9999.000 -9999.000 -9999.000 -9999.000 -9999.000 -9999.000 -9999.000 -9999.000 -9999.000 -9999.000 -9999.000 -9999.000 -9999.000 -9999.000 -9999.000 -9999.000 -9999.000 -9999.000 -9999.000 -9999.000 -9999.000 -9999.000 -9999.000 -9999.000 -9999.000 -9999.000
-9999.000 -9999.000 -9999.000 -9999.000 -9999.000 -9999.000 -9999.000 -9999.000 -9999.000 -9999.000 -9999.000 -9999.000 -9999.000 -9999.000 -9999.000 -0.8630194E-01 -0.6026345E-01 -0.4864871E-01 -0.4486968E-01 -0.5041052E-01 -0.5944780E-01 -0.6934620E-01 -0.7945526E-01 -0.8889417E-01 -0.9745951E-01 -0.1053200 -0.1126336 -0.1208271 -0.1352350 -0.1575274 -0.1575274 -9999.000 -9999.000 -9999.000 -9999.000 -9999.000 -9999.000 -9999.000 -9999.000 -9999.000 -9999.000 -9999.000 -9999.000 -9999.000 -9999.000 -9999.000 -9999.000 -9999.000 -9999.000 -9999.000 -9999.000 -9999.000 -9999.000 -9999.000 -9999.000 -9999.000 -9999.000 -9999.000 -9999.000
-9999.000 -9999.000 -9999.000 -9999.000 -9999.000 -9999.000 -9999.000 -9999.000 -9999.000 -9999.000 -9999.000 -9999.000 -9999.000 -9999.000 -9999.000 -0.8466399E-01 -0.5466677E-01 -0.4126465E-01 -0.3699002E-01 -0.4358459E-01 -0.5422714E-01 -0.6586680E-01 -0.7777128E-01 -0.8889310E-01 -0.9900548E-01 -0.1083075 -0.1169725 -0.1266955 -0.1438390 -0.1720845 -0.1720845 -9999.000 -9999.000 -9999.000 -9999.000 -9999.000 -9999.000 -9999.000 -9999.000 -9999.000 -9999.000 -9999.000 -9999.000 -9999.000 -9999.000 -9999.000 -9999.000 -9999.000 -9999.000 -9999.000 -9999.000 -9999.000 -9999.000 -9999.000 -9999.000 -9999.000 -9999.000 -9999.000 -9999.000
-9999.000 -9999.000 -9999.000 -9999.000 -9999.000 -9999.000 -9999.000 -9999.000 -9999.000 -9999.000 -9999.000 -9999.000 -9999.000 -9999.000 -9999.000 -0.8272862E-01 -0.4877239E-01 -0.3358477E-01 -0.2883927E-01 -0.3654741E-01 -0.4884376E-01 -0.6226137E-01 -0.7599954E-01 -0.8883253E-01 -0.1005183 -0.1112925 -0.1213421 -0.1326595 -0.1527405 -0.1880819 -0.1880819 -9999.000 -9999.000 -9999.000 -9999.000 -9999.000 -9999.000 -9999.000 -9999.000 -9999.000 -9999.000 -9999.000 -9999.000 -9999.000 -9999.000 -9999.000 -9999.000 -9999.000 -9999.000 -9999.000 -9999.000 -9999.000 -9999.000 -9999.000 -9999.000 -9999.000 -9999.000 -9999.000 -9999.000
-9999.000 -9999.000 -9999.000 -9999.000 -9999.000 -9999.000 -9999.000 -9999.000 -9999.000 -9999.000 -9999.000 -9999.000 -9999.000 -9999.000 -9999.000 -0.8042928E-01 -0.4253894E-01 -0.2557720E-01 -0.2039327E-01 -0.2928427E-01 -0.4328537E-01 -0.5851680E-01 -0.7412573E-01 -0.8869448E-01 -0.1019763 -0.1142501 -0.1257155 -0.1386966 -0.1619507 -0.2058429 -0.2058429 -9999.000 -9999.000 -9999.000 -9999.000 -9999.000 -9999.000 -9999.000 -9999.000 -9999.000 -9999.000 -9999.000 -9999.000 -9999.000 -9999.000 -9999.000 -9999.000 -9999.000 -9999.000 -9999.000 -9999.000 -9999.000 -9999.000 -9999.000 -9999.000 -9999.000 -9999.000 -9999.000 -9999.000
-9999.000 -9999.000 -9999.000 -9999.000 -9999.000 -9999.000 -9999.000 -9999.000 -9999.000 -9999.000 -9999.000 -9999.000 -9999.000 -9999.000 -9999.000 -0.7768448E-01 -0.3591377E-01 -0.1720054E-01 -0.1161998E-01 -0.2177347E-01 -0.3753391E-01 -0.5461412E-01 -0.7213007E-01 -0.8845417E-01 -0.1033501 -0.1171476 -0.1300563 -0.1447762 -0.1714781 -0.2257992 -0.2257992 -9999.000 -9999.000 -9999.000 -9999.000 -9999.000 -9999.000 -9999.000 -9999.000 -9999.000 -9999.000 -9999.000 -9999.000 -9999.000 -9999.000 -9999.000 -9999.000 -9999.000 -9999.000 -9999.000 -9999.000 -9999.000 -9999.000 -9999.000 -9999.000 -9999.000 -9999.000 -9999.000 -9999.000
-9999.000 -9999.000 -9999.000 -9999.000 -9999.000 -9999.000 -9999.000 -9999.000 -9999.000 -9999.000 -9999.000 -9999.000 -9999.000 -9999.000 -9999.000 -0.7439473E-01 -0.2883173E-01 -0.8401555E-02 -0.2477006E-02 -0.1398621E-01 -0.3156402E-01 -0.5052652E-01 -0.6998400E-01 -0.8807756E-01 -0.1045993 -0.1199393 -0.1343137 -0.1508515 -0.1813233 -0.2485379 -0.2485379 -9999.000 -9999.000 -9999.000 -9999.000 -9999.000 -9999.000 -9999.000 -9999.000 -9999.000 -9999.000 -9999.000 -9999.000 -9999.000 -9999.000 -9999.000 -9999.000 -9999.000 -9999.000 -9999.000 -9999.000 -9999.000 -9999.000 -9999.000 -9999.000 -9999.000 -9999.000 -9999.000 -9999.000
-9999.000 -9999.000 -9999.000 -9999.000 -9999.000 -9999.000 -9999.000 -9999.000 -9999.000 -9999.000 -9999.000 -9999.000 -9999.000 -9999.000 -9999.000 -0.7041366E-01 -0.2118978E-01 0.9037077E-03 0.7094202E-02 -0.5888230E-02 -0.2534654E-01 -0.4622342E-01 -0.6765401E-01 -0.8752200E-01 -0.1056720 -0.1225643 -0.1384173 -0.1568550 -0.1914734 -0.2748776 -0.2748776 -9999.000 -9999.000 -9999.000 -9999.000 -9999.000 -9999.000 -9999.000 -9999.000 -9999.000 -9999.000 -9999.000 -9999.000 -9999.000 -9999.000 -9999.000 -9999.000 -9999.000 -9999.000 -9999.000 -9999.000 -9999.000 -9999.000 -9999.000 -9999.000 -9999.000 -9999.000 -9999.000 -9999.000
-9999.000 -9999.000 -9999.000 -9999.000 -9999.000 -9999.000 -9999.000 -9999.000 -9999.000 -9999.000 -9999.000 -9999.000 -9999.000 -9999.000 -9999.000 -0.6450969E-01 -0.1205037E-01 0.1130273E-01 0.1715815E-01 0.2314914E-02 -0.1911720E-01 -0.4193085E-01 -0.6534293E-01 -0.8695212E-01 -0.1066916 -0.1251064 -0.1424129 -0.1628142 -0.2020068 -0.3061326 -0.3061326 -9999.000 -9999.000 -9999.000 -9999.000 -9999.000 -9999.000 -9999.000 -9999.000 -9999.000 -9999.000 -9999.000 -9999.000 -9999.000 -9999.000 -9999.000 -9999.000 -9999.000 -9999.000 -9999.000 -9999.000 -9999.000 -9999.000 -9999.000 -9999.000 -9999.000 -9999.000 -9999.000 -9999.000
-9999.000 -9999.000 -9999.000 -9999.000 -9999.000 -9999.000 -9999.000 -9999.000 -9999.000 -9999.000 -9999.000 -9999.000 -9999.000 -9999.000 -9999.000 -0.6366892E-02 0.1748665E-01 0.2400706E-01 0.1709295E-01 -0.2961088E-02 -0.2437932E-01 -0.4703319E-01 -0.7045113E-01 -0.9202275E-01 -0.1118556 -0.1305759 -0.1483502 -0.1699910 -0.2134418 -0.3421221 -0.3421221 -9999.000 -9999.000 -9999.000 -9999.000 -9999.000 -9999.000 -9999.000 -9999.000 -9999.000 -9999.000 -9999.000 -9999.000 -9999.000 -9999.000 -9999.000 -9999.000 -9999.000 -9999.000 -9999.000 -9999.000 -9999.000 -9999.000 -9999.000 -9999.000 -9999.000 -9999.000 -9999.000 -9999.000
-0.3888428E-02 -0.3888428E-02 -0.5735586E-02 -0.7221160E-02 -0.6761398E-02 -0.6761398E-02 -0.6596240E-02 -0.6515246E-02 -0.6515246E-02 -0.6497379E-02 -0.6497379E-02 -0.6476068E-02 -0.6461760E-02 -0.6446173E-02 -0.6434018E-02 -0.6434018E-02 0.3746592E-01 0.3305402E-01 0.1783180E-01 -0.5520727E-02 -0.3293551E-01 -0.6338790E-01 -0.9581555E-01 -0.1284927 -0.1601883 -0.1901657 -0.2178610 -0.2445398 -0.2775432 -0.3509020 -0.3509020 -0.1977596 -0.1080597 -0.3889328E-01 -0.2949834E-01 -0.2949834E-01 -0.2275120E-01 -0.2275120E-01 -0.1097327E-01 -0.1097327E-01 -0.4391220E-05 0.2642178E-01 0.2642178E-01 0.2814252E-01 0.2814252E-01 -0.3747435E-02 -0.3747435E-02 -0.3747435E-02 -0.8384464E-03 -0.8384464E-03 -0.9109936E-05 -0.9109936E-05 -0.6552036E-03 -0.6552036E-03 -0.1836480E-02 -0.1836480E-02 -0.3039094E-02 -0.3039094E-02 -0.3039094E-02
-0.5439412E-02 -0.5439412E-02 -0.8094006E-02 -0.1062851E-01 -0.9662939E-02 -0.9662939E-02 -0.9286127E-02 -0.9138964E-02 -0.9138964E-02 -0.9148121E-02 -0.9148121E-02 -0.9148373E-02 -0.9140951E-02 -0.9131244E-02 -0.9144939E-02 -0.9144939E-02 0.3129245E-01 0.2802892E-01 0.1270830E-01 -0.1259258E-01 -0.4721711E-01 -0.8862604E-01 -0.1346663 -0.1836883 -0.2337094 -0.2828036 -0.3293394 -0.3714865 -0.4069822 -0.4315075 -0.4315075 -0.2954011 -0.1984981 -0.1054398 -0.8693791E-01 -0.8693791E-01 -0.6374560E-01 -0.6374560E-01 -0.2319936E-01 -0.2319936E-01 0.9816606E-02 0.8318736E-01 0.8318736E-01 0.1010472 0.1010472 0.2053893E-01 0.2053893E-01 0.2053893E-01 0.7744411E-02 0.7744411E-02 0.1366450E-02 0.1366450E-02 -0.3294099E-02 -0.3294099E-02 -0.7147756E-02 -0.7147756E-02 -0.1009206E-01 -0.1009206E-01 -0.1009206E-01
-0.3365613E-02 -0.3365613E-02 -0.5912734E-02 -0.9463161E-02 -0.8434969E-02 -0.8434969E-02 -0.7908248E-02 -0.7687616E-02 -0.7687616E-02 -0.7729775E-02 -0.7729775E-02 -0.7766307E-02 -0.7774760E-02 -0.7780200E-02 -0.7846696E-02 -0.7846696E-02 0.2087090E-01 0.1807506E-01 0.3199508E-02 -0.2215873E-01 -0.5725519E-01 -0.1003221 -0.1495732 -0.2035675 -0.2607102 -0.3192919 -0.3776587 -0.4338107 -0.4848066 -0.5241323 -0.5241323 -0.4362959 -0.3527774 -0.2374465 -0.2004881 -0.2004881 -0.1353682 -0.1353682 -0.3710366E-01 -0.3710366E-01 0.2986953E-01 0.1604377 0.1604377 0.2070224 0.2070224 0.8284386E-01 0.8284386E-01 0.8284386E-01 0.3216238E-01 0.3216238E-01 0.5965536E-02 0.5965536E-02 -0.8627363E-02 -0.8627363E-02 -0.1763403E-01 -0.1763403E-01 -0.2302476E-01 -0.2302476E-01 -0.2302476E-01
-0.1499677E-02 -0.1499677E-02 -0.4308806E-02 -0.7989356E-02 -0.6973143E-02 -0.6973143E-02 -0.6409852E-02 -0.6145259E-02 -0.6145259E-02 -0.6169286E-02 -0.6169286E-02 -0.6202043E-02 -0.6213413E-02 -0.6222561E-02 -0.6338391E-02 -0.6338391E-02 0.1056034E-01 0.5812119E-02 -0.1008368E-01 -0.3613692E-01 -0.7155912E-01 -0.1150537 -0.1651702 -0.2206419 -0.2801947 -0.3424821 -0.4061530 -0.4695494 -0.5300278 -0.5813811 -0.5813811 -0.5422909 -0.4838308 -0.3727780 -0.3229979 -0.3229979 -0.2070245 -0.2070245 -0.3495070E-01 -0.3495070E-01 0.6349996E-01 0.2257952 0.2257952 0.2850777 0.2850777 0.1499253 0.1499253 0.1499253 0.6458187E-01 0.6458187E-01 0.1420650E-01 0.1420650E-01 -0.1392748E-01 -0.1392748E-01 -0.2981742E-01 -0.2981742E-01 -0.3809055E-01 -0.3809055E-01 -0.3809055E-01
-0.2641157E-03 -0.2641157E-03 -0.3467701E-02 -0.6147963E-02 -0.5325309E-02 -0.5325309E-02 -0.4849069E-02 -0.4606383E-02 -0.4606383E-02 -0.4608383E-02 -0.4608383E-02 -0.4630516E-02 -0.4642491E-02 -0.4654301E-02 -0.4829633E-02 -0.4829633E-02 0.4204651E-03 -0.8372317E-02 -0.2707103E-01 -0.5508129E-01 -0.9169485E-01 -0.1359358 -0.1866706 -0.2428233 -0.3033328 -0.3671017 -0.4330211 -0.4997753 -0.5652483 -0.6243181 -0.6243181 -0.6214585 -0.5891350 -0.4930715 -0.4313351 -0.4313351 -0.2514141 -0.2514141 -0.7839690E-02 -0.7839690E-02 0.1063414 0.2670363 0.2670363 0.3246614 0.3246614 0.2048023 0.2048023 0.2048023 0.9941278E-01 0.9941278E-01 0.2695052E-01 0.2695052E-01 -0.1630331E-01 -0.1630331E-01 -0.4057290E-01 -0.4057290E-01 -0.5244956E-01 -0.5244956E-01 -0.5244956E-01
0.1921812E-04 0.1921812E-04 -0.2387685E-02 -0.4151269E-02 -0.3582865E-02 -0.3582865E-02 -0.3238407E-02 -0.3056413E-02 -0.3056413E-02 -0.3056917E-02 -0.3056917E-02 -0.3074037E-02 -0.3083651E-02 -0.3093574E-02 -0.3339481E-02 -0.3339481E-02 -0.1004929E-01 -0.2466986E-01 -0.4800160E-01 -0.7949507E-01 -0.1184829 -0.1642060 -0.2158264 -0.2725181 -0.3334577 -0.3977834 -0.4645946 -0.5328338 -0.6008331 -0.6645519 -0.6645519 -0.6863515 -0.6759849 -0.5896201 -0.5067953 -0.5067953 -0.2470210 -0.2470210 0.3538781E-01 0.3538781E-01 0.1433118 0.2795527 0.2795527 0.3304477 0.3304477 0.2398704 0.2398704 0.2398704 0.1314222 0.1314222 0.4341525E-01 0.4341525E-01 -0.1449445E-01 -0.1449445E-01 -0.4816905E-01 -0.4816905E-01 -0.6445626E-01 -0.6445626E-01 -0.6445626E-01
-0.6251905E-04 -0.6251905E-04 -0.1102104E-02 -0.2090065E-02 -0.1800071E-02 -0.1800071E-02 -0.1620354E-02 -0.1522995E-02 -0.1522995E-02 -0.1523949E-02 -0.1523949E-02 -0.1534052E-02 -0.1539312E-02 -0.1544798E-02 -0.1882067E-02 -0.1882067E-02 -0.2163187E-01 -0.4376783E-01 -0.7357006E-01 -0.1102054 -0.1529323 -0.2011094 -0.2541439 -0.3114856 -0.3725954 -0.4368932 -0.5037312 -0.5723081 -0.6413274 -0.7075727 -0.7075727 -0.7451421 -0.7500783 -0.6502926 -0.5269246 -0.5269246 -0.1935398 -0.1935398 0.7365050E-01 0.7365050E-01 0.1605773 0.2669908 0.2669908 0.3122391 0.3122391 0.2537272 0.2537272 0.2537272 0.1557425 0.1557425 0.6126192E-01 0.6126192E-01 -0.8521157E-02 -0.8521157E-02 -0.5165727E-01 -0.5165727E-01 -0.7294390E-01 -0.7294390E-01 -0.7294390E-01
0.1130261E-04 0.1130261E-04 -0.3744603E-04 0.1189968E-04 0.9751534E-05 0.9751534E-05 0.4525557E-05 0.1320708E-05 0.1320708E-05 0.1076310E-05 0.1076310E-05 0.8216648E-07 -0.4285828E-06 -0.5809784E-06 -0.4613278E-03 -0.4613278E-03 -0.3543162E-01 -0.6690662E-01 -0.1050779 -0.1485808 -0.1964893 -0.2482037 -0.3033276 -0.3615840 -0.4227429 -0.4865479 -0.5526646 -0.6205934 -0.6893751 -0.7562270 -0.7562270 -0.8019585 -0.8118079 -0.6511795 -0.4717063 -0.4717063 -0.1190684 -0.1190684 0.9103381E-01 0.9103381E-01 0.1551276 0.2377368 0.2377368 0.2796227 0.2796227 0.2489136 0.2489136 0.2489136 0.1688860 0.1688860 0.7718068E-01 0.7718068E-01 0.4737031E-03 0.4737031E-03 -0.5074531E-01 -0.5074531E-01 -0.7703885E-01 -0.7703885E-01 -0.7703885E-01
0.1258594E-03 0.1258594E-03 0.9658807E-03 0.2123362E-02 0.1824217E-02 0.1824217E-02 0.1628875E-02 0.1524005E-02 0.1524005E-02 0.1527832E-02 0.1527832E-02 0.1535734E-02 0.1539656E-02 0.1543939E-02 0.9139202E-03 0.9139202E-03 -0.5305907E-01 -0.9606329E-01 -0.1446446 -0.1967650 -0.2512641 -0.3075663 -0.3654575 -0.4249321 -0.4860789 -0.5489872 -0.6136734 -0.6799824 -0.7472171 -0.8121969 -0.8121969 -0.8567374 -0.8509086 -0.5654147 -0.3519185 -0.3519185 -0.5920812E-01 -0.5920812E-01 0.8638639E-01 0.8638639E-01 0.1334306 0.2002395 0.2002395 0.2397147 0.2397147 0.2296970 0.2296970 0.2296970 0.1695108 0.1695108 0.8789609E-01 0.8789609E-01 0.1051393E-01 0.1051393E-01 -0.4579250E-01 -0.4579250E-01 -0.7618824E-01 -0.7618824E-01 -0.7618824E-01
0.2151199E-03 0.2151199E-03 0.2022058E-02 0.4215456E-02 0.3618098E-02 0.3618098E-02 0.3243527E-02 0.3051031E-02 0.3051031E-02 0.3062774E-02 0.3062774E-02 0.3078704E-02 0.3086099E-02 0.3093952E-02 0.2230553E-02 0.2230553E-02 -0.7701969E-01 -0.1343562 -0.1956004 -0.2580475 -0.3203752 -0.3821049 -0.4432548 -0.5041189 -0.5651197 -0.6266999 -0.6892403 -0.7529266 -0.8170179 -0.8753907 -0.8753907 -0.9000829 -0.8340757 -0.4043605 -0.2202949 -0.2202949 -0.2911522E-01 -0.2911522E-01 0.6854866E-01 0.6854866E-01 0.1045926 0.1604707 0.1604707 0.1969367 0.1969367 0.2003831 0.2003831 0.2003831 0.1582890 0.1582890 0.9108797E-01 0.9108797E-01 0.1927885E-01 0.1927885E-01 -0.3774864E-01 -0.3774864E-01 -0.7024866E-01 -0.7024866E-01 -0.7024866E-01
0.2430526E-03 0.2430526E-03 0.3262422E-02 0.6258046E-02 0.5363807E-02 0.5363807E-02 0.4839787E-02 0.4588519E-02 0.4588519E-02 0.4611875E-02 0.4611875E-02 0.4637002E-02 0.4646831E-02 0.4656252E-02 0.3470672E-02 0.3470672E-02 -0.1114853 -0.1868211 -0.2631805 -0.3374673 -0.4084674 -0.4760068 -0.5404716 -0.6025338 -0.6629832 -0.7226238 -0.7821938 -0.8421272 -0.9003968 -0.9388207 -0.9388207 -0.8953505 -0.7025692 -0.2372721 -0.1273429 -0.1273429 -0.2113516E-01 -0.2113516E-01 0.4682837E-01 0.4682837E-01 0.7519986E-01 0.1216744 0.1216744 0.1537567 0.1537567 0.1645877 0.1645877 0.1645877 0.1372402 0.1372402 0.8592325E-01 0.8592325E-01 0.2479636E-01 0.2479636E-01 -0.2789675E-01 -0.2789675E-01 -0.5952035E-01 -0.5952035E-01 -0.5952035E-01
0.1256341E-02 0.1256341E-02 0.4503401E-02 0.7997720E-02 0.6972158E-02 0.6972158E-02 0.6406333E-02 0.6142684E-02 0.6142684E-02 0.6168684E-02 0.6168684E-02 0.6202417E-02 0.6213875E-02 0.6223059E-02 0.4593431E-02 0.4593431E-02 -0.1639071 -0.2619318 -0.3558158 -0.4428685 -0.5225754 -0.5954564 -0.6625015 -0.7248884 -0.7838343 -0.8405137 -0.8960051 -0.9505758 -0.9955220 -0.9667720 -0.9667720 -0.7582507 -0.4475847 -0.1269404 -0.8078075E-01 -0.8078075E-01 -0.2153075E-01 -0.2153075E-01 0.2673547E-01 0.2673547E-01 0.4856028E-01 0.8533923E-01 0.8533923E-01 0.1115945 0.1115945 0.1251673 0.1251673 0.1251673 0.1090042 0.1090042 0.7305868E-01 0.7305868E-01 0.2600032E-01 0.2600032E-01 -0.1750822E-01 -0.1750822E-01 -0.4474431E-01 -0.4474431E-01 -0.4474431E-01
