cruce_test.gid/Rasters/Hydraulic/Velocity__y_28.0.asc
NCOLS        79
NROWS        79
XLLCENTER         -1.500000
YLLCENTER         -4.800000
CELLSIZE           0.100
NODATA_VALUE     -9999.0
[rows 0 to 25 of 79, columns 0 to 58 of 79]
-9999.000 -9999.000 -9999.000 -9999.000 -9999.000 -9999.000 -9999.000 -9999.000 -9999.000 -9999.000 -9999.000 -9999.000 -9999.000 -9999.000 -9999.000 -0.3755330 -0.3755689 -0.3760026 -0.3767232 -0.3776107 -0.3786207 -0.3797203 -0.3808796 -0.3820674 -0.3832541 -0.3844122 -0.3855211 -0.3865708 -0.3874854 -0.3836595 -0.3836595 -9999.000 -9999.000 -9999.000 -9999.000 -9999.000 -9999.000 -9999.000 -9999.000 -9999.000 -9999.000 -9999.000 -9999.000 -9999.000 -9999.000 -9999.000 -9999.000 -9999.000 -9999.000 -9999.000 -9999.000 -9999.000 -9999.000 -9999.000 -9999.000 -9999.000 -9999.000 -9999.000 -9999.000
-9999.000 -9999.000 -9999.000 -9999.000 -9999.000 -9999.000 -9999.000 -9999.000 -9999.000 -9999.000 -9999.000 -9999.000 -9999.000 -9999.000 -9999.000 -0.3670993 -0.3661605 -0.3668107 -0.3679235 -0.3692623 -0.3707568 -0.3723665 -0.3740580 -0.3758013 -0.3775698 -0.3793424 -0.3811105 -0.3828804 -0.3845029 -0.3773705 -0.3773705 -9999.000 -9999.000 -9999.000 -9999.000 -9999.000 -9999.000 -9999.000 -9999.000 -9999.000 -9999.000 -9999.000 -9999.000 -9999.000 -9999.000 -9999.000 -9999.000 -9999.000 -9999.000 -9999.000 -9999.000 -9999.000 -9999.000 -9999.000 -9999.000 -9999.000 -9999.000 -9999.000 -9999.000
-9999.000 -9999.000 -9999.000 -9999.000 -9999.000 -9999.000 -9999.000 -9999.000 -9999.000 -9999.000 -9999.000 -9999.000 -9999.000 -9999.000 -9999.000 -0.3564500 -0.3540896 -0.3551468 -0.3569569 -0.3591116 -0.3614939 -0.3640438 -0.3667177 -0.3694793 -0.3722968 -0.3751438 -0.3779990 -0.3808392 -0.3833226 -0.3721184 -0.3721184 -9999.000 -9999.000 -9999.000 -9999.000 -9999.000 -9999.000 -9999.000 -9999.000 -9999.000 -9999.000 -9999.000 -9999.000 -9999.000 -9999.000 -9999.000 -9999.000 -9999.000 -9999.000 -9999.000 -9999.000 -9999.000 -9999.000 -9999.000 -9999.000 -9999.000 -9999.000 -9999.000 -9999.000
-9999.000 -9999.000 -9999.000 -9999.000 -9999.000 -9999.000 -9999.000 -9999.000 -9999.000 -9999.000 -9999.000 -9999.000 -9999.000 -9999.000 -9999.000 -0.3448379 -0.3406252 -0.3422225 -0.3449480 -0.3481787 -0.3517383 -0.3555391 -0.3595208 -0.3636343 -0.3678359 -0.3720841 -0.3763361 -0.3805284 -0.3840946 -0.3687952 -0.3687952 -9999.000 -9999.000 -9999.000 -9999.000 -9999.000 -9999.000 -9999.000 -9999.000 -9999.000 -9999.000 -9999.000 -9999.000 -9999.000 -9999.000 -9999.000 -9999.000 -9999.000 -9999.000 -9999.000 -9999.000 -9999.000 -9999.000 -9999.000 -9999.000 -9999.000 -9999.000 -9999.000 -9999.000
-9999.000 -9999.000 -9999.000 -9999.000 -9999.000 -9999.000 -9999.000 -9999.000 -9999.000 -9999.000 -9999.000 -9999.000 -9999.000 -9999.000 -9999.000 -0.3322108 -0.3257866 -0.3280481 -0.3318943 -0.3364465 -0.3414576 -0.3468068 -0.3524116 -0.3582053 -0.3641281 -0.3701190 -0.3761087 -0.3819875 -0.3869250 -0.3676285 -0.3676285 -9999.000 -9999.000 -9999.000 -9999.000 -9999.000 -9999.000 -9999.000 -9999.000 -9999.000 -9999.000 -9999.000 -9999.000 -9999.000 -9999.000 -9999.000 -9999.000 -9999.000 -9999.000 -9999.000 -9999.000 -9999.000 -9999.000 -9999.000 -9999.000 -9999.000 -9999.000 -9999.000 -9999.000
-9999.000 -9999.000 -9999.000 -9999.000 -9999.000 -9999.000 -9999.000 -9999.000 -9999.000 -9999.000 -9999.000 -9999.000 -9999.000 -9999.000 -9999.000 -0.3184308 -0.3095578 -0.3126031 -0.3177643 -0.3238708 -0.3305973 -0.3377849 -0.3453259 -0.3531344 -0.3611315 -0.3692363 -0.3773504 -0.3853134 -0.3919912 -0.3689250 -0.3689250 -9999.000 -9999.000 -9999.000 -9999.000 -9999.000 -9999.000 -9999.000 -9999.000 -9999.000 -9999.000 -9999.000 -9999.000 -9999.000 -9999.000 -9999.000 -9999.000 -9999.000 -9999.000 -9999.000 -9999.000 -9999.000 -9999.000 -9999.000 -9999.000 -9999.000 -9999.000 -9999.000 -9999.000
-9999.000 -9999.000 -9999.000 -9999.000 -9999.000 -9999.000 -9999.000 -9999.000 -9999.000 -9999.000 -9999.000 -9999.000 -9999.000 -9999.000 -9999.000 -0.3032664 -0.2918912 -0.2958429 -0.3025015 -0.3103828 -0.3190781 -0.3283899 -0.3381847 -0.3483563 -0.3588088 -0.3694423 -0.3801315 -0.3906623 -0.3995597 -0.3731026 -0.3731026 -9999.000 -9999.000 -9999.000 -9999.000 -9999.000 -9999.000 -9999.000 -9999.000 -9999.000 -9999.000 -9999.000 -9999.000 -9999.000 -9999.000 -9999.000 -9999.000 -9999.000 -9999.000 -9999.000 -9999.000 -9999.000 -9999.000 -9999.000 -9999.000 -9999.000 -9999.000 -9999.000 -9999.000
-9999.000 -9999.000 -9999.000 -9999.000 -9999.000 -9999.000 -9999.000 -9999.000 -9999.000 -9999.000 -9999.000 -9999.000 -9999.000 -9999.000 -9999.000 -0.2863832 -0.2727126 -0.2777040 -0.2860293 -0.2958903 -0.3067969 -0.3185142 -0.3308856 -0.3437885 -0.3571147 -0.3707512 -0.3845528 -0.3982542 -0.4100073 -0.3807324 -0.3807324 -9999.000 -9999.000 -9999.000 -9999.000 -9999.000 -9999.000 -9999.000 -9999.000 -9999.000 -9999.000 -9999.000 -9999.000 -9999.000 -9999.000 -9999.000 -9999.000 -9999.000 -9999.000 -9999.000 -9999.000 -9999.000 -9999.000 -9999.000 -9999.000 -9999.000 -9999.000 -9999.000 -9999.000
-9999.000 -9999.000 -9999.000 -9999.000 -9999.000 -9999.000 -9999.000 -9999.000 -9999.000 -9999.000 -9999.000 -9999.000 -9999.000 -9999.000 -9999.000 -0.2673408 -0.2519236 -0.2581094 -0.2682557 -0.2802820 -0.2936266 -0.3080230 -0.3232979 -0.3393213 -0.3559835 -0.3731726 -0.3907384 -0.4083774 -0.4238482 -0.3926001 -0.3926001 -9999.000 -9999.000 -9999.000 -9999.000 -9999.000 -9999.000 -9999.000 -9999.000 -9999.000 -9999.000 -9999.000 -9999.000 -9999.000 -9999.000 -9999.000 -9999.000 -9999.000 -9999.000 -9999.000 -9999.000 -9999.000 -9999.000 -9999.000 -9999.000 -9999.000 -9999.000 -9999.000 -9999.000
-9999.000 -9999.000 -9999.000 -9999.000 -9999.000 -9999.000 -9999.000 -9999.000 -9999.000 -9999.000 -9999.000 -9999.000 -9999.000 -9999.000 -9999.000 -0.2455979 -0.2294011 -0.2369708 -0.2490749 -0.2634279 -0.2794155 -0.2967502 -0.3152537 -0.3348042 -0.3553110 -0.3766906 -0.3988195 -0.4213905 -0.4417756 -0.4098110 -0.4098110 -9999.000 -9999.000 -9999.000 -9999.000 -9999.000 -9999.000 -9999.000 -9999.000 -9999.000 -9999.000 -9999.000 -9999.000 -9999.000 -9999.000 -9999.000 -9999.000 -9999.000 -9999.000 -9999.000 -9999.000 -9999.000 -9999.000 -9999.000 -9999.000 -9999.000 -9999.000 -9999.000 -9999.000
-9999.000 -9999.000 -9999.000 -9999.000 -9999.000 -9999.000 -9999.000 -9999.000 -9999.000 -9999.000 -9999.000 -9999.000 -9999.000 -9999.000 -9999.000 -0.2205302 -0.2049914 -0.2141821 -0.2283637 -0.2451742 -0.2639795 -0.2844877 -0.3065325 -0.3300234 -0.3549251 -0.3812298 -0.4089058 -0.4377193 -0.4647266 -0.4339892 -0.4339892 -9999.000 -9999.000 -9999.000 -9999.000 -9999.000 -9999.000 -9999.000 -9999.000 -9999.000 -9999.000 -9999.000 -9999.000 -9999.000 -9999.000 -9999.000 -9999.000 -9999.000 -9999.000 -9999.000 -9999.000 -9999.000 -9999.000 -9999.000 -9999.000 -9999.000 -9999.000 -9999.000 -9999.000
-9999.000 -9999.000 -9999.000 -9999.000 -9999.000 -9999.000 -9999.000 -9999.000 -9999.000 -9999.000 -9999.000 -9999.000 -9999.000 -9999.000 -9999.000 -0.1914635 -0.1784967 -0.1896033 -0.2059658 -0.2253295 -0.2470869 -0.2709650 -0.2968321 -0.3246642 -0.3545345 -0.3865937 -0.4210241 -0.4578370 -0.4939913 -0.4676974 -0.4676974 -9999.000 -9999.000 -9999.000 -9999.000 -9999.000 -9999.000 -9999.000 -9999.000 -9999.000 -9999.000 -9999.000 -9999.000 -9999.000 -9999.000 -9999.000 -9999.000 -9999.000 -9999.000 -9999.000 -9999.000 -9999.000 -9999.000 -9999.000 -9999.000 -9999.000 -9999.000 -9999.000 -9999.000
-9999.000 -9999.000 -9999.000 -9999.000 -9999.000 -9999.000 -9999.000 -9999.000 -9999.000 -9999.000 -9999.000 -9999.000 -9999.000 -9999.000 -9999.000 -0.1577299 -0.1496569 -0.1630298 -0.1816639 -0.2036385 -0.2284308 -0.2558150 -0.2857239 -0.3182451 -0.3536370 -0.3923416 -0.4349782 -0.4821724 -0.5313792 -0.5154061 -0.5154061 -9999.000 -9999.000 -9999.000 -9999.000 -9999.000 -9999.000 -9999.000 -9999.000 -9999.000 -9999.000 -9999.000 -9999.000 -9999.000 -9999.000 -9999.000 -9999.000 -9999.000 -9999.000 -9999.000 -9999.000 -9999.000 -9999.000 -9999.000 -9999.000 -9999.000 -9999.000 -9999.000 -9999.000
-9999.000 -9999.000 -9999.000 -9999.000 -9999.000 -9999.000 -9999.000 -9999.000 -9999.000 -9999.000 -9999.000 -9999.000 -9999.000 -9999.000 -9999.000 -0.1187179 -0.1181274 -0.1341525 -0.1551430 -0.1797509 -0.2075970 -0.2385329 -0.2725881 -0.3100144 -0.3513534 -0.3975323 -0.4499941 -0.5107570 -0.5793691 -0.5861409 -0.5861409 -9999.000 -9999.000 -9999.000 -9999.000 -9999.000 -9999.000 -9999.000 -9999.000 -9999.000 -9999.000 -9999.000 -9999.000 -9999.000 -9999.000 -9999.000 -9999.000 -9999.000 -9999.000 -9999.000 -9999.000 -9999.000 -9999.000 -9999.000 -9999.000 -9999.000 -9999.000 -9999.000 -9999.000
-9999.000 -9999.000 -9999.000 -9999.000 -9999.000 -9999.000 -9999.000 -9999.000 -9999.000 -9999.000 -9999.000 -9999.000 -9999.000 -9999.000 -9999.000 -0.7097734E-01 -0.8288748E-01 -0.1026242 -0.1263823 -0.1537350 -0.1845760 -0.2189105 -0.2569254 -0.2991030 -0.3463792 -0.4004060 -0.4640437 -0.5422419 -0.6409652 -0.7023922 -0.7023922 -9999.000 -9999.000 -9999.000 -9999.000 -9999.000 -9999.000 -9999.000 -9999.000 -9999.000 -9999.000 -9999.000 -9999.000 -9999.000 -9999.000 -9999.000 -9999.000 -9999.000 -9999.000 -9999.000 -9999.000 -9999.000 -9999.000 -9999.000 -9999.000 -9999.000 -9999.000 -9999.000 -9999.000
-0.3181489E-02 -0.3181489E-02 -0.3299157E-02 -0.3566003E-02 -0.3795711E-02 -0.3795711E-02 -0.4119206E-02 -0.5170543E-02 -0.5170543E-02 -0.7244708E-02 -0.7244708E-02 -0.1186782E-01 -0.1634387E-01 -0.2358204E-01 -0.3519459E-01 -0.3519459E-01 -0.8462498E-01 -0.1061705 -0.1290381 -0.1543268 -0.1828191 -0.2151922 -0.2521251 -0.2944363 -0.3433182 -0.4007561 -0.4703611 -0.5592555 -0.6813746 -0.8822241 -0.8822241 -0.7720149 -0.6725821 -0.3844831 -0.2305373 -0.2305373 -0.1249129E-01 -0.1249129E-01 -0.4922433E-02 -0.4922433E-02 -0.4034030E-01 0.4283878E-02 0.4283878E-02 0.2246017E-01 0.2246017E-01 0.2300574E-01 0.2300574E-01 0.2300574E-01 0.1932525E-01 0.1932525E-01 0.1589645E-01 0.1589645E-01 0.1262114E-01 0.1262114E-01 0.1208764E-01 0.1208764E-01 0.8795920E-02 0.8795920E-02 0.8795920E-02
-0.5055049E-02 -0.5055049E-02 -0.5082093E-02 -0.5700937E-02 -0.6305391E-02 -0.6305391E-02 -0.7153956E-02 -0.9884444E-02 -0.9884444E-02 -0.1504994E-01 -0.1504994E-01 -0.2541847E-01 -0.3438772E-01 -0.4764632E-01 -0.6711081E-01 -0.6711081E-01 -0.1258864 -0.1494214 -0.1717124 -0.1940276 -0.2176450 -0.2439277 -0.2742784 -0.3101037 -0.3528621 -0.4042365 -0.4664587 -0.5427723 -0.6363636 -0.7459803 -0.7459803 -0.5774708 -0.4416200 -0.2207452 -0.1304235 -0.1304235 0.2208793E-01 0.2208793E-01 0.5189444E-01 0.5189444E-01 -0.1154966E-01 0.1133235E-01 0.1133235E-01 0.4347693E-01 0.4347693E-01 0.4615755E-01 0.4615755E-01 0.4615755E-01 0.3902612E-01 0.3902612E-01 0.3206380E-01 0.3206380E-01 0.2555343E-01 0.2555343E-01 0.1955817E-01 0.1955817E-01 0.1685732E-01 0.1685732E-01 0.1685732E-01
-0.4650832E-02 -0.4650832E-02 -0.4959141E-02 -0.6181976E-02 -0.7256255E-02 -0.7256255E-02 -0.8742182E-02 -0.1345925E-01 -0.1345925E-01 -0.2203872E-01 -0.2203872E-01 -0.3779497E-01 -0.5009604E-01 -0.6667583E-01 -0.8870888E-01 -0.8870888E-01 -0.1493222 -0.1776988 -0.2046402 -0.2304072 -0.2555928 -0.2811762 -0.3084891 -0.3391186 -0.3747858 -0.4172413 -0.4681855 -0.5290990 -0.5995163 -0.6688406 -0.6688406 -0.5622443 -0.4593083 -0.2728955 -0.1876576 -0.1876576 -0.1992345E-01 -0.1992345E-01 0.1096923 0.1096923 0.8596743E-01 0.4550046E-01 0.4550046E-01 0.6482050E-01 0.6482050E-01 0.6530812E-01 0.6530812E-01 0.6530812E-01 0.5576904E-01 0.5576904E-01 0.4559758E-01 0.4559758E-01 0.3604265E-01 0.3604265E-01 0.2424314E-01 0.2424314E-01 0.2150521E-01 0.2150521E-01 0.2150521E-01
-0.4305543E-02 -0.4305543E-02 -0.4781552E-02 -0.6480217E-02 -0.7932003E-02 -0.7932003E-02 -0.9925137E-02 -0.1617111E-01 -0.1617111E-01 -0.2719054E-01 -0.2719054E-01 -0.4641756E-01 -0.6068171E-01 -0.7907873E-01 -0.1023696 -0.1023696 -0.1639618 -0.1957929 -0.2270107 -0.2571428 -0.2860807 -0.3141346 -0.3420510 -0.3709700 -0.4023171 -0.4376276 -0.4782869 -0.5250620 -0.5763944 -0.6212884 -0.6212884 -0.5508907 -0.4718427 -0.3085403 -0.2237222 -0.2237222 -0.4212881E-01 -0.4212881E-01 0.1195365 0.1195365 0.1463827 0.1021183 0.1021183 0.8992513E-01 0.8992513E-01 0.8017153E-01 0.8017153E-01 0.8017153E-01 0.6801243E-01 0.6801243E-01 0.5488522E-01 0.5488522E-01 0.4245465E-01 0.4245465E-01 0.2885911E-01 0.2885911E-01 0.2251682E-01 0.2251682E-01 0.2251682E-01
-0.3976844E-02 -0.3976844E-02 -0.4544170E-02 -0.6597755E-02 -0.8336484E-02 -0.8336484E-02 -0.1071068E-01 -0.1807137E-01 -0.1807137E-01 -0.3076904E-01 -0.3076904E-01 -0.5222318E-01 -0.6770042E-01 -0.8723076E-01 -0.1113978 -0.1113978 -0.1743256 -0.2086797 -0.2432304 -0.2771196 -0.3098057 -0.3410966 -0.3711796 -0.4006168 -0.4302846 -0.4612289 -0.4943959 -0.5301192 -0.5666603 -0.5949240 -0.5949240 -0.5449238 -0.4812855 -0.3283126 -0.2388165 -0.2388165 -0.4674101E-01 -0.4674101E-01 0.1141174 0.1141174 0.1594415 0.1512261 0.1512261 0.1190365 0.1190365 0.9394684E-01 0.9394684E-01 0.9394684E-01 0.7771605E-01 0.7771605E-01 0.6149778E-01 0.6149778E-01 0.4635004E-01 0.4635004E-01 0.3115419E-01 0.3115419E-01 0.2170970E-01 0.2170970E-01 0.2170970E-01
-0.3610837E-02 -0.3610837E-02 -0.4213687E-02 -0.6495595E-02 -0.8423475E-02 -0.8423475E-02 -0.1104651E-01 -0.1911775E-01 -0.1911775E-01 -0.3283701E-01 -0.3283701E-01 -0.5559719E-01 -0.7180974E-01 -0.9211909E-01 -0.1171157 -0.1171157 -0.1824579 -0.2191600 -0.2565551 -0.2935877 -0.3295032 -0.3638306 -0.3963838 -0.4272608 -0.4568081 -0.4855168 -0.5138049 -0.5415760 -0.5670815 -0.5832109 -0.5832109 -0.5429196 -0.4858905 -0.3281165 -0.2315250 -0.2315250 -0.4068257E-01 -0.4068257E-01 0.1033772 0.1033772 0.1499922 0.1738356 0.1738356 0.1455504 0.1455504 0.1073157 0.1073157 0.1073157 0.8611566E-01 0.8611566E-01 0.6650817E-01 0.6650817E-01 0.4868573E-01 0.4868573E-01 0.3189832E-01 0.3189832E-01 0.1995183E-01 0.1995183E-01 0.1995183E-01
-0.3166812E-02 -0.3166812E-02 -0.3763720E-02 -0.6149164E-02 -0.8167218E-02 -0.8167218E-02 -0.1090676E-01 -0.1929912E-01 -0.1929912E-01 -0.3344595E-01 -0.3344595E-01 -0.5673210E-01 -0.7329877E-01 -0.9413581E-01 -0.1200241 -0.1200241 -0.1893882 -0.2288466 -0.2691342 -0.3090639 -0.3477975 -0.3847580 -0.4195757 -0.4520574 -0.4821441 -0.5098236 -0.5349612 -0.5569583 -0.5739160 -0.5800358 -0.5800358 -0.5411522 -0.4815161 -0.3070795 -0.2071428 -0.2071428 -0.3250178E-01 -0.3250178E-01 0.8953193E-01 0.8953193E-01 0.1319958 0.1723107 0.1723107 0.1608976 0.1608976 0.1190911 0.1190911 0.1190911 0.9348255E-01 0.9348255E-01 0.7048101E-01 0.7048101E-01 0.5004161E-01 0.5004161E-01 0.3165440E-01 0.3165440E-01 0.1772992E-01 0.1772992E-01 0.1772992E-01
-0.2615580E-02 -0.2615580E-02 -0.3175328E-02 -0.5548107E-02 -0.7560930E-02 -0.7560930E-02 -0.1029006E-01 -0.1863511E-01 -0.1863511E-01 -0.3265807E-01 -0.3265807E-01 -0.5574113E-01 -0.7228777E-01 -0.9338285E-01 -0.1202141 -0.1202141 -0.1958025 -0.2388633 -0.2825224 -0.3254768 -0.3668797 -0.4061661 -0.4429313 -0.4768474 -0.5075818 -0.5346832 -0.5574259 -0.5745556 -0.5837104 -0.5795708 -0.5795708 -0.5338910 -0.4622997 -0.2710443 -0.1760513 -0.1760513 -0.2696360E-01 -0.2696360E-01 0.7433327E-01 0.7433327E-01 0.1115499 0.1569092 0.1569092 0.1616340 0.1616340 0.1264488 0.1264488 0.1264488 0.9889291E-01 0.9889291E-01 0.7336382E-01 0.7336382E-01 0.5068601E-01 0.5068601E-01 0.3083640E-01 0.3083640E-01 0.1540765E-01 0.1540765E-01 0.1540765E-01
-0.1936762E-02 -0.1936762E-02 -0.2437174E-02 -0.4694544E-02 -0.6614581E-02 -0.6614581E-02 -0.9216398E-02 -0.1717322E-01 -0.1717322E-01 -0.3055431E-01 -0.3055431E-01 -0.5271041E-01 -0.6881800E-01 -0.8979779E-01 -0.1175011 -0.1175011 -0.2023910 -0.2502741 -0.2981067 -0.3444960 -0.3886511 -0.4301113 -0.4685482 -0.5036204 -0.5348138 -0.5612364 -0.5814164 -0.5931178 -0.5930327 -0.5755747 -0.5755747 -0.5149027 -0.4251682 -0.2306331 -0.1469477 -0.1469477 -0.2412402E-01 -0.2412402E-01 0.5951112E-01 0.5951112E-01 0.9142671E-01 0.1354950 0.1354950 0.1502202 0.1502202 0.1267892 0.1267892 0.1267892 0.1006616 0.1006616 0.7445162E-01 0.7445162E-01 0.5050391E-01 0.5050391E-01 0.2966639E-01 0.2966639E-01 0.1327332E-01 0.1327332E-01 0.1327332E-01
-0.1115761E-02 -0.1115761E-02 -0.1544377E-02 -0.3600433E-02 -0.5350756E-02 -0.5350756E-02 -0.7721693E-02 -0.1498252E-01 -0.1498252E-01 -0.2723794E-01 -0.2723794E-01 -0.4773664E-01 -0.6291800E-01 -0.8323964E-01 -0.1114746 -0.1114746 -0.2101125 -0.2644030 -0.3174546 -0.3678654 -0.4149909 -0.4585723 -0.4984550 -0.5343760 -0.5656729 -0.5908639 -0.6073232 -0.6112435 -0.5978702 -0.5609460 -0.5609460 -0.4794289 -0.3750178 -0.1938798 -0.1248150 -0.1248150 -0.2199957E-01 -0.2199957E-01 0.4630098E-01 0.4630098E-01 0.7293590E-01 0.1123921 0.1123921 0.1312483 0.1312483 0.1193072 0.1193072 0.1193072 0.9730880E-01 0.9730880E-01 0.7269398E-01 0.7269398E-01 0.4901949E-01 0.4901949E-01 0.2812367E-01 0.2812367E-01 0.1150553E-01 0.1150553E-01 0.1150553E-01
-0.1410027E-03 -0.1410027E-03 -0.4981622E-03 -0.2285826E-02 -0.3801327E-02 -0.3801327E-02 -0.5852814E-02 -0.1214965E-01 -0.1214965E-01 -0.2283936E-01 -0.2283936E-01 -0.4095976E-01 -0.5466845E-01 -0.7359632E-01 -0.1015802 -0.1015802 -0.2205097 -0.2831669 -0.3426634 -0.3977551 -0.4480806 -0.4937185 -0.5347943 -0.5712073 -0.6021048 -0.6249962 -0.6352671 -0.6268662 -0.5941032 -0.5318925 -0.5318925 -0.4279060 -0.3200617 -0.1612454 -0.1063188 -0.1063188 -0.1953679E-01 -0.1953679E-01 0.3495528E-01 0.3495528E-01 0.5631892E-01 0.8945619E-01 0.8945619E-01 0.1083754 0.1083754 0.1048731 0.1048731 0.1048731 0.8821309E-01 0.8821309E-01 0.6715169E-01 0.6715169E-01 0.4556125E-01 0.4556125E-01 0.2595141E-01 0.2595141E-01 0.1012522E-01 0.1012522E-01 0.1012522E-01
