cruce_test.gid/Rasters/Hydraulic/Velocity__y_187.0.asc
NCOLS        79
NROWS        79
XLLCENTER         -1.500000
YLLCENTER         -4.800000
CELLSIZE           0.100
NODATA_VALUE     -9999.0
[rows 0 to 26 of 79, columns 0 to 58 of 79]
-9999.000 -9999.000 -9999.000 -9999.000 -9999.000 -9999.000 -9999.000 -9999.000 -9999.000 -9999.000 -9999.000 -9999.000 -9999.000 -9999.000 -9999.000 -0.9332190E-01 -0.9038343E-01 -0.8908587E-01 -0.8852122E-01 -0.8893204E-01 -0.8968013E-01 -0.9047262E-01 -0.9125154E-01 -0.9197012E-01 -0.9256101E-01 -0.9308431E-01 -0.9356704E-01 -0.9415375E-01 -0.9539616E-01 -0.9665452E-01 -0.9665452E-01 -9999.000 -9999.000 -9999.000 -9999.000 -9999.000 -9999.000 -9999.000 -9999.000 -9999.000 -9999.000 -9999.000 -9999.000 -9999.000 -9999.000 -9999.000 -9999.000 -9999.000 -9999.000 -9999.000 -9999.000 -9999.000 -9999.000 -9999.000 -9999.000 -9999.000 -9999.000 -9999.000 -9999.000
-9999.000 -9999.000 -9999.000 -9999.000 -9999.000 -9999.000 -9999.000 -9999.000 -9999.000 -9999.000 -9999.000 -9999.000 -9999.000 -9999.000 -9999.000 -0.9362473E-01 -0.8743946E-01 -0.8466075E-01 -0.8346768E-01 -0.8438842E-01 -0.8607201E-01 -0.8788741E-01 -0.8969929E-01 -0.9139731E-01 -0.9282892E-01 -0.9411450E-01 -0.9530398E-01 -0.9669622E-01 -0.9944229E-01 -0.1025049 -0.1025049 -9999.000 -9999.000 -9999.000 -9999.000 -9999.000 -9999.000 -9999.000 -9999.000 -9999.000 -9999.000 -9999.000 -9999.000 -9999.000 -9999.000 -9999.000 -9999.000 -9999.000 -9999.000 -9999.000 -9999.000 -9999.000 -9999.000 -9999.000 -9999.000 -9999.000 -9999.000 -9999.000 -9999.000
-9999.000 -9999.000 -9999.000 -9999.000 -9999.000 -9999.000 -9999.000 -9999.000 -9999.000 -9999.000 -9999.000 -9999.000 -9999.000 -9999.000 -9999.000 -0.9290121E-01 -0.8315402E-01 -0.7867035E-01 -0.7679468E-01 -0.7839771E-01 -0.8130781E-01 -0.8449472E-01 -0.8772216E-01 -0.9079198E-01 -0.9344018E-01 -0.9584675E-01 -0.9807668E-01 -0.1005965 -0.1052354 -0.1108283 -0.1108283 -9999.000 -9999.000 -9999.000 -9999.000 -9999.000 -9999.000 -9999.000 -9999.000 -9999.000 -9999.000 -9999.000 -9999.000 -9999.000 -9999.000 -9999.000 -9999.000 -9999.000 -9999.000 -9999.000 -9999.000 -9999.000 -9999.000 -9999.000 -9999.000 -9999.000 -9999.000 -9999.000 -9999.000
-9999.000 -9999.000 -9999.000 -9999.000 -9999.000 -9999.000 -9999.000 -9999.000 -9999.000 -9999.000 -9999.000 -9999.000 -9999.000 -9999.000 -9999.000 -0.9169152E-01 -0.7838088E-01 -0.7218532E-01 -0.6965384E-01 -0.7201621E-01 -0.7624984E-01 -0.8091427E-01 -0.8567142E-01 -0.9023116E-01 -0.9420815E-01 -0.9784438E-01 -0.1012139 -0.1049540 -0.1116051 -0.1202004 -0.1202004 -9999.000 -9999.000 -9999.000 -9999.000 -9999.000 -9999.000 -9999.000 -9999.000 -9999.000 -9999.000 -9999.000 -9999.000 -9999.000 -9999.000 -9999.000 -9999.000 -9999.000 -9999.000 -9999.000 -9999.000 -9999.000 -9999.000 -9999.000 -9999.000 -9999.000 -9999.000 -9999.000 -9999.000
-9999.000 -9999.000 -9999.000 -9999.000 -9999.000 -9999.000 -9999.000 -9999.000 -9999.000 -9999.000 -9999.000 -9999.000 -9999.000 -9999.000 -9999.000 -0.9022361E-01 -0.7329931E-01 -0.6536585E-01 -0.6218195E-01 -0.6535578E-01 -0.7097910E-01 -0.7719018E-01 -0.8355079E-01 -0.8967543E-01 -0.9504877E-01 -0.9998196E-01 -0.1045540 -0.1095816 -0.1183596 -0.1304611 -0.1304611 -9999.000 -9999.000 -9999.000 -9999.000 -9999.000 -9999.000 -9999.000 -9999.000 -9999.000 -9999.000 -9999.000 -9999.000 -9999.000 -9999.000 -9999.000 -9999.000 -9999.000 -9999.000 -9999.000 -9999.000 -9999.000 -9999.000 -9999.000 -9999.000 -9999.000 -9999.000 -9999.000 -9999.000
-9999.000 -9999.000 -9999.000 -9999.000 -9999.000 -9999.000 -9999.000 -9999.000 -9999.000 -9999.000 -9999.000 -9999.000 -9999.000 -9999.000 -9999.000 -0.8857835E-01 -0.6797672E-01 -0.5827511E-01 -0.5443340E-01 -0.5846221E-01 -0.6552880E-01 -0.7333858E-01 -0.8135793E-01 -0.8910330E-01 -0.9591956E-01 -0.1021992 -0.1080216 -0.1143944 -0.1254206 -0.1416093 -0.1416093 -9999.000 -9999.000 -9999.000 -9999.000 -9999.000 -9999.000 -9999.000 -9999.000 -9999.000 -9999.000 -9999.000 -9999.000 -9999.000 -9999.000 -9999.000 -9999.000 -9999.000 -9999.000 -9999.000 -9999.000 -9999.000 -9999.000 -9999.000 -9999.000 -9999.000 -9999.000 -9999.000 -9999.000
-9999.000 -9999.000 -9999.000 -9999.000 -9999.000 -9999.000 -9999.000 -9999.000 -9999.000 -9999.000 -9999.000 -9999.000 -9999.000 -9999.000 -9999.000 -0.8677038E-01 -0.6242831E-01 -0.5092943E-01 -0.4642303E-01 -0.5135015E-01 -0.5990925E-01 -0.6936253E-01 -0.7908816E-01 -0.8850138E-01 -0.9679691E-01 -0.1044642 -0.1115778 -0.1193510 -0.1327609 -0.1537341 -0.1537341 -9999.000 -9999.000 -9999.000 -9999.000 -9999.000 -9999.000 -9999.000 -9999.000 -9999.000 -9999.000 -9999.000 -9999.000 -9999.000 -9999.000 -9999.000 -9999.000 -9999.000 -9999.000 -9999.000 -9999.000 -9999.000 -9999.000 -9999.000 -9999.000 -9999.000 -9999.000 -9999.000 -9999.000
-9999.000 -9999.000 -9999.000 -9999.000 -9999.000 -9999.000 -9999.000 -9999.000 -9999.000 -9999.000 -9999.000 -9999.000 -9999.000 -9999.000 -9999.000 -0.8478194E-01 -0.5664476E-01 -0.4332312E-01 -0.3814679E-01 -0.4401956E-01 -0.5412019E-01 -0.6525841E-01 -0.7673395E-01 -0.8785842E-01 -0.9766327E-01 -0.1067555 -0.1151979 -0.1244279 -0.1403761 -0.1669893 -0.1669893 -9999.000 -9999.000 -9999.000 -9999.000 -9999.000 -9999.000 -9999.000 -9999.000 -9999.000 -9999.000 -9999.000 -9999.000 -9999.000 -9999.000 -9999.000 -9999.000 -9999.000 -9999.000 -9999.000 -9999.000 -9999.000 -9999.000 -9999.000 -9999.000 -9999.000 -9999.000 -9999.000 -9999.000
-9999.000 -9999.000 -9999.000 -9999.000 -9999.000 -9999.000 -9999.000 -9999.000 -9999.000 -9999.000 -9999.000 -9999.000 -9999.000 -9999.000 -9999.000 -0.8257673E-01 -0.5060265E-01 -0.3543790E-01 -0.2959013E-01 -0.3646135E-01 -0.4815469E-01 -0.6101801E-01 -0.7428561E-01 -0.8716255E-01 -0.9850154E-01 -0.1090536 -0.1188604 -0.1296065 -0.1482708 -0.1815909 -0.1815909 -9999.000 -9999.000 -9999.000 -9999.000 -9999.000 -9999.000 -9999.000 -9999.000 -9999.000 -9999.000 -9999.000 -9999.000 -9999.000 -9999.000 -9999.000 -9999.000 -9999.000 -9999.000 -9999.000 -9999.000 -9999.000 -9999.000 -9999.000 -9999.000 -9999.000 -9999.000 -9999.000 -9999.000
-9999.000 -9999.000 -9999.000 -9999.000 -9999.000 -9999.000 -9999.000 -9999.000 -9999.000 -9999.000 -9999.000 -9999.000 -9999.000 -9999.000 -9999.000 -0.8010486E-01 -0.4426869E-01 -0.2724720E-01 -0.2073109E-01 -0.2866122E-01 -0.4200090E-01 -0.5662823E-01 -0.7172922E-01 -0.8639841E-01 -0.9929120E-01 -0.1113365 -0.1225414 -0.1348666 -0.1564531 -0.1978269 -0.1978269 -9999.000 -9999.000 -9999.000 -9999.000 -9999.000 -9999.000 -9999.000 -9999.000 -9999.000 -9999.000 -9999.000 -9999.000 -9999.000 -9999.000 -9999.000 -9999.000 -9999.000 -9999.000 -9999.000 -9999.000 -9999.000 -9999.000 -9999.000 -9999.000 -9999.000 -9999.000 -9999.000 -9999.000
-9999.000 -9999.000 -9999.000 -9999.000 -9999.000 -9999.000 -9999.000 -9999.000 -9999.000 -9999.000 -9999.000 -9999.000 -9999.000 -9999.000 -9999.000 -0.7730296E-01 -0.3759976E-01 -0.1871539E-01 -0.1154016E-01 -0.2059913E-01 -0.3564234E-01 -0.5207165E-01 -0.6904653E-01 -0.8554535E-01 -0.1000056 -0.1135755 -0.1262094 -0.1401806 -0.1649283 -0.2160807 -0.2160807 -9999.000 -9999.000 -9999.000 -9999.000 -9999.000 -9999.000 -9999.000 -9999.000 -9999.000 -9999.000 -9999.000 -9999.000 -9999.000 -9999.000 -9999.000 -9999.000 -9999.000 -9999.000 -9999.000 -9999.000 -9999.000 -9999.000 -9999.000 -9999.000 -9999.000 -9999.000 -9999.000 -9999.000
-9999.000 -9999.000 -9999.000 -9999.000 -9999.000 -9999.000 -9999.000 -9999.000 -9999.000 -9999.000 -9999.000 -9999.000 -9999.000 -9999.000 -9999.000 -0.7409094E-01 -0.3054051E-01 -0.9796120E-02 -0.1978647E-02 -0.1224841E-01 -0.2905613E-01 -0.4732459E-01 -0.6621231E-01 -0.8457612E-01 -0.1006089 -0.1157308 -0.1298207 -0.1455074 -0.1736940 -0.2368701 -0.2368701 -9999.000 -9999.000 -9999.000 -9999.000 -9999.000 -9999.000 -9999.000 -9999.000 -9999.000 -9999.000 -9999.000 -9999.000 -9999.000 -9999.000 -9999.000 -9999.000 -9999.000 -9999.000 -9999.000 -9999.000 -9999.000 -9999.000 -9999.000 -9999.000 -9999.000 -9999.000 -9999.000 -9999.000
-9999.000 -9999.000 -9999.000 -9999.000 -9999.000 -9999.000 -9999.000 -9999.000 -9999.000 -9999.000 -9999.000 -9999.000 -9999.000 -9999.000 -9999.000 -0.7034493E-01 -0.2300020E-01 -0.4127082E-03 0.8007945E-02 -0.3578453E-02 -0.2221812E-01 -0.4236136E-01 -0.6319860E-01 -0.8345781E-01 -0.1010561 -0.1177515 -0.1333152 -0.1507884 -0.1827358 -0.2609115 -0.2609115 -9999.000 -9999.000 -9999.000 -9999.000 -9999.000 -9999.000 -9999.000 -9999.000 -9999.000 -9999.000 -9999.000 -9999.000 -9999.000 -9999.000 -9999.000 -9999.000 -9999.000 -9999.000 -9999.000 -9999.000 -9999.000 -9999.000 -9999.000 -9999.000 -9999.000 -9999.000 -9999.000 -9999.000
-9999.000 -9999.000 -9999.000 -9999.000 -9999.000 -9999.000 -9999.000 -9999.000 -9999.000 -9999.000 -9999.000 -9999.000 -9999.000 -9999.000 -9999.000 -0.6486039E-01 -0.1402895E-01 0.1006715E-01 0.1850580E-01 0.5186427E-02 -0.1539476E-01 -0.3743686E-01 -0.6023438E-01 -0.8238312E-01 -0.1014921 -0.1197438 -0.1367610 -0.1560695 -0.1921373 -0.2893615 -0.2893615 -9999.000 -9999.000 -9999.000 -9999.000 -9999.000 -9999.000 -9999.000 -9999.000 -9999.000 -9999.000 -9999.000 -9999.000 -9999.000 -9999.000 -9999.000 -9999.000 -9999.000 -9999.000 -9999.000 -9999.000 -9999.000 -9999.000 -9999.000 -9999.000 -9999.000 -9999.000 -9999.000 -9999.000
-9999.000 -9999.000 -9999.000 -9999.000 -9999.000 -9999.000 -9999.000 -9999.000 -9999.000 -9999.000 -9999.000 -9999.000 -9999.000 -9999.000 -9999.000 -0.7286435E-02 0.1593421E-01 0.2368398E-01 0.1912213E-01 0.1641558E-03 -0.2035569E-01 -0.4218094E-01 -0.6494680E-01 -0.8720060E-01 -0.1062676 -0.1248505 -0.1423163 -0.1627023 -0.2024983 -0.3220046 -0.3220046 -9999.000 -9999.000 -9999.000 -9999.000 -9999.000 -9999.000 -9999.000 -9999.000 -9999.000 -9999.000 -9999.000 -9999.000 -9999.000 -9999.000 -9999.000 -9999.000 -9999.000 -9999.000 -9999.000 -9999.000 -9999.000 -9999.000 -9999.000 -9999.000 -9999.000 -9999.000 -9999.000 -9999.000
-0.4023483E-02 -0.4023483E-02 -0.4983255E-02 -0.6619990E-02 -0.6517837E-02 -0.6517837E-02 -0.6483570E-02 -0.6468393E-02 -0.6468393E-02 -0.6451727E-02 -0.6451727E-02 -0.6422251E-02 -0.6404719E-02 -0.6385939E-02 -0.6366287E-02 -0.6366287E-02 0.3625508E-01 0.3315895E-01 0.1982347E-01 -0.1806299E-02 -0.2761224E-01 -0.5665032E-01 -0.8792721E-01 -0.1200902 -0.1512567 -0.1809827 -0.2085837 -0.2349402 -0.2665145 -0.3343180 -0.3343180 -0.1893651 -0.1043512 -0.3868540E-01 -0.2977769E-01 -0.2977769E-01 -0.2380628E-01 -0.2380628E-01 -0.1368898E-01 -0.1368898E-01 -0.3749054E-02 0.2284906E-01 0.2284906E-01 0.3195891E-01 0.3195891E-01 -0.2088912E-02 -0.2088912E-02 -0.2088912E-02 -0.1171872E-02 -0.1171872E-02 -0.4448679E-03 -0.4448679E-03 -0.9264030E-03 -0.9264030E-03 -0.1992012E-02 -0.1992012E-02 -0.3134014E-02 -0.3134014E-02 -0.3134014E-02
-0.5659860E-02 -0.5659860E-02 -0.7606118E-02 -0.9479322E-02 -0.9184692E-02 -0.9184692E-02 -0.9091597E-02 -0.9086086E-02 -0.9086086E-02 -0.9094178E-02 -0.9094178E-02 -0.9076164E-02 -0.9061964E-02 -0.9046016E-02 -0.9028864E-02 -0.9028864E-02 0.3002550E-01 0.2831242E-01 0.1503703E-01 -0.7797046E-02 -0.4000207E-01 -0.7921602E-01 -0.1233625 -0.1706780 -0.2196488 -0.2680367 -0.3142898 -0.3566157 -0.3926910 -0.4176845 -0.4176845 -0.2874942 -0.1945599 -0.1051224 -0.8747248E-01 -0.8747248E-01 -0.6664882E-01 -0.6664882E-01 -0.3105271E-01 -0.3105271E-01 -0.7823744E-03 0.7291301E-01 0.7291301E-01 0.1051322 0.1051322 0.2791164E-01 0.2791164E-01 0.2791164E-01 0.9967563E-02 0.9967563E-02 0.1890688E-02 0.1890688E-02 -0.3232371E-02 -0.3232371E-02 -0.7210751E-02 -0.7210751E-02 -0.1023343E-01 -0.1023343E-01 -0.1023343E-01
-0.3480303E-02 -0.3480303E-02 -0.7051922E-02 -0.8184497E-02 -0.7790590E-02 -0.7790590E-02 -0.7648019E-02 -0.7654026E-02 -0.7654026E-02 -0.7700485E-02 -0.7700485E-02 -0.7712183E-02 -0.7711012E-02 -0.7708111E-02 -0.7703938E-02 -0.7703938E-02 0.2002002E-01 0.1871750E-01 0.5826535E-02 -0.1716719E-01 -0.4978675E-01 -0.9043753E-01 -0.1374249 -0.1892487 -0.2446369 -0.3017915 -0.3591157 -0.4147139 -0.4657481 -0.5059046 -0.5059046 -0.4242635 -0.3448819 -0.2346664 -0.1997830 -0.1997830 -0.1408226 -0.1408226 -0.5252925E-01 -0.5252925E-01 0.1026453E-01 0.1423528 0.1423528 0.2061570 0.2061570 0.9771119E-01 0.9771119E-01 0.9771119E-01 0.4016598E-01 0.4016598E-01 0.9581123E-02 0.9581123E-02 -0.7080061E-02 -0.7080061E-02 -0.1703127E-01 -0.1703127E-01 -0.2298971E-01 -0.2298971E-01 -0.2298971E-01
-0.1235938E-02 -0.1235938E-02 -0.6541420E-02 -0.6764466E-02 -0.6304154E-02 -0.6304154E-02 -0.6121511E-02 -0.6110764E-02 -0.6110764E-02 -0.6161214E-02 -0.6161214E-02 -0.6174662E-02 -0.6173704E-02 -0.6170994E-02 -0.6167405E-02 -0.6167405E-02 0.1034019E-01 0.6986347E-02 -0.7068942E-02 -0.3095657E-01 -0.6402653E-01 -0.1051139 -0.1528621 -0.2059924 -0.2634273 -0.3238375 -0.3859196 -0.4481219 -0.5079690 -0.5596274 -0.5596274 -0.5256534 -0.4713625 -0.3668651 -0.3207831 -0.3207831 -0.2164061 -0.2164061 -0.5805053E-01 -0.5805053E-01 0.3724762E-01 0.2046264 0.2046264 0.2801305 0.2801305 0.1675182 0.1675182 0.1675182 0.7770703E-01 0.7770703E-01 0.2163804E-01 0.2163804E-01 -0.1011895E-01 -0.1011895E-01 -0.2802575E-01 -0.2802575E-01 -0.3758866E-01 -0.3758866E-01 -0.3758866E-01
-0.8663002E-04 -0.8663002E-04 -0.5387410E-02 -0.5198436E-02 -0.4769684E-02 -0.4769684E-02 -0.4591035E-02 -0.4573458E-02 -0.4573458E-02 -0.4620012E-02 -0.4620012E-02 -0.4632378E-02 -0.4631444E-02 -0.4628642E-02 -0.4625613E-02 -0.4625613E-02 0.9882351E-03 -0.6497698E-02 -0.2353127E-01 -0.4959535E-01 -0.8404215E-01 -0.1259772 -0.1743496 -0.2281067 -0.2863184 -0.3479492 -0.4119437 -0.4770756 -0.5413968 -0.6001871 -0.6001871 -0.6010520 -0.5726191 -0.4847904 -0.4292113 -0.4292113 -0.2673107 -0.2673107 -0.3597984E-01 -0.3597984E-01 0.7844251E-01 0.2473256 0.2473256 0.3176365 0.3176365 0.2208444 0.2208444 0.2208444 0.1154652 0.1154652 0.3793626E-01 0.3793626E-01 -0.9882384E-02 -0.9882384E-02 -0.3722320E-01 -0.3722320E-01 -0.5124554E-01 -0.5124554E-01 -0.5124554E-01
-0.5815088E-04 -0.5815088E-04 -0.3561386E-02 -0.3493802E-02 -0.3189454E-02 -0.3189454E-02 -0.3056834E-02 -0.3043472E-02 -0.3043472E-02 -0.3079535E-02 -0.3079535E-02 -0.3088947E-02 -0.3088344E-02 -0.3086163E-02 -0.3083866E-02 -0.3083866E-02 -0.8584683E-02 -0.2195414E-01 -0.4379025E-01 -0.7355484E-01 -0.1105853 -0.1541584 -0.2034941 -0.2578038 -0.3163603 -0.3783816 -0.4430357 -0.5093516 -0.5758134 -0.6387538 -0.6387538 -0.6630301 -0.6562433 -0.5812207 -0.5085410 -0.5085410 -0.2707146 -0.2707146 0.7774560E-02 0.7774560E-02 0.1191199 0.2635818 0.2635818 0.3227915 0.3227915 0.2519142 0.2519142 0.2519142 0.1478451 0.1478451 0.5700979E-01 0.5700979E-01 -0.5484670E-02 -0.5484670E-02 -0.4303630E-01 -0.4303630E-01 -0.6236155E-01 -0.6236155E-01 -0.6236155E-01
-0.2912839E-04 -0.2912839E-04 -0.1774181E-02 -0.1754626E-02 -0.1597386E-02 -0.1597386E-02 -0.1527195E-02 -0.1519896E-02 -0.1519896E-02 -0.1539665E-02 -0.1539665E-02 -0.1544740E-02 -0.1544417E-02 -0.1543259E-02 -0.1541977E-02 -0.1541977E-02 -0.1919501E-01 -0.4009355E-01 -0.6853957E-01 -0.1036412 -0.1446201 -0.1908335 -0.2417181 -0.2967554 -0.3554757 -0.4173781 -0.4818936 -0.5483126 -0.6154821 -0.6805287 -0.6805287 -0.7195957 -0.7281293 -0.6461938 -0.5378887 -0.5378887 -0.2212687 -0.2212687 0.5179191E-01 0.5179191E-01 0.1428586 0.2549281 0.2549281 0.3047278 0.3047278 0.2612178 0.2612178 0.2612178 0.1704310 0.1704310 0.7609963E-01 0.7609963E-01 0.2694819E-02 0.2694819E-02 -0.4469946E-01 -0.4469946E-01 -0.6984344E-01 -0.6984344E-01 -0.6984344E-01
0.1374911E-06 0.1374911E-06 0.1495581E-06 -0.1120369E-06 -0.1094639E-06 -0.1094639E-06 -0.1743227E-07 0.7450291E-07 0.7450291E-07 0.7385138E-07 0.7385138E-07 -0.1241456E-07 0.1025432E-07 0.5188562E-07 0.1972499E-06 0.1972499E-06 -0.3197367E-01 -0.6217452E-01 -0.9907582E-01 -0.1411967 -0.1875422 -0.2374839 -0.2906277 -0.3467118 -0.4055499 -0.4669504 -0.5306540 -0.5962543 -0.6629324 -0.7282479 -0.7282479 -0.7748987 -0.7893939 -0.6580201 -0.4943432 -0.4943432 -0.1429818 -0.1429818 0.7688059E-01 0.7688059E-01 0.1436414 0.2287252 0.2287252 0.2725925 0.2725925 0.2524936 0.2524936 0.2524936 0.1806082 0.1806082 0.9178604E-01 0.9178604E-01 0.1314000E-01 0.1314000E-01 -0.4218261E-01 -0.4218261E-01 -0.7294614E-01 -0.7294614E-01 -0.7294614E-01
0.2932212E-04 0.2932212E-04 0.1774352E-02 0.1754594E-02 0.1597275E-02 0.1597275E-02 0.1527200E-02 0.1519985E-02 0.1519985E-02 0.1539776E-02 0.1539776E-02 0.1544743E-02 0.1544347E-02 0.1543308E-02 0.1542195E-02 0.1542195E-02 -0.4854657E-01 -0.9018370E-01 -0.1375152 -0.1883462 -0.2414258 -0.2961287 -0.3522206 -0.4096916 -0.4686492 -0.5292240 -0.5914926 -0.6553833 -0.7203404 -0.7836002 -0.7836002 -0.8293399 -0.8319418 -0.5869355 -0.3793071 -0.3793071 -0.7378202E-01 -0.7378202E-01 0.7860322E-01 0.7860322E-01 0.1264135 0.1933927 0.1933927 0.2333847 0.2333847 0.2305039 0.2305039 0.2305039 0.1779643 0.1779643 0.1010252 0.1010252 0.2358138E-01 0.2358138E-01 -0.3614954E-01 -0.3614954E-01 -0.7128921E-01 -0.7128921E-01 -0.7128921E-01
0.5809190E-04 0.5809190E-04 0.3561422E-02 0.3493804E-02 0.3189284E-02 0.3189284E-02 0.3056775E-02 0.3043462E-02 0.3043462E-02 0.3079601E-02 0.3079601E-02 0.3089011E-02 0.3088299E-02 0.3086257E-02 0.3083953E-02 0.3083953E-02 -0.7141580E-01 -0.1272296 -0.1871693 -0.2483528 -0.3093527 -0.3696249 -0.4291491 -0.4881961 -0.5471839 -0.6065709 -0.6667745 -0.7280496 -0.7898092 -0.8466706 -0.8466706 -0.8751788 -0.8268946 -0.4321517 -0.2398636 -0.2398636 -0.3471790E-01 -0.3471790E-01 0.6462818E-01 0.6462818E-01 0.1002446 0.1551984 0.1551984 0.1914849 0.1914849 0.1995559 0.1995559 0.1995559 0.1638422 0.1638422 0.1019628 0.1019628 0.3164847E-01 0.3164847E-01 -0.2779903E-01 -0.2779903E-01 -0.6491981E-01 -0.6491981E-01 -0.6491981E-01
0.8670244E-04 0.8670244E-04 0.5387460E-02 0.5198428E-02 0.4769779E-02 0.4769779E-02 0.4590945E-02 0.4573397E-02 0.4573397E-02 0.4619813E-02 0.4619813E-02 0.4632236E-02 0.4631469E-02 0.4628920E-02 0.4625771E-02 0.4625771E-02 -0.1047199 -0.1783051 -0.2532251 -0.3262038 -0.3959129 -0.4620993 -0.5250946 -0.5855294 -0.6441693 -0.7018096 -0.7592004 -0.8168341 -0.8729317 -0.9112543 -0.9112543 -0.8802980 -0.7165542 -0.2551956 -0.1333035 -0.1333035 -0.2150931E-01 -0.2150931E-01 0.4490306E-01 0.4490306E-01 0.7240706E-01 0.1176686 0.1176686 0.1493003 0.1493003 0.1630203 0.1630203 0.1630203 0.1405507 0.1405507 0.9424104E-01 0.9424104E-01 0.3550573E-01 0.3550573E-01 -0.1856818E-01 -0.1856818E-01 -0.5431274E-01 -0.5431274E-01 -0.5431274E-01
0.1236013E-02 0.1236013E-02 0.6541329E-02 0.6764566E-02 0.6304273E-02 0.6304273E-02 0.6121447E-02 0.6110742E-02 0.6110742E-02 0.6161065E-02 0.6161065E-02 0.6174465E-02 0.6173825E-02 0.6171180E-02 0.6167580E-02 0.6167580E-02 -0.1558338 -0.2517981 -0.3440288 -0.4296643 -0.5080680 -0.5796663 -0.6453776 -0.7063239 -0.7636787 -0.8185877 -0.8721181 -0.9246355 -0.9681243 -0.9445817 -0.9445817 -0.7645525 -0.4757414 -0.1285233 -0.7752971E-01 -0.7752971E-01 -0.1998103E-01 -0.1998103E-01 0.2575549E-01 0.2575549E-01 0.4673717E-01 0.8242300E-01 0.8242300E-01 0.1081742 0.1081742 0.1234666 0.1234666 0.1234666 0.1107425 0.1107425 0.7887014E-01 0.7887014E-01 0.3434633E-01 0.3434633E-01 -0.9728166E-02 -0.9728166E-02 -0.4029491E-01 -0.4029491E-01 -0.4029491E-01
