cruce_test.gid/Rasters/Hydraulic/Velocity__y_169.0.asc
NCOLS        79
NROWS        79
XLLCENTER         -1.500000
YLLCENTER         -4.800000
CELLSIZE           0.100
NODATA_VALUE     -9999.0
[rows 0 to 26 of 79, columns 0 to 58 of 79]
-9999.000 -9999.000 -9999.000 -9999.000 -9999.000 -9999.000 -9999.000 -9999.000 -9999.000 -9999.000 -9999.000 -9999.000 -9999.000 -9999.000 -9999.000 -0.1012357 -0.9953955E-01 -0.9921727E-01 -0.9939800E-01 -0.9977732E-01 -0.1002427 -0.1007579 -0.1012679 -0.1017246 -0.1021473 -0.1025300 -0.1029086 -0.1034672 -0.1047907 -0.1059873 -0.1059873 -9999.000 -9999.000 -9999.000 -9999.000 -9999.000 -9999.000 -9999.000 -9999.000 -9999.000 -9999.000 -9999.000 -9999.000 -9999.000 -9999.000 -9999.000 -9999.000 -9999.000 -9999.000 -9999.000 -9999.000 -9999.000 -9999.000 -9999.000 -9999.000 -9999.000 -9999.000 -9999.000 -9999.000
-9999.000 -9999.000 -9999.000 -9999.000 -9999.000 -9999.000 -9999.000 -9999.000 -9999.000 -9999.000 -9999.000 -9999.000 -9999.000 -9999.000 -9999.000 -0.9928855E-01 -0.9581202E-01 -0.9513692E-01 -0.9555931E-01 -0.9643602E-01 -0.9752302E-01 -0.9873760E-01 -0.9995640E-01 -0.1010708 -0.1021175 -0.1030792 -0.1040286 -0.1053484 -0.1082577 -0.1112039 -0.1112039 -9999.000 -9999.000 -9999.000 -9999.000 -9999.000 -9999.000 -9999.000 -9999.000 -9999.000 -9999.000 -9999.000 -9999.000 -9999.000 -9999.000 -9999.000 -9999.000 -9999.000 -9999.000 -9999.000 -9999.000 -9999.000 -9999.000 -9999.000 -9999.000 -9999.000 -9999.000 -9999.000 -9999.000
-9999.000 -9999.000 -9999.000 -9999.000 -9999.000 -9999.000 -9999.000 -9999.000 -9999.000 -9999.000 -9999.000 -9999.000 -9999.000 -9999.000 -9999.000 -0.9584671E-01 -0.9054142E-01 -0.8949467E-01 -0.9027781E-01 -0.9185513E-01 -0.9382521E-01 -0.9604356E-01 -0.9829878E-01 -0.1004025 -0.1024039 -0.1042639 -0.1060901 -0.1084864 -0.1133928 -0.1188391 -0.1188391 -9999.000 -9999.000 -9999.000 -9999.000 -9999.000 -9999.000 -9999.000 -9999.000 -9999.000 -9999.000 -9999.000 -9999.000 -9999.000 -9999.000 -9999.000 -9999.000 -9999.000 -9999.000 -9999.000 -9999.000 -9999.000 -9999.000 -9999.000 -9999.000 -9999.000 -9999.000 -9999.000 -9999.000
-9999.000 -9999.000 -9999.000 -9999.000 -9999.000 -9999.000 -9999.000 -9999.000 -9999.000 -9999.000 -9999.000 -9999.000 -9999.000 -9999.000 -9999.000 -0.9174831E-01 -0.8471151E-01 -0.8331435E-01 -0.8451908E-01 -0.8688068E-01 -0.8983283E-01 -0.9316744E-01 -0.9657994E-01 -0.9979456E-01 -0.1028723 -0.1057454 -0.1085536 -0.1121286 -0.1191695 -0.1276323 -0.1276323 -9999.000 -9999.000 -9999.000 -9999.000 -9999.000 -9999.000 -9999.000 -9999.000 -9999.000 -9999.000 -9999.000 -9999.000 -9999.000 -9999.000 -9999.000 -9999.000 -9999.000 -9999.000 -9999.000 -9999.000 -9999.000 -9999.000 -9999.000 -9999.000 -9999.000 -9999.000 -9999.000 -9999.000
-9999.000 -9999.000 -9999.000 -9999.000 -9999.000 -9999.000 -9999.000 -9999.000 -9999.000 -9999.000 -9999.000 -9999.000 -9999.000 -9999.000 -9999.000 -0.8722302E-01 -0.7850795E-01 -0.7676311E-01 -0.7842780E-01 -0.8162902E-01 -0.8562872E-01 -0.9015368E-01 -0.9480134E-01 -0.9920283E-01 -0.1034335 -0.1073922 -0.1112514 -0.1160832 -0.1253946 -0.1374285 -0.1374285 -9999.000 -9999.000 -9999.000 -9999.000 -9999.000 -9999.000 -9999.000 -9999.000 -9999.000 -9999.000 -9999.000 -9999.000 -9999.000 -9999.000 -9999.000 -9999.000 -9999.000 -9999.000 -9999.000 -9999.000 -9999.000 -9999.000 -9999.000 -9999.000 -9999.000 -9999.000 -9999.000 -9999.000
-9999.000 -9999.000 -9999.000 -9999.000 -9999.000 -9999.000 -9999.000 -9999.000 -9999.000 -9999.000 -9999.000 -9999.000 -9999.000 -9999.000 -9999.000 -0.8236612E-01 -0.7201050E-01 -0.6991209E-01 -0.7206589E-01 -0.7614899E-01 -0.8124560E-01 -0.8701636E-01 -0.9295758E-01 -0.9860000E-01 -0.1040394 -0.1091367 -0.1140994 -0.1202565 -0.1319840 -0.1482284 -0.1482284 -9999.000 -9999.000 -9999.000 -9999.000 -9999.000 -9999.000 -9999.000 -9999.000 -9999.000 -9999.000 -9999.000 -9999.000 -9999.000 -9999.000 -9999.000 -9999.000 -9999.000 -9999.000 -9999.000 -9999.000 -9999.000 -9999.000 -9999.000 -9999.000 -9999.000 -9999.000 -9999.000 -9999.000
-9999.000 -9999.000 -9999.000 -9999.000 -9999.000 -9999.000 -9999.000 -9999.000 -9999.000 -9999.000 -9999.000 -9999.000 -9999.000 -9999.000 -9999.000 -0.7720665E-01 -0.6524519E-01 -0.6278371E-01 -0.6545237E-01 -0.7045490E-01 -0.7669046E-01 -0.8375493E-01 -0.9103905E-01 -0.9796593E-01 -0.1046601 -0.1109393 -0.1170503 -0.1246000 -0.1389059 -0.1601292 -0.1601292 -9999.000 -9999.000 -9999.000 -9999.000 -9999.000 -9999.000 -9999.000 -9999.000 -9999.000 -9999.000 -9999.000 -9999.000 -9999.000 -9999.000 -9999.000 -9999.000 -9999.000 -9999.000 -9999.000 -9999.000 -9999.000 -9999.000 -9999.000 -9999.000 -9999.000 -9999.000 -9999.000 -9999.000
-9999.000 -9999.000 -9999.000 -9999.000 -9999.000 -9999.000 -9999.000 -9999.000 -9999.000 -9999.000 -9999.000 -9999.000 -9999.000 -9999.000 -9999.000 -0.7174034E-01 -0.5821016E-01 -0.5537508E-01 -0.5858453E-01 -0.6454258E-01 -0.7195687E-01 -0.8035957E-01 -0.8903241E-01 -0.9728149E-01 -0.1052719 -0.1127716 -0.1200719 -0.1290831 -0.1461537 -0.1733007 -0.1733007 -9999.000 -9999.000 -9999.000 -9999.000 -9999.000 -9999.000 -9999.000 -9999.000 -9999.000 -9999.000 -9999.000 -9999.000 -9999.000 -9999.000 -9999.000 -9999.000 -9999.000 -9999.000 -9999.000 -9999.000 -9999.000 -9999.000 -9999.000 -9999.000 -9999.000 -9999.000 -9999.000 -9999.000
-9999.000 -9999.000 -9999.000 -9999.000 -9999.000 -9999.000 -9999.000 -9999.000 -9999.000 -9999.000 -9999.000 -9999.000 -9999.000 -9999.000 -9999.000 -0.6594452E-01 -0.5088865E-01 -0.4766898E-01 -0.5144682E-01 -0.5839694E-01 -0.6702880E-01 -0.7681359E-01 -0.8691898E-01 -0.9652469E-01 -0.1058505 -0.1146061 -0.1231350 -0.1336816 -0.1537323 -0.1879851 -0.1879851 -9999.000 -9999.000 -9999.000 -9999.000 -9999.000 -9999.000 -9999.000 -9999.000 -9999.000 -9999.000 -9999.000 -9999.000 -9999.000 -9999.000 -9999.000 -9999.000 -9999.000 -9999.000 -9999.000 -9999.000 -9999.000 -9999.000 -9999.000 -9999.000 -9999.000 -9999.000 -9999.000 -9999.000
-9999.000 -9999.000 -9999.000 -9999.000 -9999.000 -9999.000 -9999.000 -9999.000 -9999.000 -9999.000 -9999.000 -9999.000 -9999.000 -9999.000 -9999.000 -0.5978632E-01 -0.4325438E-01 -0.3963886E-01 -0.4401489E-01 -0.5199476E-01 -0.6188272E-01 -0.7309351E-01 -0.8467451E-01 -0.9566759E-01 -0.1063661 -0.1164102 -0.1262055 -0.1383674 -0.1616488 -0.2045120 -0.2045120 -9999.000 -9999.000 -9999.000 -9999.000 -9999.000 -9999.000 -9999.000 -9999.000 -9999.000 -9999.000 -9999.000 -9999.000 -9999.000 -9999.000 -9999.000 -9999.000 -9999.000 -9999.000 -9999.000 -9999.000 -9999.000 -9999.000 -9999.000 -9999.000 -9999.000 -9999.000 -9999.000 -9999.000
-9999.000 -9999.000 -9999.000 -9999.000 -9999.000 -9999.000 -9999.000 -9999.000 -9999.000 -9999.000 -9999.000 -9999.000 -9999.000 -9999.000 -9999.000 -0.5322453E-01 -0.3527385E-01 -0.3125087E-01 -0.3625816E-01 -0.4530662E-01 -0.5648875E-01 -0.6916804E-01 -0.8226650E-01 -0.9467368E-01 -0.1067799 -0.1181420 -0.1292386 -0.1431026 -0.1699075 -0.2233257 -0.2233257 -9999.000 -9999.000 -9999.000 -9999.000 -9999.000 -9999.000 -9999.000 -9999.000 -9999.000 -9999.000 -9999.000 -9999.000 -9999.000 -9999.000 -9999.000 -9999.000 -9999.000 -9999.000 -9999.000 -9999.000 -9999.000 -9999.000 -9999.000 -9999.000 -9999.000 -9999.000 -9999.000 -9999.000
-9999.000 -9999.000 -9999.000 -9999.000 -9999.000 -9999.000 -9999.000 -9999.000 -9999.000 -9999.000 -9999.000 -9999.000 -9999.000 -9999.000 -9999.000 -0.4620869E-01 -0.2690383E-01 -0.2246193E-01 -0.2813838E-01 -0.3829617E-01 -0.5080904E-01 -0.6499810E-01 -0.7965304E-01 -0.9349439E-01 -0.1070396 -0.1197435 -0.1321724 -0.1478320 -0.1785033 -0.2450364 -0.2450364 -9999.000 -9999.000 -9999.000 -9999.000 -9999.000 -9999.000 -9999.000 -9999.000 -9999.000 -9999.000 -9999.000 -9999.000 -9999.000 -9999.000 -9999.000 -9999.000 -9999.000 -9999.000 -9999.000 -9999.000 -9999.000 -9999.000 -9999.000 -9999.000 -9999.000 -9999.000 -9999.000 -9999.000
-9999.000 -9999.000 -9999.000 -9999.000 -9999.000 -9999.000 -9999.000 -9999.000 -9999.000 -9999.000 -9999.000 -9999.000 -9999.000 -9999.000 -9999.000 -0.3867274E-01 -0.1808714E-01 -0.1321481E-01 -0.1960543E-01 -0.3091606E-01 -0.4479586E-01 -0.6053383E-01 -0.7677978E-01 -0.9206508E-01 -0.1070737 -0.1211327 -0.1349166 -0.1524715 -0.1874119 -0.2705038 -0.2705038 -9999.000 -9999.000 -9999.000 -9999.000 -9999.000 -9999.000 -9999.000 -9999.000 -9999.000 -9999.000 -9999.000 -9999.000 -9999.000 -9999.000 -9999.000 -9999.000 -9999.000 -9999.000 -9999.000 -9999.000 -9999.000 -9999.000 -9999.000 -9999.000 -9999.000 -9999.000 -9999.000 -9999.000
-9999.000 -9999.000 -9999.000 -9999.000 -9999.000 -9999.000 -9999.000 -9999.000 -9999.000 -9999.000 -9999.000 -9999.000 -9999.000 -9999.000 -9999.000 -0.3043261E-01 -0.8686009E-02 -0.3401834E-02 -0.1058717E-01 -0.2311249E-01 -0.3840253E-01 -0.5572852E-01 -0.7359308E-01 -0.9031492E-01 -0.1067969 -0.1222052 -0.1373488 -0.1568989 -0.1965818 -0.3009947 -0.3009947 -9999.000 -9999.000 -9999.000 -9999.000 -9999.000 -9999.000 -9999.000 -9999.000 -9999.000 -9999.000 -9999.000 -9999.000 -9999.000 -9999.000 -9999.000 -9999.000 -9999.000 -9999.000 -9999.000 -9999.000 -9999.000 -9999.000 -9999.000 -9999.000 -9999.000 -9999.000 -9999.000 -9999.000
-9999.000 -9999.000 -9999.000 -9999.000 -9999.000 -9999.000 -9999.000 -9999.000 -9999.000 -9999.000 -9999.000 -9999.000 -9999.000 -9999.000 -9999.000 -0.1748742E-02 0.7307949E-02 0.5832938E-02 -0.5020293E-02 -0.1877172E-01 -0.3527477E-01 -0.5384856E-01 -0.7289068E-01 -0.9054129E-01 -0.1080242 -0.1243180 -0.1404112 -0.1616686 -0.2061139 -0.3362551 -0.3362551 -9999.000 -9999.000 -9999.000 -9999.000 -9999.000 -9999.000 -9999.000 -9999.000 -9999.000 -9999.000 -9999.000 -9999.000 -9999.000 -9999.000 -9999.000 -9999.000 -9999.000 -9999.000 -9999.000 -9999.000 -9999.000 -9999.000 -9999.000 -9999.000 -9999.000 -9999.000 -9999.000 -9999.000
-0.3288335E-02 -0.3288335E-02 -0.5922427E-02 -0.6224919E-02 -0.6239344E-02 -0.6239344E-02 -0.6236081E-02 -0.6218953E-02 -0.6218953E-02 -0.6195368E-02 -0.6195368E-02 -0.6165787E-02 -0.6149353E-02 -0.6132266E-02 -0.6114306E-02 -0.6114306E-02 0.1607080E-01 0.1149907E-01 -0.8653995E-03 -0.1877518E-01 -0.4140221E-01 -0.6765337E-01 -0.9603411E-01 -0.1248106 -0.1531271 -0.1799374 -0.2048407 -0.2294614 -0.2615191 -0.3373888 -0.3373888 -0.1857590 -0.9902195E-01 -0.3397045E-01 -0.2552397E-01 -0.2552397E-01 -0.1933228E-01 -0.1933228E-01 -0.7838700E-02 -0.7838700E-02 0.2474179E-02 0.2472871E-01 0.2472871E-01 0.8955203E-02 0.8955203E-02 -0.3537929E-02 -0.3537929E-02 -0.3537929E-02 0.4746712E-03 0.4746712E-03 0.1304601E-02 0.1304601E-02 0.4389912E-03 0.4389912E-03 -0.8041323E-03 -0.8041323E-03 -0.2008227E-02 -0.2008227E-02 -0.2008227E-02
-0.4239735E-02 -0.4239735E-02 -0.9445856E-02 -0.8985680E-02 -0.8855180E-02 -0.8855180E-02 -0.8784395E-02 -0.8730685E-02 -0.8730685E-02 -0.8708244E-02 -0.8708244E-02 -0.8683437E-02 -0.8669471E-02 -0.8655340E-02 -0.8640980E-02 -0.8640980E-02 0.1231341E-01 0.7981584E-02 -0.5781945E-02 -0.2876314E-01 -0.5943701E-01 -0.9617823E-01 -0.1373864 -0.1814662 -0.2263705 -0.2704989 -0.3121994 -0.3497113 -0.3810163 -0.4038619 -0.4038619 -0.2728123 -0.1806873 -0.9377573E-01 -0.7678373E-01 -0.7678373E-01 -0.5459549E-01 -0.5459549E-01 -0.1503325E-01 -0.1503325E-01 0.1599929E-01 0.7936010E-01 0.7936010E-01 0.6925622E-01 0.6925622E-01 0.1435427E-01 0.1435427E-01 0.1435427E-01 0.7257649E-02 0.7257649E-02 0.2859643E-02 0.2859643E-02 -0.1231860E-02 -0.1231860E-02 -0.4789372E-02 -0.4789372E-02 -0.7556012E-02 -0.7556012E-02 -0.7556012E-02
-0.2735366E-02 -0.2735366E-02 -0.8407014E-02 -0.7770787E-02 -0.7539079E-02 -0.7539079E-02 -0.7418117E-02 -0.7347361E-02 -0.7347361E-02 -0.7346007E-02 -0.7346007E-02 -0.7346547E-02 -0.7345106E-02 -0.7343935E-02 -0.7343357E-02 -0.7343357E-02 0.6456486E-02 0.1616503E-02 -0.1278455E-01 -0.3661222E-01 -0.6875760E-01 -0.1079013 -0.1527542 -0.2020608 -0.2542055 -0.3076876 -0.3608752 -0.4117836 -0.4576050 -0.4916025 -0.4916025 -0.4059580 -0.3256709 -0.2159850 -0.1807977 -0.1807977 -0.1173472 -0.1173472 -0.2221430E-01 -0.2221430E-01 0.4022357E-01 0.1545288 0.1545288 0.1744888 0.1744888 0.6390002E-01 0.6390002E-01 0.6390002E-01 0.2555168E-01 0.2555168E-01 0.5587106E-02 0.5587106E-02 -0.6236516E-02 -0.6236516E-02 -0.1391935E-01 -0.1391935E-01 -0.1864324E-01 -0.1864324E-01 -0.1864324E-01
-0.2222650E-02 -0.2222650E-02 -0.6562897E-02 -0.6299068E-02 -0.6062039E-02 -0.6062039E-02 -0.5931972E-02 -0.5861805E-02 -0.5861805E-02 -0.5870502E-02 -0.5870502E-02 -0.5878227E-02 -0.5878965E-02 -0.5879350E-02 -0.5879908E-02 -0.5879908E-02 0.4174987E-03 -0.6587868E-02 -0.2271462E-01 -0.4781067E-01 -0.8101676E-01 -0.1212409 -0.1673996 -0.2184781 -0.2732778 -0.3306132 -0.3891895 -0.4473419 -0.5024609 -0.5479386 -0.5479386 -0.5074530 -0.4500655 -0.3426084 -0.2941042 -0.2941042 -0.1800395 -0.1800395 -0.1573584E-01 -0.1573584E-01 0.7454361E-01 0.2164122 0.2164122 0.2537228 0.2537228 0.1213107 0.1213107 0.1213107 0.5098504E-01 0.5098504E-01 0.1068048E-01 0.1068048E-01 -0.1209353E-01 -0.1209353E-01 -0.2525176E-01 -0.2525176E-01 -0.3213909E-01 -0.3213909E-01 -0.3213909E-01
-0.1677455E-02 -0.1677455E-02 -0.4825588E-02 -0.4779483E-02 -0.4568454E-02 -0.4568454E-02 -0.4447537E-02 -0.4384320E-02 -0.4384320E-02 -0.4396825E-02 -0.4396825E-02 -0.4407512E-02 -0.4409493E-02 -0.4410485E-02 -0.4411246E-02 -0.4411246E-02 -0.5842466E-02 -0.1655776E-01 -0.3578306E-01 -0.6325001E-01 -0.9822002E-01 -0.1397834 -0.1870303 -0.2391140 -0.2951086 -0.3540744 -0.4150018 -0.4765993 -0.5367545 -0.5899604 -0.5899604 -0.5836591 -0.5504110 -0.4550692 -0.3935982 -0.3935982 -0.2170092 -0.2170092 0.1080808E-01 0.1080808E-01 0.1136730 0.2537978 0.2537978 0.2951873 0.2951873 0.1715201 0.1715201 0.1715201 0.7980603E-01 0.7980603E-01 0.1964664E-01 0.1964664E-01 -0.1582418E-01 -0.1582418E-01 -0.3573216E-01 -0.3573216E-01 -0.4529665E-01 -0.4529665E-01 -0.4529665E-01
-0.1119718E-02 -0.1119718E-02 -0.3170316E-02 -0.3215613E-02 -0.3058112E-02 -0.3058112E-02 -0.2965232E-02 -0.2916845E-02 -0.2916845E-02 -0.2927833E-02 -0.2927833E-02 -0.2937708E-02 -0.2939744E-02 -0.2940782E-02 -0.2941546E-02 -0.2941546E-02 -0.1276795E-01 -0.2863414E-01 -0.5241429E-01 -0.8353878E-01 -0.1212574 -0.1647882 -0.2133930 -0.2664041 -0.3231321 -0.3828615 -0.4448128 -0.5079916 -0.5707473 -0.6287400 -0.6287400 -0.6459634 -0.6330258 -0.5439500 -0.4604000 -0.4604000 -0.2096381 -0.2096381 0.4844730E-01 0.4844730E-01 0.1444708 0.2637070 0.2637070 0.3035313 0.3035313 0.2063264 0.2063264 0.2063264 0.1078061 0.1078061 0.3232558E-01 0.3232558E-01 -0.1599362E-01 -0.1599362E-01 -0.4365344E-01 -0.4365344E-01 -0.5654753E-01 -0.5654753E-01 -0.5654753E-01
-0.5597068E-03 -0.5597068E-03 -0.1571031E-02 -0.1617195E-02 -0.1533208E-02 -0.1533208E-02 -0.1482895E-02 -0.1456561E-02 -0.1456561E-02 -0.1462804E-02 -0.1462804E-02 -0.1468618E-02 -0.1469967E-02 -0.1470533E-02 -0.1470978E-02 -0.1470978E-02 -0.2105409E-01 -0.4354146E-01 -0.7340112E-01 -0.1095783 -0.1511841 -0.1974932 -0.2479204 -0.3019920 -0.3592618 -0.4192636 -0.4814627 -0.5451394 -0.6090346 -0.6697285 -0.6697285 -0.7020996 -0.7030259 -0.5965664 -0.4733213 -0.4733213 -0.1605475 -0.1605475 0.7901071E-01 0.7901071E-01 0.1562023 0.2505400 0.2505400 0.2884347 0.2884347 0.2227838 0.2227838 0.2227838 0.1304912 0.1304912 0.4700793E-01 0.4700793E-01 -0.1233332E-01 -0.1233332E-01 -0.4801819E-01 -0.4801819E-01 -0.6477328E-01 -0.6477328E-01 -0.6477328E-01
-0.5554493E-07 -0.5554493E-07 -0.7033639E-07 0.2363618E-07 -0.4859574E-08 -0.4859574E-08 0.4209012E-07 -0.1388696E-06 -0.1388696E-06 0.4170509E-08 0.4170509E-08 -0.1549852E-07 -0.5439852E-07 0.1271446E-07 -0.2969682E-07 -0.2969682E-07 -0.3170507E-01 -0.6247885E-01 -0.1000546 -0.1427524 -0.1894526 -0.2394324 -0.2922394 -0.3476001 -0.4053212 -0.4652117 -0.5270172 -0.5903130 -0.6541848 -0.7157268 -0.7157268 -0.7559357 -0.7602465 -0.5900909 -0.4169852 -0.4169852 -0.9676677E-01 -0.9676677E-01 0.9008586E-01 0.9008586E-01 0.1476697 0.2224058 0.2224058 0.2592386 0.2592386 0.2219708 0.2219708 0.2219708 0.1441985 0.1441985 0.6092071E-01 0.6092071E-01 -0.5602816E-02 -0.5602816E-02 -0.4839802E-01 -0.4839802E-01 -0.6910875E-01 -0.6910875E-01 -0.6910875E-01
0.5595946E-03 0.5595946E-03 0.1570994E-02 0.1617093E-02 0.1533264E-02 0.1533264E-02 0.1482743E-02 0.1456314E-02 0.1456314E-02 0.1462784E-02 0.1462784E-02 0.1468422E-02 0.1469812E-02 0.1470538E-02 0.1471037E-02 0.1471037E-02 -0.4621068E-01 -0.8732001E-01 -0.1344254 -0.1851558 -0.2381369 -0.2926438 -0.3483634 -0.4052365 -0.4633323 -0.5227514 -0.5835447 -0.6456021 -0.7082664 -0.7682925 -0.7682925 -0.8070804 -0.7935777 -0.5034239 -0.3073139 -0.3073139 -0.4844324E-01 -0.4844324E-01 0.8226170E-01 0.8226170E-01 0.1254060 0.1870378 0.1870378 0.2227820 0.2227820 0.2071570 0.2071570 0.2071570 0.1470257 0.1470257 0.7106537E-01 0.7106537E-01 0.2653594E-02 0.2653594E-02 -0.4492539E-01 -0.4492539E-01 -0.6896669E-01 -0.6896669E-01 -0.6896669E-01
0.1119804E-02 0.1119804E-02 0.3170403E-02 0.3215516E-02 0.3058057E-02 0.3058057E-02 0.2964933E-02 0.2916571E-02 0.2916571E-02 0.2927775E-02 0.2927775E-02 0.2937422E-02 0.2939595E-02 0.2940748E-02 0.2941614E-02 0.2941614E-02 -0.6690565E-01 -0.1209967 -0.1796753 -0.2399365 -0.3002406 -0.3599407 -0.4189231 -0.4773833 -0.5356746 -0.5941990 -0.6533229 -0.7132387 -0.7732313 -0.8271940 -0.8271940 -0.8456134 -0.7693740 -0.3554269 -0.1941145 -0.1941145 -0.2603680E-01 -0.2603680E-01 0.6390693E-01 0.6390693E-01 0.9758081E-01 0.1497846 0.1497846 0.1833248 0.1833248 0.1821575 0.1821575 0.1821575 0.1390051 0.1390051 0.7509932E-01 0.7509932E-01 0.1048211E-01 0.1048211E-01 -0.3826453E-01 -0.3826453E-01 -0.6411108E-01 -0.6411108E-01 -0.6411108E-01
0.1677462E-02 0.1677462E-02 0.4825630E-02 0.4779571E-02 0.4568375E-02 0.4568375E-02 0.4447339E-02 0.4384059E-02 0.4384059E-02 0.4396618E-02 0.4396618E-02 0.4407286E-02 0.4409424E-02 0.4410473E-02 0.4411322E-02 0.4411322E-02 -0.9768637E-01 -0.1682258 -0.2407311 -0.3118583 -0.3801765 -0.4453207 -0.5075126 -0.5672851 -0.6253164 -0.6823238 -0.7389857 -0.7957051 -0.8505043 -0.8855035 -0.8855035 -0.8346065 -0.6346524 -0.2119146 -0.1177355 -0.1177355 -0.2124812E-01 -0.2124812E-01 0.4303130E-01 0.4303130E-01 0.6982101E-01 0.1135330 0.1135330 0.1432882 0.1432882 0.1504372 0.1504372 0.1504372 0.1216581 0.1216581 0.7195218E-01 0.7195218E-01 0.1608850E-01 0.1608850E-01 -0.2943478E-01 -0.2943478E-01 -0.5471207E-01 -0.5471207E-01 -0.5471207E-01
0.2222500E-02 0.2222500E-02 0.6562938E-02 0.6299240E-02 0.6062053E-02 0.6062053E-02 0.5931913E-02 0.5861646E-02 0.5861646E-02 0.5870289E-02 0.5870289E-02 0.5878161E-02 0.5879078E-02 0.5879444E-02 0.5879994E-02 0.5879994E-02 -0.1455227 -0.2369421 -0.3255060 -0.4083057 -0.4845891 -0.5546466 -0.6192626 -0.6794349 -0.7362286 -0.7906928 -0.8438076 -0.8957921 -0.9382244 -0.9088476 -0.9088476 -0.6947055 -0.3947511 -0.1214007 -0.7989194E-01 -0.7989194E-01 -0.2219562E-01 -0.2219562E-01 0.2423388E-01 0.2423388E-01 0.4491608E-01 0.7965200E-01 0.7965200E-01 0.1041137 0.1041137 0.1148610 0.1148610 0.1148610 0.9731968E-01 0.9731968E-01 0.6195211E-01 0.6195211E-01 0.1839042E-01 0.1839042E-01 -0.1953428E-01 -0.1953428E-01 -0.4137817E-01 -0.4137817E-01 -0.4137817E-01
