cruce_test.gid/Rasters/Hydraulic/Velocity____63.0.asc
NCOLS        79
NROWS        79
XLLCENTER         -1.500000
YLLCENTER         -4.800000
CELLSIZE           0.100
NODATA_VALUE     -9999.0
[rows 0 to 26 of 79, columns 0 to 59 of 79]
-9999.000 -9999.000 -9999.000 -9999.000 -9999.000 -9999.000 -9999.000 -9999.000 -9999.000 -9999.000 -9999.000 -9999.000 -9999.000 -9999.000 -9999.000 0.2392079 0.2381217 0.2383420 0.2386855 0.2390619 0.2394675 0.2399114 0.2404062 0.2409663 0.2416103 0.2423655 0.2432782 0.2444271 0.2458139 0.2428864 0.2428864 -9999.000 -9999.000 -9999.000 -9999.000 -9999.000 -9999.000 -9999.000 -9999.000 -9999.000 -9999.000 -9999.000 -9999.000 -9999.000 -9999.000 -9999.000 -9999.000 -9999.000 -9999.000 -9999.000 -9999.000 -9999.000 -9999.000 -9999.000 -9999.000 -9999.000 -9999.000 -9999.000 -9999.000 -9999.000
-9999.000 -9999.000 -9999.000 -9999.000 -9999.000 -9999.000 -9999.000 -9999.000 -9999.000 -9999.000 -9999.000 -9999.000 -9999.000 -9999.000 -9999.000 0.2358064 0.2333153 0.2337397 0.2344260 0.2351777 0.2359795 0.2368460 0.2378019 0.2388782 0.2401179 0.2415856 0.2433876 0.2456941 0.2484908 0.2428797 0.2428797 -9999.000 -9999.000 -9999.000 -9999.000 -9999.000 -9999.000 -9999.000 -9999.000 -9999.000 -9999.000 -9999.000 -9999.000 -9999.000 -9999.000 -9999.000 -9999.000 -9999.000 -9999.000 -9999.000 -9999.000 -9999.000 -9999.000 -9999.000 -9999.000 -9999.000 -9999.000 -9999.000 -9999.000 -9999.000
-9999.000 -9999.000 -9999.000 -9999.000 -9999.000 -9999.000 -9999.000 -9999.000 -9999.000 -9999.000 -9999.000 -9999.000 -9999.000 -9999.000 -9999.000 0.2307468 0.2266228 0.2273319 0.2285349 0.2298915 0.2313633 0.2329675 0.2347421 0.2367382 0.2390275 0.2417151 0.2449630 0.2490117 0.2537492 0.2454431 0.2454431 -9999.000 -9999.000 -9999.000 -9999.000 -9999.000 -9999.000 -9999.000 -9999.000 -9999.000 -9999.000 -9999.000 -9999.000 -9999.000 -9999.000 -9999.000 -9999.000 -9999.000 -9999.000 -9999.000 -9999.000 -9999.000 -9999.000 -9999.000 -9999.000 -9999.000 -9999.000 -9999.000 -9999.000 -9999.000
-9999.000 -9999.000 -9999.000 -9999.000 -9999.000 -9999.000 -9999.000 -9999.000 -9999.000 -9999.000 -9999.000 -9999.000 -9999.000 -9999.000 -9999.000 0.2245327 0.2187733 0.2198554 0.2217085 0.2238363 0.2261732 0.2287368 0.2315758 0.2347596 0.2383874 0.2426039 0.2476281 0.2537762 0.2608382 0.2502983 0.2502983 -9999.000 -9999.000 -9999.000 -9999.000 -9999.000 -9999.000 -9999.000 -9999.000 -9999.000 -9999.000 -9999.000 -9999.000 -9999.000 -9999.000 -9999.000 -9999.000 -9999.000 -9999.000 -9999.000 -9999.000 -9999.000 -9999.000 -9999.000 -9999.000 -9999.000 -9999.000 -9999.000 -9999.000 -9999.000
-9999.000 -9999.000 -9999.000 -9999.000 -9999.000 -9999.000 -9999.000 -9999.000 -9999.000 -9999.000 -9999.000 -9999.000 -9999.000 -9999.000 -9999.000 0.2172031 0.2098708 0.2114163 0.2140454 0.2170954 0.2204708 0.2241872 0.2283038 0.2329089 0.2381314 0.2441606 0.2512822 0.2599020 0.2697213 0.2574843 0.2574843 -9999.000 -9999.000 -9999.000 -9999.000 -9999.000 -9999.000 -9999.000 -9999.000 -9999.000 -9999.000 -9999.000 -9999.000 -9999.000 -9999.000 -9999.000 -9999.000 -9999.000 -9999.000 -9999.000 -9999.000 -9999.000 -9999.000 -9999.000 -9999.000 -9999.000 -9999.000 -9999.000 -9999.000 -9999.000
-9999.000 -9999.000 -9999.000 -9999.000 -9999.000 -9999.000 -9999.000 -9999.000 -9999.000 -9999.000 -9999.000 -9999.000 -9999.000 -9999.000 -9999.000 0.2087420 0.1999817 0.2020885 0.2056149 0.2097280 0.2142997 0.2193438 0.2249300 0.2311692 0.2382252 0.2463423 0.2558885 0.2673842 0.2804672 0.2671802 0.2671802 -9999.000 -9999.000 -9999.000 -9999.000 -9999.000 -9999.000 -9999.000 -9999.000 -9999.000 -9999.000 -9999.000 -9999.000 -9999.000 -9999.000 -9999.000 -9999.000 -9999.000 -9999.000 -9999.000 -9999.000 -9999.000 -9999.000 -9999.000 -9999.000 -9999.000 -9999.000 -9999.000 -9999.000 -9999.000
-9999.000 -9999.000 -9999.000 -9999.000 -9999.000 -9999.000 -9999.000 -9999.000 -9999.000 -9999.000 -9999.000 -9999.000 -9999.000 -9999.000 -9999.000 0.1990799 0.1891392 0.1919203 0.1964673 0.2017806 0.2076988 0.2142339 0.2214691 0.2295423 0.2386623 0.2491439 0.2614610 0.2762858 0.2932414 0.2797110 0.2797110 -9999.000 -9999.000 -9999.000 -9999.000 -9999.000 -9999.000 -9999.000 -9999.000 -9999.000 -9999.000 -9999.000 -9999.000 -9999.000 -9999.000 -9999.000 -9999.000 -9999.000 -9999.000 -9999.000 -9999.000 -9999.000 -9999.000 -9999.000 -9999.000 -9999.000 -9999.000 -9999.000 -9999.000 -9999.000
-9999.000 -9999.000 -9999.000 -9999.000 -9999.000 -9999.000 -9999.000 -9999.000 -9999.000 -9999.000 -9999.000 -9999.000 -9999.000 -9999.000 -9999.000 0.1880967 0.1773489 0.1809431 0.1866443 0.1932985 0.2007123 0.2088968 0.2179526 0.2280530 0.2394643 0.2525940 0.2680572 0.2867320 0.3083102 0.2955782 0.2955782 -9999.000 -9999.000 -9999.000 -9999.000 -9999.000 -9999.000 -9999.000 -9999.000 -9999.000 -9999.000 -9999.000 -9999.000 -9999.000 -9999.000 -9999.000 -9999.000 -9999.000 -9999.000 -9999.000 -9999.000 -9999.000 -9999.000 -9999.000 -9999.000 -9999.000 -9999.000 -9999.000 -9999.000 -9999.000
-9999.000 -9999.000 -9999.000 -9999.000 -9999.000 -9999.000 -9999.000 -9999.000 -9999.000 -9999.000 -9999.000 -9999.000 -9999.000 -9999.000 -9999.000 0.1756276 0.1645950 0.1691807 0.1761903 0.1843394 0.1934038 0.2033965 0.2144413 0.2267566 0.2406857 0.2567581 0.2757791 0.2989128 0.3260559 0.3155243 0.3155243 -9999.000 -9999.000 -9999.000 -9999.000 -9999.000 -9999.000 -9999.000 -9999.000 -9999.000 -9999.000 -9999.000 -9999.000 -9999.000 -9999.000 -9999.000 -9999.000 -9999.000 -9999.000 -9999.000 -9999.000 -9999.000 -9999.000 -9999.000 -9999.000 -9999.000 -9999.000 -9999.000 -9999.000 -9999.000
-9999.000 -9999.000 -9999.000 -9999.000 -9999.000 -9999.000 -9999.000 -9999.000 -9999.000 -9999.000 -9999.000 -9999.000 -9999.000 -9999.000 -9999.000 0.1614689 0.1508469 0.1566600 0.1651690 0.1749916 0.1858767 0.1978426 0.2110440 0.2257586 0.2424298 0.2617495 0.2847814 0.3130930 0.3470061 0.3406526 0.3406526 -9999.000 -9999.000 -9999.000 -9999.000 -9999.000 -9999.000 -9999.000 -9999.000 -9999.000 -9999.000 -9999.000 -9999.000 -9999.000 -9999.000 -9999.000 -9999.000 -9999.000 -9999.000 -9999.000 -9999.000 -9999.000 -9999.000 -9999.000 -9999.000 -9999.000 -9999.000 -9999.000 -9999.000 -9999.000
-9999.000 -9999.000 -9999.000 -9999.000 -9999.000 -9999.000 -9999.000 -9999.000 -9999.000 -9999.000 -9999.000 -9999.000 -9999.000 -9999.000 -9999.000 0.1453856 0.1360690 0.1434315 0.1536886 0.1654047 0.1783071 0.1924252 0.2079542 0.2252483 0.2448807 0.2677575 0.2952940 0.3296345 0.3718862 0.3726533 0.3726533 -9999.000 -9999.000 -9999.000 -9999.000 -9999.000 -9999.000 -9999.000 -9999.000 -9999.000 -9999.000 -9999.000 -9999.000 -9999.000 -9999.000 -9999.000 -9999.000 -9999.000 -9999.000 -9999.000 -9999.000 -9999.000 -9999.000 -9999.000 -9999.000 -9999.000 -9999.000 -9999.000 -9999.000 -9999.000
-9999.000 -9999.000 -9999.000 -9999.000 -9999.000 -9999.000 -9999.000 -9999.000 -9999.000 -9999.000 -9999.000 -9999.000 -9999.000 -9999.000 -9999.000 0.1271202 0.1202408 0.1296047 0.1419516 0.1558459 0.1710043 0.1874776 0.2055150 0.2255672 0.2483706 0.2751092 0.3076741 0.3490429 0.4017041 0.4142542 0.4142542 -9999.000 -9999.000 -9999.000 -9999.000 -9999.000 -9999.000 -9999.000 -9999.000 -9999.000 -9999.000 -9999.000 -9999.000 -9999.000 -9999.000 -9999.000 -9999.000 -9999.000 -9999.000 -9999.000 -9999.000 -9999.000 -9999.000 -9999.000 -9999.000 -9999.000 -9999.000 -9999.000 -9999.000 -9999.000
-9999.000 -9999.000 -9999.000 -9999.000 -9999.000 -9999.000 -9999.000 -9999.000 -9999.000 -9999.000 -9999.000 -9999.000 -9999.000 -9999.000 -9999.000 0.1064112 0.1034110 0.1154367 0.1303571 0.1468092 0.1645256 0.1835991 0.2043513 0.2273499 0.2535276 0.2844152 0.3225357 0.3720714 0.4378938 0.4701998 0.4701998 -9999.000 -9999.000 -9999.000 -9999.000 -9999.000 -9999.000 -9999.000 -9999.000 -9999.000 -9999.000 -9999.000 -9999.000 -9999.000 -9999.000 -9999.000 -9999.000 -9999.000 -9999.000 -9999.000 -9999.000 -9999.000 -9999.000 -9999.000 -9999.000 -9999.000 -9999.000 -9999.000 -9999.000 -9999.000
-9999.000 -9999.000 -9999.000 -9999.000 -9999.000 -9999.000 -9999.000 -9999.000 -9999.000 -9999.000 -9999.000 -9999.000 -9999.000 -9999.000 -9999.000 0.8300436E-01 0.8589741E-01 0.1016507 0.1198762 0.1394132 0.1600814 0.1820623 0.2057800 0.2319409 0.2617007 0.2969953 0.3411461 0.4000387 0.4826049 0.5497369 0.5497369 -9999.000 -9999.000 -9999.000 -9999.000 -9999.000 -9999.000 -9999.000 -9999.000 -9999.000 -9999.000 -9999.000 -9999.000 -9999.000 -9999.000 -9999.000 -9999.000 -9999.000 -9999.000 -9999.000 -9999.000 -9999.000 -9999.000 -9999.000 -9999.000 -9999.000 -9999.000 -9999.000 -9999.000 -9999.000
-9999.000 -9999.000 -9999.000 -9999.000 -9999.000 -9999.000 -9999.000 -9999.000 -9999.000 -9999.000 -9999.000 -9999.000 -9999.000 -9999.000 -9999.000 0.5723322E-01 0.7729312E-01 0.1022419 0.1260594 0.1491078 0.1720358 0.1955827 0.2205999 0.2481703 0.2798498 0.3181243 0.3673220 0.4356610 0.5388250 0.6724286 0.6724286 -9999.000 -9999.000 -9999.000 -9999.000 -9999.000 -9999.000 -9999.000 -9999.000 -9999.000 -9999.000 -9999.000 -9999.000 -9999.000 -9999.000 -9999.000 -9999.000 -9999.000 -9999.000 -9999.000 -9999.000 -9999.000 -9999.000 -9999.000 -9999.000 -9999.000 -9999.000 -9999.000 -9999.000 -9999.000
1.572747 1.572747 1.637240 1.670470 1.679025 1.679025 1.685215 1.693272 1.693272 1.697601 1.697601 1.404316 1.337827 1.282601 1.215918 1.215918 1.069426 1.005310 0.9347863 0.8603831 0.7851655 0.7127943 0.6473862 0.5933838 0.5555718 0.5394098 0.5519513 0.6041766 0.7166323 0.9487774 0.9487774 1.547601 1.747025 1.821872 1.788551 1.788551 1.656264 1.656264 1.469419 1.469419 1.155137 0.9060788 0.9060788 0.8944699 0.8944699 0.9331232 0.9331232 0.9331232 0.9822153 0.9822153 1.025362 1.025362 1.061576 1.061576 1.106236 1.106236 1.133998 1.133998 1.133998 1.154607
1.586868 1.586868 1.656750 1.703834 1.719726 1.719726 1.733335 1.756289 1.756289 1.775455 1.775455 1.516521 1.444605 1.401523 1.356187 1.356187 1.297851 1.271419 1.236984 1.194180 1.143478 1.086264 1.024955 0.9632045 0.9061813 0.8609459 0.8370311 0.8475566 0.9115257 1.061336 1.061336 1.499210 1.652820 1.754366 1.768793 1.768793 1.751024 1.751024 1.668725 1.668725 1.522925 1.196407 1.196407 1.188612 1.188612 1.237577 1.237577 1.237577 1.289913 1.289913 1.336851 1.336851 1.363333 1.363333 1.418234 1.418234 1.452218 1.452218 1.452218 1.479633
1.590144 1.590144 1.658150 1.704341 1.720200 1.720200 1.733888 1.757172 1.757172 1.776780 1.776780 1.535143 1.455468 1.422850 1.390868 1.390868 1.362883 1.354512 1.341840 1.323631 1.299244 1.268667 1.232654 1.192947 1.152584 1.116350 1.091445 1.088628 1.124428 1.228707 1.228707 1.569497 1.708564 1.821342 1.847131 1.847131 1.852194 1.852194 1.801739 1.801739 1.724215 1.454829 1.454829 1.400993 1.400993 1.435785 1.435785 1.435785 1.483901 1.483901 1.524849 1.524849 1.556621 1.556621 1.596696 1.596696 1.625755 1.625755 1.625755 1.648426
1.592675 1.592675 1.659287 1.704557 1.720253 1.720253 1.733869 1.757140 1.757140 1.776783 1.776783 1.554181 1.462096 1.436758 1.413158 1.413158 1.400712 1.400119 1.397219 1.391183 1.381524 1.368034 1.350884 1.330822 1.309463 1.289664 1.276083 1.276126 1.302074 1.379822 1.379822 1.643173 1.764727 1.870198 1.893105 1.893105 1.899194 1.899194 1.869941 1.869941 1.833346 1.655637 1.655637 1.559215 1.559215 1.580254 1.580254 1.580254 1.621294 1.621294 1.657340 1.657340 1.686090 1.686090 1.718324 1.718324 1.743740 1.743740 1.743740 1.763209
1.594566 1.594566 1.660211 1.704749 1.720297 1.720297 1.733843 1.757095 1.757095 1.776767 1.776767 1.577146 1.469384 1.450328 1.433696 1.433696 1.434265 1.438553 1.440702 1.440514 1.438080 1.433606 1.427396 1.419964 1.412241 1.405875 1.403643 1.410121 1.433553 1.495096 1.495096 1.705139 1.805834 1.892353 1.906462 1.906462 1.905744 1.905744 1.894791 1.894791 1.884172 1.794743 1.794743 1.693975 1.693975 1.685984 1.685984 1.685984 1.719337 1.719337 1.751432 1.751432 1.777900 1.777900 1.804964 1.804964 1.827350 1.827350 1.827350 1.844293
1.595876 1.595876 1.660890 1.704902 1.720331 1.720331 1.733820 1.757056 1.757056 1.776754 1.776754 1.602937 1.477073 1.463840 1.453736 1.453736 1.468242 1.477105 1.482951 1.486102 1.487206 1.486995 1.486189 1.485501 1.485720 1.487893 1.493557 1.504995 1.526940 1.577456 1.577456 1.746240 1.825926 1.883835 1.887385 1.887385 1.884915 1.884915 1.895556 1.895556 1.902741 1.878615 1.878615 1.805786 1.805786 1.771193 1.771193 1.771193 1.793976 1.793976 1.821111 1.821111 1.845037 1.845037 1.868208 1.868208 1.887535 1.887535 1.887535 1.901996
1.596646 1.596646 1.661305 1.705001 1.720354 1.720354 1.733805 1.757031 1.757031 1.776748 1.776748 1.630237 1.484797 1.477060 1.473350 1.473350 1.504066 1.517921 1.527304 1.532975 1.536030 1.537654 1.539001 1.541147 1.545021 1.551489 1.561328 1.574677 1.592702 1.631277 1.631277 1.764576 1.820191 1.843039 1.840225 1.840225 1.849514 1.849514 1.884540 1.884540 1.904469 1.921690 1.921690 1.888626 1.888626 1.843836 1.843836 1.843836 1.854604 1.854604 1.875022 1.875022 1.895462 1.895462 1.914805 1.914805 1.930819 1.930819 1.930819 1.942653
1.596899 1.596899 1.661444 1.705035 1.720362 1.720362 1.733800 1.757022 1.757022 1.776748 1.776748 1.657674 1.492375 1.489745 1.492323 1.492323 1.542642 1.562045 1.575163 1.583177 1.587549 1.589822 1.591522 1.594123 1.598816 1.606522 1.617570 1.629323 1.638230 1.659508 1.659508 1.755758 1.782068 1.774789 1.775584 1.775584 1.810035 1.810035 1.868000 1.868000 1.897000 1.939026 1.939026 1.940960 1.940960 1.904934 1.904934 1.904934 1.905966 1.905966 1.918634 1.918634 1.934194 1.934194 1.949233 1.949233 1.961671 1.961671 1.961671 1.970710
1.596645 1.596645 1.661305 1.705001 1.720354 1.720354 1.733805 1.757031 1.757031 1.776756 1.776756 1.683741 1.499910 1.501690 1.510238 1.510238 1.584908 1.610387 1.627512 1.637866 1.643319 1.645676 1.646690 1.648273 1.651950 1.658838 1.669027 1.674922 1.665213 1.660404 1.660404 1.712572 1.707032 1.692163 1.706653 1.706653 1.771928 1.771928 1.848427 1.848427 1.883904 1.941184 1.941184 1.968116 1.968116 1.952703 1.952703 1.952703 1.949312 1.949312 1.954928 1.954928 1.964576 1.964576 1.974654 1.974654 1.983042 1.983042 1.983042 1.989026
1.595876 1.595876 1.660890 1.704902 1.720331 1.720331 1.733820 1.757056 1.757056 1.776771 1.776771 1.706658 1.508025 1.512692 1.526491 1.526491 1.633111 1.664474 1.685208 1.697818 1.704187 1.706276 1.706105 1.705829 1.707304 1.711982 1.719533 1.712726 1.667471 1.628753 1.628753 1.630951 1.601193 1.609283 1.641467 1.641467 1.736272 1.736272 1.826823 1.826823 1.867143 1.934496 1.934496 1.977891 1.977891 1.986149 1.986149 1.986149 1.984100 1.984100 1.984985 1.984985 1.988687 1.988687 1.993224 1.993224 1.997037 1.997037 1.997037 1.999707
1.594566 1.594566 1.660211 1.704749 1.720296 1.720296 1.733842 1.757094 1.757094 1.776790 1.776790 1.719714 1.520619 1.522898 1.541450 1.541450 1.688372 1.725270 1.749803 1.764454 1.771363 1.772713 1.770770 1.767928 1.766359 1.767807 1.770666 1.736256 1.630759 1.552763 1.552763 1.510284 1.484113 1.535522 1.579268 1.579268 1.703610 1.703610 1.804880 1.804880 1.848927 1.923233 1.923233 1.977211 1.977211 2.006498 2.006498 2.006498 2.009747 2.009747 2.008839 2.008839 2.007496 2.007496 2.006343 2.006343 2.005249 2.005249 2.005249 2.004464
1.592675 1.592675 1.659288 1.704557 1.720253 1.720253 1.733869 1.757139 1.757139 1.776813 1.776813 1.726684 1.532746 1.532032 1.555088 1.555088 1.753171 1.795962 1.823591 1.839431 1.846088 1.845995 1.841605 1.835493 1.830103 1.827448 1.822083 1.721305 1.543417 1.434421 1.434421 1.371595 1.370969 1.470993 1.533310 1.533310 1.673200 1.673200 1.783574 1.783574 1.830451 1.909475 1.909475 1.970169 1.970169 2.015614 2.015614 2.015614 2.025594 2.025594 2.025308 2.025308 2.020390 2.020390 2.014020 2.014020 2.008121 2.008121 2.008121 2.004018
