cruce_test.gid/Rasters/Hydraulic/Velocity__y_114.0.asc
NCOLS        79
NROWS        79
XLLCENTER         -1.500000
YLLCENTER         -4.800000
CELLSIZE           0.100
NODATA_VALUE     -9999.0
[rows 0 to 25 of 79, columns 0 to 58 of 79]
-9999.000 -9999.000 -9999.000 -9999.000 -9999.000 -9999.000 -9999.000 -9999.000 -9999.000 -9999.000 -9999.000 -9999.000 -9999.000 -9999.000 -9999.000 -0.1588019 -0.1577270 -0.1576488 -0.1577450 -0.1579100 -0.1580968 -0.1582789 -0.1584434 -0.1585945 -0.1587622 -0.1590289 -0.1595552 -0.1606295 -0.1626776 -0.1623412 -0.1623412 -9999.000 -9999.000 -9999.000 -9999.000 -9999.000 -9999.000 -9999.000 -9999.000 -9999.000 -9999.000 -9999.000 -9999.000 -9999.000 -9999.000 -9999.000 -9999.000 -9999.000 -9999.000 -9999.000 -9999.000 -9999.000 -9999.000 -9999.000 -9999.000 -9999.000 -9999.000 -9999.000 -9999.000
-9999.000 -9999.000 -9999.000 -9999.000 -9999.000 -9999.000 -9999.000 -9999.000 -9999.000 -9999.000 -9999.000 -9999.000 -9999.000 -9999.000 -9999.000 -0.1566172 -0.1543112 -0.1541254 -0.1543219 -0.1546781 -0.1550931 -0.1555096 -0.1559005 -0.1562771 -0.1567067 -0.1573677 -0.1585983 -0.1609937 -0.1654104 -0.1652769 -0.1652769 -9999.000 -9999.000 -9999.000 -9999.000 -9999.000 -9999.000 -9999.000 -9999.000 -9999.000 -9999.000 -9999.000 -9999.000 -9999.000 -9999.000 -9999.000 -9999.000 -9999.000 -9999.000 -9999.000 -9999.000 -9999.000 -9999.000 -9999.000 -9999.000 -9999.000 -9999.000 -9999.000 -9999.000
-9999.000 -9999.000 -9999.000 -9999.000 -9999.000 -9999.000 -9999.000 -9999.000 -9999.000 -9999.000 -9999.000 -9999.000 -9999.000 -9999.000 -9999.000 -0.1531720 -0.1495189 -0.1492093 -0.1495627 -0.1502186 -0.1510089 -0.1518364 -0.1526557 -0.1534867 -0.1544423 -0.1558157 -0.1581529 -0.1623967 -0.1698779 -0.1706514 -0.1706514 -9999.000 -9999.000 -9999.000 -9999.000 -9999.000 -9999.000 -9999.000 -9999.000 -9999.000 -9999.000 -9999.000 -9999.000 -9999.000 -9999.000 -9999.000 -9999.000 -9999.000 -9999.000 -9999.000 -9999.000 -9999.000 -9999.000 -9999.000 -9999.000 -9999.000 -9999.000 -9999.000 -9999.000
-9999.000 -9999.000 -9999.000 -9999.000 -9999.000 -9999.000 -9999.000 -9999.000 -9999.000 -9999.000 -9999.000 -9999.000 -9999.000 -9999.000 -9999.000 -0.1490315 -0.1440742 -0.1436649 -0.1442276 -0.1452594 -0.1465205 -0.1478711 -0.1492445 -0.1506665 -0.1522948 -0.1545402 -0.1581660 -0.1644859 -0.1753590 -0.1777290 -0.1777290 -9999.000 -9999.000 -9999.000 -9999.000 -9999.000 -9999.000 -9999.000 -9999.000 -9999.000 -9999.000 -9999.000 -9999.000 -9999.000 -9999.000 -9999.000 -9999.000 -9999.000 -9999.000 -9999.000 -9999.000 -9999.000 -9999.000 -9999.000 -9999.000 -9999.000 -9999.000 -9999.000 -9999.000
-9999.000 -9999.000 -9999.000 -9999.000 -9999.000 -9999.000 -9999.000 -9999.000 -9999.000 -9999.000 -9999.000 -9999.000 -9999.000 -9999.000 -9999.000 -0.1443211 -0.1381008 -0.1376104 -0.1384250 -0.1398937 -0.1417008 -0.1436595 -0.1456787 -0.1477892 -0.1501943 -0.1534294 -0.1584928 -0.1671030 -0.1817198 -0.1864530 -0.1864530 -9999.000 -9999.000 -9999.000 -9999.000 -9999.000 -9999.000 -9999.000 -9999.000 -9999.000 -9999.000 -9999.000 -9999.000 -9999.000 -9999.000 -9999.000 -9999.000 -9999.000 -9999.000 -9999.000 -9999.000 -9999.000 -9999.000 -9999.000 -9999.000 -9999.000 -9999.000 -9999.000 -9999.000
-9999.000 -9999.000 -9999.000 -9999.000 -9999.000 -9999.000 -9999.000 -9999.000 -9999.000 -9999.000 -9999.000 -9999.000 -9999.000 -9999.000 -9999.000 -0.1391038 -0.1316693 -0.1311119 -0.1322114 -0.1341651 -0.1365769 -0.1392089 -0.1419437 -0.1448157 -0.1480772 -0.1523990 -0.1590364 -0.1701567 -0.1889156 -0.1969156 -0.1969156 -9999.000 -9999.000 -9999.000 -9999.000 -9999.000 -9999.000 -9999.000 -9999.000 -9999.000 -9999.000 -9999.000 -9999.000 -9999.000 -9999.000 -9999.000 -9999.000 -9999.000 -9999.000 -9999.000 -9999.000 -9999.000 -9999.000 -9999.000 -9999.000 -9999.000 -9999.000 -9999.000 -9999.000
-9999.000 -9999.000 -9999.000 -9999.000 -9999.000 -9999.000 -9999.000 -9999.000 -9999.000 -9999.000 -9999.000 -9999.000 -9999.000 -9999.000 -9999.000 -0.1333951 -0.1248109 -0.1241982 -0.1256083 -0.1280854 -0.1311487 -0.1345060 -0.1380104 -0.1417011 -0.1458836 -0.1513776 -0.1597237 -0.1735919 -0.1969567 -0.2093324 -0.2093324 -9999.000 -9999.000 -9999.000 -9999.000 -9999.000 -9999.000 -9999.000 -9999.000 -9999.000 -9999.000 -9999.000 -9999.000 -9999.000 -9999.000 -9999.000 -9999.000 -9999.000 -9999.000 -9999.000 -9999.000 -9999.000 -9999.000 -9999.000 -9999.000 -9999.000 -9999.000 -9999.000 -9999.000
-9999.000 -9999.000 -9999.000 -9999.000 -9999.000 -9999.000 -9999.000 -9999.000 -9999.000 -9999.000 -9999.000 -9999.000 -9999.000 -9999.000 -9999.000 -0.1271759 -0.1175289 -0.1168716 -0.1186126 -0.1216444 -0.1253973 -0.1295212 -0.1338380 -0.1383929 -0.1435503 -0.1502957 -0.1604892 -0.1773704 -0.2058917 -0.2240497 -0.2240497 -9999.000 -9999.000 -9999.000 -9999.000 -9999.000 -9999.000 -9999.000 -9999.000 -9999.000 -9999.000 -9999.000 -9999.000 -9999.000 -9999.000 -9999.000 -9999.000 -9999.000 -9999.000 -9999.000 -9999.000 -9999.000 -9999.000 -9999.000 -9999.000 -9999.000 -9999.000 -9999.000 -9999.000
-9999.000 -9999.000 -9999.000 -9999.000 -9999.000 -9999.000 -9999.000 -9999.000 -9999.000 -9999.000 -9999.000 -9999.000 -9999.000 -9999.000 -9999.000 -0.1203995 -0.1098055 -0.1091150 -0.1112033 -0.1148147 -0.1192874 -0.1242102 -0.1293719 -0.1348259 -0.1410028 -0.1490741 -0.1612621 -0.1814585 -0.2157985 -0.2415768 -0.2415768 -9999.000 -9999.000 -9999.000 -9999.000 -9999.000 -9999.000 -9999.000 -9999.000 -9999.000 -9999.000 -9999.000 -9999.000 -9999.000 -9999.000 -9999.000 -9999.000 -9999.000 -9999.000 -9999.000 -9999.000 -9999.000 -9999.000 -9999.000 -9999.000 -9999.000 -9999.000 -9999.000 -9999.000
-9999.000 -9999.000 -9999.000 -9999.000 -9999.000 -9999.000 -9999.000 -9999.000 -9999.000 -9999.000 -9999.000 -9999.000 -9999.000 -9999.000 -9999.000 -0.1129948 -0.1016041 -0.1008938 -0.1033427 -0.1075533 -0.1127682 -0.1185124 -0.1245402 -0.1309161 -0.1381462 -0.1476129 -0.1619527 -0.1858125 -0.2267769 -0.2626518 -0.2626518 -9999.000 -9999.000 -9999.000 -9999.000 -9999.000 -9999.000 -9999.000 -9999.000 -9999.000 -9999.000 -9999.000 -9999.000 -9999.000 -9999.000 -9999.000 -9999.000 -9999.000 -9999.000 -9999.000 -9999.000 -9999.000 -9999.000 -9999.000 -9999.000 -9999.000 -9999.000 -9999.000 -9999.000
-9999.000 -9999.000 -9999.000 -9999.000 -9999.000 -9999.000 -9999.000 -9999.000 -9999.000 -9999.000 -9999.000 -9999.000 -9999.000 -9999.000 -9999.000 -0.1048620 -0.9286533E-01 -0.9215204E-01 -0.9497335E-01 -0.9979774E-01 -0.1057691 -0.1123455 -0.1192463 -0.1265508 -0.1348527 -0.1457757 -0.1624346 -0.1903620 -0.2389408 -0.2883594 -0.2883594 -9999.000 -9999.000 -9999.000 -9999.000 -9999.000 -9999.000 -9999.000 -9999.000 -9999.000 -9999.000 -9999.000 -9999.000 -9999.000 -9999.000 -9999.000 -9999.000 -9999.000 -9999.000 -9999.000 -9999.000 -9999.000 -9999.000 -9999.000 -9999.000 -9999.000 -9999.000 -9999.000 -9999.000
-9999.000 -9999.000 -9999.000 -9999.000 -9999.000 -9999.000 -9999.000 -9999.000 -9999.000 -9999.000 -9999.000 -9999.000 -9999.000 -9999.000 -9999.000 -0.9586217E-01 -0.8349708E-01 -0.8280233E-01 -0.8600739E-01 -0.9145574E-01 -0.9818918E-01 -0.1055951 -0.1133570 -0.1215739 -0.1309430 -0.1433664 -0.1625172 -0.1949805 -0.2524005 -0.3203454 -0.3203454 -9999.000 -9999.000 -9999.000 -9999.000 -9999.000 -9999.000 -9999.000 -9999.000 -9999.000 -9999.000 -9999.000 -9999.000 -9999.000 -9999.000 -9999.000 -9999.000 -9999.000 -9999.000 -9999.000 -9999.000 -9999.000 -9999.000 -9999.000 -9999.000 -9999.000 -9999.000 -9999.000 -9999.000
-9999.000 -9999.000 -9999.000 -9999.000 -9999.000 -9999.000 -9999.000 -9999.000 -9999.000 -9999.000 -9999.000 -9999.000 -9999.000 -9999.000 -9999.000 -0.8579769E-01 -0.7335652E-01 -0.7270664E-01 -0.7630631E-01 -0.8238456E-01 -0.8987561E-01 -0.9809104E-01 -0.1066765 -0.1157569 -0.1261513 -0.1400868 -0.1618962 -0.1994313 -0.2672209 -0.3612251 -0.3612251 -9999.000 -9999.000 -9999.000 -9999.000 -9999.000 -9999.000 -9999.000 -9999.000 -9999.000 -9999.000 -9999.000 -9999.000 -9999.000 -9999.000 -9999.000 -9999.000 -9999.000 -9999.000 -9999.000 -9999.000 -9999.000 -9999.000 -9999.000 -9999.000 -9999.000 -9999.000 -9999.000 -9999.000
-9999.000 -9999.000 -9999.000 -9999.000 -9999.000 -9999.000 -9999.000 -9999.000 -9999.000 -9999.000 -9999.000 -9999.000 -9999.000 -9999.000 -9999.000 -0.7432756E-01 -0.6218778E-01 -0.6162180E-01 -0.6563412E-01 -0.7234894E-01 -0.8058511E-01 -0.8957011E-01 -0.9890714E-01 -0.1087524 -0.1200688 -0.1354649 -0.1600605 -0.2032544 -0.2833127 -0.4154542 -0.4154542 -9999.000 -9999.000 -9999.000 -9999.000 -9999.000 -9999.000 -9999.000 -9999.000 -9999.000 -9999.000 -9999.000 -9999.000 -9999.000 -9999.000 -9999.000 -9999.000 -9999.000 -9999.000 -9999.000 -9999.000 -9999.000 -9999.000 -9999.000 -9999.000 -9999.000 -9999.000 -9999.000 -9999.000
-9999.000 -9999.000 -9999.000 -9999.000 -9999.000 -9999.000 -9999.000 -9999.000 -9999.000 -9999.000 -9999.000 -9999.000 -9999.000 -9999.000 -9999.000 -0.5417813E-01 -0.4679719E-01 -0.4781497E-01 -0.5329553E-01 -0.6136472E-01 -0.7079315E-01 -0.8078148E-01 -0.9094089E-01 -0.1015072 -0.1136386 -0.1303951 -0.1578143 -0.2071406 -0.3013759 -0.4898940 -0.4898940 -9999.000 -9999.000 -9999.000 -9999.000 -9999.000 -9999.000 -9999.000 -9999.000 -9999.000 -9999.000 -9999.000 -9999.000 -9999.000 -9999.000 -9999.000 -9999.000 -9999.000 -9999.000 -9999.000 -9999.000 -9999.000 -9999.000 -9999.000 -9999.000 -9999.000 -9999.000 -9999.000 -9999.000
-0.1958767E-02 -0.1958767E-02 -0.5125995E-02 -0.5172827E-02 -0.5132855E-02 -0.5132855E-02 -0.5104235E-02 -0.5071561E-02 -0.5071561E-02 -0.5048885E-02 -0.5048885E-02 -0.5022049E-02 -0.5006223E-02 -0.4988951E-02 -0.4970467E-02 -0.4970467E-02 -0.5444348E-01 -0.6028185E-01 -0.6952439E-01 -0.8244085E-01 -0.9771568E-01 -0.1139784 -0.1301584 -0.1456970 -0.1607566 -0.1770960 -0.1990735 -0.2354460 -0.3042811 -0.4693287 -0.4693287 -0.2374684 -0.1143121 -0.2049250E-01 -0.8269527E-02 -0.8269527E-02 0.8039171E-03 0.8039171E-03 0.9665867E-02 0.9665867E-02 -0.1846915E-01 -0.2332648E-01 -0.2332648E-01 -0.6448724E-03 -0.6448724E-03 0.1012960E-01 0.1012960E-01 0.1012960E-01 0.1103097E-01 0.1103097E-01 0.8510176E-02 0.8510176E-02 0.6241207E-02 0.6241207E-02 0.4134762E-02 0.4134762E-02 0.2320434E-02 0.2320434E-02 0.2320434E-02
-0.2987518E-02 -0.2987518E-02 -0.7591866E-02 -0.7394934E-02 -0.7259826E-02 -0.7259826E-02 -0.7181651E-02 -0.7126358E-02 -0.7126358E-02 -0.7116364E-02 -0.7116364E-02 -0.7101799E-02 -0.7089127E-02 -0.7073564E-02 -0.7055447E-02 -0.7055447E-02 -0.7511406E-01 -0.8721840E-01 -0.1026597 -0.1233380 -0.1480867 -0.1751602 -0.2028323 -0.2295884 -0.2540886 -0.2759630 -0.2963492 -0.3182330 -0.3476903 -0.3983548 -0.3983548 -0.2470187 -0.1430514 -0.4414101E-01 -0.2410474E-01 -0.2410474E-01 0.4256235E-02 0.4256235E-02 0.3770116E-01 0.3770116E-01 0.8724536E-02 -0.2019243E-01 -0.2019243E-01 0.2911311E-02 0.2911311E-02 0.2010886E-01 0.2010886E-01 0.2010886E-01 0.1865223E-01 0.1865223E-01 0.1576141E-01 0.1576141E-01 0.1168332E-01 0.1168332E-01 0.7634019E-02 0.7634019E-02 0.4303599E-02 0.4303599E-02 0.4303599E-02
-0.2425502E-02 -0.2425502E-02 -0.6084728E-02 -0.6350950E-02 -0.6186847E-02 -0.6186847E-02 -0.6074393E-02 -0.6001987E-02 -0.6001987E-02 -0.6017550E-02 -0.6017550E-02 -0.6033961E-02 -0.6034761E-02 -0.6031222E-02 -0.6024185E-02 -0.6024185E-02 -0.7069658E-01 -0.9060309E-01 -0.1113471 -0.1369426 -0.1674486 -0.2016832 -0.2381036 -0.2750681 -0.3108081 -0.3438559 -0.3734007 -0.3992427 -0.4217467 -0.4402000 -0.4402000 -0.3425920 -0.2534944 -0.1292448 -0.8514678E-01 -0.8514678E-01 -0.3709618E-02 -0.3709618E-02 0.7850047E-01 0.7850047E-01 0.8481622E-01 0.3716365E-01 0.3716365E-01 0.2226098E-01 0.2226098E-01 0.2794840E-01 0.2794840E-01 0.2794840E-01 0.2188892E-01 0.2188892E-01 0.1789345E-01 0.1789345E-01 0.1237653E-01 0.1237653E-01 0.7103824E-02 0.7103824E-02 0.3227720E-02 0.3227720E-02 0.3227720E-02
-0.1891415E-02 -0.1891415E-02 -0.4692385E-02 -0.5185166E-02 -0.5017621E-02 -0.5017621E-02 -0.4885192E-02 -0.4790180E-02 -0.4790180E-02 -0.4807042E-02 -0.4807042E-02 -0.4829483E-02 -0.4832600E-02 -0.4830853E-02 -0.4825577E-02 -0.4825577E-02 -0.6162453E-01 -0.8848689E-01 -0.1144267 -0.1438157 -0.1777964 -0.2159151 -0.2570999 -0.3000040 -0.3431828 -0.3849082 -0.4233467 -0.4569254 -0.4839041 -0.4994935 -0.4994935 -0.4322778 -0.3590945 -0.2237949 -0.1578935 -0.1578935 -0.1797720E-01 -0.1797720E-01 0.1117885 0.1117885 0.1454327 0.1165818 0.1165818 0.6076880E-01 0.6076880E-01 0.3505985E-01 0.3505985E-01 0.3505985E-01 0.2299198E-01 0.2299198E-01 0.1474036E-01 0.1474036E-01 0.7415039E-02 0.7415039E-02 0.1626397E-02 0.1626397E-02 -0.1809974E-02 -0.1809974E-02 -0.1809974E-02
-0.1388142E-02 -0.1388142E-02 -0.3416557E-02 -0.3952419E-02 -0.3808141E-02 -0.3808141E-02 -0.3681728E-02 -0.3584502E-02 -0.3584502E-02 -0.3599300E-02 -0.3599300E-02 -0.3622066E-02 -0.3625885E-02 -0.3625226E-02 -0.3621251E-02 -0.3621251E-02 -0.5250946E-01 -0.8517892E-01 -0.1169160 -0.1505699 -0.1878222 -0.2288565 -0.2730888 -0.3195490 -0.3670943 -0.4141818 -0.4589068 -0.4992503 -0.5326287 -0.5530493 -0.5530493 -0.5086807 -0.4491200 -0.3030627 -0.2151430 -0.2151430 -0.2453519E-01 -0.2453519E-01 0.1323337 0.1323337 0.1783987 0.1779925 0.1779925 0.1072605 0.1072605 0.4495699E-01 0.4495699E-01 0.4495699E-01 0.2334757E-01 0.2334757E-01 0.9696775E-02 0.9696775E-02 0.1963884E-03 0.1963884E-03 -0.5848024E-02 -0.5848024E-02 -0.8354016E-02 -0.8354016E-02 -0.8354016E-02
-0.9103770E-03 -0.9103770E-03 -0.2228752E-02 -0.2665917E-02 -0.2562062E-02 -0.2562062E-02 -0.2464271E-02 -0.2385498E-02 -0.2385498E-02 -0.2396254E-02 -0.2396254E-02 -0.2414649E-02 -0.2418005E-02 -0.2417911E-02 -0.2415272E-02 -0.2415272E-02 -0.4500047E-01 -0.8207250E-01 -0.1200135 -0.1588760 -0.2000667 -0.2441762 -0.2910633 -0.3401349 -0.3905552 -0.4410658 -0.4899386 -0.5350997 -0.5736960 -0.5993643 -0.5993643 -0.5728468 -0.5208887 -0.3505535 -0.2392689 -0.2392689 -0.1895555E-01 -0.1895555E-01 0.1384420 0.1384420 0.1858538 0.2078432 0.2078432 0.1480962 0.1480962 0.5848037E-01 0.5848037E-01 0.5848037E-01 0.2513514E-01 0.2513514E-01 0.4868532E-02 0.4868532E-02 -0.7405048E-02 -0.7405048E-02 -0.1379054E-01 -0.1379054E-01 -0.1515213E-01 -0.1515213E-01 -0.1515213E-01
-0.4506035E-03 -0.4506035E-03 -0.1099765E-02 -0.1342388E-02 -0.1288387E-02 -0.1288387E-02 -0.1235453E-02 -0.1191405E-02 -0.1191405E-02 -0.1197090E-02 -0.1197090E-02 -0.1207234E-02 -0.1209285E-02 -0.1209318E-02 -0.1207919E-02 -0.1207919E-02 -0.4026164E-01 -0.8065306E-01 -0.1247580 -0.1696697 -0.2157043 -0.2634785 -0.3131923 -0.3646272 -0.4172716 -0.4701842 -0.5218996 -0.5704583 -0.6129506 -0.6425244 -0.6425244 -0.6258541 -0.5699881 -0.3553752 -0.2270133 -0.2270133 -0.8684251E-02 -0.8684251E-02 0.1308263 0.1308263 0.1745172 0.2098366 0.2098366 0.1731469 0.1731469 0.7394243E-01 0.7394243E-01 0.7394243E-01 0.2926610E-01 0.2926610E-01 0.1609293E-02 0.1609293E-02 -0.1410155E-01 -0.1410155E-01 -0.2108282E-01 -0.2108282E-01 -0.2128293E-01 -0.2128293E-01 -0.2128293E-01
-0.5844151E-07 -0.5844151E-07 -0.5431798E-07 -0.2068916E-07 -0.6603192E-07 -0.6603192E-07 -0.7337388E-07 0.1535092E-07 0.1535092E-07 0.4156861E-08 0.4156861E-08 0.1338749E-06 0.1054219E-06 0.1126415E-07 0.1530486E-06 0.1530486E-06 -0.3926882E-01 -0.8275801E-01 -0.1327753 -0.1842496 -0.2359557 -0.2880921 -0.3410078 -0.3948211 -0.4493733 -0.5040829 -0.5578099 -0.6087994 -0.6540356 -0.6848840 -0.6848840 -0.6655118 -0.5857950 -0.3195928 -0.1921785 -0.1921785 -0.3149711E-02 -0.3149711E-02 0.1131023 0.1131023 0.1520021 0.1936234 0.1936234 0.1794150 0.1794150 0.8772632E-01 0.8772632E-01 0.8772632E-01 0.3518768E-01 0.3518768E-01 0.5649159E-03 0.5649159E-03 -0.1891758E-01 -0.1891758E-01 -0.2676278E-01 -0.2676278E-01 -0.2595835E-01 -0.2595835E-01 -0.2595835E-01
0.4505727E-03 0.4505727E-03 0.1099733E-02 0.1342319E-02 0.1288434E-02 0.1288434E-02 0.1235410E-02 0.1191452E-02 0.1191452E-02 0.1197147E-02 0.1197147E-02 0.1207402E-02 0.1209360E-02 0.1209382E-02 0.1208196E-02 0.1208196E-02 -0.4308892E-01 -0.9056941E-01 -0.1464506 -0.2046732 -0.2625874 -0.3196635 -0.3761565 -0.4324227 -0.4886539 -0.5446679 -0.5997191 -0.6523276 -0.6989745 -0.7254452 -0.7254452 -0.6803296 -0.5526173 -0.2636755 -0.1556015 -0.1556015 -0.5184810E-02 -0.5184810E-02 0.9047169E-01 0.9047169E-01 0.1247893 0.1677957 0.1677957 0.1697755 0.1697755 0.9600057E-01 0.9600057E-01 0.9600057E-01 0.4116884E-01 0.4116884E-01 0.1618900E-02 0.1618900E-02 -0.2123237E-01 -0.2123237E-01 -0.3003984E-01 -0.3003984E-01 -0.2851301E-01 -0.2851301E-01 -0.2851301E-01
0.9103897E-03 0.9103897E-03 0.2228821E-02 0.2665815E-02 0.2562049E-02 0.2562049E-02 0.2464367E-02 0.2385454E-02 0.2385454E-02 0.2396298E-02 0.2396298E-02 0.2414663E-02 0.2418137E-02 0.2418038E-02 0.2415555E-02 0.2415555E-02 -0.5330056E-01 -0.1068101 -0.1690615 -0.2340402 -0.2982774 -0.3605213 -0.4207588 -0.4794461 -0.5370734 -0.5938617 -0.6495103 -0.7028324 -0.7483963 -0.7558057 -0.7558057 -0.6455383 -0.4691522 -0.2122821 -0.1284611 -0.1284611 -0.1133197E-01 -0.1133197E-01 0.6745142E-01 0.6745142E-01 0.9720574E-01 0.1379817 0.1379817 0.1492655 0.1492655 0.9634687E-01 0.9634687E-01 0.9634687E-01 0.4504292E-01 0.4504292E-01 0.4004243E-02 0.4004243E-02 -0.2084963E-01 -0.2084963E-01 -0.3036292E-01 -0.3036292E-01 -0.2844486E-01 -0.2844486E-01 -0.2844486E-01
0.1388077E-02 0.1388077E-02 0.3416566E-02 0.3952279E-02 0.3808002E-02 0.3808002E-02 0.3681732E-02 0.3584435E-02 0.3584435E-02 0.3599347E-02 0.3599347E-02 0.3622136E-02 0.3626029E-02 0.3625351E-02 0.3621605E-02 0.3621605E-02 -0.7265290E-01 -0.1353084 -0.2051168 -0.2768327 -0.3470215 -0.4140880 -0.4777699 -0.5385242 -0.5970508 -0.6539286 -0.7093067 -0.7620845 -0.7997860 -0.7491759 -0.7491759 -0.5425091 -0.3694851 -0.1741638 -0.1102011 -0.1102011 -0.1705364E-01 -0.1705364E-01 0.4677550E-01 0.4677550E-01 0.7158094E-01 0.1074252 0.1074252 0.1225380 0.1225380 0.8841337E-01 0.8841337E-01 0.8841337E-01 0.4508933E-01 0.4508933E-01 0.6633460E-02 0.6633460E-02 -0.1797055E-01 -0.1797055E-01 -0.2749087E-01 -0.2749087E-01 -0.2548980E-01 -0.2548980E-01 -0.2548980E-01
