cruce_test.gid/Rasters/Hydraulic/Velocity__y_111.0.asc
NCOLS        79
NROWS        79
XLLCENTER         -1.500000
YLLCENTER         -4.800000
CELLSIZE           0.100
NODATA_VALUE     -9999.0
[rows 0 to 25 of 79, columns 0 to 58 of 79]
-9999.000 -9999.000 -9999.000 -9999.000 -9999.000 -9999.000 -9999.000 -9999.000 -9999.000 -9999.000 -9999.000 -9999.000 -9999.000 -9999.000 -9999.000 -0.1646657 -0.1635741 -0.1635006 -0.1636048 -0.1637692 -0.1639479 -0.1641186 -0.1642721 -0.1644173 -0.1645947 -0.1648907 -0.1654631 -0.1665872 -0.1686401 -0.1680704 -0.1680704 -9999.000 -9999.000 -9999.000 -9999.000 -9999.000 -9999.000 -9999.000 -9999.000 -9999.000 -9999.000 -9999.000 -9999.000 -9999.000 -9999.000 -9999.000 -9999.000 -9999.000 -9999.000 -9999.000 -9999.000 -9999.000 -9999.000 -9999.000 -9999.000 -9999.000 -9999.000 -9999.000 -9999.000
-9999.000 -9999.000 -9999.000 -9999.000 -9999.000 -9999.000 -9999.000 -9999.000 -9999.000 -9999.000 -9999.000 -9999.000 -9999.000 -9999.000 -9999.000 -0.1624625 -0.1601040 -0.1599243 -0.1601334 -0.1604827 -0.1608742 -0.1612590 -0.1616184 -0.1619748 -0.1624179 -0.1631340 -0.1644565 -0.1669500 -0.1713687 -0.1707509 -0.1707509 -9999.000 -9999.000 -9999.000 -9999.000 -9999.000 -9999.000 -9999.000 -9999.000 -9999.000 -9999.000 -9999.000 -9999.000 -9999.000 -9999.000 -9999.000 -9999.000 -9999.000 -9999.000 -9999.000 -9999.000 -9999.000 -9999.000 -9999.000 -9999.000 -9999.000 -9999.000 -9999.000 -9999.000
-9999.000 -9999.000 -9999.000 -9999.000 -9999.000 -9999.000 -9999.000 -9999.000 -9999.000 -9999.000 -9999.000 -9999.000 -9999.000 -9999.000 -9999.000 -0.1590088 -0.1552456 -0.1549398 -0.1553087 -0.1559483 -0.1566952 -0.1574661 -0.1582300 -0.1590259 -0.1600041 -0.1614722 -0.1639672 -0.1683812 -0.1758756 -0.1758789 -0.1758789 -9999.000 -9999.000 -9999.000 -9999.000 -9999.000 -9999.000 -9999.000 -9999.000 -9999.000 -9999.000 -9999.000 -9999.000 -9999.000 -9999.000 -9999.000 -9999.000 -9999.000 -9999.000 -9999.000 -9999.000 -9999.000 -9999.000 -9999.000 -9999.000 -9999.000 -9999.000 -9999.000 -9999.000
-9999.000 -9999.000 -9999.000 -9999.000 -9999.000 -9999.000 -9999.000 -9999.000 -9999.000 -9999.000 -9999.000 -9999.000 -9999.000 -9999.000 -9999.000 -0.1548463 -0.1497126 -0.1493032 -0.1498851 -0.1508923 -0.1520921 -0.1533637 -0.1546614 -0.1560379 -0.1577055 -0.1600956 -0.1639597 -0.1705395 -0.1814556 -0.1827724 -0.1827724 -9999.000 -9999.000 -9999.000 -9999.000 -9999.000 -9999.000 -9999.000 -9999.000 -9999.000 -9999.000 -9999.000 -9999.000 -9999.000 -9999.000 -9999.000 -9999.000 -9999.000 -9999.000 -9999.000 -9999.000 -9999.000 -9999.000 -9999.000 -9999.000 -9999.000 -9999.000 -9999.000 -9999.000
-9999.000 -9999.000 -9999.000 -9999.000 -9999.000 -9999.000 -9999.000 -9999.000 -9999.000 -9999.000 -9999.000 -9999.000 -9999.000 -9999.000 -9999.000 -0.1500891 -0.1436237 -0.1431283 -0.1439671 -0.1454052 -0.1471353 -0.1489958 -0.1509232 -0.1529827 -0.1554509 -0.1588919 -0.1642892 -0.1732685 -0.1879797 -0.1913806 -0.1913806 -9999.000 -9999.000 -9999.000 -9999.000 -9999.000 -9999.000 -9999.000 -9999.000 -9999.000 -9999.000 -9999.000 -9999.000 -9999.000 -9999.000 -9999.000 -9999.000 -9999.000 -9999.000 -9999.000 -9999.000 -9999.000 -9999.000 -9999.000 -9999.000 -9999.000 -9999.000 -9999.000 -9999.000
-9999.000 -9999.000 -9999.000 -9999.000 -9999.000 -9999.000 -9999.000 -9999.000 -9999.000 -9999.000 -9999.000 -9999.000 -9999.000 -9999.000 -9999.000 -0.1447960 -0.1370501 -0.1364813 -0.1376115 -0.1395301 -0.1418510 -0.1443679 -0.1469977 -0.1498172 -0.1531725 -0.1577725 -0.1648555 -0.1764759 -0.1954060 -0.2018004 -0.2018004 -9999.000 -9999.000 -9999.000 -9999.000 -9999.000 -9999.000 -9999.000 -9999.000 -9999.000 -9999.000 -9999.000 -9999.000 -9999.000 -9999.000 -9999.000 -9999.000 -9999.000 -9999.000 -9999.000 -9999.000 -9999.000 -9999.000 -9999.000 -9999.000 -9999.000 -9999.000 -9999.000 -9999.000
-9999.000 -9999.000 -9999.000 -9999.000 -9999.000 -9999.000 -9999.000 -9999.000 -9999.000 -9999.000 -9999.000 -9999.000 -9999.000 -9999.000 -9999.000 -0.1389793 -0.1300257 -0.1293936 -0.1308413 -0.1332796 -0.1362387 -0.1394646 -0.1428528 -0.1464922 -0.1508054 -0.1566605 -0.1655811 -0.1801047 -0.2037489 -0.2142538 -0.2142538 -9999.000 -9999.000 -9999.000 -9999.000 -9999.000 -9999.000 -9999.000 -9999.000 -9999.000 -9999.000 -9999.000 -9999.000 -9999.000 -9999.000 -9999.000 -9999.000 -9999.000 -9999.000 -9999.000 -9999.000 -9999.000 -9999.000 -9999.000 -9999.000 -9999.000 -9999.000 -9999.000 -9999.000
-9999.000 -9999.000 -9999.000 -9999.000 -9999.000 -9999.000 -9999.000 -9999.000 -9999.000 -9999.000 -9999.000 -9999.000 -9999.000 -9999.000 -9999.000 -0.1326145 -0.1225557 -0.1218697 -0.1236561 -0.1266452 -0.1302800 -0.1342557 -0.1384456 -0.1429516 -0.1482809 -0.1554812 -0.1663960 -0.1841157 -0.2130626 -0.2290970 -0.2290970 -9999.000 -9999.000 -9999.000 -9999.000 -9999.000 -9999.000 -9999.000 -9999.000 -9999.000 -9999.000 -9999.000 -9999.000 -9999.000 -9999.000 -9999.000 -9999.000 -9999.000 -9999.000 -9999.000 -9999.000 -9999.000 -9999.000 -9999.000 -9999.000 -9999.000 -9999.000 -9999.000 -9999.000
-9999.000 -9999.000 -9999.000 -9999.000 -9999.000 -9999.000 -9999.000 -9999.000 -9999.000 -9999.000 -9999.000 -9999.000 -9999.000 -9999.000 -9999.000 -0.1256471 -0.1146222 -0.1138930 -0.1160355 -0.1196006 -0.1239407 -0.1286974 -0.1337208 -0.1391277 -0.1455211 -0.1541506 -0.1672252 -0.1884736 -0.2234327 -0.2468562 -0.2468562 -9999.000 -9999.000 -9999.000 -9999.000 -9999.000 -9999.000 -9999.000 -9999.000 -9999.000 -9999.000 -9999.000 -9999.000 -9999.000 -9999.000 -9999.000 -9999.000 -9999.000 -9999.000 -9999.000 -9999.000 -9999.000 -9999.000 -9999.000 -9999.000 -9999.000 -9999.000 -9999.000 -9999.000
-9999.000 -9999.000 -9999.000 -9999.000 -9999.000 -9999.000 -9999.000 -9999.000 -9999.000 -9999.000 -9999.000 -9999.000 -9999.000 -9999.000 -9999.000 -0.1179931 -0.1061847 -0.1054255 -0.1079395 -0.1121011 -0.1171687 -0.1227278 -0.1286053 -0.1349344 -0.1424275 -0.1525646 -0.1679749 -0.1931346 -0.2349708 -0.2682984 -0.2682984 -9999.000 -9999.000 -9999.000 -9999.000 -9999.000 -9999.000 -9999.000 -9999.000 -9999.000 -9999.000 -9999.000 -9999.000 -9999.000 -9999.000 -9999.000 -9999.000 -9999.000 -9999.000 -9999.000 -9999.000 -9999.000 -9999.000 -9999.000 -9999.000 -9999.000 -9999.000 -9999.000 -9999.000
-9999.000 -9999.000 -9999.000 -9999.000 -9999.000 -9999.000 -9999.000 -9999.000 -9999.000 -9999.000 -9999.000 -9999.000 -9999.000 -9999.000 -9999.000 -0.1095362 -0.9717631E-01 -0.9640417E-01 -0.9930370E-01 -0.1040779 -0.1098881 -0.1162606 -0.1229990 -0.1302554 -0.1388681 -0.1505823 -0.1685151 -0.1980294 -0.2478079 -0.2945610 -0.2945610 -9999.000 -9999.000 -9999.000 -9999.000 -9999.000 -9999.000 -9999.000 -9999.000 -9999.000 -9999.000 -9999.000 -9999.000 -9999.000 -9999.000 -9999.000 -9999.000 -9999.000 -9999.000 -9999.000 -9999.000 -9999.000 -9999.000 -9999.000 -9999.000 -9999.000 -9999.000 -9999.000 -9999.000
-9999.000 -9999.000 -9999.000 -9999.000 -9999.000 -9999.000 -9999.000 -9999.000 -9999.000 -9999.000 -9999.000 -9999.000 -9999.000 -9999.000 -9999.000 -0.1001189 -0.8749601E-01 -0.8673134E-01 -0.9002910E-01 -0.9542706E-01 -0.1019860 -0.1091698 -0.1167579 -0.1249253 -0.1346551 -0.1480002 -0.1686498 -0.2030323 -0.2620789 -0.3273857 -0.3273857 -9999.000 -9999.000 -9999.000 -9999.000 -9999.000 -9999.000 -9999.000 -9999.000 -9999.000 -9999.000 -9999.000 -9999.000 -9999.000 -9999.000 -9999.000 -9999.000 -9999.000 -9999.000 -9999.000 -9999.000 -9999.000 -9999.000 -9999.000 -9999.000 -9999.000 -9999.000 -9999.000 -9999.000
-9999.000 -9999.000 -9999.000 -9999.000 -9999.000 -9999.000 -9999.000 -9999.000 -9999.000 -9999.000 -9999.000 -9999.000 -9999.000 -9999.000 -9999.000 -0.8952689E-01 -0.7699256E-01 -0.7625861E-01 -0.7996433E-01 -0.8598889E-01 -0.9328986E-01 -0.1012638 -0.1096651 -0.1186951 -0.1295039 -0.1445038 -0.1680618 -0.2079031 -0.2778776 -0.3695700 -0.3695700 -9999.000 -9999.000 -9999.000 -9999.000 -9999.000 -9999.000 -9999.000 -9999.000 -9999.000 -9999.000 -9999.000 -9999.000 -9999.000 -9999.000 -9999.000 -9999.000 -9999.000 -9999.000 -9999.000 -9999.000 -9999.000 -9999.000 -9999.000 -9999.000 -9999.000 -9999.000 -9999.000 -9999.000
-9999.000 -9999.000 -9999.000 -9999.000 -9999.000 -9999.000 -9999.000 -9999.000 -9999.000 -9999.000 -9999.000 -9999.000 -9999.000 -9999.000 -9999.000 -0.7740063E-01 -0.6540062E-01 -0.6473161E-01 -0.6885922E-01 -0.7550887E-01 -0.8353037E-01 -0.9224757E-01 -0.1013868 -0.1111793 -0.1229675 -0.1395846 -0.1662056 -0.2121564 -0.2951327 -0.4259379 -0.4259379 -9999.000 -9999.000 -9999.000 -9999.000 -9999.000 -9999.000 -9999.000 -9999.000 -9999.000 -9999.000 -9999.000 -9999.000 -9999.000 -9999.000 -9999.000 -9999.000 -9999.000 -9999.000 -9999.000 -9999.000 -9999.000 -9999.000 -9999.000 -9999.000 -9999.000 -9999.000 -9999.000 -9999.000
-9999.000 -9999.000 -9999.000 -9999.000 -9999.000 -9999.000 -9999.000 -9999.000 -9999.000 -9999.000 -9999.000 -9999.000 -9999.000 -9999.000 -9999.000 -0.5649045E-01 -0.4954293E-01 -0.5041025E-01 -0.5599048E-01 -0.6395540E-01 -0.7312028E-01 -0.8279688E-01 -0.9273585E-01 -0.1032439 -0.1159070 -0.1340517 -0.1637936 -0.2163941 -0.3145180 -0.5042560 -0.5042560 -9999.000 -9999.000 -9999.000 -9999.000 -9999.000 -9999.000 -9999.000 -9999.000 -9999.000 -9999.000 -9999.000 -9999.000 -9999.000 -9999.000 -9999.000 -9999.000 -9999.000 -9999.000 -9999.000 -9999.000 -9999.000 -9999.000 -9999.000 -9999.000 -9999.000 -9999.000 -9999.000 -9999.000
-0.2046722E-02 -0.2046722E-02 -0.4864838E-02 -0.5112319E-02 -0.5091856E-02 -0.5091856E-02 -0.5053865E-02 -0.4986462E-02 -0.4986462E-02 -0.4954356E-02 -0.4954356E-02 -0.4933875E-02 -0.4921007E-02 -0.4905661E-02 -0.5050427E-02 -0.5050427E-02 -0.5825496E-01 -0.6394970E-01 -0.7330929E-01 -0.8613134E-01 -0.1009962 -0.1165998 -0.1319990 -0.1466989 -0.1613155 -0.1780012 -0.2013855 -0.2406247 -0.3141173 -0.4868215 -0.4868215 -0.2486854 -0.1208284 -0.2077836E-01 -0.7318895E-02 -0.7318895E-02 0.2303542E-02 0.2303542E-02 0.8631789E-02 0.8631789E-02 -0.2244178E-01 -0.2036813E-01 -0.2036813E-01 0.7888924E-03 0.7888924E-03 0.1050186E-01 0.1050186E-01 0.1050186E-01 0.9909858E-02 0.9909858E-02 0.9221222E-02 0.9221222E-02 0.6409809E-02 0.6409809E-02 0.4271696E-02 0.4271696E-02 0.2517389E-02 0.2517389E-02 0.2517389E-02
-0.3266484E-02 -0.3266484E-02 -0.7067983E-02 -0.7280638E-02 -0.7210771E-02 -0.7210771E-02 -0.7133722E-02 -0.7027414E-02 -0.7027414E-02 -0.6993217E-02 -0.6993217E-02 -0.6980074E-02 -0.6969765E-02 -0.6955670E-02 -0.7178582E-02 -0.7178582E-02 -0.8139467E-01 -0.9317099E-01 -0.1087575 -0.1294740 -0.1538457 -0.1800835 -0.2065127 -0.2315232 -0.2542909 -0.2748702 -0.2946086 -0.3170291 -0.3488163 -0.4044144 -0.4044144 -0.2505671 -0.1444005 -0.4155633E-01 -0.2044744E-01 -0.2044744E-01 0.8259563E-02 0.8259563E-02 0.3752548E-01 0.3752548E-01 0.2053005E-02 -0.2072600E-01 -0.2072600E-01 0.5020782E-02 0.5020782E-02 0.2108560E-01 0.2108560E-01 0.2108560E-01 0.1937555E-01 0.1937555E-01 0.1518114E-01 0.1518114E-01 0.1190574E-01 0.1190574E-01 0.8112176E-02 0.8112176E-02 0.4913022E-02 0.4913022E-02 0.4913022E-02
-0.2907819E-02 -0.2907819E-02 -0.5500319E-02 -0.6163754E-02 -0.6129631E-02 -0.6129631E-02 -0.6057899E-02 -0.5955107E-02 -0.5955107E-02 -0.5934194E-02 -0.5934194E-02 -0.5937672E-02 -0.5936078E-02 -0.5931065E-02 -0.6113701E-02 -0.6113701E-02 -0.7769521E-01 -0.9763343E-01 -0.1184976 -0.1443425 -0.1748485 -0.2086627 -0.2441878 -0.2796514 -0.3135243 -0.3446404 -0.3723702 -0.3968965 -0.4190820 -0.4387960 -0.4387960 -0.3409091 -0.2509534 -0.1242129 -0.7897335E-01 -0.7897335E-01 0.2970026E-02 0.2970026E-02 0.8093305E-01 0.8093305E-01 0.7994195E-01 0.2889190E-01 0.2889190E-01 0.2178682E-01 0.2178682E-01 0.2909437E-01 0.2909437E-01 0.2909437E-01 0.2485996E-01 0.2485996E-01 0.1659691E-01 0.1659691E-01 0.1271463E-01 0.1271463E-01 0.8062731E-02 0.8062731E-02 0.4382418E-02 0.4382418E-02 0.4382418E-02
-0.2434218E-02 -0.2434218E-02 -0.4189350E-02 -0.4948517E-02 -0.4940489E-02 -0.4940489E-02 -0.4878762E-02 -0.4779901E-02 -0.4779901E-02 -0.4756349E-02 -0.4756349E-02 -0.4756977E-02 -0.4755085E-02 -0.4750392E-02 -0.4886020E-02 -0.4886020E-02 -0.6825829E-01 -0.9590913E-01 -0.1219148 -0.1515000 -0.1856256 -0.2236272 -0.2643109 -0.3063375 -0.3480714 -0.3878416 -0.4241154 -0.4555580 -0.4807694 -0.4952650 -0.4952650 -0.4277108 -0.3536330 -0.2160506 -0.1492039 -0.1492039 -0.9732313E-02 -0.9732313E-02 0.1153006 0.1153006 0.1433686 0.1056976 0.1056976 0.5578884E-01 0.5578884E-01 0.3539373E-01 0.3539373E-01 0.3539373E-01 0.2566375E-01 0.2566375E-01 0.1475271E-01 0.1475271E-01 0.8154389E-02 0.8154389E-02 0.2964866E-02 0.2964866E-02 -0.2561312E-03 -0.2561312E-03 -0.2561312E-03
-0.1878609E-02 -0.1878609E-02 -0.3053984E-02 -0.3712886E-02 -0.3720357E-02 -0.3720357E-02 -0.3674515E-02 -0.3592680E-02 -0.3592680E-02 -0.3570845E-02 -0.3570845E-02 -0.3569972E-02 -0.3568227E-02 -0.3564258E-02 -0.3662899E-02 -0.3662899E-02 -0.5818930E-01 -0.9252004E-01 -0.1244769 -0.1581975 -0.1955536 -0.2365815 -0.2805526 -0.3264775 -0.3729727 -0.4184415 -0.4611626 -0.4992721 -0.5304037 -0.5487085 -0.5487085 -0.5022324 -0.4411504 -0.2925674 -0.2043413 -0.2043413 -0.1634847E-01 -0.1634847E-01 0.1353688 0.1353688 0.1776770 0.1684442 0.1684442 0.9898398E-01 0.9898398E-01 0.4387847E-01 0.4387847E-01 0.4387847E-01 0.2529658E-01 0.2529658E-01 0.1057744E-01 0.1057744E-01 0.1376585E-02 0.1376585E-02 -0.4204146E-02 -0.4204146E-02 -0.6503614E-02 -0.6503614E-02 -0.6503614E-02
-0.1272650E-02 -0.1272650E-02 -0.2007753E-02 -0.2474164E-02 -0.2485290E-02 -0.2485290E-02 -0.2455493E-02 -0.2398042E-02 -0.2398042E-02 -0.2381477E-02 -0.2381477E-02 -0.2380633E-02 -0.2379427E-02 -0.2376731E-02 -0.2447666E-02 -0.2447666E-02 -0.4942400E-01 -0.8881058E-01 -0.1273807 -0.1662795 -0.2074691 -0.2515571 -0.2982866 -0.3470194 -0.3966852 -0.4459011 -0.4930136 -0.5360375 -0.5722345 -0.5952062 -0.5952062 -0.5653195 -0.5106910 -0.3378217 -0.2276446 -0.2276446 -0.1237091E-01 -0.1237091E-01 0.1403568 0.1403568 0.1854659 0.2010873 0.2010873 0.1389954 0.1389954 0.5580970E-01 0.5580970E-01 0.5580970E-01 0.2606974E-01 0.2606974E-01 0.6089302E-02 0.6089302E-02 -0.5865259E-02 -0.5865259E-02 -0.1187935E-01 -0.1187935E-01 -0.1308254E-01 -0.1308254E-01 -0.1308254E-01
-0.6412268E-03 -0.6412268E-03 -0.9981606E-03 -0.1236637E-02 -0.1243807E-02 -0.1243807E-02 -0.1229189E-02 -0.1199694E-02 -0.1199694E-02 -0.1190758E-02 -0.1190758E-02 -0.1190306E-02 -0.1189835E-02 -0.1188537E-02 -0.1239465E-02 -0.1239465E-02 -0.4335789E-01 -0.8628321E-01 -0.1315271 -0.1766276 -0.2226022 -0.2702912 -0.3198668 -0.3710664 -0.4231682 -0.4750596 -0.5252557 -0.5718241 -0.6118788 -0.6382733 -0.6382733 -0.6169531 -0.5570859 -0.3420070 -0.2167194 -0.2167194 -0.4386847E-02 -0.4386847E-02 0.1318197 0.1318197 0.1742265 0.2056130 0.2056130 0.1652743 0.1652743 0.7000512E-01 0.7000512E-01 0.7000512E-01 0.2907546E-01 0.2907546E-01 0.2726557E-02 0.2726557E-02 -0.1237765E-01 -0.1237765E-01 -0.1898176E-01 -0.1898176E-01 -0.1907735E-01 -0.1907735E-01 -0.1907735E-01
-0.6292469E-07 -0.6292469E-07 0.3327213E-07 0.1468840E-07 -0.3359471E-07 -0.3359471E-07 -0.3398376E-08 -0.9925177E-07 -0.9925177E-07 0.4316052E-07 0.4316052E-07 0.2595674E-07 0.3467655E-07 -0.2727432E-07 -0.3688388E-04 -0.3688388E-04 -0.4110938E-01 -0.8690351E-01 -0.1384422 -0.1904037 -0.2421078 -0.2941168 -0.3468755 -0.4004996 -0.4546629 -0.5085897 -0.5610396 -0.6102120 -0.6529905 -0.6799425 -0.6799425 -0.6540558 -0.5696774 -0.3083829 -0.1850598 -0.1850598 -0.7492742E-03 -0.7492742E-03 0.1136786 0.1136786 0.1518945 0.1911981 0.1911981 0.1736144 0.1736144 0.8319530E-01 0.8319530E-01 0.8319530E-01 0.3399056E-01 0.3399056E-01 0.1291287E-02 0.1291287E-02 -0.1721829E-01 -0.1721829E-01 -0.2459455E-01 -0.2459455E-01 -0.2371218E-01 -0.2371218E-01 -0.2371218E-01
0.6411929E-03 0.6411929E-03 0.9981795E-03 0.1236656E-02 0.1243723E-02 0.1243723E-02 0.1229083E-02 0.1199646E-02 0.1199646E-02 0.1190721E-02 0.1190721E-02 0.1190291E-02 0.1189838E-02 0.1188508E-02 0.1161198E-02 0.1161198E-02 -0.4379106E-01 -0.9301774E-01 -0.1505105 -0.2095310 -0.2676226 -0.3246076 -0.3809373 -0.4370333 -0.4929864 -0.5484290 -0.6024559 -0.6534544 -0.6975645 -0.7186669 -0.7186669 -0.6645833 -0.5349495 -0.2568155 -0.1518159 -0.1518159 -0.3793026E-02 -0.3793026E-02 0.9102426E-01 0.9102426E-01 0.1249482 0.1665436 0.1665436 0.1659526 0.1659526 0.9159946E-01 0.9159946E-01 0.9159946E-01 0.3928261E-01 0.3928261E-01 0.1845184E-02 0.1845184E-02 -0.1973754E-01 -0.1973754E-01 -0.2794654E-01 -0.2794654E-01 -0.2633665E-01 -0.2633665E-01 -0.2633665E-01
0.1272627E-02 0.1272627E-02 0.2007736E-02 0.2474034E-02 0.2485160E-02 0.2485160E-02 0.2455401E-02 0.2398190E-02 0.2398190E-02 0.2381506E-02 0.2381506E-02 0.2380511E-02 0.2379391E-02 0.2376730E-02 0.2355622E-02 0.2355622E-02 -0.5295103E-01 -0.1074691 -0.1710885 -0.2370348 -0.3016804 -0.3639667 -0.4240927 -0.4826413 -0.5400782 -0.5964809 -0.6513657 -0.7033035 -0.7459745 -0.7448105 -0.7448105 -0.6257442 -0.4556154 -0.2094236 -0.1267267 -0.1267267 -0.1024661E-01 -0.1024661E-01 0.6815011E-01 0.6815011E-01 0.9763224E-01 0.1374884 0.1374884 0.1469740 0.1469740 0.9260552E-01 0.9260552E-01 0.9260552E-01 0.4288213E-01 0.4288213E-01 0.3781570E-02 0.3781570E-02 -0.1967148E-01 -0.1967148E-01 -0.2848144E-01 -0.2848144E-01 -0.2645773E-01 -0.2645773E-01 -0.2645773E-01
0.1878521E-02 0.1878521E-02 0.3053976E-02 0.3712850E-02 0.3720304E-02 0.3720304E-02 0.3674386E-02 0.3592802E-02 0.3592802E-02 0.3570896E-02 0.3570896E-02 0.3569911E-02 0.3568141E-02 0.3564292E-02 0.3547280E-02 0.3547280E-02 -0.7125036E-01 -0.1341139 -0.2047760 -0.2773928 -0.3481641 -0.4154677 -0.4791715 -0.5398698 -0.5983024 -0.6549658 -0.7098389 -0.7613916 -0.7948351 -0.7304414 -0.7304414 -0.5264626 -0.3647280 -0.1734218 -0.1092711 -0.1092711 -0.1597489E-01 -0.1597489E-01 0.4763778E-01 0.4763778E-01 0.7222540E-01 0.1074378 0.1074378 0.1213367 0.1213367 0.8558599E-01 0.8558599E-01 0.8558599E-01 0.4304520E-01 0.4304520E-01 0.6121263E-02 0.6121263E-02 -0.1714592E-01 -0.1714592E-01 -0.2593566E-01 -0.2593566E-01 -0.2380973E-01 -0.2380973E-01 -0.2380973E-01
