cruce_test.gid/Rasters/Hydraulic/Velocity__x_175.0.asc
NCOLS        79
NROWS        79
XLLCENTER         -1.500000
YLLCENTER         -4.800000
CELLSIZE           0.100
NODATA_VALUE     -9999.0
[rows 0 to 25 of 79, columns 0 to 57 of 79]
-9999.000 -9999.000 -9999.000 -9999.000 -9999.000 -9999.000 -9999.000 -9999.000 -9999.000 -9999.000 -9999.000 -9999.000 -9999.000 -9999.000 -9999.000 -0.2096698E-03 0.1063879E-02 0.4315508E-02 0.8008135E-02 0.1134776E-01 0.1400178E-01 0.1586726E-01 0.1691224E-01 0.1719479E-01 0.1680921E-01 0.1581830E-01 0.1426461E-01 0.1204708E-01 0.8530025E-02 0.4180828E-02 0.4180828E-02 -9999.000 -9999.000 -9999.000 -9999.000 -9999.000 -9999.000 -9999.000 -9999.000 -9999.000 -9999.000 -9999.000 -9999.000 -9999.000 -9999.000 -9999.000 -9999.000 -9999.000 -9999.000 -9999.000 -9999.000 -9999.000 -9999.000 -9999.000 -9999.000 -9999.000 -9999.000 -9999.000
-9999.000 -9999.000 -9999.000 -9999.000 -9999.000 -9999.000 -9999.000 -9999.000 -9999.000 -9999.000 -9999.000 -9999.000 -9999.000 -9999.000 -9999.000 0.9330593E-03 0.3359434E-02 0.7694067E-02 0.1237860E-01 0.1661883E-01 0.2003002E-01 0.2244915E-01 0.2379746E-01 0.2409542E-01 0.2341302E-01 0.2180555E-01 0.1932275E-01 0.1589893E-01 0.1101780E-01 0.5389520E-02 0.5389520E-02 -9999.000 -9999.000 -9999.000 -9999.000 -9999.000 -9999.000 -9999.000 -9999.000 -9999.000 -9999.000 -9999.000 -9999.000 -9999.000 -9999.000 -9999.000 -9999.000 -9999.000 -9999.000 -9999.000 -9999.000 -9999.000 -9999.000 -9999.000 -9999.000 -9999.000 -9999.000 -9999.000
-9999.000 -9999.000 -9999.000 -9999.000 -9999.000 -9999.000 -9999.000 -9999.000 -9999.000 -9999.000 -9999.000 -9999.000 -9999.000 -9999.000 -9999.000 0.1458525E-02 0.4485141E-02 0.9496071E-02 0.1481235E-01 0.1959911E-01 0.2344310E-01 0.2616175E-01 0.2766193E-01 0.2795691E-01 0.2711597E-01 0.2519897E-01 0.2226630E-01 0.1826565E-01 0.1267879E-01 0.6239515E-02 0.6239515E-02 -9999.000 -9999.000 -9999.000 -9999.000 -9999.000 -9999.000 -9999.000 -9999.000 -9999.000 -9999.000 -9999.000 -9999.000 -9999.000 -9999.000 -9999.000 -9999.000 -9999.000 -9999.000 -9999.000 -9999.000 -9999.000 -9999.000 -9999.000 -9999.000 -9999.000 -9999.000 -9999.000
-9999.000 -9999.000 -9999.000 -9999.000 -9999.000 -9999.000 -9999.000 -9999.000 -9999.000 -9999.000 -9999.000 -9999.000 -9999.000 -9999.000 -9999.000 0.1761356E-02 0.5150930E-02 0.1059318E-01 0.1632637E-01 0.2147995E-01 0.2561730E-01 0.2854417E-01 0.3015931E-01 0.3047456E-01 0.2956121E-01 0.2748164E-01 0.2430197E-01 0.1997142E-01 0.1394664E-01 0.6916937E-02 0.6916937E-02 -9999.000 -9999.000 -9999.000 -9999.000 -9999.000 -9999.000 -9999.000 -9999.000 -9999.000 -9999.000 -9999.000 -9999.000 -9999.000 -9999.000 -9999.000 -9999.000 -9999.000 -9999.000 -9999.000 -9999.000 -9999.000 -9999.000 -9999.000 -9999.000 -9999.000 -9999.000 -9999.000
-9999.000 -9999.000 -9999.000 -9999.000 -9999.000 -9999.000 -9999.000 -9999.000 -9999.000 -9999.000 -9999.000 -9999.000 -9999.000 -9999.000 -9999.000 0.1971574E-02 0.5622224E-02 0.1138666E-01 0.1744073E-01 0.2288165E-01 0.2725295E-01 0.3035186E-01 0.3207172E-01 0.3242487E-01 0.3148514E-01 0.2931588E-01 0.2598612E-01 0.2144083E-01 0.1509879E-01 0.7555473E-02 0.7555473E-02 -9999.000 -9999.000 -9999.000 -9999.000 -9999.000 -9999.000 -9999.000 -9999.000 -9999.000 -9999.000 -9999.000 -9999.000 -9999.000 -9999.000 -9999.000 -9999.000 -9999.000 -9999.000 -9999.000 -9999.000 -9999.000 -9999.000 -9999.000 -9999.000 -9999.000 -9999.000 -9999.000
-9999.000 -9999.000 -9999.000 -9999.000 -9999.000 -9999.000 -9999.000 -9999.000 -9999.000 -9999.000 -9999.000 -9999.000 -9999.000 -9999.000 -9999.000 0.2148996E-02 0.6023672E-02 0.1206960E-01 0.1840879E-01 0.2410802E-01 0.2869216E-01 0.3195228E-01 0.3377718E-01 0.3418151E-01 0.3324205E-01 0.3102219E-01 0.2759265E-01 0.2289026E-01 0.1628424E-01 0.8231163E-02 0.8231163E-02 -9999.000 -9999.000 -9999.000 -9999.000 -9999.000 -9999.000 -9999.000 -9999.000 -9999.000 -9999.000 -9999.000 -9999.000 -9999.000 -9999.000 -9999.000 -9999.000 -9999.000 -9999.000 -9999.000 -9999.000 -9999.000 -9999.000 -9999.000 -9999.000 -9999.000 -9999.000 -9999.000
-9999.000 -9999.000 -9999.000 -9999.000 -9999.000 -9999.000 -9999.000 -9999.000 -9999.000 -9999.000 -9999.000 -9999.000 -9999.000 -9999.000 -9999.000 0.2323246E-02 0.6417052E-02 0.1273711E-01 0.1935527E-01 0.2530878E-01 0.3010405E-01 0.3352725E-01 0.3546387E-01 0.3593206E-01 0.3501233E-01 0.3276747E-01 0.2926891E-01 0.2444229E-01 0.1759508E-01 0.8994102E-02 0.8994102E-02 -9999.000 -9999.000 -9999.000 -9999.000 -9999.000 -9999.000 -9999.000 -9999.000 -9999.000 -9999.000 -9999.000 -9999.000 -9999.000 -9999.000 -9999.000 -9999.000 -9999.000 -9999.000 -9999.000 -9999.000 -9999.000 -9999.000 -9999.000 -9999.000 -9999.000 -9999.000 -9999.000
-9999.000 -9999.000 -9999.000 -9999.000 -9999.000 -9999.000 -9999.000 -9999.000 -9999.000 -9999.000 -9999.000 -9999.000 -9999.000 -9999.000 -9999.000 0.2509786E-02 0.6834585E-02 0.1343924E-01 0.2034573E-01 0.2656247E-01 0.3157801E-01 0.3517459E-01 0.3723472E-01 0.3778151E-01 0.3689988E-01 0.3465152E-01 0.3110857E-01 0.2618200E-01 0.1910379E-01 0.9887331E-02 0.9887331E-02 -9999.000 -9999.000 -9999.000 -9999.000 -9999.000 -9999.000 -9999.000 -9999.000 -9999.000 -9999.000 -9999.000 -9999.000 -9999.000 -9999.000 -9999.000 -9999.000 -9999.000 -9999.000 -9999.000 -9999.000 -9999.000 -9999.000 -9999.000 -9999.000 -9999.000 -9999.000 -9999.000
-9999.000 -9999.000 -9999.000 -9999.000 -9999.000 -9999.000 -9999.000 -9999.000 -9999.000 -9999.000 -9999.000 -9999.000 -9999.000 -9999.000 -9999.000 0.2718402E-02 0.7296926E-02 0.1420747E-01 0.2142176E-01 0.2791958E-01 0.3317131E-01 0.3695718E-01 0.3915735E-01 0.3980116E-01 0.3897875E-01 0.3675057E-01 0.3318879E-01 0.2818635E-01 0.2088446E-01 0.1095762E-01 0.1095762E-01 -9999.000 -9999.000 -9999.000 -9999.000 -9999.000 -9999.000 -9999.000 -9999.000 -9999.000 -9999.000 -9999.000 -9999.000 -9999.000 -9999.000 -9999.000 -9999.000 -9999.000 -9999.000 -9999.000 -9999.000 -9999.000 -9999.000 -9999.000 -9999.000 -9999.000 -9999.000 -9999.000
-9999.000 -9999.000 -9999.000 -9999.000 -9999.000 -9999.000 -9999.000 -9999.000 -9999.000 -9999.000 -9999.000 -9999.000 -9999.000 -9999.000 -9999.000 0.2956717E-02 0.7819992E-02 0.1506714E-01 0.2261662E-01 0.2942048E-01 0.3493115E-01 0.3892833E-01 0.4129042E-01 0.4205532E-01 0.4131913E-01 0.3914019E-01 0.3559139E-01 0.3054328E-01 0.2302714E-01 0.1226482E-01 0.1226482E-01 -9999.000 -9999.000 -9999.000 -9999.000 -9999.000 -9999.000 -9999.000 -9999.000 -9999.000 -9999.000 -9999.000 -9999.000 -9999.000 -9999.000 -9999.000 -9999.000 -9999.000 -9999.000 -9999.000 -9999.000 -9999.000 -9999.000 -9999.000 -9999.000 -9999.000 -9999.000 -9999.000
-9999.000 -9999.000 -9999.000 -9999.000 -9999.000 -9999.000 -9999.000 -9999.000 -9999.000 -9999.000 -9999.000 -9999.000 -9999.000 -9999.000 -9999.000 0.3233148E-02 0.8421577E-02 0.1604524E-01 0.2396634E-01 0.3110863E-01 0.3690831E-01 0.4114597E-01 0.4369937E-01 0.4461721E-01 0.4400307E-01 0.4191250E-01 0.3841932E-01 0.3336719E-01 0.2565432E-01 0.1389082E-01 0.1389082E-01 -9999.000 -9999.000 -9999.000 -9999.000 -9999.000 -9999.000 -9999.000 -9999.000 -9999.000 -9999.000 -9999.000 -9999.000 -9999.000 -9999.000 -9999.000 -9999.000 -9999.000 -9999.000 -9999.000 -9999.000 -9999.000 -9999.000 -9999.000 -9999.000 -9999.000 -9999.000 -9999.000
-9999.000 -9999.000 -9999.000 -9999.000 -9999.000 -9999.000 -9999.000 -9999.000 -9999.000 -9999.000 -9999.000 -9999.000 -9999.000 -9999.000 -9999.000 0.3558044E-02 0.9123245E-02 0.1717604E-01 0.2551611E-01 0.3303993E-01 0.3916813E-01 0.4368565E-01 0.4647020E-01 0.4758444E-01 0.4714090E-01 0.4519239E-01 0.4181453E-01 0.3681828E-01 0.2894125E-01 0.1595441E-01 0.1595441E-01 -9999.000 -9999.000 -9999.000 -9999.000 -9999.000 -9999.000 -9999.000 -9999.000 -9999.000 -9999.000 -9999.000 -9999.000 -9999.000 -9999.000 -9999.000 -9999.000 -9999.000 -9999.000 -9999.000 -9999.000 -9999.000 -9999.000 -9999.000 -9999.000 -9999.000 -9999.000 -9999.000
-9999.000 -9999.000 -9999.000 -9999.000 -9999.000 -9999.000 -9999.000 -9999.000 -9999.000 -9999.000 -9999.000 -9999.000 -9999.000 -9999.000 -9999.000 0.3947630E-02 0.9959697E-02 0.1851304E-01 0.2733654E-01 0.3529927E-01 0.4180943E-01 0.4665948E-01 0.4972904E-01 0.5109918E-01 0.5089365E-01 0.4916279E-01 0.4598604E-01 0.4113452E-01 0.3315012E-01 0.1863392E-01 0.1863392E-01 -9999.000 -9999.000 -9999.000 -9999.000 -9999.000 -9999.000 -9999.000 -9999.000 -9999.000 -9999.000 -9999.000 -9999.000 -9999.000 -9999.000 -9999.000 -9999.000 -9999.000 -9999.000 -9999.000 -9999.000 -9999.000 -9999.000 -9999.000 -9999.000 -9999.000 -9999.000 -9999.000
-9999.000 -9999.000 -9999.000 -9999.000 -9999.000 -9999.000 -9999.000 -9999.000 -9999.000 -9999.000 -9999.000 -9999.000 -9999.000 -9999.000 -9999.000 0.4796505E-02 0.1173767E-01 0.2127673E-01 0.3058481E-01 0.3895818E-01 0.4579756E-01 0.5092168E-01 0.5422712E-01 0.5582698E-01 0.5586176E-01 0.5437971E-01 0.5146458E-01 0.4683710E-01 0.3879530E-01 0.2227467E-01 0.2227467E-01 -9999.000 -9999.000 -9999.000 -9999.000 -9999.000 -9999.000 -9999.000 -9999.000 -9999.000 -9999.000 -9999.000 -9999.000 -9999.000 -9999.000 -9999.000 -9999.000 -9999.000 -9999.000 -9999.000 -9999.000 -9999.000 -9999.000 -9999.000 -9999.000 -9999.000 -9999.000 -9999.000
-9999.000 -9999.000 -9999.000 -9999.000 -9999.000 -9999.000 -9999.000 -9999.000 -9999.000 -9999.000 -9999.000 -9999.000 -9999.000 -9999.000 -9999.000 0.6250422E-01 0.9536202E-01 0.1106225 0.1051264 0.9748682E-01 0.9129053E-01 0.8523721E-01 0.7927440E-01 0.7353101E-01 0.6788933E-01 0.6220945E-01 0.5635892E-01 0.4978329E-01 0.4038822E-01 0.1980393E-01 0.1980393E-01 -9999.000 -9999.000 -9999.000 -9999.000 -9999.000 -9999.000 -9999.000 -9999.000 -9999.000 -9999.000 -9999.000 -9999.000 -9999.000 -9999.000 -9999.000 -9999.000 -9999.000 -9999.000 -9999.000 -9999.000 -9999.000 -9999.000 -9999.000 -9999.000 -9999.000 -9999.000 -9999.000
2.742271 2.742271 2.731511 2.798055 2.804969 2.804969 2.808045 2.809438 2.809438 2.807275 2.807275 2.802773 2.799867 2.796613 2.793057 2.793057 2.892136 2.894488 2.894719 2.878463 2.841510 2.783910 2.704938 2.602014 2.479461 2.338080 2.181188 2.017341 1.869873 1.805256 1.805256 2.613400 2.782487 2.880163 2.904848 2.904848 2.939000 2.939000 2.927432 2.927432 2.888314 2.723539 2.723539 2.399049 2.399049 2.042780 2.042780 2.042780 2.019288 2.019288 2.045919 2.045919 2.090078 2.090078 2.137501 2.137501 2.180447 2.180447
2.764291 2.764291 2.757413 2.847034 2.865307 2.865307 2.879652 2.903271 2.903271 2.923096 2.923096 2.940406 2.948339 2.955875 2.963063 2.963063 3.033839 3.047786 3.060483 3.069489 3.073452 3.071020 3.059840 3.036453 2.999285 2.945963 2.875079 2.787477 2.689534 2.609645 2.609645 3.043973 3.197159 3.344460 3.384493 3.384493 3.430988 3.430988 3.435239 3.435239 3.417108 3.324223 3.324223 3.138526 3.138526 2.853009 2.853009 2.853009 2.826725 2.826725 2.855289 2.855289 2.902645 2.902645 2.952657 2.952657 2.998609 2.998609
2.769116 2.769116 2.759244 2.847059 2.865531 2.865531 2.880239 2.904489 2.904489 2.924933 2.924933 2.942945 2.951265 2.959214 2.966835 2.966835 3.028921 3.052799 3.075563 3.095705 3.112186 3.124391 3.131495 3.131940 3.124762 3.108372 3.081115 3.042283 2.994570 2.955114 2.955114 3.199599 3.349314 3.522584 3.573264 3.573264 3.626946 3.626946 3.621285 3.621285 3.595268 3.501086 3.501086 3.365693 3.365693 3.135927 3.135927 3.135927 3.095610 3.095610 3.112086 3.112086 3.151002 3.151002 3.194952 3.194952 3.236407 3.236407
2.772137 2.772137 2.762010 2.846769 2.865180 2.865180 2.880043 2.904458 2.904458 2.924934 2.924934 2.942961 2.951292 2.959254 2.966891 2.966891 3.023960 3.056334 3.088556 3.118075 3.143332 3.163570 3.178339 3.187021 3.189406 3.185094 3.173515 3.154434 3.129568 3.109924 3.109924 3.257849 3.390088 3.571442 3.628227 3.628227 3.681102 3.681102 3.655222 3.655222 3.618041 3.526851 3.526851 3.436976 3.436976 3.269299 3.269299 3.269299 3.219551 3.219551 3.222415 3.222415 3.252381 3.252381 3.291169 3.291169 3.329381 3.329381
2.773398 2.773398 2.765999 2.846384 2.864777 2.864777 2.879797 2.904390 2.904390 2.924896 2.924896 2.942929 2.951267 2.959235 2.966878 2.966878 3.022892 3.062836 3.103753 3.141893 3.175196 3.202631 3.223709 3.238062 3.245660 3.246562 3.240852 3.228880 3.212279 3.198780 3.198780 3.288746 3.397211 3.569693 3.624000 3.624000 3.656813 3.656813 3.602312 3.602312 3.560503 3.493264 3.493264 3.451194 3.451194 3.347901 3.347901 3.347901 3.297240 3.297240 3.286800 3.286800 3.305479 3.305479 3.337271 3.337271 3.371147 3.371147
2.770571 2.770571 2.772604 2.846457 2.864909 2.864909 2.880087 2.904832 2.904832 2.925317 2.925317 2.943273 2.951564 2.959486 2.967085 2.967085 3.026737 3.073912 3.122736 3.168571 3.209035 3.242943 3.269752 3.289158 3.301134 3.305819 3.303479 3.294654 3.280840 3.267645 3.267645 3.318832 3.400517 3.545604 3.584237 3.584237 3.572392 3.572392 3.497138 3.497138 3.466548 3.442649 3.442649 3.443997 3.443997 3.398573 3.398573 3.398573 3.356168 3.356168 3.336535 3.336535 3.343020 3.343020 3.365605 3.365605 3.393205 3.393205
2.770262 2.770262 2.775843 2.846161 2.864657 2.864657 2.879925 2.904757 2.904757 2.925256 2.925256 2.943232 2.951542 2.959486 2.967108 2.967108 3.036109 3.090806 3.146933 3.199489 3.246048 3.285449 3.317168 3.340969 3.356820 3.364845 3.365298 3.358675 3.346175 3.331723 3.331723 3.355955 3.409937 3.504089 3.508041 3.508041 3.437731 3.437731 3.376276 3.376276 3.371185 3.394438 3.394438 3.428940 3.428940 3.430242 3.430242 3.430242 3.402697 3.402697 3.380332 3.380332 3.376217 3.376217 3.388248 3.388248 3.407604 3.407604
2.770160 2.770160 2.776920 2.846072 2.864584 2.864584 2.879886 2.904756 2.904756 2.925261 2.925261 2.943237 2.951548 2.959491 2.967114 2.967114 3.052076 3.114881 3.177760 3.235957 3.287338 3.330963 3.366459 3.393700 3.412699 3.423562 3.426489 3.421850 3.410478 3.394776 3.394776 3.399681 3.424774 3.432020 3.381355 3.381355 3.275784 3.275784 3.267993 3.267993 3.291181 3.351866 3.351866 3.409222 3.409222 3.446451 3.446451 3.446451 3.436773 3.436773 3.418129 3.418129 3.407217 3.407217 3.408819 3.408819 3.418489 3.418489
2.770261 2.770261 2.775843 2.846161 2.864657 2.864657 2.879924 2.904756 2.904756 2.925256 2.925256 2.943231 2.951543 2.959485 2.967108 2.967108 3.076189 3.147839 3.216902 3.279524 3.334233 3.380537 3.418354 3.447750 3.468840 3.481750 3.486633 3.483725 3.473455 3.456511 3.456511 3.445363 3.435045 3.303033 3.198513 3.198513 3.124512 3.124512 3.185733 3.185733 3.229484 3.314046 3.314046 3.386574 3.386574 3.450744 3.450744 3.450744 3.458738 3.458738 3.448422 3.448422 3.435160 3.435160 3.427924 3.427924 3.427293 3.427293
2.770570 2.770570 2.772603 2.846458 2.864910 2.864910 2.880087 2.904831 2.904831 2.925317 2.925317 2.943272 2.951564 2.959486 2.967085 2.967085 3.110628 3.191696 3.266111 3.331641 3.387877 3.435006 3.473386 3.503358 3.525187 3.539065 3.545121 3.543467 3.533983 3.514435 3.514435 3.482765 3.414853 3.101567 2.989774 2.989774 3.012385 3.012385 3.124337 3.124337 3.179352 3.277748 3.277748 3.360688 3.360688 3.444899 3.444899 3.444899 3.468439 3.468439 3.468604 3.468604 3.456842 3.456842 3.443351 3.443351 3.432822 3.432822
2.773396 2.773396 2.765998 2.846384 2.864778 2.864778 2.879796 2.904390 2.904390 2.924896 2.924896 2.942929 2.951266 2.959234 2.966877 2.966877 3.158693 3.249195 3.327520 3.393885 3.449367 3.495075 3.531925 3.560599 3.581553 3.595062 3.601260 3.600102 3.590310 3.561955 3.561955 3.485958 3.312233 2.861854 2.815470 2.815470 2.936342 2.936342 3.072302 3.072302 3.132743 3.239423 3.239423 3.329904 3.329904 3.428839 3.428839 3.428839 3.464961 3.464961 3.475600 3.475600 3.467891 3.467891 3.450912 3.450912 3.431765 3.431765
