cruce_test.gid/Rasters/Hydraulic/Velocity__y_271.0.asc
NCOLS        79
NROWS        79
XLLCENTER         -1.500000
YLLCENTER         -4.800000
CELLSIZE           0.100
NODATA_VALUE     -9999.0
[rows 0 to 26 of 79, columns 0 to 58 of 79]
-9999.000 -9999.000 -9999.000 -9999.000 -9999.000 -9999.000 -9999.000 -9999.000 -9999.000 -9999.000 -9999.000 -9999.000 -9999.000 -9999.000 -9999.000 -0.9297647E-01 -0.9027767E-01 -0.8932441E-01 -0.8922976E-01 -0.8972890E-01 -0.9041376E-01 -0.9113312E-01 -0.9183688E-01 -0.9243488E-01 -0.9297310E-01 -0.9345070E-01 -0.9390451E-01 -0.9451885E-01 -0.9589659E-01 -0.9726347E-01 -0.9726347E-01 -9999.000 -9999.000 -9999.000 -9999.000 -9999.000 -9999.000 -9999.000 -9999.000 -9999.000 -9999.000 -9999.000 -9999.000 -9999.000 -9999.000 -9999.000 -9999.000 -9999.000 -9999.000 -9999.000 -9999.000 -9999.000 -9999.000 -9999.000 -9999.000 -9999.000 -9999.000 -9999.000 -9999.000
-9999.000 -9999.000 -9999.000 -9999.000 -9999.000 -9999.000 -9999.000 -9999.000 -9999.000 -9999.000 -9999.000 -9999.000 -9999.000 -9999.000 -9999.000 -0.9277832E-01 -0.8715277E-01 -0.8512568E-01 -0.8495194E-01 -0.8607954E-01 -0.8764084E-01 -0.8930652E-01 -0.9095930E-01 -0.9239949E-01 -0.9371661E-01 -0.9490319E-01 -0.9603159E-01 -0.9748445E-01 -0.1005205 -0.1038259 -0.1038259 -9999.000 -9999.000 -9999.000 -9999.000 -9999.000 -9999.000 -9999.000 -9999.000 -9999.000 -9999.000 -9999.000 -9999.000 -9999.000 -9999.000 -9999.000 -9999.000 -9999.000 -9999.000 -9999.000 -9999.000 -9999.000 -9999.000 -9999.000 -9999.000 -9999.000 -9999.000 -9999.000 -9999.000
-9999.000 -9999.000 -9999.000 -9999.000 -9999.000 -9999.000 -9999.000 -9999.000 -9999.000 -9999.000 -9999.000 -9999.000 -9999.000 -9999.000 -9999.000 -0.9143082E-01 -0.8265732E-01 -0.7941880E-01 -0.7922065E-01 -0.8118898E-01 -0.8392383E-01 -0.8688156E-01 -0.8985636E-01 -0.9250988E-01 -0.9497271E-01 -0.9721829E-01 -0.9935100E-01 -0.1019729 -0.1070875 -0.1130949 -0.1130949 -9999.000 -9999.000 -9999.000 -9999.000 -9999.000 -9999.000 -9999.000 -9999.000 -9999.000 -9999.000 -9999.000 -9999.000 -9999.000 -9999.000 -9999.000 -9999.000 -9999.000 -9999.000 -9999.000 -9999.000 -9999.000 -9999.000 -9999.000 -9999.000 -9999.000 -9999.000 -9999.000 -9999.000
-9999.000 -9999.000 -9999.000 -9999.000 -9999.000 -9999.000 -9999.000 -9999.000 -9999.000 -9999.000 -9999.000 -9999.000 -9999.000 -9999.000 -9999.000 -0.8950483E-01 -0.7763278E-01 -0.7319476E-01 -0.7302376E-01 -0.7591494E-01 -0.7991941E-01 -0.8427574E-01 -0.8868716E-01 -0.9266808E-01 -0.9639132E-01 -0.9980467E-01 -0.1030411 -0.1069291 -0.1142545 -0.1234651 -0.1234651 -9999.000 -9999.000 -9999.000 -9999.000 -9999.000 -9999.000 -9999.000 -9999.000 -9999.000 -9999.000 -9999.000 -9999.000 -9999.000 -9999.000 -9999.000 -9999.000 -9999.000 -9999.000 -9999.000 -9999.000 -9999.000 -9999.000 -9999.000 -9999.000 -9999.000 -9999.000 -9999.000 -9999.000
-9999.000 -9999.000 -9999.000 -9999.000 -9999.000 -9999.000 -9999.000 -9999.000 -9999.000 -9999.000 -9999.000 -9999.000 -9999.000 -9999.000 -9999.000 -0.8722694E-01 -0.7226273E-01 -0.6662127E-01 -0.6650708E-01 -0.7037626E-01 -0.7571284E-01 -0.8153545E-01 -0.8745518E-01 -0.9283066E-01 -0.9788346E-01 -0.1025302 -0.1069332 -0.1121603 -0.1218288 -0.1347849 -0.1347849 -9999.000 -9999.000 -9999.000 -9999.000 -9999.000 -9999.000 -9999.000 -9999.000 -9999.000 -9999.000 -9999.000 -9999.000 -9999.000 -9999.000 -9999.000 -9999.000 -9999.000 -9999.000 -9999.000 -9999.000 -9999.000 -9999.000 -9999.000 -9999.000 -9999.000 -9999.000 -9999.000 -9999.000
-9999.000 -9999.000 -9999.000 -9999.000 -9999.000 -9999.000 -9999.000 -9999.000 -9999.000 -9999.000 -9999.000 -9999.000 -9999.000 -9999.000 -9999.000 -0.8467029E-01 -0.6661416E-01 -0.5976303E-01 -0.5972922E-01 -0.6462189E-01 -0.7133824E-01 -0.7867681E-01 -0.8615700E-01 -0.9297270E-01 -0.9940454E-01 -0.1053316 -0.1109487 -0.1175796 -0.1297346 -0.1470693 -0.1470693 -9999.000 -9999.000 -9999.000 -9999.000 -9999.000 -9999.000 -9999.000 -9999.000 -9999.000 -9999.000 -9999.000 -9999.000 -9999.000 -9999.000 -9999.000 -9999.000 -9999.000 -9999.000 -9999.000 -9999.000 -9999.000 -9999.000 -9999.000 -9999.000 -9999.000 -9999.000 -9999.000 -9999.000
-9999.000 -9999.000 -9999.000 -9999.000 -9999.000 -9999.000 -9999.000 -9999.000 -9999.000 -9999.000 -9999.000 -9999.000 -9999.000 -9999.000 -9999.000 -0.8183948E-01 -0.6069948E-01 -0.5263643E-01 -0.5270692E-01 -0.5866718E-01 -0.6680560E-01 -0.7570225E-01 -0.8478659E-01 -0.9307764E-01 -0.1009288 -0.1081745 -0.1150460 -0.1231441 -0.1379489 -0.1604312 -0.1604312 -9999.000 -9999.000 -9999.000 -9999.000 -9999.000 -9999.000 -9999.000 -9999.000 -9999.000 -9999.000 -9999.000 -9999.000 -9999.000 -9999.000 -9999.000 -9999.000 -9999.000 -9999.000 -9999.000 -9999.000 -9999.000 -9999.000 -9999.000 -9999.000 -9999.000 -9999.000 -9999.000 -9999.000
-9999.000 -9999.000 -9999.000 -9999.000 -9999.000 -9999.000 -9999.000 -9999.000 -9999.000 -9999.000 -9999.000 -9999.000 -9999.000 -9999.000 -9999.000 -0.7870538E-01 -0.5450542E-01 -0.4523423E-01 -0.4543759E-01 -0.5251138E-01 -0.6211259E-01 -0.7260649E-01 -0.8333465E-01 -0.9312969E-01 -0.1024359 -0.1110339 -0.1191966 -0.1288291 -0.1464721 -0.1750559 -0.1750559 -9999.000 -9999.000 -9999.000 -9999.000 -9999.000 -9999.000 -9999.000 -9999.000 -9999.000 -9999.000 -9999.000 -9999.000 -9999.000 -9999.000 -9999.000 -9999.000 -9999.000 -9999.000 -9999.000 -9999.000 -9999.000 -9999.000 -9999.000 -9999.000 -9999.000 -9999.000 -9999.000 -9999.000
-9999.000 -9999.000 -9999.000 -9999.000 -9999.000 -9999.000 -9999.000 -9999.000 -9999.000 -9999.000 -9999.000 -9999.000 -9999.000 -9999.000 -9999.000 -0.7521891E-01 -0.4800335E-01 -0.3753592E-01 -0.3790637E-01 -0.4614478E-01 -0.5724959E-01 -0.6937799E-01 -0.8178777E-01 -0.9311100E-01 -0.1039053 -0.1138855 -0.1233744 -0.1346131 -0.1553142 -0.1912014 -0.1912014 -9999.000 -9999.000 -9999.000 -9999.000 -9999.000 -9999.000 -9999.000 -9999.000 -9999.000 -9999.000 -9999.000 -9999.000 -9999.000 -9999.000 -9999.000 -9999.000 -9999.000 -9999.000 -9999.000 -9999.000 -9999.000 -9999.000 -9999.000 -9999.000 -9999.000 -9999.000 -9999.000 -9999.000
-9999.000 -9999.000 -9999.000 -9999.000 -9999.000 -9999.000 -9999.000 -9999.000 -9999.000 -9999.000 -9999.000 -9999.000 -9999.000 -9999.000 -9999.000 -0.7131688E-01 -0.4115452E-01 -0.2951175E-01 -0.3009094E-01 -0.3955012E-01 -0.5220047E-01 -0.6600004E-01 -0.8012792E-01 -0.9299847E-01 -0.1053115 -0.1167008 -0.1275484 -0.1404714 -0.1644880 -0.2092143 -0.2092143 -9999.000 -9999.000 -9999.000 -9999.000 -9999.000 -9999.000 -9999.000 -9999.000 -9999.000 -9999.000 -9999.000 -9999.000 -9999.000 -9999.000 -9999.000 -9999.000 -9999.000 -9999.000 -9999.000 -9999.000 -9999.000 -9999.000 -9999.000 -9999.000 -9999.000 -9999.000 -9999.000 -9999.000
-9999.000 -9999.000 -9999.000 -9999.000 -9999.000 -9999.000 -9999.000 -9999.000 -9999.000 -9999.000 -9999.000 -9999.000 -9999.000 -9999.000 -9999.000 -0.6692151E-01 -0.3390927E-01 -0.2112184E-01 -0.2196008E-01 -0.3270308E-01 -0.4694202E-01 -0.6244879E-01 -0.7832929E-01 -0.9276039E-01 -0.1066202 -0.1194412 -0.1316768 -0.1463687 -0.1740025 -0.2295603 -0.2295603 -9999.000 -9999.000 -9999.000 -9999.000 -9999.000 -9999.000 -9999.000 -9999.000 -9999.000 -9999.000 -9999.000 -9999.000 -9999.000 -9999.000 -9999.000 -9999.000 -9999.000 -9999.000 -9999.000 -9999.000 -9999.000 -9999.000 -9999.000 -9999.000 -9999.000 -9999.000 -9999.000 -9999.000
-9999.000 -9999.000 -9999.000 -9999.000 -9999.000 -9999.000 -9999.000 -9999.000 -9999.000 -9999.000 -9999.000 -9999.000 -9999.000 -9999.000 -9999.000 -0.6193956E-01 -0.2620507E-01 -0.1231515E-01 -0.1347245E-01 -0.2556993E-01 -0.4144194E-01 -0.5869069E-01 -0.7635616E-01 -0.9235360E-01 -0.1077846 -0.1220530 -0.1357005 -0.1522526 -0.1838576 -0.2528771 -0.2528771 -9999.000 -9999.000 -9999.000 -9999.000 -9999.000 -9999.000 -9999.000 -9999.000 -9999.000 -9999.000 -9999.000 -9999.000 -9999.000 -9999.000 -9999.000 -9999.000 -9999.000 -9999.000 -9999.000 -9999.000 -9999.000 -9999.000 -9999.000 -9999.000 -9999.000 -9999.000 -9999.000 -9999.000
-9999.000 -9999.000 -9999.000 -9999.000 -9999.000 -9999.000 -9999.000 -9999.000 -9999.000 -9999.000 -9999.000 -9999.000 -9999.000 -9999.000 -9999.000 -0.5625227E-01 -0.1795910E-01 -0.3023048E-02 -0.4572255E-02 -0.1810502E-01 -0.3565580E-01 -0.5467945E-01 -0.7415942E-01 -0.9171863E-01 -0.1087388 -0.1244597 -0.1395335 -0.1580418 -0.1940351 -0.2800600 -0.2800600 -9999.000 -9999.000 -9999.000 -9999.000 -9999.000 -9999.000 -9999.000 -9999.000 -9999.000 -9999.000 -9999.000 -9999.000 -9999.000 -9999.000 -9999.000 -9999.000 -9999.000 -9999.000 -9999.000 -9999.000 -9999.000 -9999.000 -9999.000 -9999.000 -9999.000 -9999.000 -9999.000 -9999.000
-9999.000 -9999.000 -9999.000 -9999.000 -9999.000 -9999.000 -9999.000 -9999.000 -9999.000 -9999.000 -9999.000 -9999.000 -9999.000 -9999.000 -9999.000 -0.4919728E-01 -0.8696313E-02 0.7021487E-02 0.4779147E-02 -0.1035488E-01 -0.2964068E-01 -0.5046811E-01 -0.7177755E-01 -0.9086701E-01 -0.1094718 -0.1266222 -0.1431104 -0.1636648 -0.2045314 -0.3124720 -0.3124720 -9999.000 -9999.000 -9999.000 -9999.000 -9999.000 -9999.000 -9999.000 -9999.000 -9999.000 -9999.000 -9999.000 -9999.000 -9999.000 -9999.000 -9999.000 -9999.000 -9999.000 -9999.000 -9999.000 -9999.000 -9999.000 -9999.000 -9999.000 -9999.000 -9999.000 -9999.000 -9999.000 -9999.000
-9999.000 -9999.000 -9999.000 -9999.000 -9999.000 -9999.000 -9999.000 -9999.000 -9999.000 -9999.000 -9999.000 -9999.000 -9999.000 -9999.000 -9999.000 -0.3581152E-02 0.1439316E-01 0.1711241E-01 0.6420442E-02 -0.1148408E-01 -0.3122364E-01 -0.5251363E-01 -0.7436436E-01 -0.9378920E-01 -0.1129861 -0.1307040 -0.1479006 -0.1699997 -0.2156207 -0.3499157 -0.3499157 -9999.000 -9999.000 -9999.000 -9999.000 -9999.000 -9999.000 -9999.000 -9999.000 -9999.000 -9999.000 -9999.000 -9999.000 -9999.000 -9999.000 -9999.000 -9999.000 -9999.000 -9999.000 -9999.000 -9999.000 -9999.000 -9999.000 -9999.000 -9999.000 -9999.000 -9999.000 -9999.000 -9999.000
-0.3839958E-02 -0.3839958E-02 -0.5496515E-02 -0.7140201E-02 -0.6664393E-02 -0.6664393E-02 -0.6490764E-02 -0.6398194E-02 -0.6398194E-02 -0.6372618E-02 -0.6372618E-02 -0.6350857E-02 -0.6338407E-02 -0.6324821E-02 -0.6313675E-02 -0.6313675E-02 0.2902816E-01 0.2390872E-01 0.8779338E-02 -0.1305515E-01 -0.3916303E-01 -0.6846693E-01 -0.9969296E-01 -0.1308824 -0.1613537 -0.1900633 -0.2165839 -0.2425327 -0.2758287 -0.3537997 -0.3537997 -0.1967031 -0.1059583 -0.3688315E-01 -0.2764575E-01 -0.2764575E-01 -0.2069866E-01 -0.2069866E-01 -0.8207908E-02 -0.8207908E-02 0.2954849E-02 0.2710114E-01 0.2710114E-01 0.1298094E-01 0.1298094E-01 -0.3740049E-02 -0.3740049E-02 -0.3740049E-02 0.1719785E-04 0.1719785E-04 0.7666533E-03 0.7666533E-03 -0.8498941E-04 -0.8498941E-04 -0.1336254E-02 -0.1336254E-02 -0.2563204E-02 -0.2563204E-02 -0.2563204E-02
-0.5365450E-02 -0.5365450E-02 -0.7710000E-02 -0.1052833E-01 -0.9547600E-02 -0.9547600E-02 -0.9152954E-02 -0.8978302E-02 -0.8978302E-02 -0.8972169E-02 -0.8972169E-02 -0.8970170E-02 -0.8965415E-02 -0.8958407E-02 -0.8968383E-02 -0.8968383E-02 0.2390441E-01 0.1945983E-01 0.3878914E-02 -0.2173671E-01 -0.5589137E-01 -0.9636521E-01 -0.1412254 -0.1889108 -0.2371743 -0.2844079 -0.3289312 -0.3689343 -0.4023072 -0.4263822 -0.4263822 -0.2895322 -0.1927831 -0.1005866 -0.8226416E-01 -0.8226416E-01 -0.5817654E-01 -0.5817654E-01 -0.1559446E-01 -0.1559446E-01 0.1775086E-01 0.8578254E-01 0.8578254E-01 0.7838041E-01 0.7838041E-01 0.1554092E-01 0.1554092E-01 0.1554092E-01 0.6903461E-02 0.6903461E-02 0.1889023E-02 0.1889023E-02 -0.2410523E-02 -0.2410523E-02 -0.6092392E-02 -0.6092392E-02 -0.8923588E-02 -0.8923588E-02 -0.8923588E-02
-0.3253883E-02 -0.3253883E-02 -0.5540153E-02 -0.9388116E-02 -0.8378915E-02 -0.8378915E-02 -0.7833783E-02 -0.7564324E-02 -0.7564324E-02 -0.7581459E-02 -0.7581459E-02 -0.7612890E-02 -0.7623245E-02 -0.7631012E-02 -0.7682999E-02 -0.7682999E-02 0.1521194E-01 0.1086373E-01 -0.4700080E-02 -0.3059978E-01 -0.6568143E-01 -0.1082548 -0.1567045 -0.2097090 -0.2654925 -0.3225005 -0.3790626 -0.4331390 -0.4818092 -0.5181215 -0.5181215 -0.4288944 -0.3449016 -0.2294838 -0.1921792 -0.1921792 -0.1244887 -0.1244887 -0.2278522E-01 -0.2278522E-01 0.4387765E-01 0.1655614 0.1655614 0.1884545 0.1884545 0.6843630E-01 0.6843630E-01 0.6843630E-01 0.2621875E-01 0.2621875E-01 0.4455041E-02 0.4455041E-02 -0.8155030E-02 -0.8155030E-02 -0.1621857E-01 -0.1621857E-01 -0.2107440E-01 -0.2107440E-01 -0.2107440E-01
-0.1162915E-02 -0.1162915E-02 -0.4448529E-02 -0.7904342E-02 -0.6941338E-02 -0.6941338E-02 -0.6351149E-02 -0.6024133E-02 -0.6024133E-02 -0.6038003E-02 -0.6038003E-02 -0.6076421E-02 -0.6090648E-02 -0.6102322E-02 -0.6191358E-02 -0.6191358E-02 0.6410453E-02 0.7390042E-04 -0.1674748E-01 -0.4344883E-01 -0.7909270E-01 -0.1223718 -0.1719358 -0.2266376 -0.2851258 -0.3461271 -0.4082957 -0.4699203 -0.5282988 -0.5766370 -0.5766370 -0.5347834 -0.4749540 -0.3623125 -0.3111590 -0.3111590 -0.1900808 -0.1900808 -0.1520856E-01 -0.1520856E-01 0.8066012E-01 0.2307143 0.2307143 0.2706567 0.2706567 0.1292017 0.1292017 0.1292017 0.5315311E-01 0.5315311E-01 0.9702075E-02 0.9702075E-02 -0.1460876E-01 -0.1460876E-01 -0.2848174E-01 -0.2848174E-01 -0.3559295E-01 -0.3559295E-01 -0.3559295E-01
-0.1474668E-03 -0.1474668E-03 -0.3766514E-02 -0.6034667E-02 -0.5299356E-02 -0.5299356E-02 -0.4794066E-02 -0.4488107E-02 -0.4488107E-02 -0.4499011E-02 -0.4499011E-02 -0.4537699E-02 -0.4553856E-02 -0.4567965E-02 -0.4701248E-02 -0.4701248E-02 -0.2459958E-02 -0.1265718E-01 -0.3232490E-01 -0.6102329E-01 -0.9798858E-01 -0.1422101 -0.1925938 -0.2481480 -0.3077951 -0.3704783 -0.4351096 -0.5003408 -0.5639801 -0.6203661 -0.6203661 -0.6142923 -0.5798019 -0.4800043 -0.4151946 -0.4151946 -0.2279675 -0.2279675 0.1353917E-01 0.1353917E-01 0.1221840 0.2695959 0.2695959 0.3131836 0.3131836 0.1820614 0.1820614 0.1820614 0.8369830E-01 0.8369830E-01 0.1916960E-01 0.1916960E-01 -0.1867750E-01 -0.1867750E-01 -0.3973003E-01 -0.3973003E-01 -0.4965839E-01 -0.4965839E-01 -0.4965839E-01
-0.1508111E-03 -0.1508111E-03 -0.2408669E-02 -0.4046131E-02 -0.3570893E-02 -0.3570893E-02 -0.3212905E-02 -0.2981283E-02 -0.2981283E-02 -0.2987733E-02 -0.2987733E-02 -0.3016374E-02 -0.3028808E-02 -0.3039574E-02 -0.3224022E-02 -0.3224022E-02 -0.1184182E-01 -0.2756064E-01 -0.5174750E-01 -0.8387558E-01 -0.1232465 -0.1690644 -0.2204913 -0.2767451 -0.3370031 -0.4004236 -0.4661259 -0.5330378 -0.5994260 -0.6608135 -0.6608135 -0.6793717 -0.6661679 -0.5728023 -0.4845063 -0.4845063 -0.2188683 -0.2188683 0.5352624E-01 0.5352624E-01 0.1544275 0.2793601 0.2793601 0.3210956 0.3210956 0.2185183 0.2185183 0.2185183 0.1133834 0.1133834 0.3265670E-01 0.3265670E-01 -0.1888251E-01 -0.1888251E-01 -0.4819554E-01 -0.4819554E-01 -0.6164779E-01 -0.6164779E-01 -0.6164779E-01
-0.9282984E-04 -0.9282984E-04 -0.1169711E-02 -0.2030700E-02 -0.1797524E-02 -0.1797524E-02 -0.1612406E-02 -0.1488262E-02 -0.1488262E-02 -0.1491012E-02 -0.1491012E-02 -0.1506124E-02 -0.1512204E-02 -0.1517654E-02 -0.1768941E-02 -0.1768941E-02 -0.2246324E-01 -0.4532596E-01 -0.7575298E-01 -0.1128756 -0.1559237 -0.2042220 -0.2571592 -0.3141963 -0.3747908 -0.4383656 -0.5042803 -0.5717226 -0.6393405 -0.7035770 -0.7035770 -0.7380275 -0.7393523 -0.6272655 -0.4967570 -0.4967570 -0.1661927 -0.1661927 0.8546870E-01 0.8546870E-01 0.1662571 0.2649020 0.2649020 0.3046102 0.3046102 0.2355848 0.2355848 0.2355848 0.1374389 0.1374389 0.4833072E-01 0.4833072E-01 -0.1495575E-01 -0.1495575E-01 -0.5283672E-01 -0.5283672E-01 -0.7039060E-01 -0.7039060E-01 -0.7039060E-01
-0.6643973E-06 -0.6643973E-06 -0.3228773E-06 -0.3458316E-06 -0.4395734E-06 -0.4395734E-06 -0.4456749E-06 -0.5761117E-06 -0.5761117E-06 -0.2649794E-06 -0.2649794E-06 -0.5328999E-07 0.2075443E-06 0.1302677E-06 -0.3436576E-03 -0.3436576E-03 -0.3537720E-01 -0.6716418E-01 -0.1056442 -0.1494027 -0.1974853 -0.2492629 -0.3043139 -0.3623514 -0.4231316 -0.4863873 -0.5517758 -0.6187800 -0.6863855 -0.7515302 -0.7515302 -0.7942222 -0.7990606 -0.6191928 -0.4360133 -0.4360133 -0.9891193E-01 -0.9891193E-01 0.9655769E-01 0.9655769E-01 0.1567187 0.2348824 0.2348824 0.2735209 0.2735209 0.2344806 0.2344806 0.2344806 0.1519898 0.1519898 0.6323618E-01 0.6323618E-01 -0.7705702E-02 -0.7705702E-02 -0.5319732E-01 -0.5319732E-01 -0.7496875E-01 -0.7496875E-01 -0.7496875E-01
0.9148589E-04 0.9148589E-04 0.1168936E-02 0.2029925E-02 0.1796587E-02 0.1796587E-02 0.1611466E-02 0.1487411E-02 0.1487411E-02 0.1490307E-02 0.1490307E-02 0.1506140E-02 0.1512573E-02 0.1518008E-02 0.1045896E-02 0.1045896E-02 -0.5213409E-01 -0.9499868E-01 -0.1435081 -0.1955827 -0.2500379 -0.3062720 -0.3640448 -0.4233294 -0.4841920 -0.5466999 -0.6108478 -0.6764511 -0.7427519 -0.8062876 -0.8062876 -0.8474635 -0.8334420 -0.5265611 -0.3197854 -0.3197854 -0.4861188E-01 -0.4861188E-01 0.8778916E-01 0.8778916E-01 0.1328907 0.1974287 0.1974287 0.2349488 0.2349488 0.2186830 0.2186830 0.2186830 0.1550313 0.1550313 0.7417803E-01 0.7417803E-01 0.1223516E-02 0.1223516E-02 -0.4941179E-01 -0.4941179E-01 -0.7475114E-01 -0.7475114E-01 -0.7475114E-01
0.1494726E-03 0.1494726E-03 0.2407784E-02 0.4045243E-02 0.3569863E-02 0.3569863E-02 0.3211872E-02 0.2980489E-02 0.2980489E-02 0.2986929E-02 0.2986929E-02 0.3016499E-02 0.3028940E-02 0.3039919E-02 0.2390408E-02 0.2390408E-02 -0.7516602E-01 -0.1318676 -0.1926047 -0.2546498 -0.3166613 -0.3781365 -0.4390664 -0.4997172 -0.5604829 -0.6217762 -0.6839463 -0.7471404 -0.8105304 -0.8675892 -0.8675892 -0.8872003 -0.8068641 -0.3700480 -0.2009556 -0.2009556 -0.2574100E-01 -0.2574100E-01 0.6814180E-01 0.6814180E-01 0.1033952 0.1581037 0.1581037 0.1933095 0.1933095 0.1922136 0.1922136 0.1922136 0.1466072 0.1466072 0.7865809E-01 0.7865809E-01 0.9753728E-02 0.9753728E-02 -0.4217571E-01 -0.4217571E-01 -0.6947402E-01 -0.6947402E-01 -0.6947402E-01
0.1464662E-03 0.1464662E-03 0.3765685E-02 0.6033947E-02 0.5298421E-02 0.5298421E-02 0.4793302E-02 0.4487505E-02 0.4487505E-02 0.4498593E-02 0.4498593E-02 0.4537711E-02 0.4553986E-02 0.4568045E-02 0.3670675E-02 0.3670675E-02 -0.1085436 -0.1826873 -0.2580520 -0.3315383 -0.4019146 -0.4689793 -0.5330876 -0.5948765 -0.6551029 -0.7145355 -0.7738757 -0.8335070 -0.8912430 -0.9280280 -0.9280280 -0.8743290 -0.6636215 -0.2194512 -0.1215192 -0.1215192 -0.2119649E-01 -0.2119649E-01 0.4599730E-01 0.4599730E-01 0.7407649E-01 0.1198809 0.1198809 0.1511051 0.1511051 0.1587126 0.1587126 0.1587126 0.1283346 0.1283346 0.7553156E-01 0.7553156E-01 0.1596872E-01 0.1596872E-01 -0.3256760E-01 -0.3256760E-01 -0.5930488E-01 -0.5930488E-01 -0.5930488E-01
0.1162459E-02 0.1162459E-02 0.4447747E-02 0.7903608E-02 0.6940764E-02 0.6940764E-02 0.6350851E-02 0.6024136E-02 0.6024136E-02 0.6038274E-02 0.6038274E-02 0.6076680E-02 0.6090867E-02 0.6102350E-02 0.4856392E-02 0.4856392E-02 -0.1595510 -0.2557427 -0.3480972 -0.4339272 -0.5126919 -0.5848712 -0.6514139 -0.7134560 -0.7721735 -0.8287017 -0.8840802 -0.9384977 -0.9828224 -0.9509265 -0.9509265 -0.7254077 -0.4102825 -0.1251407 -0.8242106E-01 -0.8242106E-01 -0.2248760E-01 -0.2248760E-01 0.2610025E-01 0.2610025E-01 0.4779419E-01 0.8415470E-01 0.8415470E-01 0.1098216 0.1098216 0.1211758 0.1211758 0.1211758 0.1026784 0.1026784 0.6513422E-01 0.6513422E-01 0.1869444E-01 0.1869444E-01 -0.2176424E-01 -0.2176424E-01 -0.4488704E-01 -0.4488704E-01 -0.4488704E-01
