cruce_test.gid/Rasters/Hydraulic/Velocity____159.0.asc
NCOLS        79
NROWS        79
XLLCENTER         -1.500000
YLLCENTER         -4.800000
CELLSIZE           0.100
NODATA_VALUE     -9999.0
[rows 0 to 26 of 79, columns 0 to 59 of 79]
-9999.000 -9999.000 -9999.000 -9999.000 -9999.000 -9999.000 -9999.000 -9999.000 -9999.000 -9999.000 -9999.000 -9999.000 -9999.000 -9999.000 -9999.000 0.1073025 0.1062265 0.1063002 0.1066152 0.1070931 0.1076639 0.1082379 0.1087443 0.1091744 0.1095074 0.1097500 0.1099654 0.1103574 0.1115037 0.1124587 0.1124587 -9999.000 -9999.000 -9999.000 -9999.000 -9999.000 -9999.000 -9999.000 -9999.000 -9999.000 -9999.000 -9999.000 -9999.000 -9999.000 -9999.000 -9999.000 -9999.000 -9999.000 -9999.000 -9999.000 -9999.000 -9999.000 -9999.000 -9999.000 -9999.000 -9999.000 -9999.000 -9999.000 -9999.000 -9999.000
-9999.000 -9999.000 -9999.000 -9999.000 -9999.000 -9999.000 -9999.000 -9999.000 -9999.000 -9999.000 -9999.000 -9999.000 -9999.000 -9999.000 -9999.000 0.1047812 0.1026641 0.1028703 0.1035999 0.1046851 0.1059770 0.1072850 0.1084550 0.1094617 0.1102568 0.1108513 0.1113843 0.1123105 0.1149001 0.1174420 0.1174420 -9999.000 -9999.000 -9999.000 -9999.000 -9999.000 -9999.000 -9999.000 -9999.000 -9999.000 -9999.000 -9999.000 -9999.000 -9999.000 -9999.000 -9999.000 -9999.000 -9999.000 -9999.000 -9999.000 -9999.000 -9999.000 -9999.000 -9999.000 -9999.000 -9999.000 -9999.000 -9999.000 -9999.000 -9999.000
-9999.000 -9999.000 -9999.000 -9999.000 -9999.000 -9999.000 -9999.000 -9999.000 -9999.000 -9999.000 -9999.000 -9999.000 -9999.000 -9999.000 -9999.000 0.1006745 0.9757841E-01 0.9795050E-01 0.9919057E-01 0.1010303 0.1032340 0.1055017 0.1075884 0.1094541 0.1110181 0.1122912 0.1134898 0.1153388 0.1198723 0.1248058 0.1248058 -9999.000 -9999.000 -9999.000 -9999.000 -9999.000 -9999.000 -9999.000 -9999.000 -9999.000 -9999.000 -9999.000 -9999.000 -9999.000 -9999.000 -9999.000 -9999.000 -9999.000 -9999.000 -9999.000 -9999.000 -9999.000 -9999.000 -9999.000 -9999.000 -9999.000 -9999.000 -9999.000 -9999.000 -9999.000
-9999.000 -9999.000 -9999.000 -9999.000 -9999.000 -9999.000 -9999.000 -9999.000 -9999.000 -9999.000 -9999.000 -9999.000 -9999.000 -9999.000 -9999.000 0.9584428E-01 0.9191114E-01 0.9247558E-01 0.9426410E-01 0.9690790E-01 0.1000846 0.1033880 0.1064830 0.1093196 0.1117815 0.1138740 0.1158843 0.1188096 0.1254793 0.1333746 0.1333746 -9999.000 -9999.000 -9999.000 -9999.000 -9999.000 -9999.000 -9999.000 -9999.000 -9999.000 -9999.000 -9999.000 -9999.000 -9999.000 -9999.000 -9999.000 -9999.000 -9999.000 -9999.000 -9999.000 -9999.000 -9999.000 -9999.000 -9999.000 -9999.000 -9999.000 -9999.000 -9999.000 -9999.000 -9999.000
-9999.000 -9999.000 -9999.000 -9999.000 -9999.000 -9999.000 -9999.000 -9999.000 -9999.000 -9999.000 -9999.000 -9999.000 -9999.000 -9999.000 -9999.000 0.9050575E-01 0.8584993E-01 0.8663075E-01 0.8900026E-01 0.9248713E-01 0.9668107E-01 0.1010712 0.1052324 0.1091106 0.1125508 0.1155499 0.1184650 0.1225758 0.1315525 0.1430108 0.1430108 -9999.000 -9999.000 -9999.000 -9999.000 -9999.000 -9999.000 -9999.000 -9999.000 -9999.000 -9999.000 -9999.000 -9999.000 -9999.000 -9999.000 -9999.000 -9999.000 -9999.000 -9999.000 -9999.000 -9999.000 -9999.000 -9999.000 -9999.000 -9999.000 -9999.000 -9999.000 -9999.000 -9999.000 -9999.000
-9999.000 -9999.000 -9999.000 -9999.000 -9999.000 -9999.000 -9999.000 -9999.000 -9999.000 -9999.000 -9999.000 -9999.000 -9999.000 -9999.000 -9999.000 0.8475454E-01 0.7948694E-01 0.8051520E-01 0.8350225E-01 0.8787078E-01 0.9311971E-01 0.9863561E-01 0.1039028 0.1088703 0.1133424 0.1173059 0.1211895 0.1265713 0.1380216 0.1537249 0.1537249 -9999.000 -9999.000 -9999.000 -9999.000 -9999.000 -9999.000 -9999.000 -9999.000 -9999.000 -9999.000 -9999.000 -9999.000 -9999.000 -9999.000 -9999.000 -9999.000 -9999.000 -9999.000 -9999.000 -9999.000 -9999.000 -9999.000 -9999.000 -9999.000 -9999.000 -9999.000 -9999.000 -9999.000 -9999.000
-9999.000 -9999.000 -9999.000 -9999.000 -9999.000 -9999.000 -9999.000 -9999.000 -9999.000 -9999.000 -9999.000 -9999.000 -9999.000 -9999.000 -9999.000 0.7862315E-01 0.7286393E-01 0.7418186E-01 0.7783151E-01 0.8312345E-01 0.8946208E-01 0.9613559E-01 0.1025371 0.1086283 0.1141701 0.1191383 0.1240378 0.1307654 0.1448636 0.1656248 0.1656248 -9999.000 -9999.000 -9999.000 -9999.000 -9999.000 -9999.000 -9999.000 -9999.000 -9999.000 -9999.000 -9999.000 -9999.000 -9999.000 -9999.000 -9999.000 -9999.000 -9999.000 -9999.000 -9999.000 -9999.000 -9999.000 -9999.000 -9999.000 -9999.000 -9999.000 -9999.000 -9999.000 -9999.000 -9999.000
-9999.000 -9999.000 -9999.000 -9999.000 -9999.000 -9999.000 -9999.000 -9999.000 -9999.000 -9999.000 -9999.000 -9999.000 -9999.000 -9999.000 -9999.000 0.7211086E-01 0.6599725E-01 0.6766303E-01 0.7203210E-01 0.7829282E-01 0.8575305E-01 0.9360968E-01 0.1011657 0.1084060 0.1150450 0.1210476 0.1270001 0.1351437 0.1520813 0.1788970 0.1788970 -9999.000 -9999.000 -9999.000 -9999.000 -9999.000 -9999.000 -9999.000 -9999.000 -9999.000 -9999.000 -9999.000 -9999.000 -9999.000 -9999.000 -9999.000 -9999.000 -9999.000 -9999.000 -9999.000 -9999.000 -9999.000 -9999.000 -9999.000 -9999.000 -9999.000 -9999.000 -9999.000 -9999.000 -9999.000
-9999.000 -9999.000 -9999.000 -9999.000 -9999.000 -9999.000 -9999.000 -9999.000 -9999.000 -9999.000 -9999.000 -9999.000 -9999.000 -9999.000 -9999.000 0.6519809E-01 0.5889149E-01 0.6098636E-01 0.6614657E-01 0.7342413E-01 0.8203296E-01 0.9109117E-01 0.9981341E-01 0.1082220 0.1159780 0.1230363 0.1300720 0.1397014 0.1596931 0.1938105 0.1938105 -9999.000 -9999.000 -9999.000 -9999.000 -9999.000 -9999.000 -9999.000 -9999.000 -9999.000 -9999.000 -9999.000 -9999.000 -9999.000 -9999.000 -9999.000 -9999.000 -9999.000 -9999.000 -9999.000 -9999.000 -9999.000 -9999.000 -9999.000 -9999.000 -9999.000 -9999.000 -9999.000 -9999.000 -9999.000
-9999.000 -9999.000 -9999.000 -9999.000 -9999.000 -9999.000 -9999.000 -9999.000 -9999.000 -9999.000 -9999.000 -9999.000 -9999.000 -9999.000 -9999.000 0.5785289E-01 0.5154921E-01 0.5418959E-01 0.6023138E-01 0.6857292E-01 0.7834736E-01 0.8861578E-01 0.9850727E-01 0.1080960 0.1169824 0.1251110 0.1332542 0.1444400 0.1677284 0.2107364 0.2107364 -9999.000 -9999.000 -9999.000 -9999.000 -9999.000 -9999.000 -9999.000 -9999.000 -9999.000 -9999.000 -9999.000 -9999.000 -9999.000 -9999.000 -9999.000 -9999.000 -9999.000 -9999.000 -9999.000 -9999.000 -9999.000 -9999.000 -9999.000 -9999.000 -9999.000 -9999.000 -9999.000 -9999.000 -9999.000
-9999.000 -9999.000 -9999.000 -9999.000 -9999.000 -9999.000 -9999.000 -9999.000 -9999.000 -9999.000 -9999.000 -9999.000 -9999.000 -9999.000 -9999.000 0.5003447E-01 0.4398369E-01 0.4734248E-01 0.5437742E-01 0.6382012E-01 0.7475788E-01 0.8622939E-01 0.9728131E-01 0.1080548 0.1180780 0.1272843 0.1365537 0.1493680 0.1762280 0.2301861 0.2301861 -9999.000 -9999.000 -9999.000 -9999.000 -9999.000 -9999.000 -9999.000 -9999.000 -9999.000 -9999.000 -9999.000 -9999.000 -9999.000 -9999.000 -9999.000 -9999.000 -9999.000 -9999.000 -9999.000 -9999.000 -9999.000 -9999.000 -9999.000 -9999.000 -9999.000 -9999.000 -9999.000 -9999.000 -9999.000
-9999.000 -9999.000 -9999.000 -9999.000 -9999.000 -9999.000 -9999.000 -9999.000 -9999.000 -9999.000 -9999.000 -9999.000 -9999.000 -9999.000 -9999.000 0.4169703E-01 0.3624759E-01 0.4059172E-01 0.4874540E-01 0.5929434E-01 0.7135694E-01 0.8399954E-01 0.9618676E-01 0.1081398 0.1192978 0.1295819 0.1399892 0.1545050 0.1852461 0.2528754 0.2528754 -9999.000 -9999.000 -9999.000 -9999.000 -9999.000 -9999.000 -9999.000 -9999.000 -9999.000 -9999.000 -9999.000 -9999.000 -9999.000 -9999.000 -9999.000 -9999.000 -9999.000 -9999.000 -9999.000 -9999.000 -9999.000 -9999.000 -9999.000 -9999.000 -9999.000 -9999.000 -9999.000 -9999.000 -9999.000
-9999.000 -9999.000 -9999.000 -9999.000 -9999.000 -9999.000 -9999.000 -9999.000 -9999.000 -9999.000 -9999.000 -9999.000 -9999.000 -9999.000 -9999.000 0.3279975E-01 0.2851383E-01 0.3426022E-01 0.4363041E-01 0.5521015E-01 0.6829409E-01 0.8203566E-01 0.9530932E-01 0.1084225 0.1207021 0.1320537 0.1436025 0.1598902 0.1948555 0.2798287 0.2798287 -9999.000 -9999.000 -9999.000 -9999.000 -9999.000 -9999.000 -9999.000 -9999.000 -9999.000 -9999.000 -9999.000 -9999.000 -9999.000 -9999.000 -9999.000 -9999.000 -9999.000 -9999.000 -9999.000 -9999.000 -9999.000 -9999.000 -9999.000 -9999.000 -9999.000 -9999.000 -9999.000 -9999.000 -9999.000
-9999.000 -9999.000 -9999.000 -9999.000 -9999.000 -9999.000 -9999.000 -9999.000 -9999.000 -9999.000 -9999.000 -9999.000 -9999.000 -9999.000 -9999.000 0.2333215E-01 0.2139755E-01 0.2915994E-01 0.3968525E-01 0.5204702E-01 0.6592551E-01 0.8061381E-01 0.9487388E-01 0.1090912 0.1224502 0.1348363 0.1475110 0.1656259 0.2051755 0.3125792 0.3125792 -9999.000 -9999.000 -9999.000 -9999.000 -9999.000 -9999.000 -9999.000 -9999.000 -9999.000 -9999.000 -9999.000 -9999.000 -9999.000 -9999.000 -9999.000 -9999.000 -9999.000 -9999.000 -9999.000 -9999.000 -9999.000 -9999.000 -9999.000 -9999.000 -9999.000 -9999.000 -9999.000 -9999.000 -9999.000
-9999.000 -9999.000 -9999.000 -9999.000 -9999.000 -9999.000 -9999.000 -9999.000 -9999.000 -9999.000 -9999.000 -9999.000 -9999.000 -9999.000 -9999.000 0.2138928E-01 0.3422513E-01 0.4718366E-01 0.5789978E-01 0.6792615E-01 0.7854600E-01 0.9016579E-01 0.1020006 0.1145530 0.1268831 0.1387697 0.1515172 0.1708922 0.2151967 0.3507342 0.3507342 -9999.000 -9999.000 -9999.000 -9999.000 -9999.000 -9999.000 -9999.000 -9999.000 -9999.000 -9999.000 -9999.000 -9999.000 -9999.000 -9999.000 -9999.000 -9999.000 -9999.000 -9999.000 -9999.000 -9999.000 -9999.000 -9999.000 -9999.000 -9999.000 -9999.000 -9999.000 -9999.000 -9999.000 -9999.000
2.585431 2.585431 2.627233 2.667219 2.672426 2.672426 2.675325 2.677290 2.677290 2.675999 2.675999 2.672479 2.670115 2.667434 2.664475 2.664475 2.704189 2.699494 2.684369 2.655172 2.609159 2.544344 2.458888 2.355126 2.233269 2.095482 1.946275 1.796345 1.672558 1.646127 1.646127 2.434000 2.589559 2.670229 2.688933 2.688933 2.709626 2.709626 2.675054 2.675054 2.623066 2.424998 2.424998 1.980586 1.980586 1.815420 1.815420 1.815420 1.823242 1.823242 1.862170 1.862170 1.908880 1.908880 1.954574 1.954574 1.993994 1.993994 1.993994 2.023561
2.602910 2.602910 2.659274 2.715009 2.730937 2.730937 2.744533 2.767771 2.767771 2.787587 2.787587 2.805007 2.813046 2.820725 2.828081 2.828081 2.857858 2.865729 2.873090 2.878325 2.879260 2.873432 2.858051 2.831333 2.790850 2.734852 2.662685 2.576034 2.481741 2.426416 2.426416 2.849328 2.994435 3.130441 3.166016 3.166016 3.202572 3.202572 3.192876 3.192876 3.165977 3.053308 3.053308 2.800633 2.800633 2.608429 2.608429 2.608429 2.615786 2.615786 2.655881 2.655881 2.705313 2.705313 2.753983 2.753983 2.796787 2.796787 2.796787 2.831438
2.606930 2.606930 2.663275 2.715317 2.731428 2.731428 2.745259 2.769009 2.769009 2.789407 2.789407 2.807499 2.815908 2.823979 2.831750 2.831750 2.859684 2.875082 2.892128 2.908808 2.923400 2.934490 2.940687 2.941055 2.934133 2.918313 2.892196 2.855536 2.811408 2.784706 2.784706 3.029284 3.167378 3.323880 3.367990 3.367990 3.407875 3.407875 3.388132 3.388132 3.356191 3.257438 3.257438 3.090285 3.090285 2.900339 2.900339 2.900339 2.892737 2.892737 2.923165 2.923165 2.965469 2.965469 3.008068 3.008068 3.046170 3.046170 3.046170 3.077384
2.610147 2.610147 2.666360 2.715248 2.731335 2.731335 2.745205 2.769015 2.769015 2.789432 2.789432 2.807534 2.815950 2.824029 2.831809 2.831809 2.860367 2.882679 2.907884 2.932818 2.955400 2.974345 2.988801 2.998443 3.002878 3.001583 2.993990 2.980001 2.961445 2.953606 2.953606 3.104910 3.227901 3.388452 3.435058 3.435058 3.466321 3.466321 3.425501 3.425501 3.387796 3.306666 3.306666 3.204615 3.204615 3.040322 3.040322 3.040322 3.016832 3.016832 3.035987 3.035987 3.071702 3.071702 3.110297 3.110297 3.145577 3.145577 3.145577 3.174556
2.612615 2.612615 2.668714 2.715199 2.731238 2.731238 2.745142 2.769009 2.769009 2.789436 2.789436 2.807532 2.815947 2.824024 2.831803 2.831803 2.863799 2.893003 2.926008 2.958638 2.988424 3.013988 3.034553 3.049880 3.059925 3.064719 3.064360 3.059271 3.051127 3.050101 3.050101 3.147539 3.251234 3.400768 3.439816 3.439816 3.441389 3.441389 3.377606 3.377606 3.343075 3.294923 3.294923 3.249104 3.249104 3.127569 3.127569 3.127569 3.092178 3.092178 3.097863 3.097863 3.124904 3.124904 3.158452 3.158452 3.190393 3.190393 3.190393 3.216745
2.614360 2.614360 2.670373 2.715171 2.731157 2.731157 2.745086 2.769003 2.769003 2.789438 2.789438 2.807531 2.815943 2.824019 2.831797 2.831797 2.870776 2.907234 2.947779 2.987581 3.023991 3.055602 3.081674 3.101941 3.116406 3.125234 3.128745 3.127578 3.123316 3.123033 3.123033 3.184880 3.266325 3.384987 3.401029 3.401029 3.353477 3.353477 3.285359 3.285359 3.267371 3.261964 3.261964 3.261067 3.261067 3.188836 3.188836 3.188836 3.150052 3.150052 3.143196 3.143196 3.159601 3.159601 3.186091 3.186091 3.213192 3.213192 3.213192 3.235797
2.615399 2.615399 2.671360 2.715157 2.731103 2.731103 2.745048 2.768999 2.768999 2.789441 2.789441 2.807531 2.815941 2.824016 2.831795 2.831795 2.882152 2.926546 2.974457 3.020865 3.063200 3.100167 3.131118 3.155807 3.174231 3.186551 3.193090 3.194458 3.191978 3.190462 3.190462 3.226975 3.283283 3.340073 3.313421 3.313421 3.220162 3.220162 3.182170 3.182170 3.189074 3.224090 3.224090 3.255736 3.255736 3.230401 3.230401 3.230401 3.197556 3.197556 3.182464 3.182464 3.187931 3.187931 3.205573 3.205573 3.226065 3.226065 3.226065 3.243549
2.615745 2.615745 2.671687 2.715153 2.731085 2.731085 2.745034 2.768998 2.768998 2.789442 2.789442 2.807531 2.815941 2.824016 2.831794 2.831794 2.899065 2.952289 3.007455 3.059865 3.107309 3.148764 3.183770 3.212173 3.233998 3.249391 3.258619 3.262168 3.260995 3.257941 3.257941 3.274886 3.300234 3.246419 3.166947 3.166947 3.071877 3.071877 3.092127 3.092127 3.122115 3.187065 3.187065 3.240800 3.240800 3.255114 3.255114 3.255114 3.235016 3.235016 3.217685 3.217685 3.213964 3.213964 3.221841 3.221841 3.234109 3.234109 3.234109 3.245053
2.615399 2.615399 2.671360 2.715157 2.731103 2.731103 2.745047 2.768998 2.768998 2.789441 2.789441 2.807531 2.815942 2.824017 2.831795 2.831795 2.923123 2.986143 3.048436 3.106159 3.157759 3.202654 3.240679 3.271851 3.296282 3.314133 3.325625 3.331108 3.331089 3.326107 3.326107 3.323687 3.301437 3.081573 2.974091 2.974091 2.943181 2.943181 3.021981 3.021981 3.067303 3.151247 3.151247 3.219796 3.219796 3.265308 3.265308 3.265308 3.261013 3.261013 3.247064 3.247064 3.237423 3.237423 3.235815 3.235815 3.238760 3.238760 3.238760 3.241946
2.614360 2.614360 2.670373 2.715171 2.731157 2.731157 2.745086 2.769003 2.769003 2.789438 2.789438 2.807532 2.815943 2.824019 2.831798 2.831798 2.956659 3.030344 3.099461 3.161611 3.216202 3.263270 3.303047 3.335805 3.361796 3.381237 3.394339 3.401319 3.401979 3.392590 3.392590 3.358677 3.247436 2.855607 2.781805 2.781805 2.849692 2.849692 2.965563 2.965563 3.019209 3.114892 3.114892 3.193744 3.193744 3.262802 3.262802 3.262802 3.274190 3.274190 3.267441 3.267441 3.255606 3.255606 3.245907 3.245907 3.239213 3.239213 3.239213 3.233877
2.612615 2.612615 2.668715 2.715199 2.731238 2.731238 2.745142 2.769008 2.769008 2.789435 2.789435 2.807532 2.815946 2.824023 2.831803 2.831803 3.003169 3.087999 3.163202 3.228491 3.284556 3.332219 3.372212 3.405118 3.431371 3.451285 3.465090 3.472833 3.472554 3.448598 3.448598 3.339124 3.076479 2.630265 2.639825 2.639825 2.781275 2.781275 2.914452 2.914452 2.972332 3.075864 3.075864 3.162079 3.162079 3.248297 3.248297 3.248297 3.273273 3.273273 3.275285 3.275285 3.264291 3.264291 3.248562 3.248562 3.232769 3.232769 3.232769 3.218802
2.610147 2.610147 2.666360 2.715248 2.731335 2.731335 2.745205 2.769015 2.769015 2.789432 2.789432 2.807534 2.815950 2.824029 2.831810 2.831810 3.068097 3.163612 3.243256 3.309648 3.365077 3.411299 3.449609 3.480928 3.505895 3.524933 3.538307 3.545592 3.538473 3.461351 3.461351 3.178549 2.761613 2.480954 2.542946 2.542946 2.717185 2.717185 2.858500 2.858500 2.918776 3.028602 3.028602 3.120302 3.120302 3.218900 3.218900 3.218900 3.254655 3.254655 3.265092 3.265092 3.256580 3.256580 3.236931 3.236931 3.213322 3.213322 3.213322 3.191405
