cruce_test.gid/Rasters/Hydraulic/Velocity__x_302.0.asc
NCOLS        79
NROWS        79
XLLCENTER         -1.500000
YLLCENTER         -4.800000
CELLSIZE           0.100
NODATA_VALUE     -9999.0
[rows 0 to 25 of 79, columns 0 to 57 of 79]
-9999.000 -9999.000 -9999.000 -9999.000 -9999.000 -9999.000 -9999.000 -9999.000 -9999.000 -9999.000 -9999.000 -9999.000 -9999.000 -9999.000 -9999.000 -0.4977391E-04 0.1517813E-02 0.5146319E-02 0.9067197E-02 0.1248657E-01 0.1515233E-01 0.1699025E-01 0.1800358E-01 0.1826054E-01 0.1783981E-01 0.1681051E-01 0.1521077E-01 0.1290470E-01 0.9175762E-02 0.4510105E-02 0.4510105E-02 -9999.000 -9999.000 -9999.000 -9999.000 -9999.000 -9999.000 -9999.000 -9999.000 -9999.000 -9999.000 -9999.000 -9999.000 -9999.000 -9999.000 -9999.000 -9999.000 -9999.000 -9999.000 -9999.000 -9999.000 -9999.000 -9999.000 -9999.000 -9999.000 -9999.000 -9999.000 -9999.000
-9999.000 -9999.000 -9999.000 -9999.000 -9999.000 -9999.000 -9999.000 -9999.000 -9999.000 -9999.000 -9999.000 -9999.000 -9999.000 -9999.000 -9999.000 0.1168519E-02 0.3947992E-02 0.8698323E-02 0.1364340E-01 0.1799053E-01 0.2143054E-01 0.2382971E-01 0.2514273E-01 0.2540111E-01 0.2466108E-01 0.2298336E-01 0.2041287E-01 0.1685218E-01 0.1171393E-01 0.5739691E-02 0.5739691E-02 -9999.000 -9999.000 -9999.000 -9999.000 -9999.000 -9999.000 -9999.000 -9999.000 -9999.000 -9999.000 -9999.000 -9999.000 -9999.000 -9999.000 -9999.000 -9999.000 -9999.000 -9999.000 -9999.000 -9999.000 -9999.000 -9999.000 -9999.000 -9999.000 -9999.000 -9999.000 -9999.000
-9999.000 -9999.000 -9999.000 -9999.000 -9999.000 -9999.000 -9999.000 -9999.000 -9999.000 -9999.000 -9999.000 -9999.000 -9999.000 -9999.000 -9999.000 0.1723262E-02 0.5128572E-02 0.1057134E-01 0.1615179E-01 0.2104177E-01 0.2490923E-01 0.2760265E-01 0.2906348E-01 0.2931593E-01 0.2841440E-01 0.2642474E-01 0.2340253E-01 0.1926186E-01 0.1340922E-01 0.6608225E-02 0.6608225E-02 -9999.000 -9999.000 -9999.000 -9999.000 -9999.000 -9999.000 -9999.000 -9999.000 -9999.000 -9999.000 -9999.000 -9999.000 -9999.000 -9999.000 -9999.000 -9999.000 -9999.000 -9999.000 -9999.000 -9999.000 -9999.000 -9999.000 -9999.000 -9999.000 -9999.000 -9999.000 -9999.000
-9999.000 -9999.000 -9999.000 -9999.000 -9999.000 -9999.000 -9999.000 -9999.000 -9999.000 -9999.000 -9999.000 -9999.000 -9999.000 -9999.000 -9999.000 0.2052031E-02 0.5841047E-02 0.1172320E-01 0.1771392E-01 0.2295617E-01 0.2710432E-01 0.2999676E-01 0.3156837E-01 0.3184146E-01 0.3087076E-01 0.2872452E-01 0.2546334E-01 0.2099980E-01 0.1470932E-01 0.7304936E-02 0.7304936E-02 -9999.000 -9999.000 -9999.000 -9999.000 -9999.000 -9999.000 -9999.000 -9999.000 -9999.000 -9999.000 -9999.000 -9999.000 -9999.000 -9999.000 -9999.000 -9999.000 -9999.000 -9999.000 -9999.000 -9999.000 -9999.000 -9999.000 -9999.000 -9999.000 -9999.000 -9999.000 -9999.000
-9999.000 -9999.000 -9999.000 -9999.000 -9999.000 -9999.000 -9999.000 -9999.000 -9999.000 -9999.000 -9999.000 -9999.000 -9999.000 -9999.000 -9999.000 0.2295245E-02 0.6371524E-02 0.1258531E-01 0.1888781E-01 0.2439965E-01 0.2876651E-01 0.3182038E-01 0.3349229E-01 0.3380471E-01 0.3281226E-01 0.3058503E-01 0.2718492E-01 0.2251596E-01 0.1590757E-01 0.7971483E-02 0.7971483E-02 -9999.000 -9999.000 -9999.000 -9999.000 -9999.000 -9999.000 -9999.000 -9999.000 -9999.000 -9999.000 -9999.000 -9999.000 -9999.000 -9999.000 -9999.000 -9999.000 -9999.000 -9999.000 -9999.000 -9999.000 -9999.000 -9999.000 -9999.000 -9999.000 -9999.000 -9999.000 -9999.000
-9999.000 -9999.000 -9999.000 -9999.000 -9999.000 -9999.000 -9999.000 -9999.000 -9999.000 -9999.000 -9999.000 -9999.000 -9999.000 -9999.000 -9999.000 0.2516086E-02 0.6850899E-02 0.1335993E-01 0.1993855E-01 0.2568893E-01 0.3025217E-01 0.3345606E-01 0.3522917E-01 0.3559528E-01 0.3460918E-01 0.3234132E-01 0.2885400E-01 0.2403792E-01 0.1716260E-01 0.8688724E-02 0.8688724E-02 -9999.000 -9999.000 -9999.000 -9999.000 -9999.000 -9999.000 -9999.000 -9999.000 -9999.000 -9999.000 -9999.000 -9999.000 -9999.000 -9999.000 -9999.000 -9999.000 -9999.000 -9999.000 -9999.000 -9999.000 -9999.000 -9999.000 -9999.000 -9999.000 -9999.000 -9999.000 -9999.000
-9999.000 -9999.000 -9999.000 -9999.000 -9999.000 -9999.000 -9999.000 -9999.000 -9999.000 -9999.000 -9999.000 -9999.000 -9999.000 -9999.000 -9999.000 0.2744964E-02 0.7342719E-02 0.1414493E-01 0.2099422E-01 0.2697784E-01 0.3173507E-01 0.3509101E-01 0.3697301E-01 0.3740705E-01 0.3644803E-01 0.3416687E-01 0.3062491E-01 0.2569542E-01 0.1857270E-01 0.9510984E-02 0.9510984E-02 -9999.000 -9999.000 -9999.000 -9999.000 -9999.000 -9999.000 -9999.000 -9999.000 -9999.000 -9999.000 -9999.000 -9999.000 -9999.000 -9999.000 -9999.000 -9999.000 -9999.000 -9999.000 -9999.000 -9999.000 -9999.000 -9999.000 -9999.000 -9999.000 -9999.000 -9999.000 -9999.000
-9999.000 -9999.000 -9999.000 -9999.000 -9999.000 -9999.000 -9999.000 -9999.000 -9999.000 -9999.000 -9999.000 -9999.000 -9999.000 -9999.000 -9999.000 0.2998122E-02 0.7880810E-02 0.1499206E-01 0.2212244E-01 0.2834734E-01 0.3330736E-01 0.3682568E-01 0.3882969E-01 0.3934869E-01 0.3843760E-01 0.3616757E-01 0.3259858E-01 0.2758138E-01 0.2021885E-01 0.1048665E-01 0.1048665E-01 -9999.000 -9999.000 -9999.000 -9999.000 -9999.000 -9999.000 -9999.000 -9999.000 -9999.000 -9999.000 -9999.000 -9999.000 -9999.000 -9999.000 -9999.000 -9999.000 -9999.000 -9999.000 -9999.000 -9999.000 -9999.000 -9999.000 -9999.000 -9999.000 -9999.000 -9999.000 -9999.000
-9999.000 -9999.000 -9999.000 -9999.000 -9999.000 -9999.000 -9999.000 -9999.000 -9999.000 -9999.000 -9999.000 -9999.000 -9999.000 -9999.000 -9999.000 0.3285519E-02 0.8485794E-02 0.1593361E-01 0.2336575E-01 0.2984926E-01 0.3502866E-01 0.3872666E-01 0.4087152E-01 0.4149702E-01 0.4065853E-01 0.3842730E-01 0.3486130E-01 0.2978396E-01 0.2218676E-01 0.1167070E-01 0.1167070E-01 -9999.000 -9999.000 -9999.000 -9999.000 -9999.000 -9999.000 -9999.000 -9999.000 -9999.000 -9999.000 -9999.000 -9999.000 -9999.000 -9999.000 -9999.000 -9999.000 -9999.000 -9999.000 -9999.000 -9999.000 -9999.000 -9999.000 -9999.000 -9999.000 -9999.000 -9999.000 -9999.000
-9999.000 -9999.000 -9999.000 -9999.000 -9999.000 -9999.000 -9999.000 -9999.000 -9999.000 -9999.000 -9999.000 -9999.000 -9999.000 -9999.000 -9999.000 0.3615606E-02 0.9175560E-02 0.1699683E-01 0.2476067E-01 0.3152789E-01 0.3695061E-01 0.4085258E-01 0.4316369E-01 0.4392450E-01 0.4319034E-01 0.4103338E-01 0.3750907E-01 0.3240718E-01 0.2458437E-01 0.1313427E-01 0.1313427E-01 -9999.000 -9999.000 -9999.000 -9999.000 -9999.000 -9999.000 -9999.000 -9999.000 -9999.000 -9999.000 -9999.000 -9999.000 -9999.000 -9999.000 -9999.000 -9999.000 -9999.000 -9999.000 -9999.000 -9999.000 -9999.000 -9999.000 -9999.000 -9999.000 -9999.000 -9999.000 -9999.000
-9999.000 -9999.000 -9999.000 -9999.000 -9999.000 -9999.000 -9999.000 -9999.000 -9999.000 -9999.000 -9999.000 -9999.000 -9999.000 -9999.000 -9999.000 0.3997508E-02 0.9968715E-02 0.1821177E-01 0.2634680E-01 0.3343179E-01 0.3913070E-01 0.4326982E-01 0.4578232E-01 0.4671676E-01 0.4613000E-01 0.4409544E-01 0.4066579E-01 0.3559012E-01 0.2756090E-01 0.1497742E-01 0.1497742E-01 -9999.000 -9999.000 -9999.000 -9999.000 -9999.000 -9999.000 -9999.000 -9999.000 -9999.000 -9999.000 -9999.000 -9999.000 -9999.000 -9999.000 -9999.000 -9999.000 -9999.000 -9999.000 -9999.000 -9999.000 -9999.000 -9999.000 -9999.000 -9999.000 -9999.000 -9999.000 -9999.000
-9999.000 -9999.000 -9999.000 -9999.000 -9999.000 -9999.000 -9999.000 -9999.000 -9999.000 -9999.000 -9999.000 -9999.000 -9999.000 -9999.000 -9999.000 0.4441293E-02 0.1088854E-01 0.1961526E-01 0.2817424E-01 0.3562376E-01 0.4164431E-01 0.4606602E-01 0.4882794E-01 0.4999001E-01 0.4961047E-01 0.4776539E-01 0.4450559E-01 0.3953075E-01 0.3133333E-01 0.1734711E-01 0.1734711E-01 -9999.000 -9999.000 -9999.000 -9999.000 -9999.000 -9999.000 -9999.000 -9999.000 -9999.000 -9999.000 -9999.000 -9999.000 -9999.000 -9999.000 -9999.000 -9999.000 -9999.000 -9999.000 -9999.000 -9999.000 -9999.000 -9999.000 -9999.000 -9999.000 -9999.000 -9999.000 -9999.000
-9999.000 -9999.000 -9999.000 -9999.000 -9999.000 -9999.000 -9999.000 -9999.000 -9999.000 -9999.000 -9999.000 -9999.000 -9999.000 -9999.000 -9999.000 0.4964509E-02 0.1197158E-01 0.2126554E-01 0.3032010E-01 0.3819855E-01 0.4460369E-01 0.4937194E-01 0.5245097E-01 0.5391543E-01 0.5382752E-01 0.5226847E-01 0.4928866E-01 0.4452749E-01 0.3623279E-01 0.2046819E-01 0.2046819E-01 -9999.000 -9999.000 -9999.000 -9999.000 -9999.000 -9999.000 -9999.000 -9999.000 -9999.000 -9999.000 -9999.000 -9999.000 -9999.000 -9999.000 -9999.000 -9999.000 -9999.000 -9999.000 -9999.000 -9999.000 -9999.000 -9999.000 -9999.000 -9999.000 -9999.000 -9999.000 -9999.000
-9999.000 -9999.000 -9999.000 -9999.000 -9999.000 -9999.000 -9999.000 -9999.000 -9999.000 -9999.000 -9999.000 -9999.000 -9999.000 -9999.000 -9999.000 0.5905955E-02 0.1390818E-01 0.2412926E-01 0.3370304E-01 0.4203148E-01 0.4881981E-01 0.5392888E-01 0.5732943E-01 0.5912246E-01 0.5937846E-01 0.5818806E-01 0.5560293E-01 0.5118761E-01 0.4288403E-01 0.2476858E-01 0.2476858E-01 -9999.000 -9999.000 -9999.000 -9999.000 -9999.000 -9999.000 -9999.000 -9999.000 -9999.000 -9999.000 -9999.000 -9999.000 -9999.000 -9999.000 -9999.000 -9999.000 -9999.000 -9999.000 -9999.000 -9999.000 -9999.000 -9999.000 -9999.000 -9999.000 -9999.000 -9999.000 -9999.000
-9999.000 -9999.000 -9999.000 -9999.000 -9999.000 -9999.000 -9999.000 -9999.000 -9999.000 -9999.000 -9999.000 -9999.000 -9999.000 -9999.000 -9999.000 0.5757630E-01 0.8665831E-01 0.9838571E-01 0.9221559E-01 0.8934631E-01 0.8596907E-01 0.8220274E-01 0.7820426E-01 0.7406998E-01 0.6975072E-01 0.6522074E-01 0.6034945E-01 0.5444481E-01 0.4505387E-01 0.2239024E-01 0.2239024E-01 -9999.000 -9999.000 -9999.000 -9999.000 -9999.000 -9999.000 -9999.000 -9999.000 -9999.000 -9999.000 -9999.000 -9999.000 -9999.000 -9999.000 -9999.000 -9999.000 -9999.000 -9999.000 -9999.000 -9999.000 -9999.000 -9999.000 -9999.000 -9999.000 -9999.000 -9999.000 -9999.000
2.760554 2.760554 2.751338 2.780529 2.795264 2.795264 2.798156 2.798904 2.798904 2.796202 2.796202 2.790952 2.787607 2.783887 2.780019 2.780019 2.887289 2.890396 2.890273 2.867368 2.824510 2.760544 2.673542 2.564419 2.435500 2.288202 2.126831 1.961432 1.817745 1.763084 1.763084 2.613810 2.787715 2.883090 2.905816 2.905816 2.933442 2.933442 2.905963 2.905963 2.856048 2.659622 2.659622 2.217621 2.217621 1.994275 1.994275 1.994275 1.992245 1.992245 2.029595 2.029595 2.078698 2.078698 2.128135 2.128135 2.171331 2.171331
2.782211 2.782211 2.777832 2.830814 2.854468 2.854468 2.869126 2.892292 2.892292 2.911472 2.911472 2.927894 2.935319 2.942322 2.949120 2.949120 3.029552 3.045445 3.059555 3.068074 3.071104 3.066897 3.052526 3.025454 2.983589 2.924709 2.847885 2.754689 2.652373 2.582675 2.582675 3.042592 3.202783 3.353278 3.393133 3.393133 3.436400 3.436400 3.431997 3.431997 3.406771 3.294609 3.294609 3.053556 3.053556 2.817171 2.817171 2.817171 2.813968 2.813968 2.853188 2.853188 2.905357 2.905357 2.957408 2.957408 3.003826 3.003826
2.786548 2.786548 2.780903 2.832324 2.854204 2.854204 2.869528 2.893564 2.893564 2.913359 2.913359 2.930466 2.938274 2.945687 2.952943 2.952943 3.025849 3.052600 3.077341 3.098013 3.114371 3.125949 3.131669 3.130382 3.120863 3.101388 3.070406 3.027584 2.976325 2.940640 2.940640 3.207914 3.364041 3.541430 3.591992 3.591992 3.641416 3.641416 3.626630 3.626630 3.594428 3.489625 3.489625 3.328793 3.328793 3.113501 3.113501 3.113501 3.094269 3.094269 3.122344 3.122344 3.166465 3.166465 3.212358 3.212358 3.254093 3.254093
2.788939 2.788939 2.785449 2.833059 2.853476 2.853476 2.869120 2.893567 2.893567 2.913406 2.913406 2.930525 2.938353 2.945793 2.953124 2.953124 3.022141 3.058319 3.092929 3.123350 3.148617 3.168303 3.181981 3.189332 3.190132 3.183893 3.170043 3.148517 3.121489 3.104318 3.104318 3.268884 3.408371 3.594431 3.650539 3.650539 3.696481 3.696481 3.660514 3.660514 3.619602 3.527008 3.527008 3.427191 3.427191 3.255570 3.255570 3.255570 3.221462 3.221462 3.236471 3.236471 3.272753 3.272753 3.314079 3.314079 3.352746 3.352746
2.787374 2.787374 2.793266 2.834109 2.853584 2.853584 2.869445 2.894259 2.894259 2.914119 2.914119 2.931199 2.939006 2.946423 2.953789 2.953789 3.022751 3.067203 3.110783 3.150038 3.183424 3.210283 3.230258 3.243219 3.249235 3.248398 3.240826 3.227012 3.208940 3.197212 3.197212 3.299577 3.415715 3.592694 3.644790 3.644790 3.667018 3.667018 3.604969 3.604969 3.564404 3.503606 3.503606 3.458821 3.458821 3.342749 3.342749 3.342749 3.300269 3.300269 3.300744 3.300744 3.326767 3.326767 3.362022 3.362022 3.396811 3.396811
2.787674 2.787674 2.797771 2.834277 2.853177 2.853177 2.869174 2.894270 2.894270 2.914155 2.914155 2.931219 2.939023 2.946440 2.953902 2.953902 3.027754 3.079986 3.131740 3.178920 3.219650 3.253092 3.278874 3.296875 3.307198 3.310067 3.305827 3.295175 3.279925 3.267657 3.267657 3.327868 3.416891 3.564246 3.597701 3.597701 3.573925 3.573925 3.501646 3.501646 3.476984 3.462287 3.462287 3.463012 3.463012 3.402457 3.402457 3.402457 3.361269 3.361269 3.349518 3.349518 3.363466 3.363466 3.390355 3.390355 3.419453 3.419453
2.787856 2.787856 2.800459 2.834358 2.852934 2.852934 2.869000 2.894270 2.894270 2.914170 2.914170 2.931222 2.939024 2.946439 2.954039 2.954039 3.038507 3.098478 3.157641 3.211686 3.258680 3.297769 3.328598 3.351068 3.365264 3.371402 3.369833 3.361205 3.347004 3.332526 3.332526 3.362731 3.422510 3.512412 3.507506 3.507506 3.432800 3.432800 3.386650 3.386650 3.389024 3.419918 3.419918 3.454114 3.454114 3.441890 3.441890 3.441890 3.410819 3.410819 3.392412 3.392412 3.394644 3.394644 3.411353 3.411353 3.432776 3.432776
2.787918 2.787918 2.801353 2.834383 2.852855 2.852855 2.868942 2.894270 2.894270 2.914176 2.914176 2.931223 2.939025 2.946441 2.954233 2.954233 3.056107 3.124138 3.190036 3.249812 3.301786 3.345280 3.380063 3.406114 3.423536 3.432516 3.433339 3.426509 3.413100 3.396426 3.396426 3.404309 3.431693 3.421817 3.362854 3.362854 3.272732 3.272732 3.286373 3.286373 3.315253 3.380611 3.380611 3.437754 3.437754 3.464514 3.464514 3.464514 3.448994 3.448994 3.430574 3.430574 3.423709 3.423709 3.429595 3.429595 3.441628 3.441628
2.787856 2.787856 2.800459 2.834358 2.852934 2.852934 2.869000 2.894269 2.894269 2.914171 2.914171 2.931222 2.939025 2.946440 2.954502 2.954502 3.082061 3.158642 3.230591 3.294821 3.350253 3.396606 3.433915 3.462318 3.481987 3.493108 3.495899 3.490697 3.478105 3.459293 3.459293 3.447696 3.432360 3.267846 3.168017 3.168017 3.131350 3.131350 3.210190 3.210190 3.257076 3.344215 3.344215 3.416803 3.416803 3.473583 3.473583 3.473583 3.475237 3.475237 3.462344 3.462344 3.450408 3.450408 3.446213 3.446213 3.447798 3.447798
2.787673 2.787673 2.797772 2.834276 2.853176 2.853176 2.869174 2.894270 2.894270 2.914155 2.914155 2.931219 2.939023 2.946439 2.954874 2.954874 3.118570 3.204092 3.281166 3.348266 3.405312 3.452652 3.490724 3.519917 3.540531 3.552784 3.556850 3.552902 3.540878 3.518445 3.518445 3.480895 3.393252 3.047234 2.964443 2.964443 3.028904 3.028904 3.150413 3.150413 3.207187 3.307523 3.307523 3.391032 3.391032 3.470505 3.470505 3.470505 3.488261 3.488261 3.484197 3.484197 3.471368 3.471368 3.459051 3.459051 3.450091 3.450091
2.787373 2.787373 2.793266 2.834109 2.853583 2.853583 2.869446 2.894258 2.894258 2.914118 2.914118 2.931200 2.939006 2.946422 2.955380 2.955380 3.168925 3.263233 3.343877 3.411691 3.468007 3.514042 3.550767 3.578881 3.598850 3.610956 3.615346 3.611993 3.599423 3.566362 3.566362 3.472681 3.256564 2.811411 2.808786 2.808786 2.956002 2.956002 3.097252 3.097252 3.159166 3.267940 3.267940 3.359484 3.359484 3.455696 3.455696 3.455696 3.486973 3.486973 3.492675 3.492675 3.481885 3.481885 3.463970 3.463970 3.445309 3.445309
