cruce_test.gid/Rasters/Hydraulic/Velocity__y_131.0.asc
NCOLS        79
NROWS        79
XLLCENTER         -1.500000
YLLCENTER         -4.800000
CELLSIZE           0.100
NODATA_VALUE     -9999.0
[rows 0 to 25 of 79, columns 0 to 58 of 79]
-9999.000 -9999.000 -9999.000 -9999.000 -9999.000 -9999.000 -9999.000 -9999.000 -9999.000 -9999.000 -9999.000 -9999.000 -9999.000 -9999.000 -9999.000 -0.1333094 -0.1321181 -0.1320709 -0.1321859 -0.1323905 -0.1326452 -0.1329172 -0.1331802 -0.1334199 -0.1336217 -0.1338346 -0.1341946 -0.1350085 -0.1368818 -0.1374999 -0.1374999 -9999.000 -9999.000 -9999.000 -9999.000 -9999.000 -9999.000 -9999.000 -9999.000 -9999.000 -9999.000 -9999.000 -9999.000 -9999.000 -9999.000 -9999.000 -9999.000 -9999.000 -9999.000 -9999.000 -9999.000 -9999.000 -9999.000 -9999.000 -9999.000 -9999.000 -9999.000 -9999.000 -9999.000
-9999.000 -9999.000 -9999.000 -9999.000 -9999.000 -9999.000 -9999.000 -9999.000 -9999.000 -9999.000 -9999.000 -9999.000 -9999.000 -9999.000 -9999.000 -0.1312919 -0.1288066 -0.1286964 -0.1289480 -0.1294082 -0.1299910 -0.1306244 -0.1312515 -0.1318409 -0.1323629 -0.1329232 -0.1338096 -0.1356613 -0.1397250 -0.1415390 -0.1415390 -9999.000 -9999.000 -9999.000 -9999.000 -9999.000 -9999.000 -9999.000 -9999.000 -9999.000 -9999.000 -9999.000 -9999.000 -9999.000 -9999.000 -9999.000 -9999.000 -9999.000 -9999.000 -9999.000 -9999.000 -9999.000 -9999.000 -9999.000 -9999.000 -9999.000 -9999.000 -9999.000 -9999.000
-9999.000 -9999.000 -9999.000 -9999.000 -9999.000 -9999.000 -9999.000 -9999.000 -9999.000 -9999.000 -9999.000 -9999.000 -9999.000 -9999.000 -9999.000 -0.1279639 -0.1241256 -0.1239610 -0.1244272 -0.1252767 -0.1263662 -0.1275727 -0.1287987 -0.1299893 -0.1310938 -0.1322825 -0.1340182 -0.1373208 -0.1441657 -0.1479673 -0.1479673 -9999.000 -9999.000 -9999.000 -9999.000 -9999.000 -9999.000 -9999.000 -9999.000 -9999.000 -9999.000 -9999.000 -9999.000 -9999.000 -9999.000 -9999.000 -9999.000 -9999.000 -9999.000 -9999.000 -9999.000 -9999.000 -9999.000 -9999.000 -9999.000 -9999.000 -9999.000 -9999.000 -9999.000
-9999.000 -9999.000 -9999.000 -9999.000 -9999.000 -9999.000 -9999.000 -9999.000 -9999.000 -9999.000 -9999.000 -9999.000 -9999.000 -9999.000 -9999.000 -0.1239493 -0.1188441 -0.1186569 -0.1193926 -0.1207078 -0.1223985 -0.1242876 -0.1262330 -0.1281511 -0.1299662 -0.1319107 -0.1346284 -0.1395392 -0.1494034 -0.1558392 -0.1558392 -9999.000 -9999.000 -9999.000 -9999.000 -9999.000 -9999.000 -9999.000 -9999.000 -9999.000 -9999.000 -9999.000 -9999.000 -9999.000 -9999.000 -9999.000 -9999.000 -9999.000 -9999.000 -9999.000 -9999.000 -9999.000 -9999.000 -9999.000 -9999.000 -9999.000 -9999.000 -9999.000 -9999.000
-9999.000 -9999.000 -9999.000 -9999.000 -9999.000 -9999.000 -9999.000 -9999.000 -9999.000 -9999.000 -9999.000 -9999.000 -9999.000 -9999.000 -9999.000 -0.1194153 -0.1131128 -0.1129251 -0.1139698 -0.1158061 -0.1181663 -0.1208150 -0.1235624 -0.1262928 -0.1289027 -0.1316880 -0.1354857 -0.1421428 -0.1552781 -0.1650641 -0.1650641 -9999.000 -9999.000 -9999.000 -9999.000 -9999.000 -9999.000 -9999.000 -9999.000 -9999.000 -9999.000 -9999.000 -9999.000 -9999.000 -9999.000 -9999.000 -9999.000 -9999.000 -9999.000 -9999.000 -9999.000 -9999.000 -9999.000 -9999.000 -9999.000 -9999.000 -9999.000 -9999.000 -9999.000
-9999.000 -9999.000 -9999.000 -9999.000 -9999.000 -9999.000 -9999.000 -9999.000 -9999.000 -9999.000 -9999.000 -9999.000 -9999.000 -9999.000 -9999.000 -0.1144433 -0.1070126 -0.1068417 -0.1082242 -0.1106235 -0.1137043 -0.1171703 -0.1207796 -0.1243839 -0.1278482 -0.1315370 -0.1364953 -0.1450332 -0.1617190 -0.1756940 -0.1756940 -9999.000 -9999.000 -9999.000 -9999.000 -9999.000 -9999.000 -9999.000 -9999.000 -9999.000 -9999.000 -9999.000 -9999.000 -9999.000 -9999.000 -9999.000 -9999.000 -9999.000 -9999.000 -9999.000 -9999.000 -9999.000 -9999.000 -9999.000 -9999.000 -9999.000 -9999.000 -9999.000 -9999.000
-9999.000 -9999.000 -9999.000 -9999.000 -9999.000 -9999.000 -9999.000 -9999.000 -9999.000 -9999.000 -9999.000 -9999.000 -9999.000 -9999.000 -9999.000 -0.1090579 -0.1005775 -0.1004392 -0.1021832 -0.1051798 -0.1090236 -0.1133530 -0.1178718 -0.1223967 -0.1267604 -0.1314020 -0.1375935 -0.1481519 -0.1687075 -0.1878923 -0.1878923 -9999.000 -9999.000 -9999.000 -9999.000 -9999.000 -9999.000 -9999.000 -9999.000 -9999.000 -9999.000 -9999.000 -9999.000 -9999.000 -9999.000 -9999.000 -9999.000 -9999.000 -9999.000 -9999.000 -9999.000 -9999.000 -9999.000 -9999.000 -9999.000 -9999.000 -9999.000 -9999.000 -9999.000
-9999.000 -9999.000 -9999.000 -9999.000 -9999.000 -9999.000 -9999.000 -9999.000 -9999.000 -9999.000 -9999.000 -9999.000 -9999.000 -9999.000 -9999.000 -0.1032456 -0.9381010E-01 -0.9372117E-01 -0.9584807E-01 -0.9947298E-01 -0.1041171 -0.1093505 -0.1148190 -0.1203030 -0.1256021 -0.1312365 -0.1387313 -0.1514606 -0.1762582 -0.2019315 -0.2019315 -9999.000 -9999.000 -9999.000 -9999.000 -9999.000 -9999.000 -9999.000 -9999.000 -9999.000 -9999.000 -9999.000 -9999.000 -9999.000 -9999.000 -9999.000 -9999.000 -9999.000 -9999.000 -9999.000 -9999.000 -9999.000 -9999.000 -9999.000 -9999.000 -9999.000 -9999.000 -9999.000 -9999.000
-9999.000 -9999.000 -9999.000 -9999.000 -9999.000 -9999.000 -9999.000 -9999.000 -9999.000 -9999.000 -9999.000 -9999.000 -9999.000 -9999.000 -9999.000 -0.9696385E-01 -0.8668954E-01 -0.8666922E-01 -0.8919959E-01 -0.9348223E-01 -0.9896243E-01 -0.1051372 -0.1115916 -0.1180678 -0.1243311 -0.1309930 -0.1398605 -0.1549284 -0.1844068 -0.2182104 -0.2182104 -9999.000 -9999.000 -9999.000 -9999.000 -9999.000 -9999.000 -9999.000 -9999.000 -9999.000 -9999.000 -9999.000 -9999.000 -9999.000 -9999.000 -9999.000 -9999.000 -9999.000 -9999.000 -9999.000 -9999.000 -9999.000 -9999.000 -9999.000 -9999.000 -9999.000 -9999.000 -9999.000 -9999.000
-9999.000 -9999.000 -9999.000 -9999.000 -9999.000 -9999.000 -9999.000 -9999.000 -9999.000 -9999.000 -9999.000 -9999.000 -9999.000 -9999.000 -9999.000 -0.9014855E-01 -0.7917597E-01 -0.7924660E-01 -0.8220117E-01 -0.8717037E-01 -0.9352070E-01 -0.1006723 -0.1081453 -0.1156426 -0.1228937 -0.1306117 -0.1409236 -0.1585202 -0.1932029 -0.2372954 -0.2372954 -9999.000 -9999.000 -9999.000 -9999.000 -9999.000 -9999.000 -9999.000 -9999.000 -9999.000 -9999.000 -9999.000 -9999.000 -9999.000 -9999.000 -9999.000 -9999.000 -9999.000 -9999.000 -9999.000 -9999.000 -9999.000 -9999.000 -9999.000 -9999.000 -9999.000 -9999.000 -9999.000 -9999.000
-9999.000 -9999.000 -9999.000 -9999.000 -9999.000 -9999.000 -9999.000 -9999.000 -9999.000 -9999.000 -9999.000 -9999.000 -9999.000 -9999.000 -9999.000 -0.8271457E-01 -0.7121237E-01 -0.7139939E-01 -0.7479829E-01 -0.8048186E-01 -0.8773478E-01 -0.9589601E-01 -0.1044163 -0.1129578 -0.1212129 -0.1300101 -0.1418405 -0.1621835 -0.2027004 -0.2599940 -0.2599940 -9999.000 -9999.000 -9999.000 -9999.000 -9999.000 -9999.000 -9999.000 -9999.000 -9999.000 -9999.000 -9999.000 -9999.000 -9999.000 -9999.000 -9999.000 -9999.000 -9999.000 -9999.000 -9999.000 -9999.000 -9999.000 -9999.000 -9999.000 -9999.000 -9999.000 -9999.000 -9999.000 -9999.000
-9999.000 -9999.000 -9999.000 -9999.000 -9999.000 -9999.000 -9999.000 -9999.000 -9999.000 -9999.000 -9999.000 -9999.000 -9999.000 -9999.000 -9999.000 -0.7455317E-01 -0.6272083E-01 -0.6305309E-01 -0.6691581E-01 -0.7333975E-01 -0.8152436E-01 -0.9072249E-01 -0.1003122 -0.1099118 -0.1191762 -0.1290649 -0.1424881 -0.1658278 -0.2129423 -0.2874798 -0.2874798 -9999.000 -9999.000 -9999.000 -9999.000 -9999.000 -9999.000 -9999.000 -9999.000 -9999.000 -9999.000 -9999.000 -9999.000 -9999.000 -9999.000 -9999.000 -9999.000 -9999.000 -9999.000 -9999.000 -9999.000 -9999.000 -9999.000 -9999.000 -9999.000 -9999.000 -9999.000 -9999.000 -9999.000
-9999.000 -9999.000 -9999.000 -9999.000 -9999.000 -9999.000 -9999.000 -9999.000 -9999.000 -9999.000 -9999.000 -9999.000 -9999.000 -9999.000 -9999.000 -0.6552306E-01 -0.5359490E-01 -0.5410395E-01 -0.5844925E-01 -0.6563656E-01 -0.7477657E-01 -0.8503073E-01 -0.9569924E-01 -0.1063549 -0.1166147 -0.1275870 -0.1426706 -0.1692910 -0.2239330 -0.3215236 -0.3215236 -9999.000 -9999.000 -9999.000 -9999.000 -9999.000 -9999.000 -9999.000 -9999.000 -9999.000 -9999.000 -9999.000 -9999.000 -9999.000 -9999.000 -9999.000 -9999.000 -9999.000 -9999.000 -9999.000 -9999.000 -9999.000 -9999.000 -9999.000 -9999.000 -9999.000 -9999.000 -9999.000 -9999.000
-9999.000 -9999.000 -9999.000 -9999.000 -9999.000 -9999.000 -9999.000 -9999.000 -9999.000 -9999.000 -9999.000 -9999.000 -9999.000 -9999.000 -9999.000 -0.5538496E-01 -0.4365313E-01 -0.4438217E-01 -0.4923632E-01 -0.5721442E-01 -0.6733135E-01 -0.7865053E-01 -0.9038895E-01 -0.1020716 -0.1132766 -0.1252853 -0.1420716 -0.1722826 -0.2355842 -0.3649506 -0.3649506 -9999.000 -9999.000 -9999.000 -9999.000 -9999.000 -9999.000 -9999.000 -9999.000 -9999.000 -9999.000 -9999.000 -9999.000 -9999.000 -9999.000 -9999.000 -9999.000 -9999.000 -9999.000 -9999.000 -9999.000 -9999.000 -9999.000 -9999.000 -9999.000 -9999.000 -9999.000 -9999.000 -9999.000
-9999.000 -9999.000 -9999.000 -9999.000 -9999.000 -9999.000 -9999.000 -9999.000 -9999.000 -9999.000 -9999.000 -9999.000 -9999.000 -9999.000 -9999.000 -0.3694490E-01 -0.2989237E-01 -0.3244346E-01 -0.3894532E-01 -0.4849632E-01 -0.6007827E-01 -0.7271536E-01 -0.8559994E-01 -0.9826442E-01 -0.1102957 -0.1232040 -0.1416356 -0.1756104 -0.2485043 -0.4208173 -0.4208173 -9999.000 -9999.000 -9999.000 -9999.000 -9999.000 -9999.000 -9999.000 -9999.000 -9999.000 -9999.000 -9999.000 -9999.000 -9999.000 -9999.000 -9999.000 -9999.000 -9999.000 -9999.000 -9999.000 -9999.000 -9999.000 -9999.000 -9999.000 -9999.000 -9999.000 -9999.000 -9999.000 -9999.000
-0.2386532E-02 -0.2386532E-02 -0.5471930E-02 -0.5559274E-02 -0.5537470E-02 -0.5537470E-02 -0.5519125E-02 -0.5493804E-02 -0.5493804E-02 -0.5469637E-02 -0.5469637E-02 -0.5439593E-02 -0.5422556E-02 -0.5404297E-02 -0.5385389E-02 -0.5385389E-02 -0.3135569E-01 -0.3767117E-01 -0.4775051E-01 -0.6213148E-01 -0.7997111E-01 -0.9998874E-01 -0.1208805 -0.1415370 -0.1606682 -0.1784074 -0.1972638 -0.2232617 -0.2715707 -0.3969198 -0.3969198 -0.2000372 -0.9645738E-01 -0.2269429E-01 -0.1373027E-01 -0.1373027E-01 -0.5918944E-02 -0.5918944E-02 0.6150886E-02 0.6150886E-02 0.1253621E-01 -0.2418636E-01 -0.2418636E-01 -0.1176000E-01 -0.1176000E-01 0.6798371E-02 0.6798371E-02 0.6798371E-02 0.8115614E-02 0.8115614E-02 0.6930705E-02 0.6930705E-02 0.4902345E-02 0.4902345E-02 0.2767351E-02 0.2767351E-02 0.8882090E-03 0.8882090E-03 0.8882090E-03
-0.3652390E-02 -0.3652390E-02 -0.8116780E-02 -0.7919175E-02 -0.7813957E-02 -0.7813957E-02 -0.7757798E-02 -0.7722251E-02 -0.7722251E-02 -0.7711051E-02 -0.7711051E-02 -0.7690201E-02 -0.7675576E-02 -0.7658915E-02 -0.7640905E-02 -0.7640905E-02 -0.4200104E-01 -0.5333137E-01 -0.6899194E-01 -0.9053952E-01 -0.1174680 -0.1484241 -0.1817742 -0.2158445 -0.2487159 -0.2789316 -0.3058867 -0.3298886 -0.3535041 -0.3843636 -0.3843636 -0.2441713 -0.1482909 -0.6066106E-01 -0.4333688E-01 -0.4333688E-01 -0.1593826E-01 -0.1593826E-01 0.2577876E-01 0.2577876E-01 0.4741240E-01 0.4669466E-02 0.4669466E-02 -0.4734548E-02 -0.4734548E-02 0.1338466E-01 0.1338466E-01 0.1338466E-01 0.1478604E-01 0.1478604E-01 0.1195882E-01 0.1195882E-01 0.7741931E-02 0.7741931E-02 0.3604022E-02 0.3604022E-02 0.3574599E-03 0.3574599E-03 0.3574599E-03
-0.2987862E-02 -0.2987862E-02 -0.6586225E-02 -0.6757378E-02 -0.6624151E-02 -0.6624151E-02 -0.6545088E-02 -0.6510144E-02 -0.6510144E-02 -0.6526969E-02 -0.6526969E-02 -0.6534204E-02 -0.6531969E-02 -0.6527090E-02 -0.6520649E-02 -0.6520649E-02 -0.3854435E-01 -0.5448356E-01 -0.7413788E-01 -0.9940969E-01 -0.1304679 -0.1665454 -0.2064248 -0.2486679 -0.2919056 -0.3343148 -0.3738576 -0.4087557 -0.4370743 -0.4546005 -0.4546005 -0.3600956 -0.2749608 -0.1597123 -0.1200028 -0.1200028 -0.4177381E-01 -0.4177381E-01 0.5474286E-01 0.5474286E-01 0.9976735E-01 0.9670727E-01 0.9670727E-01 0.4240746E-01 0.4240746E-01 0.2326582E-01 0.2326582E-01 0.2326582E-01 0.1829896E-01 0.1829896E-01 0.1191813E-01 0.1191813E-01 0.5226126E-02 0.5226126E-02 -0.4135903E-03 -0.4135903E-03 -0.4100719E-02 -0.4100719E-02 -0.4100719E-02
-0.2344688E-02 -0.2344688E-02 -0.5134886E-02 -0.5488402E-02 -0.5345635E-02 -0.5345635E-02 -0.5249935E-02 -0.5200777E-02 -0.5200777E-02 -0.5219630E-02 -0.5219630E-02 -0.5230355E-02 -0.5229474E-02 -0.5225942E-02 -0.5220826E-02 -0.5220826E-02 -0.3411095E-01 -0.5393081E-01 -0.7745512E-01 -0.1059276 -0.1397306 -0.1785384 -0.2215887 -0.2678552 -0.3163039 -0.3654391 -0.4132753 -0.4576092 -0.4954457 -0.5204552 -0.5204552 -0.4589580 -0.3910371 -0.2675332 -0.2074899 -0.2074899 -0.6888857E-01 -0.6888857E-01 0.8315642E-01 0.8315642E-01 0.1450721 0.1790270 0.1790270 0.1101589 0.1101589 0.3966744E-01 0.3966744E-01 0.3966744E-01 0.2072763E-01 0.2072763E-01 0.7966912E-02 0.7966912E-02 -0.1760627E-02 -0.1760627E-02 -0.8550674E-02 -0.8550674E-02 -0.1204996E-01 -0.1204996E-01 -0.1204996E-01
-0.1729541E-02 -0.1729541E-02 -0.3772364E-02 -0.4167466E-02 -0.4039759E-02 -0.4039759E-02 -0.3946945E-02 -0.3894930E-02 -0.3894930E-02 -0.3912114E-02 -0.3912114E-02 -0.3923149E-02 -0.3922860E-02 -0.3920334E-02 -0.3916275E-02 -0.3916275E-02 -0.3082520E-01 -0.5421272E-01 -0.8197649E-01 -0.1141841 -0.1509954 -0.1922680 -0.2375529 -0.2861646 -0.3373689 -0.3900661 -0.4426284 -0.4929667 -0.5379596 -0.5710338 -0.5710338 -0.5392395 -0.4888144 -0.3604479 -0.2781462 -0.2781462 -0.7880329E-01 -0.7880329E-01 0.1076239 0.1076239 0.1742102 0.2269586 0.2269586 0.1703069 0.1703069 0.6171540E-01 0.6171540E-01 0.6171540E-01 0.2533481E-01 0.2533481E-01 0.3768039E-02 0.3768039E-02 -0.9925369E-02 -0.9925369E-02 -0.1798978E-01 -0.1798978E-01 -0.2099331E-01 -0.2099331E-01 -0.2099331E-01
-0.1138471E-02 -0.1138471E-02 -0.2477246E-02 -0.2803497E-02 -0.2709084E-02 -0.2709084E-02 -0.2636502E-02 -0.2593658E-02 -0.2593658E-02 -0.2606571E-02 -0.2606571E-02 -0.2615586E-02 -0.2615636E-02 -0.2613961E-02 -0.2611306E-02 -0.2611306E-02 -0.2936282E-01 -0.5632243E-01 -0.8872348E-01 -0.1253497 -0.1658351 -0.2099932 -0.2575546 -0.3080976 -0.3611380 -0.4159151 -0.4711872 -0.5251634 -0.5749744 -0.6144966 -0.6144966 -0.6050202 -0.5681429 -0.4219087 -0.3109052 -0.3109052 -0.6561466E-01 -0.6561466E-01 0.1221955 0.1221955 0.1833143 0.2409955 0.2409955 0.2080421 0.2080421 0.8639579E-01 0.8639579E-01 0.8639579E-01 0.3333641E-01 0.3333641E-01 0.1388920E-02 0.1388920E-02 -0.1740276E-01 -0.1740276E-01 -0.2712712E-01 -0.2712712E-01 -0.2955271E-01 -0.2955271E-01 -0.2955271E-01
-0.5649151E-03 -0.5649151E-03 -0.1227342E-02 -0.1409561E-02 -0.1359636E-02 -0.1359636E-02 -0.1319848E-02 -0.1295859E-02 -0.1295859E-02 -0.1302932E-02 -0.1302932E-02 -0.1307787E-02 -0.1307922E-02 -0.1307094E-02 -0.1305875E-02 -0.1305875E-02 -0.3032641E-01 -0.6131821E-01 -0.9883543E-01 -0.1405463 -0.1854165 -0.2330377 -0.2831980 -0.3356795 -0.3902293 -0.4463911 -0.5032927 -0.5594929 -0.6124768 -0.6565812 -0.6565812 -0.6615382 -0.6290227 -0.4362937 -0.2956211 -0.2956211 -0.4056095E-01 -0.4056095E-01 0.1223235 0.1223235 0.1740233 0.2306280 0.2306280 0.2205845 0.2205845 0.1088456 0.1088456 0.1088456 0.4403879E-01 0.4403879E-01 0.1805138E-02 0.1805138E-02 -0.2289664E-01 -0.2289664E-01 -0.3475708E-01 -0.3475708E-01 -0.3672577E-01 -0.3672577E-01 -0.3672577E-01
-0.1401621E-06 -0.1401621E-06 -0.1646779E-06 -0.1351222E-07 -0.3295759E-07 -0.3295759E-07 0.6472133E-07 -0.4326372E-07 -0.4326372E-07 -0.1835018E-06 -0.1835018E-06 0.2904902E-07 -0.3175614E-07 -0.1400543E-06 -0.2410813E-06 -0.2410813E-06 -0.3446692E-01 -0.7051855E-01 -0.1138576 -0.1613248 -0.2112427 -0.2628882 -0.3160132 -0.3705428 -0.4264423 -0.4835488 -0.5413567 -0.5988050 -0.6537203 -0.7003418 -0.7003418 -0.7103557 -0.6639881 -0.3951320 -0.2431720 -0.2431720 -0.2049495E-01 -0.2049495E-01 0.1090346 0.1090346 0.1520969 0.2059996 0.2059996 0.2127761 0.2127761 0.1241671 0.1241671 0.1241671 0.5518513E-01 0.5518513E-01 0.4919185E-02 0.4919185E-02 -0.2562301E-01 -0.2562301E-01 -0.3992394E-01 -0.3992394E-01 -0.4167018E-01 -0.4167018E-01 -0.4167018E-01
0.5647103E-03 0.5647103E-03 0.1227056E-02 0.1409575E-02 0.1359672E-02 0.1359672E-02 0.1319899E-02 0.1295744E-02 0.1295744E-02 0.1302717E-02 0.1302717E-02 0.1307653E-02 0.1307776E-02 0.1306789E-02 0.1305399E-02 0.1305399E-02 -0.4290608E-01 -0.8569224E-01 -0.1359088 -0.1898631 -0.2454014 -0.3015130 -0.3578773 -0.4145191 -0.4716028 -0.5292473 -0.5873111 -0.6451306 -0.7007205 -0.7465238 -0.7465238 -0.7453045 -0.6518230 -0.3146358 -0.1827809 -0.1827809 -0.1336406E-01 -0.1336406E-01 0.8779409E-01 0.8779409E-01 0.1242654 0.1746950 0.1746950 0.1915353 0.1915353 0.1293021 0.1293021 0.1293021 0.6384303E-01 0.6384303E-01 0.9698513E-02 0.9698513E-02 -0.2535453E-01 -0.2535453E-01 -0.4192292E-01 -0.4192292E-01 -0.4367356E-01 -0.4367356E-01 -0.4367356E-01
0.1138457E-02 0.1138457E-02 0.2477030E-02 0.2803551E-02 0.2709247E-02 0.2709247E-02 0.2636319E-02 0.2593570E-02 0.2593570E-02 0.2606446E-02 0.2606446E-02 0.2615366E-02 0.2615435E-02 0.2613645E-02 0.2610991E-02 0.2610991E-02 -0.5748601E-01 -0.1094111 -0.1679762 -0.2292277 -0.2908171 -0.3516061 -0.4112566 -0.4698929 -0.5278654 -0.5855564 -0.6431722 -0.7004136 -0.7548701 -0.7919039 -0.7919039 -0.7433491 -0.5654709 -0.2329842 -0.1379462 -0.1379462 -0.1579532E-01 -0.1579532E-01 0.6453288E-01 0.6453288E-01 0.9565306E-01 0.1413432 0.1413432 0.1626494 0.1626494 0.1237124 0.1237124 0.1237124 0.6748497E-01 0.6748497E-01 0.1455275E-01 0.1455275E-01 -0.2239342E-01 -0.2239342E-01 -0.4036419E-01 -0.4036419E-01 -0.4221968E-01 -0.4221968E-01 -0.4221968E-01
0.1729458E-02 0.1729458E-02 0.3772250E-02 0.4167300E-02 0.4039776E-02 0.4039776E-02 0.3946827E-02 0.3894911E-02 0.3894911E-02 0.3911844E-02 0.3911844E-02 0.3923024E-02 0.3922763E-02 0.3920181E-02 0.3916098E-02 0.3916098E-02 -0.8140372E-01 -0.1457015 -0.2144653 -0.2838238 -0.3516341 -0.4169255 -0.4795063 -0.5396643 -0.5979479 -0.6549851 -0.7112990 -0.7667784 -0.8162369 -0.8207327 -0.8207327 -0.6578953 -0.4168191 -0.1754134 -0.1117124 -0.1117124 -0.2071231E-01 -0.2071231E-01 0.4311247E-01 0.4311247E-01 0.6913132E-01 0.1084387 0.1084387 0.1301123 0.1301123 0.1088749 0.1088749 0.1088749 0.6479889E-01 0.6479889E-01 0.1789635E-01 0.1789635E-01 -0.1743164E-01 -0.1743164E-01 -0.3523018E-01 -0.3523018E-01 -0.3709110E-01 -0.3709110E-01 -0.3709110E-01
