cruce_test.gid/Rasters/Hydraulic/Velocity__y_241.0.asc
NCOLS        79
NROWS        79
XLLCENTER         -1.500000
YLLCENTER         -4.800000
CELLSIZE           0.100
NODATA_VALUE     -9999.0
[rows 0 to 26 of 79, columns 0 to 58 of 79]
-9999.000 -9999.000 -9999.000 -9999.000 -9999.000 -9999.000 -9999.000 -9999.000 -9999.000 -9999.000 -9999.000 -9999.000 -9999.000 -9999.000 -9999.000 -0.9056710E-01 -0.8748056E-01 -0.8622447E-01 -0.8580300E-01 -0.8627998E-01 -0.8705605E-01 -0.8787255E-01 -0.8867150E-01 -0.8936848E-01 -0.8996993E-01 -0.9049982E-01 -0.9099218E-01 -0.9161735E-01 -0.9296684E-01 -0.9435268E-01 -0.9435268E-01 -9999.000 -9999.000 -9999.000 -9999.000 -9999.000 -9999.000 -9999.000 -9999.000 -9999.000 -9999.000 -9999.000 -9999.000 -9999.000 -9999.000 -9999.000 -9999.000 -9999.000 -9999.000 -9999.000 -9999.000 -9999.000 -9999.000 -9999.000 -9999.000 -9999.000 -9999.000 -9999.000 -9999.000
-9999.000 -9999.000 -9999.000 -9999.000 -9999.000 -9999.000 -9999.000 -9999.000 -9999.000 -9999.000 -9999.000 -9999.000 -9999.000 -9999.000 -9999.000 -0.9112775E-01 -0.8465485E-01 -0.8197270E-01 -0.8109402E-01 -0.8216541E-01 -0.8391751E-01 -0.8579140E-01 -0.8765170E-01 -0.8930931E-01 -0.9076879E-01 -0.9207410E-01 -0.9328981E-01 -0.9476897E-01 -0.9774758E-01 -0.1010862 -0.1010862 -9999.000 -9999.000 -9999.000 -9999.000 -9999.000 -9999.000 -9999.000 -9999.000 -9999.000 -9999.000 -9999.000 -9999.000 -9999.000 -9999.000 -9999.000 -9999.000 -9999.000 -9999.000 -9999.000 -9999.000 -9999.000 -9999.000 -9999.000 -9999.000 -9999.000 -9999.000 -9999.000 -9999.000
-9999.000 -9999.000 -9999.000 -9999.000 -9999.000 -9999.000 -9999.000 -9999.000 -9999.000 -9999.000 -9999.000 -9999.000 -9999.000 -9999.000 -9999.000 -0.9070129E-01 -0.8053739E-01 -0.7622710E-01 -0.7487699E-01 -0.7673730E-01 -0.7976826E-01 -0.8305714E-01 -0.8636785E-01 -0.8937657E-01 -0.9207430E-01 -0.9451675E-01 -0.9679352E-01 -0.9945865E-01 -0.1044782 -0.1105217 -0.1105217 -9999.000 -9999.000 -9999.000 -9999.000 -9999.000 -9999.000 -9999.000 -9999.000 -9999.000 -9999.000 -9999.000 -9999.000 -9999.000 -9999.000 -9999.000 -9999.000 -9999.000 -9999.000 -9999.000 -9999.000 -9999.000 -9999.000 -9999.000 -9999.000 -9999.000 -9999.000 -9999.000 -9999.000
-9999.000 -9999.000 -9999.000 -9999.000 -9999.000 -9999.000 -9999.000 -9999.000 -9999.000 -9999.000 -9999.000 -9999.000 -9999.000 -9999.000 -9999.000 -0.8975805E-01 -0.7592028E-01 -0.6998505E-01 -0.6820296E-01 -0.7093184E-01 -0.7533628E-01 -0.8014347E-01 -0.8501595E-01 -0.8948702E-01 -0.9353355E-01 -0.9721877E-01 -0.1006531 -0.1045970 -0.1117826 -0.1210152 -0.1210152 -9999.000 -9999.000 -9999.000 -9999.000 -9999.000 -9999.000 -9999.000 -9999.000 -9999.000 -9999.000 -9999.000 -9999.000 -9999.000 -9999.000 -9999.000 -9999.000 -9999.000 -9999.000 -9999.000 -9999.000 -9999.000 -9999.000 -9999.000 -9999.000 -9999.000 -9999.000 -9999.000 -9999.000
-9999.000 -9999.000 -9999.000 -9999.000 -9999.000 -9999.000 -9999.000 -9999.000 -9999.000 -9999.000 -9999.000 -9999.000 -9999.000 -9999.000 -9999.000 -0.8852145E-01 -0.7098224E-01 -0.6340808E-01 -0.6121224E-01 -0.6486387E-01 -0.7070478E-01 -0.7709571E-01 -0.8359988E-01 -0.8959987E-01 -0.9506071E-01 -0.1000521 -0.1047046 -0.1099960 -0.1194719 -0.1324166 -0.1324166 -9999.000 -9999.000 -9999.000 -9999.000 -9999.000 -9999.000 -9999.000 -9999.000 -9999.000 -9999.000 -9999.000 -9999.000 -9999.000 -9999.000 -9999.000 -9999.000 -9999.000 -9999.000 -9999.000 -9999.000 -9999.000 -9999.000 -9999.000 -9999.000 -9999.000 -9999.000 -9999.000 -9999.000
-9999.000 -9999.000 -9999.000 -9999.000 -9999.000 -9999.000 -9999.000 -9999.000 -9999.000 -9999.000 -9999.000 -9999.000 -9999.000 -9999.000 -9999.000 -0.8705941E-01 -0.6578384E-01 -0.5655570E-01 -0.5395896E-01 -0.5857999E-01 -0.6590717E-01 -0.7393040E-01 -0.8211795E-01 -0.8969312E-01 -0.9661420E-01 -0.1029576 -0.1088737 -0.1155728 -0.1274742 -0.1447415 -0.1447415 -9999.000 -9999.000 -9999.000 -9999.000 -9999.000 -9999.000 -9999.000 -9999.000 -9999.000 -9999.000 -9999.000 -9999.000 -9999.000 -9999.000 -9999.000 -9999.000 -9999.000 -9999.000 -9999.000 -9999.000 -9999.000 -9999.000 -9999.000 -9999.000 -9999.000 -9999.000 -9999.000 -9999.000
-9999.000 -9999.000 -9999.000 -9999.000 -9999.000 -9999.000 -9999.000 -9999.000 -9999.000 -9999.000 -9999.000 -9999.000 -9999.000 -9999.000 -9999.000 -0.8537251E-01 -0.6033335E-01 -0.4944008E-01 -0.4645730E-01 -0.5209497E-01 -0.6095404E-01 -0.7065116E-01 -0.8056574E-01 -0.8975244E-01 -0.9817059E-01 -0.1059037 -0.1131222 -0.1212885 -0.1357680 -0.1580993 -0.1580993 -9999.000 -9999.000 -9999.000 -9999.000 -9999.000 -9999.000 -9999.000 -9999.000 -9999.000 -9999.000 -9999.000 -9999.000 -9999.000 -9999.000 -9999.000 -9999.000 -9999.000 -9999.000 -9999.000 -9999.000 -9999.000 -9999.000 -9999.000 -9999.000 -9999.000 -9999.000 -9999.000 -9999.000
-9999.000 -9999.000 -9999.000 -9999.000 -9999.000 -9999.000 -9999.000 -9999.000 -9999.000 -9999.000 -9999.000 -9999.000 -9999.000 -9999.000 -9999.000 -0.8342786E-01 -0.5461388E-01 -0.4205128E-01 -0.3870199E-01 -0.4540842E-01 -0.5584471E-01 -0.6725408E-01 -0.7893595E-01 -0.8976489E-01 -0.9971198E-01 -0.1088682 -0.1174247 -0.1271199 -0.1443542 -0.1726682 -0.1726682 -9999.000 -9999.000 -9999.000 -9999.000 -9999.000 -9999.000 -9999.000 -9999.000 -9999.000 -9999.000 -9999.000 -9999.000 -9999.000 -9999.000 -9999.000 -9999.000 -9999.000 -9999.000 -9999.000 -9999.000 -9999.000 -9999.000 -9999.000 -9999.000 -9999.000 -9999.000 -9999.000 -9999.000
-9999.000 -9999.000 -9999.000 -9999.000 -9999.000 -9999.000 -9999.000 -9999.000 -9999.000 -9999.000 -9999.000 -9999.000 -9999.000 -9999.000 -9999.000 -0.8117342E-01 -0.4859460E-01 -0.3436678E-01 -0.3067734E-01 -0.3851107E-01 -0.5057170E-01 -0.6373017E-01 -0.7721797E-01 -0.8971585E-01 -0.1012200 -0.1118297 -0.1217579 -0.1330482 -0.1532426 -0.1886937 -0.1886937 -9999.000 -9999.000 -9999.000 -9999.000 -9999.000 -9999.000 -9999.000 -9999.000 -9999.000 -9999.000 -9999.000 -9999.000 -9999.000 -9999.000 -9999.000 -9999.000 -9999.000 -9999.000 -9999.000 -9999.000 -9999.000 -9999.000 -9999.000 -9999.000 -9999.000 -9999.000 -9999.000 -9999.000
-9999.000 -9999.000 -9999.000 -9999.000 -9999.000 -9999.000 -9999.000 -9999.000 -9999.000 -9999.000 -9999.000 -9999.000 -9999.000 -9999.000 -9999.000 -0.7854269E-01 -0.4223416E-01 -0.2635463E-01 -0.2235964E-01 -0.3138755E-01 -0.4512184E-01 -0.6006564E-01 -0.7539669E-01 -0.8958589E-01 -0.1026718 -0.1147624 -0.1260939 -0.1390505 -0.1624448 -0.2065036 -0.2065036 -9999.000 -9999.000 -9999.000 -9999.000 -9999.000 -9999.000 -9999.000 -9999.000 -9999.000 -9999.000 -9999.000 -9999.000 -9999.000 -9999.000 -9999.000 -9999.000 -9999.000 -9999.000 -9999.000 -9999.000 -9999.000 -9999.000 -9999.000 -9999.000 -9999.000 -9999.000 -9999.000 -9999.000
-9999.000 -9999.000 -9999.000 -9999.000 -9999.000 -9999.000 -9999.000 -9999.000 -9999.000 -9999.000 -9999.000 -9999.000 -9999.000 -9999.000 -9999.000 -0.7545444E-01 -0.3548045E-01 -0.1797433E-01 -0.1371709E-01 -0.2401662E-01 -0.3947658E-01 -0.5624048E-01 -0.7345111E-01 -0.8934896E-01 -0.1040373 -0.1176323 -0.1303948 -0.1450946 -0.1719690 -0.2265366 -0.2265366 -9999.000 -9999.000 -9999.000 -9999.000 -9999.000 -9999.000 -9999.000 -9999.000 -9999.000 -9999.000 -9999.000 -9999.000 -9999.000 -9999.000 -9999.000 -9999.000 -9999.000 -9999.000 -9999.000 -9999.000 -9999.000 -9999.000 -9999.000 -9999.000 -9999.000 -9999.000 -9999.000 -9999.000
-9999.000 -9999.000 -9999.000 -9999.000 -9999.000 -9999.000 -9999.000 -9999.000 -9999.000 -9999.000 -9999.000 -9999.000 -9999.000 -9999.000 -9999.000 -0.7180995E-01 -0.2826878E-01 -0.9173200E-02 -0.4707919E-02 -0.1636784E-01 -0.3360888E-01 -0.5222667E-01 -0.7135152E-01 -0.8896858E-01 -0.1052745 -0.1203919 -0.1346082 -0.1511330 -0.1818157 -0.2493886 -0.2493886 -9999.000 -9999.000 -9999.000 -9999.000 -9999.000 -9999.000 -9999.000 -9999.000 -9999.000 -9999.000 -9999.000 -9999.000 -9999.000 -9999.000 -9999.000 -9999.000 -9999.000 -9999.000 -9999.000 -9999.000 -9999.000 -9999.000 -9999.000 -9999.000 -9999.000 -9999.000 -9999.000 -9999.000
-9999.000 -9999.000 -9999.000 -9999.000 -9999.000 -9999.000 -9999.000 -9999.000 -9999.000 -9999.000 -9999.000 -9999.000 -9999.000 -9999.000 -9999.000 -0.6746773E-01 -0.2050047E-01 0.1295533E-03 0.4725690E-02 -0.8405008E-02 -0.2748669E-01 -0.4799007E-01 -0.6906117E-01 -0.8839851E-01 -0.1063283 -0.1229775 -0.1386606 -0.1570948 -0.1919703 -0.2758937 -0.2758937 -9999.000 -9999.000 -9999.000 -9999.000 -9999.000 -9999.000 -9999.000 -9999.000 -9999.000 -9999.000 -9999.000 -9999.000 -9999.000 -9999.000 -9999.000 -9999.000 -9999.000 -9999.000 -9999.000 -9999.000 -9999.000 -9999.000 -9999.000 -9999.000 -9999.000 -9999.000 -9999.000 -9999.000
-9999.000 -9999.000 -9999.000 -9999.000 -9999.000 -9999.000 -9999.000 -9999.000 -9999.000 -9999.000 -9999.000 -9999.000 -9999.000 -9999.000 -9999.000 -0.6133930E-01 -0.1135604E-01 0.1043427E-01 0.1463052E-01 -0.2993877E-03 -0.2129815E-01 -0.4371123E-01 -0.6673925E-01 -0.8776265E-01 -0.1072874 -0.1254402 -0.1425682 -0.1629814 -0.2024897 -0.3073683 -0.3073683 -9999.000 -9999.000 -9999.000 -9999.000 -9999.000 -9999.000 -9999.000 -9999.000 -9999.000 -9999.000 -9999.000 -9999.000 -9999.000 -9999.000 -9999.000 -9999.000 -9999.000 -9999.000 -9999.000 -9999.000 -9999.000 -9999.000 -9999.000 -9999.000 -9999.000 -9999.000 -9999.000 -9999.000
-9999.000 -9999.000 -9999.000 -9999.000 -9999.000 -9999.000 -9999.000 -9999.000 -9999.000 -9999.000 -9999.000 -9999.000 -9999.000 -9999.000 -9999.000 -0.5813337E-02 0.1681856E-01 0.2256529E-01 0.1489387E-01 -0.4729498E-02 -0.2579772E-01 -0.4817204E-01 -0.7132101E-01 -0.9236956E-01 -0.1121004 -0.1306142 -0.1482603 -0.1699754 -0.2138407 -0.3436233 -0.3436233 -9999.000 -9999.000 -9999.000 -9999.000 -9999.000 -9999.000 -9999.000 -9999.000 -9999.000 -9999.000 -9999.000 -9999.000 -9999.000 -9999.000 -9999.000 -9999.000 -9999.000 -9999.000 -9999.000 -9999.000 -9999.000 -9999.000 -9999.000 -9999.000 -9999.000 -9999.000 -9999.000 -9999.000
-0.4048897E-02 -0.4048897E-02 -0.5462695E-02 -0.7164526E-02 -0.6696530E-02 -0.6696530E-02 -0.6546596E-02 -0.6493250E-02 -0.6493250E-02 -0.6480253E-02 -0.6480253E-02 -0.6456715E-02 -0.6441493E-02 -0.6424992E-02 -0.6412328E-02 -0.6412328E-02 0.3568890E-01 0.3113254E-01 0.1594176E-01 -0.7092705E-02 -0.3423155E-01 -0.6444079E-01 -0.9663180E-01 -0.1289845 -0.1604289 -0.1901480 -0.2176007 -0.2441218 -0.2771670 -0.3514085 -0.3514085 -0.1975108 -0.1076193 -0.3848492E-01 -0.2912483E-01 -0.2912483E-01 -0.2234337E-01 -0.2234337E-01 -0.1041890E-01 -0.1041890E-01 0.6000434E-03 0.2661510E-01 0.2661510E-01 0.2503243E-01 0.2503243E-01 -0.3781154E-02 -0.3781154E-02 -0.3781154E-02 -0.6726487E-03 -0.6726487E-03 0.1467103E-03 0.1467103E-03 -0.5394940E-03 -0.5394940E-03 -0.1735125E-02 -0.1735125E-02 -0.2942081E-02 -0.2942081E-02 -0.2942081E-02
-0.5999111E-02 -0.5999111E-02 -0.7577267E-02 -0.1046293E-01 -0.9510540E-02 -0.9510540E-02 -0.9186164E-02 -0.9113579E-02 -0.9113579E-02 -0.9135384E-02 -0.9135384E-02 -0.9128641E-02 -0.9118076E-02 -0.9104949E-02 -0.9115687E-02 -0.9115687E-02 0.2973904E-01 0.2623330E-01 0.1086726E-01 -0.1449012E-01 -0.4901063E-01 -0.9021995E-01 -0.1360041 -0.1847614 -0.2344159 -0.2831280 -0.3292528 -0.3709626 -0.4060231 -0.4304328 -0.4304328 -0.2941900 -0.1973284 -0.1044567 -0.8599780E-01 -0.8599780E-01 -0.6264168E-01 -0.6264168E-01 -0.2167822E-01 -0.2167822E-01 0.1143190E-01 0.8382193E-01 0.8382193E-01 0.9652471E-01 0.9652471E-01 0.1944966E-01 0.1944966E-01 0.1944966E-01 0.7534024E-02 0.7534024E-02 0.1455499E-02 0.1455499E-02 -0.3121360E-02 -0.3121360E-02 -0.6936940E-02 -0.6936940E-02 -0.9855752E-02 -0.9855752E-02 -0.9855752E-02
-0.4472962E-02 -0.4472962E-02 -0.5397146E-02 -0.9135067E-02 -0.8207971E-02 -0.8207971E-02 -0.7782724E-02 -0.7675980E-02 -0.7675980E-02 -0.7738217E-02 -0.7738217E-02 -0.7762985E-02 -0.7765661E-02 -0.7765565E-02 -0.7825056E-02 -0.7825056E-02 0.1968257E-01 0.1656785E-01 0.1554060E-02 -0.2390818E-01 -0.5899374E-01 -0.1019520 -0.1510261 -0.2048187 -0.2616782 -0.3199330 -0.3779278 -0.4336547 -0.4841745 -0.5228840 -0.5228840 -0.4347686 -0.3511586 -0.2358275 -0.1988145 -0.1988145 -0.1332104 -0.1332104 -0.3423056E-01 -0.3423056E-01 0.3272719E-01 0.1616083 0.1616083 0.2034651 0.2034651 0.7982443E-01 0.7982443E-01 0.7982443E-01 0.3086984E-01 0.3086984E-01 0.5611863E-02 0.5611863E-02 -0.8553994E-02 -0.8553994E-02 -0.1735764E-01 -0.1735764E-01 -0.2263286E-01 -0.2263286E-01 -0.2263286E-01
-0.2978088E-02 -0.2978088E-02 -0.3612178E-02 -0.7647748E-02 -0.6718783E-02 -0.6718783E-02 -0.6252544E-02 -0.6124514E-02 -0.6124514E-02 -0.6193263E-02 -0.6193263E-02 -0.6220127E-02 -0.6223368E-02 -0.6224059E-02 -0.6325881E-02 -0.6325881E-02 0.9691939E-02 0.4620092E-02 -0.1146307E-01 -0.3764486E-01 -0.7310765E-01 -0.1165534 -0.1665477 -0.2218596 -0.2811898 -0.3432077 -0.4065656 -0.4695956 -0.5296422 -0.5803814 -0.5803814 -0.5407319 -0.4819958 -0.3706484 -0.3206182 -0.3206182 -0.2036556 -0.2036556 -0.3095073E-01 -0.3095073E-01 0.6703399E-01 0.2269192 0.2269192 0.2823428 0.2823428 0.1456574 0.1456574 0.1456574 0.6215676E-01 0.6215676E-01 0.1321914E-01 0.1321914E-01 -0.1410589E-01 -0.1410589E-01 -0.2956612E-01 -0.2956612E-01 -0.3759167E-01 -0.3759167E-01 -0.3759167E-01
-0.1511478E-02 -0.1511478E-02 -0.2921183E-02 -0.5906011E-02 -0.5107748E-02 -0.5107748E-02 -0.4692994E-02 -0.4579967E-02 -0.4579967E-02 -0.4646155E-02 -0.4646155E-02 -0.4671591E-02 -0.4675366E-02 -0.4676683E-02 -0.4830935E-02 -0.4830935E-02 -0.1802860E-03 -0.9253386E-02 -0.2814475E-01 -0.5629136E-01 -0.9297289E-01 -0.1372063 -0.1878632 -0.2438905 -0.3042199 -0.3677612 -0.4334114 -0.4998490 -0.5649433 -0.6234665 -0.6234665 -0.6199540 -0.5871921 -0.4904248 -0.4281111 -0.4281111 -0.2467202 -0.2467202 -0.3444964E-02 -0.3444964E-02 0.1096510 0.2676586 0.2676586 0.3224659 0.3224659 0.2001787 0.2001787 0.2001787 0.9612857E-01 0.9612857E-01 0.2528320E-01 0.2528320E-01 -0.1684115E-01 -0.1684115E-01 -0.4043226E-01 -0.4043226E-01 -0.5189710E-01 -0.5189710E-01 -0.5189710E-01
-0.6130127E-04 -0.6130127E-04 -0.2877291E-02 -0.4011923E-02 -0.3449678E-02 -0.3449678E-02 -0.3141859E-02 -0.3047748E-02 -0.3047748E-02 -0.3095895E-02 -0.3095895E-02 -0.3112669E-02 -0.3114546E-02 -0.3114683E-02 -0.3335262E-02 -0.3335262E-02 -0.1040808E-01 -0.2524278E-01 -0.4874229E-01 -0.8036082E-01 -0.1194238 -0.1651641 -0.2167416 -0.2733418 -0.3341398 -0.3982771 -0.4648575 -0.5328208 -0.6004876 -0.6637321 -0.6637321 -0.6848749 -0.6739382 -0.5862650 -0.5023803 -0.5023803 -0.2413131 -0.2413131 0.3918197E-01 0.3918197E-01 0.1456786 0.2795880 0.2795880 0.3286355 0.3286355 0.2355755 0.2355755 0.2355755 0.1277003 0.1277003 0.4114477E-01 0.4114477E-01 -0.1545210E-01 -0.1545210E-01 -0.4821636E-01 -0.4821636E-01 -0.6390867E-01 -0.6390867E-01 -0.6390867E-01
0.4398504E-03 0.4398504E-03 -0.1878615E-02 -0.2045454E-02 -0.1741468E-02 -0.1741468E-02 -0.1574720E-02 -0.1521267E-02 -0.1521267E-02 -0.1546013E-02 -0.1546013E-02 -0.1552520E-02 -0.1552223E-02 -0.1551110E-02 -0.1860679E-02 -0.1860679E-02 -0.2177994E-01 -0.4405629E-01 -0.7398183E-01 -0.1107142 -0.1535057 -0.2017071 -0.2547213 -0.3120009 -0.3730050 -0.4371538 -0.5038010 -0.5721436 -0.6408743 -0.7067110 -0.7067110 -0.7436525 -0.7478738 -0.6457956 -0.5209546 -0.5209546 -0.1878914 -0.1878914 0.7617673E-01 0.7617673E-01 0.1618264 0.2666175 0.2666175 0.3107464 0.3107464 0.2501093 0.2501093 0.2501093 0.1520097 0.1520097 0.5856751E-01 0.5856751E-01 -0.9897969E-02 -0.9897969E-02 -0.5194932E-01 -0.5194932E-01 -0.7245859E-01 -0.7245859E-01 -0.7245859E-01
-0.7142705E-07 -0.7142705E-07 -0.6238391E-07 0.8129607E-08 0.6723435E-07 0.6723435E-07 0.1574362E-07 0.1484168E-06 0.1484168E-06 0.2085364E-07 0.2085364E-07 0.2486463E-07 0.1197720E-06 0.7532484E-07 -0.4320120E-03 -0.4320120E-03 -0.3540758E-01 -0.6694420E-01 -0.1051775 -0.1487315 -0.1966740 -0.2483997 -0.3035073 -0.3617170 -0.4227963 -0.4864874 -0.5524527 -0.6201903 -0.6887300 -0.7552366 -0.7552366 -0.8003650 -0.8092481 -0.6449789 -0.4645241 -0.4645241 -0.1148001 -0.1148001 0.9225775E-01 0.9225775E-01 0.1555177 0.2371906 0.2371906 0.2784211 0.2784211 0.2460538 0.2460538 0.2460538 0.1654752 0.1654752 0.7430764E-01 0.7430764E-01 -0.1254456E-02 -0.1254456E-02 -0.5130431E-01 -0.5130431E-01 -0.7666231E-01 -0.7666231E-01 -0.7666231E-01
-0.4397471E-03 -0.4397471E-03 0.1878610E-02 0.2045432E-02 0.1741369E-02 0.1741369E-02 0.1574764E-02 0.1521275E-02 0.1521275E-02 0.1546050E-02 0.1546050E-02 0.1552629E-02 0.1552542E-02 0.1551220E-02 0.9537578E-03 0.9537578E-03 -0.5286862E-01 -0.9584839E-01 -0.1444167 -0.1965279 -0.2510164 -0.3073019 -0.3651650 -0.4245962 -0.4856804 -0.5485030 -0.6130756 -0.6792366 -0.7462794 -0.8109700 -0.8109700 -0.8548589 -0.8474869 -0.5577154 -0.3452151 -0.3452151 -0.5688121E-01 -0.5688121E-01 0.8673614E-01 0.8673614E-01 0.1333610 0.1996899 0.1996899 0.2387721 0.2387721 0.2275230 0.2275230 0.2275230 0.1666116 0.1666116 0.8509659E-01 0.8509659E-01 0.8572019E-02 0.8572019E-02 -0.4659154E-01 -0.4659154E-01 -0.7594843E-01 -0.7594843E-01 -0.7594843E-01
0.6149807E-04 0.6149807E-04 0.2877524E-02 0.4011992E-02 0.3449712E-02 0.3449712E-02 0.3141891E-02 0.3047731E-02 0.3047731E-02 0.3095938E-02 0.3095938E-02 0.3112813E-02 0.3114816E-02 0.3114908E-02 0.2295472E-02 0.2295472E-02 -0.7663123E-01 -0.1338463 -0.1949916 -0.2573592 -0.3196227 -0.3812988 -0.4424004 -0.5032166 -0.5641645 -0.6256818 -0.6881421 -0.7517236 -0.8156728 -0.8737900 -0.8737900 -0.8975219 -0.8288168 -0.3971225 -0.2159947 -0.2159947 -0.2831228E-01 -0.2831228E-01 0.6850041E-01 0.6850041E-01 0.1043708 0.1600028 0.1600028 0.1962163 0.1962163 0.1987716 0.1987716 0.1987716 0.1559620 0.1559620 0.8856966E-01 0.8856966E-01 0.1730626E-01 0.1730626E-01 -0.3870763E-01 -0.3870763E-01 -0.7014637E-01 -0.7014637E-01 -0.7014637E-01
0.1511722E-02 0.1511722E-02 0.2921404E-02 0.5906091E-02 0.5107705E-02 0.5107705E-02 0.4692912E-02 0.4580051E-02 0.4580051E-02 0.4646258E-02 0.4646258E-02 0.4671724E-02 0.4675415E-02 0.4676980E-02 0.3553678E-02 0.3553678E-02 -0.1108485 -0.1859446 -0.2621037 -0.3362281 -0.4071015 -0.4745439 -0.5389353 -0.6009405 -0.6613431 -0.7209396 -0.7804608 -0.8403308 -0.8985063 -0.9366283 -0.9366283 -0.8912227 -0.6949621 -0.2328297 -0.1257895 -0.1257895 -0.2108961E-01 -0.2108961E-01 0.4667209E-01 0.4667209E-01 0.7497811E-01 0.1213116 0.1213116 0.1532218 0.1532218 0.1634215 0.1634215 0.1634215 0.1354659 0.1354659 0.8382568E-01 0.8382568E-01 0.2297806E-01 0.2297806E-01 -0.2889710E-01 -0.2889710E-01 -0.5952816E-01 -0.5952816E-01 -0.5952816E-01
0.2978242E-02 0.2978242E-02 0.3612187E-02 0.7648035E-02 0.6718824E-02 0.6718824E-02 0.6252478E-02 0.6124602E-02 0.6124602E-02 0.6193341E-02 0.6193341E-02 0.6220344E-02 0.6223429E-02 0.6224262E-02 0.4682094E-02 0.4682094E-02 -0.1629634 -0.2606095 -0.3541780 -0.4409776 -0.5204890 -0.5932238 -0.6601641 -0.7224793 -0.7813776 -0.8380249 -0.8934935 -0.9480339 -0.9929196 -0.9635850 -0.9635850 -0.7517385 -0.4400702 -0.1262338 -0.8104467E-01 -0.8104467E-01 -0.2172525E-01 -0.2172525E-01 0.2660228E-01 0.2660228E-01 0.4839787E-01 0.8508819E-01 0.8508819E-01 0.1112241 0.1112241 0.1243628 0.1243628 0.1243628 0.1077368 0.1077368 0.7145868E-01 0.7145868E-01 0.2449958E-01 0.2449958E-01 -0.1841295E-01 -0.1841295E-01 -0.4481480E-01 -0.4481480E-01 -0.4481480E-01
