cruce_test.gid/Rasters/Hydraulic/Velocity__y_237.0.asc
NCOLS        79
NROWS        79
XLLCENTER         -1.500000
YLLCENTER         -4.800000
CELLSIZE           0.100
NODATA_VALUE     -9999.0
[rows 0 to 26 of 79, columns 0 to 58 of 79]
-9999.000 -9999.000 -9999.000 -9999.000 -9999.000 -9999.000 -9999.000 -9999.000 -9999.000 -9999.000 -9999.000 -9999.000 -9999.000 -9999.000 -9999.000 -0.9026350E-01 -0.8712719E-01 -0.8583236E-01 -0.8536816E-01 -0.8584176E-01 -0.8662941E-01 -0.8745814E-01 -0.8826809E-01 -0.8897860E-01 -0.8958825E-01 -0.9012529E-01 -0.9062275E-01 -0.9124971E-01 -0.9259632E-01 -0.9398481E-01 -0.9398481E-01 -9999.000 -9999.000 -9999.000 -9999.000 -9999.000 -9999.000 -9999.000 -9999.000 -9999.000 -9999.000 -9999.000 -9999.000 -9999.000 -9999.000 -9999.000 -9999.000 -9999.000 -9999.000 -9999.000 -9999.000 -9999.000 -9999.000 -9999.000 -9999.000 -9999.000 -9999.000 -9999.000 -9999.000
-9999.000 -9999.000 -9999.000 -9999.000 -9999.000 -9999.000 -9999.000 -9999.000 -9999.000 -9999.000 -9999.000 -9999.000 -9999.000 -9999.000 -9999.000 -0.9092254E-01 -0.8434077E-01 -0.8157481E-01 -0.8060412E-01 -0.8166729E-01 -0.8344311E-01 -0.8534289E-01 -0.8722784E-01 -0.8891529E-01 -0.9039309E-01 -0.9171401E-01 -0.9294121E-01 -0.9442485E-01 -0.9739787E-01 -0.1007416 -0.1007416 -9999.000 -9999.000 -9999.000 -9999.000 -9999.000 -9999.000 -9999.000 -9999.000 -9999.000 -9999.000 -9999.000 -9999.000 -9999.000 -9999.000 -9999.000 -9999.000 -9999.000 -9999.000 -9999.000 -9999.000 -9999.000 -9999.000 -9999.000 -9999.000 -9999.000 -9999.000 -9999.000 -9999.000
-9999.000 -9999.000 -9999.000 -9999.000 -9999.000 -9999.000 -9999.000 -9999.000 -9999.000 -9999.000 -9999.000 -9999.000 -9999.000 -9999.000 -9999.000 -0.9061516E-01 -0.8027267E-01 -0.7582583E-01 -0.7432518E-01 -0.7617002E-01 -0.7923761E-01 -0.8256774E-01 -0.8591823E-01 -0.8897534E-01 -0.9170356E-01 -0.9417166E-01 -0.9646757E-01 -0.9913985E-01 -0.1041499 -0.1101996 -0.1101996 -9999.000 -9999.000 -9999.000 -9999.000 -9999.000 -9999.000 -9999.000 -9999.000 -9999.000 -9999.000 -9999.000 -9999.000 -9999.000 -9999.000 -9999.000 -9999.000 -9999.000 -9999.000 -9999.000 -9999.000 -9999.000 -9999.000 -9999.000 -9999.000 -9999.000 -9999.000 -9999.000 -9999.000
-9999.000 -9999.000 -9999.000 -9999.000 -9999.000 -9999.000 -9999.000 -9999.000 -9999.000 -9999.000 -9999.000 -9999.000 -9999.000 -9999.000 -9999.000 -0.8979896E-01 -0.7570893E-01 -0.6958284E-01 -0.6759066E-01 -0.7029611E-01 -0.7474998E-01 -0.7961341E-01 -0.8454015E-01 -0.8907813E-01 -0.9316657E-01 -0.9688694E-01 -0.1003477 -0.1043010 -0.1114725 -0.1207099 -0.1207099 -9999.000 -9999.000 -9999.000 -9999.000 -9999.000 -9999.000 -9999.000 -9999.000 -9999.000 -9999.000 -9999.000 -9999.000 -9999.000 -9999.000 -9999.000 -9999.000 -9999.000 -9999.000 -9999.000 -9999.000 -9999.000 -9999.000 -9999.000 -9999.000 -9999.000 -9999.000 -9999.000 -9999.000
-9999.000 -9999.000 -9999.000 -9999.000 -9999.000 -9999.000 -9999.000 -9999.000 -9999.000 -9999.000 -9999.000 -9999.000 -9999.000 -9999.000 -9999.000 -0.8869678E-01 -0.7082715E-01 -0.6300700E-01 -0.6053999E-01 -0.6415999E-01 -0.7006310E-01 -0.7652488E-01 -0.8309761E-01 -0.8918309E-01 -0.9469642E-01 -0.9973237E-01 -0.1044182 -0.1097208 -0.1191774 -0.1321229 -0.1321229 -9999.000 -9999.000 -9999.000 -9999.000 -9999.000 -9999.000 -9999.000 -9999.000 -9999.000 -9999.000 -9999.000 -9999.000 -9999.000 -9999.000 -9999.000 -9999.000 -9999.000 -9999.000 -9999.000 -9999.000 -9999.000 -9999.000 -9999.000 -9999.000 -9999.000 -9999.000 -9999.000 -9999.000
-9999.000 -9999.000 -9999.000 -9999.000 -9999.000 -9999.000 -9999.000 -9999.000 -9999.000 -9999.000 -9999.000 -9999.000 -9999.000 -9999.000 -9999.000 -0.8737604E-01 -0.6568736E-01 -0.5615668E-01 -0.5322674E-01 -0.5780805E-01 -0.6521044E-01 -0.7331893E-01 -0.8158893E-01 -0.8926836E-01 -0.9625232E-01 -0.1026494 -0.1086054 -0.1153173 -0.1271925 -0.1444542 -0.1444542 -9999.000 -9999.000 -9999.000 -9999.000 -9999.000 -9999.000 -9999.000 -9999.000 -9999.000 -9999.000 -9999.000 -9999.000 -9999.000 -9999.000 -9999.000 -9999.000 -9999.000 -9999.000 -9999.000 -9999.000 -9999.000 -9999.000 -9999.000 -9999.000 -9999.000 -9999.000 -9999.000 -9999.000
-9999.000 -9999.000 -9999.000 -9999.000 -9999.000 -9999.000 -9999.000 -9999.000 -9999.000 -9999.000 -9999.000 -9999.000 -9999.000 -9999.000 -9999.000 -0.8583659E-01 -0.6029720E-01 -0.4904377E-01 -0.4566434E-01 -0.5125455E-01 -0.6020225E-01 -0.6999897E-01 -0.8000999E-01 -0.8932029E-01 -0.9781091E-01 -0.1056067 -0.1128717 -0.1210515 -0.1354970 -0.1578127 -0.1578127 -9999.000 -9999.000 -9999.000 -9999.000 -9999.000 -9999.000 -9999.000 -9999.000 -9999.000 -9999.000 -9999.000 -9999.000 -9999.000 -9999.000 -9999.000 -9999.000 -9999.000 -9999.000 -9999.000 -9999.000 -9999.000 -9999.000 -9999.000 -9999.000 -9999.000 -9999.000 -9999.000 -9999.000
-9999.000 -9999.000 -9999.000 -9999.000 -9999.000 -9999.000 -9999.000 -9999.000 -9999.000 -9999.000 -9999.000 -9999.000 -9999.000 -9999.000 -9999.000 -0.8404528E-01 -0.5463948E-01 -0.4165771E-01 -0.3784754E-01 -0.4449886E-01 -0.5503785E-01 -0.6656138E-01 -0.7835356E-01 -0.8932637E-01 -0.9935457E-01 -0.1085825 -0.1171921 -0.1269009 -0.1440918 -0.1723759 -0.1723759 -9999.000 -9999.000 -9999.000 -9999.000 -9999.000 -9999.000 -9999.000 -9999.000 -9999.000 -9999.000 -9999.000 -9999.000 -9999.000 -9999.000 -9999.000 -9999.000 -9999.000 -9999.000 -9999.000 -9999.000 -9999.000 -9999.000 -9999.000 -9999.000 -9999.000 -9999.000 -9999.000 -9999.000
-9999.000 -9999.000 -9999.000 -9999.000 -9999.000 -9999.000 -9999.000 -9999.000 -9999.000 -9999.000 -9999.000 -9999.000 -9999.000 -9999.000 -9999.000 -0.8195011E-01 -0.4868291E-01 -0.3397560E-01 -0.2976005E-01 -0.3753210E-01 -0.4971011E-01 -0.6299724E-01 -0.7660900E-01 -0.8927161E-01 -0.1008650 -0.1115556 -0.1215431 -0.1328468 -0.1529865 -0.1883879 -0.1883879 -9999.000 -9999.000 -9999.000 -9999.000 -9999.000 -9999.000 -9999.000 -9999.000 -9999.000 -9999.000 -9999.000 -9999.000 -9999.000 -9999.000 -9999.000 -9999.000 -9999.000 -9999.000 -9999.000 -9999.000 -9999.000 -9999.000 -9999.000 -9999.000 -9999.000 -9999.000 -9999.000 -9999.000
-9999.000 -9999.000 -9999.000 -9999.000 -9999.000 -9999.000 -9999.000 -9999.000 -9999.000 -9999.000 -9999.000 -9999.000 -9999.000 -9999.000 -9999.000 -0.7948450E-01 -0.4238595E-01 -0.2596581E-01 -0.2137822E-01 -0.3033892E-01 -0.4420613E-01 -0.5929273E-01 -0.7476149E-01 -0.8913751E-01 -0.1023199 -0.1145006 -0.1258975 -0.1388664 -0.1621928 -0.2061741 -0.2061741 -9999.000 -9999.000 -9999.000 -9999.000 -9999.000 -9999.000 -9999.000 -9999.000 -9999.000 -9999.000 -9999.000 -9999.000 -9999.000 -9999.000 -9999.000 -9999.000 -9999.000 -9999.000 -9999.000 -9999.000 -9999.000 -9999.000 -9999.000 -9999.000 -9999.000 -9999.000 -9999.000 -9999.000
-9999.000 -9999.000 -9999.000 -9999.000 -9999.000 -9999.000 -9999.000 -9999.000 -9999.000 -9999.000 -9999.000 -9999.000 -9999.000 -9999.000 -9999.000 -0.7656717E-01 -0.3569684E-01 -0.1758755E-01 -0.1267046E-01 -0.2289809E-01 -0.3850766E-01 -0.5542843E-01 -0.7279028E-01 -0.8889826E-01 -0.1036889 -0.1173838 -0.1302180 -0.1449279 -0.1717187 -0.2261692 -0.2261692 -9999.000 -9999.000 -9999.000 -9999.000 -9999.000 -9999.000 -9999.000 -9999.000 -9999.000 -9999.000 -9999.000 -9999.000 -9999.000 -9999.000 -9999.000 -9999.000 -9999.000 -9999.000 -9999.000 -9999.000 -9999.000 -9999.000 -9999.000 -9999.000 -9999.000 -9999.000 -9999.000 -9999.000
-9999.000 -9999.000 -9999.000 -9999.000 -9999.000 -9999.000 -9999.000 -9999.000 -9999.000 -9999.000 -9999.000 -9999.000 -9999.000 -9999.000 -9999.000 -0.7309927E-01 -0.2855037E-01 -0.8788127E-02 -0.3594852E-02 -0.1518020E-01 -0.3258877E-01 -0.5137708E-01 -0.7066666E-01 -0.8851853E-01 -0.1049311 -0.1201587 -0.1344527 -0.1509840 -0.1815645 -0.2489650 -0.2489650 -9999.000 -9999.000 -9999.000 -9999.000 -9999.000 -9999.000 -9999.000 -9999.000 -9999.000 -9999.000 -9999.000 -9999.000 -9999.000 -9999.000 -9999.000 -9999.000 -9999.000 -9999.000 -9999.000 -9999.000 -9999.000 -9999.000 -9999.000 -9999.000 -9999.000 -9999.000 -9999.000 -9999.000
-9999.000 -9999.000 -9999.000 -9999.000 -9999.000 -9999.000 -9999.000 -9999.000 -9999.000 -9999.000 -9999.000 -9999.000 -9999.000 -9999.000 -9999.000 -0.6893694E-01 -0.2084616E-01 0.5144883E-03 0.5906322E-02 -0.7150599E-02 -0.2641903E-01 -0.4710658E-01 -0.6835530E-01 -0.8795431E-01 -0.1059931 -0.1227624 -0.1385292 -0.1569657 -0.1917160 -0.2753870 -0.2753870 -9999.000 -9999.000 -9999.000 -9999.000 -9999.000 -9999.000 -9999.000 -9999.000 -9999.000 -9999.000 -9999.000 -9999.000 -9999.000 -9999.000 -9999.000 -9999.000 -9999.000 -9999.000 -9999.000 -9999.000 -9999.000 -9999.000 -9999.000 -9999.000 -9999.000 -9999.000 -9999.000 -9999.000
-9999.000 -9999.000 -9999.000 -9999.000 -9999.000 -9999.000 -9999.000 -9999.000 -9999.000 -9999.000 -9999.000 -9999.000 -9999.000 -9999.000 -9999.000 -0.6292180E-01 -0.1170721E-01 0.1086266E-01 0.1588785E-01 0.1002308E-02 -0.2021030E-01 -0.4282036E-01 -0.6603725E-01 -0.8734964E-01 -0.1069802 -0.1252625 -0.1424786 -0.1628864 -0.2022406 -0.3067494 -0.3067494 -9999.000 -9999.000 -9999.000 -9999.000 -9999.000 -9999.000 -9999.000 -9999.000 -9999.000 -9999.000 -9999.000 -9999.000 -9999.000 -9999.000 -9999.000 -9999.000 -9999.000 -9999.000 -9999.000 -9999.000 -9999.000 -9999.000 -9999.000 -9999.000 -9999.000 -9999.000 -9999.000 -9999.000
-9999.000 -9999.000 -9999.000 -9999.000 -9999.000 -9999.000 -9999.000 -9999.000 -9999.000 -9999.000 -9999.000 -9999.000 -9999.000 -9999.000 -9999.000 -0.6100931E-02 0.1714233E-01 0.2327644E-01 0.1598619E-01 -0.3849523E-02 -0.2508957E-01 -0.4759965E-01 -0.7087974E-01 -0.9218579E-01 -0.1119660 -0.1305814 -0.1482905 -0.1699691 -0.2136309 -0.3428676 -0.3428676 -9999.000 -9999.000 -9999.000 -9999.000 -9999.000 -9999.000 -9999.000 -9999.000 -9999.000 -9999.000 -9999.000 -9999.000 -9999.000 -9999.000 -9999.000 -9999.000 -9999.000 -9999.000 -9999.000 -9999.000 -9999.000 -9999.000 -9999.000 -9999.000 -9999.000 -9999.000 -9999.000 -9999.000
-0.4031525E-02 -0.4031525E-02 -0.5803299E-02 -0.7135427E-02 -0.6691682E-02 -0.6691682E-02 -0.6550480E-02 -0.6501516E-02 -0.6501516E-02 -0.6490752E-02 -0.6490752E-02 -0.6468178E-02 -0.6453790E-02 -0.6437658E-02 -0.6424839E-02 -0.6424839E-02 0.3656656E-01 0.3208411E-01 0.1688048E-01 -0.6310065E-02 -0.3358380E-01 -0.6391092E-01 -0.9621686E-01 -0.1287288 -0.1602964 -0.1901428 -0.2177153 -0.2443149 -0.2773404 -0.3511398 -0.3511398 -0.1976166 -0.1078238 -0.3868238E-01 -0.2930721E-01 -0.2930721E-01 -0.2254420E-01 -0.2254420E-01 -0.1069073E-01 -0.1069073E-01 0.3041885E-03 0.2652056E-01 0.2652056E-01 0.2652431E-01 0.2652431E-01 -0.3768971E-02 -0.3768971E-02 -0.3768971E-02 -0.7538170E-03 -0.7538170E-03 0.7141856E-04 0.7141856E-04 -0.5956019E-03 -0.5956019E-03 -0.1783879E-02 -0.1783879E-02 -0.2988974E-02 -0.2988974E-02 -0.2988974E-02
-0.5765194E-02 -0.5765194E-02 -0.8237017E-02 -0.1042336E-01 -0.9516286E-02 -0.9516286E-02 -0.9200789E-02 -0.9126457E-02 -0.9126457E-02 -0.9148274E-02 -0.9148274E-02 -0.9142702E-02 -0.9133210E-02 -0.9121117E-02 -0.9131956E-02 -0.9131956E-02 0.3050783E-01 0.2712497E-01 0.1178410E-01 -0.1354301E-01 -0.4811300E-01 -0.8942004E-01 -0.1353302 -0.1842186 -0.2340549 -0.2829570 -0.3292863 -0.3712136 -0.4064908 -0.4309551 -0.4309551 -0.2947803 -0.1979007 -0.1049424 -0.8646338E-01 -0.8646338E-01 -0.6318697E-01 -0.6318697E-01 -0.2242417E-01 -0.2242417E-01 0.1064209E-01 0.8351409E-01 0.8351409E-01 0.9870426E-01 0.9870426E-01 0.1997115E-01 0.1997115E-01 0.1997115E-01 0.7634193E-02 0.7634193E-02 0.1411889E-02 0.1411889E-02 -0.3205699E-02 -0.3205699E-02 -0.7039733E-02 -0.7039733E-02 -0.9971220E-02 -0.9971220E-02 -0.9971220E-02
-0.3832430E-02 -0.3832430E-02 -0.6167481E-02 -0.9136481E-02 -0.8225132E-02 -0.8225132E-02 -0.7797007E-02 -0.7685079E-02 -0.7685079E-02 -0.7745212E-02 -0.7745212E-02 -0.7770340E-02 -0.7773862E-02 -0.7774406E-02 -0.7835421E-02 -0.7835421E-02 0.2026952E-01 0.1731545E-01 0.2372239E-02 -0.2303691E-01 -0.5812747E-01 -0.1011407 -0.1503041 -0.2041980 -0.2611992 -0.3196178 -0.3777983 -0.4337370 -0.4844934 -0.5235107 -0.5235107 -0.4355341 -0.3519698 -0.2366378 -0.1996500 -0.1996500 -0.1342773 -0.1342773 -0.3563843E-01 -0.3563843E-01 0.3133199E-01 0.1610440 0.1610440 0.2051939 0.2051939 0.8128282E-01 0.8128282E-01 0.8128282E-01 0.3149411E-01 0.3149411E-01 0.5781534E-02 0.5781534E-02 -0.8591701E-02 -0.8591701E-02 -0.1749465E-01 -0.1749465E-01 -0.2282628E-01 -0.2282628E-01 -0.2282628E-01
-0.1926162E-02 -0.1926162E-02 -0.4057570E-02 -0.7796751E-02 -0.6803830E-02 -0.6803830E-02 -0.6297050E-02 -0.6134400E-02 -0.6134400E-02 -0.6195699E-02 -0.6195699E-02 -0.6221348E-02 -0.6224730E-02 -0.6225158E-02 -0.6330164E-02 -0.6330164E-02 0.1012159E-01 0.5211974E-02 -0.1077712E-01 -0.3689447E-01 -0.7233772E-01 -0.1158098 -0.1658672 -0.2212609 -0.2807040 -0.3428579 -0.4063734 -0.4695868 -0.5298491 -0.5808960 -0.5808960 -0.5415286 -0.4829306 -0.3717229 -0.3218102 -0.3218102 -0.2053190 -0.2053190 -0.3290837E-01 -0.3290837E-01 0.6531096E-01 0.2263801 0.2263801 0.2836797 0.2836797 0.1477252 0.1477252 0.1477252 0.6332988E-01 0.6332988E-01 0.1369507E-01 0.1369507E-01 -0.1402313E-01 -0.1402313E-01 -0.2969300E-01 -0.2969300E-01 -0.3783882E-01 -0.3783882E-01 -0.3783882E-01
-0.3740986E-04 -0.3740986E-04 -0.3064927E-02 -0.6188974E-02 -0.5250149E-02 -0.5250149E-02 -0.4762177E-02 -0.4590876E-02 -0.4590876E-02 -0.4645159E-02 -0.4645159E-02 -0.4667765E-02 -0.4670324E-02 -0.4670461E-02 -0.4829576E-02 -0.4829576E-02 0.1186534E-03 -0.8814001E-02 -0.2760865E-01 -0.5568700E-01 -0.9233500E-01 -0.1365735 -0.1872716 -0.2433641 -0.3037865 -0.3674443 -0.4332316 -0.4998293 -0.5651146 -0.6239135 -0.6239135 -0.6207324 -0.5881915 -0.4917608 -0.4297212 -0.4297212 -0.2490311 -0.2490311 -0.5592983E-02 -0.5592983E-02 0.1080385 0.2673613 0.2673613 0.3235387 0.3235387 0.2024199 0.2024199 0.2024199 0.9771724E-01 0.9771724E-01 0.2608705E-01 0.2608705E-01 -0.1658555E-01 -0.1658555E-01 -0.4050669E-01 -0.4050669E-01 -0.5217108E-01 -0.5217108E-01 -0.5217108E-01
0.7168087E-03 0.7168087E-03 -0.2496582E-02 -0.4207709E-02 -0.3541799E-02 -0.3541799E-02 -0.3184065E-02 -0.3054039E-02 -0.3054039E-02 -0.3095506E-02 -0.3095506E-02 -0.3112540E-02 -0.3114247E-02 -0.3114282E-02 -0.3343273E-02 -0.3343273E-02 -0.1023544E-01 -0.2496244E-01 -0.4837699E-01 -0.7993121E-01 -0.1189549 -0.1646852 -0.2162837 -0.2729302 -0.3338006 -0.3980336 -0.4647319 -0.5328361 -0.6006719 -0.6641572 -0.6641572 -0.6856349 -0.6749866 -0.5879378 -0.5045619 -0.5045619 -0.2441120 -0.2441120 0.3732883E-01 0.3732883E-01 0.1445242 0.2795700 0.2795700 0.3295141 0.3295141 0.2376533 0.2376533 0.2376533 0.1294980 0.1294980 0.4223857E-01 0.4223857E-01 -0.1499441E-01 -0.1499441E-01 -0.4820023E-01 -0.4820023E-01 -0.6418037E-01 -0.6418037E-01 -0.6418037E-01
0.3523976E-03 0.3523976E-03 -0.1235432E-02 -0.2111625E-02 -0.1777227E-02 -0.1777227E-02 -0.1592884E-02 -0.1524470E-02 -0.1524470E-02 -0.1547013E-02 -0.1547013E-02 -0.1556354E-02 -0.1557280E-02 -0.1557254E-02 -0.1878862E-02 -0.1878862E-02 -0.2171346E-01 -0.4391894E-01 -0.7378146E-01 -0.1104632 -0.1532199 -0.2014063 -0.2544281 -0.3117365 -0.3727922 -0.4370141 -0.5037564 -0.5722170 -0.6410935 -0.7071377 -0.7071377 -0.7443992 -0.7489812 -0.6479900 -0.5238694 -0.5238694 -0.1906524 -0.1906524 0.7494059E-01 0.7494059E-01 0.1612121 0.2667907 0.2667907 0.3114621 0.3114621 0.2518530 0.2518530 0.2518530 0.1538081 0.1538081 0.5986317E-01 0.5986317E-01 -0.9238940E-02 -0.9238940E-02 -0.5181456E-01 -0.5181456E-01 -0.7269935E-01 -0.7269935E-01 -0.7269935E-01
0.1807755E-06 0.1807755E-06 0.8983470E-07 -0.2214187E-06 0.9369271E-07 0.9369271E-07 0.1453102E-06 0.2532603E-06 0.2532603E-06 0.4550467E-07 0.4550467E-07 -0.1362608E-06 -0.1991142E-06 -0.1895994E-06 -0.4466241E-03 -0.4466241E-03 -0.3541515E-01 -0.6691958E-01 -0.1051198 -0.1486471 -0.1965712 -0.2482898 -0.3034035 -0.3616347 -0.4227522 -0.4864984 -0.5525374 -0.6203696 -0.6890297 -0.7557100 -0.7557100 -0.8011432 -0.8105068 -0.6479570 -0.4680156 -0.4680156 -0.1168880 -0.1168880 0.9165195E-01 0.9165195E-01 0.1553171 0.2374434 0.2374434 0.2789909 0.2789909 0.2474254 0.2474254 0.2474254 0.1671131 0.1671131 0.7568631E-01 0.7568631E-01 -0.4276548E-03 -0.4276548E-03 -0.5104080E-01 -0.5104080E-01 -0.7684975E-01 -0.7684975E-01 -0.7684975E-01
-0.3521452E-03 -0.3521452E-03 0.1235604E-02 0.2111118E-02 0.1777334E-02 0.1777334E-02 0.1593187E-02 0.1524977E-02 0.1524977E-02 0.1547071E-02 0.1547071E-02 0.1555984E-02 0.1556906E-02 0.1556861E-02 0.9416800E-03 0.9416800E-03 -0.5294586E-01 -0.9593520E-01 -0.1445081 -0.1966231 -0.2511165 -0.3074099 -0.3652865 -0.4247387 -0.4858528 -0.5487167 -0.6133443 -0.6795774 -0.7467149 -0.8115492 -0.8115492 -0.8557630 -0.8491445 -0.5614180 -0.3484971 -0.3484971 -0.5802861E-01 -0.5802861E-01 0.8655382E-01 0.8655382E-01 0.1333824 0.1999432 0.1999432 0.2392154 0.2392154 0.2285607 0.2285607 0.2285607 0.1679993 0.1679993 0.8643688E-01 0.8643688E-01 0.9499657E-02 0.9499657E-02 -0.4621335E-01 -0.4621335E-01 -0.7607025E-01 -0.7607025E-01 -0.7607025E-01
-0.7167411E-03 -0.7167411E-03 0.2496605E-02 0.4207317E-02 0.3541705E-02 0.3541705E-02 0.3184309E-02 0.3054446E-02 0.3054446E-02 0.3095363E-02 0.3095363E-02 0.3112309E-02 0.3114013E-02 0.3114081E-02 0.2269052E-02 0.2269052E-02 -0.7680389E-01 -0.1340754 -0.1952677 -0.2576736 -0.3199680 -0.3816701 -0.4427952 -0.5036345 -0.5646077 -0.6261550 -0.6886536 -0.7522858 -0.8163045 -0.8745474 -0.8745474 -0.8987522 -0.8313450 -0.4007075 -0.2181507 -0.2181507 -0.2871919E-01 -0.2871919E-01 0.6851343E-01 0.6851343E-01 0.1044679 0.1602180 0.1602180 0.1965533 0.1965533 0.1995384 0.1995384 0.1995384 0.1570732 0.1570732 0.8977272E-01 0.8977272E-01 0.1824689E-01 0.1824689E-01 -0.3825397E-01 -0.3825397E-01 -0.7020295E-01 -0.7020295E-01 -0.7020295E-01
0.3739734E-04 0.3739734E-04 0.3065016E-02 0.6188615E-02 0.5249972E-02 0.5249972E-02 0.4762458E-02 0.4591217E-02 0.4591217E-02 0.4645130E-02 0.4645130E-02 0.4667658E-02 0.4670182E-02 0.4670354E-02 0.3511211E-02 0.3511211E-02 -0.1111496 -0.1863614 -0.2626180 -0.3368219 -0.4077570 -0.4752465 -0.5396732 -0.6017051 -0.6621292 -0.7217452 -0.7812883 -0.8411877 -0.8994081 -0.9376778 -0.9376778 -0.8932203 -0.6986007 -0.2352548 -0.1266358 -0.1266358 -0.2112351E-01 -0.2112351E-01 0.4674244E-01 0.4674244E-01 0.7508003E-01 0.1214809 0.1214809 0.1534743 0.1534743 0.1639782 0.1639782 0.1639782 0.1363143 0.1363143 0.8482783E-01 0.8482783E-01 0.2384444E-01 0.2384444E-01 -0.2842490E-01 -0.2842490E-01 -0.5953285E-01 -0.5953285E-01 -0.5953285E-01
0.1926138E-02 0.1926138E-02 0.4057577E-02 0.7796487E-02 0.6803632E-02 0.6803632E-02 0.6297200E-02 0.6134744E-02 0.6134744E-02 0.6195573E-02 0.6195573E-02 0.6221327E-02 0.6224473E-02 0.6225089E-02 0.4635928E-02 0.4635928E-02 -0.1634182 -0.2612507 -0.3549756 -0.4419009 -0.5215098 -0.5943171 -0.6613095 -0.7236596 -0.7825804 -0.8392415 -0.8947189 -0.9492718 -0.9941856 -0.9651415 -0.9651415 -0.7549145 -0.4436287 -0.1266372 -0.8090734E-01 -0.8090734E-01 -0.2162517E-01 -0.2162517E-01 0.2666743E-01 0.2666743E-01 0.4847615E-01 0.8520926E-01 0.8520926E-01 0.1114039 0.1114039 0.1247507 0.1247507 0.1247507 0.1083458 0.1083458 0.7222481E-01 0.7222481E-01 0.2521516E-01 0.2521516E-01 -0.1798639E-01 -0.1798639E-01 -0.4479013E-01 -0.4479013E-01 -0.4479013E-01
