cruce_test.gid/Rasters/Hydraulic/Velocity____8.0.asc
NCOLS        79
NROWS        79
XLLCENTER         -1.500000
YLLCENTER         -4.800000
CELLSIZE           0.100
NODATA_VALUE     -9999.0
[rows 0 to 26 of 79, columns 0 to 59 of 79]
-9999.000 -9999.000 -9999.000 -9999.000 -9999.000 -9999.000 -9999.000 -9999.000 -9999.000 -9999.000 -9999.000 -9999.000 -9999.000 -9999.000 -9999.000 1.350594 1.363538 1.363954 1.364102 1.364156 1.364176 1.364183 1.364185 1.364183 1.364176 1.364156 1.364102 1.363955 1.363538 1.350594 1.350594 -9999.000 -9999.000 -9999.000 -9999.000 -9999.000 -9999.000 -9999.000 -9999.000 -9999.000 -9999.000 -9999.000 -9999.000 -9999.000 -9999.000 -9999.000 -9999.000 -9999.000 -9999.000 -9999.000 -9999.000 -9999.000 -9999.000 -9999.000 -9999.000 -9999.000 -9999.000 -9999.000 -9999.000 -9999.000
-9999.000 -9999.000 -9999.000 -9999.000 -9999.000 -9999.000 -9999.000 -9999.000 -9999.000 -9999.000 -9999.000 -9999.000 -9999.000 -9999.000 -9999.000 1.335970 1.359539 1.360353 1.360715 1.360881 1.360954 1.360983 1.360991 1.360984 1.360954 1.360881 1.360715 1.360353 1.359539 1.335970 1.335970 -9999.000 -9999.000 -9999.000 -9999.000 -9999.000 -9999.000 -9999.000 -9999.000 -9999.000 -9999.000 -9999.000 -9999.000 -9999.000 -9999.000 -9999.000 -9999.000 -9999.000 -9999.000 -9999.000 -9999.000 -9999.000 -9999.000 -9999.000 -9999.000 -9999.000 -9999.000 -9999.000 -9999.000 -9999.000
-9999.000 -9999.000 -9999.000 -9999.000 -9999.000 -9999.000 -9999.000 -9999.000 -9999.000 -9999.000 -9999.000 -9999.000 -9999.000 -9999.000 -9999.000 1.323147 1.355746 1.356819 1.357371 1.357677 1.357833 1.357904 1.357924 1.357904 1.357833 1.357677 1.357371 1.356819 1.355746 1.323147 1.323147 -9999.000 -9999.000 -9999.000 -9999.000 -9999.000 -9999.000 -9999.000 -9999.000 -9999.000 -9999.000 -9999.000 -9999.000 -9999.000 -9999.000 -9999.000 -9999.000 -9999.000 -9999.000 -9999.000 -9999.000 -9999.000 -9999.000 -9999.000 -9999.000 -9999.000 -9999.000 -9999.000 -9999.000 -9999.000
-9999.000 -9999.000 -9999.000 -9999.000 -9999.000 -9999.000 -9999.000 -9999.000 -9999.000 -9999.000 -9999.000 -9999.000 -9999.000 -9999.000 -9999.000 1.311693 1.352257 1.353452 1.354112 1.354542 1.354794 1.354919 1.354957 1.354920 1.354794 1.354542 1.354111 1.353452 1.352257 1.311693 1.311693 -9999.000 -9999.000 -9999.000 -9999.000 -9999.000 -9999.000 -9999.000 -9999.000 -9999.000 -9999.000 -9999.000 -9999.000 -9999.000 -9999.000 -9999.000 -9999.000 -9999.000 -9999.000 -9999.000 -9999.000 -9999.000 -9999.000 -9999.000 -9999.000 -9999.000 -9999.000 -9999.000 -9999.000 -9999.000
-9999.000 -9999.000 -9999.000 -9999.000 -9999.000 -9999.000 -9999.000 -9999.000 -9999.000 -9999.000 -9999.000 -9999.000 -9999.000 -9999.000 -9999.000 1.301237 1.349089 1.350321 1.350987 1.351494 1.351828 1.352011 1.352069 1.352011 1.351828 1.351494 1.350986 1.350321 1.349089 1.301237 1.301237 -9999.000 -9999.000 -9999.000 -9999.000 -9999.000 -9999.000 -9999.000 -9999.000 -9999.000 -9999.000 -9999.000 -9999.000 -9999.000 -9999.000 -9999.000 -9999.000 -9999.000 -9999.000 -9999.000 -9999.000 -9999.000 -9999.000 -9999.000 -9999.000 -9999.000 -9999.000 -9999.000 -9999.000 -9999.000
-9999.000 -9999.000 -9999.000 -9999.000 -9999.000 -9999.000 -9999.000 -9999.000 -9999.000 -9999.000 -9999.000 -9999.000 -9999.000 -9999.000 -9999.000 1.291501 1.346216 1.347453 1.348039 1.348558 1.348942 1.349169 1.349244 1.349169 1.348942 1.348559 1.348039 1.347453 1.346216 1.291501 1.291501 -9999.000 -9999.000 -9999.000 -9999.000 -9999.000 -9999.000 -9999.000 -9999.000 -9999.000 -9999.000 -9999.000 -9999.000 -9999.000 -9999.000 -9999.000 -9999.000 -9999.000 -9999.000 -9999.000 -9999.000 -9999.000 -9999.000 -9999.000 -9999.000 -9999.000 -9999.000 -9999.000 -9999.000 -9999.000
-9999.000 -9999.000 -9999.000 -9999.000 -9999.000 -9999.000 -9999.000 -9999.000 -9999.000 -9999.000 -9999.000 -9999.000 -9999.000 -9999.000 -9999.000 1.282284 1.343593 1.344847 1.345293 1.345761 1.346148 1.346395 1.346479 1.346395 1.346148 1.345761 1.345293 1.344847 1.343593 1.282284 1.282284 -9999.000 -9999.000 -9999.000 -9999.000 -9999.000 -9999.000 -9999.000 -9999.000 -9999.000 -9999.000 -9999.000 -9999.000 -9999.000 -9999.000 -9999.000 -9999.000 -9999.000 -9999.000 -9999.000 -9999.000 -9999.000 -9999.000 -9999.000 -9999.000 -9999.000 -9999.000 -9999.000 -9999.000 -9999.000
-9999.000 -9999.000 -9999.000 -9999.000 -9999.000 -9999.000 -9999.000 -9999.000 -9999.000 -9999.000 -9999.000 -9999.000 -9999.000 -9999.000 -9999.000 1.273457 1.341173 1.342479 1.342756 1.343119 1.343462 1.343698 1.343782 1.343698 1.343462 1.343119 1.342756 1.342479 1.341173 1.273457 1.273457 -9999.000 -9999.000 -9999.000 -9999.000 -9999.000 -9999.000 -9999.000 -9999.000 -9999.000 -9999.000 -9999.000 -9999.000 -9999.000 -9999.000 -9999.000 -9999.000 -9999.000 -9999.000 -9999.000 -9999.000 -9999.000 -9999.000 -9999.000 -9999.000 -9999.000 -9999.000 -9999.000 -9999.000 -9999.000
-9999.000 -9999.000 -9999.000 -9999.000 -9999.000 -9999.000 -9999.000 -9999.000 -9999.000 -9999.000 -9999.000 -9999.000 -9999.000 -9999.000 -9999.000 1.264935 1.338913 1.340319 1.340420 1.340644 1.340901 1.341096 1.341168 1.341097 1.340901 1.340644 1.340420 1.340318 1.338914 1.264935 1.264935 -9999.000 -9999.000 -9999.000 -9999.000 -9999.000 -9999.000 -9999.000 -9999.000 -9999.000 -9999.000 -9999.000 -9999.000 -9999.000 -9999.000 -9999.000 -9999.000 -9999.000 -9999.000 -9999.000 -9999.000 -9999.000 -9999.000 -9999.000 -9999.000 -9999.000 -9999.000 -9999.000 -9999.000 -9999.000
-9999.000 -9999.000 -9999.000 -9999.000 -9999.000 -9999.000 -9999.000 -9999.000 -9999.000 -9999.000 -9999.000 -9999.000 -9999.000 -9999.000 -9999.000 1.256667 1.336780 1.338330 1.338268 1.338337 1.338480 1.338609 1.338660 1.338609 1.338480 1.338337 1.338268 1.338329 1.336780 1.256667 1.256667 -9999.000 -9999.000 -9999.000 -9999.000 -9999.000 -9999.000 -9999.000 -9999.000 -9999.000 -9999.000 -9999.000 -9999.000 -9999.000 -9999.000 -9999.000 -9999.000 -9999.000 -9999.000 -9999.000 -9999.000 -9999.000 -9999.000 -9999.000 -9999.000 -9999.000 -9999.000 -9999.000 -9999.000 -9999.000
-9999.000 -9999.000 -9999.000 -9999.000 -9999.000 -9999.000 -9999.000 -9999.000 -9999.000 -9999.000 -9999.000 -9999.000 -9999.000 -9999.000 -9999.000 1.248620 1.334746 1.336483 1.336279 1.336193 1.336209 1.336257 1.336280 1.336257 1.336209 1.336193 1.336279 1.336482 1.334746 1.248620 1.248620 -9999.000 -9999.000 -9999.000 -9999.000 -9999.000 -9999.000 -9999.000 -9999.000 -9999.000 -9999.000 -9999.000 -9999.000 -9999.000 -9999.000 -9999.000 -9999.000 -9999.000 -9999.000 -9999.000 -9999.000 -9999.000 -9999.000 -9999.000 -9999.000 -9999.000 -9999.000 -9999.000 -9999.000 -9999.000
-9999.000 -9999.000 -9999.000 -9999.000 -9999.000 -9999.000 -9999.000 -9999.000 -9999.000 -9999.000 -9999.000 -9999.000 -9999.000 -9999.000 -9999.000 1.240775 1.332792 1.334750 1.334432 1.334204 1.334094 1.334056 1.334049 1.334056 1.334094 1.334204 1.334431 1.334749 1.332792 1.240775 1.240775 -9999.000 -9999.000 -9999.000 -9999.000 -9999.000 -9999.000 -9999.000 -9999.000 -9999.000 -9999.000 -9999.000 -9999.000 -9999.000 -9999.000 -9999.000 -9999.000 -9999.000 -9999.000 -9999.000 -9999.000 -9999.000 -9999.000 -9999.000 -9999.000 -9999.000 -9999.000 -9999.000 -9999.000 -9999.000
-9999.000 -9999.000 -9999.000 -9999.000 -9999.000 -9999.000 -9999.000 -9999.000 -9999.000 -9999.000 -9999.000 -9999.000 -9999.000 -9999.000 -9999.000 1.233118 1.330904 1.333111 1.332708 1.332360 1.332136 1.332016 1.331980 1.332016 1.332135 1.332360 1.332707 1.333111 1.330904 1.233118 1.233118 -9999.000 -9999.000 -9999.000 -9999.000 -9999.000 -9999.000 -9999.000 -9999.000 -9999.000 -9999.000 -9999.000 -9999.000 -9999.000 -9999.000 -9999.000 -9999.000 -9999.000 -9999.000 -9999.000 -9999.000 -9999.000 -9999.000 -9999.000 -9999.000 -9999.000 -9999.000 -9999.000 -9999.000 -9999.000
-9999.000 -9999.000 -9999.000 -9999.000 -9999.000 -9999.000 -9999.000 -9999.000 -9999.000 -9999.000 -9999.000 -9999.000 -9999.000 -9999.000 -9999.000 1.225642 1.329076 1.331552 1.331090 1.330651 1.330333 1.330144 1.330082 1.330144 1.330333 1.330651 1.331090 1.331552 1.329077 1.225642 1.225642 -9999.000 -9999.000 -9999.000 -9999.000 -9999.000 -9999.000 -9999.000 -9999.000 -9999.000 -9999.000 -9999.000 -9999.000 -9999.000 -9999.000 -9999.000 -9999.000 -9999.000 -9999.000 -9999.000 -9999.000 -9999.000 -9999.000 -9999.000 -9999.000 -9999.000 -9999.000 -9999.000 -9999.000 -9999.000
-9999.000 -9999.000 -9999.000 -9999.000 -9999.000 -9999.000 -9999.000 -9999.000 -9999.000 -9999.000 -9999.000 -9999.000 -9999.000 -9999.000 -9999.000 0.5765487 0.9563022 1.221256 1.297795 1.318905 1.325192 1.327219 1.327928 1.328287 1.328625 1.329047 1.329562 1.330060 1.327303 1.218338 1.218338 -9999.000 -9999.000 -9999.000 -9999.000 -9999.000 -9999.000 -9999.000 -9999.000 -9999.000 -9999.000 -9999.000 -9999.000 -9999.000 -9999.000 -9999.000 -9999.000 -9999.000 -9999.000 -9999.000 -9999.000 -9999.000 -9999.000 -9999.000 -9999.000 -9999.000 -9999.000 -9999.000 -9999.000 -9999.000
0.8794808 0.8794808 0.8951440 0.4590957 0.4145113 0.4145113 0.3845020 0.3227512 0.3227512 0.2572894 0.2572894 0.1966533 0.1698532 0.1451496 0.1205870 0.1205870 0.5861540 0.7594940 0.9490947 1.152292 1.252492 1.293625 1.308440 1.313980 1.316473 1.318268 1.320714 1.325580 1.335337 1.304324 1.304324 0.8881589 0.2423521 0.6100361E-01 0.5297804E-01 0.5297804E-01 -9999.000 -9999.000 -9999.000 -9999.000 -9999.000 -9999.000 -9999.000 -9999.000 -9999.000 -9999.000 -9999.000 -9999.000 -9999.000 -9999.000 -9999.000 -9999.000 -9999.000 -9999.000 -9999.000 -9999.000 -9999.000 -9999.000 -9999.000 -9999.000
0.8890340 0.8890340 0.9153483 0.4833388 0.4413174 0.4413174 0.4149403 0.3605105 0.3605105 0.3008743 0.3008743 0.2402250 0.2101765 0.1802040 0.1503255 0.1503255 0.5157244 0.6474161 0.7234626 0.8071463 0.9499332 1.115769 1.214933 1.264138 1.285340 1.295691 1.303920 1.315337 1.335072 1.337908 1.337908 1.034453 0.6296311 0.6874317E-01 0.9706867E-01 0.9706867E-01 0.6914145E-01 0.6914145E-01 -9999.000 -9999.000 -9999.000 -9999.000 -9999.000 -9999.000 -9999.000 -9999.000 -9999.000 -9999.000 -9999.000 -9999.000 -9999.000 -9999.000 -9999.000 -9999.000 -9999.000 -9999.000 -9999.000 -9999.000 -9999.000 -9999.000
0.8901472 0.8901472 0.9147390 0.4888170 0.4470441 0.4470441 0.4230816 0.3732451 0.3732451 0.3176748 0.3176748 0.2600086 0.2309702 0.2018117 0.1734709 0.1734709 0.4685760 0.6081192 0.6907811 0.7451840 0.7866028 0.8508227 0.9782411 1.111849 1.200731 1.251424 1.280279 1.303206 1.330709 1.343979 1.343979 1.138667 0.8329640 0.2483577 0.1462938 0.1462938 0.5344801E-01 0.5344801E-01 0.9750897E-01 0.9750897E-01 -9999.000 -9999.000 -9999.000 -9999.000 -9999.000 -9999.000 -9999.000 -9999.000 -9999.000 -9999.000 -9999.000 -9999.000 -9999.000 -9999.000 -9999.000 -9999.000 -9999.000 -9999.000 -9999.000 -9999.000
0.8907828 0.8907828 0.9156622 0.4950842 0.4501312 0.4501312 0.4273548 0.3806787 0.3806787 0.3289025 0.3289025 0.2755728 0.2487941 0.2219673 0.1963871 0.1963871 0.4288823 0.5721691 0.6678773 0.7318466 0.7736265 0.8052199 0.8389916 0.9113884 1.031738 1.138986 1.219045 1.273440 1.315774 1.334733 1.334733 1.187461 0.9289861 0.3084574 0.1560644 0.1560644 0.3501049E-01 0.3501049E-01 0.1634549 0.1634549 0.2069380 0.2490072 0.2490072 0.2576933 0.2576933 0.2042995 0.2042995 0.2042995 -9999.000 -9999.000 -9999.000 -9999.000 -9999.000 -9999.000 -9999.000 -9999.000 -9999.000 -9999.000 -9999.000 -9999.000
0.8911505 0.8911505 0.9163184 0.5056404 0.4542559 0.4542559 0.4320760 0.3883581 0.3883581 0.3406276 0.3406276 0.2922850 0.2681955 0.2441483 0.2214404 0.2214404 0.3978592 0.5382274 0.6440540 0.7192967 0.7708337 0.8076553 0.8362962 0.8652903 0.9107418 1.003318 1.107686 1.201538 1.274975 1.311227 1.311227 1.215363 0.9994310 0.3848526 0.1586816 0.1586816 0.1624384E-01 0.1624384E-01 0.2176069 0.2176069 0.2778655 0.3486684 0.3486684 0.3802765 0.3802765 0.3876207 0.3876207 0.3876207 0.3666881 0.3666881 0.2824610 0.2824610 -9999.000 -9999.000 -9999.000 -9999.000 -9999.000 -9999.000 -9999.000 -9999.000
0.8913575 0.8913575 0.9167439 0.5214942 0.4595206 0.4595206 0.4374155 0.3967745 0.3967745 0.3535432 0.3535432 0.3107548 0.2896487 0.2686674 0.2489428 0.2489428 0.3776697 0.5085210 0.6200808 0.7053047 0.7670838 0.8121430 0.8462600 0.8751695 0.9042798 0.9442810 1.017172 1.109774 1.202581 1.265551 1.265551 1.230398 1.069840 0.4716026 0.1928823 0.1928823 0.1849750E-01 0.1849750E-01 0.2895883 0.2895883 0.3626660 0.4465081 0.4465081 0.4763160 0.4763160 0.4834464 0.4834464 0.4834464 0.4742963 0.4742963 0.4366483 0.4366483 0.3575507 0.3575507 0.8194480E-01 0.8194480E-01 -9999.000 -9999.000 -9999.000 -9999.000
0.8914625 0.8914625 0.9169806 0.5438942 0.4655335 0.4655335 0.4427986 0.4053833 0.4053833 0.3671843 0.3671843 0.3305288 0.3126870 0.2950501 0.2785425 0.2785425 0.3695896 0.4857016 0.5979240 0.6906022 0.7617205 0.8152347 0.8560858 0.8894063 0.9193671 0.9501865 0.9904398 1.052335 1.132134 1.205766 1.205766 1.226068 1.131877 0.6179658 0.2542868 0.2542868 0.1833566 0.1833566 0.3752524 0.3752524 0.4565663 0.5470374 0.5470374 0.5765199 0.5765199 0.5685234 0.5685234 0.5685234 0.5609470 0.5609470 0.5355566 0.5355566 0.4840715 0.4840715 0.3909345 0.3909345 -9999.000 -9999.000 -9999.000 -9999.000
0.8914946 0.8914946 0.9170563 0.5740956 0.4716544 0.4716544 0.4474433 0.4135596 0.4135596 0.3810247 0.3810247 0.3510815 0.3367788 0.3227733 0.3098034 0.3098034 0.3736150 0.4721186 0.5799718 0.6767161 0.7554082 0.8167703 0.8643447 0.9026274 0.9356369 0.9666101 0.9989783 1.039282 1.094336 1.158121 1.158121 1.208513 1.170722 0.8864619 0.4644723 0.4644723 0.2664698 0.2664698 0.4797332 0.4797332 0.5650696 0.6574359 0.6574359 0.6821400 0.6821400 0.6557961 0.6557961 0.6557961 0.6378735 0.6378735 0.6079338 0.6079338 0.5655468 0.5655468 0.5015115 0.5015115 0.3845286 0.3845286 0.3845286 -9999.000
0.8914626 0.8914626 0.9169806 0.6141365 0.4780062 0.4780062 0.4510930 0.4211083 0.4211083 0.3949047 0.3949047 0.3721697 0.3616650 0.3515992 0.3425654 0.3425654 0.3888397 0.4694292 0.5686800 0.6656448 0.7494318 0.8173868 0.8711594 0.9142876 0.9505273 0.9830255 1.014446 1.047476 1.086898 1.135792 1.135792 1.193070 1.188851 1.027804 0.7862622 0.7862622 0.4112343 0.4112343 0.6166902 0.6166902 0.6853949 0.7636855 0.7636855 0.7831705 0.7831705 0.7444782 0.7444782 0.7444782 0.7151736 0.7151736 0.6773094 0.6773094 0.6310473 0.6310473 0.5738673 0.5738673 0.4925606 0.4925606 0.4925606 0.2965987
0.8913575 0.8913575 0.9167438 0.6657103 0.4847326 0.4847326 0.4534087 0.4279586 0.4279586 0.4086559 0.4086559 0.3935407 0.3871498 0.3814717 0.3769916 0.3769916 0.4141912 0.4785446 0.5663081 0.6596520 0.7455285 0.8182222 0.8772029 0.9247330 0.9640402 0.9982063 1.029796 1.060666 1.093653 1.133140 1.133140 1.187115 1.197844 0.9841889 0.6220983 0.6220983 0.5850509 0.5850509 0.7547536 0.7547536 0.8060829 0.8653675 0.8653675 0.8775907 0.8775907 0.8312271 0.8312271 0.8312271 0.7922966 0.7922966 0.7458141 0.7458141 0.6933863 0.6933863 0.6337012 0.6337012 0.5645310 0.5645310 0.5645310 0.4361840
0.8911506 0.8911506 0.9163182 0.7217340 0.4920110 0.4920110 0.4545214 0.4341683 0.4341683 0.4219716 0.4219716 0.4147826 0.4129604 0.4124272 0.4136103 0.4136103 0.4491557 0.4999304 0.5747967 0.6611062 0.7457728 0.8208212 0.8835376 0.9346861 0.9767098 1.012500 1.044463 1.074420 1.104641 1.139710 1.139710 1.188823 1.192976 0.7132851 0.6164596 0.6164596 0.7522639 0.7522639 0.8820519 0.8820519 0.9197406 0.9609337 0.9609337 0.9644335 0.9644335 0.9121240 0.9121240 0.9121240 0.8663006 0.8663006 0.8121901 0.8121901 0.7524808 0.7524808 0.6881629 0.6881629 0.6177529 0.6177529 0.6177529 0.5222359
0.8907828 0.8907828 0.9156621 0.7714556 0.5004097 0.5004097 0.4552439 0.4399610 0.4399610 0.4344669 0.4344669 0.4353598 0.4387644 0.4446447 0.4535553 0.4535553 0.4944749 0.5342233 0.5958978 0.6724336 0.7525324 0.8271046 0.8915812 0.9451583 0.9892991 1.026555 1.058827 1.088120 1.116528 1.147621 1.147621 1.106850 0.8601704 0.6670154 0.6979618 0.6979618 0.8851666 0.8851666 0.9844030 0.9844030 1.014093 1.043337 1.043337 1.039791 1.039791 0.9829476 0.9829476 0.9829476 0.9328573 0.9328573 0.8733042 0.8733042 0.8072940 0.8072940 0.7375295 0.7375295 0.6651963 0.6651963 0.6651963 0.5809012
