cruce_test.gid/Rasters/Hydraulic/Velocity__x_149.0.asc
NCOLS        79
NROWS        79
XLLCENTER         -1.500000
YLLCENTER         -4.800000
CELLSIZE           0.100
NODATA_VALUE     -9999.0
[rows 0 to 25 of 79, columns 0 to 57 of 79]
-9999.000 -9999.000 -9999.000 -9999.000 -9999.000 -9999.000 -9999.000 -9999.000 -9999.000 -9999.000 -9999.000 -9999.000 -9999.000 -9999.000 -9999.000 0.5128393E-03 0.1979741E-02 0.4416092E-02 0.6788538E-02 0.8898919E-02 0.1063507E-01 0.1193743E-01 0.1277820E-01 0.1317019E-01 0.1315391E-01 0.1277034E-01 0.1199904E-01 0.1060304E-01 0.7698945E-02 0.3765347E-02 0.3765347E-02 -9999.000 -9999.000 -9999.000 -9999.000 -9999.000 -9999.000 -9999.000 -9999.000 -9999.000 -9999.000 -9999.000 -9999.000 -9999.000 -9999.000 -9999.000 -9999.000 -9999.000 -9999.000 -9999.000 -9999.000 -9999.000 -9999.000 -9999.000 -9999.000 -9999.000 -9999.000 -9999.000
-9999.000 -9999.000 -9999.000 -9999.000 -9999.000 -9999.000 -9999.000 -9999.000 -9999.000 -9999.000 -9999.000 -9999.000 -9999.000 -9999.000 -9999.000 0.1480316E-02 0.3965868E-02 0.7441965E-02 0.1079530E-01 0.1378406E-01 0.1624902E-01 0.1808761E-01 0.1923630E-01 0.1967827E-01 0.1942989E-01 0.1851417E-01 0.1690290E-01 0.1438173E-01 0.1018343E-01 0.4995222E-02 0.4995222E-02 -9999.000 -9999.000 -9999.000 -9999.000 -9999.000 -9999.000 -9999.000 -9999.000 -9999.000 -9999.000 -9999.000 -9999.000 -9999.000 -9999.000 -9999.000 -9999.000 -9999.000 -9999.000 -9999.000 -9999.000 -9999.000 -9999.000 -9999.000 -9999.000 -9999.000 -9999.000 -9999.000
-9999.000 -9999.000 -9999.000 -9999.000 -9999.000 -9999.000 -9999.000 -9999.000 -9999.000 -9999.000 -9999.000 -9999.000 -9999.000 -9999.000 -9999.000 0.2059536E-02 0.5188294E-02 0.9359221E-02 0.1334855E-01 0.1688784E-01 0.1979424E-01 0.2194565E-01 0.2326304E-01 0.2371946E-01 0.2332819E-01 0.2211494E-01 0.2005921E-01 0.1695233E-01 0.1200843E-01 0.5934383E-02 0.5934383E-02 -9999.000 -9999.000 -9999.000 -9999.000 -9999.000 -9999.000 -9999.000 -9999.000 -9999.000 -9999.000 -9999.000 -9999.000 -9999.000 -9999.000 -9999.000 -9999.000 -9999.000 -9999.000 -9999.000 -9999.000 -9999.000 -9999.000 -9999.000 -9999.000 -9999.000 -9999.000 -9999.000
-9999.000 -9999.000 -9999.000 -9999.000 -9999.000 -9999.000 -9999.000 -9999.000 -9999.000 -9999.000 -9999.000 -9999.000 -9999.000 -9999.000 -9999.000 0.2458750E-02 0.6030963E-02 0.1068094E-01 0.1511101E-01 0.1903395E-01 0.2225081E-01 0.2462729E-01 0.2607509E-01 0.2656301E-01 0.2610423E-01 0.2472731E-01 0.2241407E-01 0.1894984E-01 0.1350434E-01 0.6733571E-02 0.6733571E-02 -9999.000 -9999.000 -9999.000 -9999.000 -9999.000 -9999.000 -9999.000 -9999.000 -9999.000 -9999.000 -9999.000 -9999.000 -9999.000 -9999.000 -9999.000 -9999.000 -9999.000 -9999.000 -9999.000 -9999.000 -9999.000 -9999.000 -9999.000 -9999.000 -9999.000 -9999.000 -9999.000
-9999.000 -9999.000 -9999.000 -9999.000 -9999.000 -9999.000 -9999.000 -9999.000 -9999.000 -9999.000 -9999.000 -9999.000 -9999.000 -9999.000 -9999.000 0.2773089E-02 0.6690894E-02 0.1171067E-01 0.1648442E-01 0.2071076E-01 0.2417838E-01 0.2674405E-01 0.2831353E-01 0.2885263E-01 0.2837496E-01 0.2691097E-01 0.2444189E-01 0.2073928E-01 0.1491137E-01 0.7510193E-02 0.7510193E-02 -9999.000 -9999.000 -9999.000 -9999.000 -9999.000 -9999.000 -9999.000 -9999.000 -9999.000 -9999.000 -9999.000 -9999.000 -9999.000 -9999.000 -9999.000 -9999.000 -9999.000 -9999.000 -9999.000 -9999.000 -9999.000 -9999.000 -9999.000 -9999.000 -9999.000 -9999.000 -9999.000
-9999.000 -9999.000 -9999.000 -9999.000 -9999.000 -9999.000 -9999.000 -9999.000 -9999.000 -9999.000 -9999.000 -9999.000 -9999.000 -9999.000 -9999.000 0.3055054E-02 0.7278334E-02 0.1262084E-01 0.1769624E-01 0.2219248E-01 0.2588791E-01 0.2863273E-01 0.3032734E-01 0.3093606E-01 0.3047299E-01 0.2897032E-01 0.2640568E-01 0.2253153E-01 0.1637869E-01 0.8341365E-02 0.8341365E-02 -9999.000 -9999.000 -9999.000 -9999.000 -9999.000 -9999.000 -9999.000 -9999.000 -9999.000 -9999.000 -9999.000 -9999.000 -9999.000 -9999.000 -9999.000 -9999.000 -9999.000 -9999.000 -9999.000 -9999.000 -9999.000 -9999.000 -9999.000 -9999.000 -9999.000 -9999.000 -9999.000
-9999.000 -9999.000 -9999.000 -9999.000 -9999.000 -9999.000 -9999.000 -9999.000 -9999.000 -9999.000 -9999.000 -9999.000 -9999.000 -9999.000 -9999.000 0.3334227E-02 0.7855670E-02 0.1350827E-01 0.1887474E-01 0.2363396E-01 0.2755547E-01 0.3048353E-01 0.3231466E-01 0.3301183E-01 0.3259090E-01 0.3108526E-01 0.2846717E-01 0.2446454E-01 0.1801264E-01 0.9285993E-02 0.9285993E-02 -9999.000 -9999.000 -9999.000 -9999.000 -9999.000 -9999.000 -9999.000 -9999.000 -9999.000 -9999.000 -9999.000 -9999.000 -9999.000 -9999.000 -9999.000 -9999.000 -9999.000 -9999.000 -9999.000 -9999.000 -9999.000 -9999.000 -9999.000 -9999.000 -9999.000 -9999.000 -9999.000
-9999.000 -9999.000 -9999.000 -9999.000 -9999.000 -9999.000 -9999.000 -9999.000 -9999.000 -9999.000 -9999.000 -9999.000 -9999.000 -9999.000 -9999.000 0.3627943E-02 0.8459408E-02 0.1443043E-01 0.2009616E-01 0.2512782E-01 0.2928673E-01 0.3241245E-01 0.3439790E-01 0.3520627E-01 0.3485531E-01 0.3337960E-01 0.3074459E-01 0.2664789E-01 0.1990864E-01 0.1040120E-01 0.1040120E-01 -9999.000 -9999.000 -9999.000 -9999.000 -9999.000 -9999.000 -9999.000 -9999.000 -9999.000 -9999.000 -9999.000 -9999.000 -9999.000 -9999.000 -9999.000 -9999.000 -9999.000 -9999.000 -9999.000 -9999.000 -9999.000 -9999.000 -9999.000 -9999.000 -9999.000 -9999.000 -9999.000
-9999.000 -9999.000 -9999.000 -9999.000 -9999.000 -9999.000 -9999.000 -9999.000 -9999.000 -9999.000 -9999.000 -9999.000 -9999.000 -9999.000 -9999.000 0.3947796E-02 0.9114173E-02 0.1542629E-01 0.2141273E-01 0.2673840E-01 0.3115671E-01 0.3450320E-01 0.3666840E-01 0.3761639E-01 0.3736763E-01 0.3595886E-01 0.3334657E-01 0.2919177E-01 0.2217256E-01 0.1175376E-01 0.1175376E-01 -9999.000 -9999.000 -9999.000 -9999.000 -9999.000 -9999.000 -9999.000 -9999.000 -9999.000 -9999.000 -9999.000 -9999.000 -9999.000 -9999.000 -9999.000 -9999.000 -9999.000 -9999.000 -9999.000 -9999.000 -9999.000 -9999.000 -9999.000 -9999.000 -9999.000 -9999.000 -9999.000
-9999.000 -9999.000 -9999.000 -9999.000 -9999.000 -9999.000 -9999.000 -9999.000 -9999.000 -9999.000 -9999.000 -9999.000 -9999.000 -9999.000 -9999.000 0.4302767E-02 0.9839777E-02 0.1652817E-01 0.2286906E-01 0.2852157E-01 0.3323200E-01 0.3683215E-01 0.3921171E-01 0.4033634E-01 0.4023136E-01 0.3893606E-01 0.3639648E-01 0.3222897E-01 0.2494018E-01 0.1343251E-01 0.1343251E-01 -9999.000 -9999.000 -9999.000 -9999.000 -9999.000 -9999.000 -9999.000 -9999.000 -9999.000 -9999.000 -9999.000 -9999.000 -9999.000 -9999.000 -9999.000 -9999.000 -9999.000 -9999.000 -9999.000 -9999.000 -9999.000 -9999.000 -9999.000 -9999.000 -9999.000 -9999.000 -9999.000
-9999.000 -9999.000 -9999.000 -9999.000 -9999.000 -9999.000 -9999.000 -9999.000 -9999.000 -9999.000 -9999.000 -9999.000 -9999.000 -9999.000 -9999.000 0.4702075E-02 0.1065629E-01 0.1776982E-01 0.2451253E-01 0.3053848E-01 0.3558650E-01 0.3948613E-01 0.4212706E-01 0.4347910E-01 0.4357416E-01 0.4245506E-01 0.4005609E-01 0.3593955E-01 0.2840292E-01 0.1556466E-01 0.1556466E-01 -9999.000 -9999.000 -9999.000 -9999.000 -9999.000 -9999.000 -9999.000 -9999.000 -9999.000 -9999.000 -9999.000 -9999.000 -9999.000 -9999.000 -9999.000 -9999.000 -9999.000 -9999.000 -9999.000 -9999.000 -9999.000 -9999.000 -9999.000 -9999.000 -9999.000 -9999.000 -9999.000
-9999.000 -9999.000 -9999.000 -9999.000 -9999.000 -9999.000 -9999.000 -9999.000 -9999.000 -9999.000 -9999.000 -9999.000 -9999.000 -9999.000 -9999.000 0.5157087E-02 0.1158922E-01 0.1919363E-01 0.2640345E-01 0.3286738E-01 0.3831677E-01 0.4257992E-01 0.4554895E-01 0.4719942E-01 0.4757321E-01 0.4671947E-01 0.4455806E-01 0.4058685E-01 0.3284615E-01 0.1834168E-01 0.1834168E-01 -9999.000 -9999.000 -9999.000 -9999.000 -9999.000 -9999.000 -9999.000 -9999.000 -9999.000 -9999.000 -9999.000 -9999.000 -9999.000 -9999.000 -9999.000 -9999.000 -9999.000 -9999.000 -9999.000 -9999.000 -9999.000 -9999.000 -9999.000 -9999.000 -9999.000 -9999.000 -9999.000
-9999.000 -9999.000 -9999.000 -9999.000 -9999.000 -9999.000 -9999.000 -9999.000 -9999.000 -9999.000 -9999.000 -9999.000 -9999.000 -9999.000 -9999.000 0.5684613E-02 0.1267543E-01 0.2086140E-01 0.2862944E-01 0.3562230E-01 0.4156404E-01 0.4628312E-01 0.4967591E-01 0.5172809E-01 0.5249537E-01 0.5203703E-01 0.5025792E-01 0.4657795E-01 0.3871856E-01 0.2206642E-01 0.2206642E-01 -9999.000 -9999.000 -9999.000 -9999.000 -9999.000 -9999.000 -9999.000 -9999.000 -9999.000 -9999.000 -9999.000 -9999.000 -9999.000 -9999.000 -9999.000 -9999.000 -9999.000 -9999.000 -9999.000 -9999.000 -9999.000 -9999.000 -9999.000 -9999.000 -9999.000 -9999.000 -9999.000
-9999.000 -9999.000 -9999.000 -9999.000 -9999.000 -9999.000 -9999.000 -9999.000 -9999.000 -9999.000 -9999.000 -9999.000 -9999.000 -9999.000 -9999.000 0.6371443E-02 0.1408201E-01 0.2301697E-01 0.3149329E-01 0.3914968E-01 0.4570742E-01 0.5100190E-01 0.5494214E-01 0.5753212E-01 0.5885041E-01 0.5897336E-01 0.5779125E-01 0.5462998E-01 0.4681034E-01 0.2729158E-01 0.2729158E-01 -9999.000 -9999.000 -9999.000 -9999.000 -9999.000 -9999.000 -9999.000 -9999.000 -9999.000 -9999.000 -9999.000 -9999.000 -9999.000 -9999.000 -9999.000 -9999.000 -9999.000 -9999.000 -9999.000 -9999.000 -9999.000 -9999.000 -9999.000 -9999.000 -9999.000 -9999.000 -9999.000
-9999.000 -9999.000 -9999.000 -9999.000 -9999.000 -9999.000 -9999.000 -9999.000 -9999.000 -9999.000 -9999.000 -9999.000 -9999.000 -9999.000 -9999.000 0.2092258E-01 0.3438832E-01 0.4734297E-01 0.5700482E-01 0.6386402E-01 0.6838852E-01 0.7100357E-01 0.7207033E-01 0.7191731E-01 0.7081804E-01 0.6892898E-01 0.6611384E-01 0.6159256E-01 0.5226834E-01 0.2663871E-01 0.2663871E-01 -9999.000 -9999.000 -9999.000 -9999.000 -9999.000 -9999.000 -9999.000 -9999.000 -9999.000 -9999.000 -9999.000 -9999.000 -9999.000 -9999.000 -9999.000 -9999.000 -9999.000 -9999.000 -9999.000 -9999.000 -9999.000 -9999.000 -9999.000 -9999.000 -9999.000 -9999.000 -9999.000
2.489085 2.489085 2.531641 2.572807 2.578671 2.578671 2.582215 2.585373 2.585373 2.585173 2.585173 2.582654 2.580741 2.578477 2.575905 2.575905 2.552783 2.538415 2.514721 2.477718 2.423869 2.352178 2.262213 2.154262 2.029659 1.891066 1.744046 1.600923 1.487187 1.463667 1.463667 2.295448 2.450813 2.520783 2.534651 2.534651 2.544559 2.544559 2.493969 2.493969 2.432709 2.190418 2.190418 1.768731 1.768731 1.662323 1.662323 1.662323 1.687474 1.687474 1.732713 1.732713 1.780972 1.780972 1.825127 1.825127 1.862011 1.862011
2.505730 2.505730 2.562943 2.619125 2.635406 2.635406 2.649351 2.673189 2.673189 2.693497 2.693497 2.711321 2.719516 2.727318 2.734771 2.734771 2.730877 2.733311 2.737046 2.738667 2.734865 2.723034 2.700635 2.665313 2.615165 2.549018 2.466843 2.368756 2.276630 2.230902 2.230902 2.685947 2.838860 2.973215 3.006118 3.006118 3.035878 3.035878 3.017180 3.017180 2.984121 2.849654 2.849654 2.570688 2.570688 2.440014 2.440014 2.440014 2.464623 2.464623 2.509516 2.509516 2.558631 2.558631 2.605772 2.605772 2.646465 2.646465
2.509513 2.509513 2.566956 2.619421 2.635880 2.635880 2.650056 2.674399 2.674399 2.695272 2.695272 2.713746 2.722301 2.730484 2.738341 2.738341 2.739531 2.748258 2.761491 2.775394 2.786961 2.794231 2.795609 2.789546 2.774469 2.748892 2.711774 2.662576 2.611842 2.585131 2.585131 2.863432 3.011025 3.171482 3.214316 3.214316 3.249115 3.249115 3.222610 3.222610 3.186745 3.077396 3.077396 2.886682 2.886682 2.742020 2.742020 2.742020 2.753362 2.753362 2.789880 2.789880 2.832624 2.832624 2.873640 2.873640 2.909202 2.909202
2.512537 2.512537 2.570040 2.619354 2.635780 2.635780 2.649998 2.674408 2.674408 2.695302 2.695302 2.713784 2.722345 2.730535 2.738401 2.738401 2.744988 2.759238 2.779296 2.800562 2.819734 2.834885 2.844865 2.848889 2.846290 2.836421 2.818762 2.792998 2.765516 2.754028 2.754028 2.928895 3.063179 3.232522 3.279826 3.279826 3.309794 3.309794 3.266692 3.266692 3.227692 3.142131 3.142131 3.022670 3.022670 2.884318 2.884318 2.884318 2.880542 2.880542 2.908280 2.908280 2.945874 2.945874 2.983203 2.983203 3.015958 3.015958
2.514856 2.514856 2.572383 2.619313 2.635676 2.635676 2.649928 2.674404 2.674404 2.695310 2.695310 2.713785 2.722344 2.730532 2.738397 2.738397 2.752295 2.772791 2.799540 2.827416 2.852914 2.873979 2.889487 2.898842 2.901751 2.898097 2.887945 2.871564 2.853456 2.846587 2.846587 2.959021 3.073637 3.235003 3.277250 3.277250 3.284986 3.284986 3.226534 3.226534 3.193290 3.143321 3.143321 3.084502 3.084502 2.972468 2.972468 2.972468 2.954583 2.954583 2.970820 2.970820 3.001523 3.001523 3.034737 3.034737 3.064563 3.064563
2.516495 2.516495 2.574030 2.619290 2.635589 2.635589 2.649865 2.674398 2.674398 2.695316 2.695316 2.713788 2.722343 2.730530 2.738394 2.738394 2.762147 2.789815 2.823344 2.857397 2.888534 2.914742 2.934901 2.948435 2.955114 2.954960 2.948247 2.935548 2.920241 2.912059 2.912059 2.981951 3.072551 3.205110 3.228462 3.228462 3.199488 3.199488 3.144255 3.144255 3.128670 3.121151 3.121151 3.109773 3.109773 3.035857 3.035857 3.035857 3.009906 3.009906 3.013922 3.013922 3.035629 3.035629 3.063036 3.063036 3.088764 3.088764
2.517471 2.517471 2.575009 2.619282 2.635533 2.635533 2.649824 2.674395 2.674395 2.695320 2.695320 2.713789 2.722343 2.730529 2.738393 2.738393 2.775390 2.811221 2.851641 2.891427 2.927477 2.958019 2.982062 2.999082 3.008854 3.011390 3.006946 2.996104 2.981339 2.969769 2.969769 3.008355 3.071046 3.145138 3.133780 3.133780 3.074559 3.074559 3.052622 3.052622 3.060944 3.092096 3.092096 3.114750 3.114750 3.081591 3.081591 3.081591 3.056032 3.056032 3.050268 3.050268 3.061852 3.061852 3.081607 3.081607 3.101673 3.101673
2.517795 2.517795 2.575333 2.619280 2.635514 2.635514 2.649809 2.674394 2.674394 2.695322 2.695322 2.713789 2.722342 2.730528 2.738392 2.738392 2.793195 2.838162 2.885512 2.930498 2.970610 3.004512 3.031485 3.051148 3.063329 3.068013 3.065379 3.055871 3.041167 3.025953 3.025953 3.039732 3.068176 3.041439 2.990160 2.990160 2.940387 2.940387 2.973409 2.973409 3.002711 3.062172 3.062172 3.107976 3.107976 3.111855 3.111855 3.111855 3.094029 3.094029 3.083163 3.083163 3.085210 3.085210 3.095996 3.095996 3.108825 3.108825
2.517471 2.517471 2.575008 2.619282 2.635533 2.635533 2.649823 2.674395 2.674395 2.695320 2.695320 2.713788 2.722342 2.730529 2.738392 2.738392 2.817184 2.872135 2.926252 2.975704 3.018829 3.054907 3.083628 3.104858 3.118543 3.124689 3.123399 3.114951 3.100271 3.081287 3.081287 3.071360 3.049891 2.879557 2.813929 2.813929 2.826422 2.826422 2.909817 2.909817 2.953060 3.031143 3.031143 3.092888 3.092888 3.127574 3.127574 3.127574 3.121843 3.121843 3.111026 3.111026 3.105742 3.105742 3.107240 3.107240 3.111637 3.111637
2.516494 2.516494 2.574030 2.619291 2.635589 2.635589 2.649865 2.674399 2.674399 2.695316 2.695316 2.713788 2.722343 2.730530 2.738395 2.738395 2.849636 2.915105 2.975426 3.028238 3.073008 3.109802 3.138837 3.160310 3.174356 3.181050 3.180460 3.172691 3.157773 3.133130 3.133130 3.089270 2.981654 2.674246 2.648169 2.648169 2.742322 2.742322 2.856866 2.856866 2.908110 2.998445 2.998445 3.071554 3.071554 3.130392 3.130392 3.130392 3.137972 3.137972 3.131247 3.131247 3.121662 3.121662 3.114584 3.114584 3.109965 3.109965
2.514856 2.514856 2.572383 2.619313 2.635676 2.635676 2.649928 2.674403 2.674403 2.695309 2.695309 2.713785 2.722343 2.730532 2.738397 2.738397 2.893821 2.969676 3.034901 3.089334 3.133879 3.169546 3.197163 3.217315 3.230366 3.236493 3.235760 3.228070 3.211716 3.172972 3.172972 3.056711 2.810714 2.483806 2.528795 2.528795 2.677331 2.677331 2.807473 2.807473 2.863261 2.962290 2.962290 3.043672 3.043672 3.120620 3.120620 3.120620 3.140486 3.140486 3.140038 3.140038 3.129051 3.129051 3.114928 3.114928 3.101516 3.101516
