cruce_test.gid/Rasters/Hydraulic/Velocity____189.0.asc
NCOLS        79
NROWS        79
XLLCENTER         -1.500000
YLLCENTER         -4.800000
CELLSIZE           0.100
NODATA_VALUE     -9999.0
[rows 0 to 26 of 79, columns 0 to 59 of 79]
-9999.000 -9999.000 -9999.000 -9999.000 -9999.000 -9999.000 -9999.000 -9999.000 -9999.000 -9999.000 -9999.000 -9999.000 -9999.000 -9999.000 -9999.000 0.9258362E-01 0.8952883E-01 0.8814340E-01 0.8767146E-01 0.8849663E-01 0.8980690E-01 0.9110288E-01 0.9221385E-01 0.9305805E-01 0.9356949E-01 0.9385952E-01 0.9400010E-01 0.9416916E-01 0.9492306E-01 0.9584523E-01 0.9584523E-01 -9999.000 -9999.000 -9999.000 -9999.000 -9999.000 -9999.000 -9999.000 -9999.000 -9999.000 -9999.000 -9999.000 -9999.000 -9999.000 -9999.000 -9999.000 -9999.000 -9999.000 -9999.000 -9999.000 -9999.000 -9999.000 -9999.000 -9999.000 -9999.000 -9999.000 -9999.000 -9999.000 -9999.000 -9999.000
-9999.000 -9999.000 -9999.000 -9999.000 -9999.000 -9999.000 -9999.000 -9999.000 -9999.000 -9999.000 -9999.000 -9999.000 -9999.000 -9999.000 -9999.000 0.9310908E-01 0.8667785E-01 0.8384484E-01 0.8293007E-01 0.8462805E-01 0.8727875E-01 0.8992358E-01 0.9225503E-01 0.9411728E-01 0.9535409E-01 0.9616947E-01 0.9669842E-01 0.9731872E-01 0.9924363E-01 0.1017938 0.1017938 -9999.000 -9999.000 -9999.000 -9999.000 -9999.000 -9999.000 -9999.000 -9999.000 -9999.000 -9999.000 -9999.000 -9999.000 -9999.000 -9999.000 -9999.000 -9999.000 -9999.000 -9999.000 -9999.000 -9999.000 -9999.000 -9999.000 -9999.000 -9999.000 -9999.000 -9999.000 -9999.000 -9999.000 -9999.000
-9999.000 -9999.000 -9999.000 -9999.000 -9999.000 -9999.000 -9999.000 -9999.000 -9999.000 -9999.000 -9999.000 -9999.000 -9999.000 -9999.000 -9999.000 0.9267227E-01 0.8253513E-01 0.7798387E-01 0.7650269E-01 0.7915826E-01 0.8332500E-01 0.8753714E-01 0.9135900E-01 0.9456962E-01 0.9691124E-01 0.9868165E-01 0.1000561 0.1015994 0.1052189 0.1101930 0.1101930 -9999.000 -9999.000 -9999.000 -9999.000 -9999.000 -9999.000 -9999.000 -9999.000 -9999.000 -9999.000 -9999.000 -9999.000 -9999.000 -9999.000 -9999.000 -9999.000 -9999.000 -9999.000 -9999.000 -9999.000 -9999.000 -9999.000 -9999.000 -9999.000 -9999.000 -9999.000 -9999.000 -9999.000 -9999.000
-9999.000 -9999.000 -9999.000 -9999.000 -9999.000 -9999.000 -9999.000 -9999.000 -9999.000 -9999.000 -9999.000 -9999.000 -9999.000 -9999.000 -9999.000 0.9177249E-01 0.7791514E-01 0.7162014E-01 0.6957844E-01 0.7322303E-01 0.7892858E-01 0.8473445E-01 0.9009877E-01 0.9474736E-01 0.9831624E-01 0.1011936 0.1035797 0.1062142 0.1117153 0.1196205 0.1196205 -9999.000 -9999.000 -9999.000 -9999.000 -9999.000 -9999.000 -9999.000 -9999.000 -9999.000 -9999.000 -9999.000 -9999.000 -9999.000 -9999.000 -9999.000 -9999.000 -9999.000 -9999.000 -9999.000 -9999.000 -9999.000 -9999.000 -9999.000 -9999.000 -9999.000 -9999.000 -9999.000 -9999.000 -9999.000
-9999.000 -9999.000 -9999.000 -9999.000 -9999.000 -9999.000 -9999.000 -9999.000 -9999.000 -9999.000 -9999.000 -9999.000 -9999.000 -9999.000 -9999.000 0.9063647E-01 0.7299680E-01 0.6493241E-01 0.6235610E-01 0.6704084E-01 0.7431111E-01 0.8172615E-01 0.8866231E-01 0.9480112E-01 0.9966478E-01 0.1037354 0.1072268 0.1110532 0.1185779 0.1299265 0.1299265 -9999.000 -9999.000 -9999.000 -9999.000 -9999.000 -9999.000 -9999.000 -9999.000 -9999.000 -9999.000 -9999.000 -9999.000 -9999.000 -9999.000 -9999.000 -9999.000 -9999.000 -9999.000 -9999.000 -9999.000 -9999.000 -9999.000 -9999.000 -9999.000 -9999.000 -9999.000 -9999.000 -9999.000 -9999.000
-9999.000 -9999.000 -9999.000 -9999.000 -9999.000 -9999.000 -9999.000 -9999.000 -9999.000 -9999.000 -9999.000 -9999.000 -9999.000 -9999.000 -9999.000 0.8934443E-01 0.6784909E-01 0.5800327E-01 0.5495678E-01 0.6075539E-01 0.6961219E-01 0.7863843E-01 0.8715862E-01 0.9481815E-01 0.1010148 0.1063321 0.1109869 0.1160740 0.1257489 0.1411156 0.1411156 -9999.000 -9999.000 -9999.000 -9999.000 -9999.000 -9999.000 -9999.000 -9999.000 -9999.000 -9999.000 -9999.000 -9999.000 -9999.000 -9999.000 -9999.000 -9999.000 -9999.000 -9999.000 -9999.000 -9999.000 -9999.000 -9999.000 -9999.000 -9999.000 -9999.000 -9999.000 -9999.000 -9999.000 -9999.000
-9999.000 -9999.000 -9999.000 -9999.000 -9999.000 -9999.000 -9999.000 -9999.000 -9999.000 -9999.000 -9999.000 -9999.000 -9999.000 -9999.000 -9999.000 0.8791149E-01 0.6248951E-01 0.5087356E-01 0.4748040E-01 0.5448594E-01 0.6493086E-01 0.7554946E-01 0.8564966E-01 0.9484591E-01 0.1023973 0.1089981 0.1148576 0.1212601 0.1332135 0.1532798 0.1532798 -9999.000 -9999.000 -9999.000 -9999.000 -9999.000 -9999.000 -9999.000 -9999.000 -9999.000 -9999.000 -9999.000 -9999.000 -9999.000 -9999.000 -9999.000 -9999.000 -9999.000 -9999.000 -9999.000 -9999.000 -9999.000 -9999.000 -9999.000 -9999.000 -9999.000 -9999.000 -9999.000 -9999.000 -9999.000
-9999.000 -9999.000 -9999.000 -9999.000 -9999.000 -9999.000 -9999.000 -9999.000 -9999.000 -9999.000 -9999.000 -9999.000 -9999.000 -9999.000 -9999.000 0.8632049E-01 0.5691174E-01 0.4357301E-01 0.4006213E-01 0.4837322E-01 0.6035996E-01 0.7251862E-01 0.8417579E-01 0.9491353E-01 0.1038298 0.1117420 0.1188379 0.1266050 0.1409764 0.1665732 0.1665732 -9999.000 -9999.000 -9999.000 -9999.000 -9999.000 -9999.000 -9999.000 -9999.000 -9999.000 -9999.000 -9999.000 -9999.000 -9999.000 -9999.000 -9999.000 -9999.000 -9999.000 -9999.000 -9999.000 -9999.000 -9999.000 -9999.000 -9999.000 -9999.000 -9999.000 -9999.000 -9999.000 -9999.000 -9999.000
-9999.000 -9999.000 -9999.000 -9999.000 -9999.000 -9999.000 -9999.000 -9999.000 -9999.000 -9999.000 -9999.000 -9999.000 -9999.000 -9999.000 -9999.000 0.8453618E-01 0.5109730E-01 0.3615106E-01 0.3295527E-01 0.4262761E-01 0.5601041E-01 0.6960469E-01 0.8277168E-01 0.9504308E-01 0.1053245 0.1145694 0.1229275 0.1321064 0.1490515 0.1812103 0.1812103 -9999.000 -9999.000 -9999.000 -9999.000 -9999.000 -9999.000 -9999.000 -9999.000 -9999.000 -9999.000 -9999.000 -9999.000 -9999.000 -9999.000 -9999.000 -9999.000 -9999.000 -9999.000 -9999.000 -9999.000 -9999.000 -9999.000 -9999.000 -9999.000 -9999.000 -9999.000 -9999.000 -9999.000 -9999.000
-9999.000 -9999.000 -9999.000 -9999.000 -9999.000 -9999.000 -9999.000 -9999.000 -9999.000 -9999.000 -9999.000 -9999.000 -9999.000 -9999.000 -9999.000 0.8251025E-01 0.4502172E-01 0.2872697E-01 0.2670218E-01 0.3759112E-01 0.5203187E-01 0.6687844E-01 0.8147509E-01 0.9525740E-01 0.1068927 0.1174860 0.1271270 0.1377637 0.1574579 0.1974760 0.1974760 -9999.000 -9999.000 -9999.000 -9999.000 -9999.000 -9999.000 -9999.000 -9999.000 -9999.000 -9999.000 -9999.000 -9999.000 -9999.000 -9999.000 -9999.000 -9999.000 -9999.000 -9999.000 -9999.000 -9999.000 -9999.000 -9999.000 -9999.000 -9999.000 -9999.000 -9999.000 -9999.000 -9999.000 -9999.000
-9999.000 -9999.000 -9999.000 -9999.000 -9999.000 -9999.000 -9999.000 -9999.000 -9999.000 -9999.000 -9999.000 -9999.000 -9999.000 -9999.000 -9999.000 0.8018143E-01 0.3865879E-01 0.2163636E-01 0.2244343E-01 0.3380664E-01 0.4863403E-01 0.6443269E-01 0.8033428E-01 0.9558558E-01 0.1085506 0.1205009 0.1314383 0.1435770 0.1662188 0.2157506 0.2157506 -9999.000 -9999.000 -9999.000 -9999.000 -9999.000 -9999.000 -9999.000 -9999.000 -9999.000 -9999.000 -9999.000 -9999.000 -9999.000 -9999.000 -9999.000 -9999.000 -9999.000 -9999.000 -9999.000 -9999.000 -9999.000 -9999.000 -9999.000 -9999.000 -9999.000 -9999.000 -9999.000 -9999.000 -9999.000
-9999.000 -9999.000 -9999.000 -9999.000 -9999.000 -9999.000 -9999.000 -9999.000 -9999.000 -9999.000 -9999.000 -9999.000 -9999.000 -9999.000 -9999.000 0.7747174E-01 0.3198882E-01 0.1592273E-01 0.2191531E-01 0.3201875E-01 0.4610796E-01 0.6239982E-01 0.7942145E-01 0.9607275E-01 0.1103244 0.1236303 0.1358683 0.1495498 0.1753607 0.2365468 0.2365468 -9999.000 -9999.000 -9999.000 -9999.000 -9999.000 -9999.000 -9999.000 -9999.000 -9999.000 -9999.000 -9999.000 -9999.000 -9999.000 -9999.000 -9999.000 -9999.000 -9999.000 -9999.000 -9999.000 -9999.000 -9999.000 -9999.000 -9999.000 -9999.000 -9999.000 -9999.000 -9999.000 -9999.000 -9999.000
-9999.000 -9999.000 -9999.000 -9999.000 -9999.000 -9999.000 -9999.000 -9999.000 -9999.000 -9999.000 -9999.000 -9999.000 -9999.000 -9999.000 -9999.000 0.7425202E-01 0.2502412E-01 0.1444164E-01 0.2606507E-01 0.3309318E-01 0.4496008E-01 0.6106384E-01 0.7891326E-01 0.9683799E-01 0.1122941 0.1269294 0.1404506 0.1557024 0.1849235 0.2605778 0.2605778 -9999.000 -9999.000 -9999.000 -9999.000 -9999.000 -9999.000 -9999.000 -9999.000 -9999.000 -9999.000 -9999.000 -9999.000 -9999.000 -9999.000 -9999.000 -9999.000 -9999.000 -9999.000 -9999.000 -9999.000 -9999.000 -9999.000 -9999.000 -9999.000 -9999.000 -9999.000 -9999.000 -9999.000 -9999.000
-9999.000 -9999.000 -9999.000 -9999.000 -9999.000 -9999.000 -9999.000 -9999.000 -9999.000 -9999.000 -9999.000 -9999.000 -9999.000 -9999.000 -9999.000 0.6921518E-01 0.1889348E-01 0.2451171E-01 0.3904307E-01 0.4272420E-01 0.5043045E-01 0.6430966E-01 0.8155447E-01 0.9980699E-01 0.1158240 0.1313558 0.1458417 0.1624712 0.1952078 0.2890437 0.2890437 -9999.000 -9999.000 -9999.000 -9999.000 -9999.000 -9999.000 -9999.000 -9999.000 -9999.000 -9999.000 -9999.000 -9999.000 -9999.000 -9999.000 -9999.000 -9999.000 -9999.000 -9999.000 -9999.000 -9999.000 -9999.000 -9999.000 -9999.000 -9999.000 -9999.000 -9999.000 -9999.000 -9999.000 -9999.000
-9999.000 -9999.000 -9999.000 -9999.000 -9999.000 -9999.000 -9999.000 -9999.000 -9999.000 -9999.000 -9999.000 -9999.000 -9999.000 -9999.000 -9999.000 0.1068493 0.1654594 0.1970367 0.1910136 0.1611891 0.1405661 0.1273694 0.1226071 0.1256284 0.1322711 0.1425534 0.1543666 0.1703710 0.2058999 0.3212972 0.3212972 -9999.000 -9999.000 -9999.000 -9999.000 -9999.000 -9999.000 -9999.000 -9999.000 -9999.000 -9999.000 -9999.000 -9999.000 -9999.000 -9999.000 -9999.000 -9999.000 -9999.000 -9999.000 -9999.000 -9999.000 -9999.000 -9999.000 -9999.000 -9999.000 -9999.000 -9999.000 -9999.000 -9999.000 -9999.000
2.863966 2.863966 2.838630 2.900471 2.906144 2.906144 2.908656 2.909510 2.909510 2.906913 2.906913 2.901906 2.898714 2.895147 2.891260 2.891260 3.037131 3.041139 3.041689 3.040845 3.013065 2.962117 2.888446 2.791831 2.670197 2.530223 2.372862 2.205764 2.051422 1.981600 1.981600 2.765968 2.937102 3.044249 3.072773 3.072773 3.115011 3.115011 3.116782 3.116782 3.086234 2.941332 2.941332 2.664987 2.664987 2.220512 2.220512 2.220512 2.171650 2.171650 2.187050 2.187050 2.228445 2.228445 2.276210 2.276210 2.321228 2.321228 2.321228 2.358820
2.887618 2.887618 2.866402 2.951222 2.968778 2.968778 2.982906 3.006611 3.006611 3.026616 3.026616 3.044033 3.051986 3.059517 3.066679 3.066679 3.170660 3.188885 3.203415 3.216623 3.223454 3.224203 3.217433 3.200564 3.169983 3.124637 3.062185 2.982504 2.890676 2.809840 2.809840 3.210030 3.359980 3.510037 3.552516 3.552516 3.604765 3.604765 3.616904 3.616904 3.603615 3.524236 3.524236 3.362332 3.362332 3.045421 3.045421 3.045421 2.989939 2.989939 3.006847 3.006847 3.050877 3.050877 3.101294 3.101294 3.149224 3.149224 3.149224 3.190832
2.892331 2.892331 2.869237 2.951052 2.969042 2.969042 2.983602 3.007952 3.007952 3.028572 3.028572 3.046697 3.055042 3.062993 3.070600 3.070600 3.160702 3.191016 3.217340 3.241065 3.260245 3.274947 3.285162 3.290269 3.288685 3.279535 3.261024 3.231875 3.193643 3.159640 3.159640 3.378102 3.519536 3.689312 3.741052 3.741052 3.799362 3.799362 3.800103 3.800103 3.778381 3.692298 3.692298 3.567671 3.567671 3.324126 3.324126 3.324126 3.257801 3.257801 3.260883 3.260883 3.295575 3.295575 3.339723 3.339723 3.383229 3.383229 3.383229 3.421623
2.894772 2.894772 2.873557 2.950437 2.968611 2.968611 2.983428 3.007975 3.007975 3.028610 3.028610 3.046735 3.055086 3.063046 3.070663 3.070663 3.151597 3.191678 3.228878 3.262632 3.291431 3.314917 3.333204 3.346398 3.354190 3.356611 3.353253 3.343704 3.328958 3.317180 3.317180 3.449197 3.571895 3.745114 3.801144 3.801144 3.855953 3.855953 3.833115 3.833115 3.798008 3.709572 3.709572 3.624569 3.624569 3.453171 3.453171 3.453171 3.383168 3.383168 3.371677 3.371677 3.395654 3.395654 3.433640 3.433640 3.473511 3.473511 3.473511 3.509395
2.892059 2.892059 2.880367 2.949795 2.968137 2.968137 2.983207 3.007961 3.007961 3.028603 3.028603 3.046717 3.055065 3.063026 3.070646 3.070646 3.147298 3.195566 3.242480 3.285604 3.323316 3.354945 3.380415 3.399892 3.413459 3.421442 3.424115 3.421801 3.415684 3.411451 3.411451 3.493515 3.593691 3.755712 3.807398 3.807398 3.836875 3.836875 3.778906 3.778906 3.735438 3.666418 3.666418 3.627368 3.627368 3.527093 3.527093 3.527093 3.463009 3.463009 3.439070 3.439070 3.450162 3.450162 3.479738 3.479738 3.514484 3.514484 3.514484 3.546860
2.892132 2.892132 2.884703 2.949317 2.967776 2.967776 2.983047 3.007974 3.007974 3.028621 3.028621 3.046722 3.055066 3.063023 3.070640 3.070640 3.148771 3.204524 3.260032 3.311576 3.357296 3.396360 3.428544 3.453942 3.472721 3.485229 3.491899 3.493302 3.490637 3.488030 3.488030 3.537597 3.613596 3.747710 3.781406 3.781406 3.756467 3.756467 3.667850 3.667850 3.632214 3.605199 3.605199 3.610189 3.610189 3.572068 3.572068 3.572068 3.522715 3.522715 3.492202 3.492202 3.490518 3.490518 3.509557 3.509557 3.537025 3.537025 3.537025 3.564178
2.892177 2.892177 2.887331 2.949037 2.967547 2.967547 2.982939 3.007980 3.007980 3.028632 3.028632 3.046724 3.055067 3.063023 3.070640 3.070640 3.156816 3.220078 3.283346 3.342280 3.394932 3.440459 3.478590 3.509377 3.532991 3.549739 3.560033 3.564433 3.563952 3.561437 3.561437 3.589086 3.640677 3.723756 3.718320 3.718320 3.619385 3.619385 3.534872 3.534872 3.524429 3.546981 3.546981 3.586636 3.586636 3.597590 3.597590 3.597590 3.568302 3.568302 3.538706 3.538706 3.527422 3.527422 3.535087 3.535087 3.553302 3.553302 3.553302 3.573318
2.892192 2.892192 2.888209 2.948947 2.967470 2.967470 2.982904 3.007984 3.007984 3.028638 3.028638 3.046726 3.055067 3.063023 3.070642 3.070642 3.172438 3.243764 3.314202 3.379492 3.437881 3.488674 3.531690 3.567005 3.594807 3.615368 3.629039 3.636280 3.637835 3.635317 3.635317 3.647559 3.673564 3.666816 3.597771 3.597771 3.445768 3.445768 3.413949 3.413949 3.434140 3.497345 3.497345 3.560667 3.560667 3.608181 3.608181 3.608181 3.600311 3.600311 3.578224 3.578224 3.561925 3.561925 3.559217 3.559217 3.567004 3.567004 3.567004 3.578178
2.892177 2.892177 2.887330 2.949037 2.967546 2.967546 2.982939 3.007980 3.007980 3.028633 3.028633 3.046725 3.055067 3.063023 3.070645 3.070645 3.197161 3.277408 3.354570 3.425171 3.487979 3.542654 3.589229 3.627900 3.658916 3.682551 3.699105 3.708931 3.712426 3.709614 3.709614 3.708389 3.701051 3.543806 3.407991 3.407991 3.276145 3.276145 3.320387 3.320387 3.364252 3.453676 3.453676 3.532429 3.532429 3.606821 3.606821 3.606821 3.618855 3.618855 3.608437 3.608437 3.592201 3.592201 3.581589 3.581589 3.578793 3.578793 3.578793 3.579866
2.892131 2.892131 2.884703 2.949317 2.967776 2.967776 2.983046 3.007974 3.007974 3.028621 3.028621 3.046722 3.055066 3.063023 3.070651 3.070651 3.233307 3.323380 3.406776 3.481507 3.547243 3.604201 3.652762 3.693336 3.726288 3.751936 3.770564 3.782423 3.787354 3.782127 3.782127 3.760538 3.693672 3.333146 3.178152 3.178152 3.147026 3.147026 3.253300 3.253300 3.310156 3.414041 3.414041 3.502830 3.502830 3.596612 3.596612 3.596612 3.625327 3.625327 3.627918 3.627918 3.615781 3.615781 3.600471 3.600471 3.587960 3.587960 3.587960 3.578356
2.892059 2.892059 2.880367 2.949794 2.968137 2.968137 2.983207 3.007960 3.007960 3.028602 3.028602 3.046716 3.055065 3.063025 3.070664 3.070664 3.284501 3.384994 3.473773 3.551107 3.617947 3.675291 3.723990 3.764737 3.798067 3.824378 3.843968 3.856955 3.861756 3.845478 3.845478 3.773686 3.591958 3.068536 2.974941 2.974941 3.062071 3.062071 3.199142 3.199142 3.261801 3.373637 3.373637 3.469388 3.469388 3.577110 3.577110 3.577110 3.618879 3.618879 3.633666 3.633666 3.627894 3.627894 3.610965 3.610965 3.590489 3.590489 3.590489 3.570559
2.894772 2.894772 2.873557 2.950437 2.968611 2.968611 2.983427 3.007975 3.007975 3.028609 3.028609 3.046735 3.055085 3.063046 3.070697 3.070697 3.356518 3.467058 3.559463 3.637111 3.702641 3.758006 3.804624 3.843514 3.875398 3.900771 3.919958 3.932706 3.932134 3.871117 3.871117 3.672270 3.338137 2.834905 2.843763 2.843763 2.997180 2.997180 3.144917 3.144917 3.210055 3.326864 3.326864 3.427606 3.427606 3.545036 3.545036 3.545036 3.596349 3.596349 3.621156 3.621156 3.622140 3.622140 3.605751 3.605751 3.579372 3.579372 3.579372 3.550308
