cruce_test.gid/Rasters/Hydraulic/Velocity__y_345.0.asc
NCOLS        79
NROWS        79
XLLCENTER         -1.500000
YLLCENTER         -4.800000
CELLSIZE           0.100
NODATA_VALUE     -9999.0
[rows 0 to 26 of 79, columns 0 to 58 of 79]
-9999.000 -9999.000 -9999.000 -9999.000 -9999.000 -9999.000 -9999.000 -9999.000 -9999.000 -9999.000 -9999.000 -9999.000 -9999.000 -9999.000 -9999.000 -0.1002653 -0.9868635E-01 -0.9863246E-01 -0.9888331E-01 -0.9926903E-01 -0.9973631E-01 -0.1002315 -0.1006986 -0.1011432 -0.1015475 -0.1019113 -0.1022934 -0.1029090 -0.1043916 -0.1056929 -0.1056929 -9999.000 -9999.000 -9999.000 -9999.000 -9999.000 -9999.000 -9999.000 -9999.000 -9999.000 -9999.000 -9999.000 -9999.000 -9999.000 -9999.000 -9999.000 -9999.000 -9999.000 -9999.000 -9999.000 -9999.000 -9999.000 -9999.000 -9999.000 -9999.000 -9999.000 -9999.000 -9999.000 -9999.000
-9999.000 -9999.000 -9999.000 -9999.000 -9999.000 -9999.000 -9999.000 -9999.000 -9999.000 -9999.000 -9999.000 -9999.000 -9999.000 -9999.000 -9999.000 -0.9837092E-01 -0.9517509E-01 -0.9508038E-01 -0.9566204E-01 -0.9656054E-01 -0.9765734E-01 -0.9883316E-01 -0.9996377E-01 -0.1010552 -0.1020658 -0.1029921 -0.1039544 -0.1054019 -0.1086551 -0.1118398 -0.1118398 -9999.000 -9999.000 -9999.000 -9999.000 -9999.000 -9999.000 -9999.000 -9999.000 -9999.000 -9999.000 -9999.000 -9999.000 -9999.000 -9999.000 -9999.000 -9999.000 -9999.000 -9999.000 -9999.000 -9999.000 -9999.000 -9999.000 -9999.000 -9999.000 -9999.000 -9999.000 -9999.000 -9999.000
-9999.000 -9999.000 -9999.000 -9999.000 -9999.000 -9999.000 -9999.000 -9999.000 -9999.000 -9999.000 -9999.000 -9999.000 -9999.000 -9999.000 -9999.000 -0.9498985E-01 -0.9018759E-01 -0.9009811E-01 -0.9115510E-01 -0.9278102E-01 -0.9477687E-01 -0.9693975E-01 -0.9905787E-01 -0.1011298 -0.1030781 -0.1048879 -0.1067444 -0.1093591 -0.1148338 -0.1206933 -0.1206933 -9999.000 -9999.000 -9999.000 -9999.000 -9999.000 -9999.000 -9999.000 -9999.000 -9999.000 -9999.000 -9999.000 -9999.000 -9999.000 -9999.000 -9999.000 -9999.000 -9999.000 -9999.000 -9999.000 -9999.000 -9999.000 -9999.000 -9999.000 -9999.000 -9999.000 -9999.000 -9999.000 -9999.000
-9999.000 -9999.000 -9999.000 -9999.000 -9999.000 -9999.000 -9999.000 -9999.000 -9999.000 -9999.000 -9999.000 -9999.000 -9999.000 -9999.000 -9999.000 -0.9088607E-01 -0.8461266E-01 -0.8457099E-01 -0.8616738E-01 -0.8860370E-01 -0.9159836E-01 -0.9486053E-01 -0.9808473E-01 -0.1012606 -0.1042682 -0.1070764 -0.1099340 -0.1138243 -0.1216739 -0.1307548 -0.1307548 -9999.000 -9999.000 -9999.000 -9999.000 -9999.000 -9999.000 -9999.000 -9999.000 -9999.000 -9999.000 -9999.000 -9999.000 -9999.000 -9999.000 -9999.000 -9999.000 -9999.000 -9999.000 -9999.000 -9999.000 -9999.000 -9999.000 -9999.000 -9999.000 -9999.000 -9999.000 -9999.000 -9999.000
-9999.000 -9999.000 -9999.000 -9999.000 -9999.000 -9999.000 -9999.000 -9999.000 -9999.000 -9999.000 -9999.000 -9999.000 -9999.000 -9999.000 -9999.000 -0.8628879E-01 -0.7864150E-01 -0.7867488E-01 -0.8085115E-01 -0.8415026E-01 -0.8820778E-01 -0.9264001E-01 -0.9704377E-01 -0.1013999 -0.1055413 -0.1094185 -0.1133475 -0.1185989 -0.1289808 -0.1418786 -0.1418786 -9999.000 -9999.000 -9999.000 -9999.000 -9999.000 -9999.000 -9999.000 -9999.000 -9999.000 -9999.000 -9999.000 -9999.000 -9999.000 -9999.000 -9999.000 -9999.000 -9999.000 -9999.000 -9999.000 -9999.000 -9999.000 -9999.000 -9999.000 -9999.000 -9999.000 -9999.000 -9999.000 -9999.000
-9999.000 -9999.000 -9999.000 -9999.000 -9999.000 -9999.000 -9999.000 -9999.000 -9999.000 -9999.000 -9999.000 -9999.000 -9999.000 -9999.000 -9999.000 -0.8128691E-01 -0.7235464E-01 -0.7248585E-01 -0.7527139E-01 -0.7947139E-01 -0.8463840E-01 -0.9029178E-01 -0.9592676E-01 -0.1015175 -0.1068454 -0.1118421 -0.1168964 -0.1235868 -0.1366736 -0.1540851 -0.1540851 -9999.000 -9999.000 -9999.000 -9999.000 -9999.000 -9999.000 -9999.000 -9999.000 -9999.000 -9999.000 -9999.000 -9999.000 -9999.000 -9999.000 -9999.000 -9999.000 -9999.000 -9999.000 -9999.000 -9999.000 -9999.000 -9999.000 -9999.000 -9999.000 -9999.000 -9999.000 -9999.000 -9999.000
-9999.000 -9999.000 -9999.000 -9999.000 -9999.000 -9999.000 -9999.000 -9999.000 -9999.000 -9999.000 -9999.000 -9999.000 -9999.000 -9999.000 -9999.000 -0.7590096E-01 -0.6577673E-01 -0.6602956E-01 -0.6944972E-01 -0.7458220E-01 -0.8089747E-01 -0.8781421E-01 -0.9472125E-01 -0.1015905 -0.1081469 -0.1143037 -0.1205300 -0.1287379 -0.1447258 -0.1674996 -0.1674996 -9999.000 -9999.000 -9999.000 -9999.000 -9999.000 -9999.000 -9999.000 -9999.000 -9999.000 -9999.000 -9999.000 -9999.000 -9999.000 -9999.000 -9999.000 -9999.000 -9999.000 -9999.000 -9999.000 -9999.000 -9999.000 -9999.000 -9999.000 -9999.000 -9999.000 -9999.000 -9999.000 -9999.000
-9999.000 -9999.000 -9999.000 -9999.000 -9999.000 -9999.000 -9999.000 -9999.000 -9999.000 -9999.000 -9999.000 -9999.000 -9999.000 -9999.000 -9999.000 -0.7011657E-01 -0.5890488E-01 -0.5930553E-01 -0.6338498E-01 -0.6947878E-01 -0.7697809E-01 -0.8519586E-01 -0.9341042E-01 -0.1015970 -0.1094180 -0.1167694 -0.1242109 -0.1340196 -0.1531376 -0.1823307 -0.1823307 -9999.000 -9999.000 -9999.000 -9999.000 -9999.000 -9999.000 -9999.000 -9999.000 -9999.000 -9999.000 -9999.000 -9999.000 -9999.000 -9999.000 -9999.000 -9999.000 -9999.000 -9999.000 -9999.000 -9999.000 -9999.000 -9999.000 -9999.000 -9999.000 -9999.000 -9999.000 -9999.000 -9999.000
-9999.000 -9999.000 -9999.000 -9999.000 -9999.000 -9999.000 -9999.000 -9999.000 -9999.000 -9999.000 -9999.000 -9999.000 -9999.000 -9999.000 -9999.000 -0.6389973E-01 -0.5171980E-01 -0.5229860E-01 -0.5706236E-01 -0.6414568E-01 -0.7286375E-01 -0.8241821E-01 -0.9197197E-01 -0.1015115 -0.1106290 -0.1192056 -0.1279040 -0.1394045 -0.1619206 -0.1988743 -0.1988743 -9999.000 -9999.000 -9999.000 -9999.000 -9999.000 -9999.000 -9999.000 -9999.000 -9999.000 -9999.000 -9999.000 -9999.000 -9999.000 -9999.000 -9999.000 -9999.000 -9999.000 -9999.000 -9999.000 -9999.000 -9999.000 -9999.000 -9999.000 -9999.000 -9999.000 -9999.000 -9999.000 -9999.000
-9999.000 -9999.000 -9999.000 -9999.000 -9999.000 -9999.000 -9999.000 -9999.000 -9999.000 -9999.000 -9999.000 -9999.000 -9999.000 -9999.000 -9999.000 -0.5720307E-01 -0.4419063E-01 -0.4498280E-01 -0.5045717E-01 -0.5855829E-01 -0.6852952E-01 -0.7945460E-01 -0.9037695E-01 -0.1013025 -0.1117447 -0.1215723 -0.1315673 -0.1448596 -0.1710897 -0.2175336 -0.2175336 -9999.000 -9999.000 -9999.000 -9999.000 -9999.000 -9999.000 -9999.000 -9999.000 -9999.000 -9999.000 -9999.000 -9999.000 -9999.000 -9999.000 -9999.000 -9999.000 -9999.000 -9999.000 -9999.000 -9999.000 -9999.000 -9999.000 -9999.000 -9999.000 -9999.000 -9999.000 -9999.000 -9999.000
-9999.000 -9999.000 -9999.000 -9999.000 -9999.000 -9999.000 -9999.000 -9999.000 -9999.000 -9999.000 -9999.000 -9999.000 -9999.000 -9999.000 -9999.000 -0.4996727E-01 -0.3627501E-01 -0.3732126E-01 -0.4353426E-01 -0.5268181E-01 -0.6394067E-01 -0.7626964E-01 -0.8858583E-01 -0.1009275 -0.1127179 -0.1238166 -0.1351446 -0.1503393 -0.1806563 -0.2388602 -0.2388602 -9999.000 -9999.000 -9999.000 -9999.000 -9999.000 -9999.000 -9999.000 -9999.000 -9999.000 -9999.000 -9999.000 -9999.000 -9999.000 -9999.000 -9999.000 -9999.000 -9999.000 -9999.000 -9999.000 -9999.000 -9999.000 -9999.000 -9999.000 -9999.000 -9999.000 -9999.000 -9999.000 -9999.000
-9999.000 -9999.000 -9999.000 -9999.000 -9999.000 -9999.000 -9999.000 -9999.000 -9999.000 -9999.000 -9999.000 -9999.000 -9999.000 -9999.000 -9999.000 -0.4211906E-01 -0.2791819E-01 -0.2926430E-01 -0.3624558E-01 -0.4646889E-01 -0.5904991E-01 -0.7281385E-01 -0.8654524E-01 -0.1003291 -0.1134834 -0.1258651 -0.1385575 -0.1557749 -0.1906205 -0.2636239 -0.2636239 -9999.000 -9999.000 -9999.000 -9999.000 -9999.000 -9999.000 -9999.000 -9999.000 -9999.000 -9999.000 -9999.000 -9999.000 -9999.000 -9999.000 -9999.000 -9999.000 -9999.000 -9999.000 -9999.000 -9999.000 -9999.000 -9999.000 -9999.000 -9999.000 -9999.000 -9999.000 -9999.000 -9999.000
-9999.000 -9999.000 -9999.000 -9999.000 -9999.000 -9999.000 -9999.000 -9999.000 -9999.000 -9999.000 -9999.000 -9999.000 -9999.000 -9999.000 -9999.000 -0.3356571E-01 -0.1904698E-01 -0.2074372E-01 -0.2852513E-01 -0.3985355E-01 -0.5379120E-01 -0.6901858E-01 -0.8418012E-01 -0.9942561E-01 -0.1139492 -0.1276122 -0.1416896 -0.1610596 -0.2009581 -0.2929283 -0.2929283 -9999.000 -9999.000 -9999.000 -9999.000 -9999.000 -9999.000 -9999.000 -9999.000 -9999.000 -9999.000 -9999.000 -9999.000 -9999.000 -9999.000 -9999.000 -9999.000 -9999.000 -9999.000 -9999.000 -9999.000 -9999.000 -9999.000 -9999.000 -9999.000 -9999.000 -9999.000 -9999.000 -9999.000
-9999.000 -9999.000 -9999.000 -9999.000 -9999.000 -9999.000 -9999.000 -9999.000 -9999.000 -9999.000 -9999.000 -9999.000 -9999.000 -9999.000 -9999.000 -0.2413212E-01 -0.9532444E-02 -0.1165010E-01 -0.2027610E-01 -0.3274693E-01 -0.4807886E-01 -0.6479497E-01 -0.8139194E-01 -0.9810671E-01 -0.1139861 -0.1289056 -0.1443688 -0.1660254 -0.2116002 -0.3284329 -0.3284329 -9999.000 -9999.000 -9999.000 -9999.000 -9999.000 -9999.000 -9999.000 -9999.000 -9999.000 -9999.000 -9999.000 -9999.000 -9999.000 -9999.000 -9999.000 -9999.000 -9999.000 -9999.000 -9999.000 -9999.000 -9999.000 -9999.000 -9999.000 -9999.000 -9999.000 -9999.000 -9999.000 -9999.000
-9999.000 -9999.000 -9999.000 -9999.000 -9999.000 -9999.000 -9999.000 -9999.000 -9999.000 -9999.000 -9999.000 -9999.000 -9999.000 -9999.000 -9999.000 -0.1571866E-02 0.3714163E-02 -0.2523155E-02 -0.1305243E-01 -0.2715242E-01 -0.4407912E-01 -0.6225228E-01 -0.8009147E-01 -0.9800608E-01 -0.1149102 -0.1307448 -0.1472958 -0.1710733 -0.2225631 -0.3703033 -0.3703033 -9999.000 -9999.000 -9999.000 -9999.000 -9999.000 -9999.000 -9999.000 -9999.000 -9999.000 -9999.000 -9999.000 -9999.000 -9999.000 -9999.000 -9999.000 -9999.000 -9999.000 -9999.000 -9999.000 -9999.000 -9999.000 -9999.000 -9999.000 -9999.000 -9999.000 -9999.000 -9999.000 -9999.000
-0.3759905E-02 -0.3759905E-02 -0.5070393E-02 -0.6887894E-02 -0.6444724E-02 -0.6444724E-02 -0.6261669E-02 -0.6151991E-02 -0.6151991E-02 -0.6125784E-02 -0.6125784E-02 -0.6110971E-02 -0.6101239E-02 -0.6088920E-02 -0.6075946E-02 -0.6075946E-02 0.1051897E-01 0.3941509E-02 -0.9482858E-02 -0.2869708E-01 -0.5255244E-01 -0.7951634E-01 -0.1078898 -0.1365548 -0.1642786 -0.1901703 -0.2142520 -0.2387776 -0.2736356 -0.3640845 -0.3640845 -0.1964741 -0.1024865 -0.3272713E-01 -0.2365569E-01 -0.2365569E-01 -0.1610261E-01 -0.1610261E-01 -0.2432666E-02 -0.2432666E-02 0.8565319E-02 0.2575145E-01 0.2575145E-01 -0.1046877E-01 -0.1046877E-01 -0.1984417E-02 -0.1984417E-02 -0.1984417E-02 0.2249218E-02 0.2249218E-02 0.2539773E-02 0.2539773E-02 0.1220214E-02 0.1220214E-02 -0.2723784E-03 -0.2723784E-03 -0.1584700E-02 -0.1584700E-02 -0.1584700E-02
-0.5240394E-02 -0.5240394E-02 -0.6979601E-02 -0.1016803E-01 -0.9257100E-02 -0.9257100E-02 -0.8847980E-02 -0.8637406E-02 -0.8637406E-02 -0.8626943E-02 -0.8626943E-02 -0.8635778E-02 -0.8635343E-02 -0.8629346E-02 -0.8625801E-02 -0.8625801E-02 0.7375969E-02 0.4856352E-03 -0.1642952E-01 -0.4213409E-01 -0.7506435E-01 -0.1136102 -0.1560679 -0.2004508 -0.2450635 -0.2882225 -0.3282621 -0.3633938 -0.3923605 -0.4167160 -0.4167160 -0.2777987 -0.1809339 -0.8998415E-01 -0.7182100E-01 -0.7182100E-01 -0.4544888E-01 -0.4544888E-01 0.6615108E-03 0.6615108E-03 0.3329727E-01 0.8581682E-01 0.8581682E-01 0.3513128E-01 0.3513128E-01 0.9078625E-02 0.9078625E-02 0.9078625E-02 0.6995282E-02 0.6995282E-02 0.3832961E-02 0.3832961E-02 -0.1172839E-03 -0.1172839E-03 -0.3671268E-02 -0.3671268E-02 -0.6372300E-02 -0.6372300E-02 -0.6372300E-02
-0.3108348E-02 -0.3108348E-02 -0.4797260E-02 -0.9069521E-02 -0.8150162E-02 -0.8150162E-02 -0.7604064E-02 -0.7290694E-02 -0.7290694E-02 -0.7296796E-02 -0.7296796E-02 -0.7337722E-02 -0.7352160E-02 -0.7359316E-02 -0.7376981E-02 -0.7376981E-02 0.2333821E-02 -0.5356762E-02 -0.2304964E-01 -0.4995669E-01 -0.8482897E-01 -0.1263683 -0.1732457 -0.2238929 -0.2768091 -0.3304163 -0.3829641 -0.4324515 -0.4757949 -0.5055195 -0.5055195 -0.4132502 -0.3280692 -0.2119032 -0.1734294 -0.1734294 -0.9956623E-01 -0.9956623E-01 0.7702864E-02 0.7702864E-02 0.7146622E-01 0.1697771 0.1697771 0.1409618 0.1409618 0.4345328E-01 0.4345328E-01 0.4345328E-01 0.1760302E-01 0.1760302E-01 0.3419215E-02 0.3419215E-02 -0.6031370E-02 -0.6031370E-02 -0.1260038E-01 -0.1260038E-01 -0.1658305E-01 -0.1658305E-01 -0.1658305E-01
-0.9236149E-03 -0.9236149E-03 -0.3818196E-02 -0.7654876E-02 -0.6782935E-02 -0.6782935E-02 -0.6204644E-02 -0.5825410E-02 -0.5825410E-02 -0.5815072E-02 -0.5815072E-02 -0.5859216E-02 -0.5877723E-02 -0.5890208E-02 -0.5923960E-02 -0.5923960E-02 -0.3170523E-02 -0.1304464E-01 -0.3234011E-01 -0.6051675E-01 -0.9656204E-01 -0.1393798 -0.1878822 -0.2408581 -0.2971168 -0.3554160 -0.4143312 -0.4720888 -0.5256491 -0.5670712 -0.5670712 -0.5188833 -0.4559126 -0.3390328 -0.2842250 -0.2842250 -0.1518425 -0.1518425 0.2526794E-01 0.2526794E-01 0.1133526 0.2349957 0.2349957 0.2298310 0.2298310 0.8934022E-01 0.8934022E-01 0.8934022E-01 0.3390365E-01 0.3390365E-01 0.3495939E-02 0.3495939E-02 -0.1409720E-01 -0.1409720E-01 -0.2449723E-01 -0.2449723E-01 -0.2959292E-01 -0.2959292E-01 -0.2959292E-01
0.1134969E-03 0.1134969E-03 -0.3319578E-02 -0.5852686E-02 -0.5200119E-02 -0.5200119E-02 -0.4714888E-02 -0.4355097E-02 -0.4355097E-02 -0.4331225E-02 -0.4331225E-02 -0.4371704E-02 -0.4392672E-02 -0.4409938E-02 -0.4463599E-02 -0.4463599E-02 -0.9201001E-02 -0.2263682E-01 -0.4479775E-01 -0.7518709E-01 -0.1129479 -0.1571459 -0.2068650 -0.2611328 -0.3189812 -0.3794206 -0.4413371 -0.5033136 -0.5628154 -0.6129516 -0.6129516 -0.5993989 -0.5598854 -0.4505608 -0.3781987 -0.3781987 -0.1769005 -0.1769005 0.5519244E-01 0.5519244E-01 0.1509809 0.2704491 0.2704491 0.2811578 0.2811578 0.1352260 0.1352260 0.1352260 0.5505436E-01 0.5505436E-01 0.6739317E-02 0.6739317E-02 -0.2099275E-01 -0.2099275E-01 -0.3621991E-01 -0.3621991E-01 -0.4264748E-01 -0.4264748E-01 -0.4264748E-01
0.2216948E-04 0.2216948E-04 -0.2124373E-02 -0.3919914E-02 -0.3507356E-02 -0.3507356E-02 -0.3169649E-02 -0.2898426E-02 -0.2898426E-02 -0.2874775E-02 -0.2874775E-02 -0.2903749E-02 -0.2919931E-02 -0.2933909E-02 -0.3005530E-02 -0.3005530E-02 -0.1612932E-01 -0.3448403E-01 -0.6089051E-01 -0.9467278E-01 -0.1350164 -0.1811149 -0.2322174 -0.2875690 -0.3464132 -0.4079705 -0.4713665 -0.5354821 -0.5983018 -0.6542478 -0.6542478 -0.6651688 -0.6452324 -0.5341733 -0.4336476 -0.4336476 -0.1609266 -0.1609266 0.8692155E-01 0.8692155E-01 0.1735346 0.2762866 0.2762866 0.2967245 0.2967245 0.1722972 0.1722972 0.1722972 0.7851601E-01 0.7851601E-01 0.1402634E-01 0.1402634E-01 -0.2489174E-01 -0.2489174E-01 -0.4596325E-01 -0.4596325E-01 -0.5417548E-01 -0.5417548E-01 -0.5417548E-01
-0.6932227E-05 -0.6932227E-05 -0.1031828E-02 -0.1965937E-02 -0.1766645E-02 -0.1766645E-02 -0.1593817E-02 -0.1448651E-02 -0.1448651E-02 -0.1434277E-02 -0.1434277E-02 -0.1448788E-02 -0.1457004E-02 -0.1464181E-02 -0.1556805E-02 -0.1556805E-02 -0.2458528E-01 -0.4929701E-01 -0.8143444E-01 -0.1199391 -0.1639142 -0.2126269 -0.2654811 -0.3219427 -0.3814937 -0.4435906 -0.5075986 -0.5726680 -0.6372222 -0.6967710 -0.6967710 -0.7237349 -0.7161433 -0.5738453 -0.4302946 -0.4302946 -0.1137479 -0.1137479 0.1057564 0.1057564 0.1752046 0.2594427 0.2594427 0.2862747 0.2862747 0.1949948 0.1949948 0.1949948 0.1003684 0.1003684 0.2462830E-01 0.2462830E-01 -0.2499976E-01 -0.2499976E-01 -0.5253851E-01 -0.5253851E-01 -0.6301915E-01 -0.6301915E-01 -0.6301915E-01
0.4464638E-07 0.4464638E-07 -0.1885390E-06 -0.2248639E-06 -0.7650225E-07 -0.7650225E-07 -0.7832465E-07 -0.4356181E-07 -0.4356181E-07 -0.3764447E-06 -0.3764447E-06 -0.2775155E-06 -0.1467482E-06 -0.8093948E-08 -0.1223351E-03 -0.1223351E-03 -0.3551022E-01 -0.6824210E-01 -0.1077409 -0.1524076 -0.2011650 -0.2533065 -0.3083802 -0.3660762 -0.4261394 -0.4883008 -0.5522036 -0.6172863 -0.6823397 -0.7434739 -0.7434739 -0.7785993 -0.7704351 -0.5470667 -0.3628649 -0.3628649 -0.6315019E-01 -0.6315019E-01 0.1052703 0.1052703 0.1586815 0.2288439 0.2288439 0.2597973 0.2597973 0.2015498 0.2015498 0.2015498 0.1164459 0.1164459 0.3649205E-01 0.3649205E-01 -0.2144966E-01 -0.2144966E-01 -0.5521224E-01 -0.5521224E-01 -0.6822664E-01 -0.6822664E-01 -0.6822664E-01
0.6970789E-05 0.6970789E-05 0.1031588E-02 0.1965671E-02 0.1766513E-02 0.1766513E-02 0.1593610E-02 0.1448303E-02 0.1448303E-02 0.1433708E-02 0.1433708E-02 0.1448345E-02 0.1456673E-02 0.1464186E-02 0.1298427E-02 0.1298427E-02 -0.5033195E-01 -0.9314602E-01 -0.1418377 -0.1941803 -0.2488824 -0.3052601 -0.3630165 -0.4220783 -0.4824721 -0.5442326 -0.6073166 -0.6714783 -0.7357534 -0.7957917 -0.7957917 -0.8280447 -0.7922964 -0.4456573 -0.2602670 -0.2602670 -0.3141156E-01 -0.3141156E-01 0.8967794E-01 0.8967794E-01 0.1316679 0.1920134 0.1920134 0.2247191 0.2247191 0.1933281 0.1933281 0.1933281 0.1236527 0.1236527 0.4686128E-01 0.4686128E-01 -0.1520324E-01 -0.1520324E-01 -0.5371981E-01 -0.5371981E-01 -0.6905428E-01 -0.6905428E-01 -0.6905428E-01
-0.2203819E-04 -0.2203819E-04 0.2124260E-02 0.3919720E-02 0.3507301E-02 0.3507301E-02 0.3169321E-02 0.2898115E-02 0.2898115E-02 0.2874370E-02 0.2874370E-02 0.2903705E-02 0.2919774E-02 0.2933780E-02 0.2704119E-02 0.2704119E-02 -0.7133095E-01 -0.1268909 -0.1868501 -0.2483903 -0.3100824 -0.3713422 -0.4320880 -0.4925209 -0.5529741 -0.6138043 -0.6753017 -0.7375311 -0.7993702 -0.8529112 -0.8529112 -0.8582559 -0.7423667 -0.3070043 -0.1697294 -0.1697294 -0.2099855E-01 -0.2099855E-01 0.6730793E-01 0.6730793E-01 0.1015114 0.1538035 0.1538035 0.1857679 0.1857679 0.1734259 0.1734259 0.1734259 0.1207766 0.1207766 0.5315861E-01 0.5315861E-01 -0.7768777E-02 -0.7768777E-02 -0.4827644E-01 -0.4827644E-01 -0.6505007E-01 -0.6505007E-01 -0.6505007E-01
-0.1134949E-03 -0.1134949E-03 0.3319409E-02 0.5852673E-02 0.5199802E-02 0.5199802E-02 0.4714460E-02 0.4354817E-02 0.4354817E-02 0.4330852E-02 0.4330852E-02 0.4371915E-02 0.4392741E-02 0.4409738E-02 0.4085848E-02 0.4085848E-02 -0.1023586 -0.1741457 -0.2476612 -0.3197693 -0.3891658 -0.4555626 -0.5192277 -0.5807153 -0.6407046 -0.6998895 -0.7588986 -0.8180000 -0.8743805 -0.9058837 -0.9058837 -0.8243902 -0.5784823 -0.1931978 -0.1147130 -0.1147130 -0.2169559E-01 -0.2169559E-01 0.4476225E-01 0.4476225E-01 0.7274926E-01 0.1167363 0.1167363 0.1457017 0.1457017 0.1453103 0.1453103 0.1453103 0.1084165 0.1084165 0.5372859E-01 0.5372859E-01 -0.7682971E-03 -0.7682971E-03 -0.3952799E-01 -0.3952799E-01 -0.5617586E-01 -0.5617586E-01 -0.5617586E-01
0.9234878E-03 0.9234878E-03 0.3818020E-02 0.7654787E-02 0.6782581E-02 0.6782581E-02 0.6204237E-02 0.5825170E-02 0.5825170E-02 0.5814953E-02 0.5814953E-02 0.5859191E-02 0.5877667E-02 0.5890134E-02 0.5427326E-02 0.5427326E-02 -0.1503344 -0.2427880 -0.3321258 -0.4156493 -0.4927375 -0.5637650 -0.6295708 -0.6911869 -0.7496952 -0.8061431 -0.8614857 -0.9157075 -0.9577181 -0.9143391 -0.9143391 -0.6502480 -0.3421411 -0.1272734 -0.8698035E-01 -0.8698035E-01 -0.2403829E-01 -0.2403829E-01 0.2540260E-01 0.2540260E-01 0.4750133E-01 0.8206757E-01 0.8206757E-01 0.1062646 0.1062646 0.1121929 0.1121929 0.1121929 0.8847208E-01 0.8847208E-01 0.4825160E-01 0.4825160E-01 0.4546619E-02 0.4546619E-02 -0.2839999E-01 -0.2839999E-01 -0.4289310E-01 -0.4289310E-01 -0.4289310E-01
