cruce_test.gid/Rasters/Hydraulic/Velocity__x_295.0.asc
NCOLS        79
NROWS        79
XLLCENTER         -1.500000
YLLCENTER         -4.800000
CELLSIZE           0.100
NODATA_VALUE     -9999.0
[rows 0 to 25 of 79, columns 0 to 57 of 79]
-9999.000 -9999.000 -9999.000 -9999.000 -9999.000 -9999.000 -9999.000 -9999.000 -9999.000 -9999.000 -9999.000 -9999.000 -9999.000 -9999.000 -9999.000 -0.1888418E-03 0.1282596E-02 0.4918059E-02 0.8940898E-02 0.1249477E-01 0.1527402E-01 0.1719235E-01 0.1825011E-01 0.1851953E-01 0.1808848E-01 0.1702958E-01 0.1538542E-01 0.1302792E-01 0.9250663E-02 0.4545405E-02 0.4545405E-02 -9999.000 -9999.000 -9999.000 -9999.000 -9999.000 -9999.000 -9999.000 -9999.000 -9999.000 -9999.000 -9999.000 -9999.000 -9999.000 -9999.000 -9999.000 -9999.000 -9999.000 -9999.000 -9999.000 -9999.000 -9999.000 -9999.000 -9999.000 -9999.000 -9999.000 -9999.000 -9999.000
-9999.000 -9999.000 -9999.000 -9999.000 -9999.000 -9999.000 -9999.000 -9999.000 -9999.000 -9999.000 -9999.000 -9999.000 -9999.000 -9999.000 -9999.000 0.1035084E-02 0.3720600E-02 0.8471597E-02 0.1350854E-01 0.1798153E-01 0.2153195E-01 0.2401240E-01 0.2537289E-01 0.2564750E-01 0.2489996E-01 0.2319450E-01 0.2058064E-01 0.1696901E-01 0.1178332E-01 0.5771817E-02 0.5771817E-02 -9999.000 -9999.000 -9999.000 -9999.000 -9999.000 -9999.000 -9999.000 -9999.000 -9999.000 -9999.000 -9999.000 -9999.000 -9999.000 -9999.000 -9999.000 -9999.000 -9999.000 -9999.000 -9999.000 -9999.000 -9999.000 -9999.000 -9999.000 -9999.000 -9999.000 -9999.000 -9999.000
-9999.000 -9999.000 -9999.000 -9999.000 -9999.000 -9999.000 -9999.000 -9999.000 -9999.000 -9999.000 -9999.000 -9999.000 -9999.000 -9999.000 -9999.000 0.1580074E-02 0.4883012E-02 0.1032144E-01 0.1599099E-01 0.2100493E-01 0.2498113E-01 0.2775517E-01 0.2926337E-01 0.2953261E-01 0.2862529E-01 0.2661023E-01 0.2354772E-01 0.1936024E-01 0.1346553E-01 0.6633727E-02 0.6633727E-02 -9999.000 -9999.000 -9999.000 -9999.000 -9999.000 -9999.000 -9999.000 -9999.000 -9999.000 -9999.000 -9999.000 -9999.000 -9999.000 -9999.000 -9999.000 -9999.000 -9999.000 -9999.000 -9999.000 -9999.000 -9999.000 -9999.000 -9999.000 -9999.000 -9999.000 -9999.000 -9999.000
-9999.000 -9999.000 -9999.000 -9999.000 -9999.000 -9999.000 -9999.000 -9999.000 -9999.000 -9999.000 -9999.000 -9999.000 -9999.000 -9999.000 -9999.000 0.1898652E-02 0.5577321E-02 0.1145086E-01 0.1752906E-01 0.2289413E-01 0.2714980E-01 0.3012187E-01 0.3174030E-01 0.3203041E-01 0.3105495E-01 0.2888502E-01 0.2558621E-01 0.2107928E-01 0.1475179E-01 0.7323279E-02 0.7323279E-02 -9999.000 -9999.000 -9999.000 -9999.000 -9999.000 -9999.000 -9999.000 -9999.000 -9999.000 -9999.000 -9999.000 -9999.000 -9999.000 -9999.000 -9999.000 -9999.000 -9999.000 -9999.000 -9999.000 -9999.000 -9999.000 -9999.000 -9999.000 -9999.000 -9999.000 -9999.000 -9999.000
-9999.000 -9999.000 -9999.000 -9999.000 -9999.000 -9999.000 -9999.000 -9999.000 -9999.000 -9999.000 -9999.000 -9999.000 -9999.000 -9999.000 -9999.000 0.2132570E-02 0.6091754E-02 0.1229496E-01 0.1868484E-01 0.2431880E-01 0.2879184E-01 0.3192424E-01 0.3364209E-01 0.3397107E-01 0.3297418E-01 0.3072391E-01 0.2728728E-01 0.2257742E-01 0.1593643E-01 0.7982562E-02 0.7982562E-02 -9999.000 -9999.000 -9999.000 -9999.000 -9999.000 -9999.000 -9999.000 -9999.000 -9999.000 -9999.000 -9999.000 -9999.000 -9999.000 -9999.000 -9999.000 -9999.000 -9999.000 -9999.000 -9999.000 -9999.000 -9999.000 -9999.000 -9999.000 -9999.000 -9999.000 -9999.000 -9999.000
-9999.000 -9999.000 -9999.000 -9999.000 -9999.000 -9999.000 -9999.000 -9999.000 -9999.000 -9999.000 -9999.000 -9999.000 -9999.000 -9999.000 -9999.000 0.2345323E-02 0.6557993E-02 0.1305607E-01 0.1972297E-01 0.2559508E-01 0.3026308E-01 0.3354375E-01 0.3536121E-01 0.3574251E-01 0.3475146E-01 0.3246049E-01 0.2893694E-01 0.2408151E-01 0.1717704E-01 0.8692084E-02 0.8692084E-02 -9999.000 -9999.000 -9999.000 -9999.000 -9999.000 -9999.000 -9999.000 -9999.000 -9999.000 -9999.000 -9999.000 -9999.000 -9999.000 -9999.000 -9999.000 -9999.000 -9999.000 -9999.000 -9999.000 -9999.000 -9999.000 -9999.000 -9999.000 -9999.000 -9999.000 -9999.000 -9999.000
-9999.000 -9999.000 -9999.000 -9999.000 -9999.000 -9999.000 -9999.000 -9999.000 -9999.000 -9999.000 -9999.000 -9999.000 -9999.000 -9999.000 -9999.000 0.2567531E-02 0.7039540E-02 0.1383147E-01 0.2077069E-01 0.2687591E-01 0.3173586E-01 0.3516641E-01 0.3709024E-01 0.3753740E-01 0.3657210E-01 0.3426683E-01 0.3068819E-01 0.2571981E-01 0.1857137E-01 0.9505411E-02 0.9505411E-02 -9999.000 -9999.000 -9999.000 -9999.000 -9999.000 -9999.000 -9999.000 -9999.000 -9999.000 -9999.000 -9999.000 -9999.000 -9999.000 -9999.000 -9999.000 -9999.000 -9999.000 -9999.000 -9999.000 -9999.000 -9999.000 -9999.000 -9999.000 -9999.000 -9999.000 -9999.000 -9999.000
-9999.000 -9999.000 -9999.000 -9999.000 -9999.000 -9999.000 -9999.000 -9999.000 -9999.000 -9999.000 -9999.000 -9999.000 -9999.000 -9999.000 -9999.000 0.2815052E-02 0.7569299E-02 0.1467226E-01 0.2189490E-01 0.2824088E-01 0.3330113E-01 0.3689122E-01 0.3893382E-01 0.3946291E-01 0.3854357E-01 0.3624764E-01 0.3264048E-01 0.2758442E-01 0.2019927E-01 0.1047082E-01 0.1047082E-01 -9999.000 -9999.000 -9999.000 -9999.000 -9999.000 -9999.000 -9999.000 -9999.000 -9999.000 -9999.000 -9999.000 -9999.000 -9999.000 -9999.000 -9999.000 -9999.000 -9999.000 -9999.000 -9999.000 -9999.000 -9999.000 -9999.000 -9999.000 -9999.000 -9999.000 -9999.000 -9999.000
-9999.000 -9999.000 -9999.000 -9999.000 -9999.000 -9999.000 -9999.000 -9999.000 -9999.000 -9999.000 -9999.000 -9999.000 -9999.000 -9999.000 -9999.000 0.3098274E-02 0.8168896E-02 0.1561110E-01 0.2313853E-01 0.2974197E-01 0.3501791E-01 0.3878400E-01 0.4096287E-01 0.4159456E-01 0.4074482E-01 0.3848492E-01 0.3487847E-01 0.2976167E-01 0.2214465E-01 0.1164157E-01 0.1164157E-01 -9999.000 -9999.000 -9999.000 -9999.000 -9999.000 -9999.000 -9999.000 -9999.000 -9999.000 -9999.000 -9999.000 -9999.000 -9999.000 -9999.000 -9999.000 -9999.000 -9999.000 -9999.000 -9999.000 -9999.000 -9999.000 -9999.000 -9999.000 -9999.000 -9999.000 -9999.000 -9999.000
-9999.000 -9999.000 -9999.000 -9999.000 -9999.000 -9999.000 -9999.000 -9999.000 -9999.000 -9999.000 -9999.000 -9999.000 -9999.000 -9999.000 -9999.000 0.3425841E-02 0.8856127E-02 0.1667588E-01 0.2453766E-01 0.3142302E-01 0.3693752E-01 0.4090225E-01 0.4324226E-01 0.4400397E-01 0.4325457E-01 0.4106496E-01 0.3749678E-01 0.3235363E-01 0.2451331E-01 0.1308779E-01 0.1308779E-01 -9999.000 -9999.000 -9999.000 -9999.000 -9999.000 -9999.000 -9999.000 -9999.000 -9999.000 -9999.000 -9999.000 -9999.000 -9999.000 -9999.000 -9999.000 -9999.000 -9999.000 -9999.000 -9999.000 -9999.000 -9999.000 -9999.000 -9999.000 -9999.000 -9999.000 -9999.000 -9999.000
-9999.000 -9999.000 -9999.000 -9999.000 -9999.000 -9999.000 -9999.000 -9999.000 -9999.000 -9999.000 -9999.000 -9999.000 -9999.000 -9999.000 -9999.000 0.3806750E-02 0.9650353E-02 0.1789638E-01 0.2613222E-01 0.3333250E-01 0.3911687E-01 0.4331243E-01 0.4584687E-01 0.4677589E-01 0.4616860E-01 0.4409561E-01 0.4061685E-01 0.3549658E-01 0.2745176E-01 0.1490738E-01 0.1490738E-01 -9999.000 -9999.000 -9999.000 -9999.000 -9999.000 -9999.000 -9999.000 -9999.000 -9999.000 -9999.000 -9999.000 -9999.000 -9999.000 -9999.000 -9999.000 -9999.000 -9999.000 -9999.000 -9999.000 -9999.000 -9999.000 -9999.000 -9999.000 -9999.000 -9999.000 -9999.000 -9999.000
-9999.000 -9999.000 -9999.000 -9999.000 -9999.000 -9999.000 -9999.000 -9999.000 -9999.000 -9999.000 -9999.000 -9999.000 -9999.000 -9999.000 -9999.000 0.4252386E-02 0.1057524E-01 0.1931050E-01 0.2797244E-01 0.3553268E-01 0.4163028E-01 0.4610037E-01 0.4887556E-01 0.5002378E-01 0.4961688E-01 0.4772559E-01 0.4440917E-01 0.3938419E-01 0.3117190E-01 0.1724415E-01 0.1724415E-01 -9999.000 -9999.000 -9999.000 -9999.000 -9999.000 -9999.000 -9999.000 -9999.000 -9999.000 -9999.000 -9999.000 -9999.000 -9999.000 -9999.000 -9999.000 -9999.000 -9999.000 -9999.000 -9999.000 -9999.000 -9999.000 -9999.000 -9999.000 -9999.000 -9999.000 -9999.000 -9999.000
-9999.000 -9999.000 -9999.000 -9999.000 -9999.000 -9999.000 -9999.000 -9999.000 -9999.000 -9999.000 -9999.000 -9999.000 -9999.000 -9999.000 -9999.000 0.4780358E-02 0.1166882E-01 0.2097740E-01 0.3013667E-01 0.3811937E-01 0.4459048E-01 0.4939605E-01 0.5247645E-01 0.5391634E-01 0.5379149E-01 0.5217561E-01 0.4912808E-01 0.4430803E-01 0.3599668E-01 0.2031777E-01 0.2031777E-01 -9999.000 -9999.000 -9999.000 -9999.000 -9999.000 -9999.000 -9999.000 -9999.000 -9999.000 -9999.000 -9999.000 -9999.000 -9999.000 -9999.000 -9999.000 -9999.000 -9999.000 -9999.000 -9999.000 -9999.000 -9999.000 -9999.000 -9999.000 -9999.000 -9999.000 -9999.000 -9999.000
-9999.000 -9999.000 -9999.000 -9999.000 -9999.000 -9999.000 -9999.000 -9999.000 -9999.000 -9999.000 -9999.000 -9999.000 -9999.000 -9999.000 -9999.000 0.5800189E-02 0.1377483E-01 0.2409301E-01 0.3373747E-01 0.4213815E-01 0.4895397E-01 0.5406202E-01 0.5742572E-01 0.5915916E-01 0.5934742E-01 0.5806958E-01 0.5538746E-01 0.5088778E-01 0.4255193E-01 0.2455196E-01 0.2455196E-01 -9999.000 -9999.000 -9999.000 -9999.000 -9999.000 -9999.000 -9999.000 -9999.000 -9999.000 -9999.000 -9999.000 -9999.000 -9999.000 -9999.000 -9999.000 -9999.000 -9999.000 -9999.000 -9999.000 -9999.000 -9999.000 -9999.000 -9999.000 -9999.000 -9999.000 -9999.000 -9999.000
-9999.000 -9999.000 -9999.000 -9999.000 -9999.000 -9999.000 -9999.000 -9999.000 -9999.000 -9999.000 -9999.000 -9999.000 -9999.000 -9999.000 -9999.000 0.6207468E-01 0.9348249E-01 0.1063021 0.9900054E-01 0.9429980E-01 0.8962709E-01 0.8482064E-01 0.7998349E-01 0.7520419E-01 0.7038672E-01 0.6546088E-01 0.6027921E-01 0.5415097E-01 0.4464797E-01 0.2213082E-01 0.2213082E-01 -9999.000 -9999.000 -9999.000 -9999.000 -9999.000 -9999.000 -9999.000 -9999.000 -9999.000 -9999.000 -9999.000 -9999.000 -9999.000 -9999.000 -9999.000 -9999.000 -9999.000 -9999.000 -9999.000 -9999.000 -9999.000 -9999.000 -9999.000 -9999.000 -9999.000 -9999.000 -9999.000
2.776650 2.776650 2.765814 2.791851 2.809796 2.809796 2.811998 2.811129 2.811129 2.807544 2.807544 2.801915 2.798478 2.794700 2.790823 2.790823 2.903918 2.907198 2.908276 2.886860 2.844907 2.781648 2.695431 2.586455 2.457681 2.310285 2.148493 1.982197 1.836931 1.780334 1.780334 2.630322 2.804927 2.901628 2.924865 2.924865 2.953654 2.953654 2.928155 2.928155 2.879336 2.685704 2.685704 2.255615 2.255615 2.013549 2.013549 2.013549 2.008918 2.008918 2.045256 2.045256 2.094158 2.094158 2.143719 2.143719 2.187201 2.187201
2.799209 2.799209 2.795988 2.844625 2.869641 2.869641 2.883698 2.905363 2.905363 2.923769 2.923769 2.939907 2.947282 2.954268 2.961090 2.961090 3.045790 3.062154 3.076691 3.085632 3.088954 3.085077 3.071199 3.044556 3.003222 2.944879 2.868522 2.775630 2.673421 2.601803 2.601803 3.060989 3.221247 3.372371 3.412557 3.412557 3.456605 3.456605 3.453336 3.453336 3.428852 3.318406 3.318406 3.083452 3.083452 2.838303 2.838303 2.838303 2.832260 2.832260 2.870548 2.870548 2.922544 2.922544 2.974703 2.974703 3.021379 3.021379
2.803468 2.803468 2.794603 2.846115 2.869264 2.869264 2.884128 2.906833 2.906833 2.925892 2.925892 2.942687 2.950419 2.957789 2.965047 2.965047 3.041587 3.069048 3.094271 3.115311 3.131899 3.143653 3.149604 3.148526 3.139287 3.120152 3.089543 3.047068 2.996061 2.959618 2.959618 3.225441 3.381691 3.559702 3.610635 3.610635 3.660977 3.660977 3.647228 3.647228 3.615544 3.511344 3.511344 3.353160 3.353160 3.134067 3.134067 3.134067 3.112005 3.112005 3.138929 3.138929 3.182786 3.182786 3.228807 3.228807 3.270833 3.270833
2.805548 2.805548 2.797865 2.846414 2.868189 2.868189 2.883464 2.906686 2.906686 2.925810 2.925810 2.942616 2.950366 2.957761 2.965093 2.965093 3.037237 3.074265 3.109454 3.140309 3.165883 3.185795 3.199689 3.207220 3.208201 3.202169 3.188546 3.167240 3.140379 3.122748 3.122748 3.286113 3.425519 3.612173 3.668749 3.668749 3.715869 3.715869 3.680848 3.680848 3.640046 3.547037 3.547037 3.448244 3.448244 3.275786 3.275786 3.275786 3.239294 3.239294 3.252916 3.252916 3.288737 3.288737 3.330101 3.330101 3.369033 3.369033
2.802706 2.802706 2.804135 2.846569 2.867439 2.867439 2.883017 2.906715 2.906715 2.925874 2.925874 2.942634 2.950370 2.957755 2.965156 2.965156 3.036937 3.082366 3.126655 3.166465 3.200291 3.227494 3.247772 3.260983 3.267217 3.266583 3.259202 3.245548 3.227576 3.215517 3.215517 3.316866 3.432728 3.610275 3.662993 3.662993 3.686594 3.686594 3.624819 3.624819 3.583801 3.521985 3.521985 3.477635 3.477635 3.362446 3.362446 3.362446 3.318406 3.318406 3.317455 3.317455 3.342784 3.342784 3.377924 3.377924 3.412897 3.412897
2.802601 2.802601 2.807923 2.846517 2.866815 2.866815 2.882611 2.906708 2.906708 2.925921 2.925921 2.942654 2.950379 2.957758 2.965262 2.965262 3.041645 3.094871 3.147377 3.195162 3.236388 3.270242 3.296376 3.314679 3.325259 3.328353 3.324310 3.313813 3.298651 3.286154 3.286154 3.345520 3.434134 3.582152 3.616440 3.616440 3.593724 3.593724 3.520430 3.520430 3.494942 3.479283 3.479283 3.480383 3.480383 3.421480 3.421480 3.421480 3.379628 3.379628 3.366671 3.366671 3.379779 3.379779 3.406369 3.406369 3.435540 3.435540
2.802536 2.802536 2.810161 2.846473 2.866437 2.866437 2.882354 2.906703 2.906703 2.925954 2.925954 2.942668 2.950385 2.957759 2.965416 2.965416 3.052217 3.113165 3.173098 3.227782 3.275318 3.314871 3.346102 3.368921 3.383421 3.389824 3.388483 3.380036 3.365949 3.351348 3.351348 3.380905 3.440281 3.531284 3.527307 3.527307 3.452224 3.452224 3.403998 3.403998 3.405605 3.435992 3.435992 3.470628 3.470628 3.460196 3.460196 3.460196 3.429193 3.429193 3.410001 3.410001 3.411401 3.411401 3.427671 3.427671 3.449035 3.449035
2.802515 2.802515 2.810903 2.846455 2.866310 2.866310 2.882265 2.906701 2.906701 2.925965 2.925965 2.942673 2.950388 2.957759 2.965633 2.965633 3.069736 3.138703 3.205370 3.265800 3.318344 3.362336 3.397561 3.424003 3.441769 3.451052 3.452140 3.445529 3.432278 3.415590 3.415590 3.423069 3.450294 3.442394 3.383710 3.383710 3.290748 3.290748 3.302072 3.302072 3.330591 3.395976 3.395976 3.453642 3.453642 3.482087 3.482087 3.482087 3.467115 3.467115 3.448393 3.448393 3.440875 3.440875 3.446265 3.446265 3.458120 3.458120
2.802536 2.802536 2.810162 2.846472 2.866437 2.866437 2.882353 2.906702 2.906702 2.925954 2.925954 2.942668 2.950385 2.957759 2.965935 2.965935 3.095700 3.173169 3.245868 3.310749 3.366761 3.413634 3.451406 3.480227 3.500273 3.511729 3.514819 3.509877 3.497488 3.478770 3.478770 3.467099 3.452294 3.290338 3.188723 3.188723 3.147347 3.147347 3.224924 3.224924 3.271814 3.359290 3.359290 3.432408 3.432408 3.490649 3.490649 3.490649 3.493082 3.493082 3.480311 3.480311 3.468007 3.468007 3.463363 3.463363 3.464684 3.464684
2.802601 2.802601 2.807923 2.846517 2.866814 2.866814 2.882611 2.906707 2.906707 2.925921 2.925921 2.942655 2.950379 2.957758 2.966356 2.966356 3.132315 3.218673 3.296466 3.364204 3.421821 3.469679 3.508225 3.537849 3.558856 3.571467 3.575859 3.572202 3.560431 3.538211 3.538211 3.501154 3.415497 3.070243 2.982954 2.982954 3.043361 3.043361 3.164703 3.164703 3.221662 3.322447 3.322447 3.406472 3.406472 3.487196 3.487196 3.487196 3.505807 3.505807 3.502174 3.502174 3.489312 3.489312 3.476687 3.476687 3.467435 3.467435
2.802706 2.802706 2.804135 2.846568 2.867438 2.867438 2.883018 2.906714 2.906714 2.925874 2.925874 2.942634 2.950369 2.957755 2.966938 2.966938 3.182871 3.277966 3.359289 3.427710 3.484576 3.531115 3.568303 3.596846 3.617212 3.629687 3.634418 3.631377 3.619115 3.586451 3.586451 3.494494 3.282371 2.831985 2.824260 2.824260 2.969877 2.969877 3.111448 3.111448 3.173583 3.282815 3.282815 3.374846 3.374846 3.472137 3.472137 3.472137 3.504257 3.504257 3.510582 3.510582 3.500026 3.500026 3.482018 3.482018 3.463094 3.463094
