cruce_test.gid/Rasters/Hydraulic/Velocity____109.0.asc
NCOLS        79
NROWS        79
XLLCENTER         -1.500000
YLLCENTER         -4.800000
CELLSIZE           0.100
NODATA_VALUE     -9999.0
[rows 0 to 26 of 79, columns 0 to 59 of 79]
-9999.000 -9999.000 -9999.000 -9999.000 -9999.000 -9999.000 -9999.000 -9999.000 -9999.000 -9999.000 -9999.000 -9999.000 -9999.000 -9999.000 -9999.000 0.1688686 0.1677411 0.1676919 0.1678327 0.1680344 0.1682493 0.1684544 0.1686433 0.1688298 0.1690553 0.1693992 0.1699983 0.1710850 0.1729869 0.1721520 0.1721520 -9999.000 -9999.000 -9999.000 -9999.000 -9999.000 -9999.000 -9999.000 -9999.000 -9999.000 -9999.000 -9999.000 -9999.000 -9999.000 -9999.000 -9999.000 -9999.000 -9999.000 -9999.000 -9999.000 -9999.000 -9999.000 -9999.000 -9999.000 -9999.000 -9999.000 -9999.000 -9999.000 -9999.000 -9999.000
-9999.000 -9999.000 -9999.000 -9999.000 -9999.000 -9999.000 -9999.000 -9999.000 -9999.000 -9999.000 -9999.000 -9999.000 -9999.000 -9999.000 -9999.000 0.1666407 0.1642044 0.1640960 0.1644085 0.1648683 0.1653692 0.1658566 0.1663115 0.1667589 0.1672828 0.1680513 0.1693601 0.1717155 0.1758094 0.1746373 0.1746373 -9999.000 -9999.000 -9999.000 -9999.000 -9999.000 -9999.000 -9999.000 -9999.000 -9999.000 -9999.000 -9999.000 -9999.000 -9999.000 -9999.000 -9999.000 -9999.000 -9999.000 -9999.000 -9999.000 -9999.000 -9999.000 -9999.000 -9999.000 -9999.000 -9999.000 -9999.000 -9999.000 -9999.000 -9999.000
-9999.000 -9999.000 -9999.000 -9999.000 -9999.000 -9999.000 -9999.000 -9999.000 -9999.000 -9999.000 -9999.000 -9999.000 -9999.000 -9999.000 -9999.000 0.1631649 0.1592676 0.1590918 0.1596470 0.1604849 0.1614250 0.1623717 0.1632904 0.1642214 0.1653063 0.1668261 0.1692681 0.1734499 0.1804471 0.1795763 0.1795763 -9999.000 -9999.000 -9999.000 -9999.000 -9999.000 -9999.000 -9999.000 -9999.000 -9999.000 -9999.000 -9999.000 -9999.000 -9999.000 -9999.000 -9999.000 -9999.000 -9999.000 -9999.000 -9999.000 -9999.000 -9999.000 -9999.000 -9999.000 -9999.000 -9999.000 -9999.000 -9999.000 -9999.000 -9999.000
-9999.000 -9999.000 -9999.000 -9999.000 -9999.000 -9999.000 -9999.000 -9999.000 -9999.000 -9999.000 -9999.000 -9999.000 -9999.000 -9999.000 -9999.000 0.1589778 0.1536464 0.1534329 0.1542941 0.1555967 0.1570809 0.1586063 0.1601199 0.1616773 0.1634789 0.1659233 0.1697004 0.1759614 0.1862151 0.1863333 0.1863333 -9999.000 -9999.000 -9999.000 -9999.000 -9999.000 -9999.000 -9999.000 -9999.000 -9999.000 -9999.000 -9999.000 -9999.000 -9999.000 -9999.000 -9999.000 -9999.000 -9999.000 -9999.000 -9999.000 -9999.000 -9999.000 -9999.000 -9999.000 -9999.000 -9999.000 -9999.000 -9999.000 -9999.000 -9999.000
-9999.000 -9999.000 -9999.000 -9999.000 -9999.000 -9999.000 -9999.000 -9999.000 -9999.000 -9999.000 -9999.000 -9999.000 -9999.000 -9999.000 -9999.000 0.1541890 0.1474575 0.1472311 0.1484530 0.1502946 0.1524099 0.1546099 0.1568207 0.1591134 0.1617498 0.1652543 0.1705358 0.1791127 0.1929967 0.1948635 0.1948635 -9999.000 -9999.000 -9999.000 -9999.000 -9999.000 -9999.000 -9999.000 -9999.000 -9999.000 -9999.000 -9999.000 -9999.000 -9999.000 -9999.000 -9999.000 -9999.000 -9999.000 -9999.000 -9999.000 -9999.000 -9999.000 -9999.000 -9999.000 -9999.000 -9999.000 -9999.000 -9999.000 -9999.000 -9999.000
-9999.000 -9999.000 -9999.000 -9999.000 -9999.000 -9999.000 -9999.000 -9999.000 -9999.000 -9999.000 -9999.000 -9999.000 -9999.000 -9999.000 -9999.000 0.1488543 0.1407727 0.1405574 0.1421897 0.1446358 0.1474578 0.1504130 0.1534047 0.1565198 0.1600868 0.1647664 0.1717070 0.1828375 0.2007667 0.2052716 0.2052716 -9999.000 -9999.000 -9999.000 -9999.000 -9999.000 -9999.000 -9999.000 -9999.000 -9999.000 -9999.000 -9999.000 -9999.000 -9999.000 -9999.000 -9999.000 -9999.000 -9999.000 -9999.000 -9999.000 -9999.000 -9999.000 -9999.000 -9999.000 -9999.000 -9999.000 -9999.000 -9999.000 -9999.000 -9999.000
-9999.000 -9999.000 -9999.000 -9999.000 -9999.000 -9999.000 -9999.000 -9999.000 -9999.000 -9999.000 -9999.000 -9999.000 -9999.000 -9999.000 -9999.000 0.1429828 0.1336280 0.1334506 0.1355423 0.1386561 0.1422542 0.1460366 0.1498810 0.1538928 0.1584721 0.1644296 0.1731788 0.1871123 0.2095620 0.2177919 0.2177919 -9999.000 -9999.000 -9999.000 -9999.000 -9999.000 -9999.000 -9999.000 -9999.000 -9999.000 -9999.000 -9999.000 -9999.000 -9999.000 -9999.000 -9999.000 -9999.000 -9999.000 -9999.000 -9999.000 -9999.000 -9999.000 -9999.000 -9999.000 -9999.000 -9999.000 -9999.000 -9999.000 -9999.000 -9999.000
-9999.000 -9999.000 -9999.000 -9999.000 -9999.000 -9999.000 -9999.000 -9999.000 -9999.000 -9999.000 -9999.000 -9999.000 -9999.000 -9999.000 -9999.000 0.1365470 0.1260321 0.1259272 0.1285319 0.1323784 0.1368214 0.1414989 0.1462618 0.1512357 0.1569009 0.1642319 0.1749384 0.1919437 0.2194683 0.2327981 0.2327981 -9999.000 -9999.000 -9999.000 -9999.000 -9999.000 -9999.000 -9999.000 -9999.000 -9999.000 -9999.000 -9999.000 -9999.000 -9999.000 -9999.000 -9999.000 -9999.000 -9999.000 -9999.000 -9999.000 -9999.000 -9999.000 -9999.000 -9999.000 -9999.000 -9999.000 -9999.000 -9999.000 -9999.000 -9999.000
-9999.000 -9999.000 -9999.000 -9999.000 -9999.000 -9999.000 -9999.000 -9999.000 -9999.000 -9999.000 -9999.000 -9999.000 -9999.000 -9999.000 -9999.000 0.1294891 0.1179732 0.1179884 0.1211699 0.1258219 0.1311825 0.1368240 0.1425687 0.1485660 0.1553842 0.1641795 0.1769937 0.1973630 0.2306162 0.2508408 0.2508408 -9999.000 -9999.000 -9999.000 -9999.000 -9999.000 -9999.000 -9999.000 -9999.000 -9999.000 -9999.000 -9999.000 -9999.000 -9999.000 -9999.000 -9999.000 -9999.000 -9999.000 -9999.000 -9999.000 -9999.000 -9999.000 -9999.000 -9999.000 -9999.000 -9999.000 -9999.000 -9999.000 -9999.000 -9999.000
-9999.000 -9999.000 -9999.000 -9999.000 -9999.000 -9999.000 -9999.000 -9999.000 -9999.000 -9999.000 -9999.000 -9999.000 -9999.000 -9999.000 -9999.000 0.1217234 0.1094227 0.1096270 0.1134680 0.1190124 0.1253730 0.1320525 0.1388438 0.1459247 0.1539604 0.1643070 0.1793793 0.2034299 0.2431864 0.2727256 0.2727256 -9999.000 -9999.000 -9999.000 -9999.000 -9999.000 -9999.000 -9999.000 -9999.000 -9999.000 -9999.000 -9999.000 -9999.000 -9999.000 -9999.000 -9999.000 -9999.000 -9999.000 -9999.000 -9999.000 -9999.000 -9999.000 -9999.000 -9999.000 -9999.000 -9999.000 -9999.000 -9999.000 -9999.000 -9999.000
-9999.000 -9999.000 -9999.000 -9999.000 -9999.000 -9999.000 -9999.000 -9999.000 -9999.000 -9999.000 -9999.000 -9999.000 -9999.000 -9999.000 -9999.000 0.1131339 0.1003356 0.1008337 0.1054488 0.1119981 0.1194586 0.1272616 0.1351719 0.1434010 0.1527193 0.1647006 0.1821779 0.2102469 0.2574230 0.2996517 0.2996517 -9999.000 -9999.000 -9999.000 -9999.000 -9999.000 -9999.000 -9999.000 -9999.000 -9999.000 -9999.000 -9999.000 -9999.000 -9999.000 -9999.000 -9999.000 -9999.000 -9999.000 -9999.000 -9999.000 -9999.000 -9999.000 -9999.000 -9999.000 -9999.000 -9999.000 -9999.000 -9999.000 -9999.000 -9999.000
-9999.000 -9999.000 -9999.000 -9999.000 -9999.000 -9999.000 -9999.000 -9999.000 -9999.000 -9999.000 -9999.000 -9999.000 -9999.000 -9999.000 -9999.000 0.1035660 0.9065051E-01 0.9160748E-01 0.9716828E-01 0.1048784 0.1135697 0.1226049 0.1317242 0.1411802 0.1518551 0.1655534 0.1855699 0.2179971 0.2736626 0.3334718 0.3334718 -9999.000 -9999.000 -9999.000 -9999.000 -9999.000 -9999.000 -9999.000 -9999.000 -9999.000 -9999.000 -9999.000 -9999.000 -9999.000 -9999.000 -9999.000 -9999.000 -9999.000 -9999.000 -9999.000 -9999.000 -9999.000 -9999.000 -9999.000 -9999.000 -9999.000 -9999.000 -9999.000 -9999.000 -9999.000
-9999.000 -9999.000 -9999.000 -9999.000 -9999.000 -9999.000 -9999.000 -9999.000 -9999.000 -9999.000 -9999.000 -9999.000 -9999.000 -9999.000 -9999.000 0.9281114E-01 0.8029211E-01 0.8198676E-01 0.8876666E-01 0.9786968E-01 0.1079779 0.1183973 0.1288561 0.1396554 0.1517906 0.1672959 0.1899589 0.2270435 0.2923977 0.3771966 0.3771966 -9999.000 -9999.000 -9999.000 -9999.000 -9999.000 -9999.000 -9999.000 -9999.000 -9999.000 -9999.000 -9999.000 -9999.000 -9999.000 -9999.000 -9999.000 -9999.000 -9999.000 -9999.000 -9999.000 -9999.000 -9999.000 -9999.000 -9999.000 -9999.000 -9999.000 -9999.000 -9999.000 -9999.000 -9999.000
-9999.000 -9999.000 -9999.000 -9999.000 -9999.000 -9999.000 -9999.000 -9999.000 -9999.000 -9999.000 -9999.000 -9999.000 -9999.000 -9999.000 -9999.000 0.8053311E-01 0.6920076E-01 0.7220165E-01 0.8071503E-01 0.9160544E-01 0.1034280 0.1154718 0.1274822 0.1398218 0.1535890 0.1710167 0.1963715 0.2382528 0.3144706 0.4361150 0.4361150 -9999.000 -9999.000 -9999.000 -9999.000 -9999.000 -9999.000 -9999.000 -9999.000 -9999.000 -9999.000 -9999.000 -9999.000 -9999.000 -9999.000 -9999.000 -9999.000 -9999.000 -9999.000 -9999.000 -9999.000 -9999.000 -9999.000 -9999.000 -9999.000 -9999.000 -9999.000 -9999.000 -9999.000 -9999.000
-9999.000 -9999.000 -9999.000 -9999.000 -9999.000 -9999.000 -9999.000 -9999.000 -9999.000 -9999.000 -9999.000 -9999.000 -9999.000 -9999.000 -9999.000 0.6321993E-01 0.6424761E-01 0.7620020E-01 0.9036003E-01 0.1043530 0.1176609 0.1302344 0.1422331 0.1542558 0.1675442 0.1845209 0.2100133 0.2544202 0.3411173 0.5180477 0.5180477 -9999.000 -9999.000 -9999.000 -9999.000 -9999.000 -9999.000 -9999.000 -9999.000 -9999.000 -9999.000 -9999.000 -9999.000 -9999.000 -9999.000 -9999.000 -9999.000 -9999.000 -9999.000 -9999.000 -9999.000 -9999.000 -9999.000 -9999.000 -9999.000 -9999.000 -9999.000 -9999.000 -9999.000 -9999.000
1.985976 1.985976 2.056137 2.090775 2.099451 2.099451 2.105566 2.113086 2.113086 2.116727 2.116727 2.117867 2.117721 2.117176 2.104889 2.104889 1.748920 1.695641 1.636107 1.566192 1.485436 1.394612 1.295451 1.190773 1.084867 0.9842316 0.8988755 0.8451353 0.8533763 0.9929476 0.9929476 1.772344 1.921062 1.937441 1.915179 1.915179 1.849253 1.849253 1.688708 1.688708 1.393312 1.152404 1.152404 1.107699 1.107699 1.139413 1.139413 1.139413 1.190426 1.190426 1.240045 1.240045 1.292801 1.292801 1.330399 1.330399 1.358620 1.358620 1.358620 1.377266
2.002854 2.002854 2.079191 2.130159 2.147501 2.147501 2.162378 2.187477 2.187477 2.208617 2.208617 2.227123 2.235611 2.243662 2.246456 2.246456 2.014926 1.991650 1.978079 1.957858 1.927424 1.885444 1.831253 1.765363 1.689440 1.607002 1.524500 1.453685 1.417244 1.466108 1.466108 1.947181 2.098158 2.204031 2.219808 2.219808 2.206722 2.206722 2.128335 2.128335 1.977935 1.683391 1.683391 1.636601 1.636601 1.671853 1.671853 1.671853 1.720824 1.720824 1.757668 1.757668 1.815316 1.815316 1.855391 1.855391 1.887866 1.887866 1.887866 1.912717
2.006881 2.006881 2.080812 2.130700 2.148018 2.148018 2.163001 2.188493 2.188493 2.210129 2.210129 2.229200 2.237994 2.246372 2.251364 2.251364 2.068564 2.042527 2.045993 2.049627 2.047040 2.036678 2.016903 1.987489 1.948823 1.902711 1.853232 1.808177 1.781751 1.810956 1.810956 2.146036 2.280083 2.406133 2.432515 2.432515 2.433290 2.433290 2.372910 2.372910 2.289636 2.066452 2.066452 1.981352 1.981352 2.002048 2.002048 2.002048 2.041940 2.041940 2.078088 2.078088 2.119452 2.119452 2.151954 2.151954 2.177832 2.177832 2.177832 2.197377
2.010023 2.010023 2.082135 2.130904 2.148055 2.148055 2.162979 2.188474 2.188474 2.210141 2.210141 2.229229 2.238029 2.246413 2.252473 2.252473 2.106744 2.070721 2.076222 2.088890 2.097940 2.101373 2.098227 2.088386 2.071941 2.049803 2.024208 2.001076 1.989277 2.013946 2.013946 2.259721 2.374452 2.495800 2.521131 2.521131 2.520061 2.520061 2.469767 2.469767 2.420412 2.263866 2.263866 2.161853 2.161853 2.166809 2.166809 2.166809 2.201261 2.201261 2.234268 2.234268 2.269206 2.269206 2.298317 2.298317 2.321284 2.321284 2.321284 2.338246
2.012390 2.012390 2.083214 2.131080 2.148080 2.148080 2.162945 2.188442 2.188442 2.210133 2.210133 2.229229 2.238028 2.246409 2.253154 2.253154 2.144066 2.103195 2.105748 2.121998 2.136957 2.147182 2.151783 2.150927 2.145085 2.135290 2.123502 2.114160 2.113984 2.140760 2.140760 2.313632 2.415704 2.519960 2.535736 2.535736 2.522810 2.522810 2.486352 2.486352 2.461753 2.372168 2.372168 2.278510 2.278510 2.261566 2.261566 2.261566 2.289830 2.289830 2.320113 2.320113 2.351173 2.351173 2.377771 2.377771 2.398504 2.398504 2.398504 2.413454
2.014039 2.014039 2.084010 2.131218 2.148098 2.148098 2.162915 2.188413 2.188413 2.210126 2.210126 2.229228 2.238026 2.246406 2.253595 2.253595 2.179065 2.141483 2.140883 2.158023 2.176546 2.191110 2.200268 2.204086 2.203245 2.199025 2.193508 2.190621 2.195845 2.221231 2.221231 2.343608 2.427454 2.496659 2.496882 2.496882 2.475903 2.475903 2.464005 2.464005 2.460697 2.428125 2.428125 2.362550 2.362550 2.327813 2.327813 2.327813 2.347315 2.347315 2.373344 2.373344 2.400638 2.400638 2.424364 2.424364 2.442706 2.442706 2.442706 2.455659
2.015011 2.015011 2.084498 2.131305 2.148108 2.148108 2.162894 2.188395 2.188395 2.210122 2.210122 2.229229 2.238027 2.246404 2.253882 2.253882 2.210955 2.183745 2.182773 2.199511 2.219949 2.237520 2.249936 2.256834 2.258772 2.257052 2.253819 2.252747 2.258541 2.278295 2.278295 2.359287 2.413928 2.428410 2.415290 2.415290 2.404761 2.404761 2.426208 2.426208 2.440599 2.450389 2.450389 2.420074 2.420074 2.380545 2.380545 2.380545 2.390288 2.390288 2.410205 2.410205 2.432777 2.432777 2.452918 2.452918 2.468485 2.468485 2.468485 2.479324
2.015333 2.015333 2.084663 2.131335 2.148112 2.148112 2.162888 2.188389 2.188389 2.210121 2.210121 2.229229 2.238027 2.246404 2.254069 2.254069 2.240568 2.228383 2.231163 2.247697 2.268768 2.288088 2.302770 2.311911 2.315725 2.315289 2.312601 2.311023 2.314369 2.323609 2.323609 2.359797 2.366400 2.319911 2.307918 2.307918 2.330115 2.330115 2.384959 2.384959 2.412642 2.451555 2.451555 2.453561 2.453561 2.423560 2.423560 2.423560 2.425496 2.425496 2.438297 2.438297 2.455052 2.455052 2.470715 2.470715 2.482899 2.482899 2.482899 2.491367
2.015011 2.015011 2.084498 2.131305 2.148108 2.148108 2.162895 2.188395 2.188395 2.210122 2.210122 2.229228 2.238026 2.246405 2.254190 2.254190 2.269927 2.275026 2.285403 2.303169 2.324222 2.344062 2.359884 2.370419 2.375480 2.375775 2.372963 2.369912 2.368734 2.359143 2.359143 2.330728 2.266895 2.189985 2.198284 2.198284 2.263453 2.263453 2.344634 2.344634 2.381628 2.440184 2.440184 2.467481 2.467481 2.456481 2.456481 2.456481 2.454766 2.454766 2.460894 2.460894 2.471084 2.471084 2.481337 2.481337 2.489468 2.489468 2.489468 2.495292
2.014039 2.014039 2.084010 2.131217 2.148098 2.148098 2.162915 2.188413 2.188413 2.210126 2.210126 2.229228 2.238027 2.246406 2.254270 2.254270 2.301943 2.324780 2.345242 2.366106 2.387193 2.406559 2.422289 2.433156 2.438700 2.439238 2.435983 2.431041 2.422508 2.374263 2.374263 2.240680 2.106386 2.066533 2.103142 2.103142 2.206193 2.206193 2.305704 2.305704 2.349215 2.421303 2.421303 2.466874 2.466874 2.478015 2.478015 2.478015 2.477186 2.477186 2.478379 2.478379 2.481953 2.481953 2.486146 2.486146 2.489695 2.489695 2.489695 2.492700
2.012390 2.012390 2.083214 2.131080 2.148080 2.148080 2.162945 2.188442 2.188442 2.210133 2.210133 2.229228 2.238028 2.246409 2.254325 2.254325 2.340436 2.380239 2.411463 2.436744 2.458254 2.476484 2.490934 2.500904 2.505930 2.506044 2.502004 2.494626 2.470849 2.334072 2.334072 2.055670 1.917046 1.964222 2.019490 2.019490 2.154023 2.154023 2.266423 2.266423 2.314864 2.396774 2.396774 2.455202 2.455202 2.487102 2.487102 2.487102 2.490509 2.490509 2.489054 2.489054 2.486732 2.486732 2.484744 2.484744 2.483505 2.483505 2.483505 2.483712
2.010022 2.010022 2.082135 2.130904 2.148055 2.148055 2.162978 2.188474 2.188474 2.210141 2.210141 2.229229 2.238029 2.246413 2.254362 2.254362 2.390591 2.445529 2.486291 2.515944 2.537922 2.554479 2.566581 2.574376 2.577703 2.576501 2.571153 2.559414 2.492718 2.158340 2.158340 1.796306 1.760222 1.876631 1.950359 1.950359 2.103341 2.103341 2.225748 2.225748 2.278322 2.367490 2.367490 2.434773 2.434773 2.483671 2.483671 2.483671 2.492780 2.492780 2.490679 2.490679 2.483691 2.483691 2.476000 2.476000 2.470220 2.470220 2.470220 2.467893
