cruce_test.gid/Rasters/Hydraulic/Velocity__x_229.0.asc
NCOLS        79
NROWS        79
XLLCENTER         -1.500000
YLLCENTER         -4.800000
CELLSIZE           0.100
NODATA_VALUE     -9999.0
[rows 0 to 25 of 79, columns 0 to 57 of 79]
-9999.000 -9999.000 -9999.000 -9999.000 -9999.000 -9999.000 -9999.000 -9999.000 -9999.000 -9999.000 -9999.000 -9999.000 -9999.000 -9999.000 -9999.000 -0.1537978E-02 -0.1118467E-02 0.2268697E-02 0.7045475E-02 0.1189641E-01 0.1584760E-01 0.1862519E-01 0.2021683E-01 0.2070658E-01 0.2024320E-01 0.1896118E-01 0.1694332E-01 0.1412886E-01 0.9914343E-02 0.4856267E-02 0.4856267E-02 -9999.000 -9999.000 -9999.000 -9999.000 -9999.000 -9999.000 -9999.000 -9999.000 -9999.000 -9999.000 -9999.000 -9999.000 -9999.000 -9999.000 -9999.000 -9999.000 -9999.000 -9999.000 -9999.000 -9999.000 -9999.000 -9999.000 -9999.000 -9999.000 -9999.000 -9999.000 -9999.000
-9999.000 -9999.000 -9999.000 -9999.000 -9999.000 -9999.000 -9999.000 -9999.000 -9999.000 -9999.000 -9999.000 -9999.000 -9999.000 -9999.000 -9999.000 -0.2748991E-03 0.1367509E-02 0.5805114E-02 0.1148221E-01 0.1713780E-01 0.2180072E-01 0.2513147E-01 0.2704724E-01 0.2757890E-01 0.2683863E-01 0.2494577E-01 0.2199082E-01 0.1795407E-01 0.1236212E-01 0.6035974E-02 0.6035974E-02 -9999.000 -9999.000 -9999.000 -9999.000 -9999.000 -9999.000 -9999.000 -9999.000 -9999.000 -9999.000 -9999.000 -9999.000 -9999.000 -9999.000 -9999.000 -9999.000 -9999.000 -9999.000 -9999.000 -9999.000 -9999.000 -9999.000 -9999.000 -9999.000 -9999.000 -9999.000 -9999.000
-9999.000 -9999.000 -9999.000 -9999.000 -9999.000 -9999.000 -9999.000 -9999.000 -9999.000 -9999.000 -9999.000 -9999.000 -9999.000 -9999.000 -9999.000 0.1755943E-03 0.2351562E-02 0.7414094E-02 0.1368491E-01 0.1986056E-01 0.2493568E-01 0.2855319E-01 0.3061873E-01 0.3115534E-01 0.3027435E-01 0.2809925E-01 0.2473043E-01 0.2016122E-01 0.1391523E-01 0.6832777E-02 0.6832777E-02 -9999.000 -9999.000 -9999.000 -9999.000 -9999.000 -9999.000 -9999.000 -9999.000 -9999.000 -9999.000 -9999.000 -9999.000 -9999.000 -9999.000 -9999.000 -9999.000 -9999.000 -9999.000 -9999.000 -9999.000 -9999.000 -9999.000 -9999.000 -9999.000 -9999.000 -9999.000 -9999.000
-9999.000 -9999.000 -9999.000 -9999.000 -9999.000 -9999.000 -9999.000 -9999.000 -9999.000 -9999.000 -9999.000 -9999.000 -9999.000 -9999.000 -9999.000 0.3975038E-03 0.2868934E-02 0.8313972E-02 0.1496833E-01 0.2148812E-01 0.2683796E-01 0.3065154E-01 0.3282963E-01 0.3339341E-01 0.3245675E-01 0.3014608E-01 0.2656594E-01 0.2171017E-01 0.1507806E-01 0.7458211E-02 0.7458211E-02 -9999.000 -9999.000 -9999.000 -9999.000 -9999.000 -9999.000 -9999.000 -9999.000 -9999.000 -9999.000 -9999.000 -9999.000 -9999.000 -9999.000 -9999.000 -9999.000 -9999.000 -9999.000 -9999.000 -9999.000 -9999.000 -9999.000 -9999.000 -9999.000 -9999.000 -9999.000 -9999.000
-9999.000 -9999.000 -9999.000 -9999.000 -9999.000 -9999.000 -9999.000 -9999.000 -9999.000 -9999.000 -9999.000 -9999.000 -9999.000 -9999.000 -9999.000 0.5438565E-03 0.3226828E-02 0.8962852E-02 0.1591654E-01 0.2270663E-01 0.2827303E-01 0.3224564E-01 0.3452367E-01 0.3512829E-01 0.3417662E-01 0.3179656E-01 0.2809360E-01 0.2305688E-01 0.1614752E-01 0.8056157E-02 0.8056157E-02 -9999.000 -9999.000 -9999.000 -9999.000 -9999.000 -9999.000 -9999.000 -9999.000 -9999.000 -9999.000 -9999.000 -9999.000 -9999.000 -9999.000 -9999.000 -9999.000 -9999.000 -9999.000 -9999.000 -9999.000 -9999.000 -9999.000 -9999.000 -9999.000 -9999.000 -9999.000 -9999.000
-9999.000 -9999.000 -9999.000 -9999.000 -9999.000 -9999.000 -9999.000 -9999.000 -9999.000 -9999.000 -9999.000 -9999.000 -9999.000 -9999.000 -9999.000 0.6767260E-03 0.3554047E-02 0.9557522E-02 0.1678566E-01 0.2382172E-01 0.2958386E-01 0.3370266E-01 0.3607749E-01 0.3673131E-01 0.3578522E-01 0.3336843E-01 0.2958530E-01 0.2441639E-01 0.1727289E-01 0.8702473E-02 0.8702473E-02 -9999.000 -9999.000 -9999.000 -9999.000 -9999.000 -9999.000 -9999.000 -9999.000 -9999.000 -9999.000 -9999.000 -9999.000 -9999.000 -9999.000 -9999.000 -9999.000 -9999.000 -9999.000 -9999.000 -9999.000 -9999.000 -9999.000 -9999.000 -9999.000 -9999.000 -9999.000 -9999.000
-9999.000 -9999.000 -9999.000 -9999.000 -9999.000 -9999.000 -9999.000 -9999.000 -9999.000 -9999.000 -9999.000 -9999.000 -9999.000 -9999.000 -9999.000 0.8244597E-03 0.3909313E-02 0.1018783E-01 0.1769267E-01 0.2497239E-01 0.3092641E-01 0.3518966E-01 0.3766454E-01 0.3837585E-01 0.3745019E-01 0.3501667E-01 0.3117821E-01 0.2590351E-01 0.1854107E-01 0.9444732E-02 0.9444732E-02 -9999.000 -9999.000 -9999.000 -9999.000 -9999.000 -9999.000 -9999.000 -9999.000 -9999.000 -9999.000 -9999.000 -9999.000 -9999.000 -9999.000 -9999.000 -9999.000 -9999.000 -9999.000 -9999.000 -9999.000 -9999.000 -9999.000 -9999.000 -9999.000 -9999.000 -9999.000 -9999.000
-9999.000 -9999.000 -9999.000 -9999.000 -9999.000 -9999.000 -9999.000 -9999.000 -9999.000 -9999.000 -9999.000 -9999.000 -9999.000 -9999.000 -9999.000 0.1002361E-02 0.4323322E-02 0.1090027E-01 0.1869794E-01 0.2623084E-01 0.3238152E-01 0.3679431E-01 0.3937605E-01 0.4015507E-01 0.3926384E-01 0.3683169E-01 0.3295831E-01 0.2759723E-01 0.2002090E-01 0.1032465E-01 0.1032465E-01 -9999.000 -9999.000 -9999.000 -9999.000 -9999.000 -9999.000 -9999.000 -9999.000 -9999.000 -9999.000 -9999.000 -9999.000 -9999.000 -9999.000 -9999.000 -9999.000 -9999.000 -9999.000 -9999.000 -9999.000 -9999.000 -9999.000 -9999.000 -9999.000 -9999.000 -9999.000 -9999.000
-9999.000 -9999.000 -9999.000 -9999.000 -9999.000 -9999.000 -9999.000 -9999.000 -9999.000 -9999.000 -9999.000 -9999.000 -9999.000 -9999.000 -9999.000 0.1220785E-02 0.4817477E-02 0.1172624E-01 0.1984159E-01 0.2764401E-01 0.3400227E-01 0.3857471E-01 0.4127437E-01 0.4213424E-01 0.4129438E-01 0.3888362E-01 0.3499738E-01 0.2957107E-01 0.2178407E-01 0.1138796E-01 0.1138796E-01 -9999.000 -9999.000 -9999.000 -9999.000 -9999.000 -9999.000 -9999.000 -9999.000 -9999.000 -9999.000 -9999.000 -9999.000 -9999.000 -9999.000 -9999.000 -9999.000 -9999.000 -9999.000 -9999.000 -9999.000 -9999.000 -9999.000 -9999.000 -9999.000 -9999.000 -9999.000 -9999.000
-9999.000 -9999.000 -9999.000 -9999.000 -9999.000 -9999.000 -9999.000 -9999.000 -9999.000 -9999.000 -9999.000 -9999.000 -9999.000 -9999.000 -9999.000 0.1488835E-02 0.5410163E-02 0.1269324E-01 0.2115927E-01 0.2925433E-01 0.3583613E-01 0.4058269E-01 0.4341585E-01 0.4437484E-01 0.4360888E-01 0.4124539E-01 0.3737533E-01 0.3191118E-01 0.2392022E-01 0.1269419E-01 0.1269419E-01 -9999.000 -9999.000 -9999.000 -9999.000 -9999.000 -9999.000 -9999.000 -9999.000 -9999.000 -9999.000 -9999.000 -9999.000 -9999.000 -9999.000 -9999.000 -9999.000 -9999.000 -9999.000 -9999.000 -9999.000 -9999.000 -9999.000 -9999.000 -9999.000 -9999.000 -9999.000 -9999.000
-9999.000 -9999.000 -9999.000 -9999.000 -9999.000 -9999.000 -9999.000 -9999.000 -9999.000 -9999.000 -9999.000 -9999.000 -9999.000 -9999.000 -9999.000 0.1817017E-02 0.6122679E-02 0.1383354E-01 0.2269223E-01 0.3111043E-01 0.3793790E-01 0.4287951E-01 0.4586840E-01 0.4695170E-01 0.4628998E-01 0.4400926E-01 0.4019454E-01 0.3473149E-01 0.2655121E-01 0.1432513E-01 0.1432513E-01 -9999.000 -9999.000 -9999.000 -9999.000 -9999.000 -9999.000 -9999.000 -9999.000 -9999.000 -9999.000 -9999.000 -9999.000 -9999.000 -9999.000 -9999.000 -9999.000 -9999.000 -9999.000 -9999.000 -9999.000 -9999.000 -9999.000 -9999.000 -9999.000 -9999.000 -9999.000 -9999.000
-9999.000 -9999.000 -9999.000 -9999.000 -9999.000 -9999.000 -9999.000 -9999.000 -9999.000 -9999.000 -9999.000 -9999.000 -9999.000 -9999.000 -9999.000 0.2220122E-02 0.6985608E-02 0.1519327E-01 0.2450156E-01 0.3328231E-01 0.4038536E-01 0.4555045E-01 0.4872514E-01 0.4996727E-01 0.4945168E-01 0.4730269E-01 0.4359894E-01 0.3819359E-01 0.2985338E-01 0.1639996E-01 0.1639996E-01 -9999.000 -9999.000 -9999.000 -9999.000 -9999.000 -9999.000 -9999.000 -9999.000 -9999.000 -9999.000 -9999.000 -9999.000 -9999.000 -9999.000 -9999.000 -9999.000 -9999.000 -9999.000 -9999.000 -9999.000 -9999.000 -9999.000 -9999.000 -9999.000 -9999.000 -9999.000 -9999.000
-9999.000 -9999.000 -9999.000 -9999.000 -9999.000 -9999.000 -9999.000 -9999.000 -9999.000 -9999.000 -9999.000 -9999.000 -9999.000 -9999.000 -9999.000 0.2750482E-02 0.8109927E-02 0.1695011E-01 0.2680755E-01 0.3598479E-01 0.4339069E-01 0.4880390E-01 0.5219172E-01 0.5362706E-01 0.5330400E-01 0.5134529E-01 0.4782322E-01 0.4255223E-01 0.3409811E-01 0.1910087E-01 0.1910087E-01 -9999.000 -9999.000 -9999.000 -9999.000 -9999.000 -9999.000 -9999.000 -9999.000 -9999.000 -9999.000 -9999.000 -9999.000 -9999.000 -9999.000 -9999.000 -9999.000 -9999.000 -9999.000 -9999.000 -9999.000 -9999.000 -9999.000 -9999.000 -9999.000 -9999.000 -9999.000 -9999.000
-9999.000 -9999.000 -9999.000 -9999.000 -9999.000 -9999.000 -9999.000 -9999.000 -9999.000 -9999.000 -9999.000 -9999.000 -9999.000 -9999.000 -9999.000 0.4950971E-02 0.1278536E-01 0.2425981E-01 0.3519792E-01 0.4413993E-01 0.5124140E-01 0.5630799E-01 0.5935371E-01 0.6049451E-01 0.5995714E-01 0.5786234E-01 0.5426984E-01 0.4893787E-01 0.4017221E-01 0.2294218E-01 0.2294218E-01 -9999.000 -9999.000 -9999.000 -9999.000 -9999.000 -9999.000 -9999.000 -9999.000 -9999.000 -9999.000 -9999.000 -9999.000 -9999.000 -9999.000 -9999.000 -9999.000 -9999.000 -9999.000 -9999.000 -9999.000 -9999.000 -9999.000 -9999.000 -9999.000 -9999.000 -9999.000 -9999.000
-9999.000 -9999.000 -9999.000 -9999.000 -9999.000 -9999.000 -9999.000 -9999.000 -9999.000 -9999.000 -9999.000 -9999.000 -9999.000 -9999.000 -9999.000 0.1039668 0.1593430 0.1867967 0.1789743 0.1524311 0.1334072 0.1167881 0.1024670 0.9022530E-01 0.7970373E-01 0.7038100E-01 0.6178898E-01 0.5315644E-01 0.4219099E-01 0.2037426E-01 0.2037426E-01 -9999.000 -9999.000 -9999.000 -9999.000 -9999.000 -9999.000 -9999.000 -9999.000 -9999.000 -9999.000 -9999.000 -9999.000 -9999.000 -9999.000 -9999.000 -9999.000 -9999.000 -9999.000 -9999.000 -9999.000 -9999.000 -9999.000 -9999.000 -9999.000 -9999.000 -9999.000 -9999.000
2.885024 2.885024 2.883109 2.896915 2.915988 2.915988 2.918741 2.918528 2.918528 2.914560 2.914560 2.908066 2.904136 2.899853 2.895658 2.895658 3.055680 3.060403 3.061731 3.057493 3.024180 2.967398 2.887133 2.781740 2.653306 2.505207 2.340007 2.166328 2.007976 1.934789 1.934789 2.779927 2.960658 3.068439 3.095890 3.095890 3.134302 3.134302 3.125609 3.125609 3.086449 2.917383 2.917383 2.610743 2.610743 2.192657 2.192657 2.192657 2.162544 2.162544 2.188514 2.188514 2.235271 2.235271 2.285695 2.285695 2.331732 2.331732
2.908196 2.908196 2.913609 2.951795 2.978049 2.978049 2.992813 3.015671 3.015671 3.034373 3.034373 3.050349 3.057575 3.064398 3.071230 3.071230 3.189798 3.209974 3.226133 3.239583 3.245599 3.244490 3.234430 3.212144 3.175105 3.121439 3.049305 2.959325 2.857929 2.771934 2.771934 3.225359 3.386368 3.543155 3.586299 3.586299 3.637291 3.637291 3.644068 3.644068 3.626255 3.531045 3.531045 3.347893 3.347893 3.032525 3.032525 3.032525 2.998732 2.998732 3.026854 3.026854 3.076369 3.076369 3.129316 3.129316 3.178284 3.178284
2.914223 2.914223 2.914842 2.954068 2.977943 2.977943 2.993276 3.016930 3.016930 3.036259 3.036259 3.052932 3.060549 3.067784 3.075098 3.075098 3.180544 3.213792 3.242136 3.266707 3.285659 3.299171 3.307061 3.308214 3.301375 3.285210 3.257935 3.218645 3.169945 3.128319 3.128319 3.382672 3.540058 3.723791 3.778107 3.778107 3.836791 3.836791 3.832890 3.832890 3.806324 3.707943 3.707943 3.570183 3.570183 3.323173 3.323173 3.323173 3.274850 3.274850 3.289730 3.289730 3.330283 3.330283 3.377023 3.377023 3.421470 3.421470
2.919117 2.919117 2.915445 2.955306 2.977380 2.977380 2.992940 3.016898 3.016898 3.036241 3.036241 3.052898 3.060513 3.067753 3.075160 3.075160 3.172114 3.216070 3.255651 3.290439 3.319060 3.341274 3.357154 3.366523 3.369185 3.364944 3.353286 3.333933 3.308571 3.287838 3.287838 3.441570 3.580302 3.772198 3.832905 3.832905 3.890780 3.890780 3.865088 3.865088 3.826122 3.729520 3.729520 3.636846 3.636846 3.460337 3.460337 3.460337 3.403249 3.403249 3.403293 3.403293 3.433960 3.433960 3.475081 3.475081 3.516070 3.516070
2.922907 2.922907 2.915692 2.956027 2.976910 2.976910 2.992625 3.016850 3.016850 3.036200 3.036200 3.052846 3.060466 3.067714 3.075264 3.075264 3.168588 3.221482 3.271040 3.315280 3.352777 3.382956 3.405735 3.421116 3.429196 3.430209 3.424356 3.412028 3.394888 3.380488 3.380488 3.473596 3.587003 3.769201 3.827303 3.827303 3.863913 3.863913 3.807040 3.807040 3.762374 3.690291 3.690291 3.647081 3.647081 3.541014 3.541014 3.541014 3.484720 3.484720 3.470724 3.470724 3.488980 3.488980 3.522359 3.522359 3.558592 3.558592
2.925148 2.925148 2.916214 2.956343 2.976516 2.976516 2.992350 3.016795 3.016795 3.036177 3.036177 3.052844 3.060479 3.067742 3.075491 3.075491 3.171002 3.231825 3.290101 3.342728 3.388105 3.425483 3.454640 3.475564 3.488389 3.493408 3.491013 3.481826 3.467403 3.453282 3.453282 3.505788 3.590775 3.743927 3.785593 3.785593 3.774408 3.774408 3.693668 3.693668 3.660347 3.634168 3.634168 3.636649 3.636649 3.592561 3.592561 3.592561 3.546726 3.546726 3.523561 3.523561 3.528631 3.528631 3.551885 3.551885 3.581215 3.581215
2.924919 2.924919 2.917756 2.956491 2.976264 2.976264 2.992162 3.016766 3.016766 3.036195 3.036195 3.052888 3.060530 3.067797 3.075815 3.075815 3.180134 3.248554 3.314494 3.374304 3.426330 3.469815 3.504501 3.530359 3.547512 3.556212 3.556831 3.549962 3.536877 3.521484 3.521484 3.545850 3.601624 3.701360 3.706480 3.706480 3.631653 3.631653 3.563840 3.563840 3.557535 3.581778 3.581778 3.619286 3.619286 3.624496 3.624496 3.624496 3.595660 3.595660 3.570471 3.570471 3.564373 3.564373 3.576143 3.576143 3.596441 3.596441
2.925180 2.925180 2.917972 2.956498 2.976166 2.976166 2.992093 3.016766 3.016766 3.036223 3.036223 3.052924 3.060567 3.067830 3.076220 3.076220 3.196984 3.273178 3.345900 3.411601 3.468836 3.517023 3.556002 3.585806 3.606568 3.618497 3.621891 3.617211 3.605362 3.588755 3.588755 3.593068 3.618669 3.627680 3.574497 3.574497 3.459147 3.459147 3.447757 3.447757 3.471797 3.536146 3.536146 3.597749 3.597749 3.640479 3.640479 3.640479 3.631293 3.631293 3.610956 3.610956 3.598043 3.598043 3.598634 3.598634 3.608390 3.608390
2.924927 2.924927 2.917826 2.956506 2.976278 2.976278 2.992172 3.016770 3.016770 3.036195 3.036195 3.052886 3.060531 3.067797 3.076710 3.076710 3.223026 3.307434 3.386112 3.456281 3.517052 3.568237 3.609926 3.642308 3.665581 3.679950 3.685642 3.682965 3.672404 3.654640 3.654640 3.642454 3.631524 3.494661 3.382253 3.382253 3.297292 3.297292 3.359921 3.359921 3.406102 3.495955 3.495955 3.573498 3.573498 3.644201 3.644201 3.644201 3.654041 3.654041 3.643279 3.643279 3.628394 3.628394 3.619692 3.619692 3.618330 3.618330
2.924806 2.924806 2.916704 2.956371 2.976546 2.976546 2.992375 3.016807 3.016807 3.036180 3.036180 3.052841 3.060475 3.067736 3.077362 3.077362 3.260478 3.353490 3.437092 3.510018 3.572333 3.624482 3.666964 3.700211 3.724554 3.740235 3.747432 3.746305 3.736757 3.716442 3.716442 3.683324 3.613475 3.284213 3.160376 3.160376 3.177433 3.177433 3.295016 3.295016 3.353255 3.457762 3.457762 3.546183 3.546183 3.637613 3.637613 3.637613 3.663963 3.663963 3.664822 3.664822 3.652101 3.652101 3.637016 3.637016 3.625056 3.625056
2.922930 2.922930 2.915878 2.956055 2.976946 2.976946 2.992654 3.016863 3.016863 3.036207 3.036207 3.052848 3.060467 3.067713 3.078300 3.078300 3.312724 3.414201 3.501080 3.574463 3.635831 3.686503 3.727511 3.759607 3.783290 3.798867 3.806495 3.806152 3.796499 3.767150 3.767150 3.688836 3.510494 3.030300 2.973396 2.973396 3.097066 3.097066 3.240521 3.240521 3.304469 3.417666 3.417666 3.513929 3.513929 3.620552 3.620552 3.620552 3.660140 3.660140 3.672397 3.672397 3.664473 3.664473 3.646038 3.646038 3.624941 3.624941
