cruce_test.gid/Rasters/Hydraulic/Velocity__y_118.0.asc
NCOLS        79
NROWS        79
XLLCENTER         -1.500000
YLLCENTER         -4.800000
CELLSIZE           0.100
NODATA_VALUE     -9999.0
[rows 0 to 25 of 79, columns 0 to 58 of 79]
-9999.000 -9999.000 -9999.000 -9999.000 -9999.000 -9999.000 -9999.000 -9999.000 -9999.000 -9999.000 -9999.000 -9999.000 -9999.000 -9999.000 -9999.000 -0.1517508 -0.1506378 -0.1505674 -0.1506625 -0.1508338 -0.1510348 -0.1512331 -0.1514129 -0.1515722 -0.1517363 -0.1519748 -0.1524454 -0.1534528 -0.1554799 -0.1554260 -0.1554260 -9999.000 -9999.000 -9999.000 -9999.000 -9999.000 -9999.000 -9999.000 -9999.000 -9999.000 -9999.000 -9999.000 -9999.000 -9999.000 -9999.000 -9999.000 -9999.000 -9999.000 -9999.000 -9999.000 -9999.000 -9999.000 -9999.000 -9999.000 -9999.000 -9999.000 -9999.000 -9999.000 -9999.000
-9999.000 -9999.000 -9999.000 -9999.000 -9999.000 -9999.000 -9999.000 -9999.000 -9999.000 -9999.000 -9999.000 -9999.000 -9999.000 -9999.000 -9999.000 -0.1496540 -0.1472842 -0.1471177 -0.1473168 -0.1476927 -0.1481455 -0.1486048 -0.1490368 -0.1494393 -0.1498687 -0.1504756 -0.1515933 -0.1538518 -0.1582315 -0.1586783 -0.1586783 -9999.000 -9999.000 -9999.000 -9999.000 -9999.000 -9999.000 -9999.000 -9999.000 -9999.000 -9999.000 -9999.000 -9999.000 -9999.000 -9999.000 -9999.000 -9999.000 -9999.000 -9999.000 -9999.000 -9999.000 -9999.000 -9999.000 -9999.000 -9999.000 -9999.000 -9999.000 -9999.000 -9999.000
-9999.000 -9999.000 -9999.000 -9999.000 -9999.000 -9999.000 -9999.000 -9999.000 -9999.000 -9999.000 -9999.000 -9999.000 -9999.000 -9999.000 -9999.000 -0.1462965 -0.1425656 -0.1422930 -0.1426567 -0.1433511 -0.1442103 -0.1451146 -0.1460067 -0.1468827 -0.1478369 -0.1491164 -0.1512584 -0.1552647 -0.1626709 -0.1643569 -0.1643569 -9999.000 -9999.000 -9999.000 -9999.000 -9999.000 -9999.000 -9999.000 -9999.000 -9999.000 -9999.000 -9999.000 -9999.000 -9999.000 -9999.000 -9999.000 -9999.000 -9999.000 -9999.000 -9999.000 -9999.000 -9999.000 -9999.000 -9999.000 -9999.000 -9999.000 -9999.000 -9999.000 -9999.000
-9999.000 -9999.000 -9999.000 -9999.000 -9999.000 -9999.000 -9999.000 -9999.000 -9999.000 -9999.000 -9999.000 -9999.000 -9999.000 -9999.000 -9999.000 -0.1422511 -0.1372116 -0.1368596 -0.1374411 -0.1385303 -0.1398917 -0.1413524 -0.1428282 -0.1443108 -0.1459300 -0.1480312 -0.1513638 -0.1573249 -0.1680610 -0.1716703 -0.1716703 -9999.000 -9999.000 -9999.000 -9999.000 -9999.000 -9999.000 -9999.000 -9999.000 -9999.000 -9999.000 -9999.000 -9999.000 -9999.000 -9999.000 -9999.000 -9999.000 -9999.000 -9999.000 -9999.000 -9999.000 -9999.000 -9999.000 -9999.000 -9999.000 -9999.000 -9999.000 -9999.000 -9999.000
-9999.000 -9999.000 -9999.000 -9999.000 -9999.000 -9999.000 -9999.000 -9999.000 -9999.000 -9999.000 -9999.000 -9999.000 -9999.000 -9999.000 -9999.000 -0.1376548 -0.1313529 -0.1309414 -0.1317827 -0.1333265 -0.1352642 -0.1373643 -0.1395129 -0.1416949 -0.1440763 -0.1471065 -0.1517621 -0.1598694 -0.1742609 -0.1805530 -0.1805530 -9999.000 -9999.000 -9999.000 -9999.000 -9999.000 -9999.000 -9999.000 -9999.000 -9999.000 -9999.000 -9999.000 -9999.000 -9999.000 -9999.000 -9999.000 -9999.000 -9999.000 -9999.000 -9999.000 -9999.000 -9999.000 -9999.000 -9999.000 -9999.000 -9999.000 -9999.000 -9999.000 -9999.000
-9999.000 -9999.000 -9999.000 -9999.000 -9999.000 -9999.000 -9999.000 -9999.000 -9999.000 -9999.000 -9999.000 -9999.000 -9999.000 -9999.000 -9999.000 -0.1325754 -0.1250619 -0.1246062 -0.1257392 -0.1277848 -0.1303566 -0.1331595 -0.1360475 -0.1389978 -0.1422146 -0.1462596 -0.1523570 -0.1628049 -0.1812181 -0.1910871 -0.1910871 -9999.000 -9999.000 -9999.000 -9999.000 -9999.000 -9999.000 -9999.000 -9999.000 -9999.000 -9999.000 -9999.000 -9999.000 -9999.000 -9999.000 -9999.000 -9999.000 -9999.000 -9999.000 -9999.000 -9999.000 -9999.000 -9999.000 -9999.000 -9999.000 -9999.000 -9999.000 -9999.000 -9999.000
-9999.000 -9999.000 -9999.000 -9999.000 -9999.000 -9999.000 -9999.000 -9999.000 -9999.000 -9999.000 -9999.000 -9999.000 -9999.000 -9999.000 -9999.000 -0.1270304 -0.1183695 -0.1178824 -0.1193325 -0.1219174 -0.1251705 -0.1287266 -0.1324065 -0.1361784 -0.1402886 -0.1454228 -0.1530768 -0.1660741 -0.1889344 -0.2034760 -0.2034760 -9999.000 -9999.000 -9999.000 -9999.000 -9999.000 -9999.000 -9999.000 -9999.000 -9999.000 -9999.000 -9999.000 -9999.000 -9999.000 -9999.000 -9999.000 -9999.000 -9999.000 -9999.000 -9999.000 -9999.000 -9999.000 -9999.000 -9999.000 -9999.000 -9999.000 -9999.000 -9999.000 -9999.000
-9999.000 -9999.000 -9999.000 -9999.000 -9999.000 -9999.000 -9999.000 -9999.000 -9999.000 -9999.000 -9999.000 -9999.000 -9999.000 -9999.000 -9999.000 -0.1210020 -0.1112776 -0.1107718 -0.1125592 -0.1157151 -0.1196887 -0.1240396 -0.1285536 -0.1331894 -0.1382411 -0.1445314 -0.1538588 -0.1696372 -0.1974472 -0.2180467 -0.2180467 -9999.000 -9999.000 -9999.000 -9999.000 -9999.000 -9999.000 -9999.000 -9999.000 -9999.000 -9999.000 -9999.000 -9999.000 -9999.000 -9999.000 -9999.000 -9999.000 -9999.000 -9999.000 -9999.000 -9999.000 -9999.000 -9999.000 -9999.000 -9999.000 -9999.000 -9999.000 -9999.000 -9999.000
-9999.000 -9999.000 -9999.000 -9999.000 -9999.000 -9999.000 -9999.000 -9999.000 -9999.000 -9999.000 -9999.000 -9999.000 -9999.000 -9999.000 -9999.000 -0.1144463 -0.1037683 -0.1032563 -0.1053979 -0.1091508 -0.1138783 -0.1190579 -0.1244394 -0.1299726 -0.1360046 -0.1435133 -0.1546363 -0.1734581 -0.2068192 -0.2352797 -0.2352797 -9999.000 -9999.000 -9999.000 -9999.000 -9999.000 -9999.000 -9999.000 -9999.000 -9999.000 -9999.000 -9999.000 -9999.000 -9999.000 -9999.000 -9999.000 -9999.000 -9999.000 -9999.000 -9999.000 -9999.000 -9999.000 -9999.000 -9999.000 -9999.000 -9999.000 -9999.000 -9999.000 -9999.000
-9999.000 -9999.000 -9999.000 -9999.000 -9999.000 -9999.000 -9999.000 -9999.000 -9999.000 -9999.000 -9999.000 -9999.000 -9999.000 -9999.000 -9999.000 -0.1072966 -0.9580626E-01 -0.9530225E-01 -0.9781157E-01 -0.1021826 -0.1076906 -0.1137249 -0.1199983 -0.1264518 -0.1334939 -0.1422779 -0.1553256 -0.1774917 -0.2171314 -0.2558673 -0.2558673 -9999.000 -9999.000 -9999.000 -9999.000 -9999.000 -9999.000 -9999.000 -9999.000 -9999.000 -9999.000 -9999.000 -9999.000 -9999.000 -9999.000 -9999.000 -9999.000 -9999.000 -9999.000 -9999.000 -9999.000 -9999.000 -9999.000 -9999.000 -9999.000 -9999.000 -9999.000 -9999.000 -9999.000
-9999.000 -9999.000 -9999.000 -9999.000 -9999.000 -9999.000 -9999.000 -9999.000 -9999.000 -9999.000 -9999.000 -9999.000 -9999.000 -9999.000 -9999.000 -0.9946226E-01 -0.8733699E-01 -0.8685824E-01 -0.8974630E-01 -0.9475160E-01 -0.1010598 -0.1079642 -0.1151415 -0.1225251 -0.1305937 -0.1407015 -0.1558095 -0.1816674 -0.2284739 -0.2808185 -0.2808185 -9999.000 -9999.000 -9999.000 -9999.000 -9999.000 -9999.000 -9999.000 -9999.000 -9999.000 -9999.000 -9999.000 -9999.000 -9999.000 -9999.000 -9999.000 -9999.000 -9999.000 -9999.000 -9999.000 -9999.000 -9999.000 -9999.000 -9999.000 -9999.000 -9999.000 -9999.000 -9999.000 -9999.000
-9999.000 -9999.000 -9999.000 -9999.000 -9999.000 -9999.000 -9999.000 -9999.000 -9999.000 -9999.000 -9999.000 -9999.000 -9999.000 -9999.000 -9999.000 -0.9081665E-01 -0.7827800E-01 -0.7784587E-01 -0.8112295E-01 -0.8677413E-01 -0.9389360E-01 -0.1016713 -0.1097476 -0.1180507 -0.1271414 -0.1386064 -0.1559126 -0.1858631 -0.2409296 -0.3116498 -0.3116498 -9999.000 -9999.000 -9999.000 -9999.000 -9999.000 -9999.000 -9999.000 -9999.000 -9999.000 -9999.000 -9999.000 -9999.000 -9999.000 -9999.000 -9999.000 -9999.000 -9999.000 -9999.000 -9999.000 -9999.000 -9999.000 -9999.000 -9999.000 -9999.000 -9999.000 -9999.000 -9999.000 -9999.000
-9999.000 -9999.000 -9999.000 -9999.000 -9999.000 -9999.000 -9999.000 -9999.000 -9999.000 -9999.000 -9999.000 -9999.000 -9999.000 -9999.000 -9999.000 -0.8117940E-01 -0.6850045E-01 -0.6814201E-01 -0.7181805E-01 -0.7812326E-01 -0.8605617E-01 -0.9469440E-01 -0.1036413 -0.1128233 -0.1228983 -0.1357241 -0.1553579 -0.1898580 -0.2545364 -0.3507420 -0.3507420 -9999.000 -9999.000 -9999.000 -9999.000 -9999.000 -9999.000 -9999.000 -9999.000 -9999.000 -9999.000 -9999.000 -9999.000 -9999.000 -9999.000 -9999.000 -9999.000 -9999.000 -9999.000 -9999.000 -9999.000 -9999.000 -9999.000 -9999.000 -9999.000 -9999.000 -9999.000 -9999.000 -9999.000
-9999.000 -9999.000 -9999.000 -9999.000 -9999.000 -9999.000 -9999.000 -9999.000 -9999.000 -9999.000 -9999.000 -9999.000 -9999.000 -9999.000 -9999.000 -0.7023261E-01 -0.5776757E-01 -0.5752521E-01 -0.6161960E-01 -0.6859048E-01 -0.7733381E-01 -0.8680326E-01 -0.9656110E-01 -0.1065367 -0.1175026 -0.1316360 -0.1536889 -0.1932382 -0.2691975 -0.4020876 -0.4020876 -9999.000 -9999.000 -9999.000 -9999.000 -9999.000 -9999.000 -9999.000 -9999.000 -9999.000 -9999.000 -9999.000 -9999.000 -9999.000 -9999.000 -9999.000 -9999.000 -9999.000 -9999.000 -9999.000 -9999.000 -9999.000 -9999.000 -9999.000 -9999.000 -9999.000 -9999.000 -9999.000 -9999.000
-9999.000 -9999.000 -9999.000 -9999.000 -9999.000 -9999.000 -9999.000 -9999.000 -9999.000 -9999.000 -9999.000 -9999.000 -9999.000 -9999.000 -9999.000 -0.5069372E-01 -0.4290956E-01 -0.4431336E-01 -0.4990676E-01 -0.5828528E-01 -0.6830465E-01 -0.7884908E-01 -0.8949310E-01 -0.1002216 -0.1119745 -0.1273137 -0.1517922 -0.1967755 -0.2856264 -0.4714355 -0.4714355 -9999.000 -9999.000 -9999.000 -9999.000 -9999.000 -9999.000 -9999.000 -9999.000 -9999.000 -9999.000 -9999.000 -9999.000 -9999.000 -9999.000 -9999.000 -9999.000 -9999.000 -9999.000 -9999.000 -9999.000 -9999.000 -9999.000 -9999.000 -9999.000 -9999.000 -9999.000 -9999.000 -9999.000
-0.2071901E-02 -0.2071901E-02 -0.5217283E-02 -0.5265719E-02 -0.5230306E-02 -0.5230306E-02 -0.5204942E-02 -0.5175551E-02 -0.5175551E-02 -0.5152904E-02 -0.5152904E-02 -0.5124773E-02 -0.5108300E-02 -0.5090711E-02 -0.5072616E-02 -0.5072616E-02 -0.4904164E-01 -0.5512529E-01 -0.6447434E-01 -0.7770945E-01 -0.9373984E-01 -0.1109396 -0.1282026 -0.1447874 -0.1606551 -0.1770020 -0.1974063 -0.2302883 -0.2932049 -0.4480156 -0.4480156 -0.2248613 -0.1074851 -0.2049395E-01 -0.9496525E-02 -0.9496525E-02 -0.9421363E-03 -0.9421363E-03 0.8922681E-02 0.8922681E-02 -0.1074417E-01 -0.2556248E-01 -0.2556248E-01 -0.3020752E-02 -0.3020752E-02 0.9477598E-02 0.9477598E-02 0.9477598E-02 0.1079388E-01 0.1079388E-01 0.8380004E-02 0.8380004E-02 0.6085533E-02 0.6085533E-02 0.3917108E-02 0.3917108E-02 0.2037590E-02 0.2037590E-02 0.2037590E-02
-0.3164096E-02 -0.3164096E-02 -0.7731689E-02 -0.7518099E-02 -0.7390884E-02 -0.7390884E-02 -0.7320269E-02 -0.7274117E-02 -0.7274117E-02 -0.7264469E-02 -0.7264469E-02 -0.7246571E-02 -0.7232718E-02 -0.7216547E-02 -0.7199063E-02 -0.7199063E-02 -0.6674906E-01 -0.7903638E-01 -0.9453755E-01 -0.1153901 -0.1407719 -0.1689149 -0.1981007 -0.2267352 -0.2535011 -0.2774974 -0.2988834 -0.3204187 -0.3473546 -0.3920332 -0.3920332 -0.2439764 -0.1426131 -0.4782797E-01 -0.2881979E-01 -0.2881979E-01 -0.7306680E-03 -0.7306680E-03 0.3523540E-01 0.3523540E-01 0.1981450E-01 -0.1800282E-01 -0.1800282E-01 0.3161093E-04 0.3161093E-04 0.1864025E-01 0.1864025E-01 0.1864025E-01 0.1789433E-01 0.1789433E-01 0.1527687E-01 0.1527687E-01 0.1104464E-01 0.1104464E-01 0.6883835E-02 0.6883835E-02 0.3479716E-02 0.3479716E-02 0.3479716E-02
-0.2576172E-02 -0.2576172E-02 -0.6220843E-02 -0.6442109E-02 -0.6285925E-02 -0.6285925E-02 -0.6185329E-02 -0.6129700E-02 -0.6129700E-02 -0.6146774E-02 -0.6146774E-02 -0.6157807E-02 -0.6156471E-02 -0.6151753E-02 -0.6145282E-02 -0.6145282E-02 -0.6201233E-01 -0.8134644E-01 -0.1019928 -0.1274706 -0.1580531 -0.1928357 -0.2303074 -0.2688406 -0.3067784 -0.3424193 -0.3742922 -0.4019700 -0.4252490 -0.4425535 -0.4425535 -0.3456500 -0.2576841 -0.1362989 -0.9349784E-01 -0.9349784E-01 -0.1264155E-01 -0.1264155E-01 0.7361215E-01 0.7361215E-01 0.9095060E-01 0.4825355E-01 0.4825355E-01 0.2393559E-01 0.2393559E-01 0.2644682E-01 0.2644682E-01 0.2644682E-01 0.2055140E-01 0.2055140E-01 0.1678800E-01 0.1678800E-01 0.1101208E-01 0.1101208E-01 0.5591818E-02 0.5591818E-02 0.1691555E-02 0.1691555E-02 0.1691555E-02
-0.2013858E-02 -0.2013858E-02 -0.4814371E-02 -0.5249972E-02 -0.5088278E-02 -0.5088278E-02 -0.4969174E-02 -0.4894278E-02 -0.4894278E-02 -0.4913278E-02 -0.4913278E-02 -0.4929482E-02 -0.4930004E-02 -0.4926783E-02 -0.4921591E-02 -0.4921591E-02 -0.5383870E-01 -0.7916059E-01 -0.1047856 -0.1340085 -0.1678871 -0.2062005 -0.2479686 -0.2919250 -0.3366135 -0.3804369 -0.4216029 -0.4579306 -0.4873769 -0.5047563 -0.5047563 -0.4383890 -0.3664948 -0.2342750 -0.1697118 -0.1697118 -0.2945934E-01 -0.2945934E-01 0.1060117 0.1060117 0.1472368 0.1305840 0.1305840 0.6887057E-01 0.6887057E-01 0.3491362E-01 0.3491362E-01 0.3491362E-01 0.2161619E-01 0.2161619E-01 0.1314020E-01 0.1314020E-01 0.5506211E-02 0.5506211E-02 -0.4682477E-03 -0.4682477E-03 -0.3905624E-02 -0.3905624E-02 -0.3905624E-02
-0.1481018E-02 -0.1481018E-02 -0.3515902E-02 -0.3996453E-02 -0.3855462E-02 -0.3855462E-02 -0.3741256E-02 -0.3663775E-02 -0.3663775E-02 -0.3680921E-02 -0.3680921E-02 -0.3697704E-02 -0.3698949E-02 -0.3696706E-02 -0.3692459E-02 -0.3692459E-02 -0.4616182E-01 -0.7641535E-01 -0.1074394 -0.1409053 -0.1780550 -0.2191516 -0.2637042 -0.3108456 -0.3594481 -0.4081659 -0.4552937 -0.4984073 -0.5347117 -0.5580477 -0.5580477 -0.5165653 -0.4591619 -0.3170038 -0.2298902 -0.2298902 -0.3623409E-01 -0.3623409E-01 0.1275097 0.1275097 0.1785901 0.1899057 0.1899057 0.1193965 0.1193965 0.4698179E-01 0.4698179E-01 0.4698179E-01 0.2256791E-01 0.2256791E-01 0.7942745E-02 0.7942745E-02 -0.2066439E-02 -0.2066439E-02 -0.8373042E-02 -0.8373042E-02 -0.1089481E-01 -0.1089481E-01 -0.1089481E-01
-0.9727267E-03 -0.9727267E-03 -0.2298824E-02 -0.2693176E-02 -0.2590724E-02 -0.2590724E-02 -0.2502047E-02 -0.2439063E-02 -0.2439063E-02 -0.2451709E-02 -0.2451709E-02 -0.2465314E-02 -0.2466697E-02 -0.2465266E-02 -0.2462239E-02 -0.2462239E-02 -0.4029296E-01 -0.7445300E-01 -0.1111397 -0.1496670 -0.1907751 -0.2349274 -0.2820196 -0.3315540 -0.3827343 -0.4345045 -0.4853961 -0.5331371 -0.5747446 -0.6038911 -0.6038911 -0.5816617 -0.5333654 -0.3675576 -0.2553673 -0.2553673 -0.2853016E-01 -0.2853016E-01 0.1353967 0.1353967 0.1859049 0.2161285 0.2161285 0.1606835 0.1606835 0.6279519E-01 0.6279519E-01 0.6279519E-01 0.2544857E-01 0.2544857E-01 0.3334742E-02 0.3334742E-02 -0.9820156E-02 -0.9820156E-02 -0.1660638E-01 -0.1660638E-01 -0.1800894E-01 -0.1800894E-01 -0.1800894E-01
-0.4818711E-03 -0.4818711E-03 -0.1135823E-02 -0.1355361E-02 -0.1301906E-02 -0.1301906E-02 -0.1253619E-02 -0.1218468E-02 -0.1218468E-02 -0.1225100E-02 -0.1225100E-02 -0.1232733E-02 -0.1233540E-02 -0.1232794E-02 -0.1231338E-02 -0.1231338E-02 -0.3716780E-01 -0.7465822E-01 -0.1170187 -0.1613019 -0.2071942 -0.2550094 -0.3048829 -0.3566521 -0.4098561 -0.4637442 -0.5171315 -0.5680290 -0.6134951 -0.6469654 -0.6469654 -0.6360252 -0.5857643 -0.3736724 -0.2415536 -0.2415536 -0.1494658E-01 -0.1494658E-01 0.1292765 0.1292765 0.1746913 0.2149970 0.2149970 0.1836300 0.1836300 0.7995540E-01 0.7995540E-01 0.7995540E-01 0.3088315E-01 0.3088315E-01 0.6214679E-03 0.6214679E-03 -0.1643865E-01 -0.1643865E-01 -0.2402371E-01 -0.2402371E-01 -0.2430839E-01 -0.2430839E-01 -0.2430839E-01
0.6966886E-07 0.6966886E-07 0.4543008E-07 0.9460637E-07 0.7079296E-07 0.7079296E-07 -0.4997685E-07 -0.6818816E-07 -0.6818816E-07 -0.2957762E-07 -0.2957762E-07 -0.1272334E-07 0.6188246E-07 0.9397154E-07 0.6963904E-07 0.6963904E-07 -0.3764598E-01 -0.7869429E-01 -0.1267309 -0.1772320 -0.2286260 -0.2807533 -0.3337954 -0.3878586 -0.4428215 -0.4982697 -0.5533460 -0.6064007 -0.6545436 -0.6899089 -0.6899089 -0.6785407 -0.6061242 -0.3354192 -0.2023329 -0.2023329 -0.6511973E-02 -0.6511973E-02 0.1123159 0.1123159 0.1521071 0.1966139 0.1966139 0.1869725 0.1869725 0.9442927E-01 0.9442927E-01 0.9442927E-01 0.3797207E-01 0.3797207E-01 0.3167145E-03 0.3167145E-03 -0.2095962E-01 -0.2095962E-01 -0.2964861E-01 -0.2964861E-01 -0.2899811E-01 -0.2899811E-01 -0.2899811E-01
0.4818884E-03 0.4818884E-03 0.1135809E-02 0.1355541E-02 0.1302031E-02 0.1302031E-02 0.1253730E-02 0.1218397E-02 0.1218397E-02 0.1225085E-02 0.1225085E-02 0.1232734E-02 0.1233642E-02 0.1232969E-02 0.1231399E-02 0.1231399E-02 -0.4277965E-01 -0.8857470E-01 -0.1425978 -0.1996023 -0.2569680 -0.3139059 -0.3704580 -0.4268965 -0.4834135 -0.5399551 -0.5960407 -0.6503982 -0.6999308 -0.7322675 -0.7322675 -0.6987769 -0.5763819 -0.2735003 -0.1608062 -0.1608062 -0.6906654E-02 -0.6906654E-02 0.8985186E-01 0.8985186E-01 0.1246529 0.1693863 0.1693863 0.1747252 0.1747252 0.1023959 0.1023959 0.1023959 0.4470234E-01 0.4470234E-01 0.2125263E-02 0.2125263E-02 -0.2282285E-01 -0.2282285E-01 -0.3269818E-01 -0.3269818E-01 -0.3140702E-01 -0.3140702E-01 -0.3140702E-01
0.9727535E-03 0.9727535E-03 0.2298727E-02 0.2693275E-02 0.2590861E-02 0.2590861E-02 0.2502199E-02 0.2439042E-02 0.2439042E-02 0.2451717E-02 0.2451717E-02 0.2465312E-02 0.2466730E-02 0.2465343E-02 0.2462341E-02 0.2462341E-02 -0.5420763E-01 -0.1069272 -0.1677853 -0.2315308 -0.2950150 -0.3569300 -0.4170962 -0.4758499 -0.5336367 -0.5907546 -0.6471286 -0.7018496 -0.7505751 -0.7670453 -0.7670453 -0.6707106 -0.4891407 -0.2160754 -0.1304392 -0.1304392 -0.1248877E-01 -0.1248877E-01 0.6671973E-01 0.6671973E-01 0.9678932E-01 0.1386742 0.1386742 0.1522660 0.1522660 0.1017480 0.1017480 0.1017480 0.4877523E-01 0.4877523E-01 0.5106309E-02 0.5106309E-02 -0.2191919E-01 -0.2191919E-01 -0.3264334E-01 -0.3264334E-01 -0.3103203E-01 -0.3103203E-01 -0.3103203E-01
0.1481096E-02 0.1481096E-02 0.3515861E-02 0.3996422E-02 0.3855597E-02 0.3855597E-02 0.3741292E-02 0.3663897E-02 0.3663897E-02 0.3680864E-02 0.3680864E-02 0.3697603E-02 0.3698977E-02 0.3696684E-02 0.3692524E-02 0.3692524E-02 -0.7479668E-01 -0.1375943 -0.2067203 -0.2774655 -0.3468337 -0.4133811 -0.4768032 -0.5374628 -0.5959927 -0.6529982 -0.7087973 -0.7626311 -0.8049855 -0.7694832 -0.7694832 -0.5664857 -0.3773236 -0.1745796 -0.1108749 -0.1108749 -0.1814634E-01 -0.1814634E-01 0.4587628E-01 0.4587628E-01 0.7092181E-01 0.1075112 0.1075112 0.1241642 0.1241642 0.9250481E-01 0.9250481E-01 0.9250481E-01 0.4849807E-01 0.4849807E-01 0.8049247E-02 0.8049247E-02 -0.1854377E-01 -0.1854377E-01 -0.2928022E-01 -0.2928022E-01 -0.2761914E-01 -0.2761914E-01 -0.2761914E-01
