cruce_test.gid/Rasters/Hydraulic/Velocity__x_247.0.asc
NCOLS        79
NROWS        79
XLLCENTER         -1.500000
YLLCENTER         -4.800000
CELLSIZE           0.100
NODATA_VALUE     -9999.0
[rows 0 to 25 of 79, columns 0 to 57 of 79]
-9999.000 -9999.000 -9999.000 -9999.000 -9999.000 -9999.000 -9999.000 -9999.000 -9999.000 -9999.000 -9999.000 -9999.000 -9999.000 -9999.000 -9999.000 -0.1183092E-02 -0.4823147E-03 0.2982515E-02 0.7571956E-02 0.1208513E-01 0.1572554E-01 0.1827111E-01 0.1970940E-01 0.2012997E-01 0.1967188E-01 0.1844641E-01 0.1652582E-01 0.1383303E-01 0.9737477E-02 0.4774252E-02 0.4774252E-02 -9999.000 -9999.000 -9999.000 -9999.000 -9999.000 -9999.000 -9999.000 -9999.000 -9999.000 -9999.000 -9999.000 -9999.000 -9999.000 -9999.000 -9999.000 -9999.000 -9999.000 -9999.000 -9999.000 -9999.000 -9999.000 -9999.000 -9999.000 -9999.000 -9999.000 -9999.000 -9999.000
-9999.000 -9999.000 -9999.000 -9999.000 -9999.000 -9999.000 -9999.000 -9999.000 -9999.000 -9999.000 -9999.000 -9999.000 -9999.000 -9999.000 -9999.000 0.6761951E-04 0.1987218E-02 0.6518642E-02 0.1203968E-01 0.1739098E-01 0.2176238E-01 0.2486652E-01 0.2662598E-01 0.2708007E-01 0.2633444E-01 0.2448767E-01 0.2161994E-01 0.1769439E-01 0.1221055E-01 0.5967662E-02 0.5967662E-02 -9999.000 -9999.000 -9999.000 -9999.000 -9999.000 -9999.000 -9999.000 -9999.000 -9999.000 -9999.000 -9999.000 -9999.000 -9999.000 -9999.000 -9999.000 -9999.000 -9999.000 -9999.000 -9999.000 -9999.000 -9999.000 -9999.000 -9999.000 -9999.000 -9999.000 -9999.000 -9999.000
-9999.000 -9999.000 -9999.000 -9999.000 -9999.000 -9999.000 -9999.000 -9999.000 -9999.000 -9999.000 -9999.000 -9999.000 -9999.000 -9999.000 -9999.000 0.5417473E-03 0.3016616E-02 0.8189397E-02 0.1431505E-01 0.2019311E-01 0.2498115E-01 0.2837473E-01 0.3028359E-01 0.3074009E-01 0.2984872E-01 0.2771212E-01 0.2442097E-01 0.1995098E-01 0.1379835E-01 0.6781705E-02 0.6781705E-02 -9999.000 -9999.000 -9999.000 -9999.000 -9999.000 -9999.000 -9999.000 -9999.000 -9999.000 -9999.000 -9999.000 -9999.000 -9999.000 -9999.000 -9999.000 -9999.000 -9999.000 -9999.000 -9999.000 -9999.000 -9999.000 -9999.000 -9999.000 -9999.000 -9999.000 -9999.000 -9999.000
-9999.000 -9999.000 -9999.000 -9999.000 -9999.000 -9999.000 -9999.000 -9999.000 -9999.000 -9999.000 -9999.000 -9999.000 -9999.000 -9999.000 -9999.000 0.7880646E-03 0.3578329E-02 0.9147436E-02 0.1566417E-01 0.2188895E-01 0.2695332E-01 0.3054368E-01 0.3256429E-01 0.3304609E-01 0.3209599E-01 0.2981840E-01 0.2630901E-01 0.2154397E-01 0.1499295E-01 0.7423806E-02 0.7423806E-02 -9999.000 -9999.000 -9999.000 -9999.000 -9999.000 -9999.000 -9999.000 -9999.000 -9999.000 -9999.000 -9999.000 -9999.000 -9999.000 -9999.000 -9999.000 -9999.000 -9999.000 -9999.000 -9999.000 -9999.000 -9999.000 -9999.000 -9999.000 -9999.000 -9999.000 -9999.000 -9999.000
-9999.000 -9999.000 -9999.000 -9999.000 -9999.000 -9999.000 -9999.000 -9999.000 -9999.000 -9999.000 -9999.000 -9999.000 -9999.000 -9999.000 -9999.000 0.9562329E-03 0.3975667E-02 0.9845543E-02 0.1666546E-01 0.2316120E-01 0.2844271E-01 0.3219238E-01 0.3431237E-01 0.3483428E-01 0.3386744E-01 0.3151738E-01 0.2788108E-01 0.2292932E-01 0.1609183E-01 0.8037414E-02 0.8037414E-02 -9999.000 -9999.000 -9999.000 -9999.000 -9999.000 -9999.000 -9999.000 -9999.000 -9999.000 -9999.000 -9999.000 -9999.000 -9999.000 -9999.000 -9999.000 -9999.000 -9999.000 -9999.000 -9999.000 -9999.000 -9999.000 -9999.000 -9999.000 -9999.000 -9999.000 -9999.000 -9999.000
-9999.000 -9999.000 -9999.000 -9999.000 -9999.000 -9999.000 -9999.000 -9999.000 -9999.000 -9999.000 -9999.000 -9999.000 -9999.000 -9999.000 -9999.000 0.1109469E-02 0.4338091E-02 0.1048248E-01 0.1757824E-01 0.2431875E-01 0.2979594E-01 0.3369204E-01 0.3590881E-01 0.3648064E-01 0.3551975E-01 0.3313144E-01 0.2941277E-01 0.2432523E-01 0.1724612E-01 0.8699547E-02 0.8699547E-02 -9999.000 -9999.000 -9999.000 -9999.000 -9999.000 -9999.000 -9999.000 -9999.000 -9999.000 -9999.000 -9999.000 -9999.000 -9999.000 -9999.000 -9999.000 -9999.000 -9999.000 -9999.000 -9999.000 -9999.000 -9999.000 -9999.000 -9999.000 -9999.000 -9999.000 -9999.000 -9999.000
-9999.000 -9999.000 -9999.000 -9999.000 -9999.000 -9999.000 -9999.000 -9999.000 -9999.000 -9999.000 -9999.000 -9999.000 -9999.000 -9999.000 -9999.000 0.1276467E-02 0.4726037E-02 0.1115032E-01 0.1852263E-01 0.2550504E-01 0.3117419E-01 0.3521580E-01 0.3753307E-01 0.3816418E-01 0.3722535E-01 0.3482059E-01 0.3104608E-01 0.2585043E-01 0.1854608E-01 0.9459829E-02 0.9459829E-02 -9999.000 -9999.000 -9999.000 -9999.000 -9999.000 -9999.000 -9999.000 -9999.000 -9999.000 -9999.000 -9999.000 -9999.000 -9999.000 -9999.000 -9999.000 -9999.000 -9999.000 -9999.000 -9999.000 -9999.000 -9999.000 -9999.000 -9999.000 -9999.000 -9999.000 -9999.000 -9999.000
-9999.000 -9999.000 -9999.000 -9999.000 -9999.000 -9999.000 -9999.000 -9999.000 -9999.000 -9999.000 -9999.000 -9999.000 -9999.000 -9999.000 -9999.000 0.1472892E-02 0.5170971E-02 0.1189709E-01 0.1956118E-01 0.2679461E-01 0.3266104E-01 0.3685441E-01 0.3928026E-01 0.3998210E-01 0.3908100E-01 0.3667869E-01 0.3287030E-01 0.2758757E-01 0.2006323E-01 0.1036130E-01 0.1036130E-01 -9999.000 -9999.000 -9999.000 -9999.000 -9999.000 -9999.000 -9999.000 -9999.000 -9999.000 -9999.000 -9999.000 -9999.000 -9999.000 -9999.000 -9999.000 -9999.000 -9999.000 -9999.000 -9999.000 -9999.000 -9999.000 -9999.000 -9999.000 -9999.000 -9999.000 -9999.000 -9999.000
-9999.000 -9999.000 -9999.000 -9999.000 -9999.000 -9999.000 -9999.000 -9999.000 -9999.000 -9999.000 -9999.000 -9999.000 -9999.000 -9999.000 -9999.000 0.1709349E-02 0.5694521E-02 0.1275481E-01 0.2073442E-01 0.2823543E-01 0.3431115E-01 0.3866737E-01 0.4121420E-01 0.4200203E-01 0.4115715E-01 0.3877922E-01 0.3496079E-01 0.2961320E-01 0.2187266E-01 0.1145179E-01 0.1145179E-01 -9999.000 -9999.000 -9999.000 -9999.000 -9999.000 -9999.000 -9999.000 -9999.000 -9999.000 -9999.000 -9999.000 -9999.000 -9999.000 -9999.000 -9999.000 -9999.000 -9999.000 -9999.000 -9999.000 -9999.000 -9999.000 -9999.000 -9999.000 -9999.000 -9999.000 -9999.000 -9999.000
-9999.000 -9999.000 -9999.000 -9999.000 -9999.000 -9999.000 -9999.000 -9999.000 -9999.000 -9999.000 -9999.000 -9999.000 -9999.000 -9999.000 -9999.000 0.1994935E-02 0.6315270E-02 0.1375151E-01 0.2207889E-01 0.2987073E-01 0.3617314E-01 0.4070872E-01 0.4339401E-01 0.4428809E-01 0.4352434E-01 0.4119838E-01 0.3740044E-01 0.3201740E-01 0.2406752E-01 0.1279325E-01 0.1279325E-01 -9999.000 -9999.000 -9999.000 -9999.000 -9999.000 -9999.000 -9999.000 -9999.000 -9999.000 -9999.000 -9999.000 -9999.000 -9999.000 -9999.000 -9999.000 -9999.000 -9999.000 -9999.000 -9999.000 -9999.000 -9999.000 -9999.000 -9999.000 -9999.000 -9999.000 -9999.000 -9999.000
-9999.000 -9999.000 -9999.000 -9999.000 -9999.000 -9999.000 -9999.000 -9999.000 -9999.000 -9999.000 -9999.000 -9999.000 -9999.000 -9999.000 -9999.000 0.2339917E-02 0.7054127E-02 0.1491878E-01 0.2363546E-01 0.3174919E-01 0.3830240E-01 0.4304090E-01 0.4588908E-01 0.4691778E-01 0.4626839E-01 0.4403216E-01 0.4029709E-01 0.3491966E-01 0.2677593E-01 0.1447141E-01 0.1447141E-01 -9999.000 -9999.000 -9999.000 -9999.000 -9999.000 -9999.000 -9999.000 -9999.000 -9999.000 -9999.000 -9999.000 -9999.000 -9999.000 -9999.000 -9999.000 -9999.000 -9999.000 -9999.000 -9999.000 -9999.000 -9999.000 -9999.000 -9999.000 -9999.000 -9999.000 -9999.000 -9999.000
-9999.000 -9999.000 -9999.000 -9999.000 -9999.000 -9999.000 -9999.000 -9999.000 -9999.000 -9999.000 -9999.000 -9999.000 -9999.000 -9999.000 -9999.000 0.2757000E-02 0.7937848E-02 0.1629693E-01 0.2545696E-01 0.3393431E-01 0.4077187E-01 0.4574567E-01 0.4879110E-01 0.4999376E-01 0.4950527E-01 0.4741205E-01 0.4379985E-01 0.3848903E-01 0.3018294E-01 0.1661196E-01 0.1661196E-01 -9999.000 -9999.000 -9999.000 -9999.000 -9999.000 -9999.000 -9999.000 -9999.000 -9999.000 -9999.000 -9999.000 -9999.000 -9999.000 -9999.000 -9999.000 -9999.000 -9999.000 -9999.000 -9999.000 -9999.000 -9999.000 -9999.000 -9999.000 -9999.000 -9999.000 -9999.000 -9999.000
-9999.000 -9999.000 -9999.000 -9999.000 -9999.000 -9999.000 -9999.000 -9999.000 -9999.000 -9999.000 -9999.000 -9999.000 -9999.000 -9999.000 -9999.000 0.3286308E-02 0.9050624E-02 0.1802003E-01 0.2771118E-01 0.3659561E-01 0.4375458E-01 0.4899945E-01 0.5228063E-01 0.5370370E-01 0.5343351E-01 0.5155176E-01 0.4814392E-01 0.4298591E-01 0.3457039E-01 0.1940447E-01 0.1940447E-01 -9999.000 -9999.000 -9999.000 -9999.000 -9999.000 -9999.000 -9999.000 -9999.000 -9999.000 -9999.000 -9999.000 -9999.000 -9999.000 -9999.000 -9999.000 -9999.000 -9999.000 -9999.000 -9999.000 -9999.000 -9999.000 -9999.000 -9999.000 -9999.000 -9999.000 -9999.000 -9999.000
-9999.000 -9999.000 -9999.000 -9999.000 -9999.000 -9999.000 -9999.000 -9999.000 -9999.000 -9999.000 -9999.000 -9999.000 -9999.000 -9999.000 -9999.000 0.5081758E-02 0.1284121E-01 0.2387108E-01 0.3437384E-01 0.4320621E-01 0.5029846E-01 0.5542204E-01 0.5857581E-01 0.5990937E-01 0.5961051E-01 0.5775451E-01 0.5442419E-01 0.4933516E-01 0.4071108E-01 0.2331870E-01 0.2331870E-01 -9999.000 -9999.000 -9999.000 -9999.000 -9999.000 -9999.000 -9999.000 -9999.000 -9999.000 -9999.000 -9999.000 -9999.000 -9999.000 -9999.000 -9999.000 -9999.000 -9999.000 -9999.000 -9999.000 -9999.000 -9999.000 -9999.000 -9999.000 -9999.000 -9999.000 -9999.000 -9999.000
-9999.000 -9999.000 -9999.000 -9999.000 -9999.000 -9999.000 -9999.000 -9999.000 -9999.000 -9999.000 -9999.000 -9999.000 -9999.000 -9999.000 -9999.000 0.9301539E-01 0.1421688 0.1657678 0.1579930 0.1369419 0.1215816 0.1080577 0.9623579E-01 0.8602130E-01 0.7704952E-01 0.6890997E-01 0.6123903E-01 0.5328800E-01 0.4273192E-01 0.2078014E-01 0.2078014E-01 -9999.000 -9999.000 -9999.000 -9999.000 -9999.000 -9999.000 -9999.000 -9999.000 -9999.000 -9999.000 -9999.000 -9999.000 -9999.000 -9999.000 -9999.000 -9999.000 -9999.000 -9999.000 -9999.000 -9999.000 -9999.000 -9999.000 -9999.000 -9999.000 -9999.000 -9999.000 -9999.000
2.849358 2.849358 2.861109 2.867855 2.887508 2.887508 2.890289 2.890069 2.890069 2.886232 2.886232 2.879910 2.876067 2.871874 2.867720 2.867720 3.015584 3.019932 3.021195 3.012549 2.976970 2.918495 2.836963 2.730074 2.601842 2.453909 2.289561 2.117737 1.962703 1.893826 1.893826 2.740000 2.919081 3.023987 3.050379 3.050379 3.086408 3.086408 3.073475 3.073475 3.031800 2.856262 2.856262 2.513890 2.513890 2.144058 2.144058 2.144058 2.121178 2.121178 2.150221 2.150221 2.197681 2.197681 2.247947 2.247947 2.293332 2.293332
2.872592 2.872592 2.892460 2.922413 2.949242 2.949242 2.963992 2.986668 2.986668 3.005294 3.005294 3.021244 3.028469 3.035293 3.042083 3.042083 3.151877 3.171065 3.186806 3.199142 3.204475 3.202672 3.191735 3.168176 3.130126 3.075274 3.002048 2.911297 2.809710 2.727158 2.727158 3.181997 3.342788 3.498095 3.540480 3.540480 3.589709 3.589709 3.593903 3.593903 3.574340 3.475101 3.475101 3.278627 3.278627 2.980511 2.980511 2.980511 2.954496 2.954496 2.985672 2.985672 3.036031 3.036031 3.088821 3.088821 3.137198 3.137198
2.877863 2.877863 2.893955 2.924387 2.948967 2.948967 2.964382 2.987928 2.987928 3.007185 3.007185 3.023841 3.031460 3.038709 3.045982 3.045982 3.143948 3.175714 3.203254 3.226931 3.245269 3.258327 3.265775 3.266289 3.258871 3.241981 3.213872 3.173772 3.124494 3.084049 3.084049 3.341194 3.498285 3.680524 3.733967 3.733967 3.790490 3.790490 3.783943 3.783943 3.755950 3.655915 3.655915 3.513210 3.513210 3.272610 3.272610 3.272610 3.231408 3.231408 3.249807 3.249807 3.291420 3.291420 3.338057 3.338057 3.381899 3.381899
2.881592 2.881592 2.894683 2.925090 2.948084 2.948084 2.963897 2.987876 2.987876 3.007150 3.007150 3.023771 3.031382 3.038628 3.045974 3.045974 3.136474 3.178655 3.217104 3.250878 3.278710 3.300324 3.315723 3.324591 3.326834 3.322164 3.310032 3.290202 3.264479 3.244456 3.244456 3.400531 3.539431 3.729986 3.789637 3.789637 3.844688 3.844688 3.816393 3.816393 3.776774 3.681030 3.681030 3.587184 3.587184 3.411222 3.411222 3.411222 3.359473 3.359473 3.363338 3.363338 3.395576 3.395576 3.436875 3.436875 3.477376 3.477376
2.883823 2.883823 2.891873 2.925143 2.947223 2.947223 2.963418 2.987861 2.987861 3.007190 3.007190 3.023819 3.031440 3.038698 3.046170 3.046170 3.133860 3.184842 3.233031 3.276118 3.312650 3.342042 3.364176 3.378973 3.386568 3.387165 3.380931 3.368274 3.350934 3.337073 3.337073 3.432189 3.546218 3.727273 3.784006 3.784006 3.817082 3.817082 3.758444 3.758444 3.714623 3.645387 3.645387 3.602313 3.602313 3.493666 3.493666 3.493666 3.440335 3.440335 3.429860 3.429860 3.450167 3.450167 3.484147 3.484147 3.520122 3.520122
2.884548 2.884548 2.893373 2.924905 2.946520 2.946520 2.963027 2.987847 2.987847 3.007204 3.007204 3.023810 3.031422 3.038674 3.046309 3.046309 3.136781 3.195652 3.252434 3.303803 3.348097 3.384554 3.412931 3.433171 3.445410 3.449937 3.447128 3.437615 3.423012 3.409265 3.409265 3.463439 3.549346 3.701296 3.741050 3.741050 3.726435 3.726435 3.647245 3.647245 3.616027 3.592932 3.592932 3.595373 3.595373 3.547362 3.547362 3.547362 3.502267 3.502267 3.481720 3.481720 3.489031 3.489031 3.513299 3.513299 3.542672 3.542672
2.881031 2.881031 2.897335 2.924785 2.946183 2.946183 2.962872 2.987908 2.987908 3.007266 3.007266 3.023855 3.031468 3.038725 3.046607 3.046607 3.146311 3.212819 3.277214 3.335698 3.386555 3.429017 3.462801 3.487866 3.504321 3.512419 3.512532 3.505256 3.491911 3.476684 3.476684 3.502301 3.558996 3.656671 3.659260 3.659260 3.583587 3.583587 3.520910 3.520910 3.516874 3.543043 3.543043 3.579977 3.579977 3.581103 3.581103 3.581103 3.551434 3.551434 3.527662 3.527662 3.523563 3.523563 3.536636 3.536636 3.557307 3.557307
2.880703 2.880703 2.898295 2.924617 2.945976 2.945976 2.962754 2.987914 2.987914 3.007303 3.007303 3.023897 3.031510 3.038766 3.046977 3.046977 3.163338 3.237674 3.308836 3.373175 3.429192 3.476287 3.514291 3.543219 3.563199 3.574434 3.577226 3.572044 3.559831 3.543177 3.543177 3.548243 3.574289 3.579087 3.523846 3.523846 3.413587 3.413587 3.408544 3.408544 3.433989 3.498835 3.498835 3.559505 3.559505 3.598540 3.598540 3.598540 3.587659 3.587659 3.567559 3.567559 3.555956 3.555956 3.557885 3.557885 3.568286 3.568286
2.881031 2.881031 2.897335 2.924785 2.946183 2.946183 2.962872 2.987908 2.987908 3.007266 3.007266 3.023855 3.031468 3.038725 3.047399 3.047399 3.189332 3.271951 3.349087 3.417893 3.477436 3.527503 3.568179 3.599637 3.622072 3.635683 3.640697 3.637431 3.626397 3.608373 3.608373 3.596297 3.584503 3.440760 3.330024 3.330024 3.256553 3.256553 3.323797 3.323797 3.370302 3.459631 3.459631 3.536045 3.536045 3.603514 3.603514 3.603514 3.611303 3.611303 3.599839 3.599839 3.585571 3.585571 3.577931 3.577931 3.577328 3.577328
2.884549 2.884549 2.893374 2.924905 2.946519 2.946519 2.963026 2.987846 2.987846 3.007204 3.007204 3.023809 3.031422 3.038674 3.047974 3.047974 3.226519 3.317799 3.399893 3.471473 3.532576 3.583618 3.625087 3.657403 3.680889 3.695781 3.702258 3.700479 3.690367 3.669573 3.669573 3.635517 3.561916 3.226577 3.111474 3.111474 3.141226 3.141226 3.260250 3.260250 3.318212 3.421778 3.421778 3.509055 3.509055 3.597707 3.597707 3.597707 3.621971 3.621971 3.621521 3.621521 3.608639 3.608639 3.594154 3.594154 3.582920 3.582920
2.883823 2.883823 2.891873 2.925144 2.947223 2.947223 2.963418 2.987861 2.987861 3.007190 3.007190 3.023820 3.031440 3.038697 3.048875 3.048875 3.278376 3.378180 3.463606 3.535692 3.595888 3.645485 3.685505 3.716682 3.739510 3.754287 3.761171 3.760138 3.749846 3.719693 3.719693 3.638127 3.451431 2.974662 2.932101 2.932101 3.063112 3.063112 3.206226 3.206226 3.269713 3.381866 3.381866 3.477002 3.477002 3.581182 3.581182 3.581182 3.618780 3.618780 3.629390 3.629390 3.620654 3.620654 3.602241 3.602241 3.581682 3.581682
