cruce_test.gid/Rasters/Hydraulic/Velocity__x_202.0.asc
NCOLS        79
NROWS        79
XLLCENTER         -1.500000
YLLCENTER         -4.800000
CELLSIZE           0.100
NODATA_VALUE     -9999.0
[rows 0 to 25 of 79, columns 0 to 57 of 79]
-9999.000 -9999.000 -9999.000 -9999.000 -9999.000 -9999.000 -9999.000 -9999.000 -9999.000 -9999.000 -9999.000 -9999.000 -9999.000 -9999.000 -9999.000 -0.2543875E-02 -0.3146025E-02 -0.5311199E-03 0.4088776E-02 0.9479651E-02 0.1434739E-01 0.1799482E-01 0.2025943E-01 0.2117408E-01 0.2088654E-01 0.1959112E-01 0.1741962E-01 0.1437341E-01 0.9981158E-02 0.4866115E-02 0.4866115E-02 -9999.000 -9999.000 -9999.000 -9999.000 -9999.000 -9999.000 -9999.000 -9999.000 -9999.000 -9999.000 -9999.000 -9999.000 -9999.000 -9999.000 -9999.000 -9999.000 -9999.000 -9999.000 -9999.000 -9999.000 -9999.000 -9999.000 -9999.000 -9999.000 -9999.000 -9999.000 -9999.000
-9999.000 -9999.000 -9999.000 -9999.000 -9999.000 -9999.000 -9999.000 -9999.000 -9999.000 -9999.000 -9999.000 -9999.000 -9999.000 -9999.000 -9999.000 -0.1339519E-02 -0.7787409E-03 0.2809589E-02 0.8241163E-02 0.1433156E-01 0.1982097E-01 0.2398077E-01 0.2657509E-01 0.2757083E-01 0.2706887E-01 0.2523611E-01 0.2220605E-01 0.1801860E-01 0.1232181E-01 0.5995966E-02 0.5995966E-02 -9999.000 -9999.000 -9999.000 -9999.000 -9999.000 -9999.000 -9999.000 -9999.000 -9999.000 -9999.000 -9999.000 -9999.000 -9999.000 -9999.000 -9999.000 -9999.000 -9999.000 -9999.000 -9999.000 -9999.000 -9999.000 -9999.000 -9999.000 -9999.000 -9999.000 -9999.000 -9999.000
-9999.000 -9999.000 -9999.000 -9999.000 -9999.000 -9999.000 -9999.000 -9999.000 -9999.000 -9999.000 -9999.000 -9999.000 -9999.000 -9999.000 -9999.000 -0.9620553E-03 0.6804639E-04 0.4227473E-02 0.1020688E-01 0.1678200E-01 0.2265934E-01 0.2709408E-01 0.2983911E-01 0.3085166E-01 0.3023081E-01 0.2814740E-01 0.2474195E-01 0.2006580E-01 0.1376598E-01 0.6738462E-02 0.6738462E-02 -9999.000 -9999.000 -9999.000 -9999.000 -9999.000 -9999.000 -9999.000 -9999.000 -9999.000 -9999.000 -9999.000 -9999.000 -9999.000 -9999.000 -9999.000 -9999.000 -9999.000 -9999.000 -9999.000 -9999.000 -9999.000 -9999.000 -9999.000 -9999.000 -9999.000 -9999.000 -9999.000
-9999.000 -9999.000 -9999.000 -9999.000 -9999.000 -9999.000 -9999.000 -9999.000 -9999.000 -9999.000 -9999.000 -9999.000 -9999.000 -9999.000 -9999.000 -0.7943031E-03 0.4892393E-03 0.5002867E-02 0.1134146E-01 0.1823983E-01 0.2437486E-01 0.2899466E-01 0.3184951E-01 0.3289253E-01 0.3222577E-01 0.3002423E-01 0.2642950E-01 0.2149370E-01 0.1484194E-01 0.7319287E-02 0.7319287E-02 -9999.000 -9999.000 -9999.000 -9999.000 -9999.000 -9999.000 -9999.000 -9999.000 -9999.000 -9999.000 -9999.000 -9999.000 -9999.000 -9999.000 -9999.000 -9999.000 -9999.000 -9999.000 -9999.000 -9999.000 -9999.000 -9999.000 -9999.000 -9999.000 -9999.000 -9999.000 -9999.000
-9999.000 -9999.000 -9999.000 -9999.000 -9999.000 -9999.000 -9999.000 -9999.000 -9999.000 -9999.000 -9999.000 -9999.000 -9999.000 -9999.000 -9999.000 -0.6861225E-03 0.7859518E-03 0.5581424E-02 0.1220881E-01 0.1936304E-01 0.2569646E-01 0.3045941E-01 0.3340485E-01 0.3448416E-01 0.3380368E-01 0.3154193E-01 0.2783757E-01 0.2273836E-01 0.1583486E-01 0.7876443E-02 0.7876443E-02 -9999.000 -9999.000 -9999.000 -9999.000 -9999.000 -9999.000 -9999.000 -9999.000 -9999.000 -9999.000 -9999.000 -9999.000 -9999.000 -9999.000 -9999.000 -9999.000 -9999.000 -9999.000 -9999.000 -9999.000 -9999.000 -9999.000 -9999.000 -9999.000 -9999.000 -9999.000 -9999.000
-9999.000 -9999.000 -9999.000 -9999.000 -9999.000 -9999.000 -9999.000 -9999.000 -9999.000 -9999.000 -9999.000 -9999.000 -9999.000 -9999.000 -9999.000 -0.5787482E-03 0.1078856E-02 0.6147378E-02 0.1304840E-01 0.2043611E-01 0.2694217E-01 0.3182707E-01 0.3485186E-01 0.3596781E-01 0.3528746E-01 0.3299250E-01 0.2921591E-01 0.2399730E-01 0.1688117E-01 0.8479576E-02 0.8479576E-02 -9999.000 -9999.000 -9999.000 -9999.000 -9999.000 -9999.000 -9999.000 -9999.000 -9999.000 -9999.000 -9999.000 -9999.000 -9999.000 -9999.000 -9999.000 -9999.000 -9999.000 -9999.000 -9999.000 -9999.000 -9999.000 -9999.000 -9999.000 -9999.000 -9999.000 -9999.000 -9999.000
-9999.000 -9999.000 -9999.000 -9999.000 -9999.000 -9999.000 -9999.000 -9999.000 -9999.000 -9999.000 -9999.000 -9999.000 -9999.000 -9999.000 -9999.000 -0.4447800E-03 0.1423613E-02 0.6784291E-02 0.1396890E-01 0.2158843E-01 0.2825681E-01 0.3325222E-01 0.3634933E-01 0.3750061E-01 0.3682747E-01 0.3451481E-01 0.3068743E-01 0.2537359E-01 0.1805988E-01 0.9171957E-02 0.9171957E-02 -9999.000 -9999.000 -9999.000 -9999.000 -9999.000 -9999.000 -9999.000 -9999.000 -9999.000 -9999.000 -9999.000 -9999.000 -9999.000 -9999.000 -9999.000 -9999.000 -9999.000 -9999.000 -9999.000 -9999.000 -9999.000 -9999.000 -9999.000 -9999.000 -9999.000 -9999.000 -9999.000
-9999.000 -9999.000 -9999.000 -9999.000 -9999.000 -9999.000 -9999.000 -9999.000 -9999.000 -9999.000 -9999.000 -9999.000 -9999.000 -9999.000 -9999.000 -0.2691446E-03 0.1850182E-02 0.7536887E-02 0.1502802E-01 0.2288873E-01 0.2971715E-01 0.3481694E-01 0.3798182E-01 0.3916747E-01 0.3850726E-01 0.3618954E-01 0.3232806E-01 0.2693710E-01 0.1943203E-01 0.9990779E-02 0.9990779E-02 -9999.000 -9999.000 -9999.000 -9999.000 -9999.000 -9999.000 -9999.000 -9999.000 -9999.000 -9999.000 -9999.000 -9999.000 -9999.000 -9999.000 -9999.000 -9999.000 -9999.000 -9999.000 -9999.000 -9999.000 -9999.000 -9999.000 -9999.000 -9999.000 -9999.000 -9999.000 -9999.000
-9999.000 -9999.000 -9999.000 -9999.000 -9999.000 -9999.000 -9999.000 -9999.000 -9999.000 -9999.000 -9999.000 -9999.000 -9999.000 -9999.000 -9999.000 -0.4112451E-04 0.2379742E-02 0.8435934E-02 0.1626536E-01 0.2438481E-01 0.3137722E-01 0.3657892E-01 0.3980907E-01 0.4102952E-01 0.4038889E-01 0.3807975E-01 0.3420214E-01 0.2875287E-01 0.2106106E-01 0.1097688E-01 0.1097688E-01 -9999.000 -9999.000 -9999.000 -9999.000 -9999.000 -9999.000 -9999.000 -9999.000 -9999.000 -9999.000 -9999.000 -9999.000 -9999.000 -9999.000 -9999.000 -9999.000 -9999.000 -9999.000 -9999.000 -9999.000 -9999.000 -9999.000 -9999.000 -9999.000 -9999.000 -9999.000 -9999.000
-9999.000 -9999.000 -9999.000 -9999.000 -9999.000 -9999.000 -9999.000 -9999.000 -9999.000 -9999.000 -9999.000 -9999.000 -9999.000 -9999.000 -9999.000 0.2489516E-03 0.3031132E-02 0.9509301E-02 0.1771795E-01 0.2612124E-01 0.3328778E-01 0.3859312E-01 0.4188963E-01 0.4314758E-01 0.4253608E-01 0.4025274E-01 0.3638111E-01 0.3089732E-01 0.2302627E-01 0.1218270E-01 0.1218270E-01 -9999.000 -9999.000 -9999.000 -9999.000 -9999.000 -9999.000 -9999.000 -9999.000 -9999.000 -9999.000 -9999.000 -9999.000 -9999.000 -9999.000 -9999.000 -9999.000 -9999.000 -9999.000 -9999.000 -9999.000 -9999.000 -9999.000 -9999.000 -9999.000 -9999.000 -9999.000 -9999.000
-9999.000 -9999.000 -9999.000 -9999.000 -9999.000 -9999.000 -9999.000 -9999.000 -9999.000 -9999.000 -9999.000 -9999.000 -9999.000 -9999.000 -9999.000 0.6105308E-03 0.3824381E-02 0.1078823E-01 0.1942707E-01 0.2814943E-01 0.3550788E-01 0.4092493E-01 0.4429302E-01 0.4559538E-01 0.4502721E-01 0.4279320E-01 0.3895684E-01 0.3347090E-01 0.2543493E-01 0.1368049E-01 0.1368049E-01 -9999.000 -9999.000 -9999.000 -9999.000 -9999.000 -9999.000 -9999.000 -9999.000 -9999.000 -9999.000 -9999.000 -9999.000 -9999.000 -9999.000 -9999.000 -9999.000 -9999.000 -9999.000 -9999.000 -9999.000 -9999.000 -9999.000 -9999.000 -9999.000 -9999.000 -9999.000 -9999.000
-9999.000 -9999.000 -9999.000 -9999.000 -9999.000 -9999.000 -9999.000 -9999.000 -9999.000 -9999.000 -9999.000 -9999.000 -9999.000 -9999.000 -9999.000 0.1062878E-02 0.4800586E-02 0.1233684E-01 0.2148206E-01 0.3057034E-01 0.3814415E-01 0.4368521E-01 0.4713356E-01 0.4849011E-01 0.4798404E-01 0.4582901E-01 0.4206581E-01 0.3662080E-01 0.2844269E-01 0.1557459E-01 0.1557459E-01 -9999.000 -9999.000 -9999.000 -9999.000 -9999.000 -9999.000 -9999.000 -9999.000 -9999.000 -9999.000 -9999.000 -9999.000 -9999.000 -9999.000 -9999.000 -9999.000 -9999.000 -9999.000 -9999.000 -9999.000 -9999.000 -9999.000 -9999.000 -9999.000 -9999.000 -9999.000 -9999.000
-9999.000 -9999.000 -9999.000 -9999.000 -9999.000 -9999.000 -9999.000 -9999.000 -9999.000 -9999.000 -9999.000 -9999.000 -9999.000 -9999.000 -9999.000 0.1705925E-02 0.6174478E-02 0.1449927E-01 0.2433704E-01 0.3386533E-01 0.4164343E-01 0.4728948E-01 0.5079319E-01 0.5218078E-01 0.5172730E-01 0.4965873E-01 0.4599108E-01 0.4062100E-01 0.3231562E-01 0.1803562E-01 0.1803562E-01 -9999.000 -9999.000 -9999.000 -9999.000 -9999.000 -9999.000 -9999.000 -9999.000 -9999.000 -9999.000 -9999.000 -9999.000 -9999.000 -9999.000 -9999.000 -9999.000 -9999.000 -9999.000 -9999.000 -9999.000 -9999.000 -9999.000 -9999.000 -9999.000 -9999.000 -9999.000 -9999.000
-9999.000 -9999.000 -9999.000 -9999.000 -9999.000 -9999.000 -9999.000 -9999.000 -9999.000 -9999.000 -9999.000 -9999.000 -9999.000 -9999.000 -9999.000 0.4977084E-02 0.1312683E-01 0.2570449E-01 0.3779137E-01 0.4723072E-01 0.5406071E-01 0.5871858E-01 0.6119800E-01 0.6160402E-01 0.6029871E-01 0.5752791E-01 0.5327293E-01 0.4738586E-01 0.3839473E-01 0.2176998E-01 0.2176998E-01 -9999.000 -9999.000 -9999.000 -9999.000 -9999.000 -9999.000 -9999.000 -9999.000 -9999.000 -9999.000 -9999.000 -9999.000 -9999.000 -9999.000 -9999.000 -9999.000 -9999.000 -9999.000 -9999.000 -9999.000 -9999.000 -9999.000 -9999.000 -9999.000 -9999.000 -9999.000 -9999.000
-9999.000 -9999.000 -9999.000 -9999.000 -9999.000 -9999.000 -9999.000 -9999.000 -9999.000 -9999.000 -9999.000 -9999.000 -9999.000 -9999.000 -9999.000 0.1252291 0.1953104 0.2347262 0.2319960 0.2008194 0.1702107 0.1446407 0.1227173 0.1041403 0.8871532E-01 0.7563636E-01 0.6413517E-01 0.5335110E-01 0.4106092E-01 0.1941070E-01 0.1941070E-01 -9999.000 -9999.000 -9999.000 -9999.000 -9999.000 -9999.000 -9999.000 -9999.000 -9999.000 -9999.000 -9999.000 -9999.000 -9999.000 -9999.000 -9999.000 -9999.000 -9999.000 -9999.000 -9999.000 -9999.000 -9999.000 -9999.000 -9999.000 -9999.000 -9999.000 -9999.000 -9999.000
2.943331 2.943331 2.917261 2.968982 2.974465 2.974465 2.976694 2.977015 2.977015 2.973759 2.973759 2.968085 2.964589 2.960754 2.956739 2.956739 3.125956 3.131464 3.133163 3.133155 3.109742 3.059587 2.984934 2.886137 2.760062 2.614588 2.450400 2.275037 2.110429 2.025065 2.025065 2.850495 3.032432 3.147141 3.177823 3.177823 3.224947 3.224947 3.235156 3.235156 3.210865 3.078626 3.078626 2.814146 2.814146 2.334861 2.334861 2.334861 2.269386 2.269386 2.277905 2.277905 2.318272 2.318272 2.368162 2.368162 2.416644 2.416644
2.967715 2.967715 2.948211 3.020857 3.038414 3.038414 3.052463 3.076061 3.076061 3.095844 3.095844 3.113025 3.120887 3.128358 3.135594 3.135594 3.257967 3.279051 3.295607 3.310430 3.318980 3.320192 3.312867 3.294532 3.261089 3.211742 3.144082 3.058052 2.959174 2.872211 2.872211 3.296715 3.458863 3.618794 3.663888 3.663888 3.720842 3.720842 3.739192 3.739192 3.729561 3.658302 3.658302 3.504195 3.504195 3.178991 3.178991 3.178991 3.103698 3.103698 3.112095 3.112095 3.154398 3.154398 3.206321 3.206321 3.257038 3.257038
2.973073 2.973073 2.946301 3.020580 3.038669 3.038669 3.053199 3.077472 3.077472 3.097901 3.097901 3.115830 3.124108 3.132023 3.139740 3.139740 3.246603 3.280910 3.310012 3.335718 3.356445 3.371625 3.381166 3.384481 3.379750 3.366169 3.341962 3.305917 3.259982 3.218994 3.218994 3.454451 3.609663 3.795004 3.851377 3.851377 3.917594 3.917594 3.926833 3.926833 3.908595 3.824496 3.824496 3.698570 3.698570 3.457802 3.457802 3.457802 3.376811 3.376811 3.370453 3.370453 3.402046 3.402046 3.446647 3.446647 3.492206 3.492206
2.976524 2.976524 2.948355 3.019823 3.038179 3.038179 3.053009 3.077486 3.077486 3.097933 3.097933 3.115873 3.124160 3.132085 3.139847 3.139847 3.236249 3.281125 3.321707 3.357833 3.388273 3.412361 3.430026 3.441313 3.445742 3.443329 3.433678 3.416451 3.392960 3.372646 3.372646 3.513443 3.648174 3.840674 3.904130 3.904130 3.973202 3.973202 3.962949 3.962949 3.930534 3.835665 3.835665 3.742827 3.742827 3.581574 3.581574 3.581574 3.505094 3.505094 3.485033 3.485033 3.504482 3.504482 3.541634 3.541634 3.582771 3.582771
2.978039 2.978039 2.951861 3.019161 3.037704 3.037704 3.052803 3.077470 3.077470 3.097912 3.097912 3.115826 3.124101 3.132015 3.139817 3.139817 3.230965 3.284505 3.335202 3.380952 3.420362 3.452621 3.477475 3.494965 3.505028 3.507913 3.503877 3.493282 3.477553 3.463366 3.463366 3.547207 3.655590 3.837886 3.900317 3.900317 3.953449 3.953449 3.910361 3.910361 3.865797 3.783070 3.783070 3.734715 3.734715 3.648193 3.648193 3.648193 3.585639 3.585639 3.555957 3.555957 3.561798 3.561798 3.589151 3.589151 3.624194 3.624194
2.974785 2.974785 2.957582 3.018566 3.037277 3.037277 3.052607 3.077450 3.077450 3.097912 3.097912 3.115842 3.124129 3.132056 3.139947 3.139947 3.232033 3.293286 3.352752 3.407008 3.454363 3.493930 3.525343 3.548564 3.563620 3.570755 3.570353 3.562987 3.550014 3.536299 3.536299 3.582310 3.662126 3.816663 3.865945 3.865945 3.875451 3.875451 3.797934 3.797934 3.756184 3.713211 3.713211 3.711056 3.711056 3.686748 3.686748 3.686748 3.644390 3.644390 3.612050 3.612050 3.605713 3.605713 3.621384 3.621384 3.648050 3.648050
2.974474 2.974474 2.960619 3.018198 3.037022 3.037022 3.052499 3.077453 3.077453 3.097922 3.097922 3.115848 3.124135 3.132063 3.140067 3.140067 3.240027 3.308748 3.375892 3.437382 3.491410 3.537113 3.574131 3.602399 3.621962 3.633010 3.635878 3.631091 3.619752 3.605249 3.605249 3.625566 3.677180 3.783815 3.801813 3.801813 3.742447 3.742447 3.656288 3.656288 3.637829 3.648234 3.648234 3.684235 3.684235 3.707396 3.707396 3.707396 3.687613 3.687613 3.660018 3.660018 3.645438 3.645438 3.649305 3.649305 3.665746 3.665746
2.974370 2.974370 2.961634 3.018080 3.036939 3.036939 3.052463 3.077456 3.077456 3.097924 3.097924 3.115850 3.124136 3.132065 3.140231 3.140231 3.255996 3.332483 3.406427 3.473815 3.533024 3.583387 3.624680 3.656906 3.680145 3.694562 3.700406 3.698070 3.688318 3.673197 3.673197 3.675812 3.699922 3.728711 3.691822 3.691822 3.568462 3.568462 3.525118 3.525118 3.539252 3.596069 3.596069 3.658403 3.658403 3.715856 3.715856 3.715856 3.717673 3.717673 3.700363 3.700363 3.682993 3.682993 3.676863 3.676863 3.682187 3.682187
2.974474 2.974474 2.960619 3.018199 3.037022 3.037022 3.052498 3.077454 3.077454 3.097921 3.097921 3.115849 3.124135 3.132062 3.140459 3.140459 3.281421 3.366242 3.446170 3.518004 3.580681 3.633949 3.677863 3.712591 3.738312 3.755202 3.763446 3.763299 3.755140 3.739486 3.739486 3.728265 3.721563 3.624090 3.519029 3.519029 3.390644 3.390644 3.423293 3.423293 3.464506 3.552104 3.552104 3.631526 3.631526 3.713947 3.713947 3.713947 3.734685 3.734685 3.730526 3.730526 3.715502 3.715502 3.702635 3.702635 3.697237 3.697237
2.974785 2.974785 2.957582 3.018565 3.037277 3.037277 3.052608 3.077450 3.077450 3.097913 3.097913 3.115842 3.124129 3.132056 3.140774 3.140774 3.318535 3.412193 3.497100 3.571646 3.635769 3.689868 3.734428 3.769885 3.796564 3.814699 3.824447 3.825933 3.819009 3.801535 3.801535 3.773637 3.719981 3.441642 3.297709 3.297709 3.250359 3.250359 3.351485 3.351485 3.408215 3.512975 3.512975 3.603482 3.603482 3.704072 3.704072 3.704072 3.740215 3.740215 3.749464 3.749464 3.740359 3.740359 3.724431 3.724431 3.709781 3.709781
2.978040 2.978040 2.951861 3.019161 3.037704 3.037704 3.052805 3.077471 3.077471 3.097912 3.097912 3.115826 3.124101 3.132015 3.141180 3.141180 3.370692 3.473120 3.561369 3.636309 3.699353 3.751810 3.794713 3.828830 3.854679 3.872573 3.882664 3.884929 3.878069 3.852887 3.852887 3.789421 3.647564 3.194033 3.087306 3.087306 3.158195 3.158195 3.295879 3.295879 3.359600 3.473672 3.473672 3.571822 3.571822 3.685645 3.685645 3.685645 3.733672 3.733672 3.754855 3.754855 3.753293 3.753293 3.737443 3.737443 3.715755 3.715755
