cruce_test.gid/Rasters/Hydraulic/Velocity__y_112.0.asc
NCOLS        79
NROWS        79
XLLCENTER         -1.500000
YLLCENTER         -4.800000
CELLSIZE           0.100
NODATA_VALUE     -9999.0
[rows 0 to 25 of 79, columns 0 to 58 of 79]
-9999.000 -9999.000 -9999.000 -9999.000 -9999.000 -9999.000 -9999.000 -9999.000 -9999.000 -9999.000 -9999.000 -9999.000 -9999.000 -9999.000 -9999.000 -0.1626438 -0.1615647 -0.1614891 -0.1615920 -0.1617586 -0.1619428 -0.1621206 -0.1622817 -0.1624324 -0.1626096 -0.1628984 -0.1634579 -0.1645674 -0.1666209 -0.1661312 -0.1661312 -9999.000 -9999.000 -9999.000 -9999.000 -9999.000 -9999.000 -9999.000 -9999.000 -9999.000 -9999.000 -9999.000 -9999.000 -9999.000 -9999.000 -9999.000 -9999.000 -9999.000 -9999.000 -9999.000 -9999.000 -9999.000 -9999.000 -9999.000 -9999.000 -9999.000 -9999.000 -9999.000 -9999.000
-9999.000 -9999.000 -9999.000 -9999.000 -9999.000 -9999.000 -9999.000 -9999.000 -9999.000 -9999.000 -9999.000 -9999.000 -9999.000 -9999.000 -9999.000 -0.1604199 -0.1580952 -0.1579127 -0.1581202 -0.1584758 -0.1588805 -0.1592821 -0.1596596 -0.1600287 -0.1604728 -0.1611755 -0.1624718 -0.1649363 -0.1693585 -0.1689076 -0.1689076 -9999.000 -9999.000 -9999.000 -9999.000 -9999.000 -9999.000 -9999.000 -9999.000 -9999.000 -9999.000 -9999.000 -9999.000 -9999.000 -9999.000 -9999.000 -9999.000 -9999.000 -9999.000 -9999.000 -9999.000 -9999.000 -9999.000 -9999.000 -9999.000 -9999.000 -9999.000 -9999.000 -9999.000
-9999.000 -9999.000 -9999.000 -9999.000 -9999.000 -9999.000 -9999.000 -9999.000 -9999.000 -9999.000 -9999.000 -9999.000 -9999.000 -9999.000 -9999.000 -0.1569351 -0.1532381 -0.1529299 -0.1532980 -0.1539497 -0.1547194 -0.1555189 -0.1563132 -0.1571297 -0.1581087 -0.1595525 -0.1620015 -0.1663643 -0.1738611 -0.1741308 -0.1741308 -9999.000 -9999.000 -9999.000 -9999.000 -9999.000 -9999.000 -9999.000 -9999.000 -9999.000 -9999.000 -9999.000 -9999.000 -9999.000 -9999.000 -9999.000 -9999.000 -9999.000 -9999.000 -9999.000 -9999.000 -9999.000 -9999.000 -9999.000 -9999.000 -9999.000 -9999.000 -9999.000 -9999.000
-9999.000 -9999.000 -9999.000 -9999.000 -9999.000 -9999.000 -9999.000 -9999.000 -9999.000 -9999.000 -9999.000 -9999.000 -9999.000 -9999.000 -9999.000 -0.1527477 -0.1477178 -0.1473062 -0.1478875 -0.1489111 -0.1501416 -0.1514518 -0.1527897 -0.1541921 -0.1558563 -0.1582069 -0.1619993 -0.1684994 -0.1794100 -0.1810918 -0.1810918 -9999.000 -9999.000 -9999.000 -9999.000 -9999.000 -9999.000 -9999.000 -9999.000 -9999.000 -9999.000 -9999.000 -9999.000 -9999.000 -9999.000 -9999.000 -9999.000 -9999.000 -9999.000 -9999.000 -9999.000 -9999.000 -9999.000 -9999.000 -9999.000 -9999.000 -9999.000 -9999.000 -9999.000
-9999.000 -9999.000 -9999.000 -9999.000 -9999.000 -9999.000 -9999.000 -9999.000 -9999.000 -9999.000 -9999.000 -9999.000 -9999.000 -9999.000 -9999.000 -0.1479767 -0.1416560 -0.1411584 -0.1419957 -0.1434530 -0.1452199 -0.1471264 -0.1491009 -0.1511889 -0.1536458 -0.1570271 -0.1623209 -0.1711845 -0.1858742 -0.1897368 -0.1897368 -9999.000 -9999.000 -9999.000 -9999.000 -9999.000 -9999.000 -9999.000 -9999.000 -9999.000 -9999.000 -9999.000 -9999.000 -9999.000 -9999.000 -9999.000 -9999.000 -9999.000 -9999.000 -9999.000 -9999.000 -9999.000 -9999.000 -9999.000 -9999.000 -9999.000 -9999.000 -9999.000 -9999.000
-9999.000 -9999.000 -9999.000 -9999.000 -9999.000 -9999.000 -9999.000 -9999.000 -9999.000 -9999.000 -9999.000 -9999.000 -9999.000 -9999.000 -9999.000 -0.1426801 -0.1351226 -0.1345516 -0.1356786 -0.1376184 -0.1399810 -0.1425498 -0.1452316 -0.1480799 -0.1514127 -0.1559279 -0.1628690 -0.1743288 -0.1932120 -0.2001619 -0.2001619 -9999.000 -9999.000 -9999.000 -9999.000 -9999.000 -9999.000 -9999.000 -9999.000 -9999.000 -9999.000 -9999.000 -9999.000 -9999.000 -9999.000 -9999.000 -9999.000 -9999.000 -9999.000 -9999.000 -9999.000 -9999.000 -9999.000 -9999.000 -9999.000 -9999.000 -9999.000 -9999.000 -9999.000
-9999.000 -9999.000 -9999.000 -9999.000 -9999.000 -9999.000 -9999.000 -9999.000 -9999.000 -9999.000 -9999.000 -9999.000 -9999.000 -9999.000 -9999.000 -0.1368682 -0.1281481 -0.1275140 -0.1289570 -0.1314184 -0.1344241 -0.1377075 -0.1411517 -0.1448194 -0.1490956 -0.1548363 -0.1635697 -0.1778785 -0.2014385 -0.2125894 -0.2125894 -9999.000 -9999.000 -9999.000 -9999.000 -9999.000 -9999.000 -9999.000 -9999.000 -9999.000 -9999.000 -9999.000 -9999.000 -9999.000 -9999.000 -9999.000 -9999.000 -9999.000 -9999.000 -9999.000 -9999.000 -9999.000 -9999.000 -9999.000 -9999.000 -9999.000 -9999.000 -9999.000 -9999.000
-9999.000 -9999.000 -9999.000 -9999.000 -9999.000 -9999.000 -9999.000 -9999.000 -9999.000 -9999.000 -9999.000 -9999.000 -9999.000 -9999.000 -9999.000 -0.1305155 -0.1207346 -0.1200470 -0.1218269 -0.1248414 -0.1285287 -0.1325683 -0.1368189 -0.1413524 -0.1466292 -0.1536815 -0.1643573 -0.1817977 -0.2106093 -0.2273751 -0.2273751 -9999.000 -9999.000 -9999.000 -9999.000 -9999.000 -9999.000 -9999.000 -9999.000 -9999.000 -9999.000 -9999.000 -9999.000 -9999.000 -9999.000 -9999.000 -9999.000 -9999.000 -9999.000 -9999.000 -9999.000 -9999.000 -9999.000 -9999.000 -9999.000 -9999.000 -9999.000 -9999.000 -9999.000
-9999.000 -9999.000 -9999.000 -9999.000 -9999.000 -9999.000 -9999.000 -9999.000 -9999.000 -9999.000 -9999.000 -9999.000 -9999.000 -9999.000 -9999.000 -0.1235683 -0.1128628 -0.1121311 -0.1142648 -0.1178577 -0.1222567 -0.1270852 -0.1321753 -0.1376114 -0.1439367 -0.1523827 -0.1651609 -0.1860555 -0.2208116 -0.2450440 -0.2450440 -9999.000 -9999.000 -9999.000 -9999.000 -9999.000 -9999.000 -9999.000 -9999.000 -9999.000 -9999.000 -9999.000 -9999.000 -9999.000 -9999.000 -9999.000 -9999.000 -9999.000 -9999.000 -9999.000 -9999.000 -9999.000 -9999.000 -9999.000 -9999.000 -9999.000 -9999.000 -9999.000 -9999.000
-9999.000 -9999.000 -9999.000 -9999.000 -9999.000 -9999.000 -9999.000 -9999.000 -9999.000 -9999.000 -9999.000 -9999.000 -9999.000 -9999.000 -9999.000 -0.1159479 -0.1044943 -0.1037298 -0.1062301 -0.1104203 -0.1155532 -0.1211929 -0.1271448 -0.1335077 -0.1409188 -0.1508370 -0.1658898 -0.1906114 -0.2321577 -0.2663588 -0.2663588 -9999.000 -9999.000 -9999.000 -9999.000 -9999.000 -9999.000 -9999.000 -9999.000 -9999.000 -9999.000 -9999.000 -9999.000 -9999.000 -9999.000 -9999.000 -9999.000 -9999.000 -9999.000 -9999.000 -9999.000 -9999.000 -9999.000 -9999.000 -9999.000 -9999.000 -9999.000 -9999.000 -9999.000
-9999.000 -9999.000 -9999.000 -9999.000 -9999.000 -9999.000 -9999.000 -9999.000 -9999.000 -9999.000 -9999.000 -9999.000 -9999.000 -9999.000 -9999.000 -0.1075470 -0.9556901E-01 -0.9478593E-01 -0.9766321E-01 -0.1024632 -0.1083423 -0.1148030 -0.1216235 -0.1289216 -0.1374413 -0.1489026 -0.1664150 -0.1953978 -0.2447771 -0.2924439 -0.2924439 -9999.000 -9999.000 -9999.000 -9999.000 -9999.000 -9999.000 -9999.000 -9999.000 -9999.000 -9999.000 -9999.000 -9999.000 -9999.000 -9999.000 -9999.000 -9999.000 -9999.000 -9999.000 -9999.000 -9999.000 -9999.000 -9999.000 -9999.000 -9999.000 -9999.000 -9999.000 -9999.000 -9999.000
-9999.000 -9999.000 -9999.000 -9999.000 -9999.000 -9999.000 -9999.000 -9999.000 -9999.000 -9999.000 -9999.000 -9999.000 -9999.000 -9999.000 -9999.000 -0.9821961E-01 -0.8599466E-01 -0.8521143E-01 -0.8847425E-01 -0.9389075E-01 -0.1005174 -0.1077930 -0.1154681 -0.1236862 -0.1333131 -0.1463734 -0.1665393 -0.2002884 -0.2587979 -0.3250127 -0.3250127 -9999.000 -9999.000 -9999.000 -9999.000 -9999.000 -9999.000 -9999.000 -9999.000 -9999.000 -9999.000 -9999.000 -9999.000 -9999.000 -9999.000 -9999.000 -9999.000 -9999.000 -9999.000 -9999.000 -9999.000 -9999.000 -9999.000 -9999.000 -9999.000 -9999.000 -9999.000 -9999.000 -9999.000
-9999.000 -9999.000 -9999.000 -9999.000 -9999.000 -9999.000 -9999.000 -9999.000 -9999.000 -9999.000 -9999.000 -9999.000 -9999.000 -9999.000 -9999.000 -0.8775938E-01 -0.7562684E-01 -0.7486700E-01 -0.7852294E-01 -0.8455636E-01 -0.9191936E-01 -0.9998272E-01 -0.1084697 -0.1175565 -0.1282503 -0.1429336 -0.1659434 -0.2050397 -0.2743032 -0.3668046 -0.3668046 -9999.000 -9999.000 -9999.000 -9999.000 -9999.000 -9999.000 -9999.000 -9999.000 -9999.000 -9999.000 -9999.000 -9999.000 -9999.000 -9999.000 -9999.000 -9999.000 -9999.000 -9999.000 -9999.000 -9999.000 -9999.000 -9999.000 -9999.000 -9999.000 -9999.000 -9999.000 -9999.000 -9999.000
-9999.000 -9999.000 -9999.000 -9999.000 -9999.000 -9999.000 -9999.000 -9999.000 -9999.000 -9999.000 -9999.000 -9999.000 -9999.000 -9999.000 -9999.000 -0.7581021E-01 -0.6420227E-01 -0.6350344E-01 -0.6756744E-01 -0.7421810E-01 -0.8229557E-01 -0.9109586E-01 -0.1003123 -0.1101618 -0.1218155 -0.1380801 -0.1640842 -0.2091663 -0.2912101 -0.4225220 -0.4225220 -9999.000 -9999.000 -9999.000 -9999.000 -9999.000 -9999.000 -9999.000 -9999.000 -9999.000 -9999.000 -9999.000 -9999.000 -9999.000 -9999.000 -9999.000 -9999.000 -9999.000 -9999.000 -9999.000 -9999.000 -9999.000 -9999.000 -9999.000 -9999.000 -9999.000 -9999.000 -9999.000 -9999.000
-9999.000 -9999.000 -9999.000 -9999.000 -9999.000 -9999.000 -9999.000 -9999.000 -9999.000 -9999.000 -9999.000 -9999.000 -9999.000 -9999.000 -9999.000 -0.5508891E-01 -0.4852481E-01 -0.4937211E-01 -0.5488613E-01 -0.6285803E-01 -0.7208393E-01 -0.8184259E-01 -0.9184814E-01 -0.1024077 -0.1149058 -0.1326543 -0.1617039 -0.2132947 -0.3101946 -0.4996306 -0.4996306 -9999.000 -9999.000 -9999.000 -9999.000 -9999.000 -9999.000 -9999.000 -9999.000 -9999.000 -9999.000 -9999.000 -9999.000 -9999.000 -9999.000 -9999.000 -9999.000 -9999.000 -9999.000 -9999.000 -9999.000 -9999.000 -9999.000 -9999.000 -9999.000 -9999.000 -9999.000 -9999.000 -9999.000
-0.3027298E-02 -0.3027298E-02 -0.4455505E-02 -0.4977239E-02 -0.5010673E-02 -0.5010673E-02 -0.5015473E-02 -0.5014073E-02 -0.5014073E-02 -0.5006279E-02 -0.5006279E-02 -0.4979830E-02 -0.4961222E-02 -0.4941026E-02 -0.4505179E-02 -0.4505179E-02 -0.5681209E-01 -0.6255288E-01 -0.7185202E-01 -0.8469450E-01 -0.9969039E-01 -0.1155117 -0.1311766 -0.1461948 -0.1609566 -0.1775733 -0.2005469 -0.2388887 -0.3108812 -0.4811286 -0.4811286 -0.2449699 -0.1186383 -0.2069964E-01 -0.7673396E-02 -0.7673396E-02 0.1772803E-02 0.1772803E-02 0.1003502E-01 0.1003502E-01 -0.2154318E-01 -0.2132677E-01 -0.2132677E-01 0.3966253E-03 0.3966253E-03 0.1049082E-01 0.1049082E-01 0.1049082E-01 0.9927010E-02 0.9927010E-02 0.9200131E-02 0.9200131E-02 0.6376720E-02 0.6376720E-02 0.4199909E-02 0.4199909E-02 0.2410460E-02 0.2410460E-02 0.2410460E-02
-0.4471829E-02 -0.4471829E-02 -0.6648649E-02 -0.7132288E-02 -0.7100608E-02 -0.7100608E-02 -0.7065400E-02 -0.7043174E-02 -0.7043174E-02 -0.7048031E-02 -0.7048031E-02 -0.7034910E-02 -0.7020139E-02 -0.7002265E-02 -0.6438382E-02 -0.6438382E-02 -0.7911361E-01 -0.9101550E-01 -0.1065328 -0.1272357 -0.1517524 -0.1783009 -0.2051863 -0.2308687 -0.2541999 -0.2752600 -0.2952524 -0.3175128 -0.3485180 -0.4024758 -0.4024758 -0.2494147 -0.1439550 -0.4244947E-01 -0.2171619E-01 -0.2171619E-01 0.6889524E-02 0.6889524E-02 0.3889345E-01 0.3889345E-01 0.3855708E-02 -0.2061725E-01 -0.2061725E-01 0.4446894E-02 0.4446894E-02 0.2096191E-01 0.2096191E-01 0.2096191E-01 0.1932864E-01 0.1932864E-01 0.1509420E-01 0.1509420E-01 0.1172514E-01 0.1172514E-01 0.7868460E-02 0.7868460E-02 0.4620112E-02 0.4620112E-02 0.4620112E-02
-0.3374744E-02 -0.3374744E-02 -0.5626227E-02 -0.6133891E-02 -0.6048920E-02 -0.6048920E-02 -0.5973653E-02 -0.5922696E-02 -0.5922696E-02 -0.5943313E-02 -0.5943313E-02 -0.5961842E-02 -0.5963643E-02 -0.5961658E-02 -0.5638973E-02 -0.5638973E-02 -0.7507107E-01 -0.9510453E-01 -0.1159370 -0.1416968 -0.1722189 -0.2062069 -0.2420788 -0.2781293 -0.3126566 -0.3444767 -0.3728631 -0.3978554 -0.4201360 -0.4394084 -0.4394084 -0.3415529 -0.2518462 -0.1259053 -0.8103640E-01 -0.8103640E-01 0.7746250E-03 0.7746250E-03 0.8083448E-01 0.8083448E-01 0.8171258E-01 0.3155491E-01 0.3155491E-01 0.2203411E-01 0.2203411E-01 0.2892452E-01 0.2892452E-01 0.2892452E-01 0.2467823E-01 0.2467823E-01 0.1635973E-01 0.1635973E-01 0.1230699E-01 0.1230699E-01 0.7574626E-02 0.7574626E-02 0.3860567E-02 0.3860567E-02 0.3860567E-02
-0.2457193E-02 -0.2457193E-02 -0.4506176E-02 -0.5034335E-02 -0.4915860E-02 -0.4915860E-02 -0.4807196E-02 -0.4718289E-02 -0.4718289E-02 -0.4732077E-02 -0.4732077E-02 -0.4757811E-02 -0.4764860E-02 -0.4767709E-02 -0.4588450E-02 -0.4588450E-02 -0.6570814E-01 -0.9322130E-01 -0.1192540 -0.1487839 -0.1828744 -0.2209418 -0.2618342 -0.3041891 -0.3465089 -0.3869840 -0.4240348 -0.4562278 -0.4820296 -0.4968740 -0.4968740 -0.4293753 -0.3555551 -0.2186537 -0.1520764 -0.1520764 -0.1237489E-01 -0.1237489E-01 0.1145233 0.1145233 0.1443646 0.1093780 0.1093780 0.5749120E-01 0.5749120E-01 0.3544876E-01 0.3544876E-01 0.3544876E-01 0.2542943E-01 0.2542943E-01 0.1436780E-01 0.1436780E-01 0.7583164E-02 0.7583164E-02 0.2297994E-02 0.2297994E-02 -0.9442154E-03 -0.9442154E-03 -0.9442154E-03
-0.1701974E-02 -0.1701974E-02 -0.3355781E-02 -0.3865227E-02 -0.3746229E-02 -0.3746229E-02 -0.3630165E-02 -0.3525313E-02 -0.3525313E-02 -0.3531545E-02 -0.3531545E-02 -0.3558192E-02 -0.3567302E-02 -0.3572633E-02 -0.3475861E-02 -0.3475861E-02 -0.5594712E-01 -0.8982084E-01 -0.1217876 -0.1555187 -0.1928580 -0.2339104 -0.2780021 -0.3241318 -0.3710667 -0.4171312 -0.4605748 -0.4994723 -0.5313705 -0.5503795 -0.5503795 -0.5045858 -0.4439718 -0.2960961 -0.2078937 -0.2078937 -0.1893693E-01 -0.1893693E-01 0.1345944 0.1345944 0.1781765 0.1717834 0.1717834 0.1017854 0.1017854 0.4434555E-01 0.4434555E-01 0.4434555E-01 0.2513582E-01 0.2513582E-01 0.1011608E-01 0.1011608E-01 0.6956937E-03 0.6956937E-03 -0.4996290E-02 -0.4996290E-02 -0.7317969E-02 -0.7317969E-02 -0.7317969E-02
-0.1069061E-02 -0.1069061E-02 -0.2214150E-02 -0.2625067E-02 -0.2532171E-02 -0.2532171E-02 -0.2436092E-02 -0.2343483E-02 -0.2343483E-02 -0.2344544E-02 -0.2344544E-02 -0.2366533E-02 -0.2374778E-02 -0.2380152E-02 -0.2329300E-02 -0.2329300E-02 -0.4762321E-01 -0.8627862E-01 -0.1247323 -0.1636772 -0.2048978 -0.2490168 -0.2958271 -0.3446941 -0.3946807 -0.4443820 -0.4921313 -0.5359108 -0.5729358 -0.5968274 -0.5968274 -0.5680857 -0.5143067 -0.3420731 -0.2314378 -0.2314378 -0.1443396E-01 -0.1443396E-01 0.1398636 0.1398636 0.1857677 0.2035106 0.2035106 0.1420976 0.1420976 0.5675509E-01 0.5675509E-01 0.5675509E-01 0.2609837E-01 0.2609837E-01 0.5636876E-02 0.5636876E-02 -0.6600973E-02 -0.6600973E-02 -0.1275569E-01 -0.1275569E-01 -0.1398404E-01 -0.1398404E-01 -0.1398404E-01
-0.5153393E-03 -0.5153393E-03 -0.1097568E-02 -0.1328123E-02 -0.1277961E-02 -0.1277961E-02 -0.1223902E-02 -0.1169692E-02 -0.1169692E-02 -0.1168984E-02 -0.1168984E-02 -0.1181348E-02 -0.1186248E-02 -0.1189618E-02 -0.1163132E-02 -0.1163132E-02 -0.4204295E-01 -0.8410556E-01 -0.1290445 -0.1741570 -0.2201993 -0.2679480 -0.3175971 -0.3688943 -0.4212287 -0.4735092 -0.5242572 -0.5715300 -0.6124318 -0.6399448 -0.6399448 -0.6202433 -0.5616226 -0.3464081 -0.2200450 -0.2200450 -0.5728393E-02 -0.5728393E-02 0.1315698 0.1315698 0.1744249 0.2071553 0.2071553 0.1679814 0.1679814 0.7133388E-01 0.7133388E-01 0.7133388E-01 0.2935663E-01 0.2935663E-01 0.2363595E-02 0.2363595E-02 -0.1311218E-01 -0.1311218E-01 -0.1989672E-01 -0.1989672E-01 -0.2002166E-01 -0.2002166E-01 -0.2002166E-01
-0.4379281E-07 -0.4379281E-07 -0.3159254E-08 0.1468058E-07 -0.3254890E-07 -0.3254890E-07 -0.9659204E-07 0.3484963E-07 0.3484963E-07 0.6120101E-07 0.6120101E-07 0.4415647E-07 0.7219477E-07 0.8954158E-07 0.1443413E-04 0.1443413E-04 -0.4026458E-01 -0.8522967E-01 -0.1362983 -0.1881711 -0.2399375 -0.2920316 -0.3448739 -0.3985814 -0.4529132 -0.5071433 -0.5600604 -0.6098783 -0.6535167 -0.6819029 -0.6819029 -0.6583001 -0.5752101 -0.3120089 -0.1873446 -0.1873446 -0.1508772E-02 -0.1508772E-02 0.1135246 0.1135246 0.1519834 0.1920941 0.1920941 0.1756209 0.1756209 0.8469614E-01 0.8469614E-01 0.8469614E-01 0.3451128E-01 0.3451128E-01 0.1071586E-02 0.1071586E-02 -0.1789616E-01 -0.1789616E-01 -0.2549704E-01 -0.2549704E-01 -0.2465314E-01 -0.2465314E-01 -0.2465314E-01
0.5152894E-03 0.5152894E-03 0.1097551E-02 0.1328050E-02 0.1277842E-02 0.1277842E-02 0.1223686E-02 0.1169664E-02 0.1169664E-02 0.1169100E-02 0.1169100E-02 0.1181371E-02 0.1186347E-02 0.1189745E-02 0.1198385E-02 0.1198385E-02 -0.4337651E-01 -0.9193971E-01 -0.1488914 -0.2076997 -0.2657969 -0.3228651 -0.3792877 -0.4354647 -0.4915420 -0.5472113 -0.6016179 -0.6531923 -0.6981986 -0.7214020 -0.7214020 -0.6703735 -0.5407366 -0.2590066 -0.1530439 -0.1530439 -0.4254263E-02 -0.4254263E-02 0.9085228E-01 0.9085228E-01 0.1249184 0.1670096 0.1670096 0.1672762 0.1672762 0.9304058E-01 0.9304058E-01 0.9304058E-01 0.3996192E-01 0.3996192E-01 0.1782950E-02 0.1782950E-02 -0.2031413E-01 -0.2031413E-01 -0.2878734E-01 -0.2878734E-01 -0.2722810E-01 -0.2722810E-01 -0.2722810E-01
0.1069056E-02 0.1069056E-02 0.2214115E-02 0.2624996E-02 0.2532064E-02 0.2532064E-02 0.2436041E-02 0.2343399E-02 0.2343399E-02 0.2344475E-02 0.2344475E-02 0.2366393E-02 0.2374742E-02 0.2380188E-02 0.2386009E-02 0.2386009E-02 -0.5293298E-01 -0.1070318 -0.1701596 -0.2358070 -0.3003702 -0.3626980 -0.4229063 -0.4815316 -0.5390610 -0.5956237 -0.6507978 -0.7032366 -0.7469432 -0.7493497 -0.7493497 -0.6328389 -0.4596609 -0.2103484 -0.1273200 -0.1273200 -0.1062279E-01 -0.1062279E-01 0.6791770E-01 0.6791770E-01 0.9749768E-01 0.1376756 0.1376756 0.1477635 0.1477635 0.9381800E-01 0.9381800E-01 0.9381800E-01 0.4360551E-01 0.4360551E-01 0.3852609E-02 0.3852609E-02 -0.2012143E-01 -0.2012143E-01 -0.2921748E-01 -0.2921748E-01 -0.2725482E-01 -0.2725482E-01 -0.2725482E-01
0.1701853E-02 0.1701853E-02 0.3355755E-02 0.3865155E-02 0.3746104E-02 0.3746104E-02 0.3630150E-02 0.3525205E-02 0.3525205E-02 0.3531423E-02 0.3531423E-02 0.3558189E-02 0.3567275E-02 0.3572510E-02 0.3576047E-02 0.3576047E-02 -0.7162330E-01 -0.1343452 -0.2046710 -0.2769813 -0.3475902 -0.4148627 -0.4786057 -0.5393586 -0.5978523 -0.6546162 -0.7096893 -0.7616915 -0.7966764 -0.7383024 -0.7383024 -0.5314843 -0.3660514 -0.1737126 -0.1096157 -0.1096157 -0.1634417E-01 -0.1634417E-01 0.4735576E-01 0.4735576E-01 0.7201998E-01 0.1074493 0.1074493 0.1217527 0.1217527 0.8649553E-01 0.8649553E-01 0.8649553E-01 0.4370556E-01 0.4370556E-01 0.6275675E-02 0.6275675E-02 -0.1746373E-01 -0.1746373E-01 -0.2653235E-01 -0.2653235E-01 -0.2447156E-01 -0.2447156E-01 -0.2447156E-01
