cruce_test.gid/Rasters/Hydraulic/Velocity__x_178.0.asc
NCOLS        79
NROWS        79
XLLCENTER         -1.500000
YLLCENTER         -4.800000
CELLSIZE           0.100
NODATA_VALUE     -9999.0
[rows 0 to 25 of 79, columns 0 to 57 of 79]
-9999.000 -9999.000 -9999.000 -9999.000 -9999.000 -9999.000 -9999.000 -9999.000 -9999.000 -9999.000 -9999.000 -9999.000 -9999.000 -9999.000 -9999.000 -0.5194831E-03 0.5172161E-03 0.3725102E-02 0.7601644E-02 0.1123925E-01 0.1415379E-01 0.1620290E-01 0.1736071E-01 0.1768572E-01 0.1728452E-01 0.1623992E-01 0.1460235E-01 0.1228451E-01 0.8672291E-02 0.4246915E-02 0.4246915E-02 -9999.000 -9999.000 -9999.000 -9999.000 -9999.000 -9999.000 -9999.000 -9999.000 -9999.000 -9999.000 -9999.000 -9999.000 -9999.000 -9999.000 -9999.000 -9999.000 -9999.000 -9999.000 -9999.000 -9999.000 -9999.000 -9999.000 -9999.000 -9999.000 -9999.000 -9999.000 -9999.000
-9999.000 -9999.000 -9999.000 -9999.000 -9999.000 -9999.000 -9999.000 -9999.000 -9999.000 -9999.000 -9999.000 -9999.000 -9999.000 -9999.000 -9999.000 0.6304463E-03 0.2821783E-02 0.7099767E-02 0.1194721E-01 0.1646654E-01 0.2013212E-01 0.2273981E-01 0.2420984E-01 0.2456033E-01 0.2387091E-01 0.2221534E-01 0.1965152E-01 0.1612861E-01 0.1115259E-01 0.5450659E-02 0.5450659E-02 -9999.000 -9999.000 -9999.000 -9999.000 -9999.000 -9999.000 -9999.000 -9999.000 -9999.000 -9999.000 -9999.000 -9999.000 -9999.000 -9999.000 -9999.000 -9999.000 -9999.000 -9999.000 -9999.000 -9999.000 -9999.000 -9999.000 -9999.000 -9999.000 -9999.000 -9999.000 -9999.000
-9999.000 -9999.000 -9999.000 -9999.000 -9999.000 -9999.000 -9999.000 -9999.000 -9999.000 -9999.000 -9999.000 -9999.000 -9999.000 -9999.000 -9999.000 0.1134749E-02 0.3908394E-02 0.8850496E-02 0.1432373E-01 0.1938805E-01 0.2348613E-01 0.2639402E-01 0.2801794E-01 0.2836837E-01 0.2752447E-01 0.2556398E-01 0.2255618E-01 0.1846346E-01 0.1279068E-01 0.6289041E-02 0.6289041E-02 -9999.000 -9999.000 -9999.000 -9999.000 -9999.000 -9999.000 -9999.000 -9999.000 -9999.000 -9999.000 -9999.000 -9999.000 -9999.000 -9999.000 -9999.000 -9999.000 -9999.000 -9999.000 -9999.000 -9999.000 -9999.000 -9999.000 -9999.000 -9999.000 -9999.000 -9999.000 -9999.000
-9999.000 -9999.000 -9999.000 -9999.000 -9999.000 -9999.000 -9999.000 -9999.000 -9999.000 -9999.000 -9999.000 -9999.000 -9999.000 -9999.000 -9999.000 0.1415017E-02 0.4533391E-02 0.9895621E-02 0.1578155E-01 0.2121294E-01 0.2560479E-01 0.2872148E-01 0.3046235E-01 0.3083516E-01 0.2992134E-01 0.2780229E-01 0.2455227E-01 0.2013583E-01 0.1403409E-01 0.6953550E-02 0.6953550E-02 -9999.000 -9999.000 -9999.000 -9999.000 -9999.000 -9999.000 -9999.000 -9999.000 -9999.000 -9999.000 -9999.000 -9999.000 -9999.000 -9999.000 -9999.000 -9999.000 -9999.000 -9999.000 -9999.000 -9999.000 -9999.000 -9999.000 -9999.000 -9999.000 -9999.000 -9999.000 -9999.000
-9999.000 -9999.000 -9999.000 -9999.000 -9999.000 -9999.000 -9999.000 -9999.000 -9999.000 -9999.000 -9999.000 -9999.000 -9999.000 -9999.000 -9999.000 0.1604255E-02 0.4967629E-02 0.1064353E-01 0.1684815E-01 0.2256852E-01 0.2719527E-01 0.3048470E-01 0.3233149E-01 0.3274325E-01 0.3180435E-01 0.2959793E-01 0.2620090E-01 0.2157408E-01 0.1516227E-01 0.7579383E-02 0.7579383E-02 -9999.000 -9999.000 -9999.000 -9999.000 -9999.000 -9999.000 -9999.000 -9999.000 -9999.000 -9999.000 -9999.000 -9999.000 -9999.000 -9999.000 -9999.000 -9999.000 -9999.000 -9999.000 -9999.000 -9999.000 -9999.000 -9999.000 -9999.000 -9999.000 -9999.000 -9999.000 -9999.000
-9999.000 -9999.000 -9999.000 -9999.000 -9999.000 -9999.000 -9999.000 -9999.000 -9999.000 -9999.000 -9999.000 -9999.000 -9999.000 -9999.000 -9999.000 0.1763029E-02 0.5336693E-02 0.1128768E-01 0.1777697E-01 0.2375810E-01 0.2859848E-01 0.3204911E-01 0.3400158E-01 0.3446468E-01 0.3352604E-01 0.3127025E-01 0.2777497E-01 0.2299369E-01 0.1632358E-01 0.8241639E-02 0.8241639E-02 -9999.000 -9999.000 -9999.000 -9999.000 -9999.000 -9999.000 -9999.000 -9999.000 -9999.000 -9999.000 -9999.000 -9999.000 -9999.000 -9999.000 -9999.000 -9999.000 -9999.000 -9999.000 -9999.000 -9999.000 -9999.000 -9999.000 -9999.000 -9999.000 -9999.000 -9999.000 -9999.000
-9999.000 -9999.000 -9999.000 -9999.000 -9999.000 -9999.000 -9999.000 -9999.000 -9999.000 -9999.000 -9999.000 -9999.000 -9999.000 -9999.000 -9999.000 0.1920619E-02 0.5701879E-02 0.1192233E-01 0.1869131E-01 0.2492940E-01 0.2998123E-01 0.3359431E-01 0.3565848E-01 0.3618442E-01 0.3526424E-01 0.3298333E-01 0.2941913E-01 0.2451495E-01 0.1760851E-01 0.8989723E-02 0.8989723E-02 -9999.000 -9999.000 -9999.000 -9999.000 -9999.000 -9999.000 -9999.000 -9999.000 -9999.000 -9999.000 -9999.000 -9999.000 -9999.000 -9999.000 -9999.000 -9999.000 -9999.000 -9999.000 -9999.000 -9999.000 -9999.000 -9999.000 -9999.000 -9999.000 -9999.000 -9999.000 -9999.000
-9999.000 -9999.000 -9999.000 -9999.000 -9999.000 -9999.000 -9999.000 -9999.000 -9999.000 -9999.000 -9999.000 -9999.000 -9999.000 -9999.000 -9999.000 0.2092297E-02 0.6094976E-02 0.1259706E-01 0.1965639E-01 0.2616061E-01 0.3143180E-01 0.3521618E-01 0.3740242E-01 0.3800454E-01 0.3712000E-01 0.3483437E-01 0.3122458E-01 0.2622054E-01 0.1908739E-01 0.9865589E-02 0.9865589E-02 -9999.000 -9999.000 -9999.000 -9999.000 -9999.000 -9999.000 -9999.000 -9999.000 -9999.000 -9999.000 -9999.000 -9999.000 -9999.000 -9999.000 -9999.000 -9999.000 -9999.000 -9999.000 -9999.000 -9999.000 -9999.000 -9999.000 -9999.000 -9999.000 -9999.000 -9999.000 -9999.000
-9999.000 -9999.000 -9999.000 -9999.000 -9999.000 -9999.000 -9999.000 -9999.000 -9999.000 -9999.000 -9999.000 -9999.000 -9999.000 -9999.000 -9999.000 0.2288126E-02 0.6536508E-02 0.1334306E-01 0.2071271E-01 0.2750049E-01 0.3300589E-01 0.3697582E-01 0.3929912E-01 0.3999416E-01 0.3916477E-01 0.3689691E-01 0.3326595E-01 0.2818500E-01 0.2083191E-01 0.1091445E-01 0.1091445E-01 -9999.000 -9999.000 -9999.000 -9999.000 -9999.000 -9999.000 -9999.000 -9999.000 -9999.000 -9999.000 -9999.000 -9999.000 -9999.000 -9999.000 -9999.000 -9999.000 -9999.000 -9999.000 -9999.000 -9999.000 -9999.000 -9999.000 -9999.000 -9999.000 -9999.000 -9999.000 -9999.000
-9999.000 -9999.000 -9999.000 -9999.000 -9999.000 -9999.000 -9999.000 -9999.000 -9999.000 -9999.000 -9999.000 -9999.000 -9999.000 -9999.000 -9999.000 0.2515883E-02 0.7043366E-02 0.1418635E-01 0.2189454E-01 0.2898993E-01 0.3475023E-01 0.3892559E-01 0.4140604E-01 0.4221592E-01 0.4146667E-01 0.3924418E-01 0.3562212E-01 0.3049312E-01 0.2292892E-01 0.1219389E-01 0.1219389E-01 -9999.000 -9999.000 -9999.000 -9999.000 -9999.000 -9999.000 -9999.000 -9999.000 -9999.000 -9999.000 -9999.000 -9999.000 -9999.000 -9999.000 -9999.000 -9999.000 -9999.000 -9999.000 -9999.000 -9999.000 -9999.000 -9999.000 -9999.000 -9999.000 -9999.000 -9999.000 -9999.000
-9999.000 -9999.000 -9999.000 -9999.000 -9999.000 -9999.000 -9999.000 -9999.000 -9999.000 -9999.000 -9999.000 -9999.000 -9999.000 -9999.000 -9999.000 0.2784301E-02 0.7633256E-02 0.1515431E-01 0.2323814E-01 0.3067301E-01 0.3671541E-01 0.4112286E-01 0.4378725E-01 0.4474118E-01 0.4410541E-01 0.4196514E-01 0.3839245E-01 0.3325483E-01 0.2549644E-01 0.1378295E-01 0.1378295E-01 -9999.000 -9999.000 -9999.000 -9999.000 -9999.000 -9999.000 -9999.000 -9999.000 -9999.000 -9999.000 -9999.000 -9999.000 -9999.000 -9999.000 -9999.000 -9999.000 -9999.000 -9999.000 -9999.000 -9999.000 -9999.000 -9999.000 -9999.000 -9999.000 -9999.000 -9999.000 -9999.000
-9999.000 -9999.000 -9999.000 -9999.000 -9999.000 -9999.000 -9999.000 -9999.000 -9999.000 -9999.000 -9999.000 -9999.000 -9999.000 -9999.000 -9999.000 0.3103830E-02 0.8328755E-02 0.1628195E-01 0.2478944E-01 0.3260547E-01 0.3896683E-01 0.4364178E-01 0.4652656E-01 0.4766413E-01 0.4718719E-01 0.4518043E-01 0.4171363E-01 0.3662459E-01 0.2870294E-01 0.1579592E-01 0.1579592E-01 -9999.000 -9999.000 -9999.000 -9999.000 -9999.000 -9999.000 -9999.000 -9999.000 -9999.000 -9999.000 -9999.000 -9999.000 -9999.000 -9999.000 -9999.000 -9999.000 -9999.000 -9999.000 -9999.000 -9999.000 -9999.000 -9999.000 -9999.000 -9999.000 -9999.000 -9999.000 -9999.000
-9999.000 -9999.000 -9999.000 -9999.000 -9999.000 -9999.000 -9999.000 -9999.000 -9999.000 -9999.000 -9999.000 -9999.000 -9999.000 -9999.000 -9999.000 0.3492737E-02 0.9167466E-02 0.1762770E-01 0.2662474E-01 0.3487799E-01 0.4160693E-01 0.4659692E-01 0.4975076E-01 0.5112557E-01 0.5086953E-01 0.4906715E-01 0.4578679E-01 0.4083071E-01 0.3279970E-01 0.1840337E-01 0.1840337E-01 -9999.000 -9999.000 -9999.000 -9999.000 -9999.000 -9999.000 -9999.000 -9999.000 -9999.000 -9999.000 -9999.000 -9999.000 -9999.000 -9999.000 -9999.000 -9999.000 -9999.000 -9999.000 -9999.000 -9999.000 -9999.000 -9999.000 -9999.000 -9999.000 -9999.000 -9999.000 -9999.000
-9999.000 -9999.000 -9999.000 -9999.000 -9999.000 -9999.000 -9999.000 -9999.000 -9999.000 -9999.000 -9999.000 -9999.000 -9999.000 -9999.000 -9999.000 0.4560684E-02 0.1142072E-01 0.2117060E-01 0.3075380E-01 0.3926691E-01 0.4619948E-01 0.5133767E-01 0.5461165E-01 0.5610769E-01 0.5599638E-01 0.5436201E-01 0.5126992E-01 0.4647456E-01 0.3834003E-01 0.2196325E-01 0.2196325E-01 -9999.000 -9999.000 -9999.000 -9999.000 -9999.000 -9999.000 -9999.000 -9999.000 -9999.000 -9999.000 -9999.000 -9999.000 -9999.000 -9999.000 -9999.000 -9999.000 -9999.000 -9999.000 -9999.000 -9999.000 -9999.000 -9999.000 -9999.000 -9999.000 -9999.000 -9999.000 -9999.000
-9999.000 -9999.000 -9999.000 -9999.000 -9999.000 -9999.000 -9999.000 -9999.000 -9999.000 -9999.000 -9999.000 -9999.000 -9999.000 -9999.000 -9999.000 0.7232966E-01 0.1107467 0.1292988 0.1235085 0.1106848 0.1011490 0.9240389E-01 0.8433394E-01 0.7692222E-01 0.7002142E-01 0.6338996E-01 0.5680343E-01 0.4968443E-01 0.3996072E-01 0.1947912E-01 0.1947912E-01 -9999.000 -9999.000 -9999.000 -9999.000 -9999.000 -9999.000 -9999.000 -9999.000 -9999.000 -9999.000 -9999.000 -9999.000 -9999.000 -9999.000 -9999.000 -9999.000 -9999.000 -9999.000 -9999.000 -9999.000 -9999.000 -9999.000 -9999.000 -9999.000 -9999.000 -9999.000 -9999.000
2.774215 2.774215 2.755543 2.817175 2.823992 2.823992 2.827454 2.829907 2.829907 2.828542 2.828542 2.824464 2.821671 2.818482 2.814960 2.814960 2.924535 2.927252 2.927584 2.915202 2.880138 2.823920 2.745951 2.644196 2.521439 2.379876 2.222243 2.056849 1.906666 1.838568 1.838568 2.646161 2.816703 2.916797 2.942351 2.942351 2.978399 2.978399 2.970092 2.970092 2.932877 2.772991 2.772991 2.476836 2.476836 2.082669 2.082669 2.082669 2.053478 2.053478 2.077671 2.077671 2.121286 2.121286 2.168807 2.168807 2.212233 2.212233
2.796959 2.796959 2.782992 2.866537 2.884947 2.884947 2.899785 2.924590 2.924590 2.945307 2.945307 2.963147 2.971249 2.978912 2.986193 2.986193 3.064395 3.079297 3.092407 3.102456 3.107016 3.105170 3.094717 3.072368 3.036023 2.983658 2.913652 2.826668 2.728879 2.646237 2.646237 3.079569 3.232996 3.381565 3.422228 3.422228 3.470139 3.470139 3.476377 3.476377 3.459569 3.369715 3.369715 3.194517 3.194517 2.895542 2.895542 2.895542 2.863180 2.863180 2.889367 2.889367 2.936066 2.936066 2.986193 2.986193 3.032600 3.032600
2.800738 2.800738 2.786919 2.866257 2.885116 2.885116 2.900424 2.925901 2.925901 2.947225 2.947225 2.965751 2.974237 2.982307 2.990023 2.990023 3.058363 3.083690 3.107253 3.128229 3.145236 3.157813 3.165270 3.166226 3.159515 3.143714 3.117133 3.078960 3.031723 2.991338 2.991338 3.233683 3.383682 3.558208 3.609600 3.609600 3.664979 3.664979 3.661324 3.661324 3.636375 3.543416 3.543416 3.411891 3.411891 3.177153 3.177153 3.177153 3.131292 3.131292 3.145037 3.145037 3.183144 3.183144 3.227198 3.227198 3.269145 3.269145
2.798946 2.798946 2.793786 2.865606 2.884669 2.884669 2.900285 2.926048 2.926048 2.947416 2.947416 2.965934 2.974413 2.982476 2.990183 2.990183 3.052523 3.086621 3.119947 3.150391 3.176332 3.197058 3.212207 3.221284 3.224001 3.220038 3.208847 3.190162 3.165601 3.145416 3.145416 3.291539 3.423686 3.606165 3.663793 3.663793 3.718846 3.718846 3.694922 3.694922 3.658223 3.566366 3.566366 3.477412 3.477412 3.309314 3.309314 3.309314 3.255417 3.255417 3.255331 3.255331 3.284098 3.284098 3.322776 3.322776 3.361395 3.361395
2.799757 2.799757 2.798599 2.865023 2.884158 2.884158 2.899993 2.925935 2.925935 2.947288 2.947288 2.965789 2.974273 2.982348 2.990071 2.990071 3.050638 3.092458 3.134700 3.173903 3.208045 3.236131 3.257722 3.272532 3.280505 3.281736 3.276331 3.264628 3.248199 3.234288 3.234288 3.322705 3.430711 3.604142 3.659513 3.659513 3.695003 3.695003 3.641817 3.641817 3.599370 3.529959 3.529959 3.487792 3.487792 3.386492 3.386492 3.386492 3.333526 3.333526 3.320365 3.320365 3.337470 3.337470 3.368819 3.368819 3.402918 3.402918
2.800315 2.800315 2.802123 2.864665 2.883822 2.883822 2.899827 2.925946 2.925946 2.947308 2.947308 2.965793 2.974272 2.982346 2.990069 2.990069 3.053832 3.102947 3.153244 3.200265 3.241699 3.276403 3.303855 3.323817 3.336258 3.341335 3.339328 3.330768 3.317109 3.303631 3.303631 3.353528 3.434507 3.580549 3.620625 3.620625 3.611336 3.611336 3.534896 3.534896 3.502705 3.476448 3.476448 3.477830 3.477830 3.435432 3.435432 3.435432 3.392444 3.392444 3.370788 3.370788 3.375551 3.375551 3.397364 3.397364 3.424945 3.424945
2.800638 2.800638 2.804256 2.864462 2.883619 2.883619 2.899725 2.925959 2.925959 2.947326 2.947326 2.965799 2.974276 2.982348 2.990070 2.990070 3.062832 3.119419 3.177057 3.230860 3.278472 3.318764 3.351240 3.375692 3.392103 3.400605 3.401463 3.395167 3.382882 3.368309 3.368309 3.391572 3.444839 3.540541 3.546355 3.546355 3.476617 3.476617 3.411239 3.411239 3.404413 3.426200 3.426200 3.461159 3.461159 3.465622 3.465622 3.465622 3.438711 3.438711 3.415253 3.415253 3.409596 3.409596 3.420633 3.420633 3.439710 3.439710
2.800744 2.800744 2.804973 2.864395 2.883550 2.883550 2.899689 2.925962 2.925962 2.947332 2.947332 2.965802 2.974277 2.982349 2.990071 2.990071 3.078678 3.143301 3.207687 3.267157 3.319637 3.364214 3.400536 3.428500 3.448131 3.459543 3.462942 3.458698 3.447617 3.431958 3.431958 3.436274 3.460999 3.471339 3.422118 3.422118 3.312617 3.312617 3.299965 3.299965 3.322078 3.382409 3.382409 3.440518 3.440518 3.480627 3.480627 3.480627 3.472255 3.472255 3.453429 3.453429 3.441514 3.441514 3.442090 3.442090 3.451268 3.451268
2.800638 2.800638 2.804256 2.864462 2.883619 2.883619 2.899725 2.925959 2.925959 2.947326 2.947326 2.965799 2.974276 2.982347 2.990070 2.990070 3.102870 3.176250 3.246779 3.310670 3.366490 3.413776 3.452463 3.482630 3.504403 3.517919 3.523334 3.520884 3.510981 3.494236 3.494236 3.482978 3.473268 3.346220 3.240298 3.240298 3.157513 3.157513 3.215183 3.215183 3.258706 3.343728 3.343728 3.417178 3.417178 3.483896 3.483896 3.483896 3.493481 3.493481 3.483709 3.483709 3.469977 3.469977 3.461926 3.461926 3.460712 3.460712
2.800314 2.800314 2.802123 2.864664 2.883822 2.883822 2.899827 2.925947 2.925947 2.947309 2.947309 2.965793 2.974273 2.982346 2.990069 2.990069 3.137625 3.220344 3.296170 3.362935 3.420264 3.468370 3.507628 3.538385 3.560923 3.575436 3.582062 3.580912 3.571859 3.552665 3.552665 3.521672 3.456536 3.147296 3.028893 3.028893 3.041795 3.041795 3.152664 3.152664 3.207929 3.307123 3.307123 3.391010 3.391010 3.477432 3.477432 3.477432 3.502594 3.502594 3.503773 3.503773 3.492134 3.492134 3.478184 3.478184 3.467089 3.467089
2.799755 2.799755 2.798600 2.865023 2.884158 2.884158 2.899992 2.925934 2.925934 2.947287 2.947287 2.965788 2.974272 2.982348 2.990071 2.990071 3.186271 3.278306 3.357939 3.425457 3.481975 3.528621 3.566325 3.595775 3.617441 3.631600 3.638391 3.637773 3.628466 3.600702 3.600702 3.527123 3.359682 2.905503 2.848867 2.848867 2.964015 2.964015 3.100310 3.100310 3.161145 3.268700 3.268700 3.360103 3.360103 3.460983 3.460983 3.460983 3.498651 3.498651 3.510561 3.510561 3.503470 3.503470 3.486465 3.486465 3.466892 3.466892
