cruce_test.gid/Rasters/Hydraulic/Velocity____70.0.asc
NCOLS        79
NROWS        79
XLLCENTER         -1.500000
YLLCENTER         -4.800000
CELLSIZE           0.100
NODATA_VALUE     -9999.0
[rows 0 to 26 of 79, columns 0 to 59 of 79]
-9999.000 -9999.000 -9999.000 -9999.000 -9999.000 -9999.000 -9999.000 -9999.000 -9999.000 -9999.000 -9999.000 -9999.000 -9999.000 -9999.000 -9999.000 0.2269776 0.2258963 0.2260951 0.2263967 0.2267181 0.2270561 0.2274226 0.2278338 0.2283099 0.2288765 0.2295704 0.2304494 0.2316097 0.2330817 0.2303507 0.2303507 -9999.000 -9999.000 -9999.000 -9999.000 -9999.000 -9999.000 -9999.000 -9999.000 -9999.000 -9999.000 -9999.000 -9999.000 -9999.000 -9999.000 -9999.000 -9999.000 -9999.000 -9999.000 -9999.000 -9999.000 -9999.000 -9999.000 -9999.000 -9999.000 -9999.000 -9999.000 -9999.000 -9999.000 -9999.000
-9999.000 -9999.000 -9999.000 -9999.000 -9999.000 -9999.000 -9999.000 -9999.000 -9999.000 -9999.000 -9999.000 -9999.000 -9999.000 -9999.000 -9999.000 0.2238422 0.2214067 0.2217984 0.2224166 0.2230788 0.2237720 0.2245155 0.2253409 0.2262895 0.2274171 0.2288061 0.2305856 0.2329611 0.2359753 0.2307865 0.2307865 -9999.000 -9999.000 -9999.000 -9999.000 -9999.000 -9999.000 -9999.000 -9999.000 -9999.000 -9999.000 -9999.000 -9999.000 -9999.000 -9999.000 -9999.000 -9999.000 -9999.000 -9999.000 -9999.000 -9999.000 -9999.000 -9999.000 -9999.000 -9999.000 -9999.000 -9999.000 -9999.000 -9999.000 -9999.000
-9999.000 -9999.000 -9999.000 -9999.000 -9999.000 -9999.000 -9999.000 -9999.000 -9999.000 -9999.000 -9999.000 -9999.000 -9999.000 -9999.000 -9999.000 0.2191040 0.2151245 0.2157819 0.2168718 0.2180799 0.2193739 0.2207789 0.2223451 0.2241416 0.2262625 0.2288423 0.2320818 0.2362797 0.2414182 0.2338713 0.2338713 -9999.000 -9999.000 -9999.000 -9999.000 -9999.000 -9999.000 -9999.000 -9999.000 -9999.000 -9999.000 -9999.000 -9999.000 -9999.000 -9999.000 -9999.000 -9999.000 -9999.000 -9999.000 -9999.000 -9999.000 -9999.000 -9999.000 -9999.000 -9999.000 -9999.000 -9999.000 -9999.000 -9999.000 -9999.000
-9999.000 -9999.000 -9999.000 -9999.000 -9999.000 -9999.000 -9999.000 -9999.000 -9999.000 -9999.000 -9999.000 -9999.000 -9999.000 -9999.000 -9999.000 0.2132576 0.2077597 0.2087630 0.2104442 0.2123468 0.2144170 0.2166844 0.2192163 0.2221096 0.2254963 0.2295643 0.2345886 0.2409691 0.2486315 0.2392420 0.2392420 -9999.000 -9999.000 -9999.000 -9999.000 -9999.000 -9999.000 -9999.000 -9999.000 -9999.000 -9999.000 -9999.000 -9999.000 -9999.000 -9999.000 -9999.000 -9999.000 -9999.000 -9999.000 -9999.000 -9999.000 -9999.000 -9999.000 -9999.000 -9999.000 -9999.000 -9999.000 -9999.000 -9999.000 -9999.000
-9999.000 -9999.000 -9999.000 -9999.000 -9999.000 -9999.000 -9999.000 -9999.000 -9999.000 -9999.000 -9999.000 -9999.000 -9999.000 -9999.000 -9999.000 0.2063624 0.1994262 0.2008570 0.2032405 0.2059716 0.2089713 0.2122733 0.2159629 0.2201658 0.2250558 0.2308799 0.2379986 0.2469305 0.2575619 0.2469146 0.2469146 -9999.000 -9999.000 -9999.000 -9999.000 -9999.000 -9999.000 -9999.000 -9999.000 -9999.000 -9999.000 -9999.000 -9999.000 -9999.000 -9999.000 -9999.000 -9999.000 -9999.000 -9999.000 -9999.000 -9999.000 -9999.000 -9999.000 -9999.000 -9999.000 -9999.000 -9999.000 -9999.000 -9999.000 -9999.000
-9999.000 -9999.000 -9999.000 -9999.000 -9999.000 -9999.000 -9999.000 -9999.000 -9999.000 -9999.000 -9999.000 -9999.000 -9999.000 -9999.000 -9999.000 0.1984197 0.1901950 0.1921407 0.1953335 0.1990164 0.2030844 0.2075750 0.2125931 0.2182969 0.2249084 0.2327446 0.2422696 0.2541490 0.2682647 0.2570563 0.2570563 -9999.000 -9999.000 -9999.000 -9999.000 -9999.000 -9999.000 -9999.000 -9999.000 -9999.000 -9999.000 -9999.000 -9999.000 -9999.000 -9999.000 -9999.000 -9999.000 -9999.000 -9999.000 -9999.000 -9999.000 -9999.000 -9999.000 -9999.000 -9999.000 -9999.000 -9999.000 -9999.000 -9999.000 -9999.000
-9999.000 -9999.000 -9999.000 -9999.000 -9999.000 -9999.000 -9999.000 -9999.000 -9999.000 -9999.000 -9999.000 -9999.000 -9999.000 -9999.000 -9999.000 0.1893767 0.1801005 0.1826615 0.1867716 0.1915263 0.1967940 0.2026163 0.2091206 0.2165036 0.2250448 0.2351476 0.2474054 0.2626723 0.2808882 0.2699812 0.2699812 -9999.000 -9999.000 -9999.000 -9999.000 -9999.000 -9999.000 -9999.000 -9999.000 -9999.000 -9999.000 -9999.000 -9999.000 -9999.000 -9999.000 -9999.000 -9999.000 -9999.000 -9999.000 -9999.000 -9999.000 -9999.000 -9999.000 -9999.000 -9999.000 -9999.000 -9999.000 -9999.000 -9999.000 -9999.000
-9999.000 -9999.000 -9999.000 -9999.000 -9999.000 -9999.000 -9999.000 -9999.000 -9999.000 -9999.000 -9999.000 -9999.000 -9999.000 -9999.000 -9999.000 0.1791331 0.1691475 0.1724458 0.1775901 0.1835403 0.1901379 0.1974308 0.2055724 0.2148052 0.2254795 0.2381072 0.2534476 0.2726035 0.2956721 0.2861767 0.2861767 -9999.000 -9999.000 -9999.000 -9999.000 -9999.000 -9999.000 -9999.000 -9999.000 -9999.000 -9999.000 -9999.000 -9999.000 -9999.000 -9999.000 -9999.000 -9999.000 -9999.000 -9999.000 -9999.000 -9999.000 -9999.000 -9999.000 -9999.000 -9999.000 -9999.000 -9999.000 -9999.000 -9999.000 -9999.000
-9999.000 -9999.000 -9999.000 -9999.000 -9999.000 -9999.000 -9999.000 -9999.000 -9999.000 -9999.000 -9999.000 -9999.000 -9999.000 -9999.000 -9999.000 0.1675470 0.1573177 0.1615080 0.1678215 0.1751026 0.1831676 0.1920716 0.2019993 0.2132483 0.2262569 0.2416747 0.2604775 0.2841026 0.3129616 0.3063674 0.3063674 -9999.000 -9999.000 -9999.000 -9999.000 -9999.000 -9999.000 -9999.000 -9999.000 -9999.000 -9999.000 -9999.000 -9999.000 -9999.000 -9999.000 -9999.000 -9999.000 -9999.000 -9999.000 -9999.000 -9999.000 -9999.000 -9999.000 -9999.000 -9999.000 -9999.000 -9999.000 -9999.000 -9999.000 -9999.000
-9999.000 -9999.000 -9999.000 -9999.000 -9999.000 -9999.000 -9999.000 -9999.000 -9999.000 -9999.000 -9999.000 -9999.000 -9999.000 -9999.000 -9999.000 0.1544411 0.1445771 0.1498615 0.1575101 0.1662808 0.1759660 0.1866304 0.1984954 0.2119254 0.2274676 0.2459473 0.2686252 0.2973975 0.3332347 0.3316343 0.3316343 -9999.000 -9999.000 -9999.000 -9999.000 -9999.000 -9999.000 -9999.000 -9999.000 -9999.000 -9999.000 -9999.000 -9999.000 -9999.000 -9999.000 -9999.000 -9999.000 -9999.000 -9999.000 -9999.000 -9999.000 -9999.000 -9999.000 -9999.000 -9999.000 -9999.000 -9999.000 -9999.000 -9999.000 -9999.000
-9999.000 -9999.000 -9999.000 -9999.000 -9999.000 -9999.000 -9999.000 -9999.000 -9999.000 -9999.000 -9999.000 -9999.000 -9999.000 -9999.000 -9999.000 0.1396096 0.1308851 0.1375370 0.1467378 0.1571954 0.1686811 0.1812718 0.1952332 0.2110091 0.2292805 0.2510963 0.2780933 0.3128040 0.3571469 0.3636358 0.3636358 -9999.000 -9999.000 -9999.000 -9999.000 -9999.000 -9999.000 -9999.000 -9999.000 -9999.000 -9999.000 -9999.000 -9999.000 -9999.000 -9999.000 -9999.000 -9999.000 -9999.000 -9999.000 -9999.000 -9999.000 -9999.000 -9999.000 -9999.000 -9999.000 -9999.000 -9999.000 -9999.000 -9999.000 -9999.000
-9999.000 -9999.000 -9999.000 -9999.000 -9999.000 -9999.000 -9999.000 -9999.000 -9999.000 -9999.000 -9999.000 -9999.000 -9999.000 -9999.000 -9999.000 0.1228227 0.1162104 0.1246145 0.1356696 0.1480750 0.1615864 0.1762999 0.1925337 0.2108252 0.2320159 0.2574345 0.2892123 0.3307746 0.3856075 0.4050448 0.4050448 -9999.000 -9999.000 -9999.000 -9999.000 -9999.000 -9999.000 -9999.000 -9999.000 -9999.000 -9999.000 -9999.000 -9999.000 -9999.000 -9999.000 -9999.000 -9999.000 -9999.000 -9999.000 -9999.000 -9999.000 -9999.000 -9999.000 -9999.000 -9999.000 -9999.000 -9999.000 -9999.000 -9999.000 -9999.000
-9999.000 -9999.000 -9999.000 -9999.000 -9999.000 -9999.000 -9999.000 -9999.000 -9999.000 -9999.000 -9999.000 -9999.000 -9999.000 -9999.000 -9999.000 0.1038342 0.1005696 0.1112954 0.1246460 0.1393622 0.1551997 0.1722869 0.1910065 0.2120032 0.2363029 0.2655725 0.3025806 0.3520050 0.4199066 0.4604862 0.4604862 -9999.000 -9999.000 -9999.000 -9999.000 -9999.000 -9999.000 -9999.000 -9999.000 -9999.000 -9999.000 -9999.000 -9999.000 -9999.000 -9999.000 -9999.000 -9999.000 -9999.000 -9999.000 -9999.000 -9999.000 -9999.000 -9999.000 -9999.000 -9999.000 -9999.000 -9999.000 -9999.000 -9999.000 -9999.000
-9999.000 -9999.000 -9999.000 -9999.000 -9999.000 -9999.000 -9999.000 -9999.000 -9999.000 -9999.000 -9999.000 -9999.000 -9999.000 -9999.000 -9999.000 0.8236631E-01 0.8418325E-01 0.9818474E-01 0.1145381 0.1321082 0.1506980 0.1705033 0.1919928 0.2159315 0.2435463 0.2768848 0.3194982 0.3777804 0.4619895 0.5388796 0.5388796 -9999.000 -9999.000 -9999.000 -9999.000 -9999.000 -9999.000 -9999.000 -9999.000 -9999.000 -9999.000 -9999.000 -9999.000 -9999.000 -9999.000 -9999.000 -9999.000 -9999.000 -9999.000 -9999.000 -9999.000 -9999.000 -9999.000 -9999.000 -9999.000 -9999.000 -9999.000 -9999.000 -9999.000 -9999.000
-9999.000 -9999.000 -9999.000 -9999.000 -9999.000 -9999.000 -9999.000 -9999.000 -9999.000 -9999.000 -9999.000 -9999.000 -9999.000 -9999.000 -9999.000 0.5804955E-01 0.7606046E-01 0.9911263E-01 0.1211444 0.1423429 0.1632724 0.1846471 0.2073296 0.2324318 0.2615575 0.2972894 0.3441768 0.4109393 0.5145600 0.6584911 0.6584911 -9999.000 -9999.000 -9999.000 -9999.000 -9999.000 -9999.000 -9999.000 -9999.000 -9999.000 -9999.000 -9999.000 -9999.000 -9999.000 -9999.000 -9999.000 -9999.000 -9999.000 -9999.000 -9999.000 -9999.000 -9999.000 -9999.000 -9999.000 -9999.000 -9999.000 -9999.000 -9999.000 -9999.000 -9999.000
1.634734 1.634734 1.689384 1.726641 1.735659 1.735659 1.741924 1.749626 1.749626 1.753742 1.753742 1.755627 1.744905 1.482227 1.321372 1.321372 1.154193 1.088457 1.015814 0.9382920 0.8585320 0.7798906 0.7063685 0.6425283 0.5935203 0.5654225 0.5661889 0.6079816 0.7128257 0.9416939 0.9416939 1.571521 1.767059 1.827619 1.791064 1.791064 1.663360 1.663360 1.488486 1.488486 1.104481 0.9281956 0.9281956 0.9188830 0.9188830 0.9588040 0.9588040 0.9588040 1.008666 1.008666 1.052775 1.052775 1.089986 1.089986 1.134369 1.134369 1.161849 1.161849 1.161849 1.181725
1.649295 1.649295 1.709722 1.760643 1.777203 1.777203 1.791075 1.814002 1.814002 1.833282 1.833282 1.850251 1.851362 1.652145 1.468008 1.468008 1.396971 1.370914 1.336875 1.294133 1.242820 1.183969 1.119610 1.052986 0.9888963 0.9341999 0.8985841 0.8959411 0.9471058 1.088225 1.088225 1.542531 1.697774 1.800029 1.814230 1.814230 1.793845 1.793845 1.709985 1.709985 1.522496 1.230876 1.230876 1.229478 1.229478 1.280514 1.280514 1.280514 1.333681 1.333681 1.381500 1.381500 1.409267 1.409267 1.463843 1.463843 1.497732 1.497732 1.497732 1.524708
1.652416 1.652416 1.711649 1.761051 1.777617 1.777617 1.791608 1.814899 1.814899 1.834629 1.834629 1.852110 1.855444 1.707243 1.499165 1.499165 1.460330 1.453034 1.441547 1.424373 1.400661 1.370207 1.333550 1.292166 1.248772 1.207796 1.176124 1.164432 1.189837 1.284856 1.284856 1.630687 1.771263 1.887549 1.913781 1.913781 1.916715 1.916715 1.862432 1.862432 1.764606 1.499091 1.499091 1.462415 1.462415 1.499281 1.499281 1.499281 1.547104 1.547104 1.588246 1.588246 1.620343 1.620343 1.659938 1.659938 1.688567 1.688567 1.688567 1.710634
1.654690 1.654690 1.713376 1.761164 1.777581 1.777581 1.791538 1.814856 1.814856 1.834623 1.834623 1.852126 1.856796 1.756847 1.524793 1.524793 1.495660 1.496318 1.494721 1.489784 1.480880 1.467733 1.450453 1.429694 1.406917 1.384751 1.367562 1.362454 1.381579 1.452386 1.452386 1.716126 1.837572 1.945992 1.969449 1.969449 1.974458 1.974458 1.941358 1.941358 1.894484 1.705279 1.705279 1.625650 1.625650 1.651875 1.651875 1.651875 1.692845 1.692845 1.728963 1.728963 1.757855 1.757855 1.789641 1.789641 1.814551 1.814551 1.814551 1.833386
1.656304 1.656304 1.714832 1.761279 1.777534 1.777534 1.791449 1.814795 1.814795 1.834600 1.834600 1.852119 1.857768 1.797305 1.561956 1.561956 1.527322 1.533202 1.536837 1.537745 1.535895 1.531488 1.524893 1.516681 1.507800 1.499841 1.495432 1.498870 1.517834 1.574399 1.574399 1.783571 1.883334 1.971938 1.986478 1.986478 1.985038 1.985038 1.970963 1.970963 1.954947 1.850861 1.850861 1.758446 1.758446 1.759404 1.759404 1.759404 1.793600 1.793600 1.825983 1.825983 1.852608 1.852608 1.879362 1.879362 1.901273 1.901273 1.901273 1.917647
1.657375 1.657375 1.715914 1.761388 1.777495 1.777495 1.791367 1.814738 1.814738 1.834581 1.834581 1.852114 1.858473 1.820195 1.610177 1.610177 1.557496 1.569013 1.577183 1.582011 1.583979 1.583830 1.582420 1.580642 1.579459 1.580052 1.584027 1.593588 1.612417 1.658744 1.658744 1.826079 1.904408 1.963458 1.967224 1.967224 1.964140 1.964140 1.972584 1.972584 1.976923 1.941283 1.941283 1.868034 1.868034 1.843012 1.843012 1.843012 1.867941 1.867941 1.895870 1.895870 1.920129 1.920129 1.943115 1.943115 1.962034 1.962034 1.962034 1.976019
1.657987 1.657987 1.716574 1.761469 1.777471 1.777471 1.791310 1.814697 1.814697 1.834567 1.834567 1.852111 1.858977 1.835849 1.665982 1.665982 1.589234 1.606789 1.619434 1.627590 1.632095 1.634085 1.634863 1.635727 1.637900 1.642547 1.650801 1.663204 1.679226 1.712986 1.712986 1.843071 1.897152 1.920168 1.917420 1.917420 1.926356 1.926356 1.960226 1.960226 1.978774 1.988843 1.988843 1.950915 1.950915 1.912760 1.912760 1.912760 1.926663 1.926663 1.948520 1.948520 1.969567 1.969567 1.988877 1.988877 2.004582 2.004582 2.004582 2.016044
1.658186 1.658186 1.716795 1.761499 1.777463 1.777463 1.791289 1.814683 1.814683 1.834563 1.834563 1.852111 1.859333 1.846412 1.723304 1.723304 1.624113 1.648009 1.665256 1.676641 1.683232 1.686409 1.687812 1.689121 1.691896 1.697498 1.706954 1.719086 1.727150 1.741926 1.741926 1.830498 1.855550 1.847791 1.848754 1.848754 1.883437 1.883437 1.941302 1.941302 1.969845 2.008154 2.008154 2.004851 2.004851 1.971250 1.971250 1.971250 1.975486 1.975486 1.990080 1.990080 2.006530 2.006530 2.021728 2.021728 2.033988 2.033988 2.033988 2.042789
1.657987 1.657987 1.716574 1.761469 1.777471 1.777471 1.791310 1.814697 1.814697 1.834567 1.834567 1.852111 1.859579 1.853475 1.765240 1.765240 1.663755 1.694016 1.715743 1.730151 1.738606 1.742602 1.743934 1.744526 1.746264 1.750841 1.759391 1.767774 1.758085 1.741301 1.741301 1.783472 1.775978 1.760658 1.775713 1.775713 1.841962 1.841962 1.919228 1.919228 1.954844 2.010659 2.010659 2.033798 2.033798 2.017586 2.017586 2.017586 2.016535 2.016535 2.024124 2.024124 2.034853 2.034853 2.045279 2.045279 2.053651 2.053651 2.053651 2.059577
1.657375 1.657375 1.715914 1.761388 1.777495 1.777495 1.791367 1.814737 1.814737 1.834580 1.834580 1.852114 1.859749 1.858165 1.797042 1.797042 1.712158 1.745780 1.771601 1.789004 1.799170 1.803680 1.804461 1.803645 1.803395 1.805697 1.811645 1.811149 1.766351 1.704843 1.704843 1.696740 1.664932 1.673852 1.707070 1.707070 1.803367 1.803367 1.895342 1.895342 1.936188 2.003475 2.003475 2.044750 2.044750 2.050730 2.050730 2.050730 2.049708 2.049708 2.052097 2.052097 2.056852 2.056852 2.061875 2.061875 2.065873 2.065873 2.065873 2.068728
1.656304 1.656304 1.714832 1.761280 1.777535 1.777535 1.791449 1.814795 1.814795 1.834600 1.834600 1.852118 1.859867 1.861249 1.819805 1.819805 1.772551 1.806556 1.835166 1.854768 1.866051 1.870571 1.870303 1.867500 1.864535 1.863658 1.865534 1.845941 1.730533 1.620775 1.620775 1.569977 1.543092 1.596690 1.642237 1.642237 1.768255 1.768255 1.871422 1.871422 1.916243 1.991330 1.991330 2.044508 2.044508 2.071362 2.071362 2.071362 2.074427 2.074427 2.074204 2.074204 2.073601 2.073601 2.072973 2.072973 2.072286 2.072286 2.072286 2.071989
1.654691 1.654691 1.713376 1.761164 1.777582 1.777582 1.791538 1.814856 1.814856 1.834623 1.834623 1.852126 1.859949 1.863236 1.835289 1.835289 1.846533 1.880402 1.909429 1.929426 1.940562 1.944193 1.942195 1.936812 1.930509 1.925740 1.921462 1.855178 1.627554 1.493308 1.493308 1.425823 1.425935 1.529039 1.593348 1.593348 1.735484 1.735484 1.848086 1.848086 1.895920 1.976281 1.976281 2.037112 2.037112 2.080646 2.080646 2.080646 2.089627 2.089627 2.089130 2.089130 2.084425 2.084425 2.078503 2.078503 2.073237 2.073237 2.073237 2.069958
