cruce_test.gid/Rasters/Hydraulic/Velocity__y_175.0.asc
NCOLS        79
NROWS        79
XLLCENTER         -1.500000
YLLCENTER         -4.800000
CELLSIZE           0.100
NODATA_VALUE     -9999.0
[rows 0 to 26 of 79, columns 0 to 58 of 79]
-9999.000 -9999.000 -9999.000 -9999.000 -9999.000 -9999.000 -9999.000 -9999.000 -9999.000 -9999.000 -9999.000 -9999.000 -9999.000 -9999.000 -9999.000 -0.9826773E-01 -0.9613387E-01 -0.9545266E-01 -0.9552901E-01 -0.9596846E-01 -0.9652025E-01 -0.9711201E-01 -0.9771290E-01 -0.9822602E-01 -0.9869539E-01 -0.9911901E-01 -0.9952584E-01 -0.1000858 -0.1013740 -0.1025853 -0.1025853 -9999.000 -9999.000 -9999.000 -9999.000 -9999.000 -9999.000 -9999.000 -9999.000 -9999.000 -9999.000 -9999.000 -9999.000 -9999.000 -9999.000 -9999.000 -9999.000 -9999.000 -9999.000 -9999.000 -9999.000 -9999.000 -9999.000 -9999.000 -9999.000 -9999.000 -9999.000 -9999.000 -9999.000
-9999.000 -9999.000 -9999.000 -9999.000 -9999.000 -9999.000 -9999.000 -9999.000 -9999.000 -9999.000 -9999.000 -9999.000 -9999.000 -9999.000 -9999.000 -0.9697828E-01 -0.9255350E-01 -0.9110823E-01 -0.9129928E-01 -0.9229979E-01 -0.9357297E-01 -0.9495667E-01 -0.9637696E-01 -0.9762160E-01 -0.9877672E-01 -0.9983353E-01 -0.1008488 -0.1021750 -0.1050118 -0.1079836 -0.1079836 -9999.000 -9999.000 -9999.000 -9999.000 -9999.000 -9999.000 -9999.000 -9999.000 -9999.000 -9999.000 -9999.000 -9999.000 -9999.000 -9999.000 -9999.000 -9999.000 -9999.000 -9999.000 -9999.000 -9999.000 -9999.000 -9999.000 -9999.000 -9999.000 -9999.000 -9999.000 -9999.000 -9999.000
-9999.000 -9999.000 -9999.000 -9999.000 -9999.000 -9999.000 -9999.000 -9999.000 -9999.000 -9999.000 -9999.000 -9999.000 -9999.000 -9999.000 -9999.000 -0.9432185E-01 -0.8746819E-01 -0.8516844E-01 -0.8555977E-01 -0.8732682E-01 -0.8959640E-01 -0.9209238E-01 -0.9468127E-01 -0.9700509E-01 -0.9919116E-01 -0.1012125 -0.1031499 -0.1055577 -0.1103442 -0.1158167 -0.1158167 -9999.000 -9999.000 -9999.000 -9999.000 -9999.000 -9999.000 -9999.000 -9999.000 -9999.000 -9999.000 -9999.000 -9999.000 -9999.000 -9999.000 -9999.000 -9999.000 -9999.000 -9999.000 -9999.000 -9999.000 -9999.000 -9999.000 -9999.000 -9999.000 -9999.000 -9999.000 -9999.000 -9999.000
-9999.000 -9999.000 -9999.000 -9999.000 -9999.000 -9999.000 -9999.000 -9999.000 -9999.000 -9999.000 -9999.000 -9999.000 -9999.000 -9999.000 -9999.000 -0.9106306E-01 -0.8184524E-01 -0.7870146E-01 -0.7934338E-01 -0.8195937E-01 -0.8532462E-01 -0.8904460E-01 -0.9292290E-01 -0.9644607E-01 -0.9978294E-01 -0.1028825 -0.1058453 -0.1094337 -0.1163008 -0.1247743 -0.1247743 -9999.000 -9999.000 -9999.000 -9999.000 -9999.000 -9999.000 -9999.000 -9999.000 -9999.000 -9999.000 -9999.000 -9999.000 -9999.000 -9999.000 -9999.000 -9999.000 -9999.000 -9999.000 -9999.000 -9999.000 -9999.000 -9999.000 -9999.000 -9999.000 -9999.000 -9999.000 -9999.000 -9999.000
-9999.000 -9999.000 -9999.000 -9999.000 -9999.000 -9999.000 -9999.000 -9999.000 -9999.000 -9999.000 -9999.000 -9999.000 -9999.000 -9999.000 -9999.000 -0.8743507E-01 -0.7587212E-01 -0.7187617E-01 -0.7279406E-01 -0.7631359E-01 -0.8084033E-01 -0.8585767E-01 -0.9110418E-01 -0.9590092E-01 -0.1004638 -0.1047130 -0.1087684 -0.1136115 -0.1226870 -0.1346970 -0.1346970 -9999.000 -9999.000 -9999.000 -9999.000 -9999.000 -9999.000 -9999.000 -9999.000 -9999.000 -9999.000 -9999.000 -9999.000 -9999.000 -9999.000 -9999.000 -9999.000 -9999.000 -9999.000 -9999.000 -9999.000 -9999.000 -9999.000 -9999.000 -9999.000 -9999.000 -9999.000 -9999.000 -9999.000
-9999.000 -9999.000 -9999.000 -9999.000 -9999.000 -9999.000 -9999.000 -9999.000 -9999.000 -9999.000 -9999.000 -9999.000 -9999.000 -9999.000 -9999.000 -0.8353143E-01 -0.6962749E-01 -0.6476445E-01 -0.6597275E-01 -0.7043748E-01 -0.7617617E-01 -0.8254623E-01 -0.8922059E-01 -0.9534411E-01 -0.1011877 -0.1066386 -0.1118375 -0.1180000 -0.1294205 -0.1455832 -0.1455832 -9999.000 -9999.000 -9999.000 -9999.000 -9999.000 -9999.000 -9999.000 -9999.000 -9999.000 -9999.000 -9999.000 -9999.000 -9999.000 -9999.000 -9999.000 -9999.000 -9999.000 -9999.000 -9999.000 -9999.000 -9999.000 -9999.000 -9999.000 -9999.000 -9999.000 -9999.000 -9999.000 -9999.000
-9999.000 -9999.000 -9999.000 -9999.000 -9999.000 -9999.000 -9999.000 -9999.000 -9999.000 -9999.000 -9999.000 -9999.000 -9999.000 -9999.000 -9999.000 -0.7937916E-01 -0.6313641E-01 -0.5739001E-01 -0.5889833E-01 -0.6434588E-01 -0.7134034E-01 -0.7911113E-01 -0.8726431E-01 -0.9475710E-01 -0.1019268 -0.1086224 -0.1150085 -0.1225529 -0.1364710 -0.1575261 -0.1575261 -9999.000 -9999.000 -9999.000 -9999.000 -9999.000 -9999.000 -9999.000 -9999.000 -9999.000 -9999.000 -9999.000 -9999.000 -9999.000 -9999.000 -9999.000 -9999.000 -9999.000 -9999.000 -9999.000 -9999.000 -9999.000 -9999.000 -9999.000 -9999.000 -9999.000 -9999.000 -9999.000 -9999.000
-9999.000 -9999.000 -9999.000 -9999.000 -9999.000 -9999.000 -9999.000 -9999.000 -9999.000 -9999.000 -9999.000 -9999.000 -9999.000 -9999.000 -9999.000 -0.7497179E-01 -0.5639754E-01 -0.4975249E-01 -0.5156884E-01 -0.5803619E-01 -0.6632864E-01 -0.7554469E-01 -0.8522466E-01 -0.9412328E-01 -0.1026597 -0.1106387 -0.1182518 -0.1272424 -0.1438320 -0.1706882 -0.1706882 -9999.000 -9999.000 -9999.000 -9999.000 -9999.000 -9999.000 -9999.000 -9999.000 -9999.000 -9999.000 -9999.000 -9999.000 -9999.000 -9999.000 -9999.000 -9999.000 -9999.000 -9999.000 -9999.000 -9999.000 -9999.000 -9999.000 -9999.000 -9999.000 -9999.000 -9999.000 -9999.000 -9999.000
-9999.000 -9999.000 -9999.000 -9999.000 -9999.000 -9999.000 -9999.000 -9999.000 -9999.000 -9999.000 -9999.000 -9999.000 -9999.000 -9999.000 -9999.000 -0.7028374E-01 -0.4939425E-01 -0.4183726E-01 -0.4397063E-01 -0.5149640E-01 -0.6112840E-01 -0.7183374E-01 -0.8308704E-01 -0.9342412E-01 -0.1033653 -0.1126632 -0.1215411 -0.1320458 -0.1515081 -0.1853003 -0.1853003 -9999.000 -9999.000 -9999.000 -9999.000 -9999.000 -9999.000 -9999.000 -9999.000 -9999.000 -9999.000 -9999.000 -9999.000 -9999.000 -9999.000 -9999.000 -9999.000 -9999.000 -9999.000 -9999.000 -9999.000 -9999.000 -9999.000 -9999.000 -9999.000 -9999.000 -9999.000 -9999.000 -9999.000
-9999.000 -9999.000 -9999.000 -9999.000 -9999.000 -9999.000 -9999.000 -9999.000 -9999.000 -9999.000 -9999.000 -9999.000 -9999.000 -9999.000 -9999.000 -0.6527717E-01 -0.4209959E-01 -0.3362111E-01 -0.3608123E-01 -0.4470681E-01 -0.5572108E-01 -0.6795914E-01 -0.8083193E-01 -0.9263662E-01 -0.1040181 -0.1146681 -0.1248462 -0.1369381 -0.1595066 -0.2016734 -0.2016734 -9999.000 -9999.000 -9999.000 -9999.000 -9999.000 -9999.000 -9999.000 -9999.000 -9999.000 -9999.000 -9999.000 -9999.000 -9999.000 -9999.000 -9999.000 -9999.000 -9999.000 -9999.000 -9999.000 -9999.000 -9999.000 -9999.000 -9999.000 -9999.000 -9999.000 -9999.000 -9999.000 -9999.000
-9999.000 -9999.000 -9999.000 -9999.000 -9999.000 -9999.000 -9999.000 -9999.000 -9999.000 -9999.000 -9999.000 -9999.000 -9999.000 -9999.000 -9999.000 -0.5990153E-01 -0.3447688E-01 -0.2507144E-01 -0.2787059E-01 -0.3764085E-01 -0.5008074E-01 -0.6389525E-01 -0.7843334E-01 -0.9173059E-01 -0.1045859 -0.1166172 -0.1281286 -0.1418857 -0.1678314 -0.2202262 -0.2202262 -9999.000 -9999.000 -9999.000 -9999.000 -9999.000 -9999.000 -9999.000 -9999.000 -9999.000 -9999.000 -9999.000 -9999.000 -9999.000 -9999.000 -9999.000 -9999.000 -9999.000 -9999.000 -9999.000 -9999.000 -9999.000 -9999.000 -9999.000 -9999.000 -9999.000 -9999.000 -9999.000 -9999.000
-9999.000 -9999.000 -9999.000 -9999.000 -9999.000 -9999.000 -9999.000 -9999.000 -9999.000 -9999.000 -9999.000 -9999.000 -9999.000 -9999.000 -9999.000 -0.5409299E-01 -0.2647808E-01 -0.1614575E-01 -0.1929934E-01 -0.3026338E-01 -0.4417337E-01 -0.5960780E-01 -0.7585633E-01 -0.9066540E-01 -0.1050247 -0.1184617 -0.1313342 -0.1468401 -0.1764794 -0.2415299 -0.2415299 -9999.000 -9999.000 -9999.000 -9999.000 -9999.000 -9999.000 -9999.000 -9999.000 -9999.000 -9999.000 -9999.000 -9999.000 -9999.000 -9999.000 -9999.000 -9999.000 -9999.000 -9999.000 -9999.000 -9999.000 -9999.000 -9999.000 -9999.000 -9999.000 -9999.000 -9999.000 -9999.000 -9999.000
-9999.000 -9999.000 -9999.000 -9999.000 -9999.000 -9999.000 -9999.000 -9999.000 -9999.000 -9999.000 -9999.000 -9999.000 -9999.000 -9999.000 -9999.000 -0.4776808E-01 -0.1803890E-01 -0.6786118E-02 -0.1031470E-01 -0.2252729E-01 -0.3795335E-01 -0.5505031E-01 -0.7305276E-01 -0.8938483E-01 -0.1052730 -0.1201318 -0.1343860 -0.1517276 -0.1854309 -0.2663821 -0.2663821 -9999.000 -9999.000 -9999.000 -9999.000 -9999.000 -9999.000 -9999.000 -9999.000 -9999.000 -9999.000 -9999.000 -9999.000 -9999.000 -9999.000 -9999.000 -9999.000 -9999.000 -9999.000 -9999.000 -9999.000 -9999.000 -9999.000 -9999.000 -9999.000 -9999.000 -9999.000 -9999.000 -9999.000
-9999.000 -9999.000 -9999.000 -9999.000 -9999.000 -9999.000 -9999.000 -9999.000 -9999.000 -9999.000 -9999.000 -9999.000 -9999.000 -9999.000 -9999.000 -0.4055389E-01 -0.8888623E-02 0.3161459E-02 -0.8727538E-03 -0.1441969E-01 -0.3141644E-01 -0.5021771E-01 -0.7001001E-01 -0.8785833E-01 -0.1052842 -0.1215620 -0.1371991 -0.1564601 -0.1946584 -0.2959652 -0.2959652 -9999.000 -9999.000 -9999.000 -9999.000 -9999.000 -9999.000 -9999.000 -9999.000 -9999.000 -9999.000 -9999.000 -9999.000 -9999.000 -9999.000 -9999.000 -9999.000 -9999.000 -9999.000 -9999.000 -9999.000 -9999.000 -9999.000 -9999.000 -9999.000 -9999.000 -9999.000 -9999.000 -9999.000
-9999.000 -9999.000 -9999.000 -9999.000 -9999.000 -9999.000 -9999.000 -9999.000 -9999.000 -9999.000 -9999.000 -9999.000 -9999.000 -9999.000 -9999.000 -0.2885568E-02 0.1098014E-01 0.1285242E-01 0.2614367E-02 -0.1285584E-01 -0.3058140E-01 -0.5018213E-01 -0.7086118E-01 -0.8934700E-01 -0.1075536 -0.1245774 -0.1410253 -0.1617848 -0.2043709 -0.3299462 -0.3299462 -9999.000 -9999.000 -9999.000 -9999.000 -9999.000 -9999.000 -9999.000 -9999.000 -9999.000 -9999.000 -9999.000 -9999.000 -9999.000 -9999.000 -9999.000 -9999.000 -9999.000 -9999.000 -9999.000 -9999.000 -9999.000 -9999.000 -9999.000 -9999.000 -9999.000 -9999.000 -9999.000 -9999.000
-0.3879818E-02 -0.3879818E-02 -0.4623064E-02 -0.6475587E-02 -0.6381235E-02 -0.6381235E-02 -0.6343268E-02 -0.6316263E-02 -0.6316263E-02 -0.6292493E-02 -0.6292493E-02 -0.6260774E-02 -0.6242436E-02 -0.6222706E-02 -0.6202580E-02 -0.6202580E-02 0.2294012E-01 0.1889520E-01 0.5951615E-02 -0.1311061E-01 -0.3669790E-01 -0.6381799E-01 -0.9327187E-01 -0.1230535 -0.1523545 -0.1801811 -0.2060034 -0.2311597 -0.2629143 -0.3349405 -0.3349405 -0.1866262 -0.1007582 -0.3560996E-01 -0.2702187E-01 -0.2702187E-01 -0.2095543E-01 -0.2095543E-01 -0.9956783E-02 -0.9956783E-02 0.2516388E-03 0.2437225E-01 0.2437225E-01 0.2083802E-01 0.2083802E-01 -0.3653135E-02 -0.3653135E-02 -0.3653135E-02 -0.2666217E-03 -0.2666217E-03 0.6404891E-03 0.6404891E-03 -0.6873757E-04 -0.6873757E-04 -0.1224372E-02 -0.1224372E-02 -0.2400020E-02 -0.2400020E-02 -0.2400020E-02
-0.5632797E-02 -0.5632797E-02 -0.6943041E-02 -0.9291046E-02 -0.9022536E-02 -0.9022536E-02 -0.8916038E-02 -0.8875648E-02 -0.8875648E-02 -0.8867505E-02 -0.8867505E-02 -0.8845753E-02 -0.8830640E-02 -0.8813257E-02 -0.8794835E-02 -0.8794835E-02 0.1838344E-01 0.1497698E-01 0.1542601E-02 -0.2146063E-01 -0.5265903E-01 -0.9020175E-01 -0.1323140 -0.1775665 -0.2238173 -0.2694117 -0.3127122 -0.3519311 -0.3849188 -0.4080545 -0.4080545 -0.2776382 -0.1853910 -0.9774067E-01 -0.8057296E-01 -0.8057296E-01 -0.5900363E-01 -0.5900363E-01 -0.2087450E-01 -0.2087450E-01 0.1000477E-01 0.7767293E-01 0.7767293E-01 0.8725274E-01 0.8725274E-01 0.1809116E-01 0.1809116E-01 0.1809116E-01 0.7764755E-02 0.7764755E-02 0.2328490E-02 0.2328490E-02 -0.2028722E-02 -0.2028722E-02 -0.5682569E-02 -0.5682569E-02 -0.8521945E-02 -0.8521945E-02 -0.8521945E-02
-0.3901328E-02 -0.3901328E-02 -0.6258735E-02 -0.8010470E-02 -0.7685235E-02 -0.7685235E-02 -0.7530095E-02 -0.7480921E-02 -0.7480921E-02 -0.7502225E-02 -0.7502225E-02 -0.7509386E-02 -0.7507751E-02 -0.7504025E-02 -0.7499272E-02 -0.7499272E-02 0.1112977E-01 0.7547932E-02 -0.6189483E-02 -0.2972328E-01 -0.6202531E-01 -0.1016488 -0.1471415 -0.1973174 -0.2505338 -0.3052579 -0.3598822 -0.4124512 -0.4601321 -0.4965374 -0.4965374 -0.4120183 -0.3321138 -0.2224635 -0.1875111 -0.1875111 -0.1259320 -0.1259320 -0.3322089E-01 -0.3322089E-01 0.2959170E-01 0.1509368 0.1509368 0.1894951 0.1894951 0.7498343E-01 0.7498343E-01 0.7498343E-01 0.2997993E-01 0.2997993E-01 0.6583340E-02 0.6583340E-02 -0.6750897E-02 -0.6750897E-02 -0.1514090E-01 -0.1514090E-01 -0.2026125E-01 -0.2026125E-01 -0.2026125E-01
-0.2141143E-02 -0.2141143E-02 -0.5646196E-02 -0.6595097E-02 -0.6233316E-02 -0.6233316E-02 -0.6045355E-02 -0.5971951E-02 -0.5971951E-02 -0.5991998E-02 -0.5991998E-02 -0.6000183E-02 -0.5999345E-02 -0.5997368E-02 -0.5994796E-02 -0.5994796E-02 0.3871417E-02 -0.1820905E-02 -0.1711811E-01 -0.4175209E-01 -0.7489301E-01 -0.1153856 -0.1620194 -0.2137769 -0.2694390 -0.3277927 -0.3875598 -0.4471245 -0.5039220 -0.5518174 -0.5518174 -0.5135486 -0.4572605 -0.3510483 -0.3035834 -0.3035834 -0.1933027 -0.1933027 -0.3087229E-01 -0.3087229E-01 0.6151098E-01 0.2129260 0.2129260 0.2653880 0.2653880 0.1373917 0.1373917 0.1373917 0.5968055E-01 0.5968055E-01 0.1397783E-01 0.1397783E-01 -0.1174879E-01 -0.1174879E-01 -0.2644979E-01 -0.2644979E-01 -0.3421605E-01 -0.3421605E-01 -0.3421605E-01
-0.3601247E-03 -0.3601247E-03 -0.5142360E-02 -0.5121396E-02 -0.4747687E-02 -0.4747687E-02 -0.4552805E-02 -0.4465928E-02 -0.4465928E-02 -0.4477580E-02 -0.4477580E-02 -0.4481956E-02 -0.4481240E-02 -0.4480231E-02 -0.4479529E-02 -0.4479529E-02 -0.3425119E-02 -0.1296341E-01 -0.3133453E-01 -0.5825507E-01 -0.9301330E-01 -0.1346796 -0.1822636 -0.2348897 -0.2916068 -0.3514464 -0.4133970 -0.4762041 -0.5378191 -0.5931730 -0.5931730 -0.5894365 -0.5579175 -0.4655082 -0.4063832 -0.4063832 -0.2352018 -0.2352018 -0.5538634E-02 -0.5538634E-02 0.1016452 0.2520401 0.2520401 0.3044007 0.3044007 0.1892522 0.1892522 0.1892522 0.9186766E-01 0.9186766E-01 0.2548560E-01 0.2548560E-01 -0.1418447E-01 -0.1418447E-01 -0.3657294E-01 -0.3657294E-01 -0.4762546E-01 -0.4762546E-01 -0.4762546E-01
0.4255714E-03 0.4255714E-03 -0.3932690E-02 -0.3502385E-02 -0.3198472E-02 -0.3198472E-02 -0.3040694E-02 -0.2967004E-02 -0.2967004E-02 -0.2975709E-02 -0.2975709E-02 -0.2981557E-02 -0.2982518E-02 -0.2982905E-02 -0.2983442E-02 -0.2983442E-02 -0.1125426E-01 -0.2619227E-01 -0.4921379E-01 -0.7979801E-01 -0.1172342 -0.1607494 -0.2095667 -0.2629917 -0.3203133 -0.3807912 -0.4436360 -0.5078729 -0.5719103 -0.6317649 -0.6317649 -0.6515660 -0.6408802 -0.5572610 -0.4778658 -0.4778658 -0.2313281 -0.2313281 0.3460282E-01 0.3460282E-01 0.1360370 0.2639851 0.2639851 0.3109639 0.3109639 0.2230279 0.2230279 0.2230279 0.1217259 0.1217259 0.4049090E-01 0.4049090E-01 -0.1279692E-01 -0.1279692E-01 -0.4383440E-01 -0.4383440E-01 -0.5890560E-01 -0.5890560E-01 -0.5890560E-01
0.2096526E-03 0.2096526E-03 -0.1957753E-02 -0.1754506E-02 -0.1600331E-02 -0.1600331E-02 -0.1518092E-02 -0.1479996E-02 -0.1479996E-02 -0.1487956E-02 -0.1487956E-02 -0.1494700E-02 -0.1496495E-02 -0.1497479E-02 -0.1497904E-02 -0.1497904E-02 -0.2034303E-01 -0.4221893E-01 -0.7151178E-01 -0.1072446 -0.1485792 -0.1948166 -0.2453639 -0.2997345 -0.3574702 -0.4180894 -0.4810488 -0.5456404 -0.6106552 -0.6729534 -0.6729534 -0.7078015 -0.7115825 -0.6146256 -0.4967379 -0.4967379 -0.1815225 -0.1815225 0.6999767E-01 0.6999767E-01 0.1518991 0.2522177 0.2522177 0.2944451 0.2944451 0.2370005 0.2370005 0.2370005 0.1446689 0.1446689 0.5688722E-01 0.5688722E-01 -0.7545297E-02 -0.7545297E-02 -0.4731180E-01 -0.4731180E-01 -0.6694253E-01 -0.6694253E-01 -0.6694253E-01
0.2978836E-06 0.2978836E-06 0.4613631E-06 0.2930430E-06 0.1775030E-06 0.1775030E-06 0.1917947E-06 0.2977893E-06 0.2977893E-06 0.2058112E-07 0.2058112E-07 0.1726637E-07 -0.1746830E-06 -0.3461891E-07 0.2572105E-08 0.2572105E-08 -0.3171828E-01 -0.6224061E-01 -0.9951705E-01 -0.1419483 -0.1884685 -0.2383905 -0.2912746 -0.3468502 -0.4049231 -0.4652988 -0.5277219 -0.5917790 -0.6566008 -0.7195119 -0.7195119 -0.7621362 -0.7703916 -0.6149575 -0.4444924 -0.4444924 -0.1121924 -0.1121924 0.8587256E-01 0.8587256E-01 0.1464716 0.2246343 0.2246343 0.2640126 0.2640126 0.2332884 0.2332884 0.2332884 0.1573222 0.1573222 0.7162048E-01 0.7162048E-01 0.5515399E-03 0.5515399E-03 -0.4670520E-01 -0.4670520E-01 -0.7090658E-01 -0.7090658E-01 -0.7090658E-01
-0.2089416E-03 -0.2089416E-03 0.1958596E-02 0.1754860E-02 0.1600565E-02 0.1600565E-02 0.1518552E-02 0.1480561E-02 0.1480561E-02 0.1488079E-02 0.1488079E-02 0.1494764E-02 0.1496288E-02 0.1497407E-02 0.1497835E-02 0.1497835E-02 -0.4692644E-01 -0.8817454E-01 -0.1353045 -0.1860110 -0.2389704 -0.2934967 -0.3493029 -0.4063452 -0.4647039 -0.5244870 -0.5857530 -0.6484082 -0.7118425 -0.7730364 -0.7730364 -0.8144994 -0.8074077 -0.5334018 -0.3319574 -0.3319574 -0.5654875E-01 -0.5654875E-01 0.8118740E-01 0.8118740E-01 0.1258212 0.1892076 0.1892076 0.2264881 0.2264881 0.2157894 0.2157894 0.2157894 0.1582936 0.1582936 0.8162289E-01 0.8162289E-01 0.9687149E-02 0.9687149E-02 -0.4232324E-01 -0.4232324E-01 -0.7027106E-01 -0.7027106E-01 -0.7027106E-01
-0.4247887E-03 -0.4247887E-03 0.3933267E-02 0.3502953E-02 0.3198782E-02 0.3198782E-02 0.3041173E-02 0.2967419E-02 0.2967419E-02 0.2975810E-02 0.2975810E-02 0.2981507E-02 0.2982522E-02 0.2982702E-02 0.2983164E-02 0.2983164E-02 -0.6836935E-01 -0.1230186 -0.1820890 -0.2426185 -0.3031108 -0.3629594 -0.4220844 -0.4807072 -0.5392018 -0.5979882 -0.6574478 -0.7177969 -0.7783841 -0.8334216 -0.8334216 -0.8558607 -0.7907303 -0.3817471 -0.2089012 -0.2089012 -0.2862260E-01 -0.2862260E-01 0.6420592E-01 0.6420592E-01 0.9848507E-01 0.1515957 0.1515957 0.1861287 0.1861287 0.1885505 0.1885505 0.1885505 0.1481048 0.1481048 0.8468569E-01 0.8468569E-01 0.1771913E-01 0.1771913E-01 -0.3502457E-01 -0.3502457E-01 -0.6489134E-01 -0.6489134E-01 -0.6489134E-01
0.3608614E-03 0.3608614E-03 0.5142873E-02 0.5122045E-02 0.4748303E-02 0.4748303E-02 0.4553128E-02 0.4466107E-02 0.4466107E-02 0.4477450E-02 0.4477450E-02 0.4481944E-02 0.4481267E-02 0.4479989E-02 0.4479148E-02 0.4479148E-02 -0.1000087 -0.1715688 -0.2448734 -0.3165993 -0.3853522 -0.4508103 -0.5132353 -0.5731949 -0.6313971 -0.6885853 -0.7454612 -0.8024601 -0.8577270 -0.8940595 -0.8940595 -0.8511705 -0.6648915 -0.2255436 -0.1221938 -0.1221938 -0.2120606E-01 -0.2120606E-01 0.4364625E-01 0.4364625E-01 0.7065850E-01 0.1148926 0.1148926 0.1453254 0.1453254 0.1550255 0.1550255 0.1550255 0.1285977 0.1285977 0.7997926E-01 0.7997926E-01 0.2281299E-01 0.2281299E-01 -0.2598368E-01 -0.2598368E-01 -0.5503840E-01 -0.5503840E-01 -0.5503840E-01
0.2141087E-02 0.2141087E-02 0.5647508E-02 0.6595050E-02 0.6233813E-02 0.6233813E-02 0.6045632E-02 0.5972147E-02 0.5972147E-02 0.5991937E-02 0.5991937E-02 0.6000021E-02 0.5999414E-02 0.5997323E-02 0.5994674E-02 0.5994674E-02 -0.1489409 -0.2419039 -0.3317103 -0.4154608 -0.4924425 -0.5629947 -0.6279500 -0.6883507 -0.7452996 -0.7998793 -0.8530990 -0.9052351 -0.9482056 -0.9213253 -0.9213253 -0.7203242 -0.4233229 -0.1226854 -0.7863979E-01 -0.7863979E-01 -0.2146128E-01 -0.2146128E-01 0.2469439E-01 0.2469439E-01 0.4547532E-01 0.8053938E-01 0.8053938E-01 0.1054667 0.1054667 0.1179717 0.1179717 0.1179717 0.1022488 0.1022488 0.6807964E-01 0.6807964E-01 0.2396542E-01 0.2396542E-01 -0.1637229E-01 -0.1637229E-01 -0.4139649E-01 -0.4139649E-01 -0.4139649E-01
