cruce_test.gid/Rasters/Hydraulic/Velocity__y_261.0.asc
NCOLS        79
NROWS        79
XLLCENTER         -1.500000
YLLCENTER         -4.800000
CELLSIZE           0.100
NODATA_VALUE     -9999.0
[rows 0 to 26 of 79, columns 0 to 58 of 79]
-9999.000 -9999.000 -9999.000 -9999.000 -9999.000 -9999.000 -9999.000 -9999.000 -9999.000 -9999.000 -9999.000 -9999.000 -9999.000 -9999.000 -9999.000 -0.9214955E-01 -0.8931806E-01 -0.8826191E-01 -0.8805797E-01 -0.8855063E-01 -0.8926691E-01 -0.9001951E-01 -0.9076006E-01 -0.9138515E-01 -0.9194487E-01 -0.9244053E-01 -0.9290737E-01 -0.9352477E-01 -0.9489292E-01 -0.9626687E-01 -0.9626687E-01 -9999.000 -9999.000 -9999.000 -9999.000 -9999.000 -9999.000 -9999.000 -9999.000 -9999.000 -9999.000 -9999.000 -9999.000 -9999.000 -9999.000 -9999.000 -9999.000 -9999.000 -9999.000 -9999.000 -9999.000 -9999.000 -9999.000 -9999.000 -9999.000 -9999.000 -9999.000 -9999.000 -9999.000
-9999.000 -9999.000 -9999.000 -9999.000 -9999.000 -9999.000 -9999.000 -9999.000 -9999.000 -9999.000 -9999.000 -9999.000 -9999.000 -9999.000 -9999.000 -0.9220820E-01 -0.8629305E-01 -0.8404327E-01 -0.8363388E-01 -0.8474489E-01 -0.8637195E-01 -0.8810847E-01 -0.8984137E-01 -0.9134163E-01 -0.9270712E-01 -0.9393460E-01 -0.9509227E-01 -0.9655305E-01 -0.9956956E-01 -0.1028875 -0.1028875 -9999.000 -9999.000 -9999.000 -9999.000 -9999.000 -9999.000 -9999.000 -9999.000 -9999.000 -9999.000 -9999.000 -9999.000 -9999.000 -9999.000 -9999.000 -9999.000 -9999.000 -9999.000 -9999.000 -9999.000 -9999.000 -9999.000 -9999.000 -9999.000 -9999.000 -9999.000 -9999.000 -9999.000
-9999.000 -9999.000 -9999.000 -9999.000 -9999.000 -9999.000 -9999.000 -9999.000 -9999.000 -9999.000 -9999.000 -9999.000 -9999.000 -9999.000 -9999.000 -0.9117302E-01 -0.8192422E-01 -0.7832108E-01 -0.7773762E-01 -0.7967325E-01 -0.8251025E-01 -0.8558083E-01 -0.8868539E-01 -0.9143706E-01 -0.9397994E-01 -0.9629364E-01 -0.9847447E-01 -0.1011097 -0.1061916 -0.1122134 -0.1122134 -9999.000 -9999.000 -9999.000 -9999.000 -9999.000 -9999.000 -9999.000 -9999.000 -9999.000 -9999.000 -9999.000 -9999.000 -9999.000 -9999.000 -9999.000 -9999.000 -9999.000 -9999.000 -9999.000 -9999.000 -9999.000 -9999.000 -9999.000 -9999.000 -9999.000 -9999.000 -9999.000 -9999.000
-9999.000 -9999.000 -9999.000 -9999.000 -9999.000 -9999.000 -9999.000 -9999.000 -9999.000 -9999.000 -9999.000 -9999.000 -9999.000 -9999.000 -9999.000 -0.8958055E-01 -0.7703631E-01 -0.7208882E-01 -0.7137854E-01 -0.7422014E-01 -0.7836279E-01 -0.8287304E-01 -0.8746303E-01 -0.9157871E-01 -0.9541250E-01 -0.9891994E-01 -0.1022225 -0.1061275 -0.1134050 -0.1226261 -0.1226261 -9999.000 -9999.000 -9999.000 -9999.000 -9999.000 -9999.000 -9999.000 -9999.000 -9999.000 -9999.000 -9999.000 -9999.000 -9999.000 -9999.000 -9999.000 -9999.000 -9999.000 -9999.000 -9999.000 -9999.000 -9999.000 -9999.000 -9999.000 -9999.000 -9999.000 -9999.000 -9999.000 -9999.000
-9999.000 -9999.000 -9999.000 -9999.000 -9999.000 -9999.000 -9999.000 -9999.000 -9999.000 -9999.000 -9999.000 -9999.000 -9999.000 -9999.000 -9999.000 -0.8765569E-01 -0.7181112E-01 -0.6551206E-01 -0.6470066E-01 -0.6850319E-01 -0.7401401E-01 -0.8003094E-01 -0.8617797E-01 -0.9172343E-01 -0.9691676E-01 -0.1016828 -0.1061691 -0.1114156 -0.1210181 -0.1339743 -0.1339743 -9999.000 -9999.000 -9999.000 -9999.000 -9999.000 -9999.000 -9999.000 -9999.000 -9999.000 -9999.000 -9999.000 -9999.000 -9999.000 -9999.000 -9999.000 -9999.000 -9999.000 -9999.000 -9999.000 -9999.000 -9999.000 -9999.000 -9999.000 -9999.000 -9999.000 -9999.000 -9999.000 -9999.000
-9999.000 -9999.000 -9999.000 -9999.000 -9999.000 -9999.000 -9999.000 -9999.000 -9999.000 -9999.000 -9999.000 -9999.000 -9999.000 -9999.000 -9999.000 -0.8547013E-01 -0.6631354E-01 -0.5865357E-01 -0.5776082E-01 -0.6257053E-01 -0.6949823E-01 -0.7707086E-01 -0.8482763E-01 -0.9184751E-01 -0.9844915E-01 -0.1045205 -0.1102374 -0.1168882 -0.1289564 -0.1462732 -0.1462732 -9999.000 -9999.000 -9999.000 -9999.000 -9999.000 -9999.000 -9999.000 -9999.000 -9999.000 -9999.000 -9999.000 -9999.000 -9999.000 -9999.000 -9999.000 -9999.000 -9999.000 -9999.000 -9999.000 -9999.000 -9999.000 -9999.000 -9999.000 -9999.000 -9999.000 -9999.000 -9999.000 -9999.000
-9999.000 -9999.000 -9999.000 -9999.000 -9999.000 -9999.000 -9999.000 -9999.000 -9999.000 -9999.000 -9999.000 -9999.000 -9999.000 -9999.000 -9999.000 -0.8302660E-01 -0.6055423E-01 -0.5152824E-01 -0.5057517E-01 -0.5643724E-01 -0.6482517E-01 -0.7399572E-01 -0.8340680E-01 -0.9193491E-01 -0.9998444E-01 -0.1073993 -0.1143866 -0.1225040 -0.1371973 -0.1596344 -0.1596344 -9999.000 -9999.000 -9999.000 -9999.000 -9999.000 -9999.000 -9999.000 -9999.000 -9999.000 -9999.000 -9999.000 -9999.000 -9999.000 -9999.000 -9999.000 -9999.000 -9999.000 -9999.000 -9999.000 -9999.000 -9999.000 -9999.000 -9999.000 -9999.000 -9999.000 -9999.000 -9999.000 -9999.000
-9999.000 -9999.000 -9999.000 -9999.000 -9999.000 -9999.000 -9999.000 -9999.000 -9999.000 -9999.000 -9999.000 -9999.000 -9999.000 -9999.000 -9999.000 -0.8029426E-01 -0.5451839E-01 -0.4412744E-01 -0.4313934E-01 -0.5010258E-01 -0.5999324E-01 -0.7080047E-01 -0.8190663E-01 -0.9197042E-01 -0.1015036 -0.1102955 -0.1185895 -0.1282386 -0.1457415 -0.1742406 -0.1742406 -9999.000 -9999.000 -9999.000 -9999.000 -9999.000 -9999.000 -9999.000 -9999.000 -9999.000 -9999.000 -9999.000 -9999.000 -9999.000 -9999.000 -9999.000 -9999.000 -9999.000 -9999.000 -9999.000 -9999.000 -9999.000 -9999.000 -9999.000 -9999.000 -9999.000 -9999.000 -9999.000 -9999.000
-9999.000 -9999.000 -9999.000 -9999.000 -9999.000 -9999.000 -9999.000 -9999.000 -9999.000 -9999.000 -9999.000 -9999.000 -9999.000 -9999.000 -9999.000 -0.7722264E-01 -0.4817669E-01 -0.3642987E-01 -0.3543838E-01 -0.4355663E-01 -0.5499306E-01 -0.6747450E-01 -0.8031526E-01 -0.9193671E-01 -0.1029868 -0.1131857 -0.1228206 -0.1340715 -0.1545990 -0.1903461 -0.1903461 -9999.000 -9999.000 -9999.000 -9999.000 -9999.000 -9999.000 -9999.000 -9999.000 -9999.000 -9999.000 -9999.000 -9999.000 -9999.000 -9999.000 -9999.000 -9999.000 -9999.000 -9999.000 -9999.000 -9999.000 -9999.000 -9999.000 -9999.000 -9999.000 -9999.000 -9999.000 -9999.000 -9999.000
-9999.000 -9999.000 -9999.000 -9999.000 -9999.000 -9999.000 -9999.000 -9999.000 -9999.000 -9999.000 -9999.000 -9999.000 -9999.000 -9999.000 -9999.000 -0.7374708E-01 -0.4148908E-01 -0.2840508E-01 -0.2744883E-01 -0.3678261E-01 -0.4980950E-01 -0.6400144E-01 -0.7861496E-01 -0.9181125E-01 -0.1044086 -0.1160420 -0.1270502 -0.1399787 -0.1637821 -0.2082910 -0.2082910 -9999.000 -9999.000 -9999.000 -9999.000 -9999.000 -9999.000 -9999.000 -9999.000 -9999.000 -9999.000 -9999.000 -9999.000 -9999.000 -9999.000 -9999.000 -9999.000 -9999.000 -9999.000 -9999.000 -9999.000 -9999.000 -9999.000 -9999.000 -9999.000 -9999.000 -9999.000 -9999.000 -9999.000
-9999.000 -9999.000 -9999.000 -9999.000 -9999.000 -9999.000 -9999.000 -9999.000 -9999.000 -9999.000 -9999.000 -9999.000 -9999.000 -9999.000 -9999.000 -0.6978915E-01 -0.3440538E-01 -0.2001307E-01 -0.1913983E-01 -0.2975774E-01 -0.4442127E-01 -0.6035916E-01 -0.7678203E-01 -0.9156369E-01 -0.1057367 -0.1188271 -0.1312376 -0.1459256 -0.1732997 -0.2285315 -0.2285315 -9999.000 -9999.000 -9999.000 -9999.000 -9999.000 -9999.000 -9999.000 -9999.000 -9999.000 -9999.000 -9999.000 -9999.000 -9999.000 -9999.000 -9999.000 -9999.000 -9999.000 -9999.000 -9999.000 -9999.000 -9999.000 -9999.000 -9999.000 -9999.000 -9999.000 -9999.000 -9999.000 -9999.000
-9999.000 -9999.000 -9999.000 -9999.000 -9999.000 -9999.000 -9999.000 -9999.000 -9999.000 -9999.000 -9999.000 -9999.000 -9999.000 -9999.000 -9999.000 -0.6525438E-01 -0.2686328E-01 -0.1120293E-01 -0.1047004E-01 -0.2244987E-01 -0.3879817E-01 -0.5651625E-01 -0.7478377E-01 -0.9115277E-01 -0.1069258 -0.1214894 -0.1353255 -0.1518609 -0.1831512 -0.2516908 -0.2516908 -9999.000 -9999.000 -9999.000 -9999.000 -9999.000 -9999.000 -9999.000 -9999.000 -9999.000 -9999.000 -9999.000 -9999.000 -9999.000 -9999.000 -9999.000 -9999.000 -9999.000 -9999.000 -9999.000 -9999.000 -9999.000 -9999.000 -9999.000 -9999.000 -9999.000 -9999.000 -9999.000 -9999.000
-9999.000 -9999.000 -9999.000 -9999.000 -9999.000 -9999.000 -9999.000 -9999.000 -9999.000 -9999.000 -9999.000 -9999.000 -9999.000 -9999.000 -9999.000 -0.6001734E-01 -0.1877564E-01 -0.1902908E-02 -0.1383219E-02 -0.1481663E-01 -0.3290045E-01 -0.5243123E-01 -0.7257579E-01 -0.9052268E-01 -0.1079140 -0.1239566 -0.1392319 -0.1577068 -0.1933187 -0.2786421 -0.2786421 -9999.000 -9999.000 -9999.000 -9999.000 -9999.000 -9999.000 -9999.000 -9999.000 -9999.000 -9999.000 -9999.000 -9999.000 -9999.000 -9999.000 -9999.000 -9999.000 -9999.000 -9999.000 -9999.000 -9999.000 -9999.000 -9999.000 -9999.000 -9999.000 -9999.000 -9999.000 -9999.000 -9999.000
-9999.000 -9999.000 -9999.000 -9999.000 -9999.000 -9999.000 -9999.000 -9999.000 -9999.000 -9999.000 -9999.000 -9999.000 -9999.000 -9999.000 -9999.000 -0.5328454E-01 -0.9562395E-02 0.8223627E-02 0.8160468E-02 -0.6943220E-02 -0.2682625E-01 -0.4819690E-01 -0.7023497E-01 -0.8971912E-01 -0.1087219 -0.1262178 -0.1429163 -0.1634135 -0.2038166 -0.3107287 -0.3107287 -9999.000 -9999.000 -9999.000 -9999.000 -9999.000 -9999.000 -9999.000 -9999.000 -9999.000 -9999.000 -9999.000 -9999.000 -9999.000 -9999.000 -9999.000 -9999.000 -9999.000 -9999.000 -9999.000 -9999.000 -9999.000 -9999.000 -9999.000 -9999.000 -9999.000 -9999.000 -9999.000 -9999.000
-9999.000 -9999.000 -9999.000 -9999.000 -9999.000 -9999.000 -9999.000 -9999.000 -9999.000 -9999.000 -9999.000 -9999.000 -9999.000 -9999.000 -9999.000 -0.4335537E-02 0.1522470E-01 0.1897827E-01 0.9318667E-02 -0.9196276E-02 -0.2939054E-01 -0.5104806E-01 -0.7350577E-01 -0.9316766E-01 -0.1126672 -0.1306596 -0.1480016 -0.1699611 -0.2149839 -0.3477528 -0.3477528 -9999.000 -9999.000 -9999.000 -9999.000 -9999.000 -9999.000 -9999.000 -9999.000 -9999.000 -9999.000 -9999.000 -9999.000 -9999.000 -9999.000 -9999.000 -9999.000 -9999.000 -9999.000 -9999.000 -9999.000 -9999.000 -9999.000 -9999.000 -9999.000 -9999.000 -9999.000 -9999.000 -9999.000
-0.3853201E-02 -0.3853201E-02 -0.5647480E-02 -0.7132859E-02 -0.6671566E-02 -0.6671566E-02 -0.6511616E-02 -0.6435133E-02 -0.6435133E-02 -0.6407941E-02 -0.6407941E-02 -0.6383311E-02 -0.6370966E-02 -0.6357801E-02 -0.6347589E-02 -0.6347589E-02 0.3128099E-01 0.2635346E-01 0.1120660E-01 -0.1103810E-01 -0.3749317E-01 -0.6710028E-01 -0.9869895E-01 -0.1302111 -0.1610182 -0.1900762 -0.2169133 -0.2430518 -0.2762563 -0.3529372 -0.3529372 -0.1969389 -0.1064935 -0.3741495E-01 -0.2814133E-01 -0.2814133E-01 -0.2125747E-01 -0.2125747E-01 -0.8954310E-02 -0.8954310E-02 0.2170289E-02 0.2698735E-01 0.2698735E-01 0.1695370E-01 0.1695370E-01 -0.3785166E-02 -0.3785166E-02 -0.3785166E-02 -0.2177154E-03 -0.2177154E-03 0.5622547E-03 0.5622547E-03 -0.2330707E-03 -0.2330707E-03 -0.1466245E-02 -0.1466245E-02 -0.2686613E-02 -0.2686613E-02 -0.2686613E-02
-0.5365703E-02 -0.5365703E-02 -0.7974350E-02 -0.1049381E-01 -0.9544125E-02 -0.9544125E-02 -0.9183190E-02 -0.9042378E-02 -0.9042378E-02 -0.9028327E-02 -0.9028327E-02 -0.9017534E-02 -0.9012011E-02 -0.9004666E-02 -0.9015997E-02 -0.9015997E-02 0.2588618E-01 0.2176138E-01 0.6255903E-02 -0.1926960E-01 -0.5354729E-01 -0.9426986E-01 -0.1394192 -0.1875177 -0.2362369 -0.2839710 -0.3290403 -0.3696237 -0.4035666 -0.4277339 -0.4277339 -0.2910893 -0.1943061 -0.1018931 -0.8353068E-01 -0.8353068E-01 -0.5970212E-01 -0.5970212E-01 -0.1765328E-01 -0.1765328E-01 0.1564050E-01 0.8522666E-01 0.8522666E-01 0.8448837E-01 0.8448837E-01 0.1678455E-01 0.1678455E-01 0.1678455E-01 0.7086430E-02 0.7086430E-02 0.1735920E-02 0.1735920E-02 -0.2648784E-02 -0.2648784E-02 -0.6373350E-02 -0.6373350E-02 -0.9233255E-02 -0.9233255E-02 -0.9233255E-02
-0.3222635E-02 -0.3222635E-02 -0.5799271E-02 -0.9322355E-02 -0.8336648E-02 -0.8336648E-02 -0.7847078E-02 -0.7637794E-02 -0.7637794E-02 -0.7642744E-02 -0.7642744E-02 -0.7658570E-02 -0.7666207E-02 -0.7671873E-02 -0.7725360E-02 -0.7725360E-02 0.1673862E-01 0.1281287E-01 -0.2560759E-02 -0.2830718E-01 -0.6338761E-01 -0.1060914 -0.1547375 -0.2080419 -0.2641911 -0.3216239 -0.3786778 -0.4333202 -0.4826219 -0.5197486 -0.5197486 -0.4308940 -0.3470296 -0.2316470 -0.1944482 -0.1944482 -0.1274761 -0.1274761 -0.2665386E-01 -0.2665386E-01 0.4015768E-01 0.1643675 0.1643675 0.1936667 0.1936667 0.7217302E-01 0.7217302E-01 0.7217302E-01 0.2771156E-01 0.2771156E-01 0.4808458E-02 0.4808458E-02 -0.8303857E-02 -0.8303857E-02 -0.1660740E-01 -0.1660740E-01 -0.2160063E-01 -0.2160063E-01 -0.2160063E-01
-0.1357982E-02 -0.1357982E-02 -0.4063912E-02 -0.7935083E-02 -0.6940611E-02 -0.6940611E-02 -0.6377445E-02 -0.6100150E-02 -0.6100150E-02 -0.6109403E-02 -0.6109403E-02 -0.6130729E-02 -0.6138749E-02 -0.6144687E-02 -0.6234225E-02 -0.6234225E-02 0.7536415E-02 0.1636376E-02 -0.1492780E-01 -0.4144630E-01 -0.7702502E-01 -0.1203597 -0.1700601 -0.2249872 -0.2837687 -0.3451198 -0.4076986 -0.4698088 -0.5287617 -0.5779245 -0.5779245 -0.5368237 -0.4773656 -0.3651711 -0.3144080 -0.3144080 -0.1947229 -0.1947229 -0.2049609E-01 -0.2049609E-01 0.7614329E-01 0.2295741 0.2295741 0.2747617 0.2747617 0.1346730 0.1346730 0.1346730 0.5608991E-01 0.5608991E-01 0.1082335E-01 0.1082335E-01 -0.1447316E-01 -0.1447316E-01 -0.2886430E-01 -0.2886430E-01 -0.3627519E-01 -0.3627519E-01 -0.3627519E-01
-0.4761941E-03 -0.4761941E-03 -0.2880945E-02 -0.6156030E-02 -0.5339741E-02 -0.5339741E-02 -0.4830214E-02 -0.4561182E-02 -0.4561182E-02 -0.4578213E-02 -0.4578213E-02 -0.4600419E-02 -0.4606975E-02 -0.4611510E-02 -0.4745506E-02 -0.4745506E-02 -0.1673840E-02 -0.1148090E-01 -0.3087704E-01 -0.5938116E-01 -0.9624549E-01 -0.1404689 -0.1909383 -0.2466620 -0.3065491 -0.3695296 -0.4345130 -0.5001616 -0.5643036 -0.6214278 -0.6214278 -0.6162348 -0.5823365 -0.4835867 -0.4196359 -0.4196359 -0.2343398 -0.2343398 0.7889883E-02 0.7889883E-02 0.1180695 0.2690552 0.2690552 0.3164350 0.3164350 0.1881380 0.1881380 0.1881380 0.8779188E-01 0.8779188E-01 0.2114706E-01 0.2114706E-01 -0.1811149E-01 -0.1811149E-01 -0.3999775E-01 -0.3999775E-01 -0.5043089E-01 -0.5043089E-01 -0.5043089E-01
-0.3600173E-03 -0.3600173E-03 -0.1756740E-02 -0.4125596E-02 -0.3582455E-02 -0.3582455E-02 -0.3229523E-02 -0.3041159E-02 -0.3041159E-02 -0.3054647E-02 -0.3054647E-02 -0.3067428E-02 -0.3070308E-02 -0.3072349E-02 -0.3263852E-02 -0.3263852E-02 -0.1134774E-01 -0.2675904E-01 -0.5070564E-01 -0.8265404E-01 -0.1219150 -0.1677029 -0.2191751 -0.2755490 -0.3359955 -0.3996637 -0.4656688 -0.5329431 -0.5997722 -0.6618018 -0.6618018 -0.6812510 -0.6688280 -0.5774330 -0.4906353 -0.4906353 -0.2264128 -0.2264128 0.4881102E-01 0.4881102E-01 0.1515909 0.2795089 0.2795089 0.3237076 0.3237076 0.2242716 0.2242716 0.2242716 0.1181309 0.1181309 0.3542640E-01 0.3542640E-01 -0.1779466E-01 -0.1779466E-01 -0.4824726E-01 -0.4824726E-01 -0.6243689E-01 -0.6243689E-01 -0.6243689E-01
-0.2281397E-03 -0.2281397E-03 -0.8033686E-03 -0.2067980E-02 -0.1801392E-02 -0.1801392E-02 -0.1621156E-02 -0.1521324E-02 -0.1521324E-02 -0.1527245E-02 -0.1527245E-02 -0.1532384E-02 -0.1533109E-02 -0.1533946E-02 -0.1802217E-02 -0.1802217E-02 -0.2222653E-01 -0.4488440E-01 -0.7513507E-01 -0.1121186 -0.1550740 -0.2033347 -0.2562923 -0.3134101 -0.3741449 -0.4379162 -0.5040819 -0.5718328 -0.6398332 -0.7046219 -0.7046219 -0.7399330 -0.7422602 -0.6336250 -0.5049867 -0.5049867 -0.1733864 -0.1733864 0.8245441E-01 0.8245441E-01 0.1648459 0.2655129 0.2655129 0.3067074 0.3067074 0.2404979 0.2404979 0.2404979 0.1422960 0.1422960 0.5169257E-01 0.5169257E-01 -0.1332998E-01 -0.1332998E-01 -0.5259455E-01 -0.5259455E-01 -0.7112285E-01 -0.7112285E-01 -0.7112285E-01
-0.2029747E-04 -0.2029747E-04 0.4862602E-05 0.3651339E-05 0.7752425E-06 0.7752425E-06 -0.5354191E-06 0.6829471E-06 0.6829471E-06 0.1952590E-05 0.1952590E-05 0.2037753E-05 0.1721083E-05 0.1316207E-05 -0.3713683E-03 -0.3713683E-03 -0.3537793E-01 -0.6707528E-01 -0.1054663 -0.1491499 -0.1971798 -0.2489350 -0.3039998 -0.3620923 -0.4229731 -0.4863766 -0.5519612 -0.6192153 -0.6871409 -0.7527550 -0.7527550 -0.7962911 -0.8025368 -0.6279811 -0.4455789 -0.4455789 -0.1041007 -0.1041007 0.9518497E-01 0.9518497E-01 0.1563542 0.2356647 0.2356647 0.2751761 0.2751761 0.2383981 0.2383981 0.2383981 0.1565036 0.1565036 0.6689163E-01 0.6689163E-01 -0.5616879E-02 -0.5616879E-02 -0.5262735E-01 -0.5262735E-01 -0.7558246E-01 -0.7558246E-01 -0.7558246E-01
0.1869885E-03 0.1869885E-03 0.8067400E-03 0.2076592E-02 0.1804900E-02 0.1804900E-02 0.1621552E-02 0.1523230E-02 0.1523230E-02 0.1531719E-02 0.1531719E-02 0.1536579E-02 0.1536452E-02 0.1536174E-02 0.1021190E-02 0.1021190E-02 -0.5236824E-01 -0.9526803E-01 -0.1437936 -0.1958763 -0.2503384 -0.3065855 -0.3643839 -0.4237140 -0.4846489 -0.5472617 -0.6115522 -0.6773444 -0.7438985 -0.8078339 -0.8078339 -0.8499560 -0.8382545 -0.5370364 -0.3281697 -0.3281697 -0.5126828E-01 -0.5126828E-01 0.8746496E-01 0.8746496E-01 0.1330572 0.1981801 0.1981801 0.2362287 0.2362287 0.2216737 0.2216737 0.2216737 0.1589199 0.1589199 0.7780025E-01 0.7780025E-01 0.3618397E-02 0.3618397E-02 -0.4853471E-01 -0.4853471E-01 -0.7520334E-01 -0.7520334E-01 -0.7520334E-01
0.3202458E-03 0.3202458E-03 0.1745218E-02 0.4136209E-02 0.3586759E-02 0.3586759E-02 0.3230627E-02 0.3044348E-02 0.3044348E-02 0.3060554E-02 0.3060554E-02 0.3072115E-02 0.3073730E-02 0.3074406E-02 0.2364383E-02 0.2364383E-02 -0.7564852E-01 -0.1325210 -0.1933935 -0.2555443 -0.3176372 -0.3791762 -0.4401589 -0.5008607 -0.5616835 -0.6230488 -0.6853138 -0.7486370 -0.8122194 -0.8696491 -0.8696491 -0.8907074 -0.8143963 -0.3789810 -0.2058083 -0.2058083 -0.2654644E-01 -0.2654644E-01 0.6826515E-01 0.6826515E-01 0.1037165 0.1587291 0.1587291 0.1942770 0.1942770 0.1944303 0.1944303 0.1944303 0.1497559 0.1497559 0.8195949E-01 0.8195949E-01 0.1223077E-01 0.1223077E-01 -0.4107859E-01 -0.4107859E-01 -0.6975200E-01 -0.6975200E-01 -0.6975200E-01
0.4442318E-03 0.4442318E-03 0.2848938E-02 0.6172665E-02 0.5340120E-02 0.5340120E-02 0.4825654E-02 0.4564553E-02 0.4564553E-02 0.4584604E-02 0.4584604E-02 0.4604614E-02 0.4609585E-02 0.4612557E-02 0.3635015E-02 0.3635015E-02 -0.1093167 -0.1837819 -0.2594142 -0.3331144 -0.4036555 -0.4708438 -0.5350421 -0.5968977 -0.6571773 -0.7166589 -0.7760543 -0.8357620 -0.8936574 -0.9309232 -0.9309232 -0.8801253 -0.6742640 -0.2237461 -0.1228423 -0.1228423 -0.2114966E-01 -0.2114966E-01 0.4621693E-01 0.4621693E-01 0.7436939E-01 0.1203506 0.1203506 0.1518083 0.1518083 0.1603038 0.1603038 0.1603038 0.1307396 0.1307396 0.7830376E-01 0.7830376E-01 0.1827788E-01 0.1827788E-01 -0.3139472E-01 -0.3139472E-01 -0.5942965E-01 -0.5942965E-01 -0.5942965E-01
0.1347451E-02 0.1347451E-02 0.4060680E-02 0.7936356E-02 0.6942712E-02 0.6942712E-02 0.6379670E-02 0.6102718E-02 0.6102718E-02 0.6111344E-02 0.6111344E-02 0.6131656E-02 0.6139230E-02 0.6144536E-02 0.4798651E-02 0.4798651E-02 -0.1606993 -0.2573834 -0.3501492 -0.4363070 -0.5153227 -0.5876870 -0.6543599 -0.7164881 -0.7752599 -0.8318207 -0.8872225 -0.9416757 -0.9862430 -0.9552701 -0.9552701 -0.7344136 -0.4201538 -0.1253873 -0.8193158E-01 -0.8193158E-01 -0.2223659E-01 -0.2223659E-01 0.2626181E-01 0.2626181E-01 0.4798881E-01 0.8446073E-01 0.8446073E-01 0.1102881 0.1102881 0.1222533 0.1222533 0.1222533 0.1043876 0.1043876 0.6725438E-01 0.6725438E-01 0.2061385E-01 0.2061385E-01 -0.2068669E-01 -0.2068669E-01 -0.4490552E-01 -0.4490552E-01 -0.4490552E-01
