cruce_test.gid/Rasters/Hydraulic/Velocity__y_140.0.asc
NCOLS        79
NROWS        79
XLLCENTER         -1.500000
YLLCENTER         -4.800000
CELLSIZE           0.100
NODATA_VALUE     -9999.0
[rows 0 to 26 of 79, columns 0 to 58 of 79]
-9999.000 -9999.000 -9999.000 -9999.000 -9999.000 -9999.000 -9999.000 -9999.000 -9999.000 -9999.000 -9999.000 -9999.000 -9999.000 -9999.000 -9999.000 -0.1234304 -0.1222522 -0.1222113 -0.1223353 -0.1225606 -0.1228470 -0.1231596 -0.1234695 -0.1237552 -0.1240104 -0.1242516 -0.1245691 -0.1252659 -0.1269924 -0.1278966 -0.1278966 -9999.000 -9999.000 -9999.000 -9999.000 -9999.000 -9999.000 -9999.000 -9999.000 -9999.000 -9999.000 -9999.000 -9999.000 -9999.000 -9999.000 -9999.000 -9999.000 -9999.000 -9999.000 -9999.000 -9999.000 -9999.000 -9999.000 -9999.000 -9999.000 -9999.000 -9999.000 -9999.000 -9999.000
-9999.000 -9999.000 -9999.000 -9999.000 -9999.000 -9999.000 -9999.000 -9999.000 -9999.000 -9999.000 -9999.000 -9999.000 -9999.000 -9999.000 -9999.000 -0.1213013 -0.1188783 -0.1187909 -0.1190737 -0.1195925 -0.1202595 -0.1209985 -0.1217442 -0.1224495 -0.1231005 -0.1237324 -0.1245347 -0.1261415 -0.1298992 -0.1322895 -0.1322895 -9999.000 -9999.000 -9999.000 -9999.000 -9999.000 -9999.000 -9999.000 -9999.000 -9999.000 -9999.000 -9999.000 -9999.000 -9999.000 -9999.000 -9999.000 -9999.000 -9999.000 -9999.000 -9999.000 -9999.000 -9999.000 -9999.000 -9999.000 -9999.000 -9999.000 -9999.000 -9999.000 -9999.000
-9999.000 -9999.000 -9999.000 -9999.000 -9999.000 -9999.000 -9999.000 -9999.000 -9999.000 -9999.000 -9999.000 -9999.000 -9999.000 -9999.000 -9999.000 -0.1177791 -0.1140960 -0.1139830 -0.1145157 -0.1154778 -0.1167227 -0.1181201 -0.1195574 -0.1209517 -0.1222756 -0.1235824 -0.1251732 -0.1280604 -0.1343845 -0.1390606 -0.1390606 -9999.000 -9999.000 -9999.000 -9999.000 -9999.000 -9999.000 -9999.000 -9999.000 -9999.000 -9999.000 -9999.000 -9999.000 -9999.000 -9999.000 -9999.000 -9999.000 -9999.000 -9999.000 -9999.000 -9999.000 -9999.000 -9999.000 -9999.000 -9999.000 -9999.000 -9999.000 -9999.000 -9999.000
-9999.000 -9999.000 -9999.000 -9999.000 -9999.000 -9999.000 -9999.000 -9999.000 -9999.000 -9999.000 -9999.000 -9999.000 -9999.000 -9999.000 -9999.000 -0.1135592 -0.1087260 -0.1086222 -0.1094611 -0.1109441 -0.1128627 -0.1150285 -0.1172773 -0.1194856 -0.1216078 -0.1237118 -0.1262105 -0.1305127 -0.1396068 -0.1471845 -0.1471845 -9999.000 -9999.000 -9999.000 -9999.000 -9999.000 -9999.000 -9999.000 -9999.000 -9999.000 -9999.000 -9999.000 -9999.000 -9999.000 -9999.000 -9999.000 -9999.000 -9999.000 -9999.000 -9999.000 -9999.000 -9999.000 -9999.000 -9999.000 -9999.000 -9999.000 -9999.000 -9999.000 -9999.000
-9999.000 -9999.000 -9999.000 -9999.000 -9999.000 -9999.000 -9999.000 -9999.000 -9999.000 -9999.000 -9999.000 -9999.000 -9999.000 -9999.000 -9999.000 -0.1088262 -0.1029309 -0.1028601 -0.1040431 -0.1061010 -0.1087596 -0.1117692 -0.1149101 -0.1180145 -0.1210162 -0.1239977 -0.1274876 -0.1333189 -0.1453952 -0.1565524 -0.1565524 -9999.000 -9999.000 -9999.000 -9999.000 -9999.000 -9999.000 -9999.000 -9999.000 -9999.000 -9999.000 -9999.000 -9999.000 -9999.000 -9999.000 -9999.000 -9999.000 -9999.000 -9999.000 -9999.000 -9999.000 -9999.000 -9999.000 -9999.000 -9999.000 -9999.000 -9999.000 -9999.000 -9999.000
-9999.000 -9999.000 -9999.000 -9999.000 -9999.000 -9999.000 -9999.000 -9999.000 -9999.000 -9999.000 -9999.000 -9999.000 -9999.000 -9999.000 -9999.000 -0.1036674 -0.9679430E-01 -0.9677435E-01 -0.9832879E-01 -0.1010012 -0.1044493 -0.1083581 -0.1124498 -0.1165093 -0.1204486 -0.1243660 -0.1289127 -0.1363807 -0.1516727 -0.1672008 -0.1672008 -9999.000 -9999.000 -9999.000 -9999.000 -9999.000 -9999.000 -9999.000 -9999.000 -9999.000 -9999.000 -9999.000 -9999.000 -9999.000 -9999.000 -9999.000 -9999.000 -9999.000 -9999.000 -9999.000 -9999.000 -9999.000 -9999.000 -9999.000 -9999.000 -9999.000 -9999.000 -9999.000 -9999.000
-9999.000 -9999.000 -9999.000 -9999.000 -9999.000 -9999.000 -9999.000 -9999.000 -9999.000 -9999.000 -9999.000 -9999.000 -9999.000 -9999.000 -9999.000 -0.9810996E-01 -0.9035036E-01 -0.9039789E-01 -0.9234572E-01 -0.9566528E-01 -0.9994325E-01 -0.1047967 -0.1098859 -0.1149465 -0.1198677 -0.1247674 -0.1304273 -0.1396410 -0.1584144 -0.1792726 -0.1792726 -9999.000 -9999.000 -9999.000 -9999.000 -9999.000 -9999.000 -9999.000 -9999.000 -9999.000 -9999.000 -9999.000 -9999.000 -9999.000 -9999.000 -9999.000 -9999.000 -9999.000 -9999.000 -9999.000 -9999.000 -9999.000 -9999.000 -9999.000 -9999.000 -9999.000 -9999.000 -9999.000 -9999.000
-9999.000 -9999.000 -9999.000 -9999.000 -9999.000 -9999.000 -9999.000 -9999.000 -9999.000 -9999.000 -9999.000 -9999.000 -9999.000 -9999.000 -9999.000 -0.9214392E-01 -0.8360300E-01 -0.8373573E-01 -0.8609637E-01 -0.9009303E-01 -0.9523733E-01 -0.1010753 -0.1072025 -0.1133027 -0.1192423 -0.1251626 -0.1319873 -0.1430635 -0.1656257 -0.1930098 -0.1930098 -9999.000 -9999.000 -9999.000 -9999.000 -9999.000 -9999.000 -9999.000 -9999.000 -9999.000 -9999.000 -9999.000 -9999.000 -9999.000 -9999.000 -9999.000 -9999.000 -9999.000 -9999.000 -9999.000 -9999.000 -9999.000 -9999.000 -9999.000 -9999.000 -9999.000 -9999.000 -9999.000 -9999.000
-9999.000 -9999.000 -9999.000 -9999.000 -9999.000 -9999.000 -9999.000 -9999.000 -9999.000 -9999.000 -9999.000 -9999.000 -9999.000 -9999.000 -9999.000 -0.8573270E-01 -0.7653319E-01 -0.7677196E-01 -0.7956504E-01 -0.8426781E-01 -0.9031370E-01 -0.9717396E-01 -0.1043762 -0.1115502 -0.1185388 -0.1255136 -0.1335518 -0.1466187 -0.1733303 -0.2087636 -0.2087636 -9999.000 -9999.000 -9999.000 -9999.000 -9999.000 -9999.000 -9999.000 -9999.000 -9999.000 -9999.000 -9999.000 -9999.000 -9999.000 -9999.000 -9999.000 -9999.000 -9999.000 -9999.000 -9999.000 -9999.000 -9999.000 -9999.000 -9999.000 -9999.000 -9999.000 -9999.000 -9999.000 -9999.000
-9999.000 -9999.000 -9999.000 -9999.000 -9999.000 -9999.000 -9999.000 -9999.000 -9999.000 -9999.000 -9999.000 -9999.000 -9999.000 -9999.000 -9999.000 -0.7881978E-01 -0.6910526E-01 -0.6947342E-01 -0.7271945E-01 -0.7815786E-01 -0.8514054E-01 -0.9306009E-01 -0.1013724 -0.1096508 -0.1177148 -0.1257733 -0.1350721 -0.1502739 -0.1815619 -0.2270273 -0.2270273 -9999.000 -9999.000 -9999.000 -9999.000 -9999.000 -9999.000 -9999.000 -9999.000 -9999.000 -9999.000 -9999.000 -9999.000 -9999.000 -9999.000 -9999.000 -9999.000 -9999.000 -9999.000 -9999.000 -9999.000 -9999.000 -9999.000 -9999.000 -9999.000 -9999.000 -9999.000 -9999.000 -9999.000
-9999.000 -9999.000 -9999.000 -9999.000 -9999.000 -9999.000 -9999.000 -9999.000 -9999.000 -9999.000 -9999.000 -9999.000 -9999.000 -9999.000 -9999.000 -0.7133005E-01 -0.6126631E-01 -0.6179089E-01 -0.6551092E-01 -0.7171521E-01 -0.7967003E-01 -0.8868515E-01 -0.9814060E-01 -0.1075502 -0.1167106 -0.1258771 -0.1364816 -0.1539810 -0.1903549 -0.2484918 -0.2484918 -9999.000 -9999.000 -9999.000 -9999.000 -9999.000 -9999.000 -9999.000 -9999.000 -9999.000 -9999.000 -9999.000 -9999.000 -9999.000 -9999.000 -9999.000 -9999.000 -9999.000 -9999.000 -9999.000 -9999.000 -9999.000 -9999.000 -9999.000 -9999.000 -9999.000 -9999.000 -9999.000 -9999.000
-9999.000 -9999.000 -9999.000 -9999.000 -9999.000 -9999.000 -9999.000 -9999.000 -9999.000 -9999.000 -9999.000 -9999.000 -9999.000 -9999.000 -9999.000 -0.6316888E-01 -0.5294520E-01 -0.5365606E-01 -0.5787142E-01 -0.6487171E-01 -0.7383329E-01 -0.8397846E-01 -0.9460690E-01 -0.1051690 -0.1154394 -0.1257301 -0.1376800 -0.1576614 -0.1997316 -0.2741449 -0.2741449 -9999.000 -9999.000 -9999.000 -9999.000 -9999.000 -9999.000 -9999.000 -9999.000 -9999.000 -9999.000 -9999.000 -9999.000 -9999.000 -9999.000 -9999.000 -9999.000 -9999.000 -9999.000 -9999.000 -9999.000 -9999.000 -9999.000 -9999.000 -9999.000 -9999.000 -9999.000 -9999.000 -9999.000
-9999.000 -9999.000 -9999.000 -9999.000 -9999.000 -9999.000 -9999.000 -9999.000 -9999.000 -9999.000 -9999.000 -9999.000 -9999.000 -9999.000 -9999.000 -0.5421669E-01 -0.4404758E-01 -0.4497595E-01 -0.4970744E-01 -0.5753272E-01 -0.6753317E-01 -0.7883874E-01 -0.9066294E-01 -0.1023892 -0.1137697 -0.1251875 -0.1385109 -0.1611803 -0.2096819 -0.3054434 -0.3054434 -9999.000 -9999.000 -9999.000 -9999.000 -9999.000 -9999.000 -9999.000 -9999.000 -9999.000 -9999.000 -9999.000 -9999.000 -9999.000 -9999.000 -9999.000 -9999.000 -9999.000 -9999.000 -9999.000 -9999.000 -9999.000 -9999.000 -9999.000 -9999.000 -9999.000 -9999.000 -9999.000 -9999.000
-9999.000 -9999.000 -9999.000 -9999.000 -9999.000 -9999.000 -9999.000 -9999.000 -9999.000 -9999.000 -9999.000 -9999.000 -9999.000 -9999.000 -9999.000 -0.4427374E-01 -0.3441820E-01 -0.3560410E-01 -0.4088043E-01 -0.4956454E-01 -0.6063591E-01 -0.7312636E-01 -0.8615772E-01 -0.9904168E-01 -0.1115087 -0.1240285 -0.1387269 -0.1643071 -0.2201255 -0.3446538 -0.3446538 -9999.000 -9999.000 -9999.000 -9999.000 -9999.000 -9999.000 -9999.000 -9999.000 -9999.000 -9999.000 -9999.000 -9999.000 -9999.000 -9999.000 -9999.000 -9999.000 -9999.000 -9999.000 -9999.000 -9999.000 -9999.000 -9999.000 -9999.000 -9999.000 -9999.000 -9999.000 -9999.000 -9999.000
-9999.000 -9999.000 -9999.000 -9999.000 -9999.000 -9999.000 -9999.000 -9999.000 -9999.000 -9999.000 -9999.000 -9999.000 -9999.000 -9999.000 -9999.000 -0.2619844E-01 -0.2116315E-01 -0.2424763E-01 -0.3124123E-01 -0.4158671E-01 -0.5422335E-01 -0.6814646E-01 -0.8244770E-01 -0.9642471E-01 -0.1098379 -0.1232968 -0.1392226 -0.1677712 -0.2315326 -0.3936014 -0.3936014 -9999.000 -9999.000 -9999.000 -9999.000 -9999.000 -9999.000 -9999.000 -9999.000 -9999.000 -9999.000 -9999.000 -9999.000 -9999.000 -9999.000 -9999.000 -9999.000 -9999.000 -9999.000 -9999.000 -9999.000 -9999.000 -9999.000 -9999.000 -9999.000 -9999.000 -9999.000 -9999.000 -9999.000
-0.2577556E-02 -0.2577556E-02 -0.5628469E-02 -0.5739660E-02 -0.5726796E-02 -0.5726796E-02 -0.5713021E-02 -0.5689894E-02 -0.5689894E-02 -0.5664796E-02 -0.5664796E-02 -0.5633344E-02 -0.5615886E-02 -0.5597331E-02 -0.5578210E-02 -0.5578210E-02 -0.1951716E-01 -0.2559035E-01 -0.3604283E-01 -0.5119401E-01 -0.7021286E-01 -0.9183574E-01 -0.1147142 -0.1376041 -0.1595408 -0.1799503 -0.1989851 -0.2226240 -0.2643046 -0.3741785 -0.3741785 -0.1915934 -0.9422123E-01 -0.2506610E-01 -0.1669844E-01 -0.1669844E-01 -0.9425643E-02 -0.9425643E-02 0.3244236E-02 0.3244236E-02 0.1157556E-01 -0.9517016E-02 -0.9517016E-02 -0.1681312E-01 -0.1681312E-01 0.3546629E-02 0.3546629E-02 0.3546629E-02 0.6288762E-02 0.6288762E-02 0.5695845E-02 0.5695845E-02 0.3915116E-02 0.3915116E-02 0.1899187E-02 0.1899187E-02 0.2023258E-03 0.2023258E-03 0.2023258E-03
-0.3950369E-02 -0.3950369E-02 -0.8351008E-02 -0.8166269E-02 -0.8075798E-02 -0.8075798E-02 -0.8028517E-02 -0.7998694E-02 -0.7998694E-02 -0.7986100E-02 -0.7986100E-02 -0.7963250E-02 -0.7948243E-02 -0.7931377E-02 -0.7913445E-02 -0.7913445E-02 -0.2673332E-01 -0.3661526E-01 -0.5210920E-01 -0.7411152E-01 -0.1020411 -0.1345877 -0.1701468 -0.2070388 -0.2436117 -0.2781722 -0.3088446 -0.3356900 -0.3600079 -0.3868141 -0.3868141 -0.2490733 -0.1550340 -0.6933274E-01 -0.5257353E-01 -0.5257353E-01 -0.2644359E-01 -0.2644359E-01 0.1675235E-01 0.1675235E-01 0.4276912E-01 0.3438646E-01 0.3438646E-01 0.1390774E-03 0.1390774E-03 0.9913239E-02 0.9913239E-02 0.9913239E-02 0.1169495E-01 0.1169495E-01 0.9320056E-02 0.9320056E-02 0.5345275E-02 0.5345275E-02 0.1411362E-02 0.1411362E-02 -0.1615768E-02 -0.1615768E-02 -0.1615768E-02
-0.3241727E-02 -0.3241727E-02 -0.6804375E-02 -0.6952042E-02 -0.6835181E-02 -0.6835181E-02 -0.6769401E-02 -0.6745335E-02 -0.6745335E-02 -0.6761201E-02 -0.6761201E-02 -0.6765939E-02 -0.6763482E-02 -0.6758799E-02 -0.6752740E-02 -0.6752740E-02 -0.2519952E-01 -0.3830303E-01 -0.5685733E-01 -0.8188183E-01 -0.1132496 -0.1501545 -0.1914235 -0.2356823 -0.2814290 -0.3271105 -0.3711922 -0.4108483 -0.4437256 -0.4645716 -0.4645716 -0.3717162 -0.2879441 -0.1751886 -0.1371606 -0.1371606 -0.6230114E-01 -0.6230114E-01 0.3745870E-01 0.3745870E-01 0.8934421E-01 0.1301200 0.1301200 0.6958798E-01 0.6958798E-01 0.2563276E-01 0.2563276E-01 0.2563276E-01 0.1627871E-01 0.1627871E-01 0.8571079E-02 0.8571079E-02 0.1458181E-02 0.1458181E-02 -0.4248336E-02 -0.4248336E-02 -0.7921672E-02 -0.7921672E-02 -0.7921672E-02
-0.2550732E-02 -0.2550732E-02 -0.5324350E-02 -0.5635649E-02 -0.5507369E-02 -0.5507369E-02 -0.5426391E-02 -0.5390467E-02 -0.5390467E-02 -0.5407919E-02 -0.5407919E-02 -0.5415973E-02 -0.5414639E-02 -0.5411054E-02 -0.5406260E-02 -0.5406260E-02 -0.2352836E-01 -0.3969945E-01 -0.6139391E-01 -0.8911830E-01 -0.1228158 -0.1619900 -0.2058532 -0.2534247 -0.3035705 -0.3550503 -0.4065458 -0.4553377 -0.4982275 -0.5284360 -0.5284360 -0.4726399 -0.4074768 -0.2889825 -0.2322484 -0.2322484 -0.9806009E-01 -0.9806009E-01 0.6174305E-01 0.6174305E-01 0.1325599 0.2043041 0.2043041 0.1497234 0.1497234 0.5108488E-01 0.5108488E-01 0.5108488E-01 0.2231368E-01 0.2231368E-01 0.5358593E-02 0.5358593E-02 -0.6123836E-02 -0.6123836E-02 -0.1370667E-01 -0.1370667E-01 -0.1755444E-01 -0.1755444E-01 -0.1755444E-01
-0.1885487E-02 -0.1885487E-02 -0.3923079E-02 -0.4272964E-02 -0.4156624E-02 -0.4156624E-02 -0.4077029E-02 -0.4037974E-02 -0.4037974E-02 -0.4054050E-02 -0.4054050E-02 -0.4062494E-02 -0.4061621E-02 -0.4058832E-02 -0.4054991E-02 -0.4054991E-02 -0.2295874E-01 -0.4243857E-01 -0.6783859E-01 -0.9887770E-01 -0.1352857 -0.1766623 -0.2224528 -0.2719649 -0.3243764 -0.3787599 -0.4340885 -0.4881791 -0.5378922 -0.5766056 -0.5766056 -0.5521809 -0.5066330 -0.3880575 -0.3107750 -0.3107750 -0.1126885 -0.1126885 0.8796732E-01 0.8796732E-01 0.1638994 0.2438920 0.2438920 0.2099354 0.2099354 0.8185250E-01 0.8185250E-01 0.8185250E-01 0.3194224E-01 0.3194224E-01 0.3107579E-02 0.3107579E-02 -0.1417372E-01 -0.1417372E-01 -0.2404944E-01 -0.2404944E-01 -0.2790632E-01 -0.2790632E-01 -0.2790632E-01
-0.1242986E-02 -0.1242986E-02 -0.2581874E-02 -0.2871682E-02 -0.2784686E-02 -0.2784686E-02 -0.2722003E-02 -0.2689365E-02 -0.2689365E-02 -0.2701533E-02 -0.2701533E-02 -0.2708382E-02 -0.2707860E-02 -0.2706131E-02 -0.2703471E-02 -0.2703471E-02 -0.2397920E-01 -0.4728260E-01 -0.7705299E-01 -0.1121669 -0.1519736 -0.1960169 -0.2438696 -0.2950546 -0.3490038 -0.4050514 -0.4624256 -0.5194820 -0.5734816 -0.6185204 -0.6185204 -0.6171044 -0.5875094 -0.4574090 -0.3510948 -0.3510948 -0.9779534E-01 -0.9779534E-01 0.1081896 0.1081896 0.1770837 0.2521652 0.2521652 0.2402304 0.2402304 0.1123098 0.1123098 0.1123098 0.4522679E-01 0.4522679E-01 0.3606723E-02 0.3606723E-02 -0.2077099E-01 -0.2077099E-01 -0.3356758E-01 -0.3356758E-01 -0.3752088E-01 -0.3752088E-01 -0.3752088E-01
-0.6171444E-03 -0.6171444E-03 -0.1280886E-02 -0.1442954E-02 -0.1396565E-02 -0.1396565E-02 -0.1362278E-02 -0.1343976E-02 -0.1343976E-02 -0.1350309E-02 -0.1350309E-02 -0.1354203E-02 -0.1354002E-02 -0.1353087E-02 -0.1351803E-02 -0.1351803E-02 -0.2714355E-01 -0.5513583E-01 -0.9008759E-01 -0.1300939 -0.1740526 -0.2213508 -0.2716087 -0.3245178 -0.3797425 -0.4368672 -0.4953640 -0.5540526 -0.6106710 -0.6600146 -0.6600146 -0.6737192 -0.6520406 -0.4806819 -0.3388687 -0.3388687 -0.6482457E-01 -0.6482457E-01 0.1143893 0.1143893 0.1712737 0.2380574 0.2380574 0.2436346 0.2436346 0.1364713 0.1364713 0.1364713 0.6028329E-01 0.6028329E-01 0.7335708E-02 0.7335708E-02 -0.2471997E-01 -0.2471997E-01 -0.4103913E-01 -0.4103913E-01 -0.4534273E-01 -0.4534273E-01 -0.4534273E-01
-0.5803040E-07 -0.5803040E-07 -0.1216637E-06 -0.1019927E-07 -0.4920361E-08 -0.4920361E-08 0.1327822E-07 -0.8217104E-07 -0.8217104E-07 0.4977095E-07 0.4977095E-07 0.9475076E-07 0.6508379E-07 0.4159646E-07 -0.9149463E-07 -0.9149463E-07 -0.3323220E-01 -0.6721292E-01 -0.1083911 -0.1541857 -0.2030603 -0.2542072 -0.3072450 -0.3620000 -0.4183546 -0.4761506 -0.5351218 -0.5945042 -0.6524861 -0.7041144 -0.7041144 -0.7245548 -0.6951756 -0.4431674 -0.2797743 -0.2797743 -0.3474861E-01 -0.3474861E-01 0.1053271 0.1053271 0.1512627 0.2108634 0.2108634 0.2281272 0.2281272 0.1498896 0.1498896 0.1498896 0.7394066E-01 0.7394066E-01 0.1354592E-01 0.1354592E-01 -0.2550503E-01 -0.2550503E-01 -0.4556200E-01 -0.4556200E-01 -0.5048662E-01 -0.5048662E-01 -0.5048662E-01
0.6170939E-03 0.6170939E-03 0.1280727E-02 0.1442946E-02 0.1396644E-02 0.1396644E-02 0.1362259E-02 0.1343879E-02 0.1343879E-02 0.1350518E-02 0.1350518E-02 0.1354248E-02 0.1354132E-02 0.1353100E-02 0.1351529E-02 0.1351529E-02 -0.4345343E-01 -0.8525163E-01 -0.1340072 -0.1865831 -0.2411059 -0.2966152 -0.3527322 -0.4094054 -0.4667254 -0.5247941 -0.5836261 -0.6428430 -0.7009338 -0.7518852 -0.7518852 -0.7656308 -0.6974271 -0.3529476 -0.2046990 -0.2046990 -0.2000809E-01 -0.2000809E-01 0.8612041E-01 0.8612041E-01 0.1240314 0.1777086 0.1777086 0.2013338 0.2013338 0.1509152 0.1509152 0.1509152 0.8292481E-01 0.8292481E-01 0.2056657E-01 0.2056657E-01 -0.2326882E-01 -0.2326882E-01 -0.4654809E-01 -0.4654809E-01 -0.5221192E-01 -0.5221192E-01 -0.5221192E-01
0.1242997E-02 0.1242997E-02 0.2581796E-02 0.2871707E-02 0.2784697E-02 0.2784697E-02 0.2721962E-02 0.2689447E-02 0.2689447E-02 0.2701571E-02 0.2701571E-02 0.2708283E-02 0.2707927E-02 0.2706021E-02 0.2703167E-02 0.2703167E-02 -0.5978376E-01 -0.1118821 -0.1699094 -0.2303323 -0.2911303 -0.3513264 -0.4106188 -0.4691078 -0.5270973 -0.5849467 -0.6429582 -0.7010847 -0.7575937 -0.8012863 -0.8012863 -0.7780413 -0.6240614 -0.2510487 -0.1458714 -0.1458714 -0.1862408E-01 -0.1862408E-01 0.6347307E-01 0.6347307E-01 0.9534660E-01 0.1430058 0.1430058 0.1686834 0.1686834 0.1404698 0.1404698 0.1404698 0.8496028E-01 0.8496028E-01 0.2636142E-01 0.2636142E-01 -0.1871822E-01 -0.1871822E-01 -0.4378294E-01 -0.4378294E-01 -0.5000680E-01 -0.5000680E-01 -0.5000680E-01
0.1885540E-02 0.1885540E-02 0.3923081E-02 0.4272892E-02 0.4156714E-02 0.4156714E-02 0.4077036E-02 0.4038024E-02 0.4038024E-02 0.4053906E-02 0.4053906E-02 0.4062290E-02 0.4061521E-02 0.4058711E-02 0.4054833E-02 0.4054833E-02 -0.8561487E-01 -0.1512972 -0.2205931 -0.2898801 -0.3573173 -0.4221615 -0.4843461 -0.5442067 -0.6022899 -0.6592148 -0.7155646 -0.7714679 -0.8230437 -0.8399317 -0.8399317 -0.7138473 -0.4646848 -0.1775469 -0.1111978 -0.1111978 -0.2218050E-01 -0.2218050E-01 0.4207459E-01 0.4207459E-01 0.6854156E-01 0.1090818 0.1090818 0.1335904 0.1335904 0.1209716 0.1209716 0.1209716 0.7932951E-01 0.7932951E-01 0.2919775E-01 0.2919775E-01 -0.1288637E-01 -0.1288637E-01 -0.3745020E-01 -0.3745020E-01 -0.4369481E-01 -0.4369481E-01 -0.4369481E-01
0.2550750E-02 0.2550750E-02 0.5324150E-02 0.5635643E-02 0.5507505E-02 0.5507505E-02 0.5426356E-02 0.5390494E-02 0.5390494E-02 0.5407918E-02 0.5407918E-02 0.5415903E-02 0.5414505E-02 0.5410969E-02 0.5406122E-02 0.5406122E-02 -0.1271075 -0.2105484 -0.2931778 -0.3719700 -0.4458187 -0.5146058 -0.5787475 -0.6389499 -0.6960617 -0.7509716 -0.8045256 -0.8564413 -0.8926519 -0.8207992 -0.8207992 -0.5266938 -0.2917983 -0.1335566 -0.9090900E-01 -0.9090900E-01 -0.2457008E-01 -0.2457008E-01 0.2415992E-01 0.2415992E-01 0.4516716E-01 0.7719059E-01 0.7719059E-01 0.9827582E-01 0.9827582E-01 0.9537154E-01 0.9537154E-01 0.9537154E-01 0.6684415E-01 0.6684415E-01 0.2820796E-01 0.2820796E-01 -0.6787686E-02 -0.6787686E-02 -0.2809640E-01 -0.2809640E-01 -0.3353952E-01 -0.3353952E-01 -0.3353952E-01
