cruce_test.gid/Rasters/Hydraulic/Velocity__y_134.0.asc
NCOLS        79
NROWS        79
XLLCENTER         -1.500000
YLLCENTER         -4.800000
CELLSIZE           0.100
NODATA_VALUE     -9999.0
[rows 0 to 25 of 79, columns 0 to 58 of 79]
-9999.000 -9999.000 -9999.000 -9999.000 -9999.000 -9999.000 -9999.000 -9999.000 -9999.000 -9999.000 -9999.000 -9999.000 -9999.000 -9999.000 -9999.000 -0.1298256 -0.1286313 -0.1285897 -0.1287118 -0.1289265 -0.1291946 -0.1294825 -0.1297624 -0.1300173 -0.1302405 -0.1304544 -0.1307942 -0.1315647 -0.1333898 -0.1341185 -0.1341185 -9999.000 -9999.000 -9999.000 -9999.000 -9999.000 -9999.000 -9999.000 -9999.000 -9999.000 -9999.000 -9999.000 -9999.000 -9999.000 -9999.000 -9999.000 -9999.000 -9999.000 -9999.000 -9999.000 -9999.000 -9999.000 -9999.000 -9999.000 -9999.000 -9999.000 -9999.000 -9999.000 -9999.000
-9999.000 -9999.000 -9999.000 -9999.000 -9999.000 -9999.000 -9999.000 -9999.000 -9999.000 -9999.000 -9999.000 -9999.000 -9999.000 -9999.000 -9999.000 -0.1278101 -0.1253284 -0.1252326 -0.1255020 -0.1259871 -0.1266024 -0.1272740 -0.1279412 -0.1285672 -0.1291382 -0.1297028 -0.1305466 -0.1323062 -0.1362689 -0.1383058 -0.1383058 -9999.000 -9999.000 -9999.000 -9999.000 -9999.000 -9999.000 -9999.000 -9999.000 -9999.000 -9999.000 -9999.000 -9999.000 -9999.000 -9999.000 -9999.000 -9999.000 -9999.000 -9999.000 -9999.000 -9999.000 -9999.000 -9999.000 -9999.000 -9999.000 -9999.000 -9999.000 -9999.000 -9999.000
-9999.000 -9999.000 -9999.000 -9999.000 -9999.000 -9999.000 -9999.000 -9999.000 -9999.000 -9999.000 -9999.000 -9999.000 -9999.000 -9999.000 -9999.000 -0.1244626 -0.1206482 -0.1205121 -0.1210131 -0.1219097 -0.1230588 -0.1243341 -0.1256317 -0.1268865 -0.1280730 -0.1292677 -0.1309299 -0.1340749 -0.1407457 -0.1448867 -0.1448867 -9999.000 -9999.000 -9999.000 -9999.000 -9999.000 -9999.000 -9999.000 -9999.000 -9999.000 -9999.000 -9999.000 -9999.000 -9999.000 -9999.000 -9999.000 -9999.000 -9999.000 -9999.000 -9999.000 -9999.000 -9999.000 -9999.000 -9999.000 -9999.000 -9999.000 -9999.000 -9999.000 -9999.000
-9999.000 -9999.000 -9999.000 -9999.000 -9999.000 -9999.000 -9999.000 -9999.000 -9999.000 -9999.000 -9999.000 -9999.000 -9999.000 -9999.000 -9999.000 -0.1204249 -0.1153714 -0.1152285 -0.1160174 -0.1174032 -0.1191822 -0.1211720 -0.1232212 -0.1252312 -0.1271616 -0.1291111 -0.1317192 -0.1363979 -0.1460020 -0.1528832 -0.1528832 -9999.000 -9999.000 -9999.000 -9999.000 -9999.000 -9999.000 -9999.000 -9999.000 -9999.000 -9999.000 -9999.000 -9999.000 -9999.000 -9999.000 -9999.000 -9999.000 -9999.000 -9999.000 -9999.000 -9999.000 -9999.000 -9999.000 -9999.000 -9999.000 -9999.000 -9999.000 -9999.000 -9999.000
-9999.000 -9999.000 -9999.000 -9999.000 -9999.000 -9999.000 -9999.000 -9999.000 -9999.000 -9999.000 -9999.000 -9999.000 -9999.000 -9999.000 -9999.000 -0.1158660 -0.1096490 -0.1095224 -0.1106389 -0.1125699 -0.1150478 -0.1178307 -0.1207153 -0.1235665 -0.1263264 -0.1291142 -0.1327613 -0.1391026 -0.1518771 -0.1622020 -0.1622020 -9999.000 -9999.000 -9999.000 -9999.000 -9999.000 -9999.000 -9999.000 -9999.000 -9999.000 -9999.000 -9999.000 -9999.000 -9999.000 -9999.000 -9999.000 -9999.000 -9999.000 -9999.000 -9999.000 -9999.000 -9999.000 -9999.000 -9999.000 -9999.000 -9999.000 -9999.000 -9999.000 -9999.000
-9999.000 -9999.000 -9999.000 -9999.000 -9999.000 -9999.000 -9999.000 -9999.000 -9999.000 -9999.000 -9999.000 -9999.000 -9999.000 -9999.000 -9999.000 -0.1108641 -0.1035573 -0.1034644 -0.1049379 -0.1074561 -0.1106854 -0.1143208 -0.1181036 -0.1218594 -0.1255121 -0.1292006 -0.1339641 -0.1420942 -0.1583015 -0.1728929 -0.1728929 -9999.000 -9999.000 -9999.000 -9999.000 -9999.000 -9999.000 -9999.000 -9999.000 -9999.000 -9999.000 -9999.000 -9999.000 -9999.000 -9999.000 -9999.000 -9999.000 -9999.000 -9999.000 -9999.000 -9999.000 -9999.000 -9999.000 -9999.000 -9999.000 -9999.000 -9999.000 -9999.000 -9999.000
-9999.000 -9999.000 -9999.000 -9999.000 -9999.000 -9999.000 -9999.000 -9999.000 -9999.000 -9999.000 -9999.000 -9999.000 -9999.000 -9999.000 -9999.000 -0.1054404 -0.9712563E-01 -0.9708188E-01 -0.9893528E-01 -0.1020752 -0.1060990 -0.1106352 -0.1153670 -0.1200782 -0.1246750 -0.1293145 -0.1352655 -0.1453155 -0.1652567 -0.1851150 -0.1851150 -9999.000 -9999.000 -9999.000 -9999.000 -9999.000 -9999.000 -9999.000 -9999.000 -9999.000 -9999.000 -9999.000 -9999.000 -9999.000 -9999.000 -9999.000 -9999.000 -9999.000 -9999.000 -9999.000 -9999.000 -9999.000 -9999.000 -9999.000 -9999.000 -9999.000 -9999.000 -9999.000 -9999.000
-9999.000 -9999.000 -9999.000 -9999.000 -9999.000 -9999.000 -9999.000 -9999.000 -9999.000 -9999.000 -9999.000 -9999.000 -9999.000 -9999.000 -9999.000 -0.9958085E-01 -0.9035475E-01 -0.9037548E-01 -0.9262843E-01 -0.9641985E-01 -0.1012756 -0.1067548 -0.1124791 -0.1181886 -0.1237728 -0.1294065 -0.1366144 -0.1487276 -0.1727537 -0.1991301 -0.1991301 -9999.000 -9999.000 -9999.000 -9999.000 -9999.000 -9999.000 -9999.000 -9999.000 -9999.000 -9999.000 -9999.000 -9999.000 -9999.000 -9999.000 -9999.000 -9999.000 -9999.000 -9999.000 -9999.000 -9999.000 -9999.000 -9999.000 -9999.000 -9999.000 -9999.000 -9999.000 -9999.000 -9999.000
-9999.000 -9999.000 -9999.000 -9999.000 -9999.000 -9999.000 -9999.000 -9999.000 -9999.000 -9999.000 -9999.000 -9999.000 -9999.000 -9999.000 -9999.000 -0.9324801E-01 -0.8322698E-01 -0.8332889E-01 -0.8599903E-01 -0.9046881E-01 -0.9619025E-01 -0.1026497 -0.1094046 -0.1161494 -0.1227580 -0.1294231 -0.1379586 -0.1522944 -0.1808207 -0.2153174 -0.2153174 -9999.000 -9999.000 -9999.000 -9999.000 -9999.000 -9999.000 -9999.000 -9999.000 -9999.000 -9999.000 -9999.000 -9999.000 -9999.000 -9999.000 -9999.000 -9999.000 -9999.000 -9999.000 -9999.000 -9999.000 -9999.000 -9999.000 -9999.000 -9999.000 -9999.000 -9999.000 -9999.000 -9999.000
-9999.000 -9999.000 -9999.000 -9999.000 -9999.000 -9999.000 -9999.000 -9999.000 -9999.000 -9999.000 -9999.000 -9999.000 -9999.000 -9999.000 -9999.000 -0.8638687E-01 -0.7571067E-01 -0.7591217E-01 -0.7901631E-01 -0.8418893E-01 -0.9080682E-01 -0.9827966E-01 -0.1060977 -0.1139080 -0.1215718 -0.1292989 -0.1392329 -0.1559723 -0.1894930 -0.2342096 -0.2342096 -9999.000 -9999.000 -9999.000 -9999.000 -9999.000 -9999.000 -9999.000 -9999.000 -9999.000 -9999.000 -9999.000 -9999.000 -9999.000 -9999.000 -9999.000 -9999.000 -9999.000 -9999.000 -9999.000 -9999.000 -9999.000 -9999.000 -9999.000 -9999.000 -9999.000 -9999.000 -9999.000 -9999.000
-9999.000 -9999.000 -9999.000 -9999.000 -9999.000 -9999.000 -9999.000 -9999.000 -9999.000 -9999.000 -9999.000 -9999.000 -9999.000 -9999.000 -9999.000 -0.7892516E-01 -0.6775961E-01 -0.6808195E-01 -0.7163589E-01 -0.7753453E-01 -0.8507636E-01 -0.9359098E-01 -0.1024981 -0.1113956 -0.1201361 -0.1289459 -0.1403497 -0.1596977 -0.1988058 -0.2565623 -0.2565623 -9999.000 -9999.000 -9999.000 -9999.000 -9999.000 -9999.000 -9999.000 -9999.000 -9999.000 -9999.000 -9999.000 -9999.000 -9999.000 -9999.000 -9999.000 -9999.000 -9999.000 -9999.000 -9999.000 -9999.000 -9999.000 -9999.000 -9999.000 -9999.000 -9999.000 -9999.000 -9999.000 -9999.000
-9999.000 -9999.000 -9999.000 -9999.000 -9999.000 -9999.000 -9999.000 -9999.000 -9999.000 -9999.000 -9999.000 -9999.000 -9999.000 -9999.000 -9999.000 -0.7076754E-01 -0.5930820E-01 -0.5977574E-01 -0.6379571E-01 -0.7044221E-01 -0.7893250E-01 -0.8851168E-01 -0.9852512E-01 -0.1085197 -0.1183447 -0.1282419 -0.1411826 -0.1633707 -0.2087813 -0.2834725 -0.2834725 -9999.000 -9999.000 -9999.000 -9999.000 -9999.000 -9999.000 -9999.000 -9999.000 -9999.000 -9999.000 -9999.000 -9999.000 -9999.000 -9999.000 -9999.000 -9999.000 -9999.000 -9999.000 -9999.000 -9999.000 -9999.000 -9999.000 -9999.000 -9999.000 -9999.000 -9999.000 -9999.000 -9999.000
-9999.000 -9999.000 -9999.000 -9999.000 -9999.000 -9999.000 -9999.000 -9999.000 -9999.000 -9999.000 -9999.000 -9999.000 -9999.000 -9999.000 -9999.000 -0.6178383E-01 -0.5026039E-01 -0.5090078E-01 -0.5540363E-01 -0.6281931E-01 -0.7227936E-01 -0.8293892E-01 -0.9406405E-01 -0.1051491 -0.1160451 -0.1270096 -0.1415425 -0.1668288 -0.2194077 -0.3165932 -0.3165932 -9999.000 -9999.000 -9999.000 -9999.000 -9999.000 -9999.000 -9999.000 -9999.000 -9999.000 -9999.000 -9999.000 -9999.000 -9999.000 -9999.000 -9999.000 -9999.000 -9999.000 -9999.000 -9999.000 -9999.000 -9999.000 -9999.000 -9999.000 -9999.000 -9999.000 -9999.000 -9999.000 -9999.000
-9999.000 -9999.000 -9999.000 -9999.000 -9999.000 -9999.000 -9999.000 -9999.000 -9999.000 -9999.000 -9999.000 -9999.000 -9999.000 -9999.000 -9999.000 -0.5174700E-01 -0.4044495E-01 -0.4129786E-01 -0.4630992E-01 -0.5452289E-01 -0.6497537E-01 -0.7672507E-01 -0.8895233E-01 -0.1010959 -0.1130161 -0.1249844 -0.1411370 -0.1697986 -0.2305956 -0.3585571 -0.3585571 -9999.000 -9999.000 -9999.000 -9999.000 -9999.000 -9999.000 -9999.000 -9999.000 -9999.000 -9999.000 -9999.000 -9999.000 -9999.000 -9999.000 -9999.000 -9999.000 -9999.000 -9999.000 -9999.000 -9999.000 -9999.000 -9999.000 -9999.000 -9999.000 -9999.000 -9999.000 -9999.000 -9999.000
-9999.000 -9999.000 -9999.000 -9999.000 -9999.000 -9999.000 -9999.000 -9999.000 -9999.000 -9999.000 -9999.000 -9999.000 -9999.000 -9999.000 -9999.000 -0.3347499E-01 -0.2688895E-01 -0.2956695E-01 -0.3623956E-01 -0.4604208E-01 -0.5798108E-01 -0.7107427E-01 -0.8447362E-01 -0.9761644E-01 -0.1104285 -0.1232243 -0.1409079 -0.1730710 -0.2429135 -0.4119976 -0.4119976 -9999.000 -9999.000 -9999.000 -9999.000 -9999.000 -9999.000 -9999.000 -9999.000 -9999.000 -9999.000 -9999.000 -9999.000 -9999.000 -9999.000 -9999.000 -9999.000 -9999.000 -9999.000 -9999.000 -9999.000 -9999.000 -9999.000 -9999.000 -9999.000 -9999.000 -9999.000 -9999.000 -9999.000
-0.2454352E-02 -0.2454352E-02 -0.5516686E-02 -0.5619738E-02 -0.5601754E-02 -0.5601754E-02 -0.5585373E-02 -0.5561337E-02 -0.5561337E-02 -0.5537439E-02 -0.5537439E-02 -0.5507034E-02 -0.5489742E-02 -0.5471481E-02 -0.5452584E-02 -0.5452584E-02 -0.2733820E-01 -0.3355273E-01 -0.4375887E-01 -0.5841525E-01 -0.7668877E-01 -0.9730037E-01 -0.1189204 -0.1403798 -0.1607791 -0.1790671 -0.1979968 -0.2231429 -0.2691156 -0.3891967 -0.3891967 -0.1968370 -0.9535495E-01 -0.2336910E-01 -0.1467674E-01 -0.1467674E-01 -0.7087812E-02 -0.7087812E-02 0.5225955E-02 0.5225955E-02 0.1236180E-01 -0.2087332E-01 -0.2087332E-01 -0.1383622E-01 -0.1383622E-01 0.5750384E-02 0.5750384E-02 0.5750384E-02 0.7535888E-02 0.7535888E-02 0.6526318E-02 0.6526318E-02 0.4564356E-02 0.4564356E-02 0.2456072E-02 0.2456072E-02 0.6190249E-03 0.6190249E-03 0.6190249E-03
-0.3759492E-02 -0.3759492E-02 -0.8183198E-02 -0.8001539E-02 -0.7902329E-02 -0.7902329E-02 -0.7849658E-02 -0.7817334E-02 -0.7817334E-02 -0.7806741E-02 -0.7806741E-02 -0.7785460E-02 -0.7770604E-02 -0.7754073E-02 -0.7736168E-02 -0.7736168E-02 -0.3674728E-01 -0.4763441E-01 -0.6328299E-01 -0.8504822E-01 -0.1124020 -0.1439969 -0.1781947 -0.2133059 -0.2476410 -0.2791666 -0.3073235 -0.3321819 -0.3558502 -0.3850918 -0.3850918 -0.2454803 -0.1502182 -0.6344758E-01 -0.4640184E-01 -0.4640184E-01 -0.1947136E-01 -0.1947136E-01 0.2288588E-01 0.2288588E-01 0.4618803E-01 0.1344159E-01 0.1344159E-01 -0.4006406E-02 -0.4006406E-02 0.1208685E-01 0.1208685E-01 0.1208685E-01 0.1369936E-01 0.1369936E-01 0.1102995E-01 0.1102995E-01 0.6885955E-02 0.6885955E-02 0.2811223E-02 0.2811223E-02 -0.3759940E-03 -0.3759940E-03 -0.3759940E-03
-0.3081653E-02 -0.3081653E-02 -0.6650729E-02 -0.6821135E-02 -0.6694010E-02 -0.6694010E-02 -0.6620077E-02 -0.6590747E-02 -0.6590747E-02 -0.6608604E-02 -0.6608604E-02 -0.6615547E-02 -0.6613025E-02 -0.6608405E-02 -0.6602525E-02 -0.6602525E-02 -0.3390143E-01 -0.4892694E-01 -0.6827201E-01 -0.9353197E-01 -0.1247781 -0.1612288 -0.2016741 -0.2446886 -0.2887466 -0.3325152 -0.3735258 -0.4099641 -0.4397013 -0.4581375 -0.4581375 -0.3639458 -0.2791935 -0.1648782 -0.1258153 -0.1258153 -0.4871513E-01 -0.4871513E-01 0.4919695E-01 0.4919695E-01 0.9674914E-01 0.1086675 0.1086675 0.5050918E-01 0.5050918E-01 0.2355422E-01 0.2355422E-01 0.2355422E-01 0.1736320E-01 0.1736320E-01 0.1063116E-01 0.1063116E-01 0.3833073E-02 0.3833073E-02 -0.1809257E-02 -0.1809257E-02 -0.5481076E-02 -0.5481076E-02 -0.5481076E-02
-0.2422045E-02 -0.2422045E-02 -0.5193200E-02 -0.5536045E-02 -0.5398153E-02 -0.5398153E-02 -0.5307981E-02 -0.5265389E-02 -0.5265389E-02 -0.5285274E-02 -0.5285274E-02 -0.5295690E-02 -0.5294750E-02 -0.5291345E-02 -0.5286642E-02 -0.5286642E-02 -0.3040781E-01 -0.4901148E-01 -0.7197634E-01 -0.1002670 -0.1341080 -0.1731139 -0.2165129 -0.2632908 -0.3122803 -0.3624095 -0.4114946 -0.4573122 -0.4967978 -0.5234425 -0.5234425 -0.4637660 -0.3966974 -0.2749193 -0.2160293 -0.2160293 -0.7872839E-01 -0.7872839E-01 0.7635380E-01 0.7635380E-01 0.1414010 0.1887210 0.1887210 0.1229876 0.1229876 0.4271404E-01 0.4271404E-01 0.4271404E-01 0.2079191E-01 0.2079191E-01 0.6802383E-02 0.6802383E-02 -0.3425325E-02 -0.3425325E-02 -0.1043550E-01 -0.1043550E-01 -0.1401979E-01 -0.1401979E-01 -0.1401979E-01
-0.1788605E-02 -0.1788605E-02 -0.3820276E-02 -0.4201335E-02 -0.4077027E-02 -0.4077027E-02 -0.3988954E-02 -0.3943269E-02 -0.3943269E-02 -0.3961503E-02 -0.3961503E-02 -0.3972223E-02 -0.3972039E-02 -0.3969520E-02 -0.3965669E-02 -0.3965669E-02 -0.2806401E-01 -0.5011559E-01 -0.7712110E-01 -0.1089988 -0.1457423 -0.1871139 -0.2326271 -0.2815942 -0.3331778 -0.3865719 -0.4401160 -0.4917310 -0.5383055 -0.5732369 -0.5732369 -0.5439267 -0.4951343 -0.3701290 -0.2894700 -0.2894700 -0.9008819E-01 -0.9008819E-01 0.1014741 0.1014741 0.1712186 0.2335829 0.2335829 0.1837483 0.1837483 0.6760731E-01 0.6760731E-01 0.6760731E-01 0.2691442E-01 0.2691442E-01 0.3130266E-02 0.3130266E-02 -0.1163023E-01 -0.1163023E-01 -0.2022262E-01 -0.2022262E-01 -0.2345592E-01 -0.2345592E-01 -0.2345592E-01
-0.1178253E-02 -0.1178253E-02 -0.2511170E-02 -0.2825478E-02 -0.2732867E-02 -0.2732867E-02 -0.2663676E-02 -0.2625885E-02 -0.2625885E-02 -0.2639855E-02 -0.2639855E-02 -0.2648375E-02 -0.2648537E-02 -0.2646807E-02 -0.2644232E-02 -0.2644232E-02 -0.2746915E-01 -0.5315432E-01 -0.8467954E-01 -0.1208445 -0.1611623 -0.2053407 -0.2530503 -0.3038505 -0.3571778 -0.4124540 -0.4684885 -0.5235326 -0.5747736 -0.6161633 -0.6161633 -0.6094849 -0.5751522 -0.4344060 -0.3247458 -0.3247458 -0.7611495E-01 -0.7611495E-01 0.1178963 0.1178963 0.1815576 0.2452937 0.2452937 0.2192472 0.2192472 0.9433815E-01 0.9433815E-01 0.9433815E-01 0.3660012E-01 0.3660012E-01 0.1607049E-02 0.1607049E-02 -0.1889141E-01 -0.1889141E-01 -0.2953142E-01 -0.2953142E-01 -0.3238415E-01 -0.3238415E-01 -0.3238415E-01
-0.5847617E-03 -0.5847617E-03 -0.1244958E-02 -0.1420300E-02 -0.1371154E-02 -0.1371154E-02 -0.1333403E-02 -0.1312027E-02 -0.1312027E-02 -0.1319449E-02 -0.1319449E-02 -0.1324280E-02 -0.1324377E-02 -0.1323534E-02 -0.1322337E-02 -0.1322337E-02 -0.2920243E-01 -0.5913141E-01 -0.9576799E-01 -0.1369300 -0.1815412 -0.2291057 -0.2793447 -0.3320060 -0.3867741 -0.4432960 -0.5007803 -0.5578576 -0.6121032 -0.6580215 -0.6580215 -0.6661063 -0.6374752 -0.4517355 -0.3102249 -0.3102249 -0.4827664E-01 -0.4827664E-01 0.1199485 0.1199485 0.1732926 0.2333812 0.2333812 0.2286954 0.2286954 0.1175760 0.1175760 0.1175760 0.4876612E-01 0.4876612E-01 0.3057111E-02 0.3057111E-02 -0.2393984E-01 -0.2393984E-01 -0.3715143E-01 -0.3715143E-01 -0.3978759E-01 -0.3978759E-01 -0.3978759E-01
-0.1332450E-06 -0.1332450E-06 -0.8469124E-07 -0.1108085E-07 0.4342928E-07 0.4342928E-07 -0.6161816E-07 0.3411049E-07 0.3411049E-07 -0.2306163E-07 -0.2306163E-07 0.7937182E-07 0.7240872E-07 0.7126891E-07 0.2777151E-07 0.2777151E-07 -0.3402223E-01 -0.6932627E-01 -0.1119021 -0.1588060 -0.2084010 -0.2599192 -0.3130547 -0.3676924 -0.4237452 -0.4811004 -0.5393327 -0.5974726 -0.6534714 -0.7018690 -0.7018690 -0.7157541 -0.6754907 -0.4114376 -0.2552231 -0.2552231 -0.2488517E-01 -0.2488517E-01 0.1079499 0.1079499 0.1518959 0.2077213 0.2077213 0.2181707 0.2181707 0.1324721 0.1324721 0.1324721 0.6083431E-01 0.6083431E-01 0.7177391E-02 0.7177391E-02 -0.2607280E-01 -0.2607280E-01 -0.4214150E-01 -0.4214150E-01 -0.4480967E-01 -0.4480967E-01 -0.4480967E-01
0.5846362E-03 0.5846362E-03 0.1244782E-02 0.1420242E-02 0.1371239E-02 0.1371239E-02 0.1333380E-02 0.1312119E-02 0.1312119E-02 0.1319346E-02 0.1319346E-02 0.1324334E-02 0.1324444E-02 0.1323627E-02 0.1322372E-02 0.1322372E-02 -0.4307982E-01 -0.8549322E-01 -0.1351743 -0.1886429 -0.2438448 -0.2997772 -0.3560877 -0.4127668 -0.4699354 -0.5277297 -0.5860724 -0.6443979 -0.7008892 -0.7485749 -0.7485749 -0.7531233 -0.6683414 -0.3273124 -0.1898301 -0.1898301 -0.1532198E-01 -0.1532198E-01 0.8729269E-01 0.8729269E-01 0.1241947 0.1757089 0.1757089 0.1949423 0.1949423 0.1363793 0.1363793 0.1363793 0.6972348E-01 0.6972348E-01 0.1272540E-01 0.1272540E-01 -0.2517712E-01 -0.2517712E-01 -0.4383054E-01 -0.4383054E-01 -0.4672733E-01 -0.4672733E-01 -0.4672733E-01
0.1178217E-02 0.1178217E-02 0.2511084E-02 0.2825383E-02 0.2732900E-02 0.2732900E-02 0.2663851E-02 0.2625972E-02 0.2625972E-02 0.2639638E-02 0.2639638E-02 0.2648497E-02 0.2648577E-02 0.2646866E-02 0.2644316E-02 0.2644316E-02 -0.5826437E-01 -0.1102216 -0.1685641 -0.2295018 -0.2908092 -0.3514019 -0.4109460 -0.4695496 -0.5275328 -0.5852784 -0.6430368 -0.7006028 -0.7558180 -0.7953623 -0.7953623 -0.7566764 -0.5856388 -0.2390088 -0.1404762 -0.1404762 -0.1658315E-01 -0.1658315E-01 0.6417642E-01 0.6417642E-01 0.9552167E-01 0.1418647 0.1418647 0.1647092 0.1647092 0.1292425 0.1292425 0.1292425 0.7295483E-01 0.7295483E-01 0.1795586E-01 0.1795586E-01 -0.2168219E-01 -0.2168219E-01 -0.4187981E-01 -0.4187981E-01 -0.4502319E-01 -0.4502319E-01 -0.4502319E-01
0.1788641E-02 0.1788641E-02 0.3820116E-02 0.4201205E-02 0.4077045E-02 0.4077045E-02 0.3988966E-02 0.3943400E-02 0.3943400E-02 0.3961627E-02 0.3961627E-02 0.3972257E-02 0.3972079E-02 0.3969572E-02 0.3965704E-02 0.3965704E-02 -0.8284102E-01 -0.1475932 -0.2165038 -0.2857999 -0.3534544 -0.4185790 -0.4810221 -0.5410823 -0.5992968 -0.6562911 -0.7126165 -0.7682554 -0.8185207 -0.8277211 -0.8277211 -0.6787572 -0.4317195 -0.1761558 -0.1118866 -0.1118866 -0.2114698E-01 -0.2114698E-01 0.4273109E-01 0.4273109E-01 0.6889500E-01 0.1086089 0.1086089 0.1312728 0.1312728 0.1128808 0.1128808 0.1128808 0.6939536E-01 0.6939536E-01 0.2122239E-01 0.2122239E-01 -0.1638879E-01 -0.1638879E-01 -0.3633075E-01 -0.3633075E-01 -0.3948938E-01 -0.3948938E-01 -0.3948938E-01
