cruce_test.gid/Rasters/Hydraulic/Velocity__y_150.0.asc
NCOLS        79
NROWS        79
XLLCENTER         -1.500000
YLLCENTER         -4.800000
CELLSIZE           0.100
NODATA_VALUE     -9999.0
[rows 0 to 26 of 79, columns 0 to 58 of 79]
-9999.000 -9999.000 -9999.000 -9999.000 -9999.000 -9999.000 -9999.000 -9999.000 -9999.000 -9999.000 -9999.000 -9999.000 -9999.000 -9999.000 -9999.000 -0.1142805 -0.1131402 -0.1131102 -0.1132580 -0.1135252 -0.1138500 -0.1142110 -0.1145805 -0.1149307 -0.1152459 -0.1155357 -0.1158739 -0.1164810 -0.1180390 -0.1191354 -0.1191354 -9999.000 -9999.000 -9999.000 -9999.000 -9999.000 -9999.000 -9999.000 -9999.000 -9999.000 -9999.000 -9999.000 -9999.000 -9999.000 -9999.000 -9999.000 -9999.000 -9999.000 -9999.000 -9999.000 -9999.000 -9999.000 -9999.000 -9999.000 -9999.000 -9999.000 -9999.000 -9999.000 -9999.000
-9999.000 -9999.000 -9999.000 -9999.000 -9999.000 -9999.000 -9999.000 -9999.000 -9999.000 -9999.000 -9999.000 -9999.000 -9999.000 -9999.000 -9999.000 -0.1119754 -0.1096633 -0.1096078 -0.1099521 -0.1105726 -0.1113357 -0.1121916 -0.1130786 -0.1139346 -0.1147234 -0.1154647 -0.1163131 -0.1177281 -0.1211283 -0.1238945 -0.1238945 -9999.000 -9999.000 -9999.000 -9999.000 -9999.000 -9999.000 -9999.000 -9999.000 -9999.000 -9999.000 -9999.000 -9999.000 -9999.000 -9999.000 -9999.000 -9999.000 -9999.000 -9999.000 -9999.000 -9999.000 -9999.000 -9999.000 -9999.000 -9999.000 -9999.000 -9999.000 -9999.000 -9999.000
-9999.000 -9999.000 -9999.000 -9999.000 -9999.000 -9999.000 -9999.000 -9999.000 -9999.000 -9999.000 -9999.000 -9999.000 -9999.000 -9999.000 -9999.000 -0.1081800 -0.1047258 -0.1046794 -0.1053281 -0.1064730 -0.1078922 -0.1094973 -0.1111808 -0.1128337 -0.1143903 -0.1158762 -0.1175345 -0.1200943 -0.1258157 -0.1310411 -0.1310411 -9999.000 -9999.000 -9999.000 -9999.000 -9999.000 -9999.000 -9999.000 -9999.000 -9999.000 -9999.000 -9999.000 -9999.000 -9999.000 -9999.000 -9999.000 -9999.000 -9999.000 -9999.000 -9999.000 -9999.000 -9999.000 -9999.000 -9999.000 -9999.000 -9999.000 -9999.000 -9999.000 -9999.000
-9999.000 -9999.000 -9999.000 -9999.000 -9999.000 -9999.000 -9999.000 -9999.000 -9999.000 -9999.000 -9999.000 -9999.000 -9999.000 -9999.000 -9999.000 -0.1036726 -0.9920728E-01 -0.9920736E-01 -0.1002191 -0.1019673 -0.1041395 -0.1066036 -0.1092028 -0.1117762 -0.1142232 -0.1165711 -0.1191515 -0.1229716 -0.1311860 -0.1394490 -0.1394490 -9999.000 -9999.000 -9999.000 -9999.000 -9999.000 -9999.000 -9999.000 -9999.000 -9999.000 -9999.000 -9999.000 -9999.000 -9999.000 -9999.000 -9999.000 -9999.000 -9999.000 -9999.000 -9999.000 -9999.000 -9999.000 -9999.000 -9999.000 -9999.000 -9999.000 -9999.000 -9999.000 -9999.000
-9999.000 -9999.000 -9999.000 -9999.000 -9999.000 -9999.000 -9999.000 -9999.000 -9999.000 -9999.000 -9999.000 -9999.000 -9999.000 -9999.000 -9999.000 -0.9865312E-01 -0.9327994E-01 -0.9334995E-01 -0.9476222E-01 -0.9716723E-01 -0.1001569 -0.1035528 -0.1071462 -0.1107201 -0.1141353 -0.1174205 -0.1209998 -0.1261736 -0.1370569 -0.1489896 -0.1489896 -9999.000 -9999.000 -9999.000 -9999.000 -9999.000 -9999.000 -9999.000 -9999.000 -9999.000 -9999.000 -9999.000 -9999.000 -9999.000 -9999.000 -9999.000 -9999.000 -9999.000 -9999.000 -9999.000 -9999.000 -9999.000 -9999.000 -9999.000 -9999.000 -9999.000 -9999.000 -9999.000 -9999.000
-9999.000 -9999.000 -9999.000 -9999.000 -9999.000 -9999.000 -9999.000 -9999.000 -9999.000 -9999.000 -9999.000 -9999.000 -9999.000 -9999.000 -9999.000 -0.9321066E-01 -0.8702512E-01 -0.8718216E-01 -0.8902150E-01 -0.9212194E-01 -0.9597718E-01 -0.1003577 -0.1050023 -0.1096341 -0.1140740 -0.1183512 -0.1229904 -0.1296027 -0.1433468 -0.1596839 -0.1596839 -9999.000 -9999.000 -9999.000 -9999.000 -9999.000 -9999.000 -9999.000 -9999.000 -9999.000 -9999.000 -9999.000 -9999.000 -9999.000 -9999.000 -9999.000 -9999.000 -9999.000 -9999.000 -9999.000 -9999.000 -9999.000 -9999.000 -9999.000 -9999.000 -9999.000 -9999.000 -9999.000 -9999.000
-9999.000 -9999.000 -9999.000 -9999.000 -9999.000 -9999.000 -9999.000 -9999.000 -9999.000 -9999.000 -9999.000 -9999.000 -9999.000 -9999.000 -9999.000 -0.8737163E-01 -0.8047339E-01 -0.8073279E-01 -0.8302029E-01 -0.8684792E-01 -0.9160776E-01 -0.9701618E-01 -0.1027583 -0.1084945 -0.1140037 -0.1193170 -0.1250693 -0.1332054 -0.1500280 -0.1716567 -0.1716567 -9999.000 -9999.000 -9999.000 -9999.000 -9999.000 -9999.000 -9999.000 -9999.000 -9999.000 -9999.000 -9999.000 -9999.000 -9999.000 -9999.000 -9999.000 -9999.000 -9999.000 -9999.000 -9999.000 -9999.000 -9999.000 -9999.000 -9999.000 -9999.000 -9999.000 -9999.000 -9999.000 -9999.000
-9999.000 -9999.000 -9999.000 -9999.000 -9999.000 -9999.000 -9999.000 -9999.000 -9999.000 -9999.000 -9999.000 -9999.000 -9999.000 -9999.000 -9999.000 -0.8112741E-01 -0.7362658E-01 -0.7400388E-01 -0.7675847E-01 -0.8134203E-01 -0.8704229E-01 -0.9351683E-01 -0.1003974 -0.1072785 -0.1138952 -0.1202828 -0.1271985 -0.1369482 -0.1571011 -0.1851210 -0.1851210 -9999.000 -9999.000 -9999.000 -9999.000 -9999.000 -9999.000 -9999.000 -9999.000 -9999.000 -9999.000 -9999.000 -9999.000 -9999.000 -9999.000 -9999.000 -9999.000 -9999.000 -9999.000 -9999.000 -9999.000 -9999.000 -9999.000 -9999.000 -9999.000 -9999.000 -9999.000 -9999.000 -9999.000
-9999.000 -9999.000 -9999.000 -9999.000 -9999.000 -9999.000 -9999.000 -9999.000 -9999.000 -9999.000 -9999.000 -9999.000 -9999.000 -9999.000 -9999.000 -0.7444910E-01 -0.6646892E-01 -0.6698109E-01 -0.7022107E-01 -0.7558854E-01 -0.8226354E-01 -0.8984011E-01 -0.9789771E-01 -0.1059602 -0.1137183 -0.1212142 -0.1293429 -0.1408036 -0.1645807 -0.2003827 -0.2003827 -9999.000 -9999.000 -9999.000 -9999.000 -9999.000 -9999.000 -9999.000 -9999.000 -9999.000 -9999.000 -9999.000 -9999.000 -9999.000 -9999.000 -9999.000 -9999.000 -9999.000 -9999.000 -9999.000 -9999.000 -9999.000 -9999.000 -9999.000 -9999.000 -9999.000 -9999.000 -9999.000 -9999.000
-9999.000 -9999.000 -9999.000 -9999.000 -9999.000 -9999.000 -9999.000 -9999.000 -9999.000 -9999.000 -9999.000 -9999.000 -9999.000 -9999.000 -9999.000 -0.6729262E-01 -0.5897199E-01 -0.5963793E-01 -0.6338190E-01 -0.6956120E-01 -0.7724469E-01 -0.8595792E-01 -0.9522894E-01 -0.1045066 -0.1134361 -0.1220703 -0.1314605 -0.1447395 -0.1724874 -0.2178643 -0.2178643 -9999.000 -9999.000 -9999.000 -9999.000 -9999.000 -9999.000 -9999.000 -9999.000 -9999.000 -9999.000 -9999.000 -9999.000 -9999.000 -9999.000 -9999.000 -9999.000 -9999.000 -9999.000 -9999.000 -9999.000 -9999.000 -9999.000 -9999.000 -9999.000 -9999.000 -9999.000 -9999.000 -9999.000
-9999.000 -9999.000 -9999.000 -9999.000 -9999.000 -9999.000 -9999.000 -9999.000 -9999.000 -9999.000 -9999.000 -9999.000 -9999.000 -9999.000 -9999.000 -0.5960177E-01 -0.5109568E-01 -0.5193654E-01 -0.5620341E-01 -0.6322257E-01 -0.7194868E-01 -0.8183161E-01 -0.9235062E-01 -0.1028735 -0.1129991 -0.1227963 -0.1334948 -0.1487101 -0.1808396 -0.2381500 -0.2381500 -9999.000 -9999.000 -9999.000 -9999.000 -9999.000 -9999.000 -9999.000 -9999.000 -9999.000 -9999.000 -9999.000 -9999.000 -9999.000 -9999.000 -9999.000 -9999.000 -9999.000 -9999.000 -9999.000 -9999.000 -9999.000 -9999.000 -9999.000 -9999.000 -9999.000 -9999.000 -9999.000 -9999.000
-9999.000 -9999.000 -9999.000 -9999.000 -9999.000 -9999.000 -9999.000 -9999.000 -9999.000 -9999.000 -9999.000 -9999.000 -9999.000 -9999.000 -9999.000 -0.5130556E-01 -0.4278637E-01 -0.4382494E-01 -0.4863446E-01 -0.5652190E-01 -0.6632418E-01 -0.7740765E-01 -0.8920613E-01 -0.1009989 -0.1123378 -0.1233138 -0.1353631 -0.1526444 -0.1896441 -0.2620610 -0.2620610 -9999.000 -9999.000 -9999.000 -9999.000 -9999.000 -9999.000 -9999.000 -9999.000 -9999.000 -9999.000 -9999.000 -9999.000 -9999.000 -9999.000 -9999.000 -9999.000 -9999.000 -9999.000 -9999.000 -9999.000 -9999.000 -9999.000 -9999.000 -9999.000 -9999.000 -9999.000 -9999.000 -9999.000
-9999.000 -9999.000 -9999.000 -9999.000 -9999.000 -9999.000 -9999.000 -9999.000 -9999.000 -9999.000 -9999.000 -9999.000 -9999.000 -9999.000 -9999.000 -0.4231102E-01 -0.3397020E-01 -0.3523172E-01 -0.4060439E-01 -0.4938862E-01 -0.6029979E-01 -0.7261097E-01 -0.8571517E-01 -0.9879376E-01 -0.1113513 -0.1235080 -0.1369411 -0.1564278 -0.1988815 -0.2907896 -0.2907896 -9999.000 -9999.000 -9999.000 -9999.000 -9999.000 -9999.000 -9999.000 -9999.000 -9999.000 -9999.000 -9999.000 -9999.000 -9999.000 -9999.000 -9999.000 -9999.000 -9999.000 -9999.000 -9999.000 -9999.000 -9999.000 -9999.000 -9999.000 -9999.000 -9999.000 -9999.000 -9999.000 -9999.000
-9999.000 -9999.000 -9999.000 -9999.000 -9999.000 -9999.000 -9999.000 -9999.000 -9999.000 -9999.000 -9999.000 -9999.000 -9999.000 -9999.000 -9999.000 -0.3245090E-01 -0.2451784E-01 -0.2603917E-01 -0.3200514E-01 -0.4172198E-01 -0.5377768E-01 -0.6734046E-01 -0.8176874E-01 -0.9613484E-01 -0.1098953 -0.1232101 -0.1380393 -0.1598744 -0.2084817 -0.3261498 -0.3261498 -9999.000 -9999.000 -9999.000 -9999.000 -9999.000 -9999.000 -9999.000 -9999.000 -9999.000 -9999.000 -9999.000 -9999.000 -9999.000 -9999.000 -9999.000 -9999.000 -9999.000 -9999.000 -9999.000 -9999.000 -9999.000 -9999.000 -9999.000 -9999.000 -9999.000 -9999.000 -9999.000 -9999.000
-9999.000 -9999.000 -9999.000 -9999.000 -9999.000 -9999.000 -9999.000 -9999.000 -9999.000 -9999.000 -9999.000 -9999.000 -9999.000 -9999.000 -9999.000 -0.1463861E-01 -0.1164337E-01 -0.1511227E-01 -0.2288075E-01 -0.3434828E-01 -0.4803983E-01 -0.6307835E-01 -0.7886603E-01 -0.9441449E-01 -0.1091896 -0.1234420 -0.1394752 -0.1635759 -0.2187285 -0.3689772 -0.3689772 -9999.000 -9999.000 -9999.000 -9999.000 -9999.000 -9999.000 -9999.000 -9999.000 -9999.000 -9999.000 -9999.000 -9999.000 -9999.000 -9999.000 -9999.000 -9999.000 -9999.000 -9999.000 -9999.000 -9999.000 -9999.000 -9999.000 -9999.000 -9999.000 -9999.000 -9999.000 -9999.000 -9999.000
-0.2765416E-02 -0.2765416E-02 -0.5791913E-02 -0.5928768E-02 -0.5922806E-02 -0.5922806E-02 -0.5912401E-02 -0.5890614E-02 -0.5890614E-02 -0.5864080E-02 -0.5864080E-02 -0.5831001E-02 -0.5812677E-02 -0.5793556E-02 -0.5774095E-02 -0.5774095E-02 -0.7125332E-02 -0.1261918E-01 -0.2339662E-01 -0.3942389E-01 -0.5968462E-01 -0.8288796E-01 -0.1077524 -0.1329484 -0.1573342 -0.1802019 -0.2018952 -0.2243868 -0.2607584 -0.3562923 -0.3562923 -0.1869901 -0.9458835E-01 -0.2808142E-01 -0.1989357E-01 -0.1989357E-01 -0.1306278E-01 -0.1306278E-01 -0.4020113E-03 -0.4020113E-03 0.9267103E-02 0.2057953E-01 0.2057953E-01 -0.1677464E-01 -0.1677464E-01 -0.1241259E-04 -0.1241259E-04 -0.1241259E-04 0.3971940E-02 0.3971940E-02 0.4025014E-02 0.4025014E-02 0.2570576E-02 0.2570576E-02 0.8243080E-03 0.8243080E-03 -0.6085431E-03 -0.6085431E-03 -0.6085431E-03
-0.4242583E-02 -0.4242583E-02 -0.8595929E-02 -0.8426458E-02 -0.8347472E-02 -0.8347472E-02 -0.8307111E-02 -0.8281227E-02 -0.8281227E-02 -0.8266705E-02 -0.8266705E-02 -0.8241914E-02 -0.8226110E-02 -0.8208964E-02 -0.8191041E-02 -0.8191041E-02 -0.1156171E-01 -0.1955655E-01 -0.3461992E-01 -0.5699125E-01 -0.8595116E-01 -0.1201483 -0.1579082 -0.1975559 -0.2374101 -0.2758336 -0.3112354 -0.3415997 -0.3676181 -0.3918181 -0.3918181 -0.2567570 -0.1638686 -0.7848579E-01 -0.6184301E-01 -0.6184301E-01 -0.3708225E-01 -0.3708225E-01 0.6055593E-02 0.6055593E-02 0.3523216E-01 0.7537197E-01 0.7537197E-01 0.1510187E-01 0.1510187E-01 0.8180317E-02 0.8180317E-02 0.8180317E-02 0.8737767E-02 0.8737767E-02 0.6345267E-02 0.6345267E-02 0.2565877E-02 0.2565877E-02 -0.1109977E-02 -0.1109977E-02 -0.3883245E-02 -0.3883245E-02 -0.3883245E-02
-0.3489067E-02 -0.3489067E-02 -0.7030113E-02 -0.7159004E-02 -0.7055524E-02 -0.7055524E-02 -0.7000396E-02 -0.6984845E-02 -0.6984845E-02 -0.6999376E-02 -0.6999376E-02 -0.7002692E-02 -0.6999970E-02 -0.6995576E-02 -0.6990290E-02 -0.6990290E-02 -0.1250728E-01 -0.2250947E-01 -0.3967821E-01 -0.6431311E-01 -0.9598073E-01 -0.1337617 -0.1764236 -0.2226206 -0.2708964 -0.3196824 -0.3672404 -0.4118760 -0.4497248 -0.4748611 -0.4748611 -0.3844175 -0.3019987 -0.1908683 -0.1541409 -0.1541409 -0.8318269E-01 -0.8318269E-01 0.1736236E-01 0.1736236E-01 0.7481855E-01 0.1560974 0.1560974 0.1068100 0.1068100 0.3364107E-01 0.3364107E-01 0.3364107E-01 0.1635742E-01 0.1635742E-01 0.5757081E-02 0.5757081E-02 -0.2322979E-02 -0.2322979E-02 -0.8356323E-02 -0.8356323E-02 -0.1215076E-01 -0.1215076E-01 -0.1215076E-01
-0.2750417E-02 -0.2750417E-02 -0.5519246E-02 -0.5793539E-02 -0.5677422E-02 -0.5677422E-02 -0.5608317E-02 -0.5582770E-02 -0.5582770E-02 -0.5599280E-02 -0.5599280E-02 -0.5605547E-02 -0.5604063E-02 -0.5601003E-02 -0.5597007E-02 -0.5597007E-02 -0.1376173E-01 -0.2630185E-01 -0.4595708E-01 -0.7275634E-01 -0.1062915 -0.1458707 -0.1905954 -0.2394670 -0.2913919 -0.3451488 -0.3992912 -0.4522623 -0.5001904 -0.5360026 -0.5360026 -0.4860933 -0.4238706 -0.3099639 -0.2564978 -0.2564978 -0.1285276 -0.1285276 0.3637076E-01 0.3637076E-01 0.1155855 0.2191361 0.2191361 0.1930783 0.1930783 0.7050034E-01 0.7050034E-01 0.7050034E-01 0.2803190E-01 0.2803190E-01 0.4454119E-02 0.4454119E-02 -0.9964204E-02 -0.9964204E-02 -0.1891884E-01 -0.1891884E-01 -0.2344991E-01 -0.2344991E-01 -0.2344991E-01
-0.2036079E-02 -0.2036079E-02 -0.4077833E-02 -0.4386862E-02 -0.4279839E-02 -0.4279839E-02 -0.4211392E-02 -0.4182759E-02 -0.4182759E-02 -0.4197952E-02 -0.4197952E-02 -0.4204717E-02 -0.4203917E-02 -0.4201680E-02 -0.4198565E-02 -0.4198565E-02 -0.1587379E-01 -0.3173314E-01 -0.5472408E-01 -0.8443671E-01 -0.1203328 -0.1617979 -0.2081319 -0.2585762 -0.3123082 -0.3684088 -0.4257685 -0.4831166 -0.5372640 -0.5816202 -0.5816202 -0.5643914 -0.5236890 -0.4145547 -0.3430509 -0.3430509 -0.1497847 -0.1497847 0.6386082E-01 0.6386082E-01 0.1497712 0.2533628 0.2533628 0.2478257 0.2478257 0.1100439 0.1100439 0.1100439 0.4416647E-01 0.4416647E-01 0.5388245E-02 0.5388245E-02 -0.1715988E-01 -0.1715988E-01 -0.2979302E-01 -0.2979302E-01 -0.3510997E-01 -0.3510997E-01 -0.3510997E-01
-0.1343645E-02 -0.1343645E-02 -0.2689036E-02 -0.2945608E-02 -0.2864688E-02 -0.2864688E-02 -0.2810321E-02 -0.2786132E-02 -0.2786132E-02 -0.2797796E-02 -0.2797796E-02 -0.2803383E-02 -0.2803094E-02 -0.2801627E-02 -0.2799469E-02 -0.2799469E-02 -0.1925184E-01 -0.3936477E-01 -0.6666487E-01 -0.1002070 -0.1392244 -0.1830891 -0.2312274 -0.2830731 -0.3380284 -0.3954201 -0.4544189 -0.5140219 -0.5717685 -0.6220517 -0.6220517 -0.6282203 -0.6054478 -0.4916479 -0.3925081 -0.3925081 -0.1351206 -0.1351206 0.9059037E-01 0.9059037E-01 0.1684582 0.2592683 0.2592683 0.2685641 0.2685641 0.1444509 0.1444509 0.1444509 0.6327815E-01 0.6327815E-01 0.9811492E-02 0.9811492E-02 -0.2206032E-01 -0.2206032E-01 -0.3922703E-01 -0.3922703E-01 -0.4562521E-01 -0.4562521E-01 -0.4562521E-01
-0.6676032E-03 -0.6676032E-03 -0.1335632E-02 -0.1479354E-02 -0.1436054E-02 -0.1436054E-02 -0.1406054E-02 -0.1392171E-02 -0.1392171E-02 -0.1398637E-02 -0.1398637E-02 -0.1401829E-02 -0.1401763E-02 -0.1401093E-02 -0.1399931E-02 -0.1399931E-02 -0.2446877E-01 -0.4999339E-01 -0.8272129E-01 -0.1211160 -0.1641184 -0.2110252 -0.2613404 -0.3146666 -0.3706242 -0.4287833 -0.4885792 -0.5492635 -0.6089856 -0.6630694 -0.6630694 -0.6846210 -0.6726028 -0.5254501 -0.3868588 -0.3868588 -0.9447653E-01 -0.9447653E-01 0.1045470 0.1045470 0.1676345 0.2437214 0.2437214 0.2631493 0.2631493 0.1677590 0.1677590 0.1677590 0.8224788E-01 0.8224788E-01 0.1749984E-01 0.1749984E-01 -0.2370841E-01 -0.2370841E-01 -0.4603333E-01 -0.4603333E-01 -0.5389757E-01 -0.5389757E-01 -0.5389757E-01
-0.3056132E-07 -0.3056132E-07 0.2987029E-07 -0.1086077E-06 0.5307992E-07 0.5307992E-07 0.6977254E-07 0.4742610E-07 0.4742610E-07 -0.7628915E-07 -0.7628915E-07 0.6453018E-07 0.5790529E-07 -0.1263761E-06 -0.1005554E-06 -0.1005554E-06 -0.3237392E-01 -0.6479158E-01 -0.1042639 -0.1486375 -0.1965408 -0.2471702 -0.3000818 -0.3550335 -0.4118641 -0.4703990 -0.5303532 -0.5912521 -0.6517294 -0.7076327 -0.7076327 -0.7368006 -0.7223100 -0.4963259 -0.3244773 -0.3244773 -0.5250986E-01 -0.5250986E-01 0.1012241 0.1012241 0.1505485 0.2152128 0.2152128 0.2410592 0.2410592 0.1770650 0.1770650 0.1770650 0.9727971E-01 0.9727971E-01 0.2694533E-01 0.2694533E-01 -0.2197225E-01 -0.2197225E-01 -0.4942428E-01 -0.4942428E-01 -0.5902086E-01 -0.5902086E-01 -0.5902086E-01
0.6676180E-03 0.6676180E-03 0.1335668E-02 0.1479265E-02 0.1435982E-02 0.1435982E-02 0.1406116E-02 0.1392264E-02 0.1392264E-02 0.1398642E-02 0.1398642E-02 0.1401913E-02 0.1401757E-02 0.1400900E-02 0.1399776E-02 0.1399776E-02 -0.4427793E-01 -0.8552118E-01 -0.1333069 -0.1848791 -0.2385927 -0.2935750 -0.3494500 -0.4061355 -0.4636937 -0.5222142 -0.5817066 -0.6419895 -0.7020081 -0.7570602 -0.7570602 -0.7825207 -0.7381577 -0.4015834 -0.2343542 -0.2343542 -0.2753898E-01 -0.2753898E-01 0.8497643E-01 0.8497643E-01 0.1243891 0.1807880 0.1807880 0.2097340 0.2097340 0.1725974 0.1725974 0.1725974 0.1051847 0.1051847 0.3584221E-01 0.3584221E-01 -0.1747498E-01 -0.1747498E-01 -0.4901406E-01 -0.4901406E-01 -0.6026819E-01 -0.6026819E-01 -0.6026819E-01
0.1343696E-02 0.1343696E-02 0.2689082E-02 0.2945752E-02 0.2864794E-02 0.2864794E-02 0.2810423E-02 0.2786099E-02 0.2786099E-02 0.2797854E-02 0.2797854E-02 0.2803459E-02 0.2803055E-02 0.2801615E-02 0.2799408E-02 0.2799408E-02 -0.6229361E-01 -0.1149090 -0.1728642 -0.2328990 -0.2932280 -0.3530197 -0.4120398 -0.4704072 -0.5284247 -0.5864526 -0.6447995 -0.7035637 -0.7615519 -0.8102460 -0.8102460 -0.8069494 -0.6828349 -0.2793992 -0.1575281 -0.1575281 -0.2048205E-01 -0.2048205E-01 0.6327081E-01 0.6327081E-01 0.9572706E-01 0.1449751 0.1449751 0.1740363 0.1740363 0.1566851 0.1566851 0.1566851 0.1043378 0.1043378 0.4184533E-01 0.4184533E-01 -0.1138422E-01 -0.1138422E-01 -0.4484216E-01 -0.4484216E-01 -0.5717062E-01 -0.5717062E-01 -0.5717062E-01
0.2036127E-02 0.2036127E-02 0.4077899E-02 0.4387000E-02 0.4279872E-02 0.4279872E-02 0.4211358E-02 0.4182724E-02 0.4182724E-02 0.4198094E-02 0.4198094E-02 0.4204746E-02 0.4203953E-02 0.4201665E-02 0.4198550E-02 0.4198550E-02 -0.9000538E-01 -0.1573358 -0.2275685 -0.2972333 -0.3646937 -0.4293824 -0.4913545 -0.5510159 -0.6089500 -0.6657984 -0.7221639 -0.7783134 -0.8313284 -0.8576474 -0.8576474 -0.7652370 -0.5246480 -0.1829955 -0.1111862 -0.1111862 -0.2205186E-01 -0.2205186E-01 0.4186289E-01 0.4186289E-01 0.6856615E-01 0.1101444 0.1101444 0.1368486 0.1368486 0.1324152 0.1324152 0.1324152 0.9483284E-01 0.9483284E-01 0.4327716E-01 0.4327716E-01 -0.5067793E-02 -0.5067793E-02 -0.3735835E-01 -0.3735835E-01 -0.4963280E-01 -0.4963280E-01 -0.4963280E-01
0.2750414E-02 0.2750414E-02 0.5519455E-02 0.5793655E-02 0.5677326E-02 0.5677326E-02 0.5608249E-02 0.5582714E-02 0.5582714E-02 0.5599407E-02 0.5599407E-02 0.5605605E-02 0.5604133E-02 0.5601149E-02 0.5597117E-02 0.5597117E-02 -0.1338790 -0.2201799 -0.3048200 -0.3848383 -0.4592981 -0.5282699 -0.5923305 -0.6523045 -0.7091184 -0.7637123 -0.8169697 -0.8688432 -0.9080230 -0.8583892 -0.8583892 -0.5912898 -0.3156382 -0.1268802 -0.8675256E-01 -0.8675256E-01 -0.2422045E-01 -0.2422045E-01 0.2365248E-01 0.2365248E-01 0.4479358E-01 0.7752138E-01 0.7752138E-01 0.1000157 0.1000157 0.1028805 0.1028805 0.1028805 0.7815067E-01 0.7815067E-01 0.3960500E-01 0.3960500E-01 0.3367408E-03 0.3367408E-03 -0.2731517E-01 -0.2731517E-01 -0.3801968E-01 -0.3801968E-01 -0.3801968E-01
