cruce_test.gid/Rasters/Hydraulic/Velocity____248.0.asc
NCOLS        79
NROWS        79
XLLCENTER         -1.500000
YLLCENTER         -4.800000
CELLSIZE           0.100
NODATA_VALUE     -9999.0
[rows 0 to 26 of 79, columns 0 to 59 of 79]
-9999.000 -9999.000 -9999.000 -9999.000 -9999.000 -9999.000 -9999.000 -9999.000 -9999.000 -9999.000 -9999.000 -9999.000 -9999.000 -9999.000 -9999.000 0.9111892E-01 0.8811319E-01 0.8697717E-01 0.8691201E-01 0.8789790E-01 0.8921286E-01 0.9047151E-01 0.9153072E-01 0.9227693E-01 0.9275182E-01 0.9300851E-01 0.9312411E-01 0.9330120E-01 0.9413274E-01 0.9513079E-01 0.9513079E-01 -9999.000 -9999.000 -9999.000 -9999.000 -9999.000 -9999.000 -9999.000 -9999.000 -9999.000 -9999.000 -9999.000 -9999.000 -9999.000 -9999.000 -9999.000 -9999.000 -9999.000 -9999.000 -9999.000 -9999.000 -9999.000 -9999.000 -9999.000 -9999.000 -9999.000 -9999.000 -9999.000 -9999.000 -9999.000
-9999.000 -9999.000 -9999.000 -9999.000 -9999.000 -9999.000 -9999.000 -9999.000 -9999.000 -9999.000 -9999.000 -9999.000 -9999.000 -9999.000 -9999.000 0.9149907E-01 0.8524053E-01 0.8294263E-01 0.8285180E-01 0.8485796E-01 0.8751144E-01 0.9008490E-01 0.9232088E-01 0.9398544E-01 0.9514369E-01 0.9588555E-01 0.9635998E-01 0.9700514E-01 0.9912676E-01 0.1018806 0.1018806 -9999.000 -9999.000 -9999.000 -9999.000 -9999.000 -9999.000 -9999.000 -9999.000 -9999.000 -9999.000 -9999.000 -9999.000 -9999.000 -9999.000 -9999.000 -9999.000 -9999.000 -9999.000 -9999.000 -9999.000 -9999.000 -9999.000 -9999.000 -9999.000 -9999.000 -9999.000 -9999.000 -9999.000 -9999.000
-9999.000 -9999.000 -9999.000 -9999.000 -9999.000 -9999.000 -9999.000 -9999.000 -9999.000 -9999.000 -9999.000 -9999.000 -9999.000 -9999.000 -9999.000 0.9086432E-01 0.8106881E-01 0.7738303E-01 0.7720590E-01 0.8033299E-01 0.8449146E-01 0.8859046E-01 0.9227066E-01 0.9517811E-01 0.9740731E-01 0.9907469E-01 0.1003811 0.1019915 0.1059671 0.1113104 0.1113104 -9999.000 -9999.000 -9999.000 -9999.000 -9999.000 -9999.000 -9999.000 -9999.000 -9999.000 -9999.000 -9999.000 -9999.000 -9999.000 -9999.000 -9999.000 -9999.000 -9999.000 -9999.000 -9999.000 -9999.000 -9999.000 -9999.000 -9999.000 -9999.000 -9999.000 -9999.000 -9999.000 -9999.000 -9999.000
-9999.000 -9999.000 -9999.000 -9999.000 -9999.000 -9999.000 -9999.000 -9999.000 -9999.000 -9999.000 -9999.000 -9999.000 -9999.000 -9999.000 -9999.000 0.8969922E-01 0.7638521E-01 0.7129848E-01 0.7105128E-01 0.7532204E-01 0.8099812E-01 0.8664457E-01 0.9182232E-01 0.9606265E-01 0.9949163E-01 0.1022414 0.1045510 0.1073028 0.1133343 0.1217963 0.1217963 -9999.000 -9999.000 -9999.000 -9999.000 -9999.000 -9999.000 -9999.000 -9999.000 -9999.000 -9999.000 -9999.000 -9999.000 -9999.000 -9999.000 -9999.000 -9999.000 -9999.000 -9999.000 -9999.000 -9999.000 -9999.000 -9999.000 -9999.000 -9999.000 -9999.000 -9999.000 -9999.000 -9999.000 -9999.000
-9999.000 -9999.000 -9999.000 -9999.000 -9999.000 -9999.000 -9999.000 -9999.000 -9999.000 -9999.000 -9999.000 -9999.000 -9999.000 -9999.000 -9999.000 0.8822724E-01 0.7137395E-01 0.6488328E-01 0.6460773E-01 0.7006512E-01 0.7727445E-01 0.8448125E-01 0.9118659E-01 0.9680906E-01 0.1015091 0.1054275 0.1088341 0.1128327 0.1210755 0.1331964 0.1331964 -9999.000 -9999.000 -9999.000 -9999.000 -9999.000 -9999.000 -9999.000 -9999.000 -9999.000 -9999.000 -9999.000 -9999.000 -9999.000 -9999.000 -9999.000 -9999.000 -9999.000 -9999.000 -9999.000 -9999.000 -9999.000 -9999.000 -9999.000 -9999.000 -9999.000 -9999.000 -9999.000 -9999.000 -9999.000
-9999.000 -9999.000 -9999.000 -9999.000 -9999.000 -9999.000 -9999.000 -9999.000 -9999.000 -9999.000 -9999.000 -9999.000 -9999.000 -9999.000 -9999.000 0.8651801E-01 0.6610301E-01 0.5822852E-01 0.5800529E-01 0.6470906E-01 0.7346439E-01 0.8223305E-01 0.9048004E-01 0.9751099E-01 0.1035240 0.1086630 0.1132239 0.1185420 0.1291383 0.1455304 0.1455304 -9999.000 -9999.000 -9999.000 -9999.000 -9999.000 -9999.000 -9999.000 -9999.000 -9999.000 -9999.000 -9999.000 -9999.000 -9999.000 -9999.000 -9999.000 -9999.000 -9999.000 -9999.000 -9999.000 -9999.000 -9999.000 -9999.000 -9999.000 -9999.000 -9999.000 -9999.000 -9999.000 -9999.000 -9999.000
-9999.000 -9999.000 -9999.000 -9999.000 -9999.000 -9999.000 -9999.000 -9999.000 -9999.000 -9999.000 -9999.000 -9999.000 -9999.000 -9999.000 -9999.000 0.8457281E-01 0.6058720E-01 0.5138301E-01 0.5134443E-01 0.5936242E-01 0.6966058E-01 0.7997711E-01 0.8976705E-01 0.9821770E-01 0.1055706 0.1119647 0.1177190 0.1244157 0.1375136 0.1589119 0.1589119 -9999.000 -9999.000 -9999.000 -9999.000 -9999.000 -9999.000 -9999.000 -9999.000 -9999.000 -9999.000 -9999.000 -9999.000 -9999.000 -9999.000 -9999.000 -9999.000 -9999.000 -9999.000 -9999.000 -9999.000 -9999.000 -9999.000 -9999.000 -9999.000 -9999.000 -9999.000 -9999.000 -9999.000 -9999.000
-9999.000 -9999.000 -9999.000 -9999.000 -9999.000 -9999.000 -9999.000 -9999.000 -9999.000 -9999.000 -9999.000 -9999.000 -9999.000 -9999.000 -9999.000 0.8236051E-01 0.5481790E-01 0.4439080E-01 0.4474700E-01 0.5413722E-01 0.6594075E-01 0.7776783E-01 0.8908737E-01 0.9895793E-01 0.1076674 0.1153412 0.1223189 0.1304491 0.1462120 0.1735225 0.1735225 -9999.000 -9999.000 -9999.000 -9999.000 -9999.000 -9999.000 -9999.000 -9999.000 -9999.000 -9999.000 -9999.000 -9999.000 -9999.000 -9999.000 -9999.000 -9999.000 -9999.000 -9999.000 -9999.000 -9999.000 -9999.000 -9999.000 -9999.000 -9999.000 -9999.000 -9999.000 -9999.000 -9999.000 -9999.000
-9999.000 -9999.000 -9999.000 -9999.000 -9999.000 -9999.000 -9999.000 -9999.000 -9999.000 -9999.000 -9999.000 -9999.000 -9999.000 -9999.000 -9999.000 0.7982972E-01 0.4877640E-01 0.3732745E-01 0.3841403E-01 0.4918166E-01 0.6238886E-01 0.7565427E-01 0.8847296E-01 0.9975216E-01 0.1098277 0.1187989 0.1270234 0.1366414 0.1552552 0.1896133 0.1896133 -9999.000 -9999.000 -9999.000 -9999.000 -9999.000 -9999.000 -9999.000 -9999.000 -9999.000 -9999.000 -9999.000 -9999.000 -9999.000 -9999.000 -9999.000 -9999.000 -9999.000 -9999.000 -9999.000 -9999.000 -9999.000 -9999.000 -9999.000 -9999.000 -9999.000 -9999.000 -9999.000 -9999.000 -9999.000
-9999.000 -9999.000 -9999.000 -9999.000 -9999.000 -9999.000 -9999.000 -9999.000 -9999.000 -9999.000 -9999.000 -9999.000 -9999.000 -9999.000 -9999.000 0.7691575E-01 0.4244242E-01 0.3036301E-01 0.3271751E-01 0.4471344E-01 0.5911161E-01 0.7369370E-01 0.8795787E-01 0.1006216 0.1120642 0.1223434 0.1318331 0.1429936 0.1646706 0.2075197 0.2075197 -9999.000 -9999.000 -9999.000 -9999.000 -9999.000 -9999.000 -9999.000 -9999.000 -9999.000 -9999.000 -9999.000 -9999.000 -9999.000 -9999.000 -9999.000 -9999.000 -9999.000 -9999.000 -9999.000 -9999.000 -9999.000 -9999.000 -9999.000 -9999.000 -9999.000 -9999.000 -9999.000 -9999.000 -9999.000
-9999.000 -9999.000 -9999.000 -9999.000 -9999.000 -9999.000 -9999.000 -9999.000 -9999.000 -9999.000 -9999.000 -9999.000 -9999.000 -9999.000 -9999.000 0.7353941E-01 0.3580590E-01 0.2392325E-01 0.2834399E-01 0.4105578E-01 0.5625245E-01 0.7195953E-01 0.8758637E-01 0.1015937 0.1143945 0.1259845 0.1367508 0.1495086 0.1744905 0.2276907 0.2276907 -9999.000 -9999.000 -9999.000 -9999.000 -9999.000 -9999.000 -9999.000 -9999.000 -9999.000 -9999.000 -9999.000 -9999.000 -9999.000 -9999.000 -9999.000 -9999.000 -9999.000 -9999.000 -9999.000 -9999.000 -9999.000 -9999.000 -9999.000 -9999.000 -9999.000 -9999.000 -9999.000 -9999.000 -9999.000
-9999.000 -9999.000 -9999.000 -9999.000 -9999.000 -9999.000 -9999.000 -9999.000 -9999.000 -9999.000 -9999.000 -9999.000 -9999.000 -9999.000 -9999.000 0.6960583E-01 0.2889392E-01 0.1909280E-01 0.2636577E-01 0.3865801E-01 0.5400767E-01 0.7055509E-01 0.8742176E-01 0.1027100 0.1168470 0.1297398 0.1417842 0.1561927 0.1847543 0.2507401 0.2507401 -9999.000 -9999.000 -9999.000 -9999.000 -9999.000 -9999.000 -9999.000 -9999.000 -9999.000 -9999.000 -9999.000 -9999.000 -9999.000 -9999.000 -9999.000 -9999.000 -9999.000 -9999.000 -9999.000 -9999.000 -9999.000 -9999.000 -9999.000 -9999.000 -9999.000 -9999.000 -9999.000 -9999.000 -9999.000
-9999.000 -9999.000 -9999.000 -9999.000 -9999.000 -9999.000 -9999.000 -9999.000 -9999.000 -9999.000 -9999.000 -9999.000 -9999.000 -9999.000 -9999.000 0.6498440E-01 0.2187242E-01 0.1808625E-01 0.2788350E-01 0.3813011E-01 0.5270146E-01 0.6967293E-01 0.8759163E-01 0.1040605 0.1194877 0.1336548 0.1469619 0.1630664 0.1955121 0.2775285 0.2775285 -9999.000 -9999.000 -9999.000 -9999.000 -9999.000 -9999.000 -9999.000 -9999.000 -9999.000 -9999.000 -9999.000 -9999.000 -9999.000 -9999.000 -9999.000 -9999.000 -9999.000 -9999.000 -9999.000 -9999.000 -9999.000 -9999.000 -9999.000 -9999.000 -9999.000 -9999.000 -9999.000 -9999.000 -9999.000
-9999.000 -9999.000 -9999.000 -9999.000 -9999.000 -9999.000 -9999.000 -9999.000 -9999.000 -9999.000 -9999.000 -9999.000 -9999.000 -9999.000 -9999.000 0.5879011E-01 0.1673717E-01 0.2575183E-01 0.3651595E-01 0.4324076E-01 0.5535069E-01 0.7152078E-01 0.8968525E-01 0.1068019 0.1231559 0.1383313 0.1527063 0.1704184 0.2069857 0.3094146 0.3094146 -9999.000 -9999.000 -9999.000 -9999.000 -9999.000 -9999.000 -9999.000 -9999.000 -9999.000 -9999.000 -9999.000 -9999.000 -9999.000 -9999.000 -9999.000 -9999.000 -9999.000 -9999.000 -9999.000 -9999.000 -9999.000 -9999.000 -9999.000 -9999.000 -9999.000 -9999.000 -9999.000 -9999.000 -9999.000
-9999.000 -9999.000 -9999.000 -9999.000 -9999.000 -9999.000 -9999.000 -9999.000 -9999.000 -9999.000 -9999.000 -9999.000 -9999.000 -9999.000 -9999.000 0.9252987E-01 0.1421041 0.1659237 0.1573128 0.1361883 0.1238852 0.1182585 0.1199454 0.1262541 0.1360931 0.1476401 0.1602990 0.1781101 0.2184468 0.3456775 0.3456775 -9999.000 -9999.000 -9999.000 -9999.000 -9999.000 -9999.000 -9999.000 -9999.000 -9999.000 -9999.000 -9999.000 -9999.000 -9999.000 -9999.000 -9999.000 -9999.000 -9999.000 -9999.000 -9999.000 -9999.000 -9999.000 -9999.000 -9999.000 -9999.000 -9999.000 -9999.000 -9999.000 -9999.000 -9999.000
2.848098 2.848098 2.859993 2.865962 2.885953 2.885953 2.888754 2.888497 2.888497 2.884654 2.884654 2.878352 2.874521 2.870342 2.866193 2.866193 3.013523 3.017800 3.018946 3.010021 2.974510 2.916460 2.835798 2.730222 2.603897 2.458382 2.297031 2.129008 1.979619 1.923990 1.923990 2.744862 2.918720 3.021733 3.047961 3.047961 3.083794 3.083794 3.070555 3.070555 3.028724 2.852959 2.852959 2.508617 2.508617 2.141318 2.141318 2.141318 2.118819 2.118819 2.148021 2.148021 2.195514 2.195514 2.245774 2.245774 2.291121 2.291121 2.291121 2.327362
2.871254 2.871254 2.891830 2.920449 2.947614 2.947614 2.962388 2.985037 2.985037 3.003651 3.003651 3.019603 3.026831 3.033658 3.040445 3.040445 3.149831 3.168925 3.184560 3.196856 3.202511 3.201584 3.192237 3.171105 3.136379 3.085692 3.017372 2.932075 2.836069 2.758272 2.758272 3.193030 3.346090 3.497090 3.538923 3.538923 3.587559 3.587559 3.591139 3.591139 3.571444 3.472993 3.472993 3.276047 3.276047 2.977660 2.977660 2.977660 2.952018 2.952018 2.983348 2.983348 3.033749 3.033749 3.086541 3.086541 3.134896 3.134896 3.134896 3.175622
2.876014 2.876014 2.894124 2.922380 2.947299 2.947299 2.962750 2.986295 2.986295 3.005553 3.005553 3.022211 3.029830 3.037080 3.044348 3.044348 3.141910 3.173567 3.201019 3.224744 3.243511 3.257621 3.266956 3.270375 3.267005 3.255328 3.233550 3.200714 3.159150 3.125405 3.125405 3.366862 3.513372 3.685543 3.736691 3.736691 3.790156 3.790156 3.781327 3.781327 3.753294 3.656632 3.656632 3.515725 3.515725 3.270706 3.270706 3.270706 3.229122 3.229122 3.247577 3.247577 3.289252 3.289252 3.335912 3.335912 3.379753 3.379753 3.379753 3.417173
2.878912 2.878912 2.896127 2.923001 2.946342 2.946342 2.962218 2.986254 2.986254 3.005570 3.005570 3.022228 3.029851 3.037106 3.044456 3.044456 3.134572 3.176635 3.215035 3.248951 3.277341 3.300171 3.317669 3.329726 3.336411 3.337526 3.332538 3.321111 3.304657 3.293394 3.293394 3.440755 3.569600 3.745799 3.800564 3.800564 3.847321 3.847321 3.813758 3.813758 3.774668 3.685381 3.685381 3.595306 3.595306 3.411419 3.411419 3.411419 3.357555 3.357555 3.361113 3.361113 3.393435 3.393435 3.434837 3.434837 3.475386 3.475386 3.475386 3.510360
2.879967 2.879967 2.895110 2.922912 2.945361 2.945361 2.961655 2.986196 2.986196 3.005570 3.005570 3.022215 3.029835 3.037090 3.044554 3.044554 3.131896 3.182778 3.231001 3.274393 3.311706 3.342581 3.367121 3.385449 3.397869 3.404709 3.406203 3.402720 3.395728 3.392266 3.392266 3.485196 3.591955 3.756741 3.805385 3.805385 3.822135 3.822135 3.755724 3.755724 3.713667 3.652744 3.652744 3.614037 3.614037 3.496496 3.496496 3.496496 3.439099 3.439099 3.427637 3.427637 3.448009 3.448009 3.482211 3.482211 3.518312 3.518312 3.518312 3.550045
2.876380 2.876380 2.899745 2.922617 2.944593 2.944593 2.961231 2.986201 2.986201 3.005634 3.005634 3.022274 3.029895 3.037153 3.044789 3.044789 3.134983 3.193831 3.250803 3.302724 3.348121 3.386435 3.417620 3.441812 3.459313 3.470545 3.475976 3.476252 3.472810 3.470731 3.470731 3.527937 3.610152 3.744586 3.771594 3.771594 3.731209 3.731209 3.644901 3.644901 3.616574 3.601491 3.601491 3.607896 3.607896 3.552370 3.552370 3.552370 3.501966 3.501966 3.479573 3.479573 3.486815 3.486815 3.511430 3.511430 3.541040 3.541040 3.541040 3.567971
2.875925 2.875925 2.902027 2.922396 2.944101 2.944101 2.960943 2.986181 2.986181 3.005643 3.005643 3.022264 3.029876 3.037125 3.044988 3.044988 3.144468 3.211088 3.275929 3.335349 3.387797 3.432666 3.469847 3.499451 3.521747 3.537115 3.546034 3.549153 3.547687 3.545176 3.545176 3.577724 3.633981 3.710030 3.692721 3.692721 3.585545 3.585545 3.519385 3.519385 3.518371 3.550856 3.550856 3.591106 3.591106 3.587140 3.587140 3.587140 3.552039 3.552039 3.525681 3.525681 3.521264 3.521264 3.534774 3.534774 3.555806 3.555806 3.555806 3.576125
2.875775 2.875775 2.902780 2.922324 2.943938 2.943938 2.960845 2.986176 2.986176 3.005648 3.005648 3.022266 3.029876 3.037125 3.045316 3.045316 3.161593 3.236312 3.308365 3.374236 3.432548 3.482819 3.524994 3.559215 3.585736 3.604890 3.617095 3.622896 3.623199 3.620062 3.620062 3.634599 3.661787 3.632956 3.550614 3.550614 3.412844 3.412844 3.407625 3.407625 3.435401 3.504730 3.504730 3.568137 3.568137 3.604393 3.604393 3.604393 3.588865 3.588865 3.565826 3.565826 3.553575 3.553575 3.555957 3.555957 3.566827 3.566827 3.566827 3.578804
2.875925 2.875925 2.902028 2.922396 2.944102 2.944102 2.960944 2.986182 2.986182 3.005643 3.005643 3.022265 3.029876 3.037126 3.045773 3.045773 3.187852 3.271318 3.350065 3.421319 3.484188 3.538502 3.584393 3.622114 3.651958 3.674245 3.689324 3.697618 3.699641 3.695561 3.695561 3.693548 3.679976 3.481466 3.344327 3.344327 3.254744 3.254744 3.322907 3.322907 3.370922 3.463313 3.463313 3.541928 3.541928 3.608268 3.608268 3.608268 3.612615 3.612615 3.598342 3.598342 3.583169 3.583169 3.575902 3.575902 3.575826 3.575826 3.575826 3.578013
2.876381 2.876381 2.899745 2.922618 2.944593 2.944593 2.961231 2.986201 2.986201 3.005634 3.005634 3.022274 3.029896 3.037155 3.046439 3.046439 3.225609 3.318565 3.403448 3.478875 3.544791 3.601548 3.649604 3.689404 3.721343 3.745768 3.762995 3.773317 3.776618 3.769256 3.769256 3.741466 3.653068 3.246936 3.116017 3.116017 3.139331 3.139331 3.259019 3.259019 3.317877 3.423471 3.423471 3.512408 3.512408 3.600862 3.600862 3.600862 3.622871 3.622871 3.620112 3.620112 3.606230 3.606230 3.591963 3.591963 3.581236 3.581236 3.581236 3.572865
2.879967 2.879967 2.895110 2.922912 2.945361 2.945361 2.961655 2.986196 2.986196 3.005570 3.005570 3.022215 3.029835 3.037090 3.047236 3.047236 3.278296 3.381226 3.471338 3.549376 3.616506 3.673807 3.722190 3.762365 3.794885 3.820159 3.838500 3.850030 3.853048 3.832729 3.832729 3.741987 3.515953 2.980531 2.932482 2.932482 3.061272 3.061272 3.204625 3.204625 3.268600 3.382004 3.382004 3.478268 3.478268 3.582639 3.582639 3.582639 3.618922 3.618922 3.627885 3.627885 3.618246 3.618246 3.599896 3.599896 3.579737 3.579737 3.579737 3.560853
2.878911 2.878911 2.896127 2.923000 2.946342 2.946342 2.962218 2.986254 2.986254 3.005571 3.005571 3.022228 3.029851 3.037107 3.048435 3.048435 3.351867 3.464346 3.557883 3.636206 3.702088 3.757538 3.804002 3.842512 3.873787 3.898327 3.916458 3.927842 3.925011 3.854024 3.854024 3.610086 3.220073 2.773374 2.816478 2.816478 2.994969 2.994969 3.147192 3.147192 3.213825 3.332617 3.332617 3.434326 3.434326 3.549953 3.549953 3.549953 3.596975 3.596975 3.616123 3.616123 3.611865 3.611865 3.591843 3.591843 3.564093 3.564093 3.564093 3.535673
