cruce_test.gid/Rasters/Hydraulic/Velocity____89.0.asc
NCOLS        79
NROWS        79
XLLCENTER         -1.500000
YLLCENTER         -4.800000
CELLSIZE           0.100
NODATA_VALUE     -9999.0
[rows 0 to 26 of 79, columns 0 to 59 of 79]
-9999.000 -9999.000 -9999.000 -9999.000 -9999.000 -9999.000 -9999.000 -9999.000 -9999.000 -9999.000 -9999.000 -9999.000 -9999.000 -9999.000 -9999.000 0.1992552 0.1981644 0.1983160 0.1985657 0.1988293 0.1990945 0.1993661 0.1996609 0.2000059 0.2004421 0.2010272 0.2018491 0.2030505 0.2047546 0.2026687 0.2026687 -9999.000 -9999.000 -9999.000 -9999.000 -9999.000 -9999.000 -9999.000 -9999.000 -9999.000 -9999.000 -9999.000 -9999.000 -9999.000 -9999.000 -9999.000 -9999.000 -9999.000 -9999.000 -9999.000 -9999.000 -9999.000 -9999.000 -9999.000 -9999.000 -9999.000 -9999.000 -9999.000 -9999.000 -9999.000
-9999.000 -9999.000 -9999.000 -9999.000 -9999.000 -9999.000 -9999.000 -9999.000 -9999.000 -9999.000 -9999.000 -9999.000 -9999.000 -9999.000 -9999.000 0.1967232 0.1943402 0.1946477 0.1951791 0.1957511 0.1963311 0.1969234 0.1975590 0.1982932 0.1992112 0.2004380 0.2021664 0.2047035 0.2082883 0.2044714 0.2044714 -9999.000 -9999.000 -9999.000 -9999.000 -9999.000 -9999.000 -9999.000 -9999.000 -9999.000 -9999.000 -9999.000 -9999.000 -9999.000 -9999.000 -9999.000 -9999.000 -9999.000 -9999.000 -9999.000 -9999.000 -9999.000 -9999.000 -9999.000 -9999.000 -9999.000 -9999.000 -9999.000 -9999.000 -9999.000
-9999.000 -9999.000 -9999.000 -9999.000 -9999.000 -9999.000 -9999.000 -9999.000 -9999.000 -9999.000 -9999.000 -9999.000 -9999.000 -9999.000 -9999.000 0.1927563 0.1889411 0.1894585 0.1903968 0.1914456 0.1925410 0.1936856 0.1949281 0.1963622 0.1981320 0.2004473 0.2036195 0.2081240 0.2142700 0.2090704 0.2090704 -9999.000 -9999.000 -9999.000 -9999.000 -9999.000 -9999.000 -9999.000 -9999.000 -9999.000 -9999.000 -9999.000 -9999.000 -9999.000 -9999.000 -9999.000 -9999.000 -9999.000 -9999.000 -9999.000 -9999.000 -9999.000 -9999.000 -9999.000 -9999.000 -9999.000 -9999.000 -9999.000 -9999.000 -9999.000
-9999.000 -9999.000 -9999.000 -9999.000 -9999.000 -9999.000 -9999.000 -9999.000 -9999.000 -9999.000 -9999.000 -9999.000 -9999.000 -9999.000 -9999.000 0.1877988 0.1826062 0.1833982 0.1848404 0.1864866 0.1882398 0.1900983 0.1921294 0.1944652 0.1973117 0.2009678 0.2058713 0.2126796 0.2217948 0.2158253 0.2158253 -9999.000 -9999.000 -9999.000 -9999.000 -9999.000 -9999.000 -9999.000 -9999.000 -9999.000 -9999.000 -9999.000 -9999.000 -9999.000 -9999.000 -9999.000 -9999.000 -9999.000 -9999.000 -9999.000 -9999.000 -9999.000 -9999.000 -9999.000 -9999.000 -9999.000 -9999.000 -9999.000 -9999.000 -9999.000
-9999.000 -9999.000 -9999.000 -9999.000 -9999.000 -9999.000 -9999.000 -9999.000 -9999.000 -9999.000 -9999.000 -9999.000 -9999.000 -9999.000 -9999.000 0.1819413 0.1754561 0.1765858 0.1786198 0.1809695 0.1835012 0.1862082 0.1891757 0.1925784 0.1966886 0.2019029 0.2088008 0.2182476 0.2307767 0.2247136 0.2247136 -9999.000 -9999.000 -9999.000 -9999.000 -9999.000 -9999.000 -9999.000 -9999.000 -9999.000 -9999.000 -9999.000 -9999.000 -9999.000 -9999.000 -9999.000 -9999.000 -9999.000 -9999.000 -9999.000 -9999.000 -9999.000 -9999.000 -9999.000 -9999.000 -9999.000 -9999.000 -9999.000 -9999.000 -9999.000
-9999.000 -9999.000 -9999.000 -9999.000 -9999.000 -9999.000 -9999.000 -9999.000 -9999.000 -9999.000 -9999.000 -9999.000 -9999.000 -9999.000 -9999.000 0.1752208 0.1675685 0.1691011 0.1718088 0.1749576 0.1783741 0.1820449 0.1860759 0.1906874 0.1962265 0.2031994 0.2123490 0.2247859 0.2412363 0.2358730 0.2358730 -9999.000 -9999.000 -9999.000 -9999.000 -9999.000 -9999.000 -9999.000 -9999.000 -9999.000 -9999.000 -9999.000 -9999.000 -9999.000 -9999.000 -9999.000 -9999.000 -9999.000 -9999.000 -9999.000 -9999.000 -9999.000 -9999.000 -9999.000 -9999.000 -9999.000 -9999.000 -9999.000 -9999.000 -9999.000
-9999.000 -9999.000 -9999.000 -9999.000 -9999.000 -9999.000 -9999.000 -9999.000 -9999.000 -9999.000 -9999.000 -9999.000 -9999.000 -9999.000 -9999.000 0.1676246 0.1589836 0.1609922 0.1644555 0.1684949 0.1728942 0.1776337 0.1828416 0.1887902 0.1959104 0.2048351 0.2164994 0.2323102 0.2532789 0.2495895 0.2495895 -9999.000 -9999.000 -9999.000 -9999.000 -9999.000 -9999.000 -9999.000 -9999.000 -9999.000 -9999.000 -9999.000 -9999.000 -9999.000 -9999.000 -9999.000 -9999.000 -9999.000 -9999.000 -9999.000 -9999.000 -9999.000 -9999.000 -9999.000 -9999.000 -9999.000 -9999.000 -9999.000 -9999.000 -9999.000
-9999.000 -9999.000 -9999.000 -9999.000 -9999.000 -9999.000 -9999.000 -9999.000 -9999.000 -9999.000 -9999.000 -9999.000 -9999.000 -9999.000 -9999.000 0.1590961 0.1497103 0.1522829 0.1565904 0.1616145 0.1670943 0.1730031 0.1794949 0.1869007 0.1957474 0.2068157 0.2212704 0.2408840 0.2670899 0.2663214 0.2663214 -9999.000 -9999.000 -9999.000 -9999.000 -9999.000 -9999.000 -9999.000 -9999.000 -9999.000 -9999.000 -9999.000 -9999.000 -9999.000 -9999.000 -9999.000 -9999.000 -9999.000 -9999.000 -9999.000 -9999.000 -9999.000 -9999.000 -9999.000 -9999.000 -9999.000 -9999.000 -9999.000 -9999.000 -9999.000
-9999.000 -9999.000 -9999.000 -9999.000 -9999.000 -9999.000 -9999.000 -9999.000 -9999.000 -9999.000 -9999.000 -9999.000 -9999.000 -9999.000 -9999.000 0.1495392 0.1397318 0.1429801 0.1482355 0.1543494 0.1610133 0.1681944 0.1760762 0.1850562 0.1957714 0.2091761 0.2267143 0.2506180 0.2829400 0.2867554 0.2867554 -9999.000 -9999.000 -9999.000 -9999.000 -9999.000 -9999.000 -9999.000 -9999.000 -9999.000 -9999.000 -9999.000 -9999.000 -9999.000 -9999.000 -9999.000 -9999.000 -9999.000 -9999.000 -9999.000 -9999.000 -9999.000 -9999.000 -9999.000 -9999.000 -9999.000 -9999.000 -9999.000 -9999.000 -9999.000
-9999.000 -9999.000 -9999.000 -9999.000 -9999.000 -9999.000 -9999.000 -9999.000 -9999.000 -9999.000 -9999.000 -9999.000 -9999.000 -9999.000 -9999.000 0.1388223 0.1290109 0.1330825 0.1394156 0.1467448 0.1547116 0.1632774 0.1726603 0.1833329 0.1960576 0.2119936 0.2329264 0.2616758 0.3012031 0.3119158 0.3119158 -9999.000 -9999.000 -9999.000 -9999.000 -9999.000 -9999.000 -9999.000 -9999.000 -9999.000 -9999.000 -9999.000 -9999.000 -9999.000 -9999.000 -9999.000 -9999.000 -9999.000 -9999.000 -9999.000 -9999.000 -9999.000 -9999.000 -9999.000 -9999.000 -9999.000 -9999.000 -9999.000 -9999.000 -9999.000
-9999.000 -9999.000 -9999.000 -9999.000 -9999.000 -9999.000 -9999.000 -9999.000 -9999.000 -9999.000 -9999.000 -9999.000 -9999.000 -9999.000 -9999.000 0.1267792 0.1174951 0.1225928 0.1301771 0.1388823 0.1482979 0.1583811 0.1693898 0.1818800 0.1967563 0.2154174 0.2400690 0.2742935 0.3223878 0.3433640 0.3433640 -9999.000 -9999.000 -9999.000 -9999.000 -9999.000 -9999.000 -9999.000 -9999.000 -9999.000 -9999.000 -9999.000 -9999.000 -9999.000 -9999.000 -9999.000 -9999.000 -9999.000 -9999.000 -9999.000 -9999.000 -9999.000 -9999.000 -9999.000 -9999.000 -9999.000 -9999.000 -9999.000 -9999.000 -9999.000
-9999.000 -9999.000 -9999.000 -9999.000 -9999.000 -9999.000 -9999.000 -9999.000 -9999.000 -9999.000 -9999.000 -9999.000 -9999.000 -9999.000 -9999.000 0.1132067 0.1051252 0.1115413 0.1206239 0.1309250 0.1419817 0.1537521 0.1665395 0.1809913 0.1981668 0.2197400 0.2484328 0.2888261 0.3471913 0.3835882 0.3835882 -9999.000 -9999.000 -9999.000 -9999.000 -9999.000 -9999.000 -9999.000 -9999.000 -9999.000 -9999.000 -9999.000 -9999.000 -9999.000 -9999.000 -9999.000 -9999.000 -9999.000 -9999.000 -9999.000 -9999.000 -9999.000 -9999.000 -9999.000 -9999.000 -9999.000 -9999.000 -9999.000 -9999.000 -9999.000
-9999.000 -9999.000 -9999.000 -9999.000 -9999.000 -9999.000 -9999.000 -9999.000 -9999.000 -9999.000 -9999.000 -9999.000 -9999.000 -9999.000 -9999.000 0.9785999E-01 0.9186032E-01 0.1000426 0.1109964 0.1232117 0.1361821 0.1498778 0.1646564 0.1812585 0.2009028 0.2255664 0.2585902 0.3058647 0.3765996 0.4368146 0.4368146 -9999.000 -9999.000 -9999.000 -9999.000 -9999.000 -9999.000 -9999.000 -9999.000 -9999.000 -9999.000 -9999.000 -9999.000 -9999.000 -9999.000 -9999.000 -9999.000 -9999.000 -9999.000 -9999.000 -9999.000 -9999.000 -9999.000 -9999.000 -9999.000 -9999.000 -9999.000 -9999.000 -9999.000 -9999.000
-9999.000 -9999.000 -9999.000 -9999.000 -9999.000 -9999.000 -9999.000 -9999.000 -9999.000 -9999.000 -9999.000 -9999.000 -9999.000 -9999.000 -9999.000 0.8040152E-01 0.7778132E-01 0.8853290E-01 0.1019966 0.1166371 0.1319435 0.1479311 0.1650271 0.1840630 0.2064038 0.2343294 0.2718805 0.3266244 0.4121428 0.5109615 0.5109615 -9999.000 -9999.000 -9999.000 -9999.000 -9999.000 -9999.000 -9999.000 -9999.000 -9999.000 -9999.000 -9999.000 -9999.000 -9999.000 -9999.000 -9999.000 -9999.000 -9999.000 -9999.000 -9999.000 -9999.000 -9999.000 -9999.000 -9999.000 -9999.000 -9999.000 -9999.000 -9999.000 -9999.000 -9999.000
-9999.000 -9999.000 -9999.000 -9999.000 -9999.000 -9999.000 -9999.000 -9999.000 -9999.000 -9999.000 -9999.000 -9999.000 -9999.000 -9999.000 -9999.000 0.5915739E-01 0.7128054E-01 0.9101985E-01 0.1102073 0.1284571 0.1460202 0.1634214 0.1814296 0.2011340 0.2241656 0.2532281 0.2932736 0.3541335 0.4559483 0.6208140 0.6208140 -9999.000 -9999.000 -9999.000 -9999.000 -9999.000 -9999.000 -9999.000 -9999.000 -9999.000 -9999.000 -9999.000 -9999.000 -9999.000 -9999.000 -9999.000 -9999.000 -9999.000 -9999.000 -9999.000 -9999.000 -9999.000 -9999.000 -9999.000 -9999.000 -9999.000 -9999.000 -9999.000 -9999.000 -9999.000
1.764693 1.764693 1.815166 1.861463 1.869580 1.869580 1.875155 1.882045 1.882045 1.885542 1.885542 1.886863 1.886894 1.886566 1.667307 1.667307 1.362238 1.300472 1.230005 1.151679 1.067160 0.9789618 0.8905012 0.8061912 0.7315904 0.6737921 0.6424640 0.6524658 0.7301818 0.9409617 0.9409617 1.644542 1.826830 1.860745 1.823124 1.823124 1.713659 1.713659 1.457918 1.457918 1.162727 0.9920215 0.9920215 0.9829943 0.9829943 1.022567 1.022567 1.022567 1.073609 1.073609 1.119789 1.119789 1.159015 1.159015 1.202430 1.202430 1.228983 1.228983 1.228983 1.247007
1.774897 1.774897 1.841432 1.897167 1.913415 1.913415 1.927113 1.950163 1.950163 1.969689 1.969689 1.986899 1.994822 2.002353 1.882821 1.882821 1.616984 1.598436 1.572049 1.536030 1.489836 1.433744 1.368923 1.297624 1.223546 1.152502 1.093552 1.061069 1.078891 1.191620 1.191620 1.675254 1.832614 1.936930 1.950695 1.950695 1.927581 1.927581 1.813443 1.813443 1.624063 1.355487 1.355487 1.356183 1.356183 1.405461 1.405461 1.405461 1.458882 1.458882 1.507980 1.507980 1.538018 1.538018 1.591152 1.591152 1.624256 1.624256 1.624256 1.649862
1.776914 1.776914 1.845439 1.897405 1.913757 1.913757 1.927635 1.951106 1.951106 1.971109 1.971109 1.988853 1.997065 2.004901 1.940168 1.940168 1.669616 1.670348 1.667266 1.657623 1.640473 1.615355 1.582377 1.542449 1.497561 1.451243 1.409361 1.381687 1.385427 1.457628 1.457628 1.809361 1.951180 2.073830 2.100252 2.100252 2.099365 2.099365 2.027580 2.027580 1.920340 1.672035 1.672035 1.638780 1.638780 1.676972 1.676972 1.676972 1.722905 1.722905 1.763987 1.763987 1.796505 1.796505 1.834527 1.834527 1.861927 1.861927 1.861927 1.882483
1.778554 1.778554 1.848306 1.897434 1.913655 1.913655 1.927526 1.951054 1.951054 1.971104 1.971104 1.988872 1.997091 2.004934 1.966373 1.966373 1.696137 1.704483 1.711860 1.714253 1.711264 1.702788 1.688949 1.670297 1.648034 1.624345 1.602929 1.589984 1.596660 1.651564 1.651564 1.917694 2.036732 2.150938 2.175210 2.175210 2.177172 2.177172 2.131074 2.131074 2.073022 1.884121 1.884121 1.814959 1.814959 1.843545 1.843545 1.843545 1.883012 1.883012 1.919091 1.919091 1.948367 1.948367 1.979114 1.979114 2.002987 2.002987 2.002987 2.020553
1.779833 1.779833 1.850338 1.897535 1.913579 1.913579 1.927413 1.950986 1.950986 1.971080 1.971080 1.988864 1.997085 2.004928 1.983097 1.983097 1.723634 1.734345 1.748016 1.756763 1.760613 1.760060 1.755721 1.748432 1.739346 1.730109 1.723184 1.722403 1.734286 1.781060 1.781060 1.988294 2.086306 2.180190 2.195479 2.195479 2.190816 2.190816 2.166260 2.166260 2.141186 2.026795 2.026795 1.942275 1.942275 1.950538 1.950538 1.950538 1.984421 1.984421 2.017087 2.017087 2.044228 2.044228 2.070523 2.070523 2.091611 2.091611 2.091611 2.106988
1.780749 1.780749 1.851684 1.897658 1.913534 1.913534 1.927322 1.950925 1.950925 1.971060 1.971060 1.988859 1.997082 2.004924 1.993856 1.993856 1.760165 1.766732 1.785277 1.798658 1.806718 1.810272 1.810346 1.808221 1.805376 1.803498 1.804596 1.811191 1.827228 1.867789 1.867789 2.024727 2.103524 2.166670 2.170355 2.170355 2.163300 2.163300 2.164006 2.164006 2.162389 2.114582 2.114582 2.042708 2.042708 2.027564 2.027564 2.027564 2.053916 2.053916 2.082690 2.082690 2.107710 2.107710 2.130515 2.130515 2.148809 2.148809 2.148809 2.162058
1.781301 1.781301 1.852450 1.897755 1.913513 1.913513 1.927264 1.950883 1.950883 1.971046 1.971046 1.988856 1.997081 2.004923 2.000714 2.000714 1.810839 1.803689 1.825656 1.842977 1.854386 1.860736 1.863180 1.863236 1.862696 1.863538 1.867895 1.877877 1.894512 1.924259 1.924259 2.034486 2.089307 2.113406 2.109430 2.109430 2.114576 2.114576 2.144123 2.144123 2.159508 2.160438 2.160438 2.118700 2.118700 2.089141 2.089141 2.089141 2.106055 2.106055 2.129468 2.129468 2.151403 2.151403 2.170705 2.170705 2.186004 2.186004 2.186004 2.196995
1.781485 1.781485 1.852698 1.897792 1.913507 1.913507 1.927244 1.950868 1.950868 1.971041 1.971041 1.988856 1.997080 2.004923 2.005056 2.005056 1.868128 1.849908 1.870772 1.890963 1.905359 1.914034 1.918032 1.918953 1.918802 1.919840 1.924424 1.934293 1.946463 1.956492 1.956492 2.017496 2.038891 2.028225 2.027599 2.027599 2.060414 2.060414 2.117324 2.117324 2.144780 2.177945 2.177945 2.169242 2.169242 2.140357 2.140357 2.140357 2.148267 2.148267 2.165025 2.165025 2.182498 2.182498 2.197876 2.197876 2.209923 2.209923 2.209923 2.218539
1.781301 1.781301 1.852450 1.897755 1.913513 1.913513 1.927264 1.950883 1.950883 1.971046 1.971046 1.988856 1.997081 2.004923 2.007791 2.007791 1.926216 1.906597 1.923264 1.944452 1.960984 1.971487 1.976573 1.977723 1.976992 1.976815 1.979761 1.986927 1.987997 1.962231 1.962231 1.962969 1.946818 1.927238 1.941965 1.941965 2.009204 2.009204 2.088162 2.088162 2.124101 2.178100 2.178100 2.196872 2.196872 2.181401 2.181401 2.181401 2.183454 2.183454 2.193362 2.193362 2.205270 2.205270 2.216032 2.216032 2.224419 2.224419 2.224419 2.230514
1.780750 1.780750 1.851684 1.897658 1.913534 1.913534 1.927322 1.950924 1.950924 1.971059 1.971059 1.988859 1.997082 2.004924 2.009508 2.009508 1.982948 1.972147 1.985474 2.005518 2.022657 2.034082 2.039690 2.040610 2.038756 2.036590 2.036791 2.038816 2.016271 1.926633 1.926633 1.858667 1.819443 1.828529 1.863714 1.863714 1.963202 1.963202 2.058483 2.058483 2.100490 2.168200 2.168200 2.206965 2.206965 2.211139 2.211139 2.211139 2.211759 2.211759 2.215979 2.215979 2.221838 2.221838 2.227330 2.227330 2.231654 2.231654 2.231654 2.235138
1.779833 1.779833 1.850338 1.897535 1.913579 1.913579 1.927413 1.950986 1.950986 1.971080 1.971080 1.988863 1.997085 2.004927 2.010579 2.010579 2.039611 2.044714 2.058424 2.076230 2.092077 2.102962 2.108139 2.108228 2.104805 2.100176 2.096931 2.089804 2.014315 1.822749 1.822749 1.712749 1.684098 1.740799 1.790330 1.790330 1.920393 1.920393 2.028033 2.028033 2.074666 2.151876 2.151876 2.204503 2.204503 2.228826 2.228826 2.228826 2.231881 2.231881 2.232440 2.232440 2.232542 2.232542 2.232473 2.232473 2.232530 2.232530 2.232530 2.233441
1.778554 1.778554 1.848306 1.897433 1.913655 1.913655 1.927525 1.951054 1.951054 1.971104 1.971104 1.988871 1.997091 2.004934 2.011240 2.011240 2.100640 2.124306 2.142276 2.158118 2.171021 2.179502 2.182805 2.181119 2.175555 2.168069 2.160752 2.133301 1.926320 1.651659 1.651659 1.552889 1.556228 1.664882 1.733170 1.733170 1.880845 1.880845 1.998684 1.998684 2.048793 2.132419 2.132419 2.194212 2.194212 2.235533 2.235533 2.235533 2.243125 2.243125 2.242088 2.242088 2.237374 2.237374 2.231989 2.231989 2.227916 2.227916 2.227916 2.226476
