cruce_test.gid/Rasters/Hydraulic/Velocity__x_297.0.asc
NCOLS        79
NROWS        79
XLLCENTER         -1.500000
YLLCENTER         -4.800000
CELLSIZE           0.100
NODATA_VALUE     -9999.0
[rows 0 to 25 of 79, columns 0 to 57 of 79]
-9999.000 -9999.000 -9999.000 -9999.000 -9999.000 -9999.000 -9999.000 -9999.000 -9999.000 -9999.000 -9999.000 -9999.000 -9999.000 -9999.000 -9999.000 -0.1451204E-03 0.1359641E-02 0.5001678E-02 0.8999112E-02 0.1251131E-01 0.1525393E-01 0.1714619E-01 0.1818882E-01 0.1845287E-01 0.1802346E-01 0.1697200E-01 0.1533975E-01 0.1299612E-01 0.9231626E-02 0.4536397E-02 0.4536397E-02 -9999.000 -9999.000 -9999.000 -9999.000 -9999.000 -9999.000 -9999.000 -9999.000 -9999.000 -9999.000 -9999.000 -9999.000 -9999.000 -9999.000 -9999.000 -9999.000 -9999.000 -9999.000 -9999.000 -9999.000 -9999.000 -9999.000 -9999.000 -9999.000 -9999.000 -9999.000 -9999.000
-9999.000 -9999.000 -9999.000 -9999.000 -9999.000 -9999.000 -9999.000 -9999.000 -9999.000 -9999.000 -9999.000 -9999.000 -9999.000 -9999.000 -9999.000 0.1077921E-02 0.3796633E-02 0.8556332E-02 0.1357141E-01 0.1800596E-01 0.2152103E-01 0.2397507E-01 0.2531936E-01 0.2558706E-01 0.2483992E-01 0.2314086E-01 0.2053819E-01 0.1693984E-01 0.1176627E-01 0.5763934E-02 0.5763934E-02 -9999.000 -9999.000 -9999.000 -9999.000 -9999.000 -9999.000 -9999.000 -9999.000 -9999.000 -9999.000 -9999.000 -9999.000 -9999.000 -9999.000 -9999.000 -9999.000 -9999.000 -9999.000 -9999.000 -9999.000 -9999.000 -9999.000 -9999.000 -9999.000 -9999.000 -9999.000 -9999.000
-9999.000 -9999.000 -9999.000 -9999.000 -9999.000 -9999.000 -9999.000 -9999.000 -9999.000 -9999.000 -9999.000 -9999.000 -9999.000 -9999.000 -9999.000 0.1626041E-02 0.4965188E-02 0.1041427E-01 0.1606298E-01 0.2103865E-01 0.2497988E-01 0.2772764E-01 0.2921943E-01 0.2948144E-01 0.2857394E-01 0.2656447E-01 0.2351201E-01 0.1933649E-01 0.1345230E-01 0.6627878E-02 0.6627878E-02 -9999.000 -9999.000 -9999.000 -9999.000 -9999.000 -9999.000 -9999.000 -9999.000 -9999.000 -9999.000 -9999.000 -9999.000 -9999.000 -9999.000 -9999.000 -9999.000 -9999.000 -9999.000 -9999.000 -9999.000 -9999.000 -9999.000 -9999.000 -9999.000 -9999.000 -9999.000 -9999.000
-9999.000 -9999.000 -9999.000 -9999.000 -9999.000 -9999.000 -9999.000 -9999.000 -9999.000 -9999.000 -9999.000 -9999.000 -9999.000 -9999.000 -9999.000 0.1947891E-02 0.5665314E-02 0.1155132E-01 0.1760930E-01 0.2293626E-01 0.2715700E-01 0.3010274E-01 0.3170485E-01 0.3198746E-01 0.3101122E-01 0.2884635E-01 0.2555663E-01 0.2106066E-01 0.1474225E-01 0.7319358E-02 0.7319358E-02 -9999.000 -9999.000 -9999.000 -9999.000 -9999.000 -9999.000 -9999.000 -9999.000 -9999.000 -9999.000 -9999.000 -9999.000 -9999.000 -9999.000 -9999.000 -9999.000 -9999.000 -9999.000 -9999.000 -9999.000 -9999.000 -9999.000 -9999.000 -9999.000 -9999.000 -9999.000 -9999.000
-9999.000 -9999.000 -9999.000 -9999.000 -9999.000 -9999.000 -9999.000 -9999.000 -9999.000 -9999.000 -9999.000 -9999.000 -9999.000 -9999.000 -9999.000 0.2184747E-02 0.6185092E-02 0.1240199E-01 0.1877178E-01 0.2436735E-01 0.2880544E-01 0.3191147E-01 0.3361307E-01 0.3393442E-01 0.3293661E-01 0.3069093E-01 0.2726325E-01 0.2256368E-01 0.1593085E-01 0.7980655E-02 0.7980655E-02 -9999.000 -9999.000 -9999.000 -9999.000 -9999.000 -9999.000 -9999.000 -9999.000 -9999.000 -9999.000 -9999.000 -9999.000 -9999.000 -9999.000 -9999.000 -9999.000 -9999.000 -9999.000 -9999.000 -9999.000 -9999.000 -9999.000 -9999.000 -9999.000 -9999.000 -9999.000 -9999.000
-9999.000 -9999.000 -9999.000 -9999.000 -9999.000 -9999.000 -9999.000 -9999.000 -9999.000 -9999.000 -9999.000 -9999.000 -9999.000 -9999.000 -9999.000 0.2400257E-02 0.6656004E-02 0.1316840E-01 0.1981520E-01 0.2564851E-01 0.3028130E-01 0.3353592E-01 0.3533727E-01 0.3571128E-01 0.3471912E-01 0.3243272E-01 0.2891791E-01 0.2407242E-01 0.1717504E-01 0.8692195E-02 0.8692195E-02 -9999.000 -9999.000 -9999.000 -9999.000 -9999.000 -9999.000 -9999.000 -9999.000 -9999.000 -9999.000 -9999.000 -9999.000 -9999.000 -9999.000 -9999.000 -9999.000 -9999.000 -9999.000 -9999.000 -9999.000 -9999.000 -9999.000 -9999.000 -9999.000 -9999.000 -9999.000 -9999.000
-9999.000 -9999.000 -9999.000 -9999.000 -9999.000 -9999.000 -9999.000 -9999.000 -9999.000 -9999.000 -9999.000 -9999.000 -9999.000 -9999.000 -9999.000 0.2624686E-02 0.7141376E-02 0.1394820E-01 0.2086711E-01 0.2693288E-01 0.3175764E-01 0.3516238E-01 0.3707054E-01 0.3751084E-01 0.3654461E-01 0.3424395E-01 0.3067403E-01 0.2571550E-01 0.1857343E-01 0.9508008E-02 0.9508008E-02 -9999.000 -9999.000 -9999.000 -9999.000 -9999.000 -9999.000 -9999.000 -9999.000 -9999.000 -9999.000 -9999.000 -9999.000 -9999.000 -9999.000 -9999.000 -9999.000 -9999.000 -9999.000 -9999.000 -9999.000 -9999.000 -9999.000 -9999.000 -9999.000 -9999.000 -9999.000 -9999.000
-9999.000 -9999.000 -9999.000 -9999.000 -9999.000 -9999.000 -9999.000 -9999.000 -9999.000 -9999.000 -9999.000 -9999.000 -9999.000 -9999.000 -9999.000 0.2874340E-02 0.7674544E-02 0.1479258E-01 0.2199452E-01 0.2830060E-01 0.3332555E-01 0.3689029E-01 0.3891775E-01 0.3944040E-01 0.3852051E-01 0.3622956E-01 0.3263140E-01 0.2758505E-01 0.2020568E-01 0.1047579E-01 0.1047579E-01 -9999.000 -9999.000 -9999.000 -9999.000 -9999.000 -9999.000 -9999.000 -9999.000 -9999.000 -9999.000 -9999.000 -9999.000 -9999.000 -9999.000 -9999.000 -9999.000 -9999.000 -9999.000 -9999.000 -9999.000 -9999.000 -9999.000 -9999.000 -9999.000 -9999.000 -9999.000 -9999.000
-9999.000 -9999.000 -9999.000 -9999.000 -9999.000 -9999.000 -9999.000 -9999.000 -9999.000 -9999.000 -9999.000 -9999.000 -9999.000 -9999.000 -9999.000 0.3159477E-02 0.8276979E-02 0.1573436E-01 0.2324027E-01 0.2980321E-01 0.3504445E-01 0.3878561E-01 0.4095061E-01 0.4157664E-01 0.4072681E-01 0.3847242E-01 0.3487542E-01 0.2976835E-01 0.2215652E-01 0.1164984E-01 0.1164984E-01 -9999.000 -9999.000 -9999.000 -9999.000 -9999.000 -9999.000 -9999.000 -9999.000 -9999.000 -9999.000 -9999.000 -9999.000 -9999.000 -9999.000 -9999.000 -9999.000 -9999.000 -9999.000 -9999.000 -9999.000 -9999.000 -9999.000 -9999.000 -9999.000 -9999.000 -9999.000 -9999.000
-9999.000 -9999.000 -9999.000 -9999.000 -9999.000 -9999.000 -9999.000 -9999.000 -9999.000 -9999.000 -9999.000 -9999.000 -9999.000 -9999.000 -9999.000 0.3488369E-02 0.8966429E-02 0.1680117E-01 0.2464044E-01 0.3148480E-01 0.3696531E-01 0.4090642E-01 0.4323339E-01 0.4399083E-01 0.4324255E-01 0.4105923E-01 0.3750117E-01 0.3236825E-01 0.2453276E-01 0.1310058E-01 0.1310058E-01 -9999.000 -9999.000 -9999.000 -9999.000 -9999.000 -9999.000 -9999.000 -9999.000 -9999.000 -9999.000 -9999.000 -9999.000 -9999.000 -9999.000 -9999.000 -9999.000 -9999.000 -9999.000 -9999.000 -9999.000 -9999.000 -9999.000 -9999.000 -9999.000 -9999.000 -9999.000 -9999.000
-9999.000 -9999.000 -9999.000 -9999.000 -9999.000 -9999.000 -9999.000 -9999.000 -9999.000 -9999.000 -9999.000 -9999.000 -9999.000 -9999.000 -9999.000 0.3870327E-02 0.9761980E-02 0.1802260E-01 0.2623474E-01 0.3339374E-01 0.3914527E-01 0.4331863E-01 0.4584178E-01 0.4676808E-01 0.4616318E-01 0.4409789E-01 0.4063056E-01 0.3552122E-01 0.2748058E-01 0.1492616E-01 0.1492616E-01 -9999.000 -9999.000 -9999.000 -9999.000 -9999.000 -9999.000 -9999.000 -9999.000 -9999.000 -9999.000 -9999.000 -9999.000 -9999.000 -9999.000 -9999.000 -9999.000 -9999.000 -9999.000 -9999.000 -9999.000 -9999.000 -9999.000 -9999.000 -9999.000 -9999.000 -9999.000 -9999.000
-9999.000 -9999.000 -9999.000 -9999.000 -9999.000 -9999.000 -9999.000 -9999.000 -9999.000 -9999.000 -9999.000 -9999.000 -9999.000 -9999.000 -9999.000 0.4316582E-02 0.1068778E-01 0.1943681E-01 0.2807365E-01 0.3559237E-01 0.4165903E-01 0.4610904E-01 0.4887510E-01 0.5002268E-01 0.4961975E-01 0.4773837E-01 0.4443514E-01 0.3942242E-01 0.3121417E-01 0.1727132E-01 0.1727132E-01 -9999.000 -9999.000 -9999.000 -9999.000 -9999.000 -9999.000 -9999.000 -9999.000 -9999.000 -9999.000 -9999.000 -9999.000 -9999.000 -9999.000 -9999.000 -9999.000 -9999.000 -9999.000 -9999.000 -9999.000 -9999.000 -9999.000 -9999.000 -9999.000 -9999.000 -9999.000 -9999.000
-9999.000 -9999.000 -9999.000 -9999.000 -9999.000 -9999.000 -9999.000 -9999.000 -9999.000 -9999.000 -9999.000 -9999.000 -9999.000 -9999.000 -9999.000 0.4844878E-02 0.1178131E-01 0.2110254E-01 0.3023532E-01 0.3817646E-01 0.4461872E-01 0.4940706E-01 0.5248159E-01 0.5392371E-01 0.5380565E-01 0.5220222E-01 0.4917059E-01 0.4436502E-01 0.3605818E-01 0.2035715E-01 0.2035715E-01 -9999.000 -9999.000 -9999.000 -9999.000 -9999.000 -9999.000 -9999.000 -9999.000 -9999.000 -9999.000 -9999.000 -9999.000 -9999.000 -9999.000 -9999.000 -9999.000 -9999.000 -9999.000 -9999.000 -9999.000 -9999.000 -9999.000 -9999.000 -9999.000 -9999.000 -9999.000 -9999.000
-9999.000 -9999.000 -9999.000 -9999.000 -9999.000 -9999.000 -9999.000 -9999.000 -9999.000 -9999.000 -9999.000 -9999.000 -9999.000 -9999.000 -9999.000 0.5846365E-02 0.1384764E-01 0.2415533E-01 0.3377914E-01 0.4214385E-01 0.4894010E-01 0.5404142E-01 0.5741003E-01 0.5915600E-01 0.5935943E-01 0.5810257E-01 0.5544416E-01 0.5096549E-01 0.4263825E-01 0.2460854E-01 0.2460854E-01 -9999.000 -9999.000 -9999.000 -9999.000 -9999.000 -9999.000 -9999.000 -9999.000 -9999.000 -9999.000 -9999.000 -9999.000 -9999.000 -9999.000 -9999.000 -9999.000 -9999.000 -9999.000 -9999.000 -9999.000 -9999.000 -9999.000 -9999.000 -9999.000 -9999.000 -9999.000 -9999.000
-9999.000 -9999.000 -9999.000 -9999.000 -9999.000 -9999.000 -9999.000 -9999.000 -9999.000 -9999.000 -9999.000 -9999.000 -9999.000 -9999.000 -9999.000 0.6070209E-01 0.9132706E-01 0.1036793 0.9640964E-01 0.9247071E-01 0.8827660E-01 0.8385081E-01 0.7931454E-01 0.7476366E-01 0.7011983E-01 0.6532847E-01 0.6025033E-01 0.5419729E-01 0.4473737E-01 0.2219265E-01 0.2219265E-01 -9999.000 -9999.000 -9999.000 -9999.000 -9999.000 -9999.000 -9999.000 -9999.000 -9999.000 -9999.000 -9999.000 -9999.000 -9999.000 -9999.000 -9999.000 -9999.000 -9999.000 -9999.000 -9999.000 -9999.000 -9999.000 -9999.000 -9999.000 -9999.000 -9999.000 -9999.000 -9999.000
2.775648 2.775648 2.753697 2.785724 2.804520 2.804520 2.807729 2.808199 2.808199 2.804820 2.804820 2.799012 2.795477 2.791616 2.787670 2.787670 2.899119 2.902348 2.903427 2.881432 2.839202 2.775733 2.689291 2.580266 2.451450 2.304085 2.142414 1.976373 1.831548 1.775485 1.775485 2.625645 2.800056 2.896397 2.919496 2.919496 2.947944 2.947944 2.921841 2.921841 2.872687 2.678219 2.678219 2.244598 2.244598 2.008026 2.008026 2.008026 2.004143 2.004143 2.040756 2.040756 2.089696 2.089696 2.139194 2.139194 2.182568 2.182568
2.799067 2.799067 2.782649 2.839326 2.864716 2.864716 2.879551 2.902372 2.902372 2.920941 2.920941 2.936867 2.944121 2.950998 2.957726 2.957726 3.041177 3.057395 3.071845 3.080625 3.083852 3.079878 3.065863 3.039101 2.997622 2.939138 2.862660 2.769692 2.667459 2.596381 2.596381 3.055752 3.215990 3.366941 3.407035 3.407035 3.450857 3.450857 3.447245 3.447245 3.422534 3.311573 3.311573 3.074830 3.074830 2.832212 2.832212 2.832212 2.826997 2.826997 2.865547 2.865547 2.917580 2.917580 2.969682 2.969682 3.016261 3.016261
2.805397 2.805397 2.783441 2.841819 2.864736 2.864736 2.880048 2.903646 2.903646 2.922834 2.922834 2.939444 2.947077 2.954361 2.961549 2.961549 3.037051 3.064318 3.089437 3.110368 3.126887 3.138593 3.144483 3.143349 3.134035 3.114809 3.084099 3.041529 2.990453 2.954221 2.954221 3.220436 3.376649 3.554480 3.605305 3.605305 3.655373 3.655373 3.641306 3.641306 3.609460 3.505080 3.505080 3.346127 3.346127 3.128109 3.128109 3.128109 3.106872 3.106872 3.134135 3.134135 3.178061 3.178061 3.224037 3.224037 3.265968 3.265968
2.810495 2.810495 2.783725 2.843287 2.864299 2.864299 2.879717 2.903616 2.903616 2.922844 2.922844 2.939456 2.947097 2.954397 2.961648 2.961648 3.032880 3.069671 3.104716 3.135450 3.160935 3.180783 3.194615 3.202096 3.203026 3.196939 3.183252 3.161885 3.134976 3.117471 3.117471 3.281165 3.420591 3.607069 3.663503 3.663503 3.710260 3.710260 3.674943 3.674943 3.634106 3.541234 3.541234 3.442157 3.442157 3.269907 3.269907 3.269907 3.234104 3.234104 3.248140 3.248140 3.284096 3.284096 3.325448 3.325448 3.364301 3.364301
2.814336 2.814336 2.783875 2.844235 2.863929 2.863929 2.879382 2.903552 2.903552 2.922824 2.922824 2.939445 2.947096 2.954408 2.961743 2.961743 3.032736 3.077910 3.122025 3.161694 3.195403 3.222512 3.242708 3.255850 3.262026 3.261335 3.253903 3.240203 3.222202 3.210233 3.210233 3.311866 3.427803 3.605177 3.657704 3.657704 3.680868 3.680868 3.619004 3.619004 3.578129 3.516644 3.516644 3.472182 3.472182 3.356704 3.356704 3.356704 3.313104 3.313104 3.312575 3.312575 3.338111 3.338111 3.373291 3.373291 3.408214 3.408214
2.815197 2.815197 2.785602 2.844805 2.863629 2.863629 2.879096 2.903494 2.903494 2.922819 2.922819 2.939459 2.947120 2.954441 2.961887 2.961887 3.037564 3.090524 3.142833 3.190459 3.231549 3.265287 3.291319 3.309535 3.320042 3.323067 3.318967 3.308423 3.293233 3.280794 3.280794 3.340395 3.429122 3.576923 3.610945 3.610945 3.587880 3.587880 3.514903 3.514903 3.489682 3.474337 3.474337 3.475338 3.475338 3.415926 3.415926 3.415926 3.374254 3.374254 3.361652 3.361652 3.375015 3.375015 3.401700 3.401700 3.430855 3.430855
2.815747 2.815747 2.786348 2.845136 2.863462 2.863462 2.878910 2.903449 2.903449 2.922832 2.922832 2.939499 2.947168 2.954491 2.962085 2.962085 3.048223 3.108902 3.168625 3.223134 3.270519 3.309937 3.341052 3.363769 3.378178 3.384500 3.383089 3.374585 3.360460 3.345884 3.345884 3.375619 3.435101 3.525731 3.521446 3.521446 3.446458 3.446458 3.398895 3.398895 3.400752 3.431314 3.431314 3.465827 3.465827 3.454852 3.454852 3.454852 3.423812 3.423812 3.404850 3.404850 3.406502 3.406502 3.422912 3.422912 3.444300 3.444300
2.815890 2.815890 2.786575 2.845223 2.863404 2.863404 2.878852 2.903444 2.903444 2.922852 2.922852 2.939529 2.947198 2.954518 2.962319 2.962319 3.065777 3.134483 3.200937 3.261183 3.313564 3.357412 3.392507 3.418835 3.436500 3.445692 3.446699 3.440019 3.426715 3.410021 3.410021 3.417606 3.444857 3.436285 3.377485 3.377485 3.285399 3.285399 3.297475 3.297475 3.326116 3.391508 3.391508 3.449024 3.449024 3.476966 3.476966 3.476966 3.461823 3.461823 3.443186 3.443186 3.435864 3.435864 3.441410 3.441410 3.453327 3.453327
2.815747 2.815747 2.786347 2.845135 2.863462 2.863462 2.878910 2.903449 2.903449 2.922833 2.922833 2.939499 2.947169 2.954491 2.962590 2.962590 3.091729 3.168949 3.241444 3.306142 3.361990 3.408714 3.446353 3.475054 3.494987 3.506343 3.509342 3.504320 3.491864 3.473108 3.473108 3.461443 3.446445 3.283601 3.182510 3.182510 3.142626 3.142626 3.220626 3.220626 3.267524 3.354908 3.354908 3.427874 3.427874 3.485684 3.485684 3.485684 3.487882 3.487882 3.475070 3.475070 3.462875 3.462875 3.458372 3.458372 3.459781 3.459781
2.815197 2.815197 2.785601 2.844805 2.863629 2.863629 2.879095 2.903494 2.903494 2.922818 2.922818 2.939458 2.947120 2.954440 2.962948 2.962948 3.128283 3.214414 3.292015 3.359581 3.417040 3.464753 3.503166 3.532667 3.553559 3.566064 3.570359 3.566612 3.554760 3.532467 3.532467 3.495241 3.408933 3.063312 2.977412 2.977412 3.039127 3.039127 3.160542 3.160542 3.217450 3.318107 3.318107 3.401984 3.401984 3.482344 3.482344 3.482344 3.500698 3.500698 3.496936 3.496936 3.484083 3.484083 3.471555 3.471555 3.462394 3.462394
2.814336 2.814336 2.783875 2.844236 2.863929 2.863929 2.879382 2.903552 2.903552 2.922824 2.922824 2.939445 2.947097 2.954407 2.963476 2.963476 3.178750 3.273633 3.354777 3.423036 3.479753 3.526157 3.563219 3.591643 3.611898 3.624266 3.628897 3.625762 3.613404 3.580610 3.580610 3.488098 3.274683 2.825792 2.819675 2.819675 2.965826 2.965826 3.107314 3.107314 3.169385 3.278486 3.278486 3.370379 3.370379 3.467358 3.467358 3.467358 3.499228 3.499228 3.505366 3.505366 3.494738 3.494738 3.476760 3.476760 3.457918 3.457918
