cruce_test.gid/Rasters/Hydraulic/Velocity____271.0.asc
NCOLS        79
NROWS        79
XLLCENTER         -1.500000
YLLCENTER         -4.800000
CELLSIZE           0.100
NODATA_VALUE     -9999.0
[rows 0 to 26 of 79, columns 0 to 59 of 79]
-9999.000 -9999.000 -9999.000 -9999.000 -9999.000 -9999.000 -9999.000 -9999.000 -9999.000 -9999.000 -9999.000 -9999.000 -9999.000 -9999.000 -9999.000 0.9297907E-01 0.9027849E-01 0.8941127E-01 0.8961093E-01 0.9056780E-01 0.9173482E-01 0.9284455E-01 0.9377872E-01 0.9443291E-01 0.9487011E-01 0.9511837E-01 0.9524945E-01 0.9546760E-01 0.9636519E-01 0.9737502E-01 0.9737502E-01 -9999.000 -9999.000 -9999.000 -9999.000 -9999.000 -9999.000 -9999.000 -9999.000 -9999.000 -9999.000 -9999.000 -9999.000 -9999.000 -9999.000 -9999.000 -9999.000 -9999.000 -9999.000 -9999.000 -9999.000 -9999.000 -9999.000 -9999.000 -9999.000 -9999.000 -9999.000 -9999.000 -9999.000 -9999.000
-9999.000 -9999.000 -9999.000 -9999.000 -9999.000 -9999.000 -9999.000 -9999.000 -9999.000 -9999.000 -9999.000 -9999.000 -9999.000 -9999.000 -9999.000 0.9277989E-01 0.8719891E-01 0.8545373E-01 0.8590639E-01 0.8787896E-01 0.9027764E-01 0.9259398E-01 0.9460466E-01 0.9608790E-01 0.9715526E-01 0.9785203E-01 0.9832200E-01 0.9901278E-01 0.1012338 0.1039917 0.1039917 -9999.000 -9999.000 -9999.000 -9999.000 -9999.000 -9999.000 -9999.000 -9999.000 -9999.000 -9999.000 -9999.000 -9999.000 -9999.000 -9999.000 -9999.000 -9999.000 -9999.000 -9999.000 -9999.000 -9999.000 -9999.000 -9999.000 -9999.000 -9999.000 -9999.000 -9999.000 -9999.000 -9999.000 -9999.000
-9999.000 -9999.000 -9999.000 -9999.000 -9999.000 -9999.000 -9999.000 -9999.000 -9999.000 -9999.000 -9999.000 -9999.000 -9999.000 -9999.000 -9999.000 0.9143683E-01 0.8275068E-01 0.7995430E-01 0.8065566E-01 0.8376247E-01 0.8756610E-01 0.9130616E-01 0.9466330E-01 0.9729569E-01 0.9937174E-01 0.1009412 0.1022046 0.1038495 0.1079515 0.1132936 0.1132936 -9999.000 -9999.000 -9999.000 -9999.000 -9999.000 -9999.000 -9999.000 -9999.000 -9999.000 -9999.000 -9999.000 -9999.000 -9999.000 -9999.000 -9999.000 -9999.000 -9999.000 -9999.000 -9999.000 -9999.000 -9999.000 -9999.000 -9999.000 -9999.000 -9999.000 -9999.000 -9999.000 -9999.000 -9999.000
-9999.000 -9999.000 -9999.000 -9999.000 -9999.000 -9999.000 -9999.000 -9999.000 -9999.000 -9999.000 -9999.000 -9999.000 -9999.000 -9999.000 -9999.000 0.8951470E-01 0.7776628E-01 0.7391293E-01 0.7488399E-01 0.7914902E-01 0.8437663E-01 0.8957250E-01 0.9433787E-01 0.9821498E-01 0.1014314 0.1040308 0.1062571 0.1090314 0.1152181 0.1236851 0.1236851 -9999.000 -9999.000 -9999.000 -9999.000 -9999.000 -9999.000 -9999.000 -9999.000 -9999.000 -9999.000 -9999.000 -9999.000 -9999.000 -9999.000 -9999.000 -9999.000 -9999.000 -9999.000 -9999.000 -9999.000 -9999.000 -9999.000 -9999.000 -9999.000 -9999.000 -9999.000 -9999.000 -9999.000 -9999.000
-9999.000 -9999.000 -9999.000 -9999.000 -9999.000 -9999.000 -9999.000 -9999.000 -9999.000 -9999.000 -9999.000 -9999.000 -9999.000 -9999.000 -9999.000 0.8724034E-01 0.7243607E-01 0.6753093E-01 0.6881269E-01 0.7427268E-01 0.8094340E-01 0.8761536E-01 0.9382537E-01 0.9899999E-01 0.1034313 0.1071481 0.1104323 0.1144438 0.1228763 0.1350226 0.1350226 -9999.000 -9999.000 -9999.000 -9999.000 -9999.000 -9999.000 -9999.000 -9999.000 -9999.000 -9999.000 -9999.000 -9999.000 -9999.000 -9999.000 -9999.000 -9999.000 -9999.000 -9999.000 -9999.000 -9999.000 -9999.000 -9999.000 -9999.000 -9999.000 -9999.000 -9999.000 -9999.000 -9999.000 -9999.000
-9999.000 -9999.000 -9999.000 -9999.000 -9999.000 -9999.000 -9999.000 -9999.000 -9999.000 -9999.000 -9999.000 -9999.000 -9999.000 -9999.000 -9999.000 0.8468757E-01 0.6683433E-01 0.6090593E-01 0.6256939E-01 0.6927361E-01 0.7740388E-01 0.8556220E-01 0.9323709E-01 0.9973864E-01 0.1054305 0.1103178 0.1147186 0.1200433 0.1308706 0.1473261 0.1473261 -9999.000 -9999.000 -9999.000 -9999.000 -9999.000 -9999.000 -9999.000 -9999.000 -9999.000 -9999.000 -9999.000 -9999.000 -9999.000 -9999.000 -9999.000 -9999.000 -9999.000 -9999.000 -9999.000 -9999.000 -9999.000 -9999.000 -9999.000 -9999.000 -9999.000 -9999.000 -9999.000 -9999.000 -9999.000
-9999.000 -9999.000 -9999.000 -9999.000 -9999.000 -9999.000 -9999.000 -9999.000 -9999.000 -9999.000 -9999.000 -9999.000 -9999.000 -9999.000 -9999.000 0.8186164E-01 0.6098111E-01 0.5409199E-01 0.5624475E-01 0.6424797E-01 0.7384381E-01 0.8348646E-01 0.9263460E-01 0.1004783 0.1074612 0.1135542 0.1191126 0.1258128 0.1391908 0.1607110 0.1607110 -9999.000 -9999.000 -9999.000 -9999.000 -9999.000 -9999.000 -9999.000 -9999.000 -9999.000 -9999.000 -9999.000 -9999.000 -9999.000 -9999.000 -9999.000 -9999.000 -9999.000 -9999.000 -9999.000 -9999.000 -9999.000 -9999.000 -9999.000 -9999.000 -9999.000 -9999.000 -9999.000 -9999.000 -9999.000
-9999.000 -9999.000 -9999.000 -9999.000 -9999.000 -9999.000 -9999.000 -9999.000 -9999.000 -9999.000 -9999.000 -9999.000 -9999.000 -9999.000 -9999.000 0.7873409E-01 0.5487301E-01 0.4713694E-01 0.4993681E-01 0.5928560E-01 0.7033027E-01 0.8143800E-01 0.9205573E-01 0.1012458 0.1095409 0.1168655 0.1236125 0.1317471 0.1478478 0.1753652 0.1753652 -9999.000 -9999.000 -9999.000 -9999.000 -9999.000 -9999.000 -9999.000 -9999.000 -9999.000 -9999.000 -9999.000 -9999.000 -9999.000 -9999.000 -9999.000 -9999.000 -9999.000 -9999.000 -9999.000 -9999.000 -9999.000 -9999.000 -9999.000 -9999.000 -9999.000 -9999.000 -9999.000 -9999.000 -9999.000
-9999.000 -9999.000 -9999.000 -9999.000 -9999.000 -9999.000 -9999.000 -9999.000 -9999.000 -9999.000 -9999.000 -9999.000 -9999.000 -9999.000 -9999.000 0.7525675E-01 0.4849712E-01 0.4011678E-01 0.4379069E-01 0.5449754E-01 0.6693264E-01 0.7946068E-01 0.9153018E-01 0.1020607 0.1116824 0.1202567 0.1282175 0.1378448 0.1568642 0.1915494 0.1915494 -9999.000 -9999.000 -9999.000 -9999.000 -9999.000 -9999.000 -9999.000 -9999.000 -9999.000 -9999.000 -9999.000 -9999.000 -9999.000 -9999.000 -9999.000 -9999.000 -9999.000 -9999.000 -9999.000 -9999.000 -9999.000 -9999.000 -9999.000 -9999.000 -9999.000 -9999.000 -9999.000 -9999.000 -9999.000
-9999.000 -9999.000 -9999.000 -9999.000 -9999.000 -9999.000 -9999.000 -9999.000 -9999.000 -9999.000 -9999.000 -9999.000 -9999.000 -9999.000 -9999.000 0.7136773E-01 0.4184288E-01 0.3319136E-01 0.3805786E-01 0.5004020E-01 0.6373639E-01 0.7760406E-01 0.9108942E-01 0.1029427 0.1138981 0.1237338 0.1329279 0.1441075 0.1662696 0.2096136 0.2096136 -9999.000 -9999.000 -9999.000 -9999.000 -9999.000 -9999.000 -9999.000 -9999.000 -9999.000 -9999.000 -9999.000 -9999.000 -9999.000 -9999.000 -9999.000 -9999.000 -9999.000 -9999.000 -9999.000 -9999.000 -9999.000 -9999.000 -9999.000 -9999.000 -9999.000 -9999.000 -9999.000 -9999.000 -9999.000
-9999.000 -9999.000 -9999.000 -9999.000 -9999.000 -9999.000 -9999.000 -9999.000 -9999.000 -9999.000 -9999.000 -9999.000 -9999.000 -9999.000 -9999.000 0.6699135E-01 0.3491701E-01 0.2673348E-01 0.3318662E-01 0.4614552E-01 0.6085714E-01 0.7593241E-01 0.9077310E-01 0.1039165 0.1162048 0.1273056 0.1377461 0.1505384 0.1760992 0.2300290 0.2300290 -9999.000 -9999.000 -9999.000 -9999.000 -9999.000 -9999.000 -9999.000 -9999.000 -9999.000 -9999.000 -9999.000 -9999.000 -9999.000 -9999.000 -9999.000 -9999.000 -9999.000 -9999.000 -9999.000 -9999.000 -9999.000 -9999.000 -9999.000 -9999.000 -9999.000 -9999.000 -9999.000 -9999.000 -9999.000
-9999.000 -9999.000 -9999.000 -9999.000 -9999.000 -9999.000 -9999.000 -9999.000 -9999.000 -9999.000 -9999.000 -9999.000 -9999.000 -9999.000 -9999.000 0.6203794E-01 0.2778551E-01 0.2163630E-01 0.2992442E-01 0.4314926E-01 0.5845645E-01 0.7453605E-01 0.9063896E-01 0.1050212 0.1186304 0.1309891 0.1426800 0.1571451 0.1863948 0.2534419 0.2534419 -9999.000 -9999.000 -9999.000 -9999.000 -9999.000 -9999.000 -9999.000 -9999.000 -9999.000 -9999.000 -9999.000 -9999.000 -9999.000 -9999.000 -9999.000 -9999.000 -9999.000 -9999.000 -9999.000 -9999.000 -9999.000 -9999.000 -9999.000 -9999.000 -9999.000 -9999.000 -9999.000 -9999.000 -9999.000
-9999.000 -9999.000 -9999.000 -9999.000 -9999.000 -9999.000 -9999.000 -9999.000 -9999.000 -9999.000 -9999.000 -9999.000 -9999.000 -9999.000 -9999.000 0.5639561E-01 0.2071989E-01 0.1970374E-01 0.2926814E-01 0.4152124E-01 0.5677738E-01 0.7356077E-01 0.9078595E-01 0.1063283 0.1212290 0.1348220 0.1477539 0.1639463 0.1972095 0.2807616 0.2807616 -9999.000 -9999.000 -9999.000 -9999.000 -9999.000 -9999.000 -9999.000 -9999.000 -9999.000 -9999.000 -9999.000 -9999.000 -9999.000 -9999.000 -9999.000 -9999.000 -9999.000 -9999.000 -9999.000 -9999.000 -9999.000 -9999.000 -9999.000 -9999.000 -9999.000 -9999.000 -9999.000 -9999.000 -9999.000
-9999.000 -9999.000 -9999.000 -9999.000 -9999.000 -9999.000 -9999.000 -9999.000 -9999.000 -9999.000 -9999.000 -9999.000 -9999.000 -9999.000 -9999.000 0.4948992E-01 0.1577952E-01 0.2477162E-01 0.3411216E-01 0.4370645E-01 0.5764973E-01 0.7434028E-01 0.9218591E-01 0.1085563 0.1245309 0.1391905 0.1532429 0.1711355 0.2087086 0.3133836 0.3133836 -9999.000 -9999.000 -9999.000 -9999.000 -9999.000 -9999.000 -9999.000 -9999.000 -9999.000 -9999.000 -9999.000 -9999.000 -9999.000 -9999.000 -9999.000 -9999.000 -9999.000 -9999.000 -9999.000 -9999.000 -9999.000 -9999.000 -9999.000 -9999.000 -9999.000 -9999.000 -9999.000 -9999.000 -9999.000
-9999.000 -9999.000 -9999.000 -9999.000 -9999.000 -9999.000 -9999.000 -9999.000 -9999.000 -9999.000 -9999.000 -9999.000 -9999.000 -9999.000 -9999.000 0.7795181E-01 0.1192269 0.1377130 0.1291916 0.1163547 0.1101374 0.1097561 0.1152091 0.1235995 0.1348478 0.1469054 0.1598470 0.1782484 0.2199804 0.3505691 0.3505691 -9999.000 -9999.000 -9999.000 -9999.000 -9999.000 -9999.000 -9999.000 -9999.000 -9999.000 -9999.000 -9999.000 -9999.000 -9999.000 -9999.000 -9999.000 -9999.000 -9999.000 -9999.000 -9999.000 -9999.000 -9999.000 -9999.000 -9999.000 -9999.000 -9999.000 -9999.000 -9999.000 -9999.000 -9999.000
2.814674 2.814674 2.815544 2.829602 2.848999 2.848999 2.851735 2.851396 2.851396 2.847656 2.847656 2.841603 2.837931 2.833918 2.829876 2.829876 2.960914 2.964685 2.965747 2.950920 2.912439 2.852172 2.769562 2.662604 2.536279 2.391029 2.230883 2.065464 1.920745 1.871684 1.871684 2.692980 2.864599 2.963791 2.988581 2.988581 3.021137 3.021137 3.002185 3.002185 2.957081 2.772995 2.772995 2.385688 2.385688 2.079190 2.079190 2.079190 2.065493 2.065493 2.098276 2.098276 2.146480 2.146480 2.196459 2.196459 2.240926 2.240926 2.240926 2.275908
2.837404 2.837404 2.846867 2.883442 2.909763 2.909763 2.924343 2.946685 2.946685 2.965171 2.965171 2.981130 2.988392 2.995265 3.002045 3.002045 3.099683 3.117454 3.132581 3.143365 3.148154 3.146348 3.135788 3.113172 3.077048 3.024784 2.955019 2.868692 2.772410 2.699441 2.699441 3.135872 3.288655 3.437753 3.478586 3.478586 3.524862 3.524862 3.525054 3.525054 3.503135 3.399555 3.399555 3.184533 3.184533 2.910303 2.910303 2.910303 2.894255 2.894255 2.929101 2.929101 2.980393 2.980393 3.032905 3.032905 3.080467 3.080467 3.080467 3.120118
2.841687 2.841687 2.849369 2.885343 2.909430 2.909430 2.924667 2.947935 2.947935 2.967094 2.967094 2.983769 2.991423 2.998718 3.005970 3.005970 3.093527 3.123177 3.149576 3.172122 3.190137 3.203719 3.212490 3.215207 3.211100 3.198472 3.175589 3.141658 3.099273 3.067037 3.067037 3.312107 3.458157 3.628374 3.678372 3.678372 3.728982 3.728982 3.716925 3.716925 3.687301 3.588785 3.588785 3.440261 3.440261 3.204952 3.204952 3.204952 3.172546 3.172546 3.195195 3.195195 3.238015 3.238015 3.284428 3.284428 3.327429 3.327429 3.327429 3.363734
2.843813 2.843813 2.848683 2.885929 2.908447 2.908447 2.924072 2.947906 2.947906 2.967230 2.967230 2.983973 2.991654 2.998966 3.006292 3.006292 3.087806 3.127464 3.164350 3.196935 3.224316 3.246413 3.263305 3.274795 3.280980 3.281550 3.275946 3.263875 3.246893 3.236458 3.236458 3.386689 3.515582 3.689863 3.743164 3.743164 3.786196 3.786196 3.749902 3.749902 3.710457 3.622488 3.622488 3.529595 3.529595 3.347010 3.347010 3.347010 3.300524 3.300524 3.308867 3.308867 3.342991 3.342991 3.384475 3.384475 3.424307 3.424307 3.424307 3.458207
2.841324 2.841324 2.853929 2.886314 2.907804 2.907804 2.923669 2.947913 2.947913 2.967287 2.967287 2.984003 2.991674 2.998985 3.006406 3.006406 3.086290 3.134602 3.181023 3.222920 3.259014 3.288926 3.312680 3.330329 3.342191 3.348535 3.349565 3.345667 3.338391 3.335552 3.335552 3.430851 3.538154 3.700981 3.747604 3.747604 3.759869 3.759869 3.692482 3.692482 3.652002 3.594584 3.594584 3.554898 3.554898 3.433924 3.433924 3.433924 3.381121 3.381121 3.374340 3.374340 3.397200 3.397200 3.432007 3.432007 3.467667 3.467667 3.467667 3.498459
2.841537 2.841537 2.856737 2.886429 2.907226 2.907226 2.923231 2.947811 2.947811 2.967246 2.967246 2.983945 2.991607 2.998912 3.006470 3.006470 3.090053 3.146293 3.201301 3.251595 3.295620 3.332793 3.363025 3.386399 3.403216 3.413872 3.418813 3.418698 3.415027 3.413384 3.413384 3.472522 3.555587 3.687500 3.711616 3.711616 3.667625 3.667625 3.584959 3.584959 3.559520 3.547906 3.547906 3.553430 3.553430 3.492408 3.492408 3.492408 3.443692 3.443692 3.425071 3.425071 3.435170 3.435170 3.460937 3.460937 3.490472 3.490472 3.490472 3.516672
2.841703 2.841703 2.858310 2.886509 2.906888 2.906888 2.922959 2.947752 2.947752 2.967236 2.967236 2.983930 2.991586 2.998886 3.006634 3.006634 3.100066 3.164125 3.226923 3.284617 3.335572 3.379154 3.415223 3.443865 3.465334 3.479999 3.488323 3.490967 3.489197 3.486877 3.486877 3.520829 3.577819 3.649459 3.628640 3.628640 3.522597 3.522597 3.464170 3.464170 3.465915 3.500345 3.500345 3.539364 3.539364 3.529634 3.529634 3.529634 3.493972 3.493972 3.469945 3.469945 3.468234 3.468234 3.483305 3.483305 3.504675 3.504675 3.504675 3.524572
2.841765 2.841765 2.858814 2.886537 2.906775 2.906775 2.922865 2.947731 2.947731 2.967234 2.967234 2.983925 2.991580 2.998877 3.006896 3.006896 3.117414 3.189651 3.259643 3.323735 3.380485 3.429378 3.470335 3.503482 3.529059 3.547391 3.558888 3.564103 3.563975 3.560769 3.560769 3.576051 3.603098 3.566277 3.482289 3.482289 3.354104 3.354104 3.357123 3.357123 3.386439 3.456041 3.456041 3.517979 3.517979 3.549046 3.549046 3.549046 3.531585 3.531585 3.509327 3.509327 3.499091 3.499091 3.503151 3.503151 3.514711 3.514711 3.514711 3.526622
2.841705 2.841705 2.858309 2.886508 2.906887 2.906887 2.922958 2.947752 2.947752 2.967236 2.967236 2.983929 2.991586 2.998886 3.007287 3.007287 3.143643 3.224721 3.301424 3.370884 3.432155 3.485039 3.529650 3.566224 3.595042 3.616413 3.630688 3.638289 3.639749 3.635322 3.635322 3.633107 3.617065 3.407890 3.275723 3.275723 3.202662 3.202662 3.276124 3.276124 3.324370 3.415896 3.415896 3.492931 3.492931 3.554789 3.554789 3.554789 3.556564 3.556564 3.541750 3.541750 3.527606 3.527606 3.521773 3.521773 3.522583 3.522583 3.522583 3.525066
2.841540 2.841540 2.856735 2.886429 2.907225 2.907225 2.923231 2.947810 2.947810 2.967246 2.967246 2.983946 2.991607 2.998913 3.007845 3.007845 3.181066 3.271717 3.354594 3.428244 3.492567 3.547887 3.594641 3.633264 3.664137 3.687595 3.703952 3.713499 3.716112 3.708076 3.708076 3.678299 3.582542 3.171109 3.053971 3.053971 3.092826 3.092826 3.213827 3.213827 3.272237 3.376529 3.376529 3.463922 3.463922 3.548570 3.548570 3.548570 3.567867 3.567867 3.563648 3.563648 3.549843 3.549843 3.536471 3.536471 3.526644 3.526644 3.526644 3.518908
2.841328 2.841328 2.853928 2.886315 2.907806 2.907806 2.923671 2.947917 2.947917 2.967292 2.967292 2.984008 2.991679 2.998989 3.008647 3.008647 3.233263 3.333943 3.422097 3.498394 3.563955 3.619839 3.666929 3.705925 3.737362 3.761645 3.779079 3.789778 3.791962 3.770386 3.770386 3.673572 3.433965 2.911911 2.880656 2.880656 3.017090 3.017090 3.159803 3.159803 3.223153 3.335186 3.335186 3.429982 3.429982 3.531082 3.531082 3.531082 3.564755 3.564755 3.571724 3.571724 3.561268 3.561268 3.543110 3.543110 3.523673 3.523673 3.523673 3.505700
2.843817 2.843817 2.848682 2.885929 2.908447 2.908447 2.924072 2.947907 2.947907 2.967232 2.967232 2.983977 2.991657 2.998971 3.009625 3.009625 3.305827 3.416117 3.507780 3.584451 3.648853 3.702962 3.748200 3.785580 3.815813 3.839384 3.856615 3.867141 3.863178 3.789572 3.789572 3.532129 3.127754 2.720469 2.770137 2.770137 2.950746 2.950746 3.102085 3.102085 3.168163 3.285674 3.285674 3.386026 3.386026 3.498816 3.498816 3.498816 3.543433 3.543433 3.560336 3.560336 3.554581 3.554581 3.534034 3.534034 3.506694 3.506694 3.506694 3.479374
