cruce_test.gid/Rasters/Hydraulic/Velocity__x_211.0.asc
NCOLS        79
NROWS        79
XLLCENTER         -1.500000
YLLCENTER         -4.800000
CELLSIZE           0.100
NODATA_VALUE     -9999.0
[rows 0 to 25 of 79, columns 0 to 57 of 79]
-9999.000 -9999.000 -9999.000 -9999.000 -9999.000 -9999.000 -9999.000 -9999.000 -9999.000 -9999.000 -9999.000 -9999.000 -9999.000 -9999.000 -9999.000 -0.1867450E-02 -0.1730321E-02 0.1535382E-02 0.6429724E-02 0.1157039E-01 0.1583270E-01 0.1886288E-01 0.2063254E-01 0.2121497E-01 0.2076646E-01 0.1944410E-01 0.1734026E-01 0.1441201E-01 0.1008726E-01 0.4938693E-02 0.4938693E-02 -9999.000 -9999.000 -9999.000 -9999.000 -9999.000 -9999.000 -9999.000 -9999.000 -9999.000 -9999.000 -9999.000 -9999.000 -9999.000 -9999.000 -9999.000 -9999.000 -9999.000 -9999.000 -9999.000 -9999.000 -9999.000 -9999.000 -9999.000 -9999.000 -9999.000 -9999.000 -9999.000
-9999.000 -9999.000 -9999.000 -9999.000 -9999.000 -9999.000 -9999.000 -9999.000 -9999.000 -9999.000 -9999.000 -9999.000 -9999.000 -9999.000 -9999.000 -0.6004872E-03 0.7568777E-03 0.5053630E-02 0.1081617E-01 0.1672598E-01 0.2167541E-01 0.2524824E-01 0.2734239E-01 0.2797476E-01 0.2726223E-01 0.2534347E-01 0.2231825E-01 0.1818416E-01 0.1249815E-01 0.6099310E-02 0.6099310E-02 -9999.000 -9999.000 -9999.000 -9999.000 -9999.000 -9999.000 -9999.000 -9999.000 -9999.000 -9999.000 -9999.000 -9999.000 -9999.000 -9999.000 -9999.000 -9999.000 -9999.000 -9999.000 -9999.000 -9999.000 -9999.000 -9999.000 -9999.000 -9999.000 -9999.000 -9999.000 -9999.000
-9999.000 -9999.000 -9999.000 -9999.000 -9999.000 -9999.000 -9999.000 -9999.000 -9999.000 -9999.000 -9999.000 -9999.000 -9999.000 -9999.000 -9999.000 -0.1756273E-03 0.1691861E-02 0.6594181E-02 0.1293635E-01 0.1935723E-01 0.2471314E-01 0.2857006E-01 0.3081391E-01 0.3145405E-01 0.3060669E-01 0.2841479E-01 0.2498731E-01 0.2033469E-01 0.1401243E-01 0.6876608E-02 0.6876608E-02 -9999.000 -9999.000 -9999.000 -9999.000 -9999.000 -9999.000 -9999.000 -9999.000 -9999.000 -9999.000 -9999.000 -9999.000 -9999.000 -9999.000 -9999.000 -9999.000 -9999.000 -9999.000 -9999.000 -9999.000 -9999.000 -9999.000 -9999.000 -9999.000 -9999.000 -9999.000 -9999.000
-9999.000 -9999.000 -9999.000 -9999.000 -9999.000 -9999.000 -9999.000 -9999.000 -9999.000 -9999.000 -9999.000 -9999.000 -9999.000 -9999.000 -9999.000 0.2130207E-04 0.2162746E-02 0.7432711E-02 0.1414959E-01 0.2091089E-01 0.2653996E-01 0.3059223E-01 0.3294970E-01 0.3361909E-01 0.3271925E-01 0.3039727E-01 0.2676596E-01 0.2183652E-01 0.1514135E-01 0.7484848E-02 0.7484848E-02 -9999.000 -9999.000 -9999.000 -9999.000 -9999.000 -9999.000 -9999.000 -9999.000 -9999.000 -9999.000 -9999.000 -9999.000 -9999.000 -9999.000 -9999.000 -9999.000 -9999.000 -9999.000 -9999.000 -9999.000 -9999.000 -9999.000 -9999.000 -9999.000 -9999.000 -9999.000 -9999.000
-9999.000 -9999.000 -9999.000 -9999.000 -9999.000 -9999.000 -9999.000 -9999.000 -9999.000 -9999.000 -9999.000 -9999.000 -9999.000 -9999.000 -9999.000 0.1449248E-03 0.2479803E-02 0.8029725E-02 0.1504085E-01 0.2207210E-01 0.2791830E-01 0.3213012E-01 0.3458830E-01 0.3529923E-01 0.3438589E-01 0.3199779E-01 0.2824785E-01 0.2314386E-01 0.1618142E-01 0.8067277E-02 0.8067277E-02 -9999.000 -9999.000 -9999.000 -9999.000 -9999.000 -9999.000 -9999.000 -9999.000 -9999.000 -9999.000 -9999.000 -9999.000 -9999.000 -9999.000 -9999.000 -9999.000 -9999.000 -9999.000 -9999.000 -9999.000 -9999.000 -9999.000 -9999.000 -9999.000 -9999.000 -9999.000 -9999.000
-9999.000 -9999.000 -9999.000 -9999.000 -9999.000 -9999.000 -9999.000 -9999.000 -9999.000 -9999.000 -9999.000 -9999.000 -9999.000 -9999.000 -9999.000 0.2562314E-03 0.2769285E-02 0.8578710E-02 0.1586238E-01 0.2314118E-01 0.2918463E-01 0.3354275E-01 0.3609857E-01 0.3685845E-01 0.3595074E-01 0.3352698E-01 0.2969863E-01 0.2446591E-01 0.1727706E-01 0.8697559E-02 0.8697559E-02 -9999.000 -9999.000 -9999.000 -9999.000 -9999.000 -9999.000 -9999.000 -9999.000 -9999.000 -9999.000 -9999.000 -9999.000 -9999.000 -9999.000 -9999.000 -9999.000 -9999.000 -9999.000 -9999.000 -9999.000 -9999.000 -9999.000 -9999.000 -9999.000 -9999.000 -9999.000 -9999.000
-9999.000 -9999.000 -9999.000 -9999.000 -9999.000 -9999.000 -9999.000 -9999.000 -9999.000 -9999.000 -9999.000 -9999.000 -9999.000 -9999.000 -9999.000 0.3828727E-03 0.3088404E-02 0.9166982E-02 0.1672728E-01 0.2425310E-01 0.3049008E-01 0.3499286E-01 0.3764822E-01 0.3846430E-01 0.3757537E-01 0.3513506E-01 0.3125149E-01 0.2591474E-01 0.1851374E-01 0.9422268E-02 0.9422268E-02 -9999.000 -9999.000 -9999.000 -9999.000 -9999.000 -9999.000 -9999.000 -9999.000 -9999.000 -9999.000 -9999.000 -9999.000 -9999.000 -9999.000 -9999.000 -9999.000 -9999.000 -9999.000 -9999.000 -9999.000 -9999.000 -9999.000 -9999.000 -9999.000 -9999.000 -9999.000 -9999.000
-9999.000 -9999.000 -9999.000 -9999.000 -9999.000 -9999.000 -9999.000 -9999.000 -9999.000 -9999.000 -9999.000 -9999.000 -9999.000 -9999.000 -9999.000 0.5397599E-03 0.3467162E-02 0.9839443E-02 0.1769380E-01 0.2547650E-01 0.3191251E-01 0.3656425E-01 0.3932526E-01 0.4020604E-01 0.3934845E-01 0.3690775E-01 0.3298806E-01 0.2756563E-01 0.1995670E-01 0.1028108E-01 0.1028108E-01 -9999.000 -9999.000 -9999.000 -9999.000 -9999.000 -9999.000 -9999.000 -9999.000 -9999.000 -9999.000 -9999.000 -9999.000 -9999.000 -9999.000 -9999.000 -9999.000 -9999.000 -9999.000 -9999.000 -9999.000 -9999.000 -9999.000 -9999.000 -9999.000 -9999.000 -9999.000 -9999.000
-9999.000 -9999.000 -9999.000 -9999.000 -9999.000 -9999.000 -9999.000 -9999.000 -9999.000 -9999.000 -9999.000 -9999.000 -9999.000 -9999.000 -9999.000 0.7368093E-03 0.3926015E-02 0.1062660E-01 0.1880099E-01 0.2685771E-01 0.3350262E-01 0.3831209E-01 0.4118871E-01 0.4214577E-01 0.4133469E-01 0.3891264E-01 0.3497724E-01 0.2948853E-01 0.2167482E-01 0.1131811E-01 0.1131811E-01 -9999.000 -9999.000 -9999.000 -9999.000 -9999.000 -9999.000 -9999.000 -9999.000 -9999.000 -9999.000 -9999.000 -9999.000 -9999.000 -9999.000 -9999.000 -9999.000 -9999.000 -9999.000 -9999.000 -9999.000 -9999.000 -9999.000 -9999.000 -9999.000 -9999.000 -9999.000 -9999.000
-9999.000 -9999.000 -9999.000 -9999.000 -9999.000 -9999.000 -9999.000 -9999.000 -9999.000 -9999.000 -9999.000 -9999.000 -9999.000 -9999.000 -9999.000 0.9835458E-03 0.4483823E-02 0.1155638E-01 0.2008438E-01 0.2843831E-01 0.3530743E-01 0.4028808E-01 0.4329411E-01 0.4434339E-01 0.4359930E-01 0.4121981E-01 0.3729543E-01 0.3176620E-01 0.2375382E-01 0.1259030E-01 0.1259030E-01 -9999.000 -9999.000 -9999.000 -9999.000 -9999.000 -9999.000 -9999.000 -9999.000 -9999.000 -9999.000 -9999.000 -9999.000 -9999.000 -9999.000 -9999.000 -9999.000 -9999.000 -9999.000 -9999.000 -9999.000 -9999.000 -9999.000 -9999.000 -9999.000 -9999.000 -9999.000 -9999.000
-9999.000 -9999.000 -9999.000 -9999.000 -9999.000 -9999.000 -9999.000 -9999.000 -9999.000 -9999.000 -9999.000 -9999.000 -9999.000 -9999.000 -9999.000 0.1290638E-02 0.5162410E-02 0.1266071E-01 0.2158499E-01 0.3026657E-01 0.3738089E-01 0.4255122E-01 0.4570660E-01 0.4687065E-01 0.4622113E-01 0.4391728E-01 0.4004081E-01 0.3450747E-01 0.2631028E-01 0.1417582E-01 0.1417582E-01 -9999.000 -9999.000 -9999.000 -9999.000 -9999.000 -9999.000 -9999.000 -9999.000 -9999.000 -9999.000 -9999.000 -9999.000 -9999.000 -9999.000 -9999.000 -9999.000 -9999.000 -9999.000 -9999.000 -9999.000 -9999.000 -9999.000 -9999.000 -9999.000 -9999.000 -9999.000 -9999.000
-9999.000 -9999.000 -9999.000 -9999.000 -9999.000 -9999.000 -9999.000 -9999.000 -9999.000 -9999.000 -9999.000 -9999.000 -9999.000 -9999.000 -9999.000 0.1675219E-02 0.5996771E-02 0.1399332E-01 0.2337459E-01 0.3242049E-01 0.3980676E-01 0.4519113E-01 0.4852203E-01 0.4983067E-01 0.4931297E-01 0.4712988E-01 0.4335226E-01 0.3786751E-01 0.2951265E-01 0.1618876E-01 0.1618876E-01 -9999.000 -9999.000 -9999.000 -9999.000 -9999.000 -9999.000 -9999.000 -9999.000 -9999.000 -9999.000 -9999.000 -9999.000 -9999.000 -9999.000 -9999.000 -9999.000 -9999.000 -9999.000 -9999.000 -9999.000 -9999.000 -9999.000 -9999.000 -9999.000 -9999.000 -9999.000 -9999.000
-9999.000 -9999.000 -9999.000 -9999.000 -9999.000 -9999.000 -9999.000 -9999.000 -9999.000 -9999.000 -9999.000 -9999.000 -9999.000 -9999.000 -9999.000 0.2211269E-02 0.7144641E-02 0.1580653E-01 0.2576835E-01 0.3521833E-01 0.4288268E-01 0.4848776E-01 0.5200376E-01 0.5347357E-01 0.5311780E-01 0.5109922E-01 0.4747718E-01 0.4210482E-01 0.3362881E-01 0.1880604E-01 0.1880604E-01 -9999.000 -9999.000 -9999.000 -9999.000 -9999.000 -9999.000 -9999.000 -9999.000 -9999.000 -9999.000 -9999.000 -9999.000 -9999.000 -9999.000 -9999.000 -9999.000 -9999.000 -9999.000 -9999.000 -9999.000 -9999.000 -9999.000 -9999.000 -9999.000 -9999.000 -9999.000 -9999.000
-9999.000 -9999.000 -9999.000 -9999.000 -9999.000 -9999.000 -9999.000 -9999.000 -9999.000 -9999.000 -9999.000 -9999.000 -9999.000 -9999.000 -9999.000 0.4828484E-02 0.1272663E-01 0.2465515E-01 0.3605203E-01 0.4516359E-01 0.5225226E-01 0.5726259E-01 0.6019596E-01 0.6114092E-01 0.6036253E-01 0.5802462E-01 0.5416496E-01 0.4858379E-01 0.3967761E-01 0.2259673E-01 0.2259673E-01 -9999.000 -9999.000 -9999.000 -9999.000 -9999.000 -9999.000 -9999.000 -9999.000 -9999.000 -9999.000 -9999.000 -9999.000 -9999.000 -9999.000 -9999.000 -9999.000 -9999.000 -9999.000 -9999.000 -9999.000 -9999.000 -9999.000 -9999.000 -9999.000 -9999.000 -9999.000 -9999.000
-9999.000 -9999.000 -9999.000 -9999.000 -9999.000 -9999.000 -9999.000 -9999.000 -9999.000 -9999.000 -9999.000 -9999.000 -9999.000 -9999.000 -9999.000 0.1140332 0.1754660 0.2070461 0.1998822 0.1691851 0.1461509 0.1262910 0.1093129 0.9490234E-01 0.8271599E-01 0.7211846E-01 0.6253487E-01 0.5316707E-01 0.4175926E-01 0.2002178E-01 0.2002178E-01 -9999.000 -9999.000 -9999.000 -9999.000 -9999.000 -9999.000 -9999.000 -9999.000 -9999.000 -9999.000 -9999.000 -9999.000 -9999.000 -9999.000 -9999.000 -9999.000 -9999.000 -9999.000 -9999.000 -9999.000 -9999.000 -9999.000 -9999.000 -9999.000 -9999.000 -9999.000 -9999.000
2.906719 2.906719 2.924863 2.926999 2.946911 2.946911 2.949584 2.949053 2.949053 2.944930 2.944930 2.938371 2.934426 2.930139 2.925939 2.925939 3.095165 3.100239 3.101642 3.100696 3.070226 3.015401 2.936658 2.833041 2.704700 2.556733 2.390974 2.215703 2.054174 1.976224 1.976224 2.818818 3.000960 3.111749 3.140402 3.140402 3.181528 3.181528 3.177632 3.177632 3.141387 2.979997 2.979997 2.680103 2.680103 2.243103 2.243103 2.243103 2.204610 2.204610 2.226842 2.226842 2.272572 2.272572 2.323070 2.323070 2.369815 2.369815
2.930352 2.930352 2.957475 2.982419 3.009824 3.009824 3.024665 3.047425 3.047425 3.066155 3.066155 3.082247 3.089555 3.096472 3.103400 3.103400 3.228195 3.249156 3.265648 3.280001 3.286797 3.286435 3.277286 3.256328 3.220397 3.168037 3.097153 3.008124 2.907079 2.819841 2.819841 3.266328 3.428423 3.587007 3.630977 3.630977 3.683907 3.683907 3.693604 3.693604 3.677823 3.587452 3.587452 3.409658 3.409658 3.088337 3.088337 3.088337 3.044539 3.044539 3.068624 3.068624 3.116915 3.116915 3.169919 3.169919 3.219516 3.219516
2.935156 2.935156 2.959960 2.984286 3.009526 3.009526 3.025053 3.048706 3.048706 3.068079 3.068079 3.084890 3.092601 3.099945 3.107369 3.107369 3.217884 3.252278 3.281279 3.306599 3.326205 3.340249 3.348650 3.350503 3.344310 3.328946 3.302596 3.264229 3.216213 3.174366 3.174366 3.423800 3.581296 3.766481 3.821690 3.821690 3.882697 3.882697 3.881864 3.881864 3.857059 3.760935 3.760935 3.625035 3.625035 3.377082 3.377082 3.377082 3.320399 3.320399 3.330731 3.330731 3.369744 3.369744 3.416442 3.416442 3.461509 3.461509
2.938080 2.938080 2.962186 2.984851 3.008588 3.008588 3.024549 3.048671 3.048671 3.068089 3.068089 3.084897 3.092612 3.099963 3.107479 3.107479 3.208539 3.253809 3.294295 3.329943 3.359348 3.382223 3.398671 3.408635 3.411814 3.408101 3.397013 3.378239 3.353331 3.332461 3.332461 3.482696 3.620857 3.813908 3.875697 3.875697 3.936685 3.936685 3.914188 3.914188 3.876192 3.778954 3.778954 3.685965 3.685965 3.511742 3.511742 3.511742 3.449120 3.449120 3.444553 3.444553 3.473109 3.473109 3.513820 3.513820 3.555279 3.555279
2.939158 2.939158 2.961437 2.984721 3.007625 3.007625 3.024016 3.048618 3.048618 3.068081 3.068081 3.084871 3.092581 3.099931 3.107574 3.107574 3.204228 3.258483 3.309122 3.354344 3.392751 3.423743 3.447235 3.463293 3.471963 3.473505 3.468140 3.456247 3.439407 3.424841 3.424841 3.515302 3.627651 3.810715 3.870241 3.870241 3.910879 3.910879 3.856479 3.856479 3.811086 3.735874 3.735874 3.691655 3.691655 3.589649 3.589649 3.589649 3.530860 3.530860 3.512933 3.512933 3.528609 3.528609 3.561083 3.561083 3.597497 3.597497
2.935593 2.935593 2.966102 2.984340 3.006822 3.006822 3.023570 3.048582 3.048582 3.068086 3.068086 3.084864 3.092570 3.099919 3.107749 3.107749 3.206020 3.268210 3.327673 3.381388 3.427781 3.466094 3.496096 3.517806 3.531333 3.536973 3.535120 3.526389 3.512267 3.498046 3.498046 3.548564 3.632252 3.786337 3.830063 3.830063 3.823061 3.823061 3.741090 3.741090 3.705445 3.675597 3.675597 3.677604 3.677604 3.638240 3.638240 3.638240 3.592396 3.592396 3.566586 3.566586 3.569026 3.569026 3.590932 3.590932 3.620090 3.620090
2.935157 2.935157 2.968459 2.984104 3.006346 3.006346 3.023306 3.048576 3.048576 3.068105 3.068105 3.084871 3.092574 3.099921 3.108019 3.108019 3.214734 3.284502 3.351682 3.412648 3.465759 3.510259 3.545880 3.572610 3.590558 3.599976 3.601232 3.594903 3.582208 3.566868 3.566868 3.589869 3.644462 3.746171 3.754181 3.754181 3.680968 3.680968 3.607529 3.607529 3.598515 3.620267 3.620267 3.658079 3.658079 3.667820 3.667820 3.667820 3.640542 3.640542 3.614203 3.614203 3.605959 3.605959 3.616137 3.616137 3.635907 3.635907
2.935013 2.935013 2.969239 2.984027 3.006186 3.006186 3.023216 3.048574 3.048574 3.068112 3.068112 3.084874 3.092577 3.099923 3.108388 3.108388 3.231360 3.308882 3.382868 3.449761 3.508115 3.557357 3.597323 3.628051 3.649673 3.662393 3.666506 3.662457 3.651112 3.634748 3.634748 3.638326 3.663370 3.676994 3.626487 3.626487 3.506117 3.506117 3.487203 3.487203 3.509417 3.572887 3.572887 3.635299 3.635299 3.681978 3.681978 3.681978 3.675087 3.675087 3.654947 3.654947 3.640760 3.640760 3.639842 3.639842 3.648830 3.648830
2.935157 2.935157 2.968459 2.984105 3.006346 3.006346 3.023307 3.048577 3.048577 3.068105 3.068105 3.084871 3.092574 3.099922 3.108899 3.108899 3.257389 3.343110 3.423053 3.494419 3.556318 3.608564 3.651257 3.684581 3.708747 3.723950 3.730419 3.728447 3.718493 3.701163 3.701163 3.688974 3.679008 3.550273 3.436762 3.436762 3.338958 3.338958 3.395640 3.395640 3.441252 3.531451 3.531451 3.610080 3.610080 3.684185 3.684185 3.684185 3.696549 3.696549 3.686975 3.686975 3.671709 3.671709 3.661935 3.661935 3.659757 3.659757
2.935593 2.935593 2.966103 2.984341 3.006822 3.006822 3.023571 3.048583 3.048583 3.068087 3.068087 3.084864 3.092571 3.099919 3.109602 3.109602 3.295035 3.389364 3.474217 3.548318 3.611739 3.664931 3.708397 3.742578 3.767811 3.784339 3.792341 3.791968 3.783108 3.763441 3.763441 3.731479 3.665879 3.344649 3.211951 3.211951 3.213788 3.213788 3.329108 3.329108 3.387514 3.492882 3.492882 3.582431 3.582431 3.676750 3.676750 3.676750 3.705535 3.705535 3.708177 3.708177 3.695977 3.695977 3.680465 3.680465 3.667832 3.667832
2.939159 2.939159 2.961437 2.984720 3.007624 3.007624 3.024015 3.048618 3.048618 3.068081 3.068081 3.084872 3.092581 3.099931 3.110581 3.110581 3.347690 3.450498 3.538601 3.613112 3.675530 3.727189 3.769131 3.802118 3.826659 3.843066 3.851498 3.851934 3.843029 3.814675 3.814675 3.740073 3.571428 3.088970 3.016903 3.016903 3.130782 3.130782 3.274205 3.274205 3.338554 3.452730 3.452730 3.550090 3.550090 3.659224 3.659224 3.659224 3.701062 3.701062 3.715387 3.715387 3.708704 3.708704 3.690575 3.690575 3.669141 3.669141
