cruce_test.gid/Rasters/Hydraulic/Velocity__x_192.0.asc
NCOLS        79
NROWS        79
XLLCENTER         -1.500000
YLLCENTER         -4.800000
CELLSIZE           0.100
NODATA_VALUE     -9999.0
[rows 0 to 25 of 79, columns 0 to 57 of 79]
-9999.000 -9999.000 -9999.000 -9999.000 -9999.000 -9999.000 -9999.000 -9999.000 -9999.000 -9999.000 -9999.000 -9999.000 -9999.000 -9999.000 -9999.000 -0.1929158E-02 -0.2019773E-02 0.8436959E-03 0.5371531E-02 0.1028760E-01 0.1446322E-01 0.1747510E-01 0.1926925E-01 0.1989573E-01 0.1950590E-01 0.1826979E-01 0.1627778E-01 0.1350223E-01 0.9426402E-02 0.4604492E-02 0.4604492E-02 -9999.000 -9999.000 -9999.000 -9999.000 -9999.000 -9999.000 -9999.000 -9999.000 -9999.000 -9999.000 -9999.000 -9999.000 -9999.000 -9999.000 -9999.000 -9999.000 -9999.000 -9999.000 -9999.000 -9999.000 -9999.000 -9999.000 -9999.000 -9999.000 -9999.000 -9999.000 -9999.000
-9999.000 -9999.000 -9999.000 -9999.000 -9999.000 -9999.000 -9999.000 -9999.000 -9999.000 -9999.000 -9999.000 -9999.000 -9999.000 -9999.000 -9999.000 -0.7465778E-03 0.3219122E-03 0.4190094E-02 0.9580497E-02 0.1526796E-01 0.2013636E-01 0.2370219E-01 0.2583643E-01 0.2653250E-01 0.2590196E-01 0.2409469E-01 0.2120887E-01 0.1725588E-01 0.1183999E-01 0.5771185E-02 0.5771185E-02 -9999.000 -9999.000 -9999.000 -9999.000 -9999.000 -9999.000 -9999.000 -9999.000 -9999.000 -9999.000 -9999.000 -9999.000 -9999.000 -9999.000 -9999.000 -9999.000 -9999.000 -9999.000 -9999.000 -9999.000 -9999.000 -9999.000 -9999.000 -9999.000 -9999.000 -9999.000 -9999.000
-9999.000 -9999.000 -9999.000 -9999.000 -9999.000 -9999.000 -9999.000 -9999.000 -9999.000 -9999.000 -9999.000 -9999.000 -9999.000 -9999.000 -9999.000 -0.3375872E-03 0.1229395E-02 0.5698379E-02 0.1167179E-01 0.1788329E-01 0.2317598E-01 0.2704188E-01 0.2933823E-01 0.3004935E-01 0.2928550E-01 0.2720259E-01 0.2390773E-01 0.1942637E-01 0.1336443E-01 0.6552418E-02 0.6552418E-02 -9999.000 -9999.000 -9999.000 -9999.000 -9999.000 -9999.000 -9999.000 -9999.000 -9999.000 -9999.000 -9999.000 -9999.000 -9999.000 -9999.000 -9999.000 -9999.000 -9999.000 -9999.000 -9999.000 -9999.000 -9999.000 -9999.000 -9999.000 -9999.000 -9999.000 -9999.000 -9999.000
-9999.000 -9999.000 -9999.000 -9999.000 -9999.000 -9999.000 -9999.000 -9999.000 -9999.000 -9999.000 -9999.000 -9999.000 -9999.000 -9999.000 -9999.000 -0.1555919E-03 0.1674040E-02 0.6507203E-02 0.1286088E-01 0.1942918E-01 0.2501676E-01 0.2909637E-01 0.3151893E-01 0.3226419E-01 0.3144653E-01 0.2922740E-01 0.2571758E-01 0.2094564E-01 0.1449889E-01 0.7161513E-02 0.7161513E-02 -9999.000 -9999.000 -9999.000 -9999.000 -9999.000 -9999.000 -9999.000 -9999.000 -9999.000 -9999.000 -9999.000 -9999.000 -9999.000 -9999.000 -9999.000 -9999.000 -9999.000 -9999.000 -9999.000 -9999.000 -9999.000 -9999.000 -9999.000 -9999.000 -9999.000 -9999.000 -9999.000
-9999.000 -9999.000 -9999.000 -9999.000 -9999.000 -9999.000 -9999.000 -9999.000 -9999.000 -9999.000 -9999.000 -9999.000 -9999.000 -9999.000 -9999.000 -0.5630159E-04 0.1946392E-02 0.7048733E-02 0.1369802E-01 0.2055183E-01 0.2637962E-01 0.3063856E-01 0.3317577E-01 0.3396861E-01 0.3313655E-01 0.3084611E-01 0.2720811E-01 0.2224977E-01 0.1552805E-01 0.7735719E-02 0.7735719E-02 -9999.000 -9999.000 -9999.000 -9999.000 -9999.000 -9999.000 -9999.000 -9999.000 -9999.000 -9999.000 -9999.000 -9999.000 -9999.000 -9999.000 -9999.000 -9999.000 -9999.000 -9999.000 -9999.000 -9999.000 -9999.000 -9999.000 -9999.000 -9999.000 -9999.000 -9999.000 -9999.000
-9999.000 -9999.000 -9999.000 -9999.000 -9999.000 -9999.000 -9999.000 -9999.000 -9999.000 -9999.000 -9999.000 -9999.000 -9999.000 -9999.000 -9999.000 0.1968192E-04 0.2169755E-02 0.7512120E-02 0.1442967E-01 0.2154529E-01 0.2759441E-01 0.3202118E-01 0.3467133E-01 0.3552058E-01 0.3469468E-01 0.3236524E-01 0.2864114E-01 0.2354507E-01 0.1659387E-01 0.8346853E-02 0.8346853E-02 -9999.000 -9999.000 -9999.000 -9999.000 -9999.000 -9999.000 -9999.000 -9999.000 -9999.000 -9999.000 -9999.000 -9999.000 -9999.000 -9999.000 -9999.000 -9999.000 -9999.000 -9999.000 -9999.000 -9999.000 -9999.000 -9999.000 -9999.000 -9999.000 -9999.000 -9999.000 -9999.000
-9999.000 -9999.000 -9999.000 -9999.000 -9999.000 -9999.000 -9999.000 -9999.000 -9999.000 -9999.000 -9999.000 -9999.000 -9999.000 -9999.000 -9999.000 0.9976695E-04 0.2400891E-02 0.7984693E-02 0.1516964E-01 0.2254539E-01 0.2881425E-01 0.3340876E-01 0.3617550E-01 0.3708892E-01 0.3628309E-01 0.3393457E-01 0.3014853E-01 0.2494081E-01 0.1777816E-01 0.9039972E-02 0.9039972E-02 -9999.000 -9999.000 -9999.000 -9999.000 -9999.000 -9999.000 -9999.000 -9999.000 -9999.000 -9999.000 -9999.000 -9999.000 -9999.000 -9999.000 -9999.000 -9999.000 -9999.000 -9999.000 -9999.000 -9999.000 -9999.000 -9999.000 -9999.000 -9999.000 -9999.000 -9999.000 -9999.000
-9999.000 -9999.000 -9999.000 -9999.000 -9999.000 -9999.000 -9999.000 -9999.000 -9999.000 -9999.000 -9999.000 -9999.000 -9999.000 -9999.000 -9999.000 0.1983430E-03 0.2669412E-02 0.8511300E-02 0.1597655E-01 0.2362214E-01 0.3011732E-01 0.3488563E-01 0.3777620E-01 0.3876321E-01 0.3799042E-01 0.3563949E-01 0.3181042E-01 0.2650981E-01 0.1914351E-01 0.9852014E-02 0.9852014E-02 -9999.000 -9999.000 -9999.000 -9999.000 -9999.000 -9999.000 -9999.000 -9999.000 -9999.000 -9999.000 -9999.000 -9999.000 -9999.000 -9999.000 -9999.000 -9999.000 -9999.000 -9999.000 -9999.000 -9999.000 -9999.000 -9999.000 -9999.000 -9999.000 -9999.000 -9999.000 -9999.000
-9999.000 -9999.000 -9999.000 -9999.000 -9999.000 -9999.000 -9999.000 -9999.000 -9999.000 -9999.000 -9999.000 -9999.000 -9999.000 -9999.000 -9999.000 0.3247212E-03 0.2994440E-02 0.9120877E-02 0.1688763E-01 0.2481936E-01 0.3155368E-01 0.3650618E-01 0.3953162E-01 0.4060394E-01 0.3987879E-01 0.3754390E-01 0.3369134E-01 0.2831715E-01 0.2075273E-01 0.1082328E-01 0.1082328E-01 -9999.000 -9999.000 -9999.000 -9999.000 -9999.000 -9999.000 -9999.000 -9999.000 -9999.000 -9999.000 -9999.000 -9999.000 -9999.000 -9999.000 -9999.000 -9999.000 -9999.000 -9999.000 -9999.000 -9999.000 -9999.000 -9999.000 -9999.000 -9999.000 -9999.000 -9999.000 -9999.000
-9999.000 -9999.000 -9999.000 -9999.000 -9999.000 -9999.000 -9999.000 -9999.000 -9999.000 -9999.000 -9999.000 -9999.000 -9999.000 -9999.000 -9999.000 0.4874385E-03 0.3393136E-02 0.9838752E-02 0.1793536E-01 0.2617620E-01 0.3316677E-01 0.3831823E-01 0.4149320E-01 0.4266596E-01 0.4200723E-01 0.3971109E-01 0.3586003E-01 0.3043632E-01 0.2268190E-01 0.1200431E-01 0.1200431E-01 -9999.000 -9999.000 -9999.000 -9999.000 -9999.000 -9999.000 -9999.000 -9999.000 -9999.000 -9999.000 -9999.000 -9999.000 -9999.000 -9999.000 -9999.000 -9999.000 -9999.000 -9999.000 -9999.000 -9999.000 -9999.000 -9999.000 -9999.000 -9999.000 -9999.000 -9999.000 -9999.000
-9999.000 -9999.000 -9999.000 -9999.000 -9999.000 -9999.000 -9999.000 -9999.000 -9999.000 -9999.000 -9999.000 -9999.000 -9999.000 -9999.000 -9999.000 0.6957373E-03 0.3884478E-02 0.1069325E-01 0.1915650E-01 0.2773603E-01 0.3500572E-01 0.4037579E-01 0.4372029E-01 0.4501428E-01 0.4444727E-01 0.4222018E-01 0.3840322E-01 0.3296291E-01 0.2503367E-01 0.1346418E-01 0.1346418E-01 -9999.000 -9999.000 -9999.000 -9999.000 -9999.000 -9999.000 -9999.000 -9999.000 -9999.000 -9999.000 -9999.000 -9999.000 -9999.000 -9999.000 -9999.000 -9999.000 -9999.000 -9999.000 -9999.000 -9999.000 -9999.000 -9999.000 -9999.000 -9999.000 -9999.000 -9999.000 -9999.000
-9999.000 -9999.000 -9999.000 -9999.000 -9999.000 -9999.000 -9999.000 -9999.000 -9999.000 -9999.000 -9999.000 -9999.000 -9999.000 -9999.000 -9999.000 0.9650049E-03 0.4499950E-02 0.1173223E-01 0.2061479E-01 0.2956846E-01 0.3714561E-01 0.4275875E-01 0.4629792E-01 0.4774028E-01 0.4729813E-01 0.4518056E-01 0.4144259E-01 0.3603227E-01 0.2795401E-01 0.1530162E-01 0.1530162E-01 -9999.000 -9999.000 -9999.000 -9999.000 -9999.000 -9999.000 -9999.000 -9999.000 -9999.000 -9999.000 -9999.000 -9999.000 -9999.000 -9999.000 -9999.000 -9999.000 -9999.000 -9999.000 -9999.000 -9999.000 -9999.000 -9999.000 -9999.000 -9999.000 -9999.000 -9999.000 -9999.000
-9999.000 -9999.000 -9999.000 -9999.000 -9999.000 -9999.000 -9999.000 -9999.000 -9999.000 -9999.000 -9999.000 -9999.000 -9999.000 -9999.000 -9999.000 0.1374523E-02 0.5409623E-02 0.1322665E-01 0.2266338E-01 0.3203902E-01 0.3991642E-01 0.4576941E-01 0.4950252E-01 0.5109838E-01 0.5079907E-01 0.4882256E-01 0.4520647E-01 0.3987668E-01 0.3167951E-01 0.1767188E-01 0.1767188E-01 -9999.000 -9999.000 -9999.000 -9999.000 -9999.000 -9999.000 -9999.000 -9999.000 -9999.000 -9999.000 -9999.000 -9999.000 -9999.000 -9999.000 -9999.000 -9999.000 -9999.000 -9999.000 -9999.000 -9999.000 -9999.000 -9999.000 -9999.000 -9999.000 -9999.000 -9999.000 -9999.000
-9999.000 -9999.000 -9999.000 -9999.000 -9999.000 -9999.000 -9999.000 -9999.000 -9999.000 -9999.000 -9999.000 -9999.000 -9999.000 -9999.000 -9999.000 0.3963565E-02 0.1095698E-01 0.2227909E-01 0.3344777E-01 0.4258877E-01 0.4971037E-01 0.5483748E-01 0.5785695E-01 0.5879284E-01 0.5794149E-01 0.5552761E-01 0.5155639E-01 0.4591313E-01 0.3723126E-01 0.2112893E-01 0.2112893E-01 -9999.000 -9999.000 -9999.000 -9999.000 -9999.000 -9999.000 -9999.000 -9999.000 -9999.000 -9999.000 -9999.000 -9999.000 -9999.000 -9999.000 -9999.000 -9999.000 -9999.000 -9999.000 -9999.000 -9999.000 -9999.000 -9999.000 -9999.000 -9999.000 -9999.000 -9999.000 -9999.000
-9999.000 -9999.000 -9999.000 -9999.000 -9999.000 -9999.000 -9999.000 -9999.000 -9999.000 -9999.000 -9999.000 -9999.000 -9999.000 -9999.000 -9999.000 0.1158940 0.1799936 0.2153008 0.2113747 0.1815608 0.1545322 0.1321658 0.1131025 0.9690356E-01 0.8331469E-01 0.7161026E-01 0.6112430E-01 0.5110317E-01 0.3950620E-01 0.1875903E-01 0.1875903E-01 -9999.000 -9999.000 -9999.000 -9999.000 -9999.000 -9999.000 -9999.000 -9999.000 -9999.000 -9999.000 -9999.000 -9999.000 -9999.000 -9999.000 -9999.000 -9999.000 -9999.000 -9999.000 -9999.000 -9999.000 -9999.000 -9999.000 -9999.000 -9999.000 -9999.000 -9999.000 -9999.000
2.885227 2.885227 2.860487 2.923130 2.928597 2.928597 2.930857 2.931149 2.931149 2.928025 2.928025 2.922584 2.919219 2.915512 2.911527 2.911527 3.066063 3.070515 3.071332 3.070460 3.045779 2.995960 2.922550 2.825742 2.702485 2.560231 2.399635 2.227988 2.066660 1.982748 1.982748 2.788915 2.966005 3.076921 3.106309 3.106309 3.150129 3.150129 3.154424 3.154424 3.125739 2.984406 2.984406 2.711729 2.711729 2.256627 2.256627 2.256627 2.202509 2.202509 2.215413 2.215413 2.256089 2.256089 2.303856 2.303856 2.349246 2.349246
2.909041 2.909041 2.888413 2.974219 2.991647 2.991647 3.005591 3.028882 3.028882 3.048502 3.048502 3.065625 3.073472 3.080928 3.088056 3.088056 3.198262 3.217372 3.232426 3.245933 3.253331 3.253891 3.246272 3.227969 3.194978 3.146453 3.080009 2.995552 2.898384 2.812638 2.812638 3.227443 3.385732 3.541337 3.584904 3.584904 3.638811 3.638811 3.653020 3.653020 3.640728 3.563067 3.563067 3.402815 3.402815 3.084349 3.084349 3.084349 3.022964 3.022964 3.037252 3.037252 3.080457 3.080457 3.130887 3.130887 3.179171 3.179171
2.913881 2.913881 2.891138 2.974078 2.991936 2.991936 3.006304 3.030235 3.030235 3.050474 3.050474 3.068309 3.076554 3.084432 3.092010 3.092010 3.187463 3.219034 3.246146 3.270279 3.289705 3.303966 3.312887 3.315820 3.310933 3.297401 3.273448 3.237862 3.192488 3.151783 3.151783 3.381817 3.533423 3.713960 3.768479 3.768479 3.830954 3.830954 3.835694 3.835694 3.815267 3.727691 3.727691 3.600284 3.600284 3.360633 3.360633 3.360633 3.290769 3.290769 3.291254 3.291254 3.324939 3.324939 3.368992 3.368992 3.412815 3.412815
2.916559 2.916559 2.895157 2.973503 2.991531 2.991531 3.006144 3.030262 3.030262 3.050513 3.050513 3.068351 3.076601 3.084489 3.092083 3.092083 3.177647 3.219207 3.257387 3.291667 3.320624 3.343585 3.360432 3.371148 3.375217 3.372608 3.362898 3.345715 3.322303 3.301858 3.301858 3.439352 3.570979 3.758473 3.819690 3.819690 3.883839 3.883839 3.868612 3.868612 3.834458 3.740192 3.740192 3.649114 3.649114 3.485346 3.485346 3.485346 3.415651 3.415651 3.402289 3.402289 3.424986 3.424986 3.462576 3.462576 3.502599 3.502599
2.916289 2.916289 2.899921 2.972782 2.991028 2.991028 3.005917 3.030251 3.030251 3.050516 3.050516 3.068354 3.076609 3.084506 3.092119 3.092119 3.172832 3.222668 3.270653 3.314330 3.352079 3.383021 3.406858 3.423596 3.433128 3.435668 3.431427 3.420722 3.404906 3.390475 3.390475 3.472239 3.578094 3.755320 3.815001 3.815001 3.861788 3.861788 3.814601 3.814601 3.770339 3.691940 3.691940 3.646139 3.646139 3.554645 3.554645 3.554645 3.494487 3.494487 3.470140 3.470140 3.479884 3.479884 3.508675 3.508675 3.543294 3.543294
2.914172 2.914172 2.906035 2.972425 2.990724 2.990724 3.005777 3.030259 3.030259 3.050523 3.050523 3.068336 3.076581 3.084467 3.092082 3.092082 3.173821 3.231105 3.287632 3.339620 3.385154 3.423251 3.453495 3.475816 3.490212 3.496893 3.496203 3.488670 3.475578 3.461651 3.461651 3.506386 3.584256 3.733588 3.779353 3.779353 3.781658 3.781658 3.703137 3.703137 3.664293 3.627124 3.627124 3.626540 3.626540 3.596123 3.596123 3.596123 3.552801 3.552801 3.523643 3.523643 3.520991 3.520991 3.538902 3.538902 3.565890 3.565890
2.914147 2.914147 2.908753 2.972139 2.990497 2.990497 3.005673 3.030267 3.030267 3.050535 3.050535 3.068340 3.076583 3.084468 3.092102 3.092102 3.181581 3.246220 3.310294 3.369377 3.421444 3.465532 3.501226 3.528437 3.547188 3.557648 3.560116 3.555084 3.543592 3.528918 3.528918 3.548467 3.598603 3.699380 3.712814 3.712814 3.648047 3.648047 3.567351 3.567351 3.552731 3.567241 3.567241 3.603042 3.603042 3.619705 3.619705 3.619705 3.596851 3.596851 3.570099 3.570099 3.558485 3.558485 3.564901 3.564901 3.582308 3.582308
2.914152 2.914152 2.909645 2.972044 2.990417 2.990417 3.005634 3.030269 3.030269 3.050539 3.050539 3.068342 3.076584 3.084469 3.092131 3.092131 3.197026 3.269430 3.340248 3.405142 3.462292 3.510932 3.550786 3.581827 3.604122 3.617816 3.623141 3.620461 3.610497 3.595210 3.595210 3.597328 3.620175 3.641342 3.599416 3.599416 3.477242 3.477242 3.443176 3.443176 3.460028 3.518104 3.518104 3.578904 3.578904 3.630108 3.630108 3.630108 3.627882 3.627882 3.609444 3.609444 3.593650 3.593650 3.589832 3.589832 3.596566 3.596566
2.914147 2.914147 2.908753 2.972139 2.990497 2.990497 3.005672 3.030267 3.030267 3.050534 3.050534 3.068339 3.076583 3.084467 3.092170 3.092170 3.221618 3.302435 3.379250 3.448555 3.509121 3.560599 3.602996 3.636450 3.661124 3.677178 3.684789 3.684192 3.675742 3.659889 3.659889 3.648217 3.639981 3.532119 3.424515 3.424515 3.306854 3.306854 3.347286 3.347286 3.389284 3.475874 3.475874 3.553015 3.553015 3.629629 3.629629 3.629629 3.646057 3.646057 3.639376 3.639376 3.624371 3.624371 3.613034 3.613034 3.609123 3.609123
2.914172 2.914172 2.906035 2.972425 2.990725 2.990725 3.005776 3.030259 3.030259 3.050523 3.050523 3.068336 3.076581 3.084467 3.092227 3.092227 3.257576 3.347367 3.429227 3.501264 3.563269 3.615557 3.658569 3.692699 3.718264 3.735481 3.744503 3.745441 3.738140 3.720412 3.720412 3.691783 3.635431 3.345695 3.206181 3.206181 3.174994 3.174994 3.279165 3.279165 3.335266 3.437778 3.437778 3.525643 3.525643 3.620820 3.620820 3.620820 3.652724 3.652724 3.658629 3.658629 3.648156 3.648156 3.632635 3.632635 3.619158 3.619158
2.916289 2.916289 2.899922 2.972782 2.991029 2.991029 3.005917 3.030252 3.030252 3.050516 3.050516 3.068354 3.076610 3.084507 3.092362 3.092362 3.308336 3.407084 3.492412 3.564926 3.625905 3.676576 3.717934 3.750711 3.775407 3.792323 3.801609 3.803236 3.795918 3.770422 3.770422 3.705221 3.558520 3.099209 3.004928 3.004928 3.088158 3.088158 3.224948 3.224948 3.287433 3.398773 3.398773 3.494152 3.494152 3.602910 3.602910 3.602910 3.646925 3.646925 3.664383 3.664383 3.660386 3.660386 3.643739 3.643739 3.622611 3.622611
