cruce_test.gid/Rasters/Hydraulic/Velocity____221.0.asc
NCOLS        79
NROWS        79
XLLCENTER         -1.500000
YLLCENTER         -4.800000
CELLSIZE           0.100
NODATA_VALUE     -9999.0
[rows 0 to 26 of 79, columns 0 to 59 of 79]
-9999.000 -9999.000 -9999.000 -9999.000 -9999.000 -9999.000 -9999.000 -9999.000 -9999.000 -9999.000 -9999.000 -9999.000 -9999.000 -9999.000 -9999.000 0.8909852E-01 0.8576682E-01 0.8433130E-01 0.8394962E-01 0.8495463E-01 0.8643547E-01 0.8786738E-01 0.8906904E-01 0.8993530E-01 0.9045487E-01 0.9072010E-01 0.9081638E-01 0.9094572E-01 0.9169947E-01 0.9268124E-01 0.9268124E-01 -9999.000 -9999.000 -9999.000 -9999.000 -9999.000 -9999.000 -9999.000 -9999.000 -9999.000 -9999.000 -9999.000 -9999.000 -9999.000 -9999.000 -9999.000 -9999.000 -9999.000 -9999.000 -9999.000 -9999.000 -9999.000 -9999.000 -9999.000 -9999.000 -9999.000 -9999.000 -9999.000 -9999.000 -9999.000
-9999.000 -9999.000 -9999.000 -9999.000 -9999.000 -9999.000 -9999.000 -9999.000 -9999.000 -9999.000 -9999.000 -9999.000 -9999.000 -9999.000 -9999.000 0.9012818E-01 0.8313597E-01 0.8022255E-01 0.7949142E-01 0.8151347E-01 0.8444809E-01 0.8731299E-01 0.8979437E-01 0.9169044E-01 0.9295470E-01 0.9374881E-01 0.9423032E-01 0.9482779E-01 0.9683644E-01 0.9958287E-01 0.9958287E-01 -9999.000 -9999.000 -9999.000 -9999.000 -9999.000 -9999.000 -9999.000 -9999.000 -9999.000 -9999.000 -9999.000 -9999.000 -9999.000 -9999.000 -9999.000 -9999.000 -9999.000 -9999.000 -9999.000 -9999.000 -9999.000 -9999.000 -9999.000 -9999.000 -9999.000 -9999.000 -9999.000 -9999.000 -9999.000
-9999.000 -9999.000 -9999.000 -9999.000 -9999.000 -9999.000 -9999.000 -9999.000 -9999.000 -9999.000 -9999.000 -9999.000 -9999.000 -9999.000 -9999.000 0.9028753E-01 0.7928810E-01 0.7461423E-01 0.7340784E-01 0.7652617E-01 0.8107309E-01 0.8557313E-01 0.8959634E-01 0.9285223E-01 0.9525802E-01 0.9703788E-01 0.9839874E-01 0.9997924E-01 0.1038142 0.1091568 0.1091568 -9999.000 -9999.000 -9999.000 -9999.000 -9999.000 -9999.000 -9999.000 -9999.000 -9999.000 -9999.000 -9999.000 -9999.000 -9999.000 -9999.000 -9999.000 -9999.000 -9999.000 -9999.000 -9999.000 -9999.000 -9999.000 -9999.000 -9999.000 -9999.000 -9999.000 -9999.000 -9999.000 -9999.000 -9999.000
-9999.000 -9999.000 -9999.000 -9999.000 -9999.000 -9999.000 -9999.000 -9999.000 -9999.000 -9999.000 -9999.000 -9999.000 -9999.000 -9999.000 -9999.000 0.8997027E-01 0.7495674E-01 0.6850165E-01 0.6683128E-01 0.7106902E-01 0.7723308E-01 0.8337847E-01 0.8898591E-01 0.9368594E-01 0.9735727E-01 0.1002799 0.1026924 0.1054326 0.1112933 0.1197482 0.1197482 -9999.000 -9999.000 -9999.000 -9999.000 -9999.000 -9999.000 -9999.000 -9999.000 -9999.000 -9999.000 -9999.000 -9999.000 -9999.000 -9999.000 -9999.000 -9999.000 -9999.000 -9999.000 -9999.000 -9999.000 -9999.000 -9999.000 -9999.000 -9999.000 -9999.000 -9999.000 -9999.000 -9999.000 -9999.000
-9999.000 -9999.000 -9999.000 -9999.000 -9999.000 -9999.000 -9999.000 -9999.000 -9999.000 -9999.000 -9999.000 -9999.000 -9999.000 -9999.000 -9999.000 0.8939653E-01 0.7031885E-01 0.6206967E-01 0.5997992E-01 0.6538799E-01 0.7318153E-01 0.8097497E-01 0.8818842E-01 0.9437834E-01 0.9938233E-01 0.1035322 0.1070889 0.1110913 0.1191272 0.1312182 0.1312182 -9999.000 -9999.000 -9999.000 -9999.000 -9999.000 -9999.000 -9999.000 -9999.000 -9999.000 -9999.000 -9999.000 -9999.000 -9999.000 -9999.000 -9999.000 -9999.000 -9999.000 -9999.000 -9999.000 -9999.000 -9999.000 -9999.000 -9999.000 -9999.000 -9999.000 -9999.000 -9999.000 -9999.000 -9999.000
-9999.000 -9999.000 -9999.000 -9999.000 -9999.000 -9999.000 -9999.000 -9999.000 -9999.000 -9999.000 -9999.000 -9999.000 -9999.000 -9999.000 -9999.000 0.8863155E-01 0.6543522E-01 0.5540125E-01 0.5298638E-01 0.5963962E-01 0.6906882E-01 0.7850105E-01 0.8732617E-01 0.9502933E-01 0.1014031 0.1068307 0.1115873 0.1169210 0.1272668 0.1435874 0.1435874 -9999.000 -9999.000 -9999.000 -9999.000 -9999.000 -9999.000 -9999.000 -9999.000 -9999.000 -9999.000 -9999.000 -9999.000 -9999.000 -9999.000 -9999.000 -9999.000 -9999.000 -9999.000 -9999.000 -9999.000 -9999.000 -9999.000 -9999.000 -9999.000 -9999.000 -9999.000 -9999.000 -9999.000 -9999.000
-9999.000 -9999.000 -9999.000 -9999.000 -9999.000 -9999.000 -9999.000 -9999.000 -9999.000 -9999.000 -9999.000 -9999.000 -9999.000 -9999.000 -9999.000 0.8767331E-01 0.6031524E-01 0.4853814E-01 0.4596564E-01 0.5395122E-01 0.6499767E-01 0.7603782E-01 0.8646496E-01 0.9569076E-01 0.1034557 0.1101940 0.1161883 0.1229090 0.1357040 0.1569660 0.1569660 -9999.000 -9999.000 -9999.000 -9999.000 -9999.000 -9999.000 -9999.000 -9999.000 -9999.000 -9999.000 -9999.000 -9999.000 -9999.000 -9999.000 -9999.000 -9999.000 -9999.000 -9999.000 -9999.000 -9999.000 -9999.000 -9999.000 -9999.000 -9999.000 -9999.000 -9999.000 -9999.000 -9999.000 -9999.000
-9999.000 -9999.000 -9999.000 -9999.000 -9999.000 -9999.000 -9999.000 -9999.000 -9999.000 -9999.000 -9999.000 -9999.000 -9999.000 -9999.000 -9999.000 0.8648857E-01 0.5494490E-01 0.4151875E-01 0.3907823E-01 0.4846907E-01 0.6105974E-01 0.7364415E-01 0.8564628E-01 0.9639221E-01 0.1055589 0.1136322 0.1208930 0.1290514 0.1444496 0.1715298 0.1715298 -9999.000 -9999.000 -9999.000 -9999.000 -9999.000 -9999.000 -9999.000 -9999.000 -9999.000 -9999.000 -9999.000 -9999.000 -9999.000 -9999.000 -9999.000 -9999.000 -9999.000 -9999.000 -9999.000 -9999.000 -9999.000 -9999.000 -9999.000 -9999.000 -9999.000 -9999.000 -9999.000 -9999.000 -9999.000
-9999.000 -9999.000 -9999.000 -9999.000 -9999.000 -9999.000 -9999.000 -9999.000 -9999.000 -9999.000 -9999.000 -9999.000 -9999.000 -9999.000 -9999.000 0.8502489E-01 0.4929999E-01 0.3441483E-01 0.3261933E-01 0.4340241E-01 0.5736036E-01 0.7137679E-01 0.8490514E-01 0.9715667E-01 0.1077265 0.1171515 0.1257016 0.1353476 0.1535235 0.1875196 0.1875196 -9999.000 -9999.000 -9999.000 -9999.000 -9999.000 -9999.000 -9999.000 -9999.000 -9999.000 -9999.000 -9999.000 -9999.000 -9999.000 -9999.000 -9999.000 -9999.000 -9999.000 -9999.000 -9999.000 -9999.000 -9999.000 -9999.000 -9999.000 -9999.000 -9999.000 -9999.000 -9999.000 -9999.000 -9999.000
-9999.000 -9999.000 -9999.000 -9999.000 -9999.000 -9999.000 -9999.000 -9999.000 -9999.000 -9999.000 -9999.000 -9999.000 -9999.000 -9999.000 -9999.000 0.8321573E-01 0.4335200E-01 0.2740257E-01 0.2718111E-01 0.3907016E-01 0.5403568E-01 0.6930164E-01 0.8427872E-01 0.9800673E-01 0.1099717 0.1207589 0.1306153 0.1417989 0.1629516 0.2052547 0.2052547 -9999.000 -9999.000 -9999.000 -9999.000 -9999.000 -9999.000 -9999.000 -9999.000 -9999.000 -9999.000 -9999.000 -9999.000 -9999.000 -9999.000 -9999.000 -9999.000 -9999.000 -9999.000 -9999.000 -9999.000 -9999.000 -9999.000 -9999.000 -9999.000 -9999.000 -9999.000 -9999.000 -9999.000 -9999.000
-9999.000 -9999.000 -9999.000 -9999.000 -9999.000 -9999.000 -9999.000 -9999.000 -9999.000 -9999.000 -9999.000 -9999.000 -9999.000 -9999.000 -9999.000 0.8097988E-01 0.3707534E-01 0.2096208E-01 0.2386458E-01 0.3593912E-01 0.5126860E-01 0.6750491E-01 0.8381567E-01 0.9897280E-01 0.1123123 0.1244644 0.1356369 0.1484071 0.1727638 0.2251617 0.2251617 -9999.000 -9999.000 -9999.000 -9999.000 -9999.000 -9999.000 -9999.000 -9999.000 -9999.000 -9999.000 -9999.000 -9999.000 -9999.000 -9999.000 -9999.000 -9999.000 -9999.000 -9999.000 -9999.000 -9999.000 -9999.000 -9999.000 -9999.000 -9999.000 -9999.000 -9999.000 -9999.000 -9999.000 -9999.000
-9999.000 -9999.000 -9999.000 -9999.000 -9999.000 -9999.000 -9999.000 -9999.000 -9999.000 -9999.000 -9999.000 -9999.000 -9999.000 -9999.000 -9999.000 0.7821731E-01 0.3046325E-01 0.1644014E-01 0.2406339E-01 0.3460661E-01 0.4930764E-01 0.6610952E-01 0.8358815E-01 0.1001019 0.1147789 0.1282870 0.1407751 0.1551787 0.1829961 0.2478199 0.2478199 -9999.000 -9999.000 -9999.000 -9999.000 -9999.000 -9999.000 -9999.000 -9999.000 -9999.000 -9999.000 -9999.000 -9999.000 -9999.000 -9999.000 -9999.000 -9999.000 -9999.000 -9999.000 -9999.000 -9999.000 -9999.000 -9999.000 -9999.000 -9999.000 -9999.000 -9999.000 -9999.000 -9999.000 -9999.000
-9999.000 -9999.000 -9999.000 -9999.000 -9999.000 -9999.000 -9999.000 -9999.000 -9999.000 -9999.000 -9999.000 -9999.000 -9999.000 -9999.000 -9999.000 0.7477348E-01 0.2358619E-01 0.1657990E-01 0.2839312E-01 0.3577552E-01 0.4859398E-01 0.6538187E-01 0.8377147E-01 0.1015157 0.1174566 0.1322858 0.1460670 0.1621382 0.1936984 0.2740398 0.2740398 -9999.000 -9999.000 -9999.000 -9999.000 -9999.000 -9999.000 -9999.000 -9999.000 -9999.000 -9999.000 -9999.000 -9999.000 -9999.000 -9999.000 -9999.000 -9999.000 -9999.000 -9999.000 -9999.000 -9999.000 -9999.000 -9999.000 -9999.000 -9999.000 -9999.000 -9999.000 -9999.000 -9999.000 -9999.000
-9999.000 -9999.000 -9999.000 -9999.000 -9999.000 -9999.000 -9999.000 -9999.000 -9999.000 -9999.000 -9999.000 -9999.000 -9999.000 -9999.000 -9999.000 0.6930181E-01 0.1835414E-01 0.2747722E-01 0.4124131E-01 0.4505527E-01 0.5413081E-01 0.6904671E-01 0.8702839E-01 0.1051186 0.1217106 0.1374296 0.1521848 0.1697386 0.2051913 0.3051729 0.3051729 -9999.000 -9999.000 -9999.000 -9999.000 -9999.000 -9999.000 -9999.000 -9999.000 -9999.000 -9999.000 -9999.000 -9999.000 -9999.000 -9999.000 -9999.000 -9999.000 -9999.000 -9999.000 -9999.000 -9999.000 -9999.000 -9999.000 -9999.000 -9999.000 -9999.000 -9999.000 -9999.000 -9999.000 -9999.000
-9999.000 -9999.000 -9999.000 -9999.000 -9999.000 -9999.000 -9999.000 -9999.000 -9999.000 -9999.000 -9999.000 -9999.000 -9999.000 -9999.000 -9999.000 0.1089702 0.1678645 0.1977586 0.1893307 0.1593340 0.1405136 0.1289891 0.1259981 0.1298816 0.1377807 0.1486301 0.1609510 0.1781364 0.2169227 0.3405316 0.3405316 -9999.000 -9999.000 -9999.000 -9999.000 -9999.000 -9999.000 -9999.000 -9999.000 -9999.000 -9999.000 -9999.000 -9999.000 -9999.000 -9999.000 -9999.000 -9999.000 -9999.000 -9999.000 -9999.000 -9999.000 -9999.000 -9999.000 -9999.000 -9999.000 -9999.000 -9999.000 -9999.000 -9999.000 -9999.000
2.887946 2.887946 2.909498 2.909621 2.929521 2.929521 2.932083 2.931401 2.931401 2.927123 2.927123 2.920387 2.916348 2.911966 2.907714 2.907714 3.073172 3.078021 3.079245 3.076893 3.044767 2.989253 2.910491 2.807170 2.680565 2.534827 2.372227 2.201427 2.046949 1.983970 1.983970 2.804270 2.980659 3.088010 3.115848 3.115848 3.155282 3.155282 3.148356 3.148356 3.110250 2.944056 2.944056 2.638628 2.638628 2.213865 2.213865 2.213865 2.180575 2.180575 2.205154 2.205154 2.251551 2.251551 2.301996 2.301996 2.348272 2.348272 2.348272 2.385913
2.911358 2.911358 2.941847 2.964685 2.992039 2.992039 3.006749 3.029261 3.029261 3.047716 3.047716 3.063513 3.070670 3.077435 3.084247 3.084247 3.206683 3.227263 3.243505 3.257422 3.264029 3.264063 3.255952 3.236646 3.203399 3.154465 3.087803 3.003721 2.908102 2.825780 2.825780 3.257433 3.411086 3.564338 3.607306 3.607306 3.658583 3.658583 3.665977 3.665977 3.648829 3.556278 3.556278 3.375341 3.375341 3.056195 3.056195 3.056195 3.018492 3.018492 3.045123 3.045123 3.094210 3.094210 3.147198 3.147198 3.196406 3.196406 3.196406 3.238348
2.916077 2.916077 2.943876 2.966337 2.991624 2.991624 3.007089 3.030519 3.030519 3.049618 3.049618 3.066129 3.073689 3.080881 3.088194 3.088194 3.196872 3.230758 3.259403 3.284431 3.304051 3.318760 3.328665 3.332937 3.330348 3.319691 3.299127 3.267518 3.226894 3.191861 3.191861 3.429057 3.576069 3.750447 3.802884 3.802884 3.859569 3.859569 3.854544 3.854544 3.828460 3.734081 3.734081 3.599598 3.599598 3.347127 3.347127 3.347127 3.294598 3.294598 3.307616 3.307616 3.347636 3.347636 3.394427 3.394427 3.439156 3.439156 3.439156 3.477829
2.918957 2.918957 2.942942 2.966827 2.990683 2.990683 3.006624 3.030518 3.030518 3.049648 3.049648 3.066151 3.073714 3.080910 3.088318 3.088318 3.187977 3.232681 3.272749 3.308143 3.337659 3.361317 3.379462 3.392187 3.399419 3.401107 3.396780 3.386054 3.370181 3.358213 3.358213 3.502313 3.631036 3.809328 3.865706 3.865706 3.916728 3.916728 3.886648 3.886648 3.848201 3.757485 3.757485 3.669268 3.669268 3.485706 3.485706 3.485706 3.423604 3.423604 3.421266 3.421266 3.451164 3.451164 3.492271 3.492271 3.533545 3.533545 3.533545 3.569716
2.920136 2.920136 2.945261 2.966681 2.989681 2.989681 3.006048 3.030431 3.030431 3.049600 3.049600 3.066075 3.073631 3.080822 3.088363 3.088363 3.183985 3.237681 3.287905 3.332964 3.371648 3.403617 3.429037 3.448146 3.461210 3.468605 3.470608 3.467586 3.460910 3.456894 3.456894 3.547185 3.653264 3.820083 3.870950 3.870950 3.893032 3.893032 3.828397 3.828397 3.784712 3.719558 3.719558 3.681037 3.681037 3.568130 3.568130 3.568130 3.506065 3.506065 3.489126 3.489126 3.506336 3.506336 3.539605 3.539605 3.576087 3.576087 3.576087 3.608855
2.918708 2.918708 2.948830 2.966416 2.988982 2.988982 3.005691 3.030464 3.030464 3.049670 3.049670 3.066138 3.073697 3.080894 3.088640 3.088640 3.186203 3.247911 3.307066 3.360815 3.407763 3.447382 3.479657 3.504794 3.523093 3.534992 3.540984 3.541713 3.538545 3.536088 3.536088 3.591190 3.672394 3.809373 3.839635 3.839635 3.804076 3.804076 3.714203 3.714203 3.682492 3.662963 3.662963 3.669763 3.669763 3.620665 3.620665 3.620665 3.568984 3.568984 3.542436 3.542436 3.546227 3.546227 3.569291 3.569291 3.598837 3.598837 3.598837 3.626535
2.916276 2.916276 2.953387 2.966301 2.988580 2.988580 3.005461 3.030468 3.030468 3.049693 3.049693 3.066148 3.073704 3.080899 3.088927 3.088927 3.195185 3.264626 3.331739 3.393093 3.447221 3.493546 3.531985 3.562686 3.585927 3.602102 3.611700 3.615366 3.614264 3.611610 3.611610 3.642652 3.698025 3.778603 3.765574 3.765574 3.658388 3.658388 3.583389 3.583389 3.578906 3.608676 3.608676 3.649978 3.649978 3.652512 3.652512 3.652512 3.618587 3.618587 3.589888 3.589888 3.582342 3.582342 3.593873 3.593873 3.614359 3.614359 3.614359 3.635077
2.916065 2.916065 2.954557 2.966210 2.988430 2.988430 3.005381 3.030472 3.030472 3.049703 3.049703 3.066153 3.073707 3.080901 3.089323 3.089323 3.212066 3.289523 3.363873 3.431739 3.491814 3.543646 3.587199 3.622640 3.650236 3.670330 3.683341 3.689814 3.690617 3.687607 3.687607 3.701357 3.728579 3.708389 3.629011 3.629011 3.481452 3.481452 3.466066 3.466066 3.491728 3.560396 3.560396 3.625293 3.625293 3.667324 3.667324 3.667324 3.654347 3.654347 3.630780 3.630780 3.616432 3.616432 3.616773 3.616773 3.626710 3.626710 3.626710 3.638670
2.916202 2.916202 2.953899 2.966263 2.988583 2.988583 3.005468 3.030476 3.030476 3.049700 3.049700 3.066154 3.073708 3.080902 3.089866 3.089866 3.238377 3.324494 3.405522 3.478788 3.543453 3.599379 3.646718 3.685739 3.716748 3.740072 3.756066 3.765150 3.767812 3.764137 3.764137 3.762333 3.751240 3.565407 3.424449 3.424449 3.315740 3.315740 3.376707 3.376707 3.424236 3.517441 3.517441 3.597783 3.597783 3.669108 3.669108 3.669108 3.676576 3.676576 3.663242 3.663242 3.647017 3.647017 3.638113 3.638113 3.636947 3.636947 3.636947 3.638736
2.916639 2.916639 2.951493 2.966462 2.989035 2.989035 3.005720 3.030480 3.030480 3.049683 3.049683 3.066148 3.073705 3.080900 3.090611 3.090611 3.276447 3.371971 3.459093 3.536512 3.604222 3.662601 3.712127 3.753265 3.786420 3.811947 3.830167 3.841371 3.845437 3.838814 3.838814 3.813094 3.732417 3.335495 3.190021 3.190021 3.193350 3.193350 3.310773 3.310773 3.370046 3.477055 3.477055 3.567724 3.567724 3.660411 3.660411 3.660411 3.685593 3.685593 3.684740 3.684740 3.670988 3.670988 3.655788 3.655788 3.644021 3.644021 3.644021 3.634897
2.920129 2.920129 2.946519 2.966690 2.989733 2.989733 3.006086 3.030454 3.030454 3.049619 3.049619 3.066094 3.073651 3.080842 3.091565 3.091565 3.329835 3.435269 3.527555 3.607530 3.676400 3.735281 3.785104 3.826602 3.860335 3.886723 3.906089 3.918558 3.922450 3.903453 3.903453 3.819116 3.607966 3.064284 2.994506 2.994506 3.111913 3.111913 3.255743 3.255743 3.320406 3.435363 3.435363 3.533308 3.533308 3.641356 3.641356 3.641356 3.680649 3.680649 3.692059 3.692059 3.683558 3.683558 3.665147 3.665147 3.644239 3.644239 3.644239 3.624353
2.919078 2.919078 2.945520 2.966893 2.990757 2.990757 3.006646 3.030522 3.030522 3.049666 3.049666 3.066170 3.073732 3.080926 3.093043 3.093043 3.404575 3.519505 3.615130 3.695287 3.762813 3.819751 3.867574 3.907335 3.939772 3.965392 3.984530 3.996874 3.995028 3.926852 3.926852 3.697665 3.324488 2.844307 2.870557 2.870557 3.045583 3.045583 3.198795 3.198795 3.266051 3.386311 3.386311 3.489584 3.489584 3.608415 3.608415 3.608415 3.658179 3.658179 3.679983 3.679983 3.677607 3.677607 3.658380 3.658380 3.630315 3.630315 3.630315 3.600744
