cruce_test.gid/Rasters/Hydraulic/Velocity__y_294.0.asc
NCOLS        79
NROWS        79
XLLCENTER         -1.500000
YLLCENTER         -4.800000
CELLSIZE           0.100
NODATA_VALUE     -9999.0
[rows 0 to 26 of 79, columns 0 to 58 of 79]
-9999.000 -9999.000 -9999.000 -9999.000 -9999.000 -9999.000 -9999.000 -9999.000 -9999.000 -9999.000 -9999.000 -9999.000 -9999.000 -9999.000 -9999.000 -0.9497882E-01 -0.9260005E-01 -0.9189471E-01 -0.9205423E-01 -0.9256347E-01 -0.9317174E-01 -0.9381217E-01 -0.9442539E-01 -0.9496544E-01 -0.9545465E-01 -0.9589113E-01 -0.9631692E-01 -0.9692588E-01 -0.9832697E-01 -0.9967576E-01 -0.9967576E-01 -9999.000 -9999.000 -9999.000 -9999.000 -9999.000 -9999.000 -9999.000 -9999.000 -9999.000 -9999.000 -9999.000 -9999.000 -9999.000 -9999.000 -9999.000 -9999.000 -9999.000 -9999.000 -9999.000 -9999.000 -9999.000 -9999.000 -9999.000 -9999.000 -9999.000 -9999.000 -9999.000 -9999.000
-9999.000 -9999.000 -9999.000 -9999.000 -9999.000 -9999.000 -9999.000 -9999.000 -9999.000 -9999.000 -9999.000 -9999.000 -9999.000 -9999.000 -9999.000 -0.9416938E-01 -0.8924405E-01 -0.8775333E-01 -0.8812841E-01 -0.8928470E-01 -0.9068555E-01 -0.9218095E-01 -0.9363629E-01 -0.9494670E-01 -0.9615316E-01 -0.9724602E-01 -0.9830995E-01 -0.9974829E-01 -0.1028317 -0.1061037 -0.1061037 -9999.000 -9999.000 -9999.000 -9999.000 -9999.000 -9999.000 -9999.000 -9999.000 -9999.000 -9999.000 -9999.000 -9999.000 -9999.000 -9999.000 -9999.000 -9999.000 -9999.000 -9999.000 -9999.000 -9999.000 -9999.000 -9999.000 -9999.000 -9999.000 -9999.000 -9999.000 -9999.000 -9999.000
-9999.000 -9999.000 -9999.000 -9999.000 -9999.000 -9999.000 -9999.000 -9999.000 -9999.000 -9999.000 -9999.000 -9999.000 -9999.000 -9999.000 -9999.000 -0.9207740E-01 -0.8445513E-01 -0.8209551E-01 -0.8279746E-01 -0.8482582E-01 -0.8731026E-01 -0.8999564E-01 -0.9264978E-01 -0.9508994E-01 -0.9736829E-01 -0.9945776E-01 -0.1014830 -0.1040812 -0.1092740 -0.1152416 -0.1152416 -9999.000 -9999.000 -9999.000 -9999.000 -9999.000 -9999.000 -9999.000 -9999.000 -9999.000 -9999.000 -9999.000 -9999.000 -9999.000 -9999.000 -9999.000 -9999.000 -9999.000 -9999.000 -9999.000 -9999.000 -9999.000 -9999.000 -9999.000 -9999.000 -9999.000 -9999.000 -9999.000 -9999.000
-9999.000 -9999.000 -9999.000 -9999.000 -9999.000 -9999.000 -9999.000 -9999.000 -9999.000 -9999.000 -9999.000 -9999.000 -9999.000 -9999.000 -9999.000 -0.8935539E-01 -0.7911325E-01 -0.7590503E-01 -0.7699563E-01 -0.7997961E-01 -0.8364448E-01 -0.8762899E-01 -0.9159817E-01 -0.9528539E-01 -0.9875298E-01 -0.1019498 -0.1050382 -0.1088968 -0.1163372 -0.1255153 -0.1255153 -9999.000 -9999.000 -9999.000 -9999.000 -9999.000 -9999.000 -9999.000 -9999.000 -9999.000 -9999.000 -9999.000 -9999.000 -9999.000 -9999.000 -9999.000 -9999.000 -9999.000 -9999.000 -9999.000 -9999.000 -9999.000 -9999.000 -9999.000 -9999.000 -9999.000 -9999.000 -9999.000 -9999.000
-9999.000 -9999.000 -9999.000 -9999.000 -9999.000 -9999.000 -9999.000 -9999.000 -9999.000 -9999.000 -9999.000 -9999.000 -9999.000 -9999.000 -9999.000 -0.8623257E-01 -0.7340652E-01 -0.6935382E-01 -0.7087340E-01 -0.7486783E-01 -0.7977472E-01 -0.8512715E-01 -0.9048265E-01 -0.9548711E-01 -0.1002153 -0.1045866 -0.1088034 -0.1139990 -0.1238254 -0.1367719 -0.1367719 -9999.000 -9999.000 -9999.000 -9999.000 -9999.000 -9999.000 -9999.000 -9999.000 -9999.000 -9999.000 -9999.000 -9999.000 -9999.000 -9999.000 -9999.000 -9999.000 -9999.000 -9999.000 -9999.000 -9999.000 -9999.000 -9999.000 -9999.000 -9999.000 -9999.000 -9999.000 -9999.000 -9999.000
-9999.000 -9999.000 -9999.000 -9999.000 -9999.000 -9999.000 -9999.000 -9999.000 -9999.000 -9999.000 -9999.000 -9999.000 -9999.000 -9999.000 -9999.000 -0.8278789E-01 -0.6740637E-01 -0.6251137E-01 -0.6449290E-01 -0.6954063E-01 -0.7573490E-01 -0.8250576E-01 -0.8929849E-01 -0.9566899E-01 -0.1017078 -0.1073018 -0.1126961 -0.1192970 -0.1316602 -0.1490267 -0.1490267 -9999.000 -9999.000 -9999.000 -9999.000 -9999.000 -9999.000 -9999.000 -9999.000 -9999.000 -9999.000 -9999.000 -9999.000 -9999.000 -9999.000 -9999.000 -9999.000 -9999.000 -9999.000 -9999.000 -9999.000 -9999.000 -9999.000 -9999.000 -9999.000 -9999.000 -9999.000 -9999.000 -9999.000
-9999.000 -9999.000 -9999.000 -9999.000 -9999.000 -9999.000 -9999.000 -9999.000 -9999.000 -9999.000 -9999.000 -9999.000 -9999.000 -9999.000 -9999.000 -0.7903029E-01 -0.6112964E-01 -0.5539713E-01 -0.5787447E-01 -0.6401446E-01 -0.7153458E-01 -0.7976604E-01 -0.8803772E-01 -0.9581219E-01 -0.1032026 -0.1100583 -0.1166716 -0.1247455 -0.1398170 -0.1623952 -0.1623952 -9999.000 -9999.000 -9999.000 -9999.000 -9999.000 -9999.000 -9999.000 -9999.000 -9999.000 -9999.000 -9999.000 -9999.000 -9999.000 -9999.000 -9999.000 -9999.000 -9999.000 -9999.000 -9999.000 -9999.000 -9999.000 -9999.000 -9999.000 -9999.000 -9999.000 -9999.000 -9999.000 -9999.000
-9999.000 -9999.000 -9999.000 -9999.000 -9999.000 -9999.000 -9999.000 -9999.000 -9999.000 -9999.000 -9999.000 -9999.000 -9999.000 -9999.000 -9999.000 -0.7493472E-01 -0.5456575E-01 -0.4800668E-01 -0.5101700E-01 -0.5828827E-01 -0.6716979E-01 -0.7690099E-01 -0.8668843E-01 -0.9589969E-01 -0.1046776 -0.1128282 -0.1206991 -0.1303176 -0.1482961 -0.1770691 -0.1770691 -9999.000 -9999.000 -9999.000 -9999.000 -9999.000 -9999.000 -9999.000 -9999.000 -9999.000 -9999.000 -9999.000 -9999.000 -9999.000 -9999.000 -9999.000 -9999.000 -9999.000 -9999.000 -9999.000 -9999.000 -9999.000 -9999.000 -9999.000 -9999.000 -9999.000 -9999.000 -9999.000 -9999.000
-9999.000 -9999.000 -9999.000 -9999.000 -9999.000 -9999.000 -9999.000 -9999.000 -9999.000 -9999.000 -9999.000 -9999.000 -9999.000 -9999.000 -9999.000 -0.7045599E-01 -0.4768942E-01 -0.4032156E-01 -0.4390778E-01 -0.5235109E-01 -0.6262906E-01 -0.7389730E-01 -0.8523470E-01 -0.9591093E-01 -0.1061092 -0.1155852 -0.1247500 -0.1359901 -0.1571078 -0.1933167 -0.1933167 -9999.000 -9999.000 -9999.000 -9999.000 -9999.000 -9999.000 -9999.000 -9999.000 -9999.000 -9999.000 -9999.000 -9999.000 -9999.000 -9999.000 -9999.000 -9999.000 -9999.000 -9999.000 -9999.000 -9999.000 -9999.000 -9999.000 -9999.000 -9999.000 -9999.000 -9999.000 -9999.000 -9999.000
-9999.000 -9999.000 -9999.000 -9999.000 -9999.000 -9999.000 -9999.000 -9999.000 -9999.000 -9999.000 -9999.000 -9999.000 -9999.000 -9999.000 -9999.000 -0.6553517E-01 -0.4046412E-01 -0.3231349E-01 -0.3652543E-01 -0.4618424E-01 -0.5789296E-01 -0.7073535E-01 -0.8365451E-01 -0.9582030E-01 -0.1074691 -0.1182969 -0.1287900 -0.1417363 -0.1662648 -0.2115000 -0.2115000 -9999.000 -9999.000 -9999.000 -9999.000 -9999.000 -9999.000 -9999.000 -9999.000 -9999.000 -9999.000 -9999.000 -9999.000 -9999.000 -9999.000 -9999.000 -9999.000 -9999.000 -9999.000 -9999.000 -9999.000 -9999.000 -9999.000 -9999.000 -9999.000 -9999.000 -9999.000 -9999.000 -9999.000
-9999.000 -9999.000 -9999.000 -9999.000 -9999.000 -9999.000 -9999.000 -9999.000 -9999.000 -9999.000 -9999.000 -9999.000 -9999.000 -9999.000 -9999.000 -0.6009946E-01 -0.3284247E-01 -0.2394458E-01 -0.2884011E-01 -0.3976096E-01 -0.5293502E-01 -0.6738776E-01 -0.8191790E-01 -0.9559364E-01 -0.1087196 -0.1209212 -0.1327734 -0.1475180 -0.1757767 -0.2321080 -0.2321080 -9999.000 -9999.000 -9999.000 -9999.000 -9999.000 -9999.000 -9999.000 -9999.000 -9999.000 -9999.000 -9999.000 -9999.000 -9999.000 -9999.000 -9999.000 -9999.000 -9999.000 -9999.000 -9999.000 -9999.000 -9999.000 -9999.000 -9999.000 -9999.000 -9999.000 -9999.000 -9999.000 -9999.000
-9999.000 -9999.000 -9999.000 -9999.000 -9999.000 -9999.000 -9999.000 -9999.000 -9999.000 -9999.000 -9999.000 -9999.000 -9999.000 -9999.000 -9999.000 -0.5406116E-01 -0.2476393E-01 -0.1516451E-01 -0.2081095E-01 -0.3304412E-01 -0.4771746E-01 -0.6381589E-01 -0.7998325E-01 -0.9518304E-01 -0.1098086 -0.1233984 -0.1366355 -0.1532779 -0.1856432 -0.2558135 -0.2558135 -9999.000 -9999.000 -9999.000 -9999.000 -9999.000 -9999.000 -9999.000 -9999.000 -9999.000 -9999.000 -9999.000 -9999.000 -9999.000 -9999.000 -9999.000 -9999.000 -9999.000 -9999.000 -9999.000 -9999.000 -9999.000 -9999.000 -9999.000 -9999.000 -9999.000 -9999.000 -9999.000 -9999.000
-9999.000 -9999.000 -9999.000 -9999.000 -9999.000 -9999.000 -9999.000 -9999.000 -9999.000 -9999.000 -9999.000 -9999.000 -9999.000 -9999.000 -9999.000 -0.4731023E-01 -0.1615011E-01 -0.5906027E-02 -0.1238212E-01 -0.2598200E-01 -0.4218818E-01 -0.5996688E-01 -0.7779250E-01 -0.9452234E-01 -0.1106624 -0.1256438 -0.1402817 -0.1589278 -0.1958427 -0.2835667 -0.2835667 -9999.000 -9999.000 -9999.000 -9999.000 -9999.000 -9999.000 -9999.000 -9999.000 -9999.000 -9999.000 -9999.000 -9999.000 -9999.000 -9999.000 -9999.000 -9999.000 -9999.000 -9999.000 -9999.000 -9999.000 -9999.000 -9999.000 -9999.000 -9999.000 -9999.000 -9999.000 -9999.000 -9999.000
-9999.000 -9999.000 -9999.000 -9999.000 -9999.000 -9999.000 -9999.000 -9999.000 -9999.000 -9999.000 -9999.000 -9999.000 -9999.000 -9999.000 -9999.000 -0.3942972E-01 -0.6715997E-02 0.3983119E-02 -0.3507722E-02 -0.1855016E-01 -0.3632899E-01 -0.5582066E-01 -0.7531437E-01 -0.9356203E-01 -0.1112129 -0.1275657 -0.1435981 -0.1643531 -0.2063385 -0.3167915 -0.3167915 -9999.000 -9999.000 -9999.000 -9999.000 -9999.000 -9999.000 -9999.000 -9999.000 -9999.000 -9999.000 -9999.000 -9999.000 -9999.000 -9999.000 -9999.000 -9999.000 -9999.000 -9999.000 -9999.000 -9999.000 -9999.000 -9999.000 -9999.000 -9999.000 -9999.000 -9999.000 -9999.000 -9999.000
-9999.000 -9999.000 -9999.000 -9999.000 -9999.000 -9999.000 -9999.000 -9999.000 -9999.000 -9999.000 -9999.000 -9999.000 -9999.000 -9999.000 -9999.000 -0.1751696E-02 0.1238497E-01 0.1258842E-01 -0.6391584E-03 -0.1695816E-01 -0.3558531E-01 -0.5598307E-01 -0.7630890E-01 -0.9527129E-01 -0.1137243 -0.1308077 -0.1476985 -0.1701962 -0.2172552 -0.3553092 -0.3553092 -9999.000 -9999.000 -9999.000 -9999.000 -9999.000 -9999.000 -9999.000 -9999.000 -9999.000 -9999.000 -9999.000 -9999.000 -9999.000 -9999.000 -9999.000 -9999.000 -9999.000 -9999.000 -9999.000 -9999.000 -9999.000 -9999.000 -9999.000 -9999.000 -9999.000 -9999.000 -9999.000 -9999.000
-0.3910448E-02 -0.3910448E-02 -0.5321675E-02 -0.7035895E-02 -0.6639878E-02 -0.6639878E-02 -0.6477751E-02 -0.6363171E-02 -0.6363171E-02 -0.6318480E-02 -0.6318480E-02 -0.6282707E-02 -0.6264818E-02 -0.6245954E-02 -0.6230019E-02 -0.6230019E-02 0.2364113E-01 0.1807435E-01 0.2993558E-02 -0.1783120E-01 -0.4310879E-01 -0.7169538E-01 -0.1020163 -0.1324643 -0.1621427 -0.1900332 -0.2158201 -0.2413550 -0.2748730 -0.3561385 -0.3561385 -0.1963164 -0.1047896 -0.3565092E-01 -0.2648480E-01 -0.2648480E-01 -0.1937450E-01 -0.1937450E-01 -0.6464375E-02 -0.6464375E-02 0.4742631E-02 0.2713626E-01 0.2713626E-01 0.3874038E-02 0.3874038E-02 -0.3513437E-02 -0.3513437E-02 -0.3513437E-02 0.6018521E-03 0.6018521E-03 0.1261863E-02 0.1261863E-02 0.2838041E-03 0.2838041E-03 -0.1029964E-02 -0.1029964E-02 -0.2277398E-02 -0.2277398E-02 -0.2277398E-02
-0.5472171E-02 -0.5472171E-02 -0.7500418E-02 -0.1034412E-01 -0.9540315E-02 -0.9540315E-02 -0.9174021E-02 -0.8953664E-02 -0.8953664E-02 -0.8904273E-02 -0.8904273E-02 -0.8871939E-02 -0.8855963E-02 -0.8838662E-02 -0.8836841E-02 -0.8836841E-02 0.1916316E-01 0.1397402E-01 -0.1769211E-02 -0.2759496E-01 -0.6144921E-01 -0.1013314 -0.1455150 -0.1922176 -0.2394153 -0.2854716 -0.3287044 -0.3673338 -0.3993398 -0.4233195 -0.4233195 -0.2859631 -0.1892611 -0.9752271E-01 -0.7927395E-01 -0.7927395E-01 -0.5454047E-01 -0.5454047E-01 -0.1075138E-01 -0.1075138E-01 0.2260599E-01 0.8663510E-01 0.8663510E-01 0.6390086E-01 0.6390086E-01 0.1289219E-01 0.1289219E-01 0.1289219E-01 0.6619280E-02 0.6619280E-02 0.2324133E-02 0.2324133E-02 -0.1803722E-02 -0.1803722E-02 -0.5417608E-02 -0.5417608E-02 -0.8194350E-02 -0.8194350E-02 -0.8194350E-02
-0.3332115E-02 -0.3332115E-02 -0.5484603E-02 -0.9160640E-02 -0.8381014E-02 -0.8381014E-02 -0.7894831E-02 -0.7584873E-02 -0.7584873E-02 -0.7540600E-02 -0.7540600E-02 -0.7525302E-02 -0.7518498E-02 -0.7511910E-02 -0.7543434E-02 -0.7543434E-02 0.1157189E-01 0.6229245E-02 -0.9779765E-02 -0.3604612E-01 -0.7112941E-01 -0.1133993 -0.1614024 -0.2137063 -0.2686441 -0.3246626 -0.3800696 -0.4328071 -0.4799995 -0.5143570 -0.5143570 -0.4242615 -0.3399592 -0.2244122 -0.1868184 -0.1868184 -0.1173589 -0.1173589 -0.1368589E-01 -0.1368589E-01 0.5244961E-01 0.1678105 0.1678105 0.1754848 0.1754848 0.6001707E-01 0.6001707E-01 0.6001707E-01 0.2301612E-01 0.2301612E-01 0.3804239E-02 0.3804239E-02 -0.7709535E-02 -0.7709535E-02 -0.1525767E-01 -0.1525767E-01 -0.1981682E-01 -0.1981682E-01 -0.1981682E-01
-0.1656144E-02 -0.1656144E-02 -0.3953036E-02 -0.7626332E-02 -0.6936019E-02 -0.6936019E-02 -0.6452262E-02 -0.6112994E-02 -0.6112994E-02 -0.6052304E-02 -0.6052304E-02 -0.6024718E-02 -0.6012237E-02 -0.6001126E-02 -0.6055858E-02 -0.6055858E-02 0.3748970E-02 -0.3618590E-02 -0.2104560E-01 -0.4818469E-01 -0.8398911E-01 -0.1271472 -0.1764107 -0.2305991 -0.2884193 -0.3486192 -0.4098382 -0.4703260 -0.5273653 -0.5737167 -0.5737167 -0.5300710 -0.4693584 -0.3555969 -0.3034569 -0.3034569 -0.1790239 -0.1790239 -0.2909253E-02 -0.2909253E-02 0.9095899E-01 0.2328701 0.2328701 0.2602944 0.2602944 0.1165919 0.1165919 0.1165919 0.4662419E-01 0.4662419E-01 0.7330986E-02 0.7330986E-02 -0.1477148E-01 -0.1477148E-01 -0.2749571E-01 -0.2749571E-01 -0.3394352E-01 -0.3394352E-01 -0.3394352E-01
-0.1017209E-02 -0.1017209E-02 -0.2843855E-02 -0.5732812E-02 -0.5262156E-02 -0.5262156E-02 -0.4893192E-02 -0.4620264E-02 -0.4620264E-02 -0.4570731E-02 -0.4570731E-02 -0.4540783E-02 -0.4523690E-02 -0.4507294E-02 -0.4589434E-02 -0.4589434E-02 -0.4299281E-02 -0.1541789E-01 -0.3572612E-01 -0.6488977E-01 -0.1021029 -0.1463311 -0.1965306 -0.2517055 -0.3108121 -0.3728218 -0.4366483 -0.5009131 -0.5633855 -0.6180001 -0.6180001 -0.6098192 -0.5739151 -0.4715301 -0.4046031 -0.4046031 -0.2128957 -0.2128957 0.2651100E-01 0.2651100E-01 0.1314472 0.2704666 0.2704666 0.3050349 0.3050349 0.1678371 0.1678371 0.1678371 0.7441621E-01 0.7441621E-01 0.1483092E-01 0.1483092E-01 -0.1980100E-01 -0.1980100E-01 -0.3897495E-01 -0.3897495E-01 -0.4777102E-01 -0.4777102E-01 -0.4777102E-01
-0.8266401E-03 -0.8266401E-03 -0.1713186E-02 -0.3814473E-02 -0.3509986E-02 -0.3509986E-02 -0.3258473E-02 -0.3078989E-02 -0.3078989E-02 -0.3060858E-02 -0.3060858E-02 -0.3045970E-02 -0.3032527E-02 -0.3017854E-02 -0.3143142E-02 -0.3143142E-02 -0.1299628E-01 -0.2944552E-01 -0.5420453E-01 -0.8676512E-01 -0.1264060 -0.1723047 -0.2236400 -0.2796271 -0.3394594 -0.4023173 -0.4673287 -0.5334037 -0.5987694 -0.6586224 -0.6586224 -0.6750408 -0.6599597 -0.5617394 -0.4698398 -0.4698398 -0.2012583 -0.2012583 0.6420914E-01 0.6420914E-01 0.1607277 0.2787679 0.2787679 0.3146552 0.3146552 0.2048870 0.2048870 0.2048870 0.1024491 0.1024491 0.2644909E-01 0.2644909E-01 -0.2119720E-01 -0.2119720E-01 -0.4790948E-01 -0.4790948E-01 -0.5969019E-01 -0.5969019E-01 -0.5969019E-01
-0.4512682E-03 -0.4512682E-03 -0.8064208E-03 -0.1905782E-02 -0.1755948E-02 -0.1755948E-02 -0.1627294E-02 -0.1535389E-02 -0.1535389E-02 -0.1531122E-02 -0.1531122E-02 -0.1527762E-02 -0.1521801E-02 -0.1514360E-02 -0.1703545E-02 -0.1703545E-02 -0.2301981E-01 -0.4637830E-01 -0.7723509E-01 -0.1146987 -0.1579797 -0.2063784 -0.2592805 -0.3161402 -0.3764160 -0.4395404 -0.5048783 -0.5716059 -0.6383345 -0.7012503 -0.7012503 -0.7336240 -0.7325054 -0.6119585 -0.4771730 -0.4771730 -0.1496958 -0.1496958 0.9215865E-01 0.9215865E-01 0.1693085 0.2633577 0.2633577 0.2995355 0.2995355 0.2238521 0.2238521 0.2238521 0.1261121 0.1261121 0.4068074E-01 0.4068074E-01 -0.1852074E-01 -0.1852074E-01 -0.5320470E-01 -0.5320470E-01 -0.6852902E-01 -0.6852902E-01 -0.6852902E-01
-0.7087773E-07 -0.7087773E-07 -0.4162462E-07 -0.1506698E-06 0.2026892E-08 0.2026892E-08 -0.1217618E-06 0.8765508E-07 0.8765508E-07 0.1031274E-06 0.1031274E-06 0.9252152E-07 -0.1729952E-07 0.1056183E-06 -0.2750051E-03 -0.2750051E-03 -0.3537685E-01 -0.6739756E-01 -0.1061117 -0.1500685 -0.1982941 -0.2501393 -0.3051704 -0.3630882 -0.4236401 -0.4865558 -0.5514885 -0.6179088 -0.6847653 -0.7487833 -0.7487833 -0.7894152 -0.7907623 -0.5981234 -0.4136328 -0.4136328 -0.8724563E-01 -0.8724563E-01 0.9953028E-01 0.9953028E-01 0.1574399 0.2330148 0.2330148 0.2695714 0.2695714 0.2250784 0.2250784 0.2250784 0.1413559 0.1413559 0.5481661E-01 0.5481661E-01 -0.1236936E-01 -0.1236936E-01 -0.5431038E-01 -0.5431038E-01 -0.7335074E-01 -0.7335074E-01 -0.7335074E-01
0.4511089E-03 0.4511089E-03 0.8064317E-03 0.1905646E-02 0.1755722E-02 0.1755722E-02 0.1627117E-02 0.1535443E-02 0.1535443E-02 0.1531202E-02 0.1531202E-02 0.1527896E-02 0.1522009E-02 0.1514760E-02 0.1124180E-02 0.1124180E-02 -0.5158864E-01 -0.9439931E-01 -0.1429028 -0.1949867 -0.2494495 -0.3056719 -0.3633983 -0.4225850 -0.4832837 -0.5455480 -0.6093606 -0.6745192 -0.7402192 -0.8027887 -0.8027887 -0.8416125 -0.8217725 -0.5019146 -0.3006556 -0.3006556 -0.4276689E-01 -0.4276689E-01 0.8846617E-01 0.8846617E-01 0.1324736 0.1956753 0.1956753 0.2319233 0.2319233 0.2114867 0.2114867 0.2114867 0.1457967 0.1457967 0.6575190E-01 0.6575190E-01 -0.4192650E-02 -0.4192650E-02 -0.5123430E-01 -0.5123430E-01 -0.7348368E-01 -0.7348368E-01 -0.7348368E-01
0.8265396E-03 0.8265396E-03 0.1713088E-02 0.3814453E-02 0.3509693E-02 0.3509693E-02 0.3258149E-02 0.3078905E-02 0.3078905E-02 0.3061006E-02 0.3061006E-02 0.3046370E-02 0.3032845E-02 0.3018156E-02 0.2472502E-02 0.2472502E-02 -0.7404996E-01 -0.1303782 -0.1908283 -0.2526541 -0.3144997 -0.3758460 -0.4366660 -0.4972079 -0.5578449 -0.6189707 -0.6809156 -0.7438028 -0.8067307 -0.8628738 -0.8628738 -0.8788228 -0.7885240 -0.3496504 -0.1902392 -0.1902392 -0.2401724E-01 -0.2401724E-01 0.6785956E-01 0.6785956E-01 0.1026700 0.1566690 0.1566690 0.1910428 0.1910428 0.1868832 0.1868832 0.1868832 0.1390907 0.1390907 0.7091814E-01 0.7091814E-01 0.4098922E-02 0.4098922E-02 -0.4451746E-01 -0.4451746E-01 -0.6859814E-01 -0.6859814E-01 -0.6859814E-01
0.1017177E-02 0.1017177E-02 0.2843642E-02 0.5732813E-02 0.5261991E-02 0.5261991E-02 0.4893212E-02 0.4620252E-02 0.4620252E-02 0.4570993E-02 0.4570993E-02 0.4541150E-02 0.4523923E-02 0.4507385E-02 0.3755666E-02 0.3755666E-02 -0.1067548 -0.1801644 -0.2549254 -0.3279344 -0.3979464 -0.4647416 -0.5286537 -0.5902982 -0.6504082 -0.7097290 -0.7689388 -0.8283879 -0.8857313 -0.9212996 -0.9212996 -0.8602950 -0.6382158 -0.2100701 -0.1187668 -0.1187668 -0.2130536E-01 -0.2130536E-01 0.4553439E-01 0.4553439E-01 0.7344257E-01 0.1188221 0.1188221 0.1494740 0.1494740 0.1548959 0.1548959 0.1548959 0.1225764 0.1225764 0.6899309E-01 0.6899309E-01 0.1066066E-01 0.1066066E-01 -0.3510645E-01 -0.3510645E-01 -0.5878999E-01 -0.5878999E-01 -0.5878999E-01
0.1655956E-02 0.1655956E-02 0.3952920E-02 0.7626198E-02 0.6935955E-02 0.6935955E-02 0.6452427E-02 0.6113103E-02 0.6113103E-02 0.6052425E-02 0.6052425E-02 0.6024959E-02 0.6012437E-02 0.6001289E-02 0.4969289E-02 0.4969289E-02 -0.1568602 -0.2519057 -0.3433128 -0.4283946 -0.5065911 -0.5783573 -0.6446136 -0.7064682 -0.7650706 -0.8215294 -0.8768592 -0.9311916 -0.9749021 -0.9406498 -0.9406498 -0.7037891 -0.3877450 -0.1249608 -0.8361394E-01 -0.8361394E-01 -0.2300661E-01 -0.2300661E-01 0.2578758E-01 0.2578758E-01 0.4739675E-01 0.8348136E-01 0.8348136E-01 0.1087537 0.1087537 0.1186013 0.1186013 0.1186013 0.9858298E-01 0.9858298E-01 0.6011416E-01 0.6011416E-01 0.1426058E-01 0.1426058E-01 -0.2411569E-01 -0.2411569E-01 -0.4464527E-01 -0.4464527E-01 -0.4464527E-01
