cruce_test.gid/Rasters/Hydraulic/Velocity__x_315.0.asc
NCOLS        79
NROWS        79
XLLCENTER         -1.500000
YLLCENTER         -4.800000
CELLSIZE           0.100
NODATA_VALUE     -9999.0
[rows 0 to 25 of 79, columns 0 to 57 of 79]
-9999.000 -9999.000 -9999.000 -9999.000 -9999.000 -9999.000 -9999.000 -9999.000 -9999.000 -9999.000 -9999.000 -9999.000 -9999.000 -9999.000 -9999.000 0.1756942E-03 0.1874773E-02 0.5414895E-02 0.9118381E-02 0.1233939E-01 0.1485804E-01 0.1659699E-01 0.1756362E-01 0.1782072E-01 0.1743164E-01 0.1646158E-01 0.1494279E-01 0.1272477E-01 0.9070345E-02 0.4460115E-02 0.4460115E-02 -9999.000 -9999.000 -9999.000 -9999.000 -9999.000 -9999.000 -9999.000 -9999.000 -9999.000 -9999.000 -9999.000 -9999.000 -9999.000 -9999.000 -9999.000 -9999.000 -9999.000 -9999.000 -9999.000 -9999.000 -9999.000 -9999.000 -9999.000 -9999.000 -9999.000 -9999.000 -9999.000
-9999.000 -9999.000 -9999.000 -9999.000 -9999.000 -9999.000 -9999.000 -9999.000 -9999.000 -9999.000 -9999.000 -9999.000 -9999.000 -9999.000 -9999.000 0.1375357E-02 0.4275613E-02 0.8948128E-02 0.1369239E-01 0.1784939E-01 0.2114306E-01 0.2344083E-01 0.2470395E-01 0.2495980E-01 0.2425077E-01 0.2263384E-01 0.2014629E-01 0.1667561E-01 0.1161377E-01 0.5694079E-02 0.5694079E-02 -9999.000 -9999.000 -9999.000 -9999.000 -9999.000 -9999.000 -9999.000 -9999.000 -9999.000 -9999.000 -9999.000 -9999.000 -9999.000 -9999.000 -9999.000 -9999.000 -9999.000 -9999.000 -9999.000 -9999.000 -9999.000 -9999.000 -9999.000 -9999.000 -9999.000 -9999.000 -9999.000
-9999.000 -9999.000 -9999.000 -9999.000 -9999.000 -9999.000 -9999.000 -9999.000 -9999.000 -9999.000 -9999.000 -9999.000 -9999.000 -9999.000 -9999.000 0.1943765E-02 0.5480684E-02 0.1085143E-01 0.1623393E-01 0.2093607E-01 0.2465931E-01 0.2725235E-01 0.2866336E-01 0.2891272E-01 0.2804087E-01 0.2610952E-01 0.2316698E-01 0.1911199E-01 0.1332877E-01 0.6573066E-02 0.6573066E-02 -9999.000 -9999.000 -9999.000 -9999.000 -9999.000 -9999.000 -9999.000 -9999.000 -9999.000 -9999.000 -9999.000 -9999.000 -9999.000 -9999.000 -9999.000 -9999.000 -9999.000 -9999.000 -9999.000 -9999.000 -9999.000 -9999.000 -9999.000 -9999.000 -9999.000 -9999.000 -9999.000
-9999.000 -9999.000 -9999.000 -9999.000 -9999.000 -9999.000 -9999.000 -9999.000 -9999.000 -9999.000 -9999.000 -9999.000 -9999.000 -9999.000 -9999.000 0.2288024E-02 0.6220469E-02 0.1203604E-01 0.1783150E-01 0.2288844E-01 0.2689451E-01 0.2968754E-01 0.3120990E-01 0.3147965E-01 0.3053710E-01 0.2844711E-01 0.2526258E-01 0.2088001E-01 0.1465163E-01 0.7281850E-02 0.7281850E-02 -9999.000 -9999.000 -9999.000 -9999.000 -9999.000 -9999.000 -9999.000 -9999.000 -9999.000 -9999.000 -9999.000 -9999.000 -9999.000 -9999.000 -9999.000 -9999.000 -9999.000 -9999.000 -9999.000 -9999.000 -9999.000 -9999.000 -9999.000 -9999.000 -9999.000 -9999.000 -9999.000
-9999.000 -9999.000 -9999.000 -9999.000 -9999.000 -9999.000 -9999.000 -9999.000 -9999.000 -9999.000 -9999.000 -9999.000 -9999.000 -9999.000 -9999.000 0.2544821E-02 0.6774448E-02 0.1292573E-01 0.1903461E-01 0.2436308E-01 0.2858961E-01 0.3154527E-01 0.3316891E-01 0.3347862E-01 0.3251369E-01 0.3034135E-01 0.2701600E-01 0.2242497E-01 0.1587255E-01 0.7960587E-02 0.7960587E-02 -9999.000 -9999.000 -9999.000 -9999.000 -9999.000 -9999.000 -9999.000 -9999.000 -9999.000 -9999.000 -9999.000 -9999.000 -9999.000 -9999.000 -9999.000 -9999.000 -9999.000 -9999.000 -9999.000 -9999.000 -9999.000 -9999.000 -9999.000 -9999.000 -9999.000 -9999.000 -9999.000
-9999.000 -9999.000 -9999.000 -9999.000 -9999.000 -9999.000 -9999.000 -9999.000 -9999.000 -9999.000 -9999.000 -9999.000 -9999.000 -9999.000 -9999.000 0.2777105E-02 0.7273085E-02 0.1372177E-01 0.2010746E-01 0.2567643E-01 0.3010127E-01 0.3320808E-01 0.3493462E-01 0.3529931E-01 0.3434073E-01 0.3212775E-01 0.2871492E-01 0.2397517E-01 0.1715068E-01 0.8690988E-02 0.8690988E-02 -9999.000 -9999.000 -9999.000 -9999.000 -9999.000 -9999.000 -9999.000 -9999.000 -9999.000 -9999.000 -9999.000 -9999.000 -9999.000 -9999.000 -9999.000 -9999.000 -9999.000 -9999.000 -9999.000 -9999.000 -9999.000 -9999.000 -9999.000 -9999.000 -9999.000 -9999.000 -9999.000
-9999.000 -9999.000 -9999.000 -9999.000 -9999.000 -9999.000 -9999.000 -9999.000 -9999.000 -9999.000 -9999.000 -9999.000 -9999.000 -9999.000 -9999.000 0.3015373E-02 0.7779983E-02 0.1452262E-01 0.2117942E-01 0.2698372E-01 0.3160505E-01 0.3486577E-01 0.3670350E-01 0.3713812E-01 0.3620771E-01 0.3398266E-01 0.3051624E-01 0.2566260E-01 0.1858659E-01 0.9528098E-02 0.9528098E-02 -9999.000 -9999.000 -9999.000 -9999.000 -9999.000 -9999.000 -9999.000 -9999.000 -9999.000 -9999.000 -9999.000 -9999.000 -9999.000 -9999.000 -9999.000 -9999.000 -9999.000 -9999.000 -9999.000 -9999.000 -9999.000 -9999.000 -9999.000 -9999.000 -9999.000 -9999.000 -9999.000
-9999.000 -9999.000 -9999.000 -9999.000 -9999.000 -9999.000 -9999.000 -9999.000 -9999.000 -9999.000 -9999.000 -9999.000 -9999.000 -9999.000 -9999.000 0.3275659E-02 0.8328891E-02 0.1538025E-01 0.2231857E-01 0.2836714E-01 0.3319479E-01 0.3662084E-01 0.3858405E-01 0.3910700E-01 0.3822658E-01 0.3601495E-01 0.3252370E-01 0.2758324E-01 0.2026362E-01 0.1052194E-01 0.1052194E-01 -9999.000 -9999.000 -9999.000 -9999.000 -9999.000 -9999.000 -9999.000 -9999.000 -9999.000 -9999.000 -9999.000 -9999.000 -9999.000 -9999.000 -9999.000 -9999.000 -9999.000 -9999.000 -9999.000 -9999.000 -9999.000 -9999.000 -9999.000 -9999.000 -9999.000 -9999.000 -9999.000
-9999.000 -9999.000 -9999.000 -9999.000 -9999.000 -9999.000 -9999.000 -9999.000 -9999.000 -9999.000 -9999.000 -9999.000 -9999.000 -9999.000 -9999.000 0.3568257E-02 0.8941097E-02 0.1632768E-01 0.2356894E-01 0.2988022E-01 0.3493201E-01 0.3854183E-01 0.4065086E-01 0.4128513E-01 0.4048077E-01 0.3831188E-01 0.3482733E-01 0.2982835E-01 0.2227046E-01 0.1172920E-01 0.1172920E-01 -9999.000 -9999.000 -9999.000 -9999.000 -9999.000 -9999.000 -9999.000 -9999.000 -9999.000 -9999.000 -9999.000 -9999.000 -9999.000 -9999.000 -9999.000 -9999.000 -9999.000 -9999.000 -9999.000 -9999.000 -9999.000 -9999.000 -9999.000 -9999.000 -9999.000 -9999.000 -9999.000
-9999.000 -9999.000 -9999.000 -9999.000 -9999.000 -9999.000 -9999.000 -9999.000 -9999.000 -9999.000 -9999.000 -9999.000 -9999.000 -9999.000 -9999.000 0.3901397E-02 0.9634106E-02 0.1739242E-01 0.2496660E-01 0.3156732E-01 0.3686915E-01 0.4068892E-01 0.4297169E-01 0.4374805E-01 0.4305309E-01 0.4096411E-01 0.3752669E-01 0.3250623E-01 0.2471921E-01 0.1322365E-01 0.1322365E-01 -9999.000 -9999.000 -9999.000 -9999.000 -9999.000 -9999.000 -9999.000 -9999.000 -9999.000 -9999.000 -9999.000 -9999.000 -9999.000 -9999.000 -9999.000 -9999.000 -9999.000 -9999.000 -9999.000 -9999.000 -9999.000 -9999.000 -9999.000 -9999.000 -9999.000 -9999.000 -9999.000
-9999.000 -9999.000 -9999.000 -9999.000 -9999.000 -9999.000 -9999.000 -9999.000 -9999.000 -9999.000 -9999.000 -9999.000 -9999.000 -9999.000 -9999.000 0.4283677E-02 0.1042657E-01 0.1860406E-01 0.2655170E-01 0.3347799E-01 0.3906539E-01 0.4313049E-01 0.4562469E-01 0.4658449E-01 0.4604436E-01 0.4408567E-01 0.4075068E-01 0.3576117E-01 0.2776452E-01 0.1510910E-01 0.1510910E-01 -9999.000 -9999.000 -9999.000 -9999.000 -9999.000 -9999.000 -9999.000 -9999.000 -9999.000 -9999.000 -9999.000 -9999.000 -9999.000 -9999.000 -9999.000 -9999.000 -9999.000 -9999.000 -9999.000 -9999.000 -9999.000 -9999.000 -9999.000 -9999.000 -9999.000 -9999.000 -9999.000
-9999.000 -9999.000 -9999.000 -9999.000 -9999.000 -9999.000 -9999.000 -9999.000 -9999.000 -9999.000 -9999.000 -9999.000 -9999.000 -9999.000 -9999.000 0.4726497E-02 0.1134219E-01 0.2000044E-01 0.2837515E-01 0.3567634E-01 0.4159745E-01 0.4595683E-01 0.4871436E-01 0.4991490E-01 0.4959227E-01 0.4783491E-01 0.4468110E-01 0.3979996E-01 0.3163265E-01 0.1753850E-01 0.1753850E-01 -9999.000 -9999.000 -9999.000 -9999.000 -9999.000 -9999.000 -9999.000 -9999.000 -9999.000 -9999.000 -9999.000 -9999.000 -9999.000 -9999.000 -9999.000 -9999.000 -9999.000 -9999.000 -9999.000 -9999.000 -9999.000 -9999.000 -9999.000 -9999.000 -9999.000 -9999.000 -9999.000
-9999.000 -9999.000 -9999.000 -9999.000 -9999.000 -9999.000 -9999.000 -9999.000 -9999.000 -9999.000 -9999.000 -9999.000 -9999.000 -9999.000 -9999.000 0.5245995E-02 0.1241675E-01 0.2163829E-01 0.3051326E-01 0.3825694E-01 0.4457863E-01 0.4930025E-01 0.5239404E-01 0.5391566E-01 0.5390017E-01 0.5244590E-01 0.4958887E-01 0.4493397E-01 0.3666962E-01 0.2074719E-01 0.2074719E-01 -9999.000 -9999.000 -9999.000 -9999.000 -9999.000 -9999.000 -9999.000 -9999.000 -9999.000 -9999.000 -9999.000 -9999.000 -9999.000 -9999.000 -9999.000 -9999.000 -9999.000 -9999.000 -9999.000 -9999.000 -9999.000 -9999.000 -9999.000 -9999.000 -9999.000 -9999.000 -9999.000
-9999.000 -9999.000 -9999.000 -9999.000 -9999.000 -9999.000 -9999.000 -9999.000 -9999.000 -9999.000 -9999.000 -9999.000 -9999.000 -9999.000 -9999.000 0.6058927E-02 0.1407194E-01 0.2410036E-01 0.3356525E-01 0.4181636E-01 0.4858356E-01 0.5370680E-01 0.5718495E-01 0.5909345E-01 0.5947278E-01 0.5843739E-01 0.5602185E-01 0.5175263E-01 0.4350245E-01 0.2517075E-01 0.2517075E-01 -9999.000 -9999.000 -9999.000 -9999.000 -9999.000 -9999.000 -9999.000 -9999.000 -9999.000 -9999.000 -9999.000 -9999.000 -9999.000 -9999.000 -9999.000 -9999.000 -9999.000 -9999.000 -9999.000 -9999.000 -9999.000 -9999.000 -9999.000 -9999.000 -9999.000 -9999.000 -9999.000
-9999.000 -9999.000 -9999.000 -9999.000 -9999.000 -9999.000 -9999.000 -9999.000 -9999.000 -9999.000 -9999.000 -9999.000 -9999.000 -9999.000 -9999.000 0.5016362E-01 0.7584530E-01 0.8654166E-01 0.8396135E-01 0.8318925E-01 0.8151390E-01 0.7909879E-01 0.7620381E-01 0.7291523E-01 0.6924905E-01 0.6524514E-01 0.6078881E-01 0.5517625E-01 0.4590450E-01 0.2290891E-01 0.2290891E-01 -9999.000 -9999.000 -9999.000 -9999.000 -9999.000 -9999.000 -9999.000 -9999.000 -9999.000 -9999.000 -9999.000 -9999.000 -9999.000 -9999.000 -9999.000 -9999.000 -9999.000 -9999.000 -9999.000 -9999.000 -9999.000 -9999.000 -9999.000 -9999.000 -9999.000 -9999.000 -9999.000
2.750696 2.750696 2.719079 2.759366 2.772528 2.772528 2.775071 2.776100 2.776100 2.773603 2.773603 2.768590 2.765395 2.761841 2.758115 2.758115 2.855196 2.858029 2.854209 2.829396 2.785005 2.719802 2.631377 2.522090 2.392995 2.246001 2.085561 1.922017 1.781453 1.730540 1.730540 2.582754 2.755406 2.848374 2.870131 2.870131 2.895422 2.895422 2.863871 2.863871 2.811704 2.609560 2.609560 2.148334 2.148334 1.957584 1.957584 1.957584 1.960369 1.960369 1.999476 1.999476 2.048829 2.048829 2.097898 2.097898 2.140426 2.140426
2.774012 2.774012 2.747781 2.812201 2.832551 2.832551 2.846350 2.869408 2.869408 2.888660 2.888660 2.905198 2.912698 2.919781 2.926629 2.926629 2.999630 3.014693 3.027712 3.035611 3.038054 3.033108 3.017667 2.989668 2.946695 2.886711 2.808935 2.715115 2.612618 2.546524 2.546524 3.007868 3.167936 3.317195 3.356373 3.356373 3.397987 3.397987 3.391192 3.391192 3.364427 3.248721 3.248721 2.996165 2.996165 2.776711 2.776711 2.776711 2.778806 2.778806 2.819685 2.819685 2.872072 2.872072 2.923812 2.923812 2.969639 2.969639
2.779996 2.779996 2.748641 2.814126 2.832786 2.832786 2.846921 2.870635 2.870635 2.890496 2.890496 2.907720 2.915602 2.923095 2.930397 2.930397 2.996989 3.022469 3.046175 3.066229 3.082170 3.093359 3.098541 3.096750 3.086591 3.066350 3.034537 2.990945 2.939107 2.904791 2.904791 3.174861 3.330714 3.506815 3.556594 3.556594 3.604080 3.604080 3.587148 3.587148 3.553882 3.447824 3.447824 3.281578 3.281578 3.074076 3.074076 3.074076 3.060233 3.060233 3.090422 3.090422 3.134974 3.134974 3.180561 3.180561 3.221681 3.221681
2.782687 2.782687 2.750793 2.814903 2.832478 2.832478 2.846674 2.870557 2.870557 2.890453 2.890453 2.907707 2.915617 2.923138 2.930506 2.930506 2.994103 3.028718 3.062128 3.091708 3.116374 3.135590 3.148793 3.155741 3.156128 3.149431 3.135080 3.113061 3.085639 3.069297 3.069297 3.236215 3.375837 3.560667 3.615802 3.615802 3.659310 3.659310 3.621424 3.621424 3.580324 3.488566 3.488566 3.386468 3.386468 3.216761 3.216761 3.216761 3.187292 3.187292 3.204910 3.204910 3.242013 3.242013 3.283214 3.283214 3.321336 3.321336
2.784213 2.784213 2.751272 2.815229 2.832266 2.832266 2.846508 2.870490 2.870490 2.890412 2.890412 2.907709 2.915642 2.923184 2.930619 2.930619 2.994997 3.037791 3.080097 3.118384 3.151031 3.177300 3.196750 3.209264 3.214882 3.213665 3.205734 3.191600 3.173312 3.162211 3.162211 3.266603 3.383289 3.559102 3.609917 3.609917 3.629378 3.629378 3.566886 3.566886 3.527272 3.468502 3.468502 3.422647 3.422647 3.304949 3.304949 3.304949 3.265584 3.265584 3.268798 3.268798 3.296098 3.296098 3.331542 3.331542 3.365939 3.365939
2.786139 2.786139 2.748374 2.815315 2.832073 2.832073 2.846390 2.870483 2.870483 2.890446 2.890446 2.907771 2.915711 2.923253 2.930763 2.930763 3.000571 3.051103 3.101503 3.147590 3.187430 3.220138 3.245277 3.262725 3.272565 3.275006 3.270390 3.259430 3.244002 3.232177 3.232177 3.294093 3.383934 3.529892 3.561641 3.561641 3.535847 3.535847 3.465760 3.465760 3.442767 3.429965 3.429965 3.429828 3.429828 3.366037 3.366037 3.366037 3.326227 3.326227 3.316831 3.316831 3.332373 3.332373 3.359801 3.359801 3.388741 3.388741
2.787581 2.787581 2.747312 2.815058 2.831748 2.831748 2.846215 2.870510 2.870510 2.890521 2.890521 2.907837 2.915767 2.923297 2.930910 2.930910 3.011693 3.069992 3.127774 3.180661 3.226671 3.264919 3.295010 3.316833 3.330457 3.336091 3.334081 3.325091 3.310655 3.296408 3.296408 3.327914 3.388481 3.476023 3.469268 3.469268 3.395574 3.395574 3.353688 3.353688 3.357588 3.389480 3.389480 3.422761 3.422761 3.406989 3.406989 3.406989 3.375856 3.375856 3.359029 3.359029 3.362869 3.362869 3.380406 3.380406 3.401927 3.401927
2.788180 2.788180 2.746894 2.814953 2.831614 2.831614 2.846146 2.870529 2.870529 2.890553 2.890553 2.907856 2.915779 2.923305 2.931075 2.931075 3.029462 3.095885 3.160417 3.219006 3.269944 3.312525 3.346499 3.371831 3.388610 3.397014 3.397327 3.390064 3.376335 3.359678 3.359678 3.368358 3.395988 3.381934 3.322585 3.322585 3.238474 3.238474 3.256730 3.256730 3.286314 3.351641 3.351641 3.407756 3.407756 3.431191 3.431191 3.431191 3.414648 3.414648 3.396878 3.396878 3.391310 3.391310 3.398144 3.398144 3.410509 3.410509
2.787581 2.787581 2.747312 2.815059 2.831748 2.831748 2.846216 2.870510 2.870510 2.890520 2.890520 2.907838 2.915767 2.923298 2.931297 2.931297 3.055404 3.130457 3.201075 3.264122 3.318499 3.363908 3.400366 3.427999 3.446973 3.457462 3.459684 3.453984 3.440978 3.421969 3.421969 3.410480 3.393903 3.224163 3.128302 3.128302 3.101178 3.101178 3.182485 3.182485 3.229377 3.315905 3.315905 3.387474 3.387474 3.441377 3.441377 3.441377 3.441526 3.441526 3.428446 3.428446 3.417267 3.417267 3.413950 3.413950 3.416044 3.416044
2.786139 2.786139 2.748374 2.815316 2.832073 2.832073 2.846390 2.870484 2.870484 2.890445 2.890445 2.907771 2.915710 2.923253 2.931576 2.931576 3.091710 3.175789 3.251591 3.317546 3.373549 3.419943 3.457152 3.485554 3.505442 3.517026 3.520479 3.515975 3.503450 3.480576 3.480576 3.441919 3.349922 3.002767 2.929393 2.929393 3.001763 3.001763 3.123594 3.123594 3.180038 3.279550 3.279550 3.362088 3.362088 3.439101 3.439101 3.439101 3.455189 3.455189 3.450317 3.450317 3.437592 3.437592 3.425888 3.425888 3.417503 3.417503
2.784213 2.784213 2.751271 2.815229 2.832266 2.832266 2.846508 2.870490 2.870490 2.890411 2.890411 2.907709 2.915642 2.923184 2.931948 2.931948 3.141655 3.234602 3.314052 3.380786 3.436111 3.481236 3.517119 3.544451 3.563691 3.575114 3.578866 3.574916 3.561739 3.527846 3.527846 3.430401 3.205765 2.772169 2.779806 2.779806 2.929939 2.929939 3.070602 3.070602 3.132115 3.240042 3.240042 3.330674 3.330674 3.424764 3.424764 3.424764 3.454391 3.454391 3.458893 3.458893 3.447684 3.447684 3.429991 3.429991 3.411855 3.411855
