cruce_test.gid/Rasters/Hydraulic/Velocity__x_81.0.asc
NCOLS        79
NROWS        79
XLLCENTER         -1.500000
YLLCENTER         -4.800000
CELLSIZE           0.100
NODATA_VALUE     -9999.0
[rows 0 to 25 of 79, columns 0 to 57 of 79]
-9999.000 -9999.000 -9999.000 -9999.000 -9999.000 -9999.000 -9999.000 -9999.000 -9999.000 -9999.000 -9999.000 -9999.000 -9999.000 -9999.000 -9999.000 0.2946249E-03 0.1437894E-02 0.3343285E-02 0.5069406E-02 0.6592892E-02 0.7937749E-02 0.9118489E-02 0.1012516E-01 0.1090993E-01 0.1137206E-01 0.1133603E-01 0.1051754E-01 0.8471764E-02 0.4603426E-02 0.1391180E-02 0.1391180E-02 -9999.000 -9999.000 -9999.000 -9999.000 -9999.000 -9999.000 -9999.000 -9999.000 -9999.000 -9999.000 -9999.000 -9999.000 -9999.000 -9999.000 -9999.000 -9999.000 -9999.000 -9999.000 -9999.000 -9999.000 -9999.000 -9999.000 -9999.000 -9999.000 -9999.000 -9999.000 -9999.000
-9999.000 -9999.000 -9999.000 -9999.000 -9999.000 -9999.000 -9999.000 -9999.000 -9999.000 -9999.000 -9999.000 -9999.000 -9999.000 -9999.000 -9999.000 0.1145169E-02 0.3344480E-02 0.6486835E-02 0.9427038E-02 0.1207874E-01 0.1441393E-01 0.1640009E-01 0.1797859E-01 0.1904704E-01 0.1944423E-01 0.1893406E-01 0.1718823E-01 0.1376793E-01 0.8188391E-02 0.3159462E-02 0.3159462E-02 -9999.000 -9999.000 -9999.000 -9999.000 -9999.000 -9999.000 -9999.000 -9999.000 -9999.000 -9999.000 -9999.000 -9999.000 -9999.000 -9999.000 -9999.000 -9999.000 -9999.000 -9999.000 -9999.000 -9999.000 -9999.000 -9999.000 -9999.000 -9999.000 -9999.000 -9999.000 -9999.000
-9999.000 -9999.000 -9999.000 -9999.000 -9999.000 -9999.000 -9999.000 -9999.000 -9999.000 -9999.000 -9999.000 -9999.000 -9999.000 -9999.000 -9999.000 0.1895255E-02 0.5024076E-02 0.9256032E-02 0.1321803E-01 0.1679091E-01 0.1991634E-01 0.2253085E-01 0.2454264E-01 0.2581475E-01 0.2614950E-01 0.2527471E-01 0.2282714E-01 0.1833444E-01 0.1128108E-01 0.4661633E-02 0.4661633E-02 -9999.000 -9999.000 -9999.000 -9999.000 -9999.000 -9999.000 -9999.000 -9999.000 -9999.000 -9999.000 -9999.000 -9999.000 -9999.000 -9999.000 -9999.000 -9999.000 -9999.000 -9999.000 -9999.000 -9999.000 -9999.000 -9999.000 -9999.000 -9999.000 -9999.000 -9999.000 -9999.000
-9999.000 -9999.000 -9999.000 -9999.000 -9999.000 -9999.000 -9999.000 -9999.000 -9999.000 -9999.000 -9999.000 -9999.000 -9999.000 -9999.000 -9999.000 0.2577218E-02 0.6534676E-02 0.1172202E-01 0.1657309E-01 0.2094403E-01 0.2475493E-01 0.2792032E-01 0.3032451E-01 0.3180382E-01 0.3212996E-01 0.3099471E-01 0.2799138E-01 0.2259291E-01 0.1421575E-01 0.6097796E-02 0.6097796E-02 -9999.000 -9999.000 -9999.000 -9999.000 -9999.000 -9999.000 -9999.000 -9999.000 -9999.000 -9999.000 -9999.000 -9999.000 -9999.000 -9999.000 -9999.000 -9999.000 -9999.000 -9999.000 -9999.000 -9999.000 -9999.000 -9999.000 -9999.000 -9999.000 -9999.000 -9999.000 -9999.000
-9999.000 -9999.000 -9999.000 -9999.000 -9999.000 -9999.000 -9999.000 -9999.000 -9999.000 -9999.000 -9999.000 -9999.000 -9999.000 -9999.000 -9999.000 0.3227864E-02 0.7954515E-02 0.1400918E-01 0.1966818E-01 0.2477054E-01 0.2922041E-01 0.3291493E-01 0.3571896E-01 0.3744394E-01 0.3782976E-01 0.3652649E-01 0.3307189E-01 0.2686341E-01 0.1721607E-01 0.7581831E-02 0.7581831E-02 -9999.000 -9999.000 -9999.000 -9999.000 -9999.000 -9999.000 -9999.000 -9999.000 -9999.000 -9999.000 -9999.000 -9999.000 -9999.000 -9999.000 -9999.000 -9999.000 -9999.000 -9999.000 -9999.000 -9999.000 -9999.000 -9999.000 -9999.000 -9999.000 -9999.000 -9999.000 -9999.000
-9999.000 -9999.000 -9999.000 -9999.000 -9999.000 -9999.000 -9999.000 -9999.000 -9999.000 -9999.000 -9999.000 -9999.000 -9999.000 -9999.000 -9999.000 0.3884140E-02 0.9360581E-02 0.1623745E-01 0.2266593E-01 0.2847479E-01 0.3355640E-01 0.3779409E-01 0.4103418E-01 0.4306277E-01 0.4358408E-01 0.4219780E-01 0.3837148E-01 0.3140343E-01 0.2046753E-01 0.9208081E-02 0.9208081E-02 -9999.000 -9999.000 -9999.000 -9999.000 -9999.000 -9999.000 -9999.000 -9999.000 -9999.000 -9999.000 -9999.000 -9999.000 -9999.000 -9999.000 -9999.000 -9999.000 -9999.000 -9999.000 -9999.000 -9999.000 -9999.000 -9999.000 -9999.000 -9999.000 -9999.000 -9999.000 -9999.000
-9999.000 -9999.000 -9999.000 -9999.000 -9999.000 -9999.000 -9999.000 -9999.000 -9999.000 -9999.000 -9999.000 -9999.000 -9999.000 -9999.000 -9999.000 0.4579004E-02 0.1082099E-01 0.1851157E-01 0.2570510E-01 0.3222821E-01 0.3796489E-01 0.4278672E-01 0.4652204E-01 0.4892977E-01 0.4967279E-01 0.4829001E-01 0.4416085E-01 0.3645485E-01 0.2415562E-01 0.1107454E-01 0.1107454E-01 -9999.000 -9999.000 -9999.000 -9999.000 -9999.000 -9999.000 -9999.000 -9999.000 -9999.000 -9999.000 -9999.000 -9999.000 -9999.000 -9999.000 -9999.000 -9999.000 -9999.000 -9999.000 -9999.000 -9999.000 -9999.000 -9999.000 -9999.000 -9999.000 -9999.000 -9999.000 -9999.000
-9999.000 -9999.000 -9999.000 -9999.000 -9999.000 -9999.000 -9999.000 -9999.000 -9999.000 -9999.000 -9999.000 -9999.000 -9999.000 -9999.000 -9999.000 0.5341669E-02 0.1239531E-01 0.2092212E-01 0.2890605E-01 0.3617974E-01 0.4262219E-01 0.4809507E-01 0.5240906E-01 0.5529318E-01 0.5636225E-01 0.5508202E-01 0.5072176E-01 0.4228522E-01 0.2849929E-01 0.1330175E-01 0.1330175E-01 -9999.000 -9999.000 -9999.000 -9999.000 -9999.000 -9999.000 -9999.000 -9999.000 -9999.000 -9999.000 -9999.000 -9999.000 -9999.000 -9999.000 -9999.000 -9999.000 -9999.000 -9999.000 -9999.000 -9999.000 -9999.000 -9999.000 -9999.000 -9999.000 -9999.000 -9999.000 -9999.000
-9999.000 -9999.000 -9999.000 -9999.000 -9999.000 -9999.000 -9999.000 -9999.000 -9999.000 -9999.000 -9999.000 -9999.000 -9999.000 -9999.000 -9999.000 0.6198627E-02 0.1413800E-01 0.2355279E-01 0.3238115E-01 0.4047041E-01 0.4769819E-01 0.5391842E-01 0.5892437E-01 0.6241219E-01 0.6394169E-01 0.6289034E-01 0.5838991E-01 0.4923043E-01 0.3379056E-01 0.1605619E-01 0.1605619E-01 -9999.000 -9999.000 -9999.000 -9999.000 -9999.000 -9999.000 -9999.000 -9999.000 -9999.000 -9999.000 -9999.000 -9999.000 -9999.000 -9999.000 -9999.000 -9999.000 -9999.000 -9999.000 -9999.000 -9999.000 -9999.000 -9999.000 -9999.000 -9999.000 -9999.000 -9999.000 -9999.000
-9999.000 -9999.000 -9999.000 -9999.000 -9999.000 -9999.000 -9999.000 -9999.000 -9999.000 -9999.000 -9999.000 -9999.000 -9999.000 -9999.000 -9999.000 0.7175387E-02 0.1610235E-01 0.2648819E-01 0.3624634E-01 0.4524909E-01 0.5337665E-01 0.6047804E-01 0.6632993E-01 0.7059330E-01 0.7276495E-01 0.7211658E-01 0.6760922E-01 0.5775506E-01 0.4045579E-01 0.1958909E-01 0.1958909E-01 -9999.000 -9999.000 -9999.000 -9999.000 -9999.000 -9999.000 -9999.000 -9999.000 -9999.000 -9999.000 -9999.000 -9999.000 -9999.000 -9999.000 -9999.000 -9999.000 -9999.000 -9999.000 -9999.000 -9999.000 -9999.000 -9999.000 -9999.000 -9999.000 -9999.000 -9999.000 -9999.000
-9999.000 -9999.000 -9999.000 -9999.000 -9999.000 -9999.000 -9999.000 -9999.000 -9999.000 -9999.000 -9999.000 -9999.000 -9999.000 -9999.000 -9999.000 0.8299010E-02 0.1834698E-01 0.2982384E-01 0.4063634E-01 0.5069228E-01 0.5988060E-01 0.6804908E-01 0.7495987E-01 0.8023770E-01 0.8330823E-01 0.8331814E-01 0.7901603E-01 0.6855126E-01 0.4916302E-01 0.2430654E-01 0.2430654E-01 -9999.000 -9999.000 -9999.000 -9999.000 -9999.000 -9999.000 -9999.000 -9999.000 -9999.000 -9999.000 -9999.000 -9999.000 -9999.000 -9999.000 -9999.000 -9999.000 -9999.000 -9999.000 -9999.000 -9999.000 -9999.000 -9999.000 -9999.000 -9999.000 -9999.000 -9999.000 -9999.000
-9999.000 -9999.000 -9999.000 -9999.000 -9999.000 -9999.000 -9999.000 -9999.000 -9999.000 -9999.000 -9999.000 -9999.000 -9999.000 -9999.000 -9999.000 0.9601979E-02 0.2094438E-01 0.3368250E-01 0.4572747E-01 0.5703557E-01 0.6751195E-01 0.7700995E-01 0.8528193E-01 0.9191734E-01 0.9626503E-01 0.9732671E-01 0.9358917E-01 0.8272547E-01 0.6103963E-01 0.3091556E-01 0.3091556E-01 -9999.000 -9999.000 -9999.000 -9999.000 -9999.000 -9999.000 -9999.000 -9999.000 -9999.000 -9999.000 -9999.000 -9999.000 -9999.000 -9999.000 -9999.000 -9999.000 -9999.000 -9999.000 -9999.000 -9999.000 -9999.000 -9999.000 -9999.000 -9999.000 -9999.000 -9999.000 -9999.000
-9999.000 -9999.000 -9999.000 -9999.000 -9999.000 -9999.000 -9999.000 -9999.000 -9999.000 -9999.000 -9999.000 -9999.000 -9999.000 -9999.000 -9999.000 0.1113157E-01 0.2400111E-01 0.3824588E-01 0.5178283E-01 0.6463160E-01 0.7672557E-01 0.8793466E-01 0.9801219E-01 0.1065196 0.1127289 0.1154820 0.1129507 0.1021862 0.7815144E-01 0.4075563E-01 0.4075563E-01 -9999.000 -9999.000 -9999.000 -9999.000 -9999.000 -9999.000 -9999.000 -9999.000 -9999.000 -9999.000 -9999.000 -9999.000 -9999.000 -9999.000 -9999.000 -9999.000 -9999.000 -9999.000 -9999.000 -9999.000 -9999.000 -9999.000 -9999.000 -9999.000 -9999.000 -9999.000 -9999.000
-9999.000 -9999.000 -9999.000 -9999.000 -9999.000 -9999.000 -9999.000 -9999.000 -9999.000 -9999.000 -9999.000 -9999.000 -9999.000 -9999.000 -9999.000 0.1307014E-01 0.2787237E-01 0.4405659E-01 0.5951514E-01 0.7435288E-01 0.8855590E-01 0.1020370 0.1145770 0.1257365 0.1347362 0.1402690 0.1401615 0.1306799 0.1048550 0.5681738E-01 0.5681738E-01 -9999.000 -9999.000 -9999.000 -9999.000 -9999.000 -9999.000 -9999.000 -9999.000 -9999.000 -9999.000 -9999.000 -9999.000 -9999.000 -9999.000 -9999.000 -9999.000 -9999.000 -9999.000 -9999.000 -9999.000 -9999.000 -9999.000 -9999.000 -9999.000 -9999.000 -9999.000 -9999.000
-9999.000 -9999.000 -9999.000 -9999.000 -9999.000 -9999.000 -9999.000 -9999.000 -9999.000 -9999.000 -9999.000 -9999.000 -9999.000 -9999.000 -9999.000 0.2796085E-01 0.4928340E-01 0.7080265E-01 0.8956143E-01 0.1064392 0.1219625 0.1364361 0.1499311 0.1622234 0.1726750 0.1800026 0.1818016 0.1734839 0.1454365 0.7638929E-01 0.7638929E-01 -9999.000 -9999.000 -9999.000 -9999.000 -9999.000 -9999.000 -9999.000 -9999.000 -9999.000 -9999.000 -9999.000 -9999.000 -9999.000 -9999.000 -9999.000 -9999.000 -9999.000 -9999.000 -9999.000 -9999.000 -9999.000 -9999.000 -9999.000 -9999.000 -9999.000 -9999.000 -9999.000
1.710590 1.710590 1.773931 1.805562 1.814156 1.814156 1.820375 1.828232 1.828232 1.832253 1.832253 1.833831 1.833940 1.807183 1.524933 1.524933 1.277027 1.212971 1.140570 1.060998 0.9761301 0.8886082 0.8017860 0.7196078 0.6464432 0.5870038 0.5466744 0.5330602 0.5612062 0.6524916 0.6524916 1.561456 1.786374 1.844551 1.807131 1.807131 1.690079 1.690079 1.455458 1.455458 1.134346 0.9653490 0.9653490 0.9583407 0.9583407 0.9969786 0.9969786 0.9969786 1.047319 1.047319 1.092616 1.092616 1.131077 1.131077 1.174896 1.174896 1.201852 1.201852
1.725658 1.725658 1.794634 1.840839 1.857204 1.857204 1.871292 1.894929 1.894929 1.914628 1.914628 1.931744 1.939568 1.935920 1.726617 1.726617 1.526540 1.503708 1.472296 1.431051 1.379679 1.318732 1.249640 1.174837 1.098022 1.024638 0.9626738 0.9243006 0.9301618 1.019277 1.019277 1.583467 1.764533 1.879756 1.894213 1.894213 1.870959 1.870959 1.764875 1.764875 1.574598 1.300717 1.300717 1.303462 1.303462 1.352573 1.352573 1.352573 1.406035 1.406035 1.454771 1.454771 1.484064 1.484064 1.537857 1.537857 1.571357 1.571357
1.729214 1.729214 1.796158 1.841311 1.857659 1.857659 1.871859 1.895876 1.895876 1.916033 1.916033 1.933661 1.941764 1.942730 1.796447 1.796447 1.582332 1.578345 1.569230 1.553098 1.529036 1.496732 1.456545 1.409645 1.358246 1.306012 1.258830 1.226399 1.226147 1.296116 1.296116 1.693891 1.856969 1.994740 2.023967 2.023967 2.024602 2.024602 1.955174 1.955174 1.850582 1.597322 1.597322 1.565674 1.565674 1.604163 1.604163 1.604163 1.650955 1.650955 1.692203 1.692203 1.724670 1.724670 1.763343 1.763343 1.791243 1.791243
1.731974 1.731974 1.797415 1.841469 1.857664 1.857664 1.871825 1.895873 1.895873 1.916059 1.916059 1.933693 1.941798 1.945199 1.855141 1.855141 1.612457 1.616471 1.617027 1.612217 1.601543 1.584887 1.562525 1.535224 1.504449 1.472685 1.444012 1.425254 1.428973 1.486333 1.486333 1.785401 1.925034 2.060016 2.089964 2.089964 2.096166 2.096166 2.049188 2.049188 1.993175 1.806301 1.806301 1.737579 1.737579 1.766629 1.766629 1.766629 1.806666 1.806666 1.842835 1.842835 1.872004 1.872004 1.903121 1.903121 1.927339 1.927339
1.734044 1.734044 1.798450 1.841604 1.857659 1.857659 1.871782 1.895857 1.895857 1.916066 1.916066 1.933696 1.941795 1.946745 1.891266 1.891266 1.638995 1.648398 1.654849 1.655841 1.651458 1.642147 1.628636 1.611930 1.593394 1.574972 1.559582 1.551852 1.560081 1.609815 1.609815 1.844082 1.962002 2.082606 2.106940 2.106940 2.109735 2.109735 2.082735 2.082735 2.057654 1.948173 1.948173 1.865801 1.865801 1.874654 1.874654 1.874654 1.908826 1.908826 1.941430 1.941430 1.968345 1.968345 1.994706 1.994706 2.016014 2.016014
1.735482 1.735482 1.799216 1.841709 1.857651 1.857651 1.871742 1.895843 1.895843 1.916072 1.916072 1.933699 1.941793 1.947735 1.914264 1.914264 1.667846 1.680819 1.692222 1.697278 1.696392 1.690448 1.680675 1.668541 1.655704 1.644075 1.636023 1.634742 1.645154 1.686951 1.686951 1.873533 1.971064 2.067728 2.083444 2.083444 2.085719 2.085719 2.083259 2.083259 2.080174 2.035613 2.035613 1.968212 1.968212 1.954344 1.954344 1.954344 1.980778 1.980778 2.009347 2.009347 2.034002 2.034002 2.056741 2.056741 2.075166 2.075166
1.736329 1.736329 1.799686 1.841776 1.857645 1.857645 1.871717 1.895834 1.895834 1.916077 1.916077 1.933701 1.941792 1.948369 1.929418 1.929418 1.704393 1.716657 1.732315 1.740823 1.742432 1.738173 1.729590 1.718579 1.707219 1.697679 1.692242 1.693396 1.703364 1.734869 1.734869 1.875204 1.952457 2.018235 2.027567 2.027567 2.041508 2.041508 2.067631 2.067631 2.080937 2.082355 2.082355 2.045452 2.045452 2.018547 2.018547 2.018547 2.035491 2.035491 2.058589 2.058589 2.080129 2.080129 2.099295 2.099295 2.114635 2.114635
1.736609 1.736609 1.799845 1.841800 1.857643 1.857643 1.871708 1.895831 1.895831 1.916079 1.916079 1.933702 1.941792 1.948775 1.939277 1.939277 1.755841 1.758137 1.776535 1.787710 1.791205 1.787916 1.779443 1.767884 1.755649 1.745284 1.739343 1.739708 1.744173 1.757259 1.757259 1.853161 1.904382 1.940970 1.952338 1.952338 1.991703 1.991703 2.045251 2.045251 2.070550 2.102266 2.102266 2.096943 2.096943 2.071912 2.071912 2.071912 2.080035 2.080035 2.096426 2.096426 2.113501 2.113501 2.128676 2.128676 2.140704 2.140704
1.736330 1.736330 1.799686 1.841776 1.857644 1.857644 1.871716 1.895834 1.895834 1.916077 1.916077 1.933702 1.941792 1.949036 1.945625 1.945625 1.816666 1.808864 1.825893 1.838681 1.843514 1.840679 1.831653 1.818609 1.804193 1.791278 1.782695 1.779387 1.771708 1.753694 1.753694 1.801128 1.823127 1.849135 1.872863 1.872863 1.944212 1.944212 2.020079 2.020079 2.054028 2.105668 2.105668 2.125944 2.125944 2.114577 2.114577 2.114577 2.117219 2.117219 2.126828 2.126828 2.138325 2.138325 2.148853 2.148853 2.157172 2.157172
1.735483 1.735483 1.799215 1.841709 1.857651 1.857651 1.871743 1.895844 1.895844 1.916072 1.916072 1.933699 1.941793 1.949205 1.949682 1.949682 1.880843 1.870551 1.883216 1.895284 1.900127 1.896898 1.886656 1.871452 1.854003 1.837420 1.824760 1.814932 1.783391 1.714328 1.714328 1.710423 1.712256 1.758249 1.799469 1.799469 1.901251 1.901251 1.993756 1.993756 2.034019 2.099136 2.099136 2.137981 2.137981 2.145584 2.145584 2.145584 2.147177 2.147177 2.151304 2.151304 2.156813 2.156813 2.162064 2.162064 2.166258 2.166258
1.734045 1.734045 1.798450 1.841604 1.857659 1.857659 1.871781 1.895857 1.895857 1.916066 1.916066 1.933696 1.941795 1.949316 1.952252 1.952252 1.946003 1.942336 1.950656 1.959255 1.961884 1.956779 1.944360 1.926299 1.905168 1.884151 1.866371 1.845504 1.764836 1.621129 1.621129 1.586817 1.592785 1.676513 1.729649 1.729649 1.860917 1.860917 1.966045 1.966045 2.011183 2.085936 2.085936 2.137851 2.137851 2.164524 2.164524 2.164524 2.168768 2.168768 2.169533 2.169533 2.169441 2.169441 2.169150 2.169150 2.168989 2.168989
