cruce_test.gid/Rasters/Hydraulic/Velocity__x_58.0.asc
NCOLS        79
NROWS        79
XLLCENTER         -1.500000
YLLCENTER         -4.800000
CELLSIZE           0.100
NODATA_VALUE     -9999.0
[rows 0 to 25 of 79, columns 0 to 57 of 79]
-9999.000 -9999.000 -9999.000 -9999.000 -9999.000 -9999.000 -9999.000 -9999.000 -9999.000 -9999.000 -9999.000 -9999.000 -9999.000 -9999.000 -9999.000 0.3962184E-03 0.1680767E-02 0.3745384E-02 0.5603334E-02 0.7213608E-02 0.8582702E-02 0.9702371E-02 0.1054035E-01 0.1103645E-01 0.1109704E-01 0.1058455E-01 0.9298520E-02 0.6946179E-02 0.3185997E-02 0.5912362E-03 0.5912362E-03 -9999.000 -9999.000 -9999.000 -9999.000 -9999.000 -9999.000 -9999.000 -9999.000 -9999.000 -9999.000 -9999.000 -9999.000 -9999.000 -9999.000 -9999.000 -9999.000 -9999.000 -9999.000 -9999.000 -9999.000 -9999.000 -9999.000 -9999.000 -9999.000 -9999.000 -9999.000 -9999.000
-9999.000 -9999.000 -9999.000 -9999.000 -9999.000 -9999.000 -9999.000 -9999.000 -9999.000 -9999.000 -9999.000 -9999.000 -9999.000 -9999.000 -9999.000 0.1276210E-02 0.3732260E-02 0.7222808E-02 0.1045837E-01 0.1331984E-01 0.1575356E-01 0.1769942E-01 0.1907433E-01 0.1976580E-01 0.1962788E-01 0.1847773E-01 0.1609253E-01 0.1221094E-01 0.6628057E-02 0.2219050E-02 0.2219050E-02 -9999.000 -9999.000 -9999.000 -9999.000 -9999.000 -9999.000 -9999.000 -9999.000 -9999.000 -9999.000 -9999.000 -9999.000 -9999.000 -9999.000 -9999.000 -9999.000 -9999.000 -9999.000 -9999.000 -9999.000 -9999.000 -9999.000 -9999.000 -9999.000 -9999.000 -9999.000 -9999.000
-9999.000 -9999.000 -9999.000 -9999.000 -9999.000 -9999.000 -9999.000 -9999.000 -9999.000 -9999.000 -9999.000 -9999.000 -9999.000 -9999.000 -9999.000 0.2097979E-02 0.5627615E-02 0.1041705E-01 0.1486455E-01 0.1880633E-01 0.2214976E-01 0.2479609E-01 0.2662307E-01 0.2747949E-01 0.2718310E-01 0.2551883E-01 0.2224028E-01 0.1707267E-01 0.9815584E-02 0.3720944E-02 0.3720944E-02 -9999.000 -9999.000 -9999.000 -9999.000 -9999.000 -9999.000 -9999.000 -9999.000 -9999.000 -9999.000 -9999.000 -9999.000 -9999.000 -9999.000 -9999.000 -9999.000 -9999.000 -9999.000 -9999.000 -9999.000 -9999.000 -9999.000 -9999.000 -9999.000 -9999.000 -9999.000 -9999.000
-9999.000 -9999.000 -9999.000 -9999.000 -9999.000 -9999.000 -9999.000 -9999.000 -9999.000 -9999.000 -9999.000 -9999.000 -9999.000 -9999.000 -9999.000 0.2888618E-02 0.7423696E-02 0.1340584E-01 0.1895968E-01 0.2388614E-01 0.2806294E-01 0.3136026E-01 0.3362335E-01 0.3466704E-01 0.3427402E-01 0.3219408E-01 0.2814488E-01 0.2181454E-01 0.1297238E-01 0.5220639E-02 0.5220639E-02 -9999.000 -9999.000 -9999.000 -9999.000 -9999.000 -9999.000 -9999.000 -9999.000 -9999.000 -9999.000 -9999.000 -9999.000 -9999.000 -9999.000 -9999.000 -9999.000 -9999.000 -9999.000 -9999.000 -9999.000 -9999.000 -9999.000 -9999.000 -9999.000 -9999.000 -9999.000 -9999.000
-9999.000 -9999.000 -9999.000 -9999.000 -9999.000 -9999.000 -9999.000 -9999.000 -9999.000 -9999.000 -9999.000 -9999.000 -9999.000 -9999.000 -9999.000 0.3684945E-02 0.9195874E-02 0.1630450E-01 0.2290394E-01 0.2876879E-01 0.3375212E-01 0.3769728E-01 0.4041905E-01 0.4169786E-01 0.4127773E-01 0.3886463E-01 0.3412617E-01 0.2669253E-01 0.1627329E-01 0.6804215E-02 0.6804215E-02 -9999.000 -9999.000 -9999.000 -9999.000 -9999.000 -9999.000 -9999.000 -9999.000 -9999.000 -9999.000 -9999.000 -9999.000 -9999.000 -9999.000 -9999.000 -9999.000 -9999.000 -9999.000 -9999.000 -9999.000 -9999.000 -9999.000 -9999.000 -9999.000 -9999.000 -9999.000 -9999.000
-9999.000 -9999.000 -9999.000 -9999.000 -9999.000 -9999.000 -9999.000 -9999.000 -9999.000 -9999.000 -9999.000 -9999.000 -9999.000 -9999.000 -9999.000 0.4526558E-02 0.1102364E-01 0.1923123E-01 0.2685333E-01 0.3364799E-01 0.3944763E-01 0.4407057E-01 0.4730060E-01 0.4888076E-01 0.4850943E-01 0.4583795E-01 0.4046688E-01 0.3194415E-01 0.1988506E-01 0.8553703E-02 0.8553703E-02 -9999.000 -9999.000 -9999.000 -9999.000 -9999.000 -9999.000 -9999.000 -9999.000 -9999.000 -9999.000 -9999.000 -9999.000 -9999.000 -9999.000 -9999.000 -9999.000 -9999.000 -9999.000 -9999.000 -9999.000 -9999.000 -9999.000 -9999.000 -9999.000 -9999.000 -9999.000 -9999.000
-9999.000 -9999.000 -9999.000 -9999.000 -9999.000 -9999.000 -9999.000 -9999.000 -9999.000 -9999.000 -9999.000 -9999.000 -9999.000 -9999.000 -9999.000 0.5452724E-02 0.1298376E-01 0.2229736E-01 0.3095174E-01 0.3869924E-01 0.4535551E-01 0.5071428E-01 0.5452687E-01 0.5649384E-01 0.5625967E-01 0.5340638E-01 0.4744655E-01 0.3781601E-01 0.2399008E-01 0.1056163E-01 0.1056163E-01 -9999.000 -9999.000 -9999.000 -9999.000 -9999.000 -9999.000 -9999.000 -9999.000 -9999.000 -9999.000 -9999.000 -9999.000 -9999.000 -9999.000 -9999.000 -9999.000 -9999.000 -9999.000 -9999.000 -9999.000 -9999.000 -9999.000 -9999.000 -9999.000 -9999.000 -9999.000 -9999.000
-9999.000 -9999.000 -9999.000 -9999.000 -9999.000 -9999.000 -9999.000 -9999.000 -9999.000 -9999.000 -9999.000 -9999.000 -9999.000 -9999.000 -9999.000 0.6500314E-02 0.1514797E-01 0.2560622E-01 0.3533185E-01 0.4408451E-01 0.5166682E-01 0.5784852E-01 0.6234567E-01 0.6481067E-01 0.6482303E-01 0.6187854E-01 0.5537497E-01 0.4459579E-01 0.2881383E-01 0.1294670E-01 0.1294670E-01 -9999.000 -9999.000 -9999.000 -9999.000 -9999.000 -9999.000 -9999.000 -9999.000 -9999.000 -9999.000 -9999.000 -9999.000 -9999.000 -9999.000 -9999.000 -9999.000 -9999.000 -9999.000 -9999.000 -9999.000 -9999.000 -9999.000 -9999.000 -9999.000 -9999.000 -9999.000 -9999.000
-9999.000 -9999.000 -9999.000 -9999.000 -9999.000 -9999.000 -9999.000 -9999.000 -9999.000 -9999.000 -9999.000 -9999.000 -9999.000 -9999.000 -9999.000 0.7703626E-02 0.1758316E-01 0.2925583E-01 0.4012167E-01 0.4996222E-01 0.5857161E-01 0.6569646E-01 0.7101539E-01 0.7412579E-01 0.7452957E-01 0.7161509E-01 0.6463096E-01 0.5265331E-01 0.3466293E-01 0.1587612E-01 0.1587612E-01 -9999.000 -9999.000 -9999.000 -9999.000 -9999.000 -9999.000 -9999.000 -9999.000 -9999.000 -9999.000 -9999.000 -9999.000 -9999.000 -9999.000 -9999.000 -9999.000 -9999.000 -9999.000 -9999.000 -9999.000 -9999.000 -9999.000 -9999.000 -9999.000 -9999.000 -9999.000 -9999.000
-9999.000 -9999.000 -9999.000 -9999.000 -9999.000 -9999.000 -9999.000 -9999.000 -9999.000 -9999.000 -9999.000 -9999.000 -9999.000 -9999.000 -9999.000 0.9093559E-02 0.2035218E-01 0.3334332E-01 0.4545220E-01 0.5649926E-01 0.6627569E-01 0.7450685E-01 0.8083196E-01 0.8478719E-01 0.8578317E-01 0.8307498E-01 0.7571758E-01 0.6250374E-01 0.4198846E-01 0.1960467E-01 0.1960467E-01 -9999.000 -9999.000 -9999.000 -9999.000 -9999.000 -9999.000 -9999.000 -9999.000 -9999.000 -9999.000 -9999.000 -9999.000 -9999.000 -9999.000 -9999.000 -9999.000 -9999.000 -9999.000 -9999.000 -9999.000 -9999.000 -9999.000 -9999.000 -9999.000 -9999.000 -9999.000 -9999.000
-9999.000 -9999.000 -9999.000 -9999.000 -9999.000 -9999.000 -9999.000 -9999.000 -9999.000 -9999.000 -9999.000 -9999.000 -9999.000 -9999.000 -9999.000 0.1069781E-01 0.2351538E-01 0.3796990E-01 0.5146807E-01 0.6388722E-01 0.7502247E-01 0.8458151E-01 0.9216490E-01 0.9724201E-01 0.9911865E-01 0.9688705E-01 0.8935162E-01 0.7491522E-01 0.5150199E-01 0.2454846E-01 0.2454846E-01 -9999.000 -9999.000 -9999.000 -9999.000 -9999.000 -9999.000 -9999.000 -9999.000 -9999.000 -9999.000 -9999.000 -9999.000 -9999.000 -9999.000 -9999.000 -9999.000 -9999.000 -9999.000 -9999.000 -9999.000 -9999.000 -9999.000 -9999.000 -9999.000 -9999.000 -9999.000 -9999.000
-9999.000 -9999.000 -9999.000 -9999.000 -9999.000 -9999.000 -9999.000 -9999.000 -9999.000 -9999.000 -9999.000 -9999.000 -9999.000 -9999.000 -9999.000 0.1254014E-01 0.2713228E-01 0.4324848E-01 0.5834202E-01 0.7236464E-01 0.8512440E-01 0.9631819E-01 0.1055116 0.1121067 0.1152934 0.1139708 0.1066223 0.9111238E-01 0.6441328E-01 0.3144304E-01 0.3144304E-01 -9999.000 -9999.000 -9999.000 -9999.000 -9999.000 -9999.000 -9999.000 -9999.000 -9999.000 -9999.000 -9999.000 -9999.000 -9999.000 -9999.000 -9999.000 -9999.000 -9999.000 -9999.000 -9999.000 -9999.000 -9999.000 -9999.000 -9999.000 -9999.000 -9999.000 -9999.000 -9999.000
-9999.000 -9999.000 -9999.000 -9999.000 -9999.000 -9999.000 -9999.000 -9999.000 -9999.000 -9999.000 -9999.000 -9999.000 -9999.000 -9999.000 -9999.000 0.1464456E-01 0.3127065E-01 0.4932253E-01 0.6630445E-01 0.8225881E-01 0.9701896E-01 0.1102829 0.1215930 0.1302927 0.1354556 0.1357644 0.1293058 0.1132053 0.8297059E-01 0.4171486E-01 0.4171486E-01 -9999.000 -9999.000 -9999.000 -9999.000 -9999.000 -9999.000 -9999.000 -9999.000 -9999.000 -9999.000 -9999.000 -9999.000 -9999.000 -9999.000 -9999.000 -9999.000 -9999.000 -9999.000 -9999.000 -9999.000 -9999.000 -9999.000 -9999.000 -9999.000 -9999.000 -9999.000 -9999.000
-9999.000 -9999.000 -9999.000 -9999.000 -9999.000 -9999.000 -9999.000 -9999.000 -9999.000 -9999.000 -9999.000 -9999.000 -9999.000 -9999.000 -9999.000 0.1715967E-01 0.3621618E-01 0.5664651E-01 0.7596752E-01 0.9433123E-01 0.1116209 0.1275647 0.1417154 0.1533949 0.1615951 0.1647997 0.1606540 0.1453139 0.1120153 0.5865904E-01 0.5865904E-01 -9999.000 -9999.000 -9999.000 -9999.000 -9999.000 -9999.000 -9999.000 -9999.000 -9999.000 -9999.000 -9999.000 -9999.000 -9999.000 -9999.000 -9999.000 -9999.000 -9999.000 -9999.000 -9999.000 -9999.000 -9999.000 -9999.000 -9999.000 -9999.000 -9999.000 -9999.000 -9999.000
-9999.000 -9999.000 -9999.000 -9999.000 -9999.000 -9999.000 -9999.000 -9999.000 -9999.000 -9999.000 -9999.000 -9999.000 -9999.000 -9999.000 -9999.000 0.3173929E-01 0.5687271E-01 0.8223662E-01 0.1046387 0.1250156 0.1437948 0.1611128 0.1768374 0.1905255 0.2013066 0.2076359 0.2067917 0.1937558 0.1582920 0.8186993E-01 0.8186993E-01 -9999.000 -9999.000 -9999.000 -9999.000 -9999.000 -9999.000 -9999.000 -9999.000 -9999.000 -9999.000 -9999.000 -9999.000 -9999.000 -9999.000 -9999.000 -9999.000 -9999.000 -9999.000 -9999.000 -9999.000 -9999.000 -9999.000 -9999.000 -9999.000 -9999.000 -9999.000 -9999.000
1.529899 1.529899 1.594783 1.627778 1.636592 1.636592 1.643042 1.650025 1.650025 1.377858 1.377858 1.303585 1.263822 1.215955 1.152888 1.152888 1.006411 0.9409029 0.8694134 0.7946202 0.7195439 0.6474851 0.5817329 0.5252520 0.4804951 0.4495090 0.4346119 0.4402841 0.4784159 0.5649376 0.5649376 1.432404 1.690795 1.808670 1.780960 1.780960 1.646776 1.646776 1.454850 1.454850 1.176483 0.8848321 0.8848321 0.8721154 0.8721154 0.9075664 0.9075664 0.9075664 0.9580120 0.9580120 1.000541 1.000541 1.036015 1.036015 1.080769 1.080769 1.108605 1.108605
1.543720 1.543720 1.613923 1.660536 1.676551 1.676551 1.690286 1.711994 1.711994 1.455824 1.455824 1.396842 1.364043 1.326311 1.283935 1.283935 1.223301 1.193565 1.155443 1.108782 1.054261 0.9934184 0.9286857 0.8634421 0.8020852 0.7501577 0.7147326 0.7056755 0.7396395 0.8475869 0.8475869 1.404759 1.594045 1.716988 1.733305 1.733305 1.716489 1.716489 1.635417 1.635417 1.511098 1.168466 1.168466 1.157301 1.157301 1.201616 1.201616 1.201616 1.255741 1.255741 1.301945 1.301945 1.327247 1.327247 1.382091 1.382091 1.415844 1.415844
1.546916 1.546916 1.615297 1.661043 1.677021 1.677021 1.690833 1.712925 1.712925 1.456537 1.456537 1.406461 1.379441 1.350308 1.320131 1.320131 1.288211 1.275688 1.258090 1.234276 1.203747 1.166677 1.123997 1.077557 1.030348 0.9868464 0.9536303 0.9406487 0.9644417 1.057896 1.057896 1.462291 1.629931 1.765692 1.795654 1.795654 1.802919 1.802919 1.750977 1.750977 1.683909 1.420048 1.420048 1.355981 1.355981 1.384665 1.384665 1.384665 1.436529 1.436529 1.477216 1.477216 1.508487 1.508487 1.548552 1.548552 1.577563 1.577563
1.549382 1.549382 1.616411 1.661263 1.677079 1.677079 1.690818 1.712952 1.712952 1.456588 1.456588 1.413116 1.390562 1.367413 1.344671 1.344671 1.326994 1.321764 1.313347 1.300910 1.284008 1.262545 1.236876 1.207976 1.177687 1.149078 1.127022 1.119355 1.139649 1.217095 1.217095 1.521944 1.669247 1.801577 1.831712 1.831712 1.842623 1.842623 1.809389 1.809389 1.775720 1.612829 1.612829 1.509915 1.509915 1.525406 1.525406 1.525406 1.567973 1.567973 1.604041 1.604041 1.632464 1.632464 1.664661 1.664661 1.690052 1.690052
1.551225 1.551225 1.617311 1.661460 1.677129 1.677129 1.690797 1.712967 1.712967 1.458642 1.458642 1.420397 1.402012 1.384147 1.367574 1.367574 1.361481 1.360556 1.356601 1.349398 1.339027 1.325748 1.310000 1.292521 1.274559 1.258180 1.246753 1.245915 1.266045 1.332432 1.332432 1.569838 1.696273 1.814533 1.838961 1.838961 1.845981 1.845981 1.830318 1.830318 1.818769 1.741597 1.741597 1.643698 1.643698 1.630480 1.630480 1.630480 1.663936 1.663936 1.695997 1.695997 1.722183 1.722183 1.749095 1.749095 1.771424 1.771424
1.552501 1.552501 1.617971 1.661617 1.677169 1.677169 1.690778 1.712990 1.712990 1.465834 1.465834 1.428125 1.413666 1.400782 1.390098 1.390098 1.396378 1.399304 1.398283 1.393657 1.386075 1.376324 1.365238 1.353718 1.342860 1.334168 1.329875 1.333676 1.353163 1.409434 1.409434 1.602898 1.707044 1.802220 1.818469 1.818469 1.825210 1.825210 1.831424 1.831424 1.836284 1.817893 1.817893 1.753680 1.753680 1.717028 1.717028 1.717028 1.738872 1.738872 1.765629 1.765629 1.789183 1.789183 1.812130 1.812130 1.831365 1.831365
1.553251 1.553251 1.618373 1.661718 1.677195 1.677195 1.690766 1.713022 1.713022 1.473413 1.473413 1.435980 1.425267 1.417127 1.412356 1.412356 1.433139 1.440213 1.441767 1.438664 1.432049 1.423221 1.413478 1.404057 1.396169 1.391078 1.390166 1.395217 1.411627 1.457852 1.457852 1.615384 1.697000 1.763061 1.773662 1.773662 1.791652 1.791652 1.822875 1.822875 1.840264 1.858332 1.858332 1.833565 1.833565 1.791385 1.791385 1.791385 1.800962 1.800962 1.820588 1.820588 1.840415 1.840415 1.859460 1.859460 1.875324 1.875324
1.553498 1.553498 1.618508 1.661753 1.677205 1.677205 1.690762 1.713068 1.713068 1.481604 1.481604 1.443446 1.436284 1.432736 1.434083 1.434083 1.472672 1.484351 1.488471 1.486442 1.479844 1.470444 1.460003 1.450147 1.442326 1.437770 1.437126 1.439563 1.448781 1.481581 1.481581 1.605065 1.661310 1.700609 1.713451 1.713451 1.754814 1.754814 1.809617 1.809617 1.836303 1.876741 1.876741 1.883835 1.883835 1.853668 1.853668 1.853668 1.854187 1.854187 1.865866 1.865866 1.880602 1.880602 1.895185 1.895185 1.907385 1.907385
1.553251 1.553251 1.618373 1.661718 1.677195 1.677195 1.690766 1.713124 1.713124 1.489968 1.489968 1.450394 1.446450 1.447218 1.454761 1.454761 1.515861 1.532544 1.539278 1.538083 1.530898 1.519924 1.507392 1.495359 1.485592 1.479437 1.476774 1.471754 1.467141 1.480789 1.480789 1.566729 1.595707 1.625398 1.649352 1.649352 1.719522 1.719522 1.793383 1.793383 1.826891 1.881729 1.881729 1.910876 1.910876 1.901968 1.901968 1.901968 1.899224 1.899224 1.904050 1.904050 1.912780 1.912780 1.922240 1.922240 1.930272 1.930272
1.552501 1.552501 1.617971 1.661617 1.677169 1.677169 1.690778 1.713189 1.713189 1.498022 1.498022 1.456791 1.455642 1.460297 1.473693 1.473693 1.564188 1.586056 1.594964 1.594154 1.585870 1.572603 1.556956 1.541417 1.528168 1.518891 1.512638 1.492240 1.462851 1.453340 1.453340 1.496998 1.503542 1.549339 1.588452 1.588452 1.686462 1.686462 1.774735 1.774735 1.813426 1.878268 1.878268 1.922040 1.922040 1.935660 1.935660 1.935660 1.935232 1.935232 1.935867 1.935867 1.938735 1.938735 1.942558 1.942558 1.945886 1.945886
1.551225 1.551225 1.617311 1.661460 1.677129 1.677129 1.690797 1.713255 1.713255 1.505224 1.505224 1.462576 1.463771 1.471812 1.490044 1.490044 1.619849 1.645508 1.656260 1.655231 1.645092 1.628688 1.609002 1.588939 1.571089 1.557453 1.545297 1.494950 1.425237 1.388223 1.388223 1.393001 1.400637 1.481503 1.529623 1.529623 1.655954 1.655954 1.755167 1.755167 1.797884 1.869940 1.869940 1.923409 1.923409 1.956377 1.956377 1.956377 1.961677 1.961677 1.961155 1.961155 1.959297 1.959297 1.957457 1.957457 1.955754 1.955754
