cruce_test.gid/Rasters/Hydraulic/Velocity__x_60.0.asc
NCOLS        79
NROWS        79
XLLCENTER         -1.500000
YLLCENTER         -4.800000
CELLSIZE           0.100
NODATA_VALUE     -9999.0
[rows 0 to 25 of 79, columns 0 to 57 of 79]
-9999.000 -9999.000 -9999.000 -9999.000 -9999.000 -9999.000 -9999.000 -9999.000 -9999.000 -9999.000 -9999.000 -9999.000 -9999.000 -9999.000 -9999.000 0.3926454E-03 0.1680403E-02 0.3751673E-02 0.5613476E-02 0.7227158E-02 0.8601769E-02 0.9731395E-02 0.1058564E-01 0.1110473E-01 0.1119418E-01 0.1071297E-01 0.9452960E-02 0.7108825E-02 0.3319190E-02 0.6597791E-03 0.6597791E-03 -9999.000 -9999.000 -9999.000 -9999.000 -9999.000 -9999.000 -9999.000 -9999.000 -9999.000 -9999.000 -9999.000 -9999.000 -9999.000 -9999.000 -9999.000 -9999.000 -9999.000 -9999.000 -9999.000 -9999.000 -9999.000 -9999.000 -9999.000 -9999.000 -9999.000 -9999.000 -9999.000
-9999.000 -9999.000 -9999.000 -9999.000 -9999.000 -9999.000 -9999.000 -9999.000 -9999.000 -9999.000 -9999.000 -9999.000 -9999.000 -9999.000 -9999.000 0.1272791E-02 0.3723552E-02 0.7204831E-02 0.1043118E-01 0.1328715E-01 0.1572224E-01 0.1767891E-01 0.1907562E-01 0.1980017E-01 0.1970455E-01 0.1860057E-01 0.1625596E-01 0.1239392E-01 0.6787283E-02 0.2307096E-02 0.2307096E-02 -9999.000 -9999.000 -9999.000 -9999.000 -9999.000 -9999.000 -9999.000 -9999.000 -9999.000 -9999.000 -9999.000 -9999.000 -9999.000 -9999.000 -9999.000 -9999.000 -9999.000 -9999.000 -9999.000 -9999.000 -9999.000 -9999.000 -9999.000 -9999.000 -9999.000 -9999.000 -9999.000
-9999.000 -9999.000 -9999.000 -9999.000 -9999.000 -9999.000 -9999.000 -9999.000 -9999.000 -9999.000 -9999.000 -9999.000 -9999.000 -9999.000 -9999.000 0.2095110E-02 0.5612913E-02 0.1038036E-01 0.1480783E-01 0.1873633E-01 0.2207678E-01 0.2473342E-01 0.2658558E-01 0.2748198E-01 0.2723720E-01 0.2563047E-01 0.2240423E-01 0.1726625E-01 0.9991078E-02 0.3820692E-02 0.3820692E-02 -9999.000 -9999.000 -9999.000 -9999.000 -9999.000 -9999.000 -9999.000 -9999.000 -9999.000 -9999.000 -9999.000 -9999.000 -9999.000 -9999.000 -9999.000 -9999.000 -9999.000 -9999.000 -9999.000 -9999.000 -9999.000 -9999.000 -9999.000 -9999.000 -9999.000 -9999.000 -9999.000
-9999.000 -9999.000 -9999.000 -9999.000 -9999.000 -9999.000 -9999.000 -9999.000 -9999.000 -9999.000 -9999.000 -9999.000 -9999.000 -9999.000 -9999.000 0.2885759E-02 0.7401868E-02 0.1334914E-01 0.1887189E-01 0.2377722E-01 0.2794675E-01 0.3125370E-01 0.3354502E-01 0.3463503E-01 0.3430286E-01 0.3229133E-01 0.2830583E-01 0.2201538E-01 0.1316113E-01 0.5330144E-02 0.5330144E-02 -9999.000 -9999.000 -9999.000 -9999.000 -9999.000 -9999.000 -9999.000 -9999.000 -9999.000 -9999.000 -9999.000 -9999.000 -9999.000 -9999.000 -9999.000 -9999.000 -9999.000 -9999.000 -9999.000 -9999.000 -9999.000 -9999.000 -9999.000 -9999.000 -9999.000 -9999.000 -9999.000
-9999.000 -9999.000 -9999.000 -9999.000 -9999.000 -9999.000 -9999.000 -9999.000 -9999.000 -9999.000 -9999.000 -9999.000 -9999.000 -9999.000 -9999.000 0.3677071E-02 0.9156742E-02 0.1621302E-01 0.2276685E-01 0.2860020E-01 0.3357040E-01 0.3752409E-01 0.4027767E-01 0.4161075E-01 0.4126288E-01 0.3893227E-01 0.3427248E-01 0.2689276E-01 0.1647068E-01 0.6921068E-02 0.6921068E-02 -9999.000 -9999.000 -9999.000 -9999.000 -9999.000 -9999.000 -9999.000 -9999.000 -9999.000 -9999.000 -9999.000 -9999.000 -9999.000 -9999.000 -9999.000 -9999.000 -9999.000 -9999.000 -9999.000 -9999.000 -9999.000 -9999.000 -9999.000 -9999.000 -9999.000 -9999.000 -9999.000
-9999.000 -9999.000 -9999.000 -9999.000 -9999.000 -9999.000 -9999.000 -9999.000 -9999.000 -9999.000 -9999.000 -9999.000 -9999.000 -9999.000 -9999.000 0.4506860E-02 0.1095387E-01 0.1908588E-01 0.2664342E-01 0.3339255E-01 0.3917118E-01 0.4380073E-01 0.4706679E-01 0.4871112E-01 0.4842722E-01 0.4585653E-01 0.4058417E-01 0.3213457E-01 0.2008610E-01 0.8675887E-02 0.8675887E-02 -9999.000 -9999.000 -9999.000 -9999.000 -9999.000 -9999.000 -9999.000 -9999.000 -9999.000 -9999.000 -9999.000 -9999.000 -9999.000 -9999.000 -9999.000 -9999.000 -9999.000 -9999.000 -9999.000 -9999.000 -9999.000 -9999.000 -9999.000 -9999.000 -9999.000 -9999.000 -9999.000
-9999.000 -9999.000 -9999.000 -9999.000 -9999.000 -9999.000 -9999.000 -9999.000 -9999.000 -9999.000 -9999.000 -9999.000 -9999.000 -9999.000 -9999.000 0.5413843E-02 0.1286961E-01 0.2207956E-01 0.3064646E-01 0.3833174E-01 0.4495691E-01 0.5031962E-01 0.5417281E-01 0.5621570E-01 0.5608664E-01 0.5335692E-01 0.4752128E-01 0.3798824E-01 0.2419107E-01 0.1068817E-01 0.1068817E-01 -9999.000 -9999.000 -9999.000 -9999.000 -9999.000 -9999.000 -9999.000 -9999.000 -9999.000 -9999.000 -9999.000 -9999.000 -9999.000 -9999.000 -9999.000 -9999.000 -9999.000 -9999.000 -9999.000 -9999.000 -9999.000 -9999.000 -9999.000 -9999.000 -9999.000 -9999.000 -9999.000
-9999.000 -9999.000 -9999.000 -9999.000 -9999.000 -9999.000 -9999.000 -9999.000 -9999.000 -9999.000 -9999.000 -9999.000 -9999.000 -9999.000 -9999.000 0.6434711E-02 0.1497559E-01 0.2529810E-01 0.3491054E-01 0.4358184E-01 0.5112106E-01 0.5730267E-01 0.6184470E-01 0.6439806E-01 0.6453574E-01 0.6174113E-01 0.5539208E-01 0.4474085E-01 0.2901183E-01 0.1307783E-01 0.1307783E-01 -9999.000 -9999.000 -9999.000 -9999.000 -9999.000 -9999.000 -9999.000 -9999.000 -9999.000 -9999.000 -9999.000 -9999.000 -9999.000 -9999.000 -9999.000 -9999.000 -9999.000 -9999.000 -9999.000 -9999.000 -9999.000 -9999.000 -9999.000 -9999.000 -9999.000 -9999.000 -9999.000
-9999.000 -9999.000 -9999.000 -9999.000 -9999.000 -9999.000 -9999.000 -9999.000 -9999.000 -9999.000 -9999.000 -9999.000 -9999.000 -9999.000 -9999.000 0.7602593E-02 0.1733752E-01 0.2883899E-01 0.3956291E-01 0.4930070E-01 0.5785330E-01 0.6497262E-01 0.7033986E-01 0.7355091E-01 0.7410122E-01 0.7136569E-01 0.6457125E-01 0.5275905E-01 0.3485382E-01 0.1601239E-01 0.1601239E-01 -9999.000 -9999.000 -9999.000 -9999.000 -9999.000 -9999.000 -9999.000 -9999.000 -9999.000 -9999.000 -9999.000 -9999.000 -9999.000 -9999.000 -9999.000 -9999.000 -9999.000 -9999.000 -9999.000 -9999.000 -9999.000 -9999.000 -9999.000 -9999.000 -9999.000 -9999.000 -9999.000
-9999.000 -9999.000 -9999.000 -9999.000 -9999.000 -9999.000 -9999.000 -9999.000 -9999.000 -9999.000 -9999.000 -9999.000 -9999.000 -9999.000 -9999.000 0.8947876E-02 0.2001735E-01 0.3279774E-01 0.4473326E-01 0.5565358E-01 0.6535742E-01 0.7357590E-01 0.7995138E-01 0.8401879E-01 0.8518237E-01 0.8268389E-01 0.7555564E-01 0.6255305E-01 0.4216618E-01 0.1974650E-01 0.1974650E-01 -9999.000 -9999.000 -9999.000 -9999.000 -9999.000 -9999.000 -9999.000 -9999.000 -9999.000 -9999.000 -9999.000 -9999.000 -9999.000 -9999.000 -9999.000 -9999.000 -9999.000 -9999.000 -9999.000 -9999.000 -9999.000 -9999.000 -9999.000 -9999.000 -9999.000 -9999.000 -9999.000
-9999.000 -9999.000 -9999.000 -9999.000 -9999.000 -9999.000 -9999.000 -9999.000 -9999.000 -9999.000 -9999.000 -9999.000 -9999.000 -9999.000 -9999.000 0.1049760E-01 0.2307440E-01 0.3727428E-01 0.5056432E-01 0.6283002E-01 0.7387470E-01 0.8341222E-01 0.9104636E-01 0.9624581E-01 0.9831020E-01 0.9631952E-01 0.8905638E-01 0.7488547E-01 0.5165870E-01 0.2469710E-01 0.2469710E-01 -9999.000 -9999.000 -9999.000 -9999.000 -9999.000 -9999.000 -9999.000 -9999.000 -9999.000 -9999.000 -9999.000 -9999.000 -9999.000 -9999.000 -9999.000 -9999.000 -9999.000 -9999.000 -9999.000 -9999.000 -9999.000 -9999.000 -9999.000 -9999.000 -9999.000 -9999.000 -9999.000
-9999.000 -9999.000 -9999.000 -9999.000 -9999.000 -9999.000 -9999.000 -9999.000 -9999.000 -9999.000 -9999.000 -9999.000 -9999.000 -9999.000 -9999.000 0.1227656E-01 0.2656973E-01 0.4238291E-01 0.5722911E-01 0.7106791E-01 0.8371630E-01 0.9487787E-01 0.1041212 0.1108475 0.1142408 0.1131896 0.1061585 0.9097679E-01 0.6454005E-01 0.3160095E-01 0.3160095E-01 -9999.000 -9999.000 -9999.000 -9999.000 -9999.000 -9999.000 -9999.000 -9999.000 -9999.000 -9999.000 -9999.000 -9999.000 -9999.000 -9999.000 -9999.000 -9999.000 -9999.000 -9999.000 -9999.000 -9999.000 -9999.000 -9999.000 -9999.000 -9999.000 -9999.000 -9999.000 -9999.000
-9999.000 -9999.000 -9999.000 -9999.000 -9999.000 -9999.000 -9999.000 -9999.000 -9999.000 -9999.000 -9999.000 -9999.000 -9999.000 -9999.000 -9999.000 0.1431141E-01 0.3057599E-01 0.4827141E-01 0.6496136E-01 0.8069651E-01 0.9532127E-01 0.1085409 0.1198997 0.1287388 0.1341255 0.1347341 0.1286371 0.1129329 0.8305647E-01 0.4188595E-01 0.4188595E-01 -9999.000 -9999.000 -9999.000 -9999.000 -9999.000 -9999.000 -9999.000 -9999.000 -9999.000 -9999.000 -9999.000 -9999.000 -9999.000 -9999.000 -9999.000 -9999.000 -9999.000 -9999.000 -9999.000 -9999.000 -9999.000 -9999.000 -9999.000 -9999.000 -9999.000 -9999.000 -9999.000
-9999.000 -9999.000 -9999.000 -9999.000 -9999.000 -9999.000 -9999.000 -9999.000 -9999.000 -9999.000 -9999.000 -9999.000 -9999.000 -9999.000 -9999.000 0.1675664E-01 0.3538992E-01 0.5540890E-01 0.7438982E-01 0.9249552E-01 0.1096235 0.1255105 0.1397099 0.1515373 0.1599764 0.1635025 0.1597526 0.1448692 0.1120383 0.5884188E-01 0.5884188E-01 -9999.000 -9999.000 -9999.000 -9999.000 -9999.000 -9999.000 -9999.000 -9999.000 -9999.000 -9999.000 -9999.000 -9999.000 -9999.000 -9999.000 -9999.000 -9999.000 -9999.000 -9999.000 -9999.000 -9999.000 -9999.000 -9999.000 -9999.000 -9999.000 -9999.000 -9999.000 -9999.000
-9999.000 -9999.000 -9999.000 -9999.000 -9999.000 -9999.000 -9999.000 -9999.000 -9999.000 -9999.000 -9999.000 -9999.000 -9999.000 -9999.000 -9999.000 0.3140908E-01 0.5618884E-01 0.8120805E-01 0.1033113 0.1234488 0.1420651 0.1593054 0.1750363 0.1888084 0.1997434 0.2062933 0.2057377 0.1930679 0.1580612 0.8186536E-01 0.8186536E-01 -9999.000 -9999.000 -9999.000 -9999.000 -9999.000 -9999.000 -9999.000 -9999.000 -9999.000 -9999.000 -9999.000 -9999.000 -9999.000 -9999.000 -9999.000 -9999.000 -9999.000 -9999.000 -9999.000 -9999.000 -9999.000 -9999.000 -9999.000 -9999.000 -9999.000 -9999.000 -9999.000
1.538052 1.538052 1.609824 1.644623 1.653521 1.653521 1.659921 1.668111 1.668111 1.544031 1.544031 1.332634 1.290523 1.241902 1.178880 1.178880 1.033457 0.9683736 0.8968138 0.8213196 0.7448463 0.6707202 0.6023576 0.5429395 0.4951892 0.4614396 0.4442708 0.4483849 0.4858825 0.5730802 0.5730802 1.446034 1.702439 1.814840 1.785743 1.785743 1.652161 1.652161 1.461638 1.461638 1.166500 0.8929042 0.8929042 0.8805866 0.8805866 0.9183582 0.9183582 0.9183582 0.9673531 0.9673531 1.010057 1.010057 1.045831 1.045831 1.090576 1.090576 1.118435 1.118435
1.551909 1.551909 1.628943 1.677524 1.693686 1.693686 1.707431 1.730373 1.730373 1.651631 1.651631 1.427810 1.393428 1.355101 1.312495 1.312495 1.252644 1.223610 1.186074 1.139783 1.085316 1.024112 0.9585129 0.8918345 0.8284673 0.7740368 0.7358119 0.7239711 0.7555886 0.8623379 0.8623379 1.421200 1.610074 1.732355 1.748524 1.748524 1.730980 1.730980 1.648522 1.648522 1.515259 1.178353 1.178353 1.168493 1.168493 1.216189 1.216189 1.216189 1.268514 1.268514 1.315038 1.315038 1.340898 1.340898 1.395849 1.395849 1.429795 1.429795
1.555138 1.555138 1.630286 1.678032 1.694161 1.694161 1.707983 1.731250 1.731250 1.670854 1.670854 1.435968 1.407885 1.378247 1.347830 1.347830 1.316669 1.304743 1.287683 1.264324 1.234137 1.197247 1.154524 1.107740 1.059801 1.015120 0.9802499 0.9651994 0.9867155 1.078267 1.078267 1.482691 1.650209 1.786349 1.816337 1.816337 1.822967 1.822967 1.769583 1.769583 1.698047 1.432103 1.432103 1.372612 1.372612 1.406023 1.406023 1.406023 1.454591 1.454591 1.495428 1.495428 1.526993 1.526993 1.567140 1.567140 1.596252 1.596252
1.557638 1.557638 1.631377 1.678252 1.694222 1.694222 1.707972 1.731221 1.731221 1.686806 1.686806 1.441321 1.417979 1.394422 1.371514 1.371514 1.354753 1.350065 1.342074 1.329965 1.313307 1.292021 1.266446 1.237522 1.207029 1.177960 1.155104 1.146230 1.164919 1.240759 1.240759 1.545058 1.692025 1.824816 1.855000 1.855000 1.865523 1.865523 1.831084 1.831084 1.795094 1.627357 1.627357 1.528108 1.528108 1.547326 1.547326 1.547326 1.588629 1.588629 1.624644 1.624644 1.653245 1.653245 1.685501 1.685501 1.710949 1.710949
1.559510 1.559510 1.632263 1.678445 1.694271 1.694271 1.707951 1.731180 1.731180 1.701962 1.701962 1.447482 1.428454 1.410263 1.393619 1.393619 1.388770 1.388456 1.384925 1.377976 1.367727 1.354483 1.338718 1.321182 1.303104 1.286503 1.274670 1.273123 1.292131 1.357351 1.357351 1.594222 1.720187 1.838868 1.863344 1.863344 1.870065 1.870065 1.853423 1.853423 1.840587 1.758897 1.758897 1.661852 1.661852 1.652372 1.652372 1.652372 1.685696 1.685696 1.717715 1.717715 1.744011 1.744011 1.770975 1.770975 1.793332 1.793332
1.560808 1.560808 1.632915 1.678597 1.694310 1.694310 1.707933 1.731145 1.731145 1.708740 1.708740 1.454296 1.439314 1.426121 1.415401 1.415401 1.423298 1.426981 1.426479 1.422138 1.414633 1.404809 1.393560 1.381840 1.370770 1.361852 1.357275 1.360590 1.379143 1.434455 1.434455 1.627478 1.731128 1.826620 1.842901 1.842901 1.849367 1.849367 1.854833 1.854833 1.858962 1.837453 1.837453 1.771969 1.771969 1.738256 1.738256 1.738256 1.760765 1.760765 1.787675 1.787675 1.811342 1.811342 1.834333 1.834333 1.853578 1.853578
1.561571 1.561571 1.633314 1.678695 1.694334 1.694334 1.707921 1.731121 1.731121 1.715436 1.715436 1.460711 1.449832 1.441605 1.436925 1.436925 1.459787 1.467779 1.469995 1.467277 1.460772 1.451831 1.441824 1.432063 1.423820 1.418407 1.417230 1.421906 1.437317 1.482485 1.482485 1.639547 1.720600 1.786801 1.797411 1.797411 1.815181 1.815181 1.845946 1.845946 1.862954 1.879194 1.879194 1.852504 1.852504 1.811794 1.811794 1.811794 1.822413 1.822413 1.842448 1.842448 1.862462 1.862462 1.881558 1.881558 1.897426 1.897426
1.561822 1.561822 1.633448 1.678728 1.694343 1.694343 1.707917 1.731113 1.731113 1.720824 1.720824 1.466817 1.459693 1.456195 1.457715 1.457715 1.498994 1.511808 1.516793 1.515319 1.508934 1.499447 1.488694 1.478393 1.470080 1.465090 1.464211 1.466445 1.474329 1.505631 1.505631 1.628401 1.683943 1.723211 1.736074 1.736074 1.777375 1.777375 1.832042 1.832042 1.858588 1.898086 1.898086 1.903541 1.903541 1.873460 1.873460 1.873460 1.874948 1.874948 1.887204 1.887204 1.902219 1.902219 1.916890 1.916890 1.929103 1.929103
1.561571 1.561571 1.633314 1.678695 1.694334 1.694334 1.707921 1.731122 1.731122 1.724846 1.724846 1.472637 1.468851 1.469680 1.477338 1.477338 1.541721 1.559778 1.567639 1.567256 1.560471 1.549507 1.536672 1.524124 1.513746 1.507037 1.504260 1.499496 1.492706 1.504067 1.504067 1.588857 1.616976 1.646634 1.670680 1.670680 1.741011 1.741011 1.815039 1.815039 1.848573 1.903040 1.903040 1.931098 1.931098 1.921463 1.921463 1.921463 1.919315 1.919315 1.924712 1.924712 1.933778 1.933778 1.943372 1.943372 1.951443 1.951443
1.560808 1.560808 1.632915 1.678597 1.694309 1.694309 1.707933 1.731146 1.731146 1.727643 1.727643 1.478179 1.477294 1.481960 1.495281 1.495281 1.589732 1.613068 1.623267 1.623503 1.615858 1.602796 1.586960 1.570928 1.557001 1.547031 1.540751 1.521870 1.488230 1.475382 1.475382 1.517576 1.523208 1.569263 1.608561 1.608561 1.706945 1.706945 1.795632 1.795632 1.834468 1.899298 1.899298 1.942476 1.942476 1.955120 1.955120 1.955120 1.954841 1.954841 1.955868 1.955868 1.959047 1.959047 1.963031 1.963031 1.966434 1.966434
1.559510 1.559510 1.632264 1.678445 1.694271 1.694271 1.707951 1.731181 1.731181 1.729330 1.729330 1.483467 1.484979 1.492968 1.511178 1.511178 1.644803 1.672208 1.684494 1.684747 1.675497 1.659518 1.639788 1.619284 1.600717 1.586278 1.574317 1.527649 1.449530 1.408513 1.408513 1.411672 1.418741 1.500173 1.548738 1.548738 1.675598 1.675598 1.775402 1.775402 1.818342 1.890606 1.890606 1.943836 1.943836 1.975910 1.975910 1.975910 1.981007 1.981007 1.980605 1.980605 1.978938 1.978938 1.977242 1.977242 1.975643 1.975643
