cruce_test.gid/Rasters/Hydraulic/Velocity____49.0.asc
NCOLS        79
NROWS        79
XLLCENTER         -1.500000
YLLCENTER         -4.800000
CELLSIZE           0.100
NODATA_VALUE     -9999.0
[rows 0 to 26 of 79, columns 0 to 59 of 79]
-9999.000 -9999.000 -9999.000 -9999.000 -9999.000 -9999.000 -9999.000 -9999.000 -9999.000 -9999.000 -9999.000 -9999.000 -9999.000 -9999.000 -9999.000 0.2737349 0.2727461 0.2729865 0.2733969 0.2738751 0.2744088 0.2749977 0.2756419 0.2763416 0.2770999 0.2779272 0.2788485 0.2799112 0.2810728 0.2777432 0.2777432 -9999.000 -9999.000 -9999.000 -9999.000 -9999.000 -9999.000 -9999.000 -9999.000 -9999.000 -9999.000 -9999.000 -9999.000 -9999.000 -9999.000 -9999.000 -9999.000 -9999.000 -9999.000 -9999.000 -9999.000 -9999.000 -9999.000 -9999.000 -9999.000 -9999.000 -9999.000 -9999.000 -9999.000 -9999.000
-9999.000 -9999.000 -9999.000 -9999.000 -9999.000 -9999.000 -9999.000 -9999.000 -9999.000 -9999.000 -9999.000 -9999.000 -9999.000 -9999.000 -9999.000 0.2693902 0.2669587 0.2673941 0.2681688 0.2690620 0.2700435 0.2711108 0.2722660 0.2735153 0.2748741 0.2763772 0.2780910 0.2801245 0.2823774 0.2759473 0.2759473 -9999.000 -9999.000 -9999.000 -9999.000 -9999.000 -9999.000 -9999.000 -9999.000 -9999.000 -9999.000 -9999.000 -9999.000 -9999.000 -9999.000 -9999.000 -9999.000 -9999.000 -9999.000 -9999.000 -9999.000 -9999.000 -9999.000 -9999.000 -9999.000 -9999.000 -9999.000 -9999.000 -9999.000 -9999.000
-9999.000 -9999.000 -9999.000 -9999.000 -9999.000 -9999.000 -9999.000 -9999.000 -9999.000 -9999.000 -9999.000 -9999.000 -9999.000 -9999.000 -9999.000 0.2632398 0.2590413 0.2597634 0.2611091 0.2626930 0.2644509 0.2663695 0.2684489 0.2706980 0.2731418 0.2758340 0.2788690 0.2823858 0.2861310 0.2763314 0.2763314 -9999.000 -9999.000 -9999.000 -9999.000 -9999.000 -9999.000 -9999.000 -9999.000 -9999.000 -9999.000 -9999.000 -9999.000 -9999.000 -9999.000 -9999.000 -9999.000 -9999.000 -9999.000 -9999.000 -9999.000 -9999.000 -9999.000 -9999.000 -9999.000 -9999.000 -9999.000 -9999.000 -9999.000 -9999.000
-9999.000 -9999.000 -9999.000 -9999.000 -9999.000 -9999.000 -9999.000 -9999.000 -9999.000 -9999.000 -9999.000 -9999.000 -9999.000 -9999.000 -9999.000 0.2559315 0.2498616 0.2509676 0.2530432 0.2555188 0.2582889 0.2613252 0.2646194 0.2681783 0.2720318 0.2762474 0.2809443 0.2862906 0.2918682 0.2790220 0.2790220 -9999.000 -9999.000 -9999.000 -9999.000 -9999.000 -9999.000 -9999.000 -9999.000 -9999.000 -9999.000 -9999.000 -9999.000 -9999.000 -9999.000 -9999.000 -9999.000 -9999.000 -9999.000 -9999.000 -9999.000 -9999.000 -9999.000 -9999.000 -9999.000 -9999.000 -9999.000 -9999.000 -9999.000 -9999.000
-9999.000 -9999.000 -9999.000 -9999.000 -9999.000 -9999.000 -9999.000 -9999.000 -9999.000 -9999.000 -9999.000 -9999.000 -9999.000 -9999.000 -9999.000 0.2474824 0.2395177 0.2411081 0.2440654 0.2476186 0.2516155 0.2560082 0.2607780 0.2659265 0.2714885 0.2775461 0.2842472 0.2917961 0.2996014 0.2841213 0.2841213 -9999.000 -9999.000 -9999.000 -9999.000 -9999.000 -9999.000 -9999.000 -9999.000 -9999.000 -9999.000 -9999.000 -9999.000 -9999.000 -9999.000 -9999.000 -9999.000 -9999.000 -9999.000 -9999.000 -9999.000 -9999.000 -9999.000 -9999.000 -9999.000 -9999.000 -9999.000 -9999.000 -9999.000 -9999.000
-9999.000 -9999.000 -9999.000 -9999.000 -9999.000 -9999.000 -9999.000 -9999.000 -9999.000 -9999.000 -9999.000 -9999.000 -9999.000 -9999.000 -9999.000 0.2378457 0.2280705 0.2302564 0.2342451 0.2390533 0.2444776 0.2504485 0.2569349 0.2639356 0.2714924 0.2797089 0.2887717 0.2989357 0.3094399 0.2918511 0.2918511 -9999.000 -9999.000 -9999.000 -9999.000 -9999.000 -9999.000 -9999.000 -9999.000 -9999.000 -9999.000 -9999.000 -9999.000 -9999.000 -9999.000 -9999.000 -9999.000 -9999.000 -9999.000 -9999.000 -9999.000 -9999.000 -9999.000 -9999.000 -9999.000 -9999.000 -9999.000 -9999.000 -9999.000 -9999.000
-9999.000 -9999.000 -9999.000 -9999.000 -9999.000 -9999.000 -9999.000 -9999.000 -9999.000 -9999.000 -9999.000 -9999.000 -9999.000 -9999.000 -9999.000 0.2269064 0.2155452 0.2184598 0.2236354 0.2298751 0.2369213 0.2446820 0.2531155 0.2622206 0.2720541 0.2827540 0.2945631 0.3078117 0.3215891 0.3025665 0.3025665 -9999.000 -9999.000 -9999.000 -9999.000 -9999.000 -9999.000 -9999.000 -9999.000 -9999.000 -9999.000 -9999.000 -9999.000 -9999.000 -9999.000 -9999.000 -9999.000 -9999.000 -9999.000 -9999.000 -9999.000 -9999.000 -9999.000 -9999.000 -9999.000 -9999.000 -9999.000 -9999.000 -9999.000 -9999.000
-9999.000 -9999.000 -9999.000 -9999.000 -9999.000 -9999.000 -9999.000 -9999.000 -9999.000 -9999.000 -9999.000 -9999.000 -9999.000 -9999.000 -9999.000 0.2144824 0.2019356 0.2057482 0.2122817 0.2201362 0.2290003 0.2387589 0.2493629 0.2608192 0.2732126 0.2867345 0.3017122 0.3185921 0.3363609 0.3167906 0.3167906 -9999.000 -9999.000 -9999.000 -9999.000 -9999.000 -9999.000 -9999.000 -9999.000 -9999.000 -9999.000 -9999.000 -9999.000 -9999.000 -9999.000 -9999.000 -9999.000 -9999.000 -9999.000 -9999.000 -9999.000 -9999.000 -9999.000 -9999.000 -9999.000 -9999.000 -9999.000 -9999.000 -9999.000 -9999.000
-9999.000 -9999.000 -9999.000 -9999.000 -9999.000 -9999.000 -9999.000 -9999.000 -9999.000 -9999.000 -9999.000 -9999.000 -9999.000 -9999.000 -9999.000 0.2003288 0.1872096 0.1921445 0.2002347 0.2099040 0.2207888 0.2327533 0.2457475 0.2597984 0.2750378 0.2917394 0.3103579 0.3315183 0.3541948 0.3352803 0.3352803 -9999.000 -9999.000 -9999.000 -9999.000 -9999.000 -9999.000 -9999.000 -9999.000 -9999.000 -9999.000 -9999.000 -9999.000 -9999.000 -9999.000 -9999.000 -9999.000 -9999.000 -9999.000 -9999.000 -9999.000 -9999.000 -9999.000 -9999.000 -9999.000 -9999.000 -9999.000 -9999.000 -9999.000 -9999.000
-9999.000 -9999.000 -9999.000 -9999.000 -9999.000 -9999.000 -9999.000 -9999.000 -9999.000 -9999.000 -9999.000 -9999.000 -9999.000 -9999.000 -9999.000 0.1841480 0.1713199 0.1776801 0.1875704 0.1992810 0.2124022 0.2267834 0.2423838 0.2592682 0.2776423 0.2979027 0.3206937 0.3469176 0.3756987 0.3591506 0.3591506 -9999.000 -9999.000 -9999.000 -9999.000 -9999.000 -9999.000 -9999.000 -9999.000 -9999.000 -9999.000 -9999.000 -9999.000 -9999.000 -9999.000 -9999.000 -9999.000 -9999.000 -9999.000 -9999.000 -9999.000 -9999.000 -9999.000 -9999.000 -9999.000 -9999.000 -9999.000 -9999.000 -9999.000 -9999.000
-9999.000 -9999.000 -9999.000 -9999.000 -9999.000 -9999.000 -9999.000 -9999.000 -9999.000 -9999.000 -9999.000 -9999.000 -9999.000 -9999.000 -9999.000 0.1656064 0.1542202 0.1624225 0.1744241 0.1884428 0.2040345 0.2210455 0.2394617 0.2594100 0.2812058 0.3054237 0.3329872 0.3652307 0.4017148 0.3901044 0.3901044 -9999.000 -9999.000 -9999.000 -9999.000 -9999.000 -9999.000 -9999.000 -9999.000 -9999.000 -9999.000 -9999.000 -9999.000 -9999.000 -9999.000 -9999.000 -9999.000 -9999.000 -9999.000 -9999.000 -9999.000 -9999.000 -9999.000 -9999.000 -9999.000 -9999.000 -9999.000 -9999.000 -9999.000 -9999.000
-9999.000 -9999.000 -9999.000 -9999.000 -9999.000 -9999.000 -9999.000 -9999.000 -9999.000 -9999.000 -9999.000 -9999.000 -9999.000 -9999.000 -9999.000 0.1443591 0.1358988 0.1465253 0.1610505 0.1777003 0.1960199 0.2158757 0.2373068 0.2605350 0.2860301 0.3146159 0.3476222 0.3870567 0.4334299 0.4308997 0.4308997 -9999.000 -9999.000 -9999.000 -9999.000 -9999.000 -9999.000 -9999.000 -9999.000 -9999.000 -9999.000 -9999.000 -9999.000 -9999.000 -9999.000 -9999.000 -9999.000 -9999.000 -9999.000 -9999.000 -9999.000 -9999.000 -9999.000 -9999.000 -9999.000 -9999.000 -9999.000 -9999.000 -9999.000 -9999.000
-9999.000 -9999.000 -9999.000 -9999.000 -9999.000 -9999.000 -9999.000 -9999.000 -9999.000 -9999.000 -9999.000 -9999.000 -9999.000 -9999.000 -9999.000 0.1200926 0.1164513 0.1303299 0.1479337 0.1676089 0.1889409 0.2118581 0.2364921 0.2631989 0.2926542 0.3260170 0.3651940 0.4132422 0.4725566 0.4863800 0.4863800 -9999.000 -9999.000 -9999.000 -9999.000 -9999.000 -9999.000 -9999.000 -9999.000 -9999.000 -9999.000 -9999.000 -9999.000 -9999.000 -9999.000 -9999.000 -9999.000 -9999.000 -9999.000 -9999.000 -9999.000 -9999.000 -9999.000 -9999.000 -9999.000 -9999.000 -9999.000 -9999.000 -9999.000 -9999.000
-9999.000 -9999.000 -9999.000 -9999.000 -9999.000 -9999.000 -9999.000 -9999.000 -9999.000 -9999.000 -9999.000 -9999.000 -9999.000 -9999.000 -9999.000 0.9258273E-01 0.9632242E-01 0.1146970 0.1361378 0.1593133 0.1839607 0.2101475 0.2381545 0.2685189 0.3021753 0.3407066 0.3868025 0.4451225 0.5216655 0.5661711 0.5661711 -9999.000 -9999.000 -9999.000 -9999.000 -9999.000 -9999.000 -9999.000 -9999.000 -9999.000 -9999.000 -9999.000 -9999.000 -9999.000 -9999.000 -9999.000 -9999.000 -9999.000 -9999.000 -9999.000 -9999.000 -9999.000 -9999.000 -9999.000 -9999.000 -9999.000 -9999.000 -9999.000 -9999.000 -9999.000
-9999.000 -9999.000 -9999.000 -9999.000 -9999.000 -9999.000 -9999.000 -9999.000 -9999.000 -9999.000 -9999.000 -9999.000 -9999.000 -9999.000 -9999.000 0.6261724E-01 0.8456359E-01 0.1121170 0.1389572 0.1654958 0.1924004 0.2203722 0.2501739 0.2827506 0.3194470 0.3623928 0.4152703 0.4850538 0.5843905 0.6919189 0.6919189 -9999.000 -9999.000 -9999.000 -9999.000 -9999.000 -9999.000 -9999.000 -9999.000 -9999.000 -9999.000 -9999.000 -9999.000 -9999.000 -9999.000 -9999.000 -9999.000 -9999.000 -9999.000 -9999.000 -9999.000 -9999.000 -9999.000 -9999.000 -9999.000 -9999.000 -9999.000 -9999.000 -9999.000 -9999.000
1.463334 1.463334 1.517401 1.478099 1.371646 1.371646 1.342049 1.290529 1.290529 1.239759 1.239759 1.180416 1.143031 1.095881 1.032481 1.032481 0.8865185 0.8232126 0.7568027 0.6906478 0.6283261 0.5735642 0.5300029 0.5010426 0.4898913 0.4999598 0.5359336 0.6064057 0.7294683 0.9607817 0.9607817 1.488363 1.686209 1.787370 1.764386 1.764386 1.628460 1.628460 1.424759 1.424759 1.204372 0.8286032 0.8286032 0.8152480 0.8152480 0.8463848 0.8463848 0.8463848 0.8983511 0.8983511 0.9398490 0.9398490 0.9742022 0.9742022 1.019071 1.019071 1.047087 1.047087 1.047087 1.068863
1.476992 1.476992 1.535895 1.517375 1.410439 1.410439 1.387857 1.348558 1.348558 1.308662 1.308662 1.259312 1.228019 1.191272 1.150277 1.150277 1.091280 1.062108 1.025735 0.9825310 0.9337819 0.8817647 0.8298011 0.7822973 0.7447688 0.7238828 0.7276587 0.7662731 0.8539621 1.014960 1.014960 1.407414 1.553658 1.652313 1.666617 1.666617 1.653409 1.653409 1.580248 1.580248 1.484476 1.108178 1.108178 1.090478 1.090478 1.127335 1.127335 1.127335 1.183006 1.183006 1.227318 1.227318 1.250033 1.250033 1.304584 1.304584 1.337838 1.337838 1.337838 1.365258
1.480385 1.480385 1.536945 1.521285 1.410026 1.410026 1.388641 1.351065 1.351065 1.313946 1.313946 1.270995 1.245817 1.218254 1.189892 1.189892 1.159860 1.148564 1.133231 1.112862 1.087179 1.056691 1.022832 0.9881495 0.9565217 0.9334179 0.9262456 0.9449748 1.003444 1.124325 1.124325 1.445135 1.577865 1.680715 1.704159 1.704159 1.711598 1.711598 1.671446 1.671446 1.621321 1.355082 1.355082 1.268838 1.268838 1.286703 1.286703 1.286703 1.343595 1.343595 1.383111 1.383111 1.412963 1.412963 1.452897 1.452897 1.481745 1.481745 1.481745 1.504683
1.483014 1.483014 1.537770 1.524430 1.409454 1.409454 1.388868 1.352658 1.352658 1.317972 1.317972 1.280382 1.259798 1.238433 1.217575 1.217575 1.201656 1.198381 1.193374 1.185737 1.174942 1.160868 1.143952 1.125402 1.107459 1.093707 1.089481 1.102551 1.144503 1.236535 1.236535 1.492376 1.612156 1.709297 1.729906 1.729906 1.735925 1.735925 1.714528 1.714528 1.693332 1.542589 1.542589 1.418344 1.418344 1.421267 1.421267 1.421267 1.465238 1.465238 1.500344 1.500344 1.527562 1.527562 1.559512 1.559512 1.584812 1.584812 1.584812 1.604520
1.484973 1.484973 1.538451 1.527300 1.409272 1.409272 1.389360 1.354617 1.354617 1.322605 1.322605 1.290387 1.274012 1.257950 1.243092 1.243092 1.237912 1.239195 1.239436 1.238294 1.235621 1.231400 1.225819 1.219451 1.213493 1.210064 1.212591 1.226490 1.260590 1.333804 1.333804 1.536707 1.640284 1.721108 1.733331 1.733331 1.732045 1.732045 1.726919 1.726919 1.725035 1.664708 1.664708 1.555086 1.555086 1.525163 1.525163 1.525163 1.556967 1.556967 1.587788 1.587788 1.612812 1.612812 1.639250 1.639250 1.661445 1.661445 1.661445 1.678560
1.486319 1.486319 1.538960 1.529865 1.409406 1.409406 1.390084 1.356856 1.356856 1.327632 1.327632 1.300736 1.288377 1.277300 1.268111 1.268111 1.273948 1.278982 1.282526 1.284827 1.286259 1.287203 1.288020 1.289151 1.291279 1.295561 1.303922 1.319757 1.349412 1.409602 1.409602 1.571150 1.655682 1.710075 1.712153 1.712153 1.709519 1.709519 1.724455 1.724455 1.736528 1.733435 1.733435 1.667731 1.667731 1.614160 1.614160 1.614160 1.631617 1.631617 1.656304 1.656304 1.678522 1.678522 1.700848 1.700848 1.719924 1.719924 1.719924 1.734443
1.487099 1.487099 1.539277 1.532070 1.409796 1.409796 1.390996 1.359259 1.359259 1.332804 1.332804 1.311045 1.302530 1.296314 1.292947 1.292947 1.311605 1.320520 1.326773 1.331159 1.334568 1.337826 1.341627 1.346539 1.353082 1.361827 1.373466 1.389609 1.414471 1.461342 1.461342 1.591360 1.651718 1.672708 1.668845 1.668845 1.678416 1.678416 1.715919 1.715919 1.738252 1.767705 1.767705 1.747343 1.747343 1.692497 1.692497 1.692497 1.696021 1.696021 1.712551 1.712551 1.730631 1.730631 1.748960 1.748960 1.764612 1.764612 1.764612 1.776340
1.487344 1.487344 1.539384 1.533848 1.410393 1.410393 1.392049 1.361712 1.361712 1.337897 1.337897 1.320969 1.316100 1.314665 1.317520 1.317520 1.352011 1.365248 1.374107 1.379971 1.384220 1.388127 1.392740 1.398859 1.407025 1.417422 1.429427 1.442708 1.459837 1.491853 1.491853 1.587060 1.619823 1.611274 1.611771 1.611771 1.646263 1.646263 1.704592 1.704592 1.734282 1.782174 1.782174 1.795025 1.795025 1.758181 1.758181 1.758181 1.752622 1.752622 1.760528 1.760528 1.773099 1.773099 1.786787 1.786787 1.798652 1.798652 1.798652 1.807360
1.487064 1.487064 1.539278 1.535130 1.411159 1.411159 1.393195 1.364119 1.364119 1.342733 1.342733 1.330230 1.328750 1.331958 1.341483 1.341483 1.396300 1.414375 1.425881 1.432886 1.437276 1.440767 1.444780 1.450380 1.458220 1.468170 1.477538 1.483070 1.486479 1.499308 1.499308 1.550013 1.554715 1.536000 1.552224 1.552224 1.616392 1.616392 1.691197 1.691197 1.726169 1.785217 1.785217 1.819003 1.819003 1.808240 1.808240 1.808240 1.800807 1.800807 1.801944 1.801944 1.808402 1.808402 1.816788 1.816788 1.824323 1.824323 1.824323 1.829649
1.486250 1.486250 1.538962 1.535843 1.412073 1.412073 1.394389 1.366389 1.366389 1.347163 1.347163 1.338599 1.340186 1.347757 1.364149 1.364149 1.445828 1.469181 1.483384 1.491287 1.495265 1.497511 1.499858 1.503687 1.509838 1.517936 1.521091 1.510647 1.490147 1.474596 1.474596 1.481376 1.461519 1.456933 1.496469 1.496469 1.588413 1.588413 1.675666 1.675666 1.714692 1.781296 1.781296 1.827881 1.827881 1.842197 1.842197 1.842197 1.839097 1.839097 1.836918 1.836918 1.837838 1.837838 1.840547 1.840547 1.843200 1.843200 1.843200 1.844758
1.484872 1.484872 1.538454 1.535918 1.413125 1.413125 1.395587 1.368448 1.368448 1.351069 1.351069 1.345910 1.350185 1.361674 1.384435 1.384435 1.503014 1.531498 1.547901 1.556328 1.559457 1.559811 1.559597 1.560574 1.563928 1.569382 1.560543 1.519216 1.461226 1.410002 1.410002 1.376066 1.356084 1.397289 1.442769 1.442769 1.563222 1.563222 1.659991 1.659991 1.702149 1.773988 1.773988 1.828378 1.828378 1.862566 1.862566 1.862566 1.867015 1.867015 1.865034 1.865034 1.861964 1.861964 1.859199 1.859199 1.856656 1.856656 1.856656 1.854182
1.482887 1.482887 1.537776 1.535285 1.414329 1.414329 1.396750 1.370232 1.370232 1.354362 1.354362 1.352046 1.358634 1.373634 1.402508 1.402508 1.570281 1.602921 1.621253 1.629568 1.631084 1.628733 1.625121 1.622381 1.622015 1.623894 1.591631 1.495146 1.390770 1.306271 1.306271 1.251194 1.252277 1.342448 1.403929 1.403929 1.538840 1.538840 1.643951 1.643951 1.688550 1.764031 1.764031 1.823305 1.823305 1.871701 1.871701 1.871701 1.884099 1.884099 1.884684 1.884684 1.879495 1.879495 1.872103 1.872103 1.864562 1.864562 1.864562 1.858133
