cruce_test.gid/Rasters/Hydraulic/Velocity____48.0.asc
NCOLS        79
NROWS        79
XLLCENTER         -1.500000
YLLCENTER         -4.800000
CELLSIZE           0.100
NODATA_VALUE     -9999.0
[rows 0 to 26 of 79, columns 0 to 59 of 79]
-9999.000 -9999.000 -9999.000 -9999.000 -9999.000 -9999.000 -9999.000 -9999.000 -9999.000 -9999.000 -9999.000 -9999.000 -9999.000 -9999.000 -9999.000 0.2769732 0.2759952 0.2762430 0.2766670 0.2771633 0.2777184 0.2783303 0.2789974 0.2797182 0.2804941 0.2813338 0.2822601 0.2833185 0.2844636 0.2811043 0.2811043 -9999.000 -9999.000 -9999.000 -9999.000 -9999.000 -9999.000 -9999.000 -9999.000 -9999.000 -9999.000 -9999.000 -9999.000 -9999.000 -9999.000 -9999.000 -9999.000 -9999.000 -9999.000 -9999.000 -9999.000 -9999.000 -9999.000 -9999.000 -9999.000 -9999.000 -9999.000 -9999.000 -9999.000 -9999.000
-9999.000 -9999.000 -9999.000 -9999.000 -9999.000 -9999.000 -9999.000 -9999.000 -9999.000 -9999.000 -9999.000 -9999.000 -9999.000 -9999.000 -9999.000 0.2725172 0.2700944 0.2705401 0.2713350 0.2722549 0.2732672 0.2743659 0.2755506 0.2768246 0.2782009 0.2797117 0.2814202 0.2834316 0.2856413 0.2791536 0.2791536 -9999.000 -9999.000 -9999.000 -9999.000 -9999.000 -9999.000 -9999.000 -9999.000 -9999.000 -9999.000 -9999.000 -9999.000 -9999.000 -9999.000 -9999.000 -9999.000 -9999.000 -9999.000 -9999.000 -9999.000 -9999.000 -9999.000 -9999.000 -9999.000 -9999.000 -9999.000 -9999.000 -9999.000 -9999.000
-9999.000 -9999.000 -9999.000 -9999.000 -9999.000 -9999.000 -9999.000 -9999.000 -9999.000 -9999.000 -9999.000 -9999.000 -9999.000 -9999.000 -9999.000 0.2662303 0.2620299 0.2627679 0.2641456 0.2657713 0.2675757 0.2695414 0.2716627 0.2739444 0.2764080 0.2791030 0.2821192 0.2855889 0.2892521 0.2793447 0.2793447 -9999.000 -9999.000 -9999.000 -9999.000 -9999.000 -9999.000 -9999.000 -9999.000 -9999.000 -9999.000 -9999.000 -9999.000 -9999.000 -9999.000 -9999.000 -9999.000 -9999.000 -9999.000 -9999.000 -9999.000 -9999.000 -9999.000 -9999.000 -9999.000 -9999.000 -9999.000 -9999.000 -9999.000 -9999.000
-9999.000 -9999.000 -9999.000 -9999.000 -9999.000 -9999.000 -9999.000 -9999.000 -9999.000 -9999.000 -9999.000 -9999.000 -9999.000 -9999.000 -9999.000 0.2587727 0.2526798 0.2538092 0.2559328 0.2584705 0.2613094 0.2644139 0.2677677 0.2713715 0.2752497 0.2794643 0.2841280 0.2893997 0.2948508 0.2818314 0.2818314 -9999.000 -9999.000 -9999.000 -9999.000 -9999.000 -9999.000 -9999.000 -9999.000 -9999.000 -9999.000 -9999.000 -9999.000 -9999.000 -9999.000 -9999.000 -9999.000 -9999.000 -9999.000 -9999.000 -9999.000 -9999.000 -9999.000 -9999.000 -9999.000 -9999.000 -9999.000 -9999.000 -9999.000 -9999.000
-9999.000 -9999.000 -9999.000 -9999.000 -9999.000 -9999.000 -9999.000 -9999.000 -9999.000 -9999.000 -9999.000 -9999.000 -9999.000 -9999.000 -9999.000 0.2501509 0.2421329 0.2437563 0.2467826 0.2504250 0.2545203 0.2590103 0.2638647 0.2690769 0.2746730 0.2807287 0.2873830 0.2948278 0.3024573 0.2867249 0.2867249 -9999.000 -9999.000 -9999.000 -9999.000 -9999.000 -9999.000 -9999.000 -9999.000 -9999.000 -9999.000 -9999.000 -9999.000 -9999.000 -9999.000 -9999.000 -9999.000 -9999.000 -9999.000 -9999.000 -9999.000 -9999.000 -9999.000 -9999.000 -9999.000 -9999.000 -9999.000 -9999.000 -9999.000 -9999.000
-9999.000 -9999.000 -9999.000 -9999.000 -9999.000 -9999.000 -9999.000 -9999.000 -9999.000 -9999.000 -9999.000 -9999.000 -9999.000 -9999.000 -9999.000 0.2403076 0.2304419 0.2326718 0.2367553 0.2416867 0.2472475 0.2533536 0.2599591 0.2670503 0.2746581 0.2828771 0.2918822 0.3019130 0.3121873 0.2942543 0.2942543 -9999.000 -9999.000 -9999.000 -9999.000 -9999.000 -9999.000 -9999.000 -9999.000 -9999.000 -9999.000 -9999.000 -9999.000 -9999.000 -9999.000 -9999.000 -9999.000 -9999.000 -9999.000 -9999.000 -9999.000 -9999.000 -9999.000 -9999.000 -9999.000 -9999.000 -9999.000 -9999.000 -9999.000 -9999.000
-9999.000 -9999.000 -9999.000 -9999.000 -9999.000 -9999.000 -9999.000 -9999.000 -9999.000 -9999.000 -9999.000 -9999.000 -9999.000 -9999.000 -9999.000 0.2291234 0.2176298 0.2205998 0.2258988 0.2323010 0.2395295 0.2474725 0.2560688 0.2653011 0.2752116 0.2859259 0.2976719 0.3107600 0.3242499 0.3047786 0.3047786 -9999.000 -9999.000 -9999.000 -9999.000 -9999.000 -9999.000 -9999.000 -9999.000 -9999.000 -9999.000 -9999.000 -9999.000 -9999.000 -9999.000 -9999.000 -9999.000 -9999.000 -9999.000 -9999.000 -9999.000 -9999.000 -9999.000 -9999.000 -9999.000 -9999.000 -9999.000 -9999.000 -9999.000 -9999.000
-9999.000 -9999.000 -9999.000 -9999.000 -9999.000 -9999.000 -9999.000 -9999.000 -9999.000 -9999.000 -9999.000 -9999.000 -9999.000 -9999.000 -9999.000 0.2164189 0.2036960 0.2075743 0.2142608 0.2223205 0.2314176 0.2414125 0.2522320 0.2638617 0.2763681 0.2899258 0.3048427 0.3215387 0.3389595 0.3188215 0.3188215 -9999.000 -9999.000 -9999.000 -9999.000 -9999.000 -9999.000 -9999.000 -9999.000 -9999.000 -9999.000 -9999.000 -9999.000 -9999.000 -9999.000 -9999.000 -9999.000 -9999.000 -9999.000 -9999.000 -9999.000 -9999.000 -9999.000 -9999.000 -9999.000 -9999.000 -9999.000 -9999.000 -9999.000 -9999.000
-9999.000 -9999.000 -9999.000 -9999.000 -9999.000 -9999.000 -9999.000 -9999.000 -9999.000 -9999.000 -9999.000 -9999.000 -9999.000 -9999.000 -9999.000 0.2019579 0.1886215 0.1936297 0.2019016 0.2118193 0.2229903 0.2352498 0.2485185 0.2627973 0.2781953 0.2949640 0.3135332 0.3344923 0.3567587 0.3371393 0.3371393 -9999.000 -9999.000 -9999.000 -9999.000 -9999.000 -9999.000 -9999.000 -9999.000 -9999.000 -9999.000 -9999.000 -9999.000 -9999.000 -9999.000 -9999.000 -9999.000 -9999.000 -9999.000 -9999.000 -9999.000 -9999.000 -9999.000 -9999.000 -9999.000 -9999.000 -9999.000 -9999.000 -9999.000 -9999.000
-9999.000 -9999.000 -9999.000 -9999.000 -9999.000 -9999.000 -9999.000 -9999.000 -9999.000 -9999.000 -9999.000 -9999.000 -9999.000 -9999.000 -9999.000 0.1854540 0.1723755 0.1788146 0.1889133 0.2009147 0.2143755 0.2291116 0.2450486 0.2622207 0.2808067 0.3011754 0.3239385 0.3499523 0.3782604 0.3608458 0.3608458 -9999.000 -9999.000 -9999.000 -9999.000 -9999.000 -9999.000 -9999.000 -9999.000 -9999.000 -9999.000 -9999.000 -9999.000 -9999.000 -9999.000 -9999.000 -9999.000 -9999.000 -9999.000 -9999.000 -9999.000 -9999.000 -9999.000 -9999.000 -9999.000 -9999.000 -9999.000 -9999.000 -9999.000 -9999.000
-9999.000 -9999.000 -9999.000 -9999.000 -9999.000 -9999.000 -9999.000 -9999.000 -9999.000 -9999.000 -9999.000 -9999.000 -9999.000 -9999.000 -9999.000 0.1665840 0.1549295 0.1632159 0.1754514 0.1898020 0.2057857 0.2232101 0.2420246 0.2623224 0.2843879 0.3087629 0.3363310 0.3683652 0.4043159 0.3916433 0.3916433 -9999.000 -9999.000 -9999.000 -9999.000 -9999.000 -9999.000 -9999.000 -9999.000 -9999.000 -9999.000 -9999.000 -9999.000 -9999.000 -9999.000 -9999.000 -9999.000 -9999.000 -9999.000 -9999.000 -9999.000 -9999.000 -9999.000 -9999.000 -9999.000 -9999.000 -9999.000 -9999.000 -9999.000 -9999.000
-9999.000 -9999.000 -9999.000 -9999.000 -9999.000 -9999.000 -9999.000 -9999.000 -9999.000 -9999.000 -9999.000 -9999.000 -9999.000 -9999.000 -9999.000 0.1450118 0.1362868 0.1470058 0.1617916 0.1788141 0.1975755 0.2179001 0.2397881 0.2634255 0.2892493 0.3180465 0.3510997 0.3903396 0.4361263 0.4322891 0.4322891 -9999.000 -9999.000 -9999.000 -9999.000 -9999.000 -9999.000 -9999.000 -9999.000 -9999.000 -9999.000 -9999.000 -9999.000 -9999.000 -9999.000 -9999.000 -9999.000 -9999.000 -9999.000 -9999.000 -9999.000 -9999.000 -9999.000 -9999.000 -9999.000 -9999.000 -9999.000 -9999.000 -9999.000 -9999.000
-9999.000 -9999.000 -9999.000 -9999.000 -9999.000 -9999.000 -9999.000 -9999.000 -9999.000 -9999.000 -9999.000 -9999.000 -9999.000 -9999.000 -9999.000 0.1204305 0.1165565 0.1305441 0.1484375 0.1685252 0.1903456 0.2137823 0.2389263 0.2660980 0.2959396 0.3295718 0.3688481 0.4167346 0.4754292 0.4876316 0.4876316 -9999.000 -9999.000 -9999.000 -9999.000 -9999.000 -9999.000 -9999.000 -9999.000 -9999.000 -9999.000 -9999.000 -9999.000 -9999.000 -9999.000 -9999.000 -9999.000 -9999.000 -9999.000 -9999.000 -9999.000 -9999.000 -9999.000 -9999.000 -9999.000 -9999.000 -9999.000 -9999.000 -9999.000 -9999.000
-9999.000 -9999.000 -9999.000 -9999.000 -9999.000 -9999.000 -9999.000 -9999.000 -9999.000 -9999.000 -9999.000 -9999.000 -9999.000 -9999.000 -9999.000 0.9262554E-01 0.9620479E-01 0.1147187 0.1364779 0.1600992 0.1852726 0.2120205 0.2405830 0.2714619 0.3055592 0.3444200 0.3906797 0.4488992 0.5248386 0.5673214 0.5673214 -9999.000 -9999.000 -9999.000 -9999.000 -9999.000 -9999.000 -9999.000 -9999.000 -9999.000 -9999.000 -9999.000 -9999.000 -9999.000 -9999.000 -9999.000 -9999.000 -9999.000 -9999.000 -9999.000 -9999.000 -9999.000 -9999.000 -9999.000 -9999.000 -9999.000 -9999.000 -9999.000 -9999.000 -9999.000
-9999.000 -9999.000 -9999.000 -9999.000 -9999.000 -9999.000 -9999.000 -9999.000 -9999.000 -9999.000 -9999.000 -9999.000 -9999.000 -9999.000 -9999.000 0.6246378E-01 0.8440558E-01 0.1121368 0.1392888 0.1662545 0.1936694 0.2221993 0.2525723 0.2857013 0.3228983 0.3662540 0.4193953 0.4891995 0.5880709 0.6931622 0.6931622 -9999.000 -9999.000 -9999.000 -9999.000 -9999.000 -9999.000 -9999.000 -9999.000 -9999.000 -9999.000 -9999.000 -9999.000 -9999.000 -9999.000 -9999.000 -9999.000 -9999.000 -9999.000 -9999.000 -9999.000 -9999.000 -9999.000 -9999.000 -9999.000 -9999.000 -9999.000 -9999.000 -9999.000 -9999.000
1.476334 1.476334 1.507081 1.391779 1.353413 1.353413 1.326301 1.276406 1.276406 1.226148 1.226148 1.167480 1.130618 1.084123 1.021502 1.021502 0.8768275 0.8138283 0.7477879 0.6821505 0.6205761 0.5668423 0.5245926 0.4971697 0.4876640 0.4993231 0.5366529 0.6080828 0.7315463 0.9622633 0.9622633 1.484341 1.681601 1.784832 1.763042 1.763042 1.627168 1.627168 1.421069 1.421069 1.202422 0.8184100 0.8184100 0.8053375 0.8053375 0.8365926 0.8365926 0.8365926 0.8885643 0.8885643 0.9300401 0.9300401 0.9644423 0.9644423 1.009461 1.009461 1.037663 1.037663 1.037663 1.059702
1.490296 1.490296 1.525854 1.431718 1.391675 1.391675 1.371334 1.333469 1.333469 1.293817 1.293817 1.244776 1.213815 1.177528 1.137053 1.137053 1.078176 1.048760 1.012205 0.9689497 0.9203487 0.8687478 0.8175352 0.7711673 0.7351653 0.7161302 0.7219183 0.7624385 0.8515555 1.012844 1.012844 1.401161 1.546567 1.644833 1.659040 1.659040 1.645896 1.645896 1.573386 1.573386 1.479105 1.098291 1.098291 1.080309 1.080309 1.116919 1.116919 1.116919 1.172440 1.172440 1.216571 1.216571 1.239085 1.239085 1.293717 1.293717 1.327052 1.327052 1.327052 1.354611
1.493520 1.493520 1.527128 1.435053 1.391733 1.391733 1.372285 1.336056 1.336056 1.299193 1.299193 1.256560 1.231684 1.204495 1.176491 1.176491 1.146210 1.134495 1.118758 1.098063 1.072182 1.041669 1.008008 0.9738012 0.9429823 0.9210540 0.9154032 0.9358795 0.9960392 1.117911 1.117911 1.436595 1.568562 1.670205 1.693221 1.693221 1.700417 1.700417 1.660890 1.660890 1.611942 1.344904 1.344904 1.257016 1.257016 1.274471 1.274471 1.274471 1.331328 1.331328 1.370753 1.370753 1.400515 1.400515 1.440519 1.440519 1.469436 1.469436 1.469436 1.492494
1.495968 1.495968 1.528157 1.437146 1.391713 1.391713 1.372749 1.337768 1.337768 1.303365 1.303365 1.266110 1.245807 1.224762 1.204182 1.204182 1.187951 1.184283 1.178885 1.170902 1.159835 1.145590 1.128627 1.110189 1.092564 1.079384 1.076027 1.090256 1.133536 1.226601 1.226601 1.481596 1.601001 1.697010 1.717174 1.717174 1.722666 1.722666 1.701573 1.701573 1.681177 1.531687 1.531687 1.405991 1.405991 1.408183 1.408183 1.408183 1.452119 1.452119 1.487116 1.487116 1.514238 1.514238 1.546214 1.546214 1.571562 1.571562 1.571562 1.591332
1.497768 1.497768 1.528990 1.438913 1.392006 1.392006 1.373493 1.339872 1.339872 1.308165 1.308165 1.276291 1.260172 1.244379 1.229732 1.229732 1.224182 1.225122 1.225039 1.223623 1.220736 1.216365 1.210701 1.204326 1.198460 1.195262 1.198212 1.212772 1.247749 1.321715 1.321715 1.524339 1.627867 1.707733 1.719528 1.719528 1.717653 1.717653 1.712687 1.712687 1.711306 1.652663 1.652663 1.542814 1.542814 1.511875 1.511875 1.511875 1.543502 1.543502 1.574178 1.574178 1.599085 1.599085 1.625500 1.625500 1.647685 1.647685 1.647685 1.664846
1.498992 1.498992 1.529601 1.440559 1.392491 1.392491 1.374447 1.342275 1.342275 1.313377 1.313377 1.286832 1.274710 1.263862 1.254823 1.254823 1.260171 1.264877 1.268145 1.270240 1.271541 1.272415 1.273210 1.274350 1.276519 1.280889 1.289436 1.305634 1.335858 1.396523 1.396523 1.557989 1.642650 1.696202 1.697874 1.697874 1.694724 1.694724 1.709795 1.709795 1.722179 1.720366 1.720366 1.655418 1.655418 1.601076 1.601076 1.601076 1.618201 1.618201 1.642667 1.642667 1.664727 1.664727 1.686949 1.686949 1.705996 1.705996 1.705996 1.720551
1.499691 1.499691 1.529971 1.442146 1.393115 1.393115 1.375556 1.344860 1.344860 1.318751 1.318751 1.297343 1.289056 1.283045 1.279782 1.279782 1.297766 1.306331 1.312316 1.316535 1.319874 1.323141 1.327001 1.331990 1.338607 1.347408 1.359125 1.375499 1.400796 1.448027 1.448027 1.578082 1.638645 1.658859 1.654625 1.654625 1.663807 1.663807 1.701403 1.701403 1.723902 1.754120 1.754120 1.734764 1.734764 1.679778 1.679778 1.679778 1.682914 1.682914 1.699145 1.699145 1.717010 1.717010 1.735198 1.735198 1.750807 1.750807 1.750807 1.762531
1.499894 1.499894 1.530094 1.443621 1.393803 1.393803 1.376714 1.347470 1.347470 1.324043 1.324043 1.307483 1.302849 1.301623 1.304563 1.304563 1.338131 1.350960 1.359519 1.365215 1.369424 1.373392 1.378133 1.384401 1.392697 1.403151 1.415165 1.428666 1.446275 1.478731 1.478731 1.574139 1.607174 1.597881 1.598054 1.598054 1.632254 1.632254 1.690558 1.690558 1.720298 1.768556 1.768556 1.782197 1.782197 1.745774 1.745774 1.745774 1.739933 1.739933 1.747510 1.747510 1.759817 1.759817 1.773343 1.773343 1.785122 1.785122 1.785122 1.793785
1.499614 1.499614 1.529965 1.444933 1.394554 1.394554 1.377907 1.350032 1.350032 1.329081 1.329081 1.316965 1.315737 1.319183 1.328825 1.328825 1.382418 1.400000 1.411131 1.417929 1.422274 1.425852 1.430040 1.435850 1.443873 1.453863 1.463113 1.468971 1.473116 1.486666 1.486666 1.537802 1.542833 1.523359 1.539286 1.539286 1.603178 1.603178 1.677799 1.677799 1.712725 1.771864 1.771864 1.806110 1.806110 1.796001 1.796001 1.796001 1.788490 1.788490 1.789353 1.789353 1.795535 1.795535 1.803725 1.803725 1.811136 1.811136 1.811136 1.816373
1.498840 1.498840 1.529589 1.445958 1.395327 1.395327 1.379075 1.352436 1.352436 1.333702 1.333702 1.325548 1.327411 1.335275 1.351887 1.351887 1.432018 1.454773 1.468476 1.476087 1.479976 1.482305 1.484854 1.488939 1.495330 1.503403 1.506119 1.496343 1.477135 1.462786 1.462786 1.470168 1.450568 1.445170 1.484338 1.484338 1.575987 1.575987 1.662913 1.662913 1.701824 1.768333 1.768333 1.815100 1.815100 1.830018 1.830018 1.830018 1.827032 1.827032 1.824709 1.824709 1.825398 1.825398 1.827907 1.827907 1.830403 1.830403 1.830403 1.831826
1.497547 1.497547 1.528975 1.446546 1.396128 1.396128 1.380207 1.354620 1.354620 1.337790 1.337790 1.333056 1.337633 1.349476 1.372636 1.372636 1.489215 1.517109 1.532905 1.540933 1.543880 1.544253 1.544220 1.545464 1.549136 1.554460 1.544435 1.504758 1.448959 1.399308 1.399308 1.366045 1.346092 1.386469 1.431453 1.431453 1.551535 1.551535 1.647861 1.647861 1.689852 1.761466 1.761466 1.815834 1.815834 1.850425 1.850425 1.850425 1.855097 1.855097 1.853124 1.853124 1.849922 1.849922 1.846991 1.846991 1.844275 1.844275 1.844275 1.841617
1.495685 1.495685 1.528141 1.446455 1.396977 1.396977 1.381275 1.356504 1.356504 1.341237 1.341237 1.339364 1.346271 1.361651 1.390832 1.390832 1.556728 1.588558 1.606167 1.613963 1.615192 1.612787 1.609324 1.606864 1.606858 1.608685 1.573415 1.481130 1.379811 1.296883 1.296883 1.242283 1.243151 1.332417 1.393397 1.393397 1.527819 1.527819 1.632407 1.632407 1.676797 1.751957 1.751957 1.811065 1.811065 1.859637 1.859637 1.859637 1.872279 1.872279 1.872998 1.872998 1.867804 1.867804 1.860315 1.860315 1.852601 1.852601 1.852601 1.845941
