cruce_test.gid/Rasters/Hydraulic/Velocity__x_23.0.asc
NCOLS        79
NROWS        79
XLLCENTER         -1.500000
YLLCENTER         -4.800000
CELLSIZE           0.100
NODATA_VALUE     -9999.0
[rows 0 to 25 of 79, columns 0 to 57 of 79]
-9999.000 -9999.000 -9999.000 -9999.000 -9999.000 -9999.000 -9999.000 -9999.000 -9999.000 -9999.000 -9999.000 -9999.000 -9999.000 -9999.000 -9999.000 0.1337342E-02 0.3014019E-02 0.4721204E-02 0.6170597E-02 0.7299514E-02 0.8085868E-02 0.8518406E-02 0.8590022E-02 0.8295268E-02 0.7626908E-02 0.6570956E-02 0.5096937E-02 0.3137719E-02 0.5911497E-03 -0.5335578E-03 -0.5335578E-03 -9999.000 -9999.000 -9999.000 -9999.000 -9999.000 -9999.000 -9999.000 -9999.000 -9999.000 -9999.000 -9999.000 -9999.000 -9999.000 -9999.000 -9999.000 -9999.000 -9999.000 -9999.000 -9999.000 -9999.000 -9999.000 -9999.000 -9999.000 -9999.000 -9999.000 -9999.000 -9999.000
-9999.000 -9999.000 -9999.000 -9999.000 -9999.000 -9999.000 -9999.000 -9999.000 -9999.000 -9999.000 -9999.000 -9999.000 -9999.000 -9999.000 -9999.000 0.2280553E-02 0.5334030E-02 0.8747566E-02 0.1161232E-01 0.1384143E-01 0.1539993E-01 0.1626779E-01 0.1643219E-01 0.1588558E-01 0.1462404E-01 0.1264654E-01 0.9954526E-02 0.6552561E-02 0.2502289E-02 0.1861002E-03 0.1861002E-03 -9999.000 -9999.000 -9999.000 -9999.000 -9999.000 -9999.000 -9999.000 -9999.000 -9999.000 -9999.000 -9999.000 -9999.000 -9999.000 -9999.000 -9999.000 -9999.000 -9999.000 -9999.000 -9999.000 -9999.000 -9999.000 -9999.000 -9999.000 -9999.000 -9999.000 -9999.000 -9999.000
-9999.000 -9999.000 -9999.000 -9999.000 -9999.000 -9999.000 -9999.000 -9999.000 -9999.000 -9999.000 -9999.000 -9999.000 -9999.000 -9999.000 -9999.000 0.3142725E-02 0.7505017E-02 0.1257930E-01 0.1684192E-01 0.2016800E-01 0.2250840E-01 0.2383489E-01 0.2413038E-01 0.2338667E-01 0.2160489E-01 0.1879724E-01 0.1499102E-01 0.1023309E-01 0.4659608E-02 0.1076706E-02 0.1076706E-02 -9999.000 -9999.000 -9999.000 -9999.000 -9999.000 -9999.000 -9999.000 -9999.000 -9999.000 -9999.000 -9999.000 -9999.000 -9999.000 -9999.000 -9999.000 -9999.000 -9999.000 -9999.000 -9999.000 -9999.000 -9999.000 -9999.000 -9999.000 -9999.000 -9999.000 -9999.000 -9999.000
-9999.000 -9999.000 -9999.000 -9999.000 -9999.000 -9999.000 -9999.000 -9999.000 -9999.000 -9999.000 -9999.000 -9999.000 -9999.000 -9999.000 -9999.000 0.4003205E-02 0.9684718E-02 0.1643749E-01 0.2212169E-01 0.2657070E-01 0.2972258E-01 0.3154259E-01 0.3200968E-01 0.3111403E-01 0.2885828E-01 0.2526151E-01 0.2036504E-01 0.1423947E-01 0.7071139E-02 0.2108338E-02 0.2108338E-02 -9999.000 -9999.000 -9999.000 -9999.000 -9999.000 -9999.000 -9999.000 -9999.000 -9999.000 -9999.000 -9999.000 -9999.000 -9999.000 -9999.000 -9999.000 -9999.000 -9999.000 -9999.000 -9999.000 -9999.000 -9999.000 -9999.000 -9999.000 -9999.000 -9999.000 -9999.000 -9999.000
-9999.000 -9999.000 -9999.000 -9999.000 -9999.000 -9999.000 -9999.000 -9999.000 -9999.000 -9999.000 -9999.000 -9999.000 -9999.000 -9999.000 -9999.000 0.4932165E-02 0.1200582E-01 0.2050660E-01 0.2767742E-01 0.3330759E-01 0.3732392E-01 0.3968640E-01 0.4036978E-01 0.3936017E-01 0.3665670E-01 0.3227667E-01 0.2626439E-01 0.1870113E-01 0.9812678E-02 0.3307743E-02 0.3307743E-02 -9999.000 -9999.000 -9999.000 -9999.000 -9999.000 -9999.000 -9999.000 -9999.000 -9999.000 -9999.000 -9999.000 -9999.000 -9999.000 -9999.000 -9999.000 -9999.000 -9999.000 -9999.000 -9999.000 -9999.000 -9999.000 -9999.000 -9999.000 -9999.000 -9999.000 -9999.000 -9999.000
-9999.000 -9999.000 -9999.000 -9999.000 -9999.000 -9999.000 -9999.000 -9999.000 -9999.000 -9999.000 -9999.000 -9999.000 -9999.000 -9999.000 -9999.000 0.5999925E-02 0.1459309E-01 0.2494920E-01 0.3370556E-01 0.4060508E-01 0.4556280E-01 0.4853363E-01 0.4948677E-01 0.4840085E-01 0.4526512E-01 0.4008629E-01 0.3289942E-01 0.2378375E-01 0.1299469E-01 0.4725836E-02 0.4725836E-02 -9999.000 -9999.000 -9999.000 -9999.000 -9999.000 -9999.000 -9999.000 -9999.000 -9999.000 -9999.000 -9999.000 -9999.000 -9999.000 -9999.000 -9999.000 -9999.000 -9999.000 -9999.000 -9999.000 -9999.000 -9999.000 -9999.000 -9999.000 -9999.000 -9999.000 -9999.000 -9999.000
-9999.000 -9999.000 -9999.000 -9999.000 -9999.000 -9999.000 -9999.000 -9999.000 -9999.000 -9999.000 -9999.000 -9999.000 -9999.000 -9999.000 -9999.000 0.7282147E-02 0.1757256E-01 0.2991583E-01 0.4038066E-01 0.4866286E-01 0.5466303E-01 0.5832833E-01 0.5961975E-01 0.5850329E-01 0.5495106E-01 0.4894781E-01 0.4050526E-01 0.2968465E-01 0.1675579E-01 0.6429819E-02 0.6429819E-02 -9999.000 -9999.000 -9999.000 -9999.000 -9999.000 -9999.000 -9999.000 -9999.000 -9999.000 -9999.000 -9999.000 -9999.000 -9999.000 -9999.000 -9999.000 -9999.000 -9999.000 -9999.000 -9999.000 -9999.000 -9999.000 -9999.000 -9999.000 -9999.000 -9999.000 -9999.000 -9999.000
-9999.000 -9999.000 -9999.000 -9999.000 -9999.000 -9999.000 -9999.000 -9999.000 -9999.000 -9999.000 -9999.000 -9999.000 -9999.000 -9999.000 -9999.000 0.8863188E-02 0.2107851E-01 0.3555547E-01 0.4786802E-01 0.5766792E-01 0.6483611E-01 0.6930712E-01 0.7102806E-01 0.6994578E-01 0.6600492E-01 0.5915419E-01 0.4936242E-01 0.3664941E-01 0.2127488E-01 0.8507762E-02 0.8507762E-02 -9999.000 -9999.000 -9999.000 -9999.000 -9999.000 -9999.000 -9999.000 -9999.000 -9999.000 -9999.000 -9999.000 -9999.000 -9999.000 -9999.000 -9999.000 -9999.000 -9999.000 -9999.000 -9999.000 -9999.000 -9999.000 -9999.000 -9999.000 -9999.000 -9999.000 -9999.000 -9999.000
-9999.000 -9999.000 -9999.000 -9999.000 -9999.000 -9999.000 -9999.000 -9999.000 -9999.000 -9999.000 -9999.000 -9999.000 -9999.000 -9999.000 -9999.000 0.1083731E-01 0.2525795E-01 0.4202632E-01 0.5633747E-01 0.6781041E-01 0.7629996E-01 0.8171986E-01 0.8399554E-01 0.8304489E-01 0.7877152E-01 0.7106823E-01 0.5983292E-01 0.4500784E-01 0.2679998E-01 0.1108367E-01 0.1108367E-01 -9999.000 -9999.000 -9999.000 -9999.000 -9999.000 -9999.000 -9999.000 -9999.000 -9999.000 -9999.000 -9999.000 -9999.000 -9999.000 -9999.000 -9999.000 -9999.000 -9999.000 -9999.000 -9999.000 -9999.000 -9999.000 -9999.000 -9999.000 -9999.000 -9999.000 -9999.000 -9999.000
-9999.000 -9999.000 -9999.000 -9999.000 -9999.000 -9999.000 -9999.000 -9999.000 -9999.000 -9999.000 -9999.000 -9999.000 -9999.000 -9999.000 -9999.000 0.1330252E-01 0.3026468E-01 0.4949576E-01 0.6596926E-01 0.7929367E-01 0.8929126E-01 0.9584557E-01 0.9885014E-01 0.9818125E-01 0.9368329E-01 0.8516528E-01 0.7241234E-01 0.5523020E-01 0.3369846E-01 0.1434520E-01 0.1434520E-01 -9999.000 -9999.000 -9999.000 -9999.000 -9999.000 -9999.000 -9999.000 -9999.000 -9999.000 -9999.000 -9999.000 -9999.000 -9999.000 -9999.000 -9999.000 -9999.000 -9999.000 -9999.000 -9999.000 -9999.000 -9999.000 -9999.000 -9999.000 -9999.000 -9999.000 -9999.000 -9999.000
-9999.000 -9999.000 -9999.000 -9999.000 -9999.000 -9999.000 -9999.000 -9999.000 -9999.000 -9999.000 -9999.000 -9999.000 -9999.000 -9999.000 -9999.000 0.1634255E-01 0.3623231E-01 0.5811923E-01 0.7693912E-01 0.9232468E-01 0.1040612 0.1119930 0.1159714 0.1158173 0.1112931 0.1020852 0.8780305E-01 0.6801868E-01 0.4254860E-01 0.1859672E-01 0.1859672E-01 -9999.000 -9999.000 -9999.000 -9999.000 -9999.000 -9999.000 -9999.000 -9999.000 -9999.000 -9999.000 -9999.000 -9999.000 -9999.000 -9999.000 -9999.000 -9999.000 -9999.000 -9999.000 -9999.000 -9999.000 -9999.000 -9999.000 -9999.000 -9999.000 -9999.000 -9999.000 -9999.000
-9999.000 -9999.000 -9999.000 -9999.000 -9999.000 -9999.000 -9999.000 -9999.000 -9999.000 -9999.000 -9999.000 -9999.000 -9999.000 -9999.000 -9999.000 0.1999433E-01 0.4322375E-01 0.6799090E-01 0.8937622E-01 0.1070793 0.1208482 0.1304823 0.1357841 0.1365075 0.1323097 0.1227062 0.1070373 0.8447849E-01 0.5432593E-01 0.2437299E-01 0.2437299E-01 -9999.000 -9999.000 -9999.000 -9999.000 -9999.000 -9999.000 -9999.000 -9999.000 -9999.000 -9999.000 -9999.000 -9999.000 -9999.000 -9999.000 -9999.000 -9999.000 -9999.000 -9999.000 -9999.000 -9999.000 -9999.000 -9999.000 -9999.000 -9999.000 -9999.000 -9999.000 -9999.000
-9999.000 -9999.000 -9999.000 -9999.000 -9999.000 -9999.000 -9999.000 -9999.000 -9999.000 -9999.000 -9999.000 -9999.000 -9999.000 -9999.000 -9999.000 0.2420620E-01 0.5116444E-01 0.7907438E-01 0.1032999 0.1236474 0.1398335 0.1516133 0.1587435 0.1609121 0.1576582 0.1482782 0.1317191 0.1064890 0.7085180E-01 0.3272646E-01 0.3272646E-01 -9999.000 -9999.000 -9999.000 -9999.000 -9999.000 -9999.000 -9999.000 -9999.000 -9999.000 -9999.000 -9999.000 -9999.000 -9999.000 -9999.000 -9999.000 -9999.000 -9999.000 -9999.000 -9999.000 -9999.000 -9999.000 -9999.000 -9999.000 -9999.000 -9999.000 -9999.000 -9999.000
-9999.000 -9999.000 -9999.000 -9999.000 -9999.000 -9999.000 -9999.000 -9999.000 -9999.000 -9999.000 -9999.000 -9999.000 -9999.000 -9999.000 -9999.000 0.2887340E-01 0.5987176E-01 0.9123112E-01 0.1186405 0.1420427 0.1611404 0.1756631 0.1853462 0.1898437 0.1886059 0.1807056 0.1645806 0.1376651 0.9612797E-01 0.4617331E-01 0.4617331E-01 -9999.000 -9999.000 -9999.000 -9999.000 -9999.000 -9999.000 -9999.000 -9999.000 -9999.000 -9999.000 -9999.000 -9999.000 -9999.000 -9999.000 -9999.000 -9999.000 -9999.000 -9999.000 -9999.000 -9999.000 -9999.000 -9999.000 -9999.000 -9999.000 -9999.000 -9999.000 -9999.000
-9999.000 -9999.000 -9999.000 -9999.000 -9999.000 -9999.000 -9999.000 -9999.000 -9999.000 -9999.000 -9999.000 -9999.000 -9999.000 -9999.000 -9999.000 0.3975622E-01 0.7506929E-01 0.1097859 0.1398043 0.1656487 0.1872720 0.2045121 0.2171576 0.2248972 0.2271845 0.2229809 0.2102415 0.1848619 0.1386478 0.6727465E-01 0.6727465E-01 -9999.000 -9999.000 -9999.000 -9999.000 -9999.000 -9999.000 -9999.000 -9999.000 -9999.000 -9999.000 -9999.000 -9999.000 -9999.000 -9999.000 -9999.000 -9999.000 -9999.000 -9999.000 -9999.000 -9999.000 -9999.000 -9999.000 -9999.000 -9999.000 -9999.000 -9999.000 -9999.000
1.059321 1.059321 0.9815605 0.9236044 0.8935490 0.8935490 0.8649411 0.8115340 0.8115340 0.7578759 0.7578759 0.6943603 0.6539262 0.6032531 0.5376188 0.5376188 0.4107343 0.3704502 0.3389159 0.3167640 0.3029897 0.2957890 0.2931674 0.2933654 0.2951528 0.2981220 0.3032249 0.3140915 0.3406144 0.3956158 0.3956158 1.065764 1.300365 1.392207 1.314425 1.314425 0.1660160 0.1660160 -0.4211346E-01 -0.4211346E-01 -0.2837775E-01 0.8890841E-01 0.8890841E-01 0.2235487 0.2235487 0.3720817 0.3720817 0.3720817 0.4577427 0.4577427 0.5257408 0.5257408 0.5803625 0.5803625 0.6250721 0.6250721 0.6768984 0.6768984
1.073463 1.073463 0.9956475 0.9466687 0.9202980 0.9202980 0.8947635 0.8457144 0.8457144 0.7942016 0.7942016 0.7334979 0.6982087 0.6594518 0.6178113 0.6178113 0.5482321 0.5161583 0.4839505 0.4538468 0.4277466 0.4069443 0.3920895 0.3833722 0.3809035 0.3852830 0.3984615 0.4253015 0.4771320 0.5755304 0.5755304 1.040925 1.215616 1.327037 1.325549 1.325549 1.088213 1.088213 0.9322782 0.9322782 0.9152212 0.8476422 0.8476422 0.7774457 0.7774457 0.7906153 0.7906153 0.7906153 0.8339880 0.8339880 0.8763681 0.8763681 0.9153985 0.9153985 0.9299955 0.9299955 0.9823211 0.9823211
1.077816 1.077816 0.9963768 0.9485688 0.9228896 0.9228896 0.8981699 0.8517673 0.8517673 0.8057100 0.8057100 0.7554488 0.7279652 0.6989981 0.6691291 0.6691291 0.6226938 0.6013258 0.5780803 0.5537480 0.5297410 0.5077680 0.4895898 0.4768855 0.4712936 0.4747112 0.4899653 0.5221645 0.5817067 0.6907830 0.6907830 1.053146 1.207888 1.322703 1.341256 1.341256 1.307203 1.307203 1.211935 1.211935 1.180435 1.121089 1.121089 1.049127 1.049127 1.012530 1.012530 1.012530 1.033126 1.033126 1.058414 1.058414 1.084670 1.084670 1.104166 1.104166 1.135897 1.135897
1.081979 1.081979 0.9974632 0.9509770 0.9260153 0.9260153 0.9020349 0.8577952 0.8577952 0.8161571 0.8161571 0.7740184 0.7522774 0.7301323 0.7079036 0.7079036 0.6757181 0.6616799 0.6460560 0.6287716 0.6104634 0.5923468 0.5760930 0.5637109 0.5574863 0.5600736 0.5748825 0.6070413 0.6657174 0.7705148 0.7705148 1.063702 1.206865 1.321646 1.345643 1.345643 1.340996 1.340996 1.278948 1.278948 1.252803 1.216913 1.216913 1.172224 1.172224 1.134686 1.134686 1.134686 1.144899 1.144899 1.161437 1.161437 1.180169 1.180169 1.195457 1.195457 1.217698 1.217698
1.085997 1.085997 0.9988729 0.9540872 0.9300317 0.9300317 0.9069091 0.8648174 0.8648174 0.8272061 0.8272061 0.7919912 0.7748799 0.7580123 0.7414335 0.7414335 0.7195579 0.7105108 0.7003423 0.6887477 0.6759422 0.6626662 0.6501908 0.6402977 0.6352537 0.6378511 0.6516271 0.6815069 0.7355129 0.8302534 0.8302534 1.071073 1.203731 1.311600 1.332854 1.332854 1.327147 1.327147 1.289057 1.289057 1.277302 1.268763 1.268763 1.250898 1.250898 1.221699 1.221699 1.221699 1.226268 1.226268 1.236747 1.236747 1.249724 1.249724 1.261138 1.261138 1.276571 1.276571
1.089798 1.089798 1.000475 0.9577128 0.9347222 0.9347222 0.9125526 0.8725725 0.8725725 0.8387167 0.8387167 0.8098209 0.7968284 0.7845498 0.7727408 0.7727408 0.7593699 0.7538841 0.7474129 0.7397998 0.7311839 0.7220554 0.7133358 0.7064418 0.7033256 0.7065330 0.7193648 0.7463268 0.7943950 0.8775934 0.8775934 1.076308 1.196860 1.287736 1.300920 1.300920 1.294163 1.294163 1.284859 1.284859 1.288686 1.303323 1.303323 1.306481 1.306481 1.289921 1.289921 1.289921 1.291838 1.291838 1.297754 1.297754 1.305864 1.305864 1.313539 1.313539 1.323609 1.323609
1.093277 1.093277 1.002158 0.9616536 0.9398500 0.9398500 0.9187053 0.8807610 0.8807610 0.8504115 0.8504115 0.8275300 0.8184923 0.8106331 0.8033990 0.8033990 0.7979500 0.7951445 0.7910510 0.7858701 0.7799069 0.7736212 0.7677345 0.7633423 0.7620116 0.7658759 0.7777932 0.8017043 0.8436115 0.9153828 0.9153828 1.078497 1.183158 1.247096 1.252422 1.252422 1.257320 1.257320 1.279305 1.279305 1.295588 1.327083 1.327083 1.345515 1.345515 1.343372 1.343372 1.343372 1.345658 1.345658 1.348834 1.348834 1.353067 1.353067 1.357217 1.357217 1.362788 1.362788
1.096305 1.096305 1.003826 0.9657110 0.9451760 0.9451760 0.9251074 0.8891014 0.8891014 0.8620132 0.8620132 0.8450094 0.8399858 0.8367474 0.8344346 0.8344346 0.8372392 0.8365111 0.8337485 0.8296529 0.8248570 0.8199511 0.8155971 0.8126650 0.8123584 0.8163477 0.8269492 0.8474604 0.8829833 0.9435804 0.9435804 1.073848 1.155745 1.191661 1.196513 1.196513 1.226816 1.226816 1.275552 1.275552 1.300376 1.343418 1.343418 1.372605 1.372605 1.384134 1.384134 1.384134 1.389169 1.389169 1.391639 1.391639 1.393291 1.393291 1.394409 1.394409 1.396131 1.396131
1.098748 1.098748 1.005399 0.9696949 0.9504627 0.9504627 0.9314953 0.8973175 0.8973175 0.8732433 0.8732433 0.8620608 0.8612562 0.8631414 0.8666445 0.8666445 0.8789616 0.8797672 0.8773600 0.8731018 0.8680691 0.8630862 0.8588518 0.8560793 0.8556350 0.8586888 0.8669285 0.8829395 0.9110568 0.9605704 0.9605704 1.059180 1.103215 1.130325 1.144283 1.144283 1.204701 1.204701 1.273077 1.273077 1.303484 1.354443 1.354443 1.391194 1.391194 1.414274 1.414274 1.414274 1.423317 1.423317 1.426813 1.426813 1.427311 1.427311 1.426181 1.426181 1.424704 1.424704
1.100468 1.100468 1.006818 0.9734330 0.9554809 0.9554809 0.9376056 0.9051327 0.9051327 0.8838117 0.8838117 0.8783842 0.8820648 0.8898110 0.9006646 0.9006646 0.9250008 0.9266208 0.9234378 0.9176988 0.9110304 0.9045451 0.8990119 0.8949990 0.8929888 0.8935140 0.8974240 0.9064128 0.9240847 0.9588223 0.9588223 1.019735 1.041591 1.076995 1.099778 1.099778 1.187334 1.187334 1.270725 1.270725 1.304948 1.361610 1.361610 1.403836 1.403836 1.436100 1.436100 1.436100 1.449381 1.449381 1.454955 1.454955 1.455523 1.455523 1.453048 1.453048 1.449092 1.449092
1.101332 1.101332 1.008040 0.9767773 0.9600205 0.9600205 0.9431813 0.9122695 0.9122695 0.8934153 0.8934153 0.8935598 0.9019336 0.9163653 0.9368076 0.9368076 0.9777302 0.9789365 0.9734030 0.9645802 0.9547489 0.9453177 0.9370918 0.9304119 0.9251741 0.9208777 0.9170131 0.9141250 0.9155545 0.9290230 0.9290230 0.9548352 0.9714882 1.036083 1.076590 1.076590 1.173129 1.173129 1.270478 1.270478 1.307145 1.367458 1.367458 1.413265 1.413265 1.452107 1.452107 1.452107 1.469018 1.469018 1.476898 1.476898 1.478245 1.478245 1.475190 1.475190 1.469470 1.469470
