cruce_test.gid/Rasters/Hydraulic/Velocity__x_115.0.asc
NCOLS        79
NROWS        79
XLLCENTER         -1.500000
YLLCENTER         -4.800000
CELLSIZE           0.100
NODATA_VALUE     -9999.0
[rows 0 to 25 of 79, columns 0 to 57 of 79]
-9999.000 -9999.000 -9999.000 -9999.000 -9999.000 -9999.000 -9999.000 -9999.000 -9999.000 -9999.000 -9999.000 -9999.000 -9999.000 -9999.000 -9999.000 0.1405863E-04 0.8003765E-03 0.2417947E-02 0.4042279E-02 0.5520700E-02 0.6801062E-02 0.7880891E-02 0.8784769E-02 0.9543527E-02 0.1016529E-01 0.1058267E-01 0.1056175E-01 0.9552950E-02 0.6495360E-02 0.2814857E-02 0.2814857E-02 -9999.000 -9999.000 -9999.000 -9999.000 -9999.000 -9999.000 -9999.000 -9999.000 -9999.000 -9999.000 -9999.000 -9999.000 -9999.000 -9999.000 -9999.000 -9999.000 -9999.000 -9999.000 -9999.000 -9999.000 -9999.000 -9999.000 -9999.000 -9999.000 -9999.000 -9999.000 -9999.000
-9999.000 -9999.000 -9999.000 -9999.000 -9999.000 -9999.000 -9999.000 -9999.000 -9999.000 -9999.000 -9999.000 -9999.000 -9999.000 -9999.000 -9999.000 0.7147220E-03 0.2311505E-02 0.4831770E-02 0.7355080E-02 0.9685227E-02 0.1172460E-01 0.1342857E-01 0.1478179E-01 0.1577470E-01 0.1637094E-01 0.1645604E-01 0.1575568E-01 0.1371650E-01 0.9370054E-02 0.4285956E-02 0.4285956E-02 -9999.000 -9999.000 -9999.000 -9999.000 -9999.000 -9999.000 -9999.000 -9999.000 -9999.000 -9999.000 -9999.000 -9999.000 -9999.000 -9999.000 -9999.000 -9999.000 -9999.000 -9999.000 -9999.000 -9999.000 -9999.000 -9999.000 -9999.000 -9999.000 -9999.000 -9999.000 -9999.000
-9999.000 -9999.000 -9999.000 -9999.000 -9999.000 -9999.000 -9999.000 -9999.000 -9999.000 -9999.000 -9999.000 -9999.000 -9999.000 -9999.000 -9999.000 0.1244669E-02 0.3479632E-02 0.6739668E-02 0.9961993E-02 0.1292133E-01 0.1549425E-01 0.1761352E-01 0.1924432E-01 0.2036035E-01 0.2091112E-01 0.2076896E-01 0.1964328E-01 0.1695337E-01 0.1167517E-01 0.5460711E-02 0.5460711E-02 -9999.000 -9999.000 -9999.000 -9999.000 -9999.000 -9999.000 -9999.000 -9999.000 -9999.000 -9999.000 -9999.000 -9999.000 -9999.000 -9999.000 -9999.000 -9999.000 -9999.000 -9999.000 -9999.000 -9999.000 -9999.000 -9999.000 -9999.000 -9999.000 -9999.000 -9999.000 -9999.000
-9999.000 -9999.000 -9999.000 -9999.000 -9999.000 -9999.000 -9999.000 -9999.000 -9999.000 -9999.000 -9999.000 -9999.000 -9999.000 -9999.000 -9999.000 0.1670569E-02 0.4419070E-02 0.8274567E-02 0.1205744E-01 0.1551777E-01 0.1851306E-01 0.2096172E-01 0.2281833E-01 0.2404905E-01 0.2459693E-01 0.2432535E-01 0.2292474E-01 0.1977226E-01 0.1375448E-01 0.6542522E-02 0.6542522E-02 -9999.000 -9999.000 -9999.000 -9999.000 -9999.000 -9999.000 -9999.000 -9999.000 -9999.000 -9999.000 -9999.000 -9999.000 -9999.000 -9999.000 -9999.000 -9999.000 -9999.000 -9999.000 -9999.000 -9999.000 -9999.000 -9999.000 -9999.000 -9999.000 -9999.000 -9999.000 -9999.000
-9999.000 -9999.000 -9999.000 -9999.000 -9999.000 -9999.000 -9999.000 -9999.000 -9999.000 -9999.000 -9999.000 -9999.000 -9999.000 -9999.000 -9999.000 0.2036744E-02 0.5223581E-02 0.9584632E-02 0.1384601E-01 0.1773778E-01 0.2110243E-01 0.2384812E-01 0.2592286E-01 0.2728852E-01 0.2788376E-01 0.2756182E-01 0.2598866E-01 0.2248665E-01 0.1582557E-01 0.7642911E-02 0.7642911E-02 -9999.000 -9999.000 -9999.000 -9999.000 -9999.000 -9999.000 -9999.000 -9999.000 -9999.000 -9999.000 -9999.000 -9999.000 -9999.000 -9999.000 -9999.000 -9999.000 -9999.000 -9999.000 -9999.000 -9999.000 -9999.000 -9999.000 -9999.000 -9999.000 -9999.000 -9999.000 -9999.000
-9999.000 -9999.000 -9999.000 -9999.000 -9999.000 -9999.000 -9999.000 -9999.000 -9999.000 -9999.000 -9999.000 -9999.000 -9999.000 -9999.000 -9999.000 0.2379125E-02 0.5969683E-02 0.1079059E-01 0.1549020E-01 0.1978241E-01 0.2349762E-01 0.2653624E-01 0.2884187E-01 0.3037359E-01 0.3106539E-01 0.3075901E-01 0.2908972E-01 0.2531125E-01 0.1804655E-01 0.8845403E-02 0.8845403E-02 -9999.000 -9999.000 -9999.000 -9999.000 -9999.000 -9999.000 -9999.000 -9999.000 -9999.000 -9999.000 -9999.000 -9999.000 -9999.000 -9999.000 -9999.000 -9999.000 -9999.000 -9999.000 -9999.000 -9999.000 -9999.000 -9999.000 -9999.000 -9999.000 -9999.000 -9999.000 -9999.000
-9999.000 -9999.000 -9999.000 -9999.000 -9999.000 -9999.000 -9999.000 -9999.000 -9999.000 -9999.000 -9999.000 -9999.000 -9999.000 -9999.000 -9999.000 0.2725742E-02 0.6715697E-02 0.1198341E-01 0.1711108E-01 0.2179985E-01 0.2586998E-01 0.2921597E-01 0.3177862E-01 0.3351516E-01 0.3435511E-01 0.3412556E-01 0.3242466E-01 0.2842247E-01 0.2055883E-01 0.1022908E-01 0.1022908E-01 -9999.000 -9999.000 -9999.000 -9999.000 -9999.000 -9999.000 -9999.000 -9999.000 -9999.000 -9999.000 -9999.000 -9999.000 -9999.000 -9999.000 -9999.000 -9999.000 -9999.000 -9999.000 -9999.000 -9999.000 -9999.000 -9999.000 -9999.000 -9999.000 -9999.000 -9999.000 -9999.000
-9999.000 -9999.000 -9999.000 -9999.000 -9999.000 -9999.000 -9999.000 -9999.000 -9999.000 -9999.000 -9999.000 -9999.000 -9999.000 -9999.000 -9999.000 0.3098162E-02 0.7506816E-02 0.1323306E-01 0.1880139E-01 0.2390336E-01 0.2835090E-01 0.3203423E-01 0.3489280E-01 0.3688300E-01 0.3792936E-01 0.3784225E-01 0.3617456E-01 0.3199470E-01 0.2351554E-01 0.1188439E-01 0.1188439E-01 -9999.000 -9999.000 -9999.000 -9999.000 -9999.000 -9999.000 -9999.000 -9999.000 -9999.000 -9999.000 -9999.000 -9999.000 -9999.000 -9999.000 -9999.000 -9999.000 -9999.000 -9999.000 -9999.000 -9999.000 -9999.000 -9999.000 -9999.000 -9999.000 -9999.000 -9999.000 -9999.000
-9999.000 -9999.000 -9999.000 -9999.000 -9999.000 -9999.000 -9999.000 -9999.000 -9999.000 -9999.000 -9999.000 -9999.000 -9999.000 -9999.000 -9999.000 0.3514959E-02 0.8381512E-02 0.1459882E-01 0.2064006E-01 0.2619030E-01 0.3105496E-01 0.3512182E-01 0.3833039E-01 0.4063752E-01 0.4196266E-01 0.4209659E-01 0.4053843E-01 0.3623253E-01 0.2710911E-01 0.1392975E-01 0.1392975E-01 -9999.000 -9999.000 -9999.000 -9999.000 -9999.000 -9999.000 -9999.000 -9999.000 -9999.000 -9999.000 -9999.000 -9999.000 -9999.000 -9999.000 -9999.000 -9999.000 -9999.000 -9999.000 -9999.000 -9999.000 -9999.000 -9999.000 -9999.000 -9999.000 -9999.000 -9999.000 -9999.000
-9999.000 -9999.000 -9999.000 -9999.000 -9999.000 -9999.000 -9999.000 -9999.000 -9999.000 -9999.000 -9999.000 -9999.000 -9999.000 -9999.000 -9999.000 0.3994268E-02 0.9377607E-02 0.1613958E-01 0.2270650E-01 0.2876006E-01 0.3410113E-01 0.3861727E-01 0.4225028E-01 0.4495910E-01 0.4665853E-01 0.4711682E-01 0.4576891E-01 0.4140761E-01 0.3160903E-01 0.1653591E-01 0.1653591E-01 -9999.000 -9999.000 -9999.000 -9999.000 -9999.000 -9999.000 -9999.000 -9999.000 -9999.000 -9999.000 -9999.000 -9999.000 -9999.000 -9999.000 -9999.000 -9999.000 -9999.000 -9999.000 -9999.000 -9999.000 -9999.000 -9999.000 -9999.000 -9999.000 -9999.000 -9999.000 -9999.000
-9999.000 -9999.000 -9999.000 -9999.000 -9999.000 -9999.000 -9999.000 -9999.000 -9999.000 -9999.000 -9999.000 -9999.000 -9999.000 -9999.000 -9999.000 0.4556791E-02 0.1053889E-01 0.1792461E-01 0.2509484E-01 0.3173187E-01 0.3763474E-01 0.4269364E-01 0.4685545E-01 0.5008383E-01 0.5229001E-01 0.5321708E-01 0.5222318E-01 0.4791572E-01 0.3742312E-01 0.1996590E-01 0.1996590E-01 -9999.000 -9999.000 -9999.000 -9999.000 -9999.000 -9999.000 -9999.000 -9999.000 -9999.000 -9999.000 -9999.000 -9999.000 -9999.000 -9999.000 -9999.000 -9999.000 -9999.000 -9999.000 -9999.000 -9999.000 -9999.000 -9999.000 -9999.000 -9999.000 -9999.000 -9999.000 -9999.000
-9999.000 -9999.000 -9999.000 -9999.000 -9999.000 -9999.000 -9999.000 -9999.000 -9999.000 -9999.000 -9999.000 -9999.000 -9999.000 -9999.000 -9999.000 0.5230258E-02 0.1192436E-01 0.2004812E-01 0.2793491E-01 0.3527186E-01 0.4186003E-01 0.4759646E-01 0.5243754E-01 0.5635586E-01 0.5926162E-01 0.6087042E-01 0.6044952E-01 0.5637699E-01 0.4520938E-01 0.2465132E-01 0.2465132E-01 -9999.000 -9999.000 -9999.000 -9999.000 -9999.000 -9999.000 -9999.000 -9999.000 -9999.000 -9999.000 -9999.000 -9999.000 -9999.000 -9999.000 -9999.000 -9999.000 -9999.000 -9999.000 -9999.000 -9999.000 -9999.000 -9999.000 -9999.000 -9999.000 -9999.000 -9999.000 -9999.000
-9999.000 -9999.000 -9999.000 -9999.000 -9999.000 -9999.000 -9999.000 -9999.000 -9999.000 -9999.000 -9999.000 -9999.000 -9999.000 -9999.000 -9999.000 0.6056588E-02 0.1362414E-01 0.2265525E-01 0.3142770E-01 0.3963882E-01 0.4709714E-01 0.5371308E-01 0.5945966E-01 0.6432566E-01 0.6822567E-01 0.7084773E-01 0.7135174E-01 0.6783146E-01 0.5610396E-01 0.3134665E-01 0.3134665E-01 -9999.000 -9999.000 -9999.000 -9999.000 -9999.000 -9999.000 -9999.000 -9999.000 -9999.000 -9999.000 -9999.000 -9999.000 -9999.000 -9999.000 -9999.000 -9999.000 -9999.000 -9999.000 -9999.000 -9999.000 -9999.000 -9999.000 -9999.000 -9999.000 -9999.000 -9999.000 -9999.000
-9999.000 -9999.000 -9999.000 -9999.000 -9999.000 -9999.000 -9999.000 -9999.000 -9999.000 -9999.000 -9999.000 -9999.000 -9999.000 -9999.000 -9999.000 0.7186025E-02 0.1593623E-01 0.2619478E-01 0.3615249E-01 0.4552532E-01 0.5414149E-01 0.6194044E-01 0.6892905E-01 0.7512955E-01 0.8047549E-01 0.8463513E-01 0.8664849E-01 0.8425938E-01 0.7231786E-01 0.4157494E-01 0.4157494E-01 -9999.000 -9999.000 -9999.000 -9999.000 -9999.000 -9999.000 -9999.000 -9999.000 -9999.000 -9999.000 -9999.000 -9999.000 -9999.000 -9999.000 -9999.000 -9999.000 -9999.000 -9999.000 -9999.000 -9999.000 -9999.000 -9999.000 -9999.000 -9999.000 -9999.000 -9999.000 -9999.000
-9999.000 -9999.000 -9999.000 -9999.000 -9999.000 -9999.000 -9999.000 -9999.000 -9999.000 -9999.000 -9999.000 -9999.000 -9999.000 -9999.000 -9999.000 0.2223602E-01 0.3781024E-01 0.5345784E-01 0.6625210E-01 0.7669104E-01 0.8522979E-01 0.9228355E-01 0.9820227E-01 0.1032317 0.1074227 0.1104703 0.1113199 0.1074187 0.9266990E-01 0.4890166E-01 0.4890166E-01 -9999.000 -9999.000 -9999.000 -9999.000 -9999.000 -9999.000 -9999.000 -9999.000 -9999.000 -9999.000 -9999.000 -9999.000 -9999.000 -9999.000 -9999.000 -9999.000 -9999.000 -9999.000 -9999.000 -9999.000 -9999.000 -9999.000 -9999.000 -9999.000 -9999.000 -9999.000 -9999.000
2.083333 2.083333 2.131309 2.177944 2.186348 2.186348 2.192084 2.199034 2.199034 2.202293 2.202293 2.203089 2.202771 2.202055 2.200987 2.200987 1.897531 1.848497 1.793505 1.727668 1.649576 1.559379 1.458213 1.348267 1.233109 1.118321 1.012409 0.9289659 0.8923602 0.9460561 0.9460561 1.834025 1.988118 2.012008 1.997363 1.997363 1.946273 1.946273 1.830394 1.830394 1.551989 1.252015 1.252015 1.176927 1.176927 1.201577 1.201577 1.201577 1.252447 1.252447 1.311149 1.311149 1.358035 1.358035 1.396345 1.396345 1.424935 1.424935
2.096413 2.096413 2.159746 2.218238 2.235787 2.235787 2.250671 2.275817 2.275817 2.297116 2.297116 2.315809 2.324387 2.332533 2.340292 2.340292 2.157010 2.134723 2.122704 2.106522 2.080638 2.043018 1.992335 1.928214 1.851521 1.765130 1.674875 1.590681 1.533153 1.551689 1.551689 2.061488 2.220946 2.334247 2.352938 2.352938 2.347330 2.347330 2.286135 2.286135 2.164820 1.868108 1.868108 1.771534 1.771534 1.797191 1.797191 1.797191 1.833162 1.833162 1.893713 1.893713 1.940440 1.940440 1.980383 1.980383 2.012899 2.012899
2.099133 2.099133 2.163848 2.218463 2.236143 2.236143 2.251247 2.276880 2.276880 2.298694 2.298694 2.317959 2.326851 2.335330 2.343442 2.343442 2.203106 2.180317 2.181302 2.185574 2.184965 2.176761 2.159411 2.131871 2.093423 2.043990 1.989332 1.935569 1.896397 1.909237 1.909237 2.260260 2.405598 2.544980 2.574883 2.574883 2.581108 2.581108 2.526562 2.526562 2.456286 2.244468 2.244468 2.125630 2.125630 2.134563 2.134563 2.134563 2.170303 2.170303 2.215234 2.215234 2.253467 2.253467 2.285996 2.285996 2.312546 2.312546
2.101283 2.101283 2.166947 2.218405 2.235989 2.235989 2.251132 2.276871 2.276871 2.298726 2.298726 2.317997 2.326891 2.335374 2.343492 2.343492 2.234921 2.206999 2.209260 2.220532 2.229820 2.233595 2.230516 2.219899 2.201287 2.174700 2.143468 2.111958 2.090048 2.104975 2.104975 2.351315 2.482970 2.626548 2.658593 2.658593 2.663221 2.663221 2.611030 2.611030 2.565296 2.423188 2.423188 2.304299 2.304299 2.293992 2.293992 2.293992 2.325166 2.325166 2.363808 2.363808 2.398620 2.398620 2.428261 2.428261 2.451929 2.451929
2.102916 2.102916 2.169265 2.218397 2.235842 2.235842 2.251004 2.276844 2.276844 2.298737 2.298737 2.318002 2.326892 2.335370 2.343485 2.343485 2.265254 2.237042 2.238301 2.252274 2.266447 2.276056 2.279499 2.276310 2.266448 2.250336 2.230677 2.211322 2.200040 2.216822 2.216822 2.388921 2.507247 2.640555 2.666275 2.666275 2.659547 2.659547 2.616141 2.616141 2.590305 2.511780 2.511780 2.416880 2.416880 2.385370 2.385370 2.385370 2.409745 2.409745 2.443235 2.443235 2.475379 2.475379 2.502692 2.502692 2.524060 2.524060
2.104061 2.104061 2.170873 2.218417 2.235726 2.235726 2.250895 2.276820 2.276820 2.298747 2.298747 2.318009 2.326893 2.335368 2.343480 2.343480 2.293555 2.271124 2.272577 2.287658 2.304666 2.317911 2.325198 2.325889 2.320052 2.308352 2.293236 2.278458 2.270677 2.284815 2.284815 2.405420 2.504682 2.608723 2.620410 2.620410 2.603835 2.603835 2.583557 2.583557 2.577810 2.551946 2.551946 2.493757 2.493757 2.449867 2.449867 2.449867 2.464720 2.464720 2.491845 2.491845 2.520232 2.520232 2.544714 2.544714 2.563685 2.563685
2.104738 2.104738 2.171820 2.218441 2.235652 2.235652 2.250820 2.276803 2.276803 2.298753 2.298753 2.318013 2.326894 2.335366 2.343476 2.343476 2.319897 2.308063 2.312408 2.328291 2.346815 2.362327 2.372167 2.375338 2.371738 2.361984 2.348195 2.333955 2.325163 2.332786 2.332786 2.412358 2.483321 2.535279 2.531653 2.531653 2.522600 2.522600 2.537934 2.537934 2.550546 2.564079 2.564079 2.542954 2.542954 2.501303 2.501303 2.501303 2.506489 2.506489 2.525820 2.525820 2.548907 2.548907 2.569677 2.569677 2.585757 2.585757
2.104962 2.104962 2.172133 2.218451 2.235627 2.235627 2.250795 2.276798 2.276798 2.298755 2.298755 2.318015 2.326895 2.335366 2.343476 2.343476 2.345490 2.347264 2.357447 2.374775 2.393952 2.410479 2.421713 2.426388 2.424133 2.415326 2.401632 2.386229 2.374149 2.372140 2.372140 2.411503 2.437986 2.422343 2.415548 2.415548 2.438962 2.438962 2.491554 2.491554 2.518481 2.559631 2.559631 2.569294 2.569294 2.542644 2.542644 2.542644 2.541192 2.541192 2.552391 2.552391 2.568899 2.568899 2.584789 2.584789 2.597217 2.597217
2.104738 2.104738 2.171820 2.218441 2.235652 2.235652 2.250821 2.276803 2.276803 2.298753 2.298753 2.318013 2.326894 2.335366 2.343476 2.343476 2.372367 2.389150 2.407416 2.427280 2.446707 2.463106 2.474467 2.479559 2.477819 2.469331 2.455246 2.438132 2.421669 2.405842 2.405842 2.393333 2.350495 2.284820 2.296604 2.296604 2.366011 2.366011 2.447989 2.447989 2.485008 2.545262 2.545262 2.578161 2.578161 2.573320 2.573320 2.573320 2.569984 2.569984 2.574256 2.574256 2.583494 2.583494 2.593410 2.593410 2.601383 2.601383
2.104061 2.104061 2.170874 2.218417 2.235726 2.235726 2.250894 2.276820 2.276820 2.298746 2.298746 2.318009 2.326893 2.335368 2.343480 2.343480 2.403255 2.435207 2.462543 2.485797 2.505326 2.520616 2.530789 2.535029 2.532785 2.523916 2.509084 2.490102 2.468109 2.428407 2.428407 2.330833 2.200286 2.152428 2.194968 2.194968 2.304844 2.304844 2.406667 2.406667 2.450717 2.524526 2.524526 2.574220 2.574220 2.592233 2.592233 2.592233 2.591470 2.591470 2.591154 2.591154 2.593324 2.593324 2.596585 2.596585 2.599472 2.599472
2.102916 2.102916 2.169266 2.218397 2.235842 2.235842 2.251004 2.276845 2.276845 2.298737 2.298737 2.318003 2.326892 2.335370 2.343485 2.343485 2.441681 2.487908 2.523772 2.550363 2.569657 2.582930 2.590621 2.592638 2.588687 2.578550 2.562501 2.541421 2.510418 2.417960 2.417960 2.178651 1.998637 2.045843 2.108244 2.108244 2.249608 2.249608 2.364862 2.364862 2.414212 2.498158 2.498158 2.559921 2.559921 2.598371 2.598371 2.598371 2.603048 2.603048 2.600733 2.600733 2.596863 2.596863 2.593424 2.593424 2.590989 2.590989
