cruce_test.gid/Rasters/Hydraulic/Velocity__x_138.0.asc
NCOLS        79
NROWS        79
XLLCENTER         -1.500000
YLLCENTER         -4.800000
CELLSIZE           0.100
NODATA_VALUE     -9999.0
[rows 0 to 25 of 79, columns 0 to 57 of 79]
-9999.000 -9999.000 -9999.000 -9999.000 -9999.000 -9999.000 -9999.000 -9999.000 -9999.000 -9999.000 -9999.000 -9999.000 -9999.000 -9999.000 -9999.000 0.2772520E-03 0.1472970E-02 0.3618622E-02 0.5726500E-02 0.7619397E-02 0.9197055E-02 0.1040937E-01 0.1124782E-01 0.1173600E-01 0.1191311E-01 0.1181045E-01 0.1137261E-01 0.1025205E-01 0.7433387E-02 0.3574850E-02 0.3574850E-02 -9999.000 -9999.000 -9999.000 -9999.000 -9999.000 -9999.000 -9999.000 -9999.000 -9999.000 -9999.000 -9999.000 -9999.000 -9999.000 -9999.000 -9999.000 -9999.000 -9999.000 -9999.000 -9999.000 -9999.000 -9999.000 -9999.000 -9999.000 -9999.000 -9999.000 -9999.000 -9999.000
-9999.000 -9999.000 -9999.000 -9999.000 -9999.000 -9999.000 -9999.000 -9999.000 -9999.000 -9999.000 -9999.000 -9999.000 -9999.000 -9999.000 -9999.000 0.1161330E-02 0.3304296E-02 0.6433688E-02 0.9484548E-02 0.1223595E-01 0.1454037E-01 0.1630495E-01 0.1748390E-01 0.1806901E-01 0.1807074E-01 0.1749500E-01 0.1626940E-01 0.1406357E-01 0.9976198E-02 0.4850041E-02 0.4850041E-02 -9999.000 -9999.000 -9999.000 -9999.000 -9999.000 -9999.000 -9999.000 -9999.000 -9999.000 -9999.000 -9999.000 -9999.000 -9999.000 -9999.000 -9999.000 -9999.000 -9999.000 -9999.000 -9999.000 -9999.000 -9999.000 -9999.000 -9999.000 -9999.000 -9999.000 -9999.000 -9999.000
-9999.000 -9999.000 -9999.000 -9999.000 -9999.000 -9999.000 -9999.000 -9999.000 -9999.000 -9999.000 -9999.000 -9999.000 -9999.000 -9999.000 -9999.000 0.1720694E-02 0.4497643E-02 0.8324198E-02 0.1201782E-01 0.1533062E-01 0.1809122E-01 0.2018568E-01 0.2155247E-01 0.2217283E-01 0.2205252E-01 0.2119841E-01 0.1954236E-01 0.1675243E-01 0.1189585E-01 0.5839423E-02 0.5839423E-02 -9999.000 -9999.000 -9999.000 -9999.000 -9999.000 -9999.000 -9999.000 -9999.000 -9999.000 -9999.000 -9999.000 -9999.000 -9999.000 -9999.000 -9999.000 -9999.000 -9999.000 -9999.000 -9999.000 -9999.000 -9999.000 -9999.000 -9999.000 -9999.000 -9999.000 -9999.000 -9999.000
-9999.000 -9999.000 -9999.000 -9999.000 -9999.000 -9999.000 -9999.000 -9999.000 -9999.000 -9999.000 -9999.000 -9999.000 -9999.000 -9999.000 -9999.000 0.2120982E-02 0.5352747E-02 0.9680717E-02 0.1383759E-01 0.1755556E-01 0.2064630E-01 0.2298288E-01 0.2449513E-01 0.2515993E-01 0.2498301E-01 0.2397403E-01 0.2206540E-01 0.1890996E-01 0.1351567E-01 0.6703137E-02 0.6703137E-02 -9999.000 -9999.000 -9999.000 -9999.000 -9999.000 -9999.000 -9999.000 -9999.000 -9999.000 -9999.000 -9999.000 -9999.000 -9999.000 -9999.000 -9999.000 -9999.000 -9999.000 -9999.000 -9999.000 -9999.000 -9999.000 -9999.000 -9999.000 -9999.000 -9999.000 -9999.000 -9999.000
-9999.000 -9999.000 -9999.000 -9999.000 -9999.000 -9999.000 -9999.000 -9999.000 -9999.000 -9999.000 -9999.000 -9999.000 -9999.000 -9999.000 -9999.000 0.2442430E-02 0.6036866E-02 0.1076150E-01 0.1528770E-01 0.1933300E-01 0.2269563E-01 0.2523891E-01 0.2688704E-01 0.2761532E-01 0.2743040E-01 0.2634352E-01 0.2428433E-01 0.2088214E-01 0.1506591E-01 0.7554871E-02 0.7554871E-02 -9999.000 -9999.000 -9999.000 -9999.000 -9999.000 -9999.000 -9999.000 -9999.000 -9999.000 -9999.000 -9999.000 -9999.000 -9999.000 -9999.000 -9999.000 -9999.000 -9999.000 -9999.000 -9999.000 -9999.000 -9999.000 -9999.000 -9999.000 -9999.000 -9999.000 -9999.000 -9999.000
-9999.000 -9999.000 -9999.000 -9999.000 -9999.000 -9999.000 -9999.000 -9999.000 -9999.000 -9999.000 -9999.000 -9999.000 -9999.000 -9999.000 -9999.000 0.2733413E-02 0.6651033E-02 0.1172473E-01 0.1657825E-01 0.2091755E-01 0.2452957E-01 0.2727013E-01 0.2905970E-01 0.2987231E-01 0.2971605E-01 0.2860356E-01 0.2645879E-01 0.2288022E-01 0.1669751E-01 0.8473218E-02 0.8473218E-02 -9999.000 -9999.000 -9999.000 -9999.000 -9999.000 -9999.000 -9999.000 -9999.000 -9999.000 -9999.000 -9999.000 -9999.000 -9999.000 -9999.000 -9999.000 -9999.000 -9999.000 -9999.000 -9999.000 -9999.000 -9999.000 -9999.000 -9999.000 -9999.000 -9999.000 -9999.000 -9999.000
-9999.000 -9999.000 -9999.000 -9999.000 -9999.000 -9999.000 -9999.000 -9999.000 -9999.000 -9999.000 -9999.000 -9999.000 -9999.000 -9999.000 -9999.000 0.3023193E-02 0.7257188E-02 0.1266674E-01 0.1783659E-01 0.2246369E-01 0.2632494E-01 0.2926948E-01 0.3121456E-01 0.3213480E-01 0.3203985E-01 0.3094313E-01 0.2876087E-01 0.2505270E-01 0.1852686E-01 0.9522784E-02 0.9522784E-02 -9999.000 -9999.000 -9999.000 -9999.000 -9999.000 -9999.000 -9999.000 -9999.000 -9999.000 -9999.000 -9999.000 -9999.000 -9999.000 -9999.000 -9999.000 -9999.000 -9999.000 -9999.000 -9999.000 -9999.000 -9999.000 -9999.000 -9999.000 -9999.000 -9999.000 -9999.000 -9999.000
-9999.000 -9999.000 -9999.000 -9999.000 -9999.000 -9999.000 -9999.000 -9999.000 -9999.000 -9999.000 -9999.000 -9999.000 -9999.000 -9999.000 -9999.000 0.3330708E-02 0.7894818E-02 0.1364926E-01 0.1914467E-01 0.2407101E-01 0.2819610E-01 0.3136290E-01 0.3348687E-01 0.3454306E-01 0.3454400E-01 0.3350320E-01 0.3132714E-01 0.2752786E-01 0.2066548E-01 0.1077032E-01 0.1077032E-01 -9999.000 -9999.000 -9999.000 -9999.000 -9999.000 -9999.000 -9999.000 -9999.000 -9999.000 -9999.000 -9999.000 -9999.000 -9999.000 -9999.000 -9999.000 -9999.000 -9999.000 -9999.000 -9999.000 -9999.000 -9999.000 -9999.000 -9999.000 -9999.000 -9999.000 -9999.000 -9999.000
-9999.000 -9999.000 -9999.000 -9999.000 -9999.000 -9999.000 -9999.000 -9999.000 -9999.000 -9999.000 -9999.000 -9999.000 -9999.000 -9999.000 -9999.000 0.3669153E-02 0.8592129E-02 0.1471663E-01 0.2056213E-01 0.2581318E-01 0.3022896E-01 0.3364752E-01 0.3598267E-01 0.3721177E-01 0.3734988E-01 0.3641126E-01 0.3428990E-01 0.3044014E-01 0.2324204E-01 0.1229635E-01 0.1229635E-01 -9999.000 -9999.000 -9999.000 -9999.000 -9999.000 -9999.000 -9999.000 -9999.000 -9999.000 -9999.000 -9999.000 -9999.000 -9999.000 -9999.000 -9999.000 -9999.000 -9999.000 -9999.000 -9999.000 -9999.000 -9999.000 -9999.000 -9999.000 -9999.000 -9999.000 -9999.000 -9999.000
-9999.000 -9999.000 -9999.000 -9999.000 -9999.000 -9999.000 -9999.000 -9999.000 -9999.000 -9999.000 -9999.000 -9999.000 -9999.000 -9999.000 -9999.000 0.4050099E-02 0.9373540E-02 0.1590787E-01 0.2214178E-01 0.2775629E-01 0.3250273E-01 0.3621481E-01 0.3880577E-01 0.4025627E-01 0.4058529E-01 0.3980799E-01 0.3780358E-01 0.3395573E-01 0.2642494E-01 0.1421022E-01 0.1421022E-01 -9999.000 -9999.000 -9999.000 -9999.000 -9999.000 -9999.000 -9999.000 -9999.000 -9999.000 -9999.000 -9999.000 -9999.000 -9999.000 -9999.000 -9999.000 -9999.000 -9999.000 -9999.000 -9999.000 -9999.000 -9999.000 -9999.000 -9999.000 -9999.000 -9999.000 -9999.000 -9999.000
-9999.000 -9999.000 -9999.000 -9999.000 -9999.000 -9999.000 -9999.000 -9999.000 -9999.000 -9999.000 -9999.000 -9999.000 -9999.000 -9999.000 -9999.000 0.4485813E-02 0.1026583E-01 0.1726590E-01 0.2394274E-01 0.2997549E-01 0.3510798E-01 0.3917093E-01 0.4207882E-01 0.4381687E-01 0.4441000E-01 0.4387495E-01 0.4207337E-01 0.3830341E-01 0.3045518E-01 0.1667091E-01 0.1667091E-01 -9999.000 -9999.000 -9999.000 -9999.000 -9999.000 -9999.000 -9999.000 -9999.000 -9999.000 -9999.000 -9999.000 -9999.000 -9999.000 -9999.000 -9999.000 -9999.000 -9999.000 -9999.000 -9999.000 -9999.000 -9999.000 -9999.000 -9999.000 -9999.000 -9999.000 -9999.000 -9999.000
-9999.000 -9999.000 -9999.000 -9999.000 -9999.000 -9999.000 -9999.000 -9999.000 -9999.000 -9999.000 -9999.000 -9999.000 -9999.000 -9999.000 -9999.000 0.4992284E-02 0.1130329E-01 0.1884635E-01 0.2604223E-01 0.3256970E-01 0.3816612E-01 0.4266017E-01 0.4597011E-01 0.4808864E-01 0.4904931E-01 0.4887221E-01 0.4739903E-01 0.4382285E-01 0.3569985E-01 0.1992372E-01 0.1992372E-01 -9999.000 -9999.000 -9999.000 -9999.000 -9999.000 -9999.000 -9999.000 -9999.000 -9999.000 -9999.000 -9999.000 -9999.000 -9999.000 -9999.000 -9999.000 -9999.000 -9999.000 -9999.000 -9999.000 -9999.000 -9999.000 -9999.000 -9999.000 -9999.000 -9999.000 -9999.000 -9999.000
-9999.000 -9999.000 -9999.000 -9999.000 -9999.000 -9999.000 -9999.000 -9999.000 -9999.000 -9999.000 -9999.000 -9999.000 -9999.000 -9999.000 -9999.000 0.5593221E-02 0.1253759E-01 0.2073352E-01 0.2855688E-01 0.3568839E-01 0.4185978E-01 0.4690069E-01 0.5073596E-01 0.5337047E-01 0.5485080E-01 0.5520416E-01 0.5424996E-01 0.5105309E-01 0.4275138E-01 0.2436697E-01 0.2436697E-01 -9999.000 -9999.000 -9999.000 -9999.000 -9999.000 -9999.000 -9999.000 -9999.000 -9999.000 -9999.000 -9999.000 -9999.000 -9999.000 -9999.000 -9999.000 -9999.000 -9999.000 -9999.000 -9999.000 -9999.000 -9999.000 -9999.000 -9999.000 -9999.000 -9999.000 -9999.000 -9999.000
-9999.000 -9999.000 -9999.000 -9999.000 -9999.000 -9999.000 -9999.000 -9999.000 -9999.000 -9999.000 -9999.000 -9999.000 -9999.000 -9999.000 -9999.000 0.6390545E-02 0.1416751E-01 0.2322055E-01 0.3185587E-01 0.3975904E-01 0.4666309E-01 0.5240720E-01 0.5693343E-01 0.6026939E-01 0.6248488E-01 0.6362263E-01 0.6348021E-01 0.6096356E-01 0.5268111E-01 0.3074648E-01 0.3074648E-01 -9999.000 -9999.000 -9999.000 -9999.000 -9999.000 -9999.000 -9999.000 -9999.000 -9999.000 -9999.000 -9999.000 -9999.000 -9999.000 -9999.000 -9999.000 -9999.000 -9999.000 -9999.000 -9999.000 -9999.000 -9999.000 -9999.000 -9999.000 -9999.000 -9999.000 -9999.000 -9999.000
-9999.000 -9999.000 -9999.000 -9999.000 -9999.000 -9999.000 -9999.000 -9999.000 -9999.000 -9999.000 -9999.000 -9999.000 -9999.000 -9999.000 -9999.000 0.2106600E-01 0.3492998E-01 0.4840065E-01 0.5870317E-01 0.6634185E-01 0.7174066E-01 0.7530171E-01 0.7739445E-01 0.7834111E-01 0.7838383E-01 0.7763641E-01 0.7585670E-01 0.7174953E-01 0.6146211E-01 0.3173208E-01 0.3173208E-01 -9999.000 -9999.000 -9999.000 -9999.000 -9999.000 -9999.000 -9999.000 -9999.000 -9999.000 -9999.000 -9999.000 -9999.000 -9999.000 -9999.000 -9999.000 -9999.000 -9999.000 -9999.000 -9999.000 -9999.000 -9999.000 -9999.000 -9999.000 -9999.000 -9999.000 -9999.000 -9999.000
2.372591 2.372591 2.417042 2.459636 2.466216 2.466216 2.470316 2.474381 2.474381 2.475146 2.475146 2.473710 2.472347 2.470620 2.468566 2.468566 2.367655 2.342142 2.308438 2.262252 2.200886 2.123068 2.028609 1.918255 1.793833 1.659190 1.521263 1.392482 1.299015 1.298721 1.298721 2.148268 2.298729 2.354038 2.361109 2.361109 2.355733 2.355733 2.285213 2.285213 2.211422 1.777184 1.777184 1.547509 1.547509 1.500826 1.500826 1.500826 1.541143 1.541143 1.591089 1.591089 1.639822 1.639822 1.682053 1.682053 1.715183 1.715183
2.388242 2.388242 2.447509 2.504226 2.520860 2.520860 2.534996 2.559015 2.559015 2.579568 2.579568 2.597766 2.606163 2.614156 2.621783 2.621783 2.573647 2.569221 2.568368 2.565418 2.556421 2.538404 2.508945 2.466071 2.408390 2.333654 2.243891 2.148836 2.063385 2.034819 2.034819 2.505728 2.659462 2.787219 2.816121 2.816121 2.836210 2.836210 2.804662 2.804662 2.763858 2.549828 2.549828 2.305535 2.305535 2.243589 2.243589 2.243589 2.282663 2.282663 2.330729 2.330729 2.378801 2.378801 2.423139 2.423139 2.460882 2.460882
2.391731 2.391731 2.451561 2.504496 2.521298 2.521298 2.535666 2.560188 2.560188 2.581290 2.581290 2.600112 2.608855 2.617217 2.625232 2.625232 2.591926 2.592255 2.601140 2.612097 2.620901 2.624944 2.622360 2.611530 2.590957 2.558674 2.514605 2.462969 2.412288 2.392369 2.392369 2.695896 2.841662 2.995234 3.033902 3.033902 3.059196 3.059196 3.023076 3.023076 2.983445 2.842618 2.842618 2.648402 2.648402 2.561213 2.561213 2.561213 2.588766 2.588766 2.629054 2.629054 2.670733 2.670733 2.709101 2.709101 2.741431 2.741431
2.394508 2.394508 2.454668 2.504421 2.521179 2.521179 2.535594 2.560196 2.560196 2.581321 2.581321 2.600149 2.608897 2.617265 2.625288 2.625288 2.603813 2.607628 2.621706 2.639275 2.655634 2.668147 2.675350 2.676304 2.670266 2.656156 2.633817 2.605854 2.578247 2.571527 2.571527 2.765653 2.900479 3.062744 3.105034 3.105034 3.124910 3.124910 3.076879 3.076879 3.038480 2.943740 2.943740 2.807965 2.807965 2.706403 2.706403 2.706403 2.721440 2.721440 2.755540 2.755540 2.793381 2.793381 2.828417 2.828417 2.857856 2.857856
2.396629 2.396629 2.457025 2.504377 2.521058 2.521058 2.535507 2.560188 2.560188 2.581329 2.581329 2.600152 2.608896 2.617262 2.625285 2.625285 2.616431 2.625506 2.644747 2.667713 2.689591 2.707582 2.720207 2.726724 2.726783 2.719989 2.706542 2.688576 2.670966 2.668622 2.668622 2.796572 2.913978 3.068032 3.104242 3.104242 3.103523 3.103523 3.047957 3.047957 3.019024 2.968890 2.968890 2.892576 2.892576 2.794642 2.794642 2.794642 2.795152 2.795152 2.820558 2.820558 2.853450 2.853450 2.885206 2.885206 2.912063 2.912063
2.398122 2.398122 2.458680 2.504358 2.520958 2.520958 2.535431 2.560180 2.560180 2.581337 2.581337 2.600154 2.608896 2.617260 2.625282 2.625282 2.630325 2.646515 2.671532 2.699560 2.726163 2.748628 2.765443 2.775849 2.779552 2.776414 2.766787 2.752490 2.737681 2.733650 2.733650 2.816494 2.911404 3.035678 3.052915 3.052915 3.023216 3.023216 2.979562 2.979562 2.969332 2.962863 2.962863 2.936578 2.936578 2.859627 2.859627 2.859627 2.847921 2.847921 2.862535 2.862535 2.888509 2.888509 2.915812 2.915812 2.939332 2.939332
2.399009 2.399009 2.459661 2.504354 2.520894 2.520894 2.535381 2.560174 2.560174 2.581342 2.581342 2.600156 2.608895 2.617257 2.625279 2.625279 2.646297 2.671191 2.702664 2.735597 2.766286 2.792401 2.812572 2.826055 2.832524 2.831875 2.824405 2.811533 2.796653 2.788257 2.788257 2.837094 2.903790 2.967450 2.953979 2.953979 2.908978 2.908978 2.903142 2.903142 2.914749 2.944629 2.944629 2.955315 2.955315 2.909657 2.909657 2.909657 2.892074 2.892074 2.896159 2.896159 2.913519 2.913519 2.934691 2.934691 2.953627 2.953627
2.399303 2.399303 2.459987 2.504354 2.520872 2.520872 2.535362 2.560172 2.560172 2.581343 2.581343 2.600156 2.608895 2.617257 2.625279 2.625279 2.665584 2.700447 2.738903 2.776569 2.810688 2.839562 2.862160 2.877877 2.886405 2.887620 2.881692 2.869610 2.853898 2.840361 2.840361 2.860663 2.889256 2.852781 2.811635 2.811635 2.790604 2.790604 2.834933 2.834933 2.864694 2.920764 2.920764 2.957217 2.957217 2.945370 2.945370 2.945370 2.929388 2.929388 2.925732 2.925732 2.933928 2.933928 2.947463 2.947463 2.960457 2.960457
2.399009 2.399009 2.459661 2.504354 2.520893 2.520893 2.535380 2.560174 2.560174 2.581342 2.581342 2.600156 2.608895 2.617258 2.625279 2.625279 2.689902 2.735649 2.781270 2.823305 2.860075 2.890684 2.914613 2.931535 2.941254 2.943655 2.938799 2.927277 2.910660 2.891397 2.891397 2.881936 2.850829 2.687544 2.649491 2.649491 2.691602 2.691602 2.777927 2.777927 2.819771 2.893496 2.893496 2.947851 2.947851 2.966979 2.966979 2.966979 2.958446 2.958446 2.951229 2.951229 2.951157 2.951157 2.956167 2.956167 2.962022 2.962022
2.398123 2.398123 2.458680 2.504359 2.520958 2.520958 2.535431 2.560179 2.560179 2.581336 2.581336 2.600154 2.608896 2.617259 2.625282 2.625282 2.721604 2.778703 2.831135 2.876758 2.915108 2.946214 2.970183 2.987082 2.996915 2.999642 2.995255 2.984012 2.966261 2.938483 2.938483 2.883575 2.751434 2.498956 2.506771 2.506771 2.616319 2.616319 2.728323 2.728323 2.777497 2.863361 2.863361 2.930426 2.930426 2.975196 2.975196 2.975196 2.977123 2.977123 2.970413 2.970413 2.964096 2.964096 2.960567 2.960567 2.958535 2.958535
2.396629 2.396629 2.457026 2.504378 2.521058 2.521058 2.535507 2.560188 2.560188 2.581330 2.581330 2.600152 2.608897 2.617262 2.625285 2.625285 2.763975 2.832175 2.890232 2.937963 2.976323 3.006340 3.028815 3.044263 3.052953 3.054963 3.050272 3.038805 3.018585 2.971056 2.971056 2.821749 2.548136 2.343179 2.400428 2.400428 2.553849 2.553849 2.680139 2.680139 2.733957 2.828913 2.828913 2.905247 2.905247 2.969937 2.969937 2.969937 2.982763 2.982763 2.979408 2.979408 2.969281 2.969281 2.958069 2.958069 2.948083 2.948083
