cruce_test.gid/Rasters/Hydraulic/Velocity__y_106.0.asc
NCOLS        79
NROWS        79
XLLCENTER         -1.500000
YLLCENTER         -4.800000
CELLSIZE           0.100
NODATA_VALUE     -9999.0
[rows 0 to 25 of 79, columns 0 to 58 of 79]
-9999.000 -9999.000 -9999.000 -9999.000 -9999.000 -9999.000 -9999.000 -9999.000 -9999.000 -9999.000 -9999.000 -9999.000 -9999.000 -9999.000 -9999.000 -0.1755725 -0.1743919 -0.1743693 -0.1745075 -0.1746824 -0.1748580 -0.1750209 -0.1751727 -0.1753338 -0.1755538 -0.1759229 -0.1765922 -0.1778042 -0.1798413 -0.1787963 -0.1787963 -9999.000 -9999.000 -9999.000 -9999.000 -9999.000 -9999.000 -9999.000 -9999.000 -9999.000 -9999.000 -9999.000 -9999.000 -9999.000 -9999.000 -9999.000 -9999.000 -9999.000 -9999.000 -9999.000 -9999.000 -9999.000 -9999.000 -9999.000 -9999.000 -9999.000 -9999.000 -9999.000 -9999.000
-9999.000 -9999.000 -9999.000 -9999.000 -9999.000 -9999.000 -9999.000 -9999.000 -9999.000 -9999.000 -9999.000 -9999.000 -9999.000 -9999.000 -9999.000 -0.1732654 -0.1706943 -0.1706130 -0.1708830 -0.1712410 -0.1716093 -0.1719591 -0.1722961 -0.1726684 -0.1731852 -0.1740424 -0.1755561 -0.1782214 -0.1825893 -0.1809908 -0.1809908 -9999.000 -9999.000 -9999.000 -9999.000 -9999.000 -9999.000 -9999.000 -9999.000 -9999.000 -9999.000 -9999.000 -9999.000 -9999.000 -9999.000 -9999.000 -9999.000 -9999.000 -9999.000 -9999.000 -9999.000 -9999.000 -9999.000 -9999.000 -9999.000 -9999.000 -9999.000 -9999.000 -9999.000
-9999.000 -9999.000 -9999.000 -9999.000 -9999.000 -9999.000 -9999.000 -9999.000 -9999.000 -9999.000 -9999.000 -9999.000 -9999.000 -9999.000 -9999.000 -0.1696955 -0.1655495 -0.1653931 -0.1658547 -0.1665022 -0.1672036 -0.1679101 -0.1686320 -0.1694532 -0.1705582 -0.1722700 -0.1750957 -0.1798098 -0.1872376 -0.1856774 -0.1856774 -9999.000 -9999.000 -9999.000 -9999.000 -9999.000 -9999.000 -9999.000 -9999.000 -9999.000 -9999.000 -9999.000 -9999.000 -9999.000 -9999.000 -9999.000 -9999.000 -9999.000 -9999.000 -9999.000 -9999.000 -9999.000 -9999.000 -9999.000 -9999.000 -9999.000 -9999.000 -9999.000 -9999.000
-9999.000 -9999.000 -9999.000 -9999.000 -9999.000 -9999.000 -9999.000 -9999.000 -9999.000 -9999.000 -9999.000 -9999.000 -9999.000 -9999.000 -9999.000 -0.1653963 -0.1596821 -0.1594734 -0.1601828 -0.1611994 -0.1623340 -0.1635159 -0.1647585 -0.1661808 -0.1680447 -0.1708044 -0.1751689 -0.1822129 -0.1930798 -0.1922459 -0.1922459 -9999.000 -9999.000 -9999.000 -9999.000 -9999.000 -9999.000 -9999.000 -9999.000 -9999.000 -9999.000 -9999.000 -9999.000 -9999.000 -9999.000 -9999.000 -9999.000 -9999.000 -9999.000 -9999.000 -9999.000 -9999.000 -9999.000 -9999.000 -9999.000 -9999.000 -9999.000 -9999.000 -9999.000
-9999.000 -9999.000 -9999.000 -9999.000 -9999.000 -9999.000 -9999.000 -9999.000 -9999.000 -9999.000 -9999.000 -9999.000 -9999.000 -9999.000 -9999.000 -0.1604701 -0.1532051 -0.1529624 -0.1539680 -0.1554214 -0.1570715 -0.1588222 -0.1606894 -0.1628272 -0.1655789 -0.1695400 -0.1756396 -0.1852862 -0.2000042 -0.2006626 -0.2006626 -9999.000 -9999.000 -9999.000 -9999.000 -9999.000 -9999.000 -9999.000 -9999.000 -9999.000 -9999.000 -9999.000 -9999.000 -9999.000 -9999.000 -9999.000 -9999.000 -9999.000 -9999.000 -9999.000 -9999.000 -9999.000 -9999.000 -9999.000 -9999.000 -9999.000 -9999.000 -9999.000 -9999.000
-9999.000 -9999.000 -9999.000 -9999.000 -9999.000 -9999.000 -9999.000 -9999.000 -9999.000 -9999.000 -9999.000 -9999.000 -9999.000 -9999.000 -9999.000 -0.1549672 -0.1461873 -0.1459248 -0.1472654 -0.1492102 -0.1514413 -0.1538346 -0.1564069 -0.1593500 -0.1630945 -0.1683909 -0.1764132 -0.1889479 -0.2079873 -0.2110443 -0.2110443 -9999.000 -9999.000 -9999.000 -9999.000 -9999.000 -9999.000 -9999.000 -9999.000 -9999.000 -9999.000 -9999.000 -9999.000 -9999.000 -9999.000 -9999.000 -9999.000 -9999.000 -9999.000 -9999.000 -9999.000 -9999.000 -9999.000 -9999.000 -9999.000 -9999.000 -9999.000 -9999.000 -9999.000
-9999.000 -9999.000 -9999.000 -9999.000 -9999.000 -9999.000 -9999.000 -9999.000 -9999.000 -9999.000 -9999.000 -9999.000 -9999.000 -9999.000 -9999.000 -0.1488947 -0.1386624 -0.1383910 -0.1400974 -0.1425774 -0.1454417 -0.1485355 -0.1518761 -0.1556962 -0.1605226 -0.1672786 -0.1774141 -0.1931499 -0.2170638 -0.2236352 -0.2236352 -9999.000 -9999.000 -9999.000 -9999.000 -9999.000 -9999.000 -9999.000 -9999.000 -9999.000 -9999.000 -9999.000 -9999.000 -9999.000 -9999.000 -9999.000 -9999.000 -9999.000 -9999.000 -9999.000 -9999.000 -9999.000 -9999.000 -9999.000 -9999.000 -9999.000 -9999.000 -9999.000 -9999.000
-9999.000 -9999.000 -9999.000 -9999.000 -9999.000 -9999.000 -9999.000 -9999.000 -9999.000 -9999.000 -9999.000 -9999.000 -9999.000 -9999.000 -9999.000 -0.1422223 -0.1306344 -0.1303643 -0.1324612 -0.1355114 -0.1390498 -0.1428889 -0.1470469 -0.1518018 -0.1577878 -0.1661227 -0.1785719 -0.1978615 -0.2273126 -0.2388217 -0.2388217 -9999.000 -9999.000 -9999.000 -9999.000 -9999.000 -9999.000 -9999.000 -9999.000 -9999.000 -9999.000 -9999.000 -9999.000 -9999.000 -9999.000 -9999.000 -9999.000 -9999.000 -9999.000 -9999.000 -9999.000 -9999.000 -9999.000 -9999.000 -9999.000 -9999.000 -9999.000 -9999.000 -9999.000
-9999.000 -9999.000 -9999.000 -9999.000 -9999.000 -9999.000 -9999.000 -9999.000 -9999.000 -9999.000 -9999.000 -9999.000 -9999.000 -9999.000 -9999.000 -0.1348854 -0.1220815 -0.1218240 -0.1243314 -0.1279791 -0.1322231 -0.1368408 -0.1418520 -0.1475866 -0.1547990 -0.1648299 -0.1798081 -0.2030568 -0.2388517 -0.2571750 -0.2571750 -9999.000 -9999.000 -9999.000 -9999.000 -9999.000 -9999.000 -9999.000 -9999.000 -9999.000 -9999.000 -9999.000 -9999.000 -9999.000 -9999.000 -9999.000 -9999.000 -9999.000 -9999.000 -9999.000 -9999.000 -9999.000 -9999.000 -9999.000 -9999.000 -9999.000 -9999.000 -9999.000 -9999.000
-9999.000 -9999.000 -9999.000 -9999.000 -9999.000 -9999.000 -9999.000 -9999.000 -9999.000 -9999.000 -9999.000 -9999.000 -9999.000 -9999.000 -9999.000 -0.1267864 -0.1129553 -0.1127248 -0.1156592 -0.1199252 -0.1248968 -0.1303142 -0.1362007 -0.1429448 -0.1514394 -0.1632806 -0.1810223 -0.2087014 -0.2518343 -0.2795337 -0.2795337 -9999.000 -9999.000 -9999.000 -9999.000 -9999.000 -9999.000 -9999.000 -9999.000 -9999.000 -9999.000 -9999.000 -9999.000 -9999.000 -9999.000 -9999.000 -9999.000 -9999.000 -9999.000 -9999.000 -9999.000 -9999.000 -9999.000 -9999.000 -9999.000 -9999.000 -9999.000 -9999.000 -9999.000
-9999.000 -9999.000 -9999.000 -9999.000 -9999.000 -9999.000 -9999.000 -9999.000 -9999.000 -9999.000 -9999.000 -9999.000 -9999.000 -9999.000 -9999.000 -0.1177905 -0.1031774 -0.1029924 -0.1063674 -0.1112656 -0.1169766 -0.1232011 -0.1299674 -0.1377329 -0.1475489 -0.1613095 -0.1820696 -0.2147323 -0.2664443 -0.3071527 -0.3071527 -9999.000 -9999.000 -9999.000 -9999.000 -9999.000 -9999.000 -9999.000 -9999.000 -9999.000 -9999.000 -9999.000 -9999.000 -9999.000 -9999.000 -9999.000 -9999.000 -9999.000 -9999.000 -9999.000 -9999.000 -9999.000 -9999.000 -9999.000 -9999.000 -9999.000 -9999.000 -9999.000 -9999.000
-9999.000 -9999.000 -9999.000 -9999.000 -9999.000 -9999.000 -9999.000 -9999.000 -9999.000 -9999.000 -9999.000 -9999.000 -9999.000 -9999.000 -9999.000 -0.1077195 -0.9263071E-01 -0.9251358E-01 -0.9633923E-01 -0.1018756 -0.1083252 -0.1153461 -0.1229740 -0.1317461 -0.1428985 -0.1586737 -0.1827250 -0.2210214 -0.2828793 -0.3419787 -0.3419787 -9999.000 -9999.000 -9999.000 -9999.000 -9999.000 -9999.000 -9999.000 -9999.000 -9999.000 -9999.000 -9999.000 -9999.000 -9999.000 -9999.000 -9999.000 -9999.000 -9999.000 -9999.000 -9999.000 -9999.000 -9999.000 -9999.000 -9999.000 -9999.000 -9999.000 -9999.000 -9999.000 -9999.000
-9999.000 -9999.000 -9999.000 -9999.000 -9999.000 -9999.000 -9999.000 -9999.000 -9999.000 -9999.000 -9999.000 -9999.000 -9999.000 -9999.000 -9999.000 -0.9633654E-01 -0.8114453E-01 -0.8111875E-01 -0.8539867E-01 -0.9156762E-01 -0.9873690E-01 -0.1065185 -0.1149559 -0.1246800 -0.1371415 -0.1549954 -0.1826149 -0.2273010 -0.3012972 -0.3871916 -0.3871916 -9999.000 -9999.000 -9999.000 -9999.000 -9999.000 -9999.000 -9999.000 -9999.000 -9999.000 -9999.000 -9999.000 -9999.000 -9999.000 -9999.000 -9999.000 -9999.000 -9999.000 -9999.000 -9999.000 -9999.000 -9999.000 -9999.000 -9999.000 -9999.000 -9999.000 -9999.000 -9999.000 -9999.000
-9999.000 -9999.000 -9999.000 -9999.000 -9999.000 -9999.000 -9999.000 -9999.000 -9999.000 -9999.000 -9999.000 -9999.000 -9999.000 -9999.000 -9999.000 -0.8325908E-01 -0.6842928E-01 -0.6852385E-01 -0.7325983E-01 -0.8004529E-01 -0.8789477E-01 -0.9636638E-01 -0.1055111 -0.1160664 -0.1297336 -0.1496555 -0.1810798 -0.2329943 -0.3216547 -0.4484045 -0.4484045 -9999.000 -9999.000 -9999.000 -9999.000 -9999.000 -9999.000 -9999.000 -9999.000 -9999.000 -9999.000 -9999.000 -9999.000 -9999.000 -9999.000 -9999.000 -9999.000 -9999.000 -9999.000 -9999.000 -9999.000 -9999.000 -9999.000 -9999.000 -9999.000 -9999.000 -9999.000 -9999.000 -9999.000
-9999.000 -9999.000 -9999.000 -9999.000 -9999.000 -9999.000 -9999.000 -9999.000 -9999.000 -9999.000 -9999.000 -9999.000 -9999.000 -9999.000 -9999.000 -0.6129547E-01 -0.5131310E-01 -0.5296537E-01 -0.5914142E-01 -0.6718815E-01 -0.7610142E-01 -0.8544311E-01 -0.9532022E-01 -0.1066248 -0.1213626 -0.1432486 -0.1785733 -0.2384351 -0.3445083 -0.5353795 -0.5353795 -9999.000 -9999.000 -9999.000 -9999.000 -9999.000 -9999.000 -9999.000 -9999.000 -9999.000 -9999.000 -9999.000 -9999.000 -9999.000 -9999.000 -9999.000 -9999.000 -9999.000 -9999.000 -9999.000 -9999.000 -9999.000 -9999.000 -9999.000 -9999.000 -9999.000 -9999.000 -9999.000 -9999.000
-0.3005793E-02 -0.3005793E-02 -0.4165444E-02 -0.4807014E-02 -0.4866309E-02 -0.4866309E-02 -0.4875552E-02 -0.4853531E-02 -0.4853531E-02 -0.4826006E-02 -0.4826006E-02 -0.4798613E-02 -0.4783561E-02 -0.4766941E-02 -0.9561333E-02 -0.9561333E-02 -0.6206271E-01 -0.6789130E-01 -0.7800283E-01 -0.9101827E-01 -0.1053678 -0.1199254 -0.1340943 -0.1480011 -0.1628043 -0.1813189 -0.2088824 -0.2552899 -0.3391829 -0.5274557 -0.5274557 -0.2775387 -0.1389324 -0.2293560E-01 -0.6010861E-02 -0.6010861E-02 0.5367365E-02 0.5367365E-02 0.2351583E-02 0.2351583E-02 -0.2546192E-01 -0.1517530E-01 -0.1517530E-01 0.3356274E-02 0.3356274E-02 0.1109262E-01 0.1109262E-01 0.1109262E-01 0.1007353E-01 0.1007353E-01 0.9314965E-02 0.9314965E-02 0.6432055E-02 0.6432055E-02 0.4315269E-02 0.4315269E-02 0.2607853E-02 0.2607853E-02 0.2607853E-02
-0.4547692E-02 -0.4547692E-02 -0.6118064E-02 -0.6863967E-02 -0.6901316E-02 -0.6901316E-02 -0.6885859E-02 -0.6836101E-02 -0.6836101E-02 -0.6806585E-02 -0.6806585E-02 -0.6785435E-02 -0.6773073E-02 -0.6758112E-02 -0.1337899E-01 -0.1337899E-01 -0.8982922E-01 -0.1009368 -0.1176707 -0.1390091 -0.1629334 -0.1876636 -0.2117376 -0.2341328 -0.2544460 -0.2734120 -0.2933046 -0.3186503 -0.3568982 -0.4235868 -0.4235868 -0.2636076 -0.1516762 -0.3815800E-01 -0.1394355E-01 -0.1394355E-01 0.1633188E-01 0.1633188E-01 0.3191267E-01 0.3191267E-01 -0.4734265E-02 -0.1855774E-01 -0.1855774E-01 0.9368596E-02 0.9368596E-02 0.2268233E-01 0.2268233E-01 0.2268233E-01 0.2012161E-01 0.2012161E-01 0.1560143E-01 0.1560143E-01 0.1233477E-01 0.1233477E-01 0.8580674E-02 0.8580674E-02 0.5402402E-02 0.5402402E-02 0.5402402E-02
-0.3632359E-02 -0.3632359E-02 -0.5058140E-02 -0.5827599E-02 -0.5863899E-02 -0.5863899E-02 -0.5840076E-02 -0.5780379E-02 -0.5780379E-02 -0.5762082E-02 -0.5762082E-02 -0.5762481E-02 -0.5761510E-02 -0.5757746E-02 -0.1018122E-01 -0.1018122E-01 -0.9020342E-01 -0.1082360 -0.1300108 -0.1569915 -0.1878392 -0.2209480 -0.2547033 -0.2876001 -0.3183147 -0.3462352 -0.3715183 -0.3951383 -0.4184418 -0.4421600 -0.4421600 -0.3427114 -0.2502237 -0.1167672 -0.6844527E-01 -0.6844527E-01 0.1579469E-01 0.1579469E-01 0.8333337E-01 0.8333337E-01 0.7321948E-01 0.2001819E-01 0.2001819E-01 0.2317888E-01 0.2317888E-01 0.3125799E-01 0.3125799E-01 0.3125799E-01 0.2648802E-01 0.2648802E-01 0.1780086E-01 0.1780086E-01 0.1403461E-01 0.1403461E-01 0.9402089E-02 0.9402089E-02 0.5631364E-02 0.5631364E-02 0.5631364E-02
-0.2797398E-02 -0.2797398E-02 -0.4003149E-02 -0.4708879E-02 -0.4737078E-02 -0.4737078E-02 -0.4704477E-02 -0.4630388E-02 -0.4630388E-02 -0.4607366E-02 -0.4607366E-02 -0.4609280E-02 -0.4609664E-02 -0.4607696E-02 -0.7459857E-02 -0.7459857E-02 -0.8268560E-01 -0.1088370 -0.1348298 -0.1653793 -0.2002523 -0.2383128 -0.2781777 -0.3183571 -0.3572760 -0.3936116 -0.4263784 -0.4548673 -0.4779784 -0.4916486 -0.4916486 -0.4231031 -0.3467566 -0.2035565 -0.1342992 -0.1342992 0.5515947E-02 0.5515947E-02 0.1214007 0.1214007 0.1404280 0.9072768E-01 0.9072768E-01 0.5050453E-01 0.5050453E-01 0.3669253E-01 0.3669253E-01 0.3669253E-01 0.2769510E-01 0.2769510E-01 0.1678802E-01 0.1678802E-01 0.1035580E-01 0.1035580E-01 0.5151136E-02 0.5151136E-02 0.1736607E-02 0.1736607E-02 0.1736607E-02
-0.2034456E-02 -0.2034456E-02 -0.2974676E-02 -0.3559398E-02 -0.3581005E-02 -0.3581005E-02 -0.3548551E-02 -0.3476028E-02 -0.3476028E-02 -0.3452761E-02 -0.3452761E-02 -0.3454761E-02 -0.3455878E-02 -0.3454779E-02 -0.5283299E-02 -0.5283299E-02 -0.7253624E-01 -0.1073593 -0.1385266 -0.1725809 -0.2106046 -0.2520021 -0.2957111 -0.3404602 -0.3848669 -0.4273705 -0.4664504 -0.5006890 -0.5282401 -0.5432850 -0.5432850 -0.4934101 -0.4290799 -0.2749795 -0.1858363 -0.1858363 -0.1669526E-02 -0.1669526E-02 0.1411647 0.1411647 0.1770137 0.1541939 0.1541939 0.8817741E-01 0.8817741E-01 0.4327208E-01 0.4327208E-01 0.4327208E-01 0.2702708E-01 0.2702708E-01 0.1305445E-01 0.1305445E-01 0.4206701E-02 0.4206701E-02 -0.1353540E-02 -0.1353540E-02 -0.3904083E-02 -0.3904083E-02 -0.3904083E-02
-0.1325978E-02 -0.1325978E-02 -0.1969123E-02 -0.2386294E-02 -0.2401389E-02 -0.2401389E-02 -0.2375963E-02 -0.2318960E-02 -0.2318960E-02 -0.2300335E-02 -0.2300335E-02 -0.2301826E-02 -0.2303065E-02 -0.2302570E-02 -0.3471064E-02 -0.3471064E-02 -0.6217973E-01 -0.1045077 -0.1423946 -0.1809629 -0.2224377 -0.2668897 -0.3136331 -0.3616567 -0.4097726 -0.4564951 -0.5002169 -0.5392403 -0.5712255 -0.5893503 -0.5893503 -0.5532134 -0.4935559 -0.3162900 -0.2080204 -0.2080204 -0.8806883E-03 -0.8806883E-03 0.1442065 0.1442065 0.1853993 0.1908084 0.1908084 0.1262451 0.1262451 0.5285703E-01 0.5285703E-01 0.5285703E-01 0.2687456E-01 0.2687456E-01 0.8552491E-02 0.8552491E-02 -0.2689657E-02 -0.2689657E-02 -0.8549377E-02 -0.8549377E-02 -0.1001566E-01 -0.1001566E-01 -0.1001566E-01
-0.6538346E-03 -0.6538346E-03 -0.9801738E-03 -0.1197158E-02 -0.1205010E-02 -0.1205010E-02 -0.1191073E-02 -0.1159937E-02 -0.1159937E-02 -0.1149688E-02 -0.1149688E-02 -0.1150506E-02 -0.1151218E-02 -0.1151090E-02 -0.1896212E-02 -0.1896212E-02 -0.5362194E-01 -0.1013808 -0.1469638 -0.1914360 -0.2372221 -0.2850520 -0.3347077 -0.3854992 -0.4364664 -0.4862828 -0.5333882 -0.5760049 -0.6114613 -0.6315002 -0.6315002 -0.6010211 -0.5343176 -0.3198446 -0.1998226 -0.1998226 0.2926184E-02 0.2926184E-02 0.1339468 0.1339468 0.1742570 0.1993372 0.1993372 0.1539306 0.1539306 0.6505205E-01 0.6505205E-01 0.6505205E-01 0.2859138E-01 0.2859138E-01 0.4749189E-02 0.4749189E-02 -0.9154195E-02 -0.9154195E-02 -0.1539072E-01 -0.1539072E-01 -0.1571625E-01 -0.1571625E-01 -0.1571625E-01
0.3074480E-07 0.3074480E-07 -0.2360052E-07 0.5995232E-07 0.6880984E-07 0.6880984E-07 0.6029257E-07 -0.3188232E-08 -0.3188232E-08 -0.6115078E-07 -0.6115078E-07 0.3074755E-07 0.6373596E-07 0.3811144E-07 -0.4744499E-03 -0.4744499E-03 -0.4855974E-01 -0.9995726E-01 -0.1532690 -0.2048947 -0.2560975 -0.3079307 -0.3606758 -0.4140576 -0.4674218 -0.5196742 -0.5693711 -0.6147196 -0.6525012 -0.6708048 -0.6708048 -0.6320314 -0.5414124 -0.2905245 -0.1737550 -0.1737550 0.3301309E-02 0.3301309E-02 0.1149757 0.1149757 0.1521366 0.1878261 0.1878261 0.1652564 0.1652564 0.7717676E-01 0.7717676E-01 0.7717676E-01 0.3222432E-01 0.3222432E-01 0.2575828E-02 0.2575828E-02 -0.1424205E-01 -0.1424205E-01 -0.2098885E-01 -0.2098885E-01 -0.2025837E-01 -0.2025837E-01 -0.2025837E-01
0.6539185E-03 0.6539185E-03 0.9801560E-03 0.1197309E-02 0.1205046E-02 0.1205046E-02 0.1191125E-02 0.1159926E-02 0.1159926E-02 0.1149670E-02 0.1149670E-02 0.1150670E-02 0.1151292E-02 0.1151129E-02 0.8494116E-03 0.8494116E-03 -0.4847552E-01 -0.1029350 -0.1633722 -0.2228407 -0.2804828 -0.3370550 -0.3931955 -0.4490969 -0.5045124 -0.5586802 -0.6103625 -0.6577528 -0.6962126 -0.7041921 -0.7041921 -0.6340014 -0.5059952 -0.2463742 -0.1459094 -0.1459094 -0.1350991E-02 -0.1350991E-02 0.9220269E-01 0.9220269E-01 0.1255538 0.1650494 0.1650494 0.1605903 0.1605903 0.8559557E-01 0.8559557E-01 0.8559557E-01 0.3658118E-01 0.3658118E-01 0.2289425E-02 0.2289425E-02 -0.1724722E-01 -0.1724722E-01 -0.2456933E-01 -0.2456933E-01 -0.2300179E-01 -0.2300179E-01 -0.2300179E-01
0.1326031E-02 0.1326031E-02 0.1969168E-02 0.2386319E-02 0.2401373E-02 0.2401373E-02 0.2375923E-02 0.2319017E-02 0.2319017E-02 0.2300459E-02 0.2300459E-02 0.2301960E-02 0.2303073E-02 0.2302617E-02 0.2110770E-02 0.2110770E-02 -0.5504815E-01 -0.1136029 -0.1806084 -0.2479032 -0.3125441 -0.3744268 -0.4342363 -0.4925718 -0.5496565 -0.6051667 -0.6581843 -0.7067924 -0.7422835 -0.7192367 -0.7192367 -0.5902257 -0.4363204 -0.2051536 -0.1238679 -0.1238679 -0.8223146E-02 -0.8223146E-02 0.6951188E-01 0.6951188E-01 0.9862612E-01 0.1371928 0.1371928 0.1439596 0.1439596 0.8744831E-01 0.8744831E-01 0.8744831E-01 0.3978691E-01 0.3978691E-01 0.3486084E-02 0.3486084E-02 -0.1780416E-01 -0.1780416E-01 -0.2554697E-01 -0.2554697E-01 -0.2345251E-01 -0.2345251E-01 -0.2345251E-01
0.2034357E-02 0.2034357E-02 0.2974735E-02 0.3559424E-02 0.3581034E-02 0.3581034E-02 0.3548619E-02 0.3476109E-02 0.3476109E-02 0.3452890E-02 0.3452890E-02 0.3454850E-02 0.3455814E-02 0.3454708E-02 0.3332777E-02 0.3332777E-02 -0.7087108E-01 -0.1361312 -0.2097852 -0.2843411 -0.3557600 -0.4229792 -0.4864250 -0.5469276 -0.6051517 -0.6612710 -0.7147897 -0.7631558 -0.7850829 -0.6877948 -0.6877948 -0.5041912 -0.3594610 -0.1720370 -0.1074648 -0.1074648 -0.1391449E-01 -0.1391449E-01 0.4920294E-01 0.4920294E-01 0.7354168E-01 0.1079240 0.1079240 0.1199716 0.1199716 0.8169729E-01 0.8169729E-01 0.8169729E-01 0.4010410E-01 0.4010410E-01 0.5337476E-02 0.5337476E-02 -0.1592606E-01 -0.1592606E-01 -0.2360720E-01 -0.2360720E-01 -0.2132630E-01 -0.2132630E-01 -0.2132630E-01
