cruce_test.gid/Rasters/Hydraulic/Velocity__y_238.0.asc
NCOLS        79
NROWS        79
XLLCENTER         -1.500000
YLLCENTER         -4.800000
CELLSIZE           0.100
NODATA_VALUE     -9999.0
[rows 0 to 26 of 79, columns 0 to 58 of 79]
-9999.000 -9999.000 -9999.000 -9999.000 -9999.000 -9999.000 -9999.000 -9999.000 -9999.000 -9999.000 -9999.000 -9999.000 -9999.000 -9999.000 -9999.000 -0.9033797E-01 -0.8721434E-01 -0.8592927E-01 -0.8547583E-01 -0.8595008E-01 -0.8673478E-01 -0.8756023E-01 -0.8836726E-01 -0.8907405E-01 -0.8968148E-01 -0.9021641E-01 -0.9071226E-01 -0.9133863E-01 -0.9268589E-01 -0.9407374E-01 -0.9407374E-01 -9999.000 -9999.000 -9999.000 -9999.000 -9999.000 -9999.000 -9999.000 -9999.000 -9999.000 -9999.000 -9999.000 -9999.000 -9999.000 -9999.000 -9999.000 -9999.000 -9999.000 -9999.000 -9999.000 -9999.000 -9999.000 -9999.000 -9999.000 -9999.000 -9999.000 -9999.000 -9999.000 -9999.000
-9999.000 -9999.000 -9999.000 -9999.000 -9999.000 -9999.000 -9999.000 -9999.000 -9999.000 -9999.000 -9999.000 -9999.000 -9999.000 -9999.000 -9999.000 -0.9097133E-01 -0.8441709E-01 -0.8167221E-01 -0.8072468E-01 -0.8178954E-01 -0.8355933E-01 -0.8545242E-01 -0.8733074E-01 -0.8900997E-01 -0.9048285E-01 -0.9179938E-01 -0.9302323E-01 -0.9450539E-01 -0.9747966E-01 -0.1008222 -0.1008222 -9999.000 -9999.000 -9999.000 -9999.000 -9999.000 -9999.000 -9999.000 -9999.000 -9999.000 -9999.000 -9999.000 -9999.000 -9999.000 -9999.000 -9999.000 -9999.000 -9999.000 -9999.000 -9999.000 -9999.000 -9999.000 -9999.000 -9999.000 -9999.000 -9999.000 -9999.000 -9999.000 -9999.000
-9999.000 -9999.000 -9999.000 -9999.000 -9999.000 -9999.000 -9999.000 -9999.000 -9999.000 -9999.000 -9999.000 -9999.000 -9999.000 -9999.000 -9999.000 -0.9063295E-01 -0.8033535E-01 -0.7592264E-01 -0.7445976E-01 -0.7630822E-01 -0.7936645E-01 -0.8268578E-01 -0.8602573E-01 -0.8906956E-01 -0.9178958E-01 -0.9425066E-01 -0.9654114E-01 -0.9921108E-01 -0.1042233 -0.1102715 -0.1102715 -9999.000 -9999.000 -9999.000 -9999.000 -9999.000 -9999.000 -9999.000 -9999.000 -9999.000 -9999.000 -9999.000 -9999.000 -9999.000 -9999.000 -9999.000 -9999.000 -9999.000 -9999.000 -9999.000 -9999.000 -9999.000 -9999.000 -9999.000 -9999.000 -9999.000 -9999.000 -9999.000 -9999.000
-9999.000 -9999.000 -9999.000 -9999.000 -9999.000 -9999.000 -9999.000 -9999.000 -9999.000 -9999.000 -9999.000 -9999.000 -9999.000 -9999.000 -9999.000 -0.8978382E-01 -0.7575700E-01 -0.6967863E-01 -0.6773922E-01 -0.7045025E-01 -0.7489140E-01 -0.7974014E-01 -0.8465265E-01 -0.8917254E-01 -0.9324968E-01 -0.9696019E-01 -0.1004135 -0.1043639 -0.1115391 -0.1207754 -0.1207754 -9999.000 -9999.000 -9999.000 -9999.000 -9999.000 -9999.000 -9999.000 -9999.000 -9999.000 -9999.000 -9999.000 -9999.000 -9999.000 -9999.000 -9999.000 -9999.000 -9999.000 -9999.000 -9999.000 -9999.000 -9999.000 -9999.000 -9999.000 -9999.000 -9999.000 -9999.000 -9999.000 -9999.000
-9999.000 -9999.000 -9999.000 -9999.000 -9999.000 -9999.000 -9999.000 -9999.000 -9999.000 -9999.000 -9999.000 -9999.000 -9999.000 -9999.000 -9999.000 -0.8864707E-01 -0.7086017E-01 -0.6310136E-01 -0.6070244E-01 -0.6433023E-01 -0.7021713E-01 -0.7666044E-01 -0.8321534E-01 -0.8927793E-01 -0.9477714E-01 -0.9980075E-01 -0.1044773 -0.1097765 -0.1192380 -0.1321840 -0.1321840 -9999.000 -9999.000 -9999.000 -9999.000 -9999.000 -9999.000 -9999.000 -9999.000 -9999.000 -9999.000 -9999.000 -9999.000 -9999.000 -9999.000 -9999.000 -9999.000 -9999.000 -9999.000 -9999.000 -9999.000 -9999.000 -9999.000 -9999.000 -9999.000 -9999.000 -9999.000 -9999.000 -9999.000
-9999.000 -9999.000 -9999.000 -9999.000 -9999.000 -9999.000 -9999.000 -9999.000 -9999.000 -9999.000 -9999.000 -9999.000 -9999.000 -9999.000 -9999.000 -0.8729041E-01 -0.6570505E-01 -0.5624961E-01 -0.5340332E-01 -0.5799439E-01 -0.6537732E-01 -0.7346366E-01 -0.8171216E-01 -0.8936398E-01 -0.9633113E-01 -0.1027136 -0.1086587 -0.1153668 -0.1272487 -0.1445127 -0.1445127 -9999.000 -9999.000 -9999.000 -9999.000 -9999.000 -9999.000 -9999.000 -9999.000 -9999.000 -9999.000 -9999.000 -9999.000 -9999.000 -9999.000 -9999.000 -9999.000 -9999.000 -9999.000 -9999.000 -9999.000 -9999.000 -9999.000 -9999.000 -9999.000 -9999.000 -9999.000 -9999.000 -9999.000
-9999.000 -9999.000 -9999.000 -9999.000 -9999.000 -9999.000 -9999.000 -9999.000 -9999.000 -9999.000 -9999.000 -9999.000 -9999.000 -9999.000 -9999.000 -0.8571379E-01 -0.6029927E-01 -0.4913523E-01 -0.4585519E-01 -0.5145714E-01 -0.6038215E-01 -0.7015313E-01 -0.8013915E-01 -0.8941700E-01 -0.9788847E-01 -0.1056673 -0.1129196 -0.1210956 -0.1355497 -0.1578706 -0.1578706 -9999.000 -9999.000 -9999.000 -9999.000 -9999.000 -9999.000 -9999.000 -9999.000 -9999.000 -9999.000 -9999.000 -9999.000 -9999.000 -9999.000 -9999.000 -9999.000 -9999.000 -9999.000 -9999.000 -9999.000 -9999.000 -9999.000 -9999.000 -9999.000 -9999.000 -9999.000 -9999.000 -9999.000
-9999.000 -9999.000 -9999.000 -9999.000 -9999.000 -9999.000 -9999.000 -9999.000 -9999.000 -9999.000 -9999.000 -9999.000 -9999.000 -9999.000 -9999.000 -0.8388423E-01 -0.5462589E-01 -0.4174784E-01 -0.3805263E-01 -0.4471783E-01 -0.5523088E-01 -0.6672512E-01 -0.7848884E-01 -0.8942427E-01 -0.9943129E-01 -0.1086400 -0.1172352 -0.1269402 -0.1441422 -0.1724350 -0.1724350 -9999.000 -9999.000 -9999.000 -9999.000 -9999.000 -9999.000 -9999.000 -9999.000 -9999.000 -9999.000 -9999.000 -9999.000 -9999.000 -9999.000 -9999.000 -9999.000 -9999.000 -9999.000 -9999.000 -9999.000 -9999.000 -9999.000 -9999.000 -9999.000 -9999.000 -9999.000 -9999.000 -9999.000
-9999.000 -9999.000 -9999.000 -9999.000 -9999.000 -9999.000 -9999.000 -9999.000 -9999.000 -9999.000 -9999.000 -9999.000 -9999.000 -9999.000 -9999.000 -0.8174988E-01 -0.4865381E-01 -0.3406467E-01 -0.2997977E-01 -0.3776738E-01 -0.4991589E-01 -0.6317050E-01 -0.7675062E-01 -0.8937081E-01 -0.1009410 -0.1116103 -0.1215819 -0.1328814 -0.1530352 -0.1884501 -0.1884501 -9999.000 -9999.000 -9999.000 -9999.000 -9999.000 -9999.000 -9999.000 -9999.000 -9999.000 -9999.000 -9999.000 -9999.000 -9999.000 -9999.000 -9999.000 -9999.000 -9999.000 -9999.000 -9999.000 -9999.000 -9999.000 -9999.000 -9999.000 -9999.000 -9999.000 -9999.000 -9999.000 -9999.000
-9999.000 -9999.000 -9999.000 -9999.000 -9999.000 -9999.000 -9999.000 -9999.000 -9999.000 -9999.000 -9999.000 -9999.000 -9999.000 -9999.000 -9999.000 -0.7924430E-01 -0.4234139E-01 -0.2605400E-01 -0.2161263E-01 -0.3059042E-01 -0.4442476E-01 -0.5947534E-01 -0.7490926E-01 -0.8923758E-01 -0.1023950 -0.1145524 -0.1259317 -0.1388967 -0.1622402 -0.2062419 -0.2062419 -9999.000 -9999.000 -9999.000 -9999.000 -9999.000 -9999.000 -9999.000 -9999.000 -9999.000 -9999.000 -9999.000 -9999.000 -9999.000 -9999.000 -9999.000 -9999.000 -9999.000 -9999.000 -9999.000 -9999.000 -9999.000 -9999.000 -9999.000 -9999.000 -9999.000 -9999.000 -9999.000 -9999.000
-9999.000 -9999.000 -9999.000 -9999.000 -9999.000 -9999.000 -9999.000 -9999.000 -9999.000 -9999.000 -9999.000 -9999.000 -9999.000 -9999.000 -9999.000 -0.7628650E-01 -0.3563705E-01 -0.1767504E-01 -0.1291968E-01 -0.2316554E-01 -0.3873843E-01 -0.5562024E-01 -0.7294407E-01 -0.8899886E-01 -0.1037633 -0.1174326 -0.1302477 -0.1449538 -0.1717655 -0.2262457 -0.2262457 -9999.000 -9999.000 -9999.000 -9999.000 -9999.000 -9999.000 -9999.000 -9999.000 -9999.000 -9999.000 -9999.000 -9999.000 -9999.000 -9999.000 -9999.000 -9999.000 -9999.000 -9999.000 -9999.000 -9999.000 -9999.000 -9999.000 -9999.000 -9999.000 -9999.000 -9999.000 -9999.000 -9999.000
-9999.000 -9999.000 -9999.000 -9999.000 -9999.000 -9999.000 -9999.000 -9999.000 -9999.000 -9999.000 -9999.000 -9999.000 -9999.000 -9999.000 -9999.000 -0.7277765E-01 -0.2847572E-01 -0.8875104E-02 -0.3858922E-02 -0.1546319E-01 -0.3283087E-01 -0.5157740E-01 -0.7082602E-01 -0.8861915E-01 -0.1050044 -0.1202038 -0.1344774 -0.1510058 -0.1816109 -0.2490538 -0.2490538 -9999.000 -9999.000 -9999.000 -9999.000 -9999.000 -9999.000 -9999.000 -9999.000 -9999.000 -9999.000 -9999.000 -9999.000 -9999.000 -9999.000 -9999.000 -9999.000 -9999.000 -9999.000 -9999.000 -9999.000 -9999.000 -9999.000 -9999.000 -9999.000 -9999.000 -9999.000 -9999.000 -9999.000
-9999.000 -9999.000 -9999.000 -9999.000 -9999.000 -9999.000 -9999.000 -9999.000 -9999.000 -9999.000 -9999.000 -9999.000 -9999.000 -9999.000 -9999.000 -0.6857481E-01 -0.2075771E-01 0.4271256E-03 0.5627376E-02 -0.7448197E-02 -0.2667158E-01 -0.4731429E-01 -0.6851945E-01 -0.8805373E-01 -0.1060646 -0.1228034 -0.1385482 -0.1569826 -0.1917622 -0.2754936 -0.2754936 -9999.000 -9999.000 -9999.000 -9999.000 -9999.000 -9999.000 -9999.000 -9999.000 -9999.000 -9999.000 -9999.000 -9999.000 -9999.000 -9999.000 -9999.000 -9999.000 -9999.000 -9999.000 -9999.000 -9999.000 -9999.000 -9999.000 -9999.000 -9999.000 -9999.000 -9999.000 -9999.000 -9999.000
-9999.000 -9999.000 -9999.000 -9999.000 -9999.000 -9999.000 -9999.000 -9999.000 -9999.000 -9999.000 -9999.000 -9999.000 -9999.000 -9999.000 -9999.000 -0.6253665E-01 -0.1162032E-01 0.1076344E-01 0.1559098E-01 0.6948378E-03 -0.2046608E-01 -0.4302845E-01 -0.6619985E-01 -0.8744161E-01 -0.1070452 -0.1252947 -0.1424879 -0.1628948 -0.2022839 -0.3068789 -0.3068789 -9999.000 -9999.000 -9999.000 -9999.000 -9999.000 -9999.000 -9999.000 -9999.000 -9999.000 -9999.000 -9999.000 -9999.000 -9999.000 -9999.000 -9999.000 -9999.000 -9999.000 -9999.000 -9999.000 -9999.000 -9999.000 -9999.000 -9999.000 -9999.000 -9999.000 -9999.000 -9999.000 -9999.000
-9999.000 -9999.000 -9999.000 -9999.000 -9999.000 -9999.000 -9999.000 -9999.000 -9999.000 -9999.000 -9999.000 -9999.000 -9999.000 -9999.000 -9999.000 -0.6029377E-02 0.1706508E-01 0.2310795E-01 0.1572816E-01 -0.4056284E-02 -0.2525355E-01 -0.4773059E-01 -0.7097893E-01 -0.9222263E-01 -0.1119895 -0.1305791 -0.1482715 -0.1699557 -0.2136625 -0.3430233 -0.3430233 -9999.000 -9999.000 -9999.000 -9999.000 -9999.000 -9999.000 -9999.000 -9999.000 -9999.000 -9999.000 -9999.000 -9999.000 -9999.000 -9999.000 -9999.000 -9999.000 -9999.000 -9999.000 -9999.000 -9999.000 -9999.000 -9999.000 -9999.000 -9999.000 -9999.000 -9999.000 -9999.000 -9999.000
-0.3833702E-02 -0.3833702E-02 -0.5555027E-02 -0.7198375E-02 -0.6730025E-02 -0.6730025E-02 -0.6579561E-02 -0.6526929E-02 -0.6526929E-02 -0.6509262E-02 -0.6509262E-02 -0.6477261E-02 -0.6458480E-02 -0.6439077E-02 -0.6424331E-02 -0.6424331E-02 0.3635391E-01 0.3185510E-01 0.1665647E-01 -0.6494554E-02 -0.3373334E-01 -0.6403014E-01 -0.9630733E-01 -0.1287801 -0.1603174 -0.1901325 -0.2176754 -0.2442541 -0.2772815 -0.3511798 -0.3511798 -0.1975791 -0.1077690 -0.3863447E-01 -0.2926380E-01 -0.2926380E-01 -0.2249611E-01 -0.2249611E-01 -0.1062455E-01 -0.1062455E-01 0.3760857E-03 0.2653883E-01 0.2653883E-01 0.2612375E-01 0.2612375E-01 -0.3777280E-02 -0.3777280E-02 -0.3777280E-02 -0.7351795E-03 -0.7351795E-03 0.9058486E-04 0.9058486E-04 -0.5804512E-03 -0.5804512E-03 -0.1770108E-02 -0.1770108E-02 -0.2975065E-02 -0.2975065E-02 -0.2975065E-02
-0.5539410E-02 -0.5539410E-02 -0.7726749E-02 -0.1056189E-01 -0.9573019E-02 -0.9573019E-02 -0.9230468E-02 -0.9148412E-02 -0.9148412E-02 -0.9165877E-02 -0.9165877E-02 -0.9151057E-02 -0.9137139E-02 -0.9120728E-02 -0.9129179E-02 -0.9129179E-02 0.3032178E-01 0.2691054E-01 0.1156566E-01 -0.1376523E-01 -0.4832004E-01 -0.8960039E-01 -0.1354782 -0.1843333 -0.2341254 -0.2829813 -0.3292611 -0.3711356 -0.4063606 -0.4308111 -0.4308111 -0.2946272 -0.1977568 -0.1048244 -0.8635090E-01 -0.8635090E-01 -0.6305365E-01 -0.6305365E-01 -0.2223897E-01 -0.2223897E-01 0.1083802E-01 0.8358337E-01 0.8358337E-01 0.9812019E-01 0.9812019E-01 0.1982701E-01 0.1982701E-01 0.1982701E-01 0.7603887E-02 0.7603887E-02 0.1422123E-02 0.1422123E-02 -0.3183216E-02 -0.3183216E-02 -0.7011304E-02 -0.7011304E-02 -0.9938480E-02 -0.9938480E-02 -0.9938480E-02
-0.3820918E-02 -0.3820918E-02 -0.5427247E-02 -0.9335385E-02 -0.8279996E-02 -0.8279996E-02 -0.7803469E-02 -0.7676736E-02 -0.7676736E-02 -0.7741082E-02 -0.7741082E-02 -0.7766646E-02 -0.7769679E-02 -0.7768955E-02 -0.7828855E-02 -0.7828855E-02 0.2013223E-01 0.1714002E-01 0.2181872E-02 -0.2323706E-01 -0.5832338E-01 -0.1013199 -0.1504587 -0.2043260 -0.2612917 -0.3196703 -0.3778059 -0.4336936 -0.4843937 -0.5233390 -0.5233390 -0.4353342 -0.3517633 -0.2364369 -0.1994434 -0.1994434 -0.1340107 -0.1340107 -0.3528356E-01 -0.3528356E-01 0.3168350E-01 0.1611799 0.1611799 0.2047321 0.2047321 0.8089526E-01 0.8089526E-01 0.8089526E-01 0.3132767E-01 0.3132767E-01 0.5735751E-02 0.5735751E-02 -0.8581940E-02 -0.8581940E-02 -0.1745749E-01 -0.1745749E-01 -0.2277344E-01 -0.2277344E-01 -0.2277344E-01
-0.2148345E-02 -0.2148345E-02 -0.4214944E-02 -0.7789172E-02 -0.6764922E-02 -0.6764922E-02 -0.6248082E-02 -0.6089350E-02 -0.6089350E-02 -0.6163740E-02 -0.6163740E-02 -0.6200310E-02 -0.6207255E-02 -0.6210263E-02 -0.6315968E-02 -0.6315968E-02 0.1002972E-01 0.5081530E-02 -0.1092888E-01 -0.3706019E-01 -0.7250609E-01 -0.1159694 -0.1660088 -0.2213807 -0.2807946 -0.3429149 -0.4063920 -0.4695618 -0.5297729 -0.5807479 -0.5807479 -0.5413172 -0.4826900 -0.3714525 -0.3215100 -0.3215100 -0.2048968 -0.2048968 -0.3241022E-01 -0.3241022E-01 0.6574827E-01 0.2265114 0.2265114 0.2833235 0.2833235 0.1471813 0.1471813 0.1471813 0.6302182E-01 0.6302182E-01 0.1356976E-01 0.1356976E-01 -0.1404494E-01 -0.1404494E-01 -0.2965923E-01 -0.2965923E-01 -0.3777321E-01 -0.3777321E-01 -0.3777321E-01
-0.5255553E-03 -0.5255553E-03 -0.4137377E-02 -0.5961171E-02 -0.5110252E-02 -0.5110252E-02 -0.4653868E-02 -0.4507115E-02 -0.4507115E-02 -0.4584963E-02 -0.4584963E-02 -0.4629503E-02 -0.4640160E-02 -0.4646586E-02 -0.4808167E-02 -0.4808167E-02 0.6627955E-04 -0.8899550E-02 -0.2771719E-01 -0.5581151E-01 -0.9246668E-01 -0.1367029 -0.1873894 -0.2434644 -0.3038626 -0.3674910 -0.4332449 -0.4998046 -0.5650443 -0.6237786 -0.6237786 -0.6205223 -0.5879324 -0.4914194 -0.4293086 -0.4293086 -0.2484382 -0.2484382 -0.5043941E-02 -0.5043941E-02 0.1084486 0.2674311 0.2674311 0.3232515 0.3232515 0.2018310 0.2018310 0.2018310 0.9730132E-01 0.9730132E-01 0.2587707E-01 0.2587707E-01 -0.1665214E-01 -0.1665214E-01 -0.4048688E-01 -0.4048688E-01 -0.5209947E-01 -0.5209947E-01 -0.5209947E-01
0.2273500E-03 0.2273500E-03 -0.3278315E-02 -0.4039994E-02 -0.3425018E-02 -0.3425018E-02 -0.3085909E-02 -0.2973471E-02 -0.2973471E-02 -0.3037231E-02 -0.3037231E-02 -0.3076672E-02 -0.3087051E-02 -0.3093605E-02 -0.3324393E-02 -0.3324393E-02 -0.1026114E-01 -0.2501254E-01 -0.4844670E-01 -0.8001562E-01 -0.1190473 -0.1647785 -0.2163697 -0.2730022 -0.3338523 -0.3980599 -0.4647283 -0.5327976 -0.6005930 -0.6640217 -0.6640217 -0.6854234 -0.6747099 -0.5874999 -0.5039927 -0.5039927 -0.2433891 -0.2433891 0.3780263E-01 0.3780263E-01 0.1448161 0.2795661 0.2795661 0.3292754 0.3292754 0.2371046 0.2371046 0.2371046 0.1290261 0.1290261 0.4195262E-01 0.4195262E-01 -0.1511357E-01 -0.1511357E-01 -0.4820403E-01 -0.4820403E-01 -0.6410952E-01 -0.6410952E-01 -0.6410952E-01
0.1210618E-03 0.1210618E-03 -0.1628955E-02 -0.2029060E-02 -0.1720731E-02 -0.1720731E-02 -0.1544883E-02 -0.1484379E-02 -0.1484379E-02 -0.1517525E-02 -0.1517525E-02 -0.1538150E-02 -0.1543677E-02 -0.1546979E-02 -0.1867699E-02 -0.1867699E-02 -0.2172167E-01 -0.4394250E-01 -0.7381899E-01 -0.1105116 -0.1532750 -0.2014631 -0.2544803 -0.3117783 -0.3728178 -0.4370188 -0.5037349 -0.5721644 -0.6410041 -0.7069979 -0.7069979 -0.7441850 -0.7486826 -0.6474003 -0.5231001 -0.5231001 -0.1899389 -0.1899389 0.7525412E-01 0.7525412E-01 0.1613630 0.2667348 0.2667348 0.3112632 0.3112632 0.2513884 0.2513884 0.2513884 0.1533327 0.1533327 0.5952270E-01 0.5952270E-01 -0.9411287E-02 -0.9411287E-02 -0.5184929E-01 -0.5184929E-01 -0.7263594E-01 -0.7263594E-01 -0.7263594E-01
-0.7140392E-07 -0.7140392E-07 0.3869237E-07 0.5974166E-07 -0.6198575E-07 -0.6198575E-07 0.4061545E-07 0.1478744E-06 0.1478744E-06 -0.3230523E-07 -0.3230523E-07 -0.1874670E-06 -0.1448097E-06 -0.1617266E-06 -0.4424757E-03 -0.4424757E-03 -0.3540803E-01 -0.6691818E-01 -0.1051248 -0.1486566 -0.1965833 -0.2483013 -0.3034109 -0.3616341 -0.4227392 -0.4864686 -0.5524864 -0.6202924 -0.6889210 -0.7555580 -0.7555580 -0.8009173 -0.8101626 -0.6471462 -0.4670978 -0.4670978 -0.1163527 -0.1163527 0.9180089E-01 0.9180089E-01 0.1553596 0.2373652 0.2373652 0.2788290 0.2788290 0.2470558 0.2470558 0.2470558 0.1666768 0.1666768 0.7532168E-01 0.7532168E-01 -0.6451480E-03 -0.6451480E-03 -0.5110933E-01 -0.5110933E-01 -0.7679948E-01 -0.7679948E-01 -0.7679948E-01
-0.1211377E-03 -0.1211377E-03 0.1629026E-02 0.2029115E-02 0.1720632E-02 0.1720632E-02 0.1544950E-02 0.1484569E-02 0.1484569E-02 0.1517402E-02 0.1517402E-02 0.1537839E-02 0.1543256E-02 0.1546640E-02 0.9391360E-03 0.9391360E-03 -0.5292469E-01 -0.9590938E-01 -0.1444791 -0.1965905 -0.2510804 -0.3073693 -0.3652400 -0.4246847 -0.4857891 -0.5486404 -0.6132516 -0.6794642 -0.7465758 -0.8113732 -0.8113732 -0.8555055 -0.8486921 -0.5604265 -0.3476557 -0.3476557 -0.5774128E-01 -0.5774128E-01 0.8659209E-01 0.8659209E-01 0.1333667 0.1998648 0.1998648 0.2390863 0.2390863 0.2282772 0.2282772 0.2282772 0.1676269 0.1676269 0.8608025E-01 0.8608025E-01 0.9254399E-02 0.9254399E-02 -0.4631262E-01 -0.4631262E-01 -0.7603663E-01 -0.7603663E-01 -0.7603663E-01
-0.2272071E-03 -0.2272071E-03 0.3278261E-02 0.4039857E-02 0.3425257E-02 0.3425257E-02 0.3085891E-02 0.2973590E-02 0.2973590E-02 0.3037141E-02 0.3037141E-02 0.3076392E-02 0.3086768E-02 0.3093116E-02 0.2259784E-02 0.2259784E-02 -0.7676792E-01 -0.1340227 -0.1952007 -0.2575941 -0.3198780 -0.3815704 -0.4426866 -0.5035179 -0.5644825 -0.6260200 -0.6885065 -0.7521235 -0.8161217 -0.8743309 -0.8743309 -0.8984138 -0.8306614 -0.3998118 -0.2176302 -0.2176302 -0.2862559E-01 -0.2862559E-01 0.6850036E-01 0.6850036E-01 0.1044326 0.1601505 0.1601505 0.1964535 0.1964535 0.1993261 0.1993261 0.1993261 0.1567727 0.1567727 0.8945134E-01 0.8945134E-01 0.1799718E-01 0.1799718E-01 -0.3837397E-01 -0.3837397E-01 -0.7018672E-01 -0.7018672E-01 -0.7018672E-01
0.5255932E-03 0.5255932E-03 0.4137288E-02 0.5961046E-02 0.5110492E-02 0.5110492E-02 0.4653963E-02 0.4507324E-02 0.4507324E-02 0.4584855E-02 0.4584855E-02 0.4629241E-02 0.4640022E-02 0.4646059E-02 0.3501640E-02 0.3501640E-02 -0.1110880 -0.1862688 -0.2624989 -0.3366809 -0.4075980 -0.4750724 -0.5394874 -0.6015100 -0.6619262 -0.7215349 -0.7810698 -0.8409587 -0.8991647 -0.9373944 -0.9373944 -0.8926904 -0.6976190 -0.2347665 -0.1264700 -0.1264700 -0.2112617E-01 -0.2112617E-01 0.4671565E-01 0.4671565E-01 0.7504496E-01 0.1214284 0.1214284 0.1534003 0.1534003 0.1638244 0.1638244 0.1638244 0.1360848 0.1360848 0.8455992E-01 0.8455992E-01 0.2361400E-01 0.2361400E-01 -0.2855015E-01 -0.2855015E-01 -0.5953117E-01 -0.5953117E-01 -0.5953117E-01
0.2148270E-02 0.2148270E-02 0.4214874E-02 0.7789141E-02 0.6764982E-02 0.6764982E-02 0.6248361E-02 0.6089432E-02 0.6089432E-02 0.6163716E-02 0.6163716E-02 0.6200079E-02 0.6207059E-02 0.6209990E-02 0.4636781E-02 0.4636781E-02 -0.1633114 -0.2610962 -0.3547810 -0.4416744 -0.5212582 -0.5940463 -0.6610239 -0.7233636 -0.7822769 -0.8389331 -0.8944056 -0.9489529 -0.9938574 -0.9647376 -0.9647376 -0.7540863 -0.4426559 -0.1265700 -0.8094566E-01 -0.8094566E-01 -0.2165476E-01 -0.2165476E-01 0.2664498E-01 0.2664498E-01 0.4845019E-01 0.8517291E-01 0.8517291E-01 0.1113531 0.1113531 0.1246462 0.1246462 0.1246462 0.1081832 0.1081832 0.7202113E-01 0.7202113E-01 0.2502510E-01 0.2502510E-01 -0.1809992E-01 -0.1809992E-01 -0.4479775E-01 -0.4479775E-01 -0.4479775E-01
