cruce_test.gid/Rasters/Hydraulic/Velocity__y_151.0.asc
NCOLS        79
NROWS        79
XLLCENTER         -1.500000
YLLCENTER         -4.800000
CELLSIZE           0.100
NODATA_VALUE     -9999.0
[rows 0 to 26 of 79, columns 0 to 58 of 79]
-9999.000 -9999.000 -9999.000 -9999.000 -9999.000 -9999.000 -9999.000 -9999.000 -9999.000 -9999.000 -9999.000 -9999.000 -9999.000 -9999.000 -9999.000 -0.1134575 -0.1123196 -0.1122892 -0.1124359 -0.1127026 -0.1130316 -0.1133907 -0.1137589 -0.1141082 -0.1144221 -0.1147095 -0.1150442 -0.1156411 -0.1171787 -0.1182828 -0.1182828 -9999.000 -9999.000 -9999.000 -9999.000 -9999.000 -9999.000 -9999.000 -9999.000 -9999.000 -9999.000 -9999.000 -9999.000 -9999.000 -9999.000 -9999.000 -9999.000 -9999.000 -9999.000 -9999.000 -9999.000 -9999.000 -9999.000 -9999.000 -9999.000 -9999.000 -9999.000 -9999.000 -9999.000
-9999.000 -9999.000 -9999.000 -9999.000 -9999.000 -9999.000 -9999.000 -9999.000 -9999.000 -9999.000 -9999.000 -9999.000 -9999.000 -9999.000 -9999.000 -0.1111234 -0.1088200 -0.1087644 -0.1091076 -0.1097285 -0.1105025 -0.1113573 -0.1122447 -0.1131020 -0.1138918 -0.1146315 -0.1154752 -0.1168711 -0.1202299 -0.1230114 -0.1230114 -9999.000 -9999.000 -9999.000 -9999.000 -9999.000 -9999.000 -9999.000 -9999.000 -9999.000 -9999.000 -9999.000 -9999.000 -9999.000 -9999.000 -9999.000 -9999.000 -9999.000 -9999.000 -9999.000 -9999.000 -9999.000 -9999.000 -9999.000 -9999.000 -9999.000 -9999.000 -9999.000 -9999.000
-9999.000 -9999.000 -9999.000 -9999.000 -9999.000 -9999.000 -9999.000 -9999.000 -9999.000 -9999.000 -9999.000 -9999.000 -9999.000 -9999.000 -9999.000 -0.1072858 -0.1038506 -0.1038054 -0.1044540 -0.1056011 -0.1070404 -0.1086466 -0.1103338 -0.1119920 -0.1135534 -0.1150393 -0.1166917 -0.1192210 -0.1248754 -0.1301222 -0.1301222 -9999.000 -9999.000 -9999.000 -9999.000 -9999.000 -9999.000 -9999.000 -9999.000 -9999.000 -9999.000 -9999.000 -9999.000 -9999.000 -9999.000 -9999.000 -9999.000 -9999.000 -9999.000 -9999.000 -9999.000 -9999.000 -9999.000 -9999.000 -9999.000 -9999.000 -9999.000 -9999.000 -9999.000
-9999.000 -9999.000 -9999.000 -9999.000 -9999.000 -9999.000 -9999.000 -9999.000 -9999.000 -9999.000 -9999.000 -9999.000 -9999.000 -9999.000 -9999.000 -0.1027340 -0.9830039E-01 -0.9830355E-01 -0.9931670E-01 -0.1010704 -0.1032733 -0.1057419 -0.1083497 -0.1109343 -0.1133913 -0.1157421 -0.1183161 -0.1220955 -0.1302159 -0.1385037 -0.1385037 -9999.000 -9999.000 -9999.000 -9999.000 -9999.000 -9999.000 -9999.000 -9999.000 -9999.000 -9999.000 -9999.000 -9999.000 -9999.000 -9999.000 -9999.000 -9999.000 -9999.000 -9999.000 -9999.000 -9999.000 -9999.000 -9999.000 -9999.000 -9999.000 -9999.000 -9999.000 -9999.000 -9999.000
-9999.000 -9999.000 -9999.000 -9999.000 -9999.000 -9999.000 -9999.000 -9999.000 -9999.000 -9999.000 -9999.000 -9999.000 -9999.000 -9999.000 -9999.000 -0.9767023E-01 -0.9234258E-01 -0.9241816E-01 -0.9383423E-01 -0.9624865E-01 -0.9928159E-01 -0.1026867 -0.1062952 -0.1098879 -0.1133206 -0.1166130 -0.1201866 -0.1253100 -0.1360708 -0.1480282 -0.1480282 -9999.000 -9999.000 -9999.000 -9999.000 -9999.000 -9999.000 -9999.000 -9999.000 -9999.000 -9999.000 -9999.000 -9999.000 -9999.000 -9999.000 -9999.000 -9999.000 -9999.000 -9999.000 -9999.000 -9999.000 -9999.000 -9999.000 -9999.000 -9999.000 -9999.000 -9999.000 -9999.000 -9999.000
-9999.000 -9999.000 -9999.000 -9999.000 -9999.000 -9999.000 -9999.000 -9999.000 -9999.000 -9999.000 -9999.000 -9999.000 -9999.000 -9999.000 -9999.000 -0.9218403E-01 -0.8605922E-01 -0.8622503E-01 -0.8807135E-01 -0.9118602E-01 -0.9509864E-01 -0.9949455E-01 -0.1041626 -0.1088231 -0.1132894 -0.1175800 -0.1222144 -0.1287675 -0.1423589 -0.1587162 -0.1587162 -9999.000 -9999.000 -9999.000 -9999.000 -9999.000 -9999.000 -9999.000 -9999.000 -9999.000 -9999.000 -9999.000 -9999.000 -9999.000 -9999.000 -9999.000 -9999.000 -9999.000 -9999.000 -9999.000 -9999.000 -9999.000 -9999.000 -9999.000 -9999.000 -9999.000 -9999.000 -9999.000 -9999.000
-9999.000 -9999.000 -9999.000 -9999.000 -9999.000 -9999.000 -9999.000 -9999.000 -9999.000 -9999.000 -9999.000 -9999.000 -9999.000 -9999.000 -9999.000 -0.8630291E-01 -0.7948168E-01 -0.7975347E-01 -0.8205165E-01 -0.8589942E-01 -0.9073326E-01 -0.9616400E-01 -0.1019398 -0.1077161 -0.1132623 -0.1185961 -0.1243450 -0.1324135 -0.1490506 -0.1706892 -0.1706892 -9999.000 -9999.000 -9999.000 -9999.000 -9999.000 -9999.000 -9999.000 -9999.000 -9999.000 -9999.000 -9999.000 -9999.000 -9999.000 -9999.000 -9999.000 -9999.000 -9999.000 -9999.000 -9999.000 -9999.000 -9999.000 -9999.000 -9999.000 -9999.000 -9999.000 -9999.000 -9999.000 -9999.000
-9999.000 -9999.000 -9999.000 -9999.000 -9999.000 -9999.000 -9999.000 -9999.000 -9999.000 -9999.000 -9999.000 -9999.000 -9999.000 -9999.000 -9999.000 -0.8001991E-01 -0.7261296E-01 -0.7300653E-01 -0.7577631E-01 -0.8038664E-01 -0.8617899E-01 -0.9268366E-01 -0.9960978E-01 -0.1065436 -0.1132091 -0.1196250 -0.1265381 -0.1362113 -0.1561421 -0.1841543 -0.1841543 -9999.000 -9999.000 -9999.000 -9999.000 -9999.000 -9999.000 -9999.000 -9999.000 -9999.000 -9999.000 -9999.000 -9999.000 -9999.000 -9999.000 -9999.000 -9999.000 -9999.000 -9999.000 -9999.000 -9999.000 -9999.000 -9999.000 -9999.000 -9999.000 -9999.000 -9999.000 -9999.000 -9999.000
-9999.000 -9999.000 -9999.000 -9999.000 -9999.000 -9999.000 -9999.000 -9999.000 -9999.000 -9999.000 -9999.000 -9999.000 -9999.000 -9999.000 -9999.000 -0.7330735E-01 -0.6543823E-01 -0.6597098E-01 -0.6923138E-01 -0.7463241E-01 -0.8141907E-01 -0.8903392E-01 -0.9714983E-01 -0.1052790 -0.1130982 -0.1206301 -0.1287550 -0.1401296 -0.1636432 -0.1994096 -0.1994096 -9999.000 -9999.000 -9999.000 -9999.000 -9999.000 -9999.000 -9999.000 -9999.000 -9999.000 -9999.000 -9999.000 -9999.000 -9999.000 -9999.000 -9999.000 -9999.000 -9999.000 -9999.000 -9999.000 -9999.000 -9999.000 -9999.000 -9999.000 -9999.000 -9999.000 -9999.000 -9999.000 -9999.000
-9999.000 -9999.000 -9999.000 -9999.000 -9999.000 -9999.000 -9999.000 -9999.000 -9999.000 -9999.000 -9999.000 -9999.000 -9999.000 -9999.000 -9999.000 -0.6612308E-01 -0.5793021E-01 -0.5862106E-01 -0.6239088E-01 -0.6861103E-01 -0.7642747E-01 -0.8518646E-01 -0.9452959E-01 -0.1038881 -0.1128911 -0.1215685 -0.1309513 -0.1441325 -0.1715686 -0.2168677 -0.2168677 -9999.000 -9999.000 -9999.000 -9999.000 -9999.000 -9999.000 -9999.000 -9999.000 -9999.000 -9999.000 -9999.000 -9999.000 -9999.000 -9999.000 -9999.000 -9999.000 -9999.000 -9999.000 -9999.000 -9999.000 -9999.000 -9999.000 -9999.000 -9999.000 -9999.000 -9999.000 -9999.000 -9999.000
-9999.000 -9999.000 -9999.000 -9999.000 -9999.000 -9999.000 -9999.000 -9999.000 -9999.000 -9999.000 -9999.000 -9999.000 -9999.000 -9999.000 -9999.000 -0.5841164E-01 -0.5004875E-01 -0.5091898E-01 -0.5521756E-01 -0.6228518E-01 -0.7116726E-01 -0.8110245E-01 -0.9170771E-01 -0.1023260 -0.1125375 -0.1223839 -0.1330682 -0.1481711 -0.1799306 -0.2370988 -0.2370988 -9999.000 -9999.000 -9999.000 -9999.000 -9999.000 -9999.000 -9999.000 -9999.000 -9999.000 -9999.000 -9999.000 -9999.000 -9999.000 -9999.000 -9999.000 -9999.000 -9999.000 -9999.000 -9999.000 -9999.000 -9999.000 -9999.000 -9999.000 -9999.000 -9999.000 -9999.000 -9999.000 -9999.000
-9999.000 -9999.000 -9999.000 -9999.000 -9999.000 -9999.000 -9999.000 -9999.000 -9999.000 -9999.000 -9999.000 -9999.000 -9999.000 -9999.000 -9999.000 -0.5010213E-01 -0.4173982E-01 -0.4281219E-01 -0.4765962E-01 -0.5560356E-01 -0.6558660E-01 -0.7672787E-01 -0.8862751E-01 -0.1005306 -0.1119679 -0.1229981 -0.1350226 -0.1521726 -0.1887311 -0.2609069 -0.2609069 -9999.000 -9999.000 -9999.000 -9999.000 -9999.000 -9999.000 -9999.000 -9999.000 -9999.000 -9999.000 -9999.000 -9999.000 -9999.000 -9999.000 -9999.000 -9999.000 -9999.000 -9999.000 -9999.000 -9999.000 -9999.000 -9999.000 -9999.000 -9999.000 -9999.000 -9999.000 -9999.000 -9999.000
-9999.000 -9999.000 -9999.000 -9999.000 -9999.000 -9999.000 -9999.000 -9999.000 -9999.000 -9999.000 -9999.000 -9999.000 -9999.000 -9999.000 -9999.000 -0.4110292E-01 -0.3292908E-01 -0.3422809E-01 -0.3964509E-01 -0.4849456E-01 -0.5961356E-01 -0.7198710E-01 -0.8520883E-01 -0.9841394E-01 -0.1110829 -0.1232983 -0.1366920 -0.1560235 -0.1979470 -0.2894576 -0.2894576 -9999.000 -9999.000 -9999.000 -9999.000 -9999.000 -9999.000 -9999.000 -9999.000 -9999.000 -9999.000 -9999.000 -9999.000 -9999.000 -9999.000 -9999.000 -9999.000 -9999.000 -9999.000 -9999.000 -9999.000 -9999.000 -9999.000 -9999.000 -9999.000 -9999.000 -9999.000 -9999.000 -9999.000
-9999.000 -9999.000 -9999.000 -9999.000 -9999.000 -9999.000 -9999.000 -9999.000 -9999.000 -9999.000 -9999.000 -9999.000 -9999.000 -9999.000 -9999.000 -0.3125072E-01 -0.2348859E-01 -0.2504860E-01 -0.3106475E-01 -0.4085602E-01 -0.5314966E-01 -0.6677822E-01 -0.8134327E-01 -0.9585425E-01 -0.1097413 -0.1231202 -0.1378927 -0.1595435 -0.2075078 -0.3245227 -0.3245227 -9999.000 -9999.000 -9999.000 -9999.000 -9999.000 -9999.000 -9999.000 -9999.000 -9999.000 -9999.000 -9999.000 -9999.000 -9999.000 -9999.000 -9999.000 -9999.000 -9999.000 -9999.000 -9999.000 -9999.000 -9999.000 -9999.000 -9999.000 -9999.000 -9999.000 -9999.000 -9999.000 -9999.000
-9999.000 -9999.000 -9999.000 -9999.000 -9999.000 -9999.000 -9999.000 -9999.000 -9999.000 -9999.000 -9999.000 -9999.000 -9999.000 -9999.000 -9999.000 -0.1346141E-01 -0.1064191E-01 -0.1415231E-01 -0.2197868E-01 -0.3353193E-01 -0.4749275E-01 -0.6259619E-01 -0.7854034E-01 -0.9425063E-01 -0.1091646 -0.1234828 -0.1394349 -0.1633133 -0.2176785 -0.3668501 -0.3668501 -9999.000 -9999.000 -9999.000 -9999.000 -9999.000 -9999.000 -9999.000 -9999.000 -9999.000 -9999.000 -9999.000 -9999.000 -9999.000 -9999.000 -9999.000 -9999.000 -9999.000 -9999.000 -9999.000 -9999.000 -9999.000 -9999.000 -9999.000 -9999.000 -9999.000 -9999.000 -9999.000 -9999.000
-0.2791966E-02 -0.2791966E-02 -0.5788895E-02 -0.5940349E-02 -0.5938960E-02 -0.5938960E-02 -0.5930807E-02 -0.5910396E-02 -0.5910396E-02 -0.5883992E-02 -0.5883992E-02 -0.5851123E-02 -0.5832843E-02 -0.5813836E-02 -0.5794186E-02 -0.5794186E-02 -0.5879501E-02 -0.1130029E-01 -0.2210437E-01 -0.3821723E-01 -0.5865557E-01 -0.8203135E-01 -0.1071024 -0.1325289 -0.1571506 -0.1802295 -0.2020603 -0.2246435 -0.2605584 -0.3548697 -0.3548697 -0.1867496 -0.9475395E-01 -0.2840454E-01 -0.2022105E-01 -0.2022105E-01 -0.1345090E-01 -0.1345090E-01 -0.8585959E-03 -0.8585959E-03 0.8882949E-02 0.2148232E-01 0.2148232E-01 -0.1631252E-01 -0.1631252E-01 -0.2346765E-03 -0.2346765E-03 -0.2346765E-03 0.3852710E-02 0.3852710E-02 0.3956763E-02 0.3956763E-02 0.2521989E-02 0.2521989E-02 0.7908280E-03 0.7908280E-03 -0.6347694E-03 -0.6347694E-03 -0.6347694E-03
-0.4289197E-02 -0.4289197E-02 -0.8588283E-02 -0.8440869E-02 -0.8369276E-02 -0.8369276E-02 -0.8332803E-02 -0.8309284E-02 -0.8309284E-02 -0.8294969E-02 -0.8294969E-02 -0.8270388E-02 -0.8254625E-02 -0.8237425E-02 -0.8219351E-02 -0.8219351E-02 -0.1010492E-01 -0.1790068E-01 -0.3292421E-01 -0.5534672E-01 -0.8440287E-01 -0.1187843 -0.1567676 -0.1966797 -0.2368352 -0.2755913 -0.3113500 -0.3421303 -0.3683444 -0.3923897 -0.3923897 -0.2575993 -0.1647944 -0.7938318E-01 -0.6274607E-01 -0.6274607E-01 -0.3816390E-01 -0.3816390E-01 0.4826057E-02 0.4826057E-02 0.3420239E-01 0.7659186E-01 0.7659186E-01 0.1713482E-01 0.1713482E-01 0.8317426E-02 0.8317426E-02 0.8317426E-02 0.8684083E-02 0.8684083E-02 0.6250672E-02 0.6250672E-02 0.2462569E-02 0.2462569E-02 -0.1211924E-02 -0.1211924E-02 -0.3988160E-02 -0.3988160E-02 -0.3988160E-02
-0.3538379E-02 -0.3538379E-02 -0.7025414E-02 -0.7166346E-02 -0.7071088E-02 -0.7071088E-02 -0.7020937E-02 -0.7008737E-02 -0.7008737E-02 -0.7023964E-02 -0.7023964E-02 -0.7027217E-02 -0.7024315E-02 -0.7019703E-02 -0.7014026E-02 -0.7014026E-02 -0.1133308E-01 -0.2103374E-01 -0.3806797E-01 -0.6267261E-01 -0.9436443E-01 -0.1322413 -0.1750445 -0.2214263 -0.2699325 -0.3189982 -0.3668916 -0.4118844 -0.4502354 -0.4758278 -0.4758278 -0.3856550 -0.3033747 -0.1923832 -0.1557771 -0.1557771 -0.8525987E-01 -0.8525987E-01 0.1516525E-01 0.1516525E-01 0.7305198E-01 0.1568529 0.1568529 0.1105742 0.1105742 0.3489722E-01 0.3489722E-01 0.3489722E-01 0.1673379E-01 0.1673379E-01 0.5776082E-02 0.5776082E-02 -0.2446849E-02 -0.2446849E-02 -0.8547594E-02 -0.8547594E-02 -0.1238430E-01 -0.1238430E-01 -0.1238430E-01
-0.2796104E-02 -0.2796104E-02 -0.5517597E-02 -0.5796237E-02 -0.5687574E-02 -0.5687574E-02 -0.5623478E-02 -0.5602142E-02 -0.5602142E-02 -0.5619415E-02 -0.5619415E-02 -0.5625200E-02 -0.5623398E-02 -0.5620054E-02 -0.5615566E-02 -0.5615566E-02 -0.1288305E-01 -0.2508824E-01 -0.4455125E-01 -0.7126472E-01 -0.1047791 -0.1444005 -0.1892122 -0.2382092 -0.2902986 -0.3442658 -0.3986768 -0.4519538 -0.5003595 -0.5367255 -0.5367255 -0.4873646 -0.4254294 -0.3119549 -0.2588060 -0.2588060 -0.1315529 -0.1315529 0.3363057E-01 0.3363057E-01 0.1136024 0.2196264 0.2196264 0.1970170 0.1970170 0.7290173E-01 0.7290173E-01 0.7290173E-01 0.2904980E-01 0.2904980E-01 0.4738862E-02 0.4738862E-02 -0.1003081E-01 -0.1003081E-01 -0.1916450E-01 -0.1916450E-01 -0.2379969E-01 -0.2379969E-01 -0.2379969E-01
-0.2073880E-02 -0.2073880E-02 -0.4078099E-02 -0.4386931E-02 -0.4285999E-02 -0.4285999E-02 -0.4221852E-02 -0.4197516E-02 -0.4197516E-02 -0.4213495E-02 -0.4213495E-02 -0.4219469E-02 -0.4218355E-02 -0.4215703E-02 -0.4212150E-02 -0.4212150E-02 -0.1525150E-01 -0.3079164E-01 -0.5356434E-01 -0.8315448E-01 -0.1189974 -0.1604692 -0.2068558 -0.2573896 -0.3112460 -0.3675102 -0.4250842 -0.4826874 -0.5372409 -0.5821365 -0.5821365 -0.5655547 -0.5252988 -0.4170394 -0.3461159 -0.3461159 -0.1535252 -0.1535252 0.6124684E-01 0.6124684E-01 0.1481476 0.2538479 0.2538479 0.2511311 0.2511311 0.1132268 0.1132268 0.1132268 0.4585902E-01 0.4585902E-01 0.6043786E-02 0.6043786E-02 -0.1708934E-01 -0.1708934E-01 -0.3004623E-01 -0.3004623E-01 -0.3555228E-01 -0.3555228E-01 -0.3555228E-01
-0.1370496E-02 -0.1370496E-02 -0.2690124E-02 -0.2944620E-02 -0.2868030E-02 -0.2868030E-02 -0.2816919E-02 -0.2796070E-02 -0.2796070E-02 -0.2808366E-02 -0.2808366E-02 -0.2813306E-02 -0.2812662E-02 -0.2810819E-02 -0.2808377E-02 -0.2808377E-02 -0.1884750E-01 -0.3869053E-01 -0.6577661E-01 -0.9917939E-01 -0.1381214 -0.1819669 -0.2301311 -0.2820391 -0.3370897 -0.3946119 -0.4537856 -0.5136043 -0.5716885 -0.6224610 -0.6224610 -0.6292999 -0.6071336 -0.4948471 -0.3964921 -0.3964921 -0.1389790 -0.1389790 0.8868064E-01 0.8868064E-01 0.1674940 0.2598255 0.2598255 0.2710593 0.2710593 0.1478990 0.1478990 0.1478990 0.6552832E-01 0.6552832E-01 0.1088782E-01 0.1088782E-01 -0.2177982E-01 -0.2177982E-01 -0.3943451E-01 -0.3943451E-01 -0.4612731E-01 -0.4612731E-01 -0.4612731E-01
-0.6814263E-03 -0.6814263E-03 -0.1336575E-02 -0.1478525E-02 -0.1437433E-02 -0.1437433E-02 -0.1409259E-02 -0.1397216E-02 -0.1397216E-02 -0.1403956E-02 -0.1403956E-02 -0.1406748E-02 -0.1406372E-02 -0.1405421E-02 -0.1404271E-02 -0.1404271E-02 -0.2425109E-01 -0.4957629E-01 -0.8212131E-01 -0.1203805 -0.1632990 -0.2101698 -0.2604900 -0.3138553 -0.3698827 -0.4281437 -0.4880802 -0.5489452 -0.6089463 -0.6634617 -0.6634617 -0.6856939 -0.6745105 -0.5296884 -0.3916184 -0.3916184 -0.9761714E-01 -0.9761714E-01 0.1035103 0.1035103 0.1672788 0.2443066 0.2443066 0.2649541 0.2649541 0.1710189 0.1710189 0.1710189 0.8483044E-01 0.8483044E-01 0.1897478E-01 0.1897478E-01 -0.2317083E-01 -0.2317083E-01 -0.4614455E-01 -0.4614455E-01 -0.5442069E-01 -0.5442069E-01 -0.5442069E-01
0.4464351E-07 0.4464351E-07 0.8654184E-07 -0.2950231E-07 0.7182092E-07 0.7182092E-07 0.2972967E-07 0.1067752E-06 0.1067752E-06 -0.5508772E-07 -0.5508772E-07 0.4323067E-07 0.5681676E-07 0.1636048E-07 0.4252133E-07 0.4252133E-07 -0.3232081E-01 -0.6462197E-01 -0.1039640 -0.1482269 -0.1960525 -0.2466398 -0.2995430 -0.3545153 -0.4113930 -0.4700022 -0.5300644 -0.5911083 -0.6518111 -0.7080941 -0.7080941 -0.7379981 -0.7247755 -0.5015447 -0.3291013 -0.3291013 -0.5441033E-01 -0.5441033E-01 0.1008541 0.1008541 0.1505641 0.2157551 0.2157551 0.2423518 0.2423518 0.1798631 0.1798631 0.1798631 0.9992756E-01 0.9992756E-01 0.2872094E-01 0.2872094E-01 -0.2117171E-01 -0.2117171E-01 -0.4940189E-01 -0.4940189E-01 -0.5952527E-01 -0.5952527E-01 -0.5952527E-01
0.6814220E-03 0.6814220E-03 0.1336457E-02 0.1478650E-02 0.1437597E-02 0.1437597E-02 0.1409361E-02 0.1397190E-02 0.1397190E-02 0.1403822E-02 0.1403822E-02 0.1406810E-02 0.1406527E-02 0.1405553E-02 0.1404402E-02 0.1404402E-02 -0.4437733E-01 -0.8559445E-01 -0.1333189 -0.1848239 -0.2384818 -0.2934281 -0.3492890 -0.4059821 -0.4635682 -0.5221379 -0.5817063 -0.6420977 -0.7022924 -0.7576974 -0.7576974 -0.7841176 -0.7418356 -0.4066296 -0.2375599 -0.2375599 -0.2830986E-01 -0.2830986E-01 0.8496451E-01 0.8496451E-01 0.1245549 0.1812425 0.1812425 0.2106601 0.2106601 0.1748368 0.1748368 0.1748368 0.1076566 0.1076566 0.3776107E-01 0.3776107E-01 -0.1645717E-01 -0.1645717E-01 -0.4884512E-01 -0.4884512E-01 -0.6071861E-01 -0.6071861E-01 -0.6071861E-01
0.1370397E-02 0.1370397E-02 0.2690018E-02 0.2944857E-02 0.2868213E-02 0.2868213E-02 0.2817041E-02 0.2795860E-02 0.2795860E-02 0.2808203E-02 0.2808203E-02 0.2813443E-02 0.2812744E-02 0.2810886E-02 0.2808479E-02 0.2808479E-02 -0.6254710E-01 -0.1152316 -0.1732067 -0.2332331 -0.2935430 -0.3533166 -0.4123263 -0.4706937 -0.5287239 -0.5867786 -0.6451713 -0.7040076 -0.7621330 -0.8112401 -0.8112401 -0.8095835 -0.6883627 -0.2825525 -0.1588283 -0.1588283 -0.2059873E-01 -0.2059873E-01 0.6338087E-01 0.6338087E-01 0.9591002E-01 0.1453295 0.1453295 0.1746988 0.1746988 0.1583877 0.1583877 0.1583877 0.1064672 0.1064672 0.4372667E-01 0.4372667E-01 -0.1024279E-01 -0.1024279E-01 -0.4454397E-01 -0.4454397E-01 -0.5754023E-01 -0.5754023E-01 -0.5754023E-01
0.2073797E-02 0.2073797E-02 0.4078104E-02 0.4386931E-02 0.4285991E-02 0.4285991E-02 0.4221878E-02 0.4197403E-02 0.4197403E-02 0.4213356E-02 0.4213356E-02 0.4219638E-02 0.4218370E-02 0.4215587E-02 0.4212319E-02 0.4212319E-02 -0.9043247E-01 -0.1579327 -0.2282755 -0.2980020 -0.3654916 -0.4301902 -0.4921632 -0.5518233 -0.6097580 -0.6666135 -0.7229968 -0.7791845 -0.8323299 -0.8594118 -0.8594118 -0.7699835 -0.5308673 -0.1837399 -0.1111946 -0.1111946 -0.2193550E-01 -0.2193550E-01 0.4197609E-01 0.4197609E-01 0.6871190E-01 0.1104042 0.1104042 0.1373144 0.1373144 0.1336530 0.1336530 0.1336530 0.9653644E-01 0.9653644E-01 0.4495484E-01 0.4495484E-01 -0.3928272E-02 -0.3928272E-02 -0.3697881E-01 -0.3697881E-01 -0.4990716E-01 -0.4990716E-01 -0.4990716E-01
0.2796120E-02 0.2796120E-02 0.5517612E-02 0.5796195E-02 0.5687539E-02 0.5687539E-02 0.5623529E-02 0.5602227E-02 0.5602227E-02 0.5619422E-02 0.5619422E-02 0.5625136E-02 0.5623365E-02 0.5620017E-02 0.5615714E-02 0.5615714E-02 -0.1345274 -0.2211073 -0.3059532 -0.3861095 -0.4606530 -0.5296686 -0.5937465 -0.6537212 -0.7105271 -0.7651100 -0.8183588 -0.8702452 -0.9096714 -0.8619084 -0.8619084 -0.5978047 -0.3185916 -0.1262727 -0.8630793E-01 -0.8630793E-01 -0.2408396E-01 -0.2408396E-01 0.2372541E-01 0.2372541E-01 0.4488614E-01 0.7769296E-01 0.7769296E-01 0.1003232 0.1003232 0.1037286 0.1037286 0.1037286 0.7940587E-01 0.7940587E-01 0.4095288E-01 0.4095288E-01 0.1338081E-02 0.1338081E-02 -0.2692528E-01 -0.2692528E-01 -0.3819761E-01 -0.3819761E-01 -0.3819761E-01
