cruce_test.gid/Rasters/Hydraulic/Velocity____256.0.asc
NCOLS        79
NROWS        79
XLLCENTER         -1.500000
YLLCENTER         -4.800000
CELLSIZE           0.100
NODATA_VALUE     -9999.0
[rows 0 to 26 of 79, columns 0 to 59 of 79]
-9999.000 -9999.000 -9999.000 -9999.000 -9999.000 -9999.000 -9999.000 -9999.000 -9999.000 -9999.000 -9999.000 -9999.000 -9999.000 -9999.000 -9999.000 0.9174876E-01 0.8884668E-01 0.8780252E-01 0.8782950E-01 0.8880625E-01 0.9007002E-01 0.9127692E-01 0.9229458E-01 0.9300579E-01 0.9346806E-01 0.9372253E-01 0.9384396E-01 0.9403554E-01 0.9488999E-01 0.9589249E-01 0.9589249E-01 -9999.000 -9999.000 -9999.000 -9999.000 -9999.000 -9999.000 -9999.000 -9999.000 -9999.000 -9999.000 -9999.000 -9999.000 -9999.000 -9999.000 -9999.000 -9999.000 -9999.000 -9999.000 -9999.000 -9999.000 -9999.000 -9999.000 -9999.000 -9999.000 -9999.000 -9999.000 -9999.000 -9999.000 -9999.000
-9999.000 -9999.000 -9999.000 -9999.000 -9999.000 -9999.000 -9999.000 -9999.000 -9999.000 -9999.000 -9999.000 -9999.000 -9999.000 -9999.000 -9999.000 0.9192889E-01 0.8590123E-01 0.8379216E-01 0.8388977E-01 0.8588576E-01 0.8845225E-01 0.9093729E-01 0.9310003E-01 0.9469571E-01 0.9582338E-01 0.9655081E-01 0.9702396E-01 0.9768498E-01 0.9984016E-01 0.1025958 0.1025958 -9999.000 -9999.000 -9999.000 -9999.000 -9999.000 -9999.000 -9999.000 -9999.000 -9999.000 -9999.000 -9999.000 -9999.000 -9999.000 -9999.000 -9999.000 -9999.000 -9999.000 -9999.000 -9999.000 -9999.000 -9999.000 -9999.000 -9999.000 -9999.000 -9999.000 -9999.000 -9999.000 -9999.000 -9999.000
-9999.000 -9999.000 -9999.000 -9999.000 -9999.000 -9999.000 -9999.000 -9999.000 -9999.000 -9999.000 -9999.000 -9999.000 -9999.000 -9999.000 -9999.000 0.9104931E-01 0.8163191E-01 0.7825001E-01 0.7837727E-01 0.8149973E-01 0.8553756E-01 0.8951375E-01 0.9309033E-01 0.9589338E-01 0.9807111E-01 0.9970614E-01 0.1009981 0.1026201 0.1066377 0.1119812 0.1119812 -9999.000 -9999.000 -9999.000 -9999.000 -9999.000 -9999.000 -9999.000 -9999.000 -9999.000 -9999.000 -9999.000 -9999.000 -9999.000 -9999.000 -9999.000 -9999.000 -9999.000 -9999.000 -9999.000 -9999.000 -9999.000 -9999.000 -9999.000 -9999.000 -9999.000 -9999.000 -9999.000 -9999.000 -9999.000
-9999.000 -9999.000 -9999.000 -9999.000 -9999.000 -9999.000 -9999.000 -9999.000 -9999.000 -9999.000 -9999.000 -9999.000 -9999.000 -9999.000 -9999.000 0.8962312E-01 0.7684246E-01 0.7217740E-01 0.7235184E-01 0.7662400E-01 0.8214768E-01 0.8764057E-01 0.9268753E-01 0.9678948E-01 0.1001471 0.1028470 0.1051283 0.1078871 0.1139696 0.1224340 0.1224340 -9999.000 -9999.000 -9999.000 -9999.000 -9999.000 -9999.000 -9999.000 -9999.000 -9999.000 -9999.000 -9999.000 -9999.000 -9999.000 -9999.000 -9999.000 -9999.000 -9999.000 -9999.000 -9999.000 -9999.000 -9999.000 -9999.000 -9999.000 -9999.000 -9999.000 -9999.000 -9999.000 -9999.000 -9999.000
-9999.000 -9999.000 -9999.000 -9999.000 -9999.000 -9999.000 -9999.000 -9999.000 -9999.000 -9999.000 -9999.000 -9999.000 -9999.000 -9999.000 -9999.000 0.8787493E-01 0.7171974E-01 0.6577070E-01 0.6603388E-01 0.7149618E-01 0.7852298E-01 0.8554798E-01 0.9209742E-01 0.9754834E-01 0.1021586 0.1060100 0.1093748 0.1133767 0.1216816 0.1338118 0.1338118 -9999.000 -9999.000 -9999.000 -9999.000 -9999.000 -9999.000 -9999.000 -9999.000 -9999.000 -9999.000 -9999.000 -9999.000 -9999.000 -9999.000 -9999.000 -9999.000 -9999.000 -9999.000 -9999.000 -9999.000 -9999.000 -9999.000 -9999.000 -9999.000 -9999.000 -9999.000 -9999.000 -9999.000 -9999.000
-9999.000 -9999.000 -9999.000 -9999.000 -9999.000 -9999.000 -9999.000 -9999.000 -9999.000 -9999.000 -9999.000 -9999.000 -9999.000 -9999.000 -9999.000 0.8587574E-01 0.6633332E-01 0.5912370E-01 0.5955246E-01 0.6626109E-01 0.7480492E-01 0.8336662E-01 0.9143546E-01 0.9826189E-01 0.1041684 0.1092237 0.1137297 0.1190483 0.1297203 0.1461345 0.1461345 -9999.000 -9999.000 -9999.000 -9999.000 -9999.000 -9999.000 -9999.000 -9999.000 -9999.000 -9999.000 -9999.000 -9999.000 -9999.000 -9999.000 -9999.000 -9999.000 -9999.000 -9999.000 -9999.000 -9999.000 -9999.000 -9999.000 -9999.000 -9999.000 -9999.000 -9999.000 -9999.000 -9999.000 -9999.000
-9999.000 -9999.000 -9999.000 -9999.000 -9999.000 -9999.000 -9999.000 -9999.000 -9999.000 -9999.000 -9999.000 -9999.000 -9999.000 -9999.000 -9999.000 0.8362846E-01 0.6070009E-01 0.5228691E-01 0.5300479E-01 0.6102247E-01 0.7108369E-01 0.8117261E-01 0.9076457E-01 0.9897862E-01 0.1062096 0.1125037 0.1181906 0.1248864 0.1380759 0.1595161 0.1595161 -9999.000 -9999.000 -9999.000 -9999.000 -9999.000 -9999.000 -9999.000 -9999.000 -9999.000 -9999.000 -9999.000 -9999.000 -9999.000 -9999.000 -9999.000 -9999.000 -9999.000 -9999.000 -9999.000 -9999.000 -9999.000 -9999.000 -9999.000 -9999.000 -9999.000 -9999.000 -9999.000 -9999.000 -9999.000
-9999.000 -9999.000 -9999.000 -9999.000 -9999.000 -9999.000 -9999.000 -9999.000 -9999.000 -9999.000 -9999.000 -9999.000 -9999.000 -9999.000 -9999.000 0.8110199E-01 0.5481280E-01 0.4530604E-01 0.4650335E-01 0.5588404E-01 0.6743315E-01 0.7901815E-01 0.9012400E-01 0.9972660E-01 0.1083009 0.1158584 0.1227567 0.1308856 0.1467594 0.1741405 0.1741405 -9999.000 -9999.000 -9999.000 -9999.000 -9999.000 -9999.000 -9999.000 -9999.000 -9999.000 -9999.000 -9999.000 -9999.000 -9999.000 -9999.000 -9999.000 -9999.000 -9999.000 -9999.000 -9999.000 -9999.000 -9999.000 -9999.000 -9999.000 -9999.000 -9999.000 -9999.000 -9999.000 -9999.000 -9999.000
-9999.000 -9999.000 -9999.000 -9999.000 -9999.000 -9999.000 -9999.000 -9999.000 -9999.000 -9999.000 -9999.000 -9999.000 -9999.000 -9999.000 -9999.000 0.7824646E-01 0.4865497E-01 0.3825704E-01 0.4022789E-01 0.5097984E-01 0.6393194E-01 0.7695120E-01 0.8954496E-01 0.1005258 0.1104552 0.1192939 0.1274277 0.1370454 0.1557925 0.1902621 0.1902621 -9999.000 -9999.000 -9999.000 -9999.000 -9999.000 -9999.000 -9999.000 -9999.000 -9999.000 -9999.000 -9999.000 -9999.000 -9999.000 -9999.000 -9999.000 -9999.000 -9999.000 -9999.000 -9999.000 -9999.000 -9999.000 -9999.000 -9999.000 -9999.000 -9999.000 -9999.000 -9999.000 -9999.000 -9999.000
-9999.000 -9999.000 -9999.000 -9999.000 -9999.000 -9999.000 -9999.000 -9999.000 -9999.000 -9999.000 -9999.000 -9999.000 -9999.000 -9999.000 -9999.000 0.7499787E-01 0.4220925E-01 0.3130703E-01 0.3450320E-01 0.4650448E-01 0.6067928E-01 0.7502607E-01 0.8906101E-01 0.1013967 0.1126850 0.1228161 0.1322041 0.1433668 0.1652035 0.2082210 0.2082210 -9999.000 -9999.000 -9999.000 -9999.000 -9999.000 -9999.000 -9999.000 -9999.000 -9999.000 -9999.000 -9999.000 -9999.000 -9999.000 -9999.000 -9999.000 -9999.000 -9999.000 -9999.000 -9999.000 -9999.000 -9999.000 -9999.000 -9999.000 -9999.000 -9999.000 -9999.000 -9999.000 -9999.000 -9999.000
-9999.000 -9999.000 -9999.000 -9999.000 -9999.000 -9999.000 -9999.000 -9999.000 -9999.000 -9999.000 -9999.000 -9999.000 -9999.000 -9999.000 -9999.000 0.7127783E-01 0.3547095E-01 0.2486385E-01 0.2992274E-01 0.4274645E-01 0.5780832E-01 0.7331304E-01 0.8871465E-01 0.1023656 0.1150079 0.1264346 0.1370879 0.1498529 0.1750259 0.2284744 0.2284744 -9999.000 -9999.000 -9999.000 -9999.000 -9999.000 -9999.000 -9999.000 -9999.000 -9999.000 -9999.000 -9999.000 -9999.000 -9999.000 -9999.000 -9999.000 -9999.000 -9999.000 -9999.000 -9999.000 -9999.000 -9999.000 -9999.000 -9999.000 -9999.000 -9999.000 -9999.000 -9999.000 -9999.000 -9999.000
-9999.000 -9999.000 -9999.000 -9999.000 -9999.000 -9999.000 -9999.000 -9999.000 -9999.000 -9999.000 -9999.000 -9999.000 -9999.000 -9999.000 -9999.000 0.6699315E-01 0.2847978E-01 0.1994347E-01 0.2744208E-01 0.4011395E-01 0.5550312E-01 0.7191093E-01 0.8856728E-01 0.1034732 0.1174525 0.1301661 0.1420874 0.1565099 0.1852993 0.2516467 0.2516467 -9999.000 -9999.000 -9999.000 -9999.000 -9999.000 -9999.000 -9999.000 -9999.000 -9999.000 -9999.000 -9999.000 -9999.000 -9999.000 -9999.000 -9999.000 -9999.000 -9999.000 -9999.000 -9999.000 -9999.000 -9999.000 -9999.000 -9999.000 -9999.000 -9999.000 -9999.000 -9999.000 -9999.000 -9999.000
-9999.000 -9999.000 -9999.000 -9999.000 -9999.000 -9999.000 -9999.000 -9999.000 -9999.000 -9999.000 -9999.000 -9999.000 -9999.000 -9999.000 -9999.000 0.6202006E-01 0.2143520E-01 0.1861162E-01 0.2816231E-01 0.3916899E-01 0.5405658E-01 0.7099409E-01 0.8873513E-01 0.1048018 0.1200792 0.1340529 0.1472288 0.1633575 0.1960749 0.2786144 0.2786144 -9999.000 -9999.000 -9999.000 -9999.000 -9999.000 -9999.000 -9999.000 -9999.000 -9999.000 -9999.000 -9999.000 -9999.000 -9999.000 -9999.000 -9999.000 -9999.000 -9999.000 -9999.000 -9999.000 -9999.000 -9999.000 -9999.000 -9999.000 -9999.000 -9999.000 -9999.000 -9999.000 -9999.000 -9999.000
-9999.000 -9999.000 -9999.000 -9999.000 -9999.000 -9999.000 -9999.000 -9999.000 -9999.000 -9999.000 -9999.000 -9999.000 -9999.000 -9999.000 -9999.000 0.5558724E-01 0.1636044E-01 0.2536951E-01 0.3549652E-01 0.4321181E-01 0.5604073E-01 0.7244022E-01 0.9057432E-01 0.1073439 0.1236127 0.1386168 0.1528797 0.1706484 0.2075530 0.3107470 0.3107470 -9999.000 -9999.000 -9999.000 -9999.000 -9999.000 -9999.000 -9999.000 -9999.000 -9999.000 -9999.000 -9999.000 -9999.000 -9999.000 -9999.000 -9999.000 -9999.000 -9999.000 -9999.000 -9999.000 -9999.000 -9999.000 -9999.000 -9999.000 -9999.000 -9999.000 -9999.000 -9999.000 -9999.000 -9999.000
-9999.000 -9999.000 -9999.000 -9999.000 -9999.000 -9999.000 -9999.000 -9999.000 -9999.000 -9999.000 -9999.000 -9999.000 -9999.000 -9999.000 -9999.000 0.8752920E-01 0.1342565 0.1562377 0.1476221 0.1292819 0.1190428 0.1152215 0.1182813 0.1252415 0.1356332 0.1473687 0.1601267 0.1781359 0.2189439 0.3473159 0.3473159 -9999.000 -9999.000 -9999.000 -9999.000 -9999.000 -9999.000 -9999.000 -9999.000 -9999.000 -9999.000 -9999.000 -9999.000 -9999.000 -9999.000 -9999.000 -9999.000 -9999.000 -9999.000 -9999.000 -9999.000 -9999.000 -9999.000 -9999.000 -9999.000 -9999.000 -9999.000 -9999.000 -9999.000 -9999.000
2.832523 2.832523 2.842910 2.854748 2.873358 2.873358 2.875817 2.875390 2.875390 2.871665 2.871665 2.865581 2.861864 2.857791 2.853720 2.853720 2.995506 2.999612 3.000736 2.989805 2.953280 2.894475 2.813254 2.707003 2.580782 2.435349 2.274398 2.107248 1.959435 1.906028 1.906028 2.727017 2.900110 3.001817 3.027558 3.027558 3.062289 3.062289 3.047139 3.047139 3.004202 2.825608 2.825608 2.466238 2.466238 2.119938 2.119938 2.119938 2.100521 2.100521 2.130995 2.130995 2.178751 2.178751 2.228931 2.228931 2.273993 2.273993 2.273993 2.309822
2.855218 2.855218 2.870853 2.908644 2.934653 2.934653 2.949195 2.971600 2.971600 2.990153 2.990153 3.006161 3.013434 3.020312 3.027125 3.027125 3.132520 3.151155 3.166612 3.178391 3.183752 3.182526 3.172800 3.151107 3.115937 3.064720 2.995911 2.910263 2.814168 2.738012 2.738012 3.173333 3.326295 3.476638 3.518128 3.518128 3.565964 3.565964 3.568400 3.568400 3.547950 3.447748 3.447748 3.244687 3.244687 2.954403 2.954403 2.954403 2.932110 2.932110 2.964701 2.964701 3.015442 3.015442 3.068163 3.068163 3.116273 3.116273 3.116273 3.156655
2.859806 2.859806 2.872973 2.909967 2.934014 2.934014 2.949332 2.972710 2.972710 2.991961 2.991961 3.008721 3.016407 3.023720 3.031027 3.031027 3.125219 3.156196 3.183293 3.206623 3.225134 3.239062 3.248220 3.251365 3.247744 3.235742 3.213584 3.180367 3.138518 3.105275 3.105275 3.347960 3.494314 3.665809 3.716563 3.716563 3.769056 3.769056 3.759118 3.759118 3.730533 3.633224 3.633224 3.489777 3.489777 3.247972 3.247972 3.247972 3.209562 3.209562 3.229501 3.229501 3.271599 3.271599 3.318198 3.318198 3.361768 3.361768 3.361768 3.398821
2.862606 2.862606 2.876117 2.910532 2.933144 2.933144 2.948877 2.972704 2.972704 2.991978 2.991978 3.008712 3.016396 3.023709 3.031089 3.031089 3.118315 3.159563 3.197455 3.230927 3.258984 3.281577 3.298893 3.310759 3.317283 3.318223 3.313036 3.301395 3.284764 3.273776 3.273776 3.422113 3.550977 3.726526 3.780795 3.780795 3.826292 3.826292 3.791780 3.791780 3.752554 3.663710 3.663710 3.572732 3.572732 3.389243 3.389243 3.389243 3.337897 3.337897 3.343118 3.343118 3.376079 3.376079 3.417519 3.417519 3.457833 3.457833 3.457833 3.492445
2.863666 2.863666 2.880375 2.910637 2.932352 2.932352 2.948407 2.972676 2.972676 2.992026 2.992026 3.008804 3.016519 3.023866 3.031384 3.031384 3.116254 3.166276 3.213894 3.256781 3.293678 3.324222 3.348495 3.366580 3.378800 3.385467 3.386798 3.383170 3.376074 3.372813 3.372813 3.466536 3.573478 3.737605 3.785571 3.785571 3.800794 3.800794 3.734007 3.734007 3.692470 3.632745 3.632745 3.593752 3.593752 3.475034 3.475034 3.475034 3.419184 3.419184 3.409330 3.409330 3.430568 3.430568 3.464980 3.464980 3.500932 3.500932 3.500932 3.532341
2.860524 2.860524 2.886941 2.910837 2.932073 2.932073 2.948385 2.972995 2.972995 2.992321 2.992321 3.009003 3.016676 3.023988 3.031633 3.031633 3.119591 3.177548 3.233846 3.285211 3.330134 3.368057 3.398921 3.422831 3.440102 3.451138 3.456404 3.456551 3.453031 3.451098 3.451098 3.508951 3.591457 3.725064 3.751104 3.751104 3.709461 3.709461 3.624333 3.624333 3.596984 3.583098 3.583098 3.589232 3.589232 3.531844 3.531844 3.531844 3.481988 3.481988 3.460879 3.460879 3.469105 3.469105 3.494118 3.494118 3.523700 3.523700 3.523700 3.550377
2.860149 2.860149 2.890167 2.910709 2.931696 2.931696 2.948167 2.973006 2.973006 2.992349 2.992349 3.009011 3.016679 3.023987 3.031852 3.031852 3.129295 3.195042 3.259183 3.318011 3.369942 3.414364 3.451161 3.480431 3.502439 3.517564 3.526281 3.529239 3.527674 3.525227 3.525227 3.558249 3.614763 3.689377 3.670877 3.670877 3.563996 3.563996 3.500430 3.500430 3.500363 3.533529 3.533529 3.573371 3.573371 3.567460 3.567460 3.567460 3.532149 3.532149 3.506574 3.506574 3.503082 3.503082 3.517128 3.517128 3.538279 3.538279 3.538279 3.558448
2.860028 2.860028 2.891229 2.910662 2.931568 2.931568 2.948091 2.973008 2.973008 2.992357 2.992357 3.009014 3.016678 3.023986 3.032162 3.032162 3.146497 3.220372 3.291722 3.356985 3.414759 3.464553 3.506307 3.540156 3.566347 3.585215 3.597175 3.602776 3.602934 3.599774 3.599774 3.614565 3.641727 3.610266 3.527311 3.527311 3.392677 3.392677 3.390273 3.390273 3.418584 3.488017 3.488017 3.550930 3.550930 3.585434 3.585434 3.585434 3.569241 3.569241 3.546457 3.546457 3.534864 3.534864 3.537822 3.537822 3.548934 3.548934 3.548934 3.560882
2.860153 2.860153 2.890171 2.910707 2.931695 2.931695 2.948167 2.973006 2.973006 2.992349 2.992349 3.009012 3.016678 3.023986 3.032591 3.032591 3.172741 3.255395 3.333442 3.404082 3.466402 3.520221 3.565670 3.602995 3.632483 3.654453 3.669254 3.677311 3.679142 3.674944 3.674944 3.672876 3.658520 3.456420 3.320838 3.320838 3.236813 3.236813 3.306823 3.306823 3.354925 3.447027 3.447027 3.525106 3.525106 3.589930 3.589930 3.589930 3.593400 3.593400 3.578932 3.578932 3.564129 3.564129 3.557343 3.557343 3.557570 3.557570 3.557570 3.559857
2.860532 2.860532 2.886954 2.910834 2.932071 2.932071 2.948385 2.972996 2.972996 2.992322 2.992322 3.009004 3.016677 3.023988 3.033185 3.033185 3.210341 3.302510 3.386706 3.461527 3.526898 3.583162 3.630772 3.670170 3.701745 3.725840 3.742769 3.752829 3.755898 3.748314 3.748314 3.719889 3.629100 3.221035 3.094647 3.094647 3.123309 3.123309 3.243482 3.243482 3.302188 3.407340 3.407340 3.495749 3.495749 3.582919 3.582919 3.582919 3.604008 3.604008 3.600747 3.600747 3.586885 3.586885 3.572922 3.572922 3.562504 3.562504 3.562504 3.554344
2.863676 2.863676 2.880406 2.910631 2.932350 2.932350 2.948408 2.972678 2.972678 2.992028 2.992028 3.008804 3.016520 3.023866 3.033908 3.033908 3.262841 3.365020 3.454471 3.531921 3.598516 3.655333 3.703273 3.743044 3.775192 3.800125 3.818154 3.829401 3.832142 3.811419 3.811419 3.718709 3.488176 2.956959 2.914560 2.914560 3.046068 3.046068 3.189220 3.189220 3.252984 3.365917 3.365917 3.461678 3.461678 3.564943 3.564943 3.564943 3.600345 3.600345 3.608629 3.608629 3.598704 3.598704 3.580411 3.580411 3.560492 3.560492 3.560492 3.541910
2.862620 2.862620 2.876178 2.910530 2.933144 2.933144 2.948880 2.972707 2.972707 2.991980 2.991980 3.008713 3.016397 3.023710 3.034841 3.034841 3.335874 3.447627 3.540546 3.618329 3.683729 3.738744 3.784810 3.822950 3.853886 3.878108 3.895941 3.907042 3.903862 3.832044 3.832044 3.583667 3.188763 2.755164 2.800489 2.800489 2.979759 2.979759 3.131692 3.131692 3.198138 3.316492 3.316492 3.417734 3.417734 3.532398 3.532398 3.532398 3.578603 3.578603 3.596986 3.596986 3.592210 3.592210 3.571998 3.571998 3.544377 3.544377 3.544377 3.516314
