cruce_test.gid/Rasters/Hydraulic/Velocity____29.0.asc
NCOLS        79
NROWS        79
XLLCENTER         -1.500000
YLLCENTER         -4.800000
CELLSIZE           0.100
NODATA_VALUE     -9999.0
[rows 0 to 26 of 79, columns 0 to 59 of 79]
-9999.000 -9999.000 -9999.000 -9999.000 -9999.000 -9999.000 -9999.000 -9999.000 -9999.000 -9999.000 -9999.000 -9999.000 -9999.000 -9999.000 -9999.000 0.3674835 0.3673613 0.3677619 0.3684296 0.3692417 0.3701539 0.3711357 0.3721601 0.3732019 0.3742385 0.3752520 0.3762335 0.3771867 0.3780484 0.3741975 0.3741975 -9999.000 -9999.000 -9999.000 -9999.000 -9999.000 -9999.000 -9999.000 -9999.000 -9999.000 -9999.000 -9999.000 -9999.000 -9999.000 -9999.000 -9999.000 -9999.000 -9999.000 -9999.000 -9999.000 -9999.000 -9999.000 -9999.000 -9999.000 -9999.000 -9999.000 -9999.000 -9999.000 -9999.000 -9999.000
-9999.000 -9999.000 -9999.000 -9999.000 -9999.000 -9999.000 -9999.000 -9999.000 -9999.000 -9999.000 -9999.000 -9999.000 -9999.000 -9999.000 -9999.000 0.3598655 0.3587019 0.3593445 0.3604366 0.3617262 0.3631337 0.3646132 0.3661309 0.3676619 0.3691901 0.3707134 0.3722479 0.3738320 0.3753450 0.3681329 0.3681329 -9999.000 -9999.000 -9999.000 -9999.000 -9999.000 -9999.000 -9999.000 -9999.000 -9999.000 -9999.000 -9999.000 -9999.000 -9999.000 -9999.000 -9999.000 -9999.000 -9999.000 -9999.000 -9999.000 -9999.000 -9999.000 -9999.000 -9999.000 -9999.000 -9999.000 -9999.000 -9999.000 -9999.000 -9999.000
-9999.000 -9999.000 -9999.000 -9999.000 -9999.000 -9999.000 -9999.000 -9999.000 -9999.000 -9999.000 -9999.000 -9999.000 -9999.000 -9999.000 -9999.000 0.3500463 0.3474280 0.3485212 0.3503760 0.3525476 0.3548931 0.3573338 0.3598172 0.3623095 0.3647932 0.3672715 0.3697663 0.3723104 0.3746144 0.3633172 0.3633172 -9999.000 -9999.000 -9999.000 -9999.000 -9999.000 -9999.000 -9999.000 -9999.000 -9999.000 -9999.000 -9999.000 -9999.000 -9999.000 -9999.000 -9999.000 -9999.000 -9999.000 -9999.000 -9999.000 -9999.000 -9999.000 -9999.000 -9999.000 -9999.000 -9999.000 -9999.000 -9999.000 -9999.000 -9999.000
-9999.000 -9999.000 -9999.000 -9999.000 -9999.000 -9999.000 -9999.000 -9999.000 -9999.000 -9999.000 -9999.000 -9999.000 -9999.000 -9999.000 -9999.000 0.3391354 0.3346924 0.3364022 0.3392831 0.3426484 0.3462720 0.3500294 0.3538381 0.3576469 0.3614292 0.3651860 0.3689379 0.3727067 0.3760101 0.3606420 0.3606420 -9999.000 -9999.000 -9999.000 -9999.000 -9999.000 -9999.000 -9999.000 -9999.000 -9999.000 -9999.000 -9999.000 -9999.000 -9999.000 -9999.000 -9999.000 -9999.000 -9999.000 -9999.000 -9999.000 -9999.000 -9999.000 -9999.000 -9999.000 -9999.000 -9999.000 -9999.000 -9999.000 -9999.000 -9999.000
-9999.000 -9999.000 -9999.000 -9999.000 -9999.000 -9999.000 -9999.000 -9999.000 -9999.000 -9999.000 -9999.000 -9999.000 -9999.000 -9999.000 -9999.000 0.3271219 0.3205487 0.3230402 0.3272042 0.3320626 0.3372881 0.3426979 0.3481722 0.3536352 0.3590486 0.3644075 0.3697311 0.3750288 0.3795969 0.3602750 0.3602750 -9999.000 -9999.000 -9999.000 -9999.000 -9999.000 -9999.000 -9999.000 -9999.000 -9999.000 -9999.000 -9999.000 -9999.000 -9999.000 -9999.000 -9999.000 -9999.000 -9999.000 -9999.000 -9999.000 -9999.000 -9999.000 -9999.000 -9999.000 -9999.000 -9999.000 -9999.000 -9999.000 -9999.000 -9999.000
-9999.000 -9999.000 -9999.000 -9999.000 -9999.000 -9999.000 -9999.000 -9999.000 -9999.000 -9999.000 -9999.000 -9999.000 -9999.000 -9999.000 -9999.000 0.3138917 0.3050030 0.3084535 0.3141614 0.3208125 0.3279595 0.3353515 0.3428240 0.3502747 0.3576525 0.3649492 0.3721855 0.3793620 0.3855257 0.3624753 0.3624753 -9999.000 -9999.000 -9999.000 -9999.000 -9999.000 -9999.000 -9999.000 -9999.000 -9999.000 -9999.000 -9999.000 -9999.000 -9999.000 -9999.000 -9999.000 -9999.000 -9999.000 -9999.000 -9999.000 -9999.000 -9999.000 -9999.000 -9999.000 -9999.000 -9999.000 -9999.000 -9999.000 -9999.000 -9999.000
-9999.000 -9999.000 -9999.000 -9999.000 -9999.000 -9999.000 -9999.000 -9999.000 -9999.000 -9999.000 -9999.000 -9999.000 -9999.000 -9999.000 -9999.000 0.2992224 0.2880257 0.2926396 0.3001656 0.3089159 0.3183078 0.3280131 0.3378188 0.3475957 0.3572832 0.3668764 0.3764058 0.3858716 0.3940505 0.3676289 0.3676289 -9999.000 -9999.000 -9999.000 -9999.000 -9999.000 -9999.000 -9999.000 -9999.000 -9999.000 -9999.000 -9999.000 -9999.000 -9999.000 -9999.000 -9999.000 -9999.000 -9999.000 -9999.000 -9999.000 -9999.000 -9999.000 -9999.000 -9999.000 -9999.000 -9999.000 -9999.000 -9999.000 -9999.000 -9999.000
-9999.000 -9999.000 -9999.000 -9999.000 -9999.000 -9999.000 -9999.000 -9999.000 -9999.000 -9999.000 -9999.000 -9999.000 -9999.000 -9999.000 -9999.000 0.2827891 0.2695709 0.2755988 0.2852361 0.2964025 0.3083681 0.3207212 0.3331999 0.3456517 0.3580140 0.3702964 0.3825548 0.3948047 0.4055444 0.3762818 0.3762818 -9999.000 -9999.000 -9999.000 -9999.000 -9999.000 -9999.000 -9999.000 -9999.000 -9999.000 -9999.000 -9999.000 -9999.000 -9999.000 -9999.000 -9999.000 -9999.000 -9999.000 -9999.000 -9999.000 -9999.000 -9999.000 -9999.000 -9999.000 -9999.000 -9999.000 -9999.000 -9999.000 -9999.000 -9999.000
-9999.000 -9999.000 -9999.000 -9999.000 -9999.000 -9999.000 -9999.000 -9999.000 -9999.000 -9999.000 -9999.000 -9999.000 -9999.000 -9999.000 -9999.000 0.2641750 0.2495946 0.2573593 0.2694293 0.2833395 0.2982089 0.3135426 0.3290348 0.3445190 0.3599438 0.3753525 0.3908502 0.4064977 0.4205263 0.3891976 0.3891976 -9999.000 -9999.000 -9999.000 -9999.000 -9999.000 -9999.000 -9999.000 -9999.000 -9999.000 -9999.000 -9999.000 -9999.000 -9999.000 -9999.000 -9999.000 -9999.000 -9999.000 -9999.000 -9999.000 -9999.000 -9999.000 -9999.000 -9999.000 -9999.000 -9999.000 -9999.000 -9999.000 -9999.000 -9999.000
-9999.000 -9999.000 -9999.000 -9999.000 -9999.000 -9999.000 -9999.000 -9999.000 -9999.000 -9999.000 -9999.000 -9999.000 -9999.000 -9999.000 -9999.000 0.2428836 0.2280697 0.2380032 0.2528685 0.2698617 0.2879597 0.3065946 0.3254312 0.3443066 0.3632031 0.3822261 0.4015703 0.4213942 0.4397107 0.4074643 0.4074643 -9999.000 -9999.000 -9999.000 -9999.000 -9999.000 -9999.000 -9999.000 -9999.000 -9999.000 -9999.000 -9999.000 -9999.000 -9999.000 -9999.000 -9999.000 -9999.000 -9999.000 -9999.000 -9999.000 -9999.000 -9999.000 -9999.000 -9999.000 -9999.000 -9999.000 -9999.000 -9999.000 -9999.000 -9999.000
-9999.000 -9999.000 -9999.000 -9999.000 -9999.000 -9999.000 -9999.000 -9999.000 -9999.000 -9999.000 -9999.000 -9999.000 -9999.000 -9999.000 -9999.000 0.2183579 0.2049992 0.2176927 0.2357763 0.2562045 0.2778419 0.3000738 0.3225619 0.3451765 0.3679676 0.3911483 0.4150677 0.4400774 0.4640960 0.4327069 0.4327069 -9999.000 -9999.000 -9999.000 -9999.000 -9999.000 -9999.000 -9999.000 -9999.000 -9999.000 -9999.000 -9999.000 -9999.000 -9999.000 -9999.000 -9999.000 -9999.000 -9999.000 -9999.000 -9999.000 -9999.000 -9999.000 -9999.000 -9999.000 -9999.000 -9999.000 -9999.000 -9999.000 -9999.000 -9999.000
-9999.000 -9999.000 -9999.000 -9999.000 -9999.000 -9999.000 -9999.000 -9999.000 -9999.000 -9999.000 -9999.000 -9999.000 -9999.000 -9999.000 -9999.000 0.1900258 0.1804463 0.1967098 0.2185154 0.2427405 0.2682023 0.2942866 0.3206949 0.3473720 0.3744846 0.4024217 0.4317948 0.4633250 0.4951188 0.4675261 0.4675261 -9999.000 -9999.000 -9999.000 -9999.000 -9999.000 -9999.000 -9999.000 -9999.000 -9999.000 -9999.000 -9999.000 -9999.000 -9999.000 -9999.000 -9999.000 -9999.000 -9999.000 -9999.000 -9999.000 -9999.000 -9999.000 -9999.000 -9999.000 -9999.000 -9999.000 -9999.000 -9999.000 -9999.000 -9999.000
-9999.000 -9999.000 -9999.000 -9999.000 -9999.000 -9999.000 -9999.000 -9999.000 -9999.000 -9999.000 -9999.000 -9999.000 -9999.000 -9999.000 -9999.000 0.1573956 0.1546161 0.1755359 0.2016506 0.2300269 0.2595514 0.2896875 0.3202330 0.3512602 0.3831154 0.4164606 0.4523444 0.4921889 0.5349323 0.5165094 0.5165094 -9999.000 -9999.000 -9999.000 -9999.000 -9999.000 -9999.000 -9999.000 -9999.000 -9999.000 -9999.000 -9999.000 -9999.000 -9999.000 -9999.000 -9999.000 -9999.000 -9999.000 -9999.000 -9999.000 -9999.000 -9999.000 -9999.000 -9999.000 -9999.000 -9999.000 -9999.000 -9999.000 -9999.000 -9999.000
-9999.000 -9999.000 -9999.000 -9999.000 -9999.000 -9999.000 -9999.000 -9999.000 -9999.000 -9999.000 -9999.000 -9999.000 -9999.000 -9999.000 -9999.000 0.1202433 0.1281159 0.1550862 0.1861299 0.2189417 0.2526744 0.2869754 0.3218078 0.3574282 0.3944347 0.4338888 0.4775407 0.5281258 0.5869254 0.5889990 0.5889990 -9999.000 -9999.000 -9999.000 -9999.000 -9999.000 -9999.000 -9999.000 -9999.000 -9999.000 -9999.000 -9999.000 -9999.000 -9999.000 -9999.000 -9999.000 -9999.000 -9999.000 -9999.000 -9999.000 -9999.000 -9999.000 -9999.000 -9999.000 -9999.000 -9999.000 -9999.000 -9999.000 -9999.000 -9999.000
-9999.000 -9999.000 -9999.000 -9999.000 -9999.000 -9999.000 -9999.000 -9999.000 -9999.000 -9999.000 -9999.000 -9999.000 -9999.000 -9999.000 -9999.000 0.7979258E-01 0.1074284 0.1430630 0.1791898 0.2156282 0.2524817 0.2899254 0.3282584 0.3680073 0.4100827 0.4560551 0.5086972 0.5730843 0.6564472 0.7078233 0.7078233 -9999.000 -9999.000 -9999.000 -9999.000 -9999.000 -9999.000 -9999.000 -9999.000 -9999.000 -9999.000 -9999.000 -9999.000 -9999.000 -9999.000 -9999.000 -9999.000 -9999.000 -9999.000 -9999.000 -9999.000 -9999.000 -9999.000 -9999.000 -9999.000 -9999.000 -9999.000 -9999.000 -9999.000 -9999.000
1.127166 1.127166 1.051234 1.018120 1.001137 1.001137 0.9836194 0.9458975 0.9458975 0.9016905 0.9016905 0.8443322 0.8063189 0.7575733 0.6927457 0.6927457 0.5584093 0.5097690 0.4677870 0.4359878 0.4165225 0.4102594 0.4170190 0.4361124 0.4670856 0.5105959 0.5696225 0.6518273 0.7741336 0.9832879 0.9832879 1.386208 1.546812 1.598872 1.581639 1.581639 1.457736 1.457736 1.010992 1.010992 0.5334743 0.4158754 0.4158754 0.4433023 0.4433023 0.5091946 0.5091946 0.5091946 0.5686226 0.5686226 0.6204868 0.6204868 0.6650141 0.6650141 0.7028291 0.7028291 0.7490579 0.7490579 0.7490579 0.7796893
1.141334 1.141334 1.065009 1.041437 1.028890 1.028890 1.015538 0.9850880 0.9850880 0.9463675 0.9463675 0.8942180 0.8616722 0.8249279 0.7855158 0.7855158 0.7254668 0.6961038 0.6638305 0.6310427 0.6007631 0.5763353 0.5610547 0.5578528 0.5691956 0.5973644 0.6452596 0.7179108 0.8241830 0.9771125 0.9771125 1.264683 1.379412 1.452902 1.463535 1.463535 1.450465 1.450465 1.359139 1.359139 1.113163 0.8444514 0.8444514 0.8597048 0.8597048 0.8968579 0.8968579 0.8968579 0.9397354 0.9397354 0.9789758 0.9789758 1.015694 1.015694 1.028961 1.028961 1.078276 1.078276 1.078276 1.107038
1.146022 1.146022 1.065296 1.042440 1.030378 1.030378 1.017675 0.9893827 0.9893827 0.9551132 0.9551132 0.9123148 0.8874726 0.8610199 0.8345145 0.8345145 0.8020011 0.7882917 0.7718297 0.7527649 0.7322539 0.7123601 0.6959198 0.6863377 0.6873491 0.7028557 0.7370216 0.7949203 0.8836435 1.013153 1.013153 1.271584 1.380210 1.453283 1.467246 1.467246 1.465938 1.465938 1.425624 1.425624 1.329411 1.082234 1.082234 1.065714 1.065714 1.091258 1.091258 1.091258 1.127835 1.127835 1.159288 1.159288 1.188489 1.188489 1.209660 1.209660 1.241581 1.241581 1.241581 1.264624
1.150517 1.150517 1.065662 1.043429 1.031823 1.031823 1.019739 0.9934942 0.9934942 0.9632115 0.9632115 0.9278664 0.9085585 0.8889110 0.8701367 0.8701367 0.8523136 0.8474931 0.8415604 0.8338263 0.8243305 0.8138936 0.8041676 0.7976297 0.7975072 0.8076661 0.8325531 0.8774167 0.9490024 1.057540 1.057540 1.281528 1.387106 1.459618 1.471669 1.471669 1.465430 1.465430 1.440849 1.440849 1.405443 1.246973 1.246973 1.193836 1.193836 1.210989 1.210989 1.210989 1.240411 1.240411 1.266130 1.266130 1.289671 1.289671 1.307646 1.307646 1.330997 1.330997 1.330997 1.349887
1.154862 1.154862 1.066195 1.044710 1.033652 1.033652 1.022292 0.9983348 0.9983348 0.9721230 0.9721230 0.9435628 0.9288536 0.9145003 0.9013415 0.9013415 0.8934720 0.8939087 0.8943572 0.8941272 0.8929072 0.8908629 0.8887658 0.8881065 0.8911536 0.9009636 0.9213856 0.9571988 1.014664 1.104139 1.104139 1.292695 1.391634 1.454696 1.459788 1.459788 1.445200 1.445200 1.435044 1.435044 1.428393 1.357600 1.357600 1.297199 1.297199 1.297501 1.297501 1.297501 1.320625 1.320625 1.342075 1.342075 1.361528 1.361528 1.376803 1.376803 1.394313 1.394313 1.394313 1.409457
1.158971 1.158971 1.066844 1.046211 1.035762 1.035762 1.025197 1.003664 1.003664 0.9815614 0.9815614 0.9594694 0.9489625 0.9393168 0.9310241 0.9310241 0.9316852 0.9357101 0.9400688 0.9444192 0.9485517 0.9524511 0.9564294 0.9612769 0.9683964 0.9799037 0.9987177 1.028737 1.075385 1.148611 1.148611 1.303438 1.390797 1.432671 1.428139 1.428139 1.412679 1.412679 1.423291 1.423291 1.433563 1.422678 1.422678 1.383045 1.383045 1.368512 1.368512 1.368512 1.384569 1.384569 1.401706 1.401706 1.417598 1.417598 1.430359 1.430359 1.443532 1.443532 1.443532 1.455220
1.162727 1.162727 1.067559 1.047846 1.038039 1.038039 1.028298 1.009223 1.009223 0.9911783 0.9911783 0.9753539 0.9689104 0.9638583 0.9604041 0.9604041 0.9698172 0.9767826 0.9837103 0.9907262 0.9979321 1.005419 1.013355 1.022132 1.032511 1.045770 1.063861 1.089653 1.127530 1.186520 1.186520 1.309230 1.379380 1.390625 1.379618 1.379618 1.377991 1.377991 1.412462 1.412462 1.433709 1.457301 1.457301 1.446989 1.446989 1.429603 1.429603 1.429603 1.438959 1.438959 1.451417 1.451417 1.463703 1.463703 1.473824 1.473824 1.483432 1.483432 1.483432 1.491866
1.165995 1.165995 1.068301 1.049538 1.040372 1.040372 1.031447 1.014776 1.014776 1.000651 1.000651 0.9909228 0.9885393 0.9882587 0.9901289 0.9901289 1.009671 1.019410 1.028175 1.036630 1.045281 1.054465 1.064397 1.075278 1.087415 1.101364 1.118129 1.139481 1.168648 1.213263 1.213263 1.302805 1.349435 1.331508 1.323225 1.323225 1.348705 1.348705 1.404243 1.404243 1.432557 1.475073 1.475073 1.489044 1.489044 1.480735 1.480735 1.480735 1.486043 1.486043 1.494211 1.494211 1.502828 1.502828 1.510080 1.510080 1.516457 1.516457 1.516457 1.521765
1.168621 1.168621 1.069034 1.051207 1.042659 1.042659 1.034513 1.020112 1.020112 1.009688 1.009688 1.005844 1.007567 1.012417 1.020563 1.020563 1.052866 1.065386 1.075492 1.084504 1.093403 1.102833 1.113141 1.124439 1.136661 1.149633 1.163290 1.178144 1.196222 1.224116 1.224116 1.275129 1.293328 1.265224 1.269178 1.269178 1.326527 1.326527 1.397638 1.397638 1.430507 1.483687 1.483687 1.514012 1.514012 1.520535 1.520535 1.520535 1.525638 1.525638 1.531029 1.531029 1.536378 1.536378 1.540682 1.540682 1.543973 1.543973 1.543973 1.546243
1.170454 1.170454 1.069730 1.052785 1.044808 1.044808 1.037376 1.025050 1.025050 1.018021 1.018021 1.019746 1.025579 1.035971 1.051772 1.051772 1.101273 1.116546 1.127464 1.136217 1.144343 1.152843 1.162212 1.172483 1.183139 1.193000 1.200473 1.204415 1.205796 1.210983 1.210983 1.223743 1.213240 1.203856 1.218184 1.218184 1.307716 1.307716 1.390363 1.390363 1.426567 1.486545 1.486545 1.527363 1.527363 1.549015 1.549015 1.549015 1.557138 1.557138 1.561873 1.561873 1.564920 1.564920 1.566519 1.566519 1.566874 1.566874 1.566874 1.566189
1.171341 1.171341 1.070373 1.054211 1.046738 1.046738 1.039934 1.029431 1.029431 1.025409 1.025409 1.032229 1.042038 1.058229 1.083253 1.083253 1.157358 1.175099 1.186041 1.193545 1.199825 1.206301 1.213604 1.221618 1.229081 1.233000 1.229161 1.214410 1.190150 1.164532 1.164532 1.140159 1.123317 1.153228 1.188895 1.188895 1.292419 1.292419 1.384800 1.384800 1.423402 1.487599 1.487599 1.534750 1.534750 1.568590 1.568590 1.568590 1.581139 1.581139 1.586932 1.586932 1.588827 1.588827 1.588233 1.588233 1.585902 1.585902 1.585902 1.582376
1.171140 1.171140 1.070954 1.055434 1.048379 1.048379 1.042101 1.033125 1.033125 1.031648 1.031648 1.042905 1.056334 1.078146 1.113335 1.113335 1.224562 1.243935 1.253624 1.258488 1.261559 1.264807 1.268970 1.273652 1.276190 1.269845 1.245906 1.200993 1.142434 1.084222 1.084222 1.036760 1.035154 1.110564 1.160779 1.160779 1.275840 1.275840 1.379764 1.379764 1.420068 1.486774 1.486774 1.537649 1.537649 1.580218 1.580218 1.580218 1.597159 1.597159 1.604950 1.604950 1.606721 1.606721 1.604640 1.604640 1.600079 1.600079 1.600079 1.594036
