cruce_test.gid/Rasters/Hydraulic/Velocity__y_193.0.asc
NCOLS        79
NROWS        79
XLLCENTER         -1.500000
YLLCENTER         -4.800000
CELLSIZE           0.100
NODATA_VALUE     -9999.0
[rows 0 to 26 of 79, columns 0 to 58 of 79]
-9999.000 -9999.000 -9999.000 -9999.000 -9999.000 -9999.000 -9999.000 -9999.000 -9999.000 -9999.000 -9999.000 -9999.000 -9999.000 -9999.000 -9999.000 -0.9117625E-01 -0.8791894E-01 -0.8637374E-01 -0.8552855E-01 -0.8576132E-01 -0.8653504E-01 -0.8742317E-01 -0.8829856E-01 -0.8912425E-01 -0.8978639E-01 -0.9036705E-01 -0.9089402E-01 -0.9150256E-01 -0.9273169E-01 -0.9402207E-01 -0.9402207E-01 -9999.000 -9999.000 -9999.000 -9999.000 -9999.000 -9999.000 -9999.000 -9999.000 -9999.000 -9999.000 -9999.000 -9999.000 -9999.000 -9999.000 -9999.000 -9999.000 -9999.000 -9999.000 -9999.000 -9999.000 -9999.000 -9999.000 -9999.000 -9999.000 -9999.000 -9999.000 -9999.000 -9999.000
-9999.000 -9999.000 -9999.000 -9999.000 -9999.000 -9999.000 -9999.000 -9999.000 -9999.000 -9999.000 -9999.000 -9999.000 -9999.000 -9999.000 -9999.000 -0.9223963E-01 -0.8535234E-01 -0.8203591E-01 -0.8023492E-01 -0.8076505E-01 -0.8249654E-01 -0.8451451E-01 -0.8653566E-01 -0.8846800E-01 -0.9005914E-01 -0.9147408E-01 -0.9276448E-01 -0.9420788E-01 -0.9692943E-01 -0.1000563 -0.1000563 -9999.000 -9999.000 -9999.000 -9999.000 -9999.000 -9999.000 -9999.000 -9999.000 -9999.000 -9999.000 -9999.000 -9999.000 -9999.000 -9999.000 -9999.000 -9999.000 -9999.000 -9999.000 -9999.000 -9999.000 -9999.000 -9999.000 -9999.000 -9999.000 -9999.000 -9999.000 -9999.000 -9999.000
-9999.000 -9999.000 -9999.000 -9999.000 -9999.000 -9999.000 -9999.000 -9999.000 -9999.000 -9999.000 -9999.000 -9999.000 -9999.000 -9999.000 -9999.000 -0.9245346E-01 -0.8154663E-01 -0.7618143E-01 -0.7330754E-01 -0.7425775E-01 -0.7722831E-01 -0.8073330E-01 -0.8429612E-01 -0.8774670E-01 -0.9065747E-01 -0.9327871E-01 -0.9567631E-01 -0.9828093E-01 -0.1028806 -0.1085637 -0.1085637 -9999.000 -9999.000 -9999.000 -9999.000 -9999.000 -9999.000 -9999.000 -9999.000 -9999.000 -9999.000 -9999.000 -9999.000 -9999.000 -9999.000 -9999.000 -9999.000 -9999.000 -9999.000 -9999.000 -9999.000 -9999.000 -9999.000 -9999.000 -9999.000 -9999.000 -9999.000 -9999.000 -9999.000
-9999.000 -9999.000 -9999.000 -9999.000 -9999.000 -9999.000 -9999.000 -9999.000 -9999.000 -9999.000 -9999.000 -9999.000 -9999.000 -9999.000 -9999.000 -0.9224575E-01 -0.7728649E-01 -0.6986024E-01 -0.6593332E-01 -0.6736620E-01 -0.7166833E-01 -0.7676420E-01 -0.8198000E-01 -0.8706504E-01 -0.9140462E-01 -0.9533800E-01 -0.9893974E-01 -0.1027951 -0.1093870 -0.1180859 -0.1180859 -9999.000 -9999.000 -9999.000 -9999.000 -9999.000 -9999.000 -9999.000 -9999.000 -9999.000 -9999.000 -9999.000 -9999.000 -9999.000 -9999.000 -9999.000 -9999.000 -9999.000 -9999.000 -9999.000 -9999.000 -9999.000 -9999.000 -9999.000 -9999.000 -9999.000 -9999.000 -9999.000 -9999.000
-9999.000 -9999.000 -9999.000 -9999.000 -9999.000 -9999.000 -9999.000 -9999.000 -9999.000 -9999.000 -9999.000 -9999.000 -9999.000 -9999.000 -9999.000 -0.9184194E-01 -0.7274701E-01 -0.6322835E-01 -0.5824446E-01 -0.6019692E-01 -0.6589408E-01 -0.7265016E-01 -0.7959197E-01 -0.8638649E-01 -0.9222011E-01 -0.9753165E-01 -0.1023989 -0.1075700 -0.1162636 -0.1284693 -0.1284693 -9999.000 -9999.000 -9999.000 -9999.000 -9999.000 -9999.000 -9999.000 -9999.000 -9999.000 -9999.000 -9999.000 -9999.000 -9999.000 -9999.000 -9999.000 -9999.000 -9999.000 -9999.000 -9999.000 -9999.000 -9999.000 -9999.000 -9999.000 -9999.000 -9999.000 -9999.000 -9999.000 -9999.000
-9999.000 -9999.000 -9999.000 -9999.000 -9999.000 -9999.000 -9999.000 -9999.000 -9999.000 -9999.000 -9999.000 -9999.000 -9999.000 -9999.000 -9999.000 -0.9131925E-01 -0.6799116E-01 -0.5634475E-01 -0.5029302E-01 -0.5279242E-01 -0.5993637E-01 -0.6840684E-01 -0.7712980E-01 -0.8569150E-01 -0.9306496E-01 -0.9980349E-01 -0.1059835 -0.1125259 -0.1234369 -0.1397163 -0.1397163 -9999.000 -9999.000 -9999.000 -9999.000 -9999.000 -9999.000 -9999.000 -9999.000 -9999.000 -9999.000 -9999.000 -9999.000 -9999.000 -9999.000 -9999.000 -9999.000 -9999.000 -9999.000 -9999.000 -9999.000 -9999.000 -9999.000 -9999.000 -9999.000 -9999.000 -9999.000 -9999.000 -9999.000
-9999.000 -9999.000 -9999.000 -9999.000 -9999.000 -9999.000 -9999.000 -9999.000 -9999.000 -9999.000 -9999.000 -9999.000 -9999.000 -9999.000 -9999.000 -0.9069072E-01 -0.6303176E-01 -0.4922353E-01 -0.4209279E-01 -0.4516421E-01 -0.5380419E-01 -0.6403705E-01 -0.7458947E-01 -0.8496810E-01 -0.9391701E-01 -0.1021241 -0.1096578 -0.1176248 -0.1308824 -0.1519164 -0.1519164 -9999.000 -9999.000 -9999.000 -9999.000 -9999.000 -9999.000 -9999.000 -9999.000 -9999.000 -9999.000 -9999.000 -9999.000 -9999.000 -9999.000 -9999.000 -9999.000 -9999.000 -9999.000 -9999.000 -9999.000 -9999.000 -9999.000 -9999.000 -9999.000 -9999.000 -9999.000 -9999.000 -9999.000
-9999.000 -9999.000 -9999.000 -9999.000 -9999.000 -9999.000 -9999.000 -9999.000 -9999.000 -9999.000 -9999.000 -9999.000 -9999.000 -9999.000 -9999.000 -0.8993838E-01 -0.5785796E-01 -0.4185752E-01 -0.3363894E-01 -0.3730956E-01 -0.4749582E-01 -0.5953717E-01 -0.7196408E-01 -0.8420663E-01 -0.9476033E-01 -0.1044734 -0.1133986 -0.1228445 -0.1385959 -0.1652200 -0.1652200 -9999.000 -9999.000 -9999.000 -9999.000 -9999.000 -9999.000 -9999.000 -9999.000 -9999.000 -9999.000 -9999.000 -9999.000 -9999.000 -9999.000 -9999.000 -9999.000 -9999.000 -9999.000 -9999.000 -9999.000 -9999.000 -9999.000 -9999.000 -9999.000 -9999.000 -9999.000 -9999.000 -9999.000
-9999.000 -9999.000 -9999.000 -9999.000 -9999.000 -9999.000 -9999.000 -9999.000 -9999.000 -9999.000 -9999.000 -9999.000 -9999.000 -9999.000 -9999.000 -0.8902676E-01 -0.5244567E-01 -0.3422783E-01 -0.2491652E-01 -0.2921761E-01 -0.4100320E-01 -0.5489903E-01 -0.6924409E-01 -0.8339568E-01 -0.9557854E-01 -0.1068330 -0.1171857 -0.1281671 -0.1465811 -0.1798347 -0.1798347 -9999.000 -9999.000 -9999.000 -9999.000 -9999.000 -9999.000 -9999.000 -9999.000 -9999.000 -9999.000 -9999.000 -9999.000 -9999.000 -9999.000 -9999.000 -9999.000 -9999.000 -9999.000 -9999.000 -9999.000 -9999.000 -9999.000 -9999.000 -9999.000 -9999.000 -9999.000 -9999.000 -9999.000
-9999.000 -9999.000 -9999.000 -9999.000 -9999.000 -9999.000 -9999.000 -9999.000 -9999.000 -9999.000 -9999.000 -9999.000 -9999.000 -9999.000 -9999.000 -0.8790743E-01 -0.4676108E-01 -0.2630708E-01 -0.1590363E-01 -0.2087085E-01 -0.3431427E-01 -0.5011074E-01 -0.6641662E-01 -0.8252113E-01 -0.9635176E-01 -0.1091815 -0.1209959 -0.1335724 -0.1548434 -0.1960363 -0.1960363 -9999.000 -9999.000 -9999.000 -9999.000 -9999.000 -9999.000 -9999.000 -9999.000 -9999.000 -9999.000 -9999.000 -9999.000 -9999.000 -9999.000 -9999.000 -9999.000 -9999.000 -9999.000 -9999.000 -9999.000 -9999.000 -9999.000 -9999.000 -9999.000 -9999.000 -9999.000 -9999.000 -9999.000
-9999.000 -9999.000 -9999.000 -9999.000 -9999.000 -9999.000 -9999.000 -9999.000 -9999.000 -9999.000 -9999.000 -9999.000 -9999.000 -9999.000 -9999.000 -0.8651868E-01 -0.4076089E-01 -0.1805949E-01 -0.6570673E-02 -0.1224702E-01 -0.2741176E-01 -0.4515606E-01 -0.6346409E-01 -0.8156462E-01 -0.9705491E-01 -0.1114914 -0.1247986 -0.1390325 -0.1633853 -0.2141899 -0.2141899 -9999.000 -9999.000 -9999.000 -9999.000 -9999.000 -9999.000 -9999.000 -9999.000 -9999.000 -9999.000 -9999.000 -9999.000 -9999.000 -9999.000 -9999.000 -9999.000 -9999.000 -9999.000 -9999.000 -9999.000 -9999.000 -9999.000 -9999.000 -9999.000 -9999.000 -9999.000 -9999.000 -9999.000
-9999.000 -9999.000 -9999.000 -9999.000 -9999.000 -9999.000 -9999.000 -9999.000 -9999.000 -9999.000 -9999.000 -9999.000 -9999.000 -9999.000 -9999.000 -0.8478025E-01 -0.3438809E-01 -0.9437038E-02 0.3121800E-02 -0.3316636E-02 -0.2027418E-01 -0.4001385E-01 -0.6036421E-01 -0.8050168E-01 -0.9765466E-01 -0.1137254 -0.1285524 -0.1445083 -0.1722027 -0.2347876 -0.2347876 -9999.000 -9999.000 -9999.000 -9999.000 -9999.000 -9999.000 -9999.000 -9999.000 -9999.000 -9999.000 -9999.000 -9999.000 -9999.000 -9999.000 -9999.000 -9999.000 -9999.000 -9999.000 -9999.000 -9999.000 -9999.000 -9999.000 -9999.000 -9999.000 -9999.000 -9999.000 -9999.000 -9999.000
-9999.000 -9999.000 -9999.000 -9999.000 -9999.000 -9999.000 -9999.000 -9999.000 -9999.000 -9999.000 -9999.000 -9999.000 -9999.000 -9999.000 -9999.000 -0.8253862E-01 -0.2752581E-01 -0.3379320E-03 0.1324431E-01 0.5950944E-02 -0.1289098E-01 -0.3467462E-01 -0.5710465E-01 -0.7931508E-01 -0.9812024E-01 -0.1158454 -0.1322099 -0.1499513 -0.1812863 -0.2585142 -0.2585142 -9999.000 -9999.000 -9999.000 -9999.000 -9999.000 -9999.000 -9999.000 -9999.000 -9999.000 -9999.000 -9999.000 -9999.000 -9999.000 -9999.000 -9999.000 -9999.000 -9999.000 -9999.000 -9999.000 -9999.000 -9999.000 -9999.000 -9999.000 -9999.000 -9999.000 -9999.000 -9999.000 -9999.000
-9999.000 -9999.000 -9999.000 -9999.000 -9999.000 -9999.000 -9999.000 -9999.000 -9999.000 -9999.000 -9999.000 -9999.000 -9999.000 -9999.000 -9999.000 -0.7801627E-01 -0.1872746E-01 0.1028869E-01 0.2405469E-01 0.1523907E-01 -0.5740888E-02 -0.2960605E-01 -0.5411465E-01 -0.7838172E-01 -0.9876103E-01 -0.1181041 -0.1359694 -0.1555229 -0.1908191 -0.2865731 -0.2865731 -9999.000 -9999.000 -9999.000 -9999.000 -9999.000 -9999.000 -9999.000 -9999.000 -9999.000 -9999.000 -9999.000 -9999.000 -9999.000 -9999.000 -9999.000 -9999.000 -9999.000 -9999.000 -9999.000 -9999.000 -9999.000 -9999.000 -9999.000 -9999.000 -9999.000 -9999.000 -9999.000 -9999.000
-9999.000 -9999.000 -9999.000 -9999.000 -9999.000 -9999.000 -9999.000 -9999.000 -9999.000 -9999.000 -9999.000 -9999.000 -9999.000 -9999.000 -9999.000 -0.1040381E-01 0.1700435E-01 0.2720140E-01 0.2502816E-01 0.7827033E-02 -0.1438395E-01 -0.3757119E-01 -0.6148161E-01 -0.8540595E-01 -0.1052844 -0.1246149 -0.1426711 -0.1630453 -0.2017222 -0.3189436 -0.3189436 -9999.000 -9999.000 -9999.000 -9999.000 -9999.000 -9999.000 -9999.000 -9999.000 -9999.000 -9999.000 -9999.000 -9999.000 -9999.000 -9999.000 -9999.000 -9999.000 -9999.000 -9999.000 -9999.000 -9999.000 -9999.000 -9999.000 -9999.000 -9999.000 -9999.000 -9999.000 -9999.000 -9999.000
-0.4259074E-02 -0.4259074E-02 -0.5002924E-02 -0.6676105E-02 -0.6595034E-02 -0.6595034E-02 -0.6570864E-02 -0.6560354E-02 -0.6560354E-02 -0.6541031E-02 -0.6541031E-02 -0.6508855E-02 -0.6490377E-02 -0.6470676E-02 -0.6450973E-02 -0.6450973E-02 0.4225773E-01 0.3965845E-01 0.2619781E-01 0.3950114E-02 -0.2315711E-01 -0.5327884E-01 -0.8548652E-01 -0.1187016 -0.1507775 -0.1813608 -0.2097739 -0.2367124 -0.2682800 -0.3347871 -0.3347871 -0.1907963 -0.1060325 -0.4010145E-01 -0.3104846E-01 -0.3104846E-01 -0.2510387E-01 -0.2510387E-01 -0.1541417E-01 -0.1541417E-01 -0.5610386E-02 0.2173834E-01 0.2173834E-01 0.3429033E-01 0.3429033E-01 -0.8355947E-03 -0.8355947E-03 -0.8355947E-03 -0.1428004E-02 -0.1428004E-02 -0.8701028E-03 -0.8701028E-03 -0.1276419E-02 -0.1276419E-02 -0.2306221E-02 -0.2306221E-02 -0.3439958E-02 -0.3439958E-02 -0.3439958E-02
-0.6235274E-02 -0.6235274E-02 -0.7511635E-02 -0.9528062E-02 -0.9282433E-02 -0.9282433E-02 -0.9212513E-02 -0.9217471E-02 -0.9217471E-02 -0.9220361E-02 -0.9220361E-02 -0.9197783E-02 -0.9182025E-02 -0.9164670E-02 -0.9149256E-02 -0.9149256E-02 0.3519938E-01 0.3432244E-01 0.2119212E-01 -0.1911688E-02 -0.3432434E-01 -0.7418846E-01 -0.1192392 -0.1675220 -0.2176870 -0.2673547 -0.3149458 -0.3586766 -0.3961684 -0.4223458 -0.4223458 -0.2921092 -0.1988019 -0.1085155 -0.9062663E-01 -0.9062663E-01 -0.7007263E-01 -0.7007263E-01 -0.3568788E-01 -0.3568788E-01 -0.5831218E-02 0.6986505E-01 0.6986505E-01 0.1093830 0.1093830 0.3329041E-01 0.3329041E-01 0.3329041E-01 0.1145248E-01 0.1145248E-01 0.1947758E-02 0.1947758E-02 -0.3631217E-02 -0.3631217E-02 -0.7799487E-02 -0.7799487E-02 -0.1093342E-01 -0.1093342E-01 -0.1093342E-01
-0.4441563E-02 -0.4441563E-02 -0.6723470E-02 -0.8159077E-02 -0.7843676E-02 -0.7843676E-02 -0.7741156E-02 -0.7769592E-02 -0.7769592E-02 -0.7810224E-02 -0.7810224E-02 -0.7815438E-02 -0.7812200E-02 -0.7807729E-02 -0.7809102E-02 -0.7809102E-02 0.2392779E-01 0.2369720E-01 0.1125773E-01 -0.1171871E-01 -0.4441040E-01 -0.8544116E-01 -0.1330715 -0.1856609 -0.2420137 -0.3002751 -0.3588224 -0.4157839 -0.4683338 -0.5100627 -0.5100627 -0.4299811 -0.3508498 -0.2402957 -0.2053733 -0.2053733 -0.1474395 -0.1474395 -0.6132548E-01 -0.6132548E-01 0.1109444E-02 0.1372514 0.1372514 0.2107872 0.2107872 0.1088943 0.1088943 0.1088943 0.4568300E-01 0.4568300E-01 0.1150954E-01 0.1150954E-01 -0.6892988E-02 -0.6892988E-02 -0.1767327E-01 -0.1767327E-01 -0.2408208E-01 -0.2408208E-01 -0.2408208E-01
-0.2649088E-02 -0.2649088E-02 -0.5901124E-02 -0.6670107E-02 -0.6313068E-02 -0.6313068E-02 -0.6184299E-02 -0.6208749E-02 -0.6208749E-02 -0.6253787E-02 -0.6253787E-02 -0.6258287E-02 -0.6254664E-02 -0.6250310E-02 -0.6256370E-02 -0.6256370E-02 0.1315755E-01 0.1087209E-01 -0.2575617E-02 -0.2625395E-01 -0.5930078E-01 -0.1006133 -0.1488335 -0.2025928 -0.2608281 -0.3221804 -0.3853225 -0.4487237 -0.5099517 -0.5631840 -0.5631840 -0.5312654 -0.4779301 -0.3741317 -0.3285560 -0.3285560 -0.2266722 -0.2266722 -0.7067168E-01 -0.7067168E-01 0.2548584E-01 0.1996102 0.1996102 0.2848845 0.2848845 0.1816134 0.1816134 0.1816134 0.8690647E-01 0.8690647E-01 0.2592761E-01 0.2592761E-01 -0.8857002E-02 -0.8857002E-02 -0.2840946E-01 -0.2840946E-01 -0.3890339E-01 -0.3890339E-01 -0.3890339E-01
-0.9240261E-03 -0.9240261E-03 -0.5049012E-02 -0.5132282E-02 -0.4764900E-02 -0.4764900E-02 -0.4630241E-02 -0.4652413E-02 -0.4652413E-02 -0.4695580E-02 -0.4695580E-02 -0.4697648E-02 -0.4693493E-02 -0.4689074E-02 -0.4700839E-02 -0.4700839E-02 0.2893889E-02 -0.3675716E-02 -0.2008695E-01 -0.4584245E-01 -0.8018837E-01 -0.1222380 -0.1709482 -0.2252177 -0.2841072 -0.3465603 -0.4114966 -0.4776967 -0.5432531 -0.6035044 -0.6035044 -0.6064759 -0.5794718 -0.4935606 -0.4393964 -0.4393964 -0.2817432 -0.2817432 -0.5062482E-01 -0.5062482E-01 0.6677953E-01 0.2441562 0.2441562 0.3225343 0.3225343 0.2351950 0.2351950 0.2351950 0.1270692 0.1270692 0.4452352E-01 0.4452352E-01 -0.7251815E-02 -0.7251815E-02 -0.3706843E-01 -0.3706843E-01 -0.5259490E-01 -0.5259490E-01 -0.5259490E-01
0.3794113E-03 0.3794113E-03 -0.3999369E-02 -0.3529996E-02 -0.3214223E-02 -0.3214223E-02 -0.3092450E-02 -0.3090953E-02 -0.3090953E-02 -0.3123613E-02 -0.3123613E-02 -0.3129453E-02 -0.3127815E-02 -0.3125629E-02 -0.3146610E-02 -0.3146610E-02 -0.7454162E-02 -0.2013791E-01 -0.4144446E-01 -0.7089620E-01 -0.1077958 -0.1514173 -0.2009889 -0.2557023 -0.3148208 -0.3775496 -0.4430383 -0.5103128 -0.5778876 -0.6421641 -0.6421641 -0.6684435 -0.6634063 -0.5919171 -0.5220559 -0.5220559 -0.2889269 -0.2889269 -0.5667881E-02 -0.5667881E-02 0.1102479 0.2627357 0.2627357 0.3276356 0.3276356 0.2648173 0.2648173 0.2648173 0.1603302 0.1603302 0.6543103E-01 0.6543103E-01 -0.1372162E-02 -0.1372162E-02 -0.4210709E-01 -0.4210709E-01 -0.6355154E-01 -0.6355154E-01 -0.6355154E-01
0.5553787E-03 0.5553787E-03 -0.2251139E-02 -0.1807331E-02 -0.1627492E-02 -0.1627492E-02 -0.1552811E-02 -0.1536395E-02 -0.1536395E-02 -0.1552949E-02 -0.1552949E-02 -0.1560680E-02 -0.1561624E-02 -0.1561607E-02 -0.1594721E-02 -0.1594721E-02 -0.1874455E-01 -0.3922863E-01 -0.6731496E-01 -0.1021834 -0.1430608 -0.1893071 -0.2403671 -0.2957205 -0.3548960 -0.4173890 -0.4826223 -0.5498850 -0.6180459 -0.6842986 -0.6842986 -0.7252232 -0.7358044 -0.6599577 -0.5560561 -0.5560561 -0.2404756 -0.2404756 0.4225737E-01 0.4225737E-01 0.1378547 0.2558622 0.2558622 0.3092393 0.3092393 0.2719625 0.2719625 0.2719625 0.1824728 0.1824728 0.8561336E-01 0.8561336E-01 0.8179677E-02 0.8179677E-02 -0.4285086E-01 -0.4285086E-01 -0.7069579E-01 -0.7069579E-01 -0.7069579E-01
0.1845937E-04 0.1845937E-04 -0.1318276E-04 -0.2082599E-06 0.8492944E-06 0.8492944E-06 -0.7916533E-06 -0.1885923E-06 -0.1885923E-06 0.8820993E-06 0.8820993E-06 0.6471045E-06 0.4575304E-06 0.1808285E-06 -0.4820971E-04 -0.4820971E-04 -0.3215047E-01 -0.6223346E-01 -0.9900040E-01 -0.1410363 -0.1873685 -0.2373783 -0.2906830 -0.3470282 -0.4062336 -0.4681136 -0.5324116 -0.5987260 -0.6662586 -0.7326373 -0.7326373 -0.7810244 -0.7980472 -0.6765791 -0.5170417 -0.5170417 -0.1587026 -0.1587026 0.7184789E-01 0.7184789E-01 0.1418460 0.2305520 0.2305520 0.2765477 0.2765477 0.2610379 0.2610379 0.2610379 0.1913236 0.1913236 0.1015424 0.1015424 0.1964589E-01 0.1964589E-01 -0.3941150E-01 -0.3941150E-01 -0.7333050E-01 -0.7333050E-01 -0.7333050E-01
-0.5005968E-03 -0.5005968E-03 0.2204273E-02 0.1812884E-02 0.1630921E-02 0.1630921E-02 0.1550156E-02 0.1534109E-02 0.1534109E-02 0.1553948E-02 0.1553948E-02 0.1561842E-02 0.1562509E-02 0.1562126E-02 0.1492330E-02 0.1492330E-02 -0.4934081E-01 -0.9117885E-01 -0.1386441 -0.1895920 -0.2427976 -0.2976508 -0.3539323 -0.4116453 -0.4709094 -0.5318689 -0.5946118 -0.6590794 -0.7247392 -0.7889115 -0.7889115 -0.8364232 -0.8426685 -0.6104600 -0.4022359 -0.4022359 -0.8319872E-01 -0.8319872E-01 0.7695017E-01 0.7695017E-01 0.1265106 0.1953986 0.1953986 0.2366643 0.2366643 0.2370964 0.2370964 0.2370964 0.1869198 0.1869198 0.1102327 0.1102327 0.3057176E-01 0.3057176E-01 -0.3262303E-01 -0.3262303E-01 -0.7115826E-01 -0.7115826E-01 -0.7115826E-01
-0.3821888E-03 -0.3821888E-03 0.3995930E-02 0.3532686E-02 0.3216552E-02 0.3216552E-02 0.3093464E-02 0.3090924E-02 0.3090924E-02 0.3123468E-02 0.3123468E-02 0.3129490E-02 0.3127925E-02 0.3125878E-02 0.3024842E-02 0.3024842E-02 -0.7286892E-01 -0.1292303 -0.1896089 -0.2511525 -0.3124579 -0.3730004 -0.4327781 -0.4920800 -0.5513416 -0.6110398 -0.6716101 -0.7333270 -0.7956321 -0.8532817 -0.8532817 -0.8841559 -0.8419087 -0.4554136 -0.2564388 -0.2564388 -0.3843492E-01 -0.3843492E-01 0.6471384E-01 0.6471384E-01 0.1010778 0.1569807 0.1569807 0.1940765 0.1940765 0.2045255 0.2045255 0.2045255 0.1709577 0.1709577 0.1100323 0.1100323 0.3850991E-01 0.3850991E-01 -0.2384005E-01 -0.2384005E-01 -0.6432337E-01 -0.6432337E-01 -0.6432337E-01
0.8686940E-03 0.8686940E-03 0.5087721E-02 0.5130628E-02 0.4764950E-02 0.4764950E-02 0.4634019E-02 0.4654523E-02 0.4654523E-02 0.4694577E-02 0.4694577E-02 0.4696641E-02 0.4692805E-02 0.4688905E-02 0.4543940E-02 0.4543940E-02 -0.1069480 -0.1814685 -0.2571672 -0.3307800 -0.4010008 -0.4676008 -0.5309361 -0.5916607 -0.6505626 -0.7084600 -0.7661252 -0.8240771 -0.8805667 -0.9196804 -0.9196804 -0.8932267 -0.7375031 -0.2699497 -0.1408235 -0.1408235 -0.2198706E-01 -0.2198706E-01 0.4553242E-01 0.4553242E-01 0.7330534E-01 0.1190665 0.1190665 0.1512469 0.1512469 0.1666616 0.1666616 0.1666616 0.1459388 0.1459388 0.1008243 0.1008243 0.4165632E-01 0.4165632E-01 -0.1461218E-01 -0.1461218E-01 -0.5340213E-01 -0.5340213E-01 -0.5340213E-01
0.2631968E-02 0.2631968E-02 0.5915164E-02 0.6670599E-02 0.6311820E-02 0.6311820E-02 0.6183986E-02 0.6208015E-02 0.6208015E-02 0.6252454E-02 0.6252454E-02 0.6257418E-02 0.6254124E-02 0.6250250E-02 0.6044316E-02 0.6044316E-02 -0.1590745 -0.2564193 -0.3498004 -0.4363609 -0.5154913 -0.5876515 -0.6537937 -0.7150698 -0.7726827 -0.8278041 -0.8815273 -0.9342556 -0.9779837 -0.9555908 -0.9555908 -0.7837318 -0.4973171 -0.1329291 -0.7794922E-01 -0.7794922E-01 -0.1928212E-01 -0.1928212E-01 0.2634791E-01 0.2634791E-01 0.4741918E-01 0.8338748E-01 0.8338748E-01 0.1095166 0.1095166 0.1259905 0.1259905 0.1259905 0.1145688 0.1145688 0.8380961E-01 0.8380961E-01 0.3931443E-01 0.3931443E-01 -0.6246924E-02 -0.6246924E-02 -0.3929734E-01 -0.3929734E-01 -0.3929734E-01
