cruce_test.gid/Rasters/Hydraulic/Velocity__x_93.0.asc
NCOLS        79
NROWS        79
XLLCENTER         -1.500000
YLLCENTER         -4.800000
CELLSIZE           0.100
NODATA_VALUE     -9999.0
[rows 0 to 25 of 79, columns 0 to 57 of 79]
-9999.000 -9999.000 -9999.000 -9999.000 -9999.000 -9999.000 -9999.000 -9999.000 -9999.000 -9999.000 -9999.000 -9999.000 -9999.000 -9999.000 -9999.000 0.2406153E-03 0.1342710E-02 0.3238756E-02 0.4970070E-02 0.6498292E-02 0.7844441E-02 0.9030649E-02 0.1006175E-01 0.1090741E-01 0.1148042E-01 0.1160699E-01 0.1098227E-01 0.9103800E-02 0.5253016E-02 0.1787260E-02 0.1787260E-02 -9999.000 -9999.000 -9999.000 -9999.000 -9999.000 -9999.000 -9999.000 -9999.000 -9999.000 -9999.000 -9999.000 -9999.000 -9999.000 -9999.000 -9999.000 -9999.000 -9999.000 -9999.000 -9999.000 -9999.000 -9999.000 -9999.000 -9999.000 -9999.000 -9999.000 -9999.000 -9999.000
-9999.000 -9999.000 -9999.000 -9999.000 -9999.000 -9999.000 -9999.000 -9999.000 -9999.000 -9999.000 -9999.000 -9999.000 -9999.000 -9999.000 -9999.000 0.1081910E-02 0.3205028E-02 0.6280363E-02 0.9174907E-02 0.1178959E-01 0.1409426E-01 0.1606518E-01 0.1766036E-01 0.1879683E-01 0.1932807E-01 0.1901914E-01 0.1751813E-01 0.1432280E-01 0.8818300E-02 0.3568258E-02 0.3568258E-02 -9999.000 -9999.000 -9999.000 -9999.000 -9999.000 -9999.000 -9999.000 -9999.000 -9999.000 -9999.000 -9999.000 -9999.000 -9999.000 -9999.000 -9999.000 -9999.000 -9999.000 -9999.000 -9999.000 -9999.000 -9999.000 -9999.000 -9999.000 -9999.000 -9999.000 -9999.000 -9999.000
-9999.000 -9999.000 -9999.000 -9999.000 -9999.000 -9999.000 -9999.000 -9999.000 -9999.000 -9999.000 -9999.000 -9999.000 -9999.000 -9999.000 -9999.000 0.1790172E-02 0.4782132E-02 0.8870326E-02 0.1271542E-01 0.1618741E-01 0.1922762E-01 0.2178420E-01 0.2378586E-01 0.2511917E-01 0.2560514E-01 0.2497518E-01 0.2284298E-01 0.1866935E-01 0.1179763E-01 0.5031543E-02 0.5031543E-02 -9999.000 -9999.000 -9999.000 -9999.000 -9999.000 -9999.000 -9999.000 -9999.000 -9999.000 -9999.000 -9999.000 -9999.000 -9999.000 -9999.000 -9999.000 -9999.000 -9999.000 -9999.000 -9999.000 -9999.000 -9999.000 -9999.000 -9999.000 -9999.000 -9999.000 -9999.000 -9999.000
-9999.000 -9999.000 -9999.000 -9999.000 -9999.000 -9999.000 -9999.000 -9999.000 -9999.000 -9999.000 -9999.000 -9999.000 -9999.000 -9999.000 -9999.000 0.2411439E-02 0.6155316E-02 0.1110971E-01 0.1576156E-01 0.1995711E-01 0.2361820E-01 0.2667421E-01 0.2903455E-01 0.3056380E-01 0.3105745E-01 0.3021471E-01 0.2760751E-01 0.2263932E-01 0.1457359E-01 0.6407104E-02 0.6407104E-02 -9999.000 -9999.000 -9999.000 -9999.000 -9999.000 -9999.000 -9999.000 -9999.000 -9999.000 -9999.000 -9999.000 -9999.000 -9999.000 -9999.000 -9999.000 -9999.000 -9999.000 -9999.000 -9999.000 -9999.000 -9999.000 -9999.000 -9999.000 -9999.000 -9999.000 -9999.000 -9999.000
-9999.000 -9999.000 -9999.000 -9999.000 -9999.000 -9999.000 -9999.000 -9999.000 -9999.000 -9999.000 -9999.000 -9999.000 -9999.000 -9999.000 -9999.000 0.2987813E-02 0.7414428E-02 0.1314135E-01 0.1851401E-01 0.2336172E-01 0.2759216E-01 0.3112124E-01 0.3384311E-01 0.3560348E-01 0.3617164E-01 0.3521007E-01 0.3223773E-01 0.2658092E-01 0.1738997E-01 0.7819475E-02 0.7819475E-02 -9999.000 -9999.000 -9999.000 -9999.000 -9999.000 -9999.000 -9999.000 -9999.000 -9999.000 -9999.000 -9999.000 -9999.000 -9999.000 -9999.000 -9999.000 -9999.000 -9999.000 -9999.000 -9999.000 -9999.000 -9999.000 -9999.000 -9999.000 -9999.000 -9999.000 -9999.000 -9999.000
-9999.000 -9999.000 -9999.000 -9999.000 -9999.000 -9999.000 -9999.000 -9999.000 -9999.000 -9999.000 -9999.000 -9999.000 -9999.000 -9999.000 -9999.000 0.3557368E-02 0.8639609E-02 0.1509150E-01 0.2114393E-01 0.2661585E-01 0.3140485E-01 0.3541632E-01 0.3853145E-01 0.4057653E-01 0.4129210E-01 0.4029641E-01 0.3704232E-01 0.3075662E-01 0.2043668E-01 0.9366340E-02 0.9366340E-02 -9999.000 -9999.000 -9999.000 -9999.000 -9999.000 -9999.000 -9999.000 -9999.000 -9999.000 -9999.000 -9999.000 -9999.000 -9999.000 -9999.000 -9999.000 -9999.000 -9999.000 -9999.000 -9999.000 -9999.000 -9999.000 -9999.000 -9999.000 -9999.000 -9999.000 -9999.000 -9999.000
-9999.000 -9999.000 -9999.000 -9999.000 -9999.000 -9999.000 -9999.000 -9999.000 -9999.000 -9999.000 -9999.000 -9999.000 -9999.000 -9999.000 -9999.000 0.4152490E-02 0.9898444E-02 0.1706457E-01 0.2379044E-01 0.2989133E-01 0.3525788E-01 0.3978728E-01 0.4334863E-01 0.4574836E-01 0.4669306E-01 0.4574833E-01 0.4228497E-01 0.3540269E-01 0.2389722E-01 0.1114597E-01 0.1114597E-01 -9999.000 -9999.000 -9999.000 -9999.000 -9999.000 -9999.000 -9999.000 -9999.000 -9999.000 -9999.000 -9999.000 -9999.000 -9999.000 -9999.000 -9999.000 -9999.000 -9999.000 -9999.000 -9999.000 -9999.000 -9999.000 -9999.000 -9999.000 -9999.000 -9999.000 -9999.000 -9999.000
-9999.000 -9999.000 -9999.000 -9999.000 -9999.000 -9999.000 -9999.000 -9999.000 -9999.000 -9999.000 -9999.000 -9999.000 -9999.000 -9999.000 -9999.000 0.4801004E-02 0.1124820E-01 0.1914865E-01 0.2657077E-01 0.3333262E-01 0.3932133E-01 0.4442834E-01 0.4851120E-01 0.5135464E-01 0.5262694E-01 0.5182977E-01 0.4823258E-01 0.4077420E-01 0.2798356E-01 0.1327681E-01 0.1327681E-01 -9999.000 -9999.000 -9999.000 -9999.000 -9999.000 -9999.000 -9999.000 -9999.000 -9999.000 -9999.000 -9999.000 -9999.000 -9999.000 -9999.000 -9999.000 -9999.000 -9999.000 -9999.000 -9999.000 -9999.000 -9999.000 -9999.000 -9999.000 -9999.000 -9999.000 -9999.000 -9999.000
-9999.000 -9999.000 -9999.000 -9999.000 -9999.000 -9999.000 -9999.000 -9999.000 -9999.000 -9999.000 -9999.000 -9999.000 -9999.000 -9999.000 -9999.000 0.5528180E-02 0.1274119E-01 0.2142451E-01 0.2959269E-01 0.3707419E-01 0.4375644E-01 0.4952720E-01 0.5423371E-01 0.5763764E-01 0.5936297E-01 0.5883536E-01 0.5519888E-01 0.4718750E-01 0.3297609E-01 0.1592160E-01 0.1592160E-01 -9999.000 -9999.000 -9999.000 -9999.000 -9999.000 -9999.000 -9999.000 -9999.000 -9999.000 -9999.000 -9999.000 -9999.000 -9999.000 -9999.000 -9999.000 -9999.000 -9999.000 -9999.000 -9999.000 -9999.000 -9999.000 -9999.000 -9999.000 -9999.000 -9999.000 -9999.000 -9999.000
-9999.000 -9999.000 -9999.000 -9999.000 -9999.000 -9999.000 -9999.000 -9999.000 -9999.000 -9999.000 -9999.000 -9999.000 -9999.000 -9999.000 -9999.000 0.6358889E-02 0.1442970E-01 0.2397419E-01 0.3296820E-01 0.4125883E-01 0.4873741E-01 0.5529177E-01 0.6076096E-01 0.6488223E-01 0.6722952E-01 0.6713793E-01 0.6359693E-01 0.5507842E-01 0.3928160E-01 0.1932389E-01 0.1932389E-01 -9999.000 -9999.000 -9999.000 -9999.000 -9999.000 -9999.000 -9999.000 -9999.000 -9999.000 -9999.000 -9999.000 -9999.000 -9999.000 -9999.000 -9999.000 -9999.000 -9999.000 -9999.000 -9999.000 -9999.000 -9999.000 -9999.000 -9999.000 -9999.000 -9999.000 -9999.000 -9999.000
-9999.000 -9999.000 -9999.000 -9999.000 -9999.000 -9999.000 -9999.000 -9999.000 -9999.000 -9999.000 -9999.000 -9999.000 -9999.000 -9999.000 -9999.000 0.7320954E-02 0.1637292E-01 0.2689340E-01 0.3683008E-01 0.4605804E-01 0.5447840E-01 0.6198345E-01 0.6840737E-01 0.7346348E-01 0.7666996E-01 0.7725516E-01 0.7401875E-01 0.6509446E-01 0.4753505E-01 0.2387498E-01 0.2387498E-01 -9999.000 -9999.000 -9999.000 -9999.000 -9999.000 -9999.000 -9999.000 -9999.000 -9999.000 -9999.000 -9999.000 -9999.000 -9999.000 -9999.000 -9999.000 -9999.000 -9999.000 -9999.000 -9999.000 -9999.000 -9999.000 -9999.000 -9999.000 -9999.000 -9999.000 -9999.000 -9999.000
-9999.000 -9999.000 -9999.000 -9999.000 -9999.000 -9999.000 -9999.000 -9999.000 -9999.000 -9999.000 -9999.000 -9999.000 -9999.000 -9999.000 -9999.000 0.8448602E-02 0.1864599E-01 0.3030660E-01 0.4135495E-01 0.5170483E-01 0.6127405E-01 0.6996705E-01 0.7761902E-01 0.8392236E-01 0.8833620E-01 0.8996575E-01 0.8737770E-01 0.7826915E-01 0.5880032E-01 0.3024970E-01 0.3024970E-01 -9999.000 -9999.000 -9999.000 -9999.000 -9999.000 -9999.000 -9999.000 -9999.000 -9999.000 -9999.000 -9999.000 -9999.000 -9999.000 -9999.000 -9999.000 -9999.000 -9999.000 -9999.000 -9999.000 -9999.000 -9999.000 -9999.000 -9999.000 -9999.000 -9999.000 -9999.000 -9999.000
-9999.000 -9999.000 -9999.000 -9999.000 -9999.000 -9999.000 -9999.000 -9999.000 -9999.000 -9999.000 -9999.000 -9999.000 -9999.000 -9999.000 -9999.000 0.9792045E-02 0.2135996E-01 0.3439999E-01 0.4680898E-01 0.5855226E-01 0.6957509E-01 0.7980531E-01 0.8909060E-01 0.9711119E-01 0.1032688 0.1065331 0.1051931 0.9638226E-01 0.7501160E-01 0.3971004E-01 0.3971004E-01 -9999.000 -9999.000 -9999.000 -9999.000 -9999.000 -9999.000 -9999.000 -9999.000 -9999.000 -9999.000 -9999.000 -9999.000 -9999.000 -9999.000 -9999.000 -9999.000 -9999.000 -9999.000 -9999.000 -9999.000 -9999.000 -9999.000 -9999.000 -9999.000 -9999.000 -9999.000 -9999.000
-9999.000 -9999.000 -9999.000 -9999.000 -9999.000 -9999.000 -9999.000 -9999.000 -9999.000 -9999.000 -9999.000 -9999.000 -9999.000 -9999.000 -9999.000 0.1153387E-01 0.2487384E-01 0.3972076E-01 0.5391097E-01 0.6747974E-01 0.8042149E-01 0.9271221E-01 0.1042385 0.1146945 0.1234469 0.1293398 0.1303560 0.1229253 0.1002000 0.5502785E-01 0.5502785E-01 -9999.000 -9999.000 -9999.000 -9999.000 -9999.000 -9999.000 -9999.000 -9999.000 -9999.000 -9999.000 -9999.000 -9999.000 -9999.000 -9999.000 -9999.000 -9999.000 -9999.000 -9999.000 -9999.000 -9999.000 -9999.000 -9999.000 -9999.000 -9999.000 -9999.000 -9999.000 -9999.000
-9999.000 -9999.000 -9999.000 -9999.000 -9999.000 -9999.000 -9999.000 -9999.000 -9999.000 -9999.000 -9999.000 -9999.000 -9999.000 -9999.000 -9999.000 0.2652479E-01 0.4662991E-01 0.6697566E-01 0.8450280E-01 0.1000332 0.1141199 0.1271442 0.1392857 0.1504459 0.1601227 0.1671866 0.1694310 0.1625642 0.1374595 0.7248627E-01 0.7248627E-01 -9999.000 -9999.000 -9999.000 -9999.000 -9999.000 -9999.000 -9999.000 -9999.000 -9999.000 -9999.000 -9999.000 -9999.000 -9999.000 -9999.000 -9999.000 -9999.000 -9999.000 -9999.000 -9999.000 -9999.000 -9999.000 -9999.000 -9999.000 -9999.000 -9999.000 -9999.000 -9999.000
1.788723 1.788723 1.854856 1.886837 1.894756 1.894756 1.900358 1.907421 1.907421 1.911078 1.911078 1.912449 1.912460 1.912089 1.730745 1.730745 1.403305 1.342073 1.271501 1.192122 1.105379 1.013542 0.9197187 0.8278557 0.7427106 0.6698474 0.6159502 0.5902675 0.6097543 0.6993542 0.6993542 1.619222 1.828772 1.870096 1.833247 1.833247 1.726537 1.726537 1.459863 1.459863 1.175709 1.003837 1.003837 0.9932745 0.9932745 1.033021 1.033021 1.033021 1.084670 1.084670 1.131689 1.131689 1.171721 1.171721 1.215392 1.215392 1.242126 1.242126
1.804312 1.804312 1.876170 1.923295 1.939233 1.939233 1.952938 1.976249 1.976249 1.996073 1.996073 2.013480 2.021457 2.029016 1.945436 1.945436 1.657696 1.639239 1.612707 1.575816 1.527939 1.469261 1.400833 1.324700 1.244160 1.164276 1.092847 1.042311 1.034428 1.111676 1.111676 1.673770 1.851412 1.965142 1.979154 1.979154 1.955154 1.955154 1.836064 1.836064 1.647774 1.381631 1.381631 1.381186 1.381186 1.430541 1.430541 1.430541 1.484337 1.484337 1.534059 1.534059 1.564875 1.564875 1.618014 1.618014 1.651138 1.651138
1.808027 1.808027 1.877669 1.923815 1.939731 1.939731 1.953533 1.977210 1.977210 1.997502 1.997502 2.015444 2.023711 2.031577 1.985044 1.985044 1.706647 1.706737 1.703078 1.691863 1.672149 1.643486 1.606012 1.560646 1.509339 1.455447 1.404484 1.365733 1.356358 1.415801 1.415801 1.808140 1.968969 2.107528 2.136225 2.136225 2.134960 2.134960 2.058290 2.058290 1.951404 1.708091 1.708091 1.673701 1.673701 1.711554 1.711554 1.711554 1.757396 1.757396 1.798754 1.798754 1.831641 1.831641 1.869582 1.869582 1.896939 1.896939
1.810924 1.810924 1.878887 1.924016 1.939774 1.939774 1.953515 1.977190 1.977190 1.997512 1.997512 2.015473 2.023746 2.031619 2.004637 2.004637 1.732817 1.738895 1.745297 1.745482 1.738993 1.725752 1.705994 1.680409 1.650389 1.618297 1.587989 1.565892 1.563918 1.613759 1.613759 1.907823 2.045261 2.181641 2.211421 2.211421 2.215600 2.215600 2.162916 2.162916 2.103005 1.919652 1.919652 1.851656 1.851656 1.880045 1.880045 1.880045 1.919479 1.919479 1.955764 1.955764 1.985303 1.985303 2.015997 2.015997 2.039782 2.039782
1.813106 1.813106 1.879879 1.924191 1.939805 1.939805 1.953487 1.977158 1.977158 1.997501 1.997501 2.015472 2.023746 2.031618 2.017159 2.017159 1.762921 1.768056 1.780378 1.786548 1.786296 1.780067 1.768588 1.752889 1.734467 1.715368 1.698524 1.688387 1.692586 1.736688 1.736688 1.966156 2.082494 2.204656 2.228825 2.228825 2.229316 2.229316 2.197347 2.197347 2.168743 2.057796 2.057796 1.977516 1.977516 1.986603 1.986603 1.986603 2.020588 2.020588 2.053432 2.053432 2.080755 2.080755 2.107001 2.107001 2.127984 2.127984
1.814625 1.814625 1.880611 1.924327 1.939827 1.939827 1.953462 1.977130 1.977130 1.997493 1.997493 2.015471 2.023746 2.031617 2.025197 2.025197 1.805537 1.800027 1.816526 1.827083 1.830689 1.827984 1.820088 1.808385 1.794811 1.781580 1.771363 1.767546 1.775873 1.815046 1.815046 1.989013 2.087619 2.185417 2.200555 2.200555 2.200205 2.200205 2.194112 2.194112 2.188684 2.141118 2.141118 2.074897 2.074897 2.062382 2.062382 2.062382 2.089046 2.089046 2.117982 2.117982 2.143100 2.143100 2.165839 2.165839 2.184016 2.184016
1.815522 1.815522 1.881059 1.924414 1.939841 1.939841 1.953444 1.977111 1.977111 1.997488 1.997488 2.015471 2.023746 2.031616 2.030320 2.030320 1.858926 1.838067 1.856140 1.869882 1.876367 1.875922 1.869677 1.859259 1.846872 1.835069 1.826739 1.825038 1.833341 1.862293 1.862293 1.988310 2.065036 2.129411 2.137654 2.137654 2.149431 2.149431 2.173761 2.173761 2.185925 2.184918 2.184918 2.147791 2.147791 2.122563 2.122563 2.122563 2.140097 2.140097 2.163670 2.163670 2.185611 2.185611 2.204811 2.204811 2.219978 2.219978
1.815818 1.815818 1.881209 1.924444 1.939846 1.939846 1.953439 1.977104 1.977104 1.997486 1.997486 2.015471 2.023746 2.031617 2.033571 2.033571 1.915148 1.886606 1.900884 1.916324 1.925009 1.926185 1.920720 1.910273 1.897200 1.884350 1.874897 1.871842 1.875571 1.887014 1.887014 1.965237 2.011969 2.044182 2.054665 2.054665 2.093355 2.093355 2.146893 2.146893 2.171971 2.202497 2.202497 2.196309 2.196309 2.172413 2.172413 2.172413 2.181295 2.181295 2.198229 2.198229 2.215623 2.215623 2.230847 2.230847 2.242757 2.242757
1.815522 1.815522 1.881059 1.924414 1.939841 1.939841 1.953444 1.977111 1.977111 1.997488 1.997488 2.015471 2.023746 2.031616 2.035623 2.035623 1.970170 1.944657 1.953437 1.968126 1.977661 1.979635 1.974308 1.963114 1.948376 1.933090 1.920672 1.913811 1.907742 1.888899 1.888899 1.910872 1.923056 1.944220 1.968169 1.968169 2.040562 2.040562 2.117742 2.117742 2.152105 2.203731 2.203731 2.223323 2.223323 2.212283 2.212283 2.212283 2.215550 2.215550 2.225660 2.225660 2.237414 2.237414 2.247973 2.247973 2.256229 2.256229
1.814625 1.814625 1.880611 1.924327 1.939827 1.939827 1.953461 1.977129 1.977129 1.997493 1.997493 2.015471 2.023745 2.031617 2.036915 2.036915 2.023132 2.009842 2.015346 2.027065 2.035391 2.036792 2.030719 2.018144 2.001129 1.982619 1.966138 1.953439 1.928704 1.856014 1.856014 1.812270 1.801725 1.846629 1.889272 1.889272 1.993241 1.993241 2.087927 2.087927 2.129037 2.195074 2.195074 2.233812 2.233812 2.241195 2.241195 2.241195 2.243026 2.243026 2.247439 2.247439 2.253077 2.253077 2.258327 2.258327 2.262537 2.262537
1.813106 1.813106 1.879880 1.924191 1.939804 1.939804 1.953486 1.977158 1.977158 1.997502 1.997502 2.015472 2.023746 2.031618 2.037722 2.037722 2.076177 2.080229 2.086571 2.094443 2.099279 2.098118 2.089926 2.075104 2.055244 2.033006 2.011799 1.990522 1.926751 1.760273 1.760273 1.672873 1.673223 1.759912 1.815387 1.815387 1.949261 1.949261 2.057110 2.057110 2.103380 2.179704 2.179704 2.232116 2.232116 2.258399 2.258399 2.258399 2.262400 2.262400 2.263069 2.263069 2.262889 2.262889 2.262555 2.262555 2.262524 2.262524
