cruce_test.gid/Rasters/Hydraulic/Velocity__y_189.0.asc
NCOLS        79
NROWS        79
XLLCENTER         -1.500000
YLLCENTER         -4.800000
CELLSIZE           0.100
NODATA_VALUE     -9999.0
[rows 0 to 26 of 79, columns 0 to 58 of 79]
-9999.000 -9999.000 -9999.000 -9999.000 -9999.000 -9999.000 -9999.000 -9999.000 -9999.000 -9999.000 -9999.000 -9999.000 -9999.000 -9999.000 -9999.000 -0.9256933E-01 -0.8951701E-01 -0.8812995E-01 -0.8746509E-01 -0.8784766E-01 -0.8861627E-01 -0.8943874E-01 -0.9024572E-01 -0.9099653E-01 -0.9160734E-01 -0.9214677E-01 -0.9264199E-01 -0.9323418E-01 -0.9447042E-01 -0.9573839E-01 -0.9573839E-01 -9999.000 -9999.000 -9999.000 -9999.000 -9999.000 -9999.000 -9999.000 -9999.000 -9999.000 -9999.000 -9999.000 -9999.000 -9999.000 -9999.000 -9999.000 -9999.000 -9999.000 -9999.000 -9999.000 -9999.000 -9999.000 -9999.000 -9999.000 -9999.000 -9999.000 -9999.000 -9999.000 -9999.000
-9999.000 -9999.000 -9999.000 -9999.000 -9999.000 -9999.000 -9999.000 -9999.000 -9999.000 -9999.000 -9999.000 -9999.000 -9999.000 -9999.000 -9999.000 -0.9310802E-01 -0.8667324E-01 -0.8370085E-01 -0.8229155E-01 -0.8314841E-01 -0.8487417E-01 -0.8675381E-01 -0.8862697E-01 -0.9039553E-01 -0.9187200E-01 -0.9319439E-01 -0.9441259E-01 -0.9581760E-01 -0.9855186E-01 -0.1016339 -0.1016339 -9999.000 -9999.000 -9999.000 -9999.000 -9999.000 -9999.000 -9999.000 -9999.000 -9999.000 -9999.000 -9999.000 -9999.000 -9999.000 -9999.000 -9999.000 -9999.000 -9999.000 -9999.000 -9999.000 -9999.000 -9999.000 -9999.000 -9999.000 -9999.000 -9999.000 -9999.000 -9999.000 -9999.000
-9999.000 -9999.000 -9999.000 -9999.000 -9999.000 -9999.000 -9999.000 -9999.000 -9999.000 -9999.000 -9999.000 -9999.000 -9999.000 -9999.000 -9999.000 -0.9267227E-01 -0.8251452E-01 -0.7771410E-01 -0.7548490E-01 -0.7697719E-01 -0.7995130E-01 -0.8324043E-01 -0.8656672E-01 -0.8975211E-01 -0.9247446E-01 -0.9494285E-01 -0.9722026E-01 -0.9976120E-01 -0.1043813 -0.1100012 -0.1100012 -9999.000 -9999.000 -9999.000 -9999.000 -9999.000 -9999.000 -9999.000 -9999.000 -9999.000 -9999.000 -9999.000 -9999.000 -9999.000 -9999.000 -9999.000 -9999.000 -9999.000 -9999.000 -9999.000 -9999.000 -9999.000 -9999.000 -9999.000 -9999.000 -9999.000 -9999.000 -9999.000 -9999.000
-9999.000 -9999.000 -9999.000 -9999.000 -9999.000 -9999.000 -9999.000 -9999.000 -9999.000 -9999.000 -9999.000 -9999.000 -9999.000 -9999.000 -9999.000 -0.9177229E-01 -0.7788025E-01 -0.7124234E-01 -0.6821740E-01 -0.7041816E-01 -0.7473617E-01 -0.7954031E-01 -0.8443333E-01 -0.8915346E-01 -0.9323310E-01 -0.9695514E-01 -0.1003906 -0.1041591 -0.1107823 -0.1194084 -0.1194084 -9999.000 -9999.000 -9999.000 -9999.000 -9999.000 -9999.000 -9999.000 -9999.000 -9999.000 -9999.000 -9999.000 -9999.000 -9999.000 -9999.000 -9999.000 -9999.000 -9999.000 -9999.000 -9999.000 -9999.000 -9999.000 -9999.000 -9999.000 -9999.000 -9999.000 -9999.000 -9999.000 -9999.000
-9999.000 -9999.000 -9999.000 -9999.000 -9999.000 -9999.000 -9999.000 -9999.000 -9999.000 -9999.000 -9999.000 -9999.000 -9999.000 -9999.000 -9999.000 -0.9063593E-01 -0.7294894E-01 -0.6444515E-01 -0.6062463E-01 -0.6358133E-01 -0.6930885E-01 -0.7569721E-01 -0.8223077E-01 -0.8856121E-01 -0.9406482E-01 -0.9910785E-01 -0.1037641 -0.1088269 -0.1175660 -0.1296978 -0.1296978 -9999.000 -9999.000 -9999.000 -9999.000 -9999.000 -9999.000 -9999.000 -9999.000 -9999.000 -9999.000 -9999.000 -9999.000 -9999.000 -9999.000 -9999.000 -9999.000 -9999.000 -9999.000 -9999.000 -9999.000 -9999.000 -9999.000 -9999.000 -9999.000 -9999.000 -9999.000 -9999.000 -9999.000
-9999.000 -9999.000 -9999.000 -9999.000 -9999.000 -9999.000 -9999.000 -9999.000 -9999.000 -9999.000 -9999.000 -9999.000 -9999.000 -9999.000 -9999.000 -0.8934349E-01 -0.6778694E-01 -0.5738423E-01 -0.5276066E-01 -0.5651151E-01 -0.6370174E-01 -0.7172696E-01 -0.7995700E-01 -0.8795494E-01 -0.9492879E-01 -0.1013424 -0.1072673 -0.1136814 -0.1246559 -0.1408697 -0.1408697 -9999.000 -9999.000 -9999.000 -9999.000 -9999.000 -9999.000 -9999.000 -9999.000 -9999.000 -9999.000 -9999.000 -9999.000 -9999.000 -9999.000 -9999.000 -9999.000 -9999.000 -9999.000 -9999.000 -9999.000 -9999.000 -9999.000 -9999.000 -9999.000 -9999.000 -9999.000 -9999.000 -9999.000
-9999.000 -9999.000 -9999.000 -9999.000 -9999.000 -9999.000 -9999.000 -9999.000 -9999.000 -9999.000 -9999.000 -9999.000 -9999.000 -9999.000 -9999.000 -0.8791001E-01 -0.6240898E-01 -0.5007623E-01 -0.4464006E-01 -0.4922245E-01 -0.5792433E-01 -0.6763252E-01 -0.7760714E-01 -0.8732151E-01 -0.9580164E-01 -0.1036277 -0.1108625 -0.1186827 -0.1320259 -0.1530135 -0.1530135 -9999.000 -9999.000 -9999.000 -9999.000 -9999.000 -9999.000 -9999.000 -9999.000 -9999.000 -9999.000 -9999.000 -9999.000 -9999.000 -9999.000 -9999.000 -9999.000 -9999.000 -9999.000 -9999.000 -9999.000 -9999.000 -9999.000 -9999.000 -9999.000 -9999.000 -9999.000 -9999.000 -9999.000
-9999.000 -9999.000 -9999.000 -9999.000 -9999.000 -9999.000 -9999.000 -9999.000 -9999.000 -9999.000 -9999.000 -9999.000 -9999.000 -9999.000 -9999.000 -0.8631819E-01 -0.5680540E-01 -0.4251447E-01 -0.3625849E-01 -0.4171254E-01 -0.5197531E-01 -0.6340956E-01 -0.7517347E-01 -0.8665020E-01 -0.9666625E-01 -0.1059430 -0.1145258 -0.1238079 -0.1396714 -0.1662814 -0.1662814 -9999.000 -9999.000 -9999.000 -9999.000 -9999.000 -9999.000 -9999.000 -9999.000 -9999.000 -9999.000 -9999.000 -9999.000 -9999.000 -9999.000 -9999.000 -9999.000 -9999.000 -9999.000 -9999.000 -9999.000 -9999.000 -9999.000 -9999.000 -9999.000 -9999.000 -9999.000 -9999.000 -9999.000
-9999.000 -9999.000 -9999.000 -9999.000 -9999.000 -9999.000 -9999.000 -9999.000 -9999.000 -9999.000 -9999.000 -9999.000 -9999.000 -9999.000 -9999.000 -0.8453260E-01 -0.5095271E-01 -0.3468081E-01 -0.2760119E-01 -0.3397179E-01 -0.4584685E-01 -0.5904903E-01 -0.7264586E-01 -0.8592892E-01 -0.9750551E-01 -0.1082689 -0.1182357 -0.1290382 -0.1475967 -0.1808856 -0.1808856 -9999.000 -9999.000 -9999.000 -9999.000 -9999.000 -9999.000 -9999.000 -9999.000 -9999.000 -9999.000 -9999.000 -9999.000 -9999.000 -9999.000 -9999.000 -9999.000 -9999.000 -9999.000 -9999.000 -9999.000 -9999.000 -9999.000 -9999.000 -9999.000 -9999.000 -9999.000 -9999.000 -9999.000
-9999.000 -9999.000 -9999.000 -9999.000 -9999.000 -9999.000 -9999.000 -9999.000 -9999.000 -9999.000 -9999.000 -9999.000 -9999.000 -9999.000 -9999.000 -0.8250462E-01 -0.4481784E-01 -0.2654839E-01 -0.1864627E-01 -0.2598442E-01 -0.3952619E-01 -0.5453828E-01 -0.7001049E-01 -0.8514263E-01 -0.9829835E-01 -0.1105831 -0.1219682 -0.1343530 -0.1558075 -0.1971084 -0.1971084 -9999.000 -9999.000 -9999.000 -9999.000 -9999.000 -9999.000 -9999.000 -9999.000 -9999.000 -9999.000 -9999.000 -9999.000 -9999.000 -9999.000 -9999.000 -9999.000 -9999.000 -9999.000 -9999.000 -9999.000 -9999.000 -9999.000 -9999.000 -9999.000 -9999.000 -9999.000 -9999.000 -9999.000
-9999.000 -9999.000 -9999.000 -9999.000 -9999.000 -9999.000 -9999.000 -9999.000 -9999.000 -9999.000 -9999.000 -9999.000 -9999.000 -9999.000 -9999.000 -0.8017252E-01 -0.3835805E-01 -0.1808223E-01 -0.9363959E-02 -0.1772890E-01 -0.3299639E-01 -0.4985906E-01 -0.6724827E-01 -0.8427122E-01 -0.9901863E-01 -0.1128569 -0.1256918 -0.1397235 -0.1643075 -0.2153259 -0.2153259 -9999.000 -9999.000 -9999.000 -9999.000 -9999.000 -9999.000 -9999.000 -9999.000 -9999.000 -9999.000 -9999.000 -9999.000 -9999.000 -9999.000 -9999.000 -9999.000 -9999.000 -9999.000 -9999.000 -9999.000 -9999.000 -9999.000 -9999.000 -9999.000 -9999.000 -9999.000 -9999.000 -9999.000
-9999.000 -9999.000 -9999.000 -9999.000 -9999.000 -9999.000 -9999.000 -9999.000 -9999.000 -9999.000 -9999.000 -9999.000 -9999.000 -9999.000 -9999.000 -0.7745747E-01 -0.3151812E-01 -0.9235742E-02 0.2841797E-03 -0.9176859E-02 -0.2623355E-01 -0.4498756E-01 -0.6433440E-01 -0.8328794E-01 -0.9963001E-01 -0.1150512 -0.1293629 -0.1451093 -0.1730926 -0.2360448 -0.2360448 -9999.000 -9999.000 -9999.000 -9999.000 -9999.000 -9999.000 -9999.000 -9999.000 -9999.000 -9999.000 -9999.000 -9999.000 -9999.000 -9999.000 -9999.000 -9999.000 -9999.000 -9999.000 -9999.000 -9999.000 -9999.000 -9999.000 -9999.000 -9999.000 -9999.000 -9999.000 -9999.000 -9999.000
-9999.000 -9999.000 -9999.000 -9999.000 -9999.000 -9999.000 -9999.000 -9999.000 -9999.000 -9999.000 -9999.000 -9999.000 -9999.000 -9999.000 -9999.000 -0.7422780E-01 -0.2420001E-01 0.7448647E-04 0.1035624E-01 -0.2977240E-03 -0.1921656E-01 -0.3990163E-01 -0.6124477E-01 -0.8216476E-01 -0.1000913 -0.1171189 -0.1329258 -0.1504548 -0.1821499 -0.2599678 -0.2599678 -9999.000 -9999.000 -9999.000 -9999.000 -9999.000 -9999.000 -9999.000 -9999.000 -9999.000 -9999.000 -9999.000 -9999.000 -9999.000 -9999.000 -9999.000 -9999.000 -9999.000 -9999.000 -9999.000 -9999.000 -9999.000 -9999.000 -9999.000 -9999.000 -9999.000 -9999.000 -9999.000 -9999.000
-9999.000 -9999.000 -9999.000 -9999.000 -9999.000 -9999.000 -9999.000 -9999.000 -9999.000 -9999.000 -9999.000 -9999.000 -9999.000 -9999.000 -9999.000 -0.6909328E-01 -0.1529265E-01 0.1061175E-01 0.2098221E-01 0.8646981E-02 -0.1228157E-01 -0.3492429E-01 -0.5827068E-01 -0.8115109E-01 -0.1005969 -0.1192105 -0.1364878 -0.1558411 -0.1915924 -0.2882601 -0.2882601 -9999.000 -9999.000 -9999.000 -9999.000 -9999.000 -9999.000 -9999.000 -9999.000 -9999.000 -9999.000 -9999.000 -9999.000 -9999.000 -9999.000 -9999.000 -9999.000 -9999.000 -9999.000 -9999.000 -9999.000 -9999.000 -9999.000 -9999.000 -9999.000 -9999.000 -9999.000 -9999.000 -9999.000
-9999.000 -9999.000 -9999.000 -9999.000 -9999.000 -9999.000 -9999.000 -9999.000 -9999.000 -9999.000 -9999.000 -9999.000 -9999.000 -9999.000 -9999.000 -0.8176532E-02 0.1651218E-01 0.2516553E-01 0.2148166E-01 0.2711867E-02 -0.1838679E-01 -0.4064411E-01 -0.6377952E-01 -0.8664542E-01 -0.1058924 -0.1247482 -0.1423994 -0.1627485 -0.2021038 -0.3207462 -0.3207462 -9999.000 -9999.000 -9999.000 -9999.000 -9999.000 -9999.000 -9999.000 -9999.000 -9999.000 -9999.000 -9999.000 -9999.000 -9999.000 -9999.000 -9999.000 -9999.000 -9999.000 -9999.000 -9999.000 -9999.000 -9999.000 -9999.000 -9999.000 -9999.000 -9999.000 -9999.000 -9999.000 -9999.000
-0.4039267E-02 -0.4039267E-02 -0.5019605E-02 -0.6658642E-02 -0.6555331E-02 -0.6555331E-02 -0.6518970E-02 -0.6498472E-02 -0.6498472E-02 -0.6478745E-02 -0.6478745E-02 -0.6448696E-02 -0.6431218E-02 -0.6412755E-02 -0.6393393E-02 -0.6393393E-02 0.3838272E-01 0.3547190E-01 0.2210585E-01 0.1977119E-03 -0.2602342E-01 -0.5540401E-01 -0.8698306E-01 -0.1195177 -0.1509808 -0.1810077 -0.2088923 -0.2354444 -0.2669943 -0.3342913 -0.3342913 -0.1897691 -0.1048980 -0.3918037E-01 -0.3022633E-01 -0.3022633E-01 -0.2426304E-01 -0.2426304E-01 -0.1428795E-01 -0.1428795E-01 -0.4389922E-02 0.2246899E-01 0.2246899E-01 0.3276469E-01 0.3276469E-01 -0.1702272E-02 -0.1702272E-02 -0.1702272E-02 -0.1277007E-02 -0.1277007E-02 -0.5978962E-03 -0.5978962E-03 -0.1048623E-02 -0.1048623E-02 -0.2100862E-02 -0.2100862E-02 -0.3240130E-02 -0.3240130E-02 -0.3240130E-02
-0.5680844E-02 -0.5680844E-02 -0.7660597E-02 -0.9536190E-02 -0.9239292E-02 -0.9239292E-02 -0.9142349E-02 -0.9127500E-02 -0.9127500E-02 -0.9130968E-02 -0.9130968E-02 -0.9112991E-02 -0.9099222E-02 -0.9083961E-02 -0.9067372E-02 -0.9067372E-02 0.3186305E-01 0.3045595E-01 0.1724429E-01 -0.5628912E-02 -0.3792090E-01 -0.7736003E-01 -0.1218106 -0.1694420 -0.2188351 -0.2676600 -0.3143767 -0.3571932 -0.3937653 -0.4191743 -0.4191743 -0.2890282 -0.1960058 -0.1063094 -0.8857999E-01 -0.8857999E-01 -0.6784225E-01 -0.6784225E-01 -0.3264784E-01 -0.3264784E-01 -0.2514966E-02 0.7187287E-01 0.7187287E-01 0.1065909 0.1065909 0.2966732E-01 0.2966732E-01 0.2966732E-01 0.1042392E-01 0.1042392E-01 0.1882237E-02 0.1882237E-02 -0.3382844E-02 -0.3382844E-02 -0.7421089E-02 -0.7421089E-02 -0.1048054E-01 -0.1048054E-01 -0.1048054E-01
-0.3490574E-02 -0.3490574E-02 -0.7097628E-02 -0.8235930E-02 -0.7840067E-02 -0.7840067E-02 -0.7693477E-02 -0.7688706E-02 -0.7688706E-02 -0.7729856E-02 -0.7729856E-02 -0.7742427E-02 -0.7742153E-02 -0.7740523E-02 -0.7737702E-02 -0.7737702E-02 0.2141190E-01 0.2049952E-01 0.7779830E-02 -0.1516128E-01 -0.4780012E-01 -0.8857974E-01 -0.1357812 -0.1878512 -0.2435696 -0.3010980 -0.3588396 -0.4149087 -0.4664727 -0.5071843 -0.5071843 -0.4261487 -0.3468944 -0.2366059 -0.2017157 -0.2017157 -0.1430990 -0.1430990 -0.5553064E-01 -0.5553064E-01 0.7146032E-02 0.1406144 0.1406144 0.2077251 0.2077251 0.1014218 0.1014218 0.1014218 0.4195701E-01 0.4195701E-01 0.1017998E-01 0.1017998E-01 -0.7051517E-02 -0.7051517E-02 -0.1727442E-01 -0.1727442E-01 -0.2338236E-01 -0.2338236E-01 -0.2338236E-01
-0.1238169E-02 -0.1238169E-02 -0.6579891E-02 -0.6807724E-02 -0.6346344E-02 -0.6346344E-02 -0.6160024E-02 -0.6138469E-02 -0.6138469E-02 -0.6183245E-02 -0.6183245E-02 -0.6198021E-02 -0.6198486E-02 -0.6197548E-02 -0.6195938E-02 -0.6195938E-02 0.1134949E-01 0.8385365E-02 -0.5444004E-02 -0.2922502E-01 -0.6227115E-01 -0.1034287 -0.1513315 -0.2046633 -0.2623650 -0.3230891 -0.3855269 -0.4481368 -0.5084613 -0.5606720 -0.5606720 -0.5274606 -0.4735395 -0.3693312 -0.3234295 -0.3234295 -0.2198947 -0.2198947 -0.6232583E-01 -0.6232583E-01 0.3326563E-01 0.2029079 0.2029079 0.2817100 0.2817100 0.1722232 0.1722232 0.1722232 0.8073203E-01 0.8073203E-01 0.2301655E-01 0.2301655E-01 -0.9743805E-02 -0.9743805E-02 -0.2819497E-01 -0.2819497E-01 -0.3806712E-01 -0.3806712E-01 -0.3806712E-01
-0.8641284E-04 -0.8641284E-04 -0.5419727E-02 -0.5230694E-02 -0.4802401E-02 -0.4802401E-02 -0.4621185E-02 -0.4594061E-02 -0.4594061E-02 -0.4635304E-02 -0.4635304E-02 -0.4648845E-02 -0.4649294E-02 -0.4648276E-02 -0.4647166E-02 -0.4647166E-02 0.1682302E-02 -0.5467207E-02 -0.2226998E-01 -0.4820135E-01 -0.8259437E-01 -0.1245577 -0.1730377 -0.2269588 -0.2853937 -0.3472963 -0.4116037 -0.4770948 -0.5418385 -0.6011372 -0.6011372 -0.6027663 -0.5748612 -0.4877331 -0.4326374 -0.4326374 -0.2721706 -0.2721706 -0.4091759E-01 -0.4091759E-01 0.7449824E-01 0.2462117 0.2462117 0.3192381 0.3192381 0.2256470 0.2256470 0.2256470 0.1193069 0.1193069 0.4008146E-01 0.4008146E-01 -0.9057851E-02 -0.9057851E-02 -0.3722248E-01 -0.3722248E-01 -0.5174479E-01 -0.5174479E-01 -0.5174479E-01
-0.5855146E-04 -0.5855146E-04 -0.3589354E-02 -0.3513366E-02 -0.3211000E-02 -0.3211000E-02 -0.3077389E-02 -0.3056921E-02 -0.3056921E-02 -0.3088827E-02 -0.3088827E-02 -0.3099053E-02 -0.3099386E-02 -0.3098514E-02 -0.3098043E-02 -0.3098043E-02 -0.8155887E-02 -0.2127046E-01 -0.4290859E-01 -0.7254446E-01 -0.1095111 -0.1530874 -0.2024942 -0.2569319 -0.3156715 -0.3779257 -0.4428560 -0.5094925 -0.5763323 -0.6397347 -0.6397347 -0.6647274 -0.6585717 -0.5847809 -0.5130462 -0.5130462 -0.2768118 -0.2768118 0.3245634E-02 0.3245634E-02 0.1161050 0.2632346 0.2632346 0.3243603 0.3243603 0.2562347 0.2562347 0.2562347 0.1519972 0.1519972 0.5977387E-01 0.5977387E-01 -0.4172325E-02 -0.4172325E-02 -0.4278633E-01 -0.4278633E-01 -0.6281634E-01 -0.6281634E-01 -0.6281634E-01
-0.2964922E-04 -0.2964922E-04 -0.1791603E-02 -0.1763561E-02 -0.1608115E-02 -0.1608115E-02 -0.1537588E-02 -0.1526671E-02 -0.1526671E-02 -0.1544002E-02 -0.1544002E-02 -0.1549596E-02 -0.1549755E-02 -0.1549296E-02 -0.1550147E-02 -0.1550147E-02 -0.1899852E-01 -0.3973849E-01 -0.6804659E-01 -0.1030510 -0.1439783 -0.1901884 -0.2411216 -0.2962565 -0.3551224 -0.4172169 -0.4819684 -0.5486675 -0.6161712 -0.6816320 -0.6816320 -0.7213567 -0.7306184 -0.6507332 -0.5438970 -0.5438970 -0.2276829 -0.2276829 0.4856145E-01 0.4856145E-01 0.1411284 0.2551745 0.2551745 0.3061824 0.3061824 0.2648122 0.2648122 0.2648122 0.1744480 0.1744480 0.7923970E-01 0.7923970E-01 0.4465912E-02 0.4465912E-02 -0.4414798E-01 -0.4414798E-01 -0.7019291E-01 -0.7019291E-01 -0.7019291E-01
0.3103659E-07 0.3103659E-07 -0.7848183E-08 0.2273913E-07 0.7914231E-07 0.7914231E-07 -0.1668224E-07 -0.3427090E-07 -0.3427090E-07 0.7222881E-07 0.7222881E-07 -0.1181658E-07 0.6452370E-07 -0.4317001E-08 -0.2712095E-05 -0.2712095E-05 -0.3198932E-01 -0.6213644E-01 -0.9897985E-01 -0.1410580 -0.1873845 -0.2373359 -0.2905228 -0.3466853 -0.4056386 -0.4671927 -0.5310892 -0.5969239 -0.6638873 -0.7295653 -0.7295653 -0.7768248 -0.7922090 -0.6640477 -0.5018029 -0.5018029 -0.1482477 -0.1482477 0.7514411E-01 0.7514411E-01 0.1429814 0.2292770 0.2292770 0.2738658 0.2738658 0.2553456 0.2553456 0.2553456 0.1841890 0.1841890 0.9501920E-01 0.9501920E-01 0.1526033E-01 0.1526033E-01 -0.4132420E-01 -0.4132420E-01 -0.7314491E-01 -0.7314491E-01 -0.7314491E-01
0.2973518E-04 0.2973518E-04 0.1791539E-02 0.1763662E-02 0.1608192E-02 0.1608192E-02 0.1537675E-02 0.1526810E-02 0.1526810E-02 0.1544111E-02 0.1544111E-02 0.1549654E-02 0.1549850E-02 0.1549316E-02 0.1544032E-02 0.1544032E-02 -0.4876969E-01 -0.9046553E-01 -0.1378336 -0.1886943 -0.2418055 -0.2965480 -0.3526931 -0.4102358 -0.4692874 -0.5299832 -0.5924034 -0.6564813 -0.7216700 -0.7852381 -0.7852381 -0.8315935 -0.8354645 -0.5943649 -0.3868500 -0.3868500 -0.7698059E-01 -0.7698059E-01 0.7799489E-01 0.7799489E-01 0.1263926 0.1940147 0.1940147 0.2344387 0.2344387 0.2326971 0.2326971 0.2326971 0.1809578 0.1809578 0.1040843 0.1040843 0.2587082E-01 0.2587082E-01 -0.3503763E-01 -0.3503763E-01 -0.7131879E-01 -0.7131879E-01 -0.7131879E-01
0.5854519E-04 0.5854519E-04 0.3589131E-02 0.3513580E-02 0.3211100E-02 0.3211100E-02 0.3077437E-02 0.3057154E-02 0.3057154E-02 0.3088948E-02 0.3088948E-02 0.3099363E-02 0.3099502E-02 0.3098583E-02 0.3089509E-02 0.3089509E-02 -0.7186056E-01 -0.1278547 -0.1879378 -0.2492371 -0.3103326 -0.3706873 -0.4302875 -0.4894108 -0.5484815 -0.6079643 -0.6682829 -0.7296988 -0.7916354 -0.8487609 -0.8487609 -0.8780872 -0.8318835 -0.4391287 -0.2454697 -0.2454697 -0.3603776E-01 -0.3603776E-01 0.6460973E-01 0.6460973E-01 0.1004806 0.1557551 0.1557551 0.1923153 0.1923153 0.2012023 0.2012023 0.2012023 0.1662181 0.1662181 0.1046475 0.1046475 0.3390305E-01 0.3390305E-01 -0.2653806E-01 -0.2653806E-01 -0.6479292E-01 -0.6479292E-01 -0.6479292E-01
0.8630177E-04 0.8630177E-04 0.5419725E-02 0.5230788E-02 0.4802522E-02 0.4802522E-02 0.4621179E-02 0.4594082E-02 0.4594082E-02 0.4635327E-02 0.4635327E-02 0.4649004E-02 0.4649376E-02 0.4648437E-02 0.4634148E-02 0.4634148E-02 -0.1054246 -0.1793255 -0.2545078 -0.3276984 -0.3975757 -0.4638957 -0.5269979 -0.5875220 -0.6462417 -0.7039598 -0.7614338 -0.8191660 -0.8753882 -0.9139774 -0.9139774 -0.8845721 -0.7235397 -0.2591026 -0.1362141 -0.1362141 -0.2174477E-01 -0.2174477E-01 0.4507902E-01 0.4507902E-01 0.7267702E-01 0.1181071 0.1181071 0.1499237 0.1499237 0.1642226 0.1642226 0.1642226 0.1423470 0.1423470 0.9643239E-01 0.9643239E-01 0.3753109E-01 0.3753109E-01 -0.1730066E-01 -0.1730066E-01 -0.5407549E-01 -0.5407549E-01 -0.5407549E-01
0.1238086E-02 0.1238086E-02 0.6579909E-02 0.6807664E-02 0.6346306E-02 0.6346306E-02 0.6160021E-02 0.6138366E-02 0.6138366E-02 0.6183336E-02 0.6183336E-02 0.6198019E-02 0.6198579E-02 0.6197484E-02 0.6175515E-02 0.6175515E-02 -0.1568797 -0.2533142 -0.3459360 -0.4318842 -0.5105313 -0.5823154 -0.6481666 -0.7092176 -0.7666519 -0.8216246 -0.8752115 -0.9277917 -0.9713538 -0.9482098 -0.9482098 -0.7709598 -0.4828590 -0.1297425 -0.7778753E-01 -0.7778753E-01 -0.1975690E-01 -0.1975690E-01 0.2593270E-01 0.2593270E-01 0.4694363E-01 0.8272319E-01 0.8272319E-01 0.1086012 0.1086012 0.1242955 0.1242955 0.1242955 0.1120139 0.1120139 0.8051236E-01 0.8051236E-01 0.3598287E-01 0.3598287E-01 -0.8610131E-02 -0.8610131E-02 -0.4001949E-01 -0.4001949E-01 -0.4001949E-01
