cruce_test.gid/Rasters/Hydraulic/Velocity__y_328.0.asc
NCOLS        79
NROWS        79
XLLCENTER         -1.500000
YLLCENTER         -4.800000
CELLSIZE           0.100
NODATA_VALUE     -9999.0
[rows 0 to 26 of 79, columns 0 to 58 of 79]
-9999.000 -9999.000 -9999.000 -9999.000 -9999.000 -9999.000 -9999.000 -9999.000 -9999.000 -9999.000 -9999.000 -9999.000 -9999.000 -9999.000 -9999.000 -0.9838066E-01 -0.9653111E-01 -0.9625524E-01 -0.9649640E-01 -0.9693001E-01 -0.9744333E-01 -0.9799533E-01 -0.9849717E-01 -0.9897242E-01 -0.9940503E-01 -0.9979248E-01 -0.1001874 -0.1008014 -0.1022498 -0.1035709 -0.1035709 -9999.000 -9999.000 -9999.000 -9999.000 -9999.000 -9999.000 -9999.000 -9999.000 -9999.000 -9999.000 -9999.000 -9999.000 -9999.000 -9999.000 -9999.000 -9999.000 -9999.000 -9999.000 -9999.000 -9999.000 -9999.000 -9999.000 -9999.000 -9999.000 -9999.000 -9999.000 -9999.000 -9999.000
-9999.000 -9999.000 -9999.000 -9999.000 -9999.000 -9999.000 -9999.000 -9999.000 -9999.000 -9999.000 -9999.000 -9999.000 -9999.000 -9999.000 -9999.000 -0.9683360E-01 -0.9305285E-01 -0.9248312E-01 -0.9304033E-01 -0.9403962E-01 -0.9523650E-01 -0.9653693E-01 -0.9774658E-01 -0.9890905E-01 -0.9998531E-01 -0.1009657 -0.1019581 -0.1034040 -0.1065855 -0.1098075 -0.1098075 -9999.000 -9999.000 -9999.000 -9999.000 -9999.000 -9999.000 -9999.000 -9999.000 -9999.000 -9999.000 -9999.000 -9999.000 -9999.000 -9999.000 -9999.000 -9999.000 -9999.000 -9999.000 -9999.000 -9999.000 -9999.000 -9999.000 -9999.000 -9999.000 -9999.000 -9999.000 -9999.000 -9999.000
-9999.000 -9999.000 -9999.000 -9999.000 -9999.000 -9999.000 -9999.000 -9999.000 -9999.000 -9999.000 -9999.000 -9999.000 -9999.000 -9999.000 -9999.000 -0.9386487E-01 -0.8810849E-01 -0.8724611E-01 -0.8825690E-01 -0.9004191E-01 -0.9219974E-01 -0.9456667E-01 -0.9681679E-01 -0.9900890E-01 -0.1010682 -0.1029690 -0.1048757 -0.1074866 -0.1128425 -0.1187510 -0.1187510 -9999.000 -9999.000 -9999.000 -9999.000 -9999.000 -9999.000 -9999.000 -9999.000 -9999.000 -9999.000 -9999.000 -9999.000 -9999.000 -9999.000 -9999.000 -9999.000 -9999.000 -9999.000 -9999.000 -9999.000 -9999.000 -9999.000 -9999.000 -9999.000 -9999.000 -9999.000 -9999.000 -9999.000
-9999.000 -9999.000 -9999.000 -9999.000 -9999.000 -9999.000 -9999.000 -9999.000 -9999.000 -9999.000 -9999.000 -9999.000 -9999.000 -9999.000 -9999.000 -0.9020563E-01 -0.8258836E-01 -0.8146762E-01 -0.8299590E-01 -0.8564986E-01 -0.8886778E-01 -0.9241328E-01 -0.9582037E-01 -0.9916425E-01 -0.1023269 -0.1052617 -0.1081879 -0.1120698 -0.1197475 -0.1288780 -0.1288780 -9999.000 -9999.000 -9999.000 -9999.000 -9999.000 -9999.000 -9999.000 -9999.000 -9999.000 -9999.000 -9999.000 -9999.000 -9999.000 -9999.000 -9999.000 -9999.000 -9999.000 -9999.000 -9999.000 -9999.000 -9999.000 -9999.000 -9999.000 -9999.000 -9999.000 -9999.000 -9999.000 -9999.000
-9999.000 -9999.000 -9999.000 -9999.000 -9999.000 -9999.000 -9999.000 -9999.000 -9999.000 -9999.000 -9999.000 -9999.000 -9999.000 -9999.000 -9999.000 -0.8608551E-01 -0.7668307E-01 -0.7532311E-01 -0.7740975E-01 -0.8098620E-01 -0.8532725E-01 -0.9012232E-01 -0.9475747E-01 -0.9932838E-01 -0.1036676 -0.1077059 -0.1117200 -0.1169556 -0.1271050 -0.1400407 -0.1400407 -9999.000 -9999.000 -9999.000 -9999.000 -9999.000 -9999.000 -9999.000 -9999.000 -9999.000 -9999.000 -9999.000 -9999.000 -9999.000 -9999.000 -9999.000 -9999.000 -9999.000 -9999.000 -9999.000 -9999.000 -9999.000 -9999.000 -9999.000 -9999.000 -9999.000 -9999.000 -9999.000 -9999.000
-9999.000 -9999.000 -9999.000 -9999.000 -9999.000 -9999.000 -9999.000 -9999.000 -9999.000 -9999.000 -9999.000 -9999.000 -9999.000 -9999.000 -9999.000 -0.8159060E-01 -0.7047056E-01 -0.6888617E-01 -0.7156311E-01 -0.7610160E-01 -0.8161178E-01 -0.8770850E-01 -0.9362125E-01 -0.9947246E-01 -0.1050401 -0.1102314 -0.1153853 -0.1220493 -0.1348346 -0.1522567 -0.1522567 -9999.000 -9999.000 -9999.000 -9999.000 -9999.000 -9999.000 -9999.000 -9999.000 -9999.000 -9999.000 -9999.000 -9999.000 -9999.000 -9999.000 -9999.000 -9999.000 -9999.000 -9999.000 -9999.000 -9999.000 -9999.000 -9999.000 -9999.000 -9999.000 -9999.000 -9999.000 -9999.000 -9999.000
-9999.000 -9999.000 -9999.000 -9999.000 -9999.000 -9999.000 -9999.000 -9999.000 -9999.000 -9999.000 -9999.000 -9999.000 -9999.000 -9999.000 -9999.000 -0.7673792E-01 -0.6397291E-01 -0.6218067E-01 -0.6547724E-01 -0.7101174E-01 -0.7772985E-01 -0.8517168E-01 -0.9240063E-01 -0.9957558E-01 -0.1064133 -0.1127970 -0.1191352 -0.1273028 -0.1429100 -0.1656475 -0.1656475 -9999.000 -9999.000 -9999.000 -9999.000 -9999.000 -9999.000 -9999.000 -9999.000 -9999.000 -9999.000 -9999.000 -9999.000 -9999.000 -9999.000 -9999.000 -9999.000 -9999.000 -9999.000 -9999.000 -9999.000 -9999.000 -9999.000 -9999.000 -9999.000 -9999.000 -9999.000 -9999.000 -9999.000
-9999.000 -9999.000 -9999.000 -9999.000 -9999.000 -9999.000 -9999.000 -9999.000 -9999.000 -9999.000 -9999.000 -9999.000 -9999.000 -9999.000 -9999.000 -0.7150900E-01 -0.5718433E-01 -0.5520460E-01 -0.5915081E-01 -0.6571354E-01 -0.7367538E-01 -0.8250211E-01 -0.9108006E-01 -0.9961757E-01 -0.1077618 -0.1153717 -0.1229352 -0.1326862 -0.1513315 -0.1804164 -0.1804164 -9999.000 -9999.000 -9999.000 -9999.000 -9999.000 -9999.000 -9999.000 -9999.000 -9999.000 -9999.000 -9999.000 -9999.000 -9999.000 -9999.000 -9999.000 -9999.000 -9999.000 -9999.000 -9999.000 -9999.000 -9999.000 -9999.000 -9999.000 -9999.000 -9999.000 -9999.000 -9999.000 -9999.000
-9999.000 -9999.000 -9999.000 -9999.000 -9999.000 -9999.000 -9999.000 -9999.000 -9999.000 -9999.000 -9999.000 -9999.000 -9999.000 -9999.000 -9999.000 -0.6586555E-01 -0.5008299E-01 -0.4794110E-01 -0.5256945E-01 -0.6019266E-01 -0.6943290E-01 -0.7968313E-01 -0.8963922E-01 -0.9957523E-01 -0.1090582 -0.1179249 -0.1267529 -0.1381741 -0.1601105 -0.1968497 -0.1968497 -9999.000 -9999.000 -9999.000 -9999.000 -9999.000 -9999.000 -9999.000 -9999.000 -9999.000 -9999.000 -9999.000 -9999.000 -9999.000 -9999.000 -9999.000 -9999.000 -9999.000 -9999.000 -9999.000 -9999.000 -9999.000 -9999.000 -9999.000 -9999.000 -9999.000 -9999.000 -9999.000 -9999.000
-9999.000 -9999.000 -9999.000 -9999.000 -9999.000 -9999.000 -9999.000 -9999.000 -9999.000 -9999.000 -9999.000 -9999.000 -9999.000 -9999.000 -9999.000 -0.5975611E-01 -0.4263561E-01 -0.4036297E-01 -0.4570939E-01 -0.5442617E-01 -0.6497908E-01 -0.7669061E-01 -0.8805023E-01 -0.9941877E-01 -0.1102697 -0.1204193 -0.1305495 -0.1437362 -0.1692613 -0.2153361 -0.2153361 -9999.000 -9999.000 -9999.000 -9999.000 -9999.000 -9999.000 -9999.000 -9999.000 -9999.000 -9999.000 -9999.000 -9999.000 -9999.000 -9999.000 -9999.000 -9999.000 -9999.000 -9999.000 -9999.000 -9999.000 -9999.000 -9999.000 -9999.000 -9999.000 -9999.000 -9999.000 -9999.000 -9999.000
-9999.000 -9999.000 -9999.000 -9999.000 -9999.000 -9999.000 -9999.000 -9999.000 -9999.000 -9999.000 -9999.000 -9999.000 -9999.000 -9999.000 -9999.000 -0.5311646E-01 -0.3479827E-01 -0.3243282E-01 -0.3853707E-01 -0.4838144E-01 -0.6028160E-01 -0.7349127E-01 -0.8627608E-01 -0.9910868E-01 -0.1113523 -0.1228056 -0.1342728 -0.1493302 -0.1787941 -0.2364054 -0.2364054 -9999.000 -9999.000 -9999.000 -9999.000 -9999.000 -9999.000 -9999.000 -9999.000 -9999.000 -9999.000 -9999.000 -9999.000 -9999.000 -9999.000 -9999.000 -9999.000 -9999.000 -9999.000 -9999.000 -9999.000 -9999.000 -9999.000 -9999.000 -9999.000 -9999.000 -9999.000 -9999.000 -9999.000
-9999.000 -9999.000 -9999.000 -9999.000 -9999.000 -9999.000 -9999.000 -9999.000 -9999.000 -9999.000 -9999.000 -9999.000 -9999.000 -9999.000 -9999.000 -0.4586798E-01 -0.2651405E-01 -0.2410093E-01 -0.3100726E-01 -0.4201448E-01 -0.5529586E-01 -0.7003976E-01 -0.8426563E-01 -0.9859084E-01 -0.1122454 -0.1250151 -0.1378483 -0.1548918 -0.1887086 -0.2607923 -0.2607923 -9999.000 -9999.000 -9999.000 -9999.000 -9999.000 -9999.000 -9999.000 -9999.000 -9999.000 -9999.000 -9999.000 -9999.000 -9999.000 -9999.000 -9999.000 -9999.000 -9999.000 -9999.000 -9999.000 -9999.000 -9999.000 -9999.000 -9999.000 -9999.000 -9999.000 -9999.000 -9999.000 -9999.000
-9999.000 -9999.000 -9999.000 -9999.000 -9999.000 -9999.000 -9999.000 -9999.000 -9999.000 -9999.000 -9999.000 -9999.000 -9999.000 -9999.000 -9999.000 -0.3791270E-01 -0.1770841E-01 -0.1530015E-01 -0.2305796E-01 -0.3526405E-01 -0.4996026E-01 -0.6627251E-01 -0.8194791E-01 -0.9778882E-01 -0.1128626 -0.1269491 -0.1411674 -0.1603209 -0.1989801 -0.2895438 -0.2895438 -9999.000 -9999.000 -9999.000 -9999.000 -9999.000 -9999.000 -9999.000 -9999.000 -9999.000 -9999.000 -9999.000 -9999.000 -9999.000 -9999.000 -9999.000 -9999.000 -9999.000 -9999.000 -9999.000 -9999.000 -9999.000 -9999.000 -9999.000 -9999.000 -9999.000 -9999.000 -9999.000 -9999.000
-9999.000 -9999.000 -9999.000 -9999.000 -9999.000 -9999.000 -9999.000 -9999.000 -9999.000 -9999.000 -9999.000 -9999.000 -9999.000 -9999.000 -9999.000 -0.2904702E-01 -0.8238006E-02 -0.5916820E-02 -0.1459840E-01 -0.2805168E-01 -0.4420118E-01 -0.6211470E-01 -0.7923646E-01 -0.9660533E-01 -0.1130885 -0.1284699 -0.1440724 -0.1654637 -0.2095448 -0.3242271 -0.3242271 -9999.000 -9999.000 -9999.000 -9999.000 -9999.000 -9999.000 -9999.000 -9999.000 -9999.000 -9999.000 -9999.000 -9999.000 -9999.000 -9999.000 -9999.000 -9999.000 -9999.000 -9999.000 -9999.000 -9999.000 -9999.000 -9999.000 -9999.000 -9999.000 -9999.000 -9999.000 -9999.000 -9999.000
-9999.000 -9999.000 -9999.000 -9999.000 -9999.000 -9999.000 -9999.000 -9999.000 -9999.000 -9999.000 -9999.000 -9999.000 -9999.000 -9999.000 -9999.000 -0.1458214E-02 0.6859547E-02 0.2872117E-02 -0.8926349E-02 -0.2374914E-01 -0.4123615E-01 -0.6046599E-01 -0.7862264E-01 -0.9709573E-01 -0.1145353 -0.1307758 -0.1473892 -0.1707911 -0.2204430 -0.3648654 -0.3648654 -9999.000 -9999.000 -9999.000 -9999.000 -9999.000 -9999.000 -9999.000 -9999.000 -9999.000 -9999.000 -9999.000 -9999.000 -9999.000 -9999.000 -9999.000 -9999.000 -9999.000 -9999.000 -9999.000 -9999.000 -9999.000 -9999.000 -9999.000 -9999.000 -9999.000 -9999.000 -9999.000 -9999.000
-0.3880779E-02 -0.3880779E-02 -0.4662689E-02 -0.6389076E-02 -0.6284125E-02 -0.6284125E-02 -0.6241776E-02 -0.6210203E-02 -0.6210203E-02 -0.6188235E-02 -0.6188235E-02 -0.6162073E-02 -0.6147512E-02 -0.6132602E-02 -0.6119606E-02 -0.6119606E-02 0.1507212E-01 0.8826571E-02 -0.5251261E-02 -0.2500409E-01 -0.4933129E-01 -0.7693191E-01 -0.1058574 -0.1351466 -0.1635552 -0.1901358 -0.2147863 -0.2397624 -0.2738389 -0.3610116 -0.3610116 -0.1962334 -0.1031747 -0.3371272E-01 -0.2462345E-01 -0.2462345E-01 -0.1721640E-01 -0.1721640E-01 -0.3728410E-02 -0.3728410E-02 0.7400160E-02 0.2647342E-01 0.2647342E-01 -0.7090561E-02 -0.7090561E-02 -0.2635678E-02 -0.2635678E-02 -0.2635678E-02 0.1666777E-02 0.1666777E-02 0.2099921E-02 0.2099921E-02 0.9007844E-03 0.9007844E-03 -0.5293240E-03 -0.5293240E-03 -0.1817622E-02 -0.1817622E-02 -0.1817622E-02
-0.5660656E-02 -0.5660656E-02 -0.7094992E-02 -0.9120742E-02 -0.8834533E-02 -0.8834533E-02 -0.8740455E-02 -0.8719982E-02 -0.8719982E-02 -0.8720090E-02 -0.8720090E-02 -0.8705549E-02 -0.8694809E-02 -0.8683902E-02 -0.8682221E-02 -0.8682221E-02 0.1149218E-01 0.5167817E-02 -0.1134458E-01 -0.3712535E-01 -0.7038565E-01 -0.1093526 -0.1524804 -0.1976305 -0.2431278 -0.2872891 -0.3284366 -0.3648556 -0.3947172 -0.4188592 -0.4188592 -0.2805108 -0.1837418 -0.9258002E-01 -0.7439924E-01 -0.7439924E-01 -0.4855205E-01 -0.4855205E-01 -0.3059229E-02 -0.3059229E-02 0.2996864E-01 0.8662660E-01 0.8662660E-01 0.4350112E-01 0.4350112E-01 0.9942439E-02 0.9942439E-02 0.9942439E-02 0.6705863E-02 0.6705863E-02 0.3254157E-02 0.3254157E-02 -0.7193663E-03 -0.7193663E-03 -0.4277568E-02 -0.4277568E-02 -0.6993243E-02 -0.6993243E-02 -0.6993243E-02
-0.4006819E-02 -0.4006819E-02 -0.6515829E-02 -0.7811548E-02 -0.7453885E-02 -0.7453885E-02 -0.7333342E-02 -0.7342076E-02 -0.7342076E-02 -0.7378374E-02 -0.7378374E-02 -0.7388609E-02 -0.7389174E-02 -0.7389667E-02 -0.7412610E-02 -0.7412610E-02 0.5584149E-02 -0.1308148E-02 -0.1841008E-01 -0.4511621E-01 -0.8007517E-01 -0.1218404 -0.1691505 -0.2203573 -0.2739611 -0.3284000 -0.3819427 -0.4325103 -0.4773101 -0.5085549 -0.5085549 -0.4170174 -0.3321472 -0.2162293 -0.1780650 -0.1780650 -0.1056126 -0.1056126 0.7649345E-03 0.7649345E-03 0.6553752E-01 0.1698208 0.1698208 0.1529190 0.1529190 0.4834241E-01 0.4834241E-01 0.4834241E-01 0.1903015E-01 0.1903015E-01 0.3346423E-02 0.3346423E-02 -0.6701956E-02 -0.6701956E-02 -0.1355342E-01 -0.1355342E-01 -0.1770090E-01 -0.1770090E-01 -0.1770090E-01
-0.2398813E-02 -0.2398813E-02 -0.5857567E-02 -0.6389476E-02 -0.5995196E-02 -0.5995196E-02 -0.5854093E-02 -0.5858413E-02 -0.5858413E-02 -0.5895944E-02 -0.5895944E-02 -0.5903338E-02 -0.5902741E-02 -0.5901885E-02 -0.5939898E-02 -0.5939898E-02 -0.7092639E-03 -0.9715543E-02 -0.2835500E-01 -0.5618293E-01 -0.9215749E-01 -0.1350796 -0.1838682 -0.2372609 -0.2940490 -0.3529983 -0.4127108 -0.4713730 -0.5262429 -0.5693551 -0.5693551 -0.5227431 -0.4605548 -0.3447723 -0.2908693 -0.2908693 -0.1609664 -0.1609664 0.1629299E-01 0.1629299E-01 0.1064851 0.2349658 0.2349658 0.2409822 0.2409822 0.9784923E-01 0.9784923E-01 0.9784923E-01 0.3762266E-01 0.3762266E-01 0.4443158E-02 0.4443158E-02 -0.1451941E-01 -0.1451941E-01 -0.2561739E-01 -0.2561739E-01 -0.3111489E-01 -0.3111489E-01 -0.3111489E-01
-0.8834025E-03 -0.8834025E-03 -0.5089956E-02 -0.4934765E-02 -0.4543555E-02 -0.4543555E-02 -0.4397426E-02 -0.4389478E-02 -0.4389478E-02 -0.4417862E-02 -0.4417862E-02 -0.4419231E-02 -0.4416391E-02 -0.4412873E-02 -0.4468929E-02 -0.4468929E-02 -0.7423243E-02 -0.2004193E-01 -0.4154633E-01 -0.7151190E-01 -0.1090914 -0.1532957 -0.2031951 -0.2577814 -0.3160600 -0.3770357 -0.4396103 -0.5023473 -0.5629469 -0.6146560 -0.6146560 -0.6029881 -0.5647361 -0.4578229 -0.3872592 -0.3872592 -0.1887414 -0.1887414 0.4625650E-01 0.4625650E-01 0.1451284 0.2709870 0.2709870 0.2899828 0.2899828 0.1457492 0.1457492 0.1457492 0.6095869E-01 0.6095869E-01 0.9007502E-02 0.9007502E-02 -0.2087729E-01 -0.2087729E-01 -0.3731562E-01 -0.3731562E-01 -0.4446004E-01 -0.4446004E-01 -0.4446004E-01
0.4494127E-03 0.4494127E-03 -0.4186954E-02 -0.3401485E-02 -0.3050034E-02 -0.3050034E-02 -0.2920510E-02 -0.2915704E-02 -0.2915704E-02 -0.2942692E-02 -0.2942692E-02 -0.2943445E-02 -0.2940113E-02 -0.2936142E-02 -0.3017904E-02 -0.3017904E-02 -0.1496802E-01 -0.3263890E-01 -0.5845254E-01 -0.9180117E-01 -0.1319010 -0.1779263 -0.2291159 -0.2846927 -0.3438776 -0.4058798 -0.4698310 -0.5346020 -0.5983440 -0.6556812 -0.6556812 -0.6685511 -0.6503278 -0.5436785 -0.4458870 -0.4458870 -0.1738416 -0.1738416 0.8003269E-01 0.8003269E-01 0.1698329 0.2774672 0.2774672 0.3032691 0.3032691 0.1830549 0.1830549 0.1830549 0.8601883E-01 0.8601883E-01 0.1769233E-01 0.1769233E-01 -0.2401222E-01 -0.2401222E-01 -0.4684576E-01 -0.4684576E-01 -0.5615274E-01 -0.5615274E-01 -0.5615274E-01
0.6966048E-03 0.6966048E-03 -0.2459263E-02 -0.1737624E-02 -0.1520622E-02 -0.1520622E-02 -0.1443442E-02 -0.1447233E-02 -0.1447233E-02 -0.1469412E-02 -0.1469412E-02 -0.1471598E-02 -0.1470169E-02 -0.1468205E-02 -0.1588242E-02 -0.1588242E-02 -0.2399075E-01 -0.4820712E-01 -0.7987469E-01 -0.1179995 -0.1617239 -0.2103189 -0.2631875 -0.3197872 -0.3795866 -0.4420335 -0.5064964 -0.5721222 -0.6374498 -0.6982067 -0.6982067 -0.7271122 -0.7218220 -0.5868195 -0.4457481 -0.4457481 -0.1249008 -0.1249008 0.1017731 0.1017731 0.1736272 0.2609558 0.2609558 0.2910139 0.2910139 0.2046683 0.2046683 0.2046683 0.1086093 0.1086093 0.2951689E-01 0.2951689E-01 -0.2323696E-01 -0.2323696E-01 -0.5304466E-01 -0.5304466E-01 -0.6502935E-01 -0.6502935E-01 -0.6502935E-01
-0.4256557E-07 -0.4256557E-07 -0.8230214E-09 0.2968154E-07 -0.7532779E-07 -0.7532779E-07 0.4493124E-07 -0.4152179E-07 -0.4152179E-07 -0.1413589E-06 -0.1413589E-06 0.9597509E-07 -0.2870981E-07 -0.6776964E-07 -0.1721885E-03 -0.1721885E-03 -0.3543646E-01 -0.6789538E-01 -0.1070934 -0.1514883 -0.2000424 -0.2520656 -0.3071144 -0.3648810 -0.4251075 -0.4875228 -0.5517748 -0.6173061 -0.6829919 -0.7451713 -0.7451713 -0.7823088 -0.7775254 -0.5639823 -0.3789956 -0.3789956 -0.7035376E-01 -0.7035376E-01 0.1036911 0.1036911 0.1584883 0.2303476 0.2303476 0.2632080 0.2632080 0.2095069 0.2095069 0.2095069 0.1245494 0.1245494 0.4219984E-01 0.4219984E-01 -0.1883301E-01 -0.1883301E-01 -0.5523383E-01 -0.5523383E-01 -0.7013948E-01 -0.7013948E-01 -0.7013948E-01
-0.6967429E-03 -0.6967429E-03 0.2459215E-02 0.1737705E-02 0.1520524E-02 0.1520524E-02 0.1443392E-02 0.1447118E-02 0.1447118E-02 0.1469119E-02 0.1469119E-02 0.1471675E-02 0.1470055E-02 0.1467992E-02 0.1224566E-02 0.1224566E-02 -0.5076454E-01 -0.9355212E-01 -0.1421480 -0.1943706 -0.2489633 -0.3052642 -0.3629923 -0.4220836 -0.4825718 -0.5444961 -0.6078227 -0.6723161 -0.7370857 -0.7980697 -0.7980697 -0.8327790 -0.8025589 -0.4635081 -0.2724908 -0.2724908 -0.3462699E-01 -0.3462699E-01 0.8943053E-01 0.8943053E-01 0.1320593 0.1932917 0.1932917 0.2271656 0.2271656 0.1994858 0.1994858 0.1994858 0.1309427 0.1309427 0.5284713E-01 0.5284713E-01 -0.1192336E-01 -0.1192336E-01 -0.5323311E-01 -0.5323311E-01 -0.7075772E-01 -0.7075772E-01 -0.7075772E-01
-0.4495191E-03 -0.4495191E-03 0.4186932E-02 0.3401386E-02 0.3050037E-02 0.3050037E-02 0.2920464E-02 0.2915373E-02 0.2915373E-02 0.2942649E-02 0.2942649E-02 0.2943401E-02 0.2939931E-02 0.2935777E-02 0.2594278E-02 0.2594278E-02 -0.7229356E-01 -0.1280950 -0.1881927 -0.2497983 -0.3115118 -0.3727721 -0.4335184 -0.4939683 -0.5544676 -0.6153851 -0.6770242 -0.7394672 -0.8016821 -0.8562863 -0.8562863 -0.8656224 -0.7580178 -0.3196994 -0.1754596 -0.1754596 -0.2172467E-01 -0.2172467E-01 0.6754430E-01 0.6754430E-01 0.1019931 0.1547759 0.1547759 0.1874972 0.1874972 0.1779778 0.1779778 0.1779778 0.1268544 0.1268544 0.5886040E-01 0.5886040E-01 -0.4157491E-02 -0.4157491E-02 -0.4736173E-01 -0.4736173E-01 -0.6646757E-01 -0.6646757E-01 -0.6646757E-01
0.8834754E-03 0.8834754E-03 0.5089793E-02 0.4934622E-02 0.4543449E-02 0.4543449E-02 0.4397262E-02 0.4389230E-02 0.4389230E-02 0.4417443E-02 0.4417443E-02 0.4419076E-02 0.4416227E-02 0.4412694E-02 0.3938054E-02 0.3938054E-02 -0.1039026 -0.1762266 -0.2501420 -0.3225279 -0.3921035 -0.4586063 -0.5223278 -0.5838448 -0.6438543 -0.7030682 -0.7621309 -0.8213386 -0.8780596 -0.9114792 -0.9114792 -0.8373493 -0.5974529 -0.1975229 -0.1154561 -0.1154561 -0.2146106E-01 -0.2146106E-01 0.4503141E-01 0.4503141E-01 0.7310876E-01 0.1174041 0.1174041 0.1468800 0.1468800 0.1485331 0.1485331 0.1485331 0.1131386 0.1131386 0.5867811E-01 0.5867811E-01 0.2762732E-02 0.2762732E-02 -0.3836173E-01 -0.3836173E-01 -0.5726928E-01 -0.5726928E-01 -0.5726928E-01
0.2398849E-02 0.2398849E-02 0.5857520E-02 0.6389401E-02 0.5995086E-02 0.5995086E-02 0.5853925E-02 0.5858369E-02 0.5858369E-02 0.5895510E-02 0.5895510E-02 0.5903180E-02 0.5902700E-02 0.5901734E-02 0.5242928E-02 0.5242928E-02 -0.1525877 -0.2459099 -0.3359317 -0.4199609 -0.4973997 -0.5686514 -0.6345844 -0.6962578 -0.7547767 -0.8112102 -0.8665323 -0.9207825 -0.9634324 -0.9248887 -0.9248887 -0.6687911 -0.3546105 -0.1257904 -0.8560779E-01 -0.8560779E-01 -0.2365046E-01 -0.2365046E-01 0.2554492E-01 0.2554492E-01 0.4768476E-01 0.8245764E-01 0.8245764E-01 0.1069966 0.1069966 0.1143373 0.1143373 0.1143373 0.9185678E-01 0.9185678E-01 0.5212771E-01 0.5212771E-01 0.7583292E-02 0.7583292E-02 -0.2722268E-01 -0.2722268E-01 -0.4366289E-01 -0.4366289E-01 -0.4366289E-01
