cruce_test.gid/Rasters/Hydraulic/Velocity____36.0.asc
NCOLS        79
NROWS        79
XLLCENTER         -1.500000
YLLCENTER         -4.800000
CELLSIZE           0.100
NODATA_VALUE     -9999.0
[rows 0 to 26 of 79, columns 0 to 59 of 79]
-9999.000 -9999.000 -9999.000 -9999.000 -9999.000 -9999.000 -9999.000 -9999.000 -9999.000 -9999.000 -9999.000 -9999.000 -9999.000 -9999.000 -9999.000 0.3249996 0.3244014 0.3247436 0.3253247 0.3260247 0.3268104 0.3276616 0.3285600 0.3294885 0.3304329 0.3313852 0.3323483 0.3333409 0.3342994 0.3306716 0.3306716 -9999.000 -9999.000 -9999.000 -9999.000 -9999.000 -9999.000 -9999.000 -9999.000 -9999.000 -9999.000 -9999.000 -9999.000 -9999.000 -9999.000 -9999.000 -9999.000 -9999.000 -9999.000 -9999.000 -9999.000 -9999.000 -9999.000 -9999.000 -9999.000 -9999.000 -9999.000 -9999.000 -9999.000 -9999.000
-9999.000 -9999.000 -9999.000 -9999.000 -9999.000 -9999.000 -9999.000 -9999.000 -9999.000 -9999.000 -9999.000 -9999.000 -9999.000 -9999.000 -9999.000 0.3191236 0.3172370 0.3178126 0.3188200 0.3200066 0.3213068 0.3226871 0.3241225 0.3255956 0.3270991 0.3286422 0.3302570 0.3320023 0.3337475 0.3268084 0.3268084 -9999.000 -9999.000 -9999.000 -9999.000 -9999.000 -9999.000 -9999.000 -9999.000 -9999.000 -9999.000 -9999.000 -9999.000 -9999.000 -9999.000 -9999.000 -9999.000 -9999.000 -9999.000 -9999.000 -9999.000 -9999.000 -9999.000 -9999.000 -9999.000 -9999.000 -9999.000 -9999.000 -9999.000 -9999.000
-9999.000 -9999.000 -9999.000 -9999.000 -9999.000 -9999.000 -9999.000 -9999.000 -9999.000 -9999.000 -9999.000 -9999.000 -9999.000 -9999.000 -9999.000 0.3112734 0.3076866 0.3086422 0.3103567 0.3123845 0.3146021 0.3169479 0.3193793 0.3218703 0.3244138 0.3270261 0.3297506 0.3326499 0.3354203 0.3246056 0.3246056 -9999.000 -9999.000 -9999.000 -9999.000 -9999.000 -9999.000 -9999.000 -9999.000 -9999.000 -9999.000 -9999.000 -9999.000 -9999.000 -9999.000 -9999.000 -9999.000 -9999.000 -9999.000 -9999.000 -9999.000 -9999.000 -9999.000 -9999.000 -9999.000 -9999.000 -9999.000 -9999.000 -9999.000 -9999.000
-9999.000 -9999.000 -9999.000 -9999.000 -9999.000 -9999.000 -9999.000 -9999.000 -9999.000 -9999.000 -9999.000 -9999.000 -9999.000 -9999.000 -9999.000 0.3022770 0.2967227 0.2981868 0.3008224 0.3039540 0.3073867 0.3110186 0.3147807 0.3186305 0.3225532 0.3265653 0.3307160 0.3350674 0.3391230 0.3245537 0.3245537 -9999.000 -9999.000 -9999.000 -9999.000 -9999.000 -9999.000 -9999.000 -9999.000 -9999.000 -9999.000 -9999.000 -9999.000 -9999.000 -9999.000 -9999.000 -9999.000 -9999.000 -9999.000 -9999.000 -9999.000 -9999.000 -9999.000 -9999.000 -9999.000 -9999.000 -9999.000 -9999.000 -9999.000 -9999.000
-9999.000 -9999.000 -9999.000 -9999.000 -9999.000 -9999.000 -9999.000 -9999.000 -9999.000 -9999.000 -9999.000 -9999.000 -9999.000 -9999.000 -9999.000 0.2921048 0.2844007 0.2865053 0.2902721 0.2947604 0.2996906 0.3049114 0.3103201 0.3158521 0.3214813 0.3272232 0.3331323 0.3392718 0.3449308 0.3268318 0.3268318 -9999.000 -9999.000 -9999.000 -9999.000 -9999.000 -9999.000 -9999.000 -9999.000 -9999.000 -9999.000 -9999.000 -9999.000 -9999.000 -9999.000 -9999.000 -9999.000 -9999.000 -9999.000 -9999.000 -9999.000 -9999.000 -9999.000 -9999.000 -9999.000 -9999.000 -9999.000 -9999.000 -9999.000 -9999.000
-9999.000 -9999.000 -9999.000 -9999.000 -9999.000 -9999.000 -9999.000 -9999.000 -9999.000 -9999.000 -9999.000 -9999.000 -9999.000 -9999.000 -9999.000 0.2806510 0.2707429 0.2736326 0.2787421 0.2848369 0.2915396 0.2986426 0.3060041 0.3135352 0.3211988 0.3290113 0.3370378 0.3453491 0.3530025 0.3317139 0.3317139 -9999.000 -9999.000 -9999.000 -9999.000 -9999.000 -9999.000 -9999.000 -9999.000 -9999.000 -9999.000 -9999.000 -9999.000 -9999.000 -9999.000 -9999.000 -9999.000 -9999.000 -9999.000 -9999.000 -9999.000 -9999.000 -9999.000 -9999.000 -9999.000 -9999.000 -9999.000 -9999.000 -9999.000 -9999.000
-9999.000 -9999.000 -9999.000 -9999.000 -9999.000 -9999.000 -9999.000 -9999.000 -9999.000 -9999.000 -9999.000 -9999.000 -9999.000 -9999.000 -9999.000 0.2677327 0.2557470 0.2595923 0.2662652 0.2742184 0.2829671 0.2922409 0.3018572 0.3117034 0.3217359 0.3319797 0.3425210 0.3534512 0.3635879 0.3395902 0.3395902 -9999.000 -9999.000 -9999.000 -9999.000 -9999.000 -9999.000 -9999.000 -9999.000 -9999.000 -9999.000 -9999.000 -9999.000 -9999.000 -9999.000 -9999.000 -9999.000 -9999.000 -9999.000 -9999.000 -9999.000 -9999.000 -9999.000 -9999.000 -9999.000 -9999.000 -9999.000 -9999.000 -9999.000 -9999.000
-9999.000 -9999.000 -9999.000 -9999.000 -9999.000 -9999.000 -9999.000 -9999.000 -9999.000 -9999.000 -9999.000 -9999.000 -9999.000 -9999.000 -9999.000 0.2530881 0.2393928 0.2444083 0.2528832 0.2629551 0.2740249 0.2857563 0.2979265 0.3104054 0.3231520 0.3362145 0.3497185 0.3637998 0.3770458 0.3510060 0.3510060 -9999.000 -9999.000 -9999.000 -9999.000 -9999.000 -9999.000 -9999.000 -9999.000 -9999.000 -9999.000 -9999.000 -9999.000 -9999.000 -9999.000 -9999.000 -9999.000 -9999.000 -9999.000 -9999.000 -9999.000 -9999.000 -9999.000 -9999.000 -9999.000 -9999.000 -9999.000 -9999.000 -9999.000 -9999.000
-9999.000 -9999.000 -9999.000 -9999.000 -9999.000 -9999.000 -9999.000 -9999.000 -9999.000 -9999.000 -9999.000 -9999.000 -9999.000 -9999.000 -9999.000 0.2363772 0.2216492 0.2281179 0.2386644 0.2511296 0.2647994 0.2792721 0.2942914 0.3097208 0.3255390 0.3418396 0.3588199 0.3766997 0.3938739 0.3667274 0.3667274 -9999.000 -9999.000 -9999.000 -9999.000 -9999.000 -9999.000 -9999.000 -9999.000 -9999.000 -9999.000 -9999.000 -9999.000 -9999.000 -9999.000 -9999.000 -9999.000 -9999.000 -9999.000 -9999.000 -9999.000 -9999.000 -9999.000 -9999.000 -9999.000 -9999.000 -9999.000 -9999.000 -9999.000 -9999.000
-9999.000 -9999.000 -9999.000 -9999.000 -9999.000 -9999.000 -9999.000 -9999.000 -9999.000 -9999.000 -9999.000 -9999.000 -9999.000 -9999.000 -9999.000 0.2171912 0.2024830 0.2107900 0.2237248 0.2388795 0.2554317 0.2729231 0.2910774 0.3097709 0.3290285 0.3490244 0.3700761 0.3925577 0.4147592 0.3878609 0.3878609 -9999.000 -9999.000 -9999.000 -9999.000 -9999.000 -9999.000 -9999.000 -9999.000 -9999.000 -9999.000 -9999.000 -9999.000 -9999.000 -9999.000 -9999.000 -9999.000 -9999.000 -9999.000 -9999.000 -9999.000 -9999.000 -9999.000 -9999.000 -9999.000 -9999.000 -9999.000 -9999.000 -9999.000 -9999.000
-9999.000 -9999.000 -9999.000 -9999.000 -9999.000 -9999.000 -9999.000 -9999.000 -9999.000 -9999.000 -9999.000 -9999.000 -9999.000 -9999.000 -9999.000 0.1950731 0.1818767 0.1925533 0.2082625 0.2264307 0.2461487 0.2669220 0.2884791 0.3107388 0.3338090 0.3579961 0.3838151 0.4119135 0.4406608 0.4160793 0.4160793 -9999.000 -9999.000 -9999.000 -9999.000 -9999.000 -9999.000 -9999.000 -9999.000 -9999.000 -9999.000 -9999.000 -9999.000 -9999.000 -9999.000 -9999.000 -9999.000 -9999.000 -9999.000 -9999.000 -9999.000 -9999.000 -9999.000 -9999.000 -9999.000 -9999.000 -9999.000 -9999.000 -9999.000 -9999.000
-9999.000 -9999.000 -9999.000 -9999.000 -9999.000 -9999.000 -9999.000 -9999.000 -9999.000 -9999.000 -9999.000 -9999.000 -9999.000 -9999.000 -9999.000 0.1695595 0.1598653 0.1736467 0.1926120 0.2141483 0.2373084 0.2616015 0.2867995 0.3129046 0.3401575 0.3690695 0.4004705 0.4354884 0.4729482 0.4540792 0.4540792 -9999.000 -9999.000 -9999.000 -9999.000 -9999.000 -9999.000 -9999.000 -9999.000 -9999.000 -9999.000 -9999.000 -9999.000 -9999.000 -9999.000 -9999.000 -9999.000 -9999.000 -9999.000 -9999.000 -9999.000 -9999.000 -9999.000 -9999.000 -9999.000 -9999.000 -9999.000 -9999.000 -9999.000 -9999.000
-9999.000 -9999.000 -9999.000 -9999.000 -9999.000 -9999.000 -9999.000 -9999.000 -9999.000 -9999.000 -9999.000 -9999.000 -9999.000 -9999.000 -9999.000 0.1402578 0.1366256 0.1545209 0.1773345 0.2026140 0.2294684 0.2574792 0.2865157 0.3167138 0.3485080 0.3827093 0.4206403 0.4642662 0.5136435 0.5066220 0.5066220 -9999.000 -9999.000 -9999.000 -9999.000 -9999.000 -9999.000 -9999.000 -9999.000 -9999.000 -9999.000 -9999.000 -9999.000 -9999.000 -9999.000 -9999.000 -9999.000 -9999.000 -9999.000 -9999.000 -9999.000 -9999.000 -9999.000 -9999.000 -9999.000 -9999.000 -9999.000 -9999.000 -9999.000 -9999.000
-9999.000 -9999.000 -9999.000 -9999.000 -9999.000 -9999.000 -9999.000 -9999.000 -9999.000 -9999.000 -9999.000 -9999.000 -9999.000 -9999.000 -9999.000 0.1069847 0.1127526 0.1361363 0.1634833 0.1928524 0.2235851 0.2554396 0.2884526 0.3229500 0.3596264 0.3997052 0.4452462 0.4996535 0.5658588 0.5833414 0.5833414 -9999.000 -9999.000 -9999.000 -9999.000 -9999.000 -9999.000 -9999.000 -9999.000 -9999.000 -9999.000 -9999.000 -9999.000 -9999.000 -9999.000 -9999.000 -9999.000 -9999.000 -9999.000 -9999.000 -9999.000 -9999.000 -9999.000 -9999.000 -9999.000 -9999.000 -9999.000 -9999.000 -9999.000 -9999.000
-9999.000 -9999.000 -9999.000 -9999.000 -9999.000 -9999.000 -9999.000 -9999.000 -9999.000 -9999.000 -9999.000 -9999.000 -9999.000 -9999.000 -9999.000 0.7100947E-01 0.9608722E-01 0.1283552 0.1607881 0.1935067 0.2268636 0.2612328 0.2970677 0.3350223 0.3761333 0.4221334 0.4760769 0.5436986 0.6342610 0.7071981 0.7071981 -9999.000 -9999.000 -9999.000 -9999.000 -9999.000 -9999.000 -9999.000 -9999.000 -9999.000 -9999.000 -9999.000 -9999.000 -9999.000 -9999.000 -9999.000 -9999.000 -9999.000 -9999.000 -9999.000 -9999.000 -9999.000 -9999.000 -9999.000 -9999.000 -9999.000 -9999.000 -9999.000 -9999.000 -9999.000
1.220845 1.220845 1.188110 1.149936 1.131261 1.131261 1.112390 1.072623 1.072623 1.027145 1.027145 0.9695645 0.9320097 0.8840504 0.8197971 0.8197971 0.6776754 0.6202738 0.5654602 0.5172279 0.4789010 0.4530149 0.4411899 0.4442523 0.4627053 0.4975955 0.5519170 0.6332466 0.7587120 0.9789986 0.9789986 1.425984 1.601006 1.701888 1.690633 1.690633 1.561430 1.561430 1.337021 1.337021 1.024953 0.6407976 0.6407976 0.6372058 0.6372058 0.6773293 0.6773293 0.6773293 0.7316043 0.7316043 0.7744862 0.7744862 0.8110054 0.8110054 0.8567798 0.8567798 0.8864628 0.8864628 0.8864628 0.9103885
1.234515 1.234515 1.203263 1.175793 1.162303 1.162303 1.148412 1.117754 1.117754 1.079837 1.079837 1.029049 0.9969539 0.9601926 0.9202881 0.9202881 0.8591226 0.8280451 0.7919062 0.7523324 0.7118340 0.6736994 0.6417805 0.6202183 0.6131978 0.6248931 0.6598713 0.7243969 0.8284607 0.9887712 0.9887712 1.317688 1.446672 1.535724 1.548833 1.548833 1.536280 1.536280 1.476077 1.476077 1.367314 0.9641435 0.9641435 0.9516519 0.9516519 0.9865409 0.9865409 0.9865409 1.039222 1.039222 1.080158 1.080158 1.099321 1.099321 1.152431 1.152431 1.184713 1.184713 1.184713 1.211694
1.238831 1.238831 1.203665 1.176605 1.163512 1.163512 1.150170 1.121336 1.121336 1.087197 1.087197 1.044717 1.019826 0.9930440 0.9659715 0.9659715 0.9333562 0.9195056 0.9021835 0.8810004 0.8564786 0.8300873 0.8042760 0.7824619 0.7689560 0.7688590 0.7880501 0.8335859 0.9147350 1.045564 1.045564 1.331147 1.450635 1.537022 1.555236 1.555236 1.559136 1.559136 1.527698 1.527698 1.482263 1.211169 1.211169 1.124832 1.124832 1.139583 1.139583 1.139583 1.194250 1.194250 1.230772 1.230772 1.258086 1.258086 1.296383 1.296383 1.324057 1.324057 1.324057 1.346501
1.242746 1.242746 1.203972 1.177301 1.164553 1.164553 1.151703 1.124554 1.124554 1.093825 1.093825 1.058069 1.038388 1.018182 0.9986968 0.9986968 0.9806679 0.9757329 0.9694459 0.9609505 0.9499379 0.9367469 0.9225059 0.9092703 0.9001163 0.8992032 0.9118395 0.9447313 1.006721 1.112010 1.112010 1.351805 1.464597 1.547701 1.563535 1.563535 1.563666 1.563666 1.545062 1.545062 1.529361 1.389596 1.389596 1.266251 1.266251 1.265789 1.265789 1.265789 1.307265 1.307265 1.339214 1.339214 1.363738 1.363738 1.393731 1.393731 1.417693 1.417693 1.417693 1.436717
1.246274 1.246274 1.204319 1.178189 1.165868 1.165868 1.153607 1.128389 1.128389 1.101264 1.101264 1.071864 1.056672 1.041756 1.027953 1.027953 1.020023 1.020169 1.020065 1.019117 1.016968 1.013564 1.009316 1.005279 1.003333 1.006351 1.018364 1.044859 1.093525 1.178075 1.178075 1.374565 1.476779 1.547286 1.555611 1.555611 1.547682 1.547682 1.542760 1.542760 1.544596 1.498072 1.498072 1.395872 1.395872 1.363187 1.363187 1.363187 1.392097 1.392097 1.419640 1.419640 1.441787 1.441787 1.466005 1.466005 1.486505 1.486505 1.486505 1.502660
1.249354 1.249354 1.204700 1.179221 1.167385 1.167385 1.155779 1.132643 1.132643 1.109219 1.109219 1.085993 1.074997 1.064925 1.056253 1.056253 1.057529 1.061272 1.064867 1.068202 1.071230 1.073967 1.076589 1.079602 1.084040 1.091666 1.105212 1.128740 1.168455 1.237024 1.237024 1.395193 1.482495 1.529456 1.528229 1.528229 1.519186 1.519186 1.533834 1.533834 1.548231 1.555072 1.555072 1.500623 1.500623 1.448027 1.448027 1.448027 1.462620 1.462620 1.483917 1.483917 1.503075 1.503075 1.522778 1.522778 1.539948 1.539948 1.539948 1.553524
1.251914 1.251914 1.205098 1.180340 1.169022 1.169022 1.158104 1.137097 1.137097 1.117346 1.117346 1.100114 1.093195 1.087907 1.084479 1.084479 1.095741 1.102670 1.108799 1.114548 1.120302 1.126353 1.132935 1.140341 1.149081 1.160064 1.174881 1.196236 1.228835 1.283960 1.283960 1.407531 1.475277 1.490580 1.483739 1.483739 1.487264 1.487264 1.524480 1.524480 1.548096 1.583085 1.583085 1.572623 1.572623 1.523446 1.523446 1.523446 1.525118 1.525118 1.538436 1.538436 1.553368 1.553368 1.568864 1.568864 1.582747 1.582747 1.582747 1.593581
1.253872 1.253872 1.205501 1.181490 1.170697 1.170697 1.160467 1.141551 1.141551 1.125337 1.125337 1.113873 1.110976 1.110617 1.112996 1.112996 1.136236 1.146390 1.154504 1.161584 1.168494 1.175879 1.184164 1.193614 1.204419 1.216787 1.231243 1.249179 1.273871 1.314849 1.314849 1.403821 1.446751 1.432664 1.430403 1.430403 1.458619 1.458619 1.516324 1.516324 1.546396 1.596489 1.596489 1.615466 1.615466 1.586657 1.586657 1.586657 1.581058 1.581058 1.586493 1.586493 1.596104 1.596104 1.607107 1.607107 1.617320 1.617320 1.617320 1.625054
1.255142 1.255142 1.205890 1.182619 1.172337 1.172337 1.162766 1.145829 1.145829 1.132923 1.132923 1.126913 1.127970 1.132765 1.141870 1.141870 1.180479 1.194055 1.203807 1.211471 1.218447 1.225771 1.234101 1.243749 1.254649 1.266231 1.277750 1.289115 1.302276 1.324989 1.324989 1.375484 1.390102 1.364848 1.378499 1.378499 1.435078 1.435078 1.508652 1.508652 1.543173 1.601947 1.601947 1.638164 1.638164 1.634594 1.634594 1.634594 1.628880 1.628880 1.628826 1.628826 1.632959 1.632959 1.639101 1.639101 1.645094 1.645094 1.645094 1.649420
1.255643 1.255643 1.206250 1.183679 1.173872 1.173872 1.164911 1.149778 1.149778 1.139871 1.139871 1.138885 1.143745 1.153846 1.170792 1.170792 1.230205 1.247377 1.258383 1.265928 1.272035 1.278193 1.285308 1.293750 1.303127 1.311627 1.316447 1.315555 1.310209 1.308834 1.308834 1.319294 1.306969 1.295034 1.331813 1.331813 1.414150 1.414150 1.499764 1.499764 1.537610 1.602098 1.602098 1.648362 1.648362 1.667185 1.667185 1.667185 1.666765 1.666765 1.664857 1.664857 1.664554 1.664554 1.665792 1.665792 1.667234 1.667234 1.667234 1.667839
1.255297 1.255297 1.206567 1.184629 1.175246 1.175246 1.166823 1.153272 1.153272 1.145985 1.145985 1.149464 1.157837 1.173149 1.198823 1.198823 1.287669 1.308422 1.320099 1.326671 1.330891 1.334820 1.339633 1.345761 1.352318 1.354982 1.347004 1.324219 1.290035 1.256445 1.256445 1.229115 1.212446 1.246170 1.293133 1.293133 1.394919 1.394919 1.490665 1.490665 1.531096 1.599577 1.599577 1.651857 1.651857 1.687546 1.687546 1.687546 1.694673 1.694673 1.694159 1.694159 1.691240 1.691240 1.688116 1.688116 1.684956 1.684956 1.684956 1.681649
1.254039 1.254039 1.206823 1.185435 1.176410 1.176410 1.168439 1.156207 1.156207 1.151111 1.151111 1.158385 1.169828 1.189861 1.223978 1.223978 1.356084 1.379880 1.391232 1.395784 1.396808 1.397252 1.398620 1.401452 1.404185 1.396838 1.365108 1.306417 1.234455 1.167986 1.167986 1.118622 1.119042 1.200536 1.257896 1.257896 1.375775 1.375775 1.482281 1.482281 1.524542 1.595446 1.595446 1.651148 1.651148 1.698151 1.698151 1.698151 1.712447 1.712447 1.715106 1.715106 1.711376 1.711376 1.704944 1.704944 1.697582 1.697582 1.697582 1.690500
