cruce_test.gid/Rasters/Hydraulic/Velocity__x_148.0.asc
NCOLS        79
NROWS        79
XLLCENTER         -1.500000
YLLCENTER         -4.800000
CELLSIZE           0.100
NODATA_VALUE     -9999.0
[rows 0 to 25 of 79, columns 0 to 57 of 79]
-9999.000 -9999.000 -9999.000 -9999.000 -9999.000 -9999.000 -9999.000 -9999.000 -9999.000 -9999.000 -9999.000 -9999.000 -9999.000 -9999.000 -9999.000 0.5110336E-03 0.1977064E-02 0.4411967E-02 0.6778925E-02 0.8882636E-02 0.1061244E-01 0.1190758E-01 0.1274264E-01 0.1313265E-01 0.1312000E-01 0.1274543E-01 0.1198812E-01 0.1060419E-01 0.7697358E-02 0.3759843E-02 0.3759843E-02 -9999.000 -9999.000 -9999.000 -9999.000 -9999.000 -9999.000 -9999.000 -9999.000 -9999.000 -9999.000 -9999.000 -9999.000 -9999.000 -9999.000 -9999.000 -9999.000 -9999.000 -9999.000 -9999.000 -9999.000 -9999.000 -9999.000 -9999.000 -9999.000 -9999.000 -9999.000 -9999.000
-9999.000 -9999.000 -9999.000 -9999.000 -9999.000 -9999.000 -9999.000 -9999.000 -9999.000 -9999.000 -9999.000 -9999.000 -9999.000 -9999.000 -9999.000 0.1471780E-02 0.3950341E-02 0.7420243E-02 0.1076536E-01 0.1374632E-01 0.1620502E-01 0.1803818E-01 0.1918432E-01 0.1962859E-01 0.1938874E-01 0.1848686E-01 0.1689353E-01 0.1438718E-01 0.1018749E-01 0.4993807E-02 0.4993807E-02 -9999.000 -9999.000 -9999.000 -9999.000 -9999.000 -9999.000 -9999.000 -9999.000 -9999.000 -9999.000 -9999.000 -9999.000 -9999.000 -9999.000 -9999.000 -9999.000 -9999.000 -9999.000 -9999.000 -9999.000 -9999.000 -9999.000 -9999.000 -9999.000 -9999.000 -9999.000 -9999.000
-9999.000 -9999.000 -9999.000 -9999.000 -9999.000 -9999.000 -9999.000 -9999.000 -9999.000 -9999.000 -9999.000 -9999.000 -9999.000 -9999.000 -9999.000 0.2047255E-02 0.5166116E-02 0.9328675E-02 0.1330811E-01 0.1683890E-01 0.1973950E-01 0.2188683E-01 0.2320366E-01 0.2366509E-01 0.2328535E-01 0.2208909E-01 0.2005395E-01 0.1696341E-01 0.1201778E-01 0.5936010E-02 0.5936010E-02 -9999.000 -9999.000 -9999.000 -9999.000 -9999.000 -9999.000 -9999.000 -9999.000 -9999.000 -9999.000 -9999.000 -9999.000 -9999.000 -9999.000 -9999.000 -9999.000 -9999.000 -9999.000 -9999.000 -9999.000 -9999.000 -9999.000 -9999.000 -9999.000 -9999.000 -9999.000 -9999.000
-9999.000 -9999.000 -9999.000 -9999.000 -9999.000 -9999.000 -9999.000 -9999.000 -9999.000 -9999.000 -9999.000 -9999.000 -9999.000 -9999.000 -9999.000 0.2444874E-02 0.6005922E-02 0.1064696E-01 0.1506740E-01 0.1898221E-01 0.2219412E-01 0.2456792E-01 0.2601702E-01 0.2651204E-01 0.2606690E-01 0.2470905E-01 0.2241827E-01 0.1897096E-01 0.1352210E-01 0.6739677E-02 0.6739677E-02 -9999.000 -9999.000 -9999.000 -9999.000 -9999.000 -9999.000 -9999.000 -9999.000 -9999.000 -9999.000 -9999.000 -9999.000 -9999.000 -9999.000 -9999.000 -9999.000 -9999.000 -9999.000 -9999.000 -9999.000 -9999.000 -9999.000 -9999.000 -9999.000 -9999.000 -9999.000 -9999.000
-9999.000 -9999.000 -9999.000 -9999.000 -9999.000 -9999.000 -9999.000 -9999.000 -9999.000 -9999.000 -9999.000 -9999.000 -9999.000 -9999.000 -9999.000 0.2757858E-02 0.6663647E-02 0.1167444E-01 0.1643870E-01 0.2065741E-01 0.2412114E-01 0.2668579E-01 0.2825819E-01 0.2880648E-01 0.2834467E-01 0.2690211E-01 0.2445710E-01 0.2077200E-01 0.1493891E-01 0.7521677E-02 0.7521677E-02 -9999.000 -9999.000 -9999.000 -9999.000 -9999.000 -9999.000 -9999.000 -9999.000 -9999.000 -9999.000 -9999.000 -9999.000 -9999.000 -9999.000 -9999.000 -9999.000 -9999.000 -9999.000 -9999.000 -9999.000 -9999.000 -9999.000 -9999.000 -9999.000 -9999.000 -9999.000 -9999.000
-9999.000 -9999.000 -9999.000 -9999.000 -9999.000 -9999.000 -9999.000 -9999.000 -9999.000 -9999.000 -9999.000 -9999.000 -9999.000 -9999.000 -9999.000 0.3038606E-02 0.7248908E-02 0.1258231E-01 0.1764849E-01 0.2213751E-01 0.2583031E-01 0.2857564E-01 0.3027490E-01 0.3089463E-01 0.3044967E-01 0.2897056E-01 0.2643225E-01 0.2257688E-01 0.1641684E-01 0.8358582E-02 0.8358582E-02 -9999.000 -9999.000 -9999.000 -9999.000 -9999.000 -9999.000 -9999.000 -9999.000 -9999.000 -9999.000 -9999.000 -9999.000 -9999.000 -9999.000 -9999.000 -9999.000 -9999.000 -9999.000 -9999.000 -9999.000 -9999.000 -9999.000 -9999.000 -9999.000 -9999.000 -9999.000 -9999.000
-9999.000 -9999.000 -9999.000 -9999.000 -9999.000 -9999.000 -9999.000 -9999.000 -9999.000 -9999.000 -9999.000 -9999.000 -9999.000 -9999.000 -9999.000 0.3316803E-02 0.7824552E-02 0.1346781E-01 0.1882531E-01 0.2357823E-01 0.2749836E-01 0.3042885E-01 0.3226638E-01 0.3297649E-01 0.3257588E-01 0.3109605E-01 0.2850681E-01 0.2452431E-01 0.1806345E-01 0.9310406E-02 0.9310406E-02 -9999.000 -9999.000 -9999.000 -9999.000 -9999.000 -9999.000 -9999.000 -9999.000 -9999.000 -9999.000 -9999.000 -9999.000 -9999.000 -9999.000 -9999.000 -9999.000 -9999.000 -9999.000 -9999.000 -9999.000 -9999.000 -9999.000 -9999.000 -9999.000 -9999.000 -9999.000 -9999.000
-9999.000 -9999.000 -9999.000 -9999.000 -9999.000 -9999.000 -9999.000 -9999.000 -9999.000 -9999.000 -9999.000 -9999.000 -9999.000 -9999.000 -9999.000 0.3609949E-02 0.8426948E-02 0.1438873E-01 0.2004639E-01 0.2507276E-01 0.2923249E-01 0.3236321E-01 0.3435727E-01 0.3518073E-01 0.3485219E-01 0.3340479E-01 0.3080112E-01 0.2672605E-01 0.1997574E-01 0.1043468E-01 0.1043468E-01 -9999.000 -9999.000 -9999.000 -9999.000 -9999.000 -9999.000 -9999.000 -9999.000 -9999.000 -9999.000 -9999.000 -9999.000 -9999.000 -9999.000 -9999.000 -9999.000 -9999.000 -9999.000 -9999.000 -9999.000 -9999.000 -9999.000 -9999.000 -9999.000 -9999.000 -9999.000 -9999.000
-9999.000 -9999.000 -9999.000 -9999.000 -9999.000 -9999.000 -9999.000 -9999.000 -9999.000 -9999.000 -9999.000 -9999.000 -9999.000 -9999.000 -9999.000 0.3929527E-02 0.9081155E-02 0.1538452E-01 0.2136432E-01 0.2668659E-01 0.3110850E-01 0.3446370E-01 0.3664080E-01 0.3760670E-01 0.3738319E-01 0.3600547E-01 0.3342766E-01 0.2929602E-01 0.2226243E-01 0.1180023E-01 0.1180023E-01 -9999.000 -9999.000 -9999.000 -9999.000 -9999.000 -9999.000 -9999.000 -9999.000 -9999.000 -9999.000 -9999.000 -9999.000 -9999.000 -9999.000 -9999.000 -9999.000 -9999.000 -9999.000 -9999.000 -9999.000 -9999.000 -9999.000 -9999.000 -9999.000 -9999.000 -9999.000 -9999.000
-9999.000 -9999.000 -9999.000 -9999.000 -9999.000 -9999.000 -9999.000 -9999.000 -9999.000 -9999.000 -9999.000 -9999.000 -9999.000 -9999.000 -9999.000 0.4285018E-02 0.9807524E-02 0.1648779E-01 0.2282365E-01 0.2847507E-01 0.3319301E-01 0.3680720E-01 0.3920322E-01 0.4035013E-01 0.4027470E-01 0.3901432E-01 0.3651306E-01 0.3237076E-01 0.2506327E-01 0.1349794E-01 0.1349794E-01 -9999.000 -9999.000 -9999.000 -9999.000 -9999.000 -9999.000 -9999.000 -9999.000 -9999.000 -9999.000 -9999.000 -9999.000 -9999.000 -9999.000 -9999.000 -9999.000 -9999.000 -9999.000 -9999.000 -9999.000 -9999.000 -9999.000 -9999.000 -9999.000 -9999.000 -9999.000 -9999.000
-9999.000 -9999.000 -9999.000 -9999.000 -9999.000 -9999.000 -9999.000 -9999.000 -9999.000 -9999.000 -9999.000 -9999.000 -9999.000 -9999.000 -9999.000 0.4686249E-02 0.1062720E-01 0.1773319E-01 0.2447223E-01 0.3049920E-01 0.3555958E-01 0.3948012E-01 0.4214421E-01 0.4352548E-01 0.4365648E-01 0.4257858E-01 0.4022379E-01 0.3613553E-01 0.2857476E-01 0.1565811E-01 0.1565811E-01 -9999.000 -9999.000 -9999.000 -9999.000 -9999.000 -9999.000 -9999.000 -9999.000 -9999.000 -9999.000 -9999.000 -9999.000 -9999.000 -9999.000 -9999.000 -9999.000 -9999.000 -9999.000 -9999.000 -9999.000 -9999.000 -9999.000 -9999.000 -9999.000 -9999.000 -9999.000 -9999.000
-9999.000 -9999.000 -9999.000 -9999.000 -9999.000 -9999.000 -9999.000 -9999.000 -9999.000 -9999.000 -9999.000 -9999.000 -9999.000 -9999.000 -9999.000 0.5145442E-02 0.1156729E-01 0.1916529E-01 0.2637235E-01 0.3283871E-01 0.3830549E-01 0.4259787E-01 0.4559855E-01 0.4728793E-01 0.4770756E-01 0.4690444E-01 0.4479685E-01 0.4085977E-01 0.3308933E-01 0.1847735E-01 0.1847735E-01 -9999.000 -9999.000 -9999.000 -9999.000 -9999.000 -9999.000 -9999.000 -9999.000 -9999.000 -9999.000 -9999.000 -9999.000 -9999.000 -9999.000 -9999.000 -9999.000 -9999.000 -9999.000 -9999.000 -9999.000 -9999.000 -9999.000 -9999.000 -9999.000 -9999.000 -9999.000 -9999.000
-9999.000 -9999.000 -9999.000 -9999.000 -9999.000 -9999.000 -9999.000 -9999.000 -9999.000 -9999.000 -9999.000 -9999.000 -9999.000 -9999.000 -9999.000 0.5680928E-02 0.1266826E-01 0.2085039E-01 0.2861630E-01 0.3561162E-01 0.4157522E-01 0.4633252E-01 0.4976696E-01 0.5187053E-01 0.5269779E-01 0.5230481E-01 0.5059443E-01 0.4695918E-01 0.3906630E-01 0.2226603E-01 0.2226603E-01 -9999.000 -9999.000 -9999.000 -9999.000 -9999.000 -9999.000 -9999.000 -9999.000 -9999.000 -9999.000 -9999.000 -9999.000 -9999.000 -9999.000 -9999.000 -9999.000 -9999.000 -9999.000 -9999.000 -9999.000 -9999.000 -9999.000 -9999.000 -9999.000 -9999.000 -9999.000 -9999.000
-9999.000 -9999.000 -9999.000 -9999.000 -9999.000 -9999.000 -9999.000 -9999.000 -9999.000 -9999.000 -9999.000 -9999.000 -9999.000 -9999.000 -9999.000 0.6381640E-02 0.1410129E-01 0.2303907E-01 0.3151511E-01 0.3917311E-01 0.4575629E-01 0.5109813E-01 0.5509131E-01 0.5774808E-01 0.5914531E-01 0.5935487E-01 0.5826486E-01 0.5516719E-01 0.4731547E-01 0.2759098E-01 0.2759098E-01 -9999.000 -9999.000 -9999.000 -9999.000 -9999.000 -9999.000 -9999.000 -9999.000 -9999.000 -9999.000 -9999.000 -9999.000 -9999.000 -9999.000 -9999.000 -9999.000 -9999.000 -9999.000 -9999.000 -9999.000 -9999.000 -9999.000 -9999.000 -9999.000 -9999.000 -9999.000 -9999.000
-9999.000 -9999.000 -9999.000 -9999.000 -9999.000 -9999.000 -9999.000 -9999.000 -9999.000 -9999.000 -9999.000 -9999.000 -9999.000 -9999.000 -9999.000 0.2092600E-01 0.3441265E-01 0.4738149E-01 0.5706337E-01 0.6395236E-01 0.6855099E-01 0.7125406E-01 0.7241670E-01 0.7237215E-01 0.7138781E-01 0.6961162E-01 0.6690492E-01 0.6243887E-01 0.5304503E-01 0.2706819E-01 0.2706819E-01 -9999.000 -9999.000 -9999.000 -9999.000 -9999.000 -9999.000 -9999.000 -9999.000 -9999.000 -9999.000 -9999.000 -9999.000 -9999.000 -9999.000 -9999.000 -9999.000 -9999.000 -9999.000 -9999.000 -9999.000 -9999.000 -9999.000 -9999.000 -9999.000 -9999.000 -9999.000 -9999.000
2.475904 2.475904 2.521662 2.562827 2.568779 2.568779 2.572353 2.575465 2.575465 2.575231 2.575231 2.572759 2.570883 2.568658 2.566126 2.566126 2.535704 2.520276 2.495686 2.457936 2.403247 2.331211 2.240927 2.132846 2.008321 1.870078 1.723864 1.582009 1.470061 1.448653 1.448653 2.282150 2.437028 2.505695 2.518995 2.518995 2.527632 2.527632 2.475308 2.475308 2.412967 2.153242 2.153242 1.748278 1.748278 1.647532 1.647532 1.647532 1.674360 1.674360 1.720209 1.720209 1.768584 1.768584 1.812531 1.812531 1.849075 1.849075
2.492460 2.492460 2.552866 2.609003 2.625341 2.625341 2.639281 2.663002 2.663002 2.683209 2.683209 2.701016 2.709219 2.717031 2.724494 2.724494 2.716731 2.718624 2.722020 2.723315 2.719059 2.706790 2.683846 2.647930 2.597180 2.530478 2.447384 2.349622 2.258033 2.213820 2.213820 2.670265 2.823273 2.957061 2.989611 2.989611 3.018519 3.018519 2.998697 2.998697 2.964977 2.824663 2.824663 2.547937 2.547937 2.423233 2.423233 2.423233 2.449323 2.449323 2.494587 2.494587 2.543617 2.543617 2.590541 2.590541 2.630925 2.630925
2.496229 2.496229 2.556882 2.609295 2.625808 2.625808 2.639982 2.664212 2.664212 2.684983 2.684983 2.703437 2.711997 2.720190 2.728055 2.728055 2.726260 2.734304 2.747193 2.760884 2.772232 2.779302 2.780427 2.774048 2.758592 2.732588 2.694834 2.645470 2.594755 2.568640 2.568640 2.848962 2.996465 3.156346 3.198806 3.198806 3.232728 3.232728 3.205315 3.205315 3.169105 3.057628 3.057628 2.866332 2.866332 2.726276 2.726276 2.726276 2.739187 2.739187 2.776139 2.776139 2.818858 2.818858 2.859677 2.859677 2.894947 2.894947
2.499237 2.499237 2.559970 2.609223 2.625703 2.625703 2.639923 2.664224 2.664224 2.685015 2.685015 2.703475 2.712040 2.720241 2.728114 2.728114 2.732290 2.745682 2.765244 2.786212 2.805156 2.820131 2.829947 2.833796 2.831000 2.820905 2.802883 2.776984 2.749531 2.738472 2.738472 2.914867 3.049246 3.218013 3.264873 3.264873 3.293880 3.293880 3.250222 3.250222 3.211252 3.125257 3.125257 3.004520 3.004520 2.868776 2.868776 2.868776 2.866671 2.866671 2.895059 2.895059 2.932745 2.932745 2.969906 2.969906 3.002389 3.002389
2.501541 2.501541 2.562322 2.609175 2.625594 2.625594 2.639850 2.664220 2.664220 2.685022 2.685022 2.703476 2.712039 2.720237 2.728111 2.728111 2.740054 2.759614 2.785740 2.813209 2.838405 2.859244 2.874563 2.883753 2.886507 2.882704 2.872339 2.855878 2.837856 2.831396 2.831396 2.945067 3.059962 3.220751 3.262459 3.262459 3.269313 3.269313 3.211002 3.211002 3.178137 3.128397 3.128397 3.068329 3.068329 2.956973 2.956973 2.956973 2.940580 2.940580 2.957674 2.957674 2.988636 2.988636 3.021775 3.021775 3.051376 3.051376
2.503166 2.503166 2.563978 2.609150 2.625502 2.625502 2.639785 2.664215 2.664215 2.685029 2.685029 2.703477 2.712038 2.720234 2.728108 2.728108 2.750247 2.776977 2.809802 2.843354 2.874115 2.900030 2.919954 2.933289 2.939796 2.939493 2.932614 2.919837 2.904615 2.896806 2.896806 2.967736 3.058738 3.190642 3.213407 3.213407 3.184147 3.184147 3.129835 3.129835 3.114768 3.107521 3.107521 3.095096 3.095096 3.020550 3.020550 3.020550 2.995627 2.995627 3.000562 3.000562 3.022706 3.022706 3.050166 3.050166 3.075748 3.075748
2.504133 2.504133 2.564961 2.609138 2.625442 2.625442 2.639741 2.664212 2.664212 2.685034 2.685034 2.703479 2.712039 2.720234 2.728107 2.728107 2.763717 2.798651 2.838336 2.877555 2.913163 2.943352 2.967108 2.983889 2.993458 2.995819 2.991206 2.980259 2.965530 2.954247 2.954247 2.993659 3.056732 3.129927 3.118227 3.118227 3.060033 3.060033 3.039586 3.039586 3.048251 3.079396 3.079396 3.101177 3.101177 3.066738 3.066738 3.066738 3.041629 3.041629 3.036651 3.036651 3.048778 3.048778 3.068719 3.068719 3.088738 3.088738
2.504453 2.504453 2.565287 2.609136 2.625421 2.625421 2.639726 2.664212 2.664212 2.685036 2.685036 2.703480 2.712039 2.720233 2.728106 2.728106 2.781642 2.825776 2.872396 2.916781 2.956402 2.989902 3.016544 3.035929 3.047871 3.052352 3.049528 3.039878 3.025143 3.010097 3.010097 3.024416 3.052948 3.025138 2.974494 2.974494 2.927213 2.927213 2.961372 2.961372 2.990749 3.049964 3.049964 3.095053 3.095053 3.097494 3.097494 3.097494 3.079610 3.079610 3.069253 3.069253 3.071840 3.071840 3.082919 3.082919 3.095816 3.095816
2.504133 2.504133 2.564960 2.609139 2.625442 2.625442 2.639742 2.664212 2.664212 2.685034 2.685034 2.703480 2.712039 2.720233 2.728106 2.728106 2.805655 2.859839 2.913258 2.962103 3.004713 3.040356 3.068711 3.089630 3.103047 3.108961 3.107460 3.098834 3.084053 3.065091 3.065091 3.055259 3.033105 2.862632 2.799295 2.799295 2.814628 2.814628 2.898380 2.898380 2.941511 3.019230 3.019230 3.080389 3.080389 3.113715 3.113715 3.113715 3.107575 3.107575 3.096935 3.096935 3.092068 3.092068 3.093903 3.093903 3.098474 3.098474
2.503166 2.503166 2.563977 2.609149 2.625501 2.625501 2.639785 2.664216 2.664216 2.685029 2.685029 2.703479 2.712039 2.720235 2.728108 2.728108 2.838040 2.902803 2.962471 3.014696 3.058949 3.095294 3.123943 3.145083 3.158841 3.165281 3.164458 3.156481 3.141398 3.116570 3.116570 3.071967 2.962355 2.658364 2.635619 2.635619 2.731371 2.731371 2.845722 2.845722 2.896784 2.986734 2.986734 3.059350 3.059350 3.116982 3.116982 3.116982 3.123957 3.123957 3.117101 3.117101 3.107732 3.107732 3.100964 3.100964 3.096605 3.096605
2.501541 2.501541 2.562321 2.609175 2.625594 2.625594 2.639850 2.664220 2.664220 2.685021 2.685021 2.703476 2.712039 2.720237 2.728111 2.728111 2.882066 2.957267 3.021894 3.075778 3.119830 3.155054 3.182283 3.202095 3.214845 3.220705 3.219725 3.211803 3.195210 3.155879 3.155879 3.037194 2.788465 2.470728 2.517888 2.517888 2.666662 2.666662 2.796452 2.796452 2.852060 2.950723 2.950723 3.031677 3.031677 3.107574 3.107574 3.107574 3.126754 3.126754 3.125940 3.125940 3.114941 3.114941 3.101043 3.101043 3.087944 3.087944
