cruce_test.gid/Rasters/Hydraulic/Velocity__x_130.0.asc
NCOLS        79
NROWS        79
XLLCENTER         -1.500000
YLLCENTER         -4.800000
CELLSIZE           0.100
NODATA_VALUE     -9999.0
[rows 0 to 25 of 79, columns 0 to 57 of 79]
-9999.000 -9999.000 -9999.000 -9999.000 -9999.000 -9999.000 -9999.000 -9999.000 -9999.000 -9999.000 -9999.000 -9999.000 -9999.000 -9999.000 -9999.000 0.1600384E-03 0.1209954E-02 0.3184501E-02 0.5130254E-02 0.6883369E-02 0.8357918E-02 0.9516855E-02 0.1036209E-01 0.1092149E-01 0.1124172E-01 0.1133893E-01 0.1109389E-01 0.1007669E-01 0.7221149E-02 0.3392330E-02 0.3392330E-02 -9999.000 -9999.000 -9999.000 -9999.000 -9999.000 -9999.000 -9999.000 -9999.000 -9999.000 -9999.000 -9999.000 -9999.000 -9999.000 -9999.000 -9999.000 -9999.000 -9999.000 -9999.000 -9999.000 -9999.000 -9999.000 -9999.000 -9999.000 -9999.000 -9999.000 -9999.000 -9999.000
-9999.000 -9999.000 -9999.000 -9999.000 -9999.000 -9999.000 -9999.000 -9999.000 -9999.000 -9999.000 -9999.000 -9999.000 -9999.000 -9999.000 -9999.000 0.9769403E-03 0.2918735E-02 0.5837070E-02 0.8700198E-02 0.1129951E-01 0.1350271E-01 0.1523054E-01 0.1644703E-01 0.1714587E-01 0.1734010E-01 0.1701347E-01 0.1602326E-01 0.1395087E-01 0.9838092E-02 0.4716720E-02 0.4716720E-02 -9999.000 -9999.000 -9999.000 -9999.000 -9999.000 -9999.000 -9999.000 -9999.000 -9999.000 -9999.000 -9999.000 -9999.000 -9999.000 -9999.000 -9999.000 -9999.000 -9999.000 -9999.000 -9999.000 -9999.000 -9999.000 -9999.000 -9999.000 -9999.000 -9999.000 -9999.000 -9999.000
-9999.000 -9999.000 -9999.000 -9999.000 -9999.000 -9999.000 -9999.000 -9999.000 -9999.000 -9999.000 -9999.000 -9999.000 -9999.000 -9999.000 -9999.000 0.1520373E-02 0.4090626E-02 0.7712684E-02 0.1122970E-01 0.1440659E-01 0.1708637E-01 0.1916848E-01 0.2059960E-01 0.2136064E-01 0.2145801E-01 0.2087253E-01 0.1945976E-01 0.1679105E-01 0.1186853E-01 0.5760940E-02 0.5760940E-02 -9999.000 -9999.000 -9999.000 -9999.000 -9999.000 -9999.000 -9999.000 -9999.000 -9999.000 -9999.000 -9999.000 -9999.000 -9999.000 -9999.000 -9999.000 -9999.000 -9999.000 -9999.000 -9999.000 -9999.000 -9999.000 -9999.000 -9999.000 -9999.000 -9999.000 -9999.000 -9999.000
-9999.000 -9999.000 -9999.000 -9999.000 -9999.000 -9999.000 -9999.000 -9999.000 -9999.000 -9999.000 -9999.000 -9999.000 -9999.000 -9999.000 -9999.000 0.1922810E-02 0.4961120E-02 0.9109046E-02 0.1311549E-01 0.1672457E-01 0.1976184E-01 0.2211282E-01 0.2371475E-01 0.2454296E-01 0.2460209E-01 0.2387321E-01 0.2220577E-01 0.1914737E-01 0.1363073E-01 0.6694239E-02 0.6694239E-02 -9999.000 -9999.000 -9999.000 -9999.000 -9999.000 -9999.000 -9999.000 -9999.000 -9999.000 -9999.000 -9999.000 -9999.000 -9999.000 -9999.000 -9999.000 -9999.000 -9999.000 -9999.000 -9999.000 -9999.000 -9999.000 -9999.000 -9999.000 -9999.000 -9999.000 -9999.000 -9999.000
-9999.000 -9999.000 -9999.000 -9999.000 -9999.000 -9999.000 -9999.000 -9999.000 -9999.000 -9999.000 -9999.000 -9999.000 -9999.000 -9999.000 -9999.000 0.2252070E-02 0.5670984E-02 0.1024491E-01 0.1465070E-01 0.1861697E-01 0.2195545E-01 0.2454159E-01 0.2630645E-01 0.2722190E-01 0.2729240E-01 0.2649808E-01 0.2467818E-01 0.2134690E-01 0.1534512E-01 0.7626705E-02 0.7626705E-02 -9999.000 -9999.000 -9999.000 -9999.000 -9999.000 -9999.000 -9999.000 -9999.000 -9999.000 -9999.000 -9999.000 -9999.000 -9999.000 -9999.000 -9999.000 -9999.000 -9999.000 -9999.000 -9999.000 -9999.000 -9999.000 -9999.000 -9999.000 -9999.000 -9999.000 -9999.000 -9999.000
-9999.000 -9999.000 -9999.000 -9999.000 -9999.000 -9999.000 -9999.000 -9999.000 -9999.000 -9999.000 -9999.000 -9999.000 -9999.000 -9999.000 -9999.000 0.2552171E-02 0.6313276E-02 0.1126550E-01 0.1602854E-01 0.2031905E-01 0.2393712E-01 0.2675048E-01 0.2868518E-01 0.2971130E-01 0.2983393E-01 0.2903116E-01 0.2712811E-01 0.2359603E-01 0.1716144E-01 0.8637162E-02 0.8637162E-02 -9999.000 -9999.000 -9999.000 -9999.000 -9999.000 -9999.000 -9999.000 -9999.000 -9999.000 -9999.000 -9999.000 -9999.000 -9999.000 -9999.000 -9999.000 -9999.000 -9999.000 -9999.000 -9999.000 -9999.000 -9999.000 -9999.000 -9999.000 -9999.000 -9999.000 -9999.000 -9999.000
-9999.000 -9999.000 -9999.000 -9999.000 -9999.000 -9999.000 -9999.000 -9999.000 -9999.000 -9999.000 -9999.000 -9999.000 -9999.000 -9999.000 -9999.000 0.2851939E-02 0.6948317E-02 0.1226495E-01 0.1737398E-01 0.2198206E-01 0.2587951E-01 0.2892761E-01 0.3104930E-01 0.3221329E-01 0.3242549E-01 0.3166204E-01 0.2973009E-01 0.2604772E-01 0.1920082E-01 0.9793533E-02 0.9793533E-02 -9999.000 -9999.000 -9999.000 -9999.000 -9999.000 -9999.000 -9999.000 -9999.000 -9999.000 -9999.000 -9999.000 -9999.000 -9999.000 -9999.000 -9999.000 -9999.000 -9999.000 -9999.000 -9999.000 -9999.000 -9999.000 -9999.000 -9999.000 -9999.000 -9999.000 -9999.000 -9999.000
-9999.000 -9999.000 -9999.000 -9999.000 -9999.000 -9999.000 -9999.000 -9999.000 -9999.000 -9999.000 -9999.000 -9999.000 -9999.000 -9999.000 -9999.000 0.3171187E-02 0.7617689E-02 0.1330775E-01 0.1877174E-01 0.2370914E-01 0.2790146E-01 0.3120417E-01 0.3353849E-01 0.3487304E-01 0.3521549E-01 0.3453970E-01 0.3263047E-01 0.2884147E-01 0.2158632E-01 0.1116916E-01 0.1116916E-01 -9999.000 -9999.000 -9999.000 -9999.000 -9999.000 -9999.000 -9999.000 -9999.000 -9999.000 -9999.000 -9999.000 -9999.000 -9999.000 -9999.000 -9999.000 -9999.000 -9999.000 -9999.000 -9999.000 -9999.000 -9999.000 -9999.000 -9999.000 -9999.000 -9999.000 -9999.000 -9999.000
-9999.000 -9999.000 -9999.000 -9999.000 -9999.000 -9999.000 -9999.000 -9999.000 -9999.000 -9999.000 -9999.000 -9999.000 -9999.000 -9999.000 -9999.000 0.3525083E-02 0.8352881E-02 0.1444270E-01 0.2028716E-01 0.2558049E-01 0.3009637E-01 0.3368605E-01 0.3626944E-01 0.3781687E-01 0.3833944E-01 0.3780777E-01 0.3598006E-01 0.3213144E-01 0.2446493E-01 0.1285614E-01 0.1285614E-01 -9999.000 -9999.000 -9999.000 -9999.000 -9999.000 -9999.000 -9999.000 -9999.000 -9999.000 -9999.000 -9999.000 -9999.000 -9999.000 -9999.000 -9999.000 -9999.000 -9999.000 -9999.000 -9999.000 -9999.000 -9999.000 -9999.000 -9999.000 -9999.000 -9999.000 -9999.000 -9999.000
-9999.000 -9999.000 -9999.000 -9999.000 -9999.000 -9999.000 -9999.000 -9999.000 -9999.000 -9999.000 -9999.000 -9999.000 -9999.000 -9999.000 -9999.000 0.3927040E-02 0.9182372E-02 0.1571507E-01 0.2198138E-01 0.2767245E-01 0.3255523E-01 0.3647775E-01 0.3936118E-01 0.4117872E-01 0.4194641E-01 0.4163210E-01 0.3996203E-01 0.3611561E-01 0.2803645E-01 0.1498279E-01 0.1498279E-01 -9999.000 -9999.000 -9999.000 -9999.000 -9999.000 -9999.000 -9999.000 -9999.000 -9999.000 -9999.000 -9999.000 -9999.000 -9999.000 -9999.000 -9999.000 -9999.000 -9999.000 -9999.000 -9999.000 -9999.000 -9999.000 -9999.000 -9999.000 -9999.000 -9999.000 -9999.000 -9999.000
-9999.000 -9999.000 -9999.000 -9999.000 -9999.000 -9999.000 -9999.000 -9999.000 -9999.000 -9999.000 -9999.000 -9999.000 -9999.000 -9999.000 -9999.000 0.4392161E-02 0.1013858E-01 0.1717593E-01 0.2392391E-01 0.3007310E-01 0.3538471E-01 0.3970568E-01 0.4296020E-01 0.4512690E-01 0.4622979E-01 0.4623435E-01 0.4482795E-01 0.4107338E-01 0.3259270E-01 0.1774008E-01 0.1774008E-01 -9999.000 -9999.000 -9999.000 -9999.000 -9999.000 -9999.000 -9999.000 -9999.000 -9999.000 -9999.000 -9999.000 -9999.000 -9999.000 -9999.000 -9999.000 -9999.000 -9999.000 -9999.000 -9999.000 -9999.000 -9999.000 -9999.000 -9999.000 -9999.000 -9999.000 -9999.000 -9999.000
-9999.000 -9999.000 -9999.000 -9999.000 -9999.000 -9999.000 -9999.000 -9999.000 -9999.000 -9999.000 -9999.000 -9999.000 -9999.000 -9999.000 -9999.000 0.4939990E-02 0.1126294E-01 0.1889258E-01 0.2620791E-01 0.3290164E-01 0.3873077E-01 0.4354354E-01 0.4727049E-01 0.4989974E-01 0.5146702E-01 0.5193656E-01 0.5094993E-01 0.4742667E-01 0.3858630E-01 0.2142849E-01 0.2142849E-01 -9999.000 -9999.000 -9999.000 -9999.000 -9999.000 -9999.000 -9999.000 -9999.000 -9999.000 -9999.000 -9999.000 -9999.000 -9999.000 -9999.000 -9999.000 -9999.000 -9999.000 -9999.000 -9999.000 -9999.000 -9999.000 -9999.000 -9999.000 -9999.000 -9999.000 -9999.000 -9999.000
-9999.000 -9999.000 -9999.000 -9999.000 -9999.000 -9999.000 -9999.000 -9999.000 -9999.000 -9999.000 -9999.000 -9999.000 -9999.000 -9999.000 -9999.000 0.5599953E-02 0.1261973E-01 0.2096799E-01 0.2897576E-01 0.3634008E-01 0.4281700E-01 0.4825900E-01 0.5260813E-01 0.5586758E-01 0.5809144E-01 0.5924657E-01 0.5892051E-01 0.5585560E-01 0.4676265E-01 0.2654690E-01 0.2654690E-01 -9999.000 -9999.000 -9999.000 -9999.000 -9999.000 -9999.000 -9999.000 -9999.000 -9999.000 -9999.000 -9999.000 -9999.000 -9999.000 -9999.000 -9999.000 -9999.000 -9999.000 -9999.000 -9999.000 -9999.000 -9999.000 -9999.000 -9999.000 -9999.000 -9999.000 -9999.000 -9999.000
-9999.000 -9999.000 -9999.000 -9999.000 -9999.000 -9999.000 -9999.000 -9999.000 -9999.000 -9999.000 -9999.000 -9999.000 -9999.000 -9999.000 -9999.000 0.6487974E-02 0.1443614E-01 0.2374008E-01 0.3265619E-01 0.4089179E-01 0.4820857E-01 0.5447453E-01 0.5965563E-01 0.6378325E-01 0.6694417E-01 0.6911615E-01 0.6982678E-01 0.6760053E-01 0.5849630E-01 0.3404843E-01 0.3404843E-01 -9999.000 -9999.000 -9999.000 -9999.000 -9999.000 -9999.000 -9999.000 -9999.000 -9999.000 -9999.000 -9999.000 -9999.000 -9999.000 -9999.000 -9999.000 -9999.000 -9999.000 -9999.000 -9999.000 -9999.000 -9999.000 -9999.000 -9999.000 -9999.000 -9999.000 -9999.000 -9999.000
-9999.000 -9999.000 -9999.000 -9999.000 -9999.000 -9999.000 -9999.000 -9999.000 -9999.000 -9999.000 -9999.000 -9999.000 -9999.000 -9999.000 -9999.000 0.2127245E-01 0.3558091E-01 0.4963122E-01 0.6060962E-01 0.6902427E-01 0.7529926E-01 0.7983600E-01 0.8300129E-01 0.8509814E-01 0.8638378E-01 0.8686236E-01 0.8598081E-01 0.8205529E-01 0.7057451E-01 0.3674857E-01 0.3674857E-01 -9999.000 -9999.000 -9999.000 -9999.000 -9999.000 -9999.000 -9999.000 -9999.000 -9999.000 -9999.000 -9999.000 -9999.000 -9999.000 -9999.000 -9999.000 -9999.000 -9999.000 -9999.000 -9999.000 -9999.000 -9999.000 -9999.000 -9999.000 -9999.000 -9999.000 -9999.000 -9999.000
2.276704 2.276704 2.325429 2.369476 2.376651 2.376651 2.381313 2.386405 2.386405 2.388014 2.388014 2.387285 2.386247 2.384835 2.383098 2.383098 2.218494 2.184819 2.143831 2.091022 2.023926 1.941540 1.843944 1.732250 1.609265 1.479277 1.349429 1.233178 1.157092 1.175352 1.175352 2.039803 2.188599 2.231734 2.232001 2.232001 2.211745 2.211745 2.124396 2.124396 2.039708 1.570799 1.570799 1.398830 1.398830 1.389948 1.389948 1.389948 1.438266 1.438266 1.490254 1.490254 1.538773 1.538773 1.579629 1.579629 1.610494 1.610494
2.291527 2.291527 2.355176 2.412669 2.429606 2.429606 2.444019 2.468497 2.468497 2.489330 2.489330 2.507676 2.516119 2.524151 2.531818 2.531818 2.444813 2.434642 2.430035 2.423161 2.409444 2.385889 2.350282 2.301012 2.234571 2.154230 2.063306 1.969465 1.891020 1.876995 1.876995 2.362573 2.517205 2.639384 2.664734 2.664734 2.676228 2.676228 2.634153 2.634153 2.586751 2.316620 2.316620 2.111324 2.111324 2.093174 2.093174 2.093174 2.139454 2.139454 2.188654 2.188654 2.235907 2.235907 2.277963 2.277963 2.313500 2.313500
2.294784 2.294784 2.359217 2.412925 2.430018 2.430018 2.444659 2.469633 2.469633 2.491004 2.491004 2.509958 2.518736 2.527125 2.535170 2.535170 2.471537 2.464743 2.470396 2.479096 2.485363 2.486207 2.479680 2.464211 2.437348 2.399535 2.351692 2.297447 2.247395 2.233784 2.233784 2.562547 2.705749 2.853446 2.888770 2.888770 2.906741 2.906741 2.863420 2.863420 2.820898 2.648274 2.648274 2.468128 2.468128 2.423222 2.423222 2.423222 2.458409 2.458409 2.499592 2.499592 2.539709 2.539709 2.576014 2.576014 2.606159 2.606159
2.297373 2.297373 2.362300 2.412855 2.429889 2.429889 2.444575 2.469638 2.469638 2.491035 2.491035 2.509996 2.518777 2.527173 2.535226 2.535226 2.489144 2.483785 2.493274 2.508230 2.522375 2.532505 2.536994 2.534866 2.524704 2.506691 2.481500 2.451521 2.424050 2.421839 2.421839 2.635135 2.769622 2.925610 2.963976 2.963976 2.976934 2.976934 2.926123 2.926123 2.888322 2.778131 2.778131 2.638610 2.638610 2.571028 2.571028 2.571028 2.596322 2.596322 2.632695 2.632695 2.669612 2.669612 2.702729 2.702729 2.729873 2.729873
2.299350 2.299350 2.364629 2.412820 2.429759 2.429759 2.444477 2.469625 2.469625 2.491045 2.491045 2.509998 2.518776 2.527169 2.535220 2.535220 2.506618 2.505399 2.518507 2.537845 2.557005 2.572467 2.582514 2.586361 2.583237 2.573449 2.557930 2.538887 2.522042 2.524045 2.524045 2.667077 2.786093 2.933396 2.965173 2.965173 2.959948 2.959948 2.907754 2.907754 2.881761 2.824960 2.824960 2.736931 2.736931 2.658885 2.658885 2.658885 2.671438 2.671438 2.701236 2.701236 2.734380 2.734380 2.764545 2.764545 2.789224 2.789224
2.300741 2.300741 2.366257 2.412811 2.429655 2.429655 2.444392 2.469614 2.469614 2.491053 2.491053 2.510001 2.518775 2.527166 2.535215 2.535215 2.524313 2.530070 2.547803 2.571104 2.594248 2.613735 2.627719 2.635343 2.636048 2.630093 2.618479 2.603358 2.589582 2.589791 2.589791 2.685040 2.782807 2.899750 2.913477 2.913477 2.886115 2.886115 2.851556 2.851556 2.844369 2.834030 2.834030 2.794707 2.794707 2.723526 2.723526 2.723526 2.723131 2.723131 2.743930 2.743930 2.771560 2.771560 2.798042 2.798042 2.819800 2.819800
2.301567 2.301567 2.367221 2.412814 2.429587 2.429587 2.444335 2.469605 2.469605 2.491059 2.491059 2.510004 2.518775 2.527164 2.535213 2.535213 2.542936 2.557927 2.581528 2.608806 2.635254 2.657846 2.674820 2.685260 2.688634 2.685032 2.675273 2.661256 2.647070 2.642298 2.642298 2.700949 2.770146 2.826613 2.814509 2.814509 2.782053 2.782053 2.786090 2.786090 2.799155 2.825234 2.825234 2.824543 2.824543 2.774659 2.774659 2.774659 2.765285 2.765285 2.776150 2.776150 2.796521 2.796521 2.817914 2.817914 2.835794 2.835794
2.301840 2.301840 2.367540 2.412817 2.429563 2.429563 2.444315 2.469603 2.469603 2.491061 2.491061 2.510004 2.518775 2.527163 2.535212 2.535212 2.563751 2.589583 2.620113 2.651520 2.680713 2.705511 2.724511 2.736890 2.742143 2.740197 2.731587 2.717796 2.702040 2.690926 2.690926 2.717363 2.745050 2.707412 2.677872 2.677872 2.675912 2.675912 2.725773 2.725773 2.755218 2.807116 2.807116 2.834476 2.834476 2.813204 2.813204 2.813204 2.801269 2.801269 2.803518 2.803518 2.815543 2.815543 2.830375 2.830375 2.843230 2.843230
2.301567 2.301567 2.367220 2.412814 2.429586 2.429586 2.444335 2.469605 2.469605 2.491059 2.491059 2.510003 2.518776 2.527164 2.535213 2.535213 2.588568 2.626238 2.664286 2.699837 2.731209 2.757265 2.777210 2.790502 2.796748 2.795792 2.787904 2.774092 2.756521 2.737832 2.737832 2.728030 2.688440 2.546585 2.530094 2.530094 2.586838 2.586838 2.673500 2.673500 2.713998 2.783490 2.783490 2.830690 2.830690 2.838663 2.838663 2.838663 2.830311 2.830311 2.827018 2.827018 2.830774 2.830774 2.837950 2.837950 2.844697 2.844697
2.300741 2.300741 2.366257 2.412811 2.429655 2.429655 2.444392 2.469614 2.469614 2.491052 2.491052 2.510000 2.518775 2.527165 2.535215 2.535215 2.619820 2.669722 2.715183 2.754456 2.787221 2.813462 2.833138 2.846147 2.852322 2.851527 2.843840 2.829810 2.810123 2.779903 2.779903 2.711920 2.564380 2.377055 2.404193 2.404193 2.516823 2.516823 2.626512 2.626512 2.674019 2.755803 2.755803 2.817087 2.817087 2.850834 2.850834 2.850834 2.850104 2.850104 2.844898 2.844898 2.841618 2.841618 2.840746 2.840746 2.840640 2.840640
2.299350 2.299350 2.364629 2.412820 2.429760 2.429760 2.444478 2.469625 2.469625 2.491044 2.491044 2.509998 2.518776 2.527169 2.535220 2.535220 2.660835 2.722579 2.774385 2.816192 2.849088 2.874160 2.892173 2.903552 2.908438 2.906800 2.898622 2.883972 2.860608 2.804466 2.804466 2.619339 2.344636 2.244293 2.306645 2.306645 2.456435 2.456435 2.579912 2.579912 2.632048 2.723055 2.723055 2.794530 2.794530 2.849092 2.849092 2.849092 2.857545 2.857545 2.853428 2.853428 2.845038 2.845038 2.836551 2.836551 2.829417 2.829417
