cruce_test.gid/Rasters/Hydraulic/Velocity__y_321.0.asc
NCOLS        79
NROWS        79
XLLCENTER         -1.500000
YLLCENTER         -4.800000
CELLSIZE           0.100
NODATA_VALUE     -9999.0
[rows 0 to 26 of 79, columns 0 to 58 of 79]
-9999.000 -9999.000 -9999.000 -9999.000 -9999.000 -9999.000 -9999.000 -9999.000 -9999.000 -9999.000 -9999.000 -9999.000 -9999.000 -9999.000 -9999.000 -0.9764744E-01 -0.9568262E-01 -0.9531367E-01 -0.9555051E-01 -0.9600449E-01 -0.9653723E-01 -0.9710767E-01 -0.9762983E-01 -0.9811774E-01 -0.9856147E-01 -0.9895826E-01 -0.9935874E-01 -0.9997091E-01 -0.1014088 -0.1027368 -0.1027368 -9999.000 -9999.000 -9999.000 -9999.000 -9999.000 -9999.000 -9999.000 -9999.000 -9999.000 -9999.000 -9999.000 -9999.000 -9999.000 -9999.000 -9999.000 -9999.000 -9999.000 -9999.000 -9999.000 -9999.000 -9999.000 -9999.000 -9999.000 -9999.000 -9999.000 -9999.000 -9999.000 -9999.000
-9999.000 -9999.000 -9999.000 -9999.000 -9999.000 -9999.000 -9999.000 -9999.000 -9999.000 -9999.000 -9999.000 -9999.000 -9999.000 -9999.000 -9999.000 -0.9625005E-01 -0.9222053E-01 -0.9145141E-01 -0.9199779E-01 -0.9303973E-01 -0.9427902E-01 -0.9562048E-01 -0.9687527E-01 -0.9806702E-01 -0.9916884E-01 -0.1001711 -0.1011765 -0.1026190 -0.1057788 -0.1090136 -0.1090136 -9999.000 -9999.000 -9999.000 -9999.000 -9999.000 -9999.000 -9999.000 -9999.000 -9999.000 -9999.000 -9999.000 -9999.000 -9999.000 -9999.000 -9999.000 -9999.000 -9999.000 -9999.000 -9999.000 -9999.000 -9999.000 -9999.000 -9999.000 -9999.000 -9999.000 -9999.000 -9999.000 -9999.000
-9999.000 -9999.000 -9999.000 -9999.000 -9999.000 -9999.000 -9999.000 -9999.000 -9999.000 -9999.000 -9999.000 -9999.000 -9999.000 -9999.000 -9999.000 -0.9345779E-01 -0.8729644E-01 -0.8611035E-01 -0.8710041E-01 -0.8895262E-01 -0.9117895E-01 -0.9361368E-01 -0.9593862E-01 -0.9818028E-01 -0.1002828 -0.1022204 -0.1041489 -0.1067542 -0.1120740 -0.1179986 -0.1179986 -9999.000 -9999.000 -9999.000 -9999.000 -9999.000 -9999.000 -9999.000 -9999.000 -9999.000 -9999.000 -9999.000 -9999.000 -9999.000 -9999.000 -9999.000 -9999.000 -9999.000 -9999.000 -9999.000 -9999.000 -9999.000 -9999.000 -9999.000 -9999.000 -9999.000 -9999.000 -9999.000 -9999.000
-9999.000 -9999.000 -9999.000 -9999.000 -9999.000 -9999.000 -9999.000 -9999.000 -9999.000 -9999.000 -9999.000 -9999.000 -9999.000 -9999.000 -9999.000 -0.8998674E-01 -0.8180059E-01 -0.8022893E-01 -0.8172655E-01 -0.8447233E-01 -0.8778424E-01 -0.9142398E-01 -0.9493552E-01 -0.9834826E-01 -0.1015715 -0.1045573 -0.1075134 -0.1113867 -0.1190118 -0.1281578 -0.1281578 -9999.000 -9999.000 -9999.000 -9999.000 -9999.000 -9999.000 -9999.000 -9999.000 -9999.000 -9999.000 -9999.000 -9999.000 -9999.000 -9999.000 -9999.000 -9999.000 -9999.000 -9999.000 -9999.000 -9999.000 -9999.000 -9999.000 -9999.000 -9999.000 -9999.000 -9999.000 -9999.000 -9999.000
-9999.000 -9999.000 -9999.000 -9999.000 -9999.000 -9999.000 -9999.000 -9999.000 -9999.000 -9999.000 -9999.000 -9999.000 -9999.000 -9999.000 -9999.000 -0.8606646E-01 -0.7592325E-01 -0.7398179E-01 -0.7602811E-01 -0.7972104E-01 -0.8418141E-01 -0.8909702E-01 -0.9386618E-01 -0.9852413E-01 -0.1029412 -0.1070444 -0.1110959 -0.1163182 -0.1263962 -0.1393414 -0.1393414 -9999.000 -9999.000 -9999.000 -9999.000 -9999.000 -9999.000 -9999.000 -9999.000 -9999.000 -9999.000 -9999.000 -9999.000 -9999.000 -9999.000 -9999.000 -9999.000 -9999.000 -9999.000 -9999.000 -9999.000 -9999.000 -9999.000 -9999.000 -9999.000 -9999.000 -9999.000 -9999.000 -9999.000
-9999.000 -9999.000 -9999.000 -9999.000 -9999.000 -9999.000 -9999.000 -9999.000 -9999.000 -9999.000 -9999.000 -9999.000 -9999.000 -9999.000 -9999.000 -0.8178183E-01 -0.6974085E-01 -0.6744210E-01 -0.7006960E-01 -0.7474983E-01 -0.8040420E-01 -0.8664776E-01 -0.9272368E-01 -0.9867977E-01 -0.1043422 -0.1096122 -0.1148104 -0.1214554 -0.1341472 -0.1515669 -0.1515669 -9999.000 -9999.000 -9999.000 -9999.000 -9999.000 -9999.000 -9999.000 -9999.000 -9999.000 -9999.000 -9999.000 -9999.000 -9999.000 -9999.000 -9999.000 -9999.000 -9999.000 -9999.000 -9999.000 -9999.000 -9999.000 -9999.000 -9999.000 -9999.000 -9999.000 -9999.000 -9999.000 -9999.000
-9999.000 -9999.000 -9999.000 -9999.000 -9999.000 -9999.000 -9999.000 -9999.000 -9999.000 -9999.000 -9999.000 -9999.000 -9999.000 -9999.000 -9999.000 -0.7714782E-01 -0.6327501E-01 -0.6063294E-01 -0.6387194E-01 -0.6957407E-01 -0.7646099E-01 -0.8407616E-01 -0.9149751E-01 -0.9879445E-01 -0.1057438 -0.1122200 -0.1186089 -0.1267501 -0.1422390 -0.1649547 -0.1649547 -9999.000 -9999.000 -9999.000 -9999.000 -9999.000 -9999.000 -9999.000 -9999.000 -9999.000 -9999.000 -9999.000 -9999.000 -9999.000 -9999.000 -9999.000 -9999.000 -9999.000 -9999.000 -9999.000 -9999.000 -9999.000 -9999.000 -9999.000 -9999.000 -9999.000 -9999.000 -9999.000 -9999.000
-9999.000 -9999.000 -9999.000 -9999.000 -9999.000 -9999.000 -9999.000 -9999.000 -9999.000 -9999.000 -9999.000 -9999.000 -9999.000 -9999.000 -9999.000 -0.7214484E-01 -0.5651890E-01 -0.5355209E-01 -0.5743436E-01 -0.6419148E-01 -0.7234644E-01 -0.8137336E-01 -0.9017277E-01 -0.9884854E-01 -0.1071211 -0.1148375 -0.1224576 -0.1321729 -0.1506716 -0.1797051 -0.1797051 -9999.000 -9999.000 -9999.000 -9999.000 -9999.000 -9999.000 -9999.000 -9999.000 -9999.000 -9999.000 -9999.000 -9999.000 -9999.000 -9999.000 -9999.000 -9999.000 -9999.000 -9999.000 -9999.000 -9999.000 -9999.000 -9999.000 -9999.000 -9999.000 -9999.000 -9999.000 -9999.000 -9999.000
-9999.000 -9999.000 -9999.000 -9999.000 -9999.000 -9999.000 -9999.000 -9999.000 -9999.000 -9999.000 -9999.000 -9999.000 -9999.000 -9999.000 -9999.000 -0.6673352E-01 -0.4945033E-01 -0.4618268E-01 -0.5074326E-01 -0.5858872E-01 -0.6804591E-01 -0.7852335E-01 -0.8872980E-01 -0.9881917E-01 -0.1084476 -0.1174346 -0.1263245 -0.1376987 -0.1594557 -0.1961004 -0.1961004 -9999.000 -9999.000 -9999.000 -9999.000 -9999.000 -9999.000 -9999.000 -9999.000 -9999.000 -9999.000 -9999.000 -9999.000 -9999.000 -9999.000 -9999.000 -9999.000 -9999.000 -9999.000 -9999.000 -9999.000 -9999.000 -9999.000 -9999.000 -9999.000 -9999.000 -9999.000 -9999.000 -9999.000
-9999.000 -9999.000 -9999.000 -9999.000 -9999.000 -9999.000 -9999.000 -9999.000 -9999.000 -9999.000 -9999.000 -9999.000 -9999.000 -9999.000 -9999.000 -0.6086098E-01 -0.4203583E-01 -0.3849758E-01 -0.4377544E-01 -0.5274370E-01 -0.6353704E-01 -0.7550315E-01 -0.8714207E-01 -0.9867758E-01 -0.1096910 -0.1199749 -0.1301715 -0.1432977 -0.1686046 -0.2145231 -0.2145231 -9999.000 -9999.000 -9999.000 -9999.000 -9999.000 -9999.000 -9999.000 -9999.000 -9999.000 -9999.000 -9999.000 -9999.000 -9999.000 -9999.000 -9999.000 -9999.000 -9999.000 -9999.000 -9999.000 -9999.000 -9999.000 -9999.000 -9999.000 -9999.000 -9999.000 -9999.000 -9999.000 -9999.000
-9999.000 -9999.000 -9999.000 -9999.000 -9999.000 -9999.000 -9999.000 -9999.000 -9999.000 -9999.000 -9999.000 -9999.000 -9999.000 -9999.000 -9999.000 -0.5446199E-01 -0.3423097E-01 -0.3045943E-01 -0.3649854E-01 -0.4662549E-01 -0.5878872E-01 -0.7228126E-01 -0.8537389E-01 -0.9838568E-01 -0.1108091 -0.1224105 -0.1339475 -0.1489282 -0.1781283 -0.2354938 -0.2354938 -9999.000 -9999.000 -9999.000 -9999.000 -9999.000 -9999.000 -9999.000 -9999.000 -9999.000 -9999.000 -9999.000 -9999.000 -9999.000 -9999.000 -9999.000 -9999.000 -9999.000 -9999.000 -9999.000 -9999.000 -9999.000 -9999.000 -9999.000 -9999.000 -9999.000 -9999.000 -9999.000 -9999.000
-9999.000 -9999.000 -9999.000 -9999.000 -9999.000 -9999.000 -9999.000 -9999.000 -9999.000 -9999.000 -9999.000 -9999.000 -9999.000 -9999.000 -9999.000 -0.4745683E-01 -0.2597863E-01 -0.2201890E-01 -0.2886863E-01 -0.4019147E-01 -0.5375834E-01 -0.6881412E-01 -0.8337620E-01 -0.9789085E-01 -0.1117431 -0.1246750 -0.1375805 -0.1545271 -0.1880261 -0.2597336 -0.2597336 -9999.000 -9999.000 -9999.000 -9999.000 -9999.000 -9999.000 -9999.000 -9999.000 -9999.000 -9999.000 -9999.000 -9999.000 -9999.000 -9999.000 -9999.000 -9999.000 -9999.000 -9999.000 -9999.000 -9999.000 -9999.000 -9999.000 -9999.000 -9999.000 -9999.000 -9999.000 -9999.000 -9999.000
-9999.000 -9999.000 -9999.000 -9999.000 -9999.000 -9999.000 -9999.000 -9999.000 -9999.000 -9999.000 -9999.000 -9999.000 -9999.000 -9999.000 -9999.000 -0.3974546E-01 -0.1720411E-01 -0.1310911E-01 -0.2082522E-01 -0.3338287E-01 -0.4838626E-01 -0.6504093E-01 -0.8108077E-01 -0.9711924E-01 -0.1124098 -0.1266728 -0.1409648 -0.1599970 -0.1982740 -0.2882684 -0.2882684 -9999.000 -9999.000 -9999.000 -9999.000 -9999.000 -9999.000 -9999.000 -9999.000 -9999.000 -9999.000 -9999.000 -9999.000 -9999.000 -9999.000 -9999.000 -9999.000 -9999.000 -9999.000 -9999.000 -9999.000 -9999.000 -9999.000 -9999.000 -9999.000 -9999.000 -9999.000 -9999.000 -9999.000
-9999.000 -9999.000 -9999.000 -9999.000 -9999.000 -9999.000 -9999.000 -9999.000 -9999.000 -9999.000 -9999.000 -9999.000 -9999.000 -9999.000 -9999.000 -0.3110348E-01 -0.7751133E-02 -0.3611924E-02 -0.1228142E-01 -0.2612699E-01 -0.4260564E-01 -0.6089444E-01 -0.7840855E-01 -0.9598093E-01 -0.1127012 -0.1282740 -0.1439505 -0.1651909 -0.2088120 -0.3226323 -0.3226323 -9999.000 -9999.000 -9999.000 -9999.000 -9999.000 -9999.000 -9999.000 -9999.000 -9999.000 -9999.000 -9999.000 -9999.000 -9999.000 -9999.000 -9999.000 -9999.000 -9999.000 -9999.000 -9999.000 -9999.000 -9999.000 -9999.000 -9999.000 -9999.000 -9999.000 -9999.000 -9999.000 -9999.000
-9999.000 -9999.000 -9999.000 -9999.000 -9999.000 -9999.000 -9999.000 -9999.000 -9999.000 -9999.000 -9999.000 -9999.000 -9999.000 -9999.000 -9999.000 -0.1462955E-02 0.8114782E-02 0.5051810E-02 -0.7234935E-02 -0.2235111E-01 -0.4006450E-01 -0.5960060E-01 -0.7809229E-01 -0.9670524E-01 -0.1143537 -0.1307616 -0.1474179 -0.1706123 -0.2196964 -0.3628007 -0.3628007 -9999.000 -9999.000 -9999.000 -9999.000 -9999.000 -9999.000 -9999.000 -9999.000 -9999.000 -9999.000 -9999.000 -9999.000 -9999.000 -9999.000 -9999.000 -9999.000 -9999.000 -9999.000 -9999.000 -9999.000 -9999.000 -9999.000 -9999.000 -9999.000 -9999.000 -9999.000 -9999.000 -9999.000
-0.4293242E-02 -0.4293242E-02 -0.4898114E-02 -0.6368783E-02 -0.6227438E-02 -0.6227438E-02 -0.6196916E-02 -0.6212888E-02 -0.6212888E-02 -0.6213071E-02 -0.6213071E-02 -0.6193235E-02 -0.6181310E-02 -0.6168133E-02 -0.6156382E-02 -0.6156382E-02 0.1689518E-01 0.1080541E-01 -0.3519087E-02 -0.2348490E-01 -0.4800254E-01 -0.7582601E-01 -0.1050212 -0.1345576 -0.1632377 -0.1900955 -0.2149823 -0.2400678 -0.2740005 -0.3599097 -0.3599097 -0.1962136 -0.1034938 -0.3411357E-01 -0.2501039E-01 -0.2501039E-01 -0.1766596E-01 -0.1766596E-01 -0.4282129E-02 -0.4282129E-02 0.6881381E-02 0.2669299E-01 0.2669299E-01 -0.5600268E-02 -0.5600268E-02 -0.2885120E-02 -0.2885120E-02 -0.2885120E-02 0.1433316E-02 0.1433316E-02 0.1922770E-02 0.1922770E-02 0.7723085E-03 0.7723085E-03 -0.6325313E-03 -0.6325313E-03 -0.1911425E-02 -0.1911425E-02 -0.1911425E-02
-0.6583840E-02 -0.6583840E-02 -0.6699959E-02 -0.9229286E-02 -0.8782222E-02 -0.8782222E-02 -0.8660357E-02 -0.8717915E-02 -0.8717915E-02 -0.8762087E-02 -0.8762087E-02 -0.8755797E-02 -0.8747880E-02 -0.8738602E-02 -0.8739267E-02 -0.8739267E-02 0.1311939E-01 0.7044536E-02 -0.9287244E-02 -0.3508810E-01 -0.6847710E-01 -0.1076278 -0.1509987 -0.1964738 -0.2423337 -0.2869013 -0.3284957 -0.3653849 -0.3956884 -0.4197783 -0.4197783 -0.2816437 -0.1848940 -0.9361782E-01 -0.7542446E-01 -0.7542446E-01 -0.4980740E-01 -0.4980740E-01 -0.4625667E-02 -0.4625667E-02 0.2851463E-01 0.8679598E-01 0.8679598E-01 0.4700337E-01 0.4700337E-01 0.1036419E-01 0.1036419E-01 0.1036419E-01 0.6621486E-02 0.6621486E-02 0.3035763E-02 0.3035763E-02 -0.9544009E-03 -0.9544009E-03 -0.4517737E-02 -0.4517737E-02 -0.7242053E-02 -0.7242053E-02 -0.7242053E-02
-0.5397917E-02 -0.5397917E-02 -0.5387005E-02 -0.7969424E-02 -0.7451619E-02 -0.7451619E-02 -0.7253316E-02 -0.7325521E-02 -0.7325521E-02 -0.7421036E-02 -0.7421036E-02 -0.7442755E-02 -0.7445167E-02 -0.7446408E-02 -0.7473443E-02 -0.7473443E-02 0.6842856E-02 0.2859095E-03 -0.1656551E-01 -0.4318073E-01 -0.7816877E-01 -0.1200337 -0.1675003 -0.2189394 -0.2728266 -0.3276043 -0.3815483 -0.4325810 -0.4778953 -0.5097848 -0.5097848 -0.4185453 -0.3337935 -0.2179570 -0.1799151 -0.1799151 -0.1080772 -0.1080772 -0.2180065E-02 -0.2180065E-02 0.6294052E-01 0.1696180 0.1696180 0.1577434 0.1577434 0.5047764E-01 0.5047764E-01 0.5047764E-01 0.1970254E-01 0.1970254E-01 0.3368325E-02 0.3368325E-02 -0.6945426E-02 -0.6945426E-02 -0.1392316E-01 -0.1392316E-01 -0.1814605E-01 -0.1814605E-01 -0.1814605E-01
-0.4241652E-02 -0.4241652E-02 -0.4661424E-02 -0.6401235E-02 -0.6002892E-02 -0.6002892E-02 -0.5795014E-02 -0.5838825E-02 -0.5838825E-02 -0.5936014E-02 -0.5936014E-02 -0.5957567E-02 -0.5958391E-02 -0.5958756E-02 -0.6003375E-02 -0.6003375E-02 0.2112021E-03 -0.8441536E-02 -0.2680950E-01 -0.5448721E-01 -0.9042546E-01 -0.1333916 -0.1822840 -0.2358448 -0.2928503 -0.3520657 -0.4121013 -0.4711549 -0.5264935 -0.5702881 -0.5702881 -0.5242987 -0.4624179 -0.3470642 -0.2935340 -0.2935340 -0.1647340 -0.1647340 0.1241636E-01 0.1241636E-01 0.1034283 0.2347357 0.2347357 0.2454029 0.2454029 0.1014827 0.1014827 0.1014827 0.3927808E-01 0.3927808E-01 0.4918781E-02 0.4918781E-02 -0.1463728E-01 -0.1463728E-01 -0.2604097E-01 -0.2604097E-01 -0.3171828E-01 -0.3171828E-01 -0.3171828E-01
-0.3127894E-02 -0.3127894E-02 -0.3691042E-02 -0.4805714E-02 -0.4523145E-02 -0.4523145E-02 -0.4339977E-02 -0.4361249E-02 -0.4361249E-02 -0.4447295E-02 -0.4447295E-02 -0.4466286E-02 -0.4466381E-02 -0.4466262E-02 -0.4533869E-02 -0.4533869E-02 -0.6799912E-02 -0.1909688E-01 -0.4033706E-01 -0.7012519E-01 -0.1076243 -0.1518283 -0.2017906 -0.2565002 -0.3149521 -0.3761450 -0.4389845 -0.5020468 -0.5630494 -0.6153752 -0.6153752 -0.6044421 -0.5666822 -0.4607303 -0.3909256 -0.3909256 -0.1937221 -0.1937221 0.4232878E-01 0.4232878E-01 0.1424755 0.2710429 0.2710429 0.2934698 0.2934698 0.1501814 0.1501814 0.1501814 0.6352951E-01 0.6352951E-01 0.1005414E-01 0.1005414E-01 -0.2075083E-01 -0.2075083E-01 -0.3771399E-01 -0.3771399E-01 -0.4517593E-01 -0.4517593E-01 -0.4517593E-01
-0.2057182E-02 -0.2057182E-02 -0.2549494E-02 -0.3201799E-02 -0.3024258E-02 -0.3024258E-02 -0.2889966E-02 -0.2896692E-02 -0.2896692E-02 -0.2959958E-02 -0.2959958E-02 -0.2975184E-02 -0.2975806E-02 -0.2976877E-02 -0.3075944E-02 -0.3075944E-02 -0.1459142E-01 -0.3200204E-01 -0.5758453E-01 -0.9075855E-01 -0.1307566 -0.1767507 -0.2279691 -0.2836312 -0.3429511 -0.4051318 -0.4693057 -0.5343524 -0.5984414 -0.6563139 -0.6563139 -0.6699335 -0.6523722 -0.5475100 -0.4509176 -0.4509176 -0.1793998 -0.1793998 0.7693775E-01 0.7693775E-01 0.1681068 0.2778536 0.2778536 0.3058762 0.3058762 0.1875413 0.1875413 0.1875413 0.8924021E-01 0.8924021E-01 0.1933082E-01 0.1933082E-01 -0.2355137E-01 -0.2355137E-01 -0.4714232E-01 -0.4714232E-01 -0.5693011E-01 -0.5693011E-01 -0.5693011E-01
-0.1021793E-02 -0.1021793E-02 -0.1300415E-02 -0.1597764E-02 -0.1513269E-02 -0.1513269E-02 -0.1443092E-02 -0.1443782E-02 -0.1443782E-02 -0.1477711E-02 -0.1477711E-02 -0.1487435E-02 -0.1488835E-02 -0.1490630E-02 -0.1630423E-02 -0.1630423E-02 -0.2381252E-01 -0.4784467E-01 -0.7933286E-01 -0.1173097 -0.1609341 -0.2094829 -0.2623568 -0.3190113 -0.3789113 -0.4415008 -0.5061488 -0.5720086 -0.6376361 -0.6988547 -0.6988547 -0.7284968 -0.7240953 -0.5921309 -0.4522555 -0.4522555 -0.1298293 -0.1298293 0.9993042E-01 0.9993042E-01 0.1728472 0.2615343 0.2615343 0.2929285 0.2929285 0.2086748 0.2086748 0.2086748 0.1121100 0.1121100 0.3166098E-01 0.3166098E-01 -0.2239963E-01 -0.2239963E-01 -0.5317457E-01 -0.5317457E-01 -0.6581455E-01 -0.6581455E-01 -0.6581455E-01
-0.6350984E-05 -0.6350984E-05 0.1094214E-06 0.3387530E-05 0.3123808E-05 0.3123808E-05 0.2008438E-05 0.1464045E-07 0.1464045E-07 -0.1073469E-05 -0.1073469E-05 -0.9562663E-06 -0.1133494E-05 -0.1067892E-05 -0.1943873E-03 -0.1943873E-03 -0.3542773E-01 -0.6779020E-01 -0.1068783 -0.1511732 -0.1996519 -0.2516339 -0.3066780 -0.3644780 -0.4247756 -0.4872989 -0.5516976 -0.6174200 -0.6833586 -0.7459335 -0.7459335 -0.7838204 -0.7803585 -0.5710999 -0.3860142 -0.3860142 -0.7364286E-01 -0.7364286E-01 0.1029187 0.1029187 0.1583440 0.2309576 0.2309576 0.2646067 0.2646067 0.2127895 0.2127895 0.2127895 0.1279632 0.1279632 0.4467021E-01 0.4467021E-01 -0.1763896E-01 -0.1763896E-01 -0.5515526E-01 -0.5515526E-01 -0.7087947E-01 -0.7087947E-01 -0.7087947E-01
0.1009587E-02 0.1009587E-02 0.1299195E-02 0.1605348E-02 0.1520267E-02 0.1520267E-02 0.1447363E-02 0.1443684E-02 0.1443684E-02 0.1475618E-02 0.1475618E-02 0.1485253E-02 0.1486825E-02 0.1488539E-02 0.1220266E-02 0.1220266E-02 -0.5091579E-01 -0.9370314E-01 -0.1422724 -0.1944595 -0.2490198 -0.3053017 -0.3630291 -0.4221434 -0.4826805 -0.5446821 -0.6081166 -0.6727567 -0.7377300 -0.7990591 -0.7990591 -0.8346618 -0.8066873 -0.4713234 -0.2780441 -0.2780441 -0.3617759E-01 -0.3617759E-01 0.8926952E-01 0.8926952E-01 0.1321977 0.1938274 0.1938274 0.2281837 0.2281837 0.2020238 0.2020238 0.2020238 0.1339951 0.1339951 0.5541253E-01 0.5541253E-01 -0.1045955E-01 -0.1045955E-01 -0.5294114E-01 -0.5294114E-01 -0.7140839E-01 -0.7140839E-01 -0.7140839E-01
0.2046052E-02 0.2046052E-02 0.2543560E-02 0.3211554E-02 0.3033259E-02 0.3033259E-02 0.2895367E-02 0.2896264E-02 0.2896264E-02 0.2957753E-02 0.2957753E-02 0.2972946E-02 0.2974008E-02 0.2975200E-02 0.2599530E-02 0.2599530E-02 -0.7261838E-01 -0.1285248 -0.1886905 -0.2503362 -0.3120728 -0.3733483 -0.4341101 -0.4945820 -0.5551155 -0.6160837 -0.6777949 -0.7403399 -0.8027151 -0.8576578 -0.8576578 -0.8684400 -0.7645138 -0.3255935 -0.1782739 -0.1782739 -0.2215027E-01 -0.2215027E-01 0.6761831E-01 0.6761831E-01 0.1021891 0.1551926 0.1551926 0.1882276 0.1882276 0.1798579 0.1798579 0.1798579 0.1293897 0.1293897 0.6128680E-01 0.6128680E-01 -0.2567497E-02 -0.2567497E-02 -0.4689524E-01 -0.4689524E-01 -0.6700057E-01 -0.6700057E-01 -0.6700057E-01
0.3118150E-02 0.3118150E-02 0.3676582E-02 0.4819557E-02 0.4534212E-02 0.4534212E-02 0.4346078E-02 0.4360629E-02 0.4360629E-02 0.4445040E-02 0.4445040E-02 0.4464513E-02 0.4464993E-02 0.4465177E-02 0.3939556E-02 0.3939556E-02 -0.1044497 -0.1769983 -0.2510872 -0.3235989 -0.3932610 -0.4598207 -0.5235796 -0.5851229 -0.6451562 -0.7043971 -0.7634974 -0.8227639 -0.8796263 -0.9135162 -0.9135162 -0.8422254 -0.6058957 -0.1998664 -0.1160421 -0.1160421 -0.2143258E-01 -0.2143258E-01 0.4513291E-01 0.4513291E-01 0.7325999E-01 0.1176956 0.1176956 0.1473852 0.1473852 0.1498702 0.1498702 0.1498702 0.1151054 0.1151054 0.6077360E-01 0.6077360E-01 0.4302897E-02 0.4302897E-02 -0.3780030E-01 -0.3780030E-01 -0.5767398E-01 -0.5767398E-01 -0.5767398E-01
0.4233690E-02 0.4233690E-02 0.4635120E-02 0.6420583E-02 0.6015380E-02 0.6015380E-02 0.5800183E-02 0.5837302E-02 0.5837302E-02 0.5934069E-02 0.5934069E-02 0.5956444E-02 0.5957576E-02 0.5958188E-02 0.5226162E-02 0.5226162E-02 -0.1534415 -0.2471267 -0.3374389 -0.4216865 -0.4992798 -0.5706345 -0.6366299 -0.6983370 -0.7568713 -0.8133097 -0.8686354 -0.9229068 -0.9657885 -0.9281631 -0.9281631 -0.6760875 -0.3611271 -0.1255270 -0.8520270E-01 -0.8520270E-01 -0.2353961E-01 -0.2353961E-01 0.2559257E-01 0.2559257E-01 0.4775788E-01 0.8262732E-01 0.8262732E-01 0.1073126 0.1073126 0.1152289 0.1152289 0.1152289 0.9326440E-01 0.9326440E-01 0.5376177E-01 0.5376177E-01 0.8897629E-02 0.8897629E-02 -0.2667233E-01 -0.2667233E-01 -0.4394497E-01 -0.4394497E-01 -0.4394497E-01
