cruce_test.gid/Rasters/Hydraulic/Velocity____53.0.asc
NCOLS        79
NROWS        79
XLLCENTER         -1.500000
YLLCENTER         -4.800000
CELLSIZE           0.100
NODATA_VALUE     -9999.0
[rows 0 to 26 of 79, columns 0 to 59 of 79]
-9999.000 -9999.000 -9999.000 -9999.000 -9999.000 -9999.000 -9999.000 -9999.000 -9999.000 -9999.000 -9999.000 -9999.000 -9999.000 -9999.000 -9999.000 0.2622697 0.2612342 0.2614655 0.2618510 0.2622929 0.2627820 0.2633214 0.2639158 0.2645692 0.2652898 0.2660930 0.2670101 0.2680977 0.2693247 0.2661010 0.2661010 -9999.000 -9999.000 -9999.000 -9999.000 -9999.000 -9999.000 -9999.000 -9999.000 -9999.000 -9999.000 -9999.000 -9999.000 -9999.000 -9999.000 -9999.000 -9999.000 -9999.000 -9999.000 -9999.000 -9999.000 -9999.000 -9999.000 -9999.000 -9999.000 -9999.000 -9999.000 -9999.000 -9999.000 -9999.000
-9999.000 -9999.000 -9999.000 -9999.000 -9999.000 -9999.000 -9999.000 -9999.000 -9999.000 -9999.000 -9999.000 -9999.000 -9999.000 -9999.000 -9999.000 0.2582284 0.2557503 0.2561772 0.2569189 0.2577622 0.2586828 0.2596846 0.2607768 0.2619729 0.2632964 0.2647902 0.2665323 0.2686491 0.2710608 0.2648416 0.2648416 -9999.000 -9999.000 -9999.000 -9999.000 -9999.000 -9999.000 -9999.000 -9999.000 -9999.000 -9999.000 -9999.000 -9999.000 -9999.000 -9999.000 -9999.000 -9999.000 -9999.000 -9999.000 -9999.000 -9999.000 -9999.000 -9999.000 -9999.000 -9999.000 -9999.000 -9999.000 -9999.000 -9999.000 -9999.000
-9999.000 -9999.000 -9999.000 -9999.000 -9999.000 -9999.000 -9999.000 -9999.000 -9999.000 -9999.000 -9999.000 -9999.000 -9999.000 -9999.000 -9999.000 0.2524169 0.2482013 0.2489110 0.2502034 0.2517080 0.2533710 0.2551902 0.2571777 0.2593546 0.2617594 0.2644593 0.2675678 0.2712521 0.2752919 0.2658893 0.2658893 -9999.000 -9999.000 -9999.000 -9999.000 -9999.000 -9999.000 -9999.000 -9999.000 -9999.000 -9999.000 -9999.000 -9999.000 -9999.000 -9999.000 -9999.000 -9999.000 -9999.000 -9999.000 -9999.000 -9999.000 -9999.000 -9999.000 -9999.000 -9999.000 -9999.000 -9999.000 -9999.000 -9999.000 -9999.000
-9999.000 -9999.000 -9999.000 -9999.000 -9999.000 -9999.000 -9999.000 -9999.000 -9999.000 -9999.000 -9999.000 -9999.000 -9999.000 -9999.000 -9999.000 0.2454375 0.2394153 0.2405014 0.2424950 0.2448507 0.2474795 0.2503692 0.2535299 0.2569866 0.2607888 0.2650247 0.2698408 0.2754460 0.2814712 0.2692551 0.2692551 -9999.000 -9999.000 -9999.000 -9999.000 -9999.000 -9999.000 -9999.000 -9999.000 -9999.000 -9999.000 -9999.000 -9999.000 -9999.000 -9999.000 -9999.000 -9999.000 -9999.000 -9999.000 -9999.000 -9999.000 -9999.000 -9999.000 -9999.000 -9999.000 -9999.000 -9999.000 -9999.000 -9999.000 -9999.000
-9999.000 -9999.000 -9999.000 -9999.000 -9999.000 -9999.000 -9999.000 -9999.000 -9999.000 -9999.000 -9999.000 -9999.000 -9999.000 -9999.000 -9999.000 0.2373111 0.2294898 0.2310496 0.2338876 0.2372697 0.2410661 0.2452519 0.2498332 0.2548375 0.2603255 0.2664087 0.2732721 0.2811750 0.2895962 0.2750221 0.2750221 -9999.000 -9999.000 -9999.000 -9999.000 -9999.000 -9999.000 -9999.000 -9999.000 -9999.000 -9999.000 -9999.000 -9999.000 -9999.000 -9999.000 -9999.000 -9999.000 -9999.000 -9999.000 -9999.000 -9999.000 -9999.000 -9999.000 -9999.000 -9999.000 -9999.000 -9999.000 -9999.000 -9999.000 -9999.000
-9999.000 -9999.000 -9999.000 -9999.000 -9999.000 -9999.000 -9999.000 -9999.000 -9999.000 -9999.000 -9999.000 -9999.000 -9999.000 -9999.000 -9999.000 0.2280001 0.2184867 0.2206262 0.2244488 0.2290226 0.2341745 0.2398648 0.2460949 0.2528963 0.2603447 0.2685826 0.2778457 0.2884606 0.2997639 0.2833985 0.2833985 -9999.000 -9999.000 -9999.000 -9999.000 -9999.000 -9999.000 -9999.000 -9999.000 -9999.000 -9999.000 -9999.000 -9999.000 -9999.000 -9999.000 -9999.000 -9999.000 -9999.000 -9999.000 -9999.000 -9999.000 -9999.000 -9999.000 -9999.000 -9999.000 -9999.000 -9999.000 -9999.000 -9999.000 -9999.000
-9999.000 -9999.000 -9999.000 -9999.000 -9999.000 -9999.000 -9999.000 -9999.000 -9999.000 -9999.000 -9999.000 -9999.000 -9999.000 -9999.000 -9999.000 0.2174080 0.2064373 0.2092813 0.2142315 0.2201597 0.2268475 0.2342397 0.2423344 0.2511715 0.2608497 0.2715558 0.2835952 0.2973915 0.3121672 0.2947301 0.2947301 -9999.000 -9999.000 -9999.000 -9999.000 -9999.000 -9999.000 -9999.000 -9999.000 -9999.000 -9999.000 -9999.000 -9999.000 -9999.000 -9999.000 -9999.000 -9999.000 -9999.000 -9999.000 -9999.000 -9999.000 -9999.000 -9999.000 -9999.000 -9999.000 -9999.000 -9999.000 -9999.000 -9999.000 -9999.000
-9999.000 -9999.000 -9999.000 -9999.000 -9999.000 -9999.000 -9999.000 -9999.000 -9999.000 -9999.000 -9999.000 -9999.000 -9999.000 -9999.000 -9999.000 0.2053839 0.1933494 0.1970537 0.2032862 0.2107354 0.2191379 0.2284237 0.2385910 0.2496951 0.2618715 0.2753705 0.2905987 0.3081205 0.3271022 0.3095313 0.3095313 -9999.000 -9999.000 -9999.000 -9999.000 -9999.000 -9999.000 -9999.000 -9999.000 -9999.000 -9999.000 -9999.000 -9999.000 -9999.000 -9999.000 -9999.000 -9999.000 -9999.000 -9999.000 -9999.000 -9999.000 -9999.000 -9999.000 -9999.000 -9999.000 -9999.000 -9999.000 -9999.000 -9999.000 -9999.000
-9999.000 -9999.000 -9999.000 -9999.000 -9999.000 -9999.000 -9999.000 -9999.000 -9999.000 -9999.000 -9999.000 -9999.000 -9999.000 -9999.000 -9999.000 0.1917273 0.1792124 0.1839806 0.1916736 0.2008229 0.2111229 0.2224916 0.2349332 0.2485302 0.2634728 0.2801054 0.2989798 0.3208691 0.3449886 0.3285532 0.3285532 -9999.000 -9999.000 -9999.000 -9999.000 -9999.000 -9999.000 -9999.000 -9999.000 -9999.000 -9999.000 -9999.000 -9999.000 -9999.000 -9999.000 -9999.000 -9999.000 -9999.000 -9999.000 -9999.000 -9999.000 -9999.000 -9999.000 -9999.000 -9999.000 -9999.000 -9999.000 -9999.000 -9999.000 -9999.000
-9999.000 -9999.000 -9999.000 -9999.000 -9999.000 -9999.000 -9999.000 -9999.000 -9999.000 -9999.000 -9999.000 -9999.000 -9999.000 -9999.000 -9999.000 0.1761923 0.1640036 0.1701099 0.1794817 0.1905347 0.2029265 0.2165681 0.2314798 0.2477875 0.2657631 0.2858852 0.3089154 0.3359412 0.3664072 0.3529054 0.3529054 -9999.000 -9999.000 -9999.000 -9999.000 -9999.000 -9999.000 -9999.000 -9999.000 -9999.000 -9999.000 -9999.000 -9999.000 -9999.000 -9999.000 -9999.000 -9999.000 -9999.000 -9999.000 -9999.000 -9999.000 -9999.000 -9999.000 -9999.000 -9999.000 -9999.000 -9999.000 -9999.000 -9999.000 -9999.000
-9999.000 -9999.000 -9999.000 -9999.000 -9999.000 -9999.000 -9999.000 -9999.000 -9999.000 -9999.000 -9999.000 -9999.000 -9999.000 -9999.000 -9999.000 0.1584935 0.1476948 0.1555181 0.1668523 0.1800537 0.1947523 0.2108615 0.2284330 0.2476591 0.2689274 0.2929063 0.3206593 0.3537494 0.3921615 0.3842879 0.3842879 -9999.000 -9999.000 -9999.000 -9999.000 -9999.000 -9999.000 -9999.000 -9999.000 -9999.000 -9999.000 -9999.000 -9999.000 -9999.000 -9999.000 -9999.000 -9999.000 -9999.000 -9999.000 -9999.000 -9999.000 -9999.000 -9999.000 -9999.000 -9999.000 -9999.000 -9999.000 -9999.000 -9999.000 -9999.000
-9999.000 -9999.000 -9999.000 -9999.000 -9999.000 -9999.000 -9999.000 -9999.000 -9999.000 -9999.000 -9999.000 -9999.000 -9999.000 -9999.000 -9999.000 0.1383180 0.1302741 0.1403490 0.1540308 0.1696874 0.1869404 0.2057229 0.2261398 0.2484788 0.2732862 0.3014910 0.3345866 0.3748605 0.4233808 0.4254542 0.4254542 -9999.000 -9999.000 -9999.000 -9999.000 -9999.000 -9999.000 -9999.000 -9999.000 -9999.000 -9999.000 -9999.000 -9999.000 -9999.000 -9999.000 -9999.000 -9999.000 -9999.000 -9999.000 -9999.000 -9999.000 -9999.000 -9999.000 -9999.000 -9999.000 -9999.000 -9999.000 -9999.000 -9999.000 -9999.000
-9999.000 -9999.000 -9999.000 -9999.000 -9999.000 -9999.000 -9999.000 -9999.000 -9999.000 -9999.000 -9999.000 -9999.000 -9999.000 -9999.000 -9999.000 0.1153562 0.1118094 0.1249062 0.1414675 0.1599717 0.1800715 0.2017532 0.2252050 0.2508440 0.2794221 0.3122112 0.3513041 0.4000913 0.4616892 0.4812319 0.4812319 -9999.000 -9999.000 -9999.000 -9999.000 -9999.000 -9999.000 -9999.000 -9999.000 -9999.000 -9999.000 -9999.000 -9999.000 -9999.000 -9999.000 -9999.000 -9999.000 -9999.000 -9999.000 -9999.000 -9999.000 -9999.000 -9999.000 -9999.000 -9999.000 -9999.000 -9999.000 -9999.000 -9999.000 -9999.000
-9999.000 -9999.000 -9999.000 -9999.000 -9999.000 -9999.000 -9999.000 -9999.000 -9999.000 -9999.000 -9999.000 -9999.000 -9999.000 -9999.000 -9999.000 0.8934529E-01 0.9267903E-01 0.1099861 0.1301823 0.1520351 0.1753242 0.2001525 0.2268382 0.2559645 0.2885340 0.3262426 0.3719789 0.4307774 0.5095224 0.5611644 0.5611644 -9999.000 -9999.000 -9999.000 -9999.000 -9999.000 -9999.000 -9999.000 -9999.000 -9999.000 -9999.000 -9999.000 -9999.000 -9999.000 -9999.000 -9999.000 -9999.000 -9999.000 -9999.000 -9999.000 -9999.000 -9999.000 -9999.000 -9999.000 -9999.000 -9999.000 -9999.000 -9999.000 -9999.000 -9999.000
-9999.000 -9999.000 -9999.000 -9999.000 -9999.000 -9999.000 -9999.000 -9999.000 -9999.000 -9999.000 -9999.000 -9999.000 -9999.000 -9999.000 -9999.000 0.6086056E-01 0.8205383E-01 0.1085514 0.1342286 0.1595134 0.1850725 0.2116119 0.2399145 0.2709668 0.3061869 0.3478277 0.3997821 0.4694110 0.5703045 0.6863332 0.6863332 -9999.000 -9999.000 -9999.000 -9999.000 -9999.000 -9999.000 -9999.000 -9999.000 -9999.000 -9999.000 -9999.000 -9999.000 -9999.000 -9999.000 -9999.000 -9999.000 -9999.000 -9999.000 -9999.000 -9999.000 -9999.000 -9999.000 -9999.000 -9999.000 -9999.000 -9999.000 -9999.000 -9999.000 -9999.000
1.497852 1.497852 1.553975 1.583472 1.590516 1.590516 1.563607 1.354647 1.354647 1.297200 1.297200 1.235577 1.197959 1.151063 1.088171 1.088171 0.9431006 0.8797123 0.8119617 0.7429293 0.6760694 0.6151710 0.5641364 0.5268193 0.5070482 0.5089736 0.5380406 0.6034960 0.7240295 0.9564341 0.9564341 1.506330 1.706068 1.800091 1.773531 1.773531 1.637820 1.637820 1.439791 1.439791 1.194080 0.8565885 0.8565885 0.8437197 0.8437197 0.8752517 0.8752517 0.8752517 0.9274984 0.9274984 0.9694705 0.9694705 1.004257 1.004257 1.049052 1.049052 1.076959 1.076959 1.076959 1.098373
1.511546 1.511546 1.572857 1.615814 1.629969 1.629969 1.614235 1.416600 1.416600 1.372099 1.372099 1.321498 1.290199 1.253524 1.212360 1.212360 1.154399 1.126259 1.090576 1.047468 0.9979414 0.9439697 0.8885829 0.8359818 0.7916607 0.7625617 0.7573733 0.7873595 0.8682827 1.026804 1.026804 1.434439 1.583482 1.683182 1.697584 1.697584 1.683293 1.683293 1.606961 1.606961 1.498494 1.137144 1.137144 1.122793 1.122793 1.160960 1.160960 1.160960 1.217244 1.217244 1.262354 1.262354 1.286172 1.286172 1.340830 1.340830 1.374292 1.374292 1.374292 1.401725
1.515005 1.515005 1.573948 1.616320 1.630461 1.630461 1.617319 1.417694 1.417694 1.376881 1.376881 1.332453 1.306953 1.279158 1.250500 1.250500 1.221511 1.211155 1.196668 1.176980 1.151689 1.121114 1.086433 1.049902 1.015118 0.9873679 0.9740970 0.9857002 1.037068 1.153253 1.153253 1.481264 1.616359 1.722543 1.746871 1.746871 1.753886 1.753886 1.710496 1.710496 1.653089 1.384926 1.384926 1.308793 1.308793 1.328682 1.328682 1.328682 1.385761 1.385761 1.425768 1.425768 1.456223 1.456223 1.496242 1.496242 1.525193 1.525193 1.525193 1.548093
1.517761 1.517761 1.574733 1.616549 1.630548 1.630548 1.619442 1.418097 1.418097 1.380058 1.380058 1.340796 1.319712 1.297976 1.276810 1.276810 1.262004 1.259446 1.255005 1.247822 1.237390 1.223546 1.206605 1.187578 1.168456 1.152566 1.145043 1.153629 1.190307 1.277908 1.277908 1.536631 1.657308 1.757256 1.778660 1.778660 1.784926 1.784926 1.761310 1.761310 1.735954 1.576536 1.576536 1.460202 1.460202 1.467324 1.467324 1.467324 1.511595 1.511595 1.547202 1.547202 1.574952 1.574952 1.607048 1.607048 1.632428 1.632428 1.632428 1.652123
1.519847 1.519847 1.575357 1.616754 1.630627 1.630627 1.621189 1.419039 1.419039 1.383785 1.383785 1.349733 1.332756 1.316278 1.301188 1.301188 1.297531 1.299517 1.300151 1.299173 1.296534 1.292288 1.286633 1.280075 1.273664 1.269312 1.270203 1.281512 1.312075 1.381872 1.381872 1.586606 1.689736 1.772491 1.785308 1.785308 1.784356 1.784356 1.777737 1.777737 1.773519 1.704465 1.704465 1.596557 1.596557 1.572530 1.572530 1.572530 1.605289 1.605289 1.636747 1.636747 1.662320 1.662320 1.689029 1.689029 1.711353 1.711353 1.711353 1.728461
1.521302 1.521302 1.575815 1.616915 1.630693 1.630693 1.622580 1.420371 1.420371 1.387914 1.387914 1.359011 1.345962 1.334436 1.325103 1.325103 1.333133 1.339049 1.343022 1.345359 1.346566 1.347152 1.347583 1.348342 1.350085 1.353858 1.361376 1.375633 1.402680 1.458784 1.458784 1.625638 1.707522 1.762890 1.765350 1.765350 1.762897 1.762897 1.776732 1.776732 1.787487 1.778348 1.778348 1.709692 1.709692 1.661091 1.661091 1.661091 1.680271 1.680271 1.705905 1.705905 1.728775 1.728775 1.751475 1.751475 1.770702 1.770702 1.770702 1.785237
1.522160 1.522160 1.576097 1.617018 1.630740 1.630740 1.623639 1.421954 1.421954 1.392221 1.392221 1.368260 1.358948 1.352211 1.348745 1.348745 1.370462 1.380569 1.387447 1.391919 1.395002 1.397674 1.400784 1.405026 1.410996 1.419277 1.430427 1.445409 1.468078 1.512079 1.512079 1.644997 1.703329 1.724795 1.721168 1.721168 1.730812 1.730812 1.767681 1.767681 1.789362 1.815420 1.815420 1.790893 1.790893 1.738233 1.738233 1.738233 1.743831 1.743831 1.761668 1.761668 1.780575 1.780575 1.799343 1.799343 1.815179 1.815179 1.815179 1.826975
1.522443 1.522443 1.576193 1.617053 1.630763 1.630763 1.624392 1.423697 1.423697 1.396537 1.396537 1.377184 1.371374 1.369272 1.371963 1.371963 1.410545 1.425371 1.435173 1.441309 1.445284 1.448505 1.452219 1.457406 1.464768 1.474652 1.486465 1.498590 1.513245 1.541874 1.541874 1.639856 1.669886 1.661258 1.661920 1.661920 1.696639 1.696639 1.754900 1.754900 1.784413 1.830742 1.830742 1.840307 1.840307 1.802986 1.802986 1.802986 1.799148 1.799148 1.808527 1.808527 1.822127 1.822127 1.836341 1.836341 1.848454 1.848454 1.848454 1.857293
1.522159 1.522159 1.576097 1.617019 1.630761 1.630761 1.624852 1.425493 1.425493 1.400665 1.400665 1.385495 1.382901 1.385219 1.394336 1.394336 1.454423 1.474541 1.487421 1.495013 1.499317 1.502141 1.505141 1.509614 1.516447 1.525891 1.535711 1.539672 1.539446 1.545990 1.545990 1.602827 1.602095 1.583336 1.599771 1.599771 1.664493 1.664493 1.739751 1.739751 1.774865 1.833479 1.833479 1.865320 1.865320 1.852708 1.852708 1.852708 1.846162 1.846162 1.848586 1.848586 1.856107 1.856107 1.865106 1.865106 1.872968 1.872968 1.872968 1.878514
1.521300 1.521300 1.575816 1.616917 1.630736 1.630736 1.625042 1.427319 1.427319 1.404526 1.404526 1.393034 1.393311 1.399700 1.415187 1.415187 1.503356 1.529284 1.545375 1.554264 1.558531 1.560264 1.561558 1.564114 1.569062 1.576739 1.581950 1.568608 1.542234 1.520413 1.520413 1.529492 1.504951 1.501401 1.541208 1.541208 1.634020 1.634020 1.722202 1.722202 1.761613 1.828522 1.828522 1.874308 1.874308 1.886665 1.886665 1.886665 1.883595 1.883595 1.882211 1.882211 1.883976 1.883976 1.887312 1.887312 1.890368 1.890368 1.890368 1.892274
1.519843 1.519843 1.575357 1.616757 1.630688 1.630688 1.624996 1.429159 1.429159 1.408015 1.408015 1.399646 1.402418 1.412423 1.433528 1.433528 1.560389 1.591302 1.610060 1.620001 1.623841 1.624025 1.622952 1.622656 1.624631 1.629547 1.626566 1.578367 1.511077 1.453422 1.453422 1.418910 1.395994 1.438565 1.485111 1.485111 1.606571 1.606571 1.704630 1.704630 1.747348 1.819974 1.819974 1.874373 1.874373 1.907145 1.907145 1.907145 1.911051 1.911051 1.909249 1.909249 1.906661 1.906661 1.904394 1.904394 1.902297 1.902297 1.902297 1.900320
1.517756 1.517756 1.574735 1.616553 1.630626 1.630626 1.624774 1.431080 1.431080 1.411076 1.411076 1.405249 1.410167 1.423528 1.451160 1.451160 1.626683 1.662524 1.683660 1.693996 1.696671 1.694516 1.690255 1.686273 1.684402 1.685533 1.666213 1.553196 1.436399 1.345948 1.345948 1.289302 1.289246 1.381218 1.443884 1.443884 1.580141 1.580141 1.686810 1.686810 1.732096 1.808694 1.808694 1.868523 1.868523 1.916225 1.916225 1.916225 1.927844 1.927844 1.928062 1.928062 1.922898 1.922898 1.915750 1.915750 1.908652 1.908652 1.908652 1.902877
