cruce_test.gid/Rasters/Hydraulic/Velocity__y_324.0.asc
NCOLS        79
NROWS        79
XLLCENTER         -1.500000
YLLCENTER         -4.800000
CELLSIZE           0.100
NODATA_VALUE     -9999.0
[rows 0 to 26 of 79, columns 0 to 58 of 79]
-9999.000 -9999.000 -9999.000 -9999.000 -9999.000 -9999.000 -9999.000 -9999.000 -9999.000 -9999.000 -9999.000 -9999.000 -9999.000 -9999.000 -9999.000 -0.9796023E-01 -0.9604773E-01 -0.9572073E-01 -0.9595925E-01 -0.9640382E-01 -0.9692787E-01 -0.9749072E-01 -0.9800272E-01 -0.9848528E-01 -0.9892429E-01 -0.9931711E-01 -0.9971493E-01 -0.1003279 -0.1017703 -0.1030961 -0.1030961 -9999.000 -9999.000 -9999.000 -9999.000 -9999.000 -9999.000 -9999.000 -9999.000 -9999.000 -9999.000 -9999.000 -9999.000 -9999.000 -9999.000 -9999.000 -9999.000 -9999.000 -9999.000 -9999.000 -9999.000 -9999.000 -9999.000 -9999.000 -9999.000 -9999.000 -9999.000 -9999.000 -9999.000
-9999.000 -9999.000 -9999.000 -9999.000 -9999.000 -9999.000 -9999.000 -9999.000 -9999.000 -9999.000 -9999.000 -9999.000 -9999.000 -9999.000 -9999.000 -0.9649578E-01 -0.9257905E-01 -0.9189977E-01 -0.9245037E-01 -0.9347278E-01 -0.9469298E-01 -0.9601747E-01 -0.9725000E-01 -0.9842900E-01 -0.9951995E-01 -0.1005126 -0.1015121 -0.1029560 -0.1061251 -0.1093559 -0.1093559 -9999.000 -9999.000 -9999.000 -9999.000 -9999.000 -9999.000 -9999.000 -9999.000 -9999.000 -9999.000 -9999.000 -9999.000 -9999.000 -9999.000 -9999.000 -9999.000 -9999.000 -9999.000 -9999.000 -9999.000 -9999.000 -9999.000 -9999.000 -9999.000 -9999.000 -9999.000 -9999.000 -9999.000
-9999.000 -9999.000 -9999.000 -9999.000 -9999.000 -9999.000 -9999.000 -9999.000 -9999.000 -9999.000 -9999.000 -9999.000 -9999.000 -9999.000 -9999.000 -0.9362427E-01 -0.8764684E-01 -0.8660654E-01 -0.8760481E-01 -0.8942610E-01 -0.9162144E-01 -0.9402832E-01 -0.9631633E-01 -0.9853633E-01 -0.1006203 -0.1025417 -0.1044603 -0.1070680 -0.1124032 -0.1183231 -0.1183231 -9999.000 -9999.000 -9999.000 -9999.000 -9999.000 -9999.000 -9999.000 -9999.000 -9999.000 -9999.000 -9999.000 -9999.000 -9999.000 -9999.000 -9999.000 -9999.000 -9999.000 -9999.000 -9999.000 -9999.000 -9999.000 -9999.000 -9999.000 -9999.000 -9999.000 -9999.000 -9999.000 -9999.000
-9999.000 -9999.000 -9999.000 -9999.000 -9999.000 -9999.000 -9999.000 -9999.000 -9999.000 -9999.000 -9999.000 -9999.000 -9999.000 -9999.000 -9999.000 -0.9006824E-01 -0.8214094E-01 -0.8077253E-01 -0.8228242E-01 -0.8498581E-01 -0.8825516E-01 -0.9185613E-01 -0.9531599E-01 -0.9869861E-01 -0.1018957 -0.1048591 -0.1078015 -0.1116783 -0.1193260 -0.1284683 -0.1284683 -9999.000 -9999.000 -9999.000 -9999.000 -9999.000 -9999.000 -9999.000 -9999.000 -9999.000 -9999.000 -9999.000 -9999.000 -9999.000 -9999.000 -9999.000 -9999.000 -9999.000 -9999.000 -9999.000 -9999.000 -9999.000 -9999.000 -9999.000 -9999.000 -9999.000 -9999.000 -9999.000 -9999.000
-9999.000 -9999.000 -9999.000 -9999.000 -9999.000 -9999.000 -9999.000 -9999.000 -9999.000 -9999.000 -9999.000 -9999.000 -9999.000 -9999.000 -9999.000 -0.8605744E-01 -0.7625178E-01 -0.7457252E-01 -0.7663532E-01 -0.8027426E-01 -0.8468018E-01 -0.8954649E-01 -0.9424893E-01 -0.9886903E-01 -0.1032523 -0.1073270 -0.1113613 -0.1165890 -0.1266976 -0.1396423 -0.1396423 -9999.000 -9999.000 -9999.000 -9999.000 -9999.000 -9999.000 -9999.000 -9999.000 -9999.000 -9999.000 -9999.000 -9999.000 -9999.000 -9999.000 -9999.000 -9999.000 -9999.000 -9999.000 -9999.000 -9999.000 -9999.000 -9999.000 -9999.000 -9999.000 -9999.000 -9999.000 -9999.000 -9999.000
-9999.000 -9999.000 -9999.000 -9999.000 -9999.000 -9999.000 -9999.000 -9999.000 -9999.000 -9999.000 -9999.000 -9999.000 -9999.000 -9999.000 -9999.000 -0.8167681E-01 -0.7005644E-01 -0.6808010E-01 -0.7072772E-01 -0.7534210E-01 -0.8093051E-01 -0.8711421E-01 -0.9310818E-01 -0.9901890E-01 -0.1046403 -0.1098756 -0.1150534 -0.1217061 -0.1344379 -0.1518629 -0.1518629 -9999.000 -9999.000 -9999.000 -9999.000 -9999.000 -9999.000 -9999.000 -9999.000 -9999.000 -9999.000 -9999.000 -9999.000 -9999.000 -9999.000 -9999.000 -9999.000 -9999.000 -9999.000 -9999.000 -9999.000 -9999.000 -9999.000 -9999.000 -9999.000 -9999.000 -9999.000 -9999.000 -9999.000
-9999.000 -9999.000 -9999.000 -9999.000 -9999.000 -9999.000 -9999.000 -9999.000 -9999.000 -9999.000 -9999.000 -9999.000 -9999.000 -9999.000 -9999.000 -0.7694221E-01 -0.6357647E-01 -0.6131846E-01 -0.6458069E-01 -0.7020472E-01 -0.7701433E-01 -0.8455919E-01 -0.9188291E-01 -0.9912753E-01 -0.1060287 -0.1124640 -0.1188297 -0.1269816 -0.1425209 -0.1652508 -0.1652508 -9999.000 -9999.000 -9999.000 -9999.000 -9999.000 -9999.000 -9999.000 -9999.000 -9999.000 -9999.000 -9999.000 -9999.000 -9999.000 -9999.000 -9999.000 -9999.000 -9999.000 -9999.000 -9999.000 -9999.000 -9999.000 -9999.000 -9999.000 -9999.000 -9999.000 -9999.000 -9999.000 -9999.000
-9999.000 -9999.000 -9999.000 -9999.000 -9999.000 -9999.000 -9999.000 -9999.000 -9999.000 -9999.000 -9999.000 -9999.000 -9999.000 -9999.000 -9999.000 -0.7183436E-01 -0.5680578E-01 -0.5428534E-01 -0.5819327E-01 -0.6485958E-01 -0.7292592E-01 -0.8187222E-01 -0.9055786E-01 -0.9917486E-01 -0.1073919 -0.1150616 -0.1226558 -0.1323856 -0.1509468 -0.1800077 -0.1800077 -9999.000 -9999.000 -9999.000 -9999.000 -9999.000 -9999.000 -9999.000 -9999.000 -9999.000 -9999.000 -9999.000 -9999.000 -9999.000 -9999.000 -9999.000 -9999.000 -9999.000 -9999.000 -9999.000 -9999.000 -9999.000 -9999.000 -9999.000 -9999.000 -9999.000 -9999.000 -9999.000 -9999.000
-9999.000 -9999.000 -9999.000 -9999.000 -9999.000 -9999.000 -9999.000 -9999.000 -9999.000 -9999.000 -9999.000 -9999.000 -9999.000 -9999.000 -9999.000 -0.6631424E-01 -0.4972163E-01 -0.4696365E-01 -0.5155129E-01 -0.5929288E-01 -0.6865022E-01 -0.7903700E-01 -0.8911308E-01 -0.9913795E-01 -0.1087036 -0.1176377 -0.1264995 -0.1378929 -0.1597261 -0.1964169 -0.1964169 -9999.000 -9999.000 -9999.000 -9999.000 -9999.000 -9999.000 -9999.000 -9999.000 -9999.000 -9999.000 -9999.000 -9999.000 -9999.000 -9999.000 -9999.000 -9999.000 -9999.000 -9999.000 -9999.000 -9999.000 -9999.000 -9999.000 -9999.000 -9999.000 -9999.000 -9999.000 -9999.000 -9999.000
-9999.000 -9999.000 -9999.000 -9999.000 -9999.000 -9999.000 -9999.000 -9999.000 -9999.000 -9999.000 -9999.000 -9999.000 -9999.000 -9999.000 -9999.000 -0.6032952E-01 -0.4229027E-01 -0.3932575E-01 -0.4463074E-01 -0.5348158E-01 -0.6416446E-01 -0.7602997E-01 -0.8752128E-01 -0.9898791E-01 -0.1099311 -0.1201559 -0.1303223 -0.1434731 -0.1688723 -0.2148634 -0.2148634 -9999.000 -9999.000 -9999.000 -9999.000 -9999.000 -9999.000 -9999.000 -9999.000 -9999.000 -9999.000 -9999.000 -9999.000 -9999.000 -9999.000 -9999.000 -9999.000 -9999.000 -9999.000 -9999.000 -9999.000 -9999.000 -9999.000 -9999.000 -9999.000 -9999.000 -9999.000 -9999.000 -9999.000
-9999.000 -9999.000 -9999.000 -9999.000 -9999.000 -9999.000 -9999.000 -9999.000 -9999.000 -9999.000 -9999.000 -9999.000 -9999.000 -9999.000 -9999.000 -0.5381557E-01 -0.3446771E-01 -0.3133395E-01 -0.3739833E-01 -0.4739360E-01 -0.5943619E-01 -0.7281867E-01 -0.8574573E-01 -0.9868546E-01 -0.1110312 -0.1225675 -0.1340727 -0.1490844 -0.1783958 -0.2358716 -0.2358716 -9999.000 -9999.000 -9999.000 -9999.000 -9999.000 -9999.000 -9999.000 -9999.000 -9999.000 -9999.000 -9999.000 -9999.000 -9999.000 -9999.000 -9999.000 -9999.000 -9999.000 -9999.000 -9999.000 -9999.000 -9999.000 -9999.000 -9999.000 -9999.000 -9999.000 -9999.000 -9999.000 -9999.000
-9999.000 -9999.000 -9999.000 -9999.000 -9999.000 -9999.000 -9999.000 -9999.000 -9999.000 -9999.000 -9999.000 -9999.000 -9999.000 -9999.000 -9999.000 -0.4669406E-01 -0.2619692E-01 -0.2293781E-01 -0.2980879E-01 -0.4098500E-01 -0.5442131E-01 -0.6935838E-01 -0.8373599E-01 -0.9817722E-01 -0.1119443 -0.1248051 -0.1376776 -0.1546633 -0.1882958 -0.2601680 -0.2601680 -9999.000 -9999.000 -9999.000 -9999.000 -9999.000 -9999.000 -9999.000 -9999.000 -9999.000 -9999.000 -9999.000 -9999.000 -9999.000 -9999.000 -9999.000 -9999.000 -9999.000 -9999.000 -9999.000 -9999.000 -9999.000 -9999.000 -9999.000 -9999.000 -9999.000 -9999.000 -9999.000 -9999.000
-9999.000 -9999.000 -9999.000 -9999.000 -9999.000 -9999.000 -9999.000 -9999.000 -9999.000 -9999.000 -9999.000 -9999.000 -9999.000 -9999.000 -9999.000 -0.3886827E-01 -0.1740398E-01 -0.1407054E-01 -0.2180066E-01 -0.3419590E-01 -0.4905923E-01 -0.6558663E-01 -0.8142183E-01 -0.9738778E-01 -0.1125854 -0.1267716 -0.1410301 -0.1601114 -0.1985478 -0.2887874 -0.2887874 -9999.000 -9999.000 -9999.000 -9999.000 -9999.000 -9999.000 -9999.000 -9999.000 -9999.000 -9999.000 -9999.000 -9999.000 -9999.000 -9999.000 -9999.000 -9999.000 -9999.000 -9999.000 -9999.000 -9999.000 -9999.000 -9999.000 -9999.000 -9999.000 -9999.000 -9999.000 -9999.000 -9999.000
-9999.000 -9999.000 -9999.000 -9999.000 -9999.000 -9999.000 -9999.000 -9999.000 -9999.000 -9999.000 -9999.000 -9999.000 -9999.000 -9999.000 -9999.000 -0.3013169E-01 -0.7944354E-02 -0.4617787E-02 -0.1328478E-01 -0.2695000E-01 -0.4327866E-01 -0.6143137E-01 -0.7871886E-01 -0.9622239E-01 -0.1128420 -0.1283324 -0.1439759 -0.1652779 -0.2090905 -0.3232764 -0.3232764 -9999.000 -9999.000 -9999.000 -9999.000 -9999.000 -9999.000 -9999.000 -9999.000 -9999.000 -9999.000 -9999.000 -9999.000 -9999.000 -9999.000 -9999.000 -9999.000 -9999.000 -9999.000 -9999.000 -9999.000 -9999.000 -9999.000 -9999.000 -9999.000 -9999.000 -9999.000 -9999.000 -9999.000
-9999.000 -9999.000 -9999.000 -9999.000 -9999.000 -9999.000 -9999.000 -9999.000 -9999.000 -9999.000 -9999.000 -9999.000 -9999.000 -9999.000 -9999.000 -0.1440055E-02 0.7570436E-02 0.4107547E-02 -0.7949367E-02 -0.2292627E-01 -0.4053385E-01 -0.5997046E-01 -0.7824954E-01 -0.9683104E-01 -0.1143928 -0.1307314 -0.1473700 -0.1706512 -0.2199719 -0.3636299 -0.3636299 -9999.000 -9999.000 -9999.000 -9999.000 -9999.000 -9999.000 -9999.000 -9999.000 -9999.000 -9999.000 -9999.000 -9999.000 -9999.000 -9999.000 -9999.000 -9999.000 -9999.000 -9999.000 -9999.000 -9999.000 -9999.000 -9999.000 -9999.000 -9999.000 -9999.000 -9999.000 -9999.000 -9999.000
-0.3807400E-02 -0.3807400E-02 -0.4537234E-02 -0.7024728E-02 -0.6455758E-02 -0.6455758E-02 -0.6273128E-02 -0.6228919E-02 -0.6228919E-02 -0.6226654E-02 -0.6226654E-02 -0.6210088E-02 -0.6199106E-02 -0.6186790E-02 -0.6174464E-02 -0.6174464E-02 0.1605816E-01 0.9923409E-02 -0.4267336E-02 -0.2411871E-01 -0.4853809E-01 -0.7626612E-01 -0.1053257 -0.1347571 -0.1633235 -0.1900662 -0.2148552 -0.2398955 -0.2738874 -0.3603239 -0.3603239 -0.1961909 -0.1033403 -0.3393738E-01 -0.2484191E-01 -0.2484191E-01 -0.1746951E-01 -0.1746951E-01 -0.4037060E-02 -0.4037060E-02 0.7112708E-02 0.2660029E-01 0.2660029E-01 -0.6280045E-02 -0.6280045E-02 -0.2779129E-02 -0.2779129E-02 -0.2779129E-02 0.1534093E-02 0.1534093E-02 0.1998864E-02 0.1998864E-02 0.8271355E-03 0.8271355E-03 -0.5889927E-03 -0.5889927E-03 -0.1871429E-02 -0.1871429E-02 -0.1871429E-02
-0.5674031E-02 -0.5674031E-02 -0.6653234E-02 -0.1017553E-01 -0.9146892E-02 -0.9146892E-02 -0.8784511E-02 -0.8718986E-02 -0.8718986E-02 -0.8763268E-02 -0.8763268E-02 -0.8767603E-02 -0.8761118E-02 -0.8751958E-02 -0.8751078E-02 -0.8751078E-02 0.1235347E-01 0.6190635E-02 -0.1019540E-01 -0.3596468E-01 -0.6927989E-01 -0.1083330 -0.1516013 -0.1969281 -0.2426295 -0.2870226 -0.3284271 -0.3651173 -0.3952341 -0.4193452 -0.4193452 -0.2811323 -0.1843841 -0.9316767E-01 -0.7498096E-01 -0.7498096E-01 -0.4926044E-01 -0.4926044E-01 -0.3933818E-02 -0.3933818E-02 0.2916163E-01 0.8673073E-01 0.8673073E-01 0.4542544E-01 0.4542544E-01 0.1016151E-01 0.1016151E-01 0.1016151E-01 0.6649581E-02 0.6649581E-02 0.3125665E-02 0.3125665E-02 -0.8557899E-03 -0.8557899E-03 -0.4416622E-02 -0.4416622E-02 -0.7135796E-02 -0.7135796E-02 -0.7135796E-02
-0.4306129E-02 -0.4306129E-02 -0.5806650E-02 -0.8593657E-02 -0.7794553E-02 -0.7794553E-02 -0.7392085E-02 -0.7309306E-02 -0.7309306E-02 -0.7398815E-02 -0.7398815E-02 -0.7431071E-02 -0.7433358E-02 -0.7433348E-02 -0.7457239E-02 -0.7457239E-02 0.6259666E-02 -0.4332693E-03 -0.1737971E-01 -0.4401902E-01 -0.7898092E-01 -0.1207881 -0.1681850 -0.2195171 -0.2732776 -0.3279070 -0.3816778 -0.4325113 -0.4776069 -0.5092239 -0.5092239 -0.4178652 -0.3330698 -0.2172073 -0.1791134 -0.1791134 -0.1070019 -0.1070019 -0.8795199E-03 -0.8795199E-03 0.6409476E-01 0.1697199 0.1697199 0.1555880 0.1555880 0.4949868E-01 0.4949868E-01 0.4949868E-01 0.1938273E-01 0.1938273E-01 0.3343492E-02 0.3343492E-02 -0.6849261E-02 -0.6849261E-02 -0.1376901E-01 -0.1376901E-01 -0.1795561E-01 -0.1795561E-01 -0.1795561E-01
-0.3000087E-02 -0.3000087E-02 -0.5125425E-02 -0.6889696E-02 -0.6268218E-02 -0.6268218E-02 -0.5895782E-02 -0.5814070E-02 -0.5814070E-02 -0.5901619E-02 -0.5901619E-02 -0.5925718E-02 -0.5924637E-02 -0.5923289E-02 -0.5963983E-02 -0.5963983E-02 -0.2025472E-03 -0.9007253E-02 -0.2748738E-01 -0.5522179E-01 -0.9116679E-01 -0.1341023 -0.1829448 -0.2364267 -0.2933327 -0.3524294 -0.4123236 -0.4712086 -0.5263469 -0.5698525 -0.5698525 -0.5236056 -0.4615996 -0.3460683 -0.2923761 -0.2923761 -0.1630840 -0.1630840 0.1413151E-01 0.1413151E-01 0.1047879 0.2348472 0.2348472 0.2434332 0.2434332 0.9982802E-01 0.9982802E-01 0.9982802E-01 0.3850946E-01 0.3850946E-01 0.4683079E-02 0.4683079E-02 -0.1460370E-01 -0.1460370E-01 -0.2586734E-01 -0.2586734E-01 -0.3145992E-01 -0.3145992E-01 -0.3145992E-01
-0.1819138E-02 -0.1819138E-02 -0.4404370E-02 -0.5195118E-02 -0.4716765E-02 -0.4716765E-02 -0.4404791E-02 -0.4328073E-02 -0.4328073E-02 -0.4398455E-02 -0.4398455E-02 -0.4412226E-02 -0.4409589E-02 -0.4408018E-02 -0.4471289E-02 -0.4471289E-02 -0.7061176E-02 -0.1950363E-01 -0.4086092E-01 -0.7072528E-01 -0.1082558 -0.1524521 -0.2023818 -0.2570314 -0.3154016 -0.3764950 -0.4392162 -0.5021362 -0.5629652 -0.6150285 -0.6150285 -0.6037893 -0.5658249 -0.4594634 -0.3893262 -0.3893262 -0.1915308 -0.1915308 0.4407112E-01 0.4407112E-01 0.1436570 0.2710228 0.2710228 0.2919151 0.2919151 0.1481674 0.1481674 0.1481674 0.6234453E-01 0.6234453E-01 0.9556156E-02 0.9556156E-02 -0.2083133E-01 -0.2083133E-01 -0.3755439E-01 -0.3755439E-01 -0.4486846E-01 -0.4486846E-01 -0.4486846E-01
-0.7741096E-03 -0.7741096E-03 -0.3552700E-02 -0.3522346E-02 -0.3165446E-02 -0.3165446E-02 -0.2928263E-02 -0.2853090E-02 -0.2853090E-02 -0.2895238E-02 -0.2895238E-02 -0.2900096E-02 -0.2898353E-02 -0.2898719E-02 -0.2991658E-02 -0.2991658E-02 -0.1471413E-01 -0.3224834E-01 -0.5794022E-01 -0.9119590E-01 -0.1312406 -0.1772460 -0.2284488 -0.2840697 -0.3433258 -0.4054236 -0.4694962 -0.5344204 -0.5983585 -0.6560020 -0.6560020 -0.6693071 -0.6514676 -0.5458350 -0.4487129 -0.4487129 -0.1769427 -0.1769427 0.7831420E-01 0.7831420E-01 0.1688761 0.2776816 0.2776816 0.3047104 0.3047104 0.1855042 0.1855042 0.1855042 0.8776047E-01 0.8776047E-01 0.1856257E-01 0.1856257E-01 -0.2378551E-01 -0.2378551E-01 -0.4702992E-01 -0.4702992E-01 -0.5659526E-01 -0.5659526E-01 -0.5659526E-01
0.1179990E-03 0.1179990E-03 -0.2312603E-02 -0.1804077E-02 -0.1586276E-02 -0.1586276E-02 -0.1453775E-02 -0.1410362E-02 -0.1410362E-02 -0.1430156E-02 -0.1430156E-02 -0.1430750E-02 -0.1429940E-02 -0.1430991E-02 -0.1560566E-02 -0.1560566E-02 -0.2383886E-01 -0.4795920E-01 -0.7953410E-01 -0.1175821 -0.1612542 -0.2098242 -0.2626948 -0.3193229 -0.3791758 -0.4416993 -0.5062628 -0.5720180 -0.6375139 -0.6985342 -0.6985342 -0.7278651 -0.7230867 -0.5898010 -0.4493893 -0.4493893 -0.1276408 -0.1276408 0.1007513 0.1007513 0.1731939 0.2612734 0.2612734 0.2920692 0.2920692 0.2068563 0.2068563 0.2068563 0.1105052 0.1105052 0.3066319E-01 0.3066319E-01 -0.2280577E-01 -0.2280577E-01 -0.5313860E-01 -0.5313860E-01 -0.6547591E-01 -0.6547591E-01 -0.6547591E-01
-0.2842136E-06 -0.2842136E-06 0.2113484E-06 0.5179639E-06 0.7536337E-06 0.7536337E-06 0.2914030E-06 -0.6336220E-06 -0.6336220E-06 -0.8000212E-06 -0.8000212E-06 -0.1873819E-06 0.1941461E-06 0.5370867E-06 -0.1774061E-03 -0.1774061E-03 -0.3540479E-01 -0.6781138E-01 -0.1069519 -0.1512946 -0.1998088 -0.2518093 -0.3068543 -0.3646369 -0.4248997 -0.4873717 -0.5517015 -0.6173367 -0.6831625 -0.7455658 -0.7455658 -0.7831327 -0.7791041 -0.5679659 -0.3829070 -0.3829070 -0.7217545E-01 -0.7217545E-01 0.1032628 0.1032628 0.1584064 0.2306812 0.2306812 0.2639765 0.2639765 0.2112992 0.2112992 0.2112992 0.1264002 0.1264002 0.4352577E-01 0.4352577E-01 -0.1820650E-01 -0.1820650E-01 -0.5521395E-01 -0.5521395E-01 -0.7056064E-01 -0.7056064E-01 -0.7056064E-01
-0.1185008E-03 -0.1185008E-03 0.2312918E-02 0.1805194E-02 0.1587746E-02 0.1587746E-02 0.1454401E-02 0.1409183E-02 0.1409183E-02 0.1428765E-02 0.1428765E-02 0.1430575E-02 0.1430365E-02 0.1431829E-02 0.1186008E-02 0.1186008E-02 -0.5084933E-01 -0.9363256E-01 -0.1422131 -0.1944165 -0.2489919 -0.3052818 -0.3630084 -0.4221099 -0.4826223 -0.5445858 -0.6079681 -0.6725392 -0.7374197 -0.7985970 -0.7985970 -0.8338144 -0.8048684 -0.4678658 -0.2755703 -0.2755703 -0.3548129E-01 -0.3548129E-01 0.8934116E-01 0.8934116E-01 0.1321339 0.1935839 0.1935839 0.2277230 0.2277230 0.2008708 0.2008708 0.2008708 0.1325982 0.1325982 0.5422721E-01 0.5422721E-01 -0.1114827E-01 -0.1114827E-01 -0.5309570E-01 -0.5309570E-01 -0.7112905E-01 -0.7112905E-01 -0.7112905E-01
0.7736710E-03 0.7736710E-03 0.3553158E-02 0.3523493E-02 0.3166799E-02 0.3166799E-02 0.2928868E-02 0.2851979E-02 0.2851979E-02 0.2894130E-02 0.2894130E-02 0.2900085E-02 0.2898581E-02 0.2899496E-02 0.2555324E-02 0.2555324E-02 -0.7247083E-01 -0.1283255 -0.1884605 -0.2500903 -0.3118193 -0.3730904 -0.4338464 -0.4943084 -0.5548261 -0.6157696 -0.6774460 -0.7399420 -0.8022432 -0.8570355 -0.8570355 -0.8671903 -0.7616616 -0.3229665 -0.1770064 -0.1770064 -0.2195522E-01 -0.2195522E-01 0.6758479E-01 0.6758479E-01 0.1020997 0.1550026 0.1550026 0.1878961 0.1878961 0.1790031 0.1790031 0.1790031 0.1282298 0.1282298 0.6016770E-01 0.6016770E-01 -0.3311230E-02 -0.3311230E-02 -0.4712747E-01 -0.4712747E-01 -0.6677245E-01 -0.6677245E-01 -0.6677245E-01
0.1818848E-02 0.1818848E-02 0.4404564E-02 0.5196373E-02 0.4718033E-02 0.4718033E-02 0.4405312E-02 0.4327207E-02 0.4327207E-02 0.4397474E-02 0.4397474E-02 0.4412038E-02 0.4409934E-02 0.4408699E-02 0.3925034E-02 0.3925034E-02 -0.1041745 -0.1766208 -0.2506357 -0.3230975 -0.3927279 -0.4592684 -0.5230156 -0.5845515 -0.6445769 -0.7038069 -0.7628902 -0.8221290 -0.8789267 -0.9126092 -0.9126092 -0.8400855 -0.6021835 -0.1988026 -0.1157652 -0.1157652 -0.2144109E-01 -0.2144109E-01 0.4508664E-01 0.4508664E-01 0.7319042E-01 0.1175622 0.1175622 0.1471556 0.1471556 0.1492620 0.1492620 0.1492620 0.1142060 0.1142060 0.5980854E-01 0.5980854E-01 0.3585573E-02 0.3585573E-02 -0.3807267E-01 -0.3807267E-01 -0.5750145E-01 -0.5750145E-01 -0.5750145E-01
0.2999792E-02 0.2999792E-02 0.5125437E-02 0.6890702E-02 0.6269263E-02 0.6269263E-02 0.5896272E-02 0.5813590E-02 0.5813590E-02 0.5900870E-02 0.5900870E-02 0.5925427E-02 0.5924913E-02 0.5923481E-02 0.5248140E-02 0.5248140E-02 -0.1530155 -0.2465433 -0.3367349 -0.4208954 -0.4984298 -0.5697473 -0.6357223 -0.6974202 -0.7559519 -0.8123901 -0.8677146 -0.9219757 -0.9647545 -0.9267275 -0.9267275 -0.6728953 -0.3582383 -0.1256216 -0.8537064E-01 -0.8537064E-01 -0.2358614E-01 -0.2358614E-01 0.2557016E-01 0.2557016E-01 0.4772334E-01 0.8254898E-01 0.8254898E-01 0.1071685 0.1071685 0.1148235 0.1148235 0.1148235 0.9262110E-01 0.9262110E-01 0.5301031E-01 0.5301031E-01 0.8287402E-02 0.8287402E-02 -0.2693484E-01 -0.2693484E-01 -0.4382467E-01 -0.4382467E-01 -0.4382467E-01
