cruce_test.gid/Rasters/Hydraulic/Velocity____145.0.asc
NCOLS        79
NROWS        79
XLLCENTER         -1.500000
YLLCENTER         -4.800000
CELLSIZE           0.100
NODATA_VALUE     -9999.0
[rows 0 to 26 of 79, columns 0 to 59 of 79]
-9999.000 -9999.000 -9999.000 -9999.000 -9999.000 -9999.000 -9999.000 -9999.000 -9999.000 -9999.000 -9999.000 -9999.000 -9999.000 -9999.000 -9999.000 0.1186581 0.1175092 0.1175315 0.1177703 0.1181285 0.1185568 0.1189997 0.1194108 0.1197594 0.1200352 0.1202611 0.1205050 0.1210236 0.1224449 0.1232787 0.1232787 -9999.000 -9999.000 -9999.000 -9999.000 -9999.000 -9999.000 -9999.000 -9999.000 -9999.000 -9999.000 -9999.000 -9999.000 -9999.000 -9999.000 -9999.000 -9999.000 -9999.000 -9999.000 -9999.000 -9999.000 -9999.000 -9999.000 -9999.000 -9999.000 -9999.000 -9999.000 -9999.000 -9999.000 -9999.000
-9999.000 -9999.000 -9999.000 -9999.000 -9999.000 -9999.000 -9999.000 -9999.000 -9999.000 -9999.000 -9999.000 -9999.000 -9999.000 -9999.000 -9999.000 0.1164698 0.1141507 0.1142366 0.1148003 0.1156344 0.1166296 0.1176634 0.1186313 0.1194607 0.1201242 0.1206671 0.1212408 0.1224123 0.1255592 0.1278556 0.1278556 -9999.000 -9999.000 -9999.000 -9999.000 -9999.000 -9999.000 -9999.000 -9999.000 -9999.000 -9999.000 -9999.000 -9999.000 -9999.000 -9999.000 -9999.000 -9999.000 -9999.000 -9999.000 -9999.000 -9999.000 -9999.000 -9999.000 -9999.000 -9999.000 -9999.000 -9999.000 -9999.000 -9999.000 -9999.000
-9999.000 -9999.000 -9999.000 -9999.000 -9999.000 -9999.000 -9999.000 -9999.000 -9999.000 -9999.000 -9999.000 -9999.000 -9999.000 -9999.000 -9999.000 0.1128388 0.1093601 0.1095373 0.1105201 0.1119740 0.1137200 0.1155599 0.1173232 0.1188912 0.1202170 0.1213712 0.1225978 0.1248124 0.1302299 0.1348079 0.1348079 -9999.000 -9999.000 -9999.000 -9999.000 -9999.000 -9999.000 -9999.000 -9999.000 -9999.000 -9999.000 -9999.000 -9999.000 -9999.000 -9999.000 -9999.000 -9999.000 -9999.000 -9999.000 -9999.000 -9999.000 -9999.000 -9999.000 -9999.000 -9999.000 -9999.000 -9999.000 -9999.000 -9999.000 -9999.000
-9999.000 -9999.000 -9999.000 -9999.000 -9999.000 -9999.000 -9999.000 -9999.000 -9999.000 -9999.000 -9999.000 -9999.000 -9999.000 -9999.000 -9999.000 0.1084965 0.1039788 0.1042781 0.1057279 0.1078640 0.1104362 0.1131716 0.1158337 0.1182576 0.1203743 0.1222764 0.1242976 0.1277108 0.1356150 0.1430881 0.1430881 -9999.000 -9999.000 -9999.000 -9999.000 -9999.000 -9999.000 -9999.000 -9999.000 -9999.000 -9999.000 -9999.000 -9999.000 -9999.000 -9999.000 -9999.000 -9999.000 -9999.000 -9999.000 -9999.000 -9999.000 -9999.000 -9999.000 -9999.000 -9999.000 -9999.000 -9999.000 -9999.000 -9999.000 -9999.000
-9999.000 -9999.000 -9999.000 -9999.000 -9999.000 -9999.000 -9999.000 -9999.000 -9999.000 -9999.000 -9999.000 -9999.000 -9999.000 -9999.000 -9999.000 0.1036345 0.9817562E-01 0.9862223E-01 0.1005768 0.1034435 0.1068977 0.1105918 0.1142239 0.1175822 0.1205745 0.1233148 0.1262271 0.1309591 0.1415560 0.1525840 0.1525840 -9999.000 -9999.000 -9999.000 -9999.000 -9999.000 -9999.000 -9999.000 -9999.000 -9999.000 -9999.000 -9999.000 -9999.000 -9999.000 -9999.000 -9999.000 -9999.000 -9999.000 -9999.000 -9999.000 -9999.000 -9999.000 -9999.000 -9999.000 -9999.000 -9999.000 -9999.000 -9999.000 -9999.000 -9999.000
-9999.000 -9999.000 -9999.000 -9999.000 -9999.000 -9999.000 -9999.000 -9999.000 -9999.000 -9999.000 -9999.000 -9999.000 -9999.000 -9999.000 -9999.000 0.9834057E-01 0.9203689E-01 0.9265874E-01 0.9515584E-01 0.9879834E-01 0.1031822 0.1078857 0.1125409 0.1168902 0.1208176 0.1244592 0.1283340 0.1344859 0.1479858 0.1633256 0.1633256 -9999.000 -9999.000 -9999.000 -9999.000 -9999.000 -9999.000 -9999.000 -9999.000 -9999.000 -9999.000 -9999.000 -9999.000 -9999.000 -9999.000 -9999.000 -9999.000 -9999.000 -9999.000 -9999.000 -9999.000 -9999.000 -9999.000 -9999.000 -9999.000 -9999.000 -9999.000 -9999.000 -9999.000 -9999.000
-9999.000 -9999.000 -9999.000 -9999.000 -9999.000 -9999.000 -9999.000 -9999.000 -9999.000 -9999.000 -9999.000 -9999.000 -9999.000 -9999.000 -9999.000 0.9264359E-01 0.8560160E-01 0.8643422E-01 0.8951693E-01 0.9398185E-01 0.9934032E-01 0.1050964 0.1108179 0.1162015 0.1211080 0.1256977 0.1305904 0.1382548 0.1548850 0.1754429 0.1754429 -9999.000 -9999.000 -9999.000 -9999.000 -9999.000 -9999.000 -9999.000 -9999.000 -9999.000 -9999.000 -9999.000 -9999.000 -9999.000 -9999.000 -9999.000 -9999.000 -9999.000 -9999.000 -9999.000 -9999.000 -9999.000 -9999.000 -9999.000 -9999.000 -9999.000 -9999.000 -9999.000 -9999.000 -9999.000
-9999.000 -9999.000 -9999.000 -9999.000 -9999.000 -9999.000 -9999.000 -9999.000 -9999.000 -9999.000 -9999.000 -9999.000 -9999.000 -9999.000 -9999.000 0.8653755E-01 0.7888176E-01 0.7997241E-01 0.8369268E-01 0.8903144E-01 0.9540816E-01 0.1022557 0.1090790 0.1155312 0.1214506 0.1270242 0.1329807 0.1422480 0.1622611 0.1891563 0.1891563 -9999.000 -9999.000 -9999.000 -9999.000 -9999.000 -9999.000 -9999.000 -9999.000 -9999.000 -9999.000 -9999.000 -9999.000 -9999.000 -9999.000 -9999.000 -9999.000 -9999.000 -9999.000 -9999.000 -9999.000 -9999.000 -9999.000 -9999.000 -9999.000 -9999.000 -9999.000 -9999.000 -9999.000 -9999.000
-9999.000 -9999.000 -9999.000 -9999.000 -9999.000 -9999.000 -9999.000 -9999.000 -9999.000 -9999.000 -9999.000 -9999.000 -9999.000 -9999.000 -9999.000 0.7999510E-01 0.7187429E-01 0.7328717E-01 0.7770991E-01 0.8398011E-01 0.9141818E-01 0.9939159E-01 0.1073463 0.1148938 0.1218516 0.1284365 0.1354964 0.1464576 0.1701408 0.2047858 0.2047858 -9999.000 -9999.000 -9999.000 -9999.000 -9999.000 -9999.000 -9999.000 -9999.000 -9999.000 -9999.000 -9999.000 -9999.000 -9999.000 -9999.000 -9999.000 -9999.000 -9999.000 -9999.000 -9999.000 -9999.000 -9999.000 -9999.000 -9999.000 -9999.000 -9999.000 -9999.000 -9999.000 -9999.000 -9999.000
-9999.000 -9999.000 -9999.000 -9999.000 -9999.000 -9999.000 -9999.000 -9999.000 -9999.000 -9999.000 -9999.000 -9999.000 -9999.000 -9999.000 -9999.000 0.7297342E-01 0.6456842E-01 0.6639349E-01 0.7160173E-01 0.7886762E-01 0.8740855E-01 0.9653655E-01 0.1056448 0.1143072 0.1223217 0.1299386 0.1381358 0.1508858 0.1785671 0.2227817 0.2227817 -9999.000 -9999.000 -9999.000 -9999.000 -9999.000 -9999.000 -9999.000 -9999.000 -9999.000 -9999.000 -9999.000 -9999.000 -9999.000 -9999.000 -9999.000 -9999.000 -9999.000 -9999.000 -9999.000 -9999.000 -9999.000 -9999.000 -9999.000 -9999.000 -9999.000 -9999.000 -9999.000 -9999.000 -9999.000
-9999.000 -9999.000 -9999.000 -9999.000 -9999.000 -9999.000 -9999.000 -9999.000 -9999.000 -9999.000 -9999.000 -9999.000 -9999.000 -9999.000 -9999.000 0.6541614E-01 0.5695133E-01 0.5931910E-01 0.6542189E-01 0.7375467E-01 0.8343471E-01 0.9373719E-01 0.1040122 0.1138009 0.1228825 0.1315447 0.1409083 0.1555455 0.1876003 0.2437782 0.2437782 -9999.000 -9999.000 -9999.000 -9999.000 -9999.000 -9999.000 -9999.000 -9999.000 -9999.000 -9999.000 -9999.000 -9999.000 -9999.000 -9999.000 -9999.000 -9999.000 -9999.000 -9999.000 -9999.000 -9999.000 -9999.000 -9999.000 -9999.000 -9999.000 -9999.000 -9999.000 -9999.000 -9999.000 -9999.000
-9999.000 -9999.000 -9999.000 -9999.000 -9999.000 -9999.000 -9999.000 -9999.000 -9999.000 -9999.000 -9999.000 -9999.000 -9999.000 -9999.000 -9999.000 0.5725200E-01 0.4901965E-01 0.5212878E-01 0.5927010E-01 0.6874374E-01 0.7958684E-01 0.9106978E-01 0.1025129 0.1134292 0.1235796 0.1332928 0.1438456 0.1604695 0.1973232 0.2686829 0.2686829 -9999.000 -9999.000 -9999.000 -9999.000 -9999.000 -9999.000 -9999.000 -9999.000 -9999.000 -9999.000 -9999.000 -9999.000 -9999.000 -9999.000 -9999.000 -9999.000 -9999.000 -9999.000 -9999.000 -9999.000 -9999.000 -9999.000 -9999.000 -9999.000 -9999.000 -9999.000 -9999.000 -9999.000 -9999.000
-9999.000 -9999.000 -9999.000 -9999.000 -9999.000 -9999.000 -9999.000 -9999.000 -9999.000 -9999.000 -9999.000 -9999.000 -9999.000 -9999.000 -9999.000 0.4839413E-01 0.4080739E-01 0.4497701E-01 0.5334260E-01 0.6401880E-01 0.7602284E-01 0.8866929E-01 0.1012649 0.1132975 0.1245084 0.1352696 0.1470258 0.1657319 0.2078541 0.2988343 0.2988343 -9999.000 -9999.000 -9999.000 -9999.000 -9999.000 -9999.000 -9999.000 -9999.000 -9999.000 -9999.000 -9999.000 -9999.000 -9999.000 -9999.000 -9999.000 -9999.000 -9999.000 -9999.000 -9999.000 -9999.000 -9999.000 -9999.000 -9999.000 -9999.000 -9999.000 -9999.000 -9999.000 -9999.000 -9999.000
-9999.000 -9999.000 -9999.000 -9999.000 -9999.000 -9999.000 -9999.000 -9999.000 -9999.000 -9999.000 -9999.000 -9999.000 -9999.000 -9999.000 -9999.000 0.3871285E-01 0.3250228E-01 0.3831663E-01 0.4814056E-01 0.6003432E-01 0.7313765E-01 0.8687860E-01 0.1005708 0.1136784 0.1259195 0.1377081 0.1506646 0.1715238 0.2193961 0.3363100 0.3363100 -9999.000 -9999.000 -9999.000 -9999.000 -9999.000 -9999.000 -9999.000 -9999.000 -9999.000 -9999.000 -9999.000 -9999.000 -9999.000 -9999.000 -9999.000 -9999.000 -9999.000 -9999.000 -9999.000 -9999.000 -9999.000 -9999.000 -9999.000 -9999.000 -9999.000 -9999.000 -9999.000 -9999.000 -9999.000
-9999.000 -9999.000 -9999.000 -9999.000 -9999.000 -9999.000 -9999.000 -9999.000 -9999.000 -9999.000 -9999.000 -9999.000 -9999.000 -9999.000 -9999.000 0.2914112E-01 0.3813460E-01 0.5141408E-01 0.6344378E-01 0.7474221E-01 0.8596581E-01 0.9749971E-01 0.1091849 0.1206906 0.1317630 0.1428189 0.1556106 0.1777104 0.2313506 0.3817970 0.3817970 -9999.000 -9999.000 -9999.000 -9999.000 -9999.000 -9999.000 -9999.000 -9999.000 -9999.000 -9999.000 -9999.000 -9999.000 -9999.000 -9999.000 -9999.000 -9999.000 -9999.000 -9999.000 -9999.000 -9999.000 -9999.000 -9999.000 -9999.000 -9999.000 -9999.000 -9999.000 -9999.000 -9999.000 -9999.000
2.447525 2.447525 2.491343 2.532927 2.539053 2.539053 2.542751 2.546089 2.546089 2.546189 2.546189 2.544094 2.542387 2.540309 2.537911 2.537911 2.487404 2.469077 2.442014 2.401807 2.345768 2.272794 2.182403 2.075166 1.952588 1.817665 1.676792 1.542826 1.443799 1.450950 1.450950 2.250157 2.397373 2.460562 2.472187 2.472187 2.477156 2.477156 2.419923 2.419923 2.354501 2.040534 2.040534 1.687064 1.687064 1.602469 1.602469 1.602469 1.633595 1.633595 1.680767 1.680767 1.729274 1.729274 1.772615 1.772615 1.808205 1.808205 1.808205 1.833263
2.463831 2.463831 2.522362 2.578654 2.595070 2.595070 2.609038 2.632795 2.632795 2.653145 2.653145 2.671143 2.679423 2.687291 2.694795 2.694795 2.675802 2.675986 2.678391 2.678863 2.674172 2.661693 2.638967 2.603848 2.554602 2.490219 2.408856 2.316970 2.231937 2.197016 2.197016 2.634701 2.780277 2.908760 2.939954 2.939954 2.966108 2.966108 2.942877 2.942877 2.907410 2.747622 2.747622 2.477507 2.477507 2.371113 2.371113 2.371113 2.401465 2.401465 2.447684 2.447684 2.496335 2.496335 2.542606 2.542606 2.582256 2.582256 2.582256 2.613017
2.467516 2.467516 2.526393 2.578935 2.595526 2.595526 2.609728 2.633991 2.633991 2.654899 2.654899 2.673537 2.682171 2.690417 2.698319 2.698319 2.687739 2.693699 2.705673 2.719060 2.730713 2.738631 2.741246 2.737099 2.724686 2.702573 2.668966 2.625829 2.581626 2.561690 2.561690 2.829985 2.966389 3.115165 3.154530 3.154530 3.183428 3.183428 3.152725 3.152725 3.116480 2.999982 2.999982 2.804384 2.804384 2.678022 2.678022 2.678022 2.695679 2.695679 2.733849 2.733849 2.776389 2.776389 2.816556 2.816556 2.850951 2.850951 2.850951 2.877958
2.470455 2.470455 2.529492 2.578858 2.595413 2.595413 2.609661 2.633998 2.633998 2.654927 2.654927 2.673572 2.682210 2.690464 2.698376 2.698376 2.695384 2.706223 2.724517 2.745097 2.764449 2.780609 2.792481 2.799375 2.800696 2.795827 2.783777 2.765514 2.746296 2.742802 2.742802 2.911446 3.034845 3.187263 3.227953 3.227953 3.246898 3.246898 3.200208 3.200208 3.163469 3.080581 3.080581 2.952902 2.952902 2.821768 2.821768 2.821768 2.824584 2.824584 2.854892 2.854892 2.892821 2.892821 2.929440 2.929440 2.961046 2.961046 2.961046 2.985800
2.472704 2.472704 2.531850 2.578807 2.595298 2.595298 2.609582 2.633990 2.633990 2.654932 2.654932 2.673571 2.682208 2.690458 2.698370 2.698370 2.704483 2.721303 2.745887 2.772838 2.798444 2.820609 2.838256 2.850895 2.858334 2.860526 2.857278 2.849545 2.841258 2.844180 2.844180 2.955280 3.061357 3.201841 3.233222 3.233222 3.223691 3.223691 3.164373 3.164373 3.135734 3.092521 3.092521 3.026660 3.026660 2.911043 2.911043 2.911043 2.898430 2.898430 2.918050 2.918050 2.949827 2.949827 2.982727 2.982727 3.011574 3.011574 3.011574 3.033998
2.474289 2.474289 2.533509 2.578782 2.595202 2.595202 2.609512 2.633983 2.633983 2.654938 2.654938 2.673572 2.682207 2.690456 2.698368 2.698368 2.715702 2.739751 2.770958 2.803976 2.835235 2.862679 2.885218 2.902360 2.913976 2.920184 2.921151 2.917841 2.913395 2.916481 2.916481 2.989448 3.074452 3.181347 3.188485 3.188485 3.139116 3.139116 3.087346 3.087346 3.077111 3.076304 3.076304 3.060202 3.060202 2.976368 2.976368 2.976368 2.952945 2.952945 2.960457 2.960457 2.984016 2.984016 3.011692 3.011692 3.036758 3.036758 3.036758 3.056112
2.475231 2.475231 2.534493 2.578771 2.595140 2.595140 2.609465 2.633978 2.633978 2.654942 2.654942 2.673572 2.682205 2.690454 2.698365 2.698365 2.729880 2.762387 2.800597 2.839458 2.875827 2.907899 2.934695 2.955740 2.970894 2.980259 2.984076 2.983166 2.979943 2.980660 2.980660 3.025481 3.084390 3.123445 3.091423 3.091423 3.016566 3.016566 3.001722 3.001722 3.014167 3.049944 3.049944 3.069753 3.069753 3.025004 3.025004 3.025004 2.998873 2.998873 2.995821 2.995821 3.009744 3.009744 3.030389 3.030389 3.050217 3.050217 3.050217 3.065467
2.475543 2.475543 2.534820 2.578769 2.595119 2.595119 2.609450 2.633977 2.633977 2.654945 2.654945 2.673575 2.682207 2.690456 2.698367 2.698367 2.748239 2.790354 2.835899 2.880363 2.921259 2.957224 2.987527 3.011804 3.029937 3.041990 3.048170 3.049085 3.046424 3.044070 3.044070 3.065392 3.088146 3.011335 2.941736 2.941736 2.887299 2.887299 2.926373 2.926373 2.957976 3.020060 3.020060 3.064312 3.064312 3.057867 3.057867 3.057867 3.037122 3.037122 3.027562 3.027562 3.031942 3.031942 3.044137 3.044137 3.057224 3.057224 3.057224 3.067276
2.475231 2.475231 2.534493 2.578771 2.595140 2.595140 2.609465 2.633978 2.633978 2.654942 2.654942 2.673573 2.682205 2.690454 2.698364 2.698364 2.772461 2.825202 2.878245 2.927960 2.972701 3.011701 3.044605 3.071261 3.091641 3.105812 3.113934 3.116408 3.114156 3.107976 3.107976 3.103425 3.065990 2.835477 2.763268 2.763268 2.778713 2.778713 2.864654 2.864654 2.908812 2.988142 2.988142 3.049007 3.049007 3.075576 3.075576 3.075576 3.065744 3.065744 3.054702 3.054702 3.051224 3.051224 3.054379 3.054379 3.059503 3.059503 3.059503 3.063383
2.474289 2.474289 2.533509 2.578781 2.595202 2.595202 2.609512 2.633983 2.633983 2.654938 2.654938 2.673572 2.682207 2.690456 2.698367 2.698367 2.804949 2.869107 2.929511 2.983860 3.031553 3.072545 3.106958 3.134938 3.156618 3.172126 3.181599 3.185254 3.182953 3.169472 3.169472 3.120433 2.974393 2.623280 2.601906 2.601906 2.697942 2.697942 2.812326 2.812326 2.863725 2.954429 2.954429 3.026858 3.026858 3.079602 3.079602 3.079602 3.082887 3.082887 3.074712 3.074712 3.066066 3.066066 3.060563 3.060563 3.057042 3.057042 3.057042 3.054085
2.472704 2.472704 2.531849 2.578807 2.595298 2.595298 2.609582 2.633991 2.633991 2.654933 2.654933 2.673570 2.682207 2.690458 2.698370 2.698370 2.849172 2.925087 2.992181 3.050088 3.099470 3.141118 3.175705 3.203734 3.225553 3.241393 3.251412 3.255591 3.251394 3.216933 3.216933 3.066486 2.762895 2.438044 2.487115 2.487115 2.634084 2.634084 2.763062 2.763062 2.818651 2.917448 2.917448 2.998078 2.998078 3.070402 3.070402 3.070402 3.086336 3.086336 3.083699 3.083699 3.072703 3.072703 3.059783 3.059783 3.047694 3.047694 3.047694 3.037759
2.470455 2.470455 2.529492 2.578858 2.595413 2.595413 2.609661 2.633998 2.633998 2.654928 2.654928 2.673571 2.682210 2.690464 2.698376 2.698376 2.910436 2.997520 3.069696 3.129287 3.178479 3.218987 3.252071 3.278608 3.299176 3.314134 3.323683 3.327202 3.313850 3.208972 3.208972 2.854505 2.431644 2.321446 2.397330 2.397330 2.570556 2.570556 2.708250 2.708250 2.766600 2.872108 2.872108 2.958818 2.958818 3.045471 3.045471 3.045471 3.072135 3.072135 3.075846 3.075846 3.064619 3.064619 3.045986 3.045986 3.026195 3.026195 3.026195 3.009799
