cruce_test.gid/Rasters/Hydraulic/Velocity__x_283.0.asc
NCOLS        79
NROWS        79
XLLCENTER         -1.500000
YLLCENTER         -4.800000
CELLSIZE           0.100
NODATA_VALUE     -9999.0
[rows 0 to 25 of 79, columns 0 to 57 of 79]
-9999.000 -9999.000 -9999.000 -9999.000 -9999.000 -9999.000 -9999.000 -9999.000 -9999.000 -9999.000 -9999.000 -9999.000 -9999.000 -9999.000 -9999.000 -0.4426995E-03 0.8339559E-03 0.4431982E-02 0.8605635E-02 0.1240658E-01 0.1540436E-01 0.1747976E-01 0.1862813E-01 0.1893037E-01 0.1849052E-01 0.1738775E-01 0.1567249E-01 0.1323030E-01 0.9373460E-02 0.4603411E-02 0.4603411E-02 -9999.000 -9999.000 -9999.000 -9999.000 -9999.000 -9999.000 -9999.000 -9999.000 -9999.000 -9999.000 -9999.000 -9999.000 -9999.000 -9999.000 -9999.000 -9999.000 -9999.000 -9999.000 -9999.000 -9999.000 -9999.000 -9999.000 -9999.000 -9999.000 -9999.000 -9999.000 -9999.000
-9999.000 -9999.000 -9999.000 -9999.000 -9999.000 -9999.000 -9999.000 -9999.000 -9999.000 -9999.000 -9999.000 -9999.000 -9999.000 -9999.000 -9999.000 0.7867393E-03 0.3278003E-02 0.7978685E-02 0.1314620E-01 0.1784759E-01 0.2160829E-01 0.2424653E-01 0.2570372E-01 0.2601889E-01 0.2526992E-01 0.2352637E-01 0.2084614E-01 0.1715405E-01 0.1189239E-01 0.5821890E-02 0.5821890E-02 -9999.000 -9999.000 -9999.000 -9999.000 -9999.000 -9999.000 -9999.000 -9999.000 -9999.000 -9999.000 -9999.000 -9999.000 -9999.000 -9999.000 -9999.000 -9999.000 -9999.000 -9999.000 -9999.000 -9999.000 -9999.000 -9999.000 -9999.000 -9999.000 -9999.000 -9999.000 -9999.000
-9999.000 -9999.000 -9999.000 -9999.000 -9999.000 -9999.000 -9999.000 -9999.000 -9999.000 -9999.000 -9999.000 -9999.000 -9999.000 -9999.000 -9999.000 0.1312842E-02 0.4405241E-02 0.9781640E-02 0.1557511E-01 0.2081426E-01 0.2499908E-01 0.2793026E-01 0.2953578E-01 0.2984794E-01 0.2894275E-01 0.2689429E-01 0.2377150E-01 0.1951141E-01 0.1355097E-01 0.6671907E-02 0.6671907E-02 -9999.000 -9999.000 -9999.000 -9999.000 -9999.000 -9999.000 -9999.000 -9999.000 -9999.000 -9999.000 -9999.000 -9999.000 -9999.000 -9999.000 -9999.000 -9999.000 -9999.000 -9999.000 -9999.000 -9999.000 -9999.000 -9999.000 -9999.000 -9999.000 -9999.000 -9999.000 -9999.000
-9999.000 -9999.000 -9999.000 -9999.000 -9999.000 -9999.000 -9999.000 -9999.000 -9999.000 -9999.000 -9999.000 -9999.000 -9999.000 -9999.000 -9999.000 0.1612172E-02 0.5064364E-02 0.1086628E-01 0.1706441E-01 0.2265435E-01 0.2711831E-01 0.3024712E-01 0.3196302E-01 0.3229703E-01 0.3132589E-01 0.2912595E-01 0.2577142E-01 0.2119772E-01 0.1481337E-01 0.7349197E-02 0.7349197E-02 -9999.000 -9999.000 -9999.000 -9999.000 -9999.000 -9999.000 -9999.000 -9999.000 -9999.000 -9999.000 -9999.000 -9999.000 -9999.000 -9999.000 -9999.000 -9999.000 -9999.000 -9999.000 -9999.000 -9999.000 -9999.000 -9999.000 -9999.000 -9999.000 -9999.000 -9999.000 -9999.000
-9999.000 -9999.000 -9999.000 -9999.000 -9999.000 -9999.000 -9999.000 -9999.000 -9999.000 -9999.000 -9999.000 -9999.000 -9999.000 -9999.000 -9999.000 0.1828840E-02 0.5547955E-02 0.1167200E-01 0.1818021E-01 0.2404030E-01 0.2872177E-01 0.3201070E-01 0.3382570E-01 0.3419846E-01 0.3320708E-01 0.3092879E-01 0.2743901E-01 0.2266669E-01 0.1597572E-01 0.7996444E-02 0.7996444E-02 -9999.000 -9999.000 -9999.000 -9999.000 -9999.000 -9999.000 -9999.000 -9999.000 -9999.000 -9999.000 -9999.000 -9999.000 -9999.000 -9999.000 -9999.000 -9999.000 -9999.000 -9999.000 -9999.000 -9999.000 -9999.000 -9999.000 -9999.000 -9999.000 -9999.000 -9999.000 -9999.000
-9999.000 -9999.000 -9999.000 -9999.000 -9999.000 -9999.000 -9999.000 -9999.000 -9999.000 -9999.000 -9999.000 -9999.000 -9999.000 -9999.000 -9999.000 0.2025723E-02 0.5986971E-02 0.1240079E-01 0.1918644E-01 0.2528720E-01 0.3016396E-01 0.3360070E-01 0.3551410E-01 0.3593846E-01 0.3495288E-01 0.3263406E-01 0.2905823E-01 0.2414277E-01 0.1719374E-01 0.8693371E-02 0.8693371E-02 -9999.000 -9999.000 -9999.000 -9999.000 -9999.000 -9999.000 -9999.000 -9999.000 -9999.000 -9999.000 -9999.000 -9999.000 -9999.000 -9999.000 -9999.000 -9999.000 -9999.000 -9999.000 -9999.000 -9999.000 -9999.000 -9999.000 -9999.000 -9999.000 -9999.000 -9999.000 -9999.000
-9999.000 -9999.000 -9999.000 -9999.000 -9999.000 -9999.000 -9999.000 -9999.000 -9999.000 -9999.000 -9999.000 -9999.000 -9999.000 -9999.000 -9999.000 0.2233728E-02 0.6444106E-02 0.1314857E-01 0.2020867E-01 0.2654549E-01 0.3161427E-01 0.3519962E-01 0.3721755E-01 0.3770570E-01 0.3674491E-01 0.3441095E-01 0.3077972E-01 0.2575214E-01 0.1856393E-01 0.9493314E-02 0.9493314E-02 -9999.000 -9999.000 -9999.000 -9999.000 -9999.000 -9999.000 -9999.000 -9999.000 -9999.000 -9999.000 -9999.000 -9999.000 -9999.000 -9999.000 -9999.000 -9999.000 -9999.000 -9999.000 -9999.000 -9999.000 -9999.000 -9999.000 -9999.000 -9999.000 -9999.000 -9999.000 -9999.000
-9999.000 -9999.000 -9999.000 -9999.000 -9999.000 -9999.000 -9999.000 -9999.000 -9999.000 -9999.000 -9999.000 -9999.000 -9999.000 -9999.000 -9999.000 0.2468085E-02 0.6952439E-02 0.1396595E-01 0.2131261E-01 0.2789370E-01 0.3316223E-01 0.3690493E-01 0.3903814E-01 0.3960510E-01 0.3868815E-01 0.3636111E-01 0.3269930E-01 0.2758404E-01 0.2016309E-01 0.1044174E-01 0.1044174E-01 -9999.000 -9999.000 -9999.000 -9999.000 -9999.000 -9999.000 -9999.000 -9999.000 -9999.000 -9999.000 -9999.000 -9999.000 -9999.000 -9999.000 -9999.000 -9999.000 -9999.000 -9999.000 -9999.000 -9999.000 -9999.000 -9999.000 -9999.000 -9999.000 -9999.000 -9999.000 -9999.000
-9999.000 -9999.000 -9999.000 -9999.000 -9999.000 -9999.000 -9999.000 -9999.000 -9999.000 -9999.000 -9999.000 -9999.000 -9999.000 -9999.000 -9999.000 0.2739477E-02 0.7532854E-02 0.1488491E-01 0.2254045E-01 0.2938306E-01 0.3486540E-01 0.3878025E-01 0.4104535E-01 0.4171004E-01 0.4085901E-01 0.3856435E-01 0.3489998E-01 0.2972236E-01 0.2207315E-01 0.1159167E-01 0.1159167E-01 -9999.000 -9999.000 -9999.000 -9999.000 -9999.000 -9999.000 -9999.000 -9999.000 -9999.000 -9999.000 -9999.000 -9999.000 -9999.000 -9999.000 -9999.000 -9999.000 -9999.000 -9999.000 -9999.000 -9999.000 -9999.000 -9999.000 -9999.000 -9999.000 -9999.000 -9999.000 -9999.000
-9999.000 -9999.000 -9999.000 -9999.000 -9999.000 -9999.000 -9999.000 -9999.000 -9999.000 -9999.000 -9999.000 -9999.000 -9999.000 -9999.000 -9999.000 0.3056649E-02 0.8203741E-02 0.1593357E-01 0.2392872E-01 0.3105669E-01 0.3677461E-01 0.4088299E-01 0.4330206E-01 0.4409008E-01 0.4333430E-01 0.4110426E-01 0.3747261E-01 0.3226571E-01 0.2439667E-01 0.1301036E-01 0.1301036E-01 -9999.000 -9999.000 -9999.000 -9999.000 -9999.000 -9999.000 -9999.000 -9999.000 -9999.000 -9999.000 -9999.000 -9999.000 -9999.000 -9999.000 -9999.000 -9999.000 -9999.000 -9999.000 -9999.000 -9999.000 -9999.000 -9999.000 -9999.000 -9999.000 -9999.000 -9999.000 -9999.000
-9999.000 -9999.000 -9999.000 -9999.000 -9999.000 -9999.000 -9999.000 -9999.000 -9999.000 -9999.000 -9999.000 -9999.000 -9999.000 -9999.000 -9999.000 0.3428811E-02 0.8984759E-02 0.1714231E-01 0.2551715E-01 0.3296347E-01 0.3894628E-01 0.4327754E-01 0.4588145E-01 0.4682757E-01 0.4620652E-01 0.4408503E-01 0.4053502E-01 0.3534584E-01 0.2727445E-01 0.1479259E-01 0.1479259E-01 -9999.000 -9999.000 -9999.000 -9999.000 -9999.000 -9999.000 -9999.000 -9999.000 -9999.000 -9999.000 -9999.000 -9999.000 -9999.000 -9999.000 -9999.000 -9999.000 -9999.000 -9999.000 -9999.000 -9999.000 -9999.000 -9999.000 -9999.000 -9999.000 -9999.000 -9999.000 -9999.000
-9999.000 -9999.000 -9999.000 -9999.000 -9999.000 -9999.000 -9999.000 -9999.000 -9999.000 -9999.000 -9999.000 -9999.000 -9999.000 -9999.000 -9999.000 0.3867881E-02 0.9900413E-02 0.1854950E-01 0.2735702E-01 0.3516592E-01 0.4145452E-01 0.4604940E-01 0.4888067E-01 0.5003329E-01 0.4960185E-01 0.4765068E-01 0.4425157E-01 0.3914938E-01 0.3091098E-01 0.1707671E-01 0.1707671E-01 -9999.000 -9999.000 -9999.000 -9999.000 -9999.000 -9999.000 -9999.000 -9999.000 -9999.000 -9999.000 -9999.000 -9999.000 -9999.000 -9999.000 -9999.000 -9999.000 -9999.000 -9999.000 -9999.000 -9999.000 -9999.000 -9999.000 -9999.000 -9999.000 -9999.000 -9999.000 -9999.000
-9999.000 -9999.000 -9999.000 -9999.000 -9999.000 -9999.000 -9999.000 -9999.000 -9999.000 -9999.000 -9999.000 -9999.000 -9999.000 -9999.000 -9999.000 0.4392657E-02 0.1099152E-01 0.2021855E-01 0.2953075E-01 0.3776322E-01 0.4441370E-01 0.4932862E-01 0.5244702E-01 0.5387327E-01 0.5370824E-01 0.5201487E-01 0.4886734E-01 0.4395663E-01 0.3561658E-01 0.2007372E-01 0.2007372E-01 -9999.000 -9999.000 -9999.000 -9999.000 -9999.000 -9999.000 -9999.000 -9999.000 -9999.000 -9999.000 -9999.000 -9999.000 -9999.000 -9999.000 -9999.000 -9999.000 -9999.000 -9999.000 -9999.000 -9999.000 -9999.000 -9999.000 -9999.000 -9999.000 -9999.000 -9999.000 -9999.000
-9999.000 -9999.000 -9999.000 -9999.000 -9999.000 -9999.000 -9999.000 -9999.000 -9999.000 -9999.000 -9999.000 -9999.000 -9999.000 -9999.000 -9999.000 0.5552146E-02 0.1340080E-01 0.2382061E-01 0.3362578E-01 0.4221227E-01 0.4913451E-01 0.5427391E-01 0.5759782E-01 0.5924542E-01 0.5932853E-01 0.5791116E-01 0.5507113E-01 0.5043051E-01 0.4203216E-01 0.2420849E-01 0.2420849E-01 -9999.000 -9999.000 -9999.000 -9999.000 -9999.000 -9999.000 -9999.000 -9999.000 -9999.000 -9999.000 -9999.000 -9999.000 -9999.000 -9999.000 -9999.000 -9999.000 -9999.000 -9999.000 -9999.000 -9999.000 -9999.000 -9999.000 -9999.000 -9999.000 -9999.000 -9999.000 -9999.000
-9999.000 -9999.000 -9999.000 -9999.000 -9999.000 -9999.000 -9999.000 -9999.000 -9999.000 -9999.000 -9999.000 -9999.000 -9999.000 -9999.000 -9999.000 0.7011382E-01 0.1061397 0.1217348 0.1142691 0.1051578 0.9767936E-01 0.9062345E-01 0.8399492E-01 0.7784765E-01 0.7198592E-01 0.6624686E-01 0.6043710E-01 0.5385258E-01 0.4409063E-01 0.2174852E-01 0.2174852E-01 -9999.000 -9999.000 -9999.000 -9999.000 -9999.000 -9999.000 -9999.000 -9999.000 -9999.000 -9999.000 -9999.000 -9999.000 -9999.000 -9999.000 -9999.000 -9999.000 -9999.000 -9999.000 -9999.000 -9999.000 -9999.000 -9999.000 -9999.000 -9999.000 -9999.000 -9999.000 -9999.000
2.800284 2.800284 2.781233 2.809199 2.827970 2.827970 2.830967 2.831198 2.831198 2.827756 2.827756 2.821928 2.818375 2.814485 2.810536 2.810536 2.932718 2.936265 2.937338 2.919288 2.878981 2.816962 2.732094 2.623419 2.494915 2.347371 2.184891 2.017108 1.869219 1.809408 1.809408 2.658256 2.833991 2.932821 2.956896 2.956896 2.987629 2.987629 2.965501 2.965501 2.918576 2.729745 2.729745 2.320762 2.320762 2.046384 2.046384 2.046384 2.037247 2.037247 2.071845 2.071845 2.120412 2.120412 2.170212 2.170212 2.214202 2.214202
2.823790 2.823790 2.810577 2.863124 2.888609 2.888609 2.903315 2.926056 2.926056 2.944723 2.944723 2.960786 2.968101 2.975030 2.981829 2.981829 3.073063 3.090137 3.105019 3.114838 3.118676 3.115344 3.102284 3.076383 3.035956 2.978542 2.903005 2.810662 2.708729 2.633930 2.633930 3.091994 3.252390 3.404604 3.445369 3.445369 3.490803 3.490803 3.489524 3.489524 3.466340 3.358871 3.358871 3.134145 3.134145 2.874450 2.874450 2.874450 2.863425 2.863425 2.900034 2.900034 2.951716 2.951716 3.004060 3.004060 3.051182 3.051182
2.830036 2.830036 2.811730 2.865610 2.888625 2.888625 2.903821 2.927351 2.927351 2.946649 2.946649 2.963402 2.971098 2.978431 2.985688 2.985688 3.067810 3.096380 3.122200 3.143918 3.160949 3.173038 3.179410 3.178724 3.169988 3.151471 3.121538 3.079694 3.029200 2.991559 2.991559 3.255065 3.411550 3.590674 3.642272 3.642272 3.694250 3.694250 3.682374 3.682374 3.651628 3.548503 3.548503 3.394629 3.394629 3.169341 3.169341 3.169341 3.142372 3.142372 3.167230 3.167230 3.210586 3.210586 3.256800 3.256800 3.299308 3.299308
2.834868 2.834868 2.812690 2.867062 2.888181 2.888181 2.903500 2.927344 2.927344 2.946690 2.946690 2.963440 2.971135 2.978471 2.985786 2.985786 3.062675 3.101039 3.137064 3.168671 3.194818 3.215164 3.229458 3.237319 3.238636 3.232973 3.219754 3.198843 3.172321 3.153977 3.153977 3.315380 3.454667 3.642361 3.699755 3.699755 3.748950 3.748950 3.715663 3.715663 3.675097 3.581357 3.581357 3.484105 3.484105 3.310378 3.310378 3.310378 3.269834 3.269834 3.281020 3.281020 3.316000 3.316000 3.357395 3.357395 3.396759 3.396759
2.836768 2.836768 2.815265 2.867985 2.887808 2.887808 2.903183 2.927312 2.927312 2.946697 2.946697 2.963432 2.971123 2.978457 2.985858 2.985858 3.061742 3.108624 3.153927 3.194589 3.229113 3.256880 3.277641 3.291256 3.297843 3.297531 3.290457 3.277067 3.259280 3.246693 3.246693 3.346353 3.461741 3.640247 3.694034 3.694034 3.720059 3.720059 3.658871 3.658871 3.617087 3.553432 3.553432 3.509650 3.509650 3.396024 3.396024 3.396024 3.349395 3.349395 3.345992 3.345992 3.370099 3.370099 3.404995 3.404995 3.440264 3.440264
2.836985 2.836985 2.817542 2.868671 2.887665 2.887665 2.903022 2.927312 2.927312 2.946707 2.946707 2.963430 2.971120 2.978459 2.985987 2.985987 3.066003 3.120713 3.174339 3.223060 3.265083 3.299609 3.326326 3.345122 3.356127 3.359589 3.355863 3.345617 3.330605 3.317735 3.317735 3.375683 3.463587 3.612698 3.648426 3.648426 3.627651 3.627651 3.552671 3.552671 3.525724 3.508282 3.508282 3.509897 3.509897 3.453799 3.453799 3.453799 3.410918 3.410918 3.395937 3.395937 3.407590 3.407590 3.433639 3.433639 3.462906 3.462906
2.837646 2.837646 2.817542 2.868886 2.887472 2.887472 2.902877 2.927316 2.927316 2.946718 2.946718 2.963435 2.971129 2.978474 2.986185 2.986185 3.076310 3.138716 3.199818 3.255492 3.303894 3.344198 3.376091 3.399486 3.414487 3.421324 3.420355 3.412205 3.398309 3.383511 3.383511 3.411982 3.470654 3.563494 3.561172 3.561172 3.485620 3.485620 3.433769 3.433769 3.433975 3.463370 3.463370 3.498673 3.498673 3.491252 3.491252 3.491252 3.460443 3.460443 3.439967 3.439967 3.439950 3.439950 3.455450 3.455450 3.476683 3.476683
2.837874 2.837874 2.817075 2.869036 2.887450 2.887450 2.902832 2.927315 2.927315 2.946728 2.946728 2.963445 2.971142 2.978491 2.986449 2.986449 3.093703 3.164077 3.231918 3.293368 3.346815 3.391610 3.427553 3.454634 3.472968 3.482753 3.484278 3.478032 3.465043 3.448339 3.448339 3.455144 3.482079 3.477570 3.419541 3.419541 3.321793 3.321793 3.328927 3.328927 3.356756 3.422107 3.422107 3.480614 3.480614 3.511880 3.511880 3.511880 3.497888 3.497888 3.478711 3.478711 3.470093 3.470093 3.474630 3.474630 3.486158 3.486158
2.837646 2.837646 2.817543 2.868886 2.887471 2.887471 2.902877 2.927316 2.927316 2.946718 2.946718 2.963435 2.971129 2.978475 2.986768 2.986768 3.119659 3.198472 3.272332 3.338238 3.395169 3.442870 3.481397 3.510900 3.531560 3.543573 3.547158 3.542644 3.530602 3.512048 3.512048 3.500257 3.486317 3.328963 3.224531 3.224531 3.174893 3.174893 3.250076 3.250076 3.296924 3.384914 3.384914 3.458904 3.458904 3.519587 3.519587 3.519587 3.523367 3.523367 3.510850 3.510850 3.497988 3.497988 3.492576 3.492576 3.493431 3.493431
2.836983 2.836983 2.817544 2.868672 2.887664 2.887664 2.903021 2.927311 2.927311 2.946707 2.946707 2.963430 2.971120 2.978459 2.987216 2.987216 3.156401 3.244040 3.322960 3.391703 3.450229 3.498922 3.538229 3.568554 3.590203 3.603404 3.608334 3.605158 3.593816 3.571960 3.571960 3.535730 3.453411 3.110045 3.015149 3.015149 3.068141 3.068141 3.189054 3.189054 3.246294 3.347809 3.347809 3.432680 3.432680 3.515498 3.515498 3.515498 3.535562 3.535562 3.532699 3.532699 3.519778 3.519778 3.506655 3.506655 3.496903 3.496903
2.836766 2.836766 2.815268 2.867984 2.887807 2.887807 2.903181 2.927311 2.927311 2.946697 2.946697 2.963433 2.971122 2.978458 2.987863 2.987863 3.207266 3.303578 3.385969 3.455345 3.513082 3.560425 3.598357 3.627589 3.648601 3.661677 3.666970 3.664451 3.652705 3.620712 3.620712 3.531635 3.326345 2.867830 2.851139 2.851139 2.993582 2.993582 3.135614 3.135614 3.198103 3.308091 3.308091 3.400924 3.400924 3.500029 3.500029 3.500029 3.533576 3.533576 3.540978 3.540978 3.530846 3.530846 3.512696 3.512696 3.493338 3.493338
