cruce_test.gid/Rasters/Hydraulic/Velocity__x_260.0.asc
NCOLS        79
NROWS        79
XLLCENTER         -1.500000
YLLCENTER         -4.800000
CELLSIZE           0.100
NODATA_VALUE     -9999.0
[rows 0 to 25 of 79, columns 0 to 57 of 79]
-9999.000 -9999.000 -9999.000 -9999.000 -9999.000 -9999.000 -9999.000 -9999.000 -9999.000 -9999.000 -9999.000 -9999.000 -9999.000 -9999.000 -9999.000 -0.9205055E-03 -0.1416820E-04 0.3501419E-02 0.7946102E-02 0.1220681E-01 0.1561780E-01 0.1799457E-01 0.1932325E-01 0.1969664E-01 0.1924572E-01 0.1806418E-01 0.1621704E-01 0.1361470E-01 0.9606089E-02 0.4713177E-02 0.4713177E-02 -9999.000 -9999.000 -9999.000 -9999.000 -9999.000 -9999.000 -9999.000 -9999.000 -9999.000 -9999.000 -9999.000 -9999.000 -9999.000 -9999.000 -9999.000 -9999.000 -9999.000 -9999.000 -9999.000 -9999.000 -9999.000 -9999.000 -9999.000 -9999.000 -9999.000 -9999.000 -9999.000
-9999.000 -9999.000 -9999.000 -9999.000 -9999.000 -9999.000 -9999.000 -9999.000 -9999.000 -9999.000 -9999.000 -9999.000 -9999.000 -9999.000 -9999.000 0.3219009E-03 0.2444817E-02 0.7039329E-02 0.1243811E-01 0.1756003E-01 0.2171456E-01 0.2465231E-01 0.2629887E-01 0.2669926E-01 0.2595280E-01 0.2414268E-01 0.2134147E-01 0.1749962E-01 0.1209623E-01 0.5915575E-02 0.5915575E-02 -9999.000 -9999.000 -9999.000 -9999.000 -9999.000 -9999.000 -9999.000 -9999.000 -9999.000 -9999.000 -9999.000 -9999.000 -9999.000 -9999.000 -9999.000 -9999.000 -9999.000 -9999.000 -9999.000 -9999.000 -9999.000 -9999.000 -9999.000 -9999.000 -9999.000 -9999.000 -9999.000
-9999.000 -9999.000 -9999.000 -9999.000 -9999.000 -9999.000 -9999.000 -9999.000 -9999.000 -9999.000 -9999.000 -9999.000 -9999.000 -9999.000 -9999.000 0.8143533E-03 0.3508471E-02 0.8756512E-02 0.1476778E-01 0.2042067E-01 0.2499470E-01 0.2822297E-01 0.3001855E-01 0.3041947E-01 0.2952408E-01 0.2741877E-01 0.2418729E-01 0.1979229E-01 0.1370917E-01 0.6742413E-02 0.6742413E-02 -9999.000 -9999.000 -9999.000 -9999.000 -9999.000 -9999.000 -9999.000 -9999.000 -9999.000 -9999.000 -9999.000 -9999.000 -9999.000 -9999.000 -9999.000 -9999.000 -9999.000 -9999.000 -9999.000 -9999.000 -9999.000 -9999.000 -9999.000 -9999.000 -9999.000 -9999.000 -9999.000
-9999.000 -9999.000 -9999.000 -9999.000 -9999.000 -9999.000 -9999.000 -9999.000 -9999.000 -9999.000 -9999.000 -9999.000 -9999.000 -9999.000 -9999.000 0.1079011E-02 0.4104282E-02 0.9758662E-02 0.1616596E-01 0.2216759E-01 0.2701881E-01 0.3044438E-01 0.3235088E-01 0.3277578E-01 0.3181908E-01 0.2956935E-01 0.2611475E-01 0.2141810E-01 0.1492754E-01 0.7396851E-02 0.7396851E-02 -9999.000 -9999.000 -9999.000 -9999.000 -9999.000 -9999.000 -9999.000 -9999.000 -9999.000 -9999.000 -9999.000 -9999.000 -9999.000 -9999.000 -9999.000 -9999.000 -9999.000 -9999.000 -9999.000 -9999.000 -9999.000 -9999.000 -9999.000 -9999.000 -9999.000 -9999.000 -9999.000
-9999.000 -9999.000 -9999.000 -9999.000 -9999.000 -9999.000 -9999.000 -9999.000 -9999.000 -9999.000 -9999.000 -9999.000 -9999.000 -9999.000 -9999.000 0.1264079E-02 0.4531501E-02 0.1049446E-01 0.1720751E-01 0.2347977E-01 0.2854847E-01 0.3213344E-01 0.3413881E-01 0.3460310E-01 0.3362913E-01 0.3130455E-01 0.2772003E-01 0.2283248E-01 0.1604873E-01 0.8022298E-02 0.8022298E-02 -9999.000 -9999.000 -9999.000 -9999.000 -9999.000 -9999.000 -9999.000 -9999.000 -9999.000 -9999.000 -9999.000 -9999.000 -9999.000 -9999.000 -9999.000 -9999.000 -9999.000 -9999.000 -9999.000 -9999.000 -9999.000 -9999.000 -9999.000 -9999.000 -9999.000 -9999.000 -9999.000
-9999.000 -9999.000 -9999.000 -9999.000 -9999.000 -9999.000 -9999.000 -9999.000 -9999.000 -9999.000 -9999.000 -9999.000 -9999.000 -9999.000 -9999.000 0.1432571E-02 0.4920871E-02 0.1116347E-01 0.1815336E-01 0.2466940E-01 0.2993356E-01 0.3366535E-01 0.3576730E-01 0.3628204E-01 0.3531428E-01 0.3295076E-01 0.2928243E-01 0.2425645E-01 0.1722524E-01 0.8696687E-02 0.8696687E-02 -9999.000 -9999.000 -9999.000 -9999.000 -9999.000 -9999.000 -9999.000 -9999.000 -9999.000 -9999.000 -9999.000 -9999.000 -9999.000 -9999.000 -9999.000 -9999.000 -9999.000 -9999.000 -9999.000 -9999.000 -9999.000 -9999.000 -9999.000 -9999.000 -9999.000 -9999.000 -9999.000
-9999.000 -9999.000 -9999.000 -9999.000 -9999.000 -9999.000 -9999.000 -9999.000 -9999.000 -9999.000 -9999.000 -9999.000 -9999.000 -9999.000 -9999.000 0.1614121E-02 0.5333383E-02 0.1185986E-01 0.1912581E-01 0.2588200E-01 0.3133787E-01 0.3521609E-01 0.3741911E-01 0.3799451E-01 0.3705030E-01 0.3467052E-01 0.3094655E-01 0.2581107E-01 0.1854976E-01 0.9470724E-02 0.9470724E-02 -9999.000 -9999.000 -9999.000 -9999.000 -9999.000 -9999.000 -9999.000 -9999.000 -9999.000 -9999.000 -9999.000 -9999.000 -9999.000 -9999.000 -9999.000 -9999.000 -9999.000 -9999.000 -9999.000 -9999.000 -9999.000 -9999.000 -9999.000 -9999.000 -9999.000 -9999.000 -9999.000
-9999.000 -9999.000 -9999.000 -9999.000 -9999.000 -9999.000 -9999.000 -9999.000 -9999.000 -9999.000 -9999.000 -9999.000 -9999.000 -9999.000 -9999.000 0.1824462E-02 0.5801549E-02 0.1263243E-01 0.2018868E-01 0.2719378E-01 0.3284784E-01 0.3687925E-01 0.3919219E-01 0.3984087E-01 0.3893674E-01 0.3656088E-01 0.3280394E-01 0.2758120E-01 0.2009537E-01 0.1038846E-01 0.1038846E-01 -9999.000 -9999.000 -9999.000 -9999.000 -9999.000 -9999.000 -9999.000 -9999.000 -9999.000 -9999.000 -9999.000 -9999.000 -9999.000 -9999.000 -9999.000 -9999.000 -9999.000 -9999.000 -9999.000 -9999.000 -9999.000 -9999.000 -9999.000 -9999.000 -9999.000 -9999.000 -9999.000
-9999.000 -9999.000 -9999.000 -9999.000 -9999.000 -9999.000 -9999.000 -9999.000 -9999.000 -9999.000 -9999.000 -9999.000 -9999.000 -9999.000 -9999.000 0.2073985E-02 0.6346401E-02 0.1351340E-01 0.2138326E-01 0.2865388E-01 0.3451860E-01 0.3871575E-01 0.4115215E-01 0.4189058E-01 0.4104682E-01 0.3869734E-01 0.3493267E-01 0.2964575E-01 0.2193958E-01 0.1149965E-01 0.1149965E-01 -9999.000 -9999.000 -9999.000 -9999.000 -9999.000 -9999.000 -9999.000 -9999.000 -9999.000 -9999.000 -9999.000 -9999.000 -9999.000 -9999.000 -9999.000 -9999.000 -9999.000 -9999.000 -9999.000 -9999.000 -9999.000 -9999.000 -9999.000 -9999.000 -9999.000 -9999.000 -9999.000
-9999.000 -9999.000 -9999.000 -9999.000 -9999.000 -9999.000 -9999.000 -9999.000 -9999.000 -9999.000 -9999.000 -9999.000 -9999.000 -9999.000 -9999.000 0.2371879E-02 0.6986782E-02 0.1453093E-01 0.2274612E-01 0.3030581E-01 0.3639969E-01 0.4078076E-01 0.4335950E-01 0.4420992E-01 0.4345278E-01 0.4115902E-01 0.3741867E-01 0.3209837E-01 0.2417921E-01 0.1286776E-01 0.1286776E-01 -9999.000 -9999.000 -9999.000 -9999.000 -9999.000 -9999.000 -9999.000 -9999.000 -9999.000 -9999.000 -9999.000 -9999.000 -9999.000 -9999.000 -9999.000 -9999.000 -9999.000 -9999.000 -9999.000 -9999.000 -9999.000 -9999.000 -9999.000 -9999.000 -9999.000 -9999.000 -9999.000
-9999.000 -9999.000 -9999.000 -9999.000 -9999.000 -9999.000 -9999.000 -9999.000 -9999.000 -9999.000 -9999.000 -9999.000 -9999.000 -9999.000 -9999.000 0.2727875E-02 0.7743037E-02 0.1571570E-01 0.2431737E-01 0.3219769E-01 0.3854686E-01 0.4313686E-01 0.4588448E-01 0.4687761E-01 0.4624271E-01 0.4404448E-01 0.4037303E-01 0.3506236E-01 0.2694639E-01 0.1458242E-01 0.1458242E-01 -9999.000 -9999.000 -9999.000 -9999.000 -9999.000 -9999.000 -9999.000 -9999.000 -9999.000 -9999.000 -9999.000 -9999.000 -9999.000 -9999.000 -9999.000 -9999.000 -9999.000 -9999.000 -9999.000 -9999.000 -9999.000 -9999.000 -9999.000 -9999.000 -9999.000 -9999.000 -9999.000
-9999.000 -9999.000 -9999.000 -9999.000 -9999.000 -9999.000 -9999.000 -9999.000 -9999.000 -9999.000 -9999.000 -9999.000 -9999.000 -9999.000 -9999.000 0.3154833E-02 0.8641712E-02 0.1710844E-01 0.2614996E-01 0.3439337E-01 0.4103355E-01 0.4586794E-01 0.4882109E-01 0.4999967E-01 0.4953668E-01 0.4748970E-01 0.4395028E-01 0.3871296E-01 0.3043293E-01 0.1677243E-01 0.1677243E-01 -9999.000 -9999.000 -9999.000 -9999.000 -9999.000 -9999.000 -9999.000 -9999.000 -9999.000 -9999.000 -9999.000 -9999.000 -9999.000 -9999.000 -9999.000 -9999.000 -9999.000 -9999.000 -9999.000 -9999.000 -9999.000 -9999.000 -9999.000 -9999.000 -9999.000 -9999.000 -9999.000
-9999.000 -9999.000 -9999.000 -9999.000 -9999.000 -9999.000 -9999.000 -9999.000 -9999.000 -9999.000 -9999.000 -9999.000 -9999.000 -9999.000 -9999.000 0.3682085E-02 0.9744775E-02 0.1880684E-01 0.2836654E-01 0.3702545E-01 0.4400178E-01 0.4912483E-01 0.5233067E-01 0.5374992E-01 0.5352491E-01 0.5170526E-01 0.4838664E-01 0.4331567E-01 0.3492913E-01 0.1963513E-01 0.1963513E-01 -9999.000 -9999.000 -9999.000 -9999.000 -9999.000 -9999.000 -9999.000 -9999.000 -9999.000 -9999.000 -9999.000 -9999.000 -9999.000 -9999.000 -9999.000 -9999.000 -9999.000 -9999.000 -9999.000 -9999.000 -9999.000 -9999.000 -9999.000 -9999.000 -9999.000 -9999.000 -9999.000
-9999.000 -9999.000 -9999.000 -9999.000 -9999.000 -9999.000 -9999.000 -9999.000 -9999.000 -9999.000 -9999.000 -9999.000 -9999.000 -9999.000 -9999.000 0.5228986E-02 0.1299397E-01 0.2376996E-01 0.3400545E-01 0.4277251E-01 0.4981246E-01 0.5494801E-01 0.5815338E-01 0.5960520E-01 0.5946182E-01 0.5776384E-01 0.5461134E-01 0.4968716E-01 0.4115165E-01 0.2361926E-01 0.2361926E-01 -9999.000 -9999.000 -9999.000 -9999.000 -9999.000 -9999.000 -9999.000 -9999.000 -9999.000 -9999.000 -9999.000 -9999.000 -9999.000 -9999.000 -9999.000 -9999.000 -9999.000 -9999.000 -9999.000 -9999.000 -9999.000 -9999.000 -9999.000 -9999.000 -9999.000 -9999.000 -9999.000
-9999.000 -9999.000 -9999.000 -9999.000 -9999.000 -9999.000 -9999.000 -9999.000 -9999.000 -9999.000 -9999.000 -9999.000 -9999.000 -9999.000 -9999.000 0.8486699E-01 0.1293592 0.1500931 0.1423842 0.1254881 0.1129144 0.1017009 0.9172640E-01 0.8300161E-01 0.7516520E-01 0.6788968E-01 0.6089106E-01 0.5343579E-01 0.4317342E-01 0.2110290E-01 0.2110290E-01 -9999.000 -9999.000 -9999.000 -9999.000 -9999.000 -9999.000 -9999.000 -9999.000 -9999.000 -9999.000 -9999.000 -9999.000 -9999.000 -9999.000 -9999.000 -9999.000 -9999.000 -9999.000 -9999.000 -9999.000 -9999.000 -9999.000 -9999.000 -9999.000 -9999.000 -9999.000 -9999.000
2.826459 2.826459 2.837094 2.847050 2.866379 2.866379 2.869201 2.869161 2.869161 2.865522 2.865522 2.859393 2.855644 2.851542 2.847434 2.847434 2.986159 2.990221 2.991421 2.979460 2.942198 2.882462 2.799989 2.691978 2.563906 2.416095 2.252390 2.081968 1.929429 1.863748 1.863748 2.710790 2.888671 2.991437 3.017026 3.017026 3.051241 3.051241 3.035148 3.035148 2.991651 2.811488 2.811488 2.444565 2.444565 2.108926 2.108926 2.108926 2.091052 2.091052 2.122167 2.122167 2.170062 2.170062 2.220201 2.220201 2.265108 2.265108
2.849616 2.849616 2.867960 2.901183 2.927657 2.927657 2.942436 2.965185 2.965185 2.983868 2.983868 2.999863 3.007107 3.013952 3.020723 3.020723 3.123909 3.142347 3.157784 3.169250 3.174064 3.171734 3.160131 3.135607 3.096801 3.041061 2.967017 2.875695 2.773973 2.694077 2.694077 3.150017 3.310660 3.464872 3.506689 3.506689 3.554600 3.554600 3.556899 3.556899 3.536074 3.433968 3.433968 3.227688 3.227688 2.942613 2.942613 2.942613 2.922021 2.922021 2.955228 2.955228 3.006120 3.006120 3.058776 3.058776 3.106723 3.106723
2.854997 2.854997 2.868807 2.902910 2.927274 2.927274 2.942789 2.966446 2.966446 2.985754 2.985754 3.002445 3.010082 3.017348 3.024596 3.024596 3.116921 3.147557 3.174489 3.197482 3.215363 3.228080 3.235196 3.235224 3.227371 3.209931 3.181192 3.140480 3.090772 3.051265 3.051265 3.310584 3.467462 3.648599 3.701395 3.701395 3.756332 3.756332 3.747906 3.747906 3.718931 3.617795 3.617795 3.471326 3.471326 3.235754 3.235754 3.235754 3.199615 3.199615 3.220395 3.220395 3.262682 3.262682 3.309196 3.309196 3.352577 3.352577
2.859000 2.859000 2.867699 2.903215 2.926224 2.926224 2.942249 2.966426 2.966426 2.985772 2.985772 3.002452 3.010092 3.017363 3.024687 3.024687 3.110333 3.151167 3.188757 3.221766 3.248996 3.270153 3.285178 3.293652 3.295565 3.290553 3.278043 3.257836 3.231831 3.212365 3.212365 3.370261 3.509295 3.698848 3.757713 3.757713 3.810715 3.810715 3.780655 3.780655 3.740655 3.645590 3.645590 3.550693 3.550693 3.375307 3.375307 3.375307 3.327456 3.327456 3.333971 3.333971 3.367242 3.367242 3.408610 3.408610 3.448727 3.448727
2.861805 2.861805 2.865640 2.903522 2.925564 2.925564 2.941870 2.966425 2.966425 2.985790 2.985790 3.002442 3.010076 3.017344 3.024771 3.024771 3.108232 3.157766 3.204932 3.247163 3.282986 3.311803 3.333467 3.347831 3.355065 3.355346 3.348822 3.335912 3.318417 3.304983 3.304983 3.401655 3.516161 3.696344 3.752059 3.752059 3.782642 3.782642 3.722958 3.722958 3.679819 3.612592 3.612592 3.569411 3.569411 3.458937 3.458937 3.458937 3.407867 3.407867 3.399903 3.399903 3.421607 3.421607 3.455956 3.455956 3.491707 3.491707
2.863563 2.863563 2.866211 2.903534 2.925020 2.925020 2.941550 2.966427 2.966427 2.985800 2.985800 3.002414 3.010035 3.017292 3.024861 3.024861 3.111567 3.168963 3.224627 3.275064 3.318558 3.354339 3.382142 3.401871 3.413677 3.417834 3.414709 3.404945 3.390201 3.376747 3.376747 3.432216 3.518826 3.669831 3.708189 3.708189 3.691320 3.691320 3.613493 3.613493 3.583786 3.562765 3.562765 3.565018 3.565018 3.514156 3.514156 3.514156 3.469731 3.469731 3.451115 3.451115 3.459992 3.459992 3.484930 3.484930 3.514291 3.514291
2.864445 2.864445 2.866874 2.903468 2.924606 2.924606 2.941238 2.966302 2.966302 2.985715 2.985715 3.002369 3.010020 3.017307 3.025120 3.025120 3.121389 3.186449 3.249678 3.307171 3.357163 3.398860 3.431983 3.456457 3.472399 3.480054 3.479788 3.472210 3.458672 3.443584 3.443584 3.470180 3.527572 3.623636 3.624484 3.624484 3.548655 3.548655 3.489763 3.489763 3.487270 3.514660 3.514660 3.551082 3.551082 3.549224 3.549224 3.549224 3.519067 3.519067 3.496397 3.496397 3.493746 3.493746 3.507709 3.507709 3.528609 3.528609
2.864633 2.864633 2.867112 2.903373 2.924433 2.924433 2.941143 2.966356 2.966356 2.985819 2.985819 3.002466 3.010103 3.017375 3.025474 3.025474 3.138542 3.211473 3.281460 3.344777 3.399888 3.446173 3.483454 3.511735 3.531134 3.541860 3.544208 3.538656 3.526172 3.509494 3.509494 3.515153 3.541534 3.543161 3.486806 3.486806 3.380731 3.380731 3.380081 3.380081 3.406422 3.471506 3.471506 3.531449 3.531449 3.567779 3.567779 3.567779 3.555749 3.555749 3.535909 3.535909 3.525306 3.525306 3.528178 3.528178 3.539005 3.539005
2.864420 2.864420 2.866916 2.903461 2.924599 2.924599 2.941234 2.966299 2.966299 2.985717 2.985717 3.002373 3.010025 3.017312 3.025839 3.025839 3.164521 3.245792 3.321770 3.389554 3.448174 3.497409 3.537328 3.568099 3.589910 3.602958 3.607471 3.603766 3.592382 3.574170 3.574170 3.562199 3.549719 3.401173 3.292368 3.292368 3.227267 3.227267 3.297486 3.297486 3.344148 3.433034 3.433034 3.508607 3.508607 3.573709 3.573709 3.573709 3.580055 3.580055 3.568162 3.568162 3.554381 3.554381 3.547523 3.547523 3.547448 3.547448
2.863521 2.863521 2.866283 2.903529 2.925017 2.925017 2.941549 2.966425 2.966425 2.985797 2.985797 3.002409 3.010031 3.017287 3.026360 3.026360 3.201515 3.291502 3.372473 3.443054 3.503250 3.553468 3.594183 3.625804 3.648651 3.662951 3.668888 3.666624 3.656088 3.634929 3.634929 3.600155 3.523645 3.185116 3.076830 3.076830 3.115062 3.115062 3.234873 3.234873 3.292593 3.395444 3.395444 3.481876 3.481876 3.568494 3.568494 3.568494 3.591268 3.591268 3.589923 3.589923 3.576986 3.576986 3.562962 3.562962 3.552255 3.552255
2.861752 2.861752 2.865709 2.903508 2.925556 2.925556 2.941867 2.966424 2.966424 2.985790 2.985790 3.002442 3.010076 3.017345 3.027218 3.027218 3.253070 3.351628 3.435973 3.507099 3.566423 3.615223 3.654509 3.685004 3.707196 3.721380 3.727708 3.726155 3.715365 3.684593 3.684593 3.600524 3.407469 2.936335 2.902856 2.902856 3.038274 3.038274 3.181061 3.181061 3.244200 3.355590 3.355590 3.449915 3.449915 3.552320 3.552320 3.552320 3.588487 3.588487 3.597938 3.597938 3.588674 3.588674 3.570323 3.570323 3.550174 3.550174
