cruce_test.gid/Rasters/Hydraulic/Velocity____186.0.asc
NCOLS        79
NROWS        79
XLLCENTER         -1.500000
YLLCENTER         -4.800000
CELLSIZE           0.100
NODATA_VALUE     -9999.0
[rows 0 to 26 of 79, columns 0 to 59 of 79]
-9999.000 -9999.000 -9999.000 -9999.000 -9999.000 -9999.000 -9999.000 -9999.000 -9999.000 -9999.000 -9999.000 -9999.000 -9999.000 -9999.000 -9999.000 0.9370250E-01 0.9081882E-01 0.8958842E-01 0.8928485E-01 0.9012547E-01 0.9135749E-01 0.9256247E-01 0.9359688E-01 0.9437677E-01 0.9486102E-01 0.9514281E-01 0.9528887E-01 0.9547795E-01 0.9626749E-01 0.9719118E-01 0.9719118E-01 -9999.000 -9999.000 -9999.000 -9999.000 -9999.000 -9999.000 -9999.000 -9999.000 -9999.000 -9999.000 -9999.000 -9999.000 -9999.000 -9999.000 -9999.000 -9999.000 -9999.000 -9999.000 -9999.000 -9999.000 -9999.000 -9999.000 -9999.000 -9999.000 -9999.000 -9999.000 -9999.000 -9999.000 -9999.000
-9999.000 -9999.000 -9999.000 -9999.000 -9999.000 -9999.000 -9999.000 -9999.000 -9999.000 -9999.000 -9999.000 -9999.000 -9999.000 -9999.000 -9999.000 0.9386156E-01 0.8781809E-01 0.8530647E-01 0.8473241E-01 0.8647083E-01 0.8898710E-01 0.9147393E-01 0.9366944E-01 0.9540667E-01 0.9658070E-01 0.9736290E-01 0.9788135E-01 0.9851943E-01 0.1004955 0.1030356 0.1030356 -9999.000 -9999.000 -9999.000 -9999.000 -9999.000 -9999.000 -9999.000 -9999.000 -9999.000 -9999.000 -9999.000 -9999.000 -9999.000 -9999.000 -9999.000 -9999.000 -9999.000 -9999.000 -9999.000 -9999.000 -9999.000 -9999.000 -9999.000 -9999.000 -9999.000 -9999.000 -9999.000 -9999.000 -9999.000
-9999.000 -9999.000 -9999.000 -9999.000 -9999.000 -9999.000 -9999.000 -9999.000 -9999.000 -9999.000 -9999.000 -9999.000 -9999.000 -9999.000 -9999.000 0.9297567E-01 0.8347698E-01 0.7944285E-01 0.7850929E-01 0.8124672E-01 0.8522698E-01 0.8921713E-01 0.9284568E-01 0.9586754E-01 0.9810589E-01 0.9980834E-01 0.1011455 0.1026939 0.1063751 0.1113265 0.1113265 -9999.000 -9999.000 -9999.000 -9999.000 -9999.000 -9999.000 -9999.000 -9999.000 -9999.000 -9999.000 -9999.000 -9999.000 -9999.000 -9999.000 -9999.000 -9999.000 -9999.000 -9999.000 -9999.000 -9999.000 -9999.000 -9999.000 -9999.000 -9999.000 -9999.000 -9999.000 -9999.000 -9999.000 -9999.000
-9999.000 -9999.000 -9999.000 -9999.000 -9999.000 -9999.000 -9999.000 -9999.000 -9999.000 -9999.000 -9999.000 -9999.000 -9999.000 -9999.000 -9999.000 0.9159794E-01 0.7864313E-01 0.7306498E-01 0.7178085E-01 0.7555141E-01 0.8102293E-01 0.8654817E-01 0.9166718E-01 0.9606612E-01 0.9949316E-01 0.1022680 0.1045888 0.1072149 0.1127888 0.1206640 0.1206640 -9999.000 -9999.000 -9999.000 -9999.000 -9999.000 -9999.000 -9999.000 -9999.000 -9999.000 -9999.000 -9999.000 -9999.000 -9999.000 -9999.000 -9999.000 -9999.000 -9999.000 -9999.000 -9999.000 -9999.000 -9999.000 -9999.000 -9999.000 -9999.000 -9999.000 -9999.000 -9999.000 -9999.000 -9999.000
-9999.000 -9999.000 -9999.000 -9999.000 -9999.000 -9999.000 -9999.000 -9999.000 -9999.000 -9999.000 -9999.000 -9999.000 -9999.000 -9999.000 -9999.000 0.8995678E-01 0.7349836E-01 0.6635521E-01 0.6474700E-01 0.6960092E-01 0.7659160E-01 0.8367142E-01 0.9031422E-01 0.9614456E-01 0.1008299 0.1047642 0.1081623 0.1119674 0.1195785 0.1308965 0.1308965 -9999.000 -9999.000 -9999.000 -9999.000 -9999.000 -9999.000 -9999.000 -9999.000 -9999.000 -9999.000 -9999.000 -9999.000 -9999.000 -9999.000 -9999.000 -9999.000 -9999.000 -9999.000 -9999.000 -9999.000 -9999.000 -9999.000 -9999.000 -9999.000 -9999.000 -9999.000 -9999.000 -9999.000 -9999.000
-9999.000 -9999.000 -9999.000 -9999.000 -9999.000 -9999.000 -9999.000 -9999.000 -9999.000 -9999.000 -9999.000 -9999.000 -9999.000 -9999.000 -9999.000 0.8813462E-01 0.6811513E-01 0.5940013E-01 0.5752761E-01 0.6353483E-01 0.7206841E-01 0.8071017E-01 0.8889300E-01 0.9618671E-01 0.1021709 0.1073186 0.1118525 0.1169072 0.1266849 0.1420278 0.1420278 -9999.000 -9999.000 -9999.000 -9999.000 -9999.000 -9999.000 -9999.000 -9999.000 -9999.000 -9999.000 -9999.000 -9999.000 -9999.000 -9999.000 -9999.000 -9999.000 -9999.000 -9999.000 -9999.000 -9999.000 -9999.000 -9999.000 -9999.000 -9999.000 -9999.000 -9999.000 -9999.000 -9999.000 -9999.000
-9999.000 -9999.000 -9999.000 -9999.000 -9999.000 -9999.000 -9999.000 -9999.000 -9999.000 -9999.000 -9999.000 -9999.000 -9999.000 -9999.000 -9999.000 0.8614739E-01 0.6251303E-01 0.5224332E-01 0.5021763E-01 0.5746264E-01 0.6754731E-01 0.7773997E-01 0.8746414E-01 0.9623918E-01 0.1035463 0.1099445 0.1156559 0.1220159 0.1340924 0.1541504 0.1541504 -9999.000 -9999.000 -9999.000 -9999.000 -9999.000 -9999.000 -9999.000 -9999.000 -9999.000 -9999.000 -9999.000 -9999.000 -9999.000 -9999.000 -9999.000 -9999.000 -9999.000 -9999.000 -9999.000 -9999.000 -9999.000 -9999.000 -9999.000 -9999.000 -9999.000 -9999.000 -9999.000 -9999.000 -9999.000
-9999.000 -9999.000 -9999.000 -9999.000 -9999.000 -9999.000 -9999.000 -9999.000 -9999.000 -9999.000 -9999.000 -9999.000 -9999.000 -9999.000 -9999.000 0.8397903E-01 0.5668759E-01 0.4491879E-01 0.4293738E-01 0.5150650E-01 0.6311247E-01 0.7481711E-01 0.8606745E-01 0.9633038E-01 0.1049731 0.1126497 0.1195707 0.1272867 0.1418055 0.1674203 0.1674203 -9999.000 -9999.000 -9999.000 -9999.000 -9999.000 -9999.000 -9999.000 -9999.000 -9999.000 -9999.000 -9999.000 -9999.000 -9999.000 -9999.000 -9999.000 -9999.000 -9999.000 -9999.000 -9999.000 -9999.000 -9999.000 -9999.000 -9999.000 -9999.000 -9999.000 -9999.000 -9999.000 -9999.000 -9999.000
-9999.000 -9999.000 -9999.000 -9999.000 -9999.000 -9999.000 -9999.000 -9999.000 -9999.000 -9999.000 -9999.000 -9999.000 -9999.000 -9999.000 -9999.000 0.8159482E-01 0.5062283E-01 0.3748097E-01 0.3590061E-01 0.4584064E-01 0.5886137E-01 0.7199647E-01 0.8473587E-01 0.9648176E-01 0.1064633 0.1154398 0.1235963 0.1327168 0.1498381 0.1820555 0.1820555 -9999.000 -9999.000 -9999.000 -9999.000 -9999.000 -9999.000 -9999.000 -9999.000 -9999.000 -9999.000 -9999.000 -9999.000 -9999.000 -9999.000 -9999.000 -9999.000 -9999.000 -9999.000 -9999.000 -9999.000 -9999.000 -9999.000 -9999.000 -9999.000 -9999.000 -9999.000 -9999.000 -9999.000 -9999.000
-9999.000 -9999.000 -9999.000 -9999.000 -9999.000 -9999.000 -9999.000 -9999.000 -9999.000 -9999.000 -9999.000 -9999.000 -9999.000 -9999.000 -9999.000 0.7894652E-01 0.4429724E-01 0.3005568E-01 0.2954317E-01 0.4074063E-01 0.5492327E-01 0.6934219E-01 0.8350536E-01 0.9671500E-01 0.1080283 0.1183202 0.1277329 0.1383056 0.1582104 0.1983465 0.1983465 -9999.000 -9999.000 -9999.000 -9999.000 -9999.000 -9999.000 -9999.000 -9999.000 -9999.000 -9999.000 -9999.000 -9999.000 -9999.000 -9999.000 -9999.000 -9999.000 -9999.000 -9999.000 -9999.000 -9999.000 -9999.000 -9999.000 -9999.000 -9999.000 -9999.000 -9999.000 -9999.000 -9999.000 -9999.000
-9999.000 -9999.000 -9999.000 -9999.000 -9999.000 -9999.000 -9999.000 -9999.000 -9999.000 -9999.000 -9999.000 -9999.000 -9999.000 -9999.000 -9999.000 0.7597262E-01 0.3769020E-01 0.2298124E-01 0.2476356E-01 0.3664099E-01 0.5147756E-01 0.6693847E-01 0.8242164E-01 0.9705811E-01 0.1096838 0.1212997 0.1319826 0.1440540 0.1669465 0.2166811 0.2166811 -9999.000 -9999.000 -9999.000 -9999.000 -9999.000 -9999.000 -9999.000 -9999.000 -9999.000 -9999.000 -9999.000 -9999.000 -9999.000 -9999.000 -9999.000 -9999.000 -9999.000 -9999.000 -9999.000 -9999.000 -9999.000 -9999.000 -9999.000 -9999.000 -9999.000 -9999.000 -9999.000 -9999.000 -9999.000
-9999.000 -9999.000 -9999.000 -9999.000 -9999.000 -9999.000 -9999.000 -9999.000 -9999.000 -9999.000 -9999.000 -9999.000 -9999.000 -9999.000 -9999.000 0.7259634E-01 0.3079546E-01 0.1724908E-01 0.2306262E-01 0.3416694E-01 0.4877392E-01 0.6490370E-01 0.8155062E-01 0.9755294E-01 0.1114545 0.1243936 0.1363512 0.1499644 0.1760742 0.2375845 0.2375845 -9999.000 -9999.000 -9999.000 -9999.000 -9999.000 -9999.000 -9999.000 -9999.000 -9999.000 -9999.000 -9999.000 -9999.000 -9999.000 -9999.000 -9999.000 -9999.000 -9999.000 -9999.000 -9999.000 -9999.000 -9999.000 -9999.000 -9999.000 -9999.000 -9999.000 -9999.000 -9999.000 -9999.000 -9999.000
-9999.000 -9999.000 -9999.000 -9999.000 -9999.000 -9999.000 -9999.000 -9999.000 -9999.000 -9999.000 -9999.000 -9999.000 -9999.000 -9999.000 -9999.000 0.6870158E-01 0.2366464E-01 0.1542051E-01 0.2573353E-01 0.3411664E-01 0.4722418E-01 0.6346601E-01 0.8103461E-01 0.9829588E-01 0.1134058 0.1276464 0.1408656 0.1560536 0.1856320 0.2617865 0.2617865 -9999.000 -9999.000 -9999.000 -9999.000 -9999.000 -9999.000 -9999.000 -9999.000 -9999.000 -9999.000 -9999.000 -9999.000 -9999.000 -9999.000 -9999.000 -9999.000 -9999.000 -9999.000 -9999.000 -9999.000 -9999.000 -9999.000 -9999.000 -9999.000 -9999.000 -9999.000 -9999.000 -9999.000 -9999.000
-9999.000 -9999.000 -9999.000 -9999.000 -9999.000 -9999.000 -9999.000 -9999.000 -9999.000 -9999.000 -9999.000 -9999.000 -9999.000 -9999.000 -9999.000 0.6324408E-01 0.1757861E-01 0.2382150E-01 0.3656270E-01 0.4118562E-01 0.5081401E-01 0.6553109E-01 0.8292983E-01 0.1007407 0.1165720 0.1317875 0.1460271 0.1626557 0.1958576 0.2904685 0.2904685 -9999.000 -9999.000 -9999.000 -9999.000 -9999.000 -9999.000 -9999.000 -9999.000 -9999.000 -9999.000 -9999.000 -9999.000 -9999.000 -9999.000 -9999.000 -9999.000 -9999.000 -9999.000 -9999.000 -9999.000 -9999.000 -9999.000 -9999.000 -9999.000 -9999.000 -9999.000 -9999.000 -9999.000 -9999.000
-9999.000 -9999.000 -9999.000 -9999.000 -9999.000 -9999.000 -9999.000 -9999.000 -9999.000 -9999.000 -9999.000 -9999.000 -9999.000 -9999.000 -9999.000 0.9783150E-01 0.1511853 0.1791089 0.1724123 0.1459718 0.1297251 0.1201112 0.1182794 0.1230662 0.1309380 0.1417384 0.1537844 0.1700829 0.2063208 0.3229277 0.3229277 -9999.000 -9999.000 -9999.000 -9999.000 -9999.000 -9999.000 -9999.000 -9999.000 -9999.000 -9999.000 -9999.000 -9999.000 -9999.000 -9999.000 -9999.000 -9999.000 -9999.000 -9999.000 -9999.000 -9999.000 -9999.000 -9999.000 -9999.000 -9999.000 -9999.000 -9999.000 -9999.000 -9999.000 -9999.000
2.846331 2.846331 2.810278 2.877954 2.884359 2.884359 2.887263 2.888364 2.888364 2.885770 2.885770 2.880751 2.877578 2.874057 2.870240 2.870240 3.007065 3.010730 3.011210 3.008512 2.978411 2.926113 2.851483 2.753821 2.632285 2.492437 2.335679 2.169873 2.017892 1.951639 1.951639 2.735939 2.905701 3.010617 3.038352 3.038352 3.079007 3.079007 3.078208 3.078208 3.045747 2.897012 2.897012 2.616493 2.616493 2.183653 2.183653 2.183653 2.140147 2.140147 2.158025 2.158025 2.200096 2.200096 2.247833 2.247833 2.292456 2.292456 2.292456 2.329443
2.870066 2.870066 2.837624 2.928353 2.946551 2.946551 2.960983 2.984793 2.984793 3.004663 3.004663 3.021930 3.029834 3.037343 3.044507 3.044507 3.142101 3.159497 3.173662 3.186256 3.192535 3.192834 3.185527 3.167864 3.136612 3.090480 3.027282 2.947050 2.855049 2.774607 2.774607 3.178892 3.327786 3.476395 3.518281 3.518281 3.569304 3.569304 3.579808 3.579808 3.565718 3.483786 3.483786 3.318930 3.318930 3.005517 3.005517 3.005517 2.956264 2.956264 2.975800 2.975800 3.020622 3.020622 3.071002 3.071002 3.118553 3.118553 3.118553 3.159618
2.874937 2.874937 2.840130 2.928236 2.946834 2.946834 2.961676 2.986123 2.986123 3.006606 3.006606 3.024578 3.032873 3.040797 3.048402 3.048402 3.133129 3.162217 3.187854 3.211003 3.229723 3.244115 3.254066 3.258807 3.256878 3.247282 3.228239 3.198542 3.159883 3.125788 3.125788 3.346695 3.487783 3.656344 3.707451 3.707451 3.764303 3.764303 3.763317 3.763317 3.740677 3.653512 3.653512 3.527974 3.527974 3.285120 3.285120 3.285120 3.223965 3.223965 3.229965 3.229965 3.265659 3.265659 3.309843 3.309843 3.352976 3.352976 3.352976 3.390818
2.877568 2.877568 2.844071 2.927696 2.946435 2.946435 2.961506 2.986144 2.986144 3.006646 3.006646 3.024622 3.032923 3.040854 3.048469 3.048469 3.124832 3.163460 3.199716 3.232742 3.260964 3.284025 3.301998 3.314891 3.322437 3.324602 3.320956 3.311097 3.296087 3.284245 3.284245 3.417861 3.540594 3.712754 3.768043 3.768043 3.820942 3.820942 3.796360 3.796360 3.760806 3.672948 3.672948 3.588255 3.588255 3.415665 3.415665 3.415665 3.349117 3.349117 3.340554 3.340554 3.365885 3.365885 3.404141 3.404141 3.443741 3.443741 3.443741 3.479106
2.875000 2.875000 2.850510 2.927148 2.946030 2.946030 2.961349 2.986228 2.986228 3.006778 3.006778 3.024750 3.033042 3.040962 3.048562 3.048562 3.121228 3.167924 3.213701 3.255943 3.292942 3.324006 3.349036 3.368140 3.381406 3.389140 3.391587 3.389070 3.382810 3.378599 3.378599 3.461840 3.562339 3.723470 3.774220 3.774220 3.801260 3.801260 3.742293 3.742293 3.699325 3.632247 3.632247 3.593825 3.593825 3.491234 3.491234 3.491234 3.428778 3.428778 3.407328 3.407328 3.420053 3.420053 3.450215 3.450215 3.484877 3.484877 3.484877 3.516828
2.875187 2.875187 2.854541 2.926698 2.945643 2.945643 2.961118 2.986119 2.986119 3.006645 3.006645 3.024597 3.032892 3.040821 3.048434 3.048434 3.123062 3.177237 3.231534 3.282112 3.327034 3.365438 3.397082 3.422025 3.440428 3.452625 3.459038 3.460233 3.457435 3.454849 3.454849 3.505291 3.581771 3.714970 3.747343 3.747343 3.719884 3.719884 3.632013 3.632013 3.597925 3.573282 3.573282 3.578619 3.578619 3.537785 3.537785 3.537785 3.488574 3.488574 3.459764 3.459764 3.459736 3.459736 3.479643 3.479643 3.507258 3.507258 3.507258 3.534132
2.875303 2.875303 2.856941 2.926457 2.945433 2.945433 2.961013 2.986121 2.986121 3.006655 3.006655 3.024599 3.032891 3.040819 3.048430 3.048430 3.131357 3.193059 3.255070 3.312968 3.364748 3.409529 3.447033 3.477284 3.500448 3.516817 3.526798 3.530945 3.530295 3.527750 3.527750 3.555994 3.608043 3.689635 3.682328 3.682328 3.582436 3.582436 3.501639 3.501639 3.492965 3.517121 3.517121 3.556567 3.556567 3.564804 3.564804 3.564804 3.534672 3.534672 3.505871 3.505871 3.495904 3.495904 3.504585 3.504585 3.523170 3.523170 3.523170 3.543083
2.875343 2.875343 2.857738 2.926379 2.945362 2.945362 2.960979 2.986123 2.986123 3.006660 3.006660 3.024601 3.032892 3.040819 3.048432 3.048432 3.147069 3.216879 3.286052 3.350272 3.407736 3.457729 3.500050 3.534763 3.562045 3.582161 3.595455 3.602388 3.603711 3.601079 3.601079 3.613624 3.639807 3.630106 3.559156 3.559156 3.410222 3.410222 3.383455 3.383455 3.404863 3.468605 3.468605 3.531344 3.531344 3.576420 3.576420 3.576420 3.567235 3.567235 3.545131 3.545131 3.529729 3.529729 3.527988 3.527988 3.536301 3.536301 3.536301 3.547564
2.875304 2.875304 2.856941 2.926458 2.945432 2.945432 2.961014 2.986121 2.986121 3.006655 3.006655 3.024600 3.032891 3.040818 3.048430 3.048430 3.171714 3.250498 3.326412 3.395934 3.457799 3.511641 3.557481 3.595505 3.625951 3.649087 3.665210 3.674668 3.677871 3.674849 3.674849 3.673563 3.665680 3.503642 3.367678 3.367678 3.243862 3.243862 3.292211 3.292211 3.336488 3.425636 3.425636 3.503614 3.503614 3.575874 3.575874 3.575874 3.586443 3.586443 3.575416 3.575416 3.559513 3.559513 3.549633 3.549633 3.547413 3.547413 3.547413 3.548749
2.875187 2.875187 2.854541 2.926699 2.945643 2.945643 2.961118 2.986118 2.986118 3.006646 3.006646 3.024597 3.032892 3.040821 3.048434 3.048434 3.207623 3.296286 3.378469 3.452139 3.516934 3.573055 3.620870 3.660776 3.693132 3.718246 3.736404 3.747849 3.752429 3.746877 3.746877 3.724594 3.655678 3.290800 3.138897 3.138897 3.118333 3.118333 3.226416 3.226416 3.283144 3.386357 3.386357 3.474309 3.474309 3.566226 3.566226 3.566226 3.593505 3.593505 3.595121 3.595121 3.582787 3.582787 3.567839 3.567839 3.555833 3.555833 3.555833 3.546619
2.875000 2.875000 2.850510 2.927148 2.946030 2.946030 2.961349 2.986229 2.986229 3.006777 3.006777 3.024749 3.033041 3.040962 3.048561 3.048561 3.258470 3.357576 3.445170 3.521459 3.587375 3.643891 3.691849 3.731929 3.764657 3.790426 3.809527 3.822075 3.826483 3.809700 3.809700 3.735766 3.550024 3.028095 2.939197 2.939197 3.035622 3.035622 3.172754 3.172754 3.235080 3.346127 3.346127 3.441040 3.441040 3.547098 3.547098 3.547098 3.587525 3.587525 3.601160 3.601160 3.594773 3.594773 3.577793 3.577793 3.557640 3.557640 3.557640 3.538170
2.877569 2.877569 2.844070 2.927696 2.946435 2.946435 2.961506 2.986144 2.986144 3.006646 3.006646 3.024621 3.032922 3.040855 3.048469 3.048469 3.329784 3.438994 3.530281 3.606952 3.671617 3.726204 3.772117 3.810369 3.841670 3.866510 3.885211 3.897509 3.896514 3.834564 3.834564 3.630649 3.292738 2.803546 2.809509 2.809509 2.971271 2.971271 3.118487 3.118487 3.183290 3.299328 3.299328 3.399274 3.399274 3.515214 3.515214 3.515214 3.565304 3.565304 3.588903 3.588903 3.588984 3.588984 3.572160 3.572160 3.545864 3.545864 3.545864 3.517280
