cruce_test.gid/Rasters/Hydraulic/Velocity____218.0.asc
NCOLS        79
NROWS        79
XLLCENTER         -1.500000
YLLCENTER         -4.800000
CELLSIZE           0.100
NODATA_VALUE     -9999.0
[rows 0 to 26 of 79, columns 0 to 59 of 79]
-9999.000 -9999.000 -9999.000 -9999.000 -9999.000 -9999.000 -9999.000 -9999.000 -9999.000 -9999.000 -9999.000 -9999.000 -9999.000 -9999.000 -9999.000 0.8888565E-01 0.8552494E-01 0.8406007E-01 0.8364355E-01 0.8463766E-01 0.8613137E-01 0.8758274E-01 0.8880208E-01 0.8968383E-01 0.9020998E-01 0.9047735E-01 0.9057231E-01 0.9069680E-01 0.9144215E-01 0.9242326E-01 0.9242326E-01 -9999.000 -9999.000 -9999.000 -9999.000 -9999.000 -9999.000 -9999.000 -9999.000 -9999.000 -9999.000 -9999.000 -9999.000 -9999.000 -9999.000 -9999.000 -9999.000 -9999.000 -9999.000 -9999.000 -9999.000 -9999.000 -9999.000 -9999.000 -9999.000 -9999.000 -9999.000 -9999.000 -9999.000 -9999.000
-9999.000 -9999.000 -9999.000 -9999.000 -9999.000 -9999.000 -9999.000 -9999.000 -9999.000 -9999.000 -9999.000 -9999.000 -9999.000 -9999.000 -9999.000 0.8998582E-01 0.8292654E-01 0.7995217E-01 0.7915179E-01 0.8115023E-01 0.8410477E-01 0.8700145E-01 0.8951253E-01 0.9143763E-01 0.9271643E-01 0.9351871E-01 0.9400307E-01 0.9459636E-01 0.9659272E-01 0.9934168E-01 0.9934168E-01 -9999.000 -9999.000 -9999.000 -9999.000 -9999.000 -9999.000 -9999.000 -9999.000 -9999.000 -9999.000 -9999.000 -9999.000 -9999.000 -9999.000 -9999.000 -9999.000 -9999.000 -9999.000 -9999.000 -9999.000 -9999.000 -9999.000 -9999.000 -9999.000 -9999.000 -9999.000 -9999.000 -9999.000 -9999.000
-9999.000 -9999.000 -9999.000 -9999.000 -9999.000 -9999.000 -9999.000 -9999.000 -9999.000 -9999.000 -9999.000 -9999.000 -9999.000 -9999.000 -9999.000 0.9023252E-01 0.7912200E-01 0.7435036E-01 0.7303353E-01 0.7611158E-01 0.8068414E-01 0.8522706E-01 0.8929121E-01 0.9258990E-01 0.9501893E-01 0.9681472E-01 0.9818435E-01 0.9976327E-01 0.1035830 0.1089303 0.1089303 -9999.000 -9999.000 -9999.000 -9999.000 -9999.000 -9999.000 -9999.000 -9999.000 -9999.000 -9999.000 -9999.000 -9999.000 -9999.000 -9999.000 -9999.000 -9999.000 -9999.000 -9999.000 -9999.000 -9999.000 -9999.000 -9999.000 -9999.000 -9999.000 -9999.000 -9999.000 -9999.000 -9999.000 -9999.000
-9999.000 -9999.000 -9999.000 -9999.000 -9999.000 -9999.000 -9999.000 -9999.000 -9999.000 -9999.000 -9999.000 -9999.000 -9999.000 -9999.000 -9999.000 0.9000910E-01 0.7483750E-01 0.6824689E-01 0.6642380E-01 0.7060529E-01 0.7680019E-01 0.8299836E-01 0.8865675E-01 0.9341255E-01 0.9711532E-01 0.1000610 0.1024882 0.1052295 0.1110713 0.1195318 0.1195318 -9999.000 -9999.000 -9999.000 -9999.000 -9999.000 -9999.000 -9999.000 -9999.000 -9999.000 -9999.000 -9999.000 -9999.000 -9999.000 -9999.000 -9999.000 -9999.000 -9999.000 -9999.000 -9999.000 -9999.000 -9999.000 -9999.000 -9999.000 -9999.000 -9999.000 -9999.000 -9999.000 -9999.000 -9999.000
-9999.000 -9999.000 -9999.000 -9999.000 -9999.000 -9999.000 -9999.000 -9999.000 -9999.000 -9999.000 -9999.000 -9999.000 -9999.000 -9999.000 -9999.000 0.8953495E-01 0.7024891E-01 0.6182502E-01 0.5954019E-01 0.6487736E-01 0.7270700E-01 0.8056276E-01 0.8783606E-01 0.9409406E-01 0.9913662E-01 0.1033169 0.1068940 0.1108996 0.1189123 0.1310080 0.1310080 -9999.000 -9999.000 -9999.000 -9999.000 -9999.000 -9999.000 -9999.000 -9999.000 -9999.000 -9999.000 -9999.000 -9999.000 -9999.000 -9999.000 -9999.000 -9999.000 -9999.000 -9999.000 -9999.000 -9999.000 -9999.000 -9999.000 -9999.000 -9999.000 -9999.000 -9999.000 -9999.000 -9999.000 -9999.000
-9999.000 -9999.000 -9999.000 -9999.000 -9999.000 -9999.000 -9999.000 -9999.000 -9999.000 -9999.000 -9999.000 -9999.000 -9999.000 -9999.000 -9999.000 0.8887476E-01 0.6541604E-01 0.5516655E-01 0.5251499E-01 0.5908571E-01 0.6855634E-01 0.7805867E-01 0.8695145E-01 0.9473484E-01 0.1011538 0.1066183 0.1114011 0.1167398 0.1270570 0.1433799 0.1433799 -9999.000 -9999.000 -9999.000 -9999.000 -9999.000 -9999.000 -9999.000 -9999.000 -9999.000 -9999.000 -9999.000 -9999.000 -9999.000 -9999.000 -9999.000 -9999.000 -9999.000 -9999.000 -9999.000 -9999.000 -9999.000 -9999.000 -9999.000 -9999.000 -9999.000 -9999.000 -9999.000 -9999.000 -9999.000
-9999.000 -9999.000 -9999.000 -9999.000 -9999.000 -9999.000 -9999.000 -9999.000 -9999.000 -9999.000 -9999.000 -9999.000 -9999.000 -9999.000 -9999.000 0.8802644E-01 0.6034759E-01 0.4831195E-01 0.4546425E-01 0.5335949E-01 0.6445172E-01 0.7556780E-01 0.8606900E-01 0.9538647E-01 0.1032023 0.1099845 0.1160107 0.1227375 0.1354975 0.1567570 0.1567570 -9999.000 -9999.000 -9999.000 -9999.000 -9999.000 -9999.000 -9999.000 -9999.000 -9999.000 -9999.000 -9999.000 -9999.000 -9999.000 -9999.000 -9999.000 -9999.000 -9999.000 -9999.000 -9999.000 -9999.000 -9999.000 -9999.000 -9999.000 -9999.000 -9999.000 -9999.000 -9999.000 -9999.000 -9999.000
-9999.000 -9999.000 -9999.000 -9999.000 -9999.000 -9999.000 -9999.000 -9999.000 -9999.000 -9999.000 -9999.000 -9999.000 -9999.000 -9999.000 -9999.000 0.8695610E-01 0.5502905E-01 0.4129896E-01 0.3855166E-01 0.4784981E-01 0.6048700E-01 0.7314989E-01 0.8523063E-01 0.9607913E-01 0.1053021 0.1134257 0.1207236 0.1288888 0.1442444 0.1713147 0.1713147 -9999.000 -9999.000 -9999.000 -9999.000 -9999.000 -9999.000 -9999.000 -9999.000 -9999.000 -9999.000 -9999.000 -9999.000 -9999.000 -9999.000 -9999.000 -9999.000 -9999.000 -9999.000 -9999.000 -9999.000 -9999.000 -9999.000 -9999.000 -9999.000 -9999.000 -9999.000 -9999.000 -9999.000 -9999.000
-9999.000 -9999.000 -9999.000 -9999.000 -9999.000 -9999.000 -9999.000 -9999.000 -9999.000 -9999.000 -9999.000 -9999.000 -9999.000 -9999.000 -9999.000 0.8561172E-01 0.4943560E-01 0.3419695E-01 0.3208232E-01 0.4277427E-01 0.5677053E-01 0.7086255E-01 0.8447121E-01 0.9683579E-01 0.1074665 0.1169485 0.1255405 0.1351936 0.1533178 0.1872923 0.1872923 -9999.000 -9999.000 -9999.000 -9999.000 -9999.000 -9999.000 -9999.000 -9999.000 -9999.000 -9999.000 -9999.000 -9999.000 -9999.000 -9999.000 -9999.000 -9999.000 -9999.000 -9999.000 -9999.000 -9999.000 -9999.000 -9999.000 -9999.000 -9999.000 -9999.000 -9999.000 -9999.000 -9999.000 -9999.000
-9999.000 -9999.000 -9999.000 -9999.000 -9999.000 -9999.000 -9999.000 -9999.000 -9999.000 -9999.000 -9999.000 -9999.000 -9999.000 -9999.000 -9999.000 0.8392621E-01 0.4353769E-01 0.2718045E-01 0.2667426E-01 0.3846541E-01 0.5344278E-01 0.6877332E-01 0.8382939E-01 0.9768027E-01 0.1097091 0.1205597 0.1304626 0.1416526 0.1627430 0.2050081 0.2050081 -9999.000 -9999.000 -9999.000 -9999.000 -9999.000 -9999.000 -9999.000 -9999.000 -9999.000 -9999.000 -9999.000 -9999.000 -9999.000 -9999.000 -9999.000 -9999.000 -9999.000 -9999.000 -9999.000 -9999.000 -9999.000 -9999.000 -9999.000 -9999.000 -9999.000 -9999.000 -9999.000 -9999.000 -9999.000
-9999.000 -9999.000 -9999.000 -9999.000 -9999.000 -9999.000 -9999.000 -9999.000 -9999.000 -9999.000 -9999.000 -9999.000 -9999.000 -9999.000 -9999.000 0.8181803E-01 0.3730767E-01 0.2072858E-01 0.2347656E-01 0.3540969E-01 0.5069171E-01 0.6696988E-01 0.8335379E-01 0.9864245E-01 0.1120477 0.1242692 0.1354927 0.1482682 0.1725499 0.2248860 0.2248860 -9999.000 -9999.000 -9999.000 -9999.000 -9999.000 -9999.000 -9999.000 -9999.000 -9999.000 -9999.000 -9999.000 -9999.000 -9999.000 -9999.000 -9999.000 -9999.000 -9999.000 -9999.000 -9999.000 -9999.000 -9999.000 -9999.000 -9999.000 -9999.000 -9999.000 -9999.000 -9999.000 -9999.000 -9999.000
-9999.000 -9999.000 -9999.000 -9999.000 -9999.000 -9999.000 -9999.000 -9999.000 -9999.000 -9999.000 -9999.000 -9999.000 -9999.000 -9999.000 -9999.000 0.7918623E-01 0.3073534E-01 0.1620327E-01 0.2390377E-01 0.3422059E-01 0.4877332E-01 0.6557783E-01 0.8311798E-01 0.9977026E-01 0.1145127 0.1280961 0.1406396 0.1550464 0.1827739 0.2475017 0.2475017 -9999.000 -9999.000 -9999.000 -9999.000 -9999.000 -9999.000 -9999.000 -9999.000 -9999.000 -9999.000 -9999.000 -9999.000 -9999.000 -9999.000 -9999.000 -9999.000 -9999.000 -9999.000 -9999.000 -9999.000 -9999.000 -9999.000 -9999.000 -9999.000 -9999.000 -9999.000 -9999.000 -9999.000 -9999.000
-9999.000 -9999.000 -9999.000 -9999.000 -9999.000 -9999.000 -9999.000 -9999.000 -9999.000 -9999.000 -9999.000 -9999.000 -9999.000 -9999.000 -9999.000 0.7587191E-01 0.2388077E-01 0.1640842E-01 0.2849860E-01 0.3560945E-01 0.4814820E-01 0.6487694E-01 0.8330614E-01 0.1011916 0.1171939 0.1321031 0.1459424 0.1620131 0.1934655 0.2736607 0.2736607 -9999.000 -9999.000 -9999.000 -9999.000 -9999.000 -9999.000 -9999.000 -9999.000 -9999.000 -9999.000 -9999.000 -9999.000 -9999.000 -9999.000 -9999.000 -9999.000 -9999.000 -9999.000 -9999.000 -9999.000 -9999.000 -9999.000 -9999.000 -9999.000 -9999.000 -9999.000 -9999.000 -9999.000 -9999.000
-9999.000 -9999.000 -9999.000 -9999.000 -9999.000 -9999.000 -9999.000 -9999.000 -9999.000 -9999.000 -9999.000 -9999.000 -9999.000 -9999.000 -9999.000 0.7047545E-01 0.1861597E-01 0.2761629E-01 0.4175388E-01 0.4537425E-01 0.5406122E-01 0.6878515E-01 0.8671810E-01 0.1049051 0.1215225 0.1373044 0.1521052 0.1696421 0.2049578 0.3047164 0.3047164 -9999.000 -9999.000 -9999.000 -9999.000 -9999.000 -9999.000 -9999.000 -9999.000 -9999.000 -9999.000 -9999.000 -9999.000 -9999.000 -9999.000 -9999.000 -9999.000 -9999.000 -9999.000 -9999.000 -9999.000 -9999.000 -9999.000 -9999.000 -9999.000 -9999.000 -9999.000 -9999.000 -9999.000 -9999.000
-9999.000 -9999.000 -9999.000 -9999.000 -9999.000 -9999.000 -9999.000 -9999.000 -9999.000 -9999.000 -9999.000 -9999.000 -9999.000 -9999.000 -9999.000 0.1106986 0.1706049 0.2012198 0.1929312 0.1621764 0.1425823 0.1303642 0.1267958 0.1303513 0.1379992 0.1487497 0.1610222 0.1781298 0.2167222 0.3399895 0.3399895 -9999.000 -9999.000 -9999.000 -9999.000 -9999.000 -9999.000 -9999.000 -9999.000 -9999.000 -9999.000 -9999.000 -9999.000 -9999.000 -9999.000 -9999.000 -9999.000 -9999.000 -9999.000 -9999.000 -9999.000 -9999.000 -9999.000 -9999.000 -9999.000 -9999.000 -9999.000 -9999.000 -9999.000 -9999.000
2.894564 2.894564 2.913388 2.915504 2.934787 2.934787 2.937088 2.936168 2.936168 2.931892 2.931892 2.925250 2.921261 2.916925 2.912704 2.912704 3.079835 3.084743 3.085978 3.084193 3.052525 2.997323 2.918795 2.815754 2.689150 2.543423 2.380721 2.209646 2.054616 1.990755 1.990755 2.810772 2.987433 3.095309 3.123351 3.123351 3.163223 3.163223 3.157048 3.157048 3.119389 2.954354 2.954354 2.650239 2.650239 2.222189 2.222189 2.222189 2.187577 2.187577 2.211566 2.211566 2.257802 2.257802 2.308264 2.308264 2.354652 2.354652 2.354652 2.392476
2.917708 2.917708 2.945511 2.970471 2.997229 2.997229 3.011706 3.034018 3.034018 3.052502 3.052502 3.068415 3.075635 3.082457 3.089316 3.089316 3.212923 3.233643 3.249936 3.264003 3.270734 3.270888 3.262921 3.243832 3.210764 3.162050 3.095599 3.011687 2.916141 2.833738 2.833738 3.264128 3.418015 3.571587 3.614698 3.614698 3.666292 3.666292 3.674139 3.674139 3.657300 3.565468 3.565468 3.385450 3.385450 3.065247 3.065247 3.065247 3.025980 3.025980 3.051981 3.051981 3.100884 3.100884 3.153890 3.153890 3.203203 3.203203 3.203203 3.245300
2.922435 2.922435 2.947447 2.972088 2.996801 2.996801 3.012042 3.035281 3.035281 3.054410 3.054410 3.071038 3.078656 3.085908 3.093265 3.093265 3.202922 3.237006 3.265763 3.290911 3.310635 3.325421 3.335399 3.339776 3.337282 3.326750 3.306330 3.274873 3.234370 3.199369 3.199369 3.435806 3.582866 3.757500 3.810087 3.810087 3.867150 3.867150 3.862589 3.862589 3.836754 3.742679 3.742679 3.608558 3.608558 3.355893 3.355893 3.355893 3.302025 3.302025 3.314331 3.314331 3.354117 3.354117 3.400912 3.400912 3.445748 3.445748 3.445748 3.484578
2.925350 2.925350 2.945977 2.972462 2.995754 2.995754 3.011493 3.035231 3.035231 3.054406 3.054406 3.071027 3.078650 3.085911 3.093365 3.093365 3.193846 3.238785 3.279012 3.314546 3.344184 3.367940 3.386162 3.398968 3.406270 3.408032 3.403787 3.393149 3.377352 3.365405 3.365405 3.509012 3.637692 3.816216 3.872786 3.872786 3.924326 3.924326 3.894701 3.894701 3.856358 3.765505 3.765505 3.677331 3.677331 3.494155 3.494155 3.494155 3.431131 3.431131 3.428050 3.428050 3.457614 3.457614 3.498657 3.498657 3.540007 3.540007 3.540007 3.576328
2.926544 2.926544 2.948898 2.972434 2.994844 2.994844 3.010991 3.035190 3.035190 3.054394 3.054394 3.070990 3.078611 3.085877 3.093480 3.093480 3.189830 3.243797 3.294232 3.339473 3.378315 3.410423 3.435946 3.455149 3.468286 3.475733 3.477782 3.474799 3.468146 3.464109 3.464109 3.554030 3.659983 3.827006 3.878128 3.878128 3.900869 3.900869 3.836515 3.836515 3.792660 3.727007 3.727007 3.688418 3.688418 3.576220 3.576220 3.576220 3.513700 3.513700 3.496101 3.496101 3.512895 3.512895 3.546022 3.546022 3.582532 3.582532 3.582532 3.615419
2.923545 2.923545 2.954478 2.972525 2.994411 2.994411 3.010859 3.035445 3.035445 3.054688 3.054688 3.071267 3.078880 3.086139 3.093934 3.093934 3.192076 3.254032 3.313392 3.367316 3.414427 3.454192 3.486595 3.511844 3.530240 3.542218 3.548275 3.549051 3.545908 3.543427 3.543427 3.598250 3.679295 3.816525 3.847170 3.847170 3.812243 3.812243 3.722008 3.722008 3.689895 3.669810 3.669810 3.676599 3.676599 3.628322 3.628322 3.628322 3.576593 3.576593 3.549579 3.549579 3.552931 3.552931 3.575777 3.575777 3.605293 3.605293 3.605293 3.633079
2.923233 2.923233 2.957195 2.972388 2.993992 2.993992 3.010621 3.035447 3.035447 3.054711 3.054711 3.071276 3.078885 3.086143 3.094222 3.094222 3.200999 3.270684 3.338012 3.399555 3.453856 3.500340 3.538918 3.569749 3.593104 3.609378 3.619060 3.622790 3.621732 3.619078 3.619078 3.649935 3.705176 3.786248 3.773745 3.773745 3.666652 3.666652 3.590607 3.590607 3.585689 3.615095 3.615095 3.656485 3.656485 3.659803 3.659803 3.659803 3.626100 3.626100 3.597168 3.597168 3.589246 3.589246 3.600519 3.600519 3.620920 3.620920 3.620920 3.641680
2.923131 2.923131 2.958096 2.972340 2.993852 2.993852 3.010540 3.035446 3.035446 3.054717 3.054717 3.071276 3.078884 3.086141 3.094615 3.094615 3.217846 3.295545 3.370113 3.438174 3.498429 3.550428 3.594132 3.629714 3.657433 3.677639 3.690749 3.697304 3.698169 3.695189 3.695189 3.708850 3.736061 3.716892 3.637932 3.637932 3.489286 3.489286 3.472625 3.472625 3.498003 3.566556 3.566556 3.631602 3.631602 3.674309 3.674309 3.674309 3.661691 3.661691 3.638116 3.638116 3.623538 3.623538 3.623628 3.623628 3.633444 3.633444 3.633444 3.645400
2.923233 2.923233 2.957195 2.972387 2.993992 2.993992 3.010621 3.035447 3.035447 3.054711 3.054711 3.071276 3.078886 3.086143 3.095159 3.095159 3.244156 3.330510 3.411757 3.485221 3.550070 3.606166 3.653662 3.692825 3.723967 3.747413 3.763517 3.772697 3.775436 3.771821 3.771821 3.770047 3.759241 3.574998 3.433691 3.433691 3.322680 3.322680 3.382689 3.382689 3.430134 3.523409 3.523409 3.603938 3.603938 3.675835 3.675835 3.675835 3.683710 3.683710 3.670537 3.670537 3.654218 3.654218 3.645132 3.645132 3.643831 3.643831 3.643831 3.645579
2.923545 2.923545 2.954478 2.972526 2.994411 2.994411 3.010859 3.035444 3.035444 3.054688 3.054688 3.071267 3.078881 3.086139 3.095903 3.095903 3.282260 3.378023 3.465360 3.542979 3.610869 3.669416 3.719097 3.760380 3.793667 3.819320 3.837654 3.848963 3.853122 3.846594 3.846594 3.821124 3.741363 3.345732 3.198631 3.198631 3.199430 3.199430 3.316503 3.316503 3.375806 3.482960 3.482960 3.573817 3.573817 3.666986 3.666986 3.666986 3.692566 3.692566 3.691978 3.691978 3.678284 3.678284 3.663000 3.663000 3.651118 3.651118 3.651118 3.641913
2.926544 2.926544 2.948898 2.972434 2.994844 2.994844 3.010990 3.035189 3.035189 3.054394 3.054394 3.070990 3.078611 3.085877 3.096676 3.096676 3.335590 3.441286 3.533812 3.614003 3.683069 3.742129 3.792114 3.833762 3.867633 3.894151 3.913636 3.926216 3.930210 3.911372 3.911372 3.827789 3.618456 3.074027 3.001732 3.001732 3.117569 3.117569 3.261405 3.261405 3.326134 3.441254 3.441254 3.539380 3.539380 3.647845 3.647845 3.647845 3.687505 3.687505 3.699235 3.699235 3.690914 3.690914 3.672533 3.672533 3.651555 3.651555 3.651555 3.631568
2.925350 2.925350 2.945979 2.972462 2.995755 2.995755 3.011492 3.035230 3.035230 3.054406 3.054406 3.071027 3.078649 3.085911 3.098093 3.098093 3.410365 3.525552 3.621404 3.701769 3.769485 3.826600 3.874588 3.914501 3.947082 3.972835 3.992098 4.004560 4.002838 3.935006 3.935006 3.707574 3.336565 2.852396 2.876766 2.876766 3.051218 3.051218 3.204519 3.204519 3.271834 3.392246 3.392246 3.495689 3.495689 3.614883 3.614883 3.614883 3.664981 3.664981 3.687125 3.687125 3.685010 3.685010 3.665919 3.665919 3.637849 3.637849 3.637849 3.608168
