cruce_test.gid/Rasters/Hydraulic/Velocity__x_266.0.asc
NCOLS        79
NROWS        79
XLLCENTER         -1.500000
YLLCENTER         -4.800000
CELLSIZE           0.100
NODATA_VALUE     -9999.0
[rows 0 to 25 of 79, columns 0 to 57 of 79]
-9999.000 -9999.000 -9999.000 -9999.000 -9999.000 -9999.000 -9999.000 -9999.000 -9999.000 -9999.000 -9999.000 -9999.000 -9999.000 -9999.000 -9999.000 -0.7965853E-03 0.2058451E-03 0.3743215E-02 0.8118371E-02 0.1226010E-01 0.1556400E-01 0.1786222E-01 0.1914209E-01 0.1949535E-01 0.1904736E-01 0.1788597E-01 0.1607261E-01 0.1351184E-01 0.9543147E-02 0.4683322E-02 0.4683322E-02 -9999.000 -9999.000 -9999.000 -9999.000 -9999.000 -9999.000 -9999.000 -9999.000 -9999.000 -9999.000 -9999.000 -9999.000 -9999.000 -9999.000 -9999.000 -9999.000 -9999.000 -9999.000 -9999.000 -9999.000 -9999.000 -9999.000 -9999.000 -9999.000 -9999.000 -9999.000 -9999.000
-9999.000 -9999.000 -9999.000 -9999.000 -9999.000 -9999.000 -9999.000 -9999.000 -9999.000 -9999.000 -9999.000 -9999.000 -9999.000 -9999.000 -9999.000 0.4419627E-03 0.2660060E-02 0.7282211E-02 0.1262164E-01 0.1763520E-01 0.2168772E-01 0.2454752E-01 0.2614351E-01 0.2652034E-01 0.2577312E-01 0.2397988E-01 0.2120947E-01 0.1740629E-01 0.1204081E-01 0.5890127E-02 0.5890127E-02 -9999.000 -9999.000 -9999.000 -9999.000 -9999.000 -9999.000 -9999.000 -9999.000 -9999.000 -9999.000 -9999.000 -9999.000 -9999.000 -9999.000 -9999.000 -9999.000 -9999.000 -9999.000 -9999.000 -9999.000 -9999.000 -9999.000 -9999.000 -9999.000 -9999.000 -9999.000 -9999.000
-9999.000 -9999.000 -9999.000 -9999.000 -9999.000 -9999.000 -9999.000 -9999.000 -9999.000 -9999.000 -9999.000 -9999.000 -9999.000 -9999.000 -9999.000 0.9428202E-03 0.3739852E-02 0.9021354E-02 0.1497692E-01 0.2052321E-01 0.2499661E-01 0.2814773E-01 0.2989221E-01 0.3026856E-01 0.2937061E-01 0.2727957E-01 0.2407575E-01 0.1971571E-01 0.1366538E-01 0.6722816E-02 0.6722816E-02 -9999.000 -9999.000 -9999.000 -9999.000 -9999.000 -9999.000 -9999.000 -9999.000 -9999.000 -9999.000 -9999.000 -9999.000 -9999.000 -9999.000 -9999.000 -9999.000 -9999.000 -9999.000 -9999.000 -9999.000 -9999.000 -9999.000 -9999.000 -9999.000 -9999.000 -9999.000 -9999.000
-9999.000 -9999.000 -9999.000 -9999.000 -9999.000 -9999.000 -9999.000 -9999.000 -9999.000 -9999.000 -9999.000 -9999.000 -9999.000 -9999.000 -9999.000 0.1216474E-02 0.4351937E-02 0.1004472E-01 0.1639861E-01 0.2229394E-01 0.2704503E-01 0.3039357E-01 0.3224897E-01 0.3264866E-01 0.3168807E-01 0.2945079E-01 0.2602181E-01 0.2135712E-01 0.1489520E-01 0.7383151E-02 0.7383151E-02 -9999.000 -9999.000 -9999.000 -9999.000 -9999.000 -9999.000 -9999.000 -9999.000 -9999.000 -9999.000 -9999.000 -9999.000 -9999.000 -9999.000 -9999.000 -9999.000 -9999.000 -9999.000 -9999.000 -9999.000 -9999.000 -9999.000 -9999.000 -9999.000 -9999.000 -9999.000 -9999.000
-9999.000 -9999.000 -9999.000 -9999.000 -9999.000 -9999.000 -9999.000 -9999.000 -9999.000 -9999.000 -9999.000 -9999.000 -9999.000 -9999.000 -9999.000 0.1409813E-02 0.4794038E-02 0.1079877E-01 0.1745958E-01 0.2362550E-01 0.2859391E-01 0.3210213E-01 0.3405614E-01 0.3449500E-01 0.3351621E-01 0.3120345E-01 0.2764318E-01 0.2278570E-01 0.1602678E-01 0.8014146E-02 0.8014146E-02 -9999.000 -9999.000 -9999.000 -9999.000 -9999.000 -9999.000 -9999.000 -9999.000 -9999.000 -9999.000 -9999.000 -9999.000 -9999.000 -9999.000 -9999.000 -9999.000 -9999.000 -9999.000 -9999.000 -9999.000 -9999.000 -9999.000 -9999.000 -9999.000 -9999.000 -9999.000 -9999.000
-9999.000 -9999.000 -9999.000 -9999.000 -9999.000 -9999.000 -9999.000 -9999.000 -9999.000 -9999.000 -9999.000 -9999.000 -9999.000 -9999.000 -9999.000 0.1586056E-02 0.5196825E-02 0.1148419E-01 0.1842166E-01 0.2483029E-01 0.2999403E-01 0.3364892E-01 0.3570002E-01 0.3618935E-01 0.3521697E-01 0.3286450E-01 0.2921999E-01 0.2422266E-01 0.1721383E-01 0.8694132E-02 0.8694132E-02 -9999.000 -9999.000 -9999.000 -9999.000 -9999.000 -9999.000 -9999.000 -9999.000 -9999.000 -9999.000 -9999.000 -9999.000 -9999.000 -9999.000 -9999.000 -9999.000 -9999.000 -9999.000 -9999.000 -9999.000 -9999.000 -9999.000 -9999.000 -9999.000 -9999.000 -9999.000 -9999.000
-9999.000 -9999.000 -9999.000 -9999.000 -9999.000 -9999.000 -9999.000 -9999.000 -9999.000 -9999.000 -9999.000 -9999.000 -9999.000 -9999.000 -9999.000 0.1774967E-02 0.5622071E-02 0.1219511E-01 0.1940817E-01 0.2605572E-01 0.3141094E-01 0.3521261E-01 0.3736548E-01 0.3791644E-01 0.3696777E-01 0.3459926E-01 0.3089872E-01 0.2579123E-01 0.1854972E-01 0.9474559E-02 0.9474559E-02 -9999.000 -9999.000 -9999.000 -9999.000 -9999.000 -9999.000 -9999.000 -9999.000 -9999.000 -9999.000 -9999.000 -9999.000 -9999.000 -9999.000 -9999.000 -9999.000 -9999.000 -9999.000 -9999.000 -9999.000 -9999.000 -9999.000 -9999.000 -9999.000 -9999.000 -9999.000 -9999.000
-9999.000 -9999.000 -9999.000 -9999.000 -9999.000 -9999.000 -9999.000 -9999.000 -9999.000 -9999.000 -9999.000 -9999.000 -9999.000 -9999.000 -9999.000 0.1992352E-02 0.6101817E-02 0.1298093E-01 0.2048307E-01 0.2737797E-01 0.3293119E-01 0.3688691E-01 0.3915082E-01 0.3977633E-01 0.3886877E-01 0.3650477E-01 0.3277167E-01 0.2757664E-01 0.2010877E-01 0.1040003E-01 0.1040003E-01 -9999.000 -9999.000 -9999.000 -9999.000 -9999.000 -9999.000 -9999.000 -9999.000 -9999.000 -9999.000 -9999.000 -9999.000 -9999.000 -9999.000 -9999.000 -9999.000 -9999.000 -9999.000 -9999.000 -9999.000 -9999.000 -9999.000 -9999.000 -9999.000 -9999.000 -9999.000 -9999.000
-9999.000 -9999.000 -9999.000 -9999.000 -9999.000 -9999.000 -9999.000 -9999.000 -9999.000 -9999.000 -9999.000 -9999.000 -9999.000 -9999.000 -9999.000 0.2248786E-02 0.6658241E-02 0.1387443E-01 0.2168884E-01 0.2884744E-01 0.3461161E-01 0.3873427E-01 0.4112320E-01 0.4184048E-01 0.4099462E-01 0.3865843E-01 0.3491870E-01 0.2965990E-01 0.2196948E-01 0.1152094E-01 0.1152094E-01 -9999.000 -9999.000 -9999.000 -9999.000 -9999.000 -9999.000 -9999.000 -9999.000 -9999.000 -9999.000 -9999.000 -9999.000 -9999.000 -9999.000 -9999.000 -9999.000 -9999.000 -9999.000 -9999.000 -9999.000 -9999.000 -9999.000 -9999.000 -9999.000 -9999.000 -9999.000 -9999.000
-9999.000 -9999.000 -9999.000 -9999.000 -9999.000 -9999.000 -9999.000 -9999.000 -9999.000 -9999.000 -9999.000 -9999.000 -9999.000 -9999.000 -9999.000 0.2553123E-02 0.7309486E-02 0.1490336E-01 0.2306134E-01 0.3050726E-01 0.3650125E-01 0.4080958E-01 0.4334362E-01 0.4417581E-01 0.4341871E-01 0.4114025E-01 0.3742679E-01 0.3213520E-01 0.2423008E-01 0.1290175E-01 0.1290175E-01 -9999.000 -9999.000 -9999.000 -9999.000 -9999.000 -9999.000 -9999.000 -9999.000 -9999.000 -9999.000 -9999.000 -9999.000 -9999.000 -9999.000 -9999.000 -9999.000 -9999.000 -9999.000 -9999.000 -9999.000 -9999.000 -9999.000 -9999.000 -9999.000 -9999.000 -9999.000 -9999.000
-9999.000 -9999.000 -9999.000 -9999.000 -9999.000 -9999.000 -9999.000 -9999.000 -9999.000 -9999.000 -9999.000 -9999.000 -9999.000 -9999.000 -9999.000 0.2915783E-02 0.8076344E-02 0.1609916E-01 0.2464142E-01 0.3240640E-01 0.3865710E-01 0.4317683E-01 0.4588302E-01 0.4686160E-01 0.4622984E-01 0.4404986E-01 0.4040840E-01 0.3512851E-01 0.2702502E-01 0.1463322E-01 0.1463322E-01 -9999.000 -9999.000 -9999.000 -9999.000 -9999.000 -9999.000 -9999.000 -9999.000 -9999.000 -9999.000 -9999.000 -9999.000 -9999.000 -9999.000 -9999.000 -9999.000 -9999.000 -9999.000 -9999.000 -9999.000 -9999.000 -9999.000 -9999.000 -9999.000 -9999.000 -9999.000 -9999.000
-9999.000 -9999.000 -9999.000 -9999.000 -9999.000 -9999.000 -9999.000 -9999.000 -9999.000 -9999.000 -9999.000 -9999.000 -9999.000 -9999.000 -9999.000 0.3348512E-02 0.8984202E-02 0.1750125E-01 0.2648116E-01 0.3460764E-01 0.4115146E-01 0.4591940E-01 0.4883618E-01 0.5000531E-01 0.4954982E-01 0.4752544E-01 0.4402066E-01 0.3881750E-01 0.3054919E-01 0.1684686E-01 0.1684686E-01 -9999.000 -9999.000 -9999.000 -9999.000 -9999.000 -9999.000 -9999.000 -9999.000 -9999.000 -9999.000 -9999.000 -9999.000 -9999.000 -9999.000 -9999.000 -9999.000 -9999.000 -9999.000 -9999.000 -9999.000 -9999.000 -9999.000 -9999.000 -9999.000 -9999.000 -9999.000 -9999.000
-9999.000 -9999.000 -9999.000 -9999.000 -9999.000 -9999.000 -9999.000 -9999.000 -9999.000 -9999.000 -9999.000 -9999.000 -9999.000 -9999.000 -9999.000 0.3877083E-02 0.1008715E-01 0.1919446E-01 0.2868620E-01 0.3722994E-01 0.4411532E-01 0.4917940E-01 0.5235711E-01 0.5377567E-01 0.5356602E-01 0.5177692E-01 0.4850110E-01 0.4347125E-01 0.3509799E-01 0.1974313E-01 0.1974313E-01 -9999.000 -9999.000 -9999.000 -9999.000 -9999.000 -9999.000 -9999.000 -9999.000 -9999.000 -9999.000 -9999.000 -9999.000 -9999.000 -9999.000 -9999.000 -9999.000 -9999.000 -9999.000 -9999.000 -9999.000 -9999.000 -9999.000 -9999.000 -9999.000 -9999.000 -9999.000 -9999.000
-9999.000 -9999.000 -9999.000 -9999.000 -9999.000 -9999.000 -9999.000 -9999.000 -9999.000 -9999.000 -9999.000 -9999.000 -9999.000 -9999.000 -9999.000 0.5317031E-02 0.1310198E-01 0.2377353E-01 0.3388600E-01 0.4260686E-01 0.4961273E-01 0.5474752E-01 0.5798164E-01 0.5948557E-01 0.5940399E-01 0.5777939E-01 0.5470932E-01 0.4986079E-01 0.4136442E-01 0.2376322E-01 0.2376322E-01 -9999.000 -9999.000 -9999.000 -9999.000 -9999.000 -9999.000 -9999.000 -9999.000 -9999.000 -9999.000 -9999.000 -9999.000 -9999.000 -9999.000 -9999.000 -9999.000 -9999.000 -9999.000 -9999.000 -9999.000 -9999.000 -9999.000 -9999.000 -9999.000 -9999.000 -9999.000 -9999.000
-9999.000 -9999.000 -9999.000 -9999.000 -9999.000 -9999.000 -9999.000 -9999.000 -9999.000 -9999.000 -9999.000 -9999.000 -9999.000 -9999.000 -9999.000 0.8096115E-01 0.1232090 0.1425741 0.1349147 0.1200537 0.1088225 0.9871107E-01 0.8962470E-01 0.8159029E-01 0.7428159E-01 0.6741454E-01 0.6073294E-01 0.5351123E-01 0.4338633E-01 0.2125699E-01 0.2125699E-01 -9999.000 -9999.000 -9999.000 -9999.000 -9999.000 -9999.000 -9999.000 -9999.000 -9999.000 -9999.000 -9999.000 -9999.000 -9999.000 -9999.000 -9999.000 -9999.000 -9999.000 -9999.000 -9999.000 -9999.000 -9999.000 -9999.000 -9999.000 -9999.000 -9999.000 -9999.000 -9999.000
2.821036 2.821036 2.809082 2.837288 2.855595 2.855595 2.858604 2.859128 2.859128 2.855842 2.855842 2.849978 2.846344 2.842351 2.838322 2.838322 2.972643 2.976573 2.977752 2.964186 2.926113 2.865767 2.782698 2.674423 2.546266 2.398512 2.235111 2.065354 1.913993 1.849806 1.849806 2.697282 2.874628 2.976416 3.001634 3.001634 3.035012 3.035012 3.017494 3.017494 2.973190 2.790989 2.790989 2.413414 2.413414 2.092934 2.092934 2.092934 2.077255 2.077255 2.109265 2.109265 2.157333 2.157333 2.207396 2.207396 2.252076 2.252076
2.843808 2.843808 2.837911 2.890952 2.916164 2.916164 2.931045 2.954309 2.954309 2.973352 2.973352 2.989598 2.996941 3.003869 3.010691 3.010691 3.110719 3.128803 3.144103 3.155151 3.159725 3.157149 3.145198 3.120313 3.081118 3.024965 2.950550 2.858978 2.757215 2.678607 2.678607 3.135074 3.295652 3.449360 3.490915 3.490915 3.538220 3.538220 3.539665 3.539665 3.518278 3.414901 3.414901 3.204164 3.204164 2.925081 2.925081 2.925081 2.906880 2.906880 2.940967 2.940967 2.992081 2.992081 3.044669 3.044669 3.092411 3.092411
2.849669 2.849669 2.836277 2.893234 2.916225 2.916225 2.931718 2.955703 2.955703 2.975283 2.975283 2.992186 2.999912 3.007254 3.014546 3.014546 3.104181 3.134274 3.160915 3.183582 3.201242 3.213802 3.220739 3.220579 3.212512 3.194808 3.165775 3.124784 3.074887 3.035851 3.035851 3.296225 3.453002 3.633627 3.686122 3.686122 3.740331 3.740331 3.731065 3.731065 3.701659 3.600045 3.600045 3.451827 3.451827 3.218592 3.218592 3.218592 3.184711 3.184711 3.206536 3.206536 3.249110 3.249110 3.295557 3.295557 3.338730 3.338730
2.854450 2.854450 2.834951 2.894576 2.915726 2.915726 2.931417 2.955692 2.955692 2.975288 2.975288 2.992192 2.999926 3.007275 3.014640 3.014640 3.097976 3.138158 3.175335 3.207976 3.234923 3.255870 3.270711 3.279024 3.280789 3.275615 3.262933 3.242552 3.216422 3.197237 3.197237 3.356026 3.495126 3.684211 3.742710 3.742710 3.794779 3.794779 3.763948 3.763948 3.723794 3.629048 3.629048 3.533629 3.533629 3.358538 3.358538 3.358538 3.312454 3.312454 3.320143 3.320143 3.353861 3.353861 3.395250 3.395250 3.435185 3.435185
2.858183 2.858183 2.835201 2.895596 2.915447 2.915447 2.931197 2.955687 2.955687 2.975287 2.975287 2.992177 2.999908 3.007257 3.014718 3.014718 3.096177 3.145010 3.191681 3.233499 3.268980 3.297525 3.318957 3.333127 3.340196 3.340327 3.333663 3.320634 3.303071 3.289847 3.289847 3.387281 3.502017 3.681792 3.737039 3.737039 3.766512 3.766512 3.706415 3.706415 3.663607 3.597280 3.597280 3.554014 3.554014 3.442733 3.442733 3.442733 3.392711 3.392711 3.385881 3.385881 3.408201 3.408201 3.442703 3.442703 3.478345 3.478345
2.860854 2.860854 2.835528 2.896342 2.915318 2.915318 2.931055 2.955693 2.955693 2.975299 2.975299 2.992181 2.999913 3.007266 3.014871 3.014871 3.099820 3.156511 3.211637 3.261622 3.304729 3.340179 3.367697 3.387183 3.398780 3.402755 3.399474 3.389583 3.374768 3.361456 3.361456 3.417550 3.504493 3.655059 3.692791 3.692791 3.674969 3.674969 3.597827 3.597827 3.568804 3.548700 3.548700 3.550847 3.550847 3.498708 3.498708 3.498708 3.454618 3.454618 3.436887 3.436887 3.446462 3.446462 3.471692 3.471692 3.501043 3.501043
2.862460 2.862460 2.835778 2.896787 2.915266 2.915266 2.930981 2.955710 2.955710 2.975330 2.975330 2.992225 2.999972 3.007342 3.015170 3.015170 3.109827 3.174194 3.236875 3.293900 3.343484 3.384829 3.417638 3.441837 3.457536 3.464979 3.464526 3.456795 3.443156 3.428126 3.428126 3.455184 3.512903 3.608229 3.608320 3.608320 3.532547 3.532547 3.475389 3.475389 3.473574 3.501488 3.501488 3.537667 3.537667 3.534459 3.534459 3.534459 3.504110 3.504110 3.481955 3.481955 3.479954 3.479954 3.494308 3.494308 3.515297 3.515297
2.862997 2.862997 2.835870 2.896935 2.915255 2.915255 2.930961 2.955724 2.955724 2.975355 2.975355 2.992261 3.000016 3.007394 3.015512 3.015512 3.127083 3.199360 3.268804 3.331650 3.386340 3.432252 3.469198 3.497178 3.516308 3.526797 3.528934 3.523200 3.510578 3.493879 3.493879 3.499816 3.526347 3.526553 3.469790 3.469790 3.365731 3.365731 3.367014 3.367014 3.393734 3.458895 3.458895 3.518495 3.518495 3.553593 3.553593 3.553593 3.541053 3.541053 3.521348 3.521348 3.511222 3.511222 3.514508 3.514508 3.525512 3.525512
2.862461 2.862461 2.835778 2.896787 2.915267 2.915267 2.930981 2.955710 2.955710 2.975330 2.975330 2.992225 2.999972 3.007343 3.015841 3.015841 3.153013 3.233653 3.309093 3.376403 3.434603 3.483461 3.523041 3.553506 3.575040 3.587838 3.592127 3.588227 3.576678 3.558380 3.558380 3.546458 3.533656 3.383045 3.275277 3.275277 3.213974 3.213974 3.285435 3.285435 3.332143 3.420800 3.420800 3.495980 3.495980 3.559997 3.559997 3.559997 3.565697 3.565697 3.553624 3.553624 3.540047 3.540047 3.533541 3.533541 3.533694 3.533694
2.860854 2.860854 2.835529 2.896341 2.915318 2.915318 2.931055 2.955693 2.955693 2.975300 2.975300 2.992182 2.999914 3.007266 3.016288 3.016288 3.189891 3.279273 3.359716 3.429829 3.489603 3.539443 3.579813 3.611121 3.633682 3.647726 3.653430 3.650957 3.640235 3.618918 3.618918 3.583815 3.505959 3.166291 3.061245 3.061245 3.103167 3.103167 3.223256 3.223256 3.280853 3.383359 3.383359 3.469393 3.469393 3.555066 3.555066 3.555066 3.577162 3.577162 3.575425 3.575425 3.562473 3.562473 3.548664 3.548664 3.538191 3.538191
2.858183 2.858183 2.835203 2.895596 2.915449 2.915449 2.931197 2.955687 2.955687 2.975288 2.975288 2.992177 2.999907 3.007257 3.017022 3.017022 3.241204 3.339180 3.423022 3.493701 3.552622 3.601057 3.640006 3.670194 3.692103 3.706027 3.712116 3.710346 3.699342 3.668298 3.668298 3.583062 3.387113 2.919036 2.889695 2.889695 3.026918 3.026918 3.169516 3.169516 3.232487 3.343515 3.343515 3.437460 3.437460 3.539042 3.539042 3.539042 3.574559 3.574559 3.583495 3.583495 3.573999 3.573999 3.555692 3.555692 3.535735 3.535735
