cruce_test.gid/Rasters/Hydraulic/Velocity__y_148.0.asc
NCOLS        79
NROWS        79
XLLCENTER         -1.500000
YLLCENTER         -4.800000
CELLSIZE           0.100
NODATA_VALUE     -9999.0
[rows 0 to 26 of 79, columns 0 to 58 of 79]
-9999.000 -9999.000 -9999.000 -9999.000 -9999.000 -9999.000 -9999.000 -9999.000 -9999.000 -9999.000 -9999.000 -9999.000 -9999.000 -9999.000 -9999.000 -0.1160109 -0.1148594 -0.1148252 -0.1149670 -0.1152186 -0.1155256 -0.1158705 -0.1162201 -0.1165486 -0.1168421 -0.1171147 -0.1174381 -0.1180539 -0.1196405 -0.1207033 -0.1207033 -9999.000 -9999.000 -9999.000 -9999.000 -9999.000 -9999.000 -9999.000 -9999.000 -9999.000 -9999.000 -9999.000 -9999.000 -9999.000 -9999.000 -9999.000 -9999.000 -9999.000 -9999.000 -9999.000 -9999.000 -9999.000 -9999.000 -9999.000 -9999.000 -9999.000 -9999.000 -9999.000 -9999.000
-9999.000 -9999.000 -9999.000 -9999.000 -9999.000 -9999.000 -9999.000 -9999.000 -9999.000 -9999.000 -9999.000 -9999.000 -9999.000 -9999.000 -9999.000 -0.1137564 -0.1114169 -0.1113513 -0.1116816 -0.1122681 -0.1129925 -0.1138139 -0.1146586 -0.1154687 -0.1162128 -0.1169192 -0.1177384 -0.1191746 -0.1226371 -0.1253402 -0.1253402 -9999.000 -9999.000 -9999.000 -9999.000 -9999.000 -9999.000 -9999.000 -9999.000 -9999.000 -9999.000 -9999.000 -9999.000 -9999.000 -9999.000 -9999.000 -9999.000 -9999.000 -9999.000 -9999.000 -9999.000 -9999.000 -9999.000 -9999.000 -9999.000 -9999.000 -9999.000 -9999.000 -9999.000
-9999.000 -9999.000 -9999.000 -9999.000 -9999.000 -9999.000 -9999.000 -9999.000 -9999.000 -9999.000 -9999.000 -9999.000 -9999.000 -9999.000 -9999.000 -0.1100368 -0.1065299 -0.1064644 -0.1070876 -0.1081745 -0.1095280 -0.1110751 -0.1126882 -0.1142653 -0.1157493 -0.1171797 -0.1187935 -0.1213917 -0.1272189 -0.1323545 -0.1323545 -9999.000 -9999.000 -9999.000 -9999.000 -9999.000 -9999.000 -9999.000 -9999.000 -9999.000 -9999.000 -9999.000 -9999.000 -9999.000 -9999.000 -9999.000 -9999.000 -9999.000 -9999.000 -9999.000 -9999.000 -9999.000 -9999.000 -9999.000 -9999.000 -9999.000 -9999.000 -9999.000 -9999.000
-9999.000 -9999.000 -9999.000 -9999.000 -9999.000 -9999.000 -9999.000 -9999.000 -9999.000 -9999.000 -9999.000 -9999.000 -9999.000 -9999.000 -9999.000 -0.1056044 -0.1010580 -0.1010302 -0.1020059 -0.1036746 -0.1057550 -0.1081401 -0.1106432 -0.1131135 -0.1154622 -0.1177363 -0.1202592 -0.1241390 -0.1325091 -0.1406632 -0.1406632 -9999.000 -9999.000 -9999.000 -9999.000 -9999.000 -9999.000 -9999.000 -9999.000 -9999.000 -9999.000 -9999.000 -9999.000 -9999.000 -9999.000 -9999.000 -9999.000 -9999.000 -9999.000 -9999.000 -9999.000 -9999.000 -9999.000 -9999.000 -9999.000 -9999.000 -9999.000 -9999.000 -9999.000
-9999.000 -9999.000 -9999.000 -9999.000 -9999.000 -9999.000 -9999.000 -9999.000 -9999.000 -9999.000 -9999.000 -9999.000 -9999.000 -9999.000 -9999.000 -0.1006543 -0.9516920E-01 -0.9520395E-01 -0.9657188E-01 -0.9887848E-01 -0.1017523 -0.1050522 -0.1085275 -0.1119741 -0.1152689 -0.1184650 -0.1219767 -0.1272364 -0.1383329 -0.1501469 -0.1501469 -9999.000 -9999.000 -9999.000 -9999.000 -9999.000 -9999.000 -9999.000 -9999.000 -9999.000 -9999.000 -9999.000 -9999.000 -9999.000 -9999.000 -9999.000 -9999.000 -9999.000 -9999.000 -9999.000 -9999.000 -9999.000 -9999.000 -9999.000 -9999.000 -9999.000 -9999.000 -9999.000 -9999.000
-9999.000 -9999.000 -9999.000 -9999.000 -9999.000 -9999.000 -9999.000 -9999.000 -9999.000 -9999.000 -9999.000 -9999.000 -9999.000 -9999.000 -9999.000 -0.9527392E-01 -0.8894460E-01 -0.8906033E-01 -0.9084886E-01 -0.9383558E-01 -0.9755218E-01 -0.1018239 -0.1063322 -0.1108168 -0.1151172 -0.1192937 -0.1238579 -0.1305881 -0.1446119 -0.1608324 -0.1608324 -9999.000 -9999.000 -9999.000 -9999.000 -9999.000 -9999.000 -9999.000 -9999.000 -9999.000 -9999.000 -9999.000 -9999.000 -9999.000 -9999.000 -9999.000 -9999.000 -9999.000 -9999.000 -9999.000 -9999.000 -9999.000 -9999.000 -9999.000 -9999.000 -9999.000 -9999.000 -9999.000 -9999.000
-9999.000 -9999.000 -9999.000 -9999.000 -9999.000 -9999.000 -9999.000 -9999.000 -9999.000 -9999.000 -9999.000 -9999.000 -9999.000 -9999.000 -9999.000 -0.8949050E-01 -0.8241551E-01 -0.8262835E-01 -0.8486035E-01 -0.8856203E-01 -0.9316129E-01 -0.9845220E-01 -0.1040432 -0.1096154 -0.1149695 -0.1201738 -0.1258471 -0.1341392 -0.1513184 -0.1728478 -0.1728478 -9999.000 -9999.000 -9999.000 -9999.000 -9999.000 -9999.000 -9999.000 -9999.000 -9999.000 -9999.000 -9999.000 -9999.000 -9999.000 -9999.000 -9999.000 -9999.000 -9999.000 -9999.000 -9999.000 -9999.000 -9999.000 -9999.000 -9999.000 -9999.000 -9999.000 -9999.000 -9999.000 -9999.000
-9999.000 -9999.000 -9999.000 -9999.000 -9999.000 -9999.000 -9999.000 -9999.000 -9999.000 -9999.000 -9999.000 -9999.000 -9999.000 -9999.000 -9999.000 -0.8329619E-01 -0.7558499E-01 -0.7591108E-01 -0.7860679E-01 -0.8305496E-01 -0.8857197E-01 -0.9492378E-01 -0.1016413 -0.1083440 -0.1147924 -0.1210657 -0.1279014 -0.1378520 -0.1584509 -0.1864090 -0.1864090 -9999.000 -9999.000 -9999.000 -9999.000 -9999.000 -9999.000 -9999.000 -9999.000 -9999.000 -9999.000 -9999.000 -9999.000 -9999.000 -9999.000 -9999.000 -9999.000 -9999.000 -9999.000 -9999.000 -9999.000 -9999.000 -9999.000 -9999.000 -9999.000 -9999.000 -9999.000 -9999.000 -9999.000
-9999.000 -9999.000 -9999.000 -9999.000 -9999.000 -9999.000 -9999.000 -9999.000 -9999.000 -9999.000 -9999.000 -9999.000 -9999.000 -9999.000 -9999.000 -0.7666242E-01 -0.6843840E-01 -0.6889561E-01 -0.7207391E-01 -0.7729898E-01 -0.8376596E-01 -0.9121756E-01 -0.9910130E-01 -0.1069725 -0.1145508 -0.1219290 -0.1299786 -0.1416925 -0.1660202 -0.2018258 -0.2018258 -9999.000 -9999.000 -9999.000 -9999.000 -9999.000 -9999.000 -9999.000 -9999.000 -9999.000 -9999.000 -9999.000 -9999.000 -9999.000 -9999.000 -9999.000 -9999.000 -9999.000 -9999.000 -9999.000 -9999.000 -9999.000 -9999.000 -9999.000 -9999.000 -9999.000 -9999.000 -9999.000 -9999.000
-9999.000 -9999.000 -9999.000 -9999.000 -9999.000 -9999.000 -9999.000 -9999.000 -9999.000 -9999.000 -9999.000 -9999.000 -9999.000 -9999.000 -9999.000 -0.6954546E-01 -0.6094820E-01 -0.6155603E-01 -0.6523606E-01 -0.7126807E-01 -0.7871553E-01 -0.8730410E-01 -0.9639051E-01 -0.1054639 -0.1142022 -0.1227162 -0.1320294 -0.1456205 -0.1740410 -0.2195266 -0.2195266 -9999.000 -9999.000 -9999.000 -9999.000 -9999.000 -9999.000 -9999.000 -9999.000 -9999.000 -9999.000 -9999.000 -9999.000 -9999.000 -9999.000 -9999.000 -9999.000 -9999.000 -9999.000 -9999.000 -9999.000 -9999.000 -9999.000 -9999.000 -9999.000 -9999.000 -9999.000 -9999.000 -9999.000
-9999.000 -9999.000 -9999.000 -9999.000 -9999.000 -9999.000 -9999.000 -9999.000 -9999.000 -9999.000 -9999.000 -9999.000 -9999.000 -9999.000 -9999.000 -0.6188724E-01 -0.5307375E-01 -0.5385372E-01 -0.5805502E-01 -0.6492452E-01 -0.7338173E-01 -0.8314291E-01 -0.9346573E-01 -0.1037703 -0.1136920 -0.1233654 -0.1339888 -0.1495817 -0.1825247 -0.2401064 -0.2401064 -9999.000 -9999.000 -9999.000 -9999.000 -9999.000 -9999.000 -9999.000 -9999.000 -9999.000 -9999.000 -9999.000 -9999.000 -9999.000 -9999.000 -9999.000 -9999.000 -9999.000 -9999.000 -9999.000 -9999.000 -9999.000 -9999.000 -9999.000 -9999.000 -9999.000 -9999.000 -9999.000 -9999.000
-9999.000 -9999.000 -9999.000 -9999.000 -9999.000 -9999.000 -9999.000 -9999.000 -9999.000 -9999.000 -9999.000 -9999.000 -9999.000 -9999.000 -9999.000 -0.5361303E-01 -0.4475826E-01 -0.4573395E-01 -0.5047697E-01 -0.5821513E-01 -0.6771004E-01 -0.7867797E-01 -0.9026727E-01 -0.1018259 -0.1129458 -0.1237926 -0.1357664 -0.1534959 -0.1914720 -0.2644088 -0.2644088 -9999.000 -9999.000 -9999.000 -9999.000 -9999.000 -9999.000 -9999.000 -9999.000 -9999.000 -9999.000 -9999.000 -9999.000 -9999.000 -9999.000 -9999.000 -9999.000 -9999.000 -9999.000 -9999.000 -9999.000 -9999.000 -9999.000 -9999.000 -9999.000 -9999.000 -9999.000 -9999.000 -9999.000
-9999.000 -9999.000 -9999.000 -9999.000 -9999.000 -9999.000 -9999.000 -9999.000 -9999.000 -9999.000 -9999.000 -9999.000 -9999.000 -9999.000 -9999.000 -0.4462503E-01 -0.3592353E-01 -0.3712042E-01 -0.4242581E-01 -0.5106456E-01 -0.6162291E-01 -0.7382964E-01 -0.8671010E-01 -0.9953662E-01 -0.1118572 -0.1238764 -0.1372308 -0.1572405 -0.2008594 -0.2936688 -0.2936688 -9999.000 -9999.000 -9999.000 -9999.000 -9999.000 -9999.000 -9999.000 -9999.000 -9999.000 -9999.000 -9999.000 -9999.000 -9999.000 -9999.000 -9999.000 -9999.000 -9999.000 -9999.000 -9999.000 -9999.000 -9999.000 -9999.000 -9999.000 -9999.000 -9999.000 -9999.000 -9999.000 -9999.000
-9999.000 -9999.000 -9999.000 -9999.000 -9999.000 -9999.000 -9999.000 -9999.000 -9999.000 -9999.000 -9999.000 -9999.000 -9999.000 -9999.000 -9999.000 -0.3475044E-01 -0.2643476E-01 -0.2788834E-01 -0.3378548E-01 -0.4336414E-01 -0.5501306E-01 -0.6848891E-01 -0.8267689E-01 -0.9677101E-01 -0.1102741 -0.1234402 -0.1381838 -0.1606212 -0.2106132 -0.3297804 -0.3297804 -9999.000 -9999.000 -9999.000 -9999.000 -9999.000 -9999.000 -9999.000 -9999.000 -9999.000 -9999.000 -9999.000 -9999.000 -9999.000 -9999.000 -9999.000 -9999.000 -9999.000 -9999.000 -9999.000 -9999.000 -9999.000 -9999.000 -9999.000 -9999.000 -9999.000 -9999.000 -9999.000 -9999.000
-9999.000 -9999.000 -9999.000 -9999.000 -9999.000 -9999.000 -9999.000 -9999.000 -9999.000 -9999.000 -9999.000 -9999.000 -9999.000 -9999.000 -9999.000 -0.1688464E-01 -0.1348178E-01 -0.1686985E-01 -0.2456033E-01 -0.3589666E-01 -0.4912074E-01 -0.6410587E-01 -0.7964166E-01 -0.9490649E-01 -0.1094126 -0.1235144 -0.1394645 -0.1642620 -0.2210604 -0.3737606 -0.3737606 -9999.000 -9999.000 -9999.000 -9999.000 -9999.000 -9999.000 -9999.000 -9999.000 -9999.000 -9999.000 -9999.000 -9999.000 -9999.000 -9999.000 -9999.000 -9999.000 -9999.000 -9999.000 -9999.000 -9999.000 -9999.000 -9999.000 -9999.000 -9999.000 -9999.000 -9999.000 -9999.000 -9999.000
-0.2730724E-02 -0.2730724E-02 -0.5754974E-02 -0.5891657E-02 -0.5884904E-02 -0.5884904E-02 -0.5873823E-02 -0.5852080E-02 -0.5852080E-02 -0.5826055E-02 -0.5826055E-02 -0.5793366E-02 -0.5775184E-02 -0.5756342E-02 -0.5737040E-02 -0.5737040E-02 -0.9508891E-02 -0.1512786E-01 -0.2587873E-01 -0.4178898E-01 -0.6177288E-01 -0.8471805E-01 -0.1092444 -0.1340276 -0.1579503 -0.1803619 -0.2015023 -0.2240077 -0.2613032 -0.3595737 -0.3595737 -0.1876819 -0.9435014E-01 -0.2742682E-01 -0.1924032E-01 -0.1924032E-01 -0.1237312E-01 -0.1237312E-01 0.2870845E-03 0.2870845E-03 0.9725867E-02 0.1454244E-01 0.1454244E-01 -0.1727179E-01 -0.1727179E-01 0.7041321E-03 0.7041321E-03 0.7041321E-03 0.4513843E-02 0.4513843E-02 0.4443011E-02 0.4443011E-02 0.2902803E-02 0.2902803E-02 0.1062483E-02 0.1062483E-02 -0.4261498E-03 -0.4261498E-03 -0.4261498E-03
-0.4189439E-02 -0.4189439E-02 -0.8539969E-02 -0.8375155E-02 -0.8294700E-02 -0.8294700E-02 -0.8253234E-02 -0.8226966E-02 -0.8226966E-02 -0.8213428E-02 -0.8213428E-02 -0.8188955E-02 -0.8173221E-02 -0.8156260E-02 -0.8138236E-02 -0.8138236E-02 -0.1445199E-01 -0.2284072E-01 -0.3801224E-01 -0.6033390E-01 -0.8918167E-01 -0.1230874 -0.1604635 -0.1996161 -0.2388595 -0.2765607 -0.3110360 -0.3405909 -0.3661669 -0.3907535 -0.3907535 -0.2551100 -0.1620075 -0.7664765E-01 -0.6003132E-01 -0.6003132E-01 -0.3508150E-01 -0.3508150E-01 0.8101115E-02 0.8101115E-02 0.3674073E-01 0.6763726E-01 0.6763726E-01 0.1156999E-01 0.1156999E-01 0.8416150E-02 0.8416150E-02 0.8416150E-02 0.9394118E-02 0.9394118E-02 0.7051285E-02 0.7051285E-02 0.3211462E-02 0.3211462E-02 -0.5602837E-03 -0.5602837E-03 -0.3397003E-02 -0.3397003E-02 -0.3397003E-02
-0.3445862E-02 -0.3445862E-02 -0.6979859E-02 -0.7117380E-02 -0.7012011E-02 -0.7012011E-02 -0.6955488E-02 -0.6938937E-02 -0.6938937E-02 -0.6954480E-02 -0.6954480E-02 -0.6958079E-02 -0.6955081E-02 -0.6950423E-02 -0.6944661E-02 -0.6944661E-02 -0.1490043E-01 -0.2551925E-01 -0.4297988E-01 -0.6771068E-01 -0.9938258E-01 -0.1370255 -0.1794516 -0.2253077 -0.2731234 -0.3213164 -0.3682129 -0.4119177 -0.4487381 -0.4729441 -0.4729441 -0.3819477 -0.2992408 -0.1878437 -0.1509161 -0.1509161 -0.7926947E-01 -0.7926947E-01 0.2124197E-01 0.2124197E-01 0.7773095E-01 0.1516829 0.1516829 0.9929576E-01 0.9929576E-01 0.3178679E-01 0.3178679E-01 0.3178679E-01 0.1630659E-01 0.1630659E-01 0.6383265E-02 0.6383265E-02 -0.1498048E-02 -0.1498048E-02 -0.7486323E-02 -0.7486323E-02 -0.1127811E-01 -0.1127811E-01 -0.1127811E-01
-0.2716339E-02 -0.2716339E-02 -0.5476763E-02 -0.5761303E-02 -0.5643290E-02 -0.5643290E-02 -0.5572514E-02 -0.5545915E-02 -0.5545915E-02 -0.5563403E-02 -0.5563403E-02 -0.5569912E-02 -0.5568170E-02 -0.5564651E-02 -0.5560239E-02 -0.5560239E-02 -0.1559360E-01 -0.2883616E-01 -0.4890262E-01 -0.7589857E-01 -0.1095071 -0.1490343 -0.1936135 -0.2422540 -0.2938551 -0.3471797 -0.4008282 -0.4530523 -0.5000026 -0.5346871 -0.5346871 -0.4835976 -0.4207759 -0.3060195 -0.2519663 -0.2519663 -0.1227765 -0.1227765 0.4134099E-01 0.4134099E-01 0.1190200 0.2167639 0.2167639 0.1848520 0.1848520 0.6638004E-01 0.6638004E-01 0.6638004E-01 0.2677528E-01 0.2677528E-01 0.4633443E-02 0.4633443E-02 -0.9161051E-02 -0.9161051E-02 -0.1784498E-01 -0.1784498E-01 -0.2225678E-01 -0.2225678E-01 -0.2225678E-01
-0.2010946E-02 -0.2010946E-02 -0.4044643E-02 -0.4363246E-02 -0.4254814E-02 -0.4254814E-02 -0.4184657E-02 -0.4155152E-02 -0.4155152E-02 -0.4171167E-02 -0.4171167E-02 -0.4177968E-02 -0.4176974E-02 -0.4174182E-02 -0.4170881E-02 -0.4170881E-02 -0.1719806E-01 -0.3374321E-01 -0.5720574E-01 -0.8718832E-01 -0.1232129 -0.1646834 -0.2109271 -0.2612019 -0.3146886 -0.3704606 -0.4274419 -0.4842203 -0.5375458 -0.5808140 -0.5808140 -0.5621887 -0.5205415 -0.4096479 -0.3370446 -0.3370446 -0.1426618 -0.1426618 0.6867143E-01 0.6867143E-01 0.1526700 0.2518384 0.2518384 0.2408988 0.2408988 0.1043238 0.1043238 0.1043238 0.4159361E-01 0.4159361E-01 0.4877333E-02 0.4877333E-02 -0.1657010E-01 -0.1657010E-01 -0.2864143E-01 -0.2864143E-01 -0.3367113E-01 -0.3367113E-01 -0.3367113E-01
-0.1327114E-02 -0.1327114E-02 -0.2666280E-02 -0.2930101E-02 -0.2848250E-02 -0.2848250E-02 -0.2792744E-02 -0.2767933E-02 -0.2767933E-02 -0.2780026E-02 -0.2780026E-02 -0.2785612E-02 -0.2785156E-02 -0.2783205E-02 -0.2780841E-02 -0.2780841E-02 -0.2013233E-01 -0.4083864E-01 -0.6860974E-01 -0.1024617 -0.1416517 -0.1855700 -0.2336659 -0.2853906 -0.3401556 -0.3972871 -0.4559800 -0.5151393 -0.5722127 -0.6215172 -0.6215172 -0.6262482 -0.6021880 -0.4853329 -0.3847240 -0.3847240 -0.1277848 -0.1277848 0.9416366E-01 0.9416366E-01 0.1702569 0.2580604 0.2580604 0.2634864 0.2634864 0.1381506 0.1381506 0.1381506 0.5959318E-01 0.5959318E-01 0.8491925E-02 0.8491925E-02 -0.2184722E-01 -0.2184722E-01 -0.3812058E-01 -0.3812058E-01 -0.4402093E-01 -0.4402093E-01 -0.4402093E-01
-0.6593034E-03 -0.6593034E-03 -0.1324011E-02 -0.1471651E-02 -0.1427816E-02 -0.1427816E-02 -0.1397301E-02 -0.1383336E-02 -0.1383336E-02 -0.1389774E-02 -0.1389774E-02 -0.1392979E-02 -0.1392686E-02 -0.1391774E-02 -0.1390518E-02 -0.1390518E-02 -0.2496280E-01 -0.5093810E-01 -0.8407924E-01 -0.1227817 -0.1659793 -0.2129762 -0.2632915 -0.3165430 -0.3723612 -0.4303184 -0.4898666 -0.5502002 -0.6093756 -0.6625983 -0.6625983 -0.6826999 -0.6689120 -0.5170971 -0.3776162 -0.3776162 -0.8850518E-01 -0.8850518E-01 0.1065712 0.1065712 0.1684090 0.2427081 0.2427081 0.2596799 0.2596799 0.1618010 0.1618010 0.1618010 0.7788038E-01 0.7788038E-01 0.1540013E-01 0.1540013E-01 -0.2397772E-01 -0.2397772E-01 -0.4508323E-01 -0.4508323E-01 -0.5221490E-01 -0.5221490E-01 -0.5221490E-01
0.4594843E-07 0.4594843E-07 0.1103421E-06 0.9394729E-08 -0.7197329E-08 -0.7197329E-08 -0.3110629E-07 -0.5455067E-07 -0.5455067E-07 0.4432238E-08 0.4432238E-08 -0.1848675E-06 -0.3072313E-08 -0.2793531E-08 0.3140050E-08 0.3140050E-08 -0.3252460E-01 -0.6521984E-01 -0.1049991 -0.1496344 -0.1977255 -0.2484626 -0.3014074 -0.3563265 -0.4130670 -0.4714571 -0.5312219 -0.5918511 -0.6518940 -0.7070395 -0.7070395 -0.7346438 -0.7174770 -0.4861127 -0.3155788 -0.3155788 -0.4885980E-01 -0.4885980E-01 0.1020729 0.1020729 0.1507113 0.2144141 0.2144141 0.2387663 0.2387663 0.1720127 0.1720127 0.1720127 0.9274568E-01 0.9274568E-01 0.2423967E-01 0.2423967E-01 -0.2275019E-01 -0.2275019E-01 -0.4871609E-01 -0.4871609E-01 -0.5735021E-01 -0.5735021E-01 -0.5735021E-01
0.6593181E-03 0.6593181E-03 0.1324206E-02 0.1471701E-02 0.1427842E-02 0.1427842E-02 0.1397241E-02 0.1383225E-02 0.1383225E-02 0.1389757E-02 0.1389757E-02 0.1392857E-02 0.1392554E-02 0.1391682E-02 0.1390487E-02 0.1390487E-02 -0.4410877E-01 -0.8543885E-01 -0.1333873 -0.1851335 -0.2389941 -0.2940778 -0.3500035 -0.4066904 -0.4642044 -0.5226359 -0.5819998 -0.6420915 -0.7017778 -0.7561204 -0.7561204 -0.7795408 -0.7308319 -0.3918576 -0.2282500 -0.2282500 -0.2598232E-01 -0.2598232E-01 0.8520383E-01 0.8520383E-01 0.1243200 0.1802202 0.1802202 0.2082508 0.2082508 0.1686444 0.1686444 0.1686444 0.1009489 0.1009489 0.3281774E-01 0.3281774E-01 -0.1869291E-01 -0.1869291E-01 -0.4859126E-01 -0.4859126E-01 -0.5869583E-01 -0.5869583E-01 -0.5869583E-01
0.1326990E-02 0.1326990E-02 0.2666347E-02 0.2930147E-02 0.2848355E-02 0.2848355E-02 0.2792787E-02 0.2767836E-02 0.2767836E-02 0.2780085E-02 0.2780085E-02 0.2785756E-02 0.2784949E-02 0.2783132E-02 0.2780719E-02 0.2780719E-02 -0.6180209E-01 -0.1143018 -0.1722474 -0.2323337 -0.2927364 -0.3525977 -0.4116677 -0.4700587 -0.5280711 -0.5860630 -0.6443436 -0.7029932 -0.7607304 -0.8085772 -0.8085772 -0.8018038 -0.6718048 -0.2735046 -0.1550751 -0.1550751 -0.2012869E-01 -0.2012869E-01 0.6329303E-01 0.6329303E-01 0.9564658E-01 0.1446185 0.1446185 0.1731011 0.1731011 0.1537757 0.1537757 0.1537757 0.1007162 0.1007162 0.3883213E-01 0.3883213E-01 -0.1288674E-01 -0.1288674E-01 -0.4469757E-01 -0.4469757E-01 -0.5577415E-01 -0.5577415E-01 -0.5577415E-01
0.2010803E-02 0.2010803E-02 0.4044705E-02 0.4363345E-02 0.4255009E-02 0.4255009E-02 0.4184847E-02 0.4155217E-02 0.4155217E-02 0.4171331E-02 0.4171331E-02 0.4178081E-02 0.4176969E-02 0.4174273E-02 0.4170761E-02 0.4170761E-02 -0.8915231E-01 -0.1561524 -0.2261836 -0.2957516 -0.3631862 -0.4278893 -0.4898929 -0.5495873 -0.6075470 -0.6644076 -0.7207678 -0.7768744 -0.8296513 -0.8543684 -0.8543684 -0.7557415 -0.5124937 -0.1817496 -0.1111918 -0.1111918 -0.2212943E-01 -0.2212943E-01 0.4188045E-01 0.4188045E-01 0.6855344E-01 0.1099603 0.1099603 0.1362900 0.1362900 0.1303890 0.1303890 0.1303890 0.9197850E-01 0.9197850E-01 0.4057776E-01 0.4057776E-01 -0.6640789E-02 -0.6640789E-02 -0.3743246E-01 -0.3743246E-01 -0.4847372E-01 -0.4847372E-01 -0.4847372E-01
0.2716219E-02 0.2716219E-02 0.5476937E-02 0.5761482E-02 0.5643434E-02 0.5643434E-02 0.5572465E-02 0.5546126E-02 0.5546126E-02 0.5563575E-02 0.5563575E-02 0.5570017E-02 0.5568432E-02 0.5564779E-02 0.5560369E-02 0.5560369E-02 -0.1325665 -0.2183058 -0.3025408 -0.3823002 -0.4566191 -0.5255349 -0.5895953 -0.6496022 -0.7064660 -0.7611152 -0.8144252 -0.8663110 -0.9050002 -0.8514231 -0.8514231 -0.5784004 -0.3102328 -0.1281600 -0.8762901E-01 -0.8762901E-01 -0.2434429E-01 -0.2434429E-01 0.2372798E-01 0.2372798E-01 0.4485799E-01 0.7747404E-01 0.7747404E-01 0.9972861E-01 0.9972861E-01 0.1015670 0.1015670 0.1015670 0.7609490E-01 0.7609490E-01 0.3744777E-01 0.3744777E-01 -0.1073015E-02 -0.1073015E-02 -0.2750781E-01 -0.2750781E-01 -0.3713921E-01 -0.3713921E-01 -0.3713921E-01
