cruce_test.gid/Rasters/Hydraulic/Velocity____107.0.asc
NCOLS        79
NROWS        79
XLLCENTER         -1.500000
YLLCENTER         -4.800000
CELLSIZE           0.100
NODATA_VALUE     -9999.0
[rows 0 to 26 of 79, columns 0 to 59 of 79]
-9999.000 -9999.000 -9999.000 -9999.000 -9999.000 -9999.000 -9999.000 -9999.000 -9999.000 -9999.000 -9999.000 -9999.000 -9999.000 -9999.000 -9999.000 0.1732558 0.1720935 0.1720648 0.1722180 0.1724216 0.1726324 0.1728319 0.1730183 0.1732095 0.1734496 0.1738191 0.1744513 0.1755667 0.1774597 0.1764333 0.1764333 -9999.000 -9999.000 -9999.000 -9999.000 -9999.000 -9999.000 -9999.000 -9999.000 -9999.000 -9999.000 -9999.000 -9999.000 -9999.000 -9999.000 -9999.000 -9999.000 -9999.000 -9999.000 -9999.000 -9999.000 -9999.000 -9999.000 -9999.000 -9999.000 -9999.000 -9999.000 -9999.000 -9999.000 -9999.000
-9999.000 -9999.000 -9999.000 -9999.000 -9999.000 -9999.000 -9999.000 -9999.000 -9999.000 -9999.000 -9999.000 -9999.000 -9999.000 -9999.000 -9999.000 0.1709804 0.1684583 0.1683886 0.1687218 0.1691788 0.1696630 0.1701297 0.1705706 0.1710195 0.1715672 0.1723846 0.1737599 0.1761724 0.1802393 0.1786672 0.1786672 -9999.000 -9999.000 -9999.000 -9999.000 -9999.000 -9999.000 -9999.000 -9999.000 -9999.000 -9999.000 -9999.000 -9999.000 -9999.000 -9999.000 -9999.000 -9999.000 -9999.000 -9999.000 -9999.000 -9999.000 -9999.000 -9999.000 -9999.000 -9999.000 -9999.000 -9999.000 -9999.000 -9999.000 -9999.000
-9999.000 -9999.000 -9999.000 -9999.000 -9999.000 -9999.000 -9999.000 -9999.000 -9999.000 -9999.000 -9999.000 -9999.000 -9999.000 -9999.000 -9999.000 0.1674517 0.1633974 0.1632806 0.1638675 0.1646987 0.1656090 0.1665192 0.1674127 0.1683457 0.1694715 0.1710765 0.1736353 0.1779186 0.1848756 0.1833623 0.1833623 -9999.000 -9999.000 -9999.000 -9999.000 -9999.000 -9999.000 -9999.000 -9999.000 -9999.000 -9999.000 -9999.000 -9999.000 -9999.000 -9999.000 -9999.000 -9999.000 -9999.000 -9999.000 -9999.000 -9999.000 -9999.000 -9999.000 -9999.000 -9999.000 -9999.000 -9999.000 -9999.000 -9999.000 -9999.000
-9999.000 -9999.000 -9999.000 -9999.000 -9999.000 -9999.000 -9999.000 -9999.000 -9999.000 -9999.000 -9999.000 -9999.000 -9999.000 -9999.000 -9999.000 0.1632061 0.1576354 0.1575030 0.1584093 0.1597044 0.1611482 0.1626244 0.1641059 0.1656714 0.1675385 0.1701141 0.1740703 0.1804916 0.1907053 0.1899372 0.1899372 -9999.000 -9999.000 -9999.000 -9999.000 -9999.000 -9999.000 -9999.000 -9999.000 -9999.000 -9999.000 -9999.000 -9999.000 -9999.000 -9999.000 -9999.000 -9999.000 -9999.000 -9999.000 -9999.000 -9999.000 -9999.000 -9999.000 -9999.000 -9999.000 -9999.000 -9999.000 -9999.000 -9999.000 -9999.000
-9999.000 -9999.000 -9999.000 -9999.000 -9999.000 -9999.000 -9999.000 -9999.000 -9999.000 -9999.000 -9999.000 -9999.000 -9999.000 -9999.000 -9999.000 0.1583500 0.1512875 0.1511661 0.1524500 0.1542858 0.1563537 0.1584952 0.1606712 0.1629838 0.1657180 0.1694101 0.1749466 0.1837586 0.1976183 0.1983536 0.1983536 -9999.000 -9999.000 -9999.000 -9999.000 -9999.000 -9999.000 -9999.000 -9999.000 -9999.000 -9999.000 -9999.000 -9999.000 -9999.000 -9999.000 -9999.000 -9999.000 -9999.000 -9999.000 -9999.000 -9999.000 -9999.000 -9999.000 -9999.000 -9999.000 -9999.000 -9999.000 -9999.000 -9999.000 -9999.000
-9999.000 -9999.000 -9999.000 -9999.000 -9999.000 -9999.000 -9999.000 -9999.000 -9999.000 -9999.000 -9999.000 -9999.000 -9999.000 -9999.000 -9999.000 0.1529380 0.1444263 0.1443415 0.1460553 0.1485014 0.1512718 0.1541630 0.1571218 0.1602747 0.1639800 0.1689136 0.1761983 0.1876552 0.2055939 0.2087216 0.2087216 -9999.000 -9999.000 -9999.000 -9999.000 -9999.000 -9999.000 -9999.000 -9999.000 -9999.000 -9999.000 -9999.000 -9999.000 -9999.000 -9999.000 -9999.000 -9999.000 -9999.000 -9999.000 -9999.000 -9999.000 -9999.000 -9999.000 -9999.000 -9999.000 -9999.000 -9999.000 -9999.000 -9999.000 -9999.000
-9999.000 -9999.000 -9999.000 -9999.000 -9999.000 -9999.000 -9999.000 -9999.000 -9999.000 -9999.000 -9999.000 -9999.000 -9999.000 -9999.000 -9999.000 0.1469782 0.1370867 0.1370680 0.1392644 0.1423868 0.1459330 0.1496496 0.1534682 0.1575418 0.1623079 0.1685960 0.1777917 0.1921609 0.2146751 0.2212812 0.2212812 -9999.000 -9999.000 -9999.000 -9999.000 -9999.000 -9999.000 -9999.000 -9999.000 -9999.000 -9999.000 -9999.000 -9999.000 -9999.000 -9999.000 -9999.000 -9999.000 -9999.000 -9999.000 -9999.000 -9999.000 -9999.000 -9999.000 -9999.000 -9999.000 -9999.000 -9999.000 -9999.000 -9999.000 -9999.000
-9999.000 -9999.000 -9999.000 -9999.000 -9999.000 -9999.000 -9999.000 -9999.000 -9999.000 -9999.000 -9999.000 -9999.000 -9999.000 -9999.000 -9999.000 0.1404395 0.1292758 0.1293606 0.1320970 0.1359647 0.1403596 0.1449738 0.1497231 0.1547893 0.1606970 0.1684451 0.1797149 0.1972851 0.2249560 0.2364164 0.2364164 -9999.000 -9999.000 -9999.000 -9999.000 -9999.000 -9999.000 -9999.000 -9999.000 -9999.000 -9999.000 -9999.000 -9999.000 -9999.000 -9999.000 -9999.000 -9999.000 -9999.000 -9999.000 -9999.000 -9999.000 -9999.000 -9999.000 -9999.000 -9999.000 -9999.000 -9999.000 -9999.000 -9999.000 -9999.000
-9999.000 -9999.000 -9999.000 -9999.000 -9999.000 -9999.000 -9999.000 -9999.000 -9999.000 -9999.000 -9999.000 -9999.000 -9999.000 -9999.000 -9999.000 0.1332589 0.1209780 0.1212183 0.1245631 0.1292534 0.1345742 0.1401591 0.1459071 0.1520330 0.1591574 0.1684664 0.1819758 0.2030634 0.2365795 0.2546962 0.2546962 -9999.000 -9999.000 -9999.000 -9999.000 -9999.000 -9999.000 -9999.000 -9999.000 -9999.000 -9999.000 -9999.000 -9999.000 -9999.000 -9999.000 -9999.000 -9999.000 -9999.000 -9999.000 -9999.000 -9999.000 -9999.000 -9999.000 -9999.000 -9999.000 -9999.000 -9999.000 -9999.000 -9999.000 -9999.000
-9999.000 -9999.000 -9999.000 -9999.000 -9999.000 -9999.000 -9999.000 -9999.000 -9999.000 -9999.000 -9999.000 -9999.000 -9999.000 -9999.000 -9999.000 0.1253432 0.1121595 0.1126300 0.1166717 0.1222771 0.1286116 0.1352456 0.1420625 0.1493139 0.1577267 0.1686935 0.1846100 0.2095608 0.2497433 0.2769550 0.2769550 -9999.000 -9999.000 -9999.000 -9999.000 -9999.000 -9999.000 -9999.000 -9999.000 -9999.000 -9999.000 -9999.000 -9999.000 -9999.000 -9999.000 -9999.000 -9999.000 -9999.000 -9999.000 -9999.000 -9999.000 -9999.000 -9999.000 -9999.000 -9999.000 -9999.000 -9999.000 -9999.000 -9999.000 -9999.000
-9999.000 -9999.000 -9999.000 -9999.000 -9999.000 -9999.000 -9999.000 -9999.000 -9999.000 -9999.000 -9999.000 -9999.000 -9999.000 -9999.000 -9999.000 0.1165669 0.1027691 0.1035816 0.1084419 0.1150822 0.1225376 0.1303125 0.1382763 0.1467236 0.1564969 0.1692146 0.1877024 0.2168870 0.2647142 0.3044398 0.3044398 -9999.000 -9999.000 -9999.000 -9999.000 -9999.000 -9999.000 -9999.000 -9999.000 -9999.000 -9999.000 -9999.000 -9999.000 -9999.000 -9999.000 -9999.000 -9999.000 -9999.000 -9999.000 -9999.000 -9999.000 -9999.000 -9999.000 -9999.000 -9999.000 -9999.000 -9999.000 -9999.000 -9999.000 -9999.000
-9999.000 -9999.000 -9999.000 -9999.000 -9999.000 -9999.000 -9999.000 -9999.000 -9999.000 -9999.000 -9999.000 -9999.000 -9999.000 -9999.000 -9999.000 0.1067668 0.9274089E-01 0.9406936E-01 0.9992813E-01 0.1077691 0.1164863 0.1255195 0.1347290 0.1444584 0.1556730 0.1702314 0.1914414 0.2252361 0.2818577 0.3390837 0.3390837 -9999.000 -9999.000 -9999.000 -9999.000 -9999.000 -9999.000 -9999.000 -9999.000 -9999.000 -9999.000 -9999.000 -9999.000 -9999.000 -9999.000 -9999.000 -9999.000 -9999.000 -9999.000 -9999.000 -9999.000 -9999.000 -9999.000 -9999.000 -9999.000 -9999.000 -9999.000 -9999.000 -9999.000 -9999.000
-9999.000 -9999.000 -9999.000 -9999.000 -9999.000 -9999.000 -9999.000 -9999.000 -9999.000 -9999.000 -9999.000 -9999.000 -9999.000 -9999.000 -9999.000 0.9572813E-01 0.8200043E-01 0.8413516E-01 0.9127721E-01 0.1005631 0.1107426 0.1212007 0.1317999 0.1429389 0.1557065 0.1722009 0.1962512 0.2349903 0.3017057 0.3840481 0.3840481 -9999.000 -9999.000 -9999.000 -9999.000 -9999.000 -9999.000 -9999.000 -9999.000 -9999.000 -9999.000 -9999.000 -9999.000 -9999.000 -9999.000 -9999.000 -9999.000 -9999.000 -9999.000 -9999.000 -9999.000 -9999.000 -9999.000 -9999.000 -9999.000 -9999.000 -9999.000 -9999.000 -9999.000 -9999.000
-9999.000 -9999.000 -9999.000 -9999.000 -9999.000 -9999.000 -9999.000 -9999.000 -9999.000 -9999.000 -9999.000 -9999.000 -9999.000 -9999.000 -9999.000 0.8310794E-01 0.7049959E-01 0.7403124E-01 0.8298912E-01 0.9413531E-01 0.1060979 0.1182451 0.1304687 0.1432329 0.1577367 0.1762841 0.2032193 0.2470643 0.3251611 0.4449386 0.4449386 -9999.000 -9999.000 -9999.000 -9999.000 -9999.000 -9999.000 -9999.000 -9999.000 -9999.000 -9999.000 -9999.000 -9999.000 -9999.000 -9999.000 -9999.000 -9999.000 -9999.000 -9999.000 -9999.000 -9999.000 -9999.000 -9999.000 -9999.000 -9999.000 -9999.000 -9999.000 -9999.000 -9999.000 -9999.000
-9999.000 -9999.000 -9999.000 -9999.000 -9999.000 -9999.000 -9999.000 -9999.000 -9999.000 -9999.000 -9999.000 -9999.000 -9999.000 -9999.000 -9999.000 0.6533781E-01 0.6518695E-01 0.7775354E-01 0.9243894E-01 0.1068149 0.1204164 0.1332493 0.1456034 0.1581725 0.1723034 0.1905043 0.2177345 0.2644009 0.3535912 0.5303747 0.5303747 -9999.000 -9999.000 -9999.000 -9999.000 -9999.000 -9999.000 -9999.000 -9999.000 -9999.000 -9999.000 -9999.000 -9999.000 -9999.000 -9999.000 -9999.000 -9999.000 -9999.000 -9999.000 -9999.000 -9999.000 -9999.000 -9999.000 -9999.000 -9999.000 -9999.000 -9999.000 -9999.000 -9999.000 -9999.000
1.954743 1.954743 2.024654 2.059448 2.068205 2.068205 2.074389 2.081995 2.081995 2.085643 2.085643 2.086724 2.086534 2.085940 2.059787 2.059787 1.693869 1.639653 1.578472 1.506990 1.425182 1.334065 1.235542 1.132608 1.029769 0.9337288 0.8546130 0.8087543 0.8263175 0.9762864 0.9762864 1.748376 1.900646 1.916749 1.891636 1.891636 1.819509 1.819509 1.634250 1.634250 1.350276 1.121622 1.121622 1.086521 1.086521 1.119890 1.119890 1.119890 1.170761 1.170761 1.219789 1.219789 1.272201 1.272201 1.309390 1.309390 1.337278 1.337278 1.337278 1.355798
1.971401 1.971401 2.047442 2.098378 2.115699 2.115699 2.130543 2.155531 2.155531 2.176485 2.176485 2.194744 2.203089 2.210996 2.207975 2.207975 1.959045 1.937964 1.923621 1.901336 1.868484 1.824095 1.767860 1.700414 1.623715 1.541602 1.460927 1.393748 1.363205 1.419945 1.419945 1.902970 2.054688 2.159724 2.174690 2.174690 2.159040 2.159040 2.071321 2.071321 1.916094 1.623346 1.623346 1.592152 1.592152 1.629656 1.629656 1.629656 1.678901 1.678901 1.715246 1.715246 1.772920 1.772920 1.812910 1.812910 1.845184 1.845184 1.845184 1.869898
1.975362 1.975362 2.049049 2.098920 2.116215 2.116215 2.131162 2.156535 2.156535 2.177982 2.177982 2.196800 2.205451 2.213681 2.215120 2.215120 2.014211 1.990091 1.995114 1.997660 1.993118 1.980278 1.958279 1.926771 1.886376 1.839235 1.790042 1.746434 1.723118 1.757584 1.757584 2.095519 2.230194 2.355296 2.381252 2.381252 2.380742 2.380742 2.316696 2.316696 2.229687 2.003733 2.003733 1.930032 1.930032 1.953730 1.953730 1.953730 1.993924 1.993924 2.029748 2.029748 2.071004 2.071004 2.103225 2.103225 2.128768 2.128768 2.128768 2.148023
1.978448 1.978448 2.050359 2.099129 2.116256 2.116256 2.131139 2.156513 2.156513 2.177992 2.177992 2.196829 2.205487 2.213722 2.217483 2.217483 2.054195 2.017769 2.026304 2.038730 2.046327 2.047904 2.043004 2.031416 2.013367 1.989576 1.964176 1.941972 1.931702 1.960449 1.960449 2.210518 2.324750 2.444331 2.469146 2.469146 2.467914 2.467914 2.417235 2.417235 2.366091 2.205489 2.205489 2.110276 2.110276 2.119667 2.119667 2.119667 2.154419 2.154419 2.187028 2.187028 2.221608 2.221608 2.250234 2.250234 2.272721 2.272721 2.272721 2.289268
1.980772 1.980772 2.051426 2.099312 2.116286 2.116286 2.131107 2.156477 2.156477 2.177981 2.177981 2.196828 2.205486 2.213719 2.218955 2.218955 2.094269 2.050123 2.055649 2.072393 2.086243 2.094849 2.097895 2.095582 2.088470 2.077561 2.065916 2.057297 2.058383 2.088163 2.088163 2.266045 2.367052 2.469115 2.484605 2.484605 2.472907 2.472907 2.437891 2.437891 2.412752 2.319473 2.319473 2.228096 2.228096 2.216121 2.216121 2.216121 2.245050 2.245050 2.275062 2.275062 2.305648 2.305648 2.331755 2.331755 2.352011 2.352011 2.352011 2.366549
1.982389 1.982389 2.052213 2.099455 2.116307 2.116307 2.131078 2.156447 2.156447 2.177973 2.177973 2.196828 2.205485 2.213717 2.219898 2.219898 2.132426 2.089359 2.090360 2.108409 2.126181 2.139273 2.146886 2.149282 2.147280 2.142217 2.136954 2.135000 2.141651 2.169490 2.169490 2.295936 2.378869 2.446628 2.447469 2.447469 2.429153 2.429153 2.419154 2.419154 2.415704 2.380297 2.380297 2.313983 2.313983 2.283343 2.283343 2.283343 2.303952 2.303952 2.329986 2.329986 2.356902 2.356902 2.380189 2.380189 2.398093 2.398093 2.398093 2.410668
1.983342 1.983342 2.052695 2.099546 2.116320 2.116320 2.131059 2.156426 2.156426 2.177967 2.177967 2.196828 2.205485 2.213716 2.220501 2.220501 2.167278 2.133539 2.132169 2.149623 2.169616 2.185911 2.196788 2.202190 2.202885 2.200328 2.197277 2.197236 2.204610 2.226223 2.226223 2.310014 2.364121 2.380006 2.368902 2.368902 2.361606 2.361606 2.384303 2.384303 2.398504 2.406208 2.406208 2.373907 2.373907 2.336735 2.336735 2.336735 2.347809 2.347809 2.368042 2.368042 2.390436 2.390436 2.410215 2.410215 2.425398 2.425398 2.425398 2.435903
1.983657 1.983657 2.052857 2.099579 2.116325 2.116325 2.131052 2.156419 2.156419 2.177965 2.177965 2.196828 2.205486 2.213716 2.220888 2.220888 2.199302 2.180596 2.181128 2.197576 2.218265 2.236512 2.249732 2.257325 2.259757 2.258333 2.255581 2.254902 2.259729 2.269640 2.269640 2.306777 2.314333 2.274931 2.265774 2.265774 2.290398 2.290398 2.345384 2.345384 2.372721 2.410016 2.410016 2.409890 2.409890 2.380484 2.380484 2.380484 2.383621 2.383621 2.396955 2.396955 2.413730 2.413730 2.429169 2.429169 2.441069 2.441069 2.441069 2.449272
1.983342 1.983342 2.052695 2.099546 2.116320 2.116320 2.131059 2.156426 2.156426 2.177967 2.177967 2.196828 2.205485 2.213716 2.221135 2.221135 2.230389 2.229628 2.236543 2.253122 2.273502 2.292361 2.306837 2.315841 2.319418 2.318534 2.315325 2.312843 2.312658 2.301081 2.301081 2.271412 2.213677 2.150111 2.160382 2.160382 2.226076 2.226076 2.306651 2.306651 2.343209 2.400432 2.400432 2.425873 2.425873 2.414228 2.414228 2.414228 2.413325 2.413325 2.420046 2.420046 2.430441 2.430441 2.440648 2.440648 2.448636 2.448636 2.448636 2.454292
1.982389 1.982389 2.052213 2.099455 2.116307 2.116307 2.131078 2.156447 2.156447 2.177973 2.177973 2.196828 2.205485 2.213717 2.221294 2.221294 2.263446 2.281341 2.297860 2.316540 2.336392 2.354667 2.369122 2.378520 2.382548 2.381752 2.377769 2.372927 2.364246 2.308299 2.308299 2.174398 2.057271 2.031400 2.068116 2.068116 2.170339 2.170339 2.268979 2.268979 2.312012 2.382924 2.382924 2.426956 2.426956 2.436781 2.436781 2.436781 2.436288 2.436288 2.437980 2.437980 2.441882 2.441882 2.446210 2.446210 2.449777 2.449777 2.449777 2.452729
1.980772 1.980772 2.051426 2.099313 2.116285 2.116285 2.131107 2.156477 2.156477 2.177981 2.177981 2.196828 2.205486 2.213719 2.221397 2.221397 2.302345 2.338100 2.365476 2.387952 2.407613 2.424455 2.437586 2.446140 2.449670 2.448365 2.443323 2.435429 2.408914 2.254064 2.254064 1.988785 1.879903 1.931619 1.985990 1.985990 2.119426 2.119426 2.230925 2.230925 2.278847 2.359652 2.359652 2.416785 2.416785 2.447102 2.447102 2.447102 2.450430 2.450430 2.449293 2.449293 2.447348 2.447348 2.445654 2.445654 2.444603 2.444603 2.444603 2.444880
1.978448 1.978448 2.050359 2.099129 2.116256 2.116256 2.131140 2.156513 2.156513 2.177992 2.177992 2.196829 2.205487 2.213722 2.221464 2.221464 2.352311 2.403943 2.441279 2.467952 2.487638 2.502451 2.513076 2.519444 2.521305 2.518660 2.512113 2.498817 2.423126 2.055977 2.055977 1.753007 1.729051 1.845222 1.918105 1.918105 2.070051 2.070051 2.191627 2.191627 2.243623 2.331744 2.331744 2.397912 2.397912 2.445179 2.445179 2.445179 2.453924 2.453924 2.451953 2.451953 2.445346 2.445346 2.438086 2.438086 2.432659 2.432659 2.432659 2.430526
