cruce_test.gid/Rasters/Hydraulic/Velocity__x_227.0.asc
NCOLS        79
NROWS        79
XLLCENTER         -1.500000
YLLCENTER         -4.800000
CELLSIZE           0.100
NODATA_VALUE     -9999.0
[rows 0 to 25 of 79, columns 0 to 57 of 79]
-9999.000 -9999.000 -9999.000 -9999.000 -9999.000 -9999.000 -9999.000 -9999.000 -9999.000 -9999.000 -9999.000 -9999.000 -9999.000 -9999.000 -9999.000 -0.1577289E-02 -0.1189178E-02 0.2189848E-02 0.6989079E-02 0.1187978E-01 0.1586723E-01 0.1867204E-01 0.2028165E-01 0.2077932E-01 0.2031553E-01 0.1902649E-01 0.1699643E-01 0.1416700E-01 0.9937723E-02 0.4867282E-02 0.4867282E-02 -9999.000 -9999.000 -9999.000 -9999.000 -9999.000 -9999.000 -9999.000 -9999.000 -9999.000 -9999.000 -9999.000 -9999.000 -9999.000 -9999.000 -9999.000 -9999.000 -9999.000 -9999.000 -9999.000 -9999.000 -9999.000 -9999.000 -9999.000 -9999.000 -9999.000 -9999.000 -9999.000
-9999.000 -9999.000 -9999.000 -9999.000 -9999.000 -9999.000 -9999.000 -9999.000 -9999.000 -9999.000 -9999.000 -9999.000 -9999.000 -9999.000 -9999.000 -0.3128216E-03 0.1298555E-02 0.5726005E-02 0.1142202E-01 0.1711349E-01 0.2181050E-01 0.2516765E-01 0.2710174E-01 0.2764231E-01 0.2690259E-01 0.2500395E-01 0.2203820E-01 0.1798769E-01 0.1238219E-01 0.6045178E-02 0.6045178E-02 -9999.000 -9999.000 -9999.000 -9999.000 -9999.000 -9999.000 -9999.000 -9999.000 -9999.000 -9999.000 -9999.000 -9999.000 -9999.000 -9999.000 -9999.000 -9999.000 -9999.000 -9999.000 -9999.000 -9999.000 -9999.000 -9999.000 -9999.000 -9999.000 -9999.000 -9999.000 -9999.000
-9999.000 -9999.000 -9999.000 -9999.000 -9999.000 -9999.000 -9999.000 -9999.000 -9999.000 -9999.000 -9999.000 -9999.000 -9999.000 -9999.000 -9999.000 0.1346780E-03 0.2277053E-02 0.7327436E-02 0.1361569E-01 0.1982640E-01 0.2493530E-01 0.2857914E-01 0.3066297E-01 0.3120882E-01 0.3032894E-01 0.2814880E-01 0.2477044E-01 0.2018865E-01 0.1393102E-01 0.6839767E-02 0.6839767E-02 -9999.000 -9999.000 -9999.000 -9999.000 -9999.000 -9999.000 -9999.000 -9999.000 -9999.000 -9999.000 -9999.000 -9999.000 -9999.000 -9999.000 -9999.000 -9999.000 -9999.000 -9999.000 -9999.000 -9999.000 -9999.000 -9999.000 -9999.000 -9999.000 -9999.000 -9999.000 -9999.000
-9999.000 -9999.000 -9999.000 -9999.000 -9999.000 -9999.000 -9999.000 -9999.000 -9999.000 -9999.000 -9999.000 -9999.000 -9999.000 -9999.000 -9999.000 0.3535021E-03 0.2788401E-02 0.8219761E-02 0.1489094E-01 0.2144567E-01 0.2682913E-01 0.3066921E-01 0.3286577E-01 0.3343900E-01 0.3250377E-01 0.3018865E-01 0.2659952E-01 0.2173228E-01 0.1508967E-01 0.7463049E-02 0.7463049E-02 -9999.000 -9999.000 -9999.000 -9999.000 -9999.000 -9999.000 -9999.000 -9999.000 -9999.000 -9999.000 -9999.000 -9999.000 -9999.000 -9999.000 -9999.000 -9999.000 -9999.000 -9999.000 -9999.000 -9999.000 -9999.000 -9999.000 -9999.000 -9999.000 -9999.000 -9999.000 -9999.000
-9999.000 -9999.000 -9999.000 -9999.000 -9999.000 -9999.000 -9999.000 -9999.000 -9999.000 -9999.000 -9999.000 -9999.000 -9999.000 -9999.000 -9999.000 0.4968412E-03 0.3141196E-02 0.8862039E-02 0.1583204E-01 0.2265734E-01 0.2825775E-01 0.3225698E-01 0.3455359E-01 0.3516778E-01 0.3421744E-01 0.3183326E-01 0.2812181E-01 0.2307437E-01 0.1615555E-01 0.8059173E-02 0.8059173E-02 -9999.000 -9999.000 -9999.000 -9999.000 -9999.000 -9999.000 -9999.000 -9999.000 -9999.000 -9999.000 -9999.000 -9999.000 -9999.000 -9999.000 -9999.000 -9999.000 -9999.000 -9999.000 -9999.000 -9999.000 -9999.000 -9999.000 -9999.000 -9999.000 -9999.000 -9999.000 -9999.000
-9999.000 -9999.000 -9999.000 -9999.000 -9999.000 -9999.000 -9999.000 -9999.000 -9999.000 -9999.000 -9999.000 -9999.000 -9999.000 -9999.000 -9999.000 0.6266287E-03 0.3463233E-02 0.9450366E-02 0.1669459E-01 0.2376611E-01 0.2956244E-01 0.3370798E-01 0.3610192E-01 0.3676546E-01 0.3582080E-01 0.3339982E-01 0.2960818E-01 0.2442870E-01 0.1727661E-01 0.8702940E-02 0.8702940E-02 -9999.000 -9999.000 -9999.000 -9999.000 -9999.000 -9999.000 -9999.000 -9999.000 -9999.000 -9999.000 -9999.000 -9999.000 -9999.000 -9999.000 -9999.000 -9999.000 -9999.000 -9999.000 -9999.000 -9999.000 -9999.000 -9999.000 -9999.000 -9999.000 -9999.000 -9999.000 -9999.000
-9999.000 -9999.000 -9999.000 -9999.000 -9999.000 -9999.000 -9999.000 -9999.000 -9999.000 -9999.000 -9999.000 -9999.000 -9999.000 -9999.000 -9999.000 0.7716522E-03 0.3813546E-02 0.1007466E-01 0.1759535E-01 0.2491107E-01 0.3089945E-01 0.3518974E-01 0.3768371E-01 0.3840486E-01 0.3748051E-01 0.3504300E-01 0.3119586E-01 0.2591044E-01 0.1854012E-01 0.9442511E-02 0.9442511E-02 -9999.000 -9999.000 -9999.000 -9999.000 -9999.000 -9999.000 -9999.000 -9999.000 -9999.000 -9999.000 -9999.000 -9999.000 -9999.000 -9999.000 -9999.000 -9999.000 -9999.000 -9999.000 -9999.000 -9999.000 -9999.000 -9999.000 -9999.000 -9999.000 -9999.000 -9999.000 -9999.000
-9999.000 -9999.000 -9999.000 -9999.000 -9999.000 -9999.000 -9999.000 -9999.000 -9999.000 -9999.000 -9999.000 -9999.000 -9999.000 -9999.000 -9999.000 0.9464273E-03 0.4222563E-02 0.1078112E-01 0.1859462E-01 0.2616365E-01 0.3234918E-01 0.3678938E-01 0.3939062E-01 0.4017916E-01 0.3928903E-01 0.3685258E-01 0.3297009E-01 0.2759823E-01 0.2001473E-01 0.1031936E-01 0.1031936E-01 -9999.000 -9999.000 -9999.000 -9999.000 -9999.000 -9999.000 -9999.000 -9999.000 -9999.000 -9999.000 -9999.000 -9999.000 -9999.000 -9999.000 -9999.000 -9999.000 -9999.000 -9999.000 -9999.000 -9999.000 -9999.000 -9999.000 -9999.000 -9999.000 -9999.000 -9999.000 -9999.000
-9999.000 -9999.000 -9999.000 -9999.000 -9999.000 -9999.000 -9999.000 -9999.000 -9999.000 -9999.000 -9999.000 -9999.000 -9999.000 -9999.000 -9999.000 0.1162061E-02 0.4711696E-02 0.1160097E-01 0.1973193E-01 0.2757094E-01 0.3396425E-01 0.3856404E-01 0.4128340E-01 0.4215281E-01 0.4131358E-01 0.3889816E-01 0.3500265E-01 0.2956509E-01 0.2177134E-01 0.1137872E-01 0.1137872E-01 -9999.000 -9999.000 -9999.000 -9999.000 -9999.000 -9999.000 -9999.000 -9999.000 -9999.000 -9999.000 -9999.000 -9999.000 -9999.000 -9999.000 -9999.000 -9999.000 -9999.000 -9999.000 -9999.000 -9999.000 -9999.000 -9999.000 -9999.000 -9999.000 -9999.000 -9999.000 -9999.000
-9999.000 -9999.000 -9999.000 -9999.000 -9999.000 -9999.000 -9999.000 -9999.000 -9999.000 -9999.000 -9999.000 -9999.000 -9999.000 -9999.000 -9999.000 0.1427499E-02 0.5299758E-02 0.1256251E-01 0.2104353E-01 0.2917518E-01 0.3579194E-01 0.4056599E-01 0.4341896E-01 0.4438707E-01 0.4362135E-01 0.4125295E-01 0.3737273E-01 0.3189687E-01 0.2389950E-01 0.1267996E-01 0.1267996E-01 -9999.000 -9999.000 -9999.000 -9999.000 -9999.000 -9999.000 -9999.000 -9999.000 -9999.000 -9999.000 -9999.000 -9999.000 -9999.000 -9999.000 -9999.000 -9999.000 -9999.000 -9999.000 -9999.000 -9999.000 -9999.000 -9999.000 -9999.000 -9999.000 -9999.000 -9999.000 -9999.000
-9999.000 -9999.000 -9999.000 -9999.000 -9999.000 -9999.000 -9999.000 -9999.000 -9999.000 -9999.000 -9999.000 -9999.000 -9999.000 -9999.000 -9999.000 0.1753370E-02 0.6008220E-02 0.1369744E-01 0.2257058E-01 0.3102500E-01 0.3788712E-01 0.4285572E-01 0.4586417E-01 0.4695616E-01 0.4629403E-01 0.4400807E-01 0.4018237E-01 0.3470685E-01 0.2652061E-01 0.1430468E-01 0.1430468E-01 -9999.000 -9999.000 -9999.000 -9999.000 -9999.000 -9999.000 -9999.000 -9999.000 -9999.000 -9999.000 -9999.000 -9999.000 -9999.000 -9999.000 -9999.000 -9999.000 -9999.000 -9999.000 -9999.000 -9999.000 -9999.000 -9999.000 -9999.000 -9999.000 -9999.000 -9999.000 -9999.000
-9999.000 -9999.000 -9999.000 -9999.000 -9999.000 -9999.000 -9999.000 -9999.000 -9999.000 -9999.000 -9999.000 -9999.000 -9999.000 -9999.000 -9999.000 0.2154918E-02 0.6868127E-02 0.1505318E-01 0.2437565E-01 0.3319115E-01 0.4032762E-01 0.4551878E-01 0.4871266E-01 0.4996248E-01 0.4944561E-01 0.4729057E-01 0.4357517E-01 0.3815628E-01 0.2980988E-01 0.1637124E-01 0.1637124E-01 -9999.000 -9999.000 -9999.000 -9999.000 -9999.000 -9999.000 -9999.000 -9999.000 -9999.000 -9999.000 -9999.000 -9999.000 -9999.000 -9999.000 -9999.000 -9999.000 -9999.000 -9999.000 -9999.000 -9999.000 -9999.000 -9999.000 -9999.000 -9999.000 -9999.000 -9999.000 -9999.000
-9999.000 -9999.000 -9999.000 -9999.000 -9999.000 -9999.000 -9999.000 -9999.000 -9999.000 -9999.000 -9999.000 -9999.000 -9999.000 -9999.000 -9999.000 0.2686592E-02 0.7995730E-02 0.1681540E-01 0.2668745E-01 0.3589686E-01 0.4333283E-01 0.4876916E-01 0.5217388E-01 0.5361469E-01 0.5328811E-01 0.5132168E-01 0.4778581E-01 0.4249939E-01 0.3403810E-01 0.1906125E-01 0.1906125E-01 -9999.000 -9999.000 -9999.000 -9999.000 -9999.000 -9999.000 -9999.000 -9999.000 -9999.000 -9999.000 -9999.000 -9999.000 -9999.000 -9999.000 -9999.000 -9999.000 -9999.000 -9999.000 -9999.000 -9999.000 -9999.000 -9999.000 -9999.000 -9999.000 -9999.000 -9999.000 -9999.000
-9999.000 -9999.000 -9999.000 -9999.000 -9999.000 -9999.000 -9999.000 -9999.000 -9999.000 -9999.000 -9999.000 -9999.000 -9999.000 -9999.000 -9999.000 0.4940768E-02 0.1278659E-01 0.2431502E-01 0.3530512E-01 0.4425980E-01 0.5135756E-01 0.5641691E-01 0.5945096E-01 0.6057040E-01 0.6000605E-01 0.5788294E-01 0.5425816E-01 0.4889397E-01 0.4010735E-01 0.2289519E-01 0.2289519E-01 -9999.000 -9999.000 -9999.000 -9999.000 -9999.000 -9999.000 -9999.000 -9999.000 -9999.000 -9999.000 -9999.000 -9999.000 -9999.000 -9999.000 -9999.000 -9999.000 -9999.000 -9999.000 -9999.000 -9999.000 -9999.000 -9999.000 -9999.000 -9999.000 -9999.000 -9999.000 -9999.000
-9999.000 -9999.000 -9999.000 -9999.000 -9999.000 -9999.000 -9999.000 -9999.000 -9999.000 -9999.000 -9999.000 -9999.000 -9999.000 -9999.000 -9999.000 0.1051994 0.1613068 0.1892288 0.1814279 0.1542620 0.1348226 0.1178450 0.1032305 0.9074894E-01 0.8004276E-01 0.7057782E-01 0.6187328E-01 0.5315435E-01 0.4213340E-01 0.2032802E-01 0.2032802E-01 -9999.000 -9999.000 -9999.000 -9999.000 -9999.000 -9999.000 -9999.000 -9999.000 -9999.000 -9999.000 -9999.000 -9999.000 -9999.000 -9999.000 -9999.000 -9999.000 -9999.000 -9999.000 -9999.000 -9999.000 -9999.000 -9999.000 -9999.000 -9999.000 -9999.000 -9999.000 -9999.000
2.879647 2.879647 2.900969 2.899849 2.919561 2.919561 2.922194 2.921860 2.921860 2.917886 2.917886 2.911374 2.907423 2.903111 2.898890 2.898890 3.060205 3.064972 3.066309 3.062596 3.029566 2.973008 2.892918 2.787733 2.659304 2.511216 2.345948 2.172077 2.013350 1.939649 1.939649 2.784536 2.965438 3.073555 3.101130 3.101130 3.139811 3.139811 3.131571 3.131571 3.092669 2.924246 2.924246 2.621582 2.621582 2.198391 2.198391 2.198391 2.167511 2.167511 2.193123 2.193123 2.239773 2.239773 2.290161 2.290161 2.336212 2.336212
2.901397 2.901397 2.932639 2.953733 2.980998 2.980998 2.995824 3.018667 3.018667 3.037386 3.037386 3.053371 3.060598 3.067415 3.074243 3.074243 3.193779 3.214078 3.230299 3.243897 3.250015 3.249015 3.239085 3.216980 3.180097 3.126608 3.054648 2.964805 2.863476 2.777102 2.777102 3.230290 3.391304 3.548253 3.591481 3.591481 3.642667 3.642667 3.649711 3.649711 3.632070 3.537241 3.537241 3.355462 3.355462 3.038401 3.038401 3.038401 3.003824 3.003824 3.031633 3.031633 3.081054 3.081054 3.134002 3.134002 3.183016 3.183016
2.905637 2.905637 2.931813 2.955128 2.980516 2.980516 2.996215 3.020061 3.020061 3.039431 3.039431 3.056097 3.063702 3.070921 3.078224 3.078224 3.184479 3.217898 3.246342 3.271031 3.290063 3.303640 3.311592 3.312830 3.306067 3.290004 3.262848 3.223681 3.175077 3.133332 3.133332 3.387318 3.544716 3.728597 3.783005 3.783005 3.841916 3.841916 3.838278 3.838278 3.811847 3.713605 3.713605 3.576335 3.576335 3.328745 3.328745 3.328745 3.279730 3.279730 3.294265 3.294265 3.334727 3.334727 3.381498 3.381498 3.426024 3.426024
2.908094 2.908094 2.935151 2.955356 2.979370 2.979370 2.995566 3.019874 3.019874 3.039277 3.039277 3.055959 3.063587 3.070835 3.078250 3.078250 3.175908 3.220068 3.259778 3.294688 3.323405 3.345696 3.361639 3.371077 3.373799 3.369620 3.358032 3.338755 3.313460 3.292663 3.292663 3.446102 3.584794 3.776821 3.837639 3.837639 3.895811 3.895811 3.870382 3.870382 3.831474 3.734771 3.734771 3.642213 3.642213 3.465711 3.465711 3.465711 3.408114 3.408114 3.407793 3.407793 3.438321 3.438321 3.479446 3.479446 3.520512 3.520512
2.907346 2.907346 2.941879 2.956172 2.979309 2.979309 2.995904 3.020659 3.020659 3.040078 3.040078 3.056714 3.064325 3.071559 3.079093 3.079093 3.172948 3.226027 3.275717 3.320066 3.357647 3.387891 3.410712 3.426130 3.434234 3.435263 3.429421 3.417105 3.399966 3.385479 3.385479 3.478307 3.591599 3.773876 3.832112 3.832112 3.869080 3.869080 3.812378 3.812378 3.767617 3.695225 3.695225 3.651998 3.651998 3.546222 3.546222 3.546222 3.489652 3.489652 3.475310 3.475310 3.493365 3.493365 3.526695 3.526695 3.562967 3.562967
2.907867 2.907867 2.945354 2.956062 2.978665 2.978665 2.995553 3.020676 3.020676 3.040123 3.040123 3.056738 3.064345 3.071580 3.079307 3.079307 3.175256 3.236271 3.294702 3.347464 3.392959 3.430444 3.459692 3.480696 3.493585 3.498655 3.496296 3.487132 3.472711 3.458519 3.458519 3.510777 3.595600 3.748811 3.790660 3.790660 3.779811 3.779811 3.698873 3.698873 3.665312 3.638789 3.638789 3.641263 3.641263 3.597569 3.597569 3.597569 3.551668 3.551668 3.528240 3.528240 3.533086 3.533086 3.556234 3.556234 3.585558 3.585558
2.908185 2.908185 2.947393 2.955969 2.978270 2.978270 2.995329 3.020682 3.020682 3.040144 3.040144 3.056743 3.064348 3.071582 3.079581 3.079581 3.184294 3.252908 3.319014 3.378972 3.431131 3.474738 3.509533 3.535489 3.552730 3.561506 3.562189 3.555368 3.542311 3.526887 3.526887 3.551072 3.606690 3.706575 3.711945 3.711945 3.637151 3.637151 3.568721 3.568721 3.562155 3.586169 3.586169 3.623717 3.623717 3.629315 3.629315 3.629315 3.600558 3.600558 3.575225 3.575225 3.568915 3.568915 3.580546 3.580546 3.600798 3.600798
2.908293 2.908293 2.948067 2.955932 2.978137 2.978137 2.995252 3.020683 3.020683 3.040150 3.040150 3.056744 3.064348 3.071582 3.079960 3.079960 3.201101 3.277484 3.350373 3.416225 3.473598 3.521911 3.561005 3.590917 3.611773 3.623789 3.627261 3.622646 3.610847 3.594248 3.594248 3.598453 3.623967 3.633386 3.580391 3.580391 3.464388 3.464388 3.452230 3.452230 3.476098 3.540369 3.540369 3.602054 3.602054 3.645132 3.645132 3.645132 3.636102 3.636102 3.615735 3.615735 3.602681 3.602681 3.603124 3.603124 3.612804 3.612804
2.908190 2.908190 2.947408 2.955970 2.978273 2.978273 2.995332 3.020684 3.020684 3.040144 3.040144 3.056743 3.064348 3.071582 3.080484 3.080484 3.227158 3.311745 3.390586 3.460906 3.521814 3.573124 3.614929 3.647415 3.670787 3.685248 3.691021 3.688417 3.677919 3.660190 3.660190 3.647980 3.637128 3.500988 3.388335 3.388335 3.301965 3.301965 3.364021 3.364021 3.410155 3.500050 3.500050 3.577699 3.577699 3.648710 3.648710 3.648710 3.658740 3.658740 3.648040 3.648040 3.633083 3.633083 3.624261 3.624261 3.622805 3.622805
2.907878 2.907878 2.945383 2.956065 2.978673 2.978673 2.995559 3.020679 3.020679 3.040123 3.040123 3.056737 3.064344 3.071579 3.081200 3.081200 3.264683 3.357864 3.441620 3.514685 3.577131 3.629403 3.671999 3.705351 3.729792 3.745562 3.752843 3.751792 3.742313 3.722056 3.722056 3.689045 3.619618 3.290966 3.166073 3.166073 3.181570 3.181570 3.298954 3.298954 3.357214 3.461813 3.461813 3.550348 3.550348 3.642043 3.642043 3.642043 3.668584 3.668584 3.669560 3.669560 3.656838 3.656838 3.641678 3.641678 3.629626 3.629626
2.907361 2.907361 2.941923 2.956179 2.979320 2.979320 2.995913 3.020664 3.020664 3.040079 3.040079 3.056712 3.064322 3.071558 3.082163 3.082163 3.317021 3.418663 3.505688 3.579202 3.640693 3.691477 3.732592 3.764788 3.788566 3.804232 3.811944 3.811680 3.802101 3.772850 3.772850 3.694919 3.517556 3.036784 2.978242 2.978242 3.100963 3.100963 3.244432 3.244432 3.308421 3.421719 3.421719 3.518087 3.518087 3.624937 3.624937 3.624937 3.664704 3.664704 3.677107 3.677107 3.669242 3.669242 3.650786 3.650786 3.629618 3.629618
