cruce_test.gid/Rasters/Hydraulic/Velocity__y_137.0.asc
NCOLS        79
NROWS        79
XLLCENTER         -1.500000
YLLCENTER         -4.800000
CELLSIZE           0.100
NODATA_VALUE     -9999.0
[rows 0 to 25 of 79, columns 0 to 58 of 79]
-9999.000 -9999.000 -9999.000 -9999.000 -9999.000 -9999.000 -9999.000 -9999.000 -9999.000 -9999.000 -9999.000 -9999.000 -9999.000 -9999.000 -9999.000 -0.1265442 -0.1253543 -0.1253087 -0.1254299 -0.1256461 -0.1259188 -0.1262136 -0.1265028 -0.1267668 -0.1270033 -0.1272225 -0.1275450 -0.1282742 -0.1300487 -0.1308699 -0.1308699 -9999.000 -9999.000 -9999.000 -9999.000 -9999.000 -9999.000 -9999.000 -9999.000 -9999.000 -9999.000 -9999.000 -9999.000 -9999.000 -9999.000 -9999.000 -9999.000 -9999.000 -9999.000 -9999.000 -9999.000 -9999.000 -9999.000 -9999.000 -9999.000 -9999.000 -9999.000 -9999.000 -9999.000
-9999.000 -9999.000 -9999.000 -9999.000 -9999.000 -9999.000 -9999.000 -9999.000 -9999.000 -9999.000 -9999.000 -9999.000 -9999.000 -9999.000 -9999.000 -0.1244788 -0.1220203 -0.1219200 -0.1221942 -0.1226910 -0.1233258 -0.1240235 -0.1247223 -0.1253791 -0.1259885 -0.1265732 -0.1273868 -0.1290634 -0.1329226 -0.1351472 -0.1351472 -9999.000 -9999.000 -9999.000 -9999.000 -9999.000 -9999.000 -9999.000 -9999.000 -9999.000 -9999.000 -9999.000 -9999.000 -9999.000 -9999.000 -9999.000 -9999.000 -9999.000 -9999.000 -9999.000 -9999.000 -9999.000 -9999.000 -9999.000 -9999.000 -9999.000 -9999.000 -9999.000 -9999.000
-9999.000 -9999.000 -9999.000 -9999.000 -9999.000 -9999.000 -9999.000 -9999.000 -9999.000 -9999.000 -9999.000 -9999.000 -9999.000 -9999.000 -9999.000 -0.1210464 -0.1172899 -0.1171518 -0.1176670 -0.1185901 -0.1197791 -0.1211063 -0.1224647 -0.1237784 -0.1250344 -0.1262661 -0.1278795 -0.1308867 -0.1373838 -0.1418113 -0.1418113 -9999.000 -9999.000 -9999.000 -9999.000 -9999.000 -9999.000 -9999.000 -9999.000 -9999.000 -9999.000 -9999.000 -9999.000 -9999.000 -9999.000 -9999.000 -9999.000 -9999.000 -9999.000 -9999.000 -9999.000 -9999.000 -9999.000 -9999.000 -9999.000 -9999.000 -9999.000 -9999.000 -9999.000
-9999.000 -9999.000 -9999.000 -9999.000 -9999.000 -9999.000 -9999.000 -9999.000 -9999.000 -9999.000 -9999.000 -9999.000 -9999.000 -9999.000 -9999.000 -0.1169153 -0.1119642 -0.1118229 -0.1126365 -0.1140647 -0.1159055 -0.1179745 -0.1201143 -0.1222122 -0.1242427 -0.1262459 -0.1287829 -0.1332623 -0.1426111 -0.1498677 -0.1498677 -9999.000 -9999.000 -9999.000 -9999.000 -9999.000 -9999.000 -9999.000 -9999.000 -9999.000 -9999.000 -9999.000 -9999.000 -9999.000 -9999.000 -9999.000 -9999.000 -9999.000 -9999.000 -9999.000 -9999.000 -9999.000 -9999.000 -9999.000 -9999.000 -9999.000 -9999.000 -9999.000 -9999.000
-9999.000 -9999.000 -9999.000 -9999.000 -9999.000 -9999.000 -9999.000 -9999.000 -9999.000 -9999.000 -9999.000 -9999.000 -9999.000 -9999.000 -9999.000 -0.1122633 -0.1062008 -0.1060792 -0.1072315 -0.1092212 -0.1117828 -0.1146720 -0.1176771 -0.1206446 -0.1235343 -0.1263912 -0.1299406 -0.1360140 -0.1484391 -0.1592156 -0.1592156 -9999.000 -9999.000 -9999.000 -9999.000 -9999.000 -9999.000 -9999.000 -9999.000 -9999.000 -9999.000 -9999.000 -9999.000 -9999.000 -9999.000 -9999.000 -9999.000 -9999.000 -9999.000 -9999.000 -9999.000 -9999.000 -9999.000 -9999.000 -9999.000 -9999.000 -9999.000 -9999.000 -9999.000
-9999.000 -9999.000 -9999.000 -9999.000 -9999.000 -9999.000 -9999.000 -9999.000 -9999.000 -9999.000 -9999.000 -9999.000 -9999.000 -9999.000 -9999.000 -0.1071734 -0.1000798 -0.9999546E-01 -0.1015154 -0.1041088 -0.1074435 -0.1112117 -0.1151442 -0.1190436 -0.1228542 -0.1266262 -0.1312603 -0.1390445 -0.1547947 -0.1698984 -0.1698984 -9999.000 -9999.000 -9999.000 -9999.000 -9999.000 -9999.000 -9999.000 -9999.000 -9999.000 -9999.000 -9999.000 -9999.000 -9999.000 -9999.000 -9999.000 -9999.000 -9999.000 -9999.000 -9999.000 -9999.000 -9999.000 -9999.000 -9999.000 -9999.000 -9999.000 -9999.000 -9999.000 -9999.000
-9999.000 -9999.000 -9999.000 -9999.000 -9999.000 -9999.000 -9999.000 -9999.000 -9999.000 -9999.000 -9999.000 -9999.000 -9999.000 -9999.000 -9999.000 -0.1016707 -0.9363415E-01 -0.9360228E-01 -0.9551334E-01 -0.9874436E-01 -0.1028949 -0.1075896 -0.1124993 -0.1173802 -0.1221601 -0.1268963 -0.1326799 -0.1422961 -0.1616548 -0.1820663 -0.1820663 -9999.000 -9999.000 -9999.000 -9999.000 -9999.000 -9999.000 -9999.000 -9999.000 -9999.000 -9999.000 -9999.000 -9999.000 -9999.000 -9999.000 -9999.000 -9999.000 -9999.000 -9999.000 -9999.000 -9999.000 -9999.000 -9999.000 -9999.000 -9999.000 -9999.000 -9999.000 -9999.000 -9999.000
-9999.000 -9999.000 -9999.000 -9999.000 -9999.000 -9999.000 -9999.000 -9999.000 -9999.000 -9999.000 -9999.000 -9999.000 -9999.000 -9999.000 -9999.000 -0.9574495E-01 -0.8686783E-01 -0.8690397E-01 -0.8922622E-01 -0.9312477E-01 -0.9812825E-01 -0.1037910 -0.1097203 -0.1156239 -0.1214135 -0.1271552 -0.1341493 -0.1457279 -0.1690253 -0.1959690 -0.1959690 -9999.000 -9999.000 -9999.000 -9999.000 -9999.000 -9999.000 -9999.000 -9999.000 -9999.000 -9999.000 -9999.000 -9999.000 -9999.000 -9999.000 -9999.000 -9999.000 -9999.000 -9999.000 -9999.000 -9999.000 -9999.000 -9999.000 -9999.000 -9999.000 -9999.000 -9999.000 -9999.000 -9999.000
-9999.000 -9999.000 -9999.000 -9999.000 -9999.000 -9999.000 -9999.000 -9999.000 -9999.000 -9999.000 -9999.000 -9999.000 -9999.000 -9999.000 -9999.000 -0.8936158E-01 -0.7976516E-01 -0.7988587E-01 -0.8263823E-01 -0.8723214E-01 -0.9312274E-01 -0.9979076E-01 -0.1067771 -0.1137388 -0.1205719 -0.1273543 -0.1356187 -0.1493039 -0.1769284 -0.2119682 -0.2119682 -9999.000 -9999.000 -9999.000 -9999.000 -9999.000 -9999.000 -9999.000 -9999.000 -9999.000 -9999.000 -9999.000 -9999.000 -9999.000 -9999.000 -9999.000 -9999.000 -9999.000 -9999.000 -9999.000 -9999.000 -9999.000 -9999.000 -9999.000 -9999.000 -9999.000 -9999.000 -9999.000 -9999.000
-9999.000 -9999.000 -9999.000 -9999.000 -9999.000 -9999.000 -9999.000 -9999.000 -9999.000 -9999.000 -9999.000 -9999.000 -9999.000 -9999.000 -9999.000 -0.8246739E-01 -0.7229454E-01 -0.7251872E-01 -0.7571968E-01 -0.8103526E-01 -0.8784518E-01 -0.9555291E-01 -0.1036293 -0.1116787 -0.1195829 -0.1274352 -0.1370286 -0.1529820 -0.1853941 -0.2305725 -0.2305725 -9999.000 -9999.000 -9999.000 -9999.000 -9999.000 -9999.000 -9999.000 -9999.000 -9999.000 -9999.000 -9999.000 -9999.000 -9999.000 -9999.000 -9999.000 -9999.000 -9999.000 -9999.000 -9999.000 -9999.000 -9999.000 -9999.000 -9999.000 -9999.000 -9999.000 -9999.000 -9999.000 -9999.000
-9999.000 -9999.000 -9999.000 -9999.000 -9999.000 -9999.000 -9999.000 -9999.000 -9999.000 -9999.000 -9999.000 -9999.000 -9999.000 -9999.000 -9999.000 -0.7499079E-01 -0.6440834E-01 -0.6475761E-01 -0.6842548E-01 -0.7448846E-01 -0.8224814E-01 -0.9102679E-01 -0.1002219 -0.1093823 -0.1183774 -0.1273207 -0.1382998 -0.1567035 -0.1944527 -0.2525008 -0.2525008 -9999.000 -9999.000 -9999.000 -9999.000 -9999.000 -9999.000 -9999.000 -9999.000 -9999.000 -9999.000 -9999.000 -9999.000 -9999.000 -9999.000 -9999.000 -9999.000 -9999.000 -9999.000 -9999.000 -9999.000 -9999.000 -9999.000 -9999.000 -9999.000 -9999.000 -9999.000 -9999.000 -9999.000
-9999.000 -9999.000 -9999.000 -9999.000 -9999.000 -9999.000 -9999.000 -9999.000 -9999.000 -9999.000 -9999.000 -9999.000 -9999.000 -9999.000 -9999.000 -0.6683844E-01 -0.5603985E-01 -0.5653842E-01 -0.6069151E-01 -0.6752682E-01 -0.7626488E-01 -0.8614209E-01 -0.9647822E-01 -0.1067644 -0.1168590 -0.1269021 -0.1393182 -0.1603774 -0.2041240 -0.2787923 -0.2787923 -9999.000 -9999.000 -9999.000 -9999.000 -9999.000 -9999.000 -9999.000 -9999.000 -9999.000 -9999.000 -9999.000 -9999.000 -9999.000 -9999.000 -9999.000 -9999.000 -9999.000 -9999.000 -9999.000 -9999.000 -9999.000 -9999.000 -9999.000 -9999.000 -9999.000 -9999.000 -9999.000 -9999.000
-9999.000 -9999.000 -9999.000 -9999.000 -9999.000 -9999.000 -9999.000 -9999.000 -9999.000 -9999.000 -9999.000 -9999.000 -9999.000 -9999.000 -9999.000 -0.5788665E-01 -0.4709483E-01 -0.4776921E-01 -0.5242595E-01 -0.6005719E-01 -0.6979922E-01 -0.8079692E-01 -0.9228718E-01 -0.1037003 -0.1148865 -0.1260191 -0.1399123 -0.1638559 -0.2143969 -0.3109991 -0.3109991 -9999.000 -9999.000 -9999.000 -9999.000 -9999.000 -9999.000 -9999.000 -9999.000 -9999.000 -9999.000 -9999.000 -9999.000 -9999.000 -9999.000 -9999.000 -9999.000 -9999.000 -9999.000 -9999.000 -9999.000 -9999.000 -9999.000 -9999.000 -9999.000 -9999.000 -9999.000 -9999.000 -9999.000
-9999.000 -9999.000 -9999.000 -9999.000 -9999.000 -9999.000 -9999.000 -9999.000 -9999.000 -9999.000 -9999.000 -9999.000 -9999.000 -9999.000 -9999.000 -0.4792279E-01 -0.3741063E-01 -0.3829801E-01 -0.4348499E-01 -0.5194150E-01 -0.6271338E-01 -0.7484768E-01 -0.8749189E-01 -0.1000120 -0.1122531 -0.1244310 -0.1398148 -0.1668899 -0.2251890 -0.3515673 -0.3515673 -9999.000 -9999.000 -9999.000 -9999.000 -9999.000 -9999.000 -9999.000 -9999.000 -9999.000 -9999.000 -9999.000 -9999.000 -9999.000 -9999.000 -9999.000 -9999.000 -9999.000 -9999.000 -9999.000 -9999.000 -9999.000 -9999.000 -9999.000 -9999.000 -9999.000 -9999.000 -9999.000 -9999.000
-9999.000 -9999.000 -9999.000 -9999.000 -9999.000 -9999.000 -9999.000 -9999.000 -9999.000 -9999.000 -9999.000 -9999.000 -9999.000 -9999.000 -9999.000 -0.2978272E-01 -0.2404940E-01 -0.2677613E-01 -0.3365581E-01 -0.4373449E-01 -0.5602993E-01 -0.6955044E-01 -0.8341423E-01 -0.9697895E-01 -0.1101375 -0.1231920 -0.1399489 -0.1702458 -0.2370250 -0.4027153 -0.4027153 -9999.000 -9999.000 -9999.000 -9999.000 -9999.000 -9999.000 -9999.000 -9999.000 -9999.000 -9999.000 -9999.000 -9999.000 -9999.000 -9999.000 -9999.000 -9999.000 -9999.000 -9999.000 -9999.000 -9999.000 -9999.000 -9999.000 -9999.000 -9999.000 -9999.000 -9999.000 -9999.000 -9999.000
-0.2523232E-02 -0.2523232E-02 -0.5563992E-02 -0.5675337E-02 -0.5661544E-02 -0.5661544E-02 -0.5647219E-02 -0.5624163E-02 -0.5624163E-02 -0.5600789E-02 -0.5600789E-02 -0.5571301E-02 -0.5554272E-02 -0.5536199E-02 -0.5517361E-02 -0.5517361E-02 -0.2338854E-01 -0.2950243E-01 -0.3983663E-01 -0.5475273E-01 -0.7341908E-01 -0.9456273E-01 -0.1168407 -0.1390383 -0.1602639 -0.1795595 -0.1984861 -0.2227962 -0.2665321 -0.3814456 -0.3814456 -0.1939758 -0.9460186E-01 -0.2414152E-01 -0.1564401E-01 -0.1564401E-01 -0.8254460E-02 -0.8254460E-02 0.4246880E-02 0.4246880E-02 0.1201745E-01 -0.1676694E-01 -0.1676694E-01 -0.1564499E-01 -0.1564499E-01 0.4643586E-02 0.4643586E-02 0.4643586E-02 0.6940298E-02 0.6940298E-02 0.6156905E-02 0.6156905E-02 0.4293257E-02 0.4293257E-02 0.2230535E-02 0.2230535E-02 0.4522433E-03 0.4522433E-03 0.4522433E-03
-0.3869758E-02 -0.3869758E-02 -0.8251591E-02 -0.8076434E-02 -0.7984251E-02 -0.7984251E-02 -0.7935839E-02 -0.7905953E-02 -0.7905953E-02 -0.7896181E-02 -0.7896181E-02 -0.7876297E-02 -0.7861832E-02 -0.7845371E-02 -0.7827674E-02 -0.7827674E-02 -0.3162668E-01 -0.4203961E-01 -0.5762354E-01 -0.7953057E-01 -0.1072070 -0.1393221 -0.1742493 -0.2102964 -0.2458112 -0.2788498 -0.3082323 -0.3340221 -0.3579206 -0.3858286 -0.3858286 -0.2470998 -0.1524696 -0.6632181E-01 -0.4946537E-01 -0.4946537E-01 -0.2301333E-01 -0.2301333E-01 0.1981435E-01 0.1981435E-01 0.4457339E-01 0.2249474E-01 0.2249474E-01 -0.2601886E-02 -0.2601886E-02 0.1092208E-01 0.1092208E-01 0.1092208E-01 0.1273458E-01 0.1273458E-01 0.1026384E-01 0.1026384E-01 0.6225465E-02 0.6225465E-02 0.2222099E-02 0.2222099E-02 -0.8981925E-03 -0.8981925E-03 -0.8981925E-03
-0.3180637E-02 -0.3180637E-02 -0.6712944E-02 -0.6877004E-02 -0.6758201E-02 -0.6758201E-02 -0.6690415E-02 -0.6666657E-02 -0.6666657E-02 -0.6685707E-02 -0.6685707E-02 -0.6693173E-02 -0.6690919E-02 -0.6686282E-02 -0.6680259E-02 -0.6680259E-02 -0.2943517E-01 -0.4351275E-01 -0.6247976E-01 -0.8764459E-01 -0.1189813 -0.1556973 -0.1965991 -0.2402818 -0.2852126 -0.3299977 -0.3725463 -0.4105727 -0.4418311 -0.4613891 -0.4613891 -0.3677919 -0.2835134 -0.1700381 -0.1315577 -0.1315577 -0.5568700E-01 -0.5568700E-01 0.4328867E-01 0.4328867E-01 0.9316792E-01 0.1196912 0.1196912 0.5937801E-01 0.5937801E-01 0.2437516E-01 0.2437516E-01 0.2437516E-01 0.1681687E-01 0.1681687E-01 0.9697923E-02 0.9697923E-02 0.2785663E-02 0.2785663E-02 -0.2876746E-02 -0.2876746E-02 -0.6551641E-02 -0.6551641E-02 -0.6551641E-02
-0.2505748E-02 -0.2505748E-02 -0.5247445E-02 -0.5575703E-02 -0.5445765E-02 -0.5445765E-02 -0.5362441E-02 -0.5327050E-02 -0.5327050E-02 -0.5347965E-02 -0.5347965E-02 -0.5358109E-02 -0.5356983E-02 -0.5353663E-02 -0.5348843E-02 -0.5348843E-02 -0.2687158E-01 -0.4425322E-01 -0.6659724E-01 -0.9462593E-01 -0.1284200 -0.1675391 -0.2112032 -0.2584137 -0.3080037 -0.3588609 -0.4091791 -0.4564905 -0.4976634 -0.5260479 -0.5260479 -0.4682850 -0.4021500 -0.2820810 -0.2243518 -0.2243518 -0.8866810E-01 -0.8866810E-01 0.6905252E-01 0.6905252E-01 0.1371554 0.1972958 0.1972958 0.1361238 0.1361238 0.4658502E-01 0.4658502E-01 0.4658502E-01 0.2147093E-01 0.2147093E-01 0.6138843E-02 0.6138843E-02 -0.4645905E-02 -0.4645905E-02 -0.1191047E-01 -0.1191047E-01 -0.1561408E-01 -0.1561408E-01 -0.1561408E-01
-0.1853948E-02 -0.1853948E-02 -0.3863950E-02 -0.4228213E-02 -0.4110399E-02 -0.4110399E-02 -0.4028643E-02 -0.3989999E-02 -0.3989999E-02 -0.4009124E-02 -0.4009124E-02 -0.4019264E-02 -0.4018622E-02 -0.4016118E-02 -0.4012368E-02 -0.4012368E-02 -0.2543894E-01 -0.4618328E-01 -0.7239141E-01 -0.1038683 -0.1404666 -0.1818648 -0.2275420 -0.2768083 -0.3288225 -0.3827500 -0.4372225 -0.4900993 -0.5382529 -0.5750663 -0.5750663 -0.5482037 -0.5010401 -0.3793708 -0.3004921 -0.3004921 -0.1016513 -0.1016513 0.9482908E-01 0.9482908E-01 0.1677937 0.2394448 0.2394448 0.1970465 0.1970465 0.7443101E-01 0.7443101E-01 0.7443101E-01 0.2928644E-01 0.2928644E-01 0.3125794E-02 0.3125794E-02 -0.1280305E-01 -0.1280305E-01 -0.2198555E-01 -0.2198555E-01 -0.2550279E-01 -0.2550279E-01 -0.2550279E-01
-0.1223024E-02 -0.1223024E-02 -0.2541797E-02 -0.2841978E-02 -0.2753806E-02 -0.2753806E-02 -0.2689529E-02 -0.2657183E-02 -0.2657183E-02 -0.2671615E-02 -0.2671615E-02 -0.2679766E-02 -0.2679669E-02 -0.2677892E-02 -0.2675245E-02 -0.2675245E-02 -0.2567527E-01 -0.5013955E-01 -0.8078118E-01 -0.1164325 -0.1565144 -0.2006468 -0.2484496 -0.2994635 -0.3531154 -0.4088052 -0.4655454 -0.5216292 -0.5742761 -0.6175067 -0.6175067 -0.6134917 -0.5815790 -0.4463370 -0.3384028 -0.3384028 -0.8708177E-01 -0.8708177E-01 0.1132479 0.1132479 0.1795828 0.2492435 0.2492435 0.2301472 0.2301472 0.1031406 0.1031406 0.1031406 0.4075620E-01 0.4075620E-01 0.2568939E-02 0.2568939E-02 -0.1976915E-01 -0.1976915E-01 -0.3141975E-01 -0.3141975E-01 -0.3477911E-01 -0.3477911E-01 -0.3477911E-01
-0.6073973E-03 -0.6073973E-03 -0.1260741E-02 -0.1428051E-02 -0.1381097E-02 -0.1381097E-02 -0.1346056E-02 -0.1327678E-02 -0.1327678E-02 -0.1335333E-02 -0.1335333E-02 -0.1339897E-02 -0.1340081E-02 -0.1339190E-02 -0.1337820E-02 -0.1337820E-02 -0.2814416E-01 -0.5707399E-01 -0.9285216E-01 -0.1334387 -0.1777378 -0.2251878 -0.2754554 -0.3282594 -0.3832686 -0.4401127 -0.4981353 -0.5560558 -0.6115267 -0.6591951 -0.6591951 -0.6701591 -0.6451328 -0.4667133 -0.3250224 -0.3250224 -0.5649051E-01 -0.5649051E-01 0.1174187 0.1174187 0.1725325 0.2360707 0.2360707 0.2365787 0.2365787 0.1269951 0.1269951 0.1269951 0.5440158E-01 0.5440158E-01 0.5133376E-02 0.5133376E-02 -0.2430262E-01 -0.2430262E-01 -0.3899059E-01 -0.3899059E-01 -0.4240230E-01 -0.4240230E-01 -0.4240230E-01
0.5152502E-07 0.5152502E-07 0.3387079E-07 0.2236734E-06 0.1594927E-06 0.1594927E-06 -0.5875127E-07 0.1520852E-06 0.1520852E-06 0.1961007E-06 0.1961007E-06 0.1485405E-06 -0.2869544E-07 -0.5480199E-07 -0.1455570E-06 -0.1455570E-06 -0.3361478E-01 -0.6823119E-01 -0.1100867 -0.1564290 -0.2056698 -0.2570161 -0.3101193 -0.3648325 -0.4210487 -0.4786409 -0.5372699 -0.5960688 -0.6531054 -0.7031771 -0.7031771 -0.7204762 -0.6859064 -0.4276591 -0.2678811 -0.2678811 -0.2962039E-01 -0.2962039E-01 0.1068742 0.1068742 0.1517865 0.2095315 0.2095315 0.2234868 0.2234868 0.1412842 0.1412842 0.1412842 0.6733312E-01 0.6733312E-01 0.1029880E-01 0.1029880E-01 -0.2578701E-01 -0.2578701E-01 -0.4377118E-01 -0.4377118E-01 -0.4749805E-01 -0.4749805E-01 -0.4749805E-01
0.6074113E-03 0.6074113E-03 0.1260780E-02 0.1428347E-02 0.1381390E-02 0.1381390E-02 0.1346105E-02 0.1328006E-02 0.1328006E-02 0.1335697E-02 0.1335697E-02 0.1340019E-02 0.1339854E-02 0.1339033E-02 0.1337582E-02 0.1337582E-02 -0.4326769E-01 -0.8535545E-01 -0.1345518 -0.1875600 -0.2424200 -0.2981477 -0.3543735 -0.4110636 -0.4683200 -0.5262652 -0.5848750 -0.6436809 -0.7010217 -0.7504282 -0.7504282 -0.7598437 -0.6836756 -0.3401320 -0.1976524 -0.1976524 -0.1741487E-01 -0.1741487E-01 0.8689561E-01 0.8689561E-01 0.1242706 0.1768758 0.1768758 0.1983921 0.1983921 0.1438271 0.1438271 0.1438271 0.7634670E-01 0.7634670E-01 0.1660576E-01 0.1660576E-01 -0.2423344E-01 -0.2423344E-01 -0.4512850E-01 -0.4512850E-01 -0.4933302E-01 -0.4933302E-01 -0.4933302E-01
0.1222967E-02 0.1222967E-02 0.2541806E-02 0.2842098E-02 0.2753933E-02 0.2753933E-02 0.2689674E-02 0.2657457E-02 0.2657457E-02 0.2671868E-02 0.2671868E-02 0.2679906E-02 0.2679688E-02 0.2677900E-02 0.2675202E-02 0.2675202E-02 -0.5903635E-01 -0.1110554 -0.1692222 -0.2298855 -0.2909288 -0.3513225 -0.4107465 -0.4693024 -0.5272989 -0.5851074 -0.6430101 -0.7008862 -0.7568011 -0.7985650 -0.7985650 -0.7680715 -0.6055552 -0.2447315 -0.1437901 -0.1437901 -0.1735293E-01 -0.1735293E-01 0.6396524E-01 0.6396524E-01 0.9555294E-01 0.1425564 0.1425564 0.1668805 0.1668805 0.1350556 0.1350556 0.1350556 0.7903962E-01 0.7903962E-01 0.2215250E-01 0.2215250E-01 -0.2021009E-01 -0.2021009E-01 -0.4278386E-01 -0.4278386E-01 -0.4739144E-01 -0.4739144E-01 -0.4739144E-01
0.1853779E-02 0.1853779E-02 0.3863770E-02 0.4228137E-02 0.4110420E-02 0.4110420E-02 0.4028818E-02 0.3990079E-02 0.3990079E-02 0.4009311E-02 0.4009311E-02 0.4019421E-02 0.4018981E-02 0.4016217E-02 0.4012250E-02 0.4012250E-02 -0.8425058E-01 -0.1494681 -0.2185602 -0.2878361 -0.3553686 -0.4203453 -0.4826578 -0.5426220 -0.6007770 -0.6577445 -0.7140948 -0.7698900 -0.8208756 -0.8341997 -0.8341997 -0.6971096 -0.4482992 -0.1769222 -0.1120339 -0.1120339 -0.2138475E-01 -0.2138475E-01 0.4250259E-01 0.4250259E-01 0.6879801E-01 0.1089115 0.1089115 0.1325421 0.1325421 0.1170997 0.1170997 0.1170997 0.7447153E-01 0.7447153E-01 0.2523558E-01 0.2523558E-01 -0.1463789E-01 -0.1463789E-01 -0.3684921E-01 -0.3684921E-01 -0.4148090E-01 -0.4148090E-01 -0.4148090E-01
