cruce_test.gid/Rasters/Hydraulic/Velocity____95.0.asc
NCOLS        79
NROWS        79
XLLCENTER         -1.500000
YLLCENTER         -4.800000
CELLSIZE           0.100
NODATA_VALUE     -9999.0
[rows 0 to 26 of 79, columns 0 to 59 of 79]
-9999.000 -9999.000 -9999.000 -9999.000 -9999.000 -9999.000 -9999.000 -9999.000 -9999.000 -9999.000 -9999.000 -9999.000 -9999.000 -9999.000 -9999.000 0.1925621 0.1914331 0.1915661 0.1918070 0.1920652 0.1923237 0.1925835 0.1928585 0.1931768 0.1935809 0.1941347 0.1949341 0.1961358 0.1978935 0.1960028 0.1960028 -9999.000 -9999.000 -9999.000 -9999.000 -9999.000 -9999.000 -9999.000 -9999.000 -9999.000 -9999.000 -9999.000 -9999.000 -9999.000 -9999.000 -9999.000 -9999.000 -9999.000 -9999.000 -9999.000 -9999.000 -9999.000 -9999.000 -9999.000 -9999.000 -9999.000 -9999.000 -9999.000 -9999.000 -9999.000
-9999.000 -9999.000 -9999.000 -9999.000 -9999.000 -9999.000 -9999.000 -9999.000 -9999.000 -9999.000 -9999.000 -9999.000 -9999.000 -9999.000 -9999.000 0.1901782 0.1877271 0.1879988 0.1885171 0.1890853 0.1896607 0.1902388 0.1908455 0.1915357 0.1923988 0.1935717 0.1952651 0.1978182 0.2015361 0.1981343 0.1981343 -9999.000 -9999.000 -9999.000 -9999.000 -9999.000 -9999.000 -9999.000 -9999.000 -9999.000 -9999.000 -9999.000 -9999.000 -9999.000 -9999.000 -9999.000 -9999.000 -9999.000 -9999.000 -9999.000 -9999.000 -9999.000 -9999.000 -9999.000 -9999.000 -9999.000 -9999.000 -9999.000 -9999.000 -9999.000
-9999.000 -9999.000 -9999.000 -9999.000 -9999.000 -9999.000 -9999.000 -9999.000 -9999.000 -9999.000 -9999.000 -9999.000 -9999.000 -9999.000 -9999.000 0.1863980 0.1824842 0.1829426 0.1838583 0.1848999 0.1859873 0.1871080 0.1883020 0.1896618 0.1913393 0.1935634 0.1966782 0.2012133 0.2075900 0.2030865 0.2030865 -9999.000 -9999.000 -9999.000 -9999.000 -9999.000 -9999.000 -9999.000 -9999.000 -9999.000 -9999.000 -9999.000 -9999.000 -9999.000 -9999.000 -9999.000 -9999.000 -9999.000 -9999.000 -9999.000 -9999.000 -9999.000 -9999.000 -9999.000 -9999.000 -9999.000 -9999.000 -9999.000 -9999.000 -9999.000
-9999.000 -9999.000 -9999.000 -9999.000 -9999.000 -9999.000 -9999.000 -9999.000 -9999.000 -9999.000 -9999.000 -9999.000 -9999.000 -9999.000 -9999.000 0.1816622 0.1763385 0.1770435 0.1784483 0.1800785 0.1818131 0.1836305 0.1855841 0.1878049 0.1905104 0.1940266 0.1988384 0.2056827 0.2151241 0.2101510 0.2101510 -9999.000 -9999.000 -9999.000 -9999.000 -9999.000 -9999.000 -9999.000 -9999.000 -9999.000 -9999.000 -9999.000 -9999.000 -9999.000 -9999.000 -9999.000 -9999.000 -9999.000 -9999.000 -9999.000 -9999.000 -9999.000 -9999.000 -9999.000 -9999.000 -9999.000 -9999.000 -9999.000 -9999.000 -9999.000
-9999.000 -9999.000 -9999.000 -9999.000 -9999.000 -9999.000 -9999.000 -9999.000 -9999.000 -9999.000 -9999.000 -9999.000 -9999.000 -9999.000 -9999.000 0.1760742 0.1694159 0.1704250 0.1724011 0.1747195 0.1772152 0.1798549 0.1827067 0.1859428 0.1898510 0.1948631 0.2016213 0.2110973 0.2240420 0.2192937 0.2192937 -9999.000 -9999.000 -9999.000 -9999.000 -9999.000 -9999.000 -9999.000 -9999.000 -9999.000 -9999.000 -9999.000 -9999.000 -9999.000 -9999.000 -9999.000 -9999.000 -9999.000 -9999.000 -9999.000 -9999.000 -9999.000 -9999.000 -9999.000 -9999.000 -9999.000 -9999.000 -9999.000 -9999.000 -9999.000
-9999.000 -9999.000 -9999.000 -9999.000 -9999.000 -9999.000 -9999.000 -9999.000 -9999.000 -9999.000 -9999.000 -9999.000 -9999.000 -9999.000 -9999.000 0.1696784 0.1617945 0.1631669 0.1657910 0.1688875 0.1722439 0.1758140 0.1796816 0.1840641 0.1893274 0.1960215 0.2049676 0.2174109 0.2343574 0.2306455 0.2306455 -9999.000 -9999.000 -9999.000 -9999.000 -9999.000 -9999.000 -9999.000 -9999.000 -9999.000 -9999.000 -9999.000 -9999.000 -9999.000 -9999.000 -9999.000 -9999.000 -9999.000 -9999.000 -9999.000 -9999.000 -9999.000 -9999.000 -9999.000 -9999.000 -9999.000 -9999.000 -9999.000 -9999.000 -9999.000
-9999.000 -9999.000 -9999.000 -9999.000 -9999.000 -9999.000 -9999.000 -9999.000 -9999.000 -9999.000 -9999.000 -9999.000 -9999.000 -9999.000 -9999.000 0.1624665 0.1535123 0.1553142 0.1586635 0.1626246 0.1669341 0.1715325 0.1765215 0.1821685 0.1889264 0.1974805 0.2088596 0.2246351 0.2461680 0.2444884 0.2444884 -9999.000 -9999.000 -9999.000 -9999.000 -9999.000 -9999.000 -9999.000 -9999.000 -9999.000 -9999.000 -9999.000 -9999.000 -9999.000 -9999.000 -9999.000 -9999.000 -9999.000 -9999.000 -9999.000 -9999.000 -9999.000 -9999.000 -9999.000 -9999.000 -9999.000 -9999.000 -9999.000 -9999.000 -9999.000
-9999.000 -9999.000 -9999.000 -9999.000 -9999.000 -9999.000 -9999.000 -9999.000 -9999.000 -9999.000 -9999.000 -9999.000 -9999.000 -9999.000 -9999.000 0.1543873 0.1445760 0.1468875 0.1510449 0.1559602 0.1613153 0.1670362 0.1732458 0.1802682 0.1886541 0.1992444 0.2133128 0.2328270 0.2596469 0.2612739 0.2612739 -9999.000 -9999.000 -9999.000 -9999.000 -9999.000 -9999.000 -9999.000 -9999.000 -9999.000 -9999.000 -9999.000 -9999.000 -9999.000 -9999.000 -9999.000 -9999.000 -9999.000 -9999.000 -9999.000 -9999.000 -9999.000 -9999.000 -9999.000 -9999.000 -9999.000 -9999.000 -9999.000 -9999.000 -9999.000
-9999.000 -9999.000 -9999.000 -9999.000 -9999.000 -9999.000 -9999.000 -9999.000 -9999.000 -9999.000 -9999.000 -9999.000 -9999.000 -9999.000 -9999.000 0.1453528 0.1349686 0.1378912 0.1429536 0.1489220 0.1554208 0.1623611 0.1698902 0.1783960 0.1885409 0.2013449 0.2183740 0.2420870 0.2750478 0.2816783 0.2816783 -9999.000 -9999.000 -9999.000 -9999.000 -9999.000 -9999.000 -9999.000 -9999.000 -9999.000 -9999.000 -9999.000 -9999.000 -9999.000 -9999.000 -9999.000 -9999.000 -9999.000 -9999.000 -9999.000 -9999.000 -9999.000 -9999.000 -9999.000 -9999.000 -9999.000 -9999.000 -9999.000 -9999.000 -9999.000
-9999.000 -9999.000 -9999.000 -9999.000 -9999.000 -9999.000 -9999.000 -9999.000 -9999.000 -9999.000 -9999.000 -9999.000 -9999.000 -9999.000 -9999.000 0.1352433 0.1246562 0.1283239 0.1344119 0.1415512 0.1493048 0.1575701 0.1665223 0.1766219 0.1886564 0.2038534 0.2241309 0.2525647 0.2927190 0.3067067 0.3067067 -9999.000 -9999.000 -9999.000 -9999.000 -9999.000 -9999.000 -9999.000 -9999.000 -9999.000 -9999.000 -9999.000 -9999.000 -9999.000 -9999.000 -9999.000 -9999.000 -9999.000 -9999.000 -9999.000 -9999.000 -9999.000 -9999.000 -9999.000 -9999.000 -9999.000 -9999.000 -9999.000 -9999.000 -9999.000
-9999.000 -9999.000 -9999.000 -9999.000 -9999.000 -9999.000 -9999.000 -9999.000 -9999.000 -9999.000 -9999.000 -9999.000 -9999.000 -9999.000 -9999.000 0.1239067 0.1135911 0.1181901 0.1254655 0.1339256 0.1430699 0.1527832 0.1632753 0.1750863 0.1891431 0.2069119 0.2307360 0.2644782 0.3131330 0.3378882 0.3378882 -9999.000 -9999.000 -9999.000 -9999.000 -9999.000 -9999.000 -9999.000 -9999.000 -9999.000 -9999.000 -9999.000 -9999.000 -9999.000 -9999.000 -9999.000 -9999.000 -9999.000 -9999.000 -9999.000 -9999.000 -9999.000 -9999.000 -9999.000 -9999.000 -9999.000 -9999.000 -9999.000 -9999.000 -9999.000
-9999.000 -9999.000 -9999.000 -9999.000 -9999.000 -9999.000 -9999.000 -9999.000 -9999.000 -9999.000 -9999.000 -9999.000 -9999.000 -9999.000 -9999.000 0.1111537 0.1017185 0.1075207 0.1162160 0.1262030 0.1369170 0.1482363 0.1604118 0.1740706 0.1902895 0.2108038 0.2384688 0.2781604 0.3369362 0.3776488 0.3776488 -9999.000 -9999.000 -9999.000 -9999.000 -9999.000 -9999.000 -9999.000 -9999.000 -9999.000 -9999.000 -9999.000 -9999.000 -9999.000 -9999.000 -9999.000 -9999.000 -9999.000 -9999.000 -9999.000 -9999.000 -9999.000 -9999.000 -9999.000 -9999.000 -9999.000 -9999.000 -9999.000 -9999.000 -9999.000
-9999.000 -9999.000 -9999.000 -9999.000 -9999.000 -9999.000 -9999.000 -9999.000 -9999.000 -9999.000 -9999.000 -9999.000 -9999.000 -9999.000 -9999.000 0.9674823E-01 0.8899578E-01 0.9642410E-01 0.1068946 0.1187109 0.1312516 0.1444015 0.1584627 0.1741520 0.1926979 0.2161248 0.2478902 0.2941764 0.3650432 0.4300861 0.4300861 -9999.000 -9999.000 -9999.000 -9999.000 -9999.000 -9999.000 -9999.000 -9999.000 -9999.000 -9999.000 -9999.000 -9999.000 -9999.000 -9999.000 -9999.000 -9999.000 -9999.000 -9999.000 -9999.000 -9999.000 -9999.000 -9999.000 -9999.000 -9999.000 -9999.000 -9999.000 -9999.000 -9999.000 -9999.000
-9999.000 -9999.000 -9999.000 -9999.000 -9999.000 -9999.000 -9999.000 -9999.000 -9999.000 -9999.000 -9999.000 -9999.000 -9999.000 -9999.000 -9999.000 0.8034851E-01 0.7548416E-01 0.8531267E-01 0.9817766E-01 0.1123169 0.1270910 0.1424260 0.1586927 0.1766952 0.1977971 0.2243018 0.2603327 0.3137167 0.3988876 0.5028117 0.5028117 -9999.000 -9999.000 -9999.000 -9999.000 -9999.000 -9999.000 -9999.000 -9999.000 -9999.000 -9999.000 -9999.000 -9999.000 -9999.000 -9999.000 -9999.000 -9999.000 -9999.000 -9999.000 -9999.000 -9999.000 -9999.000 -9999.000 -9999.000 -9999.000 -9999.000 -9999.000 -9999.000 -9999.000 -9999.000
-9999.000 -9999.000 -9999.000 -9999.000 -9999.000 -9999.000 -9999.000 -9999.000 -9999.000 -9999.000 -9999.000 -9999.000 -9999.000 -9999.000 -9999.000 0.5991222E-01 0.6953035E-01 0.8840726E-01 0.1070002 0.1246963 0.1416433 0.1582915 0.1753543 0.1938801 0.2154706 0.2428182 0.2809194 0.3398276 0.4404568 0.6096410 0.6096410 -9999.000 -9999.000 -9999.000 -9999.000 -9999.000 -9999.000 -9999.000 -9999.000 -9999.000 -9999.000 -9999.000 -9999.000 -9999.000 -9999.000 -9999.000 -9999.000 -9999.000 -9999.000 -9999.000 -9999.000 -9999.000 -9999.000 -9999.000 -9999.000 -9999.000 -9999.000 -9999.000 -9999.000 -9999.000
1.814208 1.814208 1.852046 1.899982 1.908514 1.908514 1.914219 1.920782 1.920782 1.923898 1.923898 1.925079 1.925045 1.924626 1.760419 1.760419 1.424971 1.364817 1.295444 1.217332 1.131928 1.041555 0.9494790 0.8600329 0.7788053 0.7130487 0.6727327 0.6732326 0.7419739 0.9454983 0.9454983 1.667349 1.845373 1.873702 1.836728 1.836728 1.732034 1.732034 1.463482 1.463482 1.183543 1.010139 1.010139 0.9991179 0.9991179 1.039352 1.039352 1.039352 1.091235 1.091235 1.138450 1.138450 1.178601 1.178601 1.222112 1.222112 1.248671 1.248671 1.248671 1.266373
1.824833 1.824833 1.878806 1.936207 1.953018 1.953018 1.966992 1.989979 1.989979 2.009351 2.009351 2.026637 2.034605 2.042149 1.974797 1.974797 1.681224 1.664537 1.640425 1.606449 1.561904 1.506889 1.442369 1.370364 1.294314 1.219730 1.155383 1.115504 1.124311 1.228235 1.228235 1.716889 1.874341 1.978954 1.992509 1.992509 1.969044 1.969044 1.849591 1.849591 1.662094 1.395986 1.395986 1.394738 1.394738 1.444095 1.444095 1.444095 1.497758 1.497758 1.547415 1.547415 1.578238 1.578238 1.631092 1.631092 1.663996 1.663996 1.663996 1.689222
1.826867 1.826867 1.883044 1.936372 1.953316 1.953316 1.967499 1.990946 1.990946 2.010799 2.010799 2.028615 2.036872 2.044726 2.006164 2.006164 1.729156 1.731203 1.730586 1.723201 1.708072 1.684699 1.653073 1.613936 1.569106 1.521912 1.477961 1.446730 1.445233 1.511334 1.511334 1.863051 2.004782 2.128569 2.154814 2.154814 2.152975 2.152975 2.077955 2.077955 1.970480 1.726962 1.726962 1.691614 1.691614 1.729395 1.729395 1.729395 1.774952 1.774952 1.816151 1.816151 1.848926 1.848926 1.886648 1.886648 1.913824 1.913824 1.913824 1.934056
1.828481 1.828481 1.886186 1.936304 1.953147 1.953147 1.967362 1.990914 1.990914 2.010817 2.010817 2.028645 2.036905 2.044761 2.022793 2.022793 1.755370 1.762982 1.772680 1.777157 1.775903 1.768878 1.756194 1.738319 1.716380 1.692490 1.670189 1.655466 1.659146 1.710177 1.710177 1.975419 2.094099 2.209576 2.233861 2.233861 2.234728 2.234728 2.185779 2.185779 2.126318 1.940089 1.940089 1.870490 1.870490 1.898409 1.898409 1.898409 1.937605 1.937605 1.973773 1.973773 2.003266 2.003266 2.033857 2.033857 2.057575 2.057575 2.057575 2.074919
1.829712 1.829712 1.888492 1.936305 1.952993 1.952993 1.967217 1.990867 1.990867 2.010817 2.010817 2.028649 2.036905 2.044756 2.033458 2.033458 1.786640 1.792154 1.807909 1.818778 1.824277 1.824948 1.821423 1.814498 1.805341 1.795693 1.787982 1.785984 1.795936 1.840088 1.840088 2.046152 2.143965 2.239010 2.254228 2.254228 2.248219 2.248219 2.221075 2.221075 2.194492 2.080478 2.080478 1.996669 1.996669 2.004463 2.004463 2.004463 2.038189 2.038189 2.070963 2.070963 2.098313 2.098313 2.124581 2.124581 2.145550 2.145550 2.145550 2.160755
1.830577 1.830577 1.890067 1.936341 1.952878 1.952878 1.967094 1.990825 1.990825 2.010819 2.010819 2.028654 2.036906 2.044753 2.040310 2.040310 1.831712 1.824246 1.844200 1.859921 1.869820 1.874722 1.875653 1.873759 1.870468 1.867790 1.867793 1.873240 1.888408 1.927718 1.927718 2.080222 2.159813 2.223558 2.226811 2.226811 2.218155 2.218155 2.216960 2.216960 2.214285 2.165789 2.165789 2.094697 2.094697 2.079585 2.079585 2.079585 2.105878 2.105878 2.134769 2.134769 2.159991 2.159991 2.182808 2.182808 2.201008 2.201008 2.201008 2.214123
1.831089 1.831089 1.890984 1.936379 1.952806 1.952806 1.967013 1.990796 1.990796 2.010820 2.010820 2.028658 2.036908 2.044752 2.044683 2.044683 1.885293 1.863324 1.884246 1.903537 1.917007 1.924984 1.928488 1.928885 1.927927 1.927817 1.930826 1.939418 1.955424 1.984597 1.984597 2.089823 2.144422 2.167269 2.162476 2.162476 2.166267 2.166267 2.194876 2.194876 2.209741 2.209924 2.209924 2.168498 2.168498 2.139310 2.139310 2.139310 2.156262 2.156262 2.179789 2.179789 2.201864 2.201864 2.221176 2.221176 2.236407 2.236407 2.236407 2.247311
1.831260 1.831260 1.891286 1.936395 1.952782 1.952782 1.966984 1.990786 1.990786 2.010821 2.010821 2.028661 2.036909 2.044751 2.047460 2.047460 1.940182 1.912868 1.929998 1.951352 1.967777 1.978299 1.983632 1.985142 1.984727 1.984784 1.987840 1.996143 2.008315 2.018851 2.018851 2.073462 2.092193 2.078166 2.076830 2.076830 2.109149 2.109149 2.166029 2.166029 2.193391 2.226187 2.226187 2.217438 2.217438 2.188917 2.188917 2.188917 2.196933 2.196933 2.213789 2.213789 2.231335 2.231335 2.246706 2.246706 2.258699 2.258699 2.258699 2.267274
1.831089 1.831089 1.890984 1.936379 1.952807 1.952807 1.967013 1.990796 1.990796 2.010820 2.010820 2.028658 2.036908 2.044752 2.049220 2.049220 1.993253 1.971377 1.984051 2.005281 2.023460 2.035864 2.042535 2.044596 2.043890 2.042871 2.044258 2.049889 2.052489 2.028470 2.028470 2.018845 1.996459 1.973076 1.987776 1.987776 2.055485 2.055485 2.135061 2.135061 2.171196 2.225274 2.225274 2.243958 2.243958 2.228644 2.228644 2.228644 2.230781 2.230781 2.240748 2.240748 2.252668 2.252668 2.263393 2.263393 2.271740 2.271740 2.271740 2.277856
1.830577 1.830577 1.890067 1.936341 1.952878 1.952878 1.967094 1.990825 1.990825 2.010819 2.010819 2.028654 2.036906 2.044753 2.050331 2.050331 2.044390 2.036542 2.047822 2.067345 2.085566 2.098717 2.106028 2.108159 2.106691 2.103966 2.102741 2.103681 2.086140 1.997558 1.997558 1.910930 1.863385 1.871042 1.906919 1.906919 2.007475 2.007475 2.103773 2.103773 2.146173 2.214346 2.214346 2.253192 2.253192 2.257337 2.257337 2.257337 2.257926 2.257926 2.262111 2.262111 2.267903 2.267903 2.273324 2.273324 2.277635 2.277635 2.277635 2.281216
1.829712 1.829712 1.888492 1.936304 1.952994 1.952994 1.967217 1.990867 1.990867 2.010817 2.010817 2.028648 2.036904 2.044756 2.051029 2.051029 2.096265 2.107049 2.121479 2.139227 2.155800 2.168101 2.174922 2.176411 2.173724 2.168901 2.164519 2.157691 2.094404 1.893889 1.893889 1.755501 1.722890 1.780903 1.831594 1.831594 1.962913 1.962913 2.071820 2.071820 2.118981 2.196947 2.196947 2.249884 2.249884 2.274111 2.274111 2.274111 2.276968 2.276968 2.277341 2.277341 2.277271 2.277271 2.277099 2.277099 2.277189 2.277189 2.277189 2.278293
1.828481 1.828481 1.886186 1.936304 1.953147 1.953147 1.967363 1.990914 1.990914 2.010817 2.010817 2.028646 2.036905 2.044761 2.051464 2.051464 2.153984 2.184009 2.204955 2.221940 2.235721 2.245401 2.250184 2.249940 2.245369 2.238065 2.230052 2.206856 2.027933 1.703527 1.703527 1.588925 1.591891 1.702856 1.772284 1.772284 1.921558 1.921558 2.040845 2.040845 2.091592 2.176197 2.176197 2.238525 2.238525 2.279809 2.279809 2.279809 2.287045 2.287045 2.285636 2.285636 2.280621 2.280621 2.275105 2.275105 2.271127 2.271127 2.271127 2.269987
