cruce_test.gid/Rasters/Hydraulic/Velocity__x_337.0.asc
NCOLS        79
NROWS        79
XLLCENTER         -1.500000
YLLCENTER         -4.800000
CELLSIZE           0.100
NODATA_VALUE     -9999.0
[rows 0 to 25 of 79, columns 0 to 57 of 79]
-9999.000 -9999.000 -9999.000 -9999.000 -9999.000 -9999.000 -9999.000 -9999.000 -9999.000 -9999.000 -9999.000 -9999.000 -9999.000 -9999.000 -9999.000 0.5456342E-03 0.2453980E-02 0.5830321E-02 0.9155947E-02 0.1203554E-01 0.1430229E-01 0.1587936E-01 0.1677302E-01 0.1703021E-01 0.1669770E-01 0.1583441E-01 0.1446000E-01 0.1239892E-01 0.8876882E-02 0.4366999E-02 0.4366999E-02 -9999.000 -9999.000 -9999.000 -9999.000 -9999.000 -9999.000 -9999.000 -9999.000 -9999.000 -9999.000 -9999.000 -9999.000 -9999.000 -9999.000 -9999.000 -9999.000 -9999.000 -9999.000 -9999.000 -9999.000 -9999.000 -9999.000 -9999.000 -9999.000 -9999.000 -9999.000 -9999.000
-9999.000 -9999.000 -9999.000 -9999.000 -9999.000 -9999.000 -9999.000 -9999.000 -9999.000 -9999.000 -9999.000 -9999.000 -9999.000 -9999.000 -9999.000 0.1714570E-02 0.4805200E-02 0.9328348E-02 0.1371757E-01 0.1754209E-01 0.2058214E-01 0.2271163E-01 0.2389508E-01 0.2414740E-01 0.2349641E-01 0.2199130E-01 0.1965511E-01 0.1634851E-01 0.1142550E-01 0.5606608E-02 0.5606608E-02 -9999.000 -9999.000 -9999.000 -9999.000 -9999.000 -9999.000 -9999.000 -9999.000 -9999.000 -9999.000 -9999.000 -9999.000 -9999.000 -9999.000 -9999.000 -9999.000 -9999.000 -9999.000 -9999.000 -9999.000 -9999.000 -9999.000 -9999.000 -9999.000 -9999.000 -9999.000 -9999.000
-9999.000 -9999.000 -9999.000 -9999.000 -9999.000 -9999.000 -9999.000 -9999.000 -9999.000 -9999.000 -9999.000 -9999.000 -9999.000 -9999.000 -9999.000 0.2307639E-02 0.6054668E-02 0.1128505E-01 0.1631637E-01 0.2068986E-01 0.2416250E-01 0.2658934E-01 0.2792204E-01 0.2816786E-01 0.2735199E-01 0.2552899E-01 0.2273248E-01 0.1883338E-01 0.1317631E-01 0.6504080E-02 0.6504080E-02 -9999.000 -9999.000 -9999.000 -9999.000 -9999.000 -9999.000 -9999.000 -9999.000 -9999.000 -9999.000 -9999.000 -9999.000 -9999.000 -9999.000 -9999.000 -9999.000 -9999.000 -9999.000 -9999.000 -9999.000 -9999.000 -9999.000 -9999.000 -9999.000 -9999.000 -9999.000 -9999.000
-9999.000 -9999.000 -9999.000 -9999.000 -9999.000 -9999.000 -9999.000 -9999.000 -9999.000 -9999.000 -9999.000 -9999.000 -9999.000 -9999.000 -9999.000 0.2680891E-02 0.6845756E-02 0.1253092E-01 0.1797894E-01 0.2271139E-01 0.2647052E-01 0.2910040E-01 0.3054645E-01 0.3081293E-01 0.2992453E-01 0.2793940E-01 0.2489514E-01 0.2065959E-01 0.1454226E-01 0.7235221E-02 0.7235221E-02 -9999.000 -9999.000 -9999.000 -9999.000 -9999.000 -9999.000 -9999.000 -9999.000 -9999.000 -9999.000 -9999.000 -9999.000 -9999.000 -9999.000 -9999.000 -9999.000 -9999.000 -9999.000 -9999.000 -9999.000 -9999.000 -9999.000 -9999.000 -9999.000 -9999.000 -9999.000 -9999.000
-9999.000 -9999.000 -9999.000 -9999.000 -9999.000 -9999.000 -9999.000 -9999.000 -9999.000 -9999.000 -9999.000 -9999.000 -9999.000 -9999.000 -9999.000 0.2964808E-02 0.7446219E-02 0.1347414E-01 0.1923765E-01 0.2424509E-01 0.2822867E-01 0.3102468E-01 0.3257512E-01 0.3288290E-01 0.3197201E-01 0.2990302E-01 0.2671448E-01 0.2226341E-01 0.1580833E-01 0.7937960E-02 0.7937960E-02 -9999.000 -9999.000 -9999.000 -9999.000 -9999.000 -9999.000 -9999.000 -9999.000 -9999.000 -9999.000 -9999.000 -9999.000 -9999.000 -9999.000 -9999.000 -9999.000 -9999.000 -9999.000 -9999.000 -9999.000 -9999.000 -9999.000 -9999.000 -9999.000 -9999.000 -9999.000 -9999.000
-9999.000 -9999.000 -9999.000 -9999.000 -9999.000 -9999.000 -9999.000 -9999.000 -9999.000 -9999.000 -9999.000 -9999.000 -9999.000 -9999.000 -9999.000 0.3220998E-02 0.7984872E-02 0.1431399E-01 0.2035482E-01 0.2560597E-01 0.2979233E-01 0.3274382E-01 0.3440145E-01 0.3476727E-01 0.3386443E-01 0.3175564E-01 0.2847853E-01 0.2387401E-01 0.1713440E-01 0.8694197E-02 0.8694197E-02 -9999.000 -9999.000 -9999.000 -9999.000 -9999.000 -9999.000 -9999.000 -9999.000 -9999.000 -9999.000 -9999.000 -9999.000 -9999.000 -9999.000 -9999.000 -9999.000 -9999.000 -9999.000 -9999.000 -9999.000 -9999.000 -9999.000 -9999.000 -9999.000 -9999.000 -9999.000 -9999.000
-9999.000 -9999.000 -9999.000 -9999.000 -9999.000 -9999.000 -9999.000 -9999.000 -9999.000 -9999.000 -9999.000 -9999.000 -9999.000 -9999.000 -9999.000 0.3480261E-02 0.8526124E-02 0.1515039E-01 0.2146151E-01 0.2695153E-01 0.3133963E-01 0.3445057E-01 0.3622542E-01 0.3666621E-01 0.3579530E-01 0.3367742E-01 0.3034818E-01 0.2562690E-01 0.1862419E-01 0.9561175E-02 0.9561175E-02 -9999.000 -9999.000 -9999.000 -9999.000 -9999.000 -9999.000 -9999.000 -9999.000 -9999.000 -9999.000 -9999.000 -9999.000 -9999.000 -9999.000 -9999.000 -9999.000 -9999.000 -9999.000 -9999.000 -9999.000 -9999.000 -9999.000 -9999.000 -9999.000 -9999.000 -9999.000 -9999.000
-9999.000 -9999.000 -9999.000 -9999.000 -9999.000 -9999.000 -9999.000 -9999.000 -9999.000 -9999.000 -9999.000 -9999.000 -9999.000 -9999.000 -9999.000 0.3759063E-02 0.9104307E-02 0.1603657E-01 0.2262800E-01 0.2836692E-01 0.3296783E-01 0.3625132E-01 0.3815976E-01 0.3869580E-01 0.3788065E-01 0.3578172E-01 0.3243141E-01 0.2762240E-01 0.2036505E-01 0.1059131E-01 0.1059131E-01 -9999.000 -9999.000 -9999.000 -9999.000 -9999.000 -9999.000 -9999.000 -9999.000 -9999.000 -9999.000 -9999.000 -9999.000 -9999.000 -9999.000 -9999.000 -9999.000 -9999.000 -9999.000 -9999.000 -9999.000 -9999.000 -9999.000 -9999.000 -9999.000 -9999.000 -9999.000 -9999.000
-9999.000 -9999.000 -9999.000 -9999.000 -9999.000 -9999.000 -9999.000 -9999.000 -9999.000 -9999.000 -9999.000 -9999.000 -9999.000 -9999.000 -9999.000 0.4067728E-02 0.9740968E-02 0.1700608E-01 0.2389918E-01 0.2990688E-01 0.3474075E-01 0.3821766E-01 0.4028253E-01 0.4093926E-01 0.4020821E-01 0.3816015E-01 0.3482332E-01 0.2995755E-01 0.2245108E-01 0.1184423E-01 0.1184423E-01 -9999.000 -9999.000 -9999.000 -9999.000 -9999.000 -9999.000 -9999.000 -9999.000 -9999.000 -9999.000 -9999.000 -9999.000 -9999.000 -9999.000 -9999.000 -9999.000 -9999.000 -9999.000 -9999.000 -9999.000 -9999.000 -9999.000 -9999.000 -9999.000 -9999.000 -9999.000 -9999.000
-9999.000 -9999.000 -9999.000 -9999.000 -9999.000 -9999.000 -9999.000 -9999.000 -9999.000 -9999.000 -9999.000 -9999.000 -9999.000 -9999.000 -9999.000 0.4414282E-02 0.1045356E-01 0.1808667E-01 0.2531214E-01 0.3161779E-01 0.3671318E-01 0.4041247E-01 0.4266480E-01 0.4347581E-01 0.4286539E-01 0.4090921E-01 0.3762983E-01 0.3274739E-01 0.2500145E-01 0.1339891E-01 0.1339891E-01 -9999.000 -9999.000 -9999.000 -9999.000 -9999.000 -9999.000 -9999.000 -9999.000 -9999.000 -9999.000 -9999.000 -9999.000 -9999.000 -9999.000 -9999.000 -9999.000 -9999.000 -9999.000 -9999.000 -9999.000 -9999.000 -9999.000 -9999.000 -9999.000 -9999.000 -9999.000 -9999.000
-9999.000 -9999.000 -9999.000 -9999.000 -9999.000 -9999.000 -9999.000 -9999.000 -9999.000 -9999.000 -9999.000 -9999.000 -9999.000 -9999.000 -9999.000 0.4807166E-02 0.1126040E-01 0.1930775E-01 0.2690704E-01 0.3355024E-01 0.3894632E-01 0.4290723E-01 0.4538902E-01 0.4639980E-01 0.4595957E-01 0.4415054E-01 0.4098926E-01 0.3614693E-01 0.2818260E-01 0.1536653E-01 0.1536653E-01 -9999.000 -9999.000 -9999.000 -9999.000 -9999.000 -9999.000 -9999.000 -9999.000 -9999.000 -9999.000 -9999.000 -9999.000 -9999.000 -9999.000 -9999.000 -9999.000 -9999.000 -9999.000 -9999.000 -9999.000 -9999.000 -9999.000 -9999.000 -9999.000 -9999.000 -9999.000 -9999.000
-9999.000 -9999.000 -9999.000 -9999.000 -9999.000 -9999.000 -9999.000 -9999.000 -9999.000 -9999.000 -9999.000 -9999.000 -9999.000 -9999.000 -9999.000 0.5257462E-02 0.1218513E-01 0.2070765E-01 0.2873633E-01 0.3577036E-01 0.4152017E-01 0.4579692E-01 0.4856566E-01 0.4983890E-01 0.4963781E-01 0.4805397E-01 0.4509722E-01 0.4037964E-01 0.3223875E-01 0.1791234E-01 0.1791234E-01 -9999.000 -9999.000 -9999.000 -9999.000 -9999.000 -9999.000 -9999.000 -9999.000 -9999.000 -9999.000 -9999.000 -9999.000 -9999.000 -9999.000 -9999.000 -9999.000 -9999.000 -9999.000 -9999.000 -9999.000 -9999.000 -9999.000 -9999.000 -9999.000 -9999.000 -9999.000 -9999.000
-9999.000 -9999.000 -9999.000 -9999.000 -9999.000 -9999.000 -9999.000 -9999.000 -9999.000 -9999.000 -9999.000 -9999.000 -9999.000 -9999.000 -9999.000 0.5780966E-02 0.1326241E-01 0.2234225E-01 0.3087691E-01 0.3837565E-01 0.4455280E-01 0.4922059E-01 0.5235723E-01 0.5398149E-01 0.5411812E-01 0.5287236E-01 0.5024766E-01 0.4578395E-01 0.3754672E-01 0.2129213E-01 0.2129213E-01 -9999.000 -9999.000 -9999.000 -9999.000 -9999.000 -9999.000 -9999.000 -9999.000 -9999.000 -9999.000 -9999.000 -9999.000 -9999.000 -9999.000 -9999.000 -9999.000 -9999.000 -9999.000 -9999.000 -9999.000 -9999.000 -9999.000 -9999.000 -9999.000 -9999.000 -9999.000 -9999.000
-9999.000 -9999.000 -9999.000 -9999.000 -9999.000 -9999.000 -9999.000 -9999.000 -9999.000 -9999.000 -9999.000 -9999.000 -9999.000 -9999.000 -9999.000 0.6499919E-02 0.1471812E-01 0.2451997E-01 0.3368516E-01 0.4174764E-01 0.4843679E-01 0.5357675E-01 0.5717042E-01 0.5924962E-01 0.5984831E-01 0.5909282E-01 0.5698093E-01 0.5296480E-01 0.4476934E-01 0.2597219E-01 0.2597219E-01 -9999.000 -9999.000 -9999.000 -9999.000 -9999.000 -9999.000 -9999.000 -9999.000 -9999.000 -9999.000 -9999.000 -9999.000 -9999.000 -9999.000 -9999.000 -9999.000 -9999.000 -9999.000 -9999.000 -9999.000 -9999.000 -9999.000 -9999.000 -9999.000 -9999.000 -9999.000 -9999.000
-9999.000 -9999.000 -9999.000 -9999.000 -9999.000 -9999.000 -9999.000 -9999.000 -9999.000 -9999.000 -9999.000 -9999.000 -9999.000 -9999.000 -9999.000 0.3687522E-01 0.5644852E-01 0.6534119E-01 0.6942897E-01 0.7247170E-01 0.7384918E-01 0.7386772E-01 0.7289720E-01 0.7109565E-01 0.6860369E-01 0.6555083E-01 0.6184546E-01 0.5675600E-01 0.4765090E-01 0.2395053E-01 0.2395053E-01 -9999.000 -9999.000 -9999.000 -9999.000 -9999.000 -9999.000 -9999.000 -9999.000 -9999.000 -9999.000 -9999.000 -9999.000 -9999.000 -9999.000 -9999.000 -9999.000 -9999.000 -9999.000 -9999.000 -9999.000 -9999.000 -9999.000 -9999.000 -9999.000 -9999.000 -9999.000 -9999.000
2.703715 2.703715 2.685941 2.714164 2.732699 2.732699 2.736160 2.737495 2.737495 2.735487 2.735487 2.730970 2.727965 2.724563 2.720904 2.720904 2.799313 2.801640 2.791151 2.762875 2.715683 2.647809 2.557508 2.447456 2.317968 2.171434 2.012613 1.852424 1.717457 1.673278 1.673278 2.528810 2.699257 2.787731 2.807660 2.807660 2.828658 2.828658 2.789821 2.789821 2.733701 2.521293 2.521293 2.057703 2.057703 1.893909 1.893909 1.893909 1.904932 1.904932 1.947023 1.947023 1.996771 1.996771 2.045201 2.045201 2.086555 2.086555
2.725947 2.725947 2.712707 2.766140 2.791360 2.791360 2.806386 2.829723 2.829723 2.849191 2.849191 2.865952 2.873524 2.880652 2.887474 2.887474 2.946981 2.960625 2.971596 2.978450 2.979855 2.973460 2.956292 2.926485 2.881462 2.819447 2.739930 2.644760 2.542573 2.482687 2.482687 2.947007 3.106934 3.254005 3.291978 3.291978 3.330677 3.330677 3.319826 3.319826 3.290365 3.168301 3.168301 2.902030 2.902030 2.708372 2.708372 2.708372 2.718958 2.718958 2.762459 2.762459 2.815166 2.815166 2.866379 2.866379 2.911193 2.911193
2.729604 2.729604 2.716526 2.767803 2.790996 2.790996 2.806695 2.830919 2.830919 2.850962 2.850962 2.868349 2.876280 2.883802 2.891061 2.891061 2.946155 2.969378 2.991243 3.010258 3.025503 3.035963 3.040304 3.037587 3.026251 3.004609 2.971302 2.926249 2.873682 2.841825 2.841825 3.117264 3.272665 3.446533 3.494946 3.494946 3.539067 3.539067 3.518497 3.518497 3.483459 3.375145 3.375145 3.199022 3.199022 3.007530 3.007530 3.007530 3.002540 3.002540 3.036026 3.036026 3.081197 3.081197 3.126229 3.126229 3.166296 3.166296
2.727638 2.727638 2.723295 2.768534 2.790240 2.790240 2.806262 2.830989 2.830989 2.851126 2.851126 2.868517 2.876447 2.883970 2.891250 2.891250 2.944964 2.976764 3.008053 3.036198 3.059870 3.078269 3.090729 3.096996 3.096655 3.089141 3.073902 3.050977 3.023039 3.008267 3.008267 3.179600 3.319480 3.502155 3.555583 3.555583 3.594909 3.594909 3.553849 3.553849 3.512540 3.422078 3.422078 3.314252 3.314252 3.150756 3.150756 3.150756 3.129465 3.129465 3.151312 3.151312 3.189641 3.189641 3.230546 3.230546 3.267699 3.267699
2.728473 2.728473 2.727850 2.768976 2.789652 2.789652 2.805851 2.830990 2.830990 2.851177 2.851177 2.868536 2.876453 2.883970 2.891280 2.891280 2.947127 2.986858 3.026836 3.063389 3.094729 3.119944 3.138486 3.150222 3.155133 3.153244 3.144675 3.129966 3.111421 3.101559 3.101559 3.209709 3.327365 3.501075 3.549641 3.549641 3.564477 3.564477 3.501554 3.501554 3.463596 3.407961 3.407961 3.358693 3.358693 3.240039 3.240039 3.240039 3.206729 3.206729 3.214624 3.214624 3.243933 3.243933 3.279557 3.279557 3.313210 3.313210
2.729099 2.729099 2.730996 2.769257 2.789239 2.789239 2.805533 2.830988 2.830988 2.851218 2.851218 2.868549 2.876456 2.883966 2.891326 2.891326 2.953640 3.001055 3.049009 3.093153 3.131434 3.162855 3.186889 3.203384 3.212389 3.214087 3.208825 3.197346 3.181704 3.170811 3.170811 3.235896 3.327189 3.470606 3.499425 3.499425 3.470559 3.470559 3.404437 3.404437 3.384145 3.374120 3.374120 3.371448 3.371448 3.302891 3.302891 3.302891 3.266290 3.266290 3.261161 3.261161 3.279329 3.279329 3.307527 3.307527 3.336084 3.336084
2.729488 2.729488 2.732833 2.769414 2.788993 2.788993 2.805333 2.830985 2.830985 2.851245 2.851245 2.868557 2.876458 2.883964 2.891398 2.891398 2.965389 3.020638 3.075931 3.126746 3.171016 3.207781 3.236583 3.257278 3.269913 3.274672 3.271907 3.262309 3.247551 3.233862 3.233862 3.267830 3.329810 3.413154 3.403442 3.403442 3.332091 3.332091 3.297329 3.297329 3.303525 3.336661 3.336661 3.367767 3.367767 3.346026 3.346026 3.346026 3.315470 3.315470 3.301721 3.301721 3.308336 3.308336 3.327163 3.327163 3.348742 3.348742
2.729620 2.729620 2.733437 2.769463 2.788912 2.788912 2.805264 2.830985 2.830985 2.851256 2.851256 2.868562 2.876460 2.883964 2.891505 2.891505 2.983478 3.046979 3.109041 3.165504 3.214590 3.255555 3.288098 3.312159 3.327806 3.335200 3.334625 3.326617 3.312389 3.295877 3.295877 3.306117 3.334189 3.313025 3.253647 3.253647 3.180122 3.180122 3.205616 3.205616 3.236065 3.301021 3.301021 3.355119 3.355119 3.372663 3.372663 3.372663 3.354786 3.354786 3.338528 3.338528 3.335326 3.335326 3.343733 3.343733 3.356580 3.356580
2.729488 2.729488 2.732834 2.769413 2.788994 2.788994 2.805333 2.830986 2.830986 2.851246 2.851246 2.868558 2.876458 2.883963 2.891656 2.891656 3.009435 3.081721 3.149941 3.210867 3.263354 3.307073 3.342010 3.368275 3.386008 3.395375 3.396588 3.390005 3.376310 3.357015 3.357015 3.345822 3.326994 3.149108 3.060915 3.060915 3.049450 3.049450 3.134276 3.134276 3.180820 3.266199 3.266199 3.336015 3.336015 3.384683 3.384683 3.384683 3.382426 3.382426 3.369354 3.369354 3.359690 3.359690 3.357919 3.357919 3.360852 3.360852
2.729099 2.729099 2.730996 2.769256 2.789239 2.789239 2.805534 2.830987 2.830987 2.851218 2.851218 2.868550 2.876456 2.883965 2.891872 2.891872 3.045462 3.126926 3.200429 3.264322 3.318458 3.363155 3.398817 3.425803 3.444390 3.454777 3.457131 3.451632 3.438230 3.414554 3.414554 3.374006 3.274218 2.927289 2.870331 2.870331 2.954704 2.954704 3.076663 3.076663 3.132090 3.230403 3.230403 3.311411 3.311411 3.383866 3.383866 3.383866 3.397092 3.397092 3.391040 3.391040 3.378745 3.378745 3.368213 3.368213 3.360852 3.360852
2.728473 2.728473 2.727852 2.768975 2.789651 2.789651 2.805852 2.830990 2.830990 2.851178 2.851178 2.868537 2.876454 2.883970 2.892176 2.892176 3.094826 3.185298 3.262576 3.327351 3.380888 3.424371 3.458734 3.484657 3.502585 3.512782 3.515384 3.510360 3.496100 3.460539 3.460539 3.356675 3.117193 2.706481 2.730706 2.730706 2.884554 2.884554 3.023996 3.023996 3.084134 3.191327 3.191327 3.280523 3.280523 3.370606 3.370606 3.370606 3.397293 3.397293 3.399830 3.399830 3.388076 3.388076 3.370924 3.370924 3.353803 3.353803
