cruce_test.gid/Rasters/Hydraulic/Velocity____171.0.asc
NCOLS        79
NROWS        79
XLLCENTER         -1.500000
YLLCENTER         -4.800000
CELLSIZE           0.100
NODATA_VALUE     -9999.0
[rows 0 to 26 of 79, columns 0 to 59 of 79]
-9999.000 -9999.000 -9999.000 -9999.000 -9999.000 -9999.000 -9999.000 -9999.000 -9999.000 -9999.000 -9999.000 -9999.000 -9999.000 -9999.000 -9999.000 0.1001934 0.9836108E-01 0.9802138E-01 0.9842066E-01 0.9912012E-01 0.9990482E-01 0.1006791 0.1013597 0.1018688 0.1022449 0.1024967 0.1026775 0.1029733 0.1039491 0.1048954 0.1048954 -9999.000 -9999.000 -9999.000 -9999.000 -9999.000 -9999.000 -9999.000 -9999.000 -9999.000 -9999.000 -9999.000 -9999.000 -9999.000 -9999.000 -9999.000 -9999.000 -9999.000 -9999.000 -9999.000 -9999.000 -9999.000 -9999.000 -9999.000 -9999.000 -9999.000 -9999.000 -9999.000 -9999.000 -9999.000
-9999.000 -9999.000 -9999.000 -9999.000 -9999.000 -9999.000 -9999.000 -9999.000 -9999.000 -9999.000 -9999.000 -9999.000 -9999.000 -9999.000 -9999.000 0.9845480E-01 0.9472682E-01 0.9406518E-01 0.9495274E-01 0.9646901E-01 0.9817439E-01 0.9987680E-01 0.1014046 0.1025876 0.1034952 0.1041419 0.1046409 0.1054049 0.1076762 0.1102127 0.1102127 -9999.000 -9999.000 -9999.000 -9999.000 -9999.000 -9999.000 -9999.000 -9999.000 -9999.000 -9999.000 -9999.000 -9999.000 -9999.000 -9999.000 -9999.000 -9999.000 -9999.000 -9999.000 -9999.000 -9999.000 -9999.000 -9999.000 -9999.000 -9999.000 -9999.000 -9999.000 -9999.000 -9999.000 -9999.000
-9999.000 -9999.000 -9999.000 -9999.000 -9999.000 -9999.000 -9999.000 -9999.000 -9999.000 -9999.000 -9999.000 -9999.000 -9999.000 -9999.000 -9999.000 0.9525888E-01 0.8955242E-01 0.8850640E-01 0.8996039E-01 0.9244129E-01 0.9525815E-01 0.9811959E-01 0.1007649 0.1029238 0.1047019 0.1061093 0.1073112 0.1089543 0.1130180 0.1179387 0.1179387 -9999.000 -9999.000 -9999.000 -9999.000 -9999.000 -9999.000 -9999.000 -9999.000 -9999.000 -9999.000 -9999.000 -9999.000 -9999.000 -9999.000 -9999.000 -9999.000 -9999.000 -9999.000 -9999.000 -9999.000 -9999.000 -9999.000 -9999.000 -9999.000 -9999.000 -9999.000 -9999.000 -9999.000 -9999.000
-9999.000 -9999.000 -9999.000 -9999.000 -9999.000 -9999.000 -9999.000 -9999.000 -9999.000 -9999.000 -9999.000 -9999.000 -9999.000 -9999.000 -9999.000 0.9142179E-01 0.8381781E-01 0.8239034E-01 0.8444497E-01 0.8793200E-01 0.9190650E-01 0.9598746E-01 0.9983291E-01 0.1030735 0.1058532 0.1081695 0.1102305 0.1129120 0.1189569 0.1268033 0.1268033 -9999.000 -9999.000 -9999.000 -9999.000 -9999.000 -9999.000 -9999.000 -9999.000 -9999.000 -9999.000 -9999.000 -9999.000 -9999.000 -9999.000 -9999.000 -9999.000 -9999.000 -9999.000 -9999.000 -9999.000 -9999.000 -9999.000 -9999.000 -9999.000 -9999.000 -9999.000 -9999.000 -9999.000 -9999.000
-9999.000 -9999.000 -9999.000 -9999.000 -9999.000 -9999.000 -9999.000 -9999.000 -9999.000 -9999.000 -9999.000 -9999.000 -9999.000 -9999.000 -9999.000 0.8717524E-01 0.7771678E-01 0.7591113E-01 0.7860430E-01 0.8313647E-01 0.8830424E-01 0.9364514E-01 0.9874284E-01 0.1031277 0.1069881 0.1103021 0.1133158 0.1171413 0.1253249 0.1366556 0.1366556 -9999.000 -9999.000 -9999.000 -9999.000 -9999.000 -9999.000 -9999.000 -9999.000 -9999.000 -9999.000 -9999.000 -9999.000 -9999.000 -9999.000 -9999.000 -9999.000 -9999.000 -9999.000 -9999.000 -9999.000 -9999.000 -9999.000 -9999.000 -9999.000 -9999.000 -9999.000 -9999.000 -9999.000 -9999.000
-9999.000 -9999.000 -9999.000 -9999.000 -9999.000 -9999.000 -9999.000 -9999.000 -9999.000 -9999.000 -9999.000 -9999.000 -9999.000 -9999.000 -9999.000 0.8261524E-01 0.7133678E-01 0.6916788E-01 0.7255054E-01 0.7817163E-01 0.8456421E-01 0.9119482E-01 0.9758037E-01 0.1031489 0.1081413 0.1125101 0.1165382 0.1215850 0.1320555 0.1474998 0.1474998 -9999.000 -9999.000 -9999.000 -9999.000 -9999.000 -9999.000 -9999.000 -9999.000 -9999.000 -9999.000 -9999.000 -9999.000 -9999.000 -9999.000 -9999.000 -9999.000 -9999.000 -9999.000 -9999.000 -9999.000 -9999.000 -9999.000 -9999.000 -9999.000 -9999.000 -9999.000 -9999.000 -9999.000 -9999.000
-9999.000 -9999.000 -9999.000 -9999.000 -9999.000 -9999.000 -9999.000 -9999.000 -9999.000 -9999.000 -9999.000 -9999.000 -9999.000 -9999.000 -9999.000 0.7777110E-01 0.6471222E-01 0.6221356E-01 0.6635429E-01 0.7311250E-01 0.8075680E-01 0.8869805E-01 0.9639645E-01 0.1031741 0.1093353 0.1147989 0.1198858 0.1262188 0.1391293 0.1594342 0.1594342 -9999.000 -9999.000 -9999.000 -9999.000 -9999.000 -9999.000 -9999.000 -9999.000 -9999.000 -9999.000 -9999.000 -9999.000 -9999.000 -9999.000 -9999.000 -9999.000 -9999.000 -9999.000 -9999.000 -9999.000 -9999.000 -9999.000 -9999.000 -9999.000 -9999.000 -9999.000 -9999.000 -9999.000 -9999.000
-9999.000 -9999.000 -9999.000 -9999.000 -9999.000 -9999.000 -9999.000 -9999.000 -9999.000 -9999.000 -9999.000 -9999.000 -9999.000 -9999.000 -9999.000 0.7263901E-01 0.5785289E-01 0.5508726E-01 0.6007637E-01 0.6802019E-01 0.7693416E-01 0.8619671E-01 0.9522345E-01 0.1032260 0.1105834 0.1171720 0.1233529 0.1310323 0.1465502 0.1726290 0.1726290 -9999.000 -9999.000 -9999.000 -9999.000 -9999.000 -9999.000 -9999.000 -9999.000 -9999.000 -9999.000 -9999.000 -9999.000 -9999.000 -9999.000 -9999.000 -9999.000 -9999.000 -9999.000 -9999.000 -9999.000 -9999.000 -9999.000 -9999.000 -9999.000 -9999.000 -9999.000 -9999.000 -9999.000 -9999.000
-9999.000 -9999.000 -9999.000 -9999.000 -9999.000 -9999.000 -9999.000 -9999.000 -9999.000 -9999.000 -9999.000 -9999.000 -9999.000 -9999.000 -9999.000 0.6719641E-01 0.5075894E-01 0.4783860E-01 0.5379254E-01 0.6296230E-01 0.7314640E-01 0.8372649E-01 0.9408695E-01 0.1033205 0.1118953 0.1196325 0.1269365 0.1360212 0.1543345 0.1873240 0.1873240 -9999.000 -9999.000 -9999.000 -9999.000 -9999.000 -9999.000 -9999.000 -9999.000 -9999.000 -9999.000 -9999.000 -9999.000 -9999.000 -9999.000 -9999.000 -9999.000 -9999.000 -9999.000 -9999.000 -9999.000 -9999.000 -9999.000 -9999.000 -9999.000 -9999.000 -9999.000 -9999.000 -9999.000 -9999.000
-9999.000 -9999.000 -9999.000 -9999.000 -9999.000 -9999.000 -9999.000 -9999.000 -9999.000 -9999.000 -9999.000 -9999.000 -9999.000 -9999.000 -9999.000 0.6140863E-01 0.4343277E-01 0.4056061E-01 0.4762364E-01 0.5803118E-01 0.6945500E-01 0.8132686E-01 0.9301310E-01 0.1034741 0.1132812 0.1221843 0.1306350 0.1411842 0.1625057 0.2038451 0.2038451 -9999.000 -9999.000 -9999.000 -9999.000 -9999.000 -9999.000 -9999.000 -9999.000 -9999.000 -9999.000 -9999.000 -9999.000 -9999.000 -9999.000 -9999.000 -9999.000 -9999.000 -9999.000 -9999.000 -9999.000 -9999.000 -9999.000 -9999.000 -9999.000 -9999.000 -9999.000 -9999.000 -9999.000 -9999.000
-9999.000 -9999.000 -9999.000 -9999.000 -9999.000 -9999.000 -9999.000 -9999.000 -9999.000 -9999.000 -9999.000 -9999.000 -9999.000 -9999.000 -9999.000 0.5523104E-01 0.3589699E-01 0.3345704E-01 0.4178165E-01 0.5336687E-01 0.6594516E-01 0.7905013E-01 0.9203583E-01 0.1037082 0.1147553 0.1248344 0.1344491 0.1465224 0.1710929 0.2226320 0.2226320 -9999.000 -9999.000 -9999.000 -9999.000 -9999.000 -9999.000 -9999.000 -9999.000 -9999.000 -9999.000 -9999.000 -9999.000 -9999.000 -9999.000 -9999.000 -9999.000 -9999.000 -9999.000 -9999.000 -9999.000 -9999.000 -9999.000 -9999.000 -9999.000 -9999.000 -9999.000 -9999.000 -9999.000 -9999.000
-9999.000 -9999.000 -9999.000 -9999.000 -9999.000 -9999.000 -9999.000 -9999.000 -9999.000 -9999.000 -9999.000 -9999.000 -9999.000 -9999.000 -9999.000 0.4860847E-01 0.2823860E-01 0.2700354E-01 0.3664829E-01 0.4918832E-01 0.6274239E-01 0.7697252E-01 0.9120540E-01 0.1040567 0.1163420 0.1275975 0.1383856 0.1520413 0.1801316 0.2442888 0.2442888 -9999.000 -9999.000 -9999.000 -9999.000 -9999.000 -9999.000 -9999.000 -9999.000 -9999.000 -9999.000 -9999.000 -9999.000 -9999.000 -9999.000 -9999.000 -9999.000 -9999.000 -9999.000 -9999.000 -9999.000 -9999.000 -9999.000 -9999.000 -9999.000 -9999.000 -9999.000 -9999.000 -9999.000 -9999.000
-9999.000 -9999.000 -9999.000 -9999.000 -9999.000 -9999.000 -9999.000 -9999.000 -9999.000 -9999.000 -9999.000 -9999.000 -9999.000 -9999.000 -9999.000 0.4147326E-01 0.2076563E-01 0.2230548E-01 0.3288501E-01 0.4583629E-01 0.6003875E-01 0.7521342E-01 0.9060425E-01 0.1045798 0.1180878 0.1305071 0.1424662 0.1577575 0.1896680 0.2696656 0.2696656 -9999.000 -9999.000 -9999.000 -9999.000 -9999.000 -9999.000 -9999.000 -9999.000 -9999.000 -9999.000 -9999.000 -9999.000 -9999.000 -9999.000 -9999.000 -9999.000 -9999.000 -9999.000 -9999.000 -9999.000 -9999.000 -9999.000 -9999.000 -9999.000 -9999.000 -9999.000 -9999.000 -9999.000 -9999.000
-9999.000 -9999.000 -9999.000 -9999.000 -9999.000 -9999.000 -9999.000 -9999.000 -9999.000 -9999.000 -9999.000 -9999.000 -9999.000 -9999.000 -9999.000 0.3364067E-01 0.1490704E-01 0.2188701E-01 0.3197692E-01 0.4425780E-01 0.5848395E-01 0.7423694E-01 0.9057399E-01 0.1055359 0.1201912 0.1337131 0.1468016 0.1637535 0.1997938 0.3000233 0.3000233 -9999.000 -9999.000 -9999.000 -9999.000 -9999.000 -9999.000 -9999.000 -9999.000 -9999.000 -9999.000 -9999.000 -9999.000 -9999.000 -9999.000 -9999.000 -9999.000 -9999.000 -9999.000 -9999.000 -9999.000 -9999.000 -9999.000 -9999.000 -9999.000 -9999.000 -9999.000 -9999.000 -9999.000 -9999.000
-9999.000 -9999.000 -9999.000 -9999.000 -9999.000 -9999.000 -9999.000 -9999.000 -9999.000 -9999.000 -9999.000 -9999.000 -9999.000 -9999.000 -9999.000 0.5004213E-01 0.7663556E-01 0.8826047E-01 0.8405755E-01 0.8436842E-01 0.8725876E-01 0.9374908E-01 0.1035103 0.1142336 0.1264603 0.1387307 0.1514748 0.1693142 0.2095177 0.3345536 0.3345536 -9999.000 -9999.000 -9999.000 -9999.000 -9999.000 -9999.000 -9999.000 -9999.000 -9999.000 -9999.000 -9999.000 -9999.000 -9999.000 -9999.000 -9999.000 -9999.000 -9999.000 -9999.000 -9999.000 -9999.000 -9999.000 -9999.000 -9999.000 -9999.000 -9999.000 -9999.000 -9999.000 -9999.000 -9999.000
2.690801 2.690801 2.718824 2.769924 2.774859 2.774859 2.777369 2.778422 2.778422 2.776168 2.776168 2.771711 2.768865 2.765689 2.762227 2.762227 2.847459 2.849284 2.848364 2.827552 2.788389 2.729465 2.649672 2.547179 2.426301 2.287462 2.134418 1.976323 1.838050 1.791434 1.791434 2.575631 2.737874 2.830609 2.853976 2.853976 2.885357 2.885357 2.869043 2.869043 2.827206 2.655569 2.655569 2.293314 2.293314 1.988816 1.988816 1.988816 1.972971 1.972971 2.002796 2.002796 2.047700 2.047700 2.094883 2.094883 2.137130 2.137130 2.137130 2.170604
2.712232 2.712232 2.749377 2.819095 2.835055 2.835055 2.848573 2.871507 2.871507 2.890965 2.890965 2.908057 2.915920 2.923408 2.930562 2.930562 2.991554 3.004186 3.016071 3.023945 3.027539 3.025174 3.014407 2.992105 2.956808 2.906068 2.838598 2.755285 2.662369 2.590878 2.590878 3.007502 3.153152 3.294824 3.333517 3.333517 3.377557 3.377557 3.378545 3.378545 3.358521 3.262249 3.262249 3.061311 3.061311 2.794724 2.794724 2.794724 2.776652 2.776652 2.808299 2.808299 2.856391 2.856391 2.906218 2.906218 2.951542 2.951542 2.951542 2.989506
2.715733 2.715733 2.754375 2.819156 2.835414 2.835414 2.849259 2.872858 2.872858 2.893032 2.893032 2.910912 2.919196 2.927121 2.934732 2.934732 2.988644 3.010575 3.032193 3.051475 3.067812 3.080591 3.088954 3.091529 3.087452 3.075091 3.052805 3.019849 2.978672 2.946693 2.946693 3.179146 3.318449 3.480606 3.528198 3.528198 3.576758 3.576758 3.566379 3.566379 3.539006 3.446382 3.446382 3.306596 3.306596 3.080298 3.080298 3.080298 3.047058 3.047058 3.067034 3.067034 3.106972 3.106972 3.150752 3.150752 3.191530 3.191530 3.191530 3.226129
2.714545 2.714545 2.762066 2.819092 2.835507 2.835507 2.849464 2.873092 2.873092 2.893194 2.893194 2.911018 2.919291 2.927212 2.934827 2.934827 2.984994 3.015042 3.045776 3.074340 3.099379 3.120239 3.136528 3.147785 3.153928 3.154580 3.149183 3.137450 3.120847 3.110089 3.110089 3.251982 3.374695 3.540910 3.591941 3.591941 3.634132 3.634132 3.601012 3.601012 3.563884 3.479636 3.479636 3.391231 3.391231 3.217132 3.217132 3.217132 3.171285 3.171285 3.177727 3.177727 3.209245 3.209245 3.248196 3.248196 3.285867 3.285867 3.285867 3.318121
2.715812 2.715812 2.766753 2.818735 2.835275 2.835275 2.849366 2.873102 2.873102 2.893206 2.893206 2.911018 2.919289 2.927209 2.934823 2.934823 2.984955 3.022416 3.061658 3.098788 3.131855 3.159960 3.182712 3.199887 3.211591 3.217968 3.219148 3.215467 3.208373 3.205168 3.205168 3.294916 3.396909 3.552482 3.597633 3.597633 3.611597 3.611597 3.548622 3.548622 3.509501 3.452785 3.452785 3.414273 3.414273 3.299961 3.299961 3.299961 3.249065 3.249065 3.241416 3.241416 3.262155 3.262155 3.294638 3.294638 3.328272 3.328272 3.328272 3.357548
2.716794 2.716794 2.769856 2.818498 2.835091 2.835091 2.849279 2.873106 2.873106 2.893212 2.893212 2.911017 2.919286 2.927205 2.934819 2.934819 2.989419 3.034174 3.081342 3.126263 3.166642 3.201419 3.230158 3.252687 3.269111 3.279673 3.284715 3.284806 3.281334 3.279508 3.279508 3.335099 3.413987 3.540748 3.565241 3.565241 3.526102 3.526102 3.446374 3.446374 3.420647 3.407109 3.407109 3.411679 3.411679 3.354908 3.354908 3.354908 3.308767 3.308767 3.290339 3.290339 3.299021 3.299021 3.322849 3.322849 3.350612 3.350612 3.350612 3.375521
2.717413 2.717413 2.771625 2.818366 2.834975 2.834975 2.849221 2.873109 2.873109 2.893217 2.893217 2.911016 2.919284 2.927203 2.934816 2.934816 2.999217 3.051662 3.106310 3.158211 3.205017 3.245669 3.279743 3.307110 3.327855 3.342206 3.350510 3.353322 3.351794 3.349514 3.349514 3.381440 3.435673 3.506490 3.489060 3.489060 3.389199 3.389199 3.329988 3.329988 3.329914 3.360778 3.360778 3.397538 3.397538 3.389547 3.389547 3.389547 3.356379 3.356379 3.333351 3.333351 3.331044 3.331044 3.344723 3.344723 3.364696 3.364696 3.364696 3.383602
2.717625 2.717625 2.772197 2.818325 2.834936 2.834936 2.849201 2.873110 2.873110 2.893219 2.893219 2.911018 2.919285 2.927202 2.934816 2.934816 3.015449 3.076337 3.138148 3.196207 3.248434 3.293951 3.332453 3.363891 3.388370 3.406101 3.417379 3.422658 3.422770 3.419795 3.419795 3.434294 3.460544 3.430705 3.352888 3.352888 3.227712 3.227712 3.226044 3.226044 3.252697 3.317912 3.317912 3.376733 3.376733 3.407275 3.407275 3.407275 3.391660 3.391660 3.370793 3.370793 3.360753 3.360753 3.364099 3.364099 3.374776 3.374776 3.374776 3.386091
2.717413 2.717413 2.771624 2.818366 2.834975 2.834975 2.849221 2.873108 2.873108 2.893217 2.893217 2.911017 2.919284 2.927203 2.934816 2.934816 3.039678 3.109940 3.178655 3.242008 3.298521 3.347698 3.389472 3.423945 3.451296 3.471745 3.485548 3.493043 3.494680 3.490664 3.490664 3.488967 3.475435 3.284074 3.157523 3.157523 3.080487 3.080487 3.146861 3.146861 3.192254 3.279051 3.279051 3.352411 3.352411 3.411978 3.411978 3.411978 3.414680 3.414680 3.401228 3.401228 3.387914 3.387914 3.382120 3.382120 3.382696 3.382696 3.382696 3.385093
2.716794 2.716794 2.769857 2.818498 2.835092 2.835092 2.849278 2.873106 2.873106 2.893212 2.893212 2.911018 2.919286 2.927205 2.934818 2.934818 3.074226 3.154766 3.230007 3.297631 3.357106 3.408517 3.452163 3.488371 3.517451 3.539674 3.555284 3.564511 3.567204 3.559880 3.559880 3.532816 3.445924 3.060674 2.943848 2.943848 2.972761 2.972761 3.086484 3.086484 3.141996 3.241271 3.241271 3.324546 3.324546 3.405546 3.405546 3.405546 3.424804 3.424804 3.421592 3.421592 3.408887 3.408887 3.396271 3.396271 3.386938 3.386938 3.386938 3.379692
2.715812 2.715812 2.766753 2.818735 2.835276 2.835276 2.849366 2.873102 2.873102 2.893204 2.893204 2.911018 2.919289 2.927209 2.934821 2.934821 3.122635 3.213997 3.294985 3.365484 3.426257 3.478174 3.522010 3.558388 3.587791 3.610574 3.627000 3.637152 3.639385 3.619499 3.619499 3.530622 3.309847 2.810854 2.773510 2.773510 2.898892 2.898892 3.034543 3.034543 3.094931 3.201669 3.201669 3.292013 3.292013 3.388480 3.388480 3.388480 3.421270 3.421270 3.428739 3.428739 3.419474 3.419474 3.402664 3.402664 3.384463 3.384463 3.384463 3.367595
2.714545 2.714545 2.762067 2.819091 2.835506 2.835506 2.849464 2.873092 2.873092 2.893194 2.893194 2.911018 2.919291 2.927212 2.934826 2.934826 3.190486 3.292265 3.377319 3.448554 3.508379 3.558614 3.600593 3.635273 3.663327 3.685211 3.701220 3.711024 3.707527 3.639190 3.639190 3.400563 3.022868 2.620278 2.664296 2.664296 2.835135 2.835135 2.979338 2.979338 3.042360 3.154294 3.154294 3.249944 3.249944 3.357410 3.357410 3.357410 3.400480 3.400480 3.417369 3.417369 3.412744 3.412744 3.393979 3.393979 3.368568 3.368568 3.368568 3.342957
