cruce_test.gid/Rasters/Hydraulic/Velocity____197.0.asc
NCOLS        79
NROWS        79
XLLCENTER         -1.500000
YLLCENTER         -4.800000
CELLSIZE           0.100
NODATA_VALUE     -9999.0
[rows 0 to 26 of 79, columns 0 to 59 of 79]
-9999.000 -9999.000 -9999.000 -9999.000 -9999.000 -9999.000 -9999.000 -9999.000 -9999.000 -9999.000 -9999.000 -9999.000 -9999.000 -9999.000 -9999.000 0.8988128E-01 0.8646681E-01 0.8472735E-01 0.8382199E-01 0.8430884E-01 0.8571174E-01 0.8727768E-01 0.8864868E-01 0.8970209E-01 0.9034467E-01 0.9067984E-01 0.9081651E-01 0.9093942E-01 0.9160503E-01 0.9252673E-01 0.9252673E-01 -9999.000 -9999.000 -9999.000 -9999.000 -9999.000 -9999.000 -9999.000 -9999.000 -9999.000 -9999.000 -9999.000 -9999.000 -9999.000 -9999.000 -9999.000 -9999.000 -9999.000 -9999.000 -9999.000 -9999.000 -9999.000 -9999.000 -9999.000 -9999.000 -9999.000 -9999.000 -9999.000 -9999.000 -9999.000
-9999.000 -9999.000 -9999.000 -9999.000 -9999.000 -9999.000 -9999.000 -9999.000 -9999.000 -9999.000 -9999.000 -9999.000 -9999.000 -9999.000 -9999.000 0.9142772E-01 0.8414634E-01 0.8056538E-01 0.7879009E-01 0.7979507E-01 0.8256973E-01 0.8566667E-01 0.8844525E-01 0.9069414E-01 0.9220804E-01 0.9316107E-01 0.9374931E-01 0.9435067E-01 0.9616634E-01 0.9875899E-01 0.9875899E-01 -9999.000 -9999.000 -9999.000 -9999.000 -9999.000 -9999.000 -9999.000 -9999.000 -9999.000 -9999.000 -9999.000 -9999.000 -9999.000 -9999.000 -9999.000 -9999.000 -9999.000 -9999.000 -9999.000 -9999.000 -9999.000 -9999.000 -9999.000 -9999.000 -9999.000 -9999.000 -9999.000 -9999.000 -9999.000
-9999.000 -9999.000 -9999.000 -9999.000 -9999.000 -9999.000 -9999.000 -9999.000 -9999.000 -9999.000 -9999.000 -9999.000 -9999.000 -9999.000 -9999.000 0.9226816E-01 0.8071014E-01 0.7495105E-01 0.7209302E-01 0.7362108E-01 0.7791656E-01 0.8275276E-01 0.8720091E-01 0.9097622E-01 0.9375346E-01 0.9577371E-01 0.9729867E-01 0.9887650E-01 0.1023800 0.1074399 0.1074399 -9999.000 -9999.000 -9999.000 -9999.000 -9999.000 -9999.000 -9999.000 -9999.000 -9999.000 -9999.000 -9999.000 -9999.000 -9999.000 -9999.000 -9999.000 -9999.000 -9999.000 -9999.000 -9999.000 -9999.000 -9999.000 -9999.000 -9999.000 -9999.000 -9999.000 -9999.000 -9999.000 -9999.000 -9999.000
-9999.000 -9999.000 -9999.000 -9999.000 -9999.000 -9999.000 -9999.000 -9999.000 -9999.000 -9999.000 -9999.000 -9999.000 -9999.000 -9999.000 -9999.000 0.9273262E-01 0.7684539E-01 0.6887621E-01 0.6492992E-01 0.6700660E-01 0.7284205E-01 0.7943023E-01 0.8558267E-01 0.9096060E-01 0.9511622E-01 0.9835181E-01 0.1009785 0.1037005 0.1090759 0.1170948 0.1170948 -9999.000 -9999.000 -9999.000 -9999.000 -9999.000 -9999.000 -9999.000 -9999.000 -9999.000 -9999.000 -9999.000 -9999.000 -9999.000 -9999.000 -9999.000 -9999.000 -9999.000 -9999.000 -9999.000 -9999.000 -9999.000 -9999.000 -9999.000 -9999.000 -9999.000 -9999.000 -9999.000 -9999.000 -9999.000
-9999.000 -9999.000 -9999.000 -9999.000 -9999.000 -9999.000 -9999.000 -9999.000 -9999.000 -9999.000 -9999.000 -9999.000 -9999.000 -9999.000 -9999.000 0.9304146E-01 0.7271817E-01 0.6250202E-01 0.5748342E-01 0.6016692E-01 0.6757338E-01 0.7591940E-01 0.8379207E-01 0.9081499E-01 0.9641232E-01 0.1009447 0.1047642 0.1087279 0.1161099 0.1275819 0.1275819 -9999.000 -9999.000 -9999.000 -9999.000 -9999.000 -9999.000 -9999.000 -9999.000 -9999.000 -9999.000 -9999.000 -9999.000 -9999.000 -9999.000 -9999.000 -9999.000 -9999.000 -9999.000 -9999.000 -9999.000 -9999.000 -9999.000 -9999.000 -9999.000 -9999.000 -9999.000 -9999.000 -9999.000 -9999.000
-9999.000 -9999.000 -9999.000 -9999.000 -9999.000 -9999.000 -9999.000 -9999.000 -9999.000 -9999.000 -9999.000 -9999.000 -9999.000 -9999.000 -9999.000 0.9326935E-01 0.6838729E-01 0.5589670E-01 0.4986249E-01 0.5325359E-01 0.6226022E-01 0.7235254E-01 0.8194239E-01 0.9063146E-01 0.9770574E-01 0.1035839 0.1086526 0.1139230 0.1234300 0.1389105 0.1389105 -9999.000 -9999.000 -9999.000 -9999.000 -9999.000 -9999.000 -9999.000 -9999.000 -9999.000 -9999.000 -9999.000 -9999.000 -9999.000 -9999.000 -9999.000 -9999.000 -9999.000 -9999.000 -9999.000 -9999.000 -9999.000 -9999.000 -9999.000 -9999.000 -9999.000 -9999.000 -9999.000 -9999.000 -9999.000
-9999.000 -9999.000 -9999.000 -9999.000 -9999.000 -9999.000 -9999.000 -9999.000 -9999.000 -9999.000 -9999.000 -9999.000 -9999.000 -9999.000 -9999.000 0.9342830E-01 0.6386323E-01 0.4908646E-01 0.4216097E-01 0.4641440E-01 0.5702291E-01 0.6881686E-01 0.8009889E-01 0.9045935E-01 0.9902988E-01 0.1062865 0.1126440 0.1192725 0.1310238 0.1511717 0.1511717 -9999.000 -9999.000 -9999.000 -9999.000 -9999.000 -9999.000 -9999.000 -9999.000 -9999.000 -9999.000 -9999.000 -9999.000 -9999.000 -9999.000 -9999.000 -9999.000 -9999.000 -9999.000 -9999.000 -9999.000 -9999.000 -9999.000 -9999.000 -9999.000 -9999.000 -9999.000 -9999.000 -9999.000 -9999.000
-9999.000 -9999.000 -9999.000 -9999.000 -9999.000 -9999.000 -9999.000 -9999.000 -9999.000 -9999.000 -9999.000 -9999.000 -9999.000 -9999.000 -9999.000 0.9350081E-01 0.5913401E-01 0.4208397E-01 0.3452012E-01 0.3985948E-01 0.5199295E-01 0.6538507E-01 0.7830589E-01 0.9032893E-01 0.1004036 0.1090614 0.1167383 0.1247707 0.1388959 0.1645145 0.1645145 -9999.000 -9999.000 -9999.000 -9999.000 -9999.000 -9999.000 -9999.000 -9999.000 -9999.000 -9999.000 -9999.000 -9999.000 -9999.000 -9999.000 -9999.000 -9999.000 -9999.000 -9999.000 -9999.000 -9999.000 -9999.000 -9999.000 -9999.000 -9999.000 -9999.000 -9999.000 -9999.000 -9999.000 -9999.000
-9999.000 -9999.000 -9999.000 -9999.000 -9999.000 -9999.000 -9999.000 -9999.000 -9999.000 -9999.000 -9999.000 -9999.000 -9999.000 -9999.000 -9999.000 0.9345222E-01 0.5417595E-01 0.3490949E-01 0.2724146E-01 0.3395238E-01 0.4734546E-01 0.6213559E-01 0.7660384E-01 0.9026419E-01 0.1018401 0.1119150 0.1209363 0.1304158 0.1470590 0.1791441 0.1791441 -9999.000 -9999.000 -9999.000 -9999.000 -9999.000 -9999.000 -9999.000 -9999.000 -9999.000 -9999.000 -9999.000 -9999.000 -9999.000 -9999.000 -9999.000 -9999.000 -9999.000 -9999.000 -9999.000 -9999.000 -9999.000 -9999.000 -9999.000 -9999.000 -9999.000 -9999.000 -9999.000 -9999.000 -9999.000
-9999.000 -9999.000 -9999.000 -9999.000 -9999.000 -9999.000 -9999.000 -9999.000 -9999.000 -9999.000 -9999.000 -9999.000 -9999.000 -9999.000 -9999.000 0.9323476E-01 0.4895760E-01 0.2762390E-01 0.2107190E-01 0.2934080E-01 0.4333131E-01 0.5916687E-01 0.7503837E-01 0.9029042E-01 0.1033533 0.1148529 0.1252386 0.1362072 0.1555307 0.1953318 0.1953318 -9999.000 -9999.000 -9999.000 -9999.000 -9999.000 -9999.000 -9999.000 -9999.000 -9999.000 -9999.000 -9999.000 -9999.000 -9999.000 -9999.000 -9999.000 -9999.000 -9999.000 -9999.000 -9999.000 -9999.000 -9999.000 -9999.000 -9999.000 -9999.000 -9999.000 -9999.000 -9999.000 -9999.000 -9999.000
-9999.000 -9999.000 -9999.000 -9999.000 -9999.000 -9999.000 -9999.000 -9999.000 -9999.000 -9999.000 -9999.000 -9999.000 -9999.000 -9999.000 -9999.000 0.9278631E-01 0.4344109E-01 0.2042557E-01 0.1775147E-01 0.2702048E-01 0.4030140E-01 0.5660971E-01 0.7366954E-01 0.9044101E-01 0.1049612 0.1178847 0.1296474 0.1421449 0.1643311 0.2134361 0.2134361 -9999.000 -9999.000 -9999.000 -9999.000 -9999.000 -9999.000 -9999.000 -9999.000 -9999.000 -9999.000 -9999.000 -9999.000 -9999.000 -9999.000 -9999.000 -9999.000 -9999.000 -9999.000 -9999.000 -9999.000 -9999.000 -9999.000 -9999.000 -9999.000 -9999.000 -9999.000 -9999.000 -9999.000 -9999.000
-9999.000 -9999.000 -9999.000 -9999.000 -9999.000 -9999.000 -9999.000 -9999.000 -9999.000 -9999.000 -9999.000 -9999.000 -9999.000 -9999.000 -9999.000 0.9202255E-01 0.3758103E-01 0.1405516E-01 0.1944819E-01 0.2798549E-01 0.3872578E-01 0.5466023E-01 0.7259586E-01 0.9077441E-01 0.1066997 0.1210313 0.1341730 0.1482334 0.1734852 0.2339396 0.2339396 -9999.000 -9999.000 -9999.000 -9999.000 -9999.000 -9999.000 -9999.000 -9999.000 -9999.000 -9999.000 -9999.000 -9999.000 -9999.000 -9999.000 -9999.000 -9999.000 -9999.000 -9999.000 -9999.000 -9999.000 -9999.000 -9999.000 -9999.000 -9999.000 -9999.000 -9999.000 -9999.000 -9999.000 -9999.000
-9999.000 -9999.000 -9999.000 -9999.000 -9999.000 -9999.000 -9999.000 -9999.000 -9999.000 -9999.000 -9999.000 -9999.000 -9999.000 -9999.000 -9999.000 0.9076487E-01 0.3129366E-01 0.1151852E-01 0.2609003E-01 0.3277406E-01 0.3944266E-01 0.5384650E-01 0.7214738E-01 0.9151001E-01 0.1087173 0.1243932 0.1388798 0.1545129 0.1830416 0.2575194 0.2575194 -9999.000 -9999.000 -9999.000 -9999.000 -9999.000 -9999.000 -9999.000 -9999.000 -9999.000 -9999.000 -9999.000 -9999.000 -9999.000 -9999.000 -9999.000 -9999.000 -9999.000 -9999.000 -9999.000 -9999.000 -9999.000 -9999.000 -9999.000 -9999.000 -9999.000 -9999.000 -9999.000 -9999.000 -9999.000
-9999.000 -9999.000 -9999.000 -9999.000 -9999.000 -9999.000 -9999.000 -9999.000 -9999.000 -9999.000 -9999.000 -9999.000 -9999.000 -9999.000 -9999.000 0.8687627E-01 0.2490636E-01 0.2505141E-01 0.4401292E-01 0.4946534E-01 0.5164422E-01 0.6166953E-01 0.7765611E-01 0.9633296E-01 0.1135854 0.1297543 0.1449849 0.1617884 0.1935298 0.2854784 0.2854784 -9999.000 -9999.000 -9999.000 -9999.000 -9999.000 -9999.000 -9999.000 -9999.000 -9999.000 -9999.000 -9999.000 -9999.000 -9999.000 -9999.000 -9999.000 -9999.000 -9999.000 -9999.000 -9999.000 -9999.000 -9999.000 -9999.000 -9999.000 -9999.000 -9999.000 -9999.000 -9999.000 -9999.000 -9999.000
-9999.000 -9999.000 -9999.000 -9999.000 -9999.000 -9999.000 -9999.000 -9999.000 -9999.000 -9999.000 -9999.000 -9999.000 -9999.000 -9999.000 -9999.000 0.1315074 0.2052212 0.2488308 0.2477603 0.2151011 0.1799528 0.1552540 0.1403839 0.1359681 0.1384062 0.1458956 0.1564955 0.1714951 0.2051682 0.3174911 0.3174911 -9999.000 -9999.000 -9999.000 -9999.000 -9999.000 -9999.000 -9999.000 -9999.000 -9999.000 -9999.000 -9999.000 -9999.000 -9999.000 -9999.000 -9999.000 -9999.000 -9999.000 -9999.000 -9999.000 -9999.000 -9999.000 -9999.000 -9999.000 -9999.000 -9999.000 -9999.000 -9999.000 -9999.000 -9999.000
2.931648 2.931648 2.889626 2.958040 2.963912 2.963912 2.966373 2.966628 2.966628 2.963167 2.963167 2.957288 2.953692 2.949750 2.945562 2.945562 3.114397 3.119372 3.120176 3.119049 3.099505 3.052461 2.981399 2.886795 2.766449 2.625527 2.466782 2.296608 2.136580 2.058078 2.058078 2.843371 3.018012 3.130718 3.161200 3.161200 3.207349 3.207349 3.215381 3.215381 3.189521 3.054025 3.054025 2.787426 2.787426 2.315751 2.315751 2.315751 2.253014 2.253014 2.261687 2.261687 2.301081 2.301081 2.348767 2.348767 2.394684 2.394684 2.394684 2.433717
2.956227 2.956227 2.917271 3.009780 3.027693 3.027693 3.041912 3.065368 3.065368 3.084885 3.084885 3.101801 3.109534 3.116871 3.123910 3.123910 3.244204 3.264615 3.280166 3.293921 3.302675 3.304634 3.299087 3.283823 3.255186 3.211489 3.150778 3.072431 2.981038 2.899263 2.899263 3.290231 3.442754 3.596447 3.640415 3.640415 3.695724 3.695724 3.711889 3.711889 3.700969 3.627741 3.627741 3.472685 3.472685 3.148266 3.148266 3.148266 3.076925 3.076925 3.086742 3.086742 3.128492 3.128492 3.178884 3.178884 3.227707 3.227707 3.227707 3.270649
2.961926 2.961926 2.918869 3.009779 3.028075 3.028075 3.042665 3.066723 3.066723 3.086862 3.086862 3.104505 3.112640 3.120405 3.127904 3.127904 3.231810 3.265286 3.293437 3.318205 3.338737 3.354374 3.365271 3.371115 3.370485 3.362296 3.344982 3.317098 3.279864 3.246072 3.246072 3.458988 3.601319 3.774176 3.827507 3.827507 3.889451 3.889451 3.894502 3.894502 3.874741 3.791502 3.791502 3.668836 3.668836 3.424258 3.424258 3.424258 3.345132 3.345132 3.340561 3.340561 3.372482 3.372482 3.416424 3.416424 3.460826 3.460826 3.460826 3.500605
2.965712 2.965712 2.921334 3.009404 3.027795 3.027795 3.042557 3.066746 3.066746 3.086897 3.086897 3.104548 3.112689 3.120465 3.127989 3.127989 3.220727 3.264525 3.304170 3.339542 3.369839 3.394504 3.413656 3.427551 3.436022 3.439035 3.436322 3.427471 3.413323 3.401677 3.401677 3.530029 3.652689 3.828588 3.886476 3.886476 3.946040 3.946040 3.927661 3.927661 3.893768 3.803968 3.803968 3.717802 3.717802 3.549581 3.549581 3.549581 3.471312 3.471312 3.452360 3.452360 3.472695 3.472695 3.509857 3.509857 3.550346 3.550346 3.550346 3.587516
2.967560 2.967560 2.924939 3.008991 3.027475 3.027475 3.042415 3.066745 3.066745 3.086901 3.086901 3.104546 3.112687 3.120461 3.128008 3.128008 3.214915 3.267131 3.316906 3.362091 3.401543 3.434618 3.461235 3.481628 3.495970 3.504578 3.507785 3.505937 3.500150 3.495858 3.495858 3.575202 3.674644 3.838912 3.892936 3.892936 3.928517 3.928517 3.873284 3.873284 3.828689 3.754740 3.754740 3.713754 3.713754 3.619209 3.619209 3.619209 3.551516 3.551516 3.521425 3.521425 3.528264 3.528264 3.556221 3.556221 3.591098 3.591098 3.591098 3.624519
2.964536 2.964536 2.930582 3.008536 3.027147 3.027147 3.042264 3.066754 3.066754 3.086952 3.086952 3.104624 3.112776 3.120557 3.128141 3.128141 3.215436 3.275188 3.333778 3.387695 3.435389 3.476127 3.509705 3.536252 3.555994 3.569283 3.576577 3.578468 3.576103 3.573426 3.573426 3.620949 3.695817 3.832220 3.869201 3.869201 3.850691 3.850691 3.760551 3.760551 3.721054 3.687848 3.687848 3.691673 3.691673 3.660156 3.660156 3.660156 3.610848 3.610848 3.576292 3.576292 3.570572 3.570572 3.587282 3.587282 3.614274 3.614274 3.614274 3.642088
2.964381 2.964381 2.933535 3.008239 3.026932 3.026932 3.042153 3.066707 3.066707 3.086874 3.086874 3.104509 3.112648 3.120421 3.128049 3.128049 3.222748 3.289960 3.356417 3.417935 3.472769 3.520173 3.559917 3.592077 3.616859 3.634581 3.645671 3.650698 3.650636 3.648198 3.648198 3.674456 3.724972 3.811782 3.811010 3.811010 3.714772 3.714772 3.621064 3.621064 3.606045 3.624292 3.624292 3.664301 3.664301 3.681890 3.681890 3.681890 3.654983 3.654983 3.623690 3.623690 3.609025 3.609025 3.614075 3.614075 3.631284 3.631284 3.631284 3.651525
2.964331 2.964331 2.934514 3.008143 3.026863 3.026863 3.042123 3.066708 3.066708 3.086877 3.086877 3.104511 3.112649 3.120421 3.128120 3.128120 3.238192 3.313346 3.386977 3.454953 3.515649 3.568455 3.613232 3.650080 3.679213 3.700917 3.715549 3.723576 3.725713 3.723483 3.723483 3.735030 3.760650 3.761533 3.697179 3.697179 3.537775 3.537775 3.492960 3.492960 3.509947 3.571671 3.571671 3.636418 3.636418 3.689949 3.689949 3.689949 3.685539 3.685539 3.663760 3.663760 3.645358 3.645358 3.640215 3.640215 3.646603 3.646603 3.646603 3.657505
2.964381 2.964381 2.933535 3.008238 3.026931 3.026931 3.042153 3.066706 3.066706 3.086874 3.086874 3.104509 3.112648 3.120421 3.128220 3.128220 3.263140 3.347075 3.427383 3.500696 3.565874 3.622640 3.671067 3.711379 3.743842 3.768746 3.786399 3.797154 3.801396 3.799110 3.799110 3.798049 3.792113 3.648018 3.511696 3.511696 3.359841 3.359841 3.393569 3.393569 3.436302 3.526376 3.526376 3.607076 3.607076 3.686741 3.686741 3.686741 3.702518 3.702518 3.693842 3.693842 3.676961 3.676961 3.664580 3.664580 3.660304 3.660304 3.660304 3.660691
2.964535 2.964535 2.930582 3.008535 3.027146 3.027146 3.042264 3.066754 3.066754 3.086952 3.086952 3.104624 3.112774 3.120556 3.128501 3.128501 3.300049 3.393666 3.480115 3.557519 3.625613 3.684669 3.735107 3.777359 3.811815 3.838802 3.858617 3.871511 3.877323 3.872890 3.872890 3.852933 3.791297 3.444892 3.278273 3.278273 3.221488 3.221488 3.323011 3.323011 3.380169 3.485776 3.485776 3.576705 3.576705 3.675152 3.675152 3.675152 3.707507 3.707507 3.712689 3.712689 3.701232 3.701232 3.685134 3.685134 3.671400 3.671400 3.671400 3.660819
2.967560 2.967560 2.924939 3.008990 3.027474 3.027474 3.042415 3.066745 3.066745 3.086901 3.086901 3.104547 3.112687 3.120461 3.128603 3.128603 3.352244 3.456177 3.547921 3.627857 3.697013 3.756424 3.806983 3.849407 3.884251 3.911932 3.932756 3.946849 3.952634 3.937566 3.937566 3.870801 3.699786 3.178956 3.062997 3.062997 3.131066 3.131066 3.267805 3.267805 3.331290 3.445130 3.445130 3.543000 3.543000 3.654877 3.654877 3.654877 3.700013 3.700013 3.717782 3.717782 3.713717 3.713717 3.697071 3.697071 3.675878 3.675878 3.675878 3.654837
2.965713 2.965713 2.921335 3.009404 3.027794 3.027794 3.042557 3.066746 3.066746 3.086897 3.086897 3.104548 3.112689 3.120464 3.128889 3.128889 3.425872 3.539760 3.634996 3.715117 3.782840 3.840170 3.888563 3.929064 3.962414 3.989126 4.009539 4.023417 4.023897 3.965032 3.965032 3.778303 3.455717 2.932897 2.919345 2.919345 3.064719 3.064719 3.213523 3.213523 3.279509 3.398284 3.398284 3.501060 3.501060 3.622263 3.622263 3.622263 3.676658 3.676658 3.704557 3.704557 3.707934 3.707934 3.692801 3.692801 3.666358 3.666358 3.666358 3.636203
