cruce_test.gid/Rasters/Hydraulic/Velocity____122.0.asc
NCOLS        79
NROWS        79
XLLCENTER         -1.500000
YLLCENTER         -4.800000
CELLSIZE           0.100
NODATA_VALUE     -9999.0
[rows 0 to 26 of 79, columns 0 to 59 of 79]
-9999.000 -9999.000 -9999.000 -9999.000 -9999.000 -9999.000 -9999.000 -9999.000 -9999.000 -9999.000 -9999.000 -9999.000 -9999.000 -9999.000 -9999.000 0.1454318 0.1442861 0.1442452 0.1443868 0.1446220 0.1448998 0.1451815 0.1454328 0.1456483 0.1458468 0.1460883 0.1465066 0.1473773 0.1491985 0.1492631 0.1492631 -9999.000 -9999.000 -9999.000 -9999.000 -9999.000 -9999.000 -9999.000 -9999.000 -9999.000 -9999.000 -9999.000 -9999.000 -9999.000 -9999.000 -9999.000 -9999.000 -9999.000 -9999.000 -9999.000 -9999.000 -9999.000 -9999.000 -9999.000 -9999.000 -9999.000 -9999.000 -9999.000 -9999.000 -9999.000
-9999.000 -9999.000 -9999.000 -9999.000 -9999.000 -9999.000 -9999.000 -9999.000 -9999.000 -9999.000 -9999.000 -9999.000 -9999.000 -9999.000 -9999.000 0.1433966 0.1409893 0.1409155 0.1412497 0.1418018 0.1424587 0.1431319 0.1437414 0.1442690 0.1447499 0.1453106 0.1462417 0.1481488 0.1521113 0.1528203 0.1528203 -9999.000 -9999.000 -9999.000 -9999.000 -9999.000 -9999.000 -9999.000 -9999.000 -9999.000 -9999.000 -9999.000 -9999.000 -9999.000 -9999.000 -9999.000 -9999.000 -9999.000 -9999.000 -9999.000 -9999.000 -9999.000 -9999.000 -9999.000 -9999.000 -9999.000 -9999.000 -9999.000 -9999.000 -9999.000
-9999.000 -9999.000 -9999.000 -9999.000 -9999.000 -9999.000 -9999.000 -9999.000 -9999.000 -9999.000 -9999.000 -9999.000 -9999.000 -9999.000 -9999.000 0.1400942 0.1363399 0.1362384 0.1368404 0.1378362 0.1390357 0.1402896 0.1414632 0.1425235 0.1435291 0.1446908 0.1464874 0.1499046 0.1566664 0.1587894 0.1587894 -9999.000 -9999.000 -9999.000 -9999.000 -9999.000 -9999.000 -9999.000 -9999.000 -9999.000 -9999.000 -9999.000 -9999.000 -9999.000 -9999.000 -9999.000 -9999.000 -9999.000 -9999.000 -9999.000 -9999.000 -9999.000 -9999.000 -9999.000 -9999.000 -9999.000 -9999.000 -9999.000 -9999.000 -9999.000
-9999.000 -9999.000 -9999.000 -9999.000 -9999.000 -9999.000 -9999.000 -9999.000 -9999.000 -9999.000 -9999.000 -9999.000 -9999.000 -9999.000 -9999.000 0.1361083 0.1310720 0.1309740 0.1318998 0.1334150 0.1352491 0.1371887 0.1390413 0.1407583 0.1424202 0.1443243 0.1471449 0.1522672 0.1621170 0.1663316 0.1663316 -9999.000 -9999.000 -9999.000 -9999.000 -9999.000 -9999.000 -9999.000 -9999.000 -9999.000 -9999.000 -9999.000 -9999.000 -9999.000 -9999.000 -9999.000 -9999.000 -9999.000 -9999.000 -9999.000 -9999.000 -9999.000 -9999.000 -9999.000 -9999.000 -9999.000 -9999.000 -9999.000 -9999.000 -9999.000
-9999.000 -9999.000 -9999.000 -9999.000 -9999.000 -9999.000 -9999.000 -9999.000 -9999.000 -9999.000 -9999.000 -9999.000 -9999.000 -9999.000 -9999.000 0.1315857 0.1253229 0.1252537 0.1265483 0.1286441 0.1311850 0.1338904 0.1365068 0.1389682 0.1413793 0.1441272 0.1480935 0.1550930 0.1683271 0.1753768 0.1753768 -9999.000 -9999.000 -9999.000 -9999.000 -9999.000 -9999.000 -9999.000 -9999.000 -9999.000 -9999.000 -9999.000 -9999.000 -9999.000 -9999.000 -9999.000 -9999.000 -9999.000 -9999.000 -9999.000 -9999.000 -9999.000 -9999.000 -9999.000 -9999.000 -9999.000 -9999.000 -9999.000 -9999.000 -9999.000
-9999.000 -9999.000 -9999.000 -9999.000 -9999.000 -9999.000 -9999.000 -9999.000 -9999.000 -9999.000 -9999.000 -9999.000 -9999.000 -9999.000 -9999.000 0.1265992 0.1191702 0.1191544 0.1208593 0.1235898 0.1268991 0.1304358 0.1338826 0.1371557 0.1403855 0.1440559 0.1492710 0.1583118 0.1752511 0.1860015 0.1860015 -9999.000 -9999.000 -9999.000 -9999.000 -9999.000 -9999.000 -9999.000 -9999.000 -9999.000 -9999.000 -9999.000 -9999.000 -9999.000 -9999.000 -9999.000 -9999.000 -9999.000 -9999.000 -9999.000 -9999.000 -9999.000 -9999.000 -9999.000 -9999.000 -9999.000 -9999.000 -9999.000 -9999.000 -9999.000
-9999.000 -9999.000 -9999.000 -9999.000 -9999.000 -9999.000 -9999.000 -9999.000 -9999.000 -9999.000 -9999.000 -9999.000 -9999.000 -9999.000 -9999.000 0.1211696 0.1126497 0.1127165 0.1148743 0.1182928 0.1224278 0.1268541 0.1311875 0.1353260 0.1394300 0.1440877 0.1506452 0.1618932 0.1828983 0.1984000 0.1984000 -9999.000 -9999.000 -9999.000 -9999.000 -9999.000 -9999.000 -9999.000 -9999.000 -9999.000 -9999.000 -9999.000 -9999.000 -9999.000 -9999.000 -9999.000 -9999.000 -9999.000 -9999.000 -9999.000 -9999.000 -9999.000 -9999.000 -9999.000 -9999.000 -9999.000 -9999.000 -9999.000 -9999.000 -9999.000
-9999.000 -9999.000 -9999.000 -9999.000 -9999.000 -9999.000 -9999.000 -9999.000 -9999.000 -9999.000 -9999.000 -9999.000 -9999.000 -9999.000 -9999.000 0.1152801 0.1057677 0.1059552 0.1086152 0.1127791 0.1177978 0.1231687 0.1284387 0.1334882 0.1385126 0.1442137 0.1522021 0.1658318 0.1913155 0.2128859 0.2128859 -9999.000 -9999.000 -9999.000 -9999.000 -9999.000 -9999.000 -9999.000 -9999.000 -9999.000 -9999.000 -9999.000 -9999.000 -9999.000 -9999.000 -9999.000 -9999.000 -9999.000 -9999.000 -9999.000 -9999.000 -9999.000 -9999.000 -9999.000 -9999.000 -9999.000 -9999.000 -9999.000 -9999.000 -9999.000
-9999.000 -9999.000 -9999.000 -9999.000 -9999.000 -9999.000 -9999.000 -9999.000 -9999.000 -9999.000 -9999.000 -9999.000 -9999.000 -9999.000 -9999.000 0.1088850 0.9850965E-01 0.9886955E-01 0.1020928 0.1070679 0.1130327 0.1194030 0.1256568 0.1316576 0.1376420 0.1444369 0.1539430 0.1701402 0.2005818 0.2299183 0.2299183 -9999.000 -9999.000 -9999.000 -9999.000 -9999.000 -9999.000 -9999.000 -9999.000 -9999.000 -9999.000 -9999.000 -9999.000 -9999.000 -9999.000 -9999.000 -9999.000 -9999.000 -9999.000 -9999.000 -9999.000 -9999.000 -9999.000 -9999.000 -9999.000 -9999.000 -9999.000 -9999.000 -9999.000 -9999.000
-9999.000 -9999.000 -9999.000 -9999.000 -9999.000 -9999.000 -9999.000 -9999.000 -9999.000 -9999.000 -9999.000 -9999.000 -9999.000 -9999.000 -9999.000 0.1019149 0.9084417E-01 0.9144921E-01 0.9531540E-01 0.1011815 0.1081619 0.1155891 0.1228732 0.1298623 0.1368422 0.1447763 0.1558856 0.1748502 0.2108073 0.2501551 0.2501551 -9999.000 -9999.000 -9999.000 -9999.000 -9999.000 -9999.000 -9999.000 -9999.000 -9999.000 -9999.000 -9999.000 -9999.000 -9999.000 -9999.000 -9999.000 -9999.000 -9999.000 -9999.000 -9999.000 -9999.000 -9999.000 -9999.000 -9999.000 -9999.000 -9999.000 -9999.000 -9999.000 -9999.000 -9999.000
-9999.000 -9999.000 -9999.000 -9999.000 -9999.000 -9999.000 -9999.000 -9999.000 -9999.000 -9999.000 -9999.000 -9999.000 -9999.000 -9999.000 -9999.000 0.9427784E-01 0.8272807E-01 0.8368269E-01 0.8830050E-01 0.9515774E-01 0.1032348 0.1117812 0.1201430 0.1281563 0.1361652 0.1452816 0.1580773 0.1800198 0.2221391 0.2745521 0.2745521 -9999.000 -9999.000 -9999.000 -9999.000 -9999.000 -9999.000 -9999.000 -9999.000 -9999.000 -9999.000 -9999.000 -9999.000 -9999.000 -9999.000 -9999.000 -9999.000 -9999.000 -9999.000 -9999.000 -9999.000 -9999.000 -9999.000 -9999.000 -9999.000 -9999.000 -9999.000 -9999.000 -9999.000 -9999.000
-9999.000 -9999.000 -9999.000 -9999.000 -9999.000 -9999.000 -9999.000 -9999.000 -9999.000 -9999.000 -9999.000 -9999.000 -9999.000 -9999.000 -9999.000 0.8585973E-01 0.7411192E-01 0.7557305E-01 0.8109741E-01 0.8907644E-01 0.9834643E-01 0.1080815 0.1175732 0.1266496 0.1357231 0.1460646 0.1606252 0.1857578 0.2347772 0.3045365 0.3045365 -9999.000 -9999.000 -9999.000 -9999.000 -9999.000 -9999.000 -9999.000 -9999.000 -9999.000 -9999.000 -9999.000 -9999.000 -9999.000 -9999.000 -9999.000 -9999.000 -9999.000 -9999.000 -9999.000 -9999.000 -9999.000 -9999.000 -9999.000 -9999.000 -9999.000 -9999.000 -9999.000 -9999.000 -9999.000
-9999.000 -9999.000 -9999.000 -9999.000 -9999.000 -9999.000 -9999.000 -9999.000 -9999.000 -9999.000 -9999.000 -9999.000 -9999.000 -9999.000 -9999.000 0.7651682E-01 0.6495034E-01 0.6717170E-01 0.7383671E-01 0.8311305E-01 0.9369429E-01 0.1046983 0.1153821 0.1255723 0.1357591 0.1473756 0.1637722 0.1922854 0.2490132 0.3423339 0.3423339 -9999.000 -9999.000 -9999.000 -9999.000 -9999.000 -9999.000 -9999.000 -9999.000 -9999.000 -9999.000 -9999.000 -9999.000 -9999.000 -9999.000 -9999.000 -9999.000 -9999.000 -9999.000 -9999.000 -9999.000 -9999.000 -9999.000 -9999.000 -9999.000 -9999.000 -9999.000 -9999.000 -9999.000 -9999.000
-9999.000 -9999.000 -9999.000 -9999.000 -9999.000 -9999.000 -9999.000 -9999.000 -9999.000 -9999.000 -9999.000 -9999.000 -9999.000 -9999.000 -9999.000 0.6601693E-01 0.5523892E-01 0.5872267E-01 0.6694339E-01 0.7778259E-01 0.8982908E-01 0.1021976 0.1141497 0.1255251 0.1369003 0.1498599 0.1681425 0.2001416 0.2653536 0.3916513 0.3916513 -9999.000 -9999.000 -9999.000 -9999.000 -9999.000 -9999.000 -9999.000 -9999.000 -9999.000 -9999.000 -9999.000 -9999.000 -9999.000 -9999.000 -9999.000 -9999.000 -9999.000 -9999.000 -9999.000 -9999.000 -9999.000 -9999.000 -9999.000 -9999.000 -9999.000 -9999.000 -9999.000 -9999.000 -9999.000
-9999.000 -9999.000 -9999.000 -9999.000 -9999.000 -9999.000 -9999.000 -9999.000 -9999.000 -9999.000 -9999.000 -9999.000 -9999.000 -9999.000 -9999.000 0.5137033E-01 0.5325001E-01 0.6547397E-01 0.7851047E-01 0.9130030E-01 0.1036049 0.1153699 0.1263816 0.1367271 0.1471254 0.1592872 0.1773374 0.2109865 0.2842362 0.4566013 0.4566013 -9999.000 -9999.000 -9999.000 -9999.000 -9999.000 -9999.000 -9999.000 -9999.000 -9999.000 -9999.000 -9999.000 -9999.000 -9999.000 -9999.000 -9999.000 -9999.000 -9999.000 -9999.000 -9999.000 -9999.000 -9999.000 -9999.000 -9999.000 -9999.000 -9999.000 -9999.000 -9999.000 -9999.000 -9999.000
2.183760 2.183760 2.226460 2.271726 2.279496 2.279496 2.284668 2.290660 2.290660 2.293109 2.293109 2.293200 2.292569 2.291567 2.290243 2.290243 2.057417 2.015723 1.967599 1.908361 1.835977 1.749993 1.651235 1.541563 1.423948 1.303404 1.188727 1.095608 1.054758 1.136961 1.136961 1.942115 2.082466 2.112215 2.104981 2.104981 2.068791 2.068791 1.965928 1.965928 1.794236 1.390601 1.390601 1.271547 1.271547 1.283977 1.283977 1.283977 1.333257 1.333257 1.391923 1.391923 1.439896 1.439896 1.479444 1.479444 1.508784 1.508784 1.508784 1.527229
2.197736 2.197736 2.255622 2.313465 2.330683 2.330683 2.345294 2.370054 2.370054 2.391112 2.391112 2.409665 2.418211 2.426353 2.434136 2.434136 2.302175 2.285989 2.277883 2.267349 2.249399 2.221350 2.180381 2.125424 2.057312 1.977277 1.889832 1.804675 1.742252 1.753277 1.753277 2.219767 2.368022 2.481530 2.502989 2.502989 2.505232 2.505232 2.452822 2.452822 2.376010 2.074755 2.074755 1.925958 1.925958 1.940034 1.940034 1.940034 1.975085 1.975085 2.034521 2.034521 2.081497 2.081497 2.122302 2.122302 2.155616 2.155616 2.155616 2.181148
2.200713 2.200713 2.259718 2.313700 2.331064 2.331064 2.345901 2.371151 2.371151 2.392733 2.392733 2.411875 2.420746 2.429233 2.437379 2.437379 2.338285 2.323927 2.327307 2.334819 2.339718 2.339000 2.330480 2.312859 2.285532 2.248140 2.201900 2.151735 2.112220 2.115682 2.115682 2.435049 2.566854 2.700179 2.730513 2.730513 2.740017 2.740017 2.690922 2.690922 2.638296 2.438993 2.438993 2.287026 2.287026 2.275701 2.275701 2.275701 2.309834 2.309834 2.354652 2.354652 2.393945 2.393945 2.428125 2.428125 2.456244 2.456244 2.456244 2.477411
2.203073 2.203073 2.262829 2.313630 2.330921 2.330921 2.345801 2.371147 2.371147 2.392763 2.392763 2.411910 2.420784 2.429275 2.437428 2.437428 2.362488 2.346858 2.352833 2.366847 2.380635 2.390723 2.395348 2.393716 2.385522 2.370546 2.349418 2.325217 2.307207 2.317788 2.317788 2.530140 2.650675 2.784455 2.814334 2.814334 2.816500 2.816500 2.765826 2.765826 2.727615 2.600153 2.600153 2.465116 2.465116 2.429386 2.429386 2.429386 2.457349 2.457349 2.495891 2.495891 2.532075 2.532075 2.563360 2.563360 2.588553 2.588553 2.588553 2.607132
2.204869 2.204869 2.265168 2.313604 2.330782 2.330782 2.345688 2.371127 2.371127 2.392770 2.392770 2.411912 2.420781 2.429269 2.437419 2.437419 2.385811 2.372626 2.380322 2.397941 2.416739 2.432574 2.443600 2.449196 2.449402 2.444490 2.435300 2.424368 2.418521 2.433716 2.433716 2.579100 2.685740 2.804119 2.823344 2.823344 2.806118 2.806118 2.760642 2.760642 2.738681 2.673193 2.673193 2.575025 2.575025 2.518761 2.518761 2.518761 2.537365 2.537365 2.569793 2.569793 2.602842 2.602842 2.631582 2.631582 2.654348 2.654348 2.654348 2.670828
2.206131 2.206131 2.266796 2.313607 2.330670 2.330670 2.345591 2.371109 2.371109 2.392777 2.392777 2.411914 2.420780 2.429265 2.437413 2.437413 2.408265 2.401728 2.412456 2.432960 2.455394 2.475340 2.490681 2.500647 2.505276 2.505056 2.501042 2.495623 2.494327 2.508898 2.508898 2.609637 2.696908 2.777812 2.776387 2.776387 2.740995 2.740995 2.717434 2.717434 2.714736 2.700191 2.700191 2.646341 2.646341 2.583375 2.583375 2.583375 2.590412 2.590412 2.615022 2.615022 2.643497 2.643497 2.669079 2.669079 2.689262 2.689262 2.689262 2.703555
2.206879 2.206879 2.267756 2.313618 2.330600 2.330600 2.345525 2.371096 2.371096 2.392783 2.392783 2.411917 2.420779 2.429261 2.437408 2.437408 2.430320 2.433748 2.449504 2.473022 2.498338 2.521429 2.540088 2.553341 2.561035 2.563583 2.562013 2.558502 2.557631 2.567863 2.567863 2.633454 2.691559 2.704818 2.680249 2.680249 2.648427 2.648427 2.662391 2.662391 2.678234 2.701678 2.701678 2.688094 2.688094 2.635169 2.635169 2.635169 2.632045 2.632045 2.647554 2.647554 2.669813 2.669813 2.691105 2.691105 2.707986 2.707986 2.707986 2.719709
2.207126 2.207126 2.268074 2.313624 2.330575 2.330575 2.345502 2.371091 2.371091 2.392785 2.392785 2.411917 2.420779 2.429261 2.437407 2.437407 2.453250 2.468863 2.491595 2.518742 2.546535 2.571949 2.593047 2.608793 2.618847 2.623422 2.623335 2.620403 2.618223 2.621598 2.621598 2.652285 2.662142 2.582148 2.549792 2.549792 2.554260 2.554260 2.608785 2.608785 2.639098 2.688826 2.688826 2.706590 2.706590 2.675875 2.675875 2.675875 2.667276 2.667276 2.674017 2.674017 2.688792 2.688792 2.704449 2.704449 2.717076 2.717076 2.717076 2.725745
2.206878 2.206878 2.267756 2.313618 2.330600 2.330600 2.345525 2.371095 2.371095 2.392783 2.392783 2.411916 2.420779 2.429261 2.437408 2.437408 2.478987 2.508060 2.539184 2.570692 2.600804 2.627828 2.650450 2.667814 2.679514 2.685579 2.686552 2.683789 2.679634 2.672725 2.672725 2.655621 2.584116 2.424359 2.414078 2.414078 2.474042 2.474042 2.560170 2.560170 2.600370 2.667881 2.667881 2.708245 2.708245 2.704583 2.704583 2.704583 2.696325 2.696325 2.696365 2.696365 2.703231 2.703231 2.712104 2.712104 2.719531 2.719531 2.719531 2.724685
2.206131 2.206131 2.266796 2.313606 2.330671 2.330671 2.345591 2.371109 2.371109 2.392778 2.392778 2.411915 2.420779 2.429264 2.437413 2.437413 2.510158 2.553220 2.593346 2.629651 2.661957 2.689943 2.713148 2.731136 2.743608 2.750500 2.752117 2.749303 2.742337 2.715653 2.715653 2.611958 2.426196 2.268879 2.300173 2.300173 2.408866 2.408866 2.515257 2.515257 2.562054 2.641901 2.641901 2.698046 2.698046 2.720376 2.720376 2.720376 2.717196 2.717196 2.713592 2.713592 2.713164 2.713164 2.714643 2.714643 2.716172 2.716172 2.716172 2.717505
2.204869 2.204869 2.265168 2.313604 2.330782 2.330782 2.345688 2.371127 2.371127 2.392770 2.392770 2.411911 2.420781 2.429269 2.437420 2.437420 2.550335 2.607231 2.655997 2.696853 2.730940 2.759154 2.781956 2.799472 2.811676 2.818542 2.820219 2.816910 2.804062 2.727173 2.727173 2.463537 2.189305 2.148431 2.207930 2.207930 2.351119 2.351119 2.470371 2.470371 2.521986 2.610909 2.610909 2.678062 2.678062 2.722322 2.722322 2.722322 2.726795 2.726795 2.722517 2.722517 2.716229 2.716229 2.710438 2.710438 2.705853 2.705853 2.705853 2.703348
2.203073 2.203073 2.262829 2.313630 2.330921 2.330921 2.345800 2.371147 2.371147 2.392762 2.392762 2.411910 2.420784 2.429275 2.437428 2.437428 2.604645 2.674298 2.730134 2.774250 2.809034 2.836404 2.857644 2.873480 2.884245 2.890056 2.891008 2.886000 2.854712 2.639532 2.639532 2.152752 1.959358 2.052865 2.131732 2.131732 2.292855 2.292855 2.421576 2.421576 2.477306 2.573217 2.573217 2.648094 2.648094 2.709358 2.709358 2.709358 2.721900 2.721900 2.718987 2.718987 2.708567 2.708567 2.696328 2.696328 2.686010 2.686010 2.686010 2.680011
