cruce_test.gid/Rasters/Hydraulic/Velocity__x_127.0.asc
NCOLS        79
NROWS        79
XLLCENTER         -1.500000
YLLCENTER         -4.800000
CELLSIZE           0.100
NODATA_VALUE     -9999.0
[rows 0 to 25 of 79, columns 0 to 57 of 79]
-9999.000 -9999.000 -9999.000 -9999.000 -9999.000 -9999.000 -9999.000 -9999.000 -9999.000 -9999.000 -9999.000 -9999.000 -9999.000 -9999.000 -9999.000 0.1194717E-03 0.1109343E-02 0.3008221E-02 0.4885585E-02 0.6580624E-02 0.8012787E-02 0.9150917E-02 0.1000000E-01 0.1059540E-01 0.1098194E-01 0.1115787E-01 0.1098030E-01 0.9991974E-02 0.7114214E-02 0.3306348E-02 0.3306348E-02 -9999.000 -9999.000 -9999.000 -9999.000 -9999.000 -9999.000 -9999.000 -9999.000 -9999.000 -9999.000 -9999.000 -9999.000 -9999.000 -9999.000 -9999.000 -9999.000 -9999.000 -9999.000 -9999.000 -9999.000 -9999.000 -9999.000 -9999.000 -9999.000 -9999.000 -9999.000 -9999.000
-9999.000 -9999.000 -9999.000 -9999.000 -9999.000 -9999.000 -9999.000 -9999.000 -9999.000 -9999.000 -9999.000 -9999.000 -9999.000 -9999.000 -9999.000 0.9109225E-03 0.2772908E-02 0.5602785E-02 0.8389625E-02 0.1092830E-01 0.1309204E-01 0.1480710E-01 0.1604064E-01 0.1679278E-01 0.1707270E-01 0.1684359E-01 0.1593671E-01 0.1390324E-01 0.9769436E-02 0.4654757E-02 0.4654757E-02 -9999.000 -9999.000 -9999.000 -9999.000 -9999.000 -9999.000 -9999.000 -9999.000 -9999.000 -9999.000 -9999.000 -9999.000 -9999.000 -9999.000 -9999.000 -9999.000 -9999.000 -9999.000 -9999.000 -9999.000 -9999.000 -9999.000 -9999.000 -9999.000 -9999.000 -9999.000 -9999.000
-9999.000 -9999.000 -9999.000 -9999.000 -9999.000 -9999.000 -9999.000 -9999.000 -9999.000 -9999.000 -9999.000 -9999.000 -9999.000 -9999.000 -9999.000 0.1448775E-02 0.3937268E-02 0.7473044E-02 0.1091703E-01 0.1403700E-01 0.1668155E-01 0.1875558E-01 0.2020903E-01 0.2102949E-01 0.2121916E-01 0.2073782E-01 0.1941280E-01 0.1678254E-01 0.1182995E-01 0.5714400E-02 0.5714400E-02 -9999.000 -9999.000 -9999.000 -9999.000 -9999.000 -9999.000 -9999.000 -9999.000 -9999.000 -9999.000 -9999.000 -9999.000 -9999.000 -9999.000 -9999.000 -9999.000 -9999.000 -9999.000 -9999.000 -9999.000 -9999.000 -9999.000 -9999.000 -9999.000 -9999.000 -9999.000 -9999.000
-9999.000 -9999.000 -9999.000 -9999.000 -9999.000 -9999.000 -9999.000 -9999.000 -9999.000 -9999.000 -9999.000 -9999.000 -9999.000 -9999.000 -9999.000 0.1852780E-02 0.4814099E-02 0.8884099E-02 0.1282526E-01 0.1638395E-01 0.1939088E-01 0.2173717E-01 0.2336390E-01 0.2425364E-01 0.2440807E-01 0.2378615E-01 0.2220799E-01 0.1918523E-01 0.1362713E-01 0.6665046E-02 0.6665046E-02 -9999.000 -9999.000 -9999.000 -9999.000 -9999.000 -9999.000 -9999.000 -9999.000 -9999.000 -9999.000 -9999.000 -9999.000 -9999.000 -9999.000 -9999.000 -9999.000 -9999.000 -9999.000 -9999.000 -9999.000 -9999.000 -9999.000 -9999.000 -9999.000 -9999.000 -9999.000 -9999.000
-9999.000 -9999.000 -9999.000 -9999.000 -9999.000 -9999.000 -9999.000 -9999.000 -9999.000 -9999.000 -9999.000 -9999.000 -9999.000 -9999.000 -9999.000 0.2185403E-02 0.5533918E-02 0.1003964E-01 0.1438894E-01 0.1831172E-01 0.2162488E-01 0.2420970E-01 0.2600127E-01 0.2698026E-01 0.2714880E-01 0.2646468E-01 0.2473605E-01 0.2143768E-01 0.1538198E-01 0.7617713E-02 0.7617713E-02 -9999.000 -9999.000 -9999.000 -9999.000 -9999.000 -9999.000 -9999.000 -9999.000 -9999.000 -9999.000 -9999.000 -9999.000 -9999.000 -9999.000 -9999.000 -9999.000 -9999.000 -9999.000 -9999.000 -9999.000 -9999.000 -9999.000 -9999.000 -9999.000 -9999.000 -9999.000 -9999.000
-9999.000 -9999.000 -9999.000 -9999.000 -9999.000 -9999.000 -9999.000 -9999.000 -9999.000 -9999.000 -9999.000 -9999.000 -9999.000 -9999.000 -9999.000 0.2489334E-02 0.6186663E-02 0.1108031E-01 0.1579565E-01 0.2004979E-01 0.2364816E-01 0.2646429E-01 0.2842920E-01 0.2952261E-01 0.2974794E-01 0.2906050E-01 0.2725207E-01 0.2375079E-01 0.1724769E-01 0.8652920E-02 0.8652920E-02 -9999.000 -9999.000 -9999.000 -9999.000 -9999.000 -9999.000 -9999.000 -9999.000 -9999.000 -9999.000 -9999.000 -9999.000 -9999.000 -9999.000 -9999.000 -9999.000 -9999.000 -9999.000 -9999.000 -9999.000 -9999.000 -9999.000 -9999.000 -9999.000 -9999.000 -9999.000 -9999.000
-9999.000 -9999.000 -9999.000 -9999.000 -9999.000 -9999.000 -9999.000 -9999.000 -9999.000 -9999.000 -9999.000 -9999.000 -9999.000 -9999.000 -9999.000 0.2793328E-02 0.6832818E-02 0.1210043E-01 0.1717066E-01 0.2175044E-01 0.2563507E-01 0.2869219E-01 0.3084974E-01 0.3208742E-01 0.3241034E-01 0.3177023E-01 0.2993804E-01 0.2628407E-01 0.1935106E-01 0.9841612E-02 0.9841612E-02 -9999.000 -9999.000 -9999.000 -9999.000 -9999.000 -9999.000 -9999.000 -9999.000 -9999.000 -9999.000 -9999.000 -9999.000 -9999.000 -9999.000 -9999.000 -9999.000 -9999.000 -9999.000 -9999.000 -9999.000 -9999.000 -9999.000 -9999.000 -9999.000 -9999.000 -9999.000 -9999.000
-9999.000 -9999.000 -9999.000 -9999.000 -9999.000 -9999.000 -9999.000 -9999.000 -9999.000 -9999.000 -9999.000 -9999.000 -9999.000 -9999.000 -9999.000 0.3117582E-02 0.7514558E-02 0.1316565E-01 0.1860092E-01 0.2351955E-01 0.2770818E-01 0.3102895E-01 0.3340845E-01 0.3482699E-01 0.3529179E-01 0.3475010E-01 0.3294769E-01 0.2918415E-01 0.2182053E-01 0.1126033E-01 0.1126033E-01 -9999.000 -9999.000 -9999.000 -9999.000 -9999.000 -9999.000 -9999.000 -9999.000 -9999.000 -9999.000 -9999.000 -9999.000 -9999.000 -9999.000 -9999.000 -9999.000 -9999.000 -9999.000 -9999.000 -9999.000 -9999.000 -9999.000 -9999.000 -9999.000 -9999.000 -9999.000 -9999.000
-9999.000 -9999.000 -9999.000 -9999.000 -9999.000 -9999.000 -9999.000 -9999.000 -9999.000 -9999.000 -9999.000 -9999.000 -9999.000 -9999.000 -9999.000 0.3478015E-02 0.8264831E-02 0.1432711E-01 0.2015460E-01 0.2544128E-01 0.2996575E-01 0.3358611E-01 0.3622828E-01 0.3787411E-01 0.3853436E-01 0.3815090E-01 0.3643865E-01 0.3261231E-01 0.2481003E-01 0.1300545E-01 0.1300545E-01 -9999.000 -9999.000 -9999.000 -9999.000 -9999.000 -9999.000 -9999.000 -9999.000 -9999.000 -9999.000 -9999.000 -9999.000 -9999.000 -9999.000 -9999.000 -9999.000 -9999.000 -9999.000 -9999.000 -9999.000 -9999.000 -9999.000 -9999.000 -9999.000 -9999.000 -9999.000 -9999.000
-9999.000 -9999.000 -9999.000 -9999.000 -9999.000 -9999.000 -9999.000 -9999.000 -9999.000 -9999.000 -9999.000 -9999.000 -9999.000 -9999.000 -9999.000 0.3888969E-02 0.9114225E-02 0.1563243E-01 0.2189583E-01 0.2759560E-01 0.3250349E-01 0.3647427E-01 0.3943454E-01 0.4136964E-01 0.4229503E-01 0.4214684E-01 0.4060315E-01 0.3677570E-01 0.2852846E-01 0.1521121E-01 0.1521121E-01 -9999.000 -9999.000 -9999.000 -9999.000 -9999.000 -9999.000 -9999.000 -9999.000 -9999.000 -9999.000 -9999.000 -9999.000 -9999.000 -9999.000 -9999.000 -9999.000 -9999.000 -9999.000 -9999.000 -9999.000 -9999.000 -9999.000 -9999.000 -9999.000 -9999.000 -9999.000 -9999.000
-9999.000 -9999.000 -9999.000 -9999.000 -9999.000 -9999.000 -9999.000 -9999.000 -9999.000 -9999.000 -9999.000 -9999.000 -9999.000 -9999.000 -9999.000 0.4366770E-02 0.1009697E-01 0.1713561E-01 0.2389808E-01 0.3007547E-01 0.3543374E-01 0.3982613E-01 0.4318169E-01 0.4549108E-01 0.4677719E-01 0.4697047E-01 0.4570508E-01 0.4196782E-01 0.3328268E-01 0.1807857E-01 0.1807857E-01 -9999.000 -9999.000 -9999.000 -9999.000 -9999.000 -9999.000 -9999.000 -9999.000 -9999.000 -9999.000 -9999.000 -9999.000 -9999.000 -9999.000 -9999.000 -9999.000 -9999.000 -9999.000 -9999.000 -9999.000 -9999.000 -9999.000 -9999.000 -9999.000 -9999.000 -9999.000 -9999.000
-9999.000 -9999.000 -9999.000 -9999.000 -9999.000 -9999.000 -9999.000 -9999.000 -9999.000 -9999.000 -9999.000 -9999.000 -9999.000 -9999.000 -9999.000 0.4933002E-02 0.1125939E-01 0.1891001E-01 0.2626110E-01 0.3300728E-01 0.3891100E-01 0.4382598E-01 0.4768633E-01 0.5049169E-01 0.5227603E-01 0.5296472E-01 0.5214042E-01 0.4863736E-01 0.3955401E-01 0.2192658E-01 0.2192658E-01 -9999.000 -9999.000 -9999.000 -9999.000 -9999.000 -9999.000 -9999.000 -9999.000 -9999.000 -9999.000 -9999.000 -9999.000 -9999.000 -9999.000 -9999.000 -9999.000 -9999.000 -9999.000 -9999.000 -9999.000 -9999.000 -9999.000 -9999.000 -9999.000 -9999.000 -9999.000 -9999.000
-9999.000 -9999.000 -9999.000 -9999.000 -9999.000 -9999.000 -9999.000 -9999.000 -9999.000 -9999.000 -9999.000 -9999.000 -9999.000 -9999.000 -9999.000 0.5620786E-02 0.1267176E-01 0.2106748E-01 0.2913833E-01 0.3658640E-01 0.4317378E-01 0.4875867E-01 0.5328558E-01 0.5676798E-01 0.5925720E-01 0.6067616E-01 0.6054680E-01 0.5751598E-01 0.4814377E-01 0.2729096E-01 0.2729096E-01 -9999.000 -9999.000 -9999.000 -9999.000 -9999.000 -9999.000 -9999.000 -9999.000 -9999.000 -9999.000 -9999.000 -9999.000 -9999.000 -9999.000 -9999.000 -9999.000 -9999.000 -9999.000 -9999.000 -9999.000 -9999.000 -9999.000 -9999.000 -9999.000 -9999.000 -9999.000 -9999.000
-9999.000 -9999.000 -9999.000 -9999.000 -9999.000 -9999.000 -9999.000 -9999.000 -9999.000 -9999.000 -9999.000 -9999.000 -9999.000 -9999.000 -9999.000 0.6553631E-02 0.1457718E-01 0.2396892E-01 0.3298727E-01 0.4134937E-01 0.4882594E-01 0.5529153E-01 0.6071342E-01 0.6513271E-01 0.6863182E-01 0.7113847E-01 0.7210654E-01 0.6995323E-01 0.6054732E-01 0.3520666E-01 0.3520666E-01 -9999.000 -9999.000 -9999.000 -9999.000 -9999.000 -9999.000 -9999.000 -9999.000 -9999.000 -9999.000 -9999.000 -9999.000 -9999.000 -9999.000 -9999.000 -9999.000 -9999.000 -9999.000 -9999.000 -9999.000 -9999.000 -9999.000 -9999.000 -9999.000 -9999.000 -9999.000 -9999.000
-9999.000 -9999.000 -9999.000 -9999.000 -9999.000 -9999.000 -9999.000 -9999.000 -9999.000 -9999.000 -9999.000 -9999.000 -9999.000 -9999.000 -9999.000 0.2137754E-01 0.3584085E-01 0.5008058E-01 0.6129077E-01 0.6998596E-01 0.7658982E-01 0.8149730E-01 0.8506328E-01 0.8759329E-01 0.8932610E-01 0.9020402E-01 0.8960702E-01 0.8574152E-01 0.7386498E-01 0.3858598E-01 0.3858598E-01 -9999.000 -9999.000 -9999.000 -9999.000 -9999.000 -9999.000 -9999.000 -9999.000 -9999.000 -9999.000 -9999.000 -9999.000 -9999.000 -9999.000 -9999.000 -9999.000 -9999.000 -9999.000 -9999.000 -9999.000 -9999.000 -9999.000 -9999.000 -9999.000 -9999.000 -9999.000 -9999.000
2.244051 2.244051 2.289642 2.333884 2.341282 2.341282 2.346125 2.351469 2.351469 2.353273 2.353273 2.352768 2.351855 2.350574 2.348967 2.348967 2.158859 2.122059 2.078315 2.023015 1.953795 1.869799 1.771279 1.659717 1.537992 1.410437 1.284505 1.173895 1.104985 1.130229 1.130229 1.999155 2.147935 2.187287 2.185119 2.185119 2.159487 2.159487 2.066673 2.066673 1.982559 1.502727 1.502727 1.351524 1.351524 1.348282 1.348282 1.348282 1.401155 1.401155 1.453433 1.453433 1.501541 1.501541 1.541733 1.541733 1.571824 1.571824
2.258570 2.258570 2.319195 2.376548 2.393593 2.393593 2.408074 2.432581 2.432581 2.453384 2.453384 2.471731 2.480188 2.488240 2.495927 2.495927 2.392743 2.380306 2.374249 2.365804 2.350182 2.324438 2.286497 2.233989 2.165350 2.083993 1.992697 1.900055 1.824947 1.816689 1.816689 2.307245 2.462233 2.582524 2.606608 2.606608 2.614900 2.614900 2.568970 2.568970 2.519808 2.225891 2.225891 2.040454 2.040454 2.030327 2.030327 2.030327 2.082375 2.082375 2.131929 2.131929 2.178755 2.178755 2.220088 2.220088 2.254550 2.254550
2.261716 2.261716 2.323274 2.376794 2.393994 2.393994 2.408703 2.433706 2.433706 2.455042 2.455042 2.473988 2.482777 2.491181 2.499243 2.499243 2.422990 2.413349 2.417864 2.425750 2.431016 2.430573 2.422486 2.404835 2.375988 2.336530 2.287211 2.232235 2.182829 2.173037 2.173037 2.509636 2.651904 2.797417 2.831526 2.831526 2.846908 2.846908 2.801034 2.801034 2.757708 2.571192 2.571192 2.400131 2.400131 2.367083 2.367083 2.367083 2.405733 2.405733 2.447339 2.447339 2.486832 2.486832 2.522180 2.522180 2.551363 2.551363
2.264213 2.264213 2.326387 2.376721 2.393857 2.393857 2.408612 2.433707 2.433707 2.455072 2.455072 2.474025 2.482818 2.491228 2.499297 2.499297 2.443003 2.433861 2.441677 2.455764 2.469123 2.478353 2.481798 2.478236 2.466686 2.447461 2.421120 2.390395 2.363128 2.363420 2.363420 2.583593 2.717560 2.870948 2.907880 2.907880 2.918635 2.918635 2.867163 2.867163 2.829681 2.712044 2.712044 2.573197 2.573197 2.517524 2.517524 2.517524 2.546259 2.546259 2.583471 2.583471 2.620014 2.620014 2.652298 2.652298 2.678537 2.678537
2.266114 2.266114 2.328738 2.376687 2.393721 2.393721 2.408508 2.433692 2.433692 2.455082 2.455082 2.474029 2.482817 2.491224 2.499292 2.499292 2.462552 2.456993 2.467726 2.485799 2.504018 2.518565 2.527656 2.530336 2.526085 2.515357 2.499048 2.479566 2.463067 2.467240 2.467240 2.615914 2.735095 2.879553 2.909813 2.909813 2.903578 2.903578 2.853000 2.853000 2.827981 2.767397 2.767397 2.675623 2.675623 2.606067 2.606067 2.606067 2.622548 2.622548 2.653808 2.653808 2.686985 2.686985 2.716514 2.716514 2.740332 2.740332
2.267448 2.267448 2.330380 2.376680 2.393611 2.393611 2.408417 2.433678 2.433678 2.455090 2.455090 2.474032 2.482817 2.491222 2.499288 2.499288 2.481894 2.483209 2.497998 2.519548 2.541461 2.559876 2.572820 2.579299 2.578888 2.571998 2.559679 2.544249 2.530919 2.533121 2.533121 2.633127 2.731558 2.845618 2.858420 2.858420 2.832684 2.832684 2.801336 2.801336 2.795021 2.782369 2.782369 2.738101 2.738101 2.670746 2.670746 2.670746 2.674306 2.674306 2.697171 2.697171 2.725299 2.725299 2.751411 2.751411 2.772465 2.772465
2.268240 2.268240 2.331352 2.376685 2.393541 2.393541 2.408356 2.433667 2.433667 2.455096 2.455096 2.474035 2.482818 2.491221 2.499286 2.499286 2.501674 2.512450 2.532786 2.557864 2.582741 2.604048 2.619845 2.629079 2.631263 2.626611 2.616040 2.601625 2.587783 2.584684 2.584684 2.647122 2.716956 2.771308 2.760344 2.760344 2.732819 2.732819 2.739831 2.739831 2.753177 2.777332 2.777332 2.772131 2.772131 2.722171 2.722171 2.722171 2.716003 2.716003 2.729237 2.729237 2.750576 2.750576 2.771958 2.771958 2.789386 2.789386
2.268503 2.268503 2.331673 2.376688 2.393517 2.393517 2.408334 2.433664 2.433664 2.455097 2.455097 2.474036 2.482818 2.491221 2.499285 2.499285 2.523171 2.545183 2.572382 2.601268 2.628567 2.651838 2.669499 2.680584 2.684562 2.681434 2.671841 2.657441 2.641759 2.631745 2.631745 2.660393 2.687772 2.651725 2.626852 2.626852 2.631242 2.631242 2.682329 2.682329 2.711481 2.761569 2.761569 2.785308 2.785308 2.761592 2.761592 2.761592 2.751597 2.751597 2.756061 2.756061 2.769388 2.769388 2.784596 2.784596 2.797328 2.797328
2.268240 2.268240 2.331352 2.376684 2.393541 2.393541 2.408355 2.433668 2.433668 2.455096 2.455096 2.474035 2.482818 2.491221 2.499287 2.499287 2.548230 2.582519 2.617374 2.650254 2.679482 2.703784 2.722221 2.734114 2.739006 2.736758 2.727720 2.713061 2.695197 2.676661 2.676661 2.666080 2.624635 2.494109 2.484782 2.484782 2.545636 2.545636 2.631788 2.631788 2.671696 2.739502 2.739502 2.783886 2.783886 2.788395 2.788395 2.788395 2.780658 2.780658 2.779022 2.779022 2.784168 2.784168 2.792058 2.792058 2.799056 2.799056
2.267449 2.267449 2.330380 2.376680 2.393611 2.393611 2.408416 2.433678 2.433678 2.455090 2.455090 2.474032 2.482818 2.491222 2.499289 2.499289 2.579328 2.626251 2.668782 2.705408 2.735904 2.760219 2.778232 2.789736 2.794482 2.792310 2.783340 2.768242 2.747835 2.716017 2.716017 2.641500 2.493781 2.332222 2.364577 2.364577 2.477537 2.477537 2.585923 2.585923 2.632769 2.712993 2.712993 2.772044 2.772044 2.802133 2.802133 2.802133 2.800951 2.800951 2.796636 2.796636 2.794574 2.794574 2.794647 2.794647 2.795172 2.795172
2.266113 2.266113 2.328738 2.376687 2.393721 2.393721 2.408508 2.433692 2.433692 2.455081 2.455081 2.474029 2.482819 2.491225 2.499293 2.499293 2.619814 2.678915 2.728113 2.767442 2.798081 2.821152 2.837399 2.847183 2.850572 2.847493 2.837937 2.822031 2.797380 2.735686 2.735686 2.535384 2.275948 2.206318 2.269647 2.269647 2.418059 2.418059 2.540202 2.540202 2.591715 2.681272 2.681272 2.750922 2.750922 2.802020 2.802020 2.802020 2.809316 2.809316 2.805323 2.805323 2.797791 2.797791 2.790348 2.790348 2.784196 2.784196
