cruce_test.gid/Rasters/Hydraulic/Velocity____88.0.asc
NCOLS        79
NROWS        79
XLLCENTER         -1.500000
YLLCENTER         -4.800000
CELLSIZE           0.100
NODATA_VALUE     -9999.0
[rows 0 to 26 of 79, columns 0 to 59 of 79]
-9999.000 -9999.000 -9999.000 -9999.000 -9999.000 -9999.000 -9999.000 -9999.000 -9999.000 -9999.000 -9999.000 -9999.000 -9999.000 -9999.000 -9999.000 0.2004494 0.1993520 0.1995022 0.1997479 0.2000059 0.2002652 0.2005323 0.2008241 0.2011681 0.2016044 0.2021901 0.2030117 0.2042100 0.2059025 0.2037764 0.2037764 -9999.000 -9999.000 -9999.000 -9999.000 -9999.000 -9999.000 -9999.000 -9999.000 -9999.000 -9999.000 -9999.000 -9999.000 -9999.000 -9999.000 -9999.000 -9999.000 -9999.000 -9999.000 -9999.000 -9999.000 -9999.000 -9999.000 -9999.000 -9999.000 -9999.000 -9999.000 -9999.000 -9999.000 -9999.000
-9999.000 -9999.000 -9999.000 -9999.000 -9999.000 -9999.000 -9999.000 -9999.000 -9999.000 -9999.000 -9999.000 -9999.000 -9999.000 -9999.000 -9999.000 0.1978250 0.1954290 0.1957380 0.1962677 0.1968359 0.1974126 0.1980042 0.1986422 0.1993815 0.2003059 0.2015382 0.2032677 0.2057969 0.2093540 0.2054520 0.2054520 -9999.000 -9999.000 -9999.000 -9999.000 -9999.000 -9999.000 -9999.000 -9999.000 -9999.000 -9999.000 -9999.000 -9999.000 -9999.000 -9999.000 -9999.000 -9999.000 -9999.000 -9999.000 -9999.000 -9999.000 -9999.000 -9999.000 -9999.000 -9999.000 -9999.000 -9999.000 -9999.000 -9999.000 -9999.000
-9999.000 -9999.000 -9999.000 -9999.000 -9999.000 -9999.000 -9999.000 -9999.000 -9999.000 -9999.000 -9999.000 -9999.000 -9999.000 -9999.000 -9999.000 0.1937183 0.1898878 0.1904123 0.1913549 0.1924061 0.1935062 0.1946600 0.1959168 0.1973691 0.1991579 0.2014889 0.2046671 0.2091595 0.2152577 0.2099200 0.2099200 -9999.000 -9999.000 -9999.000 -9999.000 -9999.000 -9999.000 -9999.000 -9999.000 -9999.000 -9999.000 -9999.000 -9999.000 -9999.000 -9999.000 -9999.000 -9999.000 -9999.000 -9999.000 -9999.000 -9999.000 -9999.000 -9999.000 -9999.000 -9999.000 -9999.000 -9999.000 -9999.000 -9999.000 -9999.000
-9999.000 -9999.000 -9999.000 -9999.000 -9999.000 -9999.000 -9999.000 -9999.000 -9999.000 -9999.000 -9999.000 -9999.000 -9999.000 -9999.000 -9999.000 0.1886081 0.1834014 0.1842072 0.1856603 0.1873167 0.1890844 0.1909646 0.1930249 0.1953958 0.1982784 0.2019646 0.2068833 0.2136792 0.2227286 0.2165674 0.2165674 -9999.000 -9999.000 -9999.000 -9999.000 -9999.000 -9999.000 -9999.000 -9999.000 -9999.000 -9999.000 -9999.000 -9999.000 -9999.000 -9999.000 -9999.000 -9999.000 -9999.000 -9999.000 -9999.000 -9999.000 -9999.000 -9999.000 -9999.000 -9999.000 -9999.000 -9999.000 -9999.000 -9999.000 -9999.000
-9999.000 -9999.000 -9999.000 -9999.000 -9999.000 -9999.000 -9999.000 -9999.000 -9999.000 -9999.000 -9999.000 -9999.000 -9999.000 -9999.000 -9999.000 0.1825959 0.1761013 0.1772512 0.1793025 0.1816700 0.1842257 0.1869671 0.1899800 0.1934364 0.1976022 0.2028642 0.2097899 0.2192269 0.2316734 0.2253624 0.2253624 -9999.000 -9999.000 -9999.000 -9999.000 -9999.000 -9999.000 -9999.000 -9999.000 -9999.000 -9999.000 -9999.000 -9999.000 -9999.000 -9999.000 -9999.000 -9999.000 -9999.000 -9999.000 -9999.000 -9999.000 -9999.000 -9999.000 -9999.000 -9999.000 -9999.000 -9999.000 -9999.000 -9999.000 -9999.000
-9999.000 -9999.000 -9999.000 -9999.000 -9999.000 -9999.000 -9999.000 -9999.000 -9999.000 -9999.000 -9999.000 -9999.000 -9999.000 -9999.000 -9999.000 0.1757227 0.1680702 0.1696295 0.1723604 0.1755339 0.1789834 0.1827014 0.1867944 0.1914797 0.1970954 0.2041364 0.2133290 0.2257610 0.2421129 0.2364399 0.2364399 -9999.000 -9999.000 -9999.000 -9999.000 -9999.000 -9999.000 -9999.000 -9999.000 -9999.000 -9999.000 -9999.000 -9999.000 -9999.000 -9999.000 -9999.000 -9999.000 -9999.000 -9999.000 -9999.000 -9999.000 -9999.000 -9999.000 -9999.000 -9999.000 -9999.000 -9999.000 -9999.000 -9999.000 -9999.000
-9999.000 -9999.000 -9999.000 -9999.000 -9999.000 -9999.000 -9999.000 -9999.000 -9999.000 -9999.000 -9999.000 -9999.000 -9999.000 -9999.000 -9999.000 0.1679759 0.1593500 0.1613922 0.1648846 0.1689549 0.1733962 0.1781956 0.1834831 0.1895267 0.1967471 0.2057624 0.2174876 0.2333006 0.2541563 0.2500889 0.2500889 -9999.000 -9999.000 -9999.000 -9999.000 -9999.000 -9999.000 -9999.000 -9999.000 -9999.000 -9999.000 -9999.000 -9999.000 -9999.000 -9999.000 -9999.000 -9999.000 -9999.000 -9999.000 -9999.000 -9999.000 -9999.000 -9999.000 -9999.000 -9999.000 -9999.000 -9999.000 -9999.000 -9999.000 -9999.000
-9999.000 -9999.000 -9999.000 -9999.000 -9999.000 -9999.000 -9999.000 -9999.000 -9999.000 -9999.000 -9999.000 -9999.000 -9999.000 -9999.000 -9999.000 0.1592971 0.1499505 0.1525645 0.1569067 0.1619679 0.1674983 0.1734800 0.1800696 0.1875934 0.1965660 0.2077505 0.2222875 0.2419146 0.2679942 0.2667719 0.2667719 -9999.000 -9999.000 -9999.000 -9999.000 -9999.000 -9999.000 -9999.000 -9999.000 -9999.000 -9999.000 -9999.000 -9999.000 -9999.000 -9999.000 -9999.000 -9999.000 -9999.000 -9999.000 -9999.000 -9999.000 -9999.000 -9999.000 -9999.000 -9999.000 -9999.000 -9999.000 -9999.000 -9999.000 -9999.000
-9999.000 -9999.000 -9999.000 -9999.000 -9999.000 -9999.000 -9999.000 -9999.000 -9999.000 -9999.000 -9999.000 -9999.000 -9999.000 -9999.000 -9999.000 0.1495894 0.1398569 0.1431550 0.1484503 0.1546067 0.1613296 0.1685967 0.1765953 0.1857179 0.1965876 0.2101380 0.2277845 0.2517180 0.2839049 0.2871818 0.2871818 -9999.000 -9999.000 -9999.000 -9999.000 -9999.000 -9999.000 -9999.000 -9999.000 -9999.000 -9999.000 -9999.000 -9999.000 -9999.000 -9999.000 -9999.000 -9999.000 -9999.000 -9999.000 -9999.000 -9999.000 -9999.000 -9999.000 -9999.000 -9999.000 -9999.000 -9999.000 -9999.000 -9999.000 -9999.000
-9999.000 -9999.000 -9999.000 -9999.000 -9999.000 -9999.000 -9999.000 -9999.000 -9999.000 -9999.000 -9999.000 -9999.000 -9999.000 -9999.000 -9999.000 0.1387208 0.1290337 0.1331645 0.1395424 0.1469190 0.1549526 0.1636174 0.1731366 0.1839780 0.1968886 0.2130040 0.2340770 0.2628798 0.3022702 0.3123498 0.3123498 -9999.000 -9999.000 -9999.000 -9999.000 -9999.000 -9999.000 -9999.000 -9999.000 -9999.000 -9999.000 -9999.000 -9999.000 -9999.000 -9999.000 -9999.000 -9999.000 -9999.000 -9999.000 -9999.000 -9999.000 -9999.000 -9999.000 -9999.000 -9999.000 -9999.000 -9999.000 -9999.000 -9999.000 -9999.000
-9999.000 -9999.000 -9999.000 -9999.000 -9999.000 -9999.000 -9999.000 -9999.000 -9999.000 -9999.000 -9999.000 -9999.000 -9999.000 -9999.000 -9999.000 0.1265246 0.1174296 0.1225977 0.1302321 0.1389898 0.1484796 0.1586745 0.1698392 0.1825256 0.1976218 0.2165004 0.2413313 0.2756428 0.3236098 0.3438482 0.3438482 -9999.000 -9999.000 -9999.000 -9999.000 -9999.000 -9999.000 -9999.000 -9999.000 -9999.000 -9999.000 -9999.000 -9999.000 -9999.000 -9999.000 -9999.000 -9999.000 -9999.000 -9999.000 -9999.000 -9999.000 -9999.000 -9999.000 -9999.000 -9999.000 -9999.000 -9999.000 -9999.000 -9999.000 -9999.000
-9999.000 -9999.000 -9999.000 -9999.000 -9999.000 -9999.000 -9999.000 -9999.000 -9999.000 -9999.000 -9999.000 -9999.000 -9999.000 -9999.000 -9999.000 0.1127978 0.1049860 0.1114867 0.1206264 0.1309859 0.1421247 0.1540194 0.1669828 0.1816587 0.1990899 0.2209233 0.2498423 0.2903689 0.3486346 0.3841822 0.3841822 -9999.000 -9999.000 -9999.000 -9999.000 -9999.000 -9999.000 -9999.000 -9999.000 -9999.000 -9999.000 -9999.000 -9999.000 -9999.000 -9999.000 -9999.000 -9999.000 -9999.000 -9999.000 -9999.000 -9999.000 -9999.000 -9999.000 -9999.000 -9999.000 -9999.000 -9999.000 -9999.000 -9999.000 -9999.000
-9999.000 -9999.000 -9999.000 -9999.000 -9999.000 -9999.000 -9999.000 -9999.000 -9999.000 -9999.000 -9999.000 -9999.000 -9999.000 -9999.000 -9999.000 0.9729674E-01 0.9166250E-01 0.9994873E-01 0.1109701 0.1232523 0.1363143 0.1501480 0.1651226 0.1819768 0.2019136 0.2268833 0.2601886 0.3076588 0.3783496 0.4376085 0.4376085 -9999.000 -9999.000 -9999.000 -9999.000 -9999.000 -9999.000 -9999.000 -9999.000 -9999.000 -9999.000 -9999.000 -9999.000 -9999.000 -9999.000 -9999.000 -9999.000 -9999.000 -9999.000 -9999.000 -9999.000 -9999.000 -9999.000 -9999.000 -9999.000 -9999.000 -9999.000 -9999.000 -9999.000 -9999.000
-9999.000 -9999.000 -9999.000 -9999.000 -9999.000 -9999.000 -9999.000 -9999.000 -9999.000 -9999.000 -9999.000 -9999.000 -9999.000 -9999.000 -9999.000 0.7968925E-01 0.7754333E-01 0.8842735E-01 0.1019759 0.1166967 0.1321079 0.1482492 0.1655616 0.1848769 0.2075463 0.2358253 0.2737197 0.3287391 0.4143109 0.5121120 0.5121120 -9999.000 -9999.000 -9999.000 -9999.000 -9999.000 -9999.000 -9999.000 -9999.000 -9999.000 -9999.000 -9999.000 -9999.000 -9999.000 -9999.000 -9999.000 -9999.000 -9999.000 -9999.000 -9999.000 -9999.000 -9999.000 -9999.000 -9999.000 -9999.000 -9999.000 -9999.000 -9999.000 -9999.000 -9999.000
-9999.000 -9999.000 -9999.000 -9999.000 -9999.000 -9999.000 -9999.000 -9999.000 -9999.000 -9999.000 -9999.000 -9999.000 -9999.000 -9999.000 -9999.000 0.5841737E-01 0.7112815E-01 0.9103564E-01 0.1103315 0.1286815 0.1463649 0.1639297 0.1821609 0.2021526 0.2255294 0.2549808 0.2954327 0.3566665 0.4586884 0.6226740 0.6226740 -9999.000 -9999.000 -9999.000 -9999.000 -9999.000 -9999.000 -9999.000 -9999.000 -9999.000 -9999.000 -9999.000 -9999.000 -9999.000 -9999.000 -9999.000 -9999.000 -9999.000 -9999.000 -9999.000 -9999.000 -9999.000 -9999.000 -9999.000 -9999.000 -9999.000 -9999.000 -9999.000 -9999.000 -9999.000
1.755282 1.755282 1.822102 1.854442 1.862492 1.862492 1.868195 1.875399 1.875399 1.879174 1.879174 1.880675 1.880754 1.880499 1.652029 1.652029 1.354367 1.292684 1.222294 1.144057 1.059654 0.9716314 0.8834583 0.7996097 0.7256997 0.6688483 0.6387088 0.6500662 0.7291185 0.9409544 0.9409544 1.641485 1.824859 1.860124 1.822268 1.822268 1.711066 1.711066 1.454755 1.454755 1.158182 0.9881737 0.9881737 0.9791598 0.9791598 1.018473 1.018473 1.018473 1.069563 1.069563 1.115880 1.115880 1.155302 1.155302 1.199046 1.199046 1.225895 1.225895 1.225895 1.244194
1.770641 1.770641 1.843131 1.890429 1.906396 1.906396 1.920100 1.943352 1.943352 1.963093 1.963093 1.980430 1.988376 1.995945 1.866549 1.866549 1.607155 1.588271 1.561535 1.525207 1.478745 1.422444 1.357503 1.286219 1.212357 1.141803 1.083693 1.052438 1.071811 1.186058 1.186058 1.668676 1.826051 1.930213 1.943867 1.943867 1.920245 1.920245 1.805466 1.805466 1.615468 1.347601 1.347601 1.348752 1.348752 1.398268 1.398268 1.398268 1.451951 1.451951 1.501292 1.501292 1.531524 1.531524 1.584967 1.584967 1.618282 1.618282 1.618282 1.644047
1.774287 1.774287 1.844608 1.890943 1.906886 1.906886 1.920685 1.944298 1.944298 1.964503 1.964503 1.982369 1.990602 1.998472 1.928397 1.928397 1.660278 1.660563 1.656920 1.646768 1.629148 1.603611 1.570294 1.530134 1.485161 1.438949 1.397418 1.370399 1.375132 1.448504 1.448504 1.800235 1.942068 2.064399 2.090757 2.090757 2.089712 2.089712 2.017660 2.017660 1.910087 1.661771 1.661771 1.629257 1.629257 1.667622 1.667622 1.667622 1.713794 1.713794 1.755062 1.755062 1.787746 1.787746 1.826008 1.826008 1.853607 1.853607 1.853607 1.874335
1.777128 1.777128 1.845810 1.891145 1.906929 1.906929 1.920666 1.944275 1.944275 1.964509 1.964509 1.982395 1.990635 1.998507 1.956469 1.956469 1.686733 1.694923 1.701704 1.703574 1.700113 1.691228 1.677057 1.658164 1.635768 1.612078 1.590816 1.578224 1.585503 1.641190 1.641190 1.907581 2.026728 2.140673 2.164894 2.164894 2.166852 2.166852 2.120824 2.120824 2.062762 1.873917 1.873917 1.805395 1.805395 1.834090 1.834090 1.834090 1.873644 1.873644 1.909786 1.909786 1.939118 1.939118 1.969985 1.969985 1.993948 1.993948 1.993948 2.011619
1.779266 1.779266 1.846789 1.891319 1.906959 1.906959 1.920635 1.944239 1.944239 1.964496 1.964496 1.982391 1.990632 1.998499 1.974414 1.974414 1.713382 1.724814 1.737918 1.746152 1.749554 1.748644 1.744044 1.736596 1.727449 1.718251 1.711463 1.710931 1.723215 1.770528 1.770528 1.978133 2.076254 2.169954 2.185227 2.185227 2.180663 2.180663 2.156340 2.156340 2.131400 2.017260 2.017260 1.933231 1.933231 1.941529 1.941529 1.941529 1.975379 1.975379 2.008004 2.008004 2.035107 2.035107 2.061397 2.061397 2.082524 2.082524 2.082524 2.097953
1.780754 1.780754 1.847510 1.891456 1.906982 1.906982 1.920609 1.944208 1.944208 1.964486 1.964486 1.982389 1.990630 1.998492 1.985977 1.985977 1.747931 1.757156 1.775230 1.788102 1.795694 1.798896 1.798747 1.796528 1.793709 1.791957 1.793257 1.800112 1.816355 1.857138 1.857138 2.015159 2.093870 2.156933 2.160653 2.160653 2.153756 2.153756 2.154695 2.154695 2.153216 2.105743 2.105743 2.034289 2.034289 2.019112 2.019112 2.019112 2.045332 2.045332 2.073985 2.073985 2.098882 2.098882 2.121631 2.121631 2.139925 2.139925 2.139925 2.153185
1.781631 1.781631 1.847951 1.891543 1.906996 1.906996 1.920592 1.944187 1.944187 1.964478 1.964478 1.982387 1.990629 1.998487 1.993354 1.993354 1.797344 1.793848 1.815648 1.832544 1.843471 1.849443 1.851642 1.851601 1.851110 1.852123 1.856741 1.867023 1.883830 1.913772 1.913772 2.025162 2.080073 2.104348 2.100451 2.100451 2.105735 2.105735 2.135426 2.135426 2.150904 2.152123 2.152123 2.110777 2.110777 2.081177 2.081177 2.081177 2.097889 2.097889 2.121118 2.121118 2.142895 2.142895 2.162110 2.162110 2.177357 2.177357 2.177357 2.188319
1.781921 1.781921 1.848100 1.891574 1.907001 1.907001 1.920586 1.944180 1.944180 1.964477 1.964477 1.982388 1.990630 1.998484 1.998026 1.998026 1.854638 1.839239 1.860673 1.880571 1.894511 1.902787 1.906508 1.907308 1.907203 1.908436 1.913327 1.923531 1.935783 1.945907 1.945907 2.008314 2.030171 2.019927 2.019357 2.019357 2.052217 2.052217 2.109166 2.109166 2.136662 2.170013 2.170013 2.161645 2.161645 2.132773 2.132773 2.132773 2.140451 2.140451 2.156981 2.156981 2.174277 2.174277 2.189531 2.189531 2.201495 2.201495 2.201495 2.210054
1.781631 1.781631 1.847952 1.891544 1.906996 1.906996 1.920592 1.944187 1.944187 1.964479 1.964479 1.982388 1.990629 1.998481 2.000971 2.000971 1.913536 1.895267 1.912832 1.933976 1.950144 1.960251 1.965029 1.966019 1.965305 1.965321 1.968597 1.976099 1.977023 1.951266 1.951266 1.954047 1.938817 1.919654 1.934356 1.934356 2.001541 2.001541 2.080452 2.080452 2.116385 2.170462 2.170462 2.189471 2.189471 2.174080 2.174080 2.174080 2.175918 2.175918 2.185582 2.185582 2.197292 2.197292 2.207906 2.207906 2.216190 2.216190 2.216190 2.222209
1.780754 1.780754 1.847510 1.891456 1.906981 1.906981 1.920609 1.944208 1.944208 1.964486 1.964486 1.982389 1.990630 1.998480 2.002818 2.002818 1.971421 1.960624 1.974637 1.994830 2.011742 2.022818 2.028105 2.028823 2.026940 2.024936 2.025464 2.027758 2.004552 1.915208 1.915208 1.850469 1.812339 1.821501 1.856589 1.856589 1.955961 1.955961 2.051134 2.051134 2.093101 2.160794 2.160794 2.199690 2.199690 2.203979 2.203979 2.203979 2.204436 2.204436 2.208428 2.208428 2.214082 2.214082 2.219413 2.219413 2.223617 2.223617 2.223617 2.227008
1.779266 1.779266 1.846789 1.891320 1.906959 1.906959 1.920635 1.944239 1.944239 1.964496 1.964496 1.982391 1.990632 1.998481 2.003972 2.003972 2.029207 2.033466 2.047327 2.065270 2.081005 2.091618 2.096489 2.096346 2.092843 2.088326 2.085374 2.078294 2.001123 1.811664 1.811664 1.705902 1.677704 1.734178 1.783566 1.783566 1.913489 1.913489 2.020979 2.020979 2.067545 2.144672 2.144672 2.197334 2.197334 2.221763 2.221763 2.221763 2.224722 2.224722 2.225096 2.225096 2.225004 2.225004 2.224768 2.224768 2.224692 2.224692 2.224692 2.225496
1.777128 1.777128 1.845810 1.891144 1.906929 1.906929 1.920665 1.944275 1.944275 1.964509 1.964509 1.982395 1.990635 1.998483 2.004681 2.004681 2.091104 2.113589 2.131173 2.146942 2.159744 2.168020 2.171057 2.169133 2.163443 2.156012 2.148925 2.120867 1.910360 1.643470 1.643470 1.546963 1.550293 1.658631 1.726789 1.726789 1.874266 1.874266 1.991919 1.991919 2.041940 2.125431 2.125431 2.187184 2.187184 2.228574 2.228574 2.228574 2.236125 2.236125 2.234957 2.234957 2.230079 2.230079 2.224528 2.224528 2.220309 2.220309 2.220309 2.218747
