cruce_test.gid/Rasters/Hydraulic/Velocity__y_40.0.asc
NCOLS        79
NROWS        79
XLLCENTER         -1.500000
YLLCENTER         -4.800000
CELLSIZE           0.100
NODATA_VALUE     -9999.0
[rows 0 to 25 of 79, columns 0 to 58 of 79]
-9999.000 -9999.000 -9999.000 -9999.000 -9999.000 -9999.000 -9999.000 -9999.000 -9999.000 -9999.000 -9999.000 -9999.000 -9999.000 -9999.000 -9999.000 -0.3063581 -0.3055736 -0.3058483 -0.3063283 -0.3069052 -0.3075595 -0.3082829 -0.3090672 -0.3099045 -0.3107890 -0.3117188 -0.3127018 -0.3137586 -0.3148120 -0.3112720 -0.3112720 -9999.000 -9999.000 -9999.000 -9999.000 -9999.000 -9999.000 -9999.000 -9999.000 -9999.000 -9999.000 -9999.000 -9999.000 -9999.000 -9999.000 -9999.000 -9999.000 -9999.000 -9999.000 -9999.000 -9999.000 -9999.000 -9999.000 -9999.000 -9999.000 -9999.000 -9999.000 -9999.000 -9999.000
-9999.000 -9999.000 -9999.000 -9999.000 -9999.000 -9999.000 -9999.000 -9999.000 -9999.000 -9999.000 -9999.000 -9999.000 -9999.000 -9999.000 -9999.000 -0.3010770 -0.2988997 -0.2993365 -0.3001450 -0.3011010 -0.3021704 -0.3033473 -0.3046299 -0.3060185 -0.3075180 -0.3091429 -0.3109235 -0.3129069 -0.3149207 -0.3081347 -0.3081347 -9999.000 -9999.000 -9999.000 -9999.000 -9999.000 -9999.000 -9999.000 -9999.000 -9999.000 -9999.000 -9999.000 -9999.000 -9999.000 -9999.000 -9999.000 -9999.000 -9999.000 -9999.000 -9999.000 -9999.000 -9999.000 -9999.000 -9999.000 -9999.000 -9999.000 -9999.000 -9999.000 -9999.000
-9999.000 -9999.000 -9999.000 -9999.000 -9999.000 -9999.000 -9999.000 -9999.000 -9999.000 -9999.000 -9999.000 -9999.000 -9999.000 -9999.000 -9999.000 -0.2938663 -0.2898974 -0.2905899 -0.2919415 -0.2935622 -0.2953885 -0.2974095 -0.2996249 -0.3020391 -0.3046620 -0.3075119 -0.3106193 -0.3140159 -0.3173236 -0.3068463 -0.3068463 -9999.000 -9999.000 -9999.000 -9999.000 -9999.000 -9999.000 -9999.000 -9999.000 -9999.000 -9999.000 -9999.000 -9999.000 -9999.000 -9999.000 -9999.000 -9999.000 -9999.000 -9999.000 -9999.000 -9999.000 -9999.000 -9999.000 -9999.000 -9999.000 -9999.000 -9999.000 -9999.000 -9999.000
-9999.000 -9999.000 -9999.000 -9999.000 -9999.000 -9999.000 -9999.000 -9999.000 -9999.000 -9999.000 -9999.000 -9999.000 -9999.000 -9999.000 -9999.000 -0.2854865 -0.2795052 -0.2805375 -0.2825843 -0.2850675 -0.2878888 -0.2910289 -0.2944856 -0.2982616 -0.3023647 -0.3068091 -0.3116157 -0.3167913 -0.3217247 -0.3077704 -0.3077704 -9999.000 -9999.000 -9999.000 -9999.000 -9999.000 -9999.000 -9999.000 -9999.000 -9999.000 -9999.000 -9999.000 -9999.000 -9999.000 -9999.000 -9999.000 -9999.000 -9999.000 -9999.000 -9999.000 -9999.000 -9999.000 -9999.000 -9999.000 -9999.000 -9999.000 -9999.000 -9999.000 -9999.000
-9999.000 -9999.000 -9999.000 -9999.000 -9999.000 -9999.000 -9999.000 -9999.000 -9999.000 -9999.000 -9999.000 -9999.000 -9999.000 -9999.000 -9999.000 -0.2759303 -0.2677958 -0.2692480 -0.2721285 -0.2756515 -0.2796809 -0.2841886 -0.2891680 -0.2946187 -0.3005439 -0.3069503 -0.3138456 -0.3212082 -0.3281642 -0.3110504 -0.3110504 -9999.000 -9999.000 -9999.000 -9999.000 -9999.000 -9999.000 -9999.000 -9999.000 -9999.000 -9999.000 -9999.000 -9999.000 -9999.000 -9999.000 -9999.000 -9999.000 -9999.000 -9999.000 -9999.000 -9999.000 -9999.000 -9999.000 -9999.000 -9999.000 -9999.000 -9999.000 -9999.000 -9999.000
-9999.000 -9999.000 -9999.000 -9999.000 -9999.000 -9999.000 -9999.000 -9999.000 -9999.000 -9999.000 -9999.000 -9999.000 -9999.000 -9999.000 -9999.000 -0.2651110 -0.2547965 -0.2567482 -0.2605875 -0.2653092 -0.2707400 -0.2768437 -0.2836113 -0.2910402 -0.2991304 -0.3078823 -0.3172921 -0.3273088 -0.3367726 -0.3169380 -0.3169380 -9999.000 -9999.000 -9999.000 -9999.000 -9999.000 -9999.000 -9999.000 -9999.000 -9999.000 -9999.000 -9999.000 -9999.000 -9999.000 -9999.000 -9999.000 -9999.000 -9999.000 -9999.000 -9999.000 -9999.000 -9999.000 -9999.000 -9999.000 -9999.000 -9999.000 -9999.000 -9999.000 -9999.000
-9999.000 -9999.000 -9999.000 -9999.000 -9999.000 -9999.000 -9999.000 -9999.000 -9999.000 -9999.000 -9999.000 -9999.000 -9999.000 -9999.000 -9999.000 -0.2528615 -0.2404959 -0.2430324 -0.2479429 -0.2540055 -0.2610132 -0.2689263 -0.2777375 -0.2874469 -0.2980567 -0.3095677 -0.3219712 -0.3351934 -0.3477720 -0.3258117 -0.3258117 -9999.000 -9999.000 -9999.000 -9999.000 -9999.000 -9999.000 -9999.000 -9999.000 -9999.000 -9999.000 -9999.000 -9999.000 -9999.000 -9999.000 -9999.000 -9999.000 -9999.000 -9999.000 -9999.000 -9999.000 -9999.000 -9999.000 -9999.000 -9999.000 -9999.000 -9999.000 -9999.000 -9999.000
-9999.000 -9999.000 -9999.000 -9999.000 -9999.000 -9999.000 -9999.000 -9999.000 -9999.000 -9999.000 -9999.000 -9999.000 -9999.000 -9999.000 -9999.000 -0.2389371 -0.2248494 -0.2280673 -0.2341493 -0.2416778 -0.2504213 -0.2603435 -0.2714464 -0.2837417 -0.2972451 -0.3119710 -0.3279209 -0.3450146 -0.3614862 -0.3382087 -0.3382087 -9999.000 -9999.000 -9999.000 -9999.000 -9999.000 -9999.000 -9999.000 -9999.000 -9999.000 -9999.000 -9999.000 -9999.000 -9999.000 -9999.000 -9999.000 -9999.000 -9999.000 -9999.000 -9999.000 -9999.000 -9999.000 -9999.000 -9999.000 -9999.000 -9999.000 -9999.000 -9999.000 -9999.000
-9999.000 -9999.000 -9999.000 -9999.000 -9999.000 -9999.000 -9999.000 -9999.000 -9999.000 -9999.000 -9999.000 -9999.000 -9999.000 -9999.000 -9999.000 -0.2230209 -0.2077806 -0.2117952 -0.2191365 -0.2282368 -0.2388562 -0.2509724 -0.2646076 -0.2797991 -0.2965941 -0.3150434 -0.3351882 -0.3569751 -0.3783602 -0.3548883 -0.3548883 -9999.000 -9999.000 -9999.000 -9999.000 -9999.000 -9999.000 -9999.000 -9999.000 -9999.000 -9999.000 -9999.000 -9999.000 -9999.000 -9999.000 -9999.000 -9999.000 -9999.000 -9999.000 -9999.000 -9999.000 -9999.000 -9999.000 -9999.000 -9999.000 -9999.000 -9999.000 -9999.000 -9999.000
-9999.000 -9999.000 -9999.000 -9999.000 -9999.000 -9999.000 -9999.000 -9999.000 -9999.000 -9999.000 -9999.000 -9999.000 -9999.000 -9999.000 -9999.000 -0.2047329 -0.1891833 -0.1941336 -0.2028070 -0.2135626 -0.2261753 -0.2406512 -0.2570480 -0.2754481 -0.2959575 -0.3187017 -0.3438113 -0.3713246 -0.3989963 -0.3769493 -0.3769493 -9999.000 -9999.000 -9999.000 -9999.000 -9999.000 -9999.000 -9999.000 -9999.000 -9999.000 -9999.000 -9999.000 -9999.000 -9999.000 -9999.000 -9999.000 -9999.000 -9999.000 -9999.000 -9999.000 -9999.000 -9999.000 -9999.000 -9999.000 -9999.000 -9999.000 -9999.000 -9999.000 -9999.000
-9999.000 -9999.000 -9999.000 -9999.000 -9999.000 -9999.000 -9999.000 -9999.000 -9999.000 -9999.000 -9999.000 -9999.000 -9999.000 -9999.000 -9999.000 -0.1836454 -0.1689183 -0.1749699 -0.1850313 -0.1974980 -0.2121913 -0.2291651 -0.2485323 -0.2704474 -0.2951148 -0.3227935 -0.3537880 -0.3883503 -0.4242082 -0.4060526 -0.4060526 -9999.000 -9999.000 -9999.000 -9999.000 -9999.000 -9999.000 -9999.000 -9999.000 -9999.000 -9999.000 -9999.000 -9999.000 -9999.000 -9999.000 -9999.000 -9999.000 -9999.000 -9999.000 -9999.000 -9999.000 -9999.000 -9999.000 -9999.000 -9999.000 -9999.000 -9999.000 -9999.000 -9999.000
-9999.000 -9999.000 -9999.000 -9999.000 -9999.000 -9999.000 -9999.000 -9999.000 -9999.000 -9999.000 -9999.000 -9999.000 -9999.000 -9999.000 -9999.000 -0.1593047 -0.1468078 -0.1541501 -0.1656352 -0.1798351 -0.1966570 -0.2162261 -0.2387353 -0.2644466 -0.2937191 -0.3270336 -0.3650099 -0.4083381 -0.4550973 -0.4448718 -0.4448718 -9999.000 -9999.000 -9999.000 -9999.000 -9999.000 -9999.000 -9999.000 -9999.000 -9999.000 -9999.000 -9999.000 -9999.000 -9999.000 -9999.000 -9999.000 -9999.000 -9999.000 -9999.000 -9999.000 -9999.000 -9999.000 -9999.000 -9999.000 -9999.000 -9999.000 -9999.000 -9999.000 -9999.000
-9999.000 -9999.000 -9999.000 -9999.000 -9999.000 -9999.000 -9999.000 -9999.000 -9999.000 -9999.000 -9999.000 -9999.000 -9999.000 -9999.000 -9999.000 -0.1312582 -0.1226225 -0.1314580 -0.1443775 -0.1602919 -0.1792388 -0.2014402 -0.2271971 -0.2569238 -0.2912087 -0.3308844 -0.3771160 -0.4314485 -0.4931309 -0.4981010 -0.4981010 -9999.000 -9999.000 -9999.000 -9999.000 -9999.000 -9999.000 -9999.000 -9999.000 -9999.000 -9999.000 -9999.000 -9999.000 -9999.000 -9999.000 -9999.000 -9999.000 -9999.000 -9999.000 -9999.000 -9999.000 -9999.000 -9999.000 -9999.000 -9999.000 -9999.000 -9999.000 -9999.000 -9999.000
-9999.000 -9999.000 -9999.000 -9999.000 -9999.000 -9999.000 -9999.000 -9999.000 -9999.000 -9999.000 -9999.000 -9999.000 -9999.000 -9999.000 -9999.000 -0.9902440E-01 -0.9603787E-01 -0.1065705 -0.1209125 -0.1384807 -0.1594845 -0.1842655 -0.2132610 -0.2470848 -0.2866458 -0.3333066 -0.3891372 -0.4573061 -0.5400586 -0.5751086 -0.5751086 -9999.000 -9999.000 -9999.000 -9999.000 -9999.000 -9999.000 -9999.000 -9999.000 -9999.000 -9999.000 -9999.000 -9999.000 -9999.000 -9999.000 -9999.000 -9999.000 -9999.000 -9999.000 -9999.000 -9999.000 -9999.000 -9999.000 -9999.000 -9999.000 -9999.000 -9999.000 -9999.000 -9999.000
-9999.000 -9999.000 -9999.000 -9999.000 -9999.000 -9999.000 -9999.000 -9999.000 -9999.000 -9999.000 -9999.000 -9999.000 -9999.000 -9999.000 -9999.000 -0.5793349E-01 -0.6543955E-01 -0.7880737E-01 -0.9509449E-01 -0.1145060 -0.1375345 -0.1647122 -0.1966728 -0.2343014 -0.2789402 -0.3327050 -0.3990874 -0.4842177 -0.5973915 -0.6984194 -0.6984194 -9999.000 -9999.000 -9999.000 -9999.000 -9999.000 -9999.000 -9999.000 -9999.000 -9999.000 -9999.000 -9999.000 -9999.000 -9999.000 -9999.000 -9999.000 -9999.000 -9999.000 -9999.000 -9999.000 -9999.000 -9999.000 -9999.000 -9999.000 -9999.000 -9999.000 -9999.000 -9999.000 -9999.000
-0.3251897E-02 -0.3251897E-02 -0.3664418E-02 -0.3957082E-02 -0.4076252E-02 -0.4076252E-02 -0.4249456E-02 -0.4915419E-02 -0.4915419E-02 -0.6411404E-02 -0.6411404E-02 -0.9953520E-02 -0.1355216E-01 -0.1974461E-01 -0.3054647E-01 -0.3054647E-01 -0.7232022E-01 -0.8999816E-01 -0.1078013 -0.1267571 -0.1478637 -0.1722371 -0.2011708 -0.2362082 -0.2792928 -0.3331054 -0.4018323 -0.4930404 -0.6209595 -0.8396137 -0.8396137 -0.6613251 -0.5098930 -0.2167734 -0.1065843 -0.1065843 0.2127775E-01 0.2127775E-01 0.5812786E-01 0.5812786E-01 0.3783372E-01 -0.6644075E-02 -0.6644075E-02 0.6959013E-02 0.6959013E-02 0.1238026E-01 0.1238026E-01 0.1238026E-01 0.9924960E-02 0.9924960E-02 0.7569305E-02 0.7569305E-02 0.7272205E-02 0.7272205E-02 0.4763704E-02 0.4763704E-02 0.3281560E-02 0.3281560E-02 0.3281560E-02
-0.5170786E-02 -0.5170786E-02 -0.5483284E-02 -0.5903365E-02 -0.6212418E-02 -0.6212418E-02 -0.6677986E-02 -0.8405218E-02 -0.8405218E-02 -0.1212947E-01 -0.1212947E-01 -0.2031670E-01 -0.2784465E-01 -0.3959027E-01 -0.5803879E-01 -0.5803879E-01 -0.1145595 -0.1381981 -0.1601363 -0.1808667 -0.2011003 -0.2219608 -0.2450257 -0.2722933 -0.3061406 -0.3493334 -0.4051630 -0.4777621 -0.5710218 -0.6885747 -0.6885747 -0.5079386 -0.3650138 -0.1457401 -0.6350393E-01 -0.6350393E-01 0.5936382E-01 0.5936382E-01 0.1267959 0.1267959 0.1109006 0.5331575E-02 0.5331575E-02 0.1806288E-01 0.1806288E-01 0.2609744E-01 0.2609744E-01 0.2609744E-01 0.2086197E-01 0.2086197E-01 0.1602958E-01 0.1602958E-01 0.1133280E-01 0.1133280E-01 0.9537899E-02 0.9537899E-02 0.7050191E-02 0.7050191E-02 0.7050191E-02
-0.4604162E-02 -0.4604162E-02 -0.4912254E-02 -0.5612358E-02 -0.6179241E-02 -0.6179241E-02 -0.7009650E-02 -0.9981817E-02 -0.9981817E-02 -0.1616181E-01 -0.1616181E-01 -0.2884803E-01 -0.3948918E-01 -0.5455218E-01 -0.7557949E-01 -0.7557949E-01 -0.1351002 -0.1645610 -0.1931189 -0.2203672 -0.2461646 -0.2707970 -0.2950829 -0.3204174 -0.3487562 -0.3825304 -0.4244753 -0.4772826 -0.5417531 -0.6110690 -0.6110690 -0.4998329 -0.3931013 -0.2057006 -0.1229830 -0.1229830 0.3125088E-01 0.3125088E-01 0.1566242 0.1566242 0.1814521 0.6782602E-01 0.6782602E-01 0.3777011E-01 0.3777011E-01 0.3588317E-01 0.3588317E-01 0.3588317E-01 0.3061097E-01 0.3061097E-01 0.2383579E-01 0.2383579E-01 0.1415864E-01 0.1415864E-01 0.1260936E-01 0.1260936E-01 0.9393395E-02 0.9393395E-02 0.9393395E-02
-0.3982855E-02 -0.3982855E-02 -0.4292408E-02 -0.5202749E-02 -0.5973282E-02 -0.5973282E-02 -0.7094681E-02 -0.1104150E-01 -0.1104150E-01 -0.1901840E-01 -0.1901840E-01 -0.3463231E-01 -0.4708139E-01 -0.6389152E-01 -0.8608847E-01 -0.8608847E-01 -0.1469672 -0.1799759 -0.2132570 -0.2459609 -0.2774457 -0.3073808 -0.3358459 -0.3634039 -0.3911301 -0.4205597 -0.4535021 -0.4915737 -0.5344890 -0.5746087 -0.5746087 -0.5015272 -0.4194695 -0.2529077 -0.1677126 -0.1677126 0.7381105E-02 0.7381105E-02 0.1581815 0.1581815 0.2051002 0.1524610 0.1524610 0.7196549E-01 0.7196549E-01 0.4396535E-01 0.4396535E-01 0.4396535E-01 0.3705845E-01 0.3705845E-01 0.2835208E-01 0.2835208E-01 0.1711767E-01 0.1711767E-01 0.1250405E-01 0.1250405E-01 0.8314494E-02 0.8314494E-02 0.8314494E-02
-0.3324335E-02 -0.3324335E-02 -0.3636427E-02 -0.4709322E-02 -0.5638228E-02 -0.5638228E-02 -0.6983660E-02 -0.1165474E-01 -0.1165474E-01 -0.2087625E-01 -0.2087625E-01 -0.3834229E-01 -0.5186497E-01 -0.6970144E-01 -0.9267465E-01 -0.9267465E-01 -0.1552915 -0.1908800 -0.2275543 -0.2642789 -0.3002096 -0.3347191 -0.3674459 -0.3983519 -0.4277538 -0.4562913 -0.4847759 -0.5138001 -0.5424378 -0.5643215 -0.5643215 -0.5112576 -0.4435810 -0.2840404 -0.1927325 -0.1927325 -0.4550707E-02 -0.4550707E-02 0.1483037 0.1483037 0.2004164 0.2082364 0.2082364 0.1204165 0.1204165 0.5742641E-01 0.5742641E-01 0.5742641E-01 0.4235155E-01 0.4235155E-01 0.3015852E-01 0.3015852E-01 0.1730816E-01 0.1730816E-01 0.9953761E-02 0.9953761E-02 0.4823512E-02 0.4823512E-02 0.4823512E-02
-0.2623613E-02 -0.2623613E-02 -0.2931962E-02 -0.4115176E-02 -0.5153092E-02 -0.5153092E-02 -0.6650061E-02 -0.1178679E-01 -0.1178679E-01 -0.2173986E-01 -0.2173986E-01 -0.4019289E-01 -0.5427285E-01 -0.7270133E-01 -0.9634360E-01 -0.9634360E-01 -0.1619255 -0.2001176 -0.2397901 -0.2797797 -0.3191743 -0.3572581 -0.3934893 -0.4275071 -0.4591331 -0.4883209 -0.5150210 -0.5389053 -0.5584779 -0.5685404 -0.5685404 -0.5244307 -0.4619713 -0.2947204 -0.1960220 -0.1960220 -0.7319848E-02 -0.7319848E-02 0.1332106 0.1332106 0.1826640 0.2231627 0.2231627 0.1665993 0.1665993 0.7642306E-01 0.7642306E-01 0.7642306E-01 0.4892761E-01 0.4892761E-01 0.3095547E-01 0.3095547E-01 0.1571452E-01 0.1571452E-01 0.5927963E-02 0.5927963E-02 -0.9735882E-04 -0.9735882E-04 -0.9735882E-04
-0.1875059E-02 -0.1875059E-02 -0.2170276E-02 -0.3408666E-02 -0.4504416E-02 -0.4504416E-02 -0.6078703E-02 -0.1142611E-01 -0.1142611E-01 -0.2163714E-01 -0.2163714E-01 -0.4032530E-01 -0.5452517E-01 -0.7317794E-01 -0.9740937E-01 -0.9740937E-01 -0.1676526 -0.2090509 -0.2519865 -0.2951404 -0.3375648 -0.3785533 -0.4175478 -0.4540808 -0.4877198 -0.5179470 -0.5439798 -0.5646197 -0.5777200 -0.5785273 -0.5785273 -0.5350589 -0.4689105 -0.2834290 -0.1817078 -0.1817078 -0.7071331E-02 -0.7071331E-02 0.1150509 0.1150509 0.1593592 0.2114348 0.2114348 0.1924022 0.1924022 0.9877984E-01 0.9877984E-01 0.9877984E-01 0.5829823E-01 0.5829823E-01 0.3243706E-01 0.3243706E-01 0.1352383E-01 0.1352383E-01 0.1289197E-02 0.1289197E-02 -0.5598770E-02 -0.5598770E-02 -0.5598770E-02
-0.1074573E-02 -0.1074573E-02 -0.1346345E-02 -0.2584218E-02 -0.3687306E-02 -0.3687306E-02 -0.5266526E-02 -0.1058440E-01 -0.1058440E-01 -0.2062456E-01 -0.2062456E-01 -0.3887296E-01 -0.5277873E-01 -0.7126166E-01 -0.9591181E-01 -0.9591181E-01 -0.1730212 -0.2185912 -0.2654600 -0.3121195 -0.3575867 -0.4012034 -0.4424835 -0.4809936 -0.5162246 -0.5473224 -0.5727500 -0.5902998 -0.5969250 -0.5875058 -0.5875058 -0.5363563 -0.4578721 -0.2550862 -0.1589044 -0.1589044 -0.7919658E-02 -0.7919658E-02 0.9556836E-01 0.9556836E-01 0.1343855 0.1875078 0.1875078 0.1940306 0.1940306 0.1182480 0.1182480 0.1182480 0.6949282E-01 0.6949282E-01 0.3551256E-01 0.3551256E-01 0.1187536E-01 0.1187536E-01 -0.3061572E-02 -0.3061572E-02 -0.1088094E-01 -0.1088094E-01 -0.1088094E-01
-0.2208679E-03 -0.2208679E-03 -0.4585405E-03 -0.1641980E-02 -0.2704520E-02 -0.2704520E-02 -0.4221212E-02 -0.9291107E-02 -0.9291107E-02 -0.1878073E-01 -0.1878073E-01 -0.3598054E-01 -0.4918386E-01 -0.6703708E-01 -0.9176015E-01 -0.9176015E-01 -0.1787024 -0.2296867 -0.2814129 -0.3321831 -0.3809862 -0.4272368 -0.4705711 -0.5106801 -0.5471033 -0.5786661 -0.6027492 -0.6156719 -0.6130996 -0.5892582 -0.5892582 -0.5219083 -0.4258558 -0.2198702 -0.1359281 -0.1359281 -0.1032409E-01 -0.1032409E-01 0.7649634E-01 0.7649634E-01 0.1099462 0.1593297 0.1593297 0.1784709 0.1784709 0.1285116 0.1285116 0.1285116 0.7933469E-01 0.7933469E-01 0.3975360E-01 0.3975360E-01 0.1145831E-01 0.1145831E-01 -0.6294572E-02 -0.6294572E-02 -0.1512036E-01 -0.1512036E-01 -0.1512036E-01
0.6844294E-03 0.6844294E-03 0.4913355E-03 -0.5872928E-03 -0.1565642E-02 -0.1565642E-02 -0.2958919E-02 -0.7588741E-02 -0.7588741E-02 -0.1620013E-01 -0.1620013E-01 -0.3181234E-01 -0.4391817E-01 -0.6062220E-01 -0.8484795E-01 -0.8484795E-01 -0.1857456 -0.2436242 -0.3012960 -0.3569258 -0.4095007 -0.4585337 -0.5038251 -0.5452628 -0.5825443 -0.6140293 -0.6351076 -0.6397722 -0.6223436 -0.5774812 -0.5774812 -0.4878086 -0.3782085 -0.1881544 -0.1160891 -0.1160891 -0.1261715E-01 -0.1261715E-01 0.5918738E-01 0.5918738E-01 0.8729650E-01 0.1306240 0.1306240 0.1538452 0.1538452 0.1268643 0.1268643 0.1268643 0.8416319E-01 0.8416319E-01 0.4351370E-01 0.4351370E-01 0.1222697E-01 0.1222697E-01 -0.7827004E-02 -0.7827004E-02 -0.1753761E-01 -0.1753761E-01 -0.1753761E-01
0.1636214E-02 0.1636214E-02 0.1498675E-02 0.5702074E-03 -0.2856181E-03 -0.2856181E-03 -0.1502715E-02 -0.5528643E-02 -0.5528643E-02 -0.1298739E-01 -0.1298739E-01 -0.2655269E-01 -0.3720453E-01 -0.5224241E-01 -0.7527960E-01 -0.7527960E-01 -0.1959103 -0.2623390 -0.3271306 -0.3884320 -0.4452561 -0.4972366 -0.5443848 -0.5868593 -0.6246673 -0.6553053 -0.6701577 -0.6601938 -0.6203167 -0.5486127 -0.5486127 -0.4366090 -0.3244879 -0.1602258 -0.1000821 -0.1000821 -0.1349012E-01 -0.1349012E-01 0.4418354E-01 0.4418354E-01 0.6686487E-01 0.1029191 0.1029191 0.1254094 0.1254094 0.1143966 0.1143966 0.1143966 0.8163041E-01 0.8163041E-01 0.4468736E-01 0.4468736E-01 0.1343389E-01 0.1343389E-01 -0.7472847E-02 -0.7472847E-02 -0.1755827E-01 -0.1755827E-01 -0.1755827E-01
