cruce_test.gid/Rasters/Hydraulic/Velocity__x_284.0.asc
NCOLS        79
NROWS        79
XLLCENTER         -1.500000
YLLCENTER         -4.800000
CELLSIZE           0.100
NODATA_VALUE     -9999.0
[rows 0 to 25 of 79, columns 0 to 57 of 79]
-9999.000 -9999.000 -9999.000 -9999.000 -9999.000 -9999.000 -9999.000 -9999.000 -9999.000 -9999.000 -9999.000 -9999.000 -9999.000 -9999.000 -9999.000 -0.4223497E-03 0.8700842E-03 0.4471316E-02 0.8633249E-02 0.1241465E-01 0.1539487E-01 0.1745769E-01 0.1859853E-01 0.1889800E-01 0.1845881E-01 0.1735930E-01 0.1564958E-01 0.1321408E-01 0.9363661E-02 0.4598827E-02 0.4598827E-02 -9999.000 -9999.000 -9999.000 -9999.000 -9999.000 -9999.000 -9999.000 -9999.000 -9999.000 -9999.000 -9999.000 -9999.000 -9999.000 -9999.000 -9999.000 -9999.000 -9999.000 -9999.000 -9999.000 -9999.000 -9999.000 -9999.000 -9999.000 -9999.000 -9999.000 -9999.000 -9999.000
-9999.000 -9999.000 -9999.000 -9999.000 -9999.000 -9999.000 -9999.000 -9999.000 -9999.000 -9999.000 -9999.000 -9999.000 -9999.000 -9999.000 -9999.000 0.8065056E-03 0.3313154E-02 0.8018000E-02 0.1317501E-01 0.1785821E-01 0.2160202E-01 0.2422739E-01 0.2567672E-01 0.2598874E-01 0.2523963E-01 0.2349911E-01 0.2082432E-01 0.1713879E-01 0.1188378E-01 0.5817946E-02 0.5817946E-02 -9999.000 -9999.000 -9999.000 -9999.000 -9999.000 -9999.000 -9999.000 -9999.000 -9999.000 -9999.000 -9999.000 -9999.000 -9999.000 -9999.000 -9999.000 -9999.000 -9999.000 -9999.000 -9999.000 -9999.000 -9999.000 -9999.000 -9999.000 -9999.000 -9999.000 -9999.000 -9999.000
-9999.000 -9999.000 -9999.000 -9999.000 -9999.000 -9999.000 -9999.000 -9999.000 -9999.000 -9999.000 -9999.000 -9999.000 -9999.000 -9999.000 -9999.000 0.1334150E-02 0.4443438E-02 0.9824756E-02 0.1560849E-01 0.2082960E-01 0.2499766E-01 0.2791597E-01 0.2951341E-01 0.2982212E-01 0.2891666E-01 0.2687103E-01 0.2375312E-01 0.1949887E-01 0.1354405E-01 0.6668911E-02 0.6668911E-02 -9999.000 -9999.000 -9999.000 -9999.000 -9999.000 -9999.000 -9999.000 -9999.000 -9999.000 -9999.000 -9999.000 -9999.000 -9999.000 -9999.000 -9999.000 -9999.000 -9999.000 -9999.000 -9999.000 -9999.000 -9999.000 -9999.000 -9999.000 -9999.000 -9999.000 -9999.000 -9999.000
-9999.000 -9999.000 -9999.000 -9999.000 -9999.000 -9999.000 -9999.000 -9999.000 -9999.000 -9999.000 -9999.000 -9999.000 -9999.000 -9999.000 -9999.000 0.1635066E-02 0.5105428E-02 0.1091289E-01 0.1710142E-01 0.2267317E-01 0.2712035E-01 0.3023642E-01 0.3194442E-01 0.3227478E-01 0.3130338E-01 0.2910592E-01 0.2575588E-01 0.2118804E-01 0.1480847E-01 0.7347004E-02 0.7347004E-02 -9999.000 -9999.000 -9999.000 -9999.000 -9999.000 -9999.000 -9999.000 -9999.000 -9999.000 -9999.000 -9999.000 -9999.000 -9999.000 -9999.000 -9999.000 -9999.000 -9999.000 -9999.000 -9999.000 -9999.000 -9999.000 -9999.000 -9999.000 -9999.000 -9999.000 -9999.000 -9999.000
-9999.000 -9999.000 -9999.000 -9999.000 -9999.000 -9999.000 -9999.000 -9999.000 -9999.000 -9999.000 -9999.000 -9999.000 -9999.000 -9999.000 -9999.000 0.1853039E-02 0.5591375E-02 0.1172164E-01 0.1822027E-01 0.2406203E-01 0.2872648E-01 0.3200269E-01 0.3380970E-01 0.3417902E-01 0.3318739E-01 0.3091159E-01 0.2742619E-01 0.2265886E-01 0.1597228E-01 0.7995152E-02 0.7995152E-02 -9999.000 -9999.000 -9999.000 -9999.000 -9999.000 -9999.000 -9999.000 -9999.000 -9999.000 -9999.000 -9999.000 -9999.000 -9999.000 -9999.000 -9999.000 -9999.000 -9999.000 -9999.000 -9999.000 -9999.000 -9999.000 -9999.000 -9999.000 -9999.000 -9999.000 -9999.000 -9999.000
-9999.000 -9999.000 -9999.000 -9999.000 -9999.000 -9999.000 -9999.000 -9999.000 -9999.000 -9999.000 -9999.000 -9999.000 -9999.000 -9999.000 -9999.000 0.2051509E-02 0.6032797E-02 0.1245289E-01 0.1922890E-01 0.2531105E-01 0.3017060E-01 0.3359481E-01 0.3550041E-01 0.3592107E-01 0.3493522E-01 0.3261886E-01 0.2904754E-01 0.2413701E-01 0.1719226E-01 0.8693178E-02 0.8693178E-02 -9999.000 -9999.000 -9999.000 -9999.000 -9999.000 -9999.000 -9999.000 -9999.000 -9999.000 -9999.000 -9999.000 -9999.000 -9999.000 -9999.000 -9999.000 -9999.000 -9999.000 -9999.000 -9999.000 -9999.000 -9999.000 -9999.000 -9999.000 -9999.000 -9999.000 -9999.000 -9999.000
-9999.000 -9999.000 -9999.000 -9999.000 -9999.000 -9999.000 -9999.000 -9999.000 -9999.000 -9999.000 -9999.000 -9999.000 -9999.000 -9999.000 -9999.000 0.2260581E-02 0.6492125E-02 0.1320324E-01 0.2025312E-01 0.2657093E-01 0.3162252E-01 0.3519532E-01 0.3720569E-01 0.3769057E-01 0.3672948E-01 0.3439787E-01 0.3077092E-01 0.2574858E-01 0.1856387E-01 0.9493981E-02 0.9493981E-02 -9999.000 -9999.000 -9999.000 -9999.000 -9999.000 -9999.000 -9999.000 -9999.000 -9999.000 -9999.000 -9999.000 -9999.000 -9999.000 -9999.000 -9999.000 -9999.000 -9999.000 -9999.000 -9999.000 -9999.000 -9999.000 -9999.000 -9999.000 -9999.000 -9999.000 -9999.000 -9999.000
-9999.000 -9999.000 -9999.000 -9999.000 -9999.000 -9999.000 -9999.000 -9999.000 -9999.000 -9999.000 -9999.000 -9999.000 -9999.000 -9999.000 -9999.000 0.2496413E-02 0.7002638E-02 0.1402266E-01 0.2135886E-01 0.2792053E-01 0.3317143E-01 0.3690149E-01 0.3902748E-01 0.3959134E-01 0.3867402E-01 0.3634974E-01 0.3269257E-01 0.2758229E-01 0.2016491E-01 0.1044350E-01 0.1044350E-01 -9999.000 -9999.000 -9999.000 -9999.000 -9999.000 -9999.000 -9999.000 -9999.000 -9999.000 -9999.000 -9999.000 -9999.000 -9999.000 -9999.000 -9999.000 -9999.000 -9999.000 -9999.000 -9999.000 -9999.000 -9999.000 -9999.000 -9999.000 -9999.000 -9999.000 -9999.000 -9999.000
-9999.000 -9999.000 -9999.000 -9999.000 -9999.000 -9999.000 -9999.000 -9999.000 -9999.000 -9999.000 -9999.000 -9999.000 -9999.000 -9999.000 -9999.000 0.2769313E-02 0.7585435E-02 0.1494427E-01 0.2258859E-01 0.2941062E-01 0.3487549E-01 0.3877809E-01 0.4103593E-01 0.4169785E-01 0.4084691E-01 0.3855512E-01 0.3489540E-01 0.2972285E-01 0.2207709E-01 0.1159486E-01 0.1159486E-01 -9999.000 -9999.000 -9999.000 -9999.000 -9999.000 -9999.000 -9999.000 -9999.000 -9999.000 -9999.000 -9999.000 -9999.000 -9999.000 -9999.000 -9999.000 -9999.000 -9999.000 -9999.000 -9999.000 -9999.000 -9999.000 -9999.000 -9999.000 -9999.000 -9999.000 -9999.000 -9999.000
-9999.000 -9999.000 -9999.000 -9999.000 -9999.000 -9999.000 -9999.000 -9999.000 -9999.000 -9999.000 -9999.000 -9999.000 -9999.000 -9999.000 -9999.000 0.3088078E-02 0.8259187E-02 0.1599584E-01 0.2397867E-01 0.3108518E-01 0.3678536E-01 0.4088132E-01 0.4329370E-01 0.4407973E-01 0.4332450E-01 0.4109761E-01 0.3747126E-01 0.3226979E-01 0.2440364E-01 0.1301536E-01 0.1301536E-01 -9999.000 -9999.000 -9999.000 -9999.000 -9999.000 -9999.000 -9999.000 -9999.000 -9999.000 -9999.000 -9999.000 -9999.000 -9999.000 -9999.000 -9999.000 -9999.000 -9999.000 -9999.000 -9999.000 -9999.000 -9999.000 -9999.000 -9999.000 -9999.000 -9999.000 -9999.000 -9999.000
-9999.000 -9999.000 -9999.000 -9999.000 -9999.000 -9999.000 -9999.000 -9999.000 -9999.000 -9999.000 -9999.000 -9999.000 -9999.000 -9999.000 -9999.000 0.3462537E-02 0.9043499E-02 0.1720772E-01 0.2556903E-01 0.3299268E-01 0.3895761E-01 0.4327691E-01 0.4587463E-01 0.4681930E-01 0.4619924E-01 0.4408186E-01 0.4053769E-01 0.3535444E-01 0.2728584E-01 0.1480039E-01 0.1480039E-01 -9999.000 -9999.000 -9999.000 -9999.000 -9999.000 -9999.000 -9999.000 -9999.000 -9999.000 -9999.000 -9999.000 -9999.000 -9999.000 -9999.000 -9999.000 -9999.000 -9999.000 -9999.000 -9999.000 -9999.000 -9999.000 -9999.000 -9999.000 -9999.000 -9999.000 -9999.000 -9999.000
-9999.000 -9999.000 -9999.000 -9999.000 -9999.000 -9999.000 -9999.000 -9999.000 -9999.000 -9999.000 -9999.000 -9999.000 -9999.000 -9999.000 -9999.000 0.3903669E-02 0.9963054E-02 0.1861863E-01 0.2741116E-01 0.3519591E-01 0.4146617E-01 0.4604950E-01 0.4887610E-01 0.5002841E-01 0.4959897E-01 0.4765274E-01 0.4426062E-01 0.3916499E-01 0.3092951E-01 0.1708894E-01 0.1708894E-01 -9999.000 -9999.000 -9999.000 -9999.000 -9999.000 -9999.000 -9999.000 -9999.000 -9999.000 -9999.000 -9999.000 -9999.000 -9999.000 -9999.000 -9999.000 -9999.000 -9999.000 -9999.000 -9999.000 -9999.000 -9999.000 -9999.000 -9999.000 -9999.000 -9999.000 -9999.000 -9999.000
-9999.000 -9999.000 -9999.000 -9999.000 -9999.000 -9999.000 -9999.000 -9999.000 -9999.000 -9999.000 -9999.000 -9999.000 -9999.000 -9999.000 -9999.000 0.4431263E-02 0.1105849E-01 0.2029177E-01 0.2958702E-01 0.3779357E-01 0.4442544E-01 0.4932932E-01 0.5244413E-01 0.5387206E-01 0.5371079E-01 0.5202435E-01 0.4888549E-01 0.4398241E-01 0.3564535E-01 0.2009226E-01 0.2009226E-01 -9999.000 -9999.000 -9999.000 -9999.000 -9999.000 -9999.000 -9999.000 -9999.000 -9999.000 -9999.000 -9999.000 -9999.000 -9999.000 -9999.000 -9999.000 -9999.000 -9999.000 -9999.000 -9999.000 -9999.000 -9999.000 -9999.000 -9999.000 -9999.000 -9999.000 -9999.000 -9999.000
-9999.000 -9999.000 -9999.000 -9999.000 -9999.000 -9999.000 -9999.000 -9999.000 -9999.000 -9999.000 -9999.000 -9999.000 -9999.000 -9999.000 -9999.000 0.5578238E-02 0.1343828E-01 0.2384368E-01 0.3362454E-01 0.4219336E-01 0.4910413E-01 0.5424073E-01 0.5756947E-01 0.5922655E-01 0.5932083E-01 0.5791738E-01 0.5509233E-01 0.5046473E-01 0.4207287E-01 0.2423557E-01 0.2423557E-01 -9999.000 -9999.000 -9999.000 -9999.000 -9999.000 -9999.000 -9999.000 -9999.000 -9999.000 -9999.000 -9999.000 -9999.000 -9999.000 -9999.000 -9999.000 -9999.000 -9999.000 -9999.000 -9999.000 -9999.000 -9999.000 -9999.000 -9999.000 -9999.000 -9999.000 -9999.000 -9999.000
-9999.000 -9999.000 -9999.000 -9999.000 -9999.000 -9999.000 -9999.000 -9999.000 -9999.000 -9999.000 -9999.000 -9999.000 -9999.000 -9999.000 -9999.000 0.6938346E-01 0.1050086 0.1203668 0.1129263 0.1042087 0.9697720E-01 0.9011818E-01 0.8364576E-01 0.7761739E-01 0.7184568E-01 0.6617652E-01 0.6042062E-01 0.5387479E-01 0.4413516E-01 0.2177858E-01 0.2177858E-01 -9999.000 -9999.000 -9999.000 -9999.000 -9999.000 -9999.000 -9999.000 -9999.000 -9999.000 -9999.000 -9999.000 -9999.000 -9999.000 -9999.000 -9999.000 -9999.000 -9999.000 -9999.000 -9999.000 -9999.000 -9999.000 -9999.000 -9999.000 -9999.000 -9999.000 -9999.000 -9999.000
2.792772 2.792772 2.790017 2.808419 2.827403 2.827403 2.830049 2.829735 2.829735 2.826182 2.826182 2.820360 2.816800 2.812898 2.808928 2.808928 2.930264 2.933791 2.934865 2.916505 2.876043 2.813901 2.728902 2.620189 2.491653 2.344116 2.181697 2.014051 1.866402 1.806888 1.806888 2.655859 2.831492 2.930145 2.954159 2.954159 2.984749 2.984749 2.962348 2.962348 2.915267 2.726032 2.726032 2.315244 2.315244 2.043690 2.043690 2.043690 2.034955 2.034955 2.069707 2.069707 2.118302 2.118302 2.168077 2.168077 2.212013 2.212013
2.815445 2.815445 2.820894 2.861820 2.887704 2.887704 2.902186 2.924456 2.924456 2.943000 2.943000 2.959049 2.966351 2.973263 2.980045 2.980045 3.070688 3.087710 3.102580 3.112331 3.116133 3.112757 3.099631 3.073668 3.033167 2.975674 2.900070 2.807689 2.705735 2.631214 2.631214 3.089380 3.249763 3.401884 3.442604 3.442604 3.487929 3.487929 3.486495 3.486495 3.463205 3.355491 3.355491 3.129917 3.129917 2.871485 2.871485 2.871485 2.860900 2.860900 2.897654 2.897654 2.949360 2.949360 3.001684 3.001684 3.048764 3.048764
2.819729 2.819729 2.823183 2.863515 2.887285 2.887285 2.902487 2.925724 2.925724 2.944933 2.944933 2.961683 2.969372 2.976697 2.983943 2.983943 3.065572 3.094059 3.119840 3.141509 3.158510 3.170572 3.176910 3.176190 3.167412 3.148842 3.118851 3.076961 3.026425 2.988887 2.988887 3.252580 3.409042 3.588066 3.639606 3.639606 3.691452 3.691452 3.679422 3.679422 3.648599 3.545390 3.545390 3.391169 3.391169 3.166425 3.166425 3.166425 3.139887 3.139887 3.164934 3.164934 3.208334 3.208334 3.254534 3.254534 3.297002 3.297002
2.821832 2.821832 2.822488 2.863871 2.886250 2.886250 2.901884 2.925670 2.925670 2.944973 2.944973 2.961730 2.969428 2.976764 2.984081 2.984081 3.060571 3.098839 3.134811 3.166365 3.192473 3.212784 3.227042 3.234872 3.236150 3.230449 3.217188 3.196238 3.169681 3.151392 3.151392 3.312947 3.452234 3.639829 3.697151 3.697151 3.746171 3.746171 3.712735 3.712735 3.672151 3.578482 3.578482 3.481118 3.481118 3.307512 3.307512 3.307512 3.267328 3.267328 3.278733 3.278733 3.313790 3.313790 3.355182 3.355182 3.394510 3.394510
2.818981 2.818981 2.827899 2.863934 2.885441 2.885441 2.901406 2.925714 2.925714 2.945115 2.945115 2.961858 2.969542 2.976868 2.984256 2.984256 3.059764 3.106523 3.151743 3.192336 3.226802 3.254522 3.275244 3.288821 3.295374 3.295032 3.287924 3.274505 3.256698 3.244146 3.244146 3.343930 3.459345 3.637753 3.691446 3.691446 3.717257 3.717257 3.656010 3.656010 3.614291 3.550806 3.550806 3.506992 3.506992 3.393244 3.393244 3.393244 3.346844 3.346844 3.343657 3.343657 3.367872 3.367872 3.402799 3.402799 3.438049 3.438049
2.818954 2.818954 2.831089 2.863902 2.884797 2.884797 2.900962 2.925668 2.925668 2.945146 2.945146 2.961875 2.969548 2.976864 2.984363 2.984363 3.064021 3.118594 3.172118 3.220757 3.262714 3.297189 3.323861 3.342626 3.353603 3.357040 3.353294 3.343030 3.328007 3.315168 3.315168 3.373224 3.461174 3.610178 3.645780 3.645780 3.624823 3.624823 3.549978 3.549978 3.523156 3.505879 3.505879 3.507460 3.507460 3.451130 3.451130 3.451130 3.408340 3.408340 3.393537 3.393537 3.405320 3.405320 3.431424 3.431424 3.460683 3.460683
2.818949 2.818949 2.832970 2.863899 2.884415 2.884415 2.900684 2.925636 2.925636 2.945164 2.945164 2.961884 2.969552 2.976864 2.984532 2.984532 3.074309 3.136577 3.197570 3.253159 3.301486 3.341732 3.373575 3.396933 3.411904 3.418717 3.417729 3.409568 3.395666 3.380889 3.380889 3.409448 3.468172 3.560853 3.558384 3.558384 3.482845 3.482845 3.431294 3.431294 3.431623 3.461112 3.461112 3.496361 3.496361 3.488686 3.488686 3.488686 3.457858 3.457858 3.437494 3.437494 3.437603 3.437603 3.453172 3.453172 3.474415 3.474415
2.818948 2.818948 2.833591 2.863902 2.884289 2.884289 2.900588 2.925624 2.925624 2.945171 2.945171 2.961889 2.969554 2.976864 2.984771 2.984771 3.091694 3.161933 3.229668 3.291026 3.344394 3.389126 3.425014 3.452054 3.470351 3.480105 3.481607 3.475348 3.462354 3.445662 3.445662 3.452529 3.479488 3.474696 3.416594 3.416594 3.319219 3.319219 3.326713 3.326713 3.354605 3.419963 3.419963 3.478399 3.478399 3.509417 3.509417 3.509417 3.495338 3.495338 3.476197 3.476197 3.467669 3.467669 3.472272 3.472272 3.483830 3.483830
2.818949 2.818949 2.832971 2.863899 2.884415 2.884415 2.900684 2.925635 2.925635 2.945165 2.945165 2.961884 2.969552 2.976863 2.985108 2.985108 3.117670 3.196352 3.270103 3.335916 3.392765 3.440397 3.478863 3.508315 3.528933 3.540910 3.544465 3.539932 3.527877 3.509324 3.509324 3.497553 3.483551 3.325805 3.221578 3.221578 3.172617 3.172617 3.248009 3.248009 3.294862 3.382810 3.382810 3.456725 3.456725 3.517192 3.517192 3.517192 3.520852 3.520852 3.508309 3.508309 3.495490 3.495490 3.490140 3.490140 3.491027 3.491027
2.818954 2.818954 2.831090 2.863902 2.884796 2.884796 2.900962 2.925669 2.925669 2.945146 2.945146 2.961874 2.969548 2.976864 2.985582 2.985582 3.154441 3.241959 3.320771 3.389421 3.447866 3.496482 3.535723 3.565991 3.587591 3.600750 3.605644 3.602441 3.591075 3.569204 3.569204 3.532919 3.450341 3.106782 3.012486 3.012486 3.066106 3.066106 3.187059 3.187059 3.244272 3.345721 3.345721 3.430516 3.430516 3.513149 3.513149 3.513149 3.533087 3.533087 3.530156 3.530156 3.517236 3.517236 3.504151 3.504151 3.494435 3.494435
2.818981 2.818981 2.827900 2.863933 2.885440 2.885440 2.901405 2.925715 2.925715 2.945115 2.945115 2.961857 2.969543 2.976868 2.986244 2.986244 3.205322 3.301526 3.383821 3.453112 3.510769 3.558036 3.595901 3.625073 3.646030 3.659058 3.664307 3.661752 3.649969 3.617931 3.617931 3.528635 3.322800 2.864882 2.848922 2.848922 2.991638 2.991638 3.133631 3.133631 3.196089 3.306006 3.306006 3.398768 3.398768 3.497713 3.497713 3.497713 3.531134 3.531134 3.538443 3.538443 3.528269 3.528269 3.510127 3.510127 3.490806 3.490806
