cruce_test.gid/Rasters/Hydraulic/Velocity__x_182.0.asc
NCOLS        79
NROWS        79
XLLCENTER         -1.500000
YLLCENTER         -4.800000
CELLSIZE           0.100
NODATA_VALUE     -9999.0
[rows 0 to 25 of 79, columns 0 to 57 of 79]
-9999.000 -9999.000 -9999.000 -9999.000 -9999.000 -9999.000 -9999.000 -9999.000 -9999.000 -9999.000 -9999.000 -9999.000 -9999.000 -9999.000 -9999.000 -0.9290902E-03 -0.2039530E-03 0.2947046E-02 0.7069813E-02 0.1111173E-01 0.1438446E-01 0.1669064E-01 0.1800916E-01 0.1839850E-01 0.1797970E-01 0.1686188E-01 0.1510689E-01 0.1264490E-01 0.8890355E-02 0.4348211E-02 0.4348211E-02 -9999.000 -9999.000 -9999.000 -9999.000 -9999.000 -9999.000 -9999.000 -9999.000 -9999.000 -9999.000 -9999.000 -9999.000 -9999.000 -9999.000 -9999.000 -9999.000 -9999.000 -9999.000 -9999.000 -9999.000 -9999.000 -9999.000 -9999.000 -9999.000 -9999.000 -9999.000 -9999.000
-9999.000 -9999.000 -9999.000 -9999.000 -9999.000 -9999.000 -9999.000 -9999.000 -9999.000 -9999.000 -9999.000 -9999.000 -9999.000 -9999.000 -9999.000 0.2330145E-03 0.2117090E-02 0.6321323E-02 0.1138610E-01 0.1628215E-01 0.2029585E-01 0.2316420E-01 0.2480585E-01 0.2523381E-01 0.2453854E-01 0.2281781E-01 0.2014157E-01 0.1647744E-01 0.1136090E-01 0.5545749E-02 0.5545749E-02 -9999.000 -9999.000 -9999.000 -9999.000 -9999.000 -9999.000 -9999.000 -9999.000 -9999.000 -9999.000 -9999.000 -9999.000 -9999.000 -9999.000 -9999.000 -9999.000 -9999.000 -9999.000 -9999.000 -9999.000 -9999.000 -9999.000 -9999.000 -9999.000 -9999.000 -9999.000 -9999.000
-9999.000 -9999.000 -9999.000 -9999.000 -9999.000 -9999.000 -9999.000 -9999.000 -9999.000 -9999.000 -9999.000 -9999.000 -9999.000 -9999.000 -9999.000 0.7094131E-03 0.3151830E-02 0.8003657E-02 0.1368471E-01 0.1912209E-01 0.2356627E-01 0.2673499E-01 0.2853287E-01 0.2896496E-01 0.2812074E-01 0.2610290E-01 0.2299149E-01 0.1876827E-01 0.1296815E-01 0.6368536E-02 0.6368536E-02 -9999.000 -9999.000 -9999.000 -9999.000 -9999.000 -9999.000 -9999.000 -9999.000 -9999.000 -9999.000 -9999.000 -9999.000 -9999.000 -9999.000 -9999.000 -9999.000 -9999.000 -9999.000 -9999.000 -9999.000 -9999.000 -9999.000 -9999.000 -9999.000 -9999.000 -9999.000 -9999.000
-9999.000 -9999.000 -9999.000 -9999.000 -9999.000 -9999.000 -9999.000 -9999.000 -9999.000 -9999.000 -9999.000 -9999.000 -9999.000 -9999.000 -9999.000 0.9602350E-03 0.3723338E-02 0.8980185E-02 0.1506754E-01 0.2087067E-01 0.2560828E-01 0.2898620E-01 0.3090275E-01 0.3136010E-01 0.3045036E-01 0.2827981E-01 0.2493381E-01 0.2039612E-01 0.1417961E-01 0.7016713E-02 0.7016713E-02 -9999.000 -9999.000 -9999.000 -9999.000 -9999.000 -9999.000 -9999.000 -9999.000 -9999.000 -9999.000 -9999.000 -9999.000 -9999.000 -9999.000 -9999.000 -9999.000 -9999.000 -9999.000 -9999.000 -9999.000 -9999.000 -9999.000 -9999.000 -9999.000 -9999.000 -9999.000 -9999.000
-9999.000 -9999.000 -9999.000 -9999.000 -9999.000 -9999.000 -9999.000 -9999.000 -9999.000 -9999.000 -9999.000 -9999.000 -9999.000 -9999.000 -9999.000 0.1122770E-02 0.4109988E-02 0.9668951E-02 0.1607110E-01 0.2216356E-01 0.2713604E-01 0.3068695E-01 0.3271098E-01 0.3320893E-01 0.3227664E-01 0.3002312E-01 0.2653533E-01 0.2179426E-01 0.1527795E-01 0.7626911E-02 0.7626911E-02 -9999.000 -9999.000 -9999.000 -9999.000 -9999.000 -9999.000 -9999.000 -9999.000 -9999.000 -9999.000 -9999.000 -9999.000 -9999.000 -9999.000 -9999.000 -9999.000 -9999.000 -9999.000 -9999.000 -9999.000 -9999.000 -9999.000 -9999.000 -9999.000 -9999.000 -9999.000 -9999.000
-9999.000 -9999.000 -9999.000 -9999.000 -9999.000 -9999.000 -9999.000 -9999.000 -9999.000 -9999.000 -9999.000 -9999.000 -9999.000 -9999.000 -9999.000 0.1257494E-02 0.4437591E-02 0.1026342E-01 0.1694873E-01 0.2330365E-01 0.2848999E-01 0.3220148E-01 0.3433163E-01 0.3488116E-01 0.3394997E-01 0.3164965E-01 0.2806703E-01 0.2317646E-01 0.1641047E-01 0.8273749E-02 0.8273749E-02 -9999.000 -9999.000 -9999.000 -9999.000 -9999.000 -9999.000 -9999.000 -9999.000 -9999.000 -9999.000 -9999.000 -9999.000 -9999.000 -9999.000 -9999.000 -9999.000 -9999.000 -9999.000 -9999.000 -9999.000 -9999.000 -9999.000 -9999.000 -9999.000 -9999.000 -9999.000 -9999.000
-9999.000 -9999.000 -9999.000 -9999.000 -9999.000 -9999.000 -9999.000 -9999.000 -9999.000 -9999.000 -9999.000 -9999.000 -9999.000 -9999.000 -9999.000 0.1393590E-02 0.4766492E-02 0.1085641E-01 0.1782202E-01 0.2443620E-01 0.2983333E-01 0.3370571E-01 0.3594666E-01 0.3655777E-01 0.3564436E-01 0.3332007E-01 0.2967035E-01 0.2466006E-01 0.1766511E-01 0.9005204E-02 0.9005204E-02 -9999.000 -9999.000 -9999.000 -9999.000 -9999.000 -9999.000 -9999.000 -9999.000 -9999.000 -9999.000 -9999.000 -9999.000 -9999.000 -9999.000 -9999.000 -9999.000 -9999.000 -9999.000 -9999.000 -9999.000 -9999.000 -9999.000 -9999.000 -9999.000 -9999.000 -9999.000 -9999.000
-9999.000 -9999.000 -9999.000 -9999.000 -9999.000 -9999.000 -9999.000 -9999.000 -9999.000 -9999.000 -9999.000 -9999.000 -9999.000 -9999.000 -9999.000 0.1546414E-02 0.5128535E-02 0.1149687E-01 0.1875467E-01 0.2563743E-01 0.3125209E-01 0.3529248E-01 0.3765329E-01 0.3833787E-01 0.3745762E-01 0.3512838E-01 0.3143330E-01 0.2632504E-01 0.1911012E-01 0.9861732E-02 0.9861732E-02 -9999.000 -9999.000 -9999.000 -9999.000 -9999.000 -9999.000 -9999.000 -9999.000 -9999.000 -9999.000 -9999.000 -9999.000 -9999.000 -9999.000 -9999.000 -9999.000 -9999.000 -9999.000 -9999.000 -9999.000 -9999.000 -9999.000 -9999.000 -9999.000 -9999.000 -9999.000 -9999.000
-9999.000 -9999.000 -9999.000 -9999.000 -9999.000 -9999.000 -9999.000 -9999.000 -9999.000 -9999.000 -9999.000 -9999.000 -9999.000 -9999.000 -9999.000 0.1725635E-02 0.5544079E-02 0.1221568E-01 0.1978676E-01 0.2695508E-01 0.3280038E-01 0.3702133E-01 0.3951529E-01 0.4028767E-01 0.3945879E-01 0.3714544E-01 0.3342761E-01 0.2824304E-01 0.2081415E-01 0.1088734E-01 0.1088734E-01 -9999.000 -9999.000 -9999.000 -9999.000 -9999.000 -9999.000 -9999.000 -9999.000 -9999.000 -9999.000 -9999.000 -9999.000 -9999.000 -9999.000 -9999.000 -9999.000 -9999.000 -9999.000 -9999.000 -9999.000 -9999.000 -9999.000 -9999.000 -9999.000 -9999.000 -9999.000 -9999.000
-9999.000 -9999.000 -9999.000 -9999.000 -9999.000 -9999.000 -9999.000 -9999.000 -9999.000 -9999.000 -9999.000 -9999.000 -9999.000 -9999.000 -9999.000 0.1939905E-02 0.6030210E-02 0.1303903E-01 0.2095252E-01 0.2842989E-01 0.3452441E-01 0.3894330E-01 0.4158835E-01 0.4246813E-01 0.4171280E-01 0.3944152E-01 0.3572940E-01 0.3049572E-01 0.2286181E-01 0.1213770E-01 0.1213770E-01 -9999.000 -9999.000 -9999.000 -9999.000 -9999.000 -9999.000 -9999.000 -9999.000 -9999.000 -9999.000 -9999.000 -9999.000 -9999.000 -9999.000 -9999.000 -9999.000 -9999.000 -9999.000 -9999.000 -9999.000 -9999.000 -9999.000 -9999.000 -9999.000 -9999.000 -9999.000 -9999.000
-9999.000 -9999.000 -9999.000 -9999.000 -9999.000 -9999.000 -9999.000 -9999.000 -9999.000 -9999.000 -9999.000 -9999.000 -9999.000 -9999.000 -9999.000 0.2197861E-02 0.6605738E-02 0.1399509E-01 0.2228869E-01 0.3010588E-01 0.3647462E-01 0.4111509E-01 0.4393521E-01 0.4494847E-01 0.4429727E-01 0.4210254E-01 0.3843395E-01 0.3318885E-01 0.2536595E-01 0.1368873E-01 0.1368873E-01 -9999.000 -9999.000 -9999.000 -9999.000 -9999.000 -9999.000 -9999.000 -9999.000 -9999.000 -9999.000 -9999.000 -9999.000 -9999.000 -9999.000 -9999.000 -9999.000 -9999.000 -9999.000 -9999.000 -9999.000 -9999.000 -9999.000 -9999.000 -9999.000 -9999.000 -9999.000 -9999.000
-9999.000 -9999.000 -9999.000 -9999.000 -9999.000 -9999.000 -9999.000 -9999.000 -9999.000 -9999.000 -9999.000 -9999.000 -9999.000 -9999.000 -9999.000 0.2510953E-02 0.7293585E-02 0.1511945E-01 0.2384208E-01 0.3203990E-01 0.3871611E-01 0.4361006E-01 0.4663818E-01 0.4782048E-01 0.4731512E-01 0.4524467E-01 0.4167282E-01 0.3647018E-01 0.2848782E-01 0.1564949E-01 0.1564949E-01 -9999.000 -9999.000 -9999.000 -9999.000 -9999.000 -9999.000 -9999.000 -9999.000 -9999.000 -9999.000 -9999.000 -9999.000 -9999.000 -9999.000 -9999.000 -9999.000 -9999.000 -9999.000 -9999.000 -9999.000 -9999.000 -9999.000 -9999.000 -9999.000 -9999.000 -9999.000 -9999.000
-9999.000 -9999.000 -9999.000 -9999.000 -9999.000 -9999.000 -9999.000 -9999.000 -9999.000 -9999.000 -9999.000 -9999.000 -9999.000 -9999.000 -9999.000 0.2907308E-02 0.8153972E-02 0.1650708E-01 0.2573562E-01 0.3435947E-01 0.4138204E-01 0.4656648E-01 0.4984173E-01 0.5123672E-01 0.5093012E-01 0.4904735E-01 0.4564485E-01 0.4056200E-01 0.3246981E-01 0.1818450E-01 0.1818450E-01 -9999.000 -9999.000 -9999.000 -9999.000 -9999.000 -9999.000 -9999.000 -9999.000 -9999.000 -9999.000 -9999.000 -9999.000 -9999.000 -9999.000 -9999.000 -9999.000 -9999.000 -9999.000 -9999.000 -9999.000 -9999.000 -9999.000 -9999.000 -9999.000 -9999.000 -9999.000 -9999.000
-9999.000 -9999.000 -9999.000 -9999.000 -9999.000 -9999.000 -9999.000 -9999.000 -9999.000 -9999.000 -9999.000 -9999.000 -9999.000 -9999.000 -9999.000 0.4334278E-02 0.1118422E-01 0.2132572E-01 0.3133104E-01 0.3997859E-01 0.4701505E-01 0.5215675E-01 0.5537367E-01 0.5672235E-01 0.5641241E-01 0.5457111E-01 0.5124252E-01 0.4622149E-01 0.3795081E-01 0.2168464E-01 0.2168464E-01 -9999.000 -9999.000 -9999.000 -9999.000 -9999.000 -9999.000 -9999.000 -9999.000 -9999.000 -9999.000 -9999.000 -9999.000 -9999.000 -9999.000 -9999.000 -9999.000 -9999.000 -9999.000 -9999.000 -9999.000 -9999.000 -9999.000 -9999.000 -9999.000 -9999.000 -9999.000 -9999.000
-9999.000 -9999.000 -9999.000 -9999.000 -9999.000 -9999.000 -9999.000 -9999.000 -9999.000 -9999.000 -9999.000 -9999.000 -9999.000 -9999.000 -9999.000 0.8535863E-01 0.1311414 0.1540973 0.1480284 0.1286210 0.1147191 0.1023924 0.9148455E-01 0.8181784E-01 0.7321202E-01 0.6529152E-01 0.5771174E-01 0.4985785E-01 0.3967632E-01 0.1920191E-01 0.1920191E-01 -9999.000 -9999.000 -9999.000 -9999.000 -9999.000 -9999.000 -9999.000 -9999.000 -9999.000 -9999.000 -9999.000 -9999.000 -9999.000 -9999.000 -9999.000 -9999.000 -9999.000 -9999.000 -9999.000 -9999.000 -9999.000 -9999.000 -9999.000 -9999.000 -9999.000 -9999.000 -9999.000
2.795585 2.795585 2.790491 2.848831 2.854639 2.854639 2.857238 2.858392 2.858392 2.856256 2.856256 2.851825 2.848958 2.845739 2.842213 2.842213 2.966021 2.969240 2.969705 2.962295 2.929651 2.875164 2.798429 2.698058 2.574990 2.433115 2.274481 2.107101 1.953502 1.880809 1.880809 2.688124 2.860678 2.964013 2.990711 2.990711 3.029152 3.029152 3.024831 3.024831 2.989942 2.835978 2.835978 2.549634 2.549634 2.133569 2.133569 2.133569 2.097146 2.097146 2.118256 2.118256 2.161183 2.161183 2.208907 2.208907 2.253029 2.253029
2.818171 2.818171 2.817329 2.898645 2.916094 2.916094 2.930148 2.953836 2.953836 2.973979 2.973979 2.991653 2.999769 3.007491 3.014858 3.014858 3.103289 3.119516 3.133223 3.144610 3.149925 3.148798 3.139226 3.118129 3.082783 3.031564 2.962602 2.876333 2.778691 2.694424 2.694424 3.123514 3.278175 3.428774 3.470308 3.470308 3.520058 3.520058 3.528785 3.528785 3.513621 3.427500 3.427500 3.257842 3.257842 2.951208 2.951208 2.951208 2.910287 2.910287 2.933173 2.933173 2.978987 2.978987 3.029293 3.029293 3.076324 3.076324
2.822926 2.822926 2.819592 2.898535 2.916322 2.916322 2.930791 2.955119 2.955119 2.975864 2.975864 2.994232 3.002741 3.010875 3.018681 3.018681 3.095743 3.123067 3.147744 3.169822 3.187528 3.200574 3.208459 3.210019 3.203856 3.188744 3.162957 3.125555 3.078868 3.038091 3.038091 3.277142 3.427669 3.604005 3.656348 3.656348 3.713910 3.713910 3.712815 3.712815 3.689233 3.597819 3.597819 3.468056 3.468056 3.231036 3.231036 3.231036 3.177835 3.177835 3.187776 3.187776 3.224700 3.224700 3.268836 3.268836 3.311401 3.311401
2.825839 2.825839 2.822929 2.898053 2.915916 2.915916 2.930615 2.955133 2.955133 2.975888 2.975888 2.994256 3.002769 3.010912 3.018728 3.018728 3.088609 3.125127 3.160002 3.191713 3.218574 3.239944 3.255574 3.265128 3.268235 3.264668 3.253918 3.235681 3.211462 3.191030 3.191030 3.334753 3.466839 3.650887 3.709625 3.709625 3.767475 3.767475 3.746114 3.746114 3.710090 3.617402 3.617402 3.528175 3.528175 3.361154 3.361154 3.361154 3.302212 3.302212 3.298175 3.298175 3.325239 3.325239 3.363675 3.363675 3.402773 3.402773
2.826912 2.826912 2.827496 2.897515 2.915485 2.915485 2.930417 2.955136 2.955136 2.975893 2.975893 2.994238 3.002744 3.010880 3.018691 3.018691 3.085798 3.130213 3.174271 3.214897 3.250143 3.279067 3.301303 3.316664 3.325084 3.326690 3.321625 3.310217 3.293968 3.279800 3.279800 3.366313 3.473780 3.648495 3.705233 3.705233 3.744170 3.744170 3.692778 3.692778 3.649621 3.577444 3.577444 3.534453 3.534453 3.436169 3.436169 3.436169 3.380723 3.380723 3.364112 3.364112 3.379076 3.379076 3.409744 3.409744 3.444065 3.444065
2.823616 2.823616 2.834502 2.897196 2.915306 2.915306 2.930439 2.955317 2.955317 2.976061 2.976061 2.994379 3.002878 3.011011 3.018819 3.018819 3.088456 3.140226 3.192500 3.241081 3.283772 3.319478 3.347735 3.368364 3.381350 3.386868 3.385221 3.376939 3.363427 3.349732 3.349732 3.398101 3.478238 3.625500 3.667393 3.667393 3.661504 3.661504 3.583899 3.583899 3.549695 3.520337 3.520337 3.521401 3.521401 3.482849 3.482849 3.482849 3.439538 3.439538 3.415465 3.415465 3.417982 3.417982 3.438704 3.438704 3.466182 3.466182
2.823161 2.823161 2.838096 2.896834 2.915059 2.915059 2.930335 2.955336 2.955336 2.976083 2.976083 2.994391 3.002888 3.011020 3.018829 3.018829 3.097081 3.156285 3.215971 3.271426 3.320409 3.361842 3.395264 3.420514 3.437590 3.446641 3.447946 3.441994 3.429915 3.415245 3.415245 3.437375 3.489781 3.587356 3.595537 3.595537 3.526898 3.526898 3.456722 3.456722 3.447650 3.467472 3.467472 3.502851 3.502851 3.511202 3.511202 3.511202 3.485385 3.485385 3.460763 3.460763 3.453257 3.453257 3.462942 3.462942 3.481575 3.481575
2.823008 2.823008 2.839292 2.896713 2.914975 2.914975 2.930298 2.955341 2.955341 2.976090 2.976090 2.994394 3.002890 3.011023 3.018830 3.018830 3.112810 3.179956 3.246382 3.307546 3.361463 3.407271 3.444645 3.473512 3.493913 3.505978 3.509922 3.506114 3.495335 3.479734 3.479734 3.483362 3.507631 3.521698 3.474485 3.474485 3.360537 3.360537 3.341676 3.341676 3.362355 3.422173 3.422173 3.481176 3.481176 3.524797 3.524797 3.524797 3.518240 3.518240 3.499396 3.499396 3.486235 3.486235 3.485490 3.485490 3.493983 3.493983
2.823160 2.823160 2.838096 2.896834 2.915059 2.915059 2.930334 2.955335 2.955335 2.976083 2.976083 2.994392 3.002888 3.011020 3.018828 3.018828 3.137135 3.212911 3.285427 3.351003 3.408285 3.456846 3.496645 3.527787 3.550412 3.564662 3.570708 3.568785 3.559287 3.542770 3.542770 3.531381 3.522351 3.401449 3.294266 3.294266 3.200691 3.200691 3.253620 3.253620 3.296810 3.382403 3.382403 3.457013 3.457013 3.526857 3.526857 3.526857 3.538527 3.538527 3.529609 3.529609 3.515400 3.515400 3.506329 3.506329 3.504331 3.504331
2.823617 2.823617 2.834502 2.897197 2.915306 2.915306 2.930439 2.955317 2.955317 2.976061 2.976061 2.994379 3.002878 3.011010 3.018818 3.018818 3.172264 3.257246 3.334969 3.403371 3.462138 3.511521 3.551913 3.583680 3.607114 3.622421 3.629745 3.629197 3.620644 3.601866 3.601866 3.571648 3.509733 3.205978 3.079910 3.079910 3.080304 3.080304 3.189613 3.189613 3.245188 3.345418 3.345418 3.430524 3.430524 3.519682 3.519682 3.519682 3.546926 3.546926 3.549503 3.549503 3.538141 3.538141 3.523664 3.523664 3.511844 3.511844
2.826912 2.826912 2.827496 2.897515 2.915485 2.915485 2.930417 2.955136 2.955136 2.975893 2.975893 2.994238 3.002744 3.010881 3.018691 3.018691 3.221437 3.315602 3.397017 3.466086 3.523982 3.571866 3.610689 3.641153 3.663735 3.678723 3.686258 3.686306 3.677586 3.650515 3.650515 3.579720 3.419725 2.962081 2.892761 2.892761 3.000118 3.000118 3.136775 3.136775 3.198128 3.306835 3.306835 3.399451 3.399451 3.502781 3.502781 3.502781 3.542420 3.542420 3.556013 3.556013 3.549810 3.549810 3.532858 3.532858 3.512781 3.512781
