cruce_test.gid/Rasters/Hydraulic/Velocity__x_43.0.asc
NCOLS        79
NROWS        79
XLLCENTER         -1.500000
YLLCENTER         -4.800000
CELLSIZE           0.100
NODATA_VALUE     -9999.0
[rows 0 to 25 of 79, columns 0 to 57 of 79]
-9999.000 -9999.000 -9999.000 -9999.000 -9999.000 -9999.000 -9999.000 -9999.000 -9999.000 -9999.000 -9999.000 -9999.000 -9999.000 -9999.000 -9999.000 0.5487617E-03 0.1935605E-02 0.4032560E-02 0.5908870E-02 0.7491220E-02 0.8764046E-02 0.9707902E-02 0.1029163E-01 0.1047079E-01 0.1018434E-01 0.9347347E-02 0.7837241E-02 0.5473371E-02 0.2060790E-02 0.4489253E-04 0.4489253E-04 -9999.000 -9999.000 -9999.000 -9999.000 -9999.000 -9999.000 -9999.000 -9999.000 -9999.000 -9999.000 -9999.000 -9999.000 -9999.000 -9999.000 -9999.000 -9999.000 -9999.000 -9999.000 -9999.000 -9999.000 -9999.000 -9999.000 -9999.000 -9999.000 -9999.000 -9999.000 -9999.000
-9999.000 -9999.000 -9999.000 -9999.000 -9999.000 -9999.000 -9999.000 -9999.000 -9999.000 -9999.000 -9999.000 -9999.000 -9999.000 -9999.000 -9999.000 0.1418777E-02 0.4051961E-02 0.7721191E-02 0.1107890E-01 0.1396393E-01 0.1629747E-01 0.1800952E-01 0.1902505E-01 0.1925996E-01 0.1861907E-01 0.1699496E-01 0.1426809E-01 0.1031286E-01 0.5092185E-02 0.1404244E-02 0.1404244E-02 -9999.000 -9999.000 -9999.000 -9999.000 -9999.000 -9999.000 -9999.000 -9999.000 -9999.000 -9999.000 -9999.000 -9999.000 -9999.000 -9999.000 -9999.000 -9999.000 -9999.000 -9999.000 -9999.000 -9999.000 -9999.000 -9999.000 -9999.000 -9999.000 -9999.000 -9999.000 -9999.000
-9999.000 -9999.000 -9999.000 -9999.000 -9999.000 -9999.000 -9999.000 -9999.000 -9999.000 -9999.000 -9999.000 -9999.000 -9999.000 -9999.000 -9999.000 0.2257548E-02 0.6062769E-02 0.1120320E-01 0.1591946E-01 0.1998986E-01 0.2328910E-01 0.2570529E-01 0.2712551E-01 0.2743260E-01 0.2650510E-01 0.2421849E-01 0.2044865E-01 0.1508105E-01 0.8115574E-02 0.2780961E-02 0.2780961E-02 -9999.000 -9999.000 -9999.000 -9999.000 -9999.000 -9999.000 -9999.000 -9999.000 -9999.000 -9999.000 -9999.000 -9999.000 -9999.000 -9999.000 -9999.000 -9999.000 -9999.000 -9999.000 -9999.000 -9999.000 -9999.000 -9999.000 -9999.000 -9999.000 -9999.000 -9999.000 -9999.000
-9999.000 -9999.000 -9999.000 -9999.000 -9999.000 -9999.000 -9999.000 -9999.000 -9999.000 -9999.000 -9999.000 -9999.000 -9999.000 -9999.000 -9999.000 0.3091505E-02 0.8029669E-02 0.1456896E-01 0.2057496E-01 0.2577449E-01 0.3000270E-01 0.3311098E-01 0.3495115E-01 0.3537383E-01 0.3422868E-01 0.3136706E-01 0.2664601E-01 0.1993816E-01 0.1124930E-01 0.4227147E-02 0.4227147E-02 -9999.000 -9999.000 -9999.000 -9999.000 -9999.000 -9999.000 -9999.000 -9999.000 -9999.000 -9999.000 -9999.000 -9999.000 -9999.000 -9999.000 -9999.000 -9999.000 -9999.000 -9999.000 -9999.000 -9999.000 -9999.000 -9999.000 -9999.000 -9999.000 -9999.000 -9999.000 -9999.000
-9999.000 -9999.000 -9999.000 -9999.000 -9999.000 -9999.000 -9999.000 -9999.000 -9999.000 -9999.000 -9999.000 -9999.000 -9999.000 -9999.000 -9999.000 0.3959802E-02 0.1003007E-01 0.1793066E-01 0.2519596E-01 0.3150905E-01 0.3666933E-01 0.4049295E-01 0.4279602E-01 0.4339343E-01 0.4209933E-01 0.3873026E-01 0.3310939E-01 0.2507675E-01 0.1462008E-01 0.5801457E-02 0.5801457E-02 -9999.000 -9999.000 -9999.000 -9999.000 -9999.000 -9999.000 -9999.000 -9999.000 -9999.000 -9999.000 -9999.000 -9999.000 -9999.000 -9999.000 -9999.000 -9999.000 -9999.000 -9999.000 -9999.000 -9999.000 -9999.000 -9999.000 -9999.000 -9999.000 -9999.000 -9999.000 -9999.000
-9999.000 -9999.000 -9999.000 -9999.000 -9999.000 -9999.000 -9999.000 -9999.000 -9999.000 -9999.000 -9999.000 -9999.000 -9999.000 -9999.000 -9999.000 0.4908766E-02 0.1215104E-01 0.2140945E-01 0.2993604E-01 0.3737945E-01 0.4350627E-01 0.4809659E-01 0.5092805E-01 0.5177370E-01 0.5040312E-01 0.4658495E-01 0.4009059E-01 0.3070544E-01 0.1837126E-01 0.7572132E-02 0.7572132E-02 -9999.000 -9999.000 -9999.000 -9999.000 -9999.000 -9999.000 -9999.000 -9999.000 -9999.000 -9999.000 -9999.000 -9999.000 -9999.000 -9999.000 -9999.000 -9999.000 -9999.000 -9999.000 -9999.000 -9999.000 -9999.000 -9999.000 -9999.000 -9999.000 -9999.000 -9999.000 -9999.000
-9999.000 -9999.000 -9999.000 -9999.000 -9999.000 -9999.000 -9999.000 -9999.000 -9999.000 -9999.000 -9999.000 -9999.000 -9999.000 -9999.000 -9999.000 0.5986802E-02 0.1448204E-01 0.2512538E-01 0.3494317E-01 0.4356195E-01 0.5071724E-01 0.5615183E-01 0.5960007E-01 0.6078583E-01 0.5942247E-01 0.5521416E-01 0.4785888E-01 0.3705869E-01 0.2267221E-01 0.9623018E-02 0.9623018E-02 -9999.000 -9999.000 -9999.000 -9999.000 -9999.000 -9999.000 -9999.000 -9999.000 -9999.000 -9999.000 -9999.000 -9999.000 -9999.000 -9999.000 -9999.000 -9999.000 -9999.000 -9999.000 -9999.000 -9999.000 -9999.000 -9999.000 -9999.000 -9999.000 -9999.000 -9999.000 -9999.000
-9999.000 -9999.000 -9999.000 -9999.000 -9999.000 -9999.000 -9999.000 -9999.000 -9999.000 -9999.000 -9999.000 -9999.000 -9999.000 -9999.000 -9999.000 0.7242284E-02 0.1711055E-01 0.2919462E-01 0.4035899E-01 0.5022396E-01 0.5849670E-01 0.6488077E-01 0.6906189E-01 0.7070537E-01 0.6945438E-01 0.6492838E-01 0.5672323E-01 0.4441896E-01 0.2773747E-01 0.1206355E-01 0.1206355E-01 -9999.000 -9999.000 -9999.000 -9999.000 -9999.000 -9999.000 -9999.000 -9999.000 -9999.000 -9999.000 -9999.000 -9999.000 -9999.000 -9999.000 -9999.000 -9999.000 -9999.000 -9999.000 -9999.000 -9999.000 -9999.000 -9999.000 -9999.000 -9999.000 -9999.000 -9999.000 -9999.000
-9999.000 -9999.000 -9999.000 -9999.000 -9999.000 -9999.000 -9999.000 -9999.000 -9999.000 -9999.000 -9999.000 -9999.000 -9999.000 -9999.000 -9999.000 0.8721399E-02 0.2012081E-01 0.3373011E-01 0.4632220E-01 0.5753149E-01 0.6704078E-01 0.7451248E-01 0.7957816E-01 0.8183410E-01 0.8083685E-01 0.7609587E-01 0.6706716E-01 0.5315403E-01 0.3386200E-01 0.1504929E-01 0.1504929E-01 -9999.000 -9999.000 -9999.000 -9999.000 -9999.000 -9999.000 -9999.000 -9999.000 -9999.000 -9999.000 -9999.000 -9999.000 -9999.000 -9999.000 -9999.000 -9999.000 -9999.000 -9999.000 -9999.000 -9999.000 -9999.000 -9999.000 -9999.000 -9999.000 -9999.000 -9999.000 -9999.000
-9999.000 -9999.000 -9999.000 -9999.000 -9999.000 -9999.000 -9999.000 -9999.000 -9999.000 -9999.000 -9999.000 -9999.000 -9999.000 -9999.000 -9999.000 0.1046549E-01 0.2359071E-01 0.3884195E-01 0.5297374E-01 0.6565886E-01 0.7656105E-01 0.8530122E-01 0.9145168E-01 0.9452958E-01 0.9398586E-01 0.8918864E-01 0.7940409E-01 0.6378028E-01 0.4148214E-01 0.1881863E-01 0.1881863E-01 -9999.000 -9999.000 -9999.000 -9999.000 -9999.000 -9999.000 -9999.000 -9999.000 -9999.000 -9999.000 -9999.000 -9999.000 -9999.000 -9999.000 -9999.000 -9999.000 -9999.000 -9999.000 -9999.000 -9999.000 -9999.000 -9999.000 -9999.000 -9999.000 -9999.000 -9999.000 -9999.000
-9999.000 -9999.000 -9999.000 -9999.000 -9999.000 -9999.000 -9999.000 -9999.000 -9999.000 -9999.000 -9999.000 -9999.000 -9999.000 -9999.000 -9999.000 0.1250678E-01 0.2758683E-01 0.4463695E-01 0.6046143E-01 0.7479849E-01 0.8730055E-01 0.9754912E-01 0.1050543 0.1092453 0.1094480 0.1048520 0.9446733E-01 0.7707208E-01 0.5129166E-01 0.2376428E-01 0.2376428E-01 -9999.000 -9999.000 -9999.000 -9999.000 -9999.000 -9999.000 -9999.000 -9999.000 -9999.000 -9999.000 -9999.000 -9999.000 -9999.000 -9999.000 -9999.000 -9999.000 -9999.000 -9999.000 -9999.000 -9999.000 -9999.000 -9999.000 -9999.000 -9999.000 -9999.000 -9999.000 -9999.000
-9999.000 -9999.000 -9999.000 -9999.000 -9999.000 -9999.000 -9999.000 -9999.000 -9999.000 -9999.000 -9999.000 -9999.000 -9999.000 -9999.000 -9999.000 0.1486307E-01 0.3215711E-01 0.5121492E-01 0.6894299E-01 0.8517185E-01 0.9955354E-01 0.1116355 0.1208685 0.1265892 0.1279822 0.1240189 0.1133679 0.9426928E-01 0.6447904E-01 0.3058743E-01 0.3058743E-01 -9999.000 -9999.000 -9999.000 -9999.000 -9999.000 -9999.000 -9999.000 -9999.000 -9999.000 -9999.000 -9999.000 -9999.000 -9999.000 -9999.000 -9999.000 -9999.000 -9999.000 -9999.000 -9999.000 -9999.000 -9999.000 -9999.000 -9999.000 -9999.000 -9999.000 -9999.000 -9999.000
-9999.000 -9999.000 -9999.000 -9999.000 -9999.000 -9999.000 -9999.000 -9999.000 -9999.000 -9999.000 -9999.000 -9999.000 -9999.000 -9999.000 -9999.000 0.1753293E-01 0.3732630E-01 0.5866992E-01 0.7859541E-01 0.9704902E-01 0.1136960 0.1280632 0.1395533 0.1474188 0.1506995 0.1481160 0.1378989 0.1175108 0.8327508E-01 0.4066979E-01 0.4066979E-01 -9999.000 -9999.000 -9999.000 -9999.000 -9999.000 -9999.000 -9999.000 -9999.000 -9999.000 -9999.000 -9999.000 -9999.000 -9999.000 -9999.000 -9999.000 -9999.000 -9999.000 -9999.000 -9999.000 -9999.000 -9999.000 -9999.000 -9999.000 -9999.000 -9999.000 -9999.000 -9999.000
-9999.000 -9999.000 -9999.000 -9999.000 -9999.000 -9999.000 -9999.000 -9999.000 -9999.000 -9999.000 -9999.000 -9999.000 -9999.000 -9999.000 -9999.000 0.2060796E-01 0.4327038E-01 0.6731459E-01 0.8986316E-01 0.1109990 0.1304291 0.1476923 0.1621812 0.1731050 0.1793960 0.1795384 0.1712598 0.1509509 0.1125439 0.5727081E-01 0.5727081E-01 -9999.000 -9999.000 -9999.000 -9999.000 -9999.000 -9999.000 -9999.000 -9999.000 -9999.000 -9999.000 -9999.000 -9999.000 -9999.000 -9999.000 -9999.000 -9999.000 -9999.000 -9999.000 -9999.000 -9999.000 -9999.000 -9999.000 -9999.000 -9999.000 -9999.000 -9999.000 -9999.000
-9999.000 -9999.000 -9999.000 -9999.000 -9999.000 -9999.000 -9999.000 -9999.000 -9999.000 -9999.000 -9999.000 -9999.000 -9999.000 -9999.000 -9999.000 0.3425936E-01 0.6238630E-01 0.9078747E-01 0.1161019 0.1391941 0.1602999 0.1793427 0.1959936 0.2096458 0.2193050 0.2233535 0.2190545 0.2014288 0.1604258 0.8154630E-01 0.8154630E-01 -9999.000 -9999.000 -9999.000 -9999.000 -9999.000 -9999.000 -9999.000 -9999.000 -9999.000 -9999.000 -9999.000 -9999.000 -9999.000 -9999.000 -9999.000 -9999.000 -9999.000 -9999.000 -9999.000 -9999.000 -9999.000 -9999.000 -9999.000 -9999.000 -9999.000 -9999.000 -9999.000
1.403805 1.403805 1.332942 1.283519 1.260723 1.260723 1.238537 1.194346 1.194346 1.146911 1.146911 1.089303 1.052431 1.005557 0.9422801 0.9422801 0.7954150 0.7315798 0.6658123 0.6015125 0.5418148 0.4893817 0.4461113 0.4130175 0.3903679 0.3781417 0.3769588 0.3900149 0.4279559 0.5048567 0.5048567 1.314977 1.581625 1.750770 1.742210 1.742210 1.609741 1.609741 1.393723 1.393723 1.182357 0.7638935 0.7638935 0.7521471 0.7521471 0.7846034 0.7846034 0.7846034 0.8368505 0.8368505 0.8783086 0.8783086 0.9129081 0.9129081 0.9582636 0.9582636 0.9868684 0.9868684
1.419455 1.419455 1.350467 1.312817 1.295847 1.295847 1.279320 1.245758 1.245758 1.207685 1.207685 1.158448 1.127089 1.090435 1.049531 1.049531 0.9847219 0.9509290 0.9099848 0.8626571 0.8105410 0.7560132 0.7021093 0.6523486 0.6105623 0.5808719 0.5681129 0.5793208 0.6279351 0.7400769 0.7400769 1.275119 1.466068 1.597356 1.615788 1.615788 1.602615 1.602615 1.531093 1.531093 1.445160 1.051411 1.051411 1.031506 1.031506 1.066756 1.066756 1.066756 1.121483 1.121483 1.164538 1.164538 1.185720 1.185720 1.240112 1.240112 1.273132 1.273132
1.424233 1.424233 1.351104 1.313530 1.296867 1.296867 1.280780 1.248687 1.248687 1.213678 1.213678 1.171435 1.146448 1.118973 1.090257 1.090257 1.053025 1.035887 1.013974 0.9865621 0.9536839 0.9161443 0.8755777 0.8345223 0.7964993 0.7661589 0.7496373 0.7555647 0.7980154 0.9048802 0.9048802 1.303764 1.471176 1.603825 1.632872 1.632872 1.642797 1.642797 1.600003 1.600003 1.554597 1.297235 1.297235 1.201992 1.201992 1.217349 1.217349 1.217349 1.273873 1.273873 1.312560 1.312560 1.341573 1.341573 1.381297 1.381297 1.409925 1.409925
1.428308 1.428308 1.351558 1.314031 1.297587 1.297587 1.281845 1.251023 1.251023 1.218763 1.218763 1.182312 1.162032 1.140680 1.119186 1.119186 1.095648 1.086321 1.074229 1.058565 1.038978 1.015598 0.9891571 0.9611520 0.9340388 0.9114957 0.8988536 0.9039840 0.9395709 1.031010 1.031010 1.338330 1.487950 1.616308 1.645449 1.645449 1.656999 1.656999 1.630124 1.630124 1.608558 1.473622 1.473622 1.347584 1.347584 1.346718 1.346718 1.346718 1.390247 1.390247 1.424519 1.424519 1.450944 1.450944 1.482554 1.482554 1.507615 1.507615
1.431703 1.431703 1.351973 1.314655 1.298493 1.298493 1.283172 1.253836 1.253836 1.224579 1.224579 1.193838 1.177800 1.161608 1.145790 1.145790 1.132239 1.127245 1.120162 1.110640 1.098582 1.084114 1.067674 1.050180 1.033261 1.019548 1.013125 1.020337 1.051668 1.129185 1.129185 1.370223 1.501560 1.616709 1.640296 1.640296 1.647340 1.647340 1.636491 1.636491 1.631933 1.581565 1.581565 1.480790 1.480790 1.448027 1.448027 1.448027 1.478912 1.478912 1.508824 1.508824 1.533010 1.533010 1.558955 1.558955 1.580730 1.580730
1.434382 1.434382 1.352354 1.315374 1.299541 1.299541 1.284695 1.256984 1.256984 1.230866 1.230866 1.205786 1.193816 1.182502 1.172037 1.172037 1.168240 1.166483 1.162259 1.155777 1.147424 1.137651 1.126994 1.116197 1.106406 1.099451 1.098286 1.107760 1.136245 1.202991 1.202991 1.394585 1.506911 1.600245 1.615700 1.615700 1.622551 1.622551 1.632706 1.632706 1.641652 1.641289 1.641289 1.587585 1.587585 1.536126 1.536126 1.536126 1.552443 1.552443 1.576027 1.576027 1.597272 1.597272 1.618787 1.618787 1.637421 1.637421
1.436309 1.436309 1.352698 1.316149 1.300675 1.300675 1.286335 1.260304 1.260304 1.237323 1.237323 1.217767 1.209771 1.203325 1.198451 1.198451 1.205695 1.206994 1.204702 1.199607 1.192635 1.184675 1.176546 1.169056 1.163135 1.160042 1.161774 1.171922 1.197133 1.254475 1.254475 1.406680 1.498673 1.563806 1.573599 1.573599 1.592008 1.592008 1.625774 1.625774 1.645208 1.673237 1.673237 1.661463 1.661463 1.614038 1.614038 1.614038 1.617114 1.617114 1.632448 1.632448 1.649370 1.649370 1.666757 1.666757 1.681951 1.681951
1.437442 1.437442 1.353001 1.316942 1.301840 1.301840 1.288011 1.263639 1.263639 1.243685 1.243685 1.229416 1.225298 1.223818 1.225123 1.225123 1.245858 1.250344 1.249519 1.244816 1.237739 1.229657 1.221735 1.214954 1.210163 1.208142 1.209943 1.218074 1.237913 1.284587 1.284587 1.401297 1.470529 1.508548 1.521001 1.521001 1.562594 1.562594 1.617827 1.617827 1.644973 1.689751 1.689751 1.706549 1.706549 1.679148 1.679148 1.679148 1.674653 1.674653 1.681653 1.681653 1.692955 1.692955 1.705655 1.705655 1.716919 1.716919
1.437744 1.437744 1.353249 1.317717 1.302984 1.302984 1.289650 1.266855 1.266855 1.249724 1.249724 1.240391 1.240003 1.243567 1.251841 1.251841 1.289921 1.297788 1.298055 1.292944 1.284623 1.274983 1.265569 1.257576 1.251804 1.248459 1.247222 1.249508 1.260016 1.292109 1.292109 1.372446 1.417079 1.442096 1.467524 1.467524 1.536781 1.536781 1.608693 1.608693 1.641422 1.696873 1.696873 1.731333 1.731333 1.728672 1.728672 1.728672 1.723766 1.723766 1.724723 1.724723 1.730035 1.730035 1.737351 1.737351 1.744171 1.744171
1.437180 1.437180 1.353431 1.318441 1.304058 1.304058 1.291186 1.269831 1.269831 1.255250 1.255250 1.250395 1.253491 1.262031 1.278003 1.278003 1.339281 1.350616 1.351508 1.345135 1.334456 1.321976 1.309667 1.298971 1.290642 1.283941 1.275802 1.266376 1.261070 1.274010 1.274010 1.318738 1.339451 1.371538 1.417507 1.417507 1.512903 1.512903 1.597275 1.597275 1.634323 1.697408 1.697408 1.742944 1.742944 1.762600 1.762600 1.762600 1.762697 1.762697 1.761233 1.761233 1.761432 1.761432 1.763166 1.763166 1.765050 1.765050
1.435721 1.435721 1.353531 1.319084 1.305021 1.305021 1.292560 1.272471 1.272471 1.260109 1.260109 1.259179 1.265404 1.278603 1.302434 1.302434 1.395650 1.410244 1.411104 1.402441 1.388123 1.371412 1.354819 1.340103 1.328030 1.316187 1.294977 1.264009 1.233798 1.221934 1.221934 1.233654 1.250403 1.320154 1.369200 1.369200 1.491590 1.491590 1.585400 1.585400 1.625790 1.694368 1.694368 1.746945 1.746945 1.783792 1.783792 1.783792 1.791214 1.791214 1.790625 1.790625 1.787468 1.787468 1.784047 1.784047 1.780780 1.780780
