cruce_test.gid/Rasters/Hydraulic/Velocity____213.0.asc
NCOLS        79
NROWS        79
XLLCENTER         -1.500000
YLLCENTER         -4.800000
CELLSIZE           0.100
NODATA_VALUE     -9999.0
[rows 0 to 26 of 79, columns 0 to 59 of 79]
-9999.000 -9999.000 -9999.000 -9999.000 -9999.000 -9999.000 -9999.000 -9999.000 -9999.000 -9999.000 -9999.000 -9999.000 -9999.000 -9999.000 -9999.000 0.8853691E-01 0.8513723E-01 0.8362790E-01 0.8315527E-01 0.8412415E-01 0.8563519E-01 0.8711811E-01 0.8836618E-01 0.8927392E-01 0.8981135E-01 0.9008314E-01 0.9017663E-01 0.9029359E-01 0.9102433E-01 0.9200455E-01 0.9200455E-01 -9999.000 -9999.000 -9999.000 -9999.000 -9999.000 -9999.000 -9999.000 -9999.000 -9999.000 -9999.000 -9999.000 -9999.000 -9999.000 -9999.000 -9999.000 -9999.000 -9999.000 -9999.000 -9999.000 -9999.000 -9999.000 -9999.000 -9999.000 -9999.000 -9999.000 -9999.000 -9999.000 -9999.000 -9999.000
-9999.000 -9999.000 -9999.000 -9999.000 -9999.000 -9999.000 -9999.000 -9999.000 -9999.000 -9999.000 -9999.000 -9999.000 -9999.000 -9999.000 -9999.000 0.8974297E-01 0.8259185E-01 0.7952530E-01 0.7861320E-01 0.8055833E-01 0.8353838E-01 0.8648558E-01 0.8904478E-01 0.9101794E-01 0.9232172E-01 0.9313855E-01 0.9362897E-01 0.9421661E-01 0.9619198E-01 0.9894346E-01 0.9894346E-01 -9999.000 -9999.000 -9999.000 -9999.000 -9999.000 -9999.000 -9999.000 -9999.000 -9999.000 -9999.000 -9999.000 -9999.000 -9999.000 -9999.000 -9999.000 -9999.000 -9999.000 -9999.000 -9999.000 -9999.000 -9999.000 -9999.000 -9999.000 -9999.000 -9999.000 -9999.000 -9999.000 -9999.000 -9999.000
-9999.000 -9999.000 -9999.000 -9999.000 -9999.000 -9999.000 -9999.000 -9999.000 -9999.000 -9999.000 -9999.000 -9999.000 -9999.000 -9999.000 -9999.000 0.9012239E-01 0.7885850E-01 0.7393865E-01 0.7244312E-01 0.7543285E-01 0.8003633E-01 0.8464730E-01 0.8877735E-01 0.9214685E-01 0.9461502E-01 0.9643829E-01 0.9782468E-01 0.9940229E-01 0.1031950 0.1085478 0.1085478 -9999.000 -9999.000 -9999.000 -9999.000 -9999.000 -9999.000 -9999.000 -9999.000 -9999.000 -9999.000 -9999.000 -9999.000 -9999.000 -9999.000 -9999.000 -9999.000 -9999.000 -9999.000 -9999.000 -9999.000 -9999.000 -9999.000 -9999.000 -9999.000 -9999.000 -9999.000 -9999.000 -9999.000 -9999.000
-9999.000 -9999.000 -9999.000 -9999.000 -9999.000 -9999.000 -9999.000 -9999.000 -9999.000 -9999.000 -9999.000 -9999.000 -9999.000 -9999.000 -9999.000 0.9004188E-01 0.7465062E-01 0.6785461E-01 0.6578531E-01 0.6984320E-01 0.7607418E-01 0.8235602E-01 0.8809636E-01 0.9294423E-01 0.9669913E-01 0.9968477E-01 0.1021388 0.1048829 0.1106911 0.1191573 0.1191573 -9999.000 -9999.000 -9999.000 -9999.000 -9999.000 -9999.000 -9999.000 -9999.000 -9999.000 -9999.000 -9999.000 -9999.000 -9999.000 -9999.000 -9999.000 -9999.000 -9999.000 -9999.000 -9999.000 -9999.000 -9999.000 -9999.000 -9999.000 -9999.000 -9999.000 -9999.000 -9999.000 -9999.000 -9999.000
-9999.000 -9999.000 -9999.000 -9999.000 -9999.000 -9999.000 -9999.000 -9999.000 -9999.000 -9999.000 -9999.000 -9999.000 -9999.000 -9999.000 -9999.000 0.8971977E-01 0.7014252E-01 0.6145402E-01 0.5885482E-01 0.6403556E-01 0.7190633E-01 0.7986018E-01 0.8722991E-01 0.9360056E-01 0.9870742E-01 0.1029395 0.1065534 0.1105652 0.1185361 0.1306347 0.1306347 -9999.000 -9999.000 -9999.000 -9999.000 -9999.000 -9999.000 -9999.000 -9999.000 -9999.000 -9999.000 -9999.000 -9999.000 -9999.000 -9999.000 -9999.000 -9999.000 -9999.000 -9999.000 -9999.000 -9999.000 -9999.000 -9999.000 -9999.000 -9999.000 -9999.000 -9999.000 -9999.000 -9999.000 -9999.000
-9999.000 -9999.000 -9999.000 -9999.000 -9999.000 -9999.000 -9999.000 -9999.000 -9999.000 -9999.000 -9999.000 -9999.000 -9999.000 -9999.000 -9999.000 0.8921976E-01 0.6539238E-01 0.5481641E-01 0.5178352E-01 0.5816853E-01 0.6768553E-01 0.7729866E-01 0.8630046E-01 0.9421644E-01 0.1007112 0.1062393 0.1110683 0.1164159 0.1266816 0.1430013 0.1430013 -9999.000 -9999.000 -9999.000 -9999.000 -9999.000 -9999.000 -9999.000 -9999.000 -9999.000 -9999.000 -9999.000 -9999.000 -9999.000 -9999.000 -9999.000 -9999.000 -9999.000 -9999.000 -9999.000 -9999.000 -9999.000 -9999.000 -9999.000 -9999.000 -9999.000 -9999.000 -9999.000 -9999.000 -9999.000
-9999.000 -9999.000 -9999.000 -9999.000 -9999.000 -9999.000 -9999.000 -9999.000 -9999.000 -9999.000 -9999.000 -9999.000 -9999.000 -9999.000 -9999.000 0.8853983E-01 0.6040822E-01 0.4798077E-01 0.4468780E-01 0.5237478E-01 0.6351712E-01 0.7475373E-01 0.8537473E-01 0.9484418E-01 0.1027465 0.1096036 0.1156848 0.1224226 0.1351200 0.1563666 0.1563666 -9999.000 -9999.000 -9999.000 -9999.000 -9999.000 -9999.000 -9999.000 -9999.000 -9999.000 -9999.000 -9999.000 -9999.000 -9999.000 -9999.000 -9999.000 -9999.000 -9999.000 -9999.000 -9999.000 -9999.000 -9999.000 -9999.000 -9999.000 -9999.000 -9999.000 -9999.000 -9999.000 -9999.000 -9999.000
-9999.000 -9999.000 -9999.000 -9999.000 -9999.000 -9999.000 -9999.000 -9999.000 -9999.000 -9999.000 -9999.000 -9999.000 -9999.000 -9999.000 -9999.000 0.8764705E-01 0.5517520E-01 0.4098184E-01 0.3773637E-01 0.4681269E-01 0.5949862E-01 0.7228655E-01 0.8449475E-01 0.9551384E-01 0.1048322 0.1130418 0.1204040 0.1285815 0.1438616 0.1709044 0.1709044 -9999.000 -9999.000 -9999.000 -9999.000 -9999.000 -9999.000 -9999.000 -9999.000 -9999.000 -9999.000 -9999.000 -9999.000 -9999.000 -9999.000 -9999.000 -9999.000 -9999.000 -9999.000 -9999.000 -9999.000 -9999.000 -9999.000 -9999.000 -9999.000 -9999.000 -9999.000 -9999.000 -9999.000 -9999.000
-9999.000 -9999.000 -9999.000 -9999.000 -9999.000 -9999.000 -9999.000 -9999.000 -9999.000 -9999.000 -9999.000 -9999.000 -9999.000 -9999.000 -9999.000 0.8648947E-01 0.4966751E-01 0.3388677E-01 0.3124863E-01 0.4171490E-01 0.5574393E-01 0.6995658E-01 0.8369625E-01 0.9624852E-01 0.1069818 0.1165607 0.1252262 0.1348922 0.1529260 0.1868520 0.1868520 -9999.000 -9999.000 -9999.000 -9999.000 -9999.000 -9999.000 -9999.000 -9999.000 -9999.000 -9999.000 -9999.000 -9999.000 -9999.000 -9999.000 -9999.000 -9999.000 -9999.000 -9999.000 -9999.000 -9999.000 -9999.000 -9999.000 -9999.000 -9999.000 -9999.000 -9999.000 -9999.000 -9999.000 -9999.000
-9999.000 -9999.000 -9999.000 -9999.000 -9999.000 -9999.000 -9999.000 -9999.000 -9999.000 -9999.000 -9999.000 -9999.000 -9999.000 -9999.000 -9999.000 0.8500119E-01 0.4385464E-01 0.2686429E-01 0.2588159E-01 0.3743958E-01 0.5240153E-01 0.6783393E-01 0.8301833E-01 0.9707243E-01 0.1092092 0.1201673 0.1301523 0.1413550 0.1623375 0.2045242 0.2045242 -9999.000 -9999.000 -9999.000 -9999.000 -9999.000 -9999.000 -9999.000 -9999.000 -9999.000 -9999.000 -9999.000 -9999.000 -9999.000 -9999.000 -9999.000 -9999.000 -9999.000 -9999.000 -9999.000 -9999.000 -9999.000 -9999.000 -9999.000 -9999.000 -9999.000 -9999.000 -9999.000 -9999.000 -9999.000
-9999.000 -9999.000 -9999.000 -9999.000 -9999.000 -9999.000 -9999.000 -9999.000 -9999.000 -9999.000 -9999.000 -9999.000 -9999.000 -9999.000 -9999.000 0.8310197E-01 0.3770758E-01 0.2038603E-01 0.2285873E-01 0.3450804E-01 0.4967009E-01 0.6600986E-01 0.8251155E-01 0.9801697E-01 0.1115330 0.1238720 0.1351855 0.1479723 0.1721253 0.2243406 0.2243406 -9999.000 -9999.000 -9999.000 -9999.000 -9999.000 -9999.000 -9999.000 -9999.000 -9999.000 -9999.000 -9999.000 -9999.000 -9999.000 -9999.000 -9999.000 -9999.000 -9999.000 -9999.000 -9999.000 -9999.000 -9999.000 -9999.000 -9999.000 -9999.000 -9999.000 -9999.000 -9999.000 -9999.000 -9999.000
-9999.000 -9999.000 -9999.000 -9999.000 -9999.000 -9999.000 -9999.000 -9999.000 -9999.000 -9999.000 -9999.000 -9999.000 -9999.000 -9999.000 -9999.000 0.8069149E-01 0.3120988E-01 0.1582212E-01 0.2362107E-01 0.3356174E-01 0.4781847E-01 0.6461517E-01 0.8225218E-01 0.9913199E-01 0.1139843 0.1276948 0.1403351 0.1547499 0.1823238 0.2468707 0.2468707 -9999.000 -9999.000 -9999.000 -9999.000 -9999.000 -9999.000 -9999.000 -9999.000 -9999.000 -9999.000 -9999.000 -9999.000 -9999.000 -9999.000 -9999.000 -9999.000 -9999.000 -9999.000 -9999.000 -9999.000 -9999.000 -9999.000 -9999.000 -9999.000 -9999.000 -9999.000 -9999.000 -9999.000 -9999.000
-9999.000 -9999.000 -9999.000 -9999.000 -9999.000 -9999.000 -9999.000 -9999.000 -9999.000 -9999.000 -9999.000 -9999.000 -9999.000 -9999.000 -9999.000 0.7760718E-01 0.2440361E-01 0.1606979E-01 0.2859662E-01 0.3532454E-01 0.4734322E-01 0.6395368E-01 0.8244041E-01 0.1005567 0.1166608 0.1317034 0.1456440 0.1617160 0.1929845 0.2729118 0.2729118 -9999.000 -9999.000 -9999.000 -9999.000 -9999.000 -9999.000 -9999.000 -9999.000 -9999.000 -9999.000 -9999.000 -9999.000 -9999.000 -9999.000 -9999.000 -9999.000 -9999.000 -9999.000 -9999.000 -9999.000 -9999.000 -9999.000 -9999.000 -9999.000 -9999.000 -9999.000 -9999.000 -9999.000 -9999.000
-9999.000 -9999.000 -9999.000 -9999.000 -9999.000 -9999.000 -9999.000 -9999.000 -9999.000 -9999.000 -9999.000 -9999.000 -9999.000 -9999.000 -9999.000 0.7236511E-01 0.1906857E-01 0.2773660E-01 0.4247945E-01 0.4591399E-01 0.5390818E-01 0.6828044E-01 0.8611418E-01 0.1044527 0.1211077 0.1369920 0.1518705 0.1693804 0.2044625 0.3038204 0.3038204 -9999.000 -9999.000 -9999.000 -9999.000 -9999.000 -9999.000 -9999.000 -9999.000 -9999.000 -9999.000 -9999.000 -9999.000 -9999.000 -9999.000 -9999.000 -9999.000 -9999.000 -9999.000 -9999.000 -9999.000 -9999.000 -9999.000 -9999.000 -9999.000 -9999.000 -9999.000 -9999.000 -9999.000 -9999.000
-9999.000 -9999.000 -9999.000 -9999.000 -9999.000 -9999.000 -9999.000 -9999.000 -9999.000 -9999.000 -9999.000 -9999.000 -9999.000 -9999.000 -9999.000 0.1134925 0.1750869 0.2069968 0.1991145 0.1674512 0.1463230 0.1328397 0.1282124 0.1311429 0.1383205 0.1488742 0.1610507 0.1780191 0.2162768 0.3389358 0.3389358 -9999.000 -9999.000 -9999.000 -9999.000 -9999.000 -9999.000 -9999.000 -9999.000 -9999.000 -9999.000 -9999.000 -9999.000 -9999.000 -9999.000 -9999.000 -9999.000 -9999.000 -9999.000 -9999.000 -9999.000 -9999.000 -9999.000 -9999.000 -9999.000 -9999.000 -9999.000 -9999.000 -9999.000 -9999.000
2.904887 2.904887 2.922889 2.922547 2.942989 2.942989 2.945809 2.945412 2.945412 2.941303 2.941303 2.934699 2.930718 2.926391 2.922165 2.922165 3.091322 3.096291 3.097504 3.096244 3.065522 3.010890 2.932797 2.830271 2.703690 2.557994 2.395122 2.223570 2.067585 2.002188 2.002188 2.821479 2.998501 3.107182 3.135556 3.135556 3.176217 3.176217 3.171489 3.171489 3.134731 2.972109 2.972109 2.670729 2.670729 2.236447 2.236447 2.236447 2.199284 2.199284 2.222132 2.222132 2.268047 2.268047 2.318533 2.318533 2.365145 2.365145 2.365145 2.403329
2.927267 2.927267 2.954951 2.977257 3.005155 3.005155 3.020123 3.043008 3.043008 3.061753 3.061753 3.077809 3.085093 3.091987 3.098903 3.098903 3.223836 3.244753 3.261134 3.275405 3.282389 3.282760 3.275049 3.256326 3.223564 3.175211 3.109110 3.025462 2.930018 2.847439 2.847439 3.275433 3.429691 3.583762 3.627098 3.627098 3.679247 3.679247 3.687972 3.687972 3.671752 3.581438 3.581438 3.403345 3.403345 3.081179 3.081179 3.081179 3.038868 3.038868 3.063624 3.063624 3.112134 3.112134 3.165147 3.165147 3.214641 3.214641 3.214641 3.257028
2.932035 2.932035 2.957448 2.979129 3.004831 3.004831 3.020482 3.044251 3.044251 3.063641 3.063641 3.080417 3.088107 3.095427 3.102844 3.102844 3.213507 3.247867 3.276791 3.302117 3.322034 3.336982 3.347110 3.351680 3.349365 3.339052 3.318895 3.287698 3.247400 3.212430 3.212430 3.447382 3.594469 3.769493 3.822327 3.822327 3.880069 3.880069 3.876423 3.876423 3.851105 3.757727 3.757727 3.624406 3.624406 3.371423 3.371423 3.371423 3.314965 3.314965 3.325857 3.325857 3.365150 3.365150 3.411911 3.411911 3.456918 3.456918 3.456918 3.496031
2.935104 2.935104 2.959618 2.979677 3.003866 3.003866 3.019957 3.044193 3.044193 3.063633 3.063633 3.080410 3.088105 3.095433 3.102946 3.102946 3.204172 3.249417 3.289876 3.325628 3.355489 3.379441 3.397830 3.410804 3.418247 3.420150 3.416061 3.405586 3.389924 3.378000 3.378000 3.520621 3.649147 3.828002 3.884890 3.884890 3.937374 3.937374 3.908660 3.908660 3.870558 3.779490 3.779490 3.691411 3.691411 3.508991 3.508991 3.508991 3.444191 3.444191 3.439662 3.439662 3.468559 3.468559 3.509462 3.509462 3.550942 3.550942 3.550942 3.587527
2.934651 2.934651 2.960292 2.979604 3.002915 3.002915 3.019421 3.044138 3.044138 3.063627 3.063627 3.080381 3.088068 3.095388 3.103027 3.103027 3.199880 3.254132 3.304822 3.350302 3.389382 3.421711 3.447439 3.466831 3.480134 3.487733 3.489926 3.487072 3.480519 3.476487 3.476487 3.565713 3.671409 3.838748 3.890333 3.890333 3.914330 3.914330 3.850577 3.850577 3.806421 3.739805 3.739805 3.701051 3.701051 3.590204 3.590204 3.590204 3.526827 3.526827 3.507968 3.507968 3.523957 3.523957 3.556800 3.556800 3.593359 3.593359 3.593359 3.626480
2.934998 2.934998 2.963562 2.979936 3.002874 3.002874 3.019749 3.044828 3.044828 3.064281 3.064281 3.080919 3.088546 3.095805 3.103578 3.103578 3.201988 3.264193 3.323805 3.377979 3.425336 3.465340 3.497967 3.523427 3.542013 3.554165 3.560375 3.561283 3.558237 3.555775 3.555775 3.610108 3.690861 3.828546 3.859916 3.859916 3.826264 3.826264 3.735409 3.735409 3.702526 3.681334 3.681334 3.688065 3.688065 3.641362 3.641362 3.641362 3.589564 3.589564 3.561675 3.561675 3.564199 3.564199 3.586632 3.586632 3.616100 3.616100 3.616100 3.644062
2.935101 2.935101 2.965428 2.979685 3.002399 3.002399 3.019494 3.044850 3.044850 3.064365 3.064365 3.081037 3.088681 3.095957 3.104016 3.104016 3.210960 3.280883 3.348462 3.410257 3.464804 3.511526 3.550330 3.581372 3.604922 3.621375 3.631216 3.635087 3.634131 3.631517 3.631517 3.662056 3.717068 3.799088 3.787625 3.787625 3.680857 3.680857 3.602854 3.602854 3.597076 3.625733 3.625733 3.667256 3.667256 3.672069 3.672069 3.672069 3.638815 3.638815 3.609473 3.609473 3.600875 3.600875 3.611659 3.611659 3.631913 3.631913 3.631913 3.652773
2.935124 2.935124 2.966067 2.979599 3.002234 3.002234 3.019401 3.044844 3.044844 3.064368 3.064368 3.081037 3.088681 3.095958 3.104401 3.104401 3.227746 3.305684 3.380517 3.448844 3.509358 3.561607 3.605550 3.641353 3.669284 3.689685 3.702971 3.709685 3.710675 3.707771 3.707771 3.721286 3.748495 3.731311 3.653252 3.653252 3.502720 3.502720 3.483608 3.483608 3.508412 3.576692 3.576692 3.641994 3.641994 3.685984 3.685984 3.685984 3.674075 3.674075 3.650510 3.650510 3.635507 3.635507 3.635132 3.635132 3.644730 3.644730 3.644730 3.656704
2.935101 2.935101 2.965428 2.979685 3.002399 3.002399 3.019494 3.044850 3.044850 3.064365 3.064365 3.081036 3.088681 3.095957 3.104928 3.104928 3.254037 3.340639 3.422156 3.495890 3.561003 3.617351 3.665087 3.704484 3.735844 3.759495 3.775790 3.785147 3.788039 3.784544 3.784544 3.782851 3.772600 3.591520 3.449737 3.449737 3.334473 3.334473 3.392571 3.392571 3.439823 3.533182 3.533182 3.614033 3.614033 3.687010 3.687010 3.687010 3.695674 3.695674 3.682841 3.682841 3.666372 3.666372 3.656952 3.656952 3.655424 3.655424 3.655424 3.657120
2.934998 2.934998 2.963561 2.979937 3.002874 3.002874 3.019749 3.044827 3.044827 3.064281 3.064281 3.080919 3.088546 3.095806 3.105491 3.105491 3.292014 3.388049 3.475677 3.553581 3.621750 3.680562 3.730497 3.772019 3.805539 3.831410 3.849950 3.861454 3.865790 3.859452 3.859452 3.834469 3.756468 3.363631 3.213632 3.213632 3.209598 3.209598 3.325910 3.325910 3.385245 3.492632 3.492632 3.583813 3.583813 3.677877 3.677877 3.677877 3.704216 3.704216 3.704165 3.704165 3.690606 3.690606 3.675185 3.675185 3.663122 3.663122 3.663122 3.653806
2.934651 2.934651 2.960291 2.979604 3.002914 3.002914 3.019422 3.044138 3.044138 3.063627 3.063627 3.080380 3.088067 3.095388 3.106127 3.106127 3.345388 3.451404 3.544239 3.624720 3.694059 3.753375 3.803601 3.845477 3.879567 3.906296 3.925982 3.938759 3.942945 3.924424 3.924424 3.842293 3.636481 3.091166 3.014186 3.014186 3.126924 3.126924 3.270696 3.270696 3.335528 3.450914 3.450914 3.549354 3.549354 3.658578 3.658578 3.658578 3.698930 3.698930 3.711291 3.711291 3.703337 3.703337 3.685049 3.685049 3.663996 3.663996 3.663996 3.643871
2.935104 2.935104 2.959617 2.979676 3.003866 3.003866 3.019957 3.044193 3.044193 3.063633 3.063633 3.080408 3.088106 3.095433 3.107542 3.107542 3.420372 3.535916 3.632090 3.712746 3.780721 3.838075 3.886284 3.926403 3.959178 3.985121 4.004568 4.017217 4.015703 3.948530 3.948530 3.724484 3.357775 2.866620 2.887314 2.887314 3.060579 3.060579 3.213979 3.213979 3.281385 3.402041 3.402041 3.505766 3.505766 3.625607 3.625607 3.625607 3.676321 3.676321 3.699120 3.699120 3.697540 3.697540 3.678761 3.678761 3.650752 3.650752 3.650752 3.620925
