cruce_test.gid/Rasters/Hydraulic/Velocity____196.0.asc
NCOLS        79
NROWS        79
XLLCENTER         -1.500000
YLLCENTER         -4.800000
CELLSIZE           0.100
NODATA_VALUE     -9999.0
[rows 0 to 26 of 79, columns 0 to 59 of 79]
-9999.000 -9999.000 -9999.000 -9999.000 -9999.000 -9999.000 -9999.000 -9999.000 -9999.000 -9999.000 -9999.000 -9999.000 -9999.000 -9999.000 -9999.000 0.9019925E-01 0.8682232E-01 0.8512497E-01 0.8427319E-01 0.8480787E-01 0.8620317E-01 0.8773638E-01 0.8907493E-01 0.9010281E-01 0.9072614E-01 0.9105551E-01 0.9119294E-01 0.9132168E-01 0.9199800E-01 0.9291904E-01 0.9291904E-01 -9999.000 -9999.000 -9999.000 -9999.000 -9999.000 -9999.000 -9999.000 -9999.000 -9999.000 -9999.000 -9999.000 -9999.000 -9999.000 -9999.000 -9999.000 -9999.000 -9999.000 -9999.000 -9999.000 -9999.000 -9999.000 -9999.000 -9999.000 -9999.000 -9999.000 -9999.000 -9999.000 -9999.000 -9999.000
-9999.000 -9999.000 -9999.000 -9999.000 -9999.000 -9999.000 -9999.000 -9999.000 -9999.000 -9999.000 -9999.000 -9999.000 -9999.000 -9999.000 -9999.000 0.9161665E-01 0.8442681E-01 0.8093596E-01 0.7926697E-01 0.8036892E-01 0.8313613E-01 0.8617990E-01 0.8890398E-01 0.9110762E-01 0.9258171E-01 0.9351715E-01 0.9409801E-01 0.9470113E-01 0.9652913E-01 0.9911466E-01 0.9911466E-01 -9999.000 -9999.000 -9999.000 -9999.000 -9999.000 -9999.000 -9999.000 -9999.000 -9999.000 -9999.000 -9999.000 -9999.000 -9999.000 -9999.000 -9999.000 -9999.000 -9999.000 -9999.000 -9999.000 -9999.000 -9999.000 -9999.000 -9999.000 -9999.000 -9999.000 -9999.000 -9999.000 -9999.000 -9999.000
-9999.000 -9999.000 -9999.000 -9999.000 -9999.000 -9999.000 -9999.000 -9999.000 -9999.000 -9999.000 -9999.000 -9999.000 -9999.000 -9999.000 -9999.000 0.9229411E-01 0.8089092E-01 0.7527797E-01 0.7258988E-01 0.7427495E-01 0.7856626E-01 0.8332994E-01 0.8770240E-01 0.9141295E-01 0.9412844E-01 0.9611735E-01 0.9762388E-01 0.9919660E-01 0.1027128 0.1077596 0.1077596 -9999.000 -9999.000 -9999.000 -9999.000 -9999.000 -9999.000 -9999.000 -9999.000 -9999.000 -9999.000 -9999.000 -9999.000 -9999.000 -9999.000 -9999.000 -9999.000 -9999.000 -9999.000 -9999.000 -9999.000 -9999.000 -9999.000 -9999.000 -9999.000 -9999.000 -9999.000 -9999.000 -9999.000 -9999.000
-9999.000 -9999.000 -9999.000 -9999.000 -9999.000 -9999.000 -9999.000 -9999.000 -9999.000 -9999.000 -9999.000 -9999.000 -9999.000 -9999.000 -9999.000 0.9258530E-01 0.7692093E-01 0.6915466E-01 0.6544387E-01 0.6773792E-01 0.7357255E-01 0.8006988E-01 0.8612748E-01 0.9142309E-01 0.9549562E-01 0.9868670E-01 0.1012841 0.1039944 0.1093834 0.1173852 0.1173852 -9999.000 -9999.000 -9999.000 -9999.000 -9999.000 -9999.000 -9999.000 -9999.000 -9999.000 -9999.000 -9999.000 -9999.000 -9999.000 -9999.000 -9999.000 -9999.000 -9999.000 -9999.000 -9999.000 -9999.000 -9999.000 -9999.000 -9999.000 -9999.000 -9999.000 -9999.000 -9999.000 -9999.000 -9999.000
-9999.000 -9999.000 -9999.000 -9999.000 -9999.000 -9999.000 -9999.000 -9999.000 -9999.000 -9999.000 -9999.000 -9999.000 -9999.000 -9999.000 -9999.000 0.9271149E-01 0.7268458E-01 0.6272973E-01 0.5801399E-01 0.6097429E-01 0.6838182E-01 0.7661968E-01 0.8437984E-01 0.9130390E-01 0.9679684E-01 0.1012724 0.1050519 0.1089977 0.1163953 0.1278493 0.1278493 -9999.000 -9999.000 -9999.000 -9999.000 -9999.000 -9999.000 -9999.000 -9999.000 -9999.000 -9999.000 -9999.000 -9999.000 -9999.000 -9999.000 -9999.000 -9999.000 -9999.000 -9999.000 -9999.000 -9999.000 -9999.000 -9999.000 -9999.000 -9999.000 -9999.000 -9999.000 -9999.000 -9999.000 -9999.000
-9999.000 -9999.000 -9999.000 -9999.000 -9999.000 -9999.000 -9999.000 -9999.000 -9999.000 -9999.000 -9999.000 -9999.000 -9999.000 -9999.000 -9999.000 0.9274765E-01 0.6824245E-01 0.5607340E-01 0.5041194E-01 0.5413528E-01 0.6314281E-01 0.7311114E-01 0.8257251E-01 0.9114729E-01 0.9809577E-01 0.1039053 0.1089234 0.1141704 0.1236961 0.1391600 0.1391600 -9999.000 -9999.000 -9999.000 -9999.000 -9999.000 -9999.000 -9999.000 -9999.000 -9999.000 -9999.000 -9999.000 -9999.000 -9999.000 -9999.000 -9999.000 -9999.000 -9999.000 -9999.000 -9999.000 -9999.000 -9999.000 -9999.000 -9999.000 -9999.000 -9999.000 -9999.000 -9999.000 -9999.000 -9999.000
-9999.000 -9999.000 -9999.000 -9999.000 -9999.000 -9999.000 -9999.000 -9999.000 -9999.000 -9999.000 -9999.000 -9999.000 -9999.000 -9999.000 -9999.000 0.9270620E-01 0.6360587E-01 0.4921365E-01 0.4273306E-01 0.4736482E-01 0.5797343E-01 0.6963053E-01 0.8077076E-01 0.9100258E-01 0.9942561E-01 0.1066024 0.1128985 0.1194983 0.1312732 0.1514091 0.1514091 -9999.000 -9999.000 -9999.000 -9999.000 -9999.000 -9999.000 -9999.000 -9999.000 -9999.000 -9999.000 -9999.000 -9999.000 -9999.000 -9999.000 -9999.000 -9999.000 -9999.000 -9999.000 -9999.000 -9999.000 -9999.000 -9999.000 -9999.000 -9999.000 -9999.000 -9999.000 -9999.000 -9999.000 -9999.000
-9999.000 -9999.000 -9999.000 -9999.000 -9999.000 -9999.000 -9999.000 -9999.000 -9999.000 -9999.000 -9999.000 -9999.000 -9999.000 -9999.000 -9999.000 0.9256976E-01 0.5876368E-01 0.4216551E-01 0.3511947E-01 0.4086259E-01 0.5299880E-01 0.6624882E-01 0.7901860E-01 0.9090004E-01 0.1008051 0.1093726 0.1169777 0.1249764 0.1391312 0.1647470 0.1647470 -9999.000 -9999.000 -9999.000 -9999.000 -9999.000 -9999.000 -9999.000 -9999.000 -9999.000 -9999.000 -9999.000 -9999.000 -9999.000 -9999.000 -9999.000 -9999.000 -9999.000 -9999.000 -9999.000 -9999.000 -9999.000 -9999.000 -9999.000 -9999.000 -9999.000 -9999.000 -9999.000 -9999.000 -9999.000
-9999.000 -9999.000 -9999.000 -9999.000 -9999.000 -9999.000 -9999.000 -9999.000 -9999.000 -9999.000 -9999.000 -9999.000 -9999.000 -9999.000 -9999.000 0.9230325E-01 0.5369329E-01 0.3495340E-01 0.2786985E-01 0.3496883E-01 0.4838465E-01 0.6304218E-01 0.7735594E-01 0.9086395E-01 0.1022482 0.1122226 0.1211615 0.1306027 0.1472834 0.1793803 0.1793803 -9999.000 -9999.000 -9999.000 -9999.000 -9999.000 -9999.000 -9999.000 -9999.000 -9999.000 -9999.000 -9999.000 -9999.000 -9999.000 -9999.000 -9999.000 -9999.000 -9999.000 -9999.000 -9999.000 -9999.000 -9999.000 -9999.000 -9999.000 -9999.000 -9999.000 -9999.000 -9999.000 -9999.000 -9999.000
-9999.000 -9999.000 -9999.000 -9999.000 -9999.000 -9999.000 -9999.000 -9999.000 -9999.000 -9999.000 -9999.000 -9999.000 -9999.000 -9999.000 -9999.000 0.9185886E-01 0.4836417E-01 0.2764593E-01 0.2170703E-01 0.3028053E-01 0.4436563E-01 0.6010513E-01 0.7582805E-01 0.9092006E-01 0.1037683 0.1151591 0.1254510 0.1363768 0.1557480 0.1955825 0.1955825 -9999.000 -9999.000 -9999.000 -9999.000 -9999.000 -9999.000 -9999.000 -9999.000 -9999.000 -9999.000 -9999.000 -9999.000 -9999.000 -9999.000 -9999.000 -9999.000 -9999.000 -9999.000 -9999.000 -9999.000 -9999.000 -9999.000 -9999.000 -9999.000 -9999.000 -9999.000 -9999.000 -9999.000 -9999.000
-9999.000 -9999.000 -9999.000 -9999.000 -9999.000 -9999.000 -9999.000 -9999.000 -9999.000 -9999.000 -9999.000 -9999.000 -9999.000 -9999.000 -9999.000 0.9117460E-01 0.4274003E-01 0.2046089E-01 0.1828624E-01 0.2772551E-01 0.4127018E-01 0.5756280E-01 0.7449359E-01 0.9110141E-01 0.1053842 0.1181914 0.1298491 0.1422996 0.1645456 0.2137156 0.2137156 -9999.000 -9999.000 -9999.000 -9999.000 -9999.000 -9999.000 -9999.000 -9999.000 -9999.000 -9999.000 -9999.000 -9999.000 -9999.000 -9999.000 -9999.000 -9999.000 -9999.000 -9999.000 -9999.000 -9999.000 -9999.000 -9999.000 -9999.000 -9999.000 -9999.000 -9999.000 -9999.000 -9999.000 -9999.000
-9999.000 -9999.000 -9999.000 -9999.000 -9999.000 -9999.000 -9999.000 -9999.000 -9999.000 -9999.000 -9999.000 -9999.000 -9999.000 -9999.000 -9999.000 0.9016798E-01 0.3677745E-01 0.1419191E-01 0.1972404E-01 0.2829118E-01 0.3954257E-01 0.5560142E-01 0.7344716E-01 0.9146504E-01 0.1071306 0.1213409 0.1343660 0.1483755 0.1737017 0.2342670 0.2342670 -9999.000 -9999.000 -9999.000 -9999.000 -9999.000 -9999.000 -9999.000 -9999.000 -9999.000 -9999.000 -9999.000 -9999.000 -9999.000 -9999.000 -9999.000 -9999.000 -9999.000 -9999.000 -9999.000 -9999.000 -9999.000 -9999.000 -9999.000 -9999.000 -9999.000 -9999.000 -9999.000 -9999.000 -9999.000
-9999.000 -9999.000 -9999.000 -9999.000 -9999.000 -9999.000 -9999.000 -9999.000 -9999.000 -9999.000 -9999.000 -9999.000 -9999.000 -9999.000 -9999.000 0.8866948E-01 0.3040227E-01 0.1187178E-01 0.2609373E-01 0.3261089E-01 0.3997978E-01 0.5471190E-01 0.7299578E-01 0.9221530E-01 0.1091469 0.1247020 0.1390621 0.1546423 0.1832640 0.2579179 0.2579179 -9999.000 -9999.000 -9999.000 -9999.000 -9999.000 -9999.000 -9999.000 -9999.000 -9999.000 -9999.000 -9999.000 -9999.000 -9999.000 -9999.000 -9999.000 -9999.000 -9999.000 -9999.000 -9999.000 -9999.000 -9999.000 -9999.000 -9999.000 -9999.000 -9999.000 -9999.000 -9999.000 -9999.000 -9999.000
-9999.000 -9999.000 -9999.000 -9999.000 -9999.000 -9999.000 -9999.000 -9999.000 -9999.000 -9999.000 -9999.000 -9999.000 -9999.000 -9999.000 -9999.000 0.8465892E-01 0.2404635E-01 0.2496914E-01 0.4339201E-01 0.4845436E-01 0.5124455E-01 0.6185606E-01 0.7807968E-01 0.9677281E-01 0.1138263 0.1299379 0.1450734 0.1618526 0.1937290 0.2859552 0.2859552 -9999.000 -9999.000 -9999.000 -9999.000 -9999.000 -9999.000 -9999.000 -9999.000 -9999.000 -9999.000 -9999.000 -9999.000 -9999.000 -9999.000 -9999.000 -9999.000 -9999.000 -9999.000 -9999.000 -9999.000 -9999.000 -9999.000 -9999.000 -9999.000 -9999.000 -9999.000 -9999.000 -9999.000 -9999.000
-9999.000 -9999.000 -9999.000 -9999.000 -9999.000 -9999.000 -9999.000 -9999.000 -9999.000 -9999.000 -9999.000 -9999.000 -9999.000 -9999.000 -9999.000 0.1284859 0.2003449 0.2424331 0.2406969 0.2083079 0.1748654 0.1515540 0.1379546 0.1345479 0.1375196 0.1454186 0.1561888 0.1713224 0.2052457 0.3180082 0.3180082 -9999.000 -9999.000 -9999.000 -9999.000 -9999.000 -9999.000 -9999.000 -9999.000 -9999.000 -9999.000 -9999.000 -9999.000 -9999.000 -9999.000 -9999.000 -9999.000 -9999.000 -9999.000 -9999.000 -9999.000 -9999.000 -9999.000 -9999.000 -9999.000 -9999.000 -9999.000 -9999.000 -9999.000 -9999.000
2.917844 2.917844 2.885017 2.951157 2.956858 2.956858 2.959277 2.959587 2.959587 2.956208 2.956208 2.950403 2.946842 2.942934 2.938776 2.938776 3.104837 3.109679 3.110437 3.109305 3.088750 3.041204 2.969797 2.874962 2.754333 2.613548 2.454933 2.285101 2.125754 2.048347 2.048347 2.833639 3.007854 3.119840 3.150065 3.150065 3.195724 3.195724 3.203020 3.203020 3.176617 3.040017 3.040017 2.772225 2.772225 2.303565 2.303565 2.303565 2.242571 2.242571 2.252146 2.252146 2.291837 2.291837 2.339599 2.339599 2.385478 2.385478 2.385478 2.424394
2.942241 2.942241 2.912450 3.002751 3.020501 3.020501 3.034670 3.058134 3.058134 3.077686 3.077686 3.094633 3.102378 3.109729 3.116775 3.116775 3.235089 3.255225 3.270638 3.284335 3.292840 3.294636 3.288926 3.273462 3.244537 3.200629 3.139673 3.061125 2.969644 2.887961 2.887961 3.280194 3.432421 3.585672 3.629458 3.629458 3.684397 3.684397 3.700096 3.700096 3.688888 3.614959 3.614959 3.459088 3.459088 3.135386 3.135386 3.135386 3.065994 3.065994 3.076726 3.076726 3.118811 3.118811 3.169261 3.169261 3.218029 3.218029 3.218029 3.260850
2.948172 2.948172 2.913743 3.002740 3.020893 3.020893 3.035440 3.059502 3.059502 3.079664 3.079664 3.097330 3.105476 3.113255 3.120759 3.120759 3.222989 3.256077 3.283995 3.308630 3.328984 3.344494 3.355295 3.361048 3.360277 3.351960 3.334482 3.306421 3.269043 3.235214 3.235214 3.448897 3.591152 3.763659 3.816803 3.816803 3.878326 3.878326 3.882888 3.882888 3.862918 3.779345 3.779345 3.656445 3.656445 3.411874 3.411874 3.411874 3.334290 3.334290 3.330678 3.330678 3.362965 3.362965 3.406954 3.406954 3.451267 3.451267 3.451267 3.490892
2.952439 2.952439 2.915586 3.002371 3.020633 3.020633 3.035362 3.059548 3.059548 3.079706 3.079706 3.097370 3.105522 3.113309 3.120837 3.120837 3.212145 3.255489 3.294832 3.329998 3.360101 3.384611 3.403646 3.417449 3.425821 3.428749 3.425947 3.416999 3.402766 3.391101 3.391101 3.519964 3.642667 3.818279 3.875957 3.875957 3.934986 3.934986 3.916099 3.916099 3.882064 3.792414 3.792414 3.706385 3.706385 3.537723 3.537723 3.537723 3.460426 3.460426 3.442384 3.442384 3.463177 3.463177 3.500449 3.500449 3.540869 3.540869 3.540869 3.577886
2.955066 2.955066 2.918123 3.002004 3.020349 3.020349 3.035259 3.059573 3.059573 3.079720 3.079720 3.097368 3.105518 3.113303 3.120850 3.120850 3.206513 3.258252 3.307677 3.352605 3.391836 3.424722 3.451186 3.471457 3.485690 3.494209 3.497340 3.495426 3.489590 3.485307 3.485307 3.565030 3.664603 3.828653 3.882421 3.882421 3.917320 3.917320 3.861770 3.861770 3.817296 3.743915 3.743915 3.703162 3.703162 3.607914 3.607914 3.607914 3.540626 3.540626 3.511269 3.511269 3.518627 3.518627 3.546787 3.546787 3.581648 3.581648 3.581648 3.614940
2.956021 2.956021 2.921394 3.001598 3.020066 3.020066 3.035143 3.059568 3.059568 3.079684 3.079684 3.097291 3.105424 3.113195 3.120761 3.120761 3.206946 3.266224 3.324450 3.378089 3.425552 3.466095 3.499510 3.525927 3.545553 3.558748 3.565971 3.567803 3.565403 3.562740 3.562740 3.610551 3.685602 3.821807 3.858436 3.858436 3.839206 3.839206 3.749227 3.749227 3.710175 3.677698 3.677698 3.681669 3.681669 3.649369 3.649369 3.649369 3.600035 3.600035 3.565951 3.565951 3.560715 3.560715 3.577706 3.577706 3.604752 3.604752 3.604752 3.632482
2.952462 2.952462 2.926160 3.001209 3.019823 3.019823 3.035040 3.059574 3.059574 3.079709 3.079709 3.097335 3.105480 3.113265 3.120886 3.120886 3.214561 3.281296 3.347362 3.408557 3.463115 3.510277 3.549810 3.581789 3.606417 3.624008 3.634991 3.639930 3.639811 3.637363 3.637363 3.663813 3.714500 3.800967 3.799687 3.799687 3.703139 3.703139 3.610501 3.610501 3.596023 3.614788 3.614788 3.654760 3.654760 3.671570 3.671570 3.671570 3.644367 3.644367 3.613258 3.613258 3.598988 3.598988 3.604347 3.604347 3.621673 3.621673 3.621673 3.641881
2.952199 2.952199 2.927530 3.001065 3.019743 3.019743 3.035014 3.059583 3.059583 3.079717 3.079717 3.097340 3.105486 3.113270 3.120953 3.120953 3.230034 3.304728 3.377969 3.445615 3.506023 3.558575 3.603127 3.639778 3.668736 3.690288 3.704791 3.712711 3.714767 3.712498 3.712498 3.724141 3.749845 3.749946 3.685066 3.685066 3.526510 3.526510 3.483248 3.483248 3.500626 3.562533 3.562533 3.627113 3.627113 3.679936 3.679936 3.679936 3.675107 3.675107 3.653275 3.653275 3.635110 3.635110 3.630249 3.630249 3.636795 3.636795 3.636795 3.647722
2.952462 2.952462 2.926160 3.001209 3.019822 3.019822 3.035039 3.059574 3.059574 3.079709 3.079709 3.097335 3.105481 3.113265 3.121037 3.121037 3.254957 3.338449 3.418374 3.491356 3.556240 3.612744 3.660939 3.701040 3.733318 3.758057 3.775563 3.786195 3.790336 3.787980 3.787980 3.786908 3.780844 3.635317 3.499035 3.499035 3.349537 3.349537 3.384558 3.384558 3.427436 3.517435 3.517435 3.597906 3.597906 3.676949 3.676949 3.676949 3.692279 3.692279 3.683382 3.683382 3.666559 3.666559 3.654376 3.654376 3.650266 3.650266 3.650266 3.650723
2.956020 2.956020 2.921395 3.001597 3.020065 3.020065 3.035143 3.059568 3.059568 3.079685 3.079685 3.097291 3.105424 3.113195 3.121081 3.121081 3.291579 3.384779 3.470873 3.547966 3.615788 3.674602 3.724825 3.766882 3.801161 3.827992 3.847664 3.860432 3.866134 3.861603 3.861603 3.841465 3.779261 3.431258 3.265957 3.265957 3.212285 3.212285 3.314426 3.314426 3.371555 3.476955 3.476955 3.567629 3.567629 3.665524 3.665524 3.665524 3.697446 3.697446 3.702311 3.702311 3.690758 3.690758 3.674736 3.674736 3.661131 3.661131 3.661131 3.650654
2.955065 2.955065 2.918124 3.002003 3.020348 3.020348 3.035259 3.059574 3.059574 3.079721 3.079721 3.097368 3.105518 3.113303 3.121379 3.121379 3.343837 3.447344 3.538717 3.618326 3.687189 3.746339 3.796666 3.838881 3.873538 3.901049 3.921721 3.935676 3.941339 3.926125 3.926125 3.858785 3.686557 3.165403 3.052046 3.052046 3.122534 3.122534 3.259350 3.259350 3.322739 3.436340 3.436340 3.533956 3.533956 3.645338 3.645338 3.645338 3.690075 3.690075 3.707484 3.707484 3.703203 3.703203 3.686507 3.686507 3.665383 3.665383 3.665383 3.644458
2.952438 2.952438 2.915588 3.002370 3.020632 3.020632 3.035362 3.059548 3.059548 3.079708 3.079708 3.097371 3.105523 3.113310 3.121639 3.121639 3.417282 3.530762 3.625649 3.705460 3.772911 3.829994 3.878163 3.918459 3.951624 3.978165 3.998424 4.012160 4.012507 3.953389 3.953389 3.765256 3.441337 2.920751 2.909884 2.909884 3.056372 3.056372 3.205075 3.205075 3.270960 3.389501 3.389501 3.492036 3.492036 3.612792 3.612792 3.612792 3.666818 3.666818 3.694346 3.694346 3.697429 3.697429 3.682131 3.682131 3.655679 3.655679 3.655679 3.625633
