cruce_test.gid/Rasters/Hydraulic/Velocity__x_32.0.asc
NCOLS        79
NROWS        79
XLLCENTER         -1.500000
YLLCENTER         -4.800000
CELLSIZE           0.100
NODATA_VALUE     -9999.0
[rows 0 to 25 of 79, columns 0 to 57 of 79]
-9999.000 -9999.000 -9999.000 -9999.000 -9999.000 -9999.000 -9999.000 -9999.000 -9999.000 -9999.000 -9999.000 -9999.000 -9999.000 -9999.000 -9999.000 0.8397699E-03 0.2363829E-02 0.4388202E-02 0.6164616E-02 0.7605239E-02 0.8686945E-02 0.9394760E-02 0.9712281E-02 0.9618623E-02 0.9085017E-02 0.8068578E-02 0.6501733E-02 0.4275257E-02 0.1268395E-02 -0.2844761E-03 -0.2844761E-03 -9999.000 -9999.000 -9999.000 -9999.000 -9999.000 -9999.000 -9999.000 -9999.000 -9999.000 -9999.000 -9999.000 -9999.000 -9999.000 -9999.000 -9999.000 -9999.000 -9999.000 -9999.000 -9999.000 -9999.000 -9999.000 -9999.000 -9999.000 -9999.000 -9999.000 -9999.000 -9999.000
-9999.000 -9999.000 -9999.000 -9999.000 -9999.000 -9999.000 -9999.000 -9999.000 -9999.000 -9999.000 -9999.000 -9999.000 -9999.000 -9999.000 -9999.000 0.1712466E-02 0.4548089E-02 0.8252565E-02 0.1154318E-01 0.1425195E-01 0.1630444E-01 0.1764946E-01 0.1824385E-01 0.1804669E-01 0.1701618E-01 0.1510861E-01 0.1227863E-01 0.8486451E-02 0.3778974E-02 0.7676007E-03 0.7676007E-03 -9999.000 -9999.000 -9999.000 -9999.000 -9999.000 -9999.000 -9999.000 -9999.000 -9999.000 -9999.000 -9999.000 -9999.000 -9999.000 -9999.000 -9999.000 -9999.000 -9999.000 -9999.000 -9999.000 -9999.000 -9999.000 -9999.000 -9999.000 -9999.000 -9999.000 -9999.000 -9999.000
-9999.000 -9999.000 -9999.000 -9999.000 -9999.000 -9999.000 -9999.000 -9999.000 -9999.000 -9999.000 -9999.000 -9999.000 -9999.000 -9999.000 -9999.000 0.2542256E-02 0.6616813E-02 0.1191701E-01 0.1664058E-01 0.2055190E-01 0.2353358E-01 0.2550163E-01 0.2638772E-01 0.2613272E-01 0.2468538E-01 0.2200242E-01 0.1805269E-01 0.1282717E-01 0.6433437E-02 0.1927868E-02 0.1927868E-02 -9999.000 -9999.000 -9999.000 -9999.000 -9999.000 -9999.000 -9999.000 -9999.000 -9999.000 -9999.000 -9999.000 -9999.000 -9999.000 -9999.000 -9999.000 -9999.000 -9999.000 -9999.000 -9999.000 -9999.000 -9999.000 -9999.000 -9999.000 -9999.000 -9999.000 -9999.000 -9999.000
-9999.000 -9999.000 -9999.000 -9999.000 -9999.000 -9999.000 -9999.000 -9999.000 -9999.000 -9999.000 -9999.000 -9999.000 -9999.000 -9999.000 -9999.000 0.3379113E-02 0.8680052E-02 0.1554453E-01 0.2167613E-01 0.2677612E-01 0.3068814E-01 0.3329753E-01 0.3451070E-01 0.3424908E-01 0.3244750E-01 0.2905590E-01 0.2404341E-01 0.1741033E-01 0.9296895E-02 0.3207363E-02 0.3207363E-02 -9999.000 -9999.000 -9999.000 -9999.000 -9999.000 -9999.000 -9999.000 -9999.000 -9999.000 -9999.000 -9999.000 -9999.000 -9999.000 -9999.000 -9999.000 -9999.000 -9999.000 -9999.000 -9999.000 -9999.000 -9999.000 -9999.000 -9999.000 -9999.000 -9999.000 -9999.000 -9999.000
-9999.000 -9999.000 -9999.000 -9999.000 -9999.000 -9999.000 -9999.000 -9999.000 -9999.000 -9999.000 -9999.000 -9999.000 -9999.000 -9999.000 -9999.000 0.4278245E-02 0.1084375E-01 0.1928373E-01 0.2683930E-01 0.3315261E-01 0.3802989E-01 0.4132525E-01 0.4291785E-01 0.4270517E-01 0.4060158E-01 0.3653958E-01 0.3047530E-01 0.2240139E-01 0.1247381E-01 0.4650374E-02 0.4650374E-02 -9999.000 -9999.000 -9999.000 -9999.000 -9999.000 -9999.000 -9999.000 -9999.000 -9999.000 -9999.000 -9999.000 -9999.000 -9999.000 -9999.000 -9999.000 -9999.000 -9999.000 -9999.000 -9999.000 -9999.000 -9999.000 -9999.000 -9999.000 -9999.000 -9999.000 -9999.000 -9999.000
-9999.000 -9999.000 -9999.000 -9999.000 -9999.000 -9999.000 -9999.000 -9999.000 -9999.000 -9999.000 -9999.000 -9999.000 -9999.000 -9999.000 -9999.000 0.5297672E-02 0.1321209E-01 0.2327137E-01 0.3229716E-01 0.3987823E-01 0.4578311E-01 0.4983257E-01 0.5187427E-01 0.5177543E-01 0.4942047E-01 0.4471268E-01 0.3757959E-01 0.2798845E-01 0.1609125E-01 0.6316275E-02 0.6316275E-02 -9999.000 -9999.000 -9999.000 -9999.000 -9999.000 -9999.000 -9999.000 -9999.000 -9999.000 -9999.000 -9999.000 -9999.000 -9999.000 -9999.000 -9999.000 -9999.000 -9999.000 -9999.000 -9999.000 -9999.000 -9999.000 -9999.000 -9999.000 -9999.000 -9999.000 -9999.000 -9999.000
-9999.000 -9999.000 -9999.000 -9999.000 -9999.000 -9999.000 -9999.000 -9999.000 -9999.000 -9999.000 -9999.000 -9999.000 -9999.000 -9999.000 -9999.000 0.6497879E-02 0.1588904E-01 0.2763557E-01 0.3820014E-01 0.4712752E-01 0.5414756E-01 0.5904337E-01 0.6162490E-01 0.6172057E-01 0.5917361E-01 0.5384282E-01 0.4560801E-01 0.3438781E-01 0.2030265E-01 0.8279282E-02 0.8279282E-02 -9999.000 -9999.000 -9999.000 -9999.000 -9999.000 -9999.000 -9999.000 -9999.000 -9999.000 -9999.000 -9999.000 -9999.000 -9999.000 -9999.000 -9999.000 -9999.000 -9999.000 -9999.000 -9999.000 -9999.000 -9999.000 -9999.000 -9999.000 -9999.000 -9999.000 -9999.000 -9999.000
-9999.000 -9999.000 -9999.000 -9999.000 -9999.000 -9999.000 -9999.000 -9999.000 -9999.000 -9999.000 -9999.000 -9999.000 -9999.000 -9999.000 -9999.000 0.7942184E-02 0.1898016E-01 0.3250172E-01 0.4469132E-01 0.5506497E-01 0.6331294E-01 0.6917497E-01 0.7241499E-01 0.7281148E-01 0.7015216E-01 0.6423202E-01 0.5485762E-01 0.4186606E-01 0.2530562E-01 0.1063764E-01 0.1063764E-01 -9999.000 -9999.000 -9999.000 -9999.000 -9999.000 -9999.000 -9999.000 -9999.000 -9999.000 -9999.000 -9999.000 -9999.000 -9999.000 -9999.000 -9999.000 -9999.000 -9999.000 -9999.000 -9999.000 -9999.000 -9999.000 -9999.000 -9999.000 -9999.000 -9999.000 -9999.000 -9999.000
-9999.000 -9999.000 -9999.000 -9999.000 -9999.000 -9999.000 -9999.000 -9999.000 -9999.000 -9999.000 -9999.000 -9999.000 -9999.000 -9999.000 -9999.000 0.9694467E-02 0.2259183E-01 0.3799596E-01 0.5191384E-01 0.6385540E-01 0.7347193E-01 0.8045359E-01 0.8450847E-01 0.8535164E-01 0.8269641E-01 0.7624871E-01 0.6570657E-01 0.5077788E-01 0.3137495E-01 0.1353203E-01 0.1353203E-01 -9999.000 -9999.000 -9999.000 -9999.000 -9999.000 -9999.000 -9999.000 -9999.000 -9999.000 -9999.000 -9999.000 -9999.000 -9999.000 -9999.000 -9999.000 -9999.000 -9999.000 -9999.000 -9999.000 -9999.000 -9999.000 -9999.000 -9999.000 -9999.000 -9999.000 -9999.000 -9999.000
-9999.000 -9999.000 -9999.000 -9999.000 -9999.000 -9999.000 -9999.000 -9999.000 -9999.000 -9999.000 -9999.000 -9999.000 -9999.000 -9999.000 -9999.000 0.1181379E-01 0.2682487E-01 0.4424335E-01 0.6001391E-01 0.7367084E-01 0.8482991E-01 0.9312741E-01 0.9820531E-01 0.9969953E-01 0.9722630E-01 0.9036843E-01 0.7866586E-01 0.6162534E-01 0.3891976E-01 0.1717820E-01 0.1717820E-01 -9999.000 -9999.000 -9999.000 -9999.000 -9999.000 -9999.000 -9999.000 -9999.000 -9999.000 -9999.000 -9999.000 -9999.000 -9999.000 -9999.000 -9999.000 -9999.000 -9999.000 -9999.000 -9999.000 -9999.000 -9999.000 -9999.000 -9999.000 -9999.000 -9999.000 -9999.000 -9999.000
-9999.000 -9999.000 -9999.000 -9999.000 -9999.000 -9999.000 -9999.000 -9999.000 -9999.000 -9999.000 -9999.000 -9999.000 -9999.000 -9999.000 -9999.000 0.1434440E-01 0.3176028E-01 0.5135850E-01 0.6913782E-01 0.8469366E-01 0.9761371E-01 0.1074793 0.1138595 0.1162960 0.1142816 0.1072327 0.9446106E-01 0.7516072E-01 0.4858999E-01 0.2193213E-01 0.2193213E-01 -9999.000 -9999.000 -9999.000 -9999.000 -9999.000 -9999.000 -9999.000 -9999.000 -9999.000 -9999.000 -9999.000 -9999.000 -9999.000 -9999.000 -9999.000 -9999.000 -9999.000 -9999.000 -9999.000 -9999.000 -9999.000 -9999.000 -9999.000 -9999.000 -9999.000 -9999.000 -9999.000
-9999.000 -9999.000 -9999.000 -9999.000 -9999.000 -9999.000 -9999.000 -9999.000 -9999.000 -9999.000 -9999.000 -9999.000 -9999.000 -9999.000 -9999.000 0.1730090E-01 0.3743725E-01 0.5942675E-01 0.7942113E-01 0.9711485E-01 0.1120785 0.1238435 0.1319060 0.1357050 0.1345857 0.1277473 0.1141772 0.9258236E-01 0.6149763E-01 0.2842942E-01 0.2842942E-01 -9999.000 -9999.000 -9999.000 -9999.000 -9999.000 -9999.000 -9999.000 -9999.000 -9999.000 -9999.000 -9999.000 -9999.000 -9999.000 -9999.000 -9999.000 -9999.000 -9999.000 -9999.000 -9999.000 -9999.000 -9999.000 -9999.000 -9999.000 -9999.000 -9999.000 -9999.000 -9999.000
-9999.000 -9999.000 -9999.000 -9999.000 -9999.000 -9999.000 -9999.000 -9999.000 -9999.000 -9999.000 -9999.000 -9999.000 -9999.000 -9999.000 -9999.000 0.2065163E-01 0.4382757E-01 0.6848053E-01 0.9097251E-01 0.1111280 0.1285147 0.1426270 0.1529011 0.1586806 0.1591538 0.1532582 0.1395392 0.1159499 0.7973518E-01 0.3793073E-01 0.3793073E-01 -9999.000 -9999.000 -9999.000 -9999.000 -9999.000 -9999.000 -9999.000 -9999.000 -9999.000 -9999.000 -9999.000 -9999.000 -9999.000 -9999.000 -9999.000 -9999.000 -9999.000 -9999.000 -9999.000 -9999.000 -9999.000 -9999.000 -9999.000 -9999.000 -9999.000 -9999.000 -9999.000
-9999.000 -9999.000 -9999.000 -9999.000 -9999.000 -9999.000 -9999.000 -9999.000 -9999.000 -9999.000 -9999.000 -9999.000 -9999.000 -9999.000 -9999.000 0.2440437E-01 0.5095401E-01 0.7864174E-01 0.1040194 0.1270649 0.1473706 0.1644262 0.1776464 0.1863226 0.1895233 0.1859304 0.1735562 0.1492435 0.1078950 0.5344555E-01 0.5344555E-01 -9999.000 -9999.000 -9999.000 -9999.000 -9999.000 -9999.000 -9999.000 -9999.000 -9999.000 -9999.000 -9999.000 -9999.000 -9999.000 -9999.000 -9999.000 -9999.000 -9999.000 -9999.000 -9999.000 -9999.000 -9999.000 -9999.000 -9999.000 -9999.000 -9999.000 -9999.000 -9999.000
-9999.000 -9999.000 -9999.000 -9999.000 -9999.000 -9999.000 -9999.000 -9999.000 -9999.000 -9999.000 -9999.000 -9999.000 -9999.000 -9999.000 -9999.000 0.3690943E-01 0.6830472E-01 0.9977730E-01 0.1276855 0.1527605 0.1750539 0.1943489 0.2102443 0.2221303 0.2290841 0.2296425 0.2213105 0.1994516 0.1546981 0.7710934E-01 0.7710934E-01 -9999.000 -9999.000 -9999.000 -9999.000 -9999.000 -9999.000 -9999.000 -9999.000 -9999.000 -9999.000 -9999.000 -9999.000 -9999.000 -9999.000 -9999.000 -9999.000 -9999.000 -9999.000 -9999.000 -9999.000 -9999.000 -9999.000 -9999.000 -9999.000 -9999.000 -9999.000 -9999.000
1.162032 1.162032 1.110892 1.076423 1.058405 1.058405 1.039206 0.9986375 0.9986375 0.9541983 0.9541983 0.8979173 0.8607854 0.8131865 0.7494117 0.7494117 0.6077549 0.5505902 0.4964642 0.4486004 0.4089955 0.3784715 0.3568109 0.3430706 0.3360298 0.3347684 0.3395313 0.3534175 0.3866376 0.4527013 0.4527013 1.192245 1.435187 1.610339 1.620322 1.620322 1.505076 1.505076 1.274630 1.274630 0.7364004 0.5163402 0.5163402 0.5269308 0.5269308 0.5803925 0.5803925 0.5803925 0.6397370 0.6397370 0.6887079 0.6887079 0.7306387 0.7306387 0.7651203 0.7651203 0.8090191 0.8090191
1.176284 1.176284 1.125788 1.101137 1.087825 1.087825 1.073061 1.040224 1.040224 1.001695 1.001695 0.9506400 0.9184345 0.8816293 0.8413357 0.8413357 0.7736395 0.7382883 0.6980447 0.6547113 0.6106638 0.5685803 0.5311336 0.5007380 0.4794763 0.4693522 0.4730768 0.4958354 0.5494234 0.6573263 0.6573263 1.160748 1.343717 1.475502 1.496750 1.496750 1.487311 1.487311 1.425876 1.425876 1.242157 0.8879316 0.8879316 0.8895332 0.8895332 0.9244260 0.9244260 0.9244260 0.9750742 0.9750742 1.016108 1.016108 1.054369 1.054369 1.068627 1.068627 1.118133 1.118133
1.179728 1.179728 1.125982 1.101807 1.088947 1.088947 1.074790 1.043953 1.043953 1.009539 1.009539 0.9671273 0.9420663 0.9148406 0.8865872 0.8865872 0.8454087 0.8252887 0.8010238 0.7725577 0.7406699 0.7068884 0.6734092 0.6429920 0.6188652 0.6047480 0.6052087 0.6268157 0.6812412 0.7928185 0.7928185 1.177377 1.339715 1.467299 1.495165 1.495165 1.504954 1.504954 1.466987 1.466987 1.398000 1.130705 1.130705 1.080925 1.080925 1.095605 1.095605 1.095605 1.146486 1.146486 1.181076 1.181076 1.212662 1.212662 1.235236 1.235236 1.268316 1.268316
1.182705 1.182705 1.126246 1.102477 1.090026 1.090026 1.076428 1.047456 1.047456 1.016731 1.016731 0.9812473 0.9613420 0.9404761 0.9194784 0.9194784 0.8924289 0.8805681 0.8661389 0.8485565 0.8278310 0.8045894 0.7801387 0.7565323 0.7366183 0.7241272 0.7239305 0.7428051 0.7916225 0.8923375 0.8923375 1.196100 1.344205 1.467643 1.495545 1.495545 1.505147 1.505147 1.478615 1.478615 1.450853 1.302686 1.302686 1.214750 1.214750 1.222500 1.222500 1.222500 1.260389 1.260389 1.290035 1.290035 1.316444 1.316444 1.336267 1.336267 1.361097 1.361097
1.185612 1.185612 1.126774 1.103525 1.091566 1.091566 1.078621 1.051735 1.051735 1.024822 1.024822 0.9957707 0.9802479 0.9644551 0.9488710 0.9488710 0.9315712 0.9245104 0.9157501 0.9048688 0.8917760 0.8767449 0.8605259 0.8444925 0.8307896 0.8224993 0.8239115 0.8411233 0.8836758 0.9706155 0.9706155 1.213648 1.347189 1.459061 1.481748 1.481748 1.485660 1.485660 1.473443 1.473443 1.467225 1.408677 1.408677 1.330287 1.330287 1.315163 1.315163 1.315163 1.342863 1.342863 1.368376 1.368376 1.391064 1.391064 1.408599 1.408599 1.427837 1.427837
1.188234 1.188234 1.127388 1.104805 1.093402 1.093402 1.081182 1.056538 1.056538 1.033523 1.033523 1.010712 0.9992905 0.9881395 0.9774019 0.9774019 0.9686164 0.9648019 0.9593307 0.9522085 0.9436010 0.9338177 0.9234081 0.9133241 0.9051084 0.9011117 0.9047858 0.9212114 0.9584177 1.032805 1.032805 1.228424 1.345806 1.437104 1.451450 1.451450 1.454458 1.454458 1.463439 1.463439 1.472150 1.467587 1.467587 1.423837 1.423837 1.393271 1.393271 1.393271 1.410102 1.410102 1.430406 1.430406 1.449483 1.449483 1.464703 1.464703 1.479745 1.479745
1.190525 1.190525 1.128035 1.106227 1.095414 1.095414 1.083954 1.061606 1.061606 1.042475 1.042475 1.025792 1.018411 1.011898 1.006114 1.006114 1.006140 1.004918 1.001400 0.9961146 0.9896435 0.9825441 0.9754090 0.9690030 0.9644512 0.9634744 0.9687091 0.9842089 1.016582 1.079927 1.079927 1.236776 1.335730 1.399152 1.406797 1.406797 1.421159 1.421159 1.454445 1.454445 1.473951 1.499543 1.499543 1.490706 1.490706 1.461580 1.461580 1.461580 1.468764 1.468764 1.482760 1.482760 1.497643 1.497643 1.510124 1.510124 1.521606 1.521606
1.192422 1.192422 1.128677 1.107709 1.097498 1.097498 1.086800 1.066716 1.066716 1.051359 1.051359 1.040682 1.037387 1.035765 1.035536 1.035536 1.045766 1.046852 1.044434 1.039656 1.033597 1.027162 1.021116 1.016183 1.013202 1.013363 1.018552 1.031892 1.058774 1.111136 1.111136 1.233136 1.310508 1.346560 1.354804 1.354804 1.392781 1.392781 1.447685 1.447685 1.474660 1.517351 1.517351 1.533668 1.533668 1.518970 1.518970 1.518970 1.520723 1.520723 1.528645 1.528645 1.538774 1.538774 1.547900 1.547900 1.555943 1.555943
1.193844 1.193844 1.129280 1.109181 1.099558 1.099558 1.089596 1.071669 1.071669 1.059881 1.059881 1.055018 1.055872 1.059538 1.065909 1.065909 1.088966 1.092153 1.090093 1.084714 1.077678 1.070292 1.063545 1.058171 1.054754 1.053919 1.056770 1.065538 1.084707 1.124644 1.124644 1.210461 1.263300 1.286733 1.304188 1.304188 1.370870 1.370870 1.441987 1.441987 1.474056 1.527045 1.527045 1.559338 1.559338 1.563509 1.563509 1.563509 1.565105 1.565105 1.568872 1.568872 1.574380 1.574380 1.579676 1.579676 1.584167 1.584167
1.194700 1.194700 1.129822 1.110581 1.101510 1.101510 1.092233 1.076290 1.076290 1.067775 1.067775 1.068403 1.073397 1.082743 1.097129 1.097129 1.137435 1.142370 1.139771 1.132614 1.123276 1.113516 1.104560 1.097132 1.091442 1.087269 1.084606 1.084734 1.091784 1.115874 1.115874 1.167607 1.194219 1.230045 1.255060 1.255060 1.351776 1.351776 1.435032 1.435032 1.470947 1.531023 1.531023 1.573508 1.573508 1.595279 1.595279 1.595279 1.600719 1.600719 1.603108 1.603108 1.605004 1.605004 1.606428 1.606428 1.607168 1.607168
1.194890 1.194890 1.130289 1.111861 1.103283 1.103283 1.094617 1.080428 1.080428 1.074808 1.074808 1.080430 1.089389 1.104588 1.128445 1.128445 1.193341 1.199283 1.194849 1.184421 1.171278 1.157699 1.145158 1.134300 1.124631 1.114271 1.101225 1.085933 1.073867 1.076072 1.076072 1.095679 1.115309 1.182472 1.226297 1.226297 1.335770 1.335770 1.429184 1.429184 1.467936 1.532755 1.532755 1.581563 1.581563 1.616987 1.616987 1.616987 1.627876 1.627876 1.631208 1.631208 1.630959 1.630959 1.628971 1.628971 1.625965 1.625965
