cruce_test.gid/Rasters/Hydraulic/Velocity____44.0.asc
NCOLS        79
NROWS        79
XLLCENTER         -1.500000
YLLCENTER         -4.800000
CELLSIZE           0.100
NODATA_VALUE     -9999.0
[rows 0 to 26 of 79, columns 0 to 59 of 79]
-9999.000 -9999.000 -9999.000 -9999.000 -9999.000 -9999.000 -9999.000 -9999.000 -9999.000 -9999.000 -9999.000 -9999.000 -9999.000 -9999.000 -9999.000 0.2906824 0.2897805 0.2900489 0.2905127 0.2910630 0.2916805 0.2923584 0.2930897 0.2938683 0.2946906 0.2955601 0.2964931 0.2975260 0.2986048 0.2951442 0.2951442 -9999.000 -9999.000 -9999.000 -9999.000 -9999.000 -9999.000 -9999.000 -9999.000 -9999.000 -9999.000 -9999.000 -9999.000 -9999.000 -9999.000 -9999.000 -9999.000 -9999.000 -9999.000 -9999.000 -9999.000 -9999.000 -9999.000 -9999.000 -9999.000 -9999.000 -9999.000 -9999.000 -9999.000 -9999.000
-9999.000 -9999.000 -9999.000 -9999.000 -9999.000 -9999.000 -9999.000 -9999.000 -9999.000 -9999.000 -9999.000 -9999.000 -9999.000 -9999.000 -9999.000 0.2858272 0.2834988 0.2839719 0.2848234 0.2858185 0.2869148 0.2880980 0.2893591 0.2906940 0.2921087 0.2936273 0.2953027 0.2972234 0.2992704 0.2925938 0.2925938 -9999.000 -9999.000 -9999.000 -9999.000 -9999.000 -9999.000 -9999.000 -9999.000 -9999.000 -9999.000 -9999.000 -9999.000 -9999.000 -9999.000 -9999.000 -9999.000 -9999.000 -9999.000 -9999.000 -9999.000 -9999.000 -9999.000 -9999.000 -9999.000 -9999.000 -9999.000 -9999.000 -9999.000 -9999.000
-9999.000 -9999.000 -9999.000 -9999.000 -9999.000 -9999.000 -9999.000 -9999.000 -9999.000 -9999.000 -9999.000 -9999.000 -9999.000 -9999.000 -9999.000 0.2790831 0.2749667 0.2757505 0.2772206 0.2789651 0.2808986 0.2829885 0.2852160 0.2875734 0.2900715 0.2927470 0.2956731 0.2989568 0.3023139 0.2920434 0.2920434 -9999.000 -9999.000 -9999.000 -9999.000 -9999.000 -9999.000 -9999.000 -9999.000 -9999.000 -9999.000 -9999.000 -9999.000 -9999.000 -9999.000 -9999.000 -9999.000 -9999.000 -9999.000 -9999.000 -9999.000 -9999.000 -9999.000 -9999.000 -9999.000 -9999.000 -9999.000 -9999.000 -9999.000 -9999.000
-9999.000 -9999.000 -9999.000 -9999.000 -9999.000 -9999.000 -9999.000 -9999.000 -9999.000 -9999.000 -9999.000 -9999.000 -9999.000 -9999.000 -9999.000 0.2711654 0.2651030 0.2663029 0.2685680 0.2712846 0.2743147 0.2775999 0.2811044 0.2848108 0.2887271 0.2928976 0.2974111 0.3023904 0.3073713 0.2937596 0.2937596 -9999.000 -9999.000 -9999.000 -9999.000 -9999.000 -9999.000 -9999.000 -9999.000 -9999.000 -9999.000 -9999.000 -9999.000 -9999.000 -9999.000 -9999.000 -9999.000 -9999.000 -9999.000 -9999.000 -9999.000 -9999.000 -9999.000 -9999.000 -9999.000 -9999.000 -9999.000 -9999.000 -9999.000 -9999.000
-9999.000 -9999.000 -9999.000 -9999.000 -9999.000 -9999.000 -9999.000 -9999.000 -9999.000 -9999.000 -9999.000 -9999.000 -9999.000 -9999.000 -9999.000 0.2620748 0.2539924 0.2557172 0.2589476 0.2628454 0.2672118 0.2719566 0.2770222 0.2823772 0.2880258 0.2940189 0.3004629 0.3075017 0.3144768 0.2978716 0.2978716 -9999.000 -9999.000 -9999.000 -9999.000 -9999.000 -9999.000 -9999.000 -9999.000 -9999.000 -9999.000 -9999.000 -9999.000 -9999.000 -9999.000 -9999.000 -9999.000 -9999.000 -9999.000 -9999.000 -9999.000 -9999.000 -9999.000 -9999.000 -9999.000 -9999.000 -9999.000 -9999.000 -9999.000 -9999.000
-9999.000 -9999.000 -9999.000 -9999.000 -9999.000 -9999.000 -9999.000 -9999.000 -9999.000 -9999.000 -9999.000 -9999.000 -9999.000 -9999.000 -9999.000 0.2517408 0.2416817 0.2440510 0.2484157 0.2536967 0.2596277 0.2660819 0.2729773 0.2802679 0.2879553 0.2961016 0.3048395 0.3143449 0.3237599 0.3046228 0.3046228 -9999.000 -9999.000 -9999.000 -9999.000 -9999.000 -9999.000 -9999.000 -9999.000 -9999.000 -9999.000 -9999.000 -9999.000 -9999.000 -9999.000 -9999.000 -9999.000 -9999.000 -9999.000 -9999.000 -9999.000 -9999.000 -9999.000 -9999.000 -9999.000 -9999.000 -9999.000 -9999.000 -9999.000 -9999.000
-9999.000 -9999.000 -9999.000 -9999.000 -9999.000 -9999.000 -9999.000 -9999.000 -9999.000 -9999.000 -9999.000 -9999.000 -9999.000 -9999.000 -9999.000 0.2400244 0.2281873 0.2313438 0.2370173 0.2438829 0.2516012 0.2600065 0.2689913 0.2784975 0.2885306 0.2991742 0.3106017 0.3230413 0.3354455 0.3143847 0.3143847 -9999.000 -9999.000 -9999.000 -9999.000 -9999.000 -9999.000 -9999.000 -9999.000 -9999.000 -9999.000 -9999.000 -9999.000 -9999.000 -9999.000 -9999.000 -9999.000 -9999.000 -9999.000 -9999.000 -9999.000 -9999.000 -9999.000 -9999.000 -9999.000 -9999.000 -9999.000 -9999.000 -9999.000 -9999.000
-9999.000 -9999.000 -9999.000 -9999.000 -9999.000 -9999.000 -9999.000 -9999.000 -9999.000 -9999.000 -9999.000 -9999.000 -9999.000 -9999.000 -9999.000 0.2267209 0.2135035 0.2176273 0.2247992 0.2334562 0.2431845 0.2537777 0.2651053 0.2771040 0.2897943 0.3032986 0.3178556 0.3337793 0.3498650 0.3276915 0.3276915 -9999.000 -9999.000 -9999.000 -9999.000 -9999.000 -9999.000 -9999.000 -9999.000 -9999.000 -9999.000 -9999.000 -9999.000 -9999.000 -9999.000 -9999.000 -9999.000 -9999.000 -9999.000 -9999.000 -9999.000 -9999.000 -9999.000 -9999.000 -9999.000 -9999.000 -9999.000 -9999.000 -9999.000 -9999.000
-9999.000 -9999.000 -9999.000 -9999.000 -9999.000 -9999.000 -9999.000 -9999.000 -9999.000 -9999.000 -9999.000 -9999.000 -9999.000 -9999.000 -9999.000 0.2115648 0.1976084 0.2029382 0.2118250 0.2224945 0.2344590 0.2474736 0.2613916 0.2761558 0.2918201 0.3085726 0.3267554 0.3468221 0.3674811 0.3453061 0.3453061 -9999.000 -9999.000 -9999.000 -9999.000 -9999.000 -9999.000 -9999.000 -9999.000 -9999.000 -9999.000 -9999.000 -9999.000 -9999.000 -9999.000 -9999.000 -9999.000 -9999.000 -9999.000 -9999.000 -9999.000 -9999.000 -9999.000 -9999.000 -9999.000 -9999.000 -9999.000 -9999.000 -9999.000 -9999.000
-9999.000 -9999.000 -9999.000 -9999.000 -9999.000 -9999.000 -9999.000 -9999.000 -9999.000 -9999.000 -9999.000 -9999.000 -9999.000 -9999.000 -9999.000 0.1942374 0.1804719 0.1873324 0.1981963 0.2111230 0.2255581 0.2412247 0.2579718 0.2757673 0.2947257 0.3151396 0.3375120 0.3625245 0.3889328 0.3683432 0.3683432 -9999.000 -9999.000 -9999.000 -9999.000 -9999.000 -9999.000 -9999.000 -9999.000 -9999.000 -9999.000 -9999.000 -9999.000 -9999.000 -9999.000 -9999.000 -9999.000 -9999.000 -9999.000 -9999.000 -9999.000 -9999.000 -9999.000 -9999.000 -9999.000 -9999.000 -9999.000 -9999.000 -9999.000 -9999.000
-9999.000 -9999.000 -9999.000 -9999.000 -9999.000 -9999.000 -9999.000 -9999.000 -9999.000 -9999.000 -9999.000 -9999.000 -9999.000 -9999.000 -9999.000 0.1743813 0.1620701 0.1709112 0.1840841 0.1995499 0.2167017 0.2352458 0.2550468 0.2761260 0.2986958 0.3232082 0.3504129 0.3813617 0.4151078 0.3985007 0.3985007 -9999.000 -9999.000 -9999.000 -9999.000 -9999.000 -9999.000 -9999.000 -9999.000 -9999.000 -9999.000 -9999.000 -9999.000 -9999.000 -9999.000 -9999.000 -9999.000 -9999.000 -9999.000 -9999.000 -9999.000 -9999.000 -9999.000 -9999.000 -9999.000 -9999.000 -9999.000 -9999.000 -9999.000 -9999.000
-9999.000 -9999.000 -9999.000 -9999.000 -9999.000 -9999.000 -9999.000 -9999.000 -9999.000 -9999.000 -9999.000 -9999.000 -9999.000 -9999.000 -9999.000 0.1516294 0.1424171 0.1538701 0.1697869 0.1881240 0.2082524 0.2298900 0.2529501 0.2775441 0.3040311 0.3330956 0.3658596 0.4039763 0.4472633 0.4385265 0.4385265 -9999.000 -9999.000 -9999.000 -9999.000 -9999.000 -9999.000 -9999.000 -9999.000 -9999.000 -9999.000 -9999.000 -9999.000 -9999.000 -9999.000 -9999.000 -9999.000 -9999.000 -9999.000 -9999.000 -9999.000 -9999.000 -9999.000 -9999.000 -9999.000 -9999.000 -9999.000 -9999.000 -9999.000 -9999.000
-9999.000 -9999.000 -9999.000 -9999.000 -9999.000 -9999.000 -9999.000 -9999.000 -9999.000 -9999.000 -9999.000 -9999.000 -9999.000 -9999.000 -9999.000 0.1256559 0.1216453 0.1366029 0.1558366 0.1774342 0.2008087 0.2257422 0.2522425 0.2805566 0.3112470 0.3453224 0.3844519 0.4312639 0.4872293 0.4932621 0.4932621 -9999.000 -9999.000 -9999.000 -9999.000 -9999.000 -9999.000 -9999.000 -9999.000 -9999.000 -9999.000 -9999.000 -9999.000 -9999.000 -9999.000 -9999.000 -9999.000 -9999.000 -9999.000 -9999.000 -9999.000 -9999.000 -9999.000 -9999.000 -9999.000 -9999.000 -9999.000 -9999.000 -9999.000 -9999.000
-9999.000 -9999.000 -9999.000 -9999.000 -9999.000 -9999.000 -9999.000 -9999.000 -9999.000 -9999.000 -9999.000 -9999.000 -9999.000 -9999.000 -9999.000 0.9626057E-01 0.1002692 0.1200395 0.1433356 0.1686259 0.1955006 0.2238969 0.2539813 0.2861891 0.3213454 0.3608819 0.4072363 0.4645873 0.5377731 0.5724006 0.5724006 -9999.000 -9999.000 -9999.000 -9999.000 -9999.000 -9999.000 -9999.000 -9999.000 -9999.000 -9999.000 -9999.000 -9999.000 -9999.000 -9999.000 -9999.000 -9999.000 -9999.000 -9999.000 -9999.000 -9999.000 -9999.000 -9999.000 -9999.000 -9999.000 -9999.000 -9999.000 -9999.000 -9999.000 -9999.000
-9999.000 -9999.000 -9999.000 -9999.000 -9999.000 -9999.000 -9999.000 -9999.000 -9999.000 -9999.000 -9999.000 -9999.000 -9999.000 -9999.000 -9999.000 0.6448382E-01 0.8721043E-01 0.1161351 0.1447150 0.1732966 0.2024561 0.2327863 0.2649373 0.2997405 0.3384137 0.3829205 0.4366852 0.5062017 0.6028813 0.6982412 0.6982412 -9999.000 -9999.000 -9999.000 -9999.000 -9999.000 -9999.000 -9999.000 -9999.000 -9999.000 -9999.000 -9999.000 -9999.000 -9999.000 -9999.000 -9999.000 -9999.000 -9999.000 -9999.000 -9999.000 -9999.000 -9999.000 -9999.000 -9999.000 -9999.000 -9999.000 -9999.000 -9999.000 -9999.000 -9999.000
1.452594 1.452594 1.354742 1.301061 1.277283 1.277283 1.254640 1.210695 1.210695 1.164036 1.164036 1.106915 1.070202 1.023532 0.9606096 0.9606096 0.8161592 0.7540796 0.6904271 0.6289186 0.5732785 0.5271041 0.4936108 0.4755009 0.4750838 0.4948022 0.5384789 0.6140644 0.7390739 0.9673887 0.9673887 1.465730 1.658646 1.766575 1.748739 1.748739 1.613841 1.613841 1.401010 1.401010 1.192317 0.7778465 0.7778465 0.7654372 0.7654372 0.7973120 0.7973120 0.7973120 0.8492842 0.8492842 0.8905208 0.8905208 0.9248365 0.9248365 0.9699200 0.9699200 0.9982427 0.9982427 0.9982427 1.020595
1.468548 1.468548 1.374272 1.331018 1.313176 1.313176 1.296313 1.263255 1.263255 1.226267 1.226267 1.177880 1.146851 1.110578 1.070397 1.070397 1.010639 0.9803682 0.9434415 0.9006227 0.8536078 0.8050709 0.7586544 0.7189026 0.6911573 0.6814806 0.6968043 0.7458069 0.8408794 1.003210 1.003210 1.373960 1.515375 1.611795 1.625710 1.625710 1.612853 1.612853 1.544073 1.544073 1.457040 1.062727 1.062727 1.042822 1.042822 1.078312 1.078312 1.078312 1.133044 1.133044 1.176174 1.176174 1.197461 1.197461 1.251772 1.251772 1.284716 1.284716 1.284716 1.312046
1.466506 1.466506 1.381148 1.331772 1.314177 1.314177 1.297712 1.266079 1.266079 1.232098 1.232098 1.190647 1.166031 1.139109 1.111467 1.111467 1.080211 1.067590 1.051078 1.029875 1.003940 0.9740693 0.9420341 0.9107280 0.8843104 0.8683417 0.8699610 0.8983288 0.9657061 1.091526 1.091526 1.401076 1.529793 1.627111 1.648772 1.648772 1.655540 1.655540 1.619218 1.619218 1.575586 1.310025 1.310025 1.214481 1.214481 1.230053 1.230053 1.230053 1.286479 1.286479 1.325141 1.325141 1.354116 1.354116 1.393795 1.393795 1.422372 1.422372 1.422372 1.445239
1.466231 1.466231 1.385161 1.332105 1.314884 1.314884 1.298806 1.268360 1.268360 1.237007 1.237007 1.201301 1.181439 1.160772 1.140556 1.140556 1.123394 1.119085 1.113187 1.104830 1.093544 1.079321 1.062783 1.045397 1.029708 1.019583 1.020515 1.040129 1.089253 1.186678 1.186678 1.437770 1.555586 1.647833 1.666759 1.666759 1.671186 1.671186 1.651888 1.651888 1.634812 1.492994 1.492994 1.361757 1.361757 1.360251 1.360251 1.360251 1.403643 1.403643 1.437858 1.437858 1.464228 1.464228 1.495813 1.495813 1.520844 1.520844 1.520844 1.540407
1.466894 1.466894 1.388544 1.332479 1.315602 1.315602 1.299986 1.271024 1.271024 1.242612 1.242612 1.212584 1.197005 1.181595 1.167200 1.167200 1.160412 1.160819 1.160489 1.159031 1.156230 1.152026 1.146631 1.140726 1.135705 1.133951 1.139178 1.156986 1.196009 1.273459 1.273459 1.474229 1.577606 1.654699 1.665517 1.665517 1.662555 1.662555 1.658635 1.658635 1.659164 1.608070 1.608070 1.498063 1.498063 1.462276 1.462276 1.462276 1.492830 1.492830 1.522626 1.522626 1.546762 1.546762 1.572708 1.572708 1.594514 1.594514 1.594514 1.611480
1.467527 1.467527 1.391111 1.333034 1.316483 1.316483 1.301342 1.273985 1.273985 1.248648 1.248648 1.224237 1.212738 1.202259 1.193318 1.193318 1.196788 1.200865 1.203955 1.206221 1.207921 1.209300 1.210614 1.212267 1.215001 1.220137 1.229908 1.248076 1.281124 1.344550 1.344550 1.503837 1.589615 1.641353 1.642270 1.642270 1.638248 1.638248 1.654015 1.654015 1.667444 1.670608 1.670608 1.609095 1.609095 1.551142 1.551142 1.551142 1.566640 1.566640 1.590006 1.590006 1.611218 1.611218 1.632814 1.632814 1.651504 1.651504 1.651504 1.665885
1.467968 1.467968 1.392921 1.333672 1.317459 1.317459 1.302814 1.277106 1.277106 1.254839 1.254839 1.235873 1.228319 1.222699 1.219393 1.219393 1.234569 1.242261 1.247970 1.252403 1.256321 1.260373 1.265070 1.270833 1.278102 1.287485 1.299980 1.317772 1.345479 1.396940 1.396940 1.520070 1.584597 1.603940 1.599083 1.599083 1.607612 1.607612 1.645574 1.645574 1.668561 1.701443 1.701443 1.686015 1.686015 1.630070 1.630070 1.630070 1.631477 1.631477 1.646389 1.646389 1.663287 1.663287 1.680799 1.680799 1.696071 1.696071 1.696071 1.707606
1.468173 1.468173 1.394077 1.334369 1.318501 1.318501 1.304345 1.280246 1.280246 1.260925 1.260925 1.247128 1.243379 1.242647 1.245485 1.245485 1.275025 1.286641 1.294705 1.300512 1.305336 1.310252 1.316084 1.323399 1.332530 1.343531 1.356135 1.371006 1.391187 1.428684 1.428684 1.515783 1.554496 1.544557 1.544100 1.544100 1.577717 1.577717 1.635905 1.635905 1.665721 1.715087 1.715087 1.731519 1.731519 1.696287 1.696287 1.696287 1.689206 1.689206 1.695443 1.695443 1.706693 1.706693 1.719542 1.719542 1.730937 1.730937 1.730937 1.739378
1.468086 1.468086 1.394558 1.335062 1.319539 1.319539 1.305856 1.283279 1.283279 1.266694 1.266694 1.257685 1.257551 1.261709 1.271368 1.271368 1.319402 1.335365 1.345679 1.352352 1.357218 1.361795 1.367244 1.374323 1.383337 1.393739 1.403345 1.410987 1.418494 1.436223 1.436223 1.483217 1.493508 1.472850 1.488029 1.488029 1.551209 1.551209 1.625123 1.625123 1.659787 1.718990 1.718990 1.754648 1.754648 1.746496 1.746496 1.746496 1.738535 1.738535 1.738341 1.738341 1.743510 1.743510 1.751006 1.751006 1.758002 1.758002 1.758002 1.762974
1.467708 1.467708 1.394390 1.335772 1.320571 1.320571 1.307313 1.286095 1.286095 1.271958 1.271958 1.267261 1.270465 1.279378 1.296440 1.296440 1.369191 1.389898 1.402351 1.409430 1.413602 1.416880 1.420805 1.426358 1.433851 1.441882 1.444367 1.437600 1.423567 1.414165 1.414165 1.419952 1.404879 1.397697 1.435762 1.435762 1.526600 1.526600 1.612304 1.612304 1.650707 1.716609 1.716609 1.763727 1.763727 1.780314 1.780314 1.780314 1.777566 1.777566 1.774696 1.774696 1.774615 1.774615 1.776515 1.776515 1.778602 1.778602 1.778602 1.779702
1.466984 1.466984 1.393502 1.336428 1.321519 1.321519 1.308635 1.288598 1.288598 1.276584 1.276584 1.275645 1.281821 1.295128 1.319587 1.319587 1.426306 1.452006 1.466347 1.473327 1.476074 1.477078 1.478423 1.481362 1.486318 1.490584 1.478991 1.445518 1.397764 1.353690 1.353690 1.321289 1.303949 1.342208 1.385559 1.385559 1.504574 1.504574 1.599279 1.599279 1.640584 1.711146 1.711146 1.765135 1.765135 1.800643 1.800643 1.800643 1.805908 1.805908 1.803932 1.803932 1.800368 1.800368 1.797047 1.797047 1.793974 1.793974 1.793974 1.790925
1.465904 1.465904 1.391888 1.337046 1.322371 1.322371 1.309785 1.290709 1.290709 1.280453 1.280453 1.282672 1.291399 1.308526 1.339022 1.339022 1.494909 1.523768 1.539140 1.545356 1.545948 1.543901 1.541664 1.540906 1.542415 1.541786 1.501799 1.423403 1.332933 1.255543 1.255543 1.202514 1.204133 1.290865 1.350187 1.350187 1.483124 1.483124 1.585808 1.585808 1.629379 1.703165 1.703165 1.761401 1.761401 1.810088 1.810088 1.810088 1.823366 1.823366 1.824503 1.824503 1.819419 1.819419 1.811867 1.811867 1.803905 1.803905 1.803905 1.796782
