cruce_test.gid/Rasters/Hydraulic/Velocity__x_256.0.asc
NCOLS        79
NROWS        79
XLLCENTER         -1.500000
YLLCENTER         -4.800000
CELLSIZE           0.100
NODATA_VALUE     -9999.0
[rows 0 to 25 of 79, columns 0 to 57 of 79]
-9999.000 -9999.000 -9999.000 -9999.000 -9999.000 -9999.000 -9999.000 -9999.000 -9999.000 -9999.000 -9999.000 -9999.000 -9999.000 -9999.000 -9999.000 -0.1003549E-02 -0.1629515E-03 0.3334581E-02 0.7822623E-02 0.1216053E-01 0.1564146E-01 0.1806965E-01 0.1943220E-01 0.1982048E-01 0.1936800E-01 0.1817358E-01 0.1630485E-01 0.1367607E-01 0.9642518E-02 0.4730101E-02 0.4730101E-02 -9999.000 -9999.000 -9999.000 -9999.000 -9999.000 -9999.000 -9999.000 -9999.000 -9999.000 -9999.000 -9999.000 -9999.000 -9999.000 -9999.000 -9999.000 -9999.000 -9999.000 -9999.000 -9999.000 -9999.000 -9999.000 -9999.000 -9999.000 -9999.000 -9999.000 -9999.000 -9999.000
-9999.000 -9999.000 -9999.000 -9999.000 -9999.000 -9999.000 -9999.000 -9999.000 -9999.000 -9999.000 -9999.000 -9999.000 -9999.000 -9999.000 -9999.000 0.2413817E-03 0.2299369E-02 0.6872277E-02 0.1230771E-01 0.1749988E-01 0.2172087E-01 0.2470946E-01 0.2639090E-01 0.2680831E-01 0.2606265E-01 0.2424183E-01 0.2142100E-01 0.1755447E-01 0.1212790E-01 0.5929934E-02 0.5929934E-02 -9999.000 -9999.000 -9999.000 -9999.000 -9999.000 -9999.000 -9999.000 -9999.000 -9999.000 -9999.000 -9999.000 -9999.000 -9999.000 -9999.000 -9999.000 -9999.000 -9999.000 -9999.000 -9999.000 -9999.000 -9999.000 -9999.000 -9999.000 -9999.000 -9999.000 -9999.000 -9999.000
-9999.000 -9999.000 -9999.000 -9999.000 -9999.000 -9999.000 -9999.000 -9999.000 -9999.000 -9999.000 -9999.000 -9999.000 -9999.000 -9999.000 -9999.000 0.7284027E-03 0.3352677E-02 0.8575301E-02 0.1462091E-01 0.2034288E-01 0.2498264E-01 0.2826169E-01 0.3009211E-01 0.3051056E-01 0.2961683E-01 0.2750235E-01 0.2425325E-01 0.1983609E-01 0.1373316E-01 0.6753028E-02 0.6753028E-02 -9999.000 -9999.000 -9999.000 -9999.000 -9999.000 -9999.000 -9999.000 -9999.000 -9999.000 -9999.000 -9999.000 -9999.000 -9999.000 -9999.000 -9999.000 -9999.000 -9999.000 -9999.000 -9999.000 -9999.000 -9999.000 -9999.000 -9999.000 -9999.000 -9999.000 -9999.000 -9999.000
-9999.000 -9999.000 -9999.000 -9999.000 -9999.000 -9999.000 -9999.000 -9999.000 -9999.000 -9999.000 -9999.000 -9999.000 -9999.000 -9999.000 -9999.000 0.9871667E-03 0.3937747E-02 0.9564040E-02 0.1600421E-01 0.2207420E-01 0.2699126E-01 0.3046739E-01 0.3240896E-01 0.3285164E-01 0.3189733E-01 0.2963958E-01 0.2616872E-01 0.2145203E-01 0.1494451E-01 0.7403711E-02 0.7403711E-02 -9999.000 -9999.000 -9999.000 -9999.000 -9999.000 -9999.000 -9999.000 -9999.000 -9999.000 -9999.000 -9999.000 -9999.000 -9999.000 -9999.000 -9999.000 -9999.000 -9999.000 -9999.000 -9999.000 -9999.000 -9999.000 -9999.000 -9999.000 -9999.000 -9999.000 -9999.000 -9999.000
-9999.000 -9999.000 -9999.000 -9999.000 -9999.000 -9999.000 -9999.000 -9999.000 -9999.000 -9999.000 -9999.000 -9999.000 -9999.000 -9999.000 -9999.000 0.1166929E-02 0.4355525E-02 0.1028807E-01 0.1703361E-01 0.2337469E-01 0.2850895E-01 0.3214472E-01 0.3418509E-01 0.3466725E-01 0.3369561E-01 0.3136363E-01 0.2776379E-01 0.2285748E-01 0.1605862E-01 0.8025480E-02 0.8025480E-02 -9999.000 -9999.000 -9999.000 -9999.000 -9999.000 -9999.000 -9999.000 -9999.000 -9999.000 -9999.000 -9999.000 -9999.000 -9999.000 -9999.000 -9999.000 -9999.000 -9999.000 -9999.000 -9999.000 -9999.000 -9999.000 -9999.000 -9999.000 -9999.000 -9999.000 -9999.000 -9999.000
-9999.000 -9999.000 -9999.000 -9999.000 -9999.000 -9999.000 -9999.000 -9999.000 -9999.000 -9999.000 -9999.000 -9999.000 -9999.000 -9999.000 -9999.000 0.1330729E-02 0.4736688E-02 0.1094764E-01 0.1796965E-01 0.2455492E-01 0.2988482E-01 0.3366730E-01 0.3580473E-01 0.3633682E-01 0.3537116E-01 0.3300002E-01 0.2931686E-01 0.2427281E-01 0.1722847E-01 0.8696014E-02 0.8696014E-02 -9999.000 -9999.000 -9999.000 -9999.000 -9999.000 -9999.000 -9999.000 -9999.000 -9999.000 -9999.000 -9999.000 -9999.000 -9999.000 -9999.000 -9999.000 -9999.000 -9999.000 -9999.000 -9999.000 -9999.000 -9999.000 -9999.000 -9999.000 -9999.000 -9999.000 -9999.000 -9999.000
-9999.000 -9999.000 -9999.000 -9999.000 -9999.000 -9999.000 -9999.000 -9999.000 -9999.000 -9999.000 -9999.000 -9999.000 -9999.000 -9999.000 -9999.000 0.1507677E-02 0.5141804E-02 0.1163554E-01 0.1893415E-01 0.2576033E-01 0.3128220E-01 0.3521096E-01 0.3744914E-01 0.3804148E-01 0.3709855E-01 0.3471105E-01 0.3097175E-01 0.2581856E-01 0.1854534E-01 0.9465872E-02 0.9465872E-02 -9999.000 -9999.000 -9999.000 -9999.000 -9999.000 -9999.000 -9999.000 -9999.000 -9999.000 -9999.000 -9999.000 -9999.000 -9999.000 -9999.000 -9999.000 -9999.000 -9999.000 -9999.000 -9999.000 -9999.000 -9999.000 -9999.000 -9999.000 -9999.000 -9999.000 -9999.000 -9999.000
-9999.000 -9999.000 -9999.000 -9999.000 -9999.000 -9999.000 -9999.000 -9999.000 -9999.000 -9999.000 -9999.000 -9999.000 -9999.000 -9999.000 -9999.000 0.1713899E-02 0.5603041E-02 0.1240053E-01 0.1998999E-01 0.2706584E-01 0.3278555E-01 0.3686711E-01 0.3921498E-01 0.3987975E-01 0.3897619E-01 0.3659201E-01 0.3281927E-01 0.2757864E-01 0.2008227E-01 0.1037862E-01 0.1037862E-01 -9999.000 -9999.000 -9999.000 -9999.000 -9999.000 -9999.000 -9999.000 -9999.000 -9999.000 -9999.000 -9999.000 -9999.000 -9999.000 -9999.000 -9999.000 -9999.000 -9999.000 -9999.000 -9999.000 -9999.000 -9999.000 -9999.000 -9999.000 -9999.000 -9999.000 -9999.000 -9999.000
-9999.000 -9999.000 -9999.000 -9999.000 -9999.000 -9999.000 -9999.000 -9999.000 -9999.000 -9999.000 -9999.000 -9999.000 -9999.000 -9999.000 -9999.000 0.1959461E-02 0.6141483E-02 0.1327472E-01 0.2117848E-01 0.2852067E-01 0.3445067E-01 0.3869685E-01 0.4116736E-01 0.4192092E-01 0.4107649E-01 0.3871803E-01 0.3493674E-01 0.2963168E-01 0.2191600E-01 0.1148338E-01 0.1148338E-01 -9999.000 -9999.000 -9999.000 -9999.000 -9999.000 -9999.000 -9999.000 -9999.000 -9999.000 -9999.000 -9999.000 -9999.000 -9999.000 -9999.000 -9999.000 -9999.000 -9999.000 -9999.000 -9999.000 -9999.000 -9999.000 -9999.000 -9999.000 -9999.000 -9999.000 -9999.000 -9999.000
-9999.000 -9999.000 -9999.000 -9999.000 -9999.000 -9999.000 -9999.000 -9999.000 -9999.000 -9999.000 -9999.000 -9999.000 -9999.000 -9999.000 -9999.000 0.2253695E-02 0.6776285E-02 0.1428613E-01 0.2253606E-01 0.3016791E-01 0.3632646E-01 0.4075538E-01 0.4336697E-01 0.4423062E-01 0.4347088E-01 0.4116703E-01 0.3740894E-01 0.3206953E-01 0.2414171E-01 0.1284330E-01 0.1284330E-01 -9999.000 -9999.000 -9999.000 -9999.000 -9999.000 -9999.000 -9999.000 -9999.000 -9999.000 -9999.000 -9999.000 -9999.000 -9999.000 -9999.000 -9999.000 -9999.000 -9999.000 -9999.000 -9999.000 -9999.000 -9999.000 -9999.000 -9999.000 -9999.000 -9999.000 -9999.000 -9999.000
-9999.000 -9999.000 -9999.000 -9999.000 -9999.000 -9999.000 -9999.000 -9999.000 -9999.000 -9999.000 -9999.000 -9999.000 -9999.000 -9999.000 -9999.000 0.2606598E-02 0.7527825E-02 0.1546645E-01 0.2410361E-01 0.3205629E-01 0.3846849E-01 0.4310439E-01 0.4588284E-01 0.4688672E-01 0.4624703E-01 0.4403696E-01 0.4034584E-01 0.3501474E-01 0.2689104E-01 0.1454654E-01 0.1454654E-01 -9999.000 -9999.000 -9999.000 -9999.000 -9999.000 -9999.000 -9999.000 -9999.000 -9999.000 -9999.000 -9999.000 -9999.000 -9999.000 -9999.000 -9999.000 -9999.000 -9999.000 -9999.000 -9999.000 -9999.000 -9999.000 -9999.000 -9999.000 -9999.000 -9999.000 -9999.000 -9999.000
-9999.000 -9999.000 -9999.000 -9999.000 -9999.000 -9999.000 -9999.000 -9999.000 -9999.000 -9999.000 -9999.000 -9999.000 -9999.000 -9999.000 -9999.000 0.3031076E-02 0.8422632E-02 0.1685554E-01 0.2593357E-01 0.3424917E-01 0.4094988E-01 0.4582705E-01 0.4880872E-01 0.4999444E-01 0.4952347E-01 0.4746213E-01 0.4390040E-01 0.3864057E-01 0.3035297E-01 0.1672139E-01 0.1672139E-01 -9999.000 -9999.000 -9999.000 -9999.000 -9999.000 -9999.000 -9999.000 -9999.000 -9999.000 -9999.000 -9999.000 -9999.000 -9999.000 -9999.000 -9999.000 -9999.000 -9999.000 -9999.000 -9999.000 -9999.000 -9999.000 -9999.000 -9999.000 -9999.000 -9999.000 -9999.000 -9999.000
-9999.000 -9999.000 -9999.000 -9999.000 -9999.000 -9999.000 -9999.000 -9999.000 -9999.000 -9999.000 -9999.000 -9999.000 -9999.000 -9999.000 -9999.000 0.3559200E-02 0.9529172E-02 0.1856193E-01 0.2816157E-01 0.3688961E-01 0.4392139E-01 0.4908152E-01 0.5231041E-01 0.5373065E-01 0.5349183E-01 0.5165325E-01 0.4830752E-01 0.4321022E-01 0.3481548E-01 0.1956237E-01 0.1956237E-01 -9999.000 -9999.000 -9999.000 -9999.000 -9999.000 -9999.000 -9999.000 -9999.000 -9999.000 -9999.000 -9999.000 -9999.000 -9999.000 -9999.000 -9999.000 -9999.000 -9999.000 -9999.000 -9999.000 -9999.000 -9999.000 -9999.000 -9999.000 -9999.000 -9999.000 -9999.000 -9999.000
-9999.000 -9999.000 -9999.000 -9999.000 -9999.000 -9999.000 -9999.000 -9999.000 -9999.000 -9999.000 -9999.000 -9999.000 -9999.000 -9999.000 -9999.000 0.5181061E-02 0.1294112E-01 0.2379098E-01 0.3410553E-01 0.4289366E-01 0.4994934E-01 0.5508115E-01 0.5827123E-01 0.5968737E-01 0.5949715E-01 0.5775198E-01 0.5454595E-01 0.4957236E-01 0.4101113E-01 0.2352412E-01 0.2352412E-01 -9999.000 -9999.000 -9999.000 -9999.000 -9999.000 -9999.000 -9999.000 -9999.000 -9999.000 -9999.000 -9999.000 -9999.000 -9999.000 -9999.000 -9999.000 -9999.000 -9999.000 -9999.000 -9999.000 -9999.000 -9999.000 -9999.000 -9999.000 -9999.000 -9999.000 -9999.000 -9999.000
-9999.000 -9999.000 -9999.000 -9999.000 -9999.000 -9999.000 -9999.000 -9999.000 -9999.000 -9999.000 -9999.000 -9999.000 -9999.000 -9999.000 -9999.000 0.8740235E-01 0.1333425 0.1549644 0.1472295 0.1290310 0.1155884 0.1036574 0.9311068E-01 0.8392556E-01 0.7573932E-01 0.6819796E-01 0.6099292E-01 0.5338566E-01 0.4303326E-01 0.2100091E-01 0.2100091E-01 -9999.000 -9999.000 -9999.000 -9999.000 -9999.000 -9999.000 -9999.000 -9999.000 -9999.000 -9999.000 -9999.000 -9999.000 -9999.000 -9999.000 -9999.000 -9999.000 -9999.000 -9999.000 -9999.000 -9999.000 -9999.000 -9999.000 -9999.000 -9999.000 -9999.000 -9999.000 -9999.000
2.832520 2.832520 2.842906 2.854739 2.873350 2.873350 2.875810 2.875382 2.875382 2.871658 2.871658 2.865574 2.861857 2.857784 2.853713 2.853713 2.995331 2.999485 3.000710 2.989788 2.953053 2.893713 2.811541 2.703885 2.575763 2.427919 2.264015 2.093154 1.939832 1.873144 1.873144 2.719886 2.898143 3.001580 3.027425 3.027425 3.062213 3.062213 3.047125 3.047125 3.004202 2.825480 2.825480 2.466165 2.466165 2.119935 2.119935 2.119935 2.100521 2.100521 2.130995 2.130995 2.178751 2.178751 2.228931 2.228931 2.273992 2.273992
2.855213 2.855213 2.870844 2.908625 2.934638 2.934638 2.949181 2.971586 2.971586 2.990139 2.990139 3.006147 3.013420 3.020298 3.027111 3.027111 3.132405 3.151072 3.166603 3.178340 3.183321 3.181160 3.169774 3.145565 3.107005 3.051556 2.977781 2.886652 2.784992 2.704288 2.704288 3.159883 3.320570 3.475125 3.517122 3.517122 3.565452 3.565452 3.568351 3.568351 3.547920 3.446703 3.446703 3.243506 3.243506 2.954351 2.954351 2.954351 2.932101 2.932101 2.964700 2.964700 3.015441 3.015441 3.068156 3.068156 3.116259 3.116259
2.859803 2.859803 2.872965 2.909954 2.934003 2.934003 2.949322 2.972700 2.972700 2.991951 2.991951 3.008711 3.016398 3.023710 3.031017 3.031017 3.125170 3.156166 3.183293 3.206507 3.224532 3.237358 3.244577 3.244755 3.237032 3.219761 3.191218 3.150698 3.101129 3.061336 3.061336 3.319990 3.476936 3.658416 3.711415 3.711415 3.766850 3.766850 3.759009 3.759009 3.730336 3.629533 3.629533 3.484259 3.484259 3.247127 3.247127 3.247127 3.209436 3.209436 3.229497 3.229497 3.271588 3.271588 3.318155 3.318155 3.361697 3.361697
2.862605 2.862605 2.876111 2.910523 2.933136 2.933136 2.948871 2.972698 2.972698 2.991972 2.991972 3.008706 3.016389 3.023703 3.031082 3.031082 3.118304 3.159562 3.197424 3.230674 3.258097 3.279405 3.294553 3.303159 3.305179 3.300277 3.287890 3.267803 3.241890 3.222250 3.222250 3.379589 3.518586 3.708455 3.767568 3.767568 3.821217 3.821217 3.791710 3.791710 3.751827 3.656549 3.656549 3.562000 3.562000 3.386456 3.386456 3.386456 3.337400 3.337400 3.343098 3.343098 3.376049 3.376049 3.417396 3.417396 3.457640 3.457640
2.863666 2.863666 2.880371 2.910631 2.932347 2.932347 2.948404 2.972672 2.972672 2.992023 2.992023 3.008801 3.016515 3.023862 3.031380 3.031380 3.116254 3.166257 3.213753 3.256254 3.292296 3.321288 3.343092 3.357583 3.364919 3.365288 3.358845 3.346006 3.328551 3.314974 3.314974 3.411153 3.525507 3.705961 3.761999 3.761999 3.793367 3.793367 3.734003 3.734003 3.690647 3.622790 3.622790 3.579656 3.579656 3.469773 3.469773 3.469773 3.418003 3.418003 3.409258 3.409258 3.430522 3.430522 3.464748 3.464748 3.500564 3.500564
2.860524 2.860524 2.886938 2.910835 2.932071 2.932071 2.948384 2.972993 2.972993 2.992319 2.992319 3.009002 3.016674 3.023986 3.031631 3.031631 3.119572 3.177439 3.233457 3.284186 3.327926 3.363912 3.391888 3.411767 3.423701 3.427959 3.424919 3.415222 3.400510 3.386950 3.386950 3.442001 3.528382 3.679680 3.718480 3.718480 3.702312 3.702312 3.624036 3.624036 3.593849 3.572176 3.572176 3.574490 3.574490 3.524534 3.524534 3.524534 3.479902 3.479902 3.460683 3.460683 3.469062 3.469062 3.493785 3.493785 3.523141 3.523141
2.860149 2.860149 2.890167 2.910709 2.931696 2.931696 2.948166 2.973006 2.973006 2.992349 2.992349 3.009011 3.016678 3.023987 3.031852 3.031852 3.129217 3.194730 3.258323 3.316129 3.366391 3.408330 3.441662 3.466325 3.482430 3.490224 3.490077 3.482592 3.469114 3.453980 3.453980 3.480261 3.537431 3.634010 3.635406 3.635406 3.559596 3.559596 3.499495 3.499495 3.496514 3.523518 3.523518 3.560096 3.560096 3.559180 3.559180 3.559180 3.529182 3.529182 3.506167 3.506167 3.503060 3.503060 3.516737 3.516737 3.537557 3.537557
2.860028 2.860028 2.891229 2.910662 2.931568 2.931568 2.948091 2.973008 2.973008 2.992357 2.992357 3.009014 3.016678 3.023986 3.032162 3.032162 3.146298 3.219675 3.290035 3.353675 3.409070 3.455609 3.493116 3.521601 3.541183 3.552068 3.554558 3.549123 3.536725 3.520055 3.520055 3.525527 3.551807 3.554453 3.498437 3.498437 3.390997 3.390997 3.388957 3.388957 3.415015 3.480020 3.480020 3.540188 3.540188 3.577370 3.577370 3.577370 3.565708 3.565708 3.545791 3.545791 3.534861 3.534861 3.537436 3.537436 3.548123 3.548123
2.860153 2.860153 2.890171 2.910706 2.931695 2.931695 2.948166 2.973006 2.973006 2.992348 2.992348 3.009011 3.016678 3.023985 3.032591 3.032591 3.172307 3.253997 3.330333 3.398432 3.457339 3.506830 3.546984 3.577969 3.599974 3.613198 3.617869 3.614304 3.603029 3.584877 3.584877 3.572878 3.560629 3.413611 3.304155 3.304155 3.236385 3.236385 3.305671 3.305671 3.352282 3.441304 3.441304 3.517139 3.517139 3.582988 3.582988 3.582988 3.589797 3.589797 3.578046 3.578046 3.564126 3.564126 3.557019 3.557019 3.556771 3.556771
2.860532 2.860532 2.886951 2.910831 2.932069 2.932069 2.948383 2.972995 2.972995 2.992321 2.992321 3.009002 3.016675 3.023986 3.033184 3.033184 3.209443 3.299836 3.381156 3.452047 3.512520 3.562986 3.603925 3.635753 3.658789 3.673265 3.679362 3.677243 3.666833 3.645785 3.645785 3.611244 3.535677 3.198119 3.087627 3.087627 3.123193 3.123193 3.242762 3.242762 3.300554 3.403626 3.403626 3.490319 3.490319 3.577580 3.577580 3.577580 3.600830 3.600830 3.599776 3.599776 3.586859 3.586859 3.572693 3.572693 3.561819 3.561819
2.863676 2.863676 2.880402 2.910626 2.932346 2.932346 2.948404 2.972674 2.972674 2.992024 2.992024 3.008801 3.016516 3.023863 3.033906 3.033906 3.260995 3.359966 3.444664 3.516101 3.575704 3.624758 3.664273 3.694979 3.717367 3.731730 3.738225 3.736830 3.726191 3.695615 3.695615 3.612353 3.421335 2.948311 2.911940 2.911940 3.045995 3.045995 3.188884 3.188884 3.252130 3.363756 3.363756 3.458333 3.458333 3.561301 3.561301 3.561301 3.597927 3.597927 3.607749 3.607749 3.598651 3.598651 3.580279 3.580279 3.559995 3.559995
