cruce_test.gid/Rasters/Hydraulic/Velocity__y_173.0.asc
NCOLS        79
NROWS        79
XLLCENTER         -1.500000
YLLCENTER         -4.800000
CELLSIZE           0.100
NODATA_VALUE     -9999.0
[rows 0 to 26 of 79, columns 0 to 58 of 79]
-9999.000 -9999.000 -9999.000 -9999.000 -9999.000 -9999.000 -9999.000 -9999.000 -9999.000 -9999.000 -9999.000 -9999.000 -9999.000 -9999.000 -9999.000 -0.9921077E-01 -0.9721573E-01 -0.9664678E-01 -0.9680510E-01 -0.9723424E-01 -0.9774987E-01 -0.9830856E-01 -0.9887525E-01 -0.9936390E-01 -0.9981535E-01 -0.1002238 -0.1006201 -0.1011781 -0.1024763 -0.1036823 -0.1036823 -9999.000 -9999.000 -9999.000 -9999.000 -9999.000 -9999.000 -9999.000 -9999.000 -9999.000 -9999.000 -9999.000 -9999.000 -9999.000 -9999.000 -9999.000 -9999.000 -9999.000 -9999.000 -9999.000 -9999.000 -9999.000 -9999.000 -9999.000 -9999.000 -9999.000 -9999.000 -9999.000 -9999.000
-9999.000 -9999.000 -9999.000 -9999.000 -9999.000 -9999.000 -9999.000 -9999.000 -9999.000 -9999.000 -9999.000 -9999.000 -9999.000 -9999.000 -9999.000 -0.9767513E-01 -0.9355359E-01 -0.9235098E-01 -0.9272100E-01 -0.9370286E-01 -0.9489976E-01 -0.9621201E-01 -0.9755761E-01 -0.9874701E-01 -0.9986127E-01 -0.1008830 -0.1018736 -0.1031942 -0.1060510 -0.1090133 -0.1090133 -9999.000 -9999.000 -9999.000 -9999.000 -9999.000 -9999.000 -9999.000 -9999.000 -9999.000 -9999.000 -9999.000 -9999.000 -9999.000 -9999.000 -9999.000 -9999.000 -9999.000 -9999.000 -9999.000 -9999.000 -9999.000 -9999.000 -9999.000 -9999.000 -9999.000 -9999.000 -9999.000 -9999.000
-9999.000 -9999.000 -9999.000 -9999.000 -9999.000 -9999.000 -9999.000 -9999.000 -9999.000 -9999.000 -9999.000 -9999.000 -9999.000 -9999.000 -9999.000 -0.9472281E-01 -0.8836722E-01 -0.8646357E-01 -0.8715209E-01 -0.8889455E-01 -0.9104256E-01 -0.9342247E-01 -0.9588835E-01 -0.9811952E-01 -0.1002360 -0.1021978 -0.1040932 -0.1064911 -0.1113104 -0.1167724 -0.1167724 -9999.000 -9999.000 -9999.000 -9999.000 -9999.000 -9999.000 -9999.000 -9999.000 -9999.000 -9999.000 -9999.000 -9999.000 -9999.000 -9999.000 -9999.000 -9999.000 -9999.000 -9999.000 -9999.000 -9999.000 -9999.000 -9999.000 -9999.000 -9999.000 -9999.000 -9999.000 -9999.000 -9999.000
-9999.000 -9999.000 -9999.000 -9999.000 -9999.000 -9999.000 -9999.000 -9999.000 -9999.000 -9999.000 -9999.000 -9999.000 -9999.000 -9999.000 -9999.000 -0.9114663E-01 -0.8263342E-01 -0.8004255E-01 -0.8110695E-01 -0.8369375E-01 -0.8689205E-01 -0.9045162E-01 -0.9415897E-01 -0.9755196E-01 -0.1007914 -0.1038073 -0.1067112 -0.1102865 -0.1172008 -0.1256676 -0.1256676 -9999.000 -9999.000 -9999.000 -9999.000 -9999.000 -9999.000 -9999.000 -9999.000 -9999.000 -9999.000 -9999.000 -9999.000 -9999.000 -9999.000 -9999.000 -9999.000 -9999.000 -9999.000 -9999.000 -9999.000 -9999.000 -9999.000 -9999.000 -9999.000 -9999.000 -9999.000 -9999.000 -9999.000
-9999.000 -9999.000 -9999.000 -9999.000 -9999.000 -9999.000 -9999.000 -9999.000 -9999.000 -9999.000 -9999.000 -9999.000 -9999.000 -9999.000 -9999.000 -0.8717857E-01 -0.7653955E-01 -0.7325631E-01 -0.7473070E-01 -0.7821728E-01 -0.8253141E-01 -0.8734421E-01 -0.9237220E-01 -0.9700090E-01 -0.1014391 -0.1055807 -0.1095609 -0.1143888 -0.1235287 -0.1355413 -0.1355413 -9999.000 -9999.000 -9999.000 -9999.000 -9999.000 -9999.000 -9999.000 -9999.000 -9999.000 -9999.000 -9999.000 -9999.000 -9999.000 -9999.000 -9999.000 -9999.000 -9999.000 -9999.000 -9999.000 -9999.000 -9999.000 -9999.000 -9999.000 -9999.000 -9999.000 -9999.000 -9999.000 -9999.000
-9999.000 -9999.000 -9999.000 -9999.000 -9999.000 -9999.000 -9999.000 -9999.000 -9999.000 -9999.000 -9999.000 -9999.000 -9999.000 -9999.000 -9999.000 -0.8291277E-01 -0.7016450E-01 -0.6617679E-01 -0.6808499E-01 -0.7251438E-01 -0.7799365E-01 -0.8411501E-01 -0.9052350E-01 -0.9644036E-01 -0.1021325 -0.1074525 -0.1125605 -0.1187069 -0.1302114 -0.1463930 -0.1463930 -9999.000 -9999.000 -9999.000 -9999.000 -9999.000 -9999.000 -9999.000 -9999.000 -9999.000 -9999.000 -9999.000 -9999.000 -9999.000 -9999.000 -9999.000 -9999.000 -9999.000 -9999.000 -9999.000 -9999.000 -9999.000 -9999.000 -9999.000 -9999.000 -9999.000 -9999.000 -9999.000 -9999.000
-9999.000 -9999.000 -9999.000 -9999.000 -9999.000 -9999.000 -9999.000 -9999.000 -9999.000 -9999.000 -9999.000 -9999.000 -9999.000 -9999.000 -9999.000 -0.7837699E-01 -0.6353446E-01 -0.5882810E-01 -0.6118987E-01 -0.6659991E-01 -0.7328703E-01 -0.8076476E-01 -0.8860517E-01 -0.9585128E-01 -0.1028436 -0.1093851 -0.1156649 -0.1231936 -0.1372185 -0.1583175 -0.1583175 -9999.000 -9999.000 -9999.000 -9999.000 -9999.000 -9999.000 -9999.000 -9999.000 -9999.000 -9999.000 -9999.000 -9999.000 -9999.000 -9999.000 -9999.000 -9999.000 -9999.000 -9999.000 -9999.000 -9999.000 -9999.000 -9999.000 -9999.000 -9999.000 -9999.000 -9999.000 -9999.000 -9999.000
-9999.000 -9999.000 -9999.000 -9999.000 -9999.000 -9999.000 -9999.000 -9999.000 -9999.000 -9999.000 -9999.000 -9999.000 -9999.000 -9999.000 -9999.000 -0.7356592E-01 -0.5664887E-01 -0.5121024E-01 -0.5404415E-01 -0.6047172E-01 -0.6840703E-01 -0.7728552E-01 -0.8660605E-01 -0.9521623E-01 -0.1035503 -0.1113521 -0.1188441 -0.1278210 -0.1445441 -0.1714799 -0.1714799 -9999.000 -9999.000 -9999.000 -9999.000 -9999.000 -9999.000 -9999.000 -9999.000 -9999.000 -9999.000 -9999.000 -9999.000 -9999.000 -9999.000 -9999.000 -9999.000 -9999.000 -9999.000 -9999.000 -9999.000 -9999.000 -9999.000 -9999.000 -9999.000 -9999.000 -9999.000 -9999.000 -9999.000
-9999.000 -9999.000 -9999.000 -9999.000 -9999.000 -9999.000 -9999.000 -9999.000 -9999.000 -9999.000 -9999.000 -9999.000 -9999.000 -9999.000 -9999.000 -0.6845609E-01 -0.4949271E-01 -0.4330989E-01 -0.4663501E-01 -0.5411759E-01 -0.6334084E-01 -0.7366344E-01 -0.8451105E-01 -0.9451572E-01 -0.1042307 -0.1133284 -0.1220707 -0.1325659 -0.1521927 -0.1861151 -0.1861151 -9999.000 -9999.000 -9999.000 -9999.000 -9999.000 -9999.000 -9999.000 -9999.000 -9999.000 -9999.000 -9999.000 -9999.000 -9999.000 -9999.000 -9999.000 -9999.000 -9999.000 -9999.000 -9999.000 -9999.000 -9999.000 -9999.000 -9999.000 -9999.000 -9999.000 -9999.000 -9999.000 -9999.000
-9999.000 -9999.000 -9999.000 -9999.000 -9999.000 -9999.000 -9999.000 -9999.000 -9999.000 -9999.000 -9999.000 -9999.000 -9999.000 -9999.000 -9999.000 -0.6301105E-01 -0.4203998E-01 -0.3510443E-01 -0.3894123E-01 -0.4751821E-01 -0.5806930E-01 -0.6987939E-01 -0.8230049E-01 -0.9372551E-01 -0.1048585 -0.1152848 -0.1253134 -0.1374019 -0.1601718 -0.2025398 -0.2025398 -9999.000 -9999.000 -9999.000 -9999.000 -9999.000 -9999.000 -9999.000 -9999.000 -9999.000 -9999.000 -9999.000 -9999.000 -9999.000 -9999.000 -9999.000 -9999.000 -9999.000 -9999.000 -9999.000 -9999.000 -9999.000 -9999.000 -9999.000 -9999.000 -9999.000 -9999.000 -9999.000 -9999.000
-9999.000 -9999.000 -9999.000 -9999.000 -9999.000 -9999.000 -9999.000 -9999.000 -9999.000 -9999.000 -9999.000 -9999.000 -9999.000 -9999.000 -9999.000 -0.5718173E-01 -0.3425520E-01 -0.2656254E-01 -0.3093371E-01 -0.4064658E-01 -0.5256625E-01 -0.6590725E-01 -0.7994840E-01 -0.9281383E-01 -0.1054002 -0.1171839 -0.1285320 -0.1422944 -0.1684855 -0.2211807 -0.2211807 -9999.000 -9999.000 -9999.000 -9999.000 -9999.000 -9999.000 -9999.000 -9999.000 -9999.000 -9999.000 -9999.000 -9999.000 -9999.000 -9999.000 -9999.000 -9999.000 -9999.000 -9999.000 -9999.000 -9999.000 -9999.000 -9999.000 -9999.000 -9999.000 -9999.000 -9999.000 -9999.000 -9999.000
-9999.000 -9999.000 -9999.000 -9999.000 -9999.000 -9999.000 -9999.000 -9999.000 -9999.000 -9999.000 -9999.000 -9999.000 -9999.000 -9999.000 -9999.000 -0.5090522E-01 -0.2609058E-01 -0.1764197E-01 -0.2257316E-01 -0.3346654E-01 -0.4679643E-01 -0.6171215E-01 -0.7741952E-01 -0.9173886E-01 -0.1058108 -0.1189745 -0.1316702 -0.1471923 -0.1771293 -0.2426220 -0.2426220 -9999.000 -9999.000 -9999.000 -9999.000 -9999.000 -9999.000 -9999.000 -9999.000 -9999.000 -9999.000 -9999.000 -9999.000 -9999.000 -9999.000 -9999.000 -9999.000 -9999.000 -9999.000 -9999.000 -9999.000 -9999.000 -9999.000 -9999.000 -9999.000 -9999.000 -9999.000 -9999.000 -9999.000
-9999.000 -9999.000 -9999.000 -9999.000 -9999.000 -9999.000 -9999.000 -9999.000 -9999.000 -9999.000 -9999.000 -9999.000 -9999.000 -9999.000 -9999.000 -0.4409763E-01 -0.1748109E-01 -0.8284081E-02 -0.1380563E-01 -0.2592808E-01 -0.4071105E-01 -0.5724581E-01 -0.7466492E-01 -0.9044216E-01 -0.1060277 -0.1205854 -0.1346477 -0.1520192 -0.1860825 -0.2676817 -0.2676817 -9999.000 -9999.000 -9999.000 -9999.000 -9999.000 -9999.000 -9999.000 -9999.000 -9999.000 -9999.000 -9999.000 -9999.000 -9999.000 -9999.000 -9999.000 -9999.000 -9999.000 -9999.000 -9999.000 -9999.000 -9999.000 -9999.000 -9999.000 -9999.000 -9999.000 -9999.000 -9999.000 -9999.000
-9999.000 -9999.000 -9999.000 -9999.000 -9999.000 -9999.000 -9999.000 -9999.000 -9999.000 -9999.000 -9999.000 -9999.000 -9999.000 -9999.000 -9999.000 -0.3644937E-01 -0.8205220E-02 0.1643209E-02 -0.4576520E-02 -0.1799610E-01 -0.3428297E-01 -0.5248242E-01 -0.7165471E-01 -0.8887666E-01 -0.1059915 -0.1219382 -0.1373681 -0.1566766 -0.1953093 -0.2975689 -0.2975689 -9999.000 -9999.000 -9999.000 -9999.000 -9999.000 -9999.000 -9999.000 -9999.000 -9999.000 -9999.000 -9999.000 -9999.000 -9999.000 -9999.000 -9999.000 -9999.000 -9999.000 -9999.000 -9999.000 -9999.000 -9999.000 -9999.000 -9999.000 -9999.000 -9999.000 -9999.000 -9999.000 -9999.000
-9999.000 -9999.000 -9999.000 -9999.000 -9999.000 -9999.000 -9999.000 -9999.000 -9999.000 -9999.000 -9999.000 -9999.000 -9999.000 -9999.000 -9999.000 -0.2199225E-02 0.9995701E-02 0.1077961E-01 -0.5110597E-03 -0.1525668E-01 -0.3247770E-01 -0.5168448E-01 -0.7191365E-01 -0.8985620E-01 -0.1078798 -0.1246348 -0.1409306 -0.1618105 -0.2049563 -0.3319515 -0.3319515 -9999.000 -9999.000 -9999.000 -9999.000 -9999.000 -9999.000 -9999.000 -9999.000 -9999.000 -9999.000 -9999.000 -9999.000 -9999.000 -9999.000 -9999.000 -9999.000 -9999.000 -9999.000 -9999.000 -9999.000 -9999.000 -9999.000 -9999.000 -9999.000 -9999.000 -9999.000 -9999.000 -9999.000
-0.3667921E-02 -0.3667921E-02 -0.5713489E-02 -0.6241513E-02 -0.6287508E-02 -0.6287508E-02 -0.6297565E-02 -0.6285308E-02 -0.6285308E-02 -0.6259450E-02 -0.6259450E-02 -0.6223622E-02 -0.6203507E-02 -0.6182523E-02 -0.6161455E-02 -0.6161455E-02 0.2053664E-01 0.1631244E-01 0.3427063E-02 -0.1517467E-01 -0.3839269E-01 -0.6520008E-01 -0.9432621E-01 -0.1237198 -0.1526961 -0.1801864 -0.2056990 -0.2306637 -0.2624922 -0.3356976 -0.3356976 -0.1863448 -0.1002041 -0.3508463E-01 -0.2654112E-01 -0.2654112E-01 -0.2043571E-01 -0.2043571E-01 -0.9272196E-02 -0.9272196E-02 0.9807500E-03 0.2453905E-01 0.2453905E-01 0.1699768E-01 0.1699768E-01 -0.3627971E-02 -0.3627971E-02 -0.3627971E-02 -0.2067728E-04 -0.2067728E-04 0.8629576E-03 0.8629576E-03 0.9821758E-04 0.9821758E-04 -0.1088094E-02 -0.1088094E-02 -0.2278101E-02 -0.2278101E-02 -0.2278101E-02
-0.5081405E-02 -0.5081405E-02 -0.8784679E-02 -0.8886731E-02 -0.8851202E-02 -0.8851202E-02 -0.8840195E-02 -0.8847971E-02 -0.8847971E-02 -0.8846521E-02 -0.8846521E-02 -0.8822122E-02 -0.8803946E-02 -0.8783403E-02 -0.8761272E-02 -0.8761272E-02 0.1627440E-01 0.1255480E-01 -0.9153989E-03 -0.2396905E-01 -0.5500669E-01 -0.9227311E-01 -0.1340496 -0.1789401 -0.2247257 -0.2698311 -0.3126058 -0.3512669 -0.3837036 -0.4067152 -0.4067152 -0.2760959 -0.1838856 -0.9646694E-01 -0.7935656E-01 -0.7935656E-01 -0.5759517E-01 -0.5759517E-01 -0.1899068E-01 -0.1899068E-01 0.1196443E-01 0.7831840E-01 0.7831840E-01 0.8153500E-01 0.8153500E-01 0.1685145E-01 0.1685145E-01 0.1685145E-01 0.7592229E-02 0.7592229E-02 0.2503080E-02 0.2503080E-02 -0.1769007E-02 -0.1769007E-02 -0.5396792E-02 -0.5396792E-02 -0.8222231E-02 -0.8222231E-02 -0.8222231E-02
-0.2981260E-02 -0.2981260E-02 -0.8055831E-02 -0.7588318E-02 -0.7446412E-02 -0.7446412E-02 -0.7417326E-02 -0.7481868E-02 -0.7481868E-02 -0.7539001E-02 -0.7539001E-02 -0.7552885E-02 -0.7548069E-02 -0.7538278E-02 -0.7524729E-02 -0.7524729E-02 0.9483982E-02 0.5487334E-02 -0.8407658E-02 -0.3205024E-01 -0.6430659E-01 -0.1037614 -0.1490100 -0.1989039 -0.2517523 -0.3060584 -0.3602095 -0.4122384 -0.4593164 -0.4949407 -0.4949407 -0.4100530 -0.3300229 -0.2203676 -0.1853495 -0.1853495 -0.1231884 -0.1231884 -0.2966661E-01 -0.2966661E-01 0.3306721E-01 0.1522168 0.1522168 0.1848353 0.1848353 0.7135253E-01 0.7135253E-01 0.7135253E-01 0.2850500E-01 0.2850500E-01 0.6242136E-02 0.6242136E-02 -0.6592516E-02 -0.6592516E-02 -0.1475656E-01 -0.1475656E-01 -0.1975781E-01 -0.1975781E-01 -0.1975781E-01
-0.8795735E-03 -0.8795735E-03 -0.7355179E-02 -0.6240075E-02 -0.5986774E-02 -0.5986774E-02 -0.5924214E-02 -0.5994692E-02 -0.5994692E-02 -0.6058190E-02 -0.6058190E-02 -0.6071426E-02 -0.6066016E-02 -0.6056078E-02 -0.6043268E-02 -0.6043268E-02 0.2650452E-02 -0.3468825E-02 -0.1899486E-01 -0.4377091E-01 -0.7693214E-01 -0.1173291 -0.1637829 -0.2153112 -0.2706770 -0.3286845 -0.3880551 -0.4471573 -0.5034100 -0.5505269 -0.5505269 -0.5115427 -0.4549013 -0.3483118 -0.3005346 -0.3005346 -0.1890600 -0.1890600 -0.2595902E-01 -0.2595902E-01 0.6579027E-01 0.2141570 0.2141570 0.2617691 0.2617691 0.1321647 0.1321647 0.1321647 0.5680745E-01 0.5680745E-01 0.1287088E-01 0.1287088E-01 -0.1188195E-01 -0.1188195E-01 -0.2607914E-01 -0.2607914E-01 -0.3356529E-01 -0.3356529E-01 -0.3356529E-01
0.1176463E-03 0.1176463E-03 -0.5955593E-02 -0.4795196E-02 -0.4517331E-02 -0.4517331E-02 -0.4441198E-02 -0.4494135E-02 -0.4494135E-02 -0.4543460E-02 -0.4543460E-02 -0.4549071E-02 -0.4543275E-02 -0.4535135E-02 -0.4525722E-02 -0.4525722E-02 -0.4278860E-02 -0.1419808E-01 -0.3282024E-01 -0.5990477E-01 -0.9472776E-01 -0.1363562 -0.1838161 -0.2362578 -0.2927291 -0.3522724 -0.4138800 -0.4762879 -0.5374262 -0.5920883 -0.5920883 -0.5875272 -0.5554540 -0.4621457 -0.4022989 -0.4022989 -0.2293638 -0.2293638 -0.1908811E-03 -0.1908811E-03 0.1056207 0.2526774 0.2526774 0.3015079 0.3015079 0.1835239 0.1835239 0.1835239 0.8790951E-01 0.8790951E-01 0.2354258E-01 0.2354258E-01 -0.1475002E-01 -0.1475002E-01 -0.3632551E-01 -0.3632551E-01 -0.4689520E-01 -0.4689520E-01 -0.4689520E-01
0.3728078E-04 0.3728078E-04 -0.3868661E-02 -0.3225435E-02 -0.3018738E-02 -0.3018738E-02 -0.2957220E-02 -0.2991667E-02 -0.2991667E-02 -0.3028798E-02 -0.3028798E-02 -0.3033562E-02 -0.3029813E-02 -0.3024058E-02 -0.3017401E-02 -0.3017401E-02 -0.1178889E-01 -0.2702650E-01 -0.5027707E-01 -0.8102230E-01 -0.1185430 -0.1620584 -0.2107971 -0.2640800 -0.3212004 -0.3814254 -0.4439704 -0.5078569 -0.5714750 -0.6307308 -0.6307308 -0.6497083 -0.6383072 -0.5530219 -0.4723196 -0.4723196 -0.2243105 -0.2243105 0.3917436E-01 0.3917436E-01 0.1388455 0.2639241 0.2639241 0.3085909 0.3085909 0.2176554 0.2176554 0.2176554 0.1171855 0.1171855 0.3779205E-01 0.3779205E-01 -0.1387736E-01 -0.1387736E-01 -0.4380972E-01 -0.4380972E-01 -0.5816996E-01 -0.5816996E-01 -0.5816996E-01
0.6345606E-05 0.6345606E-05 -0.1899527E-02 -0.1623380E-02 -0.1513153E-02 -0.1513153E-02 -0.1478093E-02 -0.1494234E-02 -0.1494234E-02 -0.1514336E-02 -0.1514336E-02 -0.1517133E-02 -0.1515302E-02 -0.1512280E-02 -0.1508920E-02 -0.1508920E-02 -0.2059016E-01 -0.4266408E-01 -0.7213085E-01 -0.1079961 -0.1494104 -0.1956655 -0.2461661 -0.3004324 -0.3580091 -0.4184188 -0.4811221 -0.5454092 -0.6100564 -0.6718390 -0.6718390 -0.7059014 -0.7087877 -0.6089350 -0.4892874 -0.4892874 -0.1746464 -0.1746464 0.7300419E-01 0.7300419E-01 0.1533429 0.2516707 0.2516707 0.2924955 0.2924955 0.2324361 0.2324361 0.2324361 0.1400677 0.1400677 0.5364062E-01 0.5364062E-01 -0.9146708E-02 -0.9146708E-02 -0.4758278E-01 -0.4758278E-01 -0.6627280E-01 -0.6627280E-01 -0.6627280E-01
0.3555554E-07 0.3555554E-07 0.5295156E-07 -0.6958903E-07 -0.1588495E-06 -0.1588495E-06 0.4091590E-07 -0.7031502E-07 -0.7031502E-07 -0.4161066E-07 -0.4161066E-07 -0.1397652E-07 -0.2032389E-07 -0.3572819E-07 0.1294888E-06 0.1294888E-06 -0.3171340E-01 -0.6231822E-01 -0.9968609E-01 -0.1421945 -0.1887641 -0.2386976 -0.2915486 -0.3470463 -0.4049965 -0.4652054 -0.5274178 -0.5912185 -0.6557263 -0.7181965 -0.7181965 -0.7600610 -0.7671002 -0.6071293 -0.4356180 -0.4356180 -0.1070485 -0.1070485 0.8729339E-01 0.8729339E-01 0.1468757 0.2238886 0.2238886 0.2624440 0.2624440 0.2296547 0.2296547 0.2296547 0.1530802 0.1530802 0.6812233E-01 0.6812233E-01 -0.1493203E-02 -0.1493203E-02 -0.4730176E-01 -0.4730176E-01 -0.7036159E-01 -0.7036159E-01 -0.7036159E-01
-0.6423873E-05 -0.6423873E-05 0.1899521E-02 0.1623219E-02 0.1512989E-02 0.1512989E-02 0.1478006E-02 0.1494218E-02 0.1494218E-02 0.1514306E-02 0.1514306E-02 0.1516944E-02 0.1515059E-02 0.1512173E-02 0.1508943E-02 0.1508943E-02 -0.4667891E-01 -0.8788480E-01 -0.1350049 -0.1857128 -0.2386712 -0.2931836 -0.3489534 -0.4059322 -0.4641960 -0.5238507 -0.5849523 -0.6474021 -0.7105789 -0.7713970 -0.7713970 -0.8120296 -0.8029841 -0.5238109 -0.3237981 -0.3237981 -0.5378347E-01 -0.5378347E-01 0.8155546E-01 0.8155546E-01 0.1256787 0.1884736 0.1884736 0.2252594 0.2252594 0.2130142 0.2130142 0.2130142 0.1546624 0.1546624 0.7818716E-01 0.7818716E-01 0.7364145E-02 0.7364145E-02 -0.4321574E-01 -0.4321574E-01 -0.6988830E-01 -0.6988830E-01 -0.6988830E-01
-0.3725677E-04 -0.3725677E-04 0.3868656E-02 0.3225339E-02 0.3018653E-02 0.3018653E-02 0.2956903E-02 0.2991625E-02 0.2991625E-02 0.3028901E-02 0.3028901E-02 0.3033417E-02 0.3029348E-02 0.3023850E-02 0.3017500E-02 0.3017500E-02 -0.6785949E-01 -0.1223342 -0.1812804 -0.2417211 -0.3021474 -0.3619415 -0.4210129 -0.4795745 -0.5379936 -0.5966843 -0.6560229 -0.7162186 -0.7766069 -0.8313044 -0.8313044 -0.8525149 -0.7839897 -0.3729753 -0.2037824 -0.2037824 -0.2769916E-01 -0.2769916E-01 0.6410752E-01 0.6410752E-01 0.9817548E-01 0.1509809 0.1509809 0.1851948 0.1851948 0.1864915 0.1864915 0.1864915 0.1451782 0.1451782 0.8157782E-01 0.8157782E-01 0.1534214E-01 0.1534214E-01 -0.3612000E-01 -0.3612000E-01 -0.6467820E-01 -0.6467820E-01 -0.6467820E-01
-0.1174908E-03 -0.1174908E-03 0.5955786E-02 0.4795094E-02 0.4517371E-02 0.4517371E-02 0.4440814E-02 0.4494066E-02 0.4494066E-02 0.4543485E-02 0.4543485E-02 0.4548776E-02 0.4543179E-02 0.4535176E-02 0.4525746E-02 0.4525746E-02 -0.9920759E-01 -0.1704462 -0.2434976 -0.3150311 -0.3836413 -0.4489935 -0.5113372 -0.5712287 -0.6293666 -0.6864856 -0.7432798 -0.8001744 -0.8552973 -0.8912286 -0.8912286 -0.8458900 -0.6553288 -0.2204733 -0.1204351 -0.1204351 -0.2118589E-01 -0.2118589E-01 0.4343639E-01 0.4343639E-01 0.7036924E-01 0.1144281 0.1144281 0.1446425 0.1446425 0.1535422 0.1535422 0.1535422 0.1263656 0.1263656 0.7738286E-01 0.7738286E-01 0.2061196E-01 0.2061196E-01 -0.2714152E-01 -0.2714152E-01 -0.5496927E-01 -0.5496927E-01 -0.5496927E-01
0.8796097E-03 0.8796097E-03 0.7355188E-02 0.6240116E-02 0.5986882E-02 0.5986882E-02 0.5924370E-02 0.5994634E-02 0.5994634E-02 0.6058034E-02 0.6058034E-02 0.6071351E-02 0.6066052E-02 0.6056285E-02 0.6043300E-02 0.6043300E-02 -0.1477773 -0.2402508 -0.3296621 -0.4131083 -0.4898645 -0.5602544 -0.6250955 -0.6854163 -0.7423071 -0.7968394 -0.8500133 -0.9020873 -0.9449566 -0.9173317 -0.9173317 -0.7121907 -0.4141110 -0.1219886 -0.7896931E-01 -0.7896931E-01 -0.2171317E-01 -0.2171317E-01 0.2453031E-01 0.2453031E-01 0.4527644E-01 0.8023006E-01 0.8023006E-01 0.1050065 0.1050065 0.1169584 0.1169584 0.1169584 0.1006587 0.1006587 0.6609794E-01 0.6609794E-01 0.2214373E-01 0.2214373E-01 -0.1742870E-01 -0.1742870E-01 -0.4142096E-01 -0.4142096E-01 -0.4142096E-01
