cruce_test.gid/Rasters/Hydraulic/Velocity__y_258.0.asc
NCOLS        79
NROWS        79
XLLCENTER         -1.500000
YLLCENTER         -4.800000
CELLSIZE           0.100
NODATA_VALUE     -9999.0
[rows 0 to 26 of 79, columns 0 to 58 of 79]
-9999.000 -9999.000 -9999.000 -9999.000 -9999.000 -9999.000 -9999.000 -9999.000 -9999.000 -9999.000 -9999.000 -9999.000 -9999.000 -9999.000 -9999.000 -0.9190571E-01 -0.8903458E-01 -0.8794755E-01 -0.8771089E-01 -0.8820152E-01 -0.8892696E-01 -0.8968933E-01 -0.9043860E-01 -0.9107457E-01 -0.9164041E-01 -0.9214132E-01 -0.9261162E-01 -0.9322999E-01 -0.9459504E-01 -0.9597072E-01 -0.9597072E-01 -9999.000 -9999.000 -9999.000 -9999.000 -9999.000 -9999.000 -9999.000 -9999.000 -9999.000 -9999.000 -9999.000 -9999.000 -9999.000 -9999.000 -9999.000 -9999.000 -9999.000 -9999.000 -9999.000 -9999.000 -9999.000 -9999.000 -9999.000 -9999.000 -9999.000 -9999.000 -9999.000 -9999.000
-9999.000 -9999.000 -9999.000 -9999.000 -9999.000 -9999.000 -9999.000 -9999.000 -9999.000 -9999.000 -9999.000 -9999.000 -9999.000 -9999.000 -9999.000 -0.9204160E-01 -0.8603955E-01 -0.8372313E-01 -0.8324277E-01 -0.8434834E-01 -0.8599490E-01 -0.8775266E-01 -0.8950473E-01 -0.9102876E-01 -0.9240835E-01 -0.9364747E-01 -0.9481350E-01 -0.9627657E-01 -0.9928691E-01 -0.1026080 -0.1026080 -9999.000 -9999.000 -9999.000 -9999.000 -9999.000 -9999.000 -9999.000 -9999.000 -9999.000 -9999.000 -9999.000 -9999.000 -9999.000 -9999.000 -9999.000 -9999.000 -9999.000 -9999.000 -9999.000 -9999.000 -9999.000 -9999.000 -9999.000 -9999.000 -9999.000 -9999.000 -9999.000 -9999.000
-9999.000 -9999.000 -9999.000 -9999.000 -9999.000 -9999.000 -9999.000 -9999.000 -9999.000 -9999.000 -9999.000 -9999.000 -9999.000 -9999.000 -9999.000 -0.9109984E-01 -0.8170833E-01 -0.7799611E-01 -0.7729638E-01 -0.7922184E-01 -0.8208901E-01 -0.8519361E-01 -0.8832949E-01 -0.9112010E-01 -0.9368623E-01 -0.9601896E-01 -0.9821392E-01 -0.1008531 -0.1059252 -0.1119503 -0.1119503 -9999.000 -9999.000 -9999.000 -9999.000 -9999.000 -9999.000 -9999.000 -9999.000 -9999.000 -9999.000 -9999.000 -9999.000 -9999.000 -9999.000 -9999.000 -9999.000 -9999.000 -9999.000 -9999.000 -9999.000 -9999.000 -9999.000 -9999.000 -9999.000 -9999.000 -9999.000 -9999.000 -9999.000
-9999.000 -9999.000 -9999.000 -9999.000 -9999.000 -9999.000 -9999.000 -9999.000 -9999.000 -9999.000 -9999.000 -9999.000 -9999.000 -9999.000 -9999.000 -0.8960720E-01 -0.7686111E-01 -0.7176100E-01 -0.7088833E-01 -0.7371449E-01 -0.7789804E-01 -0.8245445E-01 -0.8708757E-01 -0.9125739E-01 -0.9512309E-01 -0.9865696E-01 -0.1019788 -0.1058892 -0.1131525 -0.1223754 -0.1223754 -9999.000 -9999.000 -9999.000 -9999.000 -9999.000 -9999.000 -9999.000 -9999.000 -9999.000 -9999.000 -9999.000 -9999.000 -9999.000 -9999.000 -9999.000 -9999.000 -9999.000 -9999.000 -9999.000 -9999.000 -9999.000 -9999.000 -9999.000 -9999.000 -9999.000 -9999.000 -9999.000 -9999.000
-9999.000 -9999.000 -9999.000 -9999.000 -9999.000 -9999.000 -9999.000 -9999.000 -9999.000 -9999.000 -9999.000 -9999.000 -9999.000 -9999.000 -9999.000 -0.8778857E-01 -0.7167937E-01 -0.6518286E-01 -0.6416166E-01 -0.6794377E-01 -0.7350606E-01 -0.7958104E-01 -0.8578284E-01 -0.9139763E-01 -0.9663118E-01 -0.1014309 -0.1059418 -0.1111944 -0.1207771 -0.1337319 -0.1337319 -9999.000 -9999.000 -9999.000 -9999.000 -9999.000 -9999.000 -9999.000 -9999.000 -9999.000 -9999.000 -9999.000 -9999.000 -9999.000 -9999.000 -9999.000 -9999.000 -9999.000 -9999.000 -9999.000 -9999.000 -9999.000 -9999.000 -9999.000 -9999.000 -9999.000 -9999.000 -9999.000 -9999.000
-9999.000 -9999.000 -9999.000 -9999.000 -9999.000 -9999.000 -9999.000 -9999.000 -9999.000 -9999.000 -9999.000 -9999.000 -9999.000 -9999.000 -9999.000 -0.8571513E-01 -0.6622712E-01 -0.5832441E-01 -0.5717295E-01 -0.6195704E-01 -0.6894721E-01 -0.7659004E-01 -0.8441292E-01 -0.9151754E-01 -0.9816719E-01 -0.1042794 -0.1100257 -0.1166831 -0.1287252 -0.1460352 -0.1460352 -9999.000 -9999.000 -9999.000 -9999.000 -9999.000 -9999.000 -9999.000 -9999.000 -9999.000 -9999.000 -9999.000 -9999.000 -9999.000 -9999.000 -9999.000 -9999.000 -9999.000 -9999.000 -9999.000 -9999.000 -9999.000 -9999.000 -9999.000 -9999.000 -9999.000 -9999.000 -9999.000 -9999.000
-9999.000 -9999.000 -9999.000 -9999.000 -9999.000 -9999.000 -9999.000 -9999.000 -9999.000 -9999.000 -9999.000 -9999.000 -9999.000 -9999.000 -9999.000 -0.8338903E-01 -0.6051490E-01 -0.5119943E-01 -0.4993785E-01 -0.5576968E-01 -0.6423171E-01 -0.7348414E-01 -0.8297258E-01 -0.9160132E-01 -0.9970649E-01 -0.1071690 -0.1141905 -0.1223143 -0.1369746 -0.1593963 -0.1593963 -9999.000 -9999.000 -9999.000 -9999.000 -9999.000 -9999.000 -9999.000 -9999.000 -9999.000 -9999.000 -9999.000 -9999.000 -9999.000 -9999.000 -9999.000 -9999.000 -9999.000 -9999.000 -9999.000 -9999.000 -9999.000 -9999.000 -9999.000 -9999.000 -9999.000 -9999.000 -9999.000 -9999.000
-9999.000 -9999.000 -9999.000 -9999.000 -9999.000 -9999.000 -9999.000 -9999.000 -9999.000 -9999.000 -9999.000 -9999.000 -9999.000 -9999.000 -9999.000 -0.8077926E-01 -0.5452763E-01 -0.4379962E-01 -0.4245199E-01 -0.4938091E-01 -0.5935754E-01 -0.7025854E-01 -0.8145351E-01 -0.9163408E-01 -0.1012297 -0.1100762 -0.1184090 -0.1280641 -0.1455256 -0.1739976 -0.1739976 -9999.000 -9999.000 -9999.000 -9999.000 -9999.000 -9999.000 -9999.000 -9999.000 -9999.000 -9999.000 -9999.000 -9999.000 -9999.000 -9999.000 -9999.000 -9999.000 -9999.000 -9999.000 -9999.000 -9999.000 -9999.000 -9999.000 -9999.000 -9999.000 -9999.000 -9999.000 -9999.000 -9999.000
-9999.000 -9999.000 -9999.000 -9999.000 -9999.000 -9999.000 -9999.000 -9999.000 -9999.000 -9999.000 -9999.000 -9999.000 -9999.000 -9999.000 -9999.000 -0.7783520E-01 -0.4823560E-01 -0.3610322E-01 -0.3470006E-01 -0.4278093E-01 -0.5431597E-01 -0.6690296E-01 -0.7984336E-01 -0.9159897E-01 -0.1027173 -0.1129779 -0.1226563 -0.1339119 -0.1543880 -0.1900917 -0.1900917 -9999.000 -9999.000 -9999.000 -9999.000 -9999.000 -9999.000 -9999.000 -9999.000 -9999.000 -9999.000 -9999.000 -9999.000 -9999.000 -9999.000 -9999.000 -9999.000 -9999.000 -9999.000 -9999.000 -9999.000 -9999.000 -9999.000 -9999.000 -9999.000 -9999.000 -9999.000 -9999.000 -9999.000
-9999.000 -9999.000 -9999.000 -9999.000 -9999.000 -9999.000 -9999.000 -9999.000 -9999.000 -9999.000 -9999.000 -9999.000 -9999.000 -9999.000 -9999.000 -0.7449198E-01 -0.4159870E-01 -0.2807956E-01 -0.2665898E-01 -0.3595319E-01 -0.4909223E-01 -0.6340145E-01 -0.7812539E-01 -0.9147391E-01 -0.1041445 -0.1158464 -0.1269026 -0.1398336 -0.1635742 -0.2080165 -0.2080165 -9999.000 -9999.000 -9999.000 -9999.000 -9999.000 -9999.000 -9999.000 -9999.000 -9999.000 -9999.000 -9999.000 -9999.000 -9999.000 -9999.000 -9999.000 -9999.000 -9999.000 -9999.000 -9999.000 -9999.000 -9999.000 -9999.000 -9999.000 -9999.000 -9999.000 -9999.000 -9999.000 -9999.000
-9999.000 -9999.000 -9999.000 -9999.000 -9999.000 -9999.000 -9999.000 -9999.000 -9999.000 -9999.000 -9999.000 -9999.000 -9999.000 -9999.000 -9999.000 -0.7067038E-01 -0.3456659E-01 -0.1968884E-01 -0.1829734E-01 -0.2887474E-01 -0.4366483E-01 -0.5973196E-01 -0.7627638E-01 -0.9122907E-01 -0.1054793 -0.1186453 -0.1311077 -0.1457953 -0.1730927 -0.2282258 -0.2282258 -9999.000 -9999.000 -9999.000 -9999.000 -9999.000 -9999.000 -9999.000 -9999.000 -9999.000 -9999.000 -9999.000 -9999.000 -9999.000 -9999.000 -9999.000 -9999.000 -9999.000 -9999.000 -9999.000 -9999.000 -9999.000 -9999.000 -9999.000 -9999.000 -9999.000 -9999.000 -9999.000 -9999.000
-9999.000 -9999.000 -9999.000 -9999.000 -9999.000 -9999.000 -9999.000 -9999.000 -9999.000 -9999.000 -9999.000 -9999.000 -9999.000 -9999.000 -9999.000 -0.6627435E-01 -0.2707561E-01 -0.1087932E-01 -0.9573791E-02 -0.2151409E-01 -0.3800471E-01 -0.5586376E-01 -0.7426360E-01 -0.9082401E-01 -0.1066766 -0.1213231 -0.1352151 -0.1517463 -0.1829431 -0.2513388 -0.2513388 -9999.000 -9999.000 -9999.000 -9999.000 -9999.000 -9999.000 -9999.000 -9999.000 -9999.000 -9999.000 -9999.000 -9999.000 -9999.000 -9999.000 -9999.000 -9999.000 -9999.000 -9999.000 -9999.000 -9999.000 -9999.000 -9999.000 -9999.000 -9999.000 -9999.000 -9999.000 -9999.000 -9999.000
-9999.000 -9999.000 -9999.000 -9999.000 -9999.000 -9999.000 -9999.000 -9999.000 -9999.000 -9999.000 -9999.000 -9999.000 -9999.000 -9999.000 -9999.000 -0.6117559E-01 -0.1903709E-01 -0.1578044E-02 -0.4317513E-03 -0.1382977E-01 -0.3207263E-01 -0.5175598E-01 -0.7204360E-01 -0.9020432E-01 -0.1076760 -0.1238093 -0.1391443 -0.1576099 -0.1931085 -0.2782223 -0.2782223 -9999.000 -9999.000 -9999.000 -9999.000 -9999.000 -9999.000 -9999.000 -9999.000 -9999.000 -9999.000 -9999.000 -9999.000 -9999.000 -9999.000 -9999.000 -9999.000 -9999.000 -9999.000 -9999.000 -9999.000 -9999.000 -9999.000 -9999.000 -9999.000 -9999.000 -9999.000 -9999.000 -9999.000
-9999.000 -9999.000 -9999.000 -9999.000 -9999.000 -9999.000 -9999.000 -9999.000 -9999.000 -9999.000 -9999.000 -9999.000 -9999.000 -9999.000 -9999.000 -0.5453735E-01 -0.9835958E-02 0.8574929E-02 0.9169400E-02 -0.5918810E-02 -0.2597960E-01 -0.4751392E-01 -0.6970522E-01 -0.8942682E-01 -0.1085073 -0.1261015 -0.1428631 -0.1633441 -0.2036093 -0.3102152 -0.3102152 -9999.000 -9999.000 -9999.000 -9999.000 -9999.000 -9999.000 -9999.000 -9999.000 -9999.000 -9999.000 -9999.000 -9999.000 -9999.000 -9999.000 -9999.000 -9999.000 -9999.000 -9999.000 -9999.000 -9999.000 -9999.000 -9999.000 -9999.000 -9999.000 -9999.000 -9999.000 -9999.000 -9999.000
-9999.000 -9999.000 -9999.000 -9999.000 -9999.000 -9999.000 -9999.000 -9999.000 -9999.000 -9999.000 -9999.000 -9999.000 -9999.000 -9999.000 -9999.000 -0.4562947E-02 0.1547470E-01 0.1953709E-01 0.1018482E-01 -0.8509958E-02 -0.2884158E-01 -0.5061087E-01 -0.7317551E-01 -0.9305196E-01 -0.1125845 -0.1306546 -0.1480407 -0.1699592 -0.2148040 -0.3471205 -0.3471205 -9999.000 -9999.000 -9999.000 -9999.000 -9999.000 -9999.000 -9999.000 -9999.000 -9999.000 -9999.000 -9999.000 -9999.000 -9999.000 -9999.000 -9999.000 -9999.000 -9999.000 -9999.000 -9999.000 -9999.000 -9999.000 -9999.000 -9999.000 -9999.000 -9999.000 -9999.000 -9999.000 -9999.000
-0.3791696E-02 -0.3791696E-02 -0.5795995E-02 -0.7089191E-02 -0.6688015E-02 -0.6688015E-02 -0.6548546E-02 -0.6470893E-02 -0.6470893E-02 -0.6437818E-02 -0.6437818E-02 -0.6405233E-02 -0.6387420E-02 -0.6368543E-02 -0.6353230E-02 -0.6353230E-02 0.3197525E-01 0.2710036E-01 0.1194265E-01 -0.1042947E-01 -0.3699300E-01 -0.6669461E-01 -0.9838551E-01 -0.1300281 -0.1609329 -0.1900919 -0.2170223 -0.2432171 -0.2763953 -0.3527004 -0.3527004 -0.1970284 -0.1066682 -0.3757933E-01 -0.2829200E-01 -0.2829200E-01 -0.2142324E-01 -0.2142324E-01 -0.9174896E-02 -0.9174896E-02 0.1937147E-02 0.2694697E-01 0.2694697E-01 0.1816866E-01 0.1816866E-01 -0.3794221E-02 -0.3794221E-02 -0.3794221E-02 -0.2909483E-03 -0.2909483E-03 0.4969562E-03 0.4969562E-03 -0.2805752E-03 -0.2805752E-03 -0.1506892E-02 -0.1506892E-02 -0.2724427E-02 -0.2724427E-02 -0.2724427E-02
-0.5188041E-02 -0.5188041E-02 -0.8523942E-02 -0.1036825E-01 -0.9570921E-02 -0.9570921E-02 -0.9256919E-02 -0.9108315E-02 -0.9108315E-02 -0.9077827E-02 -0.9077827E-02 -0.9050053E-02 -0.9033657E-02 -0.9015528E-02 -0.9017978E-02 -0.9017978E-02 0.2650912E-01 0.2247503E-01 0.6985343E-02 -0.1852051E-01 -0.5284140E-01 -0.9364378E-01 -0.1388944 -0.1870969 -0.2359620 -0.2838481 -0.3290805 -0.3698370 -0.4039505 -0.4281520 -0.4281520 -0.2915692 -0.1947734 -0.1022879 -0.8391006E-01 -0.8391006E-01 -0.6015256E-01 -0.6015256E-01 -0.1826195E-01 -0.1826195E-01 0.1501230E-01 0.8504575E-01 0.8504575E-01 0.8632824E-01 0.8632824E-01 0.1716885E-01 0.1716885E-01 0.1716885E-01 0.7142008E-02 0.7142008E-02 0.1687295E-02 0.1687295E-02 -0.2722773E-02 -0.2722773E-02 -0.6458756E-02 -0.6458756E-02 -0.9326325E-02 -0.9326325E-02 -0.9326325E-02
-0.2837328E-02 -0.2837328E-02 -0.7023135E-02 -0.9085842E-02 -0.8357842E-02 -0.8357842E-02 -0.7942807E-02 -0.7719239E-02 -0.7719239E-02 -0.7697496E-02 -0.7697496E-02 -0.7687527E-02 -0.7680275E-02 -0.7671358E-02 -0.7714744E-02 -0.7714744E-02 0.1723521E-01 0.1343062E-01 -0.1895003E-02 -0.2760514E-01 -0.6269425E-01 -0.1054442 -0.1541617 -0.2075456 -0.2638074 -0.3213695 -0.3785700 -0.4333808 -0.4828701 -0.5202385 -0.5202385 -0.4314955 -0.3476689 -0.2322929 -0.1951222 -0.1951222 -0.1283566 -0.1283566 -0.2780008E-01 -0.2780008E-01 0.3904734E-01 0.1639903 0.1639903 0.1952017 0.1952017 0.7330925E-01 0.7330925E-01 0.7330925E-01 0.2816930E-01 0.2816930E-01 0.4918757E-02 0.4918757E-02 -0.8346311E-02 -0.8346311E-02 -0.1672204E-01 -0.1672204E-01 -0.2175616E-01 -0.2175616E-01 -0.2175616E-01
-0.1478685E-02 -0.1478685E-02 -0.4718914E-02 -0.7687223E-02 -0.6947722E-02 -0.6947722E-02 -0.6477917E-02 -0.6205628E-02 -0.6205628E-02 -0.6180460E-02 -0.6180460E-02 -0.6164273E-02 -0.6152236E-02 -0.6138605E-02 -0.6214513E-02 -0.6214513E-02 0.7923201E-02 0.2149275E-02 -0.1434816E-01 -0.4082333E-01 -0.7639375E-01 -0.1197549 -0.1695085 -0.2245009 -0.2833721 -0.3448301 -0.4075323 -0.4697868 -0.5289096 -0.5783148 -0.5783148 -0.5374345 -0.4780854 -0.3660194 -0.3153684 -0.3153684 -0.1960920 -0.1960920 -0.2206961E-01 -0.2206961E-01 0.7478899E-01 0.2292130 0.2292130 0.2759606 0.2759606 0.1363255 0.1363255 0.1363255 0.5698739E-01 0.5698739E-01 0.1117138E-01 0.1117138E-01 -0.1442479E-01 -0.1442479E-01 -0.2897384E-01 -0.2897384E-01 -0.3647565E-01 -0.3647565E-01 -0.3647565E-01
-0.1146079E-02 -0.1146079E-02 -0.2689675E-02 -0.5939589E-02 -0.5327025E-02 -0.5327025E-02 -0.4920324E-02 -0.4688156E-02 -0.4688156E-02 -0.4671480E-02 -0.4671480E-02 -0.4647993E-02 -0.4630501E-02 -0.4612021E-02 -0.4730213E-02 -0.4730213E-02 -0.1388762E-02 -0.1108020E-01 -0.3040172E-01 -0.5885663E-01 -0.9570090E-01 -0.1399353 -0.1904429 -0.2462216 -0.3061845 -0.3692580 -0.4343500 -0.5001251 -0.5644173 -0.6217588 -0.6217588 -0.6168222 -0.5830967 -0.4846494 -0.4209476 -0.4209476 -0.2362260 -0.2362260 0.6198088E-02 0.6198088E-02 0.1168281 0.2688776 0.2688776 0.3173878 0.3173878 0.1899668 0.1899668 0.1899668 0.8903909E-01 0.8903909E-01 0.2175849E-01 0.2175849E-01 -0.1792897E-01 -0.1792897E-01 -0.4006980E-01 -0.4006980E-01 -0.5065720E-01 -0.5065720E-01 -0.5065720E-01
-0.7840526E-03 -0.7840526E-03 -0.1766354E-02 -0.3935013E-02 -0.3557670E-02 -0.3557670E-02 -0.3288464E-02 -0.3141400E-02 -0.3141400E-02 -0.3138765E-02 -0.3138765E-02 -0.3119098E-02 -0.3103070E-02 -0.3085942E-02 -0.3265323E-02 -0.3265323E-02 -0.1116773E-01 -0.2648406E-01 -0.5035900E-01 -0.8225735E-01 -0.1214916 -0.1672778 -0.2187728 -0.2751889 -0.3356970 -0.3994448 -0.4655454 -0.5329325 -0.5998961 -0.6621168 -0.6621168 -0.6818267 -0.6696306 -0.5788043 -0.4924448 -0.4924448 -0.2286598 -0.2286598 0.4738811E-01 0.4738811E-01 0.1507290 0.2795452 0.2795452 0.3244819 0.3244819 0.2260016 0.2260016 0.2260016 0.1195754 0.1195754 0.3627960E-01 0.3627960E-01 -0.1745225E-01 -0.1745225E-01 -0.4825244E-01 -0.4825244E-01 -0.6266805E-01 -0.6266805E-01 -0.6266805E-01
-0.3985652E-03 -0.3985652E-03 -0.8818775E-03 -0.1958804E-02 -0.1775497E-02 -0.1775497E-02 -0.1639740E-02 -0.1568822E-02 -0.1568822E-02 -0.1574573E-02 -0.1574573E-02 -0.1567965E-02 -0.1559560E-02 -0.1549934E-02 -0.1815528E-02 -0.1815528E-02 -0.2214604E-01 -0.4473823E-01 -0.7493345E-01 -0.1118756 -0.1548052 -0.2030583 -0.2560273 -0.3131740 -0.3739550 -0.4377901 -0.5040357 -0.5718833 -0.6400015 -0.7049569 -0.7049569 -0.7405204 -0.7431381 -0.6355017 -0.5074209 -0.5074209 -0.1755458 -0.1755458 0.8153835E-01 0.8153835E-01 0.1644149 0.2656966 0.2656966 0.3073385 0.3073385 0.2419773 0.2419773 0.2419773 0.1437725 0.1437725 0.5272470E-01 0.5272470E-01 -0.1282347E-01 -0.1282347E-01 -0.5250963E-01 -0.5250963E-01 -0.7133649E-01 -0.7133649E-01 -0.7133649E-01
-0.1068210E-05 -0.1068210E-05 -0.6342388E-05 0.4354950E-05 0.2618885E-05 0.2618885E-05 0.1151942E-05 -0.8033542E-06 -0.8033542E-06 -0.1172542E-05 -0.1172542E-05 -0.1062720E-05 -0.9410902E-06 -0.7412001E-06 -0.3836722E-03 -0.3836722E-03 -0.3538579E-01 -0.6705397E-01 -0.1054158 -0.1490753 -0.1970887 -0.2488380 -0.3039092 -0.3620212 -0.4229349 -0.4863856 -0.5520327 -0.6193654 -0.6873896 -0.7531456 -0.7531456 -0.7969289 -0.8035808 -0.6305746 -0.4484264 -0.4484264 -0.1056717 -0.1056717 0.9476689E-01 0.9476689E-01 0.1562448 0.2359066 0.2359066 0.2756809 0.2756809 0.2395808 0.2395808 0.2395808 0.1578742 0.1578742 0.6801075E-01 0.6801075E-01 -0.4969859E-02 -0.4969859E-02 -0.5244200E-01 -0.5244200E-01 -0.7575972E-01 -0.7575972E-01 -0.7575972E-01
0.3967689E-03 0.3967689E-03 0.8695939E-03 0.1967150E-02 0.1780497E-02 0.1780497E-02 0.1641760E-02 0.1567296E-02 0.1567296E-02 0.1572276E-02 0.1572276E-02 0.1566040E-02 0.1557742E-02 0.1548463E-02 0.1009366E-02 0.1009366E-02 -0.5246256E-01 -0.9537320E-01 -0.1439011 -0.1959830 -0.2504441 -0.3066929 -0.3644987 -0.4238427 -0.4848002 -0.5474462 -0.6117818 -0.6776333 -0.7442661 -0.8083214 -0.8083214 -0.8507183 -0.8396834 -0.5401458 -0.3306897 -0.3306897 -0.5207869E-01 -0.5207869E-01 0.8736904E-01 0.8736904E-01 0.1331128 0.1984156 0.1984156 0.2366226 0.2366226 0.2225782 0.2225782 0.2225782 0.1600985 0.1600985 0.7890552E-01 0.7890552E-01 0.4356943E-02 0.4356943E-02 -0.4825601E-01 -0.4825601E-01 -0.7533120E-01 -0.7533120E-01 -0.7533120E-01
0.7836613E-03 0.7836613E-03 0.1755661E-02 0.3941960E-02 0.3561758E-02 0.3561758E-02 0.3289992E-02 0.3140182E-02 0.3140182E-02 0.3136809E-02 0.3136809E-02 0.3117472E-02 0.3101413E-02 0.3084623E-02 0.2338742E-02 0.2338742E-02 -0.7583824E-01 -0.1327618 -0.1936706 -0.2558472 -0.3179587 -0.3795112 -0.4405065 -0.5012210 -0.5620598 -0.6234465 -0.6857409 -0.7491047 -0.8127465 -0.8702866 -0.8702866 -0.8917609 -0.8166087 -0.3816592 -0.2072844 -0.2072844 -0.2679262E-01 -0.2679262E-01 0.6830817E-01 0.6830817E-01 0.1038206 0.1589257 0.1589257 0.1945756 0.1945756 0.1951010 0.1951010 0.1951010 0.1507088 0.1507088 0.8296458E-01 0.8296458E-01 0.1299240E-01 0.1299240E-01 -0.4073378E-01 -0.4073378E-01 -0.6982680E-01 -0.6982680E-01 -0.6982680E-01
0.1147590E-02 0.1147590E-02 0.2681657E-02 0.5944570E-02 0.5329573E-02 0.5329573E-02 0.4920907E-02 0.4687051E-02 0.4687051E-02 0.4669871E-02 0.4669871E-02 0.4646505E-02 0.4629294E-02 0.4610847E-02 0.3588914E-02 0.3588914E-02 -0.1096090 -0.1841680 -0.2598735 -0.3336290 -0.4042107 -0.4714280 -0.5356476 -0.5975192 -0.6578121 -0.7173071 -0.7767196 -0.8364508 -0.8943948 -0.9317998 -0.9317998 -0.8818306 -0.6773902 -0.2250527 -0.1232520 -0.1232520 -0.2113288E-01 -0.2113288E-01 0.4628948E-01 0.4628948E-01 0.7446402E-01 0.1204974 0.1204974 0.1520246 0.1520246 0.1607850 0.1607850 0.1607850 0.1314671 0.1314671 0.7914642E-01 0.7914642E-01 0.1898567E-01 0.1898567E-01 -0.3102902E-01 -0.3102902E-01 -0.5945909E-01 -0.5945909E-01 -0.5945909E-01
0.1476704E-02 0.1476704E-02 0.4711983E-02 0.7692776E-02 0.6950957E-02 0.6950957E-02 0.6478903E-02 0.6204563E-02 0.6204563E-02 0.6179182E-02 0.6179182E-02 0.6163120E-02 0.6151319E-02 0.6137687E-02 0.4741389E-02 0.4741389E-02 -0.1611029 -0.2579307 -0.3508117 -0.4370583 -0.5161398 -0.5885512 -0.6552563 -0.7174059 -0.7761911 -0.8327612 -0.8881699 -0.9426349 -0.9872726 -0.9565597 -0.9565597 -0.7370465 -0.4230901 -0.1254785 -0.8178691E-01 -0.8178691E-01 -0.2215627E-01 -0.2215627E-01 0.2631579E-01 0.2631579E-01 0.4805204E-01 0.8455590E-01 0.8455590E-01 0.1104310 0.1104310 0.1225792 0.1225792 0.1225792 0.1049040 0.1049040 0.6789728E-01 0.6789728E-01 0.2120033E-01 0.2120033E-01 -0.2035245E-01 -0.2035245E-01 -0.4490479E-01 -0.4490479E-01 -0.4490479E-01
