cruce_test.gid/Rasters/Hydraulic/Velocity____297.0.asc
NCOLS        79
NROWS        79
XLLCENTER         -1.500000
YLLCENTER         -4.800000
CELLSIZE           0.100
NODATA_VALUE     -9999.0
[rows 0 to 26 of 79, columns 0 to 59 of 79]
-9999.000 -9999.000 -9999.000 -9999.000 -9999.000 -9999.000 -9999.000 -9999.000 -9999.000 -9999.000 -9999.000 -9999.000 -9999.000 -9999.000 -9999.000 0.9525507E-01 0.9292840E-01 0.9238155E-01 0.9287605E-01 0.9378701E-01 0.9478178E-01 0.9572370E-01 0.9650581E-01 0.9707840E-01 0.9747176E-01 0.9770700E-01 0.9785331E-01 0.9811652E-01 0.9908745E-01 0.1001055 0.1001055 -9999.000 -9999.000 -9999.000 -9999.000 -9999.000 -9999.000 -9999.000 -9999.000 -9999.000 -9999.000 -9999.000 -9999.000 -9999.000 -9999.000 -9999.000 -9999.000 -9999.000 -9999.000 -9999.000 -9999.000 -9999.000 -9999.000 -9999.000 -9999.000 -9999.000 -9999.000 -9999.000 -9999.000 -9999.000
-9999.000 -9999.000 -9999.000 -9999.000 -9999.000 -9999.000 -9999.000 -9999.000 -9999.000 -9999.000 -9999.000 -9999.000 -9999.000 -9999.000 -9999.000 0.9437103E-01 0.8961264E-01 0.8852742E-01 0.8959416E-01 0.9150746E-01 0.9360469E-01 0.9562328E-01 0.9734719E-01 0.9866519E-01 0.9962715E-01 0.1002679 0.1007321 0.1014771 0.1038124 0.1065667 0.1065667 -9999.000 -9999.000 -9999.000 -9999.000 -9999.000 -9999.000 -9999.000 -9999.000 -9999.000 -9999.000 -9999.000 -9999.000 -9999.000 -9999.000 -9999.000 -9999.000 -9999.000 -9999.000 -9999.000 -9999.000 -9999.000 -9999.000 -9999.000 -9999.000 -9999.000 -9999.000 -9999.000 -9999.000 -9999.000
-9999.000 -9999.000 -9999.000 -9999.000 -9999.000 -9999.000 -9999.000 -9999.000 -9999.000 -9999.000 -9999.000 -9999.000 -9999.000 -9999.000 -9999.000 0.9218889E-01 0.8485049E-01 0.8311798E-01 0.8481835E-01 0.8787234E-01 0.9125170E-01 0.9456995E-01 0.9750447E-01 0.9988417E-01 0.1017808 0.1032320 0.1044474 0.1061389 0.1103895 0.1157184 0.1157184 -9999.000 -9999.000 -9999.000 -9999.000 -9999.000 -9999.000 -9999.000 -9999.000 -9999.000 -9999.000 -9999.000 -9999.000 -9999.000 -9999.000 -9999.000 -9999.000 -9999.000 -9999.000 -9999.000 -9999.000 -9999.000 -9999.000 -9999.000 -9999.000 -9999.000 -9999.000 -9999.000 -9999.000 -9999.000
-9999.000 -9999.000 -9999.000 -9999.000 -9999.000 -9999.000 -9999.000 -9999.000 -9999.000 -9999.000 -9999.000 -9999.000 -9999.000 -9999.000 -9999.000 0.8936841E-01 0.7952391E-01 0.7714803E-01 0.7950984E-01 0.8373006E-01 0.8841831E-01 0.9307957E-01 0.9729554E-01 0.1008398 0.1038054 0.1062241 0.1083582 0.1111706 0.1175423 0.1260000 0.1260000 -9999.000 -9999.000 -9999.000 -9999.000 -9999.000 -9999.000 -9999.000 -9999.000 -9999.000 -9999.000 -9999.000 -9999.000 -9999.000 -9999.000 -9999.000 -9999.000 -9999.000 -9999.000 -9999.000 -9999.000 -9999.000 -9999.000 -9999.000 -9999.000 -9999.000 -9999.000 -9999.000 -9999.000 -9999.000
-9999.000 -9999.000 -9999.000 -9999.000 -9999.000 -9999.000 -9999.000 -9999.000 -9999.000 -9999.000 -9999.000 -9999.000 -9999.000 -9999.000 -9999.000 0.8613979E-01 0.7383049E-01 0.7082589E-01 0.7389145E-01 0.7930888E-01 0.8532826E-01 0.9136061E-01 0.9689979E-01 0.1016674 0.1057793 0.1092544 0.1124039 0.1164477 0.1251081 0.1372665 0.1372665 -9999.000 -9999.000 -9999.000 -9999.000 -9999.000 -9999.000 -9999.000 -9999.000 -9999.000 -9999.000 -9999.000 -9999.000 -9999.000 -9999.000 -9999.000 -9999.000 -9999.000 -9999.000 -9999.000 -9999.000 -9999.000 -9999.000 -9999.000 -9999.000 -9999.000 -9999.000 -9999.000 -9999.000 -9999.000
-9999.000 -9999.000 -9999.000 -9999.000 -9999.000 -9999.000 -9999.000 -9999.000 -9999.000 -9999.000 -9999.000 -9999.000 -9999.000 -9999.000 -9999.000 0.8258323E-01 0.6785177E-01 0.6425657E-01 0.6808894E-01 0.7474207E-01 0.8211154E-01 0.8953353E-01 0.9642158E-01 0.1024482 0.1077547 0.1123409 0.1165663 0.1219215 0.1330279 0.1495379 0.1495379 -9999.000 -9999.000 -9999.000 -9999.000 -9999.000 -9999.000 -9999.000 -9999.000 -9999.000 -9999.000 -9999.000 -9999.000 -9999.000 -9999.000 -9999.000 -9999.000 -9999.000 -9999.000 -9999.000 -9999.000 -9999.000 -9999.000 -9999.000 -9999.000 -9999.000 -9999.000 -9999.000 -9999.000 -9999.000
-9999.000 -9999.000 -9999.000 -9999.000 -9999.000 -9999.000 -9999.000 -9999.000 -9999.000 -9999.000 -9999.000 -9999.000 -9999.000 -9999.000 -9999.000 0.7870972E-01 0.6161492E-01 0.5749928E-01 0.6218544E-01 0.7011486E-01 0.7884670E-01 0.8766771E-01 0.9591884E-01 0.1032268 0.1097606 0.1154945 0.1208387 0.1275729 0.1412902 0.1629331 0.1629331 -9999.000 -9999.000 -9999.000 -9999.000 -9999.000 -9999.000 -9999.000 -9999.000 -9999.000 -9999.000 -9999.000 -9999.000 -9999.000 -9999.000 -9999.000 -9999.000 -9999.000 -9999.000 -9999.000 -9999.000 -9999.000 -9999.000 -9999.000 -9999.000 -9999.000 -9999.000 -9999.000 -9999.000 -9999.000
-9999.000 -9999.000 -9999.000 -9999.000 -9999.000 -9999.000 -9999.000 -9999.000 -9999.000 -9999.000 -9999.000 -9999.000 -9999.000 -9999.000 -9999.000 0.7449523E-01 0.5512329E-01 0.5060472E-01 0.5625788E-01 0.6549788E-01 0.7559049E-01 0.8580774E-01 0.9542630E-01 0.1040281 0.1118129 0.1187216 0.1252180 0.1333948 0.1499065 0.1776472 0.1776472 -9999.000 -9999.000 -9999.000 -9999.000 -9999.000 -9999.000 -9999.000 -9999.000 -9999.000 -9999.000 -9999.000 -9999.000 -9999.000 -9999.000 -9999.000 -9999.000 -9999.000 -9999.000 -9999.000 -9999.000 -9999.000 -9999.000 -9999.000 -9999.000 -9999.000 -9999.000 -9999.000 -9999.000 -9999.000
-9999.000 -9999.000 -9999.000 -9999.000 -9999.000 -9999.000 -9999.000 -9999.000 -9999.000 -9999.000 -9999.000 -9999.000 -9999.000 -9999.000 -9999.000 0.6989649E-01 0.4837287E-01 0.4364701E-01 0.5040735E-01 0.6097025E-01 0.7239745E-01 0.8399095E-01 0.9497026E-01 0.1048704 0.1139227 0.1220260 0.1297020 0.1393855 0.1588999 0.1939531 0.1939531 -9999.000 -9999.000 -9999.000 -9999.000 -9999.000 -9999.000 -9999.000 -9999.000 -9999.000 -9999.000 -9999.000 -9999.000 -9999.000 -9999.000 -9999.000 -9999.000 -9999.000 -9999.000 -9999.000 -9999.000 -9999.000 -9999.000 -9999.000 -9999.000 -9999.000 -9999.000 -9999.000 -9999.000 -9999.000
-9999.000 -9999.000 -9999.000 -9999.000 -9999.000 -9999.000 -9999.000 -9999.000 -9999.000 -9999.000 -9999.000 -9999.000 -9999.000 -9999.000 -9999.000 0.6485758E-01 0.4136621E-01 0.3677010E-01 0.4479451E-01 0.5663840E-01 0.6933255E-01 0.8225834E-01 0.9457745E-01 0.1057705 0.1161012 0.1254121 0.1342900 0.1455465 0.1683018 0.2122177 0.2122177 -9999.000 -9999.000 -9999.000 -9999.000 -9999.000 -9999.000 -9999.000 -9999.000 -9999.000 -9999.000 -9999.000 -9999.000 -9999.000 -9999.000 -9999.000 -9999.000 -9999.000 -9999.000 -9999.000 -9999.000 -9999.000 -9999.000 -9999.000 -9999.000 -9999.000 -9999.000 -9999.000 -9999.000 -9999.000
-9999.000 -9999.000 -9999.000 -9999.000 -9999.000 -9999.000 -9999.000 -9999.000 -9999.000 -9999.000 -9999.000 -9999.000 -9999.000 -9999.000 -9999.000 0.5931038E-01 0.3413472E-01 0.3028737E-01 0.3969168E-01 0.5265775E-01 0.6648403E-01 0.8066338E-01 0.9428310E-01 0.1067524 0.1183633 0.1288875 0.1389835 0.1518810 0.1781497 0.2329393 0.2329393 -9999.000 -9999.000 -9999.000 -9999.000 -9999.000 -9999.000 -9999.000 -9999.000 -9999.000 -9999.000 -9999.000 -9999.000 -9999.000 -9999.000 -9999.000 -9999.000 -9999.000 -9999.000 -9999.000 -9999.000 -9999.000 -9999.000 -9999.000 -9999.000 -9999.000 -9999.000 -9999.000 -9999.000 -9999.000
-9999.000 -9999.000 -9999.000 -9999.000 -9999.000 -9999.000 -9999.000 -9999.000 -9999.000 -9999.000 -9999.000 -9999.000 -9999.000 -9999.000 -9999.000 0.5317513E-01 0.2680233E-01 0.2490138E-01 0.3555637E-01 0.4925914E-01 0.6397883E-01 0.7928359E-01 0.9413916E-01 0.1078528 0.1207360 0.1324688 0.1437906 0.1583970 0.1884892 0.2568048 0.2568048 -9999.000 -9999.000 -9999.000 -9999.000 -9999.000 -9999.000 -9999.000 -9999.000 -9999.000 -9999.000 -9999.000 -9999.000 -9999.000 -9999.000 -9999.000 -9999.000 -9999.000 -9999.000 -9999.000 -9999.000 -9999.000 -9999.000 -9999.000 -9999.000 -9999.000 -9999.000 -9999.000 -9999.000 -9999.000
-9999.000 -9999.000 -9999.000 -9999.000 -9999.000 -9999.000 -9999.000 -9999.000 -9999.000 -9999.000 -9999.000 -9999.000 -9999.000 -9999.000 -9999.000 0.4635660E-01 0.1980161E-01 0.2202658E-01 0.3309512E-01 0.4678564E-01 0.6200911E-01 0.7824126E-01 0.9423288E-01 0.1091375 0.1232700 0.1361927 0.1487358 0.1651162 0.1993779 0.2847874 0.2847874 -9999.000 -9999.000 -9999.000 -9999.000 -9999.000 -9999.000 -9999.000 -9999.000 -9999.000 -9999.000 -9999.000 -9999.000 -9999.000 -9999.000 -9999.000 -9999.000 -9999.000 -9999.000 -9999.000 -9999.000 -9999.000 -9999.000 -9999.000 -9999.000 -9999.000 -9999.000 -9999.000 -9999.000 -9999.000
-9999.000 -9999.000 -9999.000 -9999.000 -9999.000 -9999.000 -9999.000 -9999.000 -9999.000 -9999.000 -9999.000 -9999.000 -9999.000 -9999.000 -9999.000 0.3854359E-01 0.1527587E-01 0.2441662E-01 0.3409765E-01 0.4650440E-01 0.6148966E-01 0.7820801E-01 0.9506840E-01 0.1109908 0.1262588 0.1402805 0.1539843 0.1721620 0.2109423 0.3183540 0.3183540 -9999.000 -9999.000 -9999.000 -9999.000 -9999.000 -9999.000 -9999.000 -9999.000 -9999.000 -9999.000 -9999.000 -9999.000 -9999.000 -9999.000 -9999.000 -9999.000 -9999.000 -9999.000 -9999.000 -9999.000 -9999.000 -9999.000 -9999.000 -9999.000 -9999.000 -9999.000 -9999.000 -9999.000 -9999.000
-9999.000 -9999.000 -9999.000 -9999.000 -9999.000 -9999.000 -9999.000 -9999.000 -9999.000 -9999.000 -9999.000 -9999.000 -9999.000 -9999.000 -9999.000 0.6072054E-01 0.9212747E-01 0.1043689 0.9642303E-01 0.9414881E-01 0.9539942E-01 0.1010795 0.1102374 0.1212547 0.1336813 0.1462204 0.1594863 0.1786458 0.2220388 0.3567682 0.3567682 -9999.000 -9999.000 -9999.000 -9999.000 -9999.000 -9999.000 -9999.000 -9999.000 -9999.000 -9999.000 -9999.000 -9999.000 -9999.000 -9999.000 -9999.000 -9999.000 -9999.000 -9999.000 -9999.000 -9999.000 -9999.000 -9999.000 -9999.000 -9999.000 -9999.000 -9999.000 -9999.000 -9999.000 -9999.000
2.775651 2.775651 2.753702 2.785733 2.804528 2.804528 2.807736 2.808206 2.808206 2.804827 2.804827 2.799019 2.795484 2.791623 2.787677 2.787677 2.899209 2.902399 2.903428 2.881491 2.839537 2.776670 2.691237 2.583675 2.456814 2.311908 2.153247 1.991037 1.852041 1.810920 1.810920 2.632972 2.802011 2.896615 2.919615 2.919615 2.948006 2.948006 2.921848 2.921848 2.872691 2.678356 2.678356 2.244599 2.244599 2.008029 2.008029 2.008029 2.004143 2.004143 2.040756 2.040756 2.089696 2.089696 2.139195 2.139195 2.182569 2.182569 2.182569 2.216017
2.799075 2.799075 2.782659 2.839344 2.864731 2.864731 2.879565 2.902385 2.902385 2.920954 2.920954 2.936881 2.944134 2.951011 2.957739 2.957739 3.041233 3.057424 3.071846 3.080756 3.084479 3.081567 3.069343 3.045203 3.007192 2.952983 2.881466 2.793916 2.697125 2.630600 2.630600 3.069059 3.221527 3.368341 3.407947 3.407947 3.451280 3.451280 3.447260 3.447260 3.422613 3.312708 3.312708 3.075453 3.075453 2.832240 2.832240 2.832240 2.827005 2.827005 2.865548 2.865548 2.917581 2.917581 2.969687 2.969687 3.016272 3.016272 3.016272 3.054620
2.805403 2.805403 2.783448 2.841831 2.864746 2.864746 2.880057 2.903656 2.903656 2.922844 2.922844 2.939453 2.947086 2.954371 2.961559 2.961559 3.037071 3.064323 3.089455 3.110586 3.127714 3.140667 3.148656 3.150642 3.145564 3.131713 3.107445 3.072161 3.028691 2.998575 2.998575 3.248179 3.393651 3.561514 3.610104 3.610104 3.657225 3.657225 3.641327 3.641327 3.609858 3.509107 3.509107 3.350627 3.350627 3.128663 3.128663 3.128663 3.106954 3.106954 3.134137 3.134137 3.178071 3.178071 3.224072 3.224072 3.266027 3.266027 3.266027 3.300982
2.810498 2.810498 2.783729 2.843295 2.864306 2.864306 2.879723 2.903622 2.903622 2.922850 2.922850 2.939462 2.947104 2.954403 2.961655 2.961655 3.032881 3.069674 3.104792 3.135831 3.162069 3.183350 3.199516 3.210427 3.216025 3.215926 3.209552 3.196680 3.179001 3.169749 3.169749 3.323602 3.452538 3.624464 3.675962 3.675962 3.714503 3.714503 3.674943 3.674943 3.635279 3.548899 3.548899 3.451870 3.451870 3.271925 3.271925 3.271925 3.234428 3.234428 3.248147 3.248147 3.284129 3.284129 3.325560 3.325560 3.364470 3.364470 3.364470 3.397060
2.814337 2.814337 2.783878 2.844239 2.863933 2.863933 2.879385 2.903555 2.903555 2.922828 2.922828 2.939449 2.947099 2.954411 2.961747 2.961747 3.032740 3.077951 3.122236 3.162372 3.197052 3.225859 3.248691 3.265602 3.276838 3.282611 3.283096 3.278704 3.271070 3.269117 3.269117 3.367432 3.475384 3.635732 3.679853 3.679853 3.686900 3.686900 3.619114 3.619114 3.580588 3.527037 3.527037 3.485452 3.485452 3.360800 3.360800 3.360800 3.313913 3.313913 3.312605 3.312605 3.338171 3.338171 3.373514 3.373514 3.408544 3.408544 3.408544 3.438169
2.815197 2.815197 2.785603 2.844807 2.863631 2.863631 2.879097 2.903496 2.903496 2.922820 2.922820 2.939461 2.947122 2.954443 2.961888 2.961888 3.037592 3.090667 3.143307 3.191650 3.234038 3.269854 3.298938 3.321360 3.337385 3.347363 3.351730 3.351155 3.347209 3.346194 3.346194 3.407806 3.491893 3.620526 3.641121 3.641121 3.593386 3.593386 3.515516 3.515516 3.493420 3.485495 3.485495 3.489470 3.489470 3.421953 3.421953 3.421953 3.375764 3.375764 3.361750 3.361750 3.375083 3.375083 3.402036 3.402036 3.431369 3.431369 3.431369 3.456658
2.815747 2.815747 2.786348 2.845136 2.863462 2.863462 2.878911 2.903449 2.903449 2.922832 2.922832 2.939500 2.947168 2.954491 2.962086 2.962086 3.048311 3.109251 3.169572 3.225183 3.274347 3.316384 3.351121 3.378618 3.399110 3.412944 3.420568 3.422654 3.420528 3.418519 3.418519 3.454296 3.512140 3.578081 3.553264 3.553264 3.449611 3.449611 3.400169 3.400169 3.404984 3.441389 3.441389 3.478686 3.478686 3.461992 3.461992 3.461992 3.426078 3.426078 3.405081 3.405081 3.406555 3.406555 3.423325 3.423325 3.444975 3.444975 3.444975 3.464318
2.815890 2.815890 2.786575 2.845223 2.863404 2.863404 2.878852 2.903444 2.903444 2.922852 2.922852 2.939529 2.947198 2.954518 2.962319 2.962319 3.065981 3.135208 3.202698 3.264639 3.319499 3.366728 3.406217 3.438074 3.462524 3.479880 3.490537 3.495057 3.494426 3.491189 3.491189 3.507451 3.534198 3.487448 3.402347 3.402347 3.286516 3.286516 3.298988 3.298988 3.329844 3.399486 3.399486 3.459500 3.459500 3.484159 3.484159 3.484159 3.464649 3.464649 3.443605 3.443605 3.435889 3.435889 3.441840 3.441840 3.454101 3.454101 3.454101 3.465869
2.815747 2.815747 2.786348 2.845136 2.863463 2.863463 2.878911 2.903450 2.903450 2.922833 2.922833 2.939500 2.947169 2.954491 2.962590 2.962590 3.092158 3.170353 3.244589 3.311883 3.371227 3.422387 3.465453 3.500644 3.528229 3.548510 3.561824 3.568602 3.569395 3.564581 3.564581 3.562105 3.542687 3.321228 3.196439 3.196439 3.142906 3.142906 3.221844 3.221844 3.270206 3.360596 3.360596 3.435683 3.435683 3.492034 3.492034 3.492034 3.490875 3.490875 3.475670 3.475670 3.462878 3.462878 3.458755 3.458755 3.460556 3.460556 3.460556 3.463360
2.815197 2.815197 2.785603 2.844808 2.863631 2.863631 2.879097 2.903495 2.903495 2.922820 2.922820 2.939460 2.947122 2.954442 2.962949 2.962949 3.129155 3.217048 3.297527 3.369048 3.431458 3.485048 3.530240 3.567443 3.597029 3.619326 3.634640 3.643261 3.645048 3.636185 3.636185 3.603755 3.498362 3.082892 2.983394 2.983394 3.039221 3.039221 3.161269 3.161269 3.219085 3.321795 3.321795 3.407327 3.407327 3.487316 3.487316 3.487316 3.503419 3.503419 3.497634 3.497634 3.484085 3.484085 3.471843 3.471843 3.463070 3.463070 3.463070 3.456084
2.814337 2.814337 2.783878 2.844240 2.863933 2.863933 2.879386 2.903555 2.903555 2.922827 2.922827 2.939449 2.947100 2.954411 2.963479 2.963479 3.180532 3.278566 3.364414 3.438662 3.502374 3.556580 3.602139 3.639735 3.669888 3.692991 3.709343 3.719049 3.720213 3.697021 3.697021 3.592159 3.335623 2.833500 2.822161 2.822161 2.965903 2.965903 3.107647 3.107647 3.170234 3.280634 3.280634 3.373682 3.373682 3.470793 3.470793 3.470793 3.501346 3.501346 3.506027 3.506027 3.494752 3.494752 3.476940 3.476940 3.458416 3.458416 3.458416 3.441566
2.810498 2.810498 2.783729 2.843296 2.864305 2.864305 2.879723 2.903621 2.903621 2.922850 2.922850 2.939462 2.947104 2.954403 2.964244 2.964244 3.251940 3.359655 3.449120 3.523851 3.586511 3.639038 3.682826 3.718870 3.747865 3.770283 3.786439 3.795936 3.790510 3.713439 3.713439 3.438590 3.017752 2.659911 2.717202 2.717202 2.899483 2.899483 3.049660 3.049660 3.115067 3.231055 3.231055 3.329801 3.329801 3.439150 3.439150 3.439150 3.480864 3.480864 3.495123 3.495123 3.487693 3.487693 3.466656 3.466656 3.439931 3.439931 3.439931 3.414015
