cruce_test.gid/Rasters/Hydraulic/Velocity____72.0.asc
NCOLS        79
NROWS        79
XLLCENTER         -1.500000
YLLCENTER         -4.800000
CELLSIZE           0.100
NODATA_VALUE     -9999.0
[rows 0 to 26 of 79, columns 0 to 59 of 79]
-9999.000 -9999.000 -9999.000 -9999.000 -9999.000 -9999.000 -9999.000 -9999.000 -9999.000 -9999.000 -9999.000 -9999.000 -9999.000 -9999.000 -9999.000 0.2235516 0.2224883 0.2226811 0.2229732 0.2232825 0.2236058 0.2239540 0.2243441 0.2247978 0.2253425 0.2260187 0.2268878 0.2280523 0.2295528 0.2269002 0.2269002 -9999.000 -9999.000 -9999.000 -9999.000 -9999.000 -9999.000 -9999.000 -9999.000 -9999.000 -9999.000 -9999.000 -9999.000 -9999.000 -9999.000 -9999.000 -9999.000 -9999.000 -9999.000 -9999.000 -9999.000 -9999.000 -9999.000 -9999.000 -9999.000 -9999.000 -9999.000 -9999.000 -9999.000 -9999.000
-9999.000 -9999.000 -9999.000 -9999.000 -9999.000 -9999.000 -9999.000 -9999.000 -9999.000 -9999.000 -9999.000 -9999.000 -9999.000 -9999.000 -9999.000 0.2205171 0.2181254 0.2185048 0.2191034 0.2197418 0.2204069 0.2211173 0.2219058 0.2228169 0.2239107 0.2252756 0.2270481 0.2294463 0.2325332 0.2275100 0.2275100 -9999.000 -9999.000 -9999.000 -9999.000 -9999.000 -9999.000 -9999.000 -9999.000 -9999.000 -9999.000 -9999.000 -9999.000 -9999.000 -9999.000 -9999.000 -9999.000 -9999.000 -9999.000 -9999.000 -9999.000 -9999.000 -9999.000 -9999.000 -9999.000 -9999.000 -9999.000 -9999.000 -9999.000 -9999.000
-9999.000 -9999.000 -9999.000 -9999.000 -9999.000 -9999.000 -9999.000 -9999.000 -9999.000 -9999.000 -9999.000 -9999.000 -9999.000 -9999.000 -9999.000 0.2159166 0.2120127 0.2126488 0.2137030 0.2148678 0.2161110 0.2174577 0.2189605 0.2206941 0.2227598 0.2253025 0.2285360 0.2327799 0.2380495 0.2307859 0.2307859 -9999.000 -9999.000 -9999.000 -9999.000 -9999.000 -9999.000 -9999.000 -9999.000 -9999.000 -9999.000 -9999.000 -9999.000 -9999.000 -9999.000 -9999.000 -9999.000 -9999.000 -9999.000 -9999.000 -9999.000 -9999.000 -9999.000 -9999.000 -9999.000 -9999.000 -9999.000 -9999.000 -9999.000 -9999.000
-9999.000 -9999.000 -9999.000 -9999.000 -9999.000 -9999.000 -9999.000 -9999.000 -9999.000 -9999.000 -9999.000 -9999.000 -9999.000 -9999.000 -9999.000 0.2102175 0.2048306 0.2058021 0.2074283 0.2092648 0.2112575 0.2134367 0.2158739 0.2186742 0.2219802 0.2259950 0.2310127 0.2374623 0.2453185 0.2363449 0.2363449 -9999.000 -9999.000 -9999.000 -9999.000 -9999.000 -9999.000 -9999.000 -9999.000 -9999.000 -9999.000 -9999.000 -9999.000 -9999.000 -9999.000 -9999.000 -9999.000 -9999.000 -9999.000 -9999.000 -9999.000 -9999.000 -9999.000 -9999.000 -9999.000 -9999.000 -9999.000 -9999.000 -9999.000 -9999.000
-9999.000 -9999.000 -9999.000 -9999.000 -9999.000 -9999.000 -9999.000 -9999.000 -9999.000 -9999.000 -9999.000 -9999.000 -9999.000 -9999.000 -9999.000 0.2034759 0.1966878 0.1980739 0.2003807 0.2030189 0.2059108 0.2090908 0.2126500 0.2167255 0.2215059 0.2272580 0.2343677 0.2433919 0.2542834 0.2442000 0.2442000 -9999.000 -9999.000 -9999.000 -9999.000 -9999.000 -9999.000 -9999.000 -9999.000 -9999.000 -9999.000 -9999.000 -9999.000 -9999.000 -9999.000 -9999.000 -9999.000 -9999.000 -9999.000 -9999.000 -9999.000 -9999.000 -9999.000 -9999.000 -9999.000 -9999.000 -9999.000 -9999.000 -9999.000 -9999.000
-9999.000 -9999.000 -9999.000 -9999.000 -9999.000 -9999.000 -9999.000 -9999.000 -9999.000 -9999.000 -9999.000 -9999.000 -9999.000 -9999.000 -9999.000 0.1956978 0.1876560 0.1895414 0.1926317 0.1961914 0.2001168 0.2044468 0.2092942 0.2148314 0.2212998 0.2290412 0.2385515 0.2505448 0.2649896 0.2545090 0.2545090 -9999.000 -9999.000 -9999.000 -9999.000 -9999.000 -9999.000 -9999.000 -9999.000 -9999.000 -9999.000 -9999.000 -9999.000 -9999.000 -9999.000 -9999.000 -9999.000 -9999.000 -9999.000 -9999.000 -9999.000 -9999.000 -9999.000 -9999.000 -9999.000 -9999.000 -9999.000 -9999.000 -9999.000 -9999.000
-9999.000 -9999.000 -9999.000 -9999.000 -9999.000 -9999.000 -9999.000 -9999.000 -9999.000 -9999.000 -9999.000 -9999.000 -9999.000 -9999.000 -9999.000 0.1868388 0.1777731 0.1802540 0.1842322 0.1888292 0.1939149 0.1995330 0.2058208 0.2129920 0.2213503 0.2313290 0.2435601 0.2589579 0.2775725 0.2675736 0.2675736 -9999.000 -9999.000 -9999.000 -9999.000 -9999.000 -9999.000 -9999.000 -9999.000 -9999.000 -9999.000 -9999.000 -9999.000 -9999.000 -9999.000 -9999.000 -9999.000 -9999.000 -9999.000 -9999.000 -9999.000 -9999.000 -9999.000 -9999.000 -9999.000 -9999.000 -9999.000 -9999.000 -9999.000 -9999.000
-9999.000 -9999.000 -9999.000 -9999.000 -9999.000 -9999.000 -9999.000 -9999.000 -9999.000 -9999.000 -9999.000 -9999.000 -9999.000 -9999.000 -9999.000 0.1768074 0.1670470 0.1702406 0.1752195 0.1809736 0.1873456 0.1943857 0.2022588 0.2112279 0.2216716 0.2341364 0.2494286 0.2687231 0.2922574 0.2838689 0.2838689 -9999.000 -9999.000 -9999.000 -9999.000 -9999.000 -9999.000 -9999.000 -9999.000 -9999.000 -9999.000 -9999.000 -9999.000 -9999.000 -9999.000 -9999.000 -9999.000 -9999.000 -9999.000 -9999.000 -9999.000 -9999.000 -9999.000 -9999.000 -9999.000 -9999.000 -9999.000 -9999.000 -9999.000 -9999.000
-9999.000 -9999.000 -9999.000 -9999.000 -9999.000 -9999.000 -9999.000 -9999.000 -9999.000 -9999.000 -9999.000 -9999.000 -9999.000 -9999.000 -9999.000 0.1654693 0.1554616 0.1595166 0.1656271 0.1726700 0.1804617 0.1890595 0.1986609 0.2095869 0.2223074 0.2375122 0.2562309 0.2799889 0.3093734 0.3041073 0.3041073 -9999.000 -9999.000 -9999.000 -9999.000 -9999.000 -9999.000 -9999.000 -9999.000 -9999.000 -9999.000 -9999.000 -9999.000 -9999.000 -9999.000 -9999.000 -9999.000 -9999.000 -9999.000 -9999.000 -9999.000 -9999.000 -9999.000 -9999.000 -9999.000 -9999.000 -9999.000 -9999.000 -9999.000 -9999.000
-9999.000 -9999.000 -9999.000 -9999.000 -9999.000 -9999.000 -9999.000 -9999.000 -9999.000 -9999.000 -9999.000 -9999.000 -9999.000 -9999.000 -9999.000 0.1526541 0.1429823 0.1480931 0.1554971 0.1639844 0.1733454 0.1836460 0.1951216 0.2081615 0.2233475 0.2415497 0.2640903 0.2929702 0.3293794 0.3293577 0.3293577 -9999.000 -9999.000 -9999.000 -9999.000 -9999.000 -9999.000 -9999.000 -9999.000 -9999.000 -9999.000 -9999.000 -9999.000 -9999.000 -9999.000 -9999.000 -9999.000 -9999.000 -9999.000 -9999.000 -9999.000 -9999.000 -9999.000 -9999.000 -9999.000 -9999.000 -9999.000 -9999.000 -9999.000 -9999.000
-9999.000 -9999.000 -9999.000 -9999.000 -9999.000 -9999.000 -9999.000 -9999.000 -9999.000 -9999.000 -9999.000 -9999.000 -9999.000 -9999.000 -9999.000 0.1381603 0.1295651 0.1359942 0.1449041 0.1550310 0.1661399 0.1783074 0.1918121 0.2071242 0.2249606 0.2464182 0.2732030 0.3079706 0.3529097 0.3612654 0.3612654 -9999.000 -9999.000 -9999.000 -9999.000 -9999.000 -9999.000 -9999.000 -9999.000 -9999.000 -9999.000 -9999.000 -9999.000 -9999.000 -9999.000 -9999.000 -9999.000 -9999.000 -9999.000 -9999.000 -9999.000 -9999.000 -9999.000 -9999.000 -9999.000 -9999.000 -9999.000 -9999.000 -9999.000 -9999.000
-9999.000 -9999.000 -9999.000 -9999.000 -9999.000 -9999.000 -9999.000 -9999.000 -9999.000 -9999.000 -9999.000 -9999.000 -9999.000 -9999.000 -9999.000 0.1217625 0.1151735 0.1232894 0.1340004 0.1460257 0.1591086 0.1733400 0.1890490 0.2067988 0.2274666 0.2524300 0.2838957 0.3254295 0.3808455 0.4024833 0.4024833 -9999.000 -9999.000 -9999.000 -9999.000 -9999.000 -9999.000 -9999.000 -9999.000 -9999.000 -9999.000 -9999.000 -9999.000 -9999.000 -9999.000 -9999.000 -9999.000 -9999.000 -9999.000 -9999.000 -9999.000 -9999.000 -9999.000 -9999.000 -9999.000 -9999.000 -9999.000 -9999.000 -9999.000 -9999.000
-9999.000 -9999.000 -9999.000 -9999.000 -9999.000 -9999.000 -9999.000 -9999.000 -9999.000 -9999.000 -9999.000 -9999.000 -9999.000 -9999.000 -9999.000 0.1032171 0.9981648E-01 0.1101657 0.1231091 0.1373939 0.1527536 0.1693045 0.1874357 0.2078136 0.2314970 0.2601992 0.2967668 0.3460316 0.4144383 0.4575944 0.4575944 -9999.000 -9999.000 -9999.000 -9999.000 -9999.000 -9999.000 -9999.000 -9999.000 -9999.000 -9999.000 -9999.000 -9999.000 -9999.000 -9999.000 -9999.000 -9999.000 -9999.000 -9999.000 -9999.000 -9999.000 -9999.000 -9999.000 -9999.000 -9999.000 -9999.000 -9999.000 -9999.000 -9999.000 -9999.000
-9999.000 -9999.000 -9999.000 -9999.000 -9999.000 -9999.000 -9999.000 -9999.000 -9999.000 -9999.000 -9999.000 -9999.000 -9999.000 -9999.000 -9999.000 0.8223838E-01 0.8369398E-01 0.9720344E-01 0.1130778 0.1301662 0.1482361 0.1674619 0.1883108 0.2115627 0.2384689 0.2711165 0.3131295 0.3710580 0.4555796 0.5354047 0.5354047 -9999.000 -9999.000 -9999.000 -9999.000 -9999.000 -9999.000 -9999.000 -9999.000 -9999.000 -9999.000 -9999.000 -9999.000 -9999.000 -9999.000 -9999.000 -9999.000 -9999.000 -9999.000 -9999.000 -9999.000 -9999.000 -9999.000 -9999.000 -9999.000 -9999.000 -9999.000 -9999.000 -9999.000 -9999.000
-9999.000 -9999.000 -9999.000 -9999.000 -9999.000 -9999.000 -9999.000 -9999.000 -9999.000 -9999.000 -9999.000 -9999.000 -9999.000 -9999.000 -9999.000 0.5825971E-01 0.7565034E-01 0.9817748E-01 0.1197525 0.1404959 0.1609239 0.1817217 0.2037400 0.2280928 0.2563949 0.2912569 0.3372943 0.4033788 0.5068961 0.6537541 0.6537541 -9999.000 -9999.000 -9999.000 -9999.000 -9999.000 -9999.000 -9999.000 -9999.000 -9999.000 -9999.000 -9999.000 -9999.000 -9999.000 -9999.000 -9999.000 -9999.000 -9999.000 -9999.000 -9999.000 -9999.000 -9999.000 -9999.000 -9999.000 -9999.000 -9999.000 -9999.000 -9999.000 -9999.000 -9999.000
1.644839 1.644839 1.708974 1.741162 1.749632 1.749632 1.755860 1.763914 1.763914 1.768152 1.768152 1.769970 1.770221 1.592513 1.351553 1.351553 1.175744 1.110235 1.037665 0.9599038 0.8794624 0.7995945 0.7242405 0.6579587 0.6059612 0.5744596 0.5716361 0.6100051 0.7120990 0.9394193 0.9394193 1.578110 1.771809 1.827702 1.790341 1.790341 1.664595 1.664595 1.472224 1.472224 1.106901 0.9348397 0.9348397 0.9261432 0.9261432 0.9666072 0.9666072 0.9666072 1.016702 1.016702 1.061080 1.061080 1.098538 1.098538 1.142816 1.142816 1.170208 1.170208 1.170208 1.189891
1.659451 1.659451 1.729091 1.775545 1.791570 1.791570 1.805441 1.828837 1.828837 1.848344 1.848344 1.865299 1.873066 1.772766 1.506184 1.506184 1.422696 1.397159 1.363722 1.321522 1.270581 1.211822 1.147160 1.079706 1.014120 0.9571437 0.9184217 0.9119794 0.9591289 1.097159 1.097159 1.555695 1.711146 1.813396 1.827431 1.827431 1.806245 1.806245 1.716533 1.716533 1.527643 1.242802 1.242802 1.242352 1.242352 1.293778 1.293778 1.293778 1.347117 1.347117 1.395194 1.395194 1.423323 1.423323 1.477814 1.477814 1.511690 1.511690 1.511690 1.538562
1.662873 1.662873 1.730529 1.776049 1.792043 1.792043 1.806001 1.829744 1.829744 1.849698 1.849698 1.867162 1.875205 1.826179 1.548261 1.548261 1.486369 1.479799 1.469059 1.452566 1.429423 1.399379 1.362916 1.321440 1.277575 1.235626 1.202347 1.188319 1.210742 1.302832 1.302832 1.649616 1.790418 1.907562 1.933834 1.933834 1.936065 1.936065 1.878553 1.878553 1.778261 1.515617 1.515617 1.482101 1.482101 1.519430 1.519430 1.519430 1.567153 1.567153 1.608381 1.608381 1.640586 1.640586 1.680026 1.680026 1.708525 1.708525 1.708525 1.730414
1.665524 1.665524 1.731698 1.776254 1.792086 1.792086 1.805977 1.829717 1.829717 1.849701 1.849701 1.867183 1.875231 1.843903 1.596870 1.596870 1.519520 1.521575 1.521168 1.517185 1.509011 1.496384 1.479421 1.458776 1.435884 1.413318 1.395356 1.388989 1.406270 1.475022 1.475022 1.738507 1.859757 1.968982 1.992580 1.992580 1.997184 1.997184 1.961966 1.961966 1.912788 1.722502 1.722502 1.646814 1.646814 1.674217 1.674217 1.674217 1.715201 1.715201 1.751410 1.751410 1.780397 1.780397 1.812069 1.812069 1.836848 1.836848 1.836848 1.855498
1.667510 1.667510 1.732650 1.776435 1.792119 1.792119 1.805947 1.829678 1.829678 1.849686 1.849686 1.867177 1.875224 1.857429 1.653120 1.653120 1.548111 1.556000 1.561331 1.563568 1.562693 1.558951 1.552749 1.544710 1.535817 1.527670 1.522873 1.525662 1.543541 1.598734 1.598734 1.807284 1.906702 1.996022 2.010713 2.010713 2.008923 2.008923 1.993275 1.993275 1.975603 1.868575 1.868575 1.778731 1.778731 1.781937 1.781937 1.781937 1.816411 1.816411 1.848964 1.848964 1.875709 1.875709 1.902405 1.902405 1.924197 1.924197 1.924197 1.940430
1.668889 1.668889 1.733349 1.776578 1.792145 1.792145 1.805920 1.829645 1.829645 1.849674 1.849674 1.867173 1.875219 1.866375 1.714559 1.714559 1.577679 1.591054 1.600924 1.607094 1.610029 1.610513 1.609431 1.607741 1.606482 1.606883 1.610597 1.619871 1.638158 1.683498 1.683498 1.849721 1.927788 1.987493 1.991318 1.991318 1.987762 1.987762 1.995021 1.995021 1.998310 1.959768 1.959768 1.887015 1.887015 1.864708 1.864708 1.864708 1.890290 1.890290 1.918537 1.918537 1.942976 1.942976 1.965962 1.965962 1.984803 1.984803 1.984803 1.998699
1.669700 1.669700 1.733778 1.776672 1.792163 1.792163 1.805906 1.829629 1.829629 1.849672 1.849672 1.867176 1.875221 1.872219 1.773463 1.773463 1.609954 1.629022 1.643376 1.652877 1.658304 1.660847 1.661813 1.662583 1.664490 1.668787 1.676720 1.689086 1.705297 1.738413 1.738413 1.865176 1.919747 1.943328 1.940456 1.940456 1.948839 1.948839 1.981964 1.981964 1.999932 2.007958 2.007958 1.969149 1.969149 1.933216 1.933216 1.933216 1.948101 1.948101 1.970467 1.970467 1.991773 1.991773 2.011143 2.011143 2.026822 2.026822 2.026822 2.038240
1.669969 1.669969 1.733922 1.776703 1.792170 1.792170 1.805901 1.829621 1.829621 1.849670 1.849670 1.867176 1.875220 1.876007 1.809985 1.809985 1.644997 1.669764 1.688980 1.701962 1.709636 1.713511 1.715145 1.716269 1.718626 1.723692 1.732680 1.745120 1.754006 1.767487 1.767487 1.851369 1.877352 1.869625 1.870306 1.870306 1.904574 1.904574 1.962143 1.962143 1.990438 2.027575 2.027575 2.023021 2.023021 1.990599 1.990599 1.990599 1.995910 1.995910 2.011169 2.011169 2.027961 2.027961 2.043281 2.043281 2.055562 2.055562 2.055562 2.064375
1.669700 1.669700 1.733777 1.776672 1.792163 1.792163 1.805907 1.829629 1.829629 1.849672 1.849672 1.867176 1.875220 1.878449 1.836174 1.836174 1.687644 1.715765 1.739035 1.755153 1.764941 1.769856 1.771602 1.772134 1.773469 1.777431 1.785382 1.794393 1.786457 1.767088 1.767088 1.802485 1.797172 1.780844 1.795716 1.795716 1.861892 1.861892 1.939232 1.939232 1.974818 2.030104 2.030104 2.052221 2.052221 2.036217 2.036217 2.036217 2.036052 2.036052 2.044343 2.044343 2.055480 2.055480 2.066089 2.066089 2.074543 2.074543 2.074543 2.080554
1.668889 1.668889 1.733349 1.776578 1.792145 1.792145 1.805920 1.829645 1.829645 1.849674 1.849674 1.867172 1.875216 1.880013 1.854111 1.854111 1.744082 1.769089 1.795078 1.813905 1.825473 1.831071 1.832462 1.831747 1.831169 1.832841 1.838154 1.839186 1.797348 1.729850 1.729850 1.710931 1.686783 1.692572 1.725972 1.725972 1.822545 1.822545 1.914761 1.914761 1.955672 2.022794 2.022794 2.063406 2.063406 2.069004 2.069004 2.069004 2.068510 2.068510 2.071498 2.071498 2.076673 2.076673 2.081933 2.081933 2.086091 2.086091 2.086091 2.089125
1.667510 1.667510 1.732650 1.776435 1.792119 1.792119 1.805946 1.829678 1.829678 1.849686 1.849686 1.867176 1.875220 1.881012 1.866048 1.866048 1.811871 1.833550 1.859840 1.879972 1.892444 1.898107 1.898617 1.896099 1.892931 1.891466 1.892790 1.876862 1.765010 1.642036 1.642036 1.585571 1.561654 1.613816 1.659830 1.659830 1.786183 1.786183 1.889792 1.889792 1.934794 2.010029 2.010029 2.062935 2.062935 2.089278 2.089278 2.089278 2.092531 2.092531 2.092719 2.092719 2.092505 2.092505 2.092185 2.092185 2.091781 2.091781 2.091781 2.091799
1.665524 1.665524 1.731698 1.776254 1.792086 1.792086 1.805977 1.829717 1.829717 1.849702 1.849702 1.867183 1.875227 1.881640 1.873751 1.873751 1.889381 1.911933 1.936485 1.955603 1.967305 1.971915 1.970776 1.965853 1.959514 1.954255 1.949784 1.892873 1.659695 1.510820 1.510820 1.440832 1.442527 1.545148 1.609888 1.609888 1.752522 1.752522 1.865673 1.865673 1.913755 1.994447 1.994447 2.055280 2.055280 2.098361 2.098361 2.098361 2.107243 2.107243 2.106894 2.106894 2.102455 2.102455 2.096866 2.096866 2.091996 2.091996 2.091996 2.089174
