cruce_test.gid/Rasters/Hydraulic/Velocity__y_127.0.asc
NCOLS        79
NROWS        79
XLLCENTER         -1.500000
YLLCENTER         -4.800000
CELLSIZE           0.100
NODATA_VALUE     -9999.0
[rows 0 to 25 of 79, columns 0 to 58 of 79]
-9999.000 -9999.000 -9999.000 -9999.000 -9999.000 -9999.000 -9999.000 -9999.000 -9999.000 -9999.000 -9999.000 -9999.000 -9999.000 -9999.000 -9999.000 -0.1383923 -0.1372150 -0.1371607 -0.1372670 -0.1374575 -0.1376910 -0.1379355 -0.1381679 -0.1383649 -0.1385344 -0.1387354 -0.1391105 -0.1399692 -0.1418911 -0.1423366 -0.1423366 -9999.000 -9999.000 -9999.000 -9999.000 -9999.000 -9999.000 -9999.000 -9999.000 -9999.000 -9999.000 -9999.000 -9999.000 -9999.000 -9999.000 -9999.000 -9999.000 -9999.000 -9999.000 -9999.000 -9999.000 -9999.000 -9999.000 -9999.000 -9999.000 -9999.000 -9999.000 -9999.000 -9999.000
-9999.000 -9999.000 -9999.000 -9999.000 -9999.000 -9999.000 -9999.000 -9999.000 -9999.000 -9999.000 -9999.000 -9999.000 -9999.000 -9999.000 -9999.000 -0.1364091 -0.1339394 -0.1338124 -0.1340432 -0.1344705 -0.1350055 -0.1355776 -0.1361367 -0.1366340 -0.1370872 -0.1376240 -0.1385454 -0.1404954 -0.1446623 -0.1461300 -0.1461300 -9999.000 -9999.000 -9999.000 -9999.000 -9999.000 -9999.000 -9999.000 -9999.000 -9999.000 -9999.000 -9999.000 -9999.000 -9999.000 -9999.000 -9999.000 -9999.000 -9999.000 -9999.000 -9999.000 -9999.000 -9999.000 -9999.000 -9999.000 -9999.000 -9999.000 -9999.000 -9999.000 -9999.000
-9999.000 -9999.000 -9999.000 -9999.000 -9999.000 -9999.000 -9999.000 -9999.000 -9999.000 -9999.000 -9999.000 -9999.000 -9999.000 -9999.000 -9999.000 -0.1331443 -0.1293079 -0.1291111 -0.1295385 -0.1303298 -0.1313364 -0.1324392 -0.1335510 -0.1345903 -0.1355842 -0.1367400 -0.1385428 -0.1420188 -0.1490462 -0.1523190 -0.1523190 -9999.000 -9999.000 -9999.000 -9999.000 -9999.000 -9999.000 -9999.000 -9999.000 -9999.000 -9999.000 -9999.000 -9999.000 -9999.000 -9999.000 -9999.000 -9999.000 -9999.000 -9999.000 -9999.000 -9999.000 -9999.000 -9999.000 -9999.000 -9999.000 -9999.000 -9999.000 -9999.000 -9999.000
-9999.000 -9999.000 -9999.000 -9999.000 -9999.000 -9999.000 -9999.000 -9999.000 -9999.000 -9999.000 -9999.000 -9999.000 -9999.000 -9999.000 -9999.000 -0.1291908 -0.1240629 -0.1238273 -0.1245065 -0.1257392 -0.1273142 -0.1290597 -0.1308483 -0.1325605 -0.1342284 -0.1361389 -0.1389667 -0.1441409 -0.1542860 -0.1600250 -0.1600250 -9999.000 -9999.000 -9999.000 -9999.000 -9999.000 -9999.000 -9999.000 -9999.000 -9999.000 -9999.000 -9999.000 -9999.000 -9999.000 -9999.000 -9999.000 -9999.000 -9999.000 -9999.000 -9999.000 -9999.000 -9999.000 -9999.000 -9999.000 -9999.000 -9999.000 -9999.000 -9999.000 -9999.000
-9999.000 -9999.000 -9999.000 -9999.000 -9999.000 -9999.000 -9999.000 -9999.000 -9999.000 -9999.000 -9999.000 -9999.000 -9999.000 -9999.000 -9999.000 -0.1247029 -0.1183457 -0.1180935 -0.1190656 -0.1207978 -0.1230134 -0.1254834 -0.1280369 -0.1305128 -0.1329455 -0.1357054 -0.1396682 -0.1466954 -0.1602319 -0.1691703 -0.1691703 -9999.000 -9999.000 -9999.000 -9999.000 -9999.000 -9999.000 -9999.000 -9999.000 -9999.000 -9999.000 -9999.000 -9999.000 -9999.000 -9999.000 -9999.000 -9999.000 -9999.000 -9999.000 -9999.000 -9999.000 -9999.000 -9999.000 -9999.000 -9999.000 -9999.000 -9999.000 -9999.000 -9999.000
-9999.000 -9999.000 -9999.000 -9999.000 -9999.000 -9999.000 -9999.000 -9999.000 -9999.000 -9999.000 -9999.000 -9999.000 -9999.000 -9999.000 -9999.000 -0.1197572 -0.1122338 -0.1119818 -0.1132772 -0.1155534 -0.1184646 -0.1217214 -0.1251061 -0.1284132 -0.1316772 -0.1353594 -0.1405519 -0.1495852 -0.1668177 -0.1798151 -0.1798151 -9999.000 -9999.000 -9999.000 -9999.000 -9999.000 -9999.000 -9999.000 -9999.000 -9999.000 -9999.000 -9999.000 -9999.000 -9999.000 -9999.000 -9999.000 -9999.000 -9999.000 -9999.000 -9999.000 -9999.000 -9999.000 -9999.000 -9999.000 -9999.000 -9999.000 -9999.000 -9999.000 -9999.000
-9999.000 -9999.000 -9999.000 -9999.000 -9999.000 -9999.000 -9999.000 -9999.000 -9999.000 -9999.000 -9999.000 -9999.000 -9999.000 -9999.000 -9999.000 -0.1143778 -0.1057609 -0.1055242 -0.1071669 -0.1100230 -0.1136744 -0.1177680 -0.1220364 -0.1262276 -0.1303745 -0.1350386 -0.1415478 -0.1527475 -0.1740251 -0.1921291 -0.1921291 -9999.000 -9999.000 -9999.000 -9999.000 -9999.000 -9999.000 -9999.000 -9999.000 -9999.000 -9999.000 -9999.000 -9999.000 -9999.000 -9999.000 -9999.000 -9999.000 -9999.000 -9999.000 -9999.000 -9999.000 -9999.000 -9999.000 -9999.000 -9999.000 -9999.000 -9999.000 -9999.000 -9999.000
-9999.000 -9999.000 -9999.000 -9999.000 -9999.000 -9999.000 -9999.000 -9999.000 -9999.000 -9999.000 -9999.000 -9999.000 -9999.000 -9999.000 -9999.000 -0.1085529 -0.9893277E-01 -0.9872660E-01 -0.1007369 -0.1042035 -0.1086331 -0.1136059 -0.1188012 -0.1239188 -0.1289890 -0.1346855 -0.1425961 -0.1561353 -0.1818656 -0.2063904 -0.2063904 -9999.000 -9999.000 -9999.000 -9999.000 -9999.000 -9999.000 -9999.000 -9999.000 -9999.000 -9999.000 -9999.000 -9999.000 -9999.000 -9999.000 -9999.000 -9999.000 -9999.000 -9999.000 -9999.000 -9999.000 -9999.000 -9999.000 -9999.000 -9999.000 -9999.000 -9999.000 -9999.000 -9999.000
-9999.000 -9999.000 -9999.000 -9999.000 -9999.000 -9999.000 -9999.000 -9999.000 -9999.000 -9999.000 -9999.000 -9999.000 -9999.000 -9999.000 -9999.000 -0.1022448 -0.9173417E-01 -0.9157559E-01 -0.9397210E-01 -0.9807620E-01 -0.1033177 -0.1092058 -0.1153645 -0.1214429 -0.1274669 -0.1342389 -0.1436347 -0.1597062 -0.1903701 -0.2230085 -0.2230085 -9999.000 -9999.000 -9999.000 -9999.000 -9999.000 -9999.000 -9999.000 -9999.000 -9999.000 -9999.000 -9999.000 -9999.000 -9999.000 -9999.000 -9999.000 -9999.000 -9999.000 -9999.000 -9999.000 -9999.000 -9999.000 -9999.000 -9999.000 -9999.000 -9999.000 -9999.000 -9999.000 -9999.000
-9999.000 -9999.000 -9999.000 -9999.000 -9999.000 -9999.000 -9999.000 -9999.000 -9999.000 -9999.000 -9999.000 -9999.000 -9999.000 -9999.000 -9999.000 -0.9539307E-01 -0.8413217E-01 -0.8404105E-01 -0.8684118E-01 -0.9160820E-01 -0.9769153E-01 -0.1045261 -0.1116775 -0.1187426 -0.1257416 -0.1336251 -0.1445910 -0.1634111 -0.1995829 -0.2425708 -0.2425708 -9999.000 -9999.000 -9999.000 -9999.000 -9999.000 -9999.000 -9999.000 -9999.000 -9999.000 -9999.000 -9999.000 -9999.000 -9999.000 -9999.000 -9999.000 -9999.000 -9999.000 -9999.000 -9999.000 -9999.000 -9999.000 -9999.000 -9999.000 -9999.000 -9999.000 -9999.000 -9999.000 -9999.000
-9999.000 -9999.000 -9999.000 -9999.000 -9999.000 -9999.000 -9999.000 -9999.000 -9999.000 -9999.000 -9999.000 -9999.000 -9999.000 -9999.000 -9999.000 -0.8791310E-01 -0.7607374E-01 -0.7607440E-01 -0.7929564E-01 -0.8474887E-01 -0.9170058E-01 -0.9950744E-01 -0.1076734 -0.1157420 -0.1237253 -0.1327468 -0.1453687 -0.1671838 -0.2095553 -0.2659269 -0.2659269 -9999.000 -9999.000 -9999.000 -9999.000 -9999.000 -9999.000 -9999.000 -9999.000 -9999.000 -9999.000 -9999.000 -9999.000 -9999.000 -9999.000 -9999.000 -9999.000 -9999.000 -9999.000 -9999.000 -9999.000 -9999.000 -9999.000 -9999.000 -9999.000 -9999.000 -9999.000 -9999.000 -9999.000
-9999.000 -9999.000 -9999.000 -9999.000 -9999.000 -9999.000 -9999.000 -9999.000 -9999.000 -9999.000 -9999.000 -9999.000 -9999.000 -9999.000 -9999.000 -0.7968921E-01 -0.6747969E-01 -0.6760110E-01 -0.7126182E-01 -0.7742377E-01 -0.8526690E-01 -0.9406545E-01 -0.1032578 -0.1123339 -0.1212945 -0.1314676 -0.1458296 -0.1709208 -0.2203317 -0.2943328 -0.2943328 -9999.000 -9999.000 -9999.000 -9999.000 -9999.000 -9999.000 -9999.000 -9999.000 -9999.000 -9999.000 -9999.000 -9999.000 -9999.000 -9999.000 -9999.000 -9999.000 -9999.000 -9999.000 -9999.000 -9999.000 -9999.000 -9999.000 -9999.000 -9999.000 -9999.000 -9999.000 -9999.000 -9999.000
-9999.000 -9999.000 -9999.000 -9999.000 -9999.000 -9999.000 -9999.000 -9999.000 -9999.000 -9999.000 -9999.000 -9999.000 -9999.000 -9999.000 -9999.000 -0.7056162E-01 -0.5823248E-01 -0.5850952E-01 -0.6262881E-01 -0.6952064E-01 -0.7827416E-01 -0.8807518E-01 -0.9829287E-01 -0.1083614 -0.1182681 -0.1295843 -0.1457618 -0.1744470 -0.2319221 -0.3297135 -0.3297135 -9999.000 -9999.000 -9999.000 -9999.000 -9999.000 -9999.000 -9999.000 -9999.000 -9999.000 -9999.000 -9999.000 -9999.000 -9999.000 -9999.000 -9999.000 -9999.000 -9999.000 -9999.000 -9999.000 -9999.000 -9999.000 -9999.000 -9999.000 -9999.000 -9999.000 -9999.000 -9999.000 -9999.000
-9999.000 -9999.000 -9999.000 -9999.000 -9999.000 -9999.000 -9999.000 -9999.000 -9999.000 -9999.000 -9999.000 -9999.000 -9999.000 -9999.000 -9999.000 -0.6025975E-01 -0.4812801E-01 -0.4860946E-01 -0.5321571E-01 -0.6086413E-01 -0.7054612E-01 -0.8135172E-01 -0.9257510E-01 -0.1035927 -0.1143743 -0.1267843 -0.1448253 -0.1774510 -0.2442425 -0.3751946 -0.3751946 -9999.000 -9999.000 -9999.000 -9999.000 -9999.000 -9999.000 -9999.000 -9999.000 -9999.000 -9999.000 -9999.000 -9999.000 -9999.000 -9999.000 -9999.000 -9999.000 -9999.000 -9999.000 -9999.000 -9999.000 -9999.000 -9999.000 -9999.000 -9999.000 -9999.000 -9999.000 -9999.000 -9999.000
-9999.000 -9999.000 -9999.000 -9999.000 -9999.000 -9999.000 -9999.000 -9999.000 -9999.000 -9999.000 -9999.000 -9999.000 -9999.000 -9999.000 -9999.000 -0.4156986E-01 -0.3411414E-01 -0.3638279E-01 -0.4259923E-01 -0.5177801E-01 -0.6287538E-01 -0.7494359E-01 -0.8725673E-01 -0.9918638E-01 -0.1107260 -0.1241149 -0.1439791 -0.1807654 -0.2579595 -0.4345130 -0.4345130 -9999.000 -9999.000 -9999.000 -9999.000 -9999.000 -9999.000 -9999.000 -9999.000 -9999.000 -9999.000 -9999.000 -9999.000 -9999.000 -9999.000 -9999.000 -9999.000 -9999.000 -9999.000 -9999.000 -9999.000 -9999.000 -9999.000 -9999.000 -9999.000 -9999.000 -9999.000 -9999.000 -9999.000
-0.2298307E-02 -0.2298307E-02 -0.5387262E-02 -0.5470998E-02 -0.5445986E-02 -0.5445986E-02 -0.5426113E-02 -0.5400519E-02 -0.5400519E-02 -0.5377636E-02 -0.5377636E-02 -0.5348680E-02 -0.5331872E-02 -0.5313743E-02 -0.5294970E-02 -0.5294970E-02 -0.3696049E-01 -0.4334479E-01 -0.5322881E-01 -0.6725832E-01 -0.8456209E-01 -0.1038455 -0.1238334 -0.1432074 -0.1609932 -0.1781373 -0.1971066 -0.2245289 -0.2763103 -0.4094121 -0.4094121 -0.2054469 -0.9844022E-01 -0.2171200E-01 -0.1232851E-01 -0.1232851E-01 -0.4329594E-02 -0.4329594E-02 0.7214810E-02 0.7214810E-02 0.1319146E-01 -0.2726826E-01 -0.2726826E-01 -0.8859441E-02 -0.8859441E-02 0.7970699E-02 0.7970699E-02 0.7970699E-02 0.8737417E-02 0.8737417E-02 0.7367025E-02 0.7367025E-02 0.5275679E-02 0.5275679E-02 0.3116652E-02 0.3116652E-02 0.1218412E-02 0.1218412E-02 0.1218412E-02
-0.3516551E-02 -0.3516551E-02 -0.7989516E-02 -0.7798132E-02 -0.7687234E-02 -0.7687234E-02 -0.7627417E-02 -0.7590439E-02 -0.7590439E-02 -0.7581100E-02 -0.7581100E-02 -0.7562130E-02 -0.7547890E-02 -0.7531250E-02 -0.7513476E-02 -0.7513476E-02 -0.4944916E-01 -0.6130791E-01 -0.7700140E-01 -0.9835379E-01 -0.1248458 -0.1550710 -0.1873597 -0.2198768 -0.2508109 -0.2791484 -0.3043276 -0.3270710 -0.3506661 -0.3842666 -0.3842666 -0.2427615 -0.1457067 -0.5658279E-01 -0.3888922E-01 -0.3888922E-01 -0.1116905E-01 -0.1116905E-01 0.2919619E-01 0.2919619E-01 0.4916714E-01 -0.5918422E-02 -0.5918422E-02 -0.4601709E-02 -0.4601709E-02 0.1438192E-01 0.1438192E-01 0.1438192E-01 0.1590377E-01 0.1590377E-01 0.1299484E-01 0.1299484E-01 0.8729202E-02 0.8729202E-02 0.4558452E-02 0.4558452E-02 0.1247750E-02 0.1247750E-02 0.1247750E-02
-0.2875349E-02 -0.2875349E-02 -0.6470738E-02 -0.6661167E-02 -0.6521188E-02 -0.6521188E-02 -0.6436159E-02 -0.6397445E-02 -0.6397445E-02 -0.6416292E-02 -0.6416292E-02 -0.6425648E-02 -0.6423931E-02 -0.6419238E-02 -0.6412974E-02 -0.6412974E-02 -0.4528753E-01 -0.6245788E-01 -0.8255350E-01 -0.1079365 -0.1388793 -0.1745898 -0.2137945 -0.2550924 -0.2969532 -0.3373674 -0.3746636 -0.4071991 -0.4334162 -0.4499378 -0.4499378 -0.3548581 -0.2690692 -0.1524152 -0.1118863 -0.1118863 -0.3262219E-01 -0.3262219E-01 0.6131992E-01 0.6131992E-01 0.1030615 0.8038262E-01 0.8038262E-01 0.3356442E-01 0.3356442E-01 0.2229025E-01 0.2229025E-01 0.2229025E-01 0.1917035E-01 0.1917035E-01 0.1338767E-01 0.1338767E-01 0.6892824E-02 0.6892824E-02 0.1312436E-02 0.1312436E-02 -0.2425851E-02 -0.2425851E-02 -0.2425851E-02
-0.2254746E-02 -0.2254746E-02 -0.5037318E-02 -0.5415205E-02 -0.5266008E-02 -0.5266008E-02 -0.5163677E-02 -0.5109233E-02 -0.5109233E-02 -0.5130233E-02 -0.5130233E-02 -0.5143512E-02 -0.5143357E-02 -0.5140198E-02 -0.5135266E-02 -0.5135266E-02 -0.3958976E-01 -0.6113985E-01 -0.8545331E-01 -0.1142400 -0.1481008 -0.1867580 -0.2294238 -0.2751057 -0.3226267 -0.3702354 -0.4161274 -0.4581552 -0.4934898 -0.5160545 -0.5160545 -0.4522374 -0.3831404 -0.2573051 -0.1958720 -0.1958720 -0.5625459E-01 -0.5625459E-01 0.9112403E-01 0.9112403E-01 0.1489121 0.1649283 0.1649283 0.9451538E-01 0.9451538E-01 0.3582542E-01 0.3582542E-01 0.3582542E-01 0.2044881E-01 0.2044881E-01 0.9308171E-02 0.9308171E-02 0.2706187E-03 0.2706187E-03 -0.6219364E-02 -0.6219364E-02 -0.9645890E-02 -0.9645890E-02 -0.9645890E-02
-0.1661720E-02 -0.1661720E-02 -0.3696284E-02 -0.4115042E-02 -0.3982025E-02 -0.3982025E-02 -0.3882810E-02 -0.3825409E-02 -0.3825409E-02 -0.3844382E-02 -0.3844382E-02 -0.3858054E-02 -0.3858551E-02 -0.3856298E-02 -0.3852433E-02 -0.3852433E-02 -0.3497543E-01 -0.6033693E-01 -0.8919061E-01 -0.1218925 -0.1588672 -0.2000901 -0.2451340 -0.2933550 -0.3439244 -0.3955100 -0.4465196 -0.4948588 -0.5374361 -0.5676849 -0.5676849 -0.5325247 -0.4798941 -0.3472190 -0.2631029 -0.2631029 -0.6473295E-01 -0.6473295E-01 0.1146723 0.1146723 0.1772089 0.2169984 0.2169984 0.1529097 0.1529097 0.5462847E-01 0.5462847E-01 0.5462847E-01 0.2332247E-01 0.2332247E-01 0.4506310E-02 0.4506310E-02 -0.7818116E-02 -0.7818116E-02 -0.1521629E-01 -0.1521629E-01 -0.1797090E-01 -0.1797090E-01 -0.1797090E-01
-0.1093012E-02 -0.1093012E-02 -0.2425298E-02 -0.2770024E-02 -0.2671705E-02 -0.2671705E-02 -0.2593955E-02 -0.2546861E-02 -0.2546861E-02 -0.2561074E-02 -0.2561074E-02 -0.2572300E-02 -0.2573056E-02 -0.2571484E-02 -0.2568797E-02 -0.2568797E-02 -0.3225635E-01 -0.6115691E-01 -0.9485452E-01 -0.1321562 -0.1729141 -0.2170972 -0.2645012 -0.3147588 -0.3673375 -0.4212942 -0.4753384 -0.5276305 -0.5752484 -0.6119140 -0.6119140 -0.5984946 -0.5581402 -0.4051715 -0.2930668 -0.2930668 -0.5291539E-01 -0.5291539E-01 0.1269822 0.1269822 0.1849266 0.2344744 0.2344744 0.1929411 0.1929411 0.7673628E-01 0.7673628E-01 0.7673628E-01 0.2934723E-01 0.2934723E-01 0.1133161E-02 0.1133161E-02 -0.1552840E-01 -0.1552840E-01 -0.2412096E-01 -0.2412096E-01 -0.2606671E-01 -0.2606671E-01 -0.2606671E-01
-0.5419023E-03 -0.5419023E-03 -0.1200941E-02 -0.1393145E-02 -0.1341217E-02 -0.1341217E-02 -0.1298693E-02 -0.1272299E-02 -0.1272299E-02 -0.1279942E-02 -0.1279942E-02 -0.1286268E-02 -0.1286703E-02 -0.1285943E-02 -0.1284599E-02 -0.1284599E-02 -0.3208993E-01 -0.6474564E-01 -0.1036097 -0.1461393 -0.1914002 -0.2391281 -0.2892043 -0.3414780 -0.3956856 -0.4512402 -0.5071795 -0.5619774 -0.6130109 -0.6543135 -0.6543135 -0.6546868 -0.6168811 -0.4162970 -0.2774934 -0.2774934 -0.3148901E-01 -0.3148901E-01 0.1248807 0.1248807 0.1745573 0.2264751 0.2264751 0.2093575 0.2093575 0.9799600E-01 0.9799600E-01 0.9799600E-01 0.3826394E-01 0.3826394E-01 0.3273639E-03 0.3273639E-03 -0.2153504E-01 -0.2153504E-01 -0.3174502E-01 -0.3174502E-01 -0.3295368E-01 -0.3295368E-01 -0.3295368E-01
0.7347739E-08 0.7347739E-08 0.1468737E-06 0.1490844E-06 0.3284374E-07 0.3284374E-07 0.1241170E-06 -0.4520643E-07 -0.4520643E-07 -0.1252064E-06 -0.1252064E-06 -0.1689695E-06 -0.1062169E-06 -0.9383781E-07 -0.8601017E-07 -0.8601017E-07 -0.3522979E-01 -0.7249489E-01 -0.1170448 -0.1653821 -0.2157902 -0.2676327 -0.3207521 -0.3751493 -0.4308076 -0.4874804 -0.5445612 -0.6008764 -0.6540904 -0.6978943 -0.6978943 -0.7019834 -0.6476651 -0.3749784 -0.2288080 -0.2288080 -0.1543156E-01 -0.1543156E-01 0.1101828 0.1101828 0.1521499 0.2034302 0.2034302 0.2051880 0.2051880 0.1136196 0.1136196 0.1136196 0.4821798E-01 0.4821798E-01 0.2225151E-02 0.2225151E-02 -0.2496379E-01 -0.2496379E-01 -0.3711701E-01 -0.3711701E-01 -0.3780779E-01 -0.3780779E-01 -0.3780779E-01
0.5419452E-03 0.5419452E-03 0.1201010E-02 0.1393297E-02 0.1341309E-02 0.1341309E-02 0.1298941E-02 0.1272306E-02 0.1272306E-02 0.1279815E-02 0.1279815E-02 0.1286097E-02 0.1286473E-02 0.1285744E-02 0.1284362E-02 0.1284362E-02 -0.4276355E-01 -0.8621164E-01 -0.1373275 -0.1920704 -0.2481397 -0.3045278 -0.3609717 -0.4175641 -0.4745047 -0.5318689 -0.5894246 -0.6463802 -0.7005162 -0.7431562 -0.7431562 -0.7328562 -0.6295651 -0.2998011 -0.1746978 -0.1746978 -0.1107667E-01 -0.1107667E-01 0.8837350E-01 0.8837350E-01 0.1242868 0.1731994 0.1731994 0.1867045 0.1867045 0.1201469 0.1201469 0.1201469 0.5650217E-01 0.5650217E-01 0.6045789E-02 0.6045789E-02 -0.2545525E-01 -0.2545525E-01 -0.3949467E-01 -0.3949467E-01 -0.3992986E-01 -0.3992986E-01 -0.3992986E-01
0.1093103E-02 0.1093103E-02 0.2425200E-02 0.2769972E-02 0.2671753E-02 0.2671753E-02 0.2594145E-02 0.2546782E-02 0.2546782E-02 0.2561040E-02 0.2561040E-02 0.2572204E-02 0.2572853E-02 0.2571199E-02 0.2568621E-02 0.2568621E-02 -0.5646962E-01 -0.1084576 -0.1674724 -0.2292862 -0.2913539 -0.3524608 -0.4122714 -0.4709502 -0.5288835 -0.5864389 -0.6437535 -0.7003958 -0.7535816 -0.7860194 -0.7860194 -0.7223461 -0.5410752 -0.2263730 -0.1351303 -0.1351303 -0.1477292E-01 -0.1477292E-01 0.6502523E-01 0.6502523E-01 0.9582968E-01 0.1405846 0.1405846 0.1597251 0.1597251 0.1164614 0.1164614 0.1164614 0.6057742E-01 0.6057742E-01 0.1039981E-01 0.1039981E-01 -0.2315988E-01 -0.2315988E-01 -0.3842875E-01 -0.3842875E-01 -0.3880536E-01 -0.3880536E-01 -0.3880536E-01
0.1661787E-02 0.1661787E-02 0.3696260E-02 0.4114889E-02 0.3982051E-02 0.3982051E-02 0.3882796E-02 0.3825472E-02 0.3825472E-02 0.3844334E-02 0.3844334E-02 0.3858058E-02 0.3858573E-02 0.3856177E-02 0.3852428E-02 0.3852428E-02 -0.7944903E-01 -0.1431887 -0.2118626 -0.2814309 -0.3495593 -0.4151479 -0.4779476 -0.5382437 -0.5966023 -0.6536494 -0.7098612 -0.7649828 -0.8130552 -0.8083834 -0.8083834 -0.6271538 -0.4020103 -0.1749631 -0.1115544 -0.1115544 -0.2005094E-01 -0.2005094E-01 0.4367703E-01 0.4367703E-01 0.6948194E-01 0.1082018 0.1082018 0.1284785 0.1284785 0.1035813 0.1035813 0.1035813 0.5894009E-01 0.5894009E-01 0.1379634E-01 0.1379634E-01 -0.1863203E-01 -0.1863203E-01 -0.3382801E-01 -0.3382801E-01 -0.3420039E-01 -0.3420039E-01 -0.3420039E-01
