cruce_test.gid/Rasters/Hydraulic/Velocity____309.0.asc
NCOLS        79
NROWS        79
XLLCENTER         -1.500000
YLLCENTER         -4.800000
CELLSIZE           0.100
NODATA_VALUE     -9999.0
[rows 0 to 26 of 79, columns 0 to 59 of 79]
-9999.000 -9999.000 -9999.000 -9999.000 -9999.000 -9999.000 -9999.000 -9999.000 -9999.000 -9999.000 -9999.000 -9999.000 -9999.000 -9999.000 -9999.000 0.9642158E-01 0.9428676E-01 0.9389778E-01 0.9441531E-01 0.9527382E-01 0.9620245E-01 0.9708562E-01 0.9781196E-01 0.9835903E-01 0.9874047E-01 0.9897461E-01 0.9913088E-01 0.9941731E-01 0.1004240 0.1014459 0.1014459 -9999.000 -9999.000 -9999.000 -9999.000 -9999.000 -9999.000 -9999.000 -9999.000 -9999.000 -9999.000 -9999.000 -9999.000 -9999.000 -9999.000 -9999.000 -9999.000 -9999.000 -9999.000 -9999.000 -9999.000 -9999.000 -9999.000 -9999.000 -9999.000 -9999.000 -9999.000 -9999.000 -9999.000 -9999.000
-9999.000 -9999.000 -9999.000 -9999.000 -9999.000 -9999.000 -9999.000 -9999.000 -9999.000 -9999.000 -9999.000 -9999.000 -9999.000 -9999.000 -9999.000 0.9527785E-01 0.9093300E-01 0.9017523E-01 0.9129495E-01 0.9311470E-01 0.9509321E-01 0.9700532E-01 0.9862138E-01 0.9988555E-01 0.1008156 0.1014422 0.1019126 0.1026911 0.1050862 0.1078410 0.1078410 -9999.000 -9999.000 -9999.000 -9999.000 -9999.000 -9999.000 -9999.000 -9999.000 -9999.000 -9999.000 -9999.000 -9999.000 -9999.000 -9999.000 -9999.000 -9999.000 -9999.000 -9999.000 -9999.000 -9999.000 -9999.000 -9999.000 -9999.000 -9999.000 -9999.000 -9999.000 -9999.000 -9999.000 -9999.000
-9999.000 -9999.000 -9999.000 -9999.000 -9999.000 -9999.000 -9999.000 -9999.000 -9999.000 -9999.000 -9999.000 -9999.000 -9999.000 -9999.000 -9999.000 0.9278515E-01 0.8611847E-01 0.8491461E-01 0.8671001E-01 0.8963311E-01 0.9284455E-01 0.9601099E-01 0.9878375E-01 0.1010785 0.1029166 0.1043316 0.1055397 0.1072676 0.1116000 0.1169276 0.1169276 -9999.000 -9999.000 -9999.000 -9999.000 -9999.000 -9999.000 -9999.000 -9999.000 -9999.000 -9999.000 -9999.000 -9999.000 -9999.000 -9999.000 -9999.000 -9999.000 -9999.000 -9999.000 -9999.000 -9999.000 -9999.000 -9999.000 -9999.000 -9999.000 -9999.000 -9999.000 -9999.000 -9999.000 -9999.000
-9999.000 -9999.000 -9999.000 -9999.000 -9999.000 -9999.000 -9999.000 -9999.000 -9999.000 -9999.000 -9999.000 -9999.000 -9999.000 -9999.000 -9999.000 0.8963226E-01 0.8073138E-01 0.7908981E-01 0.8158854E-01 0.8564218E-01 0.9011776E-01 0.9458704E-01 0.9859038E-01 0.1020212 0.1049022 0.1072613 0.1093733 0.1122241 0.1187006 0.1271608 0.1271608 -9999.000 -9999.000 -9999.000 -9999.000 -9999.000 -9999.000 -9999.000 -9999.000 -9999.000 -9999.000 -9999.000 -9999.000 -9999.000 -9999.000 -9999.000 -9999.000 -9999.000 -9999.000 -9999.000 -9999.000 -9999.000 -9999.000 -9999.000 -9999.000 -9999.000 -9999.000 -9999.000 -9999.000 -9999.000
-9999.000 -9999.000 -9999.000 -9999.000 -9999.000 -9999.000 -9999.000 -9999.000 -9999.000 -9999.000 -9999.000 -9999.000 -9999.000 -9999.000 -9999.000 0.8604997E-01 0.7497077E-01 0.7290942E-01 0.7615001E-01 0.8136439E-01 0.8712891E-01 0.9293299E-01 0.9821087E-01 0.1028391 0.1068415 0.1102339 0.1133467 0.1174325 0.1262235 0.1383967 0.1383967 -9999.000 -9999.000 -9999.000 -9999.000 -9999.000 -9999.000 -9999.000 -9999.000 -9999.000 -9999.000 -9999.000 -9999.000 -9999.000 -9999.000 -9999.000 -9999.000 -9999.000 -9999.000 -9999.000 -9999.000 -9999.000 -9999.000 -9999.000 -9999.000 -9999.000 -9999.000 -9999.000 -9999.000 -9999.000
-9999.000 -9999.000 -9999.000 -9999.000 -9999.000 -9999.000 -9999.000 -9999.000 -9999.000 -9999.000 -9999.000 -9999.000 -9999.000 -9999.000 -9999.000 0.8212171E-01 0.6892116E-01 0.6647940E-01 0.7051774E-01 0.7692926E-01 0.8400484E-01 0.9116565E-01 0.9774546E-01 0.1036097 0.1087826 0.1132638 0.1174391 0.1228414 0.1341085 0.1506559 0.1506559 -9999.000 -9999.000 -9999.000 -9999.000 -9999.000 -9999.000 -9999.000 -9999.000 -9999.000 -9999.000 -9999.000 -9999.000 -9999.000 -9999.000 -9999.000 -9999.000 -9999.000 -9999.000 -9999.000 -9999.000 -9999.000 -9999.000 -9999.000 -9999.000 -9999.000 -9999.000 -9999.000 -9999.000 -9999.000
-9999.000 -9999.000 -9999.000 -9999.000 -9999.000 -9999.000 -9999.000 -9999.000 -9999.000 -9999.000 -9999.000 -9999.000 -9999.000 -9999.000 -9999.000 0.7786112E-01 0.6261282E-01 0.5985857E-01 0.6477024E-01 0.7241780E-01 0.8082058E-01 0.8935211E-01 0.9725027E-01 0.1043760 0.1107532 0.1163606 0.1216421 0.1284311 0.1423441 0.1640598 0.1640598 -9999.000 -9999.000 -9999.000 -9999.000 -9999.000 -9999.000 -9999.000 -9999.000 -9999.000 -9999.000 -9999.000 -9999.000 -9999.000 -9999.000 -9999.000 -9999.000 -9999.000 -9999.000 -9999.000 -9999.000 -9999.000 -9999.000 -9999.000 -9999.000 -9999.000 -9999.000 -9999.000 -9999.000 -9999.000
-9999.000 -9999.000 -9999.000 -9999.000 -9999.000 -9999.000 -9999.000 -9999.000 -9999.000 -9999.000 -9999.000 -9999.000 -9999.000 -9999.000 -9999.000 0.7324731E-01 0.5605153E-01 0.5309437E-01 0.5897603E-01 0.6789437E-01 0.7762957E-01 0.8753517E-01 0.9675842E-01 0.1051623 0.1127682 0.1195295 0.1259517 0.1341937 0.1509414 0.1788070 0.1788070 -9999.000 -9999.000 -9999.000 -9999.000 -9999.000 -9999.000 -9999.000 -9999.000 -9999.000 -9999.000 -9999.000 -9999.000 -9999.000 -9999.000 -9999.000 -9999.000 -9999.000 -9999.000 -9999.000 -9999.000 -9999.000 -9999.000 -9999.000 -9999.000 -9999.000 -9999.000 -9999.000 -9999.000 -9999.000
-9999.000 -9999.000 -9999.000 -9999.000 -9999.000 -9999.000 -9999.000 -9999.000 -9999.000 -9999.000 -9999.000 -9999.000 -9999.000 -9999.000 -9999.000 0.6824043E-01 0.4923587E-01 0.4625037E-01 0.5322046E-01 0.6342840E-01 0.7448176E-01 0.8574991E-01 0.9629466E-01 0.1059855 0.1148380 0.1227733 0.1303648 0.1401269 0.1599243 0.1951760 0.1951760 -9999.000 -9999.000 -9999.000 -9999.000 -9999.000 -9999.000 -9999.000 -9999.000 -9999.000 -9999.000 -9999.000 -9999.000 -9999.000 -9999.000 -9999.000 -9999.000 -9999.000 -9999.000 -9999.000 -9999.000 -9999.000 -9999.000 -9999.000 -9999.000 -9999.000 -9999.000 -9999.000 -9999.000 -9999.000
-9999.000 -9999.000 -9999.000 -9999.000 -9999.000 -9999.000 -9999.000 -9999.000 -9999.000 -9999.000 -9999.000 -9999.000 -9999.000 -9999.000 -9999.000 0.6278746E-01 0.4217120E-01 0.3944547E-01 0.4763560E-01 0.5911212E-01 0.7143572E-01 0.8403448E-01 0.9588429E-01 0.1068626 0.1169728 0.1260959 0.1348803 0.1462324 0.1693251 0.2135436 0.2135436 -9999.000 -9999.000 -9999.000 -9999.000 -9999.000 -9999.000 -9999.000 -9999.000 -9999.000 -9999.000 -9999.000 -9999.000 -9999.000 -9999.000 -9999.000 -9999.000 -9999.000 -9999.000 -9999.000 -9999.000 -9999.000 -9999.000 -9999.000 -9999.000 -9999.000 -9999.000 -9999.000 -9999.000 -9999.000
-9999.000 -9999.000 -9999.000 -9999.000 -9999.000 -9999.000 -9999.000 -9999.000 -9999.000 -9999.000 -9999.000 -9999.000 -9999.000 -9999.000 -9999.000 0.5682467E-01 0.3489232E-01 0.3292884E-01 0.4244230E-01 0.5508037E-01 0.6857194E-01 0.8243919E-01 0.9556068E-01 0.1078166 0.1191878 0.1295049 0.1395001 0.1525139 0.1791835 0.2344224 0.2344224 -9999.000 -9999.000 -9999.000 -9999.000 -9999.000 -9999.000 -9999.000 -9999.000 -9999.000 -9999.000 -9999.000 -9999.000 -9999.000 -9999.000 -9999.000 -9999.000 -9999.000 -9999.000 -9999.000 -9999.000 -9999.000 -9999.000 -9999.000 -9999.000 -9999.000 -9999.000 -9999.000 -9999.000 -9999.000
-9999.000 -9999.000 -9999.000 -9999.000 -9999.000 -9999.000 -9999.000 -9999.000 -9999.000 -9999.000 -9999.000 -9999.000 -9999.000 -9999.000 -9999.000 0.5027727E-01 0.2752583E-01 0.2724667E-01 0.3801557E-01 0.5153704E-01 0.6600764E-01 0.8103786E-01 0.9537492E-01 0.1088848 0.1215099 0.1330170 0.1442325 0.1589808 0.1895469 0.2585209 0.2585209 -9999.000 -9999.000 -9999.000 -9999.000 -9999.000 -9999.000 -9999.000 -9999.000 -9999.000 -9999.000 -9999.000 -9999.000 -9999.000 -9999.000 -9999.000 -9999.000 -9999.000 -9999.000 -9999.000 -9999.000 -9999.000 -9999.000 -9999.000 -9999.000 -9999.000 -9999.000 -9999.000 -9999.000 -9999.000
-9999.000 -9999.000 -9999.000 -9999.000 -9999.000 -9999.000 -9999.000 -9999.000 -9999.000 -9999.000 -9999.000 -9999.000 -9999.000 -9999.000 -9999.000 0.4305817E-01 0.2049805E-01 0.2353144E-01 0.3495846E-01 0.4879110E-01 0.6392314E-01 0.7994822E-01 0.9541273E-01 0.1101335 0.1239908 0.1366706 0.1491043 0.1656565 0.2004760 0.2868457 0.2868457 -9999.000 -9999.000 -9999.000 -9999.000 -9999.000 -9999.000 -9999.000 -9999.000 -9999.000 -9999.000 -9999.000 -9999.000 -9999.000 -9999.000 -9999.000 -9999.000 -9999.000 -9999.000 -9999.000 -9999.000 -9999.000 -9999.000 -9999.000 -9999.000 -9999.000 -9999.000 -9999.000 -9999.000 -9999.000
-9999.000 -9999.000 -9999.000 -9999.000 -9999.000 -9999.000 -9999.000 -9999.000 -9999.000 -9999.000 -9999.000 -9999.000 -9999.000 -9999.000 -9999.000 0.3494678E-01 0.1566168E-01 0.2411914E-01 0.3469553E-01 0.4780466E-01 0.6300663E-01 0.7967892E-01 0.9606271E-01 0.1118650 0.1268663 0.1406479 0.1542554 0.1726502 0.2120912 0.3209118 0.3209118 -9999.000 -9999.000 -9999.000 -9999.000 -9999.000 -9999.000 -9999.000 -9999.000 -9999.000 -9999.000 -9999.000 -9999.000 -9999.000 -9999.000 -9999.000 -9999.000 -9999.000 -9999.000 -9999.000 -9999.000 -9999.000 -9999.000 -9999.000 -9999.000 -9999.000 -9999.000 -9999.000 -9999.000 -9999.000
-9999.000 -9999.000 -9999.000 -9999.000 -9999.000 -9999.000 -9999.000 -9999.000 -9999.000 -9999.000 -9999.000 -9999.000 -9999.000 -9999.000 -9999.000 0.5348170E-01 0.8132614E-01 0.9226173E-01 0.8779419E-01 0.8828066E-01 0.9182873E-01 0.9924904E-01 0.1092230 0.1209462 0.1335810 0.1461537 0.1594868 0.1789938 0.2232084 0.3600401 0.3600401 -9999.000 -9999.000 -9999.000 -9999.000 -9999.000 -9999.000 -9999.000 -9999.000 -9999.000 -9999.000 -9999.000 -9999.000 -9999.000 -9999.000 -9999.000 -9999.000 -9999.000 -9999.000 -9999.000 -9999.000 -9999.000 -9999.000 -9999.000 -9999.000 -9999.000 -9999.000 -9999.000 -9999.000 -9999.000
2.745802 2.745802 2.739199 2.766268 2.784964 2.784964 2.788036 2.788303 2.788303 2.785173 2.785173 2.779604 2.776114 2.772262 2.768268 2.768268 2.869855 2.872782 2.870563 2.846671 2.803248 2.739209 2.652432 2.544686 2.417626 2.272952 2.115104 1.954584 1.818555 1.781523 1.781523 2.604240 2.772012 2.864302 2.886394 2.886394 2.912668 2.912668 2.882856 2.882856 2.831676 2.632158 2.632158 2.172755 2.172755 1.974201 1.974201 1.974201 1.974803 1.974803 2.013124 2.013124 2.062377 2.062377 2.111624 2.111624 2.154467 2.154467 2.154467 2.187175
2.768354 2.768354 2.765836 2.818921 2.844653 2.844653 2.859488 2.882022 2.882022 2.900608 2.900608 2.916585 2.923814 2.930640 2.937270 2.937270 3.013526 3.028949 3.042475 3.050805 3.054037 3.050510 3.037363 3.012411 2.973401 2.918170 2.845747 2.757567 2.660511 2.597356 2.597356 3.036988 3.189335 3.335036 3.374034 3.374034 3.415890 3.415890 3.409756 3.409756 3.383752 3.270637 3.270637 3.020871 3.020871 2.794933 2.794933 2.794933 2.794801 2.794801 2.834984 2.834984 2.887299 2.887299 2.939206 2.939206 2.985325 2.985325 2.985325 3.023053
2.772969 2.772969 2.767449 2.820224 2.844021 2.844021 2.859620 2.883191 2.883191 2.902489 2.902489 2.919199 2.926831 2.934081 2.941178 2.941178 3.010499 3.036553 3.060768 3.081329 3.098099 3.110742 3.118298 3.119880 3.114264 3.099748 3.074737 3.038738 2.994692 2.965709 2.965709 3.217714 3.362914 3.529628 3.577521 3.577521 3.622909 3.622909 3.605155 3.605155 3.572808 3.470916 3.470916 3.306862 3.306862 3.092348 3.092348 3.092348 3.075855 3.075855 3.105094 3.105094 3.149491 3.149491 3.195262 3.195262 3.236700 3.236700 3.236700 3.271004
2.775690 2.775690 2.770286 2.820801 2.843171 2.843171 2.859147 2.883206 2.883206 2.902536 2.902536 2.919209 2.926830 2.934076 2.941209 2.941209 3.007066 3.042378 3.076416 3.106702 3.132427 3.153330 3.169135 3.179751 3.185044 3.184590 3.177813 3.164524 3.146483 3.137878 3.137878 3.293631 3.422601 3.593364 3.643965 3.643965 3.680315 3.680315 3.639269 3.639269 3.599558 3.513889 3.513889 3.414414 3.414414 3.236177 3.236177 3.236177 3.203219 3.203219 3.219465 3.219465 3.256266 3.256266 3.297622 3.297622 3.336059 3.336059 3.336059 3.368009
2.776533 2.776533 2.774447 2.820927 2.842402 2.842402 2.858651 2.883134 2.883134 2.902475 2.902475 2.919102 2.926718 2.933969 2.941173 2.941173 3.007514 3.051130 3.094236 3.133488 3.167508 3.195810 3.218206 3.234765 3.245697 3.251183 3.251391 3.246752 3.238934 3.237468 3.237468 3.337357 3.445642 3.604739 3.647613 3.647613 3.652199 3.652199 3.584419 3.584419 3.546873 3.495065 3.495065 3.452248 3.452248 3.325943 3.325943 3.325943 3.282187 3.282187 3.283545 3.283545 3.310349 3.310349 3.345889 3.345889 3.380577 3.380577 3.380577 3.409617
2.773710 2.773710 2.779914 2.820899 2.841899 2.841899 2.858384 2.883276 2.883276 2.902678 2.902678 2.919282 2.926883 2.934119 2.941396 2.941396 3.012935 3.064373 3.115754 3.163100 3.204696 3.239874 3.268418 3.290389 3.306034 3.315688 3.319772 3.318973 3.314894 3.314231 3.314231 3.377137 3.461736 3.588678 3.607549 3.607549 3.558242 3.558242 3.482855 3.482855 3.462331 3.456016 3.456016 3.459030 3.459030 3.388339 3.388339 3.388339 3.343631 3.343631 3.331937 3.331937 3.346797 3.346797 3.374267 3.374267 3.403456 3.403456 3.403456 3.428280
2.771984 2.771984 2.784389 2.820777 2.841532 2.841532 2.858151 2.883286 2.883286 2.902713 2.902713 2.919293 2.926888 2.934122 2.941524 2.941524 3.023945 3.083285 3.142327 3.196886 3.245174 3.286481 3.320589 3.347551 3.367584 3.381024 3.388314 3.390134 3.387842 3.386024 3.386024 3.422758 3.481018 3.544032 3.517384 3.517384 3.415307 3.415307 3.370111 3.370111 3.376321 3.413545 3.413545 3.449898 3.449898 3.429747 3.429747 3.429747 3.393908 3.393908 3.374509 3.374509 3.377527 3.377527 3.395071 3.395071 3.416806 3.416806 3.416806 3.435852
2.771767 2.771767 2.785533 2.820734 2.841409 2.841409 2.858072 2.883290 2.883290 2.902725 2.902725 2.919297 2.926889 2.934122 2.941700 2.941700 3.041758 3.109449 3.175670 3.236533 3.290468 3.336898 3.375694 3.406942 3.430861 3.447757 3.458016 3.462209 3.461342 3.458120 3.458120 3.474902 3.501449 3.449759 3.364496 3.364496 3.254982 3.254982 3.271849 3.271849 3.303342 3.372897 3.372897 3.431904 3.431904 3.453340 3.453340 3.453340 3.432940 3.432940 3.412619 3.412619 3.406165 3.406165 3.413001 3.413001 3.425554 3.425554 3.425554 3.437229
2.771984 2.771984 2.784389 2.820777 2.841532 2.841532 2.858151 2.883287 2.883287 2.902713 2.902713 2.919293 2.926888 2.934122 2.941947 2.941947 3.067936 3.144666 3.217657 3.283870 3.342263 3.392586 3.434912 3.469447 3.496450 3.516214 3.529074 3.535461 3.535941 3.530959 3.530959 3.528348 3.507104 3.279951 3.159332 3.159332 3.115108 3.115108 3.196373 3.196373 3.244731 3.334528 3.334528 3.408641 3.408641 3.462229 3.462229 3.462229 3.459695 3.459695 3.444412 3.444412 3.432389 3.432389 3.429087 3.429087 3.431341 3.431341 3.431341 3.434284
2.773709 2.773709 2.779913 2.820899 2.841900 2.841900 2.858383 2.883276 2.883276 2.902678 2.902678 2.919281 2.926882 2.934119 2.942292 2.942292 3.104786 3.191281 3.270549 3.341002 3.402462 3.455206 3.499636 3.536155 3.565126 3.586870 3.601685 3.609867 3.611259 3.601995 3.601995 3.568154 3.457703 3.041340 2.950820 2.950820 3.014191 3.014191 3.136561 3.136561 3.194066 3.295998 3.295998 3.380614 3.380614 3.458272 3.458272 3.458272 3.472837 3.472837 3.466370 3.466370 3.452982 3.452982 3.441327 3.441327 3.433065 3.433065 3.433065 3.426439
2.776533 2.776533 2.774446 2.820927 2.842403 2.842403 2.858650 2.883134 2.883134 2.902476 2.902476 2.919103 2.926718 2.933969 2.942635 2.942635 3.155748 3.252458 3.337161 3.410392 3.473192 3.526572 3.571382 3.608297 3.637829 3.660363 3.676196 3.685428 3.686094 3.662078 3.662078 3.552948 3.287853 2.797162 2.795310 2.795310 2.941893 2.941893 3.083099 3.083099 3.145314 3.254929 3.254929 3.347126 3.347126 3.442259 3.442259 3.442259 3.471292 3.471292 3.474908 3.474908 3.463301 3.463301 3.445704 3.445704 3.427646 3.427646 3.427646 3.411352
2.775689 2.775689 2.770286 2.820801 2.843172 2.843172 2.859147 2.883206 2.883206 2.902537 2.902537 2.919209 2.926829 2.934076 2.943393 2.943393 3.226672 3.333106 3.421470 3.495230 3.557019 3.608756 3.651824 3.687207 3.715594 3.737451 3.753086 3.762086 3.755926 3.677037 3.677037 3.393111 2.964516 2.631749 2.692608 2.692608 2.875386 2.875386 3.024978 3.024978 3.090065 3.205327 3.205327 3.303302 3.303302 3.410962 3.410962 3.410962 3.451255 3.451255 3.464248 3.464248 3.456054 3.456054 3.434842 3.434842 3.408463 3.408463 3.408463 3.383267
