cruce_test.gid/Rasters/Hydraulic/Velocity____190.0.asc
NCOLS        79
NROWS        79
XLLCENTER         -1.500000
YLLCENTER         -4.800000
CELLSIZE           0.100
NODATA_VALUE     -9999.0
[rows 0 to 26 of 79, columns 0 to 59 of 79]
-9999.000 -9999.000 -9999.000 -9999.000 -9999.000 -9999.000 -9999.000 -9999.000 -9999.000 -9999.000 -9999.000 -9999.000 -9999.000 -9999.000 -9999.000 0.9223314E-01 0.8912604E-01 0.8769275E-01 0.8716616E-01 0.8796921E-01 0.8930121E-01 0.9063203E-01 0.9177335E-01 0.9264235E-01 0.9316485E-01 0.9345865E-01 0.9359676E-01 0.9375805E-01 0.9449864E-01 0.9541876E-01 0.9541876E-01 -9999.000 -9999.000 -9999.000 -9999.000 -9999.000 -9999.000 -9999.000 -9999.000 -9999.000 -9999.000 -9999.000 -9999.000 -9999.000 -9999.000 -9999.000 -9999.000 -9999.000 -9999.000 -9999.000 -9999.000 -9999.000 -9999.000 -9999.000 -9999.000 -9999.000 -9999.000 -9999.000 -9999.000 -9999.000
-9999.000 -9999.000 -9999.000 -9999.000 -9999.000 -9999.000 -9999.000 -9999.000 -9999.000 -9999.000 -9999.000 -9999.000 -9999.000 -9999.000 -9999.000 0.9289136E-01 0.8633976E-01 0.8340664E-01 0.8238150E-01 0.8403010E-01 0.8671494E-01 0.8941815E-01 0.9180201E-01 0.9371150E-01 0.9497266E-01 0.9580133E-01 0.9633402E-01 0.9694806E-01 0.9885505E-01 0.1014064 0.1014064 -9999.000 -9999.000 -9999.000 -9999.000 -9999.000 -9999.000 -9999.000 -9999.000 -9999.000 -9999.000 -9999.000 -9999.000 -9999.000 -9999.000 -9999.000 -9999.000 -9999.000 -9999.000 -9999.000 -9999.000 -9999.000 -9999.000 -9999.000 -9999.000 -9999.000 -9999.000 -9999.000 -9999.000 -9999.000
-9999.000 -9999.000 -9999.000 -9999.000 -9999.000 -9999.000 -9999.000 -9999.000 -9999.000 -9999.000 -9999.000 -9999.000 -9999.000 -9999.000 -9999.000 0.9261958E-01 0.8228325E-01 0.7757076E-01 0.7591236E-01 0.7848337E-01 0.8269368E-01 0.8698664E-01 0.9088217E-01 0.9416285E-01 0.9654401E-01 0.9833992E-01 0.9972850E-01 0.1012704 0.1048691 0.1098478 0.1098478 -9999.000 -9999.000 -9999.000 -9999.000 -9999.000 -9999.000 -9999.000 -9999.000 -9999.000 -9999.000 -9999.000 -9999.000 -9999.000 -9999.000 -9999.000 -9999.000 -9999.000 -9999.000 -9999.000 -9999.000 -9999.000 -9999.000 -9999.000 -9999.000 -9999.000 -9999.000 -9999.000 -9999.000 -9999.000
-9999.000 -9999.000 -9999.000 -9999.000 -9999.000 -9999.000 -9999.000 -9999.000 -9999.000 -9999.000 -9999.000 -9999.000 -9999.000 -9999.000 -9999.000 0.9189450E-01 0.7775461E-01 0.7123662E-01 0.6894971E-01 0.7247308E-01 0.7823052E-01 0.8413741E-01 0.8959474E-01 0.9433498E-01 0.9795764E-01 0.1008732 0.1032839 0.1059225 0.1114004 0.1193120 0.1193120 -9999.000 -9999.000 -9999.000 -9999.000 -9999.000 -9999.000 -9999.000 -9999.000 -9999.000 -9999.000 -9999.000 -9999.000 -9999.000 -9999.000 -9999.000 -9999.000 -9999.000 -9999.000 -9999.000 -9999.000 -9999.000 -9999.000 -9999.000 -9999.000 -9999.000 -9999.000 -9999.000 -9999.000 -9999.000
-9999.000 -9999.000 -9999.000 -9999.000 -9999.000 -9999.000 -9999.000 -9999.000 -9999.000 -9999.000 -9999.000 -9999.000 -9999.000 -9999.000 -9999.000 0.9094183E-01 0.7293165E-01 0.6458112E-01 0.6169171E-01 0.6621796E-01 0.7354779E-01 0.8108288E-01 0.8813011E-01 0.9438138E-01 0.9931252E-01 0.1034339 0.1069606 0.1107966 0.1182949 0.1296500 0.1296500 -9999.000 -9999.000 -9999.000 -9999.000 -9999.000 -9999.000 -9999.000 -9999.000 -9999.000 -9999.000 -9999.000 -9999.000 -9999.000 -9999.000 -9999.000 -9999.000 -9999.000 -9999.000 -9999.000 -9999.000 -9999.000 -9999.000 -9999.000 -9999.000 -9999.000 -9999.000 -9999.000 -9999.000 -9999.000
-9999.000 -9999.000 -9999.000 -9999.000 -9999.000 -9999.000 -9999.000 -9999.000 -9999.000 -9999.000 -9999.000 -9999.000 -9999.000 -9999.000 -9999.000 0.8984064E-01 0.6788170E-01 0.5768602E-01 0.5425886E-01 0.5986261E-01 0.6878577E-01 0.7794994E-01 0.8659744E-01 0.9438948E-01 0.1006673 0.1060482 0.1107489 0.1158514 0.1254962 0.1408670 0.1408670 -9999.000 -9999.000 -9999.000 -9999.000 -9999.000 -9999.000 -9999.000 -9999.000 -9999.000 -9999.000 -9999.000 -9999.000 -9999.000 -9999.000 -9999.000 -9999.000 -9999.000 -9999.000 -9999.000 -9999.000 -9999.000 -9999.000 -9999.000 -9999.000 -9999.000 -9999.000 -9999.000 -9999.000 -9999.000
-9999.000 -9999.000 -9999.000 -9999.000 -9999.000 -9999.000 -9999.000 -9999.000 -9999.000 -9999.000 -9999.000 -9999.000 -9999.000 -9999.000 -9999.000 0.8860487E-01 0.6262139E-01 0.5058935E-01 0.4675186E-01 0.5352918E-01 0.6404586E-01 0.7481731E-01 0.8505949E-01 0.9440801E-01 0.1020533 0.1087306 0.1146466 0.1210702 0.1329892 0.1530550 0.1530550 -9999.000 -9999.000 -9999.000 -9999.000 -9999.000 -9999.000 -9999.000 -9999.000 -9999.000 -9999.000 -9999.000 -9999.000 -9999.000 -9999.000 -9999.000 -9999.000 -9999.000 -9999.000 -9999.000 -9999.000 -9999.000 -9999.000 -9999.000 -9999.000 -9999.000 -9999.000 -9999.000 -9999.000 -9999.000
-9999.000 -9999.000 -9999.000 -9999.000 -9999.000 -9999.000 -9999.000 -9999.000 -9999.000 -9999.000 -9999.000 -9999.000 -9999.000 -9999.000 -9999.000 0.8721671E-01 0.5714349E-01 0.4331984E-01 0.3930851E-01 0.4736484E-01 0.5942385E-01 0.7174587E-01 0.8355694E-01 0.9446572E-01 0.1034880 0.1114895 0.1186529 0.1264463 0.1407784 0.1663672 0.1663672 -9999.000 -9999.000 -9999.000 -9999.000 -9999.000 -9999.000 -9999.000 -9999.000 -9999.000 -9999.000 -9999.000 -9999.000 -9999.000 -9999.000 -9999.000 -9999.000 -9999.000 -9999.000 -9999.000 -9999.000 -9999.000 -9999.000 -9999.000 -9999.000 -9999.000 -9999.000 -9999.000 -9999.000 -9999.000
-9999.000 -9999.000 -9999.000 -9999.000 -9999.000 -9999.000 -9999.000 -9999.000 -9999.000 -9999.000 -9999.000 -9999.000 -9999.000 -9999.000 -9999.000 0.8564019E-01 0.5142853E-01 0.3592410E-01 0.3219104E-01 0.4159351E-01 0.5503635E-01 0.6879625E-01 0.8212505E-01 0.9458504E-01 0.1049834 0.1143306 0.1227671 0.1319773 0.1488771 0.1810171 0.1810171 -9999.000 -9999.000 -9999.000 -9999.000 -9999.000 -9999.000 -9999.000 -9999.000 -9999.000 -9999.000 -9999.000 -9999.000 -9999.000 -9999.000 -9999.000 -9999.000 -9999.000 -9999.000 -9999.000 -9999.000 -9999.000 -9999.000 -9999.000 -9999.000 -9999.000 -9999.000 -9999.000 -9999.000 -9999.000
-9999.000 -9999.000 -9999.000 -9999.000 -9999.000 -9999.000 -9999.000 -9999.000 -9999.000 -9999.000 -9999.000 -9999.000 -9999.000 -9999.000 -9999.000 0.8382623E-01 0.4545080E-01 0.2851568E-01 0.2596730E-01 0.3658256E-01 0.5104183E-01 0.6604148E-01 0.8080222E-01 0.9478892E-01 0.1065512 0.1172595 0.1269894 0.1376617 0.1573040 0.1972879 0.1972879 -9999.000 -9999.000 -9999.000 -9999.000 -9999.000 -9999.000 -9999.000 -9999.000 -9999.000 -9999.000 -9999.000 -9999.000 -9999.000 -9999.000 -9999.000 -9999.000 -9999.000 -9999.000 -9999.000 -9999.000 -9999.000 -9999.000 -9999.000 -9999.000 -9999.000 -9999.000 -9999.000 -9999.000 -9999.000
-9999.000 -9999.000 -9999.000 -9999.000 -9999.000 -9999.000 -9999.000 -9999.000 -9999.000 -9999.000 -9999.000 -9999.000 -9999.000 -9999.000 -9999.000 0.8171300E-01 0.3918226E-01 0.2141837E-01 0.2184124E-01 0.3291573E-01 0.4766133E-01 0.6357804E-01 0.7963829E-01 0.9510726E-01 0.1082071 0.1202848 0.1313216 0.1434998 0.1660813 0.2155576 0.2155576 -9999.000 -9999.000 -9999.000 -9999.000 -9999.000 -9999.000 -9999.000 -9999.000 -9999.000 -9999.000 -9999.000 -9999.000 -9999.000 -9999.000 -9999.000 -9999.000 -9999.000 -9999.000 -9999.000 -9999.000 -9999.000 -9999.000 -9999.000 -9999.000 -9999.000 -9999.000 -9999.000 -9999.000 -9999.000
-9999.000 -9999.000 -9999.000 -9999.000 -9999.000 -9999.000 -9999.000 -9999.000 -9999.000 -9999.000 -9999.000 -9999.000 -9999.000 -9999.000 -9999.000 0.7922161E-01 0.3259930E-01 0.1565665E-01 0.2159862E-01 0.3137919E-01 0.4520402E-01 0.6154454E-01 0.7870756E-01 0.9558600E-01 0.1099781 0.1234232 0.1357705 0.1494945 0.1752357 0.2363361 0.2363361 -9999.000 -9999.000 -9999.000 -9999.000 -9999.000 -9999.000 -9999.000 -9999.000 -9999.000 -9999.000 -9999.000 -9999.000 -9999.000 -9999.000 -9999.000 -9999.000 -9999.000 -9999.000 -9999.000 -9999.000 -9999.000 -9999.000 -9999.000 -9999.000 -9999.000 -9999.000 -9999.000 -9999.000 -9999.000
-9999.000 -9999.000 -9999.000 -9999.000 -9999.000 -9999.000 -9999.000 -9999.000 -9999.000 -9999.000 -9999.000 -9999.000 -9999.000 -9999.000 -9999.000 0.7621787E-01 0.2570156E-01 0.1413000E-01 0.2608430E-01 0.3285336E-01 0.4421685E-01 0.6024976E-01 0.7820255E-01 0.9635446E-01 0.1119511 0.1267349 0.1403728 0.1556685 0.1848077 0.2603333 0.2603333 -9999.000 -9999.000 -9999.000 -9999.000 -9999.000 -9999.000 -9999.000 -9999.000 -9999.000 -9999.000 -9999.000 -9999.000 -9999.000 -9999.000 -9999.000 -9999.000 -9999.000 -9999.000 -9999.000 -9999.000 -9999.000 -9999.000 -9999.000 -9999.000 -9999.000 -9999.000 -9999.000 -9999.000 -9999.000
-9999.000 -9999.000 -9999.000 -9999.000 -9999.000 -9999.000 -9999.000 -9999.000 -9999.000 -9999.000 -9999.000 -9999.000 -9999.000 -9999.000 -9999.000 0.7131070E-01 0.1952735E-01 0.2459765E-01 0.3964718E-01 0.4333255E-01 0.5037586E-01 0.6393439E-01 0.8112000E-01 0.9951174E-01 0.1156122 0.1312615 0.1458431 0.1624960 0.1951216 0.2887600 0.2887600 -9999.000 -9999.000 -9999.000 -9999.000 -9999.000 -9999.000 -9999.000 -9999.000 -9999.000 -9999.000 -9999.000 -9999.000 -9999.000 -9999.000 -9999.000 -9999.000 -9999.000 -9999.000 -9999.000 -9999.000 -9999.000 -9999.000 -9999.000 -9999.000 -9999.000 -9999.000 -9999.000 -9999.000 -9999.000
-9999.000 -9999.000 -9999.000 -9999.000 -9999.000 -9999.000 -9999.000 -9999.000 -9999.000 -9999.000 -9999.000 -9999.000 -9999.000 -9999.000 -9999.000 0.1097933 0.1702033 0.2031534 0.1976390 0.1673711 0.1449725 0.1304203 0.1245180 0.1267907 0.1329363 0.1429830 0.1546866 0.1705908 0.2059203 0.3210026 0.3210026 -9999.000 -9999.000 -9999.000 -9999.000 -9999.000 -9999.000 -9999.000 -9999.000 -9999.000 -9999.000 -9999.000 -9999.000 -9999.000 -9999.000 -9999.000 -9999.000 -9999.000 -9999.000 -9999.000 -9999.000 -9999.000 -9999.000 -9999.000 -9999.000 -9999.000 -9999.000 -9999.000 -9999.000 -9999.000
2.866235 2.866235 2.847555 2.908163 2.913680 2.913680 2.916067 2.916714 2.916714 2.913930 2.913930 2.908766 2.905512 2.901897 2.897977 2.897977 3.046675 3.050807 3.051401 3.050505 3.023651 2.973113 2.899698 2.803339 2.681643 2.541588 2.384009 2.216506 2.061477 1.990670 1.990670 2.775413 2.947014 3.054851 3.083621 3.083621 3.126377 3.126377 3.129009 3.129009 3.099099 2.955477 2.955477 2.680465 2.680465 2.232326 2.232326 2.232326 2.181769 2.181769 2.196407 2.196407 2.237609 2.237609 2.285419 2.285419 2.330595 2.330595 2.330595 2.368413
2.889888 2.889888 2.875084 2.959044 2.976455 2.976455 2.990478 3.014021 3.014021 3.033886 3.033886 3.051189 3.059099 3.066603 3.073752 3.073752 3.179760 3.198265 3.212934 3.226218 3.233275 3.234165 3.227537 3.210876 3.180468 3.135326 3.073057 2.993502 2.901698 2.820737 2.820737 3.219965 3.370269 3.520802 3.563474 3.563474 3.616127 3.616127 3.628812 3.628812 3.615795 3.537279 3.537279 3.376333 3.376333 3.058341 3.058341 3.058341 3.000821 3.000821 3.016868 3.016868 3.060650 3.060650 3.111100 3.111100 3.159172 3.159172 3.159172 3.200984
2.895019 2.895019 2.877299 2.958937 2.976755 2.976755 2.991193 3.015368 3.015368 3.035843 3.035843 3.053854 3.062161 3.070086 3.077683 3.077683 3.169511 3.200229 3.226791 3.250654 3.270000 3.284816 3.295115 3.300329 3.298844 3.289817 3.271452 3.242450 3.204329 3.170351 3.170351 3.388213 3.529794 3.699983 3.751931 3.751931 3.810726 3.810726 3.812046 3.812046 3.790635 3.704921 3.704921 3.580575 3.580575 3.336818 3.336818 3.336818 3.268799 3.268799 3.270911 3.270911 3.305273 3.305273 3.349417 3.349417 3.393059 3.393059 3.393059 3.431655
2.898187 2.898187 2.880551 2.958424 2.976376 2.976376 2.991048 3.015401 3.015401 3.035883 3.035883 3.053892 3.062203 3.070136 3.077746 3.077746 3.160167 3.200723 3.238238 3.272200 3.301188 3.324820 3.343215 3.356505 3.364377 3.366877 3.363607 3.354148 3.339479 3.327727 3.327727 3.459342 3.582068 3.755657 3.811938 3.811938 3.867389 3.867389 3.845142 3.845142 3.810186 3.721549 3.721549 3.636411 3.636411 3.465400 3.465400 3.465400 3.394272 3.394272 3.381811 3.381811 3.405331 3.405331 3.443229 3.443229 3.483198 3.483198 3.483198 3.519271
2.899405 2.899405 2.885009 2.957836 2.975921 2.975921 2.990819 3.015323 3.015323 3.035768 3.035768 3.053743 3.062050 3.069988 3.077610 3.077610 3.155588 3.204373 3.251664 3.295061 3.332999 3.364814 3.390432 3.410031 3.423696 3.431764 3.434513 3.432267 3.426205 3.421982 3.421982 3.503750 3.603871 3.766226 3.818237 3.818237 3.848548 3.848548 3.790920 3.790920 3.747283 3.677594 3.677594 3.638309 3.638309 3.538788 3.538788 3.538788 3.474185 3.474185 3.449427 3.449427 3.459973 3.459973 3.489357 3.489357 3.524137 3.524137 3.524137 3.556667
2.895817 2.895817 2.891512 2.957287 2.975557 2.975557 2.990695 3.015415 3.015415 3.035897 3.035897 3.053876 3.062181 3.070112 3.077729 3.077729 3.157038 3.213307 3.269211 3.321058 3.367027 3.406300 3.438654 3.464196 3.483093 3.495697 3.502447 3.503914 3.501294 3.498691 3.498691 3.548035 3.623928 3.758407 3.792568 3.792568 3.768497 3.768497 3.679630 3.679630 3.643465 3.615633 3.615633 3.620487 3.620487 3.583247 3.583247 3.583247 3.533866 3.533866 3.502801 3.502801 3.500589 3.500589 3.519336 3.519336 3.546757 3.546757 3.546757 3.574011
2.895353 2.895353 2.895039 2.956912 2.975305 2.975305 2.990593 3.015433 3.015433 3.035916 3.035916 3.053884 3.062187 3.070117 3.077740 3.077740 3.165018 3.228789 3.292466 3.351728 3.404657 3.450417 3.488749 3.519707 3.543466 3.560334 3.570727 3.575206 3.574782 3.572287 3.572287 3.599784 3.651274 3.734941 3.730162 3.730162 3.631557 3.631557 3.545781 3.545781 3.534733 3.556727 3.556727 3.596438 3.596438 3.608276 3.608276 3.608276 3.579279 3.579279 3.549435 3.549435 3.537700 3.537700 3.545029 3.545029 3.563125 3.563125 3.563125 3.583185
2.895198 2.895198 2.896223 2.956787 2.975218 2.975218 2.990557 3.015438 3.015438 3.035921 3.035921 3.053887 3.062188 3.070119 3.077752 3.077752 3.180627 3.252446 3.323292 3.388924 3.447605 3.498653 3.541888 3.577396 3.605364 3.626068 3.639856 3.647200 3.648832 3.646357 3.646357 3.658531 3.684528 3.678921 3.610514 3.610514 3.457454 3.457454 3.423913 3.423913 3.443691 3.506709 3.506709 3.570221 3.570221 3.618531 3.618531 3.618531 3.611104 3.611104 3.589034 3.589034 3.572445 3.572445 3.569420 3.569420 3.577033 3.577033 3.577033 3.588183
2.895353 2.895353 2.895039 2.956913 2.975306 2.975306 2.990593 3.015433 3.015433 3.035916 3.035916 3.053884 3.062187 3.070117 3.077765 3.077765 3.205384 3.286106 3.363670 3.434615 3.497725 3.552665 3.599473 3.638350 3.669548 3.693341 3.710033 3.719977 3.723572 3.720831 3.720831 3.719649 3.712548 3.557193 3.421265 3.421265 3.286704 3.286704 3.329596 3.329596 3.373321 3.462829 3.462829 3.541835 3.541835 3.616921 3.616921 3.616921 3.629440 3.629440 3.619234 3.619234 3.602897 3.602897 3.592051 3.592051 3.589065 3.589065 3.589065 3.590059
2.895817 2.895817 2.891512 2.957287 2.975557 2.975557 2.990695 3.015416 3.015416 3.035897 3.035897 3.053875 3.062181 3.070112 3.077784 3.077784 3.241614 3.332146 3.415935 3.491008 3.557044 3.614270 3.663072 3.703858 3.737001 3.762819 3.781598 3.793588 3.798634 3.793514 3.793514 3.772164 3.706065 3.347504 3.190865 3.190865 3.156374 3.156374 3.262074 3.262074 3.318970 3.423074 3.423074 3.512137 3.512137 3.606528 3.606528 3.606528 3.635718 3.635718 3.638637 3.638637 3.626575 3.626575 3.611154 3.611154 3.598483 3.598483 3.598483 3.588755
2.899405 2.899405 2.885010 2.957835 2.975921 2.975921 2.990819 3.015324 3.015324 3.035769 3.035769 3.053744 3.062051 3.069989 3.077705 3.077705 3.292858 3.393805 3.482976 3.560650 3.627794 3.685407 3.734350 3.775315 3.808843 3.835332 3.855082 3.868213 3.873144 3.857033 3.857033 3.785951 3.605741 3.082633 2.985976 2.985976 3.070724 3.070724 3.207783 3.207783 3.270546 3.382637 3.382637 3.478659 3.478659 3.586919 3.586919 3.586919 3.629129 3.629129 3.644301 3.644301 3.638744 3.638744 3.621843 3.621843 3.601270 3.601270 3.601270 3.581195
2.898186 2.898186 2.880551 2.958425 2.976376 2.976376 2.991048 3.015402 3.015402 3.035883 3.035883 3.053891 3.062203 3.070136 3.077893 3.077893 3.365168 3.476132 3.568893 3.646852 3.712659 3.768273 3.815116 3.854212 3.886283 3.911827 3.931172 3.944066 3.943632 3.882914 3.882914 3.685750 3.353236 2.847261 2.853150 2.853150 3.005655 3.005655 3.153551 3.153551 3.218794 3.335855 3.335855 3.436858 3.436858 3.554776 3.554776 3.554776 3.606490 3.606490 3.631700 3.631700 3.632992 3.632992 3.616759 3.616759 3.590366 3.590366 3.590366 3.561157
