cruce_test.gid/Rasters/Hydraulic/Velocity__x_142.0.asc
NCOLS        79
NROWS        79
XLLCENTER         -1.500000
YLLCENTER         -4.800000
CELLSIZE           0.100
NODATA_VALUE     -9999.0
[rows 0 to 25 of 79, columns 0 to 57 of 79]
-9999.000 -9999.000 -9999.000 -9999.000 -9999.000 -9999.000 -9999.000 -9999.000 -9999.000 -9999.000 -9999.000 -9999.000 -9999.000 -9999.000 -9999.000 0.3613210E-03 0.1654888E-02 0.3901074E-02 0.6099044E-02 0.8071124E-02 0.9708982E-02 0.1095388E-01 0.1179134E-01 0.1224231E-01 0.1234747E-01 0.1213779E-01 0.1157796E-01 0.1036884E-01 0.7534084E-02 0.3651028E-02 0.3651028E-02 -9999.000 -9999.000 -9999.000 -9999.000 -9999.000 -9999.000 -9999.000 -9999.000 -9999.000 -9999.000 -9999.000 -9999.000 -9999.000 -9999.000 -9999.000 -9999.000 -9999.000 -9999.000 -9999.000 -9999.000 -9999.000 -9999.000 -9999.000 -9999.000 -9999.000 -9999.000 -9999.000
-9999.000 -9999.000 -9999.000 -9999.000 -9999.000 -9999.000 -9999.000 -9999.000 -9999.000 -9999.000 -9999.000 -9999.000 -9999.000 -9999.000 -9999.000 0.1272998E-02 0.3536033E-02 0.6782781E-02 0.9934284E-02 0.1276870E-01 0.1513150E-01 0.1692115E-01 0.1808646E-01 0.1861711E-01 0.1852684E-01 0.1782409E-01 0.1645966E-01 0.1415330E-01 0.1004439E-01 0.4903704E-02 0.4903704E-02 -9999.000 -9999.000 -9999.000 -9999.000 -9999.000 -9999.000 -9999.000 -9999.000 -9999.000 -9999.000 -9999.000 -9999.000 -9999.000 -9999.000 -9999.000 -9999.000 -9999.000 -9999.000 -9999.000 -9999.000 -9999.000 -9999.000 -9999.000 -9999.000 -9999.000 -9999.000 -9999.000
-9999.000 -9999.000 -9999.000 -9999.000 -9999.000 -9999.000 -9999.000 -9999.000 -9999.000 -9999.000 -9999.000 -9999.000 -9999.000 -9999.000 -9999.000 0.1840046E-02 0.4740992E-02 0.8684373E-02 0.1247614E-01 0.1586850E-01 0.1868286E-01 0.2079705E-01 0.2214415E-01 0.2270286E-01 0.2248302E-01 0.2149442E-01 0.1969343E-01 0.1680132E-01 0.1193094E-01 0.5875333E-02 0.5875333E-02 -9999.000 -9999.000 -9999.000 -9999.000 -9999.000 -9999.000 -9999.000 -9999.000 -9999.000 -9999.000 -9999.000 -9999.000 -9999.000 -9999.000 -9999.000 -9999.000 -9999.000 -9999.000 -9999.000 -9999.000 -9999.000 -9999.000 -9999.000 -9999.000 -9999.000 -9999.000 -9999.000
-9999.000 -9999.000 -9999.000 -9999.000 -9999.000 -9999.000 -9999.000 -9999.000 -9999.000 -9999.000 -9999.000 -9999.000 -9999.000 -9999.000 -9999.000 0.2240892E-02 0.5593343E-02 0.1003041E-01 0.1427785E-01 0.1806893E-01 0.2120813E-01 0.2356002E-01 0.2504869E-01 0.2564867E-01 0.2536925E-01 0.2422187E-01 0.2216493E-01 0.1890825E-01 0.1351068E-01 0.6717817E-02 0.6717817E-02 -9999.000 -9999.000 -9999.000 -9999.000 -9999.000 -9999.000 -9999.000 -9999.000 -9999.000 -9999.000 -9999.000 -9999.000 -9999.000 -9999.000 -9999.000 -9999.000 -9999.000 -9999.000 -9999.000 -9999.000 -9999.000 -9999.000 -9999.000 -9999.000 -9999.000 -9999.000 -9999.000
-9999.000 -9999.000 -9999.000 -9999.000 -9999.000 -9999.000 -9999.000 -9999.000 -9999.000 -9999.000 -9999.000 -9999.000 -9999.000 -9999.000 -9999.000 0.2560334E-02 0.6269678E-02 0.1109436E-01 0.1570237E-01 0.1981307E-01 0.2321827E-01 0.2577288E-01 0.2739466E-01 0.2805568E-01 0.2776567E-01 0.2653674E-01 0.2432578E-01 0.2082353E-01 0.1501530E-01 0.7545356E-02 0.7545356E-02 -9999.000 -9999.000 -9999.000 -9999.000 -9999.000 -9999.000 -9999.000 -9999.000 -9999.000 -9999.000 -9999.000 -9999.000 -9999.000 -9999.000 -9999.000 -9999.000 -9999.000 -9999.000 -9999.000 -9999.000 -9999.000 -9999.000 -9999.000 -9999.000 -9999.000 -9999.000 -9999.000
-9999.000 -9999.000 -9999.000 -9999.000 -9999.000 -9999.000 -9999.000 -9999.000 -9999.000 -9999.000 -9999.000 -9999.000 -9999.000 -9999.000 -9999.000 0.2848641E-02 0.6875282E-02 0.1203990E-01 0.1696637E-01 0.2136306E-01 0.2501181E-01 0.2775924E-01 0.2951873E-01 0.3026101E-01 0.2999624E-01 0.2873674E-01 0.2643530E-01 0.2275662E-01 0.1659387E-01 0.8435177E-02 0.8435177E-02 -9999.000 -9999.000 -9999.000 -9999.000 -9999.000 -9999.000 -9999.000 -9999.000 -9999.000 -9999.000 -9999.000 -9999.000 -9999.000 -9999.000 -9999.000 -9999.000 -9999.000 -9999.000 -9999.000 -9999.000 -9999.000 -9999.000 -9999.000 -9999.000 -9999.000 -9999.000 -9999.000
-9999.000 -9999.000 -9999.000 -9999.000 -9999.000 -9999.000 -9999.000 -9999.000 -9999.000 -9999.000 -9999.000 -9999.000 -9999.000 -9999.000 -9999.000 0.3135025E-02 0.7471949E-02 0.1296388E-01 0.1819768E-01 0.2287381E-01 0.2676487E-01 0.2971036E-01 0.3162039E-01 0.3246521E-01 0.3225637E-01 0.3100567E-01 0.2865979E-01 0.2485068E-01 0.1835820E-01 0.9449922E-02 0.9449922E-02 -9999.000 -9999.000 -9999.000 -9999.000 -9999.000 -9999.000 -9999.000 -9999.000 -9999.000 -9999.000 -9999.000 -9999.000 -9999.000 -9999.000 -9999.000 -9999.000 -9999.000 -9999.000 -9999.000 -9999.000 -9999.000 -9999.000 -9999.000 -9999.000 -9999.000 -9999.000 -9999.000
-9999.000 -9999.000 -9999.000 -9999.000 -9999.000 -9999.000 -9999.000 -9999.000 -9999.000 -9999.000 -9999.000 -9999.000 -9999.000 -9999.000 -9999.000 0.3437823E-02 0.8097917E-02 0.1392595E-01 0.1947608E-01 0.2444221E-01 0.2858858E-01 0.3174839E-01 0.3382934E-01 0.3480224E-01 0.3468060E-01 0.3347590E-01 0.3112718E-01 0.2722547E-01 0.2041269E-01 0.1065149E-01 0.1065149E-01 -9999.000 -9999.000 -9999.000 -9999.000 -9999.000 -9999.000 -9999.000 -9999.000 -9999.000 -9999.000 -9999.000 -9999.000 -9999.000 -9999.000 -9999.000 -9999.000 -9999.000 -9999.000 -9999.000 -9999.000 -9999.000 -9999.000 -9999.000 -9999.000 -9999.000 -9999.000 -9999.000
-9999.000 -9999.000 -9999.000 -9999.000 -9999.000 -9999.000 -9999.000 -9999.000 -9999.000 -9999.000 -9999.000 -9999.000 -9999.000 -9999.000 -9999.000 0.3769233E-02 0.8779791E-02 0.1496809E-01 0.2085810E-01 0.2613804E-01 0.3056445E-01 0.3396500E-01 0.3624576E-01 0.3737907E-01 0.3738208E-01 0.3626554E-01 0.3395935E-01 0.3000493E-01 0.2287647E-01 0.1211560E-01 0.1211560E-01 -9999.000 -9999.000 -9999.000 -9999.000 -9999.000 -9999.000 -9999.000 -9999.000 -9999.000 -9999.000 -9999.000 -9999.000 -9999.000 -9999.000 -9999.000 -9999.000 -9999.000 -9999.000 -9999.000 -9999.000 -9999.000 -9999.000 -9999.000 -9999.000 -9999.000 -9999.000 -9999.000
-9999.000 -9999.000 -9999.000 -9999.000 -9999.000 -9999.000 -9999.000 -9999.000 -9999.000 -9999.000 -9999.000 -9999.000 -9999.000 -9999.000 -9999.000 0.4140006E-02 0.9539197E-02 0.1612564E-01 0.2239209E-01 0.2802285E-01 0.3276667E-01 0.3644595E-01 0.3896646E-01 0.4030373E-01 0.4047952E-01 0.3950495E-01 0.3729897E-01 0.3334275E-01 0.2590574E-01 0.1394324E-01 0.1394324E-01 -9999.000 -9999.000 -9999.000 -9999.000 -9999.000 -9999.000 -9999.000 -9999.000 -9999.000 -9999.000 -9999.000 -9999.000 -9999.000 -9999.000 -9999.000 -9999.000 -9999.000 -9999.000 -9999.000 -9999.000 -9999.000 -9999.000 -9999.000 -9999.000 -9999.000 -9999.000 -9999.000
-9999.000 -9999.000 -9999.000 -9999.000 -9999.000 -9999.000 -9999.000 -9999.000 -9999.000 -9999.000 -9999.000 -9999.000 -9999.000 -9999.000 -9999.000 0.4560022E-02 0.1039924E-01 0.1743594E-01 0.2413037E-01 0.3016372E-01 0.3527749E-01 0.3928907E-01 0.4210533E-01 0.4370673E-01 0.4412162E-01 0.4336245E-01 0.4133613E-01 0.3745022E-01 0.2972350E-01 0.1628196E-01 0.1628196E-01 -9999.000 -9999.000 -9999.000 -9999.000 -9999.000 -9999.000 -9999.000 -9999.000 -9999.000 -9999.000 -9999.000 -9999.000 -9999.000 -9999.000 -9999.000 -9999.000 -9999.000 -9999.000 -9999.000 -9999.000 -9999.000 -9999.000 -9999.000 -9999.000 -9999.000 -9999.000 -9999.000
-9999.000 -9999.000 -9999.000 -9999.000 -9999.000 -9999.000 -9999.000 -9999.000 -9999.000 -9999.000 -9999.000 -9999.000 -9999.000 -9999.000 -9999.000 0.5043567E-02 0.1138976E-01 0.1894796E-01 0.2614129E-01 0.3264874E-01 0.3820574E-01 0.4262523E-01 0.4581657E-01 0.4776771E-01 0.4851644E-01 0.4807855E-01 0.4634724E-01 0.4264055E-01 0.3466741E-01 0.1935722E-01 0.1935722E-01 -9999.000 -9999.000 -9999.000 -9999.000 -9999.000 -9999.000 -9999.000 -9999.000 -9999.000 -9999.000 -9999.000 -9999.000 -9999.000 -9999.000 -9999.000 -9999.000 -9999.000 -9999.000 -9999.000 -9999.000 -9999.000 -9999.000 -9999.000 -9999.000 -9999.000 -9999.000 -9999.000
-9999.000 -9999.000 -9999.000 -9999.000 -9999.000 -9999.000 -9999.000 -9999.000 -9999.000 -9999.000 -9999.000 -9999.000 -9999.000 -9999.000 -9999.000 0.5611521E-02 0.1255694E-01 0.2073597E-01 0.2852737E-01 0.3561018E-01 0.4171427E-01 0.4664956E-01 0.5033088E-01 0.5275720E-01 0.5398002E-01 0.5402134E-01 0.5276016E-01 0.4940423E-01 0.4127638E-01 0.2353142E-01 0.2353142E-01 -9999.000 -9999.000 -9999.000 -9999.000 -9999.000 -9999.000 -9999.000 -9999.000 -9999.000 -9999.000 -9999.000 -9999.000 -9999.000 -9999.000 -9999.000 -9999.000 -9999.000 -9999.000 -9999.000 -9999.000 -9999.000 -9999.000 -9999.000 -9999.000 -9999.000 -9999.000 -9999.000
-9999.000 -9999.000 -9999.000 -9999.000 -9999.000 -9999.000 -9999.000 -9999.000 -9999.000 -9999.000 -9999.000 -9999.000 -9999.000 -9999.000 -9999.000 0.6360351E-02 0.1408737E-01 0.2307395E-01 0.3163109E-01 0.3944172E-01 0.4623622E-01 0.5182982E-01 0.5615223E-01 0.5922311E-01 0.6111676E-01 0.6186798E-01 0.6134291E-01 0.5861294E-01 0.5051258E-01 0.2947543E-01 0.2947543E-01 -9999.000 -9999.000 -9999.000 -9999.000 -9999.000 -9999.000 -9999.000 -9999.000 -9999.000 -9999.000 -9999.000 -9999.000 -9999.000 -9999.000 -9999.000 -9999.000 -9999.000 -9999.000 -9999.000 -9999.000 -9999.000 -9999.000 -9999.000 -9999.000 -9999.000 -9999.000 -9999.000
-9999.000 -9999.000 -9999.000 -9999.000 -9999.000 -9999.000 -9999.000 -9999.000 -9999.000 -9999.000 -9999.000 -9999.000 -9999.000 -9999.000 -9999.000 0.2097397E-01 0.3466512E-01 0.4792867E-01 0.5798379E-01 0.6535700E-01 0.7046776E-01 0.7370795E-01 0.7544662E-01 0.7600708E-01 0.7564172E-01 0.7445032E-01 0.7228928E-01 0.6802956E-01 0.5807295E-01 0.2984321E-01 0.2984321E-01 -9999.000 -9999.000 -9999.000 -9999.000 -9999.000 -9999.000 -9999.000 -9999.000 -9999.000 -9999.000 -9999.000 -9999.000 -9999.000 -9999.000 -9999.000 -9999.000 -9999.000 -9999.000 -9999.000 -9999.000 -9999.000 -9999.000 -9999.000 -9999.000 -9999.000 -9999.000 -9999.000
2.416342 2.416342 2.459785 2.502147 2.508528 2.508528 2.512426 2.516085 2.516085 2.516432 2.516432 2.514570 2.513010 2.511105 2.508893 2.508893 2.437872 2.416712 2.386985 2.344114 2.285752 2.210333 2.117529 2.007938 1.883151 1.746385 1.604599 1.470021 1.368478 1.359268 1.359268 2.202215 2.354142 2.414587 2.424193 2.424193 2.424628 2.424628 2.361652 2.361652 2.292673 1.924632 1.924632 1.625566 1.625566 1.557932 1.557932 1.557932 1.593389 1.593389 1.642000 1.642000 1.690793 1.690793 1.733831 1.733831 1.768472 1.768472
2.432381 2.432381 2.490570 2.547392 2.563960 2.563960 2.578026 2.601903 2.601903 2.622303 2.622303 2.640341 2.648672 2.656617 2.664215 2.664215 2.633458 2.631729 2.632683 2.631444 2.624515 2.608929 2.582183 2.542156 2.487239 2.416684 2.327464 2.231793 2.143439 2.108277 2.108277 2.573067 2.726417 2.856510 2.886886 2.886886 2.910637 2.910637 2.883979 2.883979 2.846143 2.664194 2.664194 2.404365 2.404365 2.316853 2.316853 2.316853 2.351100 2.351100 2.398177 2.398177 2.446586 2.446586 2.492100 2.492100 2.531034 2.531034
2.435993 2.435993 2.494603 2.547671 2.564410 2.564410 2.578708 2.603089 2.603089 2.624043 2.624043 2.642716 2.651398 2.659716 2.667708 2.667708 2.647910 2.651501 2.662019 2.674020 2.683878 2.689186 2.688148 2.679163 2.660685 2.631390 2.589012 2.538461 2.487646 2.465053 2.465053 2.758603 2.905190 3.061340 3.101549 3.101549 3.130339 3.130339 3.097710 3.097710 3.059464 2.932122 2.932122 2.737537 2.737537 2.628058 2.628058 2.628058 2.650208 2.650208 2.689427 2.689427 2.731706 2.731706 2.771174 2.771174 2.804755 2.804755
2.438877 2.438877 2.497699 2.547608 2.564311 2.564311 2.578655 2.603113 2.603113 2.624086 2.624086 2.642762 2.651446 2.659770 2.667770 2.667770 2.657250 2.665145 2.681482 2.700368 2.717747 2.731247 2.739504 2.741631 2.736906 2.724690 2.703652 2.676530 2.648954 2.640384 2.640384 2.826905 2.961646 3.126652 3.170804 3.170804 3.194271 3.194271 3.147833 3.147833 3.109185 3.019006 3.019006 2.889120 2.889120 2.772237 2.772237 2.772237 2.780653 2.780653 2.812759 2.812759 2.850748 2.850748 2.886744 2.886744 2.917483 2.917483
2.441085 2.441085 2.500046 2.547565 2.564197 2.564197 2.578577 2.603106 2.603106 2.624094 2.624094 2.642764 2.651445 2.659766 2.667766 2.667766 2.667753 2.681318 2.703439 2.728210 2.751403 2.770525 2.784223 2.791804 2.792934 2.787499 2.775051 2.757604 2.739773 2.735677 2.735677 2.857533 2.973999 3.130954 3.169367 3.169367 3.171429 3.171429 3.114722 3.114722 3.084215 3.034871 3.034871 2.965510 2.965510 2.860693 2.860693 2.860693 2.854335 2.854335 2.876640 2.876640 2.908961 2.908961 2.941406 2.941406 2.969454 2.969454
2.442642 2.442642 2.501693 2.547547 2.564103 2.564103 2.578507 2.603100 2.603100 2.624101 2.624101 2.642765 2.651444 2.659765 2.667763 2.667763 2.680027 2.700735 2.729054 2.759350 2.787629 2.811476 2.829533 2.841107 2.845921 2.844008 2.835356 2.821547 2.806468 2.800792 2.800792 2.878552 2.971947 3.099493 3.118800 3.118800 3.088831 3.088831 3.040691 3.040691 3.028661 3.022350 3.022350 3.002185 3.002185 2.925240 2.925240 2.925240 2.907877 2.907877 2.918701 2.918701 2.943331 2.943331 2.970851 2.970851 2.995299 2.995299
2.443566 2.443566 2.502671 2.547540 2.564042 2.564042 2.578460 2.603096 2.603096 2.624106 2.624106 2.642766 2.651444 2.659763 2.667761 2.667761 2.694900 2.724088 2.759056 2.794610 2.827313 2.855078 2.876694 2.891500 2.899204 2.899813 2.893428 2.881216 2.866264 2.856551 2.856551 2.901344 2.966657 3.034141 3.020936 3.020936 2.970313 2.970313 2.958939 2.958939 2.969496 3.000128 3.000128 3.015667 3.015667 2.974055 2.974055 2.974055 2.952988 2.952988 2.953366 2.953366 2.968753 2.968753 2.989570 2.989570 3.009033 3.009033
2.443873 2.443873 2.502995 2.547539 2.564021 2.564021 2.578444 2.603093 2.603093 2.624108 2.624108 2.642767 2.651444 2.659762 2.667760 2.667760 2.713577 2.752393 2.794331 2.834826 2.871227 2.901997 2.926238 2.943436 2.953336 2.955892 2.951187 2.939996 2.924547 2.910242 2.910242 2.927953 2.956683 2.922832 2.877306 2.877306 2.846089 2.846089 2.886766 2.886766 2.916438 2.973873 2.973873 3.014054 3.014054 3.007854 3.007854 3.007854 2.990703 2.990703 2.984174 2.984174 2.990160 2.990160 3.002819 3.002819 3.015856 3.015856
2.443567 2.443567 2.502671 2.547540 2.564041 2.564041 2.578460 2.603094 2.603094 2.624106 2.624106 2.642767 2.651444 2.659763 2.667761 2.667761 2.737737 2.787067 2.836014 2.880934 2.920149 2.952843 2.978586 2.997134 3.008347 3.012182 3.008669 2.998256 2.982270 2.963001 2.963001 2.953380 2.926186 2.757218 2.709405 2.709405 2.741852 2.741852 2.827375 2.827375 2.869741 2.945103 2.945103 3.002356 3.002356 3.027286 3.027286 3.027286 3.019442 3.019442 3.010627 3.010627 3.008583 3.008583 3.012373 3.012373 3.017766 3.017766
2.442641 2.442641 2.501694 2.547546 2.564103 2.564103 2.578507 2.603100 2.603100 2.624101 2.624101 2.642766 2.651444 2.659765 2.667763 2.667763 2.769701 2.830042 2.885555 2.933982 2.974821 3.008115 3.034019 3.052657 3.064086 3.068325 3.065377 3.055418 3.038668 3.012043 3.012043 2.961648 2.838721 2.560092 2.558978 2.558978 2.663594 2.663594 2.776543 2.776543 2.826461 2.913974 2.913974 2.983366 2.983366 3.033467 3.033467 3.033467 3.037289 3.037289 3.030325 3.030325 3.022673 3.022673 3.017829 3.017829 3.014869 3.014869
2.441084 2.441084 2.500047 2.547565 2.564197 2.564197 2.578577 2.603106 2.603106 2.624094 2.624094 2.642764 2.651445 2.659767 2.667765 2.667765 2.812741 2.883894 2.944742 2.995090 3.035858 3.068065 3.092521 3.109771 3.120124 3.123704 3.120518 3.110467 3.091683 3.047637 3.047637 2.911527 2.646730 2.387460 2.450752 2.450752 2.600400 2.600400 2.727975 2.727975 2.782476 2.878885 2.878885 2.957100 2.957100 3.026452 3.026452 3.026452 3.041810 3.041810 3.039351 3.039351 3.028745 3.028745 3.016375 3.016375 3.005088 3.005088
