cruce_test.gid/Rasters/Hydraulic/Velocity__y_314.0.asc
NCOLS        79
NROWS        79
XLLCENTER         -1.500000
YLLCENTER         -4.800000
CELLSIZE           0.100
NODATA_VALUE     -9999.0
[rows 0 to 26 of 79, columns 0 to 58 of 79]
-9999.000 -9999.000 -9999.000 -9999.000 -9999.000 -9999.000 -9999.000 -9999.000 -9999.000 -9999.000 -9999.000 -9999.000 -9999.000 -9999.000 -9999.000 -0.9691872E-01 -0.9485298E-01 -0.9439805E-01 -0.9462928E-01 -0.9510071E-01 -0.9565095E-01 -0.9623702E-01 -0.9678165E-01 -0.9728156E-01 -0.9773622E-01 -0.9814265E-01 -0.9854920E-01 -0.9915940E-01 -0.1005861 -0.1019199 -0.1019199 -9999.000 -9999.000 -9999.000 -9999.000 -9999.000 -9999.000 -9999.000 -9999.000 -9999.000 -9999.000 -9999.000 -9999.000 -9999.000 -9999.000 -9999.000 -9999.000 -9999.000 -9999.000 -9999.000 -9999.000 -9999.000 -9999.000 -9999.000 -9999.000 -9999.000 -9999.000 -9999.000 -9999.000
-9999.000 -9999.000 -9999.000 -9999.000 -9999.000 -9999.000 -9999.000 -9999.000 -9999.000 -9999.000 -9999.000 -9999.000 -9999.000 -9999.000 -9999.000 -0.9565441E-01 -0.9140673E-01 -0.9045353E-01 -0.9098630E-01 -0.9206485E-01 -0.9334192E-01 -0.9471820E-01 -0.9602243E-01 -0.9724153E-01 -0.9836849E-01 -0.9939271E-01 -0.1004119 -0.1018510 -0.1049869 -0.1082320 -0.1082320 -9999.000 -9999.000 -9999.000 -9999.000 -9999.000 -9999.000 -9999.000 -9999.000 -9999.000 -9999.000 -9999.000 -9999.000 -9999.000 -9999.000 -9999.000 -9999.000 -9999.000 -9999.000 -9999.000 -9999.000 -9999.000 -9999.000 -9999.000 -9999.000 -9999.000 -9999.000 -9999.000 -9999.000
-9999.000 -9999.000 -9999.000 -9999.000 -9999.000 -9999.000 -9999.000 -9999.000 -9999.000 -9999.000 -9999.000 -9999.000 -9999.000 -9999.000 -9999.000 -0.9301956E-01 -0.8650289E-01 -0.8501811E-01 -0.8598343E-01 -0.8789299E-01 -0.9018018E-01 -0.9267190E-01 -0.9507827E-01 -0.9736583E-01 -0.9951073E-01 -0.1014850 -0.1034360 -0.1060355 -0.1113153 -0.1172515 -0.1172515 -9999.000 -9999.000 -9999.000 -9999.000 -9999.000 -9999.000 -9999.000 -9999.000 -9999.000 -9999.000 -9999.000 -9999.000 -9999.000 -9999.000 -9999.000 -9999.000 -9999.000 -9999.000 -9999.000 -9999.000 -9999.000 -9999.000 -9999.000 -9999.000 -9999.000 -9999.000 -9999.000 -9999.000
-9999.000 -9999.000 -9999.000 -9999.000 -9999.000 -9999.000 -9999.000 -9999.000 -9999.000 -9999.000 -9999.000 -9999.000 -9999.000 -9999.000 -9999.000 -0.8971766E-01 -0.8103195E-01 -0.7904387E-01 -0.8050536E-01 -0.8332977E-01 -0.8672492E-01 -0.9044318E-01 -0.9406821E-01 -0.9754446E-01 -0.1008263 -0.1038632 -0.1068499 -0.1107134 -0.1182805 -0.1274348 -0.1274348 -9999.000 -9999.000 -9999.000 -9999.000 -9999.000 -9999.000 -9999.000 -9999.000 -9999.000 -9999.000 -9999.000 -9999.000 -9999.000 -9999.000 -9999.000 -9999.000 -9999.000 -9999.000 -9999.000 -9999.000 -9999.000 -9999.000 -9999.000 -9999.000 -9999.000 -9999.000 -9999.000 -9999.000
-9999.000 -9999.000 -9999.000 -9999.000 -9999.000 -9999.000 -9999.000 -9999.000 -9999.000 -9999.000 -9999.000 -9999.000 -9999.000 -9999.000 -9999.000 -0.8597860E-01 -0.7518373E-01 -0.7270532E-01 -0.7470431E-01 -0.7849702E-01 -0.8306255E-01 -0.8807772E-01 -0.9299248E-01 -0.9773073E-01 -0.1022220 -0.1063902 -0.1104795 -0.1156869 -0.1256862 -0.1386309 -0.1386309 -9999.000 -9999.000 -9999.000 -9999.000 -9999.000 -9999.000 -9999.000 -9999.000 -9999.000 -9999.000 -9999.000 -9999.000 -9999.000 -9999.000 -9999.000 -9999.000 -9999.000 -9999.000 -9999.000 -9999.000 -9999.000 -9999.000 -9999.000 -9999.000 -9999.000 -9999.000 -9999.000 -9999.000
-9999.000 -9999.000 -9999.000 -9999.000 -9999.000 -9999.000 -9999.000 -9999.000 -9999.000 -9999.000 -9999.000 -9999.000 -9999.000 -9999.000 -9999.000 -0.8188608E-01 -0.6903376E-01 -0.6607486E-01 -0.6864423E-01 -0.7344560E-01 -0.7922694E-01 -0.8559060E-01 -0.9184470E-01 -0.9789689E-01 -0.1036487 -0.1089972 -0.1142398 -0.1208633 -0.1334529 -0.1508566 -0.1508566 -9999.000 -9999.000 -9999.000 -9999.000 -9999.000 -9999.000 -9999.000 -9999.000 -9999.000 -9999.000 -9999.000 -9999.000 -9999.000 -9999.000 -9999.000 -9999.000 -9999.000 -9999.000 -9999.000 -9999.000 -9999.000 -9999.000 -9999.000 -9999.000 -9999.000 -9999.000 -9999.000 -9999.000
-9999.000 -9999.000 -9999.000 -9999.000 -9999.000 -9999.000 -9999.000 -9999.000 -9999.000 -9999.000 -9999.000 -9999.000 -9999.000 -9999.000 -9999.000 -0.7745381E-01 -0.6260240E-01 -0.5917481E-01 -0.6234588E-01 -0.6819128E-01 -0.7522658E-01 -0.8298214E-01 -0.9061530E-01 -0.9802270E-01 -0.1050767 -0.1116447 -0.1180838 -0.1261952 -0.1415551 -0.1642306 -0.1642306 -9999.000 -9999.000 -9999.000 -9999.000 -9999.000 -9999.000 -9999.000 -9999.000 -9999.000 -9999.000 -9999.000 -9999.000 -9999.000 -9999.000 -9999.000 -9999.000 -9999.000 -9999.000 -9999.000 -9999.000 -9999.000 -9999.000 -9999.000 -9999.000 -9999.000 -9999.000 -9999.000 -9999.000
-9999.000 -9999.000 -9999.000 -9999.000 -9999.000 -9999.000 -9999.000 -9999.000 -9999.000 -9999.000 -9999.000 -9999.000 -9999.000 -9999.000 -9999.000 -0.7266093E-01 -0.5588235E-01 -0.5200256E-01 -0.5580861E-01 -0.6273217E-01 -0.7105675E-01 -0.8024394E-01 -0.8929002E-01 -0.9808881E-01 -0.1064814 -0.1143027 -0.1219783 -0.1316538 -0.1499927 -0.1789513 -0.1789513 -9999.000 -9999.000 -9999.000 -9999.000 -9999.000 -9999.000 -9999.000 -9999.000 -9999.000 -9999.000 -9999.000 -9999.000 -9999.000 -9999.000 -9999.000 -9999.000 -9999.000 -9999.000 -9999.000 -9999.000 -9999.000 -9999.000 -9999.000 -9999.000 -9999.000 -9999.000 -9999.000 -9999.000
-9999.000 -9999.000 -9999.000 -9999.000 -9999.000 -9999.000 -9999.000 -9999.000 -9999.000 -9999.000 -9999.000 -9999.000 -9999.000 -9999.000 -9999.000 -0.6746727E-01 -0.4885072E-01 -0.4454092E-01 -0.4901895E-01 -0.5705542E-01 -0.6670333E-01 -0.7736070E-01 -0.8785026E-01 -0.9807369E-01 -0.1078373 -0.1169422 -0.1258925 -0.1372148 -0.1587763 -0.1952969 -0.1952969 -9999.000 -9999.000 -9999.000 -9999.000 -9999.000 -9999.000 -9999.000 -9999.000 -9999.000 -9999.000 -9999.000 -9999.000 -9999.000 -9999.000 -9999.000 -9999.000 -9999.000 -9999.000 -9999.000 -9999.000 -9999.000 -9999.000 -9999.000 -9999.000 -9999.000 -9999.000 -9999.000 -9999.000
-9999.000 -9999.000 -9999.000 -9999.000 -9999.000 -9999.000 -9999.000 -9999.000 -9999.000 -9999.000 -9999.000 -9999.000 -9999.000 -9999.000 -9999.000 -0.6181862E-01 -0.4147323E-01 -0.3676280E-01 -0.4195467E-01 -0.5114005E-01 -0.6214507E-01 -0.7431050E-01 -0.8627091E-01 -0.9794942E-01 -0.1091136 -0.1195282 -0.1297893 -0.1428489 -0.1679193 -0.2136442 -0.2136442 -9999.000 -9999.000 -9999.000 -9999.000 -9999.000 -9999.000 -9999.000 -9999.000 -9999.000 -9999.000 -9999.000 -9999.000 -9999.000 -9999.000 -9999.000 -9999.000 -9999.000 -9999.000 -9999.000 -9999.000 -9999.000 -9999.000 -9999.000 -9999.000 -9999.000 -9999.000 -9999.000 -9999.000
-9999.000 -9999.000 -9999.000 -9999.000 -9999.000 -9999.000 -9999.000 -9999.000 -9999.000 -9999.000 -9999.000 -9999.000 -9999.000 -9999.000 -9999.000 -0.5564822E-01 -0.3370510E-01 -0.2863076E-01 -0.3458428E-01 -0.4495616E-01 -0.5735187E-01 -0.7106289E-01 -0.8451787E-01 -0.9767865E-01 -0.1102691 -0.1220145 -0.1336192 -0.1485155 -0.1774317 -0.2345050 -0.2345050 -9999.000 -9999.000 -9999.000 -9999.000 -9999.000 -9999.000 -9999.000 -9999.000 -9999.000 -9999.000 -9999.000 -9999.000 -9999.000 -9999.000 -9999.000 -9999.000 -9999.000 -9999.000 -9999.000 -9999.000 -9999.000 -9999.000 -9999.000 -9999.000 -9999.000 -9999.000 -9999.000 -9999.000
-9999.000 -9999.000 -9999.000 -9999.000 -9999.000 -9999.000 -9999.000 -9999.000 -9999.000 -9999.000 -9999.000 -9999.000 -9999.000 -9999.000 -9999.000 -0.4887479E-01 -0.2548854E-01 -0.2009489E-01 -0.2686424E-01 -0.3846254E-01 -0.5228239E-01 -0.6757606E-01 -0.8254457E-01 -0.9721079E-01 -0.1112474 -0.1243370 -0.1373123 -0.1541535 -0.1873123 -0.2585868 -0.2585868 -9999.000 -9999.000 -9999.000 -9999.000 -9999.000 -9999.000 -9999.000 -9999.000 -9999.000 -9999.000 -9999.000 -9999.000 -9999.000 -9999.000 -9999.000 -9999.000 -9999.000 -9999.000 -9999.000 -9999.000 -9999.000 -9999.000 -9999.000 -9999.000 -9999.000 -9999.000 -9999.000 -9999.000
-9999.000 -9999.000 -9999.000 -9999.000 -9999.000 -9999.000 -9999.000 -9999.000 -9999.000 -9999.000 -9999.000 -9999.000 -9999.000 -9999.000 -9999.000 -0.4139678E-01 -0.1674755E-01 -0.1108820E-01 -0.1873501E-01 -0.3160166E-01 -0.4687904E-01 -0.6379125E-01 -0.8028581E-01 -0.9647434E-01 -0.1119680 -0.1264032 -0.1407664 -0.1596681 -0.1975383 -0.2868943 -0.2868943 -9999.000 -9999.000 -9999.000 -9999.000 -9999.000 -9999.000 -9999.000 -9999.000 -9999.000 -9999.000 -9999.000 -9999.000 -9999.000 -9999.000 -9999.000 -9999.000 -9999.000 -9999.000 -9999.000 -9999.000 -9999.000 -9999.000 -9999.000 -9999.000 -9999.000 -9999.000 -9999.000 -9999.000
-9999.000 -9999.000 -9999.000 -9999.000 -9999.000 -9999.000 -9999.000 -9999.000 -9999.000 -9999.000 -9999.000 -9999.000 -9999.000 -9999.000 -9999.000 -0.3294819E-01 -0.7299334E-02 -0.1486040E-02 -0.1011893E-01 -0.2431118E-01 -0.4108469E-01 -0.5965089E-01 -0.7767311E-01 -0.9538830E-01 -0.1123328 -0.1280926 -0.1438406 -0.1649204 -0.2080552 -0.3209285 -0.3209285 -9999.000 -9999.000 -9999.000 -9999.000 -9999.000 -9999.000 -9999.000 -9999.000 -9999.000 -9999.000 -9999.000 -9999.000 -9999.000 -9999.000 -9999.000 -9999.000 -9999.000 -9999.000 -9999.000 -9999.000 -9999.000 -9999.000 -9999.000 -9999.000 -9999.000 -9999.000 -9999.000 -9999.000
-9999.000 -9999.000 -9999.000 -9999.000 -9999.000 -9999.000 -9999.000 -9999.000 -9999.000 -9999.000 -9999.000 -9999.000 -9999.000 -9999.000 -9999.000 -0.1410831E-02 0.9279632E-02 0.7065256E-02 -0.5649861E-02 -0.2102593E-01 -0.3894171E-01 -0.5868109E-01 -0.7766002E-01 -0.9633883E-01 -0.1141883 -0.1307624 -0.1474615 -0.1704393 -0.2189285 -0.3606125 -0.3606125 -9999.000 -9999.000 -9999.000 -9999.000 -9999.000 -9999.000 -9999.000 -9999.000 -9999.000 -9999.000 -9999.000 -9999.000 -9999.000 -9999.000 -9999.000 -9999.000 -9999.000 -9999.000 -9999.000 -9999.000 -9999.000 -9999.000 -9999.000 -9999.000 -9999.000 -9999.000 -9999.000 -9999.000
-0.4005984E-02 -0.4005984E-02 -0.4637725E-02 -0.6531495E-02 -0.6292522E-02 -0.6292522E-02 -0.6222504E-02 -0.6218025E-02 -0.6218025E-02 -0.6217381E-02 -0.6217381E-02 -0.6203978E-02 -0.6195858E-02 -0.6186228E-02 -0.6176941E-02 -0.6176941E-02 0.1857671E-01 0.1263751E-01 -0.1891840E-02 -0.2203448E-01 -0.4671401E-01 -0.7471383E-01 -0.1041987 -0.1339673 -0.1629079 -0.1900378 -0.2151597 -0.2403539 -0.2741421 -0.3587306 -0.3587306 -0.1961731 -0.1038166 -0.3452949E-01 -0.2541449E-01 -0.2541449E-01 -0.1814455E-01 -0.1814455E-01 -0.4895577E-02 -0.4895577E-02 0.6285371E-02 0.2684502E-01 0.2684502E-01 -0.3953086E-02 -0.3953086E-02 -0.3143610E-02 -0.3143610E-02 -0.3143610E-02 0.1189929E-02 0.1189929E-02 0.1745048E-02 0.1745048E-02 0.6462415E-03 0.6462415E-03 -0.7338581E-03 -0.7338581E-03 -0.2004504E-02 -0.2004504E-02 -0.2004504E-02
-0.6057357E-02 -0.6057357E-02 -0.6973698E-02 -0.9362249E-02 -0.8853859E-02 -0.8853859E-02 -0.8697485E-02 -0.8720946E-02 -0.8720946E-02 -0.8764790E-02 -0.8764790E-02 -0.8773176E-02 -0.8772335E-02 -0.8769021E-02 -0.8773842E-02 -0.8773842E-02 0.1461656E-01 0.8786290E-02 -0.7352352E-02 -0.3314199E-01 -0.6662471E-01 -0.1059387 -0.1494984 -0.1952843 -0.2414898 -0.2864499 -0.3284826 -0.3658417 -0.3965994 -0.4206412 -0.4206412 -0.2827571 -0.1860469 -0.9467348E-01 -0.7647676E-01 -0.7647676E-01 -0.5113379E-01 -0.5113379E-01 -0.6352594E-02 -0.6352594E-02 0.2685925E-01 0.8679070E-01 0.8679070E-01 0.5072846E-01 0.5072846E-01 0.1085548E-01 0.1085548E-01 0.1085548E-01 0.6570109E-02 0.6570109E-02 0.2843687E-02 0.2843687E-02 -0.1167742E-02 -0.1167742E-02 -0.4742612E-02 -0.4742612E-02 -0.7482332E-02 -0.7482332E-02 -0.7482332E-02
-0.4801374E-02 -0.4801374E-02 -0.6244346E-02 -0.8021193E-02 -0.7501288E-02 -0.7501288E-02 -0.7284137E-02 -0.7322004E-02 -0.7322004E-02 -0.7420794E-02 -0.7420794E-02 -0.7463144E-02 -0.7474769E-02 -0.7482885E-02 -0.7515025E-02 -0.7515025E-02 0.8008475E-02 0.1780306E-02 -0.1481367E-01 -0.4131448E-01 -0.7630026E-01 -0.1182417 -0.1658196 -0.2174651 -0.2716141 -0.3267110 -0.3810410 -0.4325312 -0.4783578 -0.5109116 -0.5109116 -0.4200053 -0.3353977 -0.2196813 -0.1817889 -0.1817889 -0.1106752 -0.1106752 -0.5424590E-02 -0.5424590E-02 0.5999411E-01 0.1691295 0.1691295 0.1627096 0.1627096 0.5283404E-01 0.5283404E-01 0.5283404E-01 0.2051259E-01 0.2051259E-01 0.3480040E-02 0.3480040E-02 -0.7126225E-02 -0.7126225E-02 -0.1425037E-01 -0.1425037E-01 -0.1856524E-01 -0.1856524E-01 -0.1856524E-01
-0.3633615E-02 -0.3633615E-02 -0.5393297E-02 -0.6511914E-02 -0.6043543E-02 -0.6043543E-02 -0.5804065E-02 -0.5829198E-02 -0.5829198E-02 -0.5940358E-02 -0.5940358E-02 -0.5986251E-02 -0.5997054E-02 -0.6004115E-02 -0.6054217E-02 -0.6054217E-02 0.1077904E-02 -0.7225438E-02 -0.2531719E-01 -0.5282940E-01 -0.8870792E-01 -0.1316977 -0.1806587 -0.2343596 -0.2915595 -0.3510193 -0.4113590 -0.4707916 -0.5265899 -0.5710760 -0.5710760 -0.5257387 -0.4641928 -0.3493291 -0.2962273 -0.2962273 -0.1687351 -0.1687351 0.8112537E-02 0.8112537E-02 0.9993275E-01 0.2341906 0.2341906 0.2498480 0.2498480 0.1054342 0.1054342 0.1054342 0.4117641E-01 0.4117641E-01 0.5557944E-02 0.5557944E-02 -0.1464570E-01 -0.1464570E-01 -0.2639261E-01 -0.2639261E-01 -0.3227609E-01 -0.3227609E-01 -0.3227609E-01
-0.2598926E-02 -0.2598926E-02 -0.4383383E-02 -0.4921248E-02 -0.4553359E-02 -0.4553359E-02 -0.4341102E-02 -0.4359898E-02 -0.4359898E-02 -0.4466372E-02 -0.4466372E-02 -0.4508755E-02 -0.4517404E-02 -0.4522135E-02 -0.4594285E-02 -0.4594285E-02 -0.6187010E-02 -0.1815939E-01 -0.3913039E-01 -0.6873222E-01 -0.1061345 -0.1503221 -0.2003211 -0.2551286 -0.3137312 -0.3751213 -0.4382089 -0.5015833 -0.5629775 -0.6159215 -0.6159215 -0.6057449 -0.5685048 -0.4636113 -0.3946715 -0.3946715 -0.1990881 -0.1990881 0.3791575E-01 0.3791575E-01 0.1393923 0.2708205 0.2708205 0.2969221 0.2969221 0.1549651 0.1549651 0.1549651 0.6642716E-01 0.6642716E-01 0.1133525E-01 0.1133525E-01 -0.2046893E-01 -0.2046893E-01 -0.3801321E-01 -0.3801321E-01 -0.4582971E-01 -0.4582971E-01 -0.4582971E-01
-0.1674258E-02 -0.1674258E-02 -0.3173668E-02 -0.3292203E-02 -0.3049461E-02 -0.3049461E-02 -0.2900238E-02 -0.2915858E-02 -0.2915858E-02 -0.2992090E-02 -0.2992090E-02 -0.3015278E-02 -0.3016870E-02 -0.3016048E-02 -0.3115301E-02 -0.3115301E-02 -0.1416795E-01 -0.3131137E-01 -0.5666098E-01 -0.8965940E-01 -0.1295505 -0.1755051 -0.2267370 -0.2824662 -0.3419028 -0.4042459 -0.4686277 -0.5339376 -0.5983626 -0.6567683 -0.6567683 -0.6711548 -0.6542875 -0.5513823 -0.4561751 -0.4561751 -0.1854981 -0.1854981 0.7341003E-01 0.7341003E-01 0.1660393 0.2780176 0.2780176 0.3084375 0.3084375 0.1923680 0.1923680 0.1923680 0.9283764E-01 0.9283764E-01 0.2126147E-01 0.2126147E-01 -0.2289429E-01 -0.2289429E-01 -0.4731504E-01 -0.4731504E-01 -0.5763300E-01 -0.5763300E-01 -0.5763300E-01
-0.8228134E-03 -0.8228134E-03 -0.1698101E-02 -0.1649707E-02 -0.1534091E-02 -0.1534091E-02 -0.1459341E-02 -0.1465711E-02 -0.1465711E-02 -0.1498404E-02 -0.1498404E-02 -0.1502506E-02 -0.1500170E-02 -0.1497293E-02 -0.1638480E-02 -0.1638480E-02 -0.2355649E-01 -0.4740344E-01 -0.7872000E-01 -0.1165580 -0.1600890 -0.2085938 -0.2614677 -0.3181658 -0.3781529 -0.4408714 -0.5056895 -0.5717687 -0.6376828 -0.6993560 -0.6993560 -0.7297477 -0.7262746 -0.5976605 -0.4592429 -0.4592429 -0.1353366 -0.1353366 0.9779128E-01 0.9779128E-01 0.1718317 0.2619282 0.2619282 0.2948105 0.2948105 0.2129897 0.2129897 0.2129897 0.1159972 0.1159972 0.3413333E-01 0.3413333E-01 -0.2133277E-01 -0.2133277E-01 -0.5315942E-01 -0.5315942E-01 -0.6651528E-01 -0.6651528E-01 -0.6651528E-01
-0.7333500E-07 -0.7333500E-07 -0.9548703E-08 -0.4051820E-07 -0.3064191E-07 -0.3064191E-07 0.1434349E-06 0.2153894E-06 0.2153894E-06 0.1417521E-06 0.1417521E-06 -0.1125915E-06 -0.7294390E-07 -0.3939804E-07 -0.2028388E-03 -0.2028388E-03 -0.3536605E-01 -0.6763716E-01 -0.1066285 -0.1508357 -0.1992480 -0.2511921 -0.3062278 -0.3640507 -0.4244048 -0.4870200 -0.5515475 -0.6174434 -0.6836182 -0.7465788 -0.7465788 -0.7852289 -0.7831572 -0.5787258 -0.3937400 -0.3937400 -0.7737745E-01 -0.7737745E-01 0.1019920 0.1019920 0.1580265 0.2313982 0.2313982 0.2660059 0.2660059 0.2163480 0.2163480 0.2163480 0.1317410 0.1317410 0.4747794E-01 0.4747794E-01 -0.1619426E-01 -0.1619426E-01 -0.5491506E-01 -0.5491506E-01 -0.7152694E-01 -0.7152694E-01 -0.7152694E-01
0.8226457E-03 0.8226457E-03 0.1698037E-02 0.1649859E-02 0.1534024E-02 0.1534024E-02 0.1459334E-02 0.1465833E-02 0.1465833E-02 0.1498432E-02 0.1498432E-02 0.1502406E-02 0.1500063E-02 0.1497136E-02 0.1210684E-02 0.1210684E-02 -0.5105086E-01 -0.9384952E-01 -0.1424092 -0.1945749 -0.2491127 -0.3053789 -0.3631024 -0.4222285 -0.4827974 -0.5448558 -0.6083764 -0.6731401 -0.7382964 -0.7999565 -0.7999565 -0.8364770 -0.8108953 -0.4799137 -0.2842927 -0.2842927 -0.3796232E-01 -0.3796232E-01 0.8904540E-01 0.8904540E-01 0.1321507 0.1942041 0.1942041 0.2292547 0.2292547 0.2048096 0.2048096 0.2048096 0.1373663 0.1373663 0.5829607E-01 0.5829607E-01 -0.8740656E-02 -0.8740656E-02 -0.5247706E-01 -0.5247706E-01 -0.7196042E-01 -0.7196042E-01 -0.7196042E-01
0.1674178E-02 0.1674178E-02 0.3173655E-02 0.3292272E-02 0.3049545E-02 0.3049545E-02 0.2900081E-02 0.2915623E-02 0.2915623E-02 0.2991980E-02 0.2991980E-02 0.3015337E-02 0.3016940E-02 0.3016022E-02 0.2618257E-02 0.2618257E-02 -0.7292642E-01 -0.1289580 -0.1892149 -0.2509232 -0.3126999 -0.3740010 -0.4347802 -0.4952677 -0.5558209 -0.6168196 -0.6785786 -0.7411990 -0.8037088 -0.8589763 -0.8589763 -0.8712682 -0.7713374 -0.3322357 -0.1815130 -0.1815130 -0.2264733E-01 -0.2264733E-01 0.6766214E-01 0.6766214E-01 0.1021091 0.1554886 0.1554886 0.1890798 0.1890798 0.1819562 0.1819562 0.1819562 0.1321852 0.1321852 0.6398804E-01 0.6398804E-01 -0.7359527E-03 -0.7359527E-03 -0.4625482E-01 -0.4625482E-01 -0.6743153E-01 -0.6743153E-01 -0.6743153E-01
0.2598745E-02 0.2598745E-02 0.4383174E-02 0.4921216E-02 0.4553453E-02 0.4553453E-02 0.4340993E-02 0.4359645E-02 0.4359645E-02 0.4466169E-02 0.4466169E-02 0.4508716E-02 0.4517288E-02 0.4522112E-02 0.3973530E-02 0.3973530E-02 -0.1049452 -0.1777333 -0.2520175 -0.3246799 -0.3944525 -0.4610893 -0.5248996 -0.5864757 -0.6465302 -0.7057883 -0.7649090 -0.8242121 -0.8811941 -0.9155575 -0.9155575 -0.8472888 -0.6150152 -0.2025926 -0.1167456 -0.1167456 -0.2140356E-01 -0.2140356E-01 0.4519843E-01 0.4519843E-01 0.7296330E-01 0.1179648 0.1179648 0.1480813 0.1480813 0.1513862 0.1513862 0.1513862 0.1172664 0.1172664 0.6308611E-01 0.6308611E-01 0.6052699E-02 0.6052699E-02 -0.3707557E-01 -0.3707557E-01 -0.5797851E-01 -0.5797851E-01 -0.5797851E-01
0.3633574E-02 0.3633574E-02 0.5393229E-02 0.6511915E-02 0.6043567E-02 0.6043567E-02 0.5803796E-02 0.5829040E-02 0.5829040E-02 0.5940029E-02 0.5940029E-02 0.5986158E-02 0.5996916E-02 0.6004077E-02 0.5241556E-02 0.5241556E-02 -0.1542106 -0.2482575 -0.3388695 -0.4233513 -0.5011191 -0.5725964 -0.6386734 -0.7004294 -0.7589878 -0.8154338 -0.8707589 -0.9250414 -0.9681524 -0.9315100 -0.9315100 -0.6838442 -0.3684051 -0.1252898 -0.8475247E-01 -0.8475247E-01 -0.2341279E-01 -0.2341279E-01 0.2558081E-01 0.2558081E-01 0.4711542E-01 0.8295141E-01 0.8295141E-01 0.1078574 0.1078574 0.1162470 0.1162470 0.1162470 0.9479919E-01 0.9479919E-01 0.5554945E-01 0.5554945E-01 0.1037556E-01 0.1037556E-01 -0.2598288E-01 -0.2598288E-01 -0.4413635E-01 -0.4413635E-01 -0.4413635E-01
