cruce_test.gid/Rasters/Hydraulic/Velocity__y_213.0.asc
NCOLS        79
NROWS        79
XLLCENTER         -1.500000
YLLCENTER         -4.800000
CELLSIZE           0.100
NODATA_VALUE     -9999.0
[rows 0 to 26 of 79, columns 0 to 58 of 79]
-9999.000 -9999.000 -9999.000 -9999.000 -9999.000 -9999.000 -9999.000 -9999.000 -9999.000 -9999.000 -9999.000 -9999.000 -9999.000 -9999.000 -9999.000 -0.8851788E-01 -0.8512089E-01 -0.8361224E-01 -0.8290010E-01 -0.8331697E-01 -0.8415467E-01 -0.8505313E-01 -0.8593084E-01 -0.8672700E-01 -0.8738866E-01 -0.8796944E-01 -0.8850082E-01 -0.8913998E-01 -0.9046526E-01 -0.9187225E-01 -0.9187225E-01 -9999.000 -9999.000 -9999.000 -9999.000 -9999.000 -9999.000 -9999.000 -9999.000 -9999.000 -9999.000 -9999.000 -9999.000 -9999.000 -9999.000 -9999.000 -9999.000 -9999.000 -9999.000 -9999.000 -9999.000 -9999.000 -9999.000 -9999.000 -9999.000 -9999.000 -9999.000 -9999.000 -9999.000
-9999.000 -9999.000 -9999.000 -9999.000 -9999.000 -9999.000 -9999.000 -9999.000 -9999.000 -9999.000 -9999.000 -9999.000 -9999.000 -9999.000 -9999.000 -0.8974118E-01 -0.8258775E-01 -0.7935889E-01 -0.7785315E-01 -0.7878824E-01 -0.8066689E-01 -0.8271466E-01 -0.8474647E-01 -0.8662026E-01 -0.8821420E-01 -0.8963284E-01 -0.9093623E-01 -0.9244833E-01 -0.9537768E-01 -0.9875552E-01 -0.9875552E-01 -9999.000 -9999.000 -9999.000 -9999.000 -9999.000 -9999.000 -9999.000 -9999.000 -9999.000 -9999.000 -9999.000 -9999.000 -9999.000 -9999.000 -9999.000 -9999.000 -9999.000 -9999.000 -9999.000 -9999.000 -9999.000 -9999.000 -9999.000 -9999.000 -9999.000 -9999.000 -9999.000 -9999.000
-9999.000 -9999.000 -9999.000 -9999.000 -9999.000 -9999.000 -9999.000 -9999.000 -9999.000 -9999.000 -9999.000 -9999.000 -9999.000 -9999.000 -9999.000 -0.9012228E-01 -0.7883878E-01 -0.7363526E-01 -0.7126055E-01 -0.7288538E-01 -0.7610840E-01 -0.7967116E-01 -0.8325711E-01 -0.8661642E-01 -0.8953401E-01 -0.9216305E-01 -0.9458362E-01 -0.9730189E-01 -0.1022396 -0.1083298 -0.1083298 -9999.000 -9999.000 -9999.000 -9999.000 -9999.000 -9999.000 -9999.000 -9999.000 -9999.000 -9999.000 -9999.000 -9999.000 -9999.000 -9999.000 -9999.000 -9999.000 -9999.000 -9999.000 -9999.000 -9999.000 -9999.000 -9999.000 -9999.000 -9999.000 -9999.000 -9999.000 -9999.000 -9999.000
-9999.000 -9999.000 -9999.000 -9999.000 -9999.000 -9999.000 -9999.000 -9999.000 -9999.000 -9999.000 -9999.000 -9999.000 -9999.000 -9999.000 -9999.000 -0.9004185E-01 -0.7461701E-01 -0.6743473E-01 -0.6422162E-01 -0.6661103E-01 -0.7127153E-01 -0.7644941E-01 -0.8169740E-01 -0.8665174E-01 -0.9099867E-01 -0.9494048E-01 -0.9857144E-01 -0.1025849 -0.1096504 -0.1189219 -0.1189219 -9999.000 -9999.000 -9999.000 -9999.000 -9999.000 -9999.000 -9999.000 -9999.000 -9999.000 -9999.000 -9999.000 -9999.000 -9999.000 -9999.000 -9999.000 -9999.000 -9999.000 -9999.000 -9999.000 -9999.000 -9999.000 -9999.000 -9999.000 -9999.000 -9999.000 -9999.000 -9999.000 -9999.000
-9999.000 -9999.000 -9999.000 -9999.000 -9999.000 -9999.000 -9999.000 -9999.000 -9999.000 -9999.000 -9999.000 -9999.000 -9999.000 -9999.000 -9999.000 -0.8971958E-01 -0.7009576E-01 -0.6091259E-01 -0.5686991E-01 -0.6007564E-01 -0.6623626E-01 -0.7309332E-01 -0.8007097E-01 -0.8668722E-01 -0.9252521E-01 -0.9784145E-01 -0.1027413 -0.1081151 -0.1174257 -0.1303852 -0.1303852 -9999.000 -9999.000 -9999.000 -9999.000 -9999.000 -9999.000 -9999.000 -9999.000 -9999.000 -9999.000 -9999.000 -9999.000 -9999.000 -9999.000 -9999.000 -9999.000 -9999.000 -9999.000 -9999.000 -9999.000 -9999.000 -9999.000 -9999.000 -9999.000 -9999.000 -9999.000 -9999.000 -9999.000
-9999.000 -9999.000 -9999.000 -9999.000 -9999.000 -9999.000 -9999.000 -9999.000 -9999.000 -9999.000 -9999.000 -9999.000 -9999.000 -9999.000 -9999.000 -0.8921925E-01 -0.6533006E-01 -0.5412265E-01 -0.4925528E-01 -0.5332265E-01 -0.6103498E-01 -0.6961910E-01 -0.7837658E-01 -0.8670313E-01 -0.9407470E-01 -0.1008100 -0.1070231 -0.1138143 -0.1254966 -0.1427362 -0.1427362 -9999.000 -9999.000 -9999.000 -9999.000 -9999.000 -9999.000 -9999.000 -9999.000 -9999.000 -9999.000 -9999.000 -9999.000 -9999.000 -9999.000 -9999.000 -9999.000 -9999.000 -9999.000 -9999.000 -9999.000 -9999.000 -9999.000 -9999.000 -9999.000 -9999.000 -9999.000 -9999.000 -9999.000
-9999.000 -9999.000 -9999.000 -9999.000 -9999.000 -9999.000 -9999.000 -9999.000 -9999.000 -9999.000 -9999.000 -9999.000 -9999.000 -9999.000 -9999.000 -0.8853880E-01 -0.6032461E-01 -0.4707361E-01 -0.4138844E-01 -0.4636499E-01 -0.5567755E-01 -0.6603042E-01 -0.7661091E-01 -0.8668751E-01 -0.9562571E-01 -0.1038173 -0.1113812 -0.1196455 -0.1338439 -0.1560820 -0.1560820 -9999.000 -9999.000 -9999.000 -9999.000 -9999.000 -9999.000 -9999.000 -9999.000 -9999.000 -9999.000 -9999.000 -9999.000 -9999.000 -9999.000 -9999.000 -9999.000 -9999.000 -9999.000 -9999.000 -9999.000 -9999.000 -9999.000 -9999.000 -9999.000 -9999.000 -9999.000 -9999.000 -9999.000
-9999.000 -9999.000 -9999.000 -9999.000 -9999.000 -9999.000 -9999.000 -9999.000 -9999.000 -9999.000 -9999.000 -9999.000 -9999.000 -9999.000 -9999.000 -0.8764508E-01 -0.5506029E-01 -0.3975255E-01 -0.3326242E-01 -0.3920114E-01 -0.5016410E-01 -0.6232443E-01 -0.7476771E-01 -0.8662987E-01 -0.9716168E-01 -0.1068428 -0.1157927 -0.1255880 -0.1424681 -0.1705943 -0.1705943 -9999.000 -9999.000 -9999.000 -9999.000 -9999.000 -9999.000 -9999.000 -9999.000 -9999.000 -9999.000 -9999.000 -9999.000 -9999.000 -9999.000 -9999.000 -9999.000 -9999.000 -9999.000 -9999.000 -9999.000 -9999.000 -9999.000 -9999.000 -9999.000 -9999.000 -9999.000 -9999.000 -9999.000
-9999.000 -9999.000 -9999.000 -9999.000 -9999.000 -9999.000 -9999.000 -9999.000 -9999.000 -9999.000 -9999.000 -9999.000 -9999.000 -9999.000 -9999.000 -0.8648590E-01 -0.4950450E-01 -0.3213564E-01 -0.2486020E-01 -0.3182271E-01 -0.4448861E-01 -0.5849391E-01 -0.7283794E-01 -0.8651782E-01 -0.9866548E-01 -0.1098670 -0.1202360 -0.1316238 -0.1513788 -0.1865081 -0.1865081 -9999.000 -9999.000 -9999.000 -9999.000 -9999.000 -9999.000 -9999.000 -9999.000 -9999.000 -9999.000 -9999.000 -9999.000 -9999.000 -9999.000 -9999.000 -9999.000 -9999.000 -9999.000 -9999.000 -9999.000 -9999.000 -9999.000 -9999.000 -9999.000 -9999.000 -9999.000 -9999.000 -9999.000
-9999.000 -9999.000 -9999.000 -9999.000 -9999.000 -9999.000 -9999.000 -9999.000 -9999.000 -9999.000 -9999.000 -9999.000 -9999.000 -9999.000 -9999.000 -0.8499490E-01 -0.4361473E-01 -0.2419013E-01 -0.1615766E-01 -0.2421530E-01 -0.3864037E-01 -0.5452736E-01 -0.7080895E-01 -0.8633590E-01 -0.1001168 -0.1128668 -0.1246853 -0.1377316 -0.1605856 -0.2041352 -0.2041352 -9999.000 -9999.000 -9999.000 -9999.000 -9999.000 -9999.000 -9999.000 -9999.000 -9999.000 -9999.000 -9999.000 -9999.000 -9999.000 -9999.000 -9999.000 -9999.000 -9999.000 -9999.000 -9999.000 -9999.000 -9999.000 -9999.000 -9999.000 -9999.000 -9999.000 -9999.000 -9999.000 -9999.000
-9999.000 -9999.000 -9999.000 -9999.000 -9999.000 -9999.000 -9999.000 -9999.000 -9999.000 -9999.000 -9999.000 -9999.000 -9999.000 -9999.000 -9999.000 -0.8309112E-01 -0.3733873E-01 -0.1587421E-01 -0.7122427E-02 -0.1635837E-01 -0.3260399E-01 -0.5040848E-01 -0.6866308E-01 -0.8606296E-01 -0.1014883 -0.1158116 -0.1291068 -0.1438815 -0.1700960 -0.2238907 -0.2238907 -9999.000 -9999.000 -9999.000 -9999.000 -9999.000 -9999.000 -9999.000 -9999.000 -9999.000 -9999.000 -9999.000 -9999.000 -9999.000 -9999.000 -9999.000 -9999.000 -9999.000 -9999.000 -9999.000 -9999.000 -9999.000 -9999.000 -9999.000 -9999.000 -9999.000 -9999.000 -9999.000 -9999.000
-9999.000 -9999.000 -9999.000 -9999.000 -9999.000 -9999.000 -9999.000 -9999.000 -9999.000 -9999.000 -9999.000 -9999.000 -9999.000 -9999.000 -9999.000 -0.8067298E-01 -0.3060866E-01 -0.7133050E-02 0.2288414E-02 -0.8224806E-02 -0.2635761E-01 -0.4611467E-01 -0.6637628E-01 -0.8567036E-01 -0.1027428 -0.1186598 -0.1334532 -0.1500299 -0.1799100 -0.2463372 -0.2463372 -9999.000 -9999.000 -9999.000 -9999.000 -9999.000 -9999.000 -9999.000 -9999.000 -9999.000 -9999.000 -9999.000 -9999.000 -9999.000 -9999.000 -9999.000 -9999.000 -9999.000 -9999.000 -9999.000 -9999.000 -9999.000 -9999.000 -9999.000 -9999.000 -9999.000 -9999.000 -9999.000 -9999.000
-9999.000 -9999.000 -9999.000 -9999.000 -9999.000 -9999.000 -9999.000 -9999.000 -9999.000 -9999.000 -9999.000 -9999.000 -9999.000 -9999.000 -9999.000 -0.7757421E-01 -0.2330514E-01 0.2132209E-02 0.1213998E-01 0.2147932E-03 -0.1988314E-01 -0.4162631E-01 -0.6392634E-01 -0.8512887E-01 -0.1038391 -0.1213612 -0.1376644 -0.1561175 -0.1900187 -0.2722600 -0.2722600 -9999.000 -9999.000 -9999.000 -9999.000 -9999.000 -9999.000 -9999.000 -9999.000 -9999.000 -9999.000 -9999.000 -9999.000 -9999.000 -9999.000 -9999.000 -9999.000 -9999.000 -9999.000 -9999.000 -9999.000 -9999.000 -9999.000 -9999.000 -9999.000 -9999.000 -9999.000 -9999.000 -9999.000
-9999.000 -9999.000 -9999.000 -9999.000 -9999.000 -9999.000 -9999.000 -9999.000 -9999.000 -9999.000 -9999.000 -9999.000 -9999.000 -9999.000 -9999.000 -0.7220298E-01 -0.1418678E-01 0.1274503E-01 0.2256078E-01 0.8675618E-02 -0.1353981E-01 -0.3729239E-01 -0.6163189E-01 -0.8471159E-01 -0.1049960 -0.1240870 -0.1418646 -0.1622412 -0.2005594 -0.3029749 -0.3029749 -9999.000 -9999.000 -9999.000 -9999.000 -9999.000 -9999.000 -9999.000 -9999.000 -9999.000 -9999.000 -9999.000 -9999.000 -9999.000 -9999.000 -9999.000 -9999.000 -9999.000 -9999.000 -9999.000 -9999.000 -9999.000 -9999.000 -9999.000 -9999.000 -9999.000 -9999.000 -9999.000 -9999.000
-9999.000 -9999.000 -9999.000 -9999.000 -9999.000 -9999.000 -9999.000 -9999.000 -9999.000 -9999.000 -9999.000 -9999.000 -9999.000 -9999.000 -9999.000 -0.7886475E-02 0.1870317E-01 0.2705166E-01 0.2200480E-01 0.1520683E-02 -0.2072968E-01 -0.4404745E-01 -0.6810577E-01 -0.9098170E-01 -0.1110658 -0.1303138 -0.1484251 -0.1698785 -0.2121895 -0.3383403 -0.3383403 -9999.000 -9999.000 -9999.000 -9999.000 -9999.000 -9999.000 -9999.000 -9999.000 -9999.000 -9999.000 -9999.000 -9999.000 -9999.000 -9999.000 -9999.000 -9999.000 -9999.000 -9999.000 -9999.000 -9999.000 -9999.000 -9999.000 -9999.000 -9999.000 -9999.000 -9999.000 -9999.000 -9999.000
-0.3937075E-02 -0.3937075E-02 -0.5816784E-02 -0.7204920E-02 -0.6773612E-02 -0.6773612E-02 -0.6633657E-02 -0.6580611E-02 -0.6580611E-02 -0.6566423E-02 -0.6566423E-02 -0.6543077E-02 -0.6528798E-02 -0.6513663E-02 -0.6502847E-02 -0.6502847E-02 0.4141398E-01 0.3742475E-01 0.2225261E-01 -0.1650086E-02 -0.2966326E-01 -0.6065243E-01 -0.9361234E-01 -0.1270568 -0.1593530 -0.1899658 -0.2182697 -0.2453500 -0.2782226 -0.3498354 -0.3498354 -0.1982014 -0.1090380 -0.3992904E-01 -0.3047375E-01 -0.3047375E-01 -0.2384908E-01 -0.2384908E-01 -0.1252347E-01 -0.1252347E-01 -0.1748144E-02 0.2565912E-01 0.2565912E-01 0.3167310E-01 0.3167310E-01 -0.3064345E-02 -0.3064345E-02 -0.3064345E-02 -0.1143959E-02 -0.1143959E-02 -0.3809495E-03 -0.3809495E-03 -0.9446811E-03 -0.9446811E-03 -0.2091594E-02 -0.2091594E-02 -0.3282669E-02 -0.3282669E-02 -0.3282669E-02
-0.5723367E-02 -0.5723367E-02 -0.8307857E-02 -0.1053179E-01 -0.9636190E-02 -0.9636190E-02 -0.9319627E-02 -0.9233458E-02 -0.9233458E-02 -0.9245940E-02 -0.9245940E-02 -0.9236843E-02 -0.9227316E-02 -0.9215896E-02 -0.9231341E-02 -0.9231341E-02 0.3470645E-01 0.3210584E-01 0.1701736E-01 -0.8068690E-02 -0.4277982E-01 -0.8454522E-01 -0.1311164 -0.1807131 -0.2315936 -0.2816065 -0.3291508 -0.3723918 -0.4089986 -0.4341958 -0.4341958 -0.2984031 -0.2014484 -0.1079969 -0.8940803E-01 -0.8940803E-01 -0.6671092E-01 -0.6671092E-01 -0.2745435E-01 -0.2745435E-01 0.5157855E-02 0.8090507E-01 0.8090507E-01 0.1069818 0.1069818 0.2457202E-01 0.2457202E-01 0.2457202E-01 0.8717884E-02 0.8717884E-02 0.1298013E-02 0.1298013E-02 -0.3671219E-02 -0.3671219E-02 -0.7655360E-02 -0.7655360E-02 -0.1067945E-01 -0.1067945E-01 -0.1067945E-01
-0.3982702E-02 -0.3982702E-02 -0.6349390E-02 -0.9240997E-02 -0.8329828E-02 -0.8329828E-02 -0.7898737E-02 -0.7768359E-02 -0.7768359E-02 -0.7811252E-02 -0.7811252E-02 -0.7826970E-02 -0.7828515E-02 -0.7828323E-02 -0.7895944E-02 -0.7895944E-02 0.2349846E-01 0.2152367E-01 0.7076026E-02 -0.1796134E-01 -0.5296235E-01 -0.9617558E-01 -0.1457590 -0.2001625 -0.2579381 -0.3172754 -0.3765244 -0.4337085 -0.4858865 -0.5265851 -0.5265851 -0.4400366 -0.3568846 -0.2416306 -0.2048509 -0.2048509 -0.1411661 -0.1411661 -0.4518304E-01 -0.4518304E-01 0.2158613E-01 0.1564117 0.1564117 0.2128410 0.2128410 0.9203644E-01 0.9203644E-01 0.9203644E-01 0.3635324E-01 0.3635324E-01 0.7302935E-02 0.7302935E-02 -0.8610001E-02 -0.8610001E-02 -0.1824168E-01 -0.1824168E-01 -0.2398318E-01 -0.2398318E-01 -0.2398318E-01
-0.2135576E-02 -0.2135576E-02 -0.4488010E-02 -0.7887607E-02 -0.6887912E-02 -0.6887912E-02 -0.6377793E-02 -0.6192817E-02 -0.6192817E-02 -0.6230215E-02 -0.6230215E-02 -0.6239710E-02 -0.6238008E-02 -0.6235695E-02 -0.6348831E-02 -0.6348831E-02 0.1253040E-01 0.8596778E-02 -0.6781093E-02 -0.3247054E-01 -0.6771288E-01 -0.1112354 -0.1615619 -0.2173452 -0.2773752 -0.3402652 -0.4046564 -0.4689168 -0.5304411 -0.5831494 -0.5831494 -0.5458324 -0.4882712 -0.3781786 -0.3291490 -0.3291490 -0.2161372 -0.2161372 -0.4633901E-01 -0.4633901E-01 0.5311675E-01 0.2218045 0.2218045 0.2903254 0.2903254 0.1620533 0.1620533 0.1620533 0.7194427E-01 0.7194427E-01 0.1744823E-01 0.1744823E-01 -0.1308558E-01 -0.1308558E-01 -0.3026311E-01 -0.3026311E-01 -0.3928220E-01 -0.3928220E-01 -0.3928220E-01
-0.7959465E-03 -0.7959465E-03 -0.3349117E-02 -0.6252327E-02 -0.5308663E-02 -0.5308663E-02 -0.4816839E-02 -0.4621824E-02 -0.4621824E-02 -0.4649096E-02 -0.4649096E-02 -0.4651204E-02 -0.4646492E-02 -0.4641979E-02 -0.4810994E-02 -0.4810994E-02 0.1857658E-02 -0.6226925E-02 -0.2441206E-01 -0.5205379E-01 -0.8844908E-01 -0.1326420 -0.1834955 -0.2398842 -0.3007691 -0.3650357 -0.4315628 -0.4990495 -0.5654234 -0.6257069 -0.6257069 -0.6246842 -0.5936542 -0.4997106 -0.4396773 -0.4396773 -0.2642806 -0.2642806 -0.2056300E-01 -0.2056300E-01 0.9642597E-01 0.2645043 0.2645043 0.3293695 0.3293695 0.2174556 0.2174556 0.2174556 0.1090253 0.1090253 0.3214816E-01 0.3214816E-01 -0.1435294E-01 -0.1435294E-01 -0.4061650E-01 -0.4061650E-01 -0.5372235E-01 -0.5372235E-01 -0.5372235E-01
-0.2823281E-03 -0.2823281E-03 -0.2522563E-02 -0.4242918E-02 -0.3579080E-02 -0.3579080E-02 -0.3218218E-02 -0.3070599E-02 -0.3070599E-02 -0.3092112E-02 -0.3092112E-02 -0.3093126E-02 -0.3088041E-02 -0.3082833E-02 -0.3324695E-02 -0.3324695E-02 -0.9084626E-02 -0.2315548E-01 -0.4604855E-01 -0.7721388E-01 -0.1159868 -0.1616234 -0.2132932 -0.2701483 -0.3313728 -0.3961006 -0.4634234 -0.5322909 -0.6010711 -0.6658555 -0.6658555 -0.6893990 -0.6806275 -0.5980990 -0.5183957 -0.5183957 -0.2629691 -0.2629691 0.2418402E-01 0.2418402E-01 0.1360238 0.2788136 0.2788136 0.3346251 0.3346251 0.2513610 0.2513610 0.2513610 0.1420426 0.1420426 0.5027530E-01 0.5027530E-01 -0.1130024E-01 -0.1130024E-01 -0.4760277E-01 -0.4760277E-01 -0.6564958E-01 -0.6564958E-01 -0.6564958E-01
-0.8865544E-04 -0.8865544E-04 -0.1304357E-02 -0.2127369E-02 -0.1796655E-02 -0.1796655E-02 -0.1611863E-02 -0.1536206E-02 -0.1536206E-02 -0.1550145E-02 -0.1550145E-02 -0.1552194E-02 -0.1549360E-02 -0.1545988E-02 -0.1887887E-02 -0.1887887E-02 -0.2110692E-01 -0.4288393E-01 -0.7237984E-01 -0.1087765 -0.1513378 -0.1994331 -0.2524812 -0.3099276 -0.3712400 -0.4358427 -0.5030895 -0.5721872 -0.6418692 -0.7090336 -0.7090336 -0.7482125 -0.7550880 -0.6619793 -0.5430207 -0.5430207 -0.2096556 -0.2096556 0.6601475E-01 0.6601475E-01 0.1565472 0.2675679 0.2675679 0.3158351 0.3158351 0.2632741 0.2632741 0.2632741 0.1661952 0.1661952 0.6922425E-01 0.6922425E-01 -0.4125656E-02 -0.4125656E-02 -0.5033983E-01 -0.5033983E-01 -0.7390667E-01 -0.7390667E-01 -0.7390667E-01
0.1011153E-07 0.1011153E-07 0.9771654E-07 0.1126553E-07 -0.4349686E-07 -0.4349686E-07 -0.1299700E-07 -0.5028567E-08 -0.5028567E-08 0.1513732E-07 0.1513732E-07 0.1137447E-06 0.1600342E-06 0.4464664E-07 -0.4785458E-03 -0.4785458E-03 -0.3531357E-01 -0.6664314E-01 -0.1046811 -0.1480780 -0.1959129 -0.2475936 -0.3027351 -0.3610662 -0.4223661 -0.4863896 -0.5528111 -0.6211451 -0.6904613 -0.7580847 -0.7580847 -0.8053322 -0.8177794 -0.6678662 -0.4915808 -0.4915808 -0.1314706 -0.1314706 0.8721232E-01 0.8721232E-01 0.1536859 0.2389413 0.2389413 0.2825850 0.2825850 0.2563945 0.2563945 0.2563945 0.1782983 0.1782983 0.8552544E-01 0.8552544E-01 0.5833866E-02 0.5833866E-02 -0.4864364E-01 -0.4864364E-01 -0.7765616E-01 -0.7765616E-01 -0.7765616E-01
0.8869622E-04 0.8869622E-04 0.1304743E-02 0.2127269E-02 0.1796594E-02 0.1796594E-02 0.1611841E-02 0.1536248E-02 0.1536248E-02 0.1550342E-02 0.1550342E-02 0.1552399E-02 0.1549549E-02 0.1546134E-02 0.8838268E-03 0.8838268E-03 -0.5334901E-01 -0.9643792E-01 -0.1450868 -0.1972645 -0.2518141 -0.3081646 -0.3661126 -0.4256626 -0.4869149 -0.5499741 -0.6148712 -0.6814699 -0.7491063 -0.8147222 -0.8147222 -0.8609053 -0.8592737 -0.5866984 -0.3708126 -0.3708126 -0.6605076E-01 -0.6605076E-01 0.8520574E-01 0.8520574E-01 0.1334319 0.2015547 0.2015547 0.2420633 0.2420633 0.2353496 0.2353496 0.2353496 0.1774196 0.1774196 0.9591148E-01 0.9591148E-01 0.1641024E-01 0.1641024E-01 -0.4301935E-01 -0.4301935E-01 -0.7640446E-01 -0.7640446E-01 -0.7640446E-01
0.2823134E-03 0.2823134E-03 0.2522712E-02 0.4242913E-02 0.3579056E-02 0.3579056E-02 0.3218119E-02 0.3070595E-02 0.3070595E-02 0.3092162E-02 0.3092162E-02 0.3093379E-02 0.3088394E-02 0.3083224E-02 0.2174899E-02 0.2174899E-02 -0.7775730E-01 -0.1354259 -0.1969603 -0.2596509 -0.3221754 -0.3840598 -0.4453324 -0.5062987 -0.5673956 -0.6290819 -0.6917558 -0.7556274 -0.8199928 -0.8789329 -0.8789329 -0.9061275 -0.8476835 -0.4244184 -0.2324498 -0.2324498 -0.3145265E-01 -0.3145265E-01 0.6861568E-01 0.6861568E-01 0.1051184 0.1616250 0.1616250 0.1987383 0.1987383 0.2045508 0.2045508 0.2045508 0.1645747 0.1645747 0.9820997E-01 0.9820997E-01 0.2517137E-01 0.2517137E-01 -0.3456312E-01 -0.3456312E-01 -0.7008730E-01 -0.7008730E-01 -0.7008730E-01
0.7958372E-03 0.7958372E-03 0.3348949E-02 0.6252503E-02 0.5308717E-02 0.5308717E-02 0.4816826E-02 0.4621721E-02 0.4621721E-02 0.4648854E-02 0.4648854E-02 0.4651563E-02 0.4646841E-02 0.4642268E-02 0.3401675E-02 0.3401675E-02 -0.1127313 -0.1886745 -0.2655691 -0.3403036 -0.4116624 -0.4794783 -0.5441495 -0.6063606 -0.6669176 -0.7266409 -0.7862881 -0.8463213 -0.9047622 -0.9439251 -0.9439251 -0.9057242 -0.7233420 -0.2487567 -0.1314694 -0.1314694 -0.2116999E-01 -0.2116999E-01 0.4726305E-01 0.4726305E-01 0.7577236E-01 0.1225694 0.1225694 0.1550813 0.1550813 0.1675777 0.1675777 0.1675777 0.1419818 0.1419818 0.9178744E-01 0.9178744E-01 0.3015285E-01 0.3015285E-01 -0.2466600E-01 -0.2466600E-01 -0.5908883E-01 -0.5908883E-01 -0.5908883E-01
0.2135418E-02 0.2135418E-02 0.4487776E-02 0.7887602E-02 0.6887887E-02 0.6887887E-02 0.6377994E-02 0.6192838E-02 0.6192838E-02 0.6230077E-02 0.6230077E-02 0.6239993E-02 0.6238211E-02 0.6235936E-02 0.4540789E-02 0.4540789E-02 -0.1658062 -0.2647583 -0.3594466 -0.4471626 -0.5273949 -0.6006762 -0.6680136 -0.7306016 -0.7896751 -0.8464261 -0.9019535 -0.9565654 -1.001635 -0.9745095 -0.9745095 -0.7755138 -0.4692805 -0.1288214 -0.8007459E-01 -0.8007459E-01 -0.2087391E-01 -0.2087391E-01 0.2712022E-01 0.2712022E-01 0.4898193E-01 0.8594412E-01 0.8594412E-01 0.1124872 0.1124872 0.1272004 0.1272004 0.1272004 0.1123520 0.1123520 0.7748246E-01 0.7748246E-01 0.3037045E-01 0.3037045E-01 -0.1464055E-01 -0.1464055E-01 -0.4420728E-01 -0.4420728E-01 -0.4420728E-01
