cruce_test.gid/Rasters/Hydraulic/Velocity__y_52.0.asc
NCOLS        79
NROWS        79
XLLCENTER         -1.500000
YLLCENTER         -4.800000
CELLSIZE           0.100
NODATA_VALUE     -9999.0
[rows 0 to 25 of 79, columns 0 to 58 of 79]
-9999.000 -9999.000 -9999.000 -9999.000 -9999.000 -9999.000 -9999.000 -9999.000 -9999.000 -9999.000 -9999.000 -9999.000 -9999.000 -9999.000 -9999.000 -0.2650991 -0.2640607 -0.2642713 -0.2646283 -0.2650385 -0.2654980 -0.2660133 -0.2665929 -0.2672448 -0.2679802 -0.2688172 -0.2697864 -0.2709359 -0.2722079 -0.2689651 -0.2689651 -9999.000 -9999.000 -9999.000 -9999.000 -9999.000 -9999.000 -9999.000 -9999.000 -9999.000 -9999.000 -9999.000 -9999.000 -9999.000 -9999.000 -9999.000 -9999.000 -9999.000 -9999.000 -9999.000 -9999.000 -9999.000 -9999.000 -9999.000 -9999.000 -9999.000 -9999.000 -9999.000 -9999.000
-9999.000 -9999.000 -9999.000 -9999.000 -9999.000 -9999.000 -9999.000 -9999.000 -9999.000 -9999.000 -9999.000 -9999.000 -9999.000 -9999.000 -9999.000 -0.2609774 -0.2584692 -0.2588189 -0.2594514 -0.2601707 -0.2609692 -0.2618669 -0.2628893 -0.2640645 -0.2654264 -0.2670223 -0.2689208 -0.2712168 -0.2737652 -0.2675414 -0.2675414 -9999.000 -9999.000 -9999.000 -9999.000 -9999.000 -9999.000 -9999.000 -9999.000 -9999.000 -9999.000 -9999.000 -9999.000 -9999.000 -9999.000 -9999.000 -9999.000 -9999.000 -9999.000 -9999.000 -9999.000 -9999.000 -9999.000 -9999.000 -9999.000 -9999.000 -9999.000 -9999.000 -9999.000
-9999.000 -9999.000 -9999.000 -9999.000 -9999.000 -9999.000 -9999.000 -9999.000 -9999.000 -9999.000 -9999.000 -9999.000 -9999.000 -9999.000 -9999.000 -0.2550684 -0.2507756 -0.2513234 -0.2523919 -0.2536430 -0.2550570 -0.2566665 -0.2585163 -0.2606552 -0.2631403 -0.2660419 -0.2694502 -0.2734711 -0.2777714 -0.2683822 -0.2683822 -9999.000 -9999.000 -9999.000 -9999.000 -9999.000 -9999.000 -9999.000 -9999.000 -9999.000 -9999.000 -9999.000 -9999.000 -9999.000 -9999.000 -9999.000 -9999.000 -9999.000 -9999.000 -9999.000 -9999.000 -9999.000 -9999.000 -9999.000 -9999.000 -9999.000 -9999.000 -9999.000 -9999.000
-9999.000 -9999.000 -9999.000 -9999.000 -9999.000 -9999.000 -9999.000 -9999.000 -9999.000 -9999.000 -9999.000 -9999.000 -9999.000 -9999.000 -9999.000 -0.2479883 -0.2418211 -0.2426338 -0.2442549 -0.2461919 -0.2484130 -0.2509632 -0.2539058 -0.2573097 -0.2612509 -0.2658181 -0.2711169 -0.2772588 -0.2837055 -0.2715326 -0.2715326 -9999.000 -9999.000 -9999.000 -9999.000 -9999.000 -9999.000 -9999.000 -9999.000 -9999.000 -9999.000 -9999.000 -9999.000 -9999.000 -9999.000 -9999.000 -9999.000 -9999.000 -9999.000 -9999.000 -9999.000 -9999.000 -9999.000 -9999.000 -9999.000 -9999.000 -9999.000 -9999.000 -9999.000
-9999.000 -9999.000 -9999.000 -9999.000 -9999.000 -9999.000 -9999.000 -9999.000 -9999.000 -9999.000 -9999.000 -9999.000 -9999.000 -9999.000 -9999.000 -0.2397532 -0.2316965 -0.2328398 -0.2351185 -0.2378766 -0.2410707 -0.2447608 -0.2490304 -0.2539694 -0.2596740 -0.2662523 -0.2738269 -0.2825179 -0.2915659 -0.2770811 -0.2770811 -9999.000 -9999.000 -9999.000 -9999.000 -9999.000 -9999.000 -9999.000 -9999.000 -9999.000 -9999.000 -9999.000 -9999.000 -9999.000 -9999.000 -9999.000 -9999.000 -9999.000 -9999.000 -9999.000 -9999.000 -9999.000 -9999.000 -9999.000 -9999.000 -9999.000 -9999.000 -9999.000 -9999.000
-9999.000 -9999.000 -9999.000 -9999.000 -9999.000 -9999.000 -9999.000 -9999.000 -9999.000 -9999.000 -9999.000 -9999.000 -9999.000 -9999.000 -9999.000 -0.2303172 -0.2204519 -0.2219909 -0.2250182 -0.2287130 -0.2330237 -0.2380289 -0.2438370 -0.2505634 -0.2583299 -0.2672698 -0.2775311 -0.2892510 -0.3014447 -0.2852400 -0.2852400 -9999.000 -9999.000 -9999.000 -9999.000 -9999.000 -9999.000 -9999.000 -9999.000 -9999.000 -9999.000 -9999.000 -9999.000 -9999.000 -9999.000 -9999.000 -9999.000 -9999.000 -9999.000 -9999.000 -9999.000 -9999.000 -9999.000 -9999.000 -9999.000 -9999.000 -9999.000 -9999.000 -9999.000
-9999.000 -9999.000 -9999.000 -9999.000 -9999.000 -9999.000 -9999.000 -9999.000 -9999.000 -9999.000 -9999.000 -9999.000 -9999.000 -9999.000 -9999.000 -0.2195740 -0.2081012 -0.2101043 -0.2139573 -0.2186855 -0.2242347 -0.2307097 -0.2382506 -0.2470066 -0.2571347 -0.2688056 -0.2822073 -0.2975130 -0.3135224 -0.2963533 -0.2963533 -9999.000 -9999.000 -9999.000 -9999.000 -9999.000 -9999.000 -9999.000 -9999.000 -9999.000 -9999.000 -9999.000 -9999.000 -9999.000 -9999.000 -9999.000 -9999.000 -9999.000 -9999.000 -9999.000 -9999.000 -9999.000 -9999.000 -9999.000 -9999.000 -9999.000 -9999.000 -9999.000 -9999.000
-9999.000 -9999.000 -9999.000 -9999.000 -9999.000 -9999.000 -9999.000 -9999.000 -9999.000 -9999.000 -9999.000 -9999.000 -9999.000 -9999.000 -9999.000 -0.2073587 -0.1946248 -0.1971679 -0.2019111 -0.2077498 -0.2146392 -0.2227195 -0.2321730 -0.2431944 -0.2559918 -0.2707922 -0.2878489 -0.3074030 -0.3280731 -0.3109314 -0.3109314 -9999.000 -9999.000 -9999.000 -9999.000 -9999.000 -9999.000 -9999.000 -9999.000 -9999.000 -9999.000 -9999.000 -9999.000 -9999.000 -9999.000 -9999.000 -9999.000 -9999.000 -9999.000 -9999.000 -9999.000 -9999.000 -9999.000 -9999.000 -9999.000 -9999.000 -9999.000 -9999.000 -9999.000
-9999.000 -9999.000 -9999.000 -9999.000 -9999.000 -9999.000 -9999.000 -9999.000 -9999.000 -9999.000 -9999.000 -9999.000 -9999.000 -9999.000 -9999.000 -0.1934505 -0.1799702 -0.1831417 -0.1888268 -0.1958340 -0.2041439 -0.2139448 -0.2254754 -0.2389933 -0.2547790 -0.2731458 -0.2944512 -0.3190595 -0.3454806 -0.3297161 -0.3297161 -9999.000 -9999.000 -9999.000 -9999.000 -9999.000 -9999.000 -9999.000 -9999.000 -9999.000 -9999.000 -9999.000 -9999.000 -9999.000 -9999.000 -9999.000 -9999.000 -9999.000 -9999.000 -9999.000 -9999.000 -9999.000 -9999.000 -9999.000 -9999.000 -9999.000 -9999.000 -9999.000 -9999.000
-9999.000 -9999.000 -9999.000 -9999.000 -9999.000 -9999.000 -9999.000 -9999.000 -9999.000 -9999.000 -9999.000 -9999.000 -9999.000 -9999.000 -9999.000 -0.1775769 -0.1640507 -0.1679543 -0.1746200 -0.1828329 -0.1926200 -0.2042340 -0.2179881 -0.2342256 -0.2533302 -0.2757447 -0.3019931 -0.3326525 -0.3662648 -0.3538020 -0.3538020 -9999.000 -9999.000 -9999.000 -9999.000 -9999.000 -9999.000 -9999.000 -9999.000 -9999.000 -9999.000 -9999.000 -9999.000 -9999.000 -9999.000 -9999.000 -9999.000 -9999.000 -9999.000 -9999.000 -9999.000 -9999.000 -9999.000 -9999.000 -9999.000 -9999.000 -9999.000 -9999.000 -9999.000
-9999.000 -9999.000 -9999.000 -9999.000 -9999.000 -9999.000 -9999.000 -9999.000 -9999.000 -9999.000 -9999.000 -9999.000 -9999.000 -9999.000 -9999.000 -0.1594216 -0.1467405 -0.1514966 -0.1591676 -0.1685996 -0.1798923 -0.1933831 -0.2094815 -0.2286461 -0.2514057 -0.2783957 -0.3104019 -0.3483641 -0.3911189 -0.3848613 -0.3848613 -9999.000 -9999.000 -9999.000 -9999.000 -9999.000 -9999.000 -9999.000 -9999.000 -9999.000 -9999.000 -9999.000 -9999.000 -9999.000 -9999.000 -9999.000 -9999.000 -9999.000 -9999.000 -9999.000 -9999.000 -9999.000 -9999.000 -9999.000 -9999.000 -9999.000 -9999.000 -9999.000 -9999.000
-9999.000 -9999.000 -9999.000 -9999.000 -9999.000 -9999.000 -9999.000 -9999.000 -9999.000 -9999.000 -9999.000 -9999.000 -9999.000 -9999.000 -9999.000 -0.1386324 -0.1278682 -0.1336101 -0.1422936 -0.1529294 -0.1657208 -0.1811127 -0.1996372 -0.2219044 -0.2486441 -0.2807732 -0.3194866 -0.3663389 -0.4209520 -0.4255918 -0.4255918 -9999.000 -9999.000 -9999.000 -9999.000 -9999.000 -9999.000 -9999.000 -9999.000 -9999.000 -9999.000 -9999.000 -9999.000 -9999.000 -9999.000 -9999.000 -9999.000 -9999.000 -9999.000 -9999.000 -9999.000 -9999.000 -9999.000 -9999.000 -9999.000 -9999.000 -9999.000 -9999.000 -9999.000
-9999.000 -9999.000 -9999.000 -9999.000 -9999.000 -9999.000 -9999.000 -9999.000 -9999.000 -9999.000 -9999.000 -9999.000 -9999.000 -9999.000 -9999.000 -0.1148311 -0.1072040 -0.1140675 -0.1237471 -0.1355344 -0.1497701 -0.1670307 -0.1879998 -0.2134811 -0.2444757 -0.2823059 -0.3287980 -0.3865480 -0.4569027 -0.4806997 -0.4806997 -9999.000 -9999.000 -9999.000 -9999.000 -9999.000 -9999.000 -9999.000 -9999.000 -9999.000 -9999.000 -9999.000 -9999.000 -9999.000 -9999.000 -9999.000 -9999.000 -9999.000 -9999.000 -9999.000 -9999.000 -9999.000 -9999.000 -9999.000 -9999.000 -9999.000 -9999.000 -9999.000 -9999.000
-9999.000 -9999.000 -9999.000 -9999.000 -9999.000 -9999.000 -9999.000 -9999.000 -9999.000 -9999.000 -9999.000 -9999.000 -9999.000 -9999.000 -9999.000 -0.8754862E-01 -0.8440295E-01 -0.9252232E-01 -0.1031596 -0.1160058 -0.1315708 -0.1505844 -0.1739087 -0.2025853 -0.2379682 -0.2819432 -0.3372946 -0.4083786 -0.5001247 -0.5594133 -0.5594133 -9999.000 -9999.000 -9999.000 -9999.000 -9999.000 -9999.000 -9999.000 -9999.000 -9999.000 -9999.000 -9999.000 -9999.000 -9999.000 -9999.000 -9999.000 -9999.000 -9999.000 -9999.000 -9999.000 -9999.000 -9999.000 -9999.000 -9999.000 -9999.000 -9999.000 -9999.000 -9999.000 -9999.000
-9999.000 -9999.000 -9999.000 -9999.000 -9999.000 -9999.000 -9999.000 -9999.000 -9999.000 -9999.000 -9999.000 -9999.000 -9999.000 -9999.000 -9999.000 -0.5116326E-01 -0.5731862E-01 -0.6793342E-01 -0.8017191E-01 -0.9436744E-01 -0.1113011 -0.1319230 -0.1573306 -0.1888686 -0.2283478 -0.2784207 -0.3432821 -0.4302006 -0.5512888 -0.6829593 -0.6829593 -9999.000 -9999.000 -9999.000 -9999.000 -9999.000 -9999.000 -9999.000 -9999.000 -9999.000 -9999.000 -9999.000 -9999.000 -9999.000 -9999.000 -9999.000 -9999.000 -9999.000 -9999.000 -9999.000 -9999.000 -9999.000 -9999.000 -9999.000 -9999.000 -9999.000 -9999.000 -9999.000 -9999.000
-0.2540172E-02 -0.2540172E-02 -0.3382738E-02 -0.3961176E-02 -0.4070669E-02 -0.4070669E-02 -0.7526937E-02 -0.5505993E-02 -0.5505993E-02 -0.6057503E-02 -0.6057503E-02 -0.8591818E-02 -0.1137424E-01 -0.1642910E-01 -0.2593486E-01 -0.2593486E-01 -0.6500591E-01 -0.8164749E-01 -0.9764412E-01 -0.1136697 -0.1305538 -0.1494244 -0.1717758 -0.1995495 -0.2352761 -0.2823722 -0.3458284 -0.4339855 -0.5618235 -0.7893631 -0.7893631 -0.5670881 -0.3951458 -0.1306089 -0.5059024E-01 -0.5059024E-01 0.2719763E-01 0.2719763E-01 0.4330494E-01 0.4330494E-01 0.1803947E-01 -0.7133026E-02 -0.7133026E-02 0.5627508E-02 0.5627508E-02 0.1066097E-01 0.1066097E-01 0.1066097E-01 0.8553147E-02 0.8553147E-02 0.6393202E-02 0.6393202E-02 0.5994643E-02 0.5994643E-02 0.3744552E-02 0.3744552E-02 0.2400531E-02 0.2400531E-02 0.2400531E-02
-0.3857822E-02 -0.3857822E-02 -0.4947433E-02 -0.5664450E-02 -0.5784201E-02 -0.5784201E-02 -0.1128008E-01 -0.8557028E-02 -0.8557028E-02 -0.1041175E-01 -0.1041175E-01 -0.1639460E-01 -0.2238903E-01 -0.3228391E-01 -0.4886243E-01 -0.4886243E-01 -0.1039323 -0.1284268 -0.1514703 -0.1730073 -0.1931713 -0.2125292 -0.2322321 -0.2541083 -0.2807159 -0.3153846 -0.3623016 -0.4267074 -0.5138627 -0.6316516 -0.6316516 -0.4464348 -0.3029091 -0.9757386E-01 -0.2808379E-01 -0.2808379E-01 0.6334179E-01 0.6334179E-01 0.1043124 0.1043124 0.7571664E-01 0.4453428E-03 0.4453428E-03 0.1549474E-01 0.1549474E-01 0.2303773E-01 0.2303773E-01 0.2303773E-01 0.1830779E-01 0.1830779E-01 0.1382037E-01 0.1382037E-01 0.9276902E-02 0.9276902E-02 0.7686842E-02 0.7686842E-02 0.5426145E-02 0.5426145E-02 0.5426145E-02
-0.3089262E-02 -0.3089262E-02 -0.4058492E-02 -0.4807850E-02 -0.4918879E-02 -0.4918879E-02 -0.9899212E-02 -0.8928617E-02 -0.8928617E-02 -0.1240271E-01 -0.1240271E-01 -0.2175137E-01 -0.3038412E-01 -0.4335918E-01 -0.6251831E-01 -0.6251831E-01 -0.1205313 -0.1507791 -0.1808978 -0.2101661 -0.2380202 -0.2642164 -0.2889750 -0.3131072 -0.3381157 -0.3662497 -0.4004586 -0.4441150 -0.4993449 -0.5629161 -0.5629161 -0.4509255 -0.3442934 -0.1640424 -0.8752746E-01 -0.8752746E-01 0.4862448E-01 0.4862448E-01 0.1488035 0.1488035 0.1560413 0.5100350E-01 0.5100350E-01 0.3232842E-01 0.3232842E-01 0.3182429E-01 0.3182429E-01 0.3182429E-01 0.2695072E-01 0.2695072E-01 0.2054031E-01 0.2054031E-01 0.1132631E-01 0.1132631E-01 0.9925229E-02 0.9925229E-02 0.7083975E-02 0.7083975E-02 0.7083975E-02
-0.2381812E-02 -0.2381812E-02 -0.3189943E-02 -0.3883139E-02 -0.3999807E-02 -0.3999807E-02 -0.8457299E-02 -0.8868044E-02 -0.8868044E-02 -0.1361005E-01 -0.1361005E-01 -0.2519450E-01 -0.3535221E-01 -0.4989715E-01 -0.7014074E-01 -0.7014074E-01 -0.1294475 -0.1630197 -0.1976966 -0.2324946 -0.2665545 -0.2992156 -0.3301080 -0.3592504 -0.3871371 -0.4147810 -0.4436396 -0.4752854 -0.5100273 -0.5428146 -0.5428146 -0.4692206 -0.3863938 -0.2217660 -0.1388800 -0.1388800 0.2761334E-01 0.2761334E-01 0.1635497 0.1635497 0.1978652 0.1289866 0.1289866 0.6127804E-01 0.6127804E-01 0.3834971E-01 0.3834971E-01 0.3834971E-01 0.3189174E-01 0.3189174E-01 0.2357780E-01 0.2357780E-01 0.1291727E-01 0.1291727E-01 0.8695478E-02 0.8695478E-02 0.5183263E-02 0.5183263E-02 0.5183263E-02
-0.1732872E-02 -0.1732872E-02 -0.2357170E-02 -0.2934283E-02 -0.3064531E-02 -0.3064531E-02 -0.7082082E-02 -0.8525519E-02 -0.8525519E-02 -0.1421773E-01 -0.1421773E-01 -0.2721811E-01 -0.3823498E-01 -0.5361112E-01 -0.7446174E-01 -0.7446174E-01 -0.1356518 -0.1718151 -0.2098172 -0.2485430 -0.2870467 -0.3245391 -0.3604039 -0.3942368 -0.4258924 -0.4554941 -0.4833130 -0.5094369 -0.5328234 -0.5483532 -0.5483532 -0.4951389 -0.4256141 -0.2636465 -0.1721010 -0.1721010 0.1372463E-01 0.1372463E-01 0.1602990 0.1602990 0.2057911 0.1918235 0.1918235 0.1047504 0.1047504 0.4923532E-01 0.4923532E-01 0.4923532E-01 0.3522153E-01 0.3522153E-01 0.2365803E-01 0.2365803E-01 0.1157347E-01 0.1157347E-01 0.4946783E-02 0.4946783E-02 0.8985887E-03 0.8985887E-03 0.8985887E-03
-0.1129179E-02 -0.1129179E-02 -0.1553763E-02 -0.1967181E-02 -0.2104596E-02 -0.2104596E-02 -0.5717348E-02 -0.7894333E-02 -0.7894333E-02 -0.1422019E-01 -0.1422019E-01 -0.2794428E-01 -0.3932222E-01 -0.5503197E-01 -0.7624832E-01 -0.7624832E-01 -0.1406237 -0.1795988 -0.2207663 -0.2628496 -0.3048483 -0.3459611 -0.3855288 -0.4230050 -0.4579437 -0.4899548 -0.5184810 -0.5424171 -0.5596377 -0.5649335 -0.5649335 -0.5214571 -0.4563567 -0.2833826 -0.1827293 -0.1827293 0.7867394E-02 0.7867394E-02 0.1473522 0.1473522 0.1938864 0.2185455 0.2185455 0.1506501 0.1506501 0.6504228E-01 0.6504228E-01 0.6504228E-01 0.3938606E-01 0.3938606E-01 0.2249802E-01 0.2249802E-01 0.8354633E-02 0.8354633E-02 -0.2484263E-03 -0.2484263E-03 -0.4697847E-02 -0.4697847E-02 -0.4697847E-02
-0.5562099E-03 -0.5562099E-03 -0.7710356E-03 -0.9877329E-03 -0.1119123E-02 -0.1119123E-02 -0.4312694E-02 -0.6976825E-02 -0.6976825E-02 -0.1363114E-01 -0.1363114E-01 -0.2747966E-01 -0.3880320E-01 -0.5442208E-01 -0.7576080E-01 -0.7576080E-01 -0.1449681 -0.1874204 -0.2321704 -0.2777251 -0.3229944 -0.3671750 -0.4096430 -0.4498673 -0.4873371 -0.5214466 -0.5510497 -0.5738737 -0.5867689 -0.5844212 -0.5844212 -0.5410970 -0.4715324 -0.2782924 -0.1736131 -0.1736131 0.5324023E-02 0.5324023E-02 0.1288750 0.1288750 0.1721267 0.2150809 0.2150809 0.1815147 0.1815147 0.8486184E-01 0.8486184E-01 0.8486184E-01 0.4616195E-01 0.4616195E-01 0.2184346E-01 0.2184346E-01 0.4499208E-02 0.4499208E-02 -0.5963490E-02 -0.5963490E-02 -0.1072959E-01 -0.1072959E-01 -0.1072959E-01
0.1229044E-05 0.1229044E-05 0.1150468E-05 -0.1975260E-05 -0.1138559E-03 -0.1138559E-03 -0.2822202E-02 -0.5790010E-02 -0.5790010E-02 -0.1248870E-01 -0.1248870E-01 -0.2594545E-01 -0.3685486E-01 -0.5197899E-01 -0.7311299E-01 -0.7311299E-01 -0.1492334 -0.1960610 -0.2450911 -0.2945912 -0.3433492 -0.3905339 -0.4355671 -0.4779991 -0.5173917 -0.5531337 -0.5835361 -0.6046860 -0.6121585 -0.6001809 -0.6001809 -0.5477752 -0.4646139 -0.2532987 -0.1538865 -0.1538865 0.2033787E-02 0.2033787E-02 0.1077357 0.1077357 0.1463762 0.1948115 0.1948115 0.1896753 0.1896753 0.1037951 0.1037951 0.1037951 0.5526893E-01 0.5526893E-01 0.2284412E-01 0.2284412E-01 0.1243915E-02 0.1243915E-02 -0.1127519E-01 -0.1127519E-01 -0.1635345E-01 -0.1635345E-01 -0.1635345E-01
0.5587300E-03 0.5587300E-03 0.7732523E-03 0.9838220E-03 0.9016376E-03 0.9016376E-03 -0.1205666E-02 -0.4360714E-02 -0.4360714E-02 -0.1084732E-01 -0.1084732E-01 -0.2347505E-01 -0.3366084E-01 -0.4790524E-01 -0.6841244E-01 -0.6841244E-01 -0.1542226 -0.2064734 -0.2606112 -0.3146982 -0.3673902 -0.4177963 -0.4653684 -0.5097567 -0.5506688 -0.5876439 -0.6182146 -0.6354738 -0.6334043 -0.6065358 -0.6065358 -0.5349251 -0.4333823 -0.2195074 -0.1327469 -0.1327469 -0.2720176E-02 -0.2720176E-02 0.8637783E-01 0.8637783E-01 0.1200788 0.1673250 0.1673250 0.1788657 0.1788657 0.1157907 0.1157907 0.1157907 0.6429539E-01 0.6429539E-01 0.2552106E-01 0.2552106E-01 -0.5172627E-03 -0.5172627E-03 -0.1525613E-01 -0.1525613E-01 -0.2069293E-01 -0.2069293E-01 -0.2069293E-01
0.1131617E-02 0.1131617E-02 0.1555942E-02 0.1963530E-02 0.1916500E-02 0.1916500E-02 0.5708070E-03 -0.2722388E-02 -0.2722388E-02 -0.8771879E-02 -0.8771879E-02 -0.2020891E-01 -0.2941719E-01 -0.4244782E-01 -0.6191010E-01 -0.6191010E-01 -0.1612332 -0.2200470 -0.2801524 -0.3395256 -0.3966910 -0.4506678 -0.5009038 -0.5471472 -0.5892915 -0.6271557 -0.6567892 -0.6654510 -0.6463609 -0.5969466 -0.5969466 -0.4993847 -0.3849352 -0.1883041 -0.1141832 -0.1141832 -0.7295446E-02 -0.7295446E-02 0.6664700E-01 0.6664700E-01 0.9521829E-01 0.1378158 0.1378158 0.1565958 0.1565958 0.1172030 0.1172030 0.1172030 0.6992161E-01 0.6992161E-01 0.2873319E-01 0.2873319E-01 -0.5083675E-03 -0.5083675E-03 -0.1714258E-01 -0.1714258E-01 -0.2292372E-01 -0.2292372E-01 -0.2292372E-01
0.1735022E-02 0.1735022E-02 0.2359077E-02 0.2931099E-02 0.2921113E-02 0.2921113E-02 0.2534564E-02 -0.9124075E-03 -0.9124075E-03 -0.6332476E-02 -0.6332476E-02 -0.1628754E-01 -0.2432423E-01 -0.3591085E-01 -0.5426875E-01 -0.5426875E-01 -0.1719964 -0.2389190 -0.3060815 -0.3714369 -0.4335021 -0.4912864 -0.5442472 -0.5922238 -0.6353008 -0.6736138 -0.7000050 -0.6914296 -0.6458837 -0.5673752 -0.5673752 -0.4463412 -0.3304636 -0.1608127 -0.9900529E-01 -0.9900529E-01 -0.1014700E-01 -0.1014700E-01 0.4940441E-01 0.4940441E-01 0.7262371E-01 0.1086864 0.1086864 0.1287758 0.1287758 0.1078961 0.1078961 0.1078961 0.6952838E-01 0.6952838E-01 0.3069869E-01 0.3069869E-01 0.8890522E-03 0.8890522E-03 -0.1653416E-01 -0.1653416E-01 -0.2242674E-01 -0.2242674E-01 -0.2242674E-01
