cruce_test.gid/Rasters/Hydraulic/Velocity____348.0.asc
NCOLS        79
NROWS        79
XLLCENTER         -1.500000
YLLCENTER         -4.800000
CELLSIZE           0.100
NODATA_VALUE     -9999.0
[rows 0 to 26 of 79, columns 0 to 59 of 79]
-9999.000 -9999.000 -9999.000 -9999.000 -9999.000 -9999.000 -9999.000 -9999.000 -9999.000 -9999.000 -9999.000 -9999.000 -9999.000 -9999.000 -9999.000 0.1005891 0.9910403E-01 0.9924103E-01 0.9973177E-01 0.1003907 0.1011206 0.1018194 0.1024104 0.1028862 0.1032331 0.1034651 0.1036549 0.1040136 0.1051478 0.1061658 0.1061658 -9999.000 -9999.000 -9999.000 -9999.000 -9999.000 -9999.000 -9999.000 -9999.000 -9999.000 -9999.000 -9999.000 -9999.000 -9999.000 -9999.000 -9999.000 -9999.000 -9999.000 -9999.000 -9999.000 -9999.000 -9999.000 -9999.000 -9999.000 -9999.000 -9999.000 -9999.000 -9999.000 -9999.000 -9999.000
-9999.000 -9999.000 -9999.000 -9999.000 -9999.000 -9999.000 -9999.000 -9999.000 -9999.000 -9999.000 -9999.000 -9999.000 -9999.000 -9999.000 -9999.000 0.9861979E-01 0.9566671E-01 0.9600730E-01 0.9709488E-01 0.9854361E-01 0.1001542 0.1017151 0.1030618 0.1041710 0.1050074 0.1055973 0.1060988 0.1069881 0.1096110 0.1123385 0.1123385 -9999.000 -9999.000 -9999.000 -9999.000 -9999.000 -9999.000 -9999.000 -9999.000 -9999.000 -9999.000 -9999.000 -9999.000 -9999.000 -9999.000 -9999.000 -9999.000 -9999.000 -9999.000 -9999.000 -9999.000 -9999.000 -9999.000 -9999.000 -9999.000 -9999.000 -9999.000 -9999.000 -9999.000 -9999.000
-9999.000 -9999.000 -9999.000 -9999.000 -9999.000 -9999.000 -9999.000 -9999.000 -9999.000 -9999.000 -9999.000 -9999.000 -9999.000 -9999.000 -9999.000 0.9514674E-01 0.9073928E-01 0.9131162E-01 0.9309600E-01 0.9548229E-01 0.9816268E-01 0.1008120 0.1031763 0.1052201 0.1068828 0.1081962 0.1094036 0.1112598 0.1159188 0.1211984 0.1211984 -9999.000 -9999.000 -9999.000 -9999.000 -9999.000 -9999.000 -9999.000 -9999.000 -9999.000 -9999.000 -9999.000 -9999.000 -9999.000 -9999.000 -9999.000 -9999.000 -9999.000 -9999.000 -9999.000 -9999.000 -9999.000 -9999.000 -9999.000 -9999.000 -9999.000 -9999.000 -9999.000 -9999.000 -9999.000
-9999.000 -9999.000 -9999.000 -9999.000 -9999.000 -9999.000 -9999.000 -9999.000 -9999.000 -9999.000 -9999.000 -9999.000 -9999.000 -9999.000 -9999.000 0.9094590E-01 0.8521646E-01 0.8604465E-01 0.8855551E-01 0.9191407E-01 0.9570955E-01 0.9950868E-01 0.1029743 0.1060635 0.1086866 0.1108750 0.1129484 0.1159406 0.1228461 0.1312572 0.1312572 -9999.000 -9999.000 -9999.000 -9999.000 -9999.000 -9999.000 -9999.000 -9999.000 -9999.000 -9999.000 -9999.000 -9999.000 -9999.000 -9999.000 -9999.000 -9999.000 -9999.000 -9999.000 -9999.000 -9999.000 -9999.000 -9999.000 -9999.000 -9999.000 -9999.000 -9999.000 -9999.000 -9999.000 -9999.000
-9999.000 -9999.000 -9999.000 -9999.000 -9999.000 -9999.000 -9999.000 -9999.000 -9999.000 -9999.000 -9999.000 -9999.000 -9999.000 -9999.000 -9999.000 0.8624917E-01 0.7930103E-01 0.8041360E-01 0.8368233E-01 0.8804422E-01 0.9298824E-01 0.9797724E-01 0.1025953 0.1067967 0.1104598 0.1136119 0.1166484 0.1208910 0.1302253 0.1423753 0.1423753 -9999.000 -9999.000 -9999.000 -9999.000 -9999.000 -9999.000 -9999.000 -9999.000 -9999.000 -9999.000 -9999.000 -9999.000 -9999.000 -9999.000 -9999.000 -9999.000 -9999.000 -9999.000 -9999.000 -9999.000 -9999.000 -9999.000 -9999.000 -9999.000 -9999.000 -9999.000 -9999.000 -9999.000 -9999.000
-9999.000 -9999.000 -9999.000 -9999.000 -9999.000 -9999.000 -9999.000 -9999.000 -9999.000 -9999.000 -9999.000 -9999.000 -9999.000 -9999.000 -9999.000 0.8114962E-01 0.7308555E-01 0.7452463E-01 0.7859150E-01 0.8399092E-01 0.9011339E-01 0.9632217E-01 0.1021269 0.1074844 0.1122382 0.1164099 0.1204730 0.1260535 0.1379935 0.1545772 0.1545772 -9999.000 -9999.000 -9999.000 -9999.000 -9999.000 -9999.000 -9999.000 -9999.000 -9999.000 -9999.000 -9999.000 -9999.000 -9999.000 -9999.000 -9999.000 -9999.000 -9999.000 -9999.000 -9999.000 -9999.000 -9999.000 -9999.000 -9999.000 -9999.000 -9999.000 -9999.000 -9999.000 -9999.000 -9999.000
-9999.000 -9999.000 -9999.000 -9999.000 -9999.000 -9999.000 -9999.000 -9999.000 -9999.000 -9999.000 -9999.000 -9999.000 -9999.000 -9999.000 -9999.000 0.7567190E-01 0.6660802E-01 0.6843330E-01 0.7334991E-01 0.7982405E-01 0.8715241E-01 0.9460402E-01 0.1016197 0.1081648 0.1140447 0.1192744 0.1244105 0.1314047 0.1461387 0.1679923 0.1679923 -9999.000 -9999.000 -9999.000 -9999.000 -9999.000 -9999.000 -9999.000 -9999.000 -9999.000 -9999.000 -9999.000 -9999.000 -9999.000 -9999.000 -9999.000 -9999.000 -9999.000 -9999.000 -9999.000 -9999.000 -9999.000 -9999.000 -9999.000 -9999.000 -9999.000 -9999.000 -9999.000 -9999.000 -9999.000
-9999.000 -9999.000 -9999.000 -9999.000 -9999.000 -9999.000 -9999.000 -9999.000 -9999.000 -9999.000 -9999.000 -9999.000 -9999.000 -9999.000 -9999.000 0.6980518E-01 0.5988090E-01 0.6217480E-01 0.6800473E-01 0.7559277E-01 0.8414959E-01 0.9286069E-01 0.1011044 0.1088606 0.1158928 0.1222087 0.1284553 0.1369369 0.1546753 0.1828348 0.1828348 -9999.000 -9999.000 -9999.000 -9999.000 -9999.000 -9999.000 -9999.000 -9999.000 -9999.000 -9999.000 -9999.000 -9999.000 -9999.000 -9999.000 -9999.000 -9999.000 -9999.000 -9999.000 -9999.000 -9999.000 -9999.000 -9999.000 -9999.000 -9999.000 -9999.000 -9999.000 -9999.000 -9999.000 -9999.000
-9999.000 -9999.000 -9999.000 -9999.000 -9999.000 -9999.000 -9999.000 -9999.000 -9999.000 -9999.000 -9999.000 -9999.000 -9999.000 -9999.000 -9999.000 0.6352015E-01 0.5290827E-01 0.5578519E-01 0.6260501E-01 0.7134292E-01 0.8114293E-01 0.9112195E-01 0.1006030 0.1095886 0.1177924 0.1252161 0.1326056 0.1426497 0.1636331 0.1994081 0.1994081 -9999.000 -9999.000 -9999.000 -9999.000 -9999.000 -9999.000 -9999.000 -9999.000 -9999.000 -9999.000 -9999.000 -9999.000 -9999.000 -9999.000 -9999.000 -9999.000 -9999.000 -9999.000 -9999.000 -9999.000 -9999.000 -9999.000 -9999.000 -9999.000 -9999.000 -9999.000 -9999.000 -9999.000 -9999.000
-9999.000 -9999.000 -9999.000 -9999.000 -9999.000 -9999.000 -9999.000 -9999.000 -9999.000 -9999.000 -9999.000 -9999.000 -9999.000 -9999.000 -9999.000 0.5677599E-01 0.4569940E-01 0.4932132E-01 0.5721913E-01 0.6713217E-01 0.7817505E-01 0.8941802E-01 0.1001377 0.1103640 0.1197535 0.1283006 0.1368612 0.1485471 0.1730524 0.2181258 0.2181258 -9999.000 -9999.000 -9999.000 -9999.000 -9999.000 -9999.000 -9999.000 -9999.000 -9999.000 -9999.000 -9999.000 -9999.000 -9999.000 -9999.000 -9999.000 -9999.000 -9999.000 -9999.000 -9999.000 -9999.000 -9999.000 -9999.000 -9999.000 -9999.000 -9999.000 -9999.000 -9999.000 -9999.000 -9999.000
-9999.000 -9999.000 -9999.000 -9999.000 -9999.000 -9999.000 -9999.000 -9999.000 -9999.000 -9999.000 -9999.000 -9999.000 -9999.000 -9999.000 -9999.000 0.4952355E-01 0.3829072E-01 0.4289331E-01 0.5195885E-01 0.6304593E-01 0.7530487E-01 0.8779044E-01 0.9973824E-01 0.1112091 0.1217912 0.1314707 0.1412262 0.1546371 0.1829823 0.2395534 0.2395534 -9999.000 -9999.000 -9999.000 -9999.000 -9999.000 -9999.000 -9999.000 -9999.000 -9999.000 -9999.000 -9999.000 -9999.000 -9999.000 -9999.000 -9999.000 -9999.000 -9999.000 -9999.000 -9999.000 -9999.000 -9999.000 -9999.000 -9999.000 -9999.000 -9999.000 -9999.000 -9999.000 -9999.000 -9999.000
-9999.000 -9999.000 -9999.000 -9999.000 -9999.000 -9999.000 -9999.000 -9999.000 -9999.000 -9999.000 -9999.000 -9999.000 -9999.000 -9999.000 -9999.000 0.4170783E-01 0.3079838E-01 0.3672843E-01 0.4701782E-01 0.5921833E-01 0.7262240E-01 0.8630288E-01 0.9945236E-01 0.1121618 0.1239336 0.1347458 0.1457135 0.1609343 0.1934818 0.2644783 0.2644783 -9999.000 -9999.000 -9999.000 -9999.000 -9999.000 -9999.000 -9999.000 -9999.000 -9999.000 -9999.000 -9999.000 -9999.000 -9999.000 -9999.000 -9999.000 -9999.000 -9999.000 -9999.000 -9999.000 -9999.000 -9999.000 -9999.000 -9999.000 -9999.000 -9999.000 -9999.000 -9999.000 -9999.000 -9999.000
-9999.000 -9999.000 -9999.000 -9999.000 -9999.000 -9999.000 -9999.000 -9999.000 -9999.000 -9999.000 -9999.000 -9999.000 -9999.000 -9999.000 -9999.000 0.3327739E-01 0.2358308E-01 0.3130686E-01 0.4273491E-01 0.5586866E-01 0.7027434E-01 0.8506199E-01 0.9936456E-01 0.1132916 0.1262381 0.1381719 0.1503587 0.1674723 0.2046259 0.2940306 0.2940306 -9999.000 -9999.000 -9999.000 -9999.000 -9999.000 -9999.000 -9999.000 -9999.000 -9999.000 -9999.000 -9999.000 -9999.000 -9999.000 -9999.000 -9999.000 -9999.000 -9999.000 -9999.000 -9999.000 -9999.000 -9999.000 -9999.000 -9999.000 -9999.000 -9999.000 -9999.000 -9999.000 -9999.000 -9999.000
-9999.000 -9999.000 -9999.000 -9999.000 -9999.000 -9999.000 -9999.000 -9999.000 -9999.000 -9999.000 -9999.000 -9999.000 -9999.000 -9999.000 -9999.000 0.2419855E-01 0.1789420E-01 0.2773300E-01 0.3983689E-01 0.5349874E-01 0.6862775E-01 0.8435392E-01 0.9970871E-01 0.1147943 0.1288701 0.1418893 0.1552817 0.1743539 0.2165406 0.3299162 0.3299162 -9999.000 -9999.000 -9999.000 -9999.000 -9999.000 -9999.000 -9999.000 -9999.000 -9999.000 -9999.000 -9999.000 -9999.000 -9999.000 -9999.000 -9999.000 -9999.000 -9999.000 -9999.000 -9999.000 -9999.000 -9999.000 -9999.000 -9999.000 -9999.000 -9999.000 -9999.000 -9999.000 -9999.000 -9999.000
-9999.000 -9999.000 -9999.000 -9999.000 -9999.000 -9999.000 -9999.000 -9999.000 -9999.000 -9999.000 -9999.000 -9999.000 -9999.000 -9999.000 -9999.000 0.3053059E-01 0.4722929E-01 0.5535420E-01 0.6402262E-01 0.7287566E-01 0.8316116E-01 0.9492215E-01 0.1074160 0.1206616 0.1336778 0.1462443 0.1598295 0.1803702 0.2279305 0.3717062 0.3717062 -9999.000 -9999.000 -9999.000 -9999.000 -9999.000 -9999.000 -9999.000 -9999.000 -9999.000 -9999.000 -9999.000 -9999.000 -9999.000 -9999.000 -9999.000 -9999.000 -9999.000 -9999.000 -9999.000 -9999.000 -9999.000 -9999.000 -9999.000 -9999.000 -9999.000 -9999.000 -9999.000 -9999.000 -9999.000
2.687460 2.687460 2.663302 2.694567 2.712667 2.712667 2.716186 2.717855 2.717855 2.715906 2.715906 2.711392 2.708419 2.705072 2.701471 2.701471 2.770740 2.772636 2.758974 2.729195 2.681038 2.612425 2.522671 2.413670 2.286073 2.142349 1.987499 1.833160 1.707429 1.684378 1.684378 2.509472 2.673137 2.757500 2.776322 2.776322 2.794951 2.794951 2.752474 2.752474 2.694493 2.477304 2.477304 2.013546 2.013546 1.861807 1.861807 1.861807 1.876386 1.876386 1.919754 1.919754 1.969643 1.969643 2.017812 2.017812 2.058695 2.058695 2.058695 2.088788
2.709607 2.709607 2.693325 2.746227 2.770877 2.770877 2.785722 2.809201 2.809201 2.828645 2.828645 2.845321 2.852880 2.860017 2.866850 2.866850 2.919709 2.932587 2.942578 2.949166 2.950703 2.944762 2.928792 2.900784 2.858293 2.799583 2.724133 2.632993 2.537481 2.484918 2.484918 2.928946 3.080973 3.222884 3.259763 3.259763 3.296484 3.296484 3.283535 3.283535 3.252959 3.128850 3.128850 2.855193 2.855193 2.673727 2.673727 2.673727 2.687924 2.687924 2.732433 2.732433 2.785213 2.785213 2.836197 2.836197 2.880584 2.880584 2.880584 2.916099
2.709716 2.709716 2.694379 2.748310 2.770982 2.770982 2.786401 2.810698 2.810698 2.830702 2.830702 2.847981 2.855885 2.863395 2.870639 2.870639 2.920015 2.942057 2.963049 2.981839 2.997480 3.008944 3.015180 3.015253 3.007672 2.990780 2.963171 2.924339 2.879281 2.854020 2.854020 3.114931 3.259168 3.421987 3.467513 3.467513 3.507122 3.507122 3.483395 3.483395 3.448382 3.342655 3.342655 3.160401 3.160401 2.974186 2.974186 2.974186 2.972825 2.972825 3.007560 3.007560 3.052909 3.052909 3.097651 3.097651 3.137227 3.137227 3.137227 3.169268
2.712239 2.712239 2.695921 2.748829 2.770044 2.770044 2.785734 2.810602 2.810602 2.830824 2.830824 2.848165 2.856072 2.863576 2.870825 2.870825 2.919644 2.950026 2.980372 3.008213 3.032293 3.051872 3.066507 3.076046 3.080169 3.078365 3.070072 3.055041 3.036177 3.029821 3.029821 3.192551 3.321612 3.488361 3.535915 3.535915 3.565190 3.565190 3.519825 3.519825 3.480315 3.396728 3.396728 3.285635 3.285635 3.118798 3.118798 3.118798 3.100173 3.100173 3.123602 3.123602 3.162379 3.162379 3.203117 3.203117 3.239808 3.239808 3.239808 3.269535
2.714252 2.714252 2.696927 2.749291 2.769428 2.769428 2.785181 2.810388 2.810388 2.830755 2.830755 2.848177 2.856112 2.863632 2.870916 2.870916 2.922568 2.960788 2.999810 3.036056 3.067858 3.094406 3.115340 3.130659 3.140468 3.144876 3.144038 3.138333 3.130096 3.130421 3.130421 3.236048 3.345441 3.500109 3.538789 3.538789 3.535943 3.535943 3.469281 3.469281 3.435050 3.388203 3.388203 3.337923 3.337923 3.210093 3.210093 3.210093 3.177346 3.177346 3.186827 3.186827 3.216983 3.216983 3.252717 3.252717 3.286032 3.286032 3.286032 3.313038
2.715715 2.715715 2.697484 2.749616 2.769056 2.769056 2.784827 2.810250 2.810250 2.830683 2.830683 2.848133 2.856083 2.863617 2.870954 2.870954 2.929642 2.975615 3.022715 3.066700 3.105642 3.138663 3.165398 3.185836 3.200150 3.208627 3.211677 3.209977 3.205549 3.206241 3.206241 3.273869 3.360195 3.481116 3.494450 3.494450 3.441545 3.441545 3.374981 3.374981 3.359265 3.357192 3.357192 3.354728 3.354728 3.275381 3.275381 3.275381 3.236888 3.236888 3.232800 3.232800 3.252132 3.252132 3.280805 3.280805 3.309233 3.309233 3.309233 3.332399
2.716601 2.716601 2.697750 2.749802 2.768855 2.768855 2.784633 2.810191 2.810191 2.830660 2.830660 2.848109 2.856059 2.863593 2.870994 2.870994 2.941787 2.995782 3.050473 3.101451 3.146773 3.185586 3.217569 3.242700 3.261143 3.273192 3.279281 3.280097 3.277275 3.276235 3.276235 3.316479 3.376110 3.429049 3.397317 3.397317 3.302552 3.302552 3.270895 3.270895 3.281007 3.319964 3.319964 3.351868 3.351868 3.320719 3.320719 3.320719 3.286424 3.286424 3.272728 3.272728 3.280564 3.280564 3.300214 3.300214 3.321924 3.321924 3.321924 3.339861
2.716899 2.716899 2.697827 2.749863 2.768790 2.768790 2.784569 2.810172 2.810172 2.830652 2.830652 2.848101 2.856051 2.863587 2.871073 2.871073 2.960165 3.022737 3.084642 3.141823 3.192597 3.236297 3.272715 3.301887 3.323977 3.339260 3.348109 3.351105 3.349429 3.346325 3.346325 3.364986 3.390700 3.323151 3.239603 3.239603 3.151951 3.151951 3.181605 3.181605 3.214543 3.283221 3.283221 3.338287 3.338287 3.348868 3.348868 3.348868 3.326475 3.326475 3.309191 3.309191 3.306939 3.306939 3.316391 3.316391 3.329639 3.329639 3.329639 3.340883
2.716601 2.716601 2.697750 2.749803 2.768855 2.768855 2.784633 2.810191 2.810191 2.830659 2.830659 2.848110 2.856058 2.863593 2.871193 2.871193 2.986344 3.058214 3.126997 3.189523 3.244670 3.292127 3.331913 3.364191 3.389183 3.407149 3.418408 3.423401 3.422776 3.417171 3.417171 3.413892 3.386186 3.143301 3.039123 3.039123 3.023908 3.023908 3.111130 3.111130 3.158967 3.246601 3.246601 3.317320 3.317320 3.361336 3.361336 3.361336 3.354759 3.354759 3.339853 3.339853 3.330632 3.330632 3.329935 3.329935 3.333489 3.333489 3.333489 3.336801
2.715714 2.715714 2.697484 2.749616 2.769057 2.769057 2.784827 2.810250 2.810250 2.830683 2.830683 2.848134 2.856082 2.863615 2.871377 2.871377 3.022645 3.104524 3.179734 3.246570 3.304789 3.354625 3.396445 3.430613 3.457462 3.477281 3.490358 3.496977 3.496967 3.486051 3.486051 3.446541 3.319478 2.906770 2.846833 2.846833 2.931118 2.931118 3.053584 3.053584 3.109577 3.209149 3.209149 3.290803 3.290803 3.360260 3.360260 3.360260 3.369888 3.369888 3.361643 3.361643 3.349212 3.349212 3.339558 3.339558 3.332928 3.332928 3.332928 3.327484
2.714252 2.714252 2.696926 2.749290 2.769428 2.769428 2.785182 2.810388 2.810388 2.830754 2.830754 2.848177 2.856113 2.863632 2.871614 2.871614 3.072541 3.164827 3.245638 3.315374 3.375017 3.425536 3.467750 3.502300 3.529671 3.550227 3.564242 3.571794 3.570669 3.542872 3.542872 3.417469 3.128168 2.682236 2.709291 2.709291 2.861844 2.861844 3.000875 3.000875 3.061171 3.168892 3.168892 3.258356 3.258356 3.346394 3.346394 3.346394 3.370313 3.370313 3.370690 3.370690 3.358325 3.358325 3.341697 3.341697 3.325296 3.325296 3.325296 3.310945
2.712239 2.712239 2.695921 2.748830 2.770044 2.770044 2.785734 2.810603 2.810603 2.830824 2.830824 2.848165 2.856074 2.863576 2.871876 2.871876 3.141526 3.243736 3.328446 3.398943 3.457773 3.506809 3.547398 3.580500 3.606778 3.626677 3.640486 3.647721 3.638842 3.550589 3.550589 3.235271 2.795444 2.541217 2.612565 2.612565 2.795436 2.795436 2.942845 2.942845 3.005711 3.120033 3.120033 3.215306 3.215306 3.316759 3.316759 3.316759 3.352134 3.352134 3.361045 3.361045 3.350638 3.350638 3.329213 3.329213 3.304282 3.304282 3.304282 3.281682
