cruce_test.gid/Rasters/Hydraulic/Velocity____126.0.asc
NCOLS        79
NROWS        79
XLLCENTER         -1.500000
YLLCENTER         -4.800000
CELLSIZE           0.100
NODATA_VALUE     -9999.0
[rows 0 to 26 of 79, columns 0 to 59 of 79]
-9999.000 -9999.000 -9999.000 -9999.000 -9999.000 -9999.000 -9999.000 -9999.000 -9999.000 -9999.000 -9999.000 -9999.000 -9999.000 -9999.000 -9999.000 0.1397471 0.1385767 0.1385483 0.1387049 0.1389608 0.1392639 0.1395726 0.1398577 0.1400929 0.1402930 0.1405144 0.1408876 0.1416881 0.1434481 0.1437073 0.1437073 -9999.000 -9999.000 -9999.000 -9999.000 -9999.000 -9999.000 -9999.000 -9999.000 -9999.000 -9999.000 -9999.000 -9999.000 -9999.000 -9999.000 -9999.000 -9999.000 -9999.000 -9999.000 -9999.000 -9999.000 -9999.000 -9999.000 -9999.000 -9999.000 -9999.000 -9999.000 -9999.000 -9999.000 -9999.000
-9999.000 -9999.000 -9999.000 -9999.000 -9999.000 -9999.000 -9999.000 -9999.000 -9999.000 -9999.000 -9999.000 -9999.000 -9999.000 -9999.000 -9999.000 0.1377446 0.1353027 0.1352580 0.1356258 0.1362234 0.1369356 0.1376681 0.1383515 0.1389232 0.1394098 0.1399289 0.1407653 0.1425260 0.1463681 0.1474836 0.1474836 -9999.000 -9999.000 -9999.000 -9999.000 -9999.000 -9999.000 -9999.000 -9999.000 -9999.000 -9999.000 -9999.000 -9999.000 -9999.000 -9999.000 -9999.000 -9999.000 -9999.000 -9999.000 -9999.000 -9999.000 -9999.000 -9999.000 -9999.000 -9999.000 -9999.000 -9999.000 -9999.000 -9999.000 -9999.000
-9999.000 -9999.000 -9999.000 -9999.000 -9999.000 -9999.000 -9999.000 -9999.000 -9999.000 -9999.000 -9999.000 -9999.000 -9999.000 -9999.000 -9999.000 0.1344615 0.1306761 0.1306244 0.1312817 0.1323502 0.1336381 0.1349870 0.1362800 0.1374127 0.1384279 0.1395212 0.1411606 0.1443347 0.1508962 0.1536572 0.1536572 -9999.000 -9999.000 -9999.000 -9999.000 -9999.000 -9999.000 -9999.000 -9999.000 -9999.000 -9999.000 -9999.000 -9999.000 -9999.000 -9999.000 -9999.000 -9999.000 -9999.000 -9999.000 -9999.000 -9999.000 -9999.000 -9999.000 -9999.000 -9999.000 -9999.000 -9999.000 -9999.000 -9999.000 -9999.000
-9999.000 -9999.000 -9999.000 -9999.000 -9999.000 -9999.000 -9999.000 -9999.000 -9999.000 -9999.000 -9999.000 -9999.000 -9999.000 -9999.000 -9999.000 0.1304940 0.1254398 0.1254130 0.1264144 0.1280276 0.1299803 0.1320477 0.1340636 0.1358792 0.1375526 0.1393579 0.1419524 0.1467244 0.1562776 0.1613523 0.1613523 -9999.000 -9999.000 -9999.000 -9999.000 -9999.000 -9999.000 -9999.000 -9999.000 -9999.000 -9999.000 -9999.000 -9999.000 -9999.000 -9999.000 -9999.000 -9999.000 -9999.000 -9999.000 -9999.000 -9999.000 -9999.000 -9999.000 -9999.000 -9999.000 -9999.000 -9999.000 -9999.000 -9999.000 -9999.000
-9999.000 -9999.000 -9999.000 -9999.000 -9999.000 -9999.000 -9999.000 -9999.000 -9999.000 -9999.000 -9999.000 -9999.000 -9999.000 -9999.000 -9999.000 0.1259959 0.1197357 0.1197592 0.1211484 0.1233650 0.1260521 0.1289150 0.1317366 0.1343216 0.1367433 0.1393579 0.1430224 0.1495523 0.1623741 0.1704944 0.1704944 -9999.000 -9999.000 -9999.000 -9999.000 -9999.000 -9999.000 -9999.000 -9999.000 -9999.000 -9999.000 -9999.000 -9999.000 -9999.000 -9999.000 -9999.000 -9999.000 -9999.000 -9999.000 -9999.000 -9999.000 -9999.000 -9999.000 -9999.000 -9999.000 -9999.000 -9999.000 -9999.000 -9999.000 -9999.000
-9999.000 -9999.000 -9999.000 -9999.000 -9999.000 -9999.000 -9999.000 -9999.000 -9999.000 -9999.000 -9999.000 -9999.000 -9999.000 -9999.000 -9999.000 0.1210435 0.1136433 0.1137423 0.1155596 0.1184317 0.1219125 0.1256336 0.1293259 0.1327458 0.1359823 0.1394804 0.1443100 0.1527478 0.1691357 0.1811514 0.1811514 -9999.000 -9999.000 -9999.000 -9999.000 -9999.000 -9999.000 -9999.000 -9999.000 -9999.000 -9999.000 -9999.000 -9999.000 -9999.000 -9999.000 -9999.000 -9999.000 -9999.000 -9999.000 -9999.000 -9999.000 -9999.000 -9999.000 -9999.000 -9999.000 -9999.000 -9999.000 -9999.000 -9999.000 -9999.000
-9999.000 -9999.000 -9999.000 -9999.000 -9999.000 -9999.000 -9999.000 -9999.000 -9999.000 -9999.000 -9999.000 -9999.000 -9999.000 -9999.000 -9999.000 0.1156603 0.1071997 0.1074042 0.1096915 0.1132709 0.1176007 0.1222355 0.1268527 0.1311597 0.1352634 0.1397042 0.1457827 0.1562781 0.1765636 0.1935038 0.1935038 -9999.000 -9999.000 -9999.000 -9999.000 -9999.000 -9999.000 -9999.000 -9999.000 -9999.000 -9999.000 -9999.000 -9999.000 -9999.000 -9999.000 -9999.000 -9999.000 -9999.000 -9999.000 -9999.000 -9999.000 -9999.000 -9999.000 -9999.000 -9999.000 -9999.000 -9999.000 -9999.000 -9999.000 -9999.000
-9999.000 -9999.000 -9999.000 -9999.000 -9999.000 -9999.000 -9999.000 -9999.000 -9999.000 -9999.000 -9999.000 -9999.000 -9999.000 -9999.000 -9999.000 0.1098333 0.1004140 0.1007627 0.1035688 0.1079111 0.1131453 0.1187456 0.1243359 0.1295736 0.1345861 0.1400197 0.1474249 0.1601333 0.1846940 0.2078448 0.2078448 -9999.000 -9999.000 -9999.000 -9999.000 -9999.000 -9999.000 -9999.000 -9999.000 -9999.000 -9999.000 -9999.000 -9999.000 -9999.000 -9999.000 -9999.000 -9999.000 -9999.000 -9999.000 -9999.000 -9999.000 -9999.000 -9999.000 -9999.000 -9999.000 -9999.000 -9999.000 -9999.000 -9999.000 -9999.000
-9999.000 -9999.000 -9999.000 -9999.000 -9999.000 -9999.000 -9999.000 -9999.000 -9999.000 -9999.000 -9999.000 -9999.000 -9999.000 -9999.000 -9999.000 0.1035228 0.9327567E-01 0.9382150E-01 0.9720620E-01 0.1023748 0.1085720 0.1151889 0.1217961 0.1280020 0.1339578 0.1404270 0.1492333 0.1643198 0.1935914 0.2246029 0.2246029 -9999.000 -9999.000 -9999.000 -9999.000 -9999.000 -9999.000 -9999.000 -9999.000 -9999.000 -9999.000 -9999.000 -9999.000 -9999.000 -9999.000 -9999.000 -9999.000 -9999.000 -9999.000 -9999.000 -9999.000 -9999.000 -9999.000 -9999.000 -9999.000 -9999.000 -9999.000 -9999.000 -9999.000 -9999.000
-9999.000 -9999.000 -9999.000 -9999.000 -9999.000 -9999.000 -9999.000 -9999.000 -9999.000 -9999.000 -9999.000 -9999.000 -9999.000 -9999.000 -9999.000 0.9666665E-01 0.8575998E-01 0.8657653E-01 0.9061789E-01 0.9668832E-01 0.1039127 0.1115976 0.1192629 0.1264699 0.1333973 0.1409399 0.1512195 0.1688604 0.2033482 0.2443921 0.2443921 -9999.000 -9999.000 -9999.000 -9999.000 -9999.000 -9999.000 -9999.000 -9999.000 -9999.000 -9999.000 -9999.000 -9999.000 -9999.000 -9999.000 -9999.000 -9999.000 -9999.000 -9999.000 -9999.000 -9999.000 -9999.000 -9999.000 -9999.000 -9999.000 -9999.000 -9999.000 -9999.000 -9999.000 -9999.000
-9999.000 -9999.000 -9999.000 -9999.000 -9999.000 -9999.000 -9999.000 -9999.000 -9999.000 -9999.000 -9999.000 -9999.000 -9999.000 -9999.000 -9999.000 0.8918091E-01 0.7783058E-01 0.7902464E-01 0.8382889E-01 0.9089471E-01 0.9921881E-01 0.1080247 0.1167872 0.1250250 0.1329485 0.1415979 0.1534206 0.1738023 0.2140901 0.2680988 0.2680988 -9999.000 -9999.000 -9999.000 -9999.000 -9999.000 -9999.000 -9999.000 -9999.000 -9999.000 -9999.000 -9999.000 -9999.000 -9999.000 -9999.000 -9999.000 -9999.000 -9999.000 -9999.000 -9999.000 -9999.000 -9999.000 -9999.000 -9999.000 -9999.000 -9999.000 -9999.000 -9999.000 -9999.000 -9999.000
-9999.000 -9999.000 -9999.000 -9999.000 -9999.000 -9999.000 -9999.000 -9999.000 -9999.000 -9999.000 -9999.000 -9999.000 -9999.000 -9999.000 -9999.000 0.8095551E-01 0.6944370E-01 0.7117660E-01 0.7689542E-01 0.8507726E-01 0.9458447E-01 0.1045674 0.1144661 0.1237635 0.1327059 0.1424936 0.1559252 0.1792364 0.2259880 0.2970375 0.2970375 -9999.000 -9999.000 -9999.000 -9999.000 -9999.000 -9999.000 -9999.000 -9999.000 -9999.000 -9999.000 -9999.000 -9999.000 -9999.000 -9999.000 -9999.000 -9999.000 -9999.000 -9999.000 -9999.000 -9999.000 -9999.000 -9999.000 -9999.000 -9999.000 -9999.000 -9999.000 -9999.000 -9999.000 -9999.000
-9999.000 -9999.000 -9999.000 -9999.000 -9999.000 -9999.000 -9999.000 -9999.000 -9999.000 -9999.000 -9999.000 -9999.000 -9999.000 -9999.000 -9999.000 0.7184599E-01 0.6055618E-01 0.6308950E-01 0.6995034E-01 0.7940710E-01 0.9019513E-01 0.1014161 0.1124931 0.1228839 0.1328745 0.1438364 0.1589357 0.1853493 0.2392898 0.3332332 0.3332332 -9999.000 -9999.000 -9999.000 -9999.000 -9999.000 -9999.000 -9999.000 -9999.000 -9999.000 -9999.000 -9999.000 -9999.000 -9999.000 -9999.000 -9999.000 -9999.000 -9999.000 -9999.000 -9999.000 -9999.000 -9999.000 -9999.000 -9999.000 -9999.000 -9999.000 -9999.000 -9999.000 -9999.000 -9999.000
-9999.000 -9999.000 -9999.000 -9999.000 -9999.000 -9999.000 -9999.000 -9999.000 -9999.000 -9999.000 -9999.000 -9999.000 -9999.000 -9999.000 -9999.000 0.6161875E-01 0.5116759E-01 0.5501100E-01 0.6340688E-01 0.7436805E-01 0.8655535E-01 0.9907819E-01 0.1113758 0.1229014 0.1339835 0.1461665 0.1629756 0.1925960 0.2544262 0.3800100 0.3800100 -9999.000 -9999.000 -9999.000 -9999.000 -9999.000 -9999.000 -9999.000 -9999.000 -9999.000 -9999.000 -9999.000 -9999.000 -9999.000 -9999.000 -9999.000 -9999.000 -9999.000 -9999.000 -9999.000 -9999.000 -9999.000 -9999.000 -9999.000 -9999.000 -9999.000 -9999.000 -9999.000 -9999.000 -9999.000
-9999.000 -9999.000 -9999.000 -9999.000 -9999.000 -9999.000 -9999.000 -9999.000 -9999.000 -9999.000 -9999.000 -9999.000 -9999.000 -9999.000 -9999.000 0.4760524E-01 0.5017796E-01 0.6261250E-01 0.7544700E-01 0.8795644E-01 0.1000467 0.1116845 0.1228151 0.1331707 0.1431852 0.1545387 0.1710975 0.2022757 0.2716187 0.4406500 0.4406500 -9999.000 -9999.000 -9999.000 -9999.000 -9999.000 -9999.000 -9999.000 -9999.000 -9999.000 -9999.000 -9999.000 -9999.000 -9999.000 -9999.000 -9999.000 -9999.000 -9999.000 -9999.000 -9999.000 -9999.000 -9999.000 -9999.000 -9999.000 -9999.000 -9999.000 -9999.000 -9999.000 -9999.000 -9999.000
2.232481 2.232481 2.276901 2.321870 2.329477 2.329477 2.334496 2.340100 2.340100 2.342053 2.342053 2.341534 2.340570 2.339238 2.337594 2.337594 2.139363 2.101631 2.057150 2.001357 1.932009 1.848367 1.750797 1.640938 1.521652 1.397507 1.276661 1.174385 1.121253 1.188319 1.188319 1.996154 2.136539 2.171757 2.168327 2.168327 2.140281 2.140281 2.045110 2.045110 1.942415 1.478269 1.478269 1.334359 1.334359 1.333582 1.333582 1.333582 1.388277 1.388277 1.441013 1.441013 1.489273 1.489273 1.529489 1.529489 1.559518 1.559518 1.559518 1.578649
2.246905 2.246905 2.306376 2.364364 2.381575 2.381575 2.396191 2.420874 2.420874 2.441749 2.441749 2.460003 2.468370 2.476330 2.483940 2.483940 2.375434 2.362414 2.356272 2.348026 2.332939 2.308184 2.271787 2.220818 2.155233 2.077247 1.990100 1.902618 1.834242 1.835264 1.835264 2.299950 2.446637 2.562339 2.585511 2.585511 2.592178 2.592178 2.544853 2.544853 2.490524 2.194350 2.194350 2.016359 2.016359 2.007476 2.007476 2.007476 2.062531 2.062531 2.112548 2.112548 2.159492 2.159492 2.200815 2.200815 2.235108 2.235108 2.235108 2.261215
2.250031 2.250031 2.310434 2.364609 2.381972 2.381972 2.396814 2.421990 2.421990 2.443393 2.443393 2.462247 2.470945 2.479256 2.487239 2.487239 2.406725 2.396410 2.401121 2.409693 2.416116 2.417431 2.411829 2.397217 2.372634 2.338076 2.294289 2.245256 2.201993 2.198040 2.198040 2.514609 2.645695 2.781106 2.812859 2.812859 2.825366 2.825366 2.779183 2.779183 2.735099 2.545500 2.545500 2.377580 2.377580 2.347652 2.347652 2.347652 2.387512 2.387512 2.429241 2.429241 2.468606 2.468606 2.503737 2.503737 2.532772 2.532772 2.532772 2.554634
2.252516 2.252516 2.313520 2.364539 2.381836 2.381836 2.396721 2.421988 2.421988 2.443421 2.443421 2.462281 2.470983 2.479299 2.487289 2.487289 2.427462 2.417371 2.425344 2.440299 2.455137 2.466579 2.473122 2.473513 2.467215 2.454246 2.435030 2.411961 2.392308 2.398621 2.398621 2.604344 2.725754 2.862923 2.894492 2.894492 2.898635 2.898635 2.848010 2.848010 2.812416 2.693825 2.693825 2.553126 2.553126 2.499546 2.499546 2.499546 2.529095 2.529095 2.566399 2.566399 2.602741 2.602741 2.634800 2.634800 2.660852 2.660852 2.660852 2.680209
2.254412 2.254412 2.315844 2.364509 2.381702 2.381702 2.396616 2.421972 2.421972 2.443429 2.443429 2.462282 2.470980 2.479293 2.487281 2.487281 2.447681 2.441007 2.451791 2.470823 2.490757 2.507847 2.520463 2.527700 2.529366 2.525835 2.517869 2.507533 2.500302 2.512031 2.512031 2.651574 2.758838 2.881391 2.902237 2.902237 2.884816 2.884816 2.836504 2.836504 2.814732 2.755672 2.755672 2.659323 2.659323 2.588819 2.588819 2.588819 2.605919 2.605919 2.637371 2.637371 2.670446 2.670446 2.699789 2.699789 2.723389 2.723389 2.723389 2.740626
2.255745 2.255745 2.317464 2.364506 2.381595 2.381595 2.396524 2.421955 2.421955 2.443436 2.443436 2.462284 2.470978 2.479289 2.487276 2.487276 2.467596 2.467801 2.482602 2.505230 2.529135 2.550470 2.567377 2.578946 2.585001 2.585998 2.582913 2.577777 2.575137 2.586568 2.586568 2.682309 2.770046 2.855343 2.854286 2.854286 2.814950 2.814950 2.787081 2.787081 2.784113 2.774189 2.774189 2.725584 2.725584 2.654086 2.654086 2.654086 2.657837 2.657837 2.681007 2.681007 2.709203 2.709203 2.735203 2.735203 2.756066 2.756066 2.756066 2.770981
2.256536 2.256536 2.318422 2.364512 2.381525 2.381525 2.396464 2.421946 2.421946 2.443442 2.443442 2.462286 2.470977 2.479286 2.487272 2.487272 2.487816 2.497650 2.518101 2.544481 2.571737 2.596461 2.616776 2.631701 2.640937 2.644799 2.644198 2.640996 2.639014 2.646599 2.646599 2.708385 2.767525 2.783201 2.755702 2.755702 2.716296 2.716296 2.726888 2.726888 2.742912 2.769930 2.769930 2.762040 2.762040 2.706235 2.706235 2.706235 2.699528 2.699528 2.713071 2.713071 2.734654 2.734654 2.756055 2.756055 2.773356 2.773356 2.773356 2.785477
2.256799 2.256799 2.318739 2.364516 2.381501 2.381501 2.396442 2.421941 2.421941 2.443443 2.443443 2.462286 2.470977 2.479285 2.487271 2.487271 2.509627 2.531006 2.558630 2.589226 2.619466 2.646835 2.669741 2.687258 2.698988 2.705047 2.706120 2.703736 2.700892 2.702583 2.702583 2.731872 2.744576 2.659111 2.619548 2.619548 2.616088 2.616088 2.669721 2.669721 2.700731 2.753325 2.753325 2.775959 2.775959 2.746455 2.746455 2.746455 2.735146 2.735146 2.739749 2.739749 2.753456 2.753456 2.768838 2.768838 2.781537 2.781537 2.781537 2.790299
2.256536 2.256536 2.318422 2.364511 2.381525 2.381525 2.396463 2.421945 2.421945 2.443441 2.443441 2.462286 2.470977 2.479286 2.487272 2.487272 2.534914 2.569031 2.604885 2.640170 2.673168 2.702491 2.727124 2.746378 2.759872 2.767580 2.769929 2.768029 2.763796 2.757035 2.757035 2.743475 2.676467 2.494553 2.475639 2.475639 2.531547 2.531547 2.618959 2.618959 2.660057 2.729828 2.729828 2.774064 2.774064 2.773893 2.773893 2.773893 2.764328 2.764328 2.762543 2.762543 2.768112 2.768112 2.776317 2.776317 2.783404 2.783404 2.783404 2.788275
2.255745 2.255745 2.317465 2.364506 2.381594 2.381594 2.396525 2.421956 2.421956 2.443436 2.443436 2.462284 2.470978 2.479289 2.487276 2.487276 2.566239 2.613685 2.658156 2.698284 2.733751 2.764333 2.789770 2.809783 2.824152 2.832812 2.835991 2.834348 2.828023 2.805377 2.805377 2.713700 2.526834 2.328277 2.354885 2.354885 2.464045 2.464045 2.572781 2.572781 2.620327 2.701914 2.701914 2.761186 2.761186 2.787938 2.787938 2.787938 2.784821 2.784821 2.780064 2.780064 2.778358 2.778358 2.778838 2.778838 2.779583 2.779583 2.779583 2.780213
2.254412 2.254412 2.315844 2.364509 2.381703 2.381703 2.396616 2.421971 2.421971 2.443429 2.443429 2.462283 2.470980 2.479294 2.487282 2.487282 2.607140 2.667888 2.720517 2.765007 2.802318 2.833311 2.858522 2.878195 2.892390 2.901114 2.904487 2.902630 2.891498 2.828001 2.828001 2.582597 2.286312 2.200314 2.259626 2.259626 2.404944 2.404944 2.526940 2.526940 2.578798 2.669130 2.669130 2.738989 2.738989 2.787846 2.787846 2.787846 2.793419 2.793419 2.788793 2.788793 2.781473 2.781473 2.774463 2.774463 2.768658 2.768658 2.768658 2.765014
2.252516 2.252516 2.313520 2.364539 2.381836 2.381836 2.396720 2.421988 2.421988 2.443422 2.443422 2.462281 2.470983 2.479300 2.487289 2.487289 2.662760 2.735862 2.795072 2.842469 2.880332 2.910493 2.934226 2.952306 2.965128 2.972858 2.975594 2.972344 2.945229 2.764309 2.764309 2.280211 2.024003 2.102048 2.181766 2.181766 2.344955 2.344955 2.476833 2.476833 2.531814 2.629277 2.629277 2.706754 2.706754 2.772518 2.772518 2.772518 2.786833 2.786833 2.784307 2.784307 2.773213 2.773213 2.759637 2.759637 2.747701 2.747701 2.747701 2.740143
