cruce_test.gid/Rasters/Hydraulic/Velocity__x_341.0.asc
NCOLS        79
NROWS        79
XLLCENTER         -1.500000
YLLCENTER         -4.800000
CELLSIZE           0.100
NODATA_VALUE     -9999.0
[rows 0 to 25 of 79, columns 0 to 57 of 79]
-9999.000 -9999.000 -9999.000 -9999.000 -9999.000 -9999.000 -9999.000 -9999.000 -9999.000 -9999.000 -9999.000 -9999.000 -9999.000 -9999.000 -9999.000 0.6111132E-03 0.2557582E-02 0.5908080E-02 0.9169313E-02 0.1199016E-01 0.1421344E-01 0.1576347E-01 0.1664532E-01 0.1690148E-01 0.1657779E-01 0.1573239E-01 0.1438195E-01 0.1234727E-01 0.8845564E-02 0.4350976E-02 0.4350976E-02 -9999.000 -9999.000 -9999.000 -9999.000 -9999.000 -9999.000 -9999.000 -9999.000 -9999.000 -9999.000 -9999.000 -9999.000 -9999.000 -9999.000 -9999.000 -9999.000 -9999.000 -9999.000 -9999.000 -9999.000 -9999.000 -9999.000 -9999.000 -9999.000 -9999.000 -9999.000 -9999.000
-9999.000 -9999.000 -9999.000 -9999.000 -9999.000 -9999.000 -9999.000 -9999.000 -9999.000 -9999.000 -9999.000 -9999.000 -9999.000 -9999.000 -9999.000 0.1777480E-02 0.4905913E-02 0.9408602E-02 0.1373984E-01 0.1750918E-01 0.2050656E-01 0.2260861E-01 0.2377904E-01 0.2402924E-01 0.2338651E-01 0.2189867E-01 0.1958574E-01 0.1630454E-01 0.1140051E-01 0.5594279E-02 0.5594279E-02 -9999.000 -9999.000 -9999.000 -9999.000 -9999.000 -9999.000 -9999.000 -9999.000 -9999.000 -9999.000 -9999.000 -9999.000 -9999.000 -9999.000 -9999.000 -9999.000 -9999.000 -9999.000 -9999.000 -9999.000 -9999.000 -9999.000 -9999.000 -9999.000 -9999.000 -9999.000 -9999.000
-9999.000 -9999.000 -9999.000 -9999.000 -9999.000 -9999.000 -9999.000 -9999.000 -9999.000 -9999.000 -9999.000 -9999.000 -9999.000 -9999.000 -9999.000 0.2375096E-02 0.6163493E-02 0.1137531E-01 0.1634964E-01 0.2066882E-01 0.2409939E-01 0.2649912E-01 0.2781900E-01 0.2806252E-01 0.2725440E-01 0.2544799E-01 0.2267385E-01 0.1879879E-01 0.1315840E-01 0.6495651E-02 0.6495651E-02 -9999.000 -9999.000 -9999.000 -9999.000 -9999.000 -9999.000 -9999.000 -9999.000 -9999.000 -9999.000 -9999.000 -9999.000 -9999.000 -9999.000 -9999.000 -9999.000 -9999.000 -9999.000 -9999.000 -9999.000 -9999.000 -9999.000 -9999.000 -9999.000 -9999.000 -9999.000 -9999.000
-9999.000 -9999.000 -9999.000 -9999.000 -9999.000 -9999.000 -9999.000 -9999.000 -9999.000 -9999.000 -9999.000 -9999.000 -9999.000 -9999.000 -9999.000 0.2753013E-02 0.6962836E-02 0.1263113E-01 0.1802281E-01 0.2270150E-01 0.2641904E-01 0.2902229E-01 0.3045563E-01 0.3071956E-01 0.2983872E-01 0.2786965E-01 0.2484730E-01 0.2063479E-01 0.1453204E-01 0.7230810E-02 0.7230810E-02 -9999.000 -9999.000 -9999.000 -9999.000 -9999.000 -9999.000 -9999.000 -9999.000 -9999.000 -9999.000 -9999.000 -9999.000 -9999.000 -9999.000 -9999.000 -9999.000 -9999.000 -9999.000 -9999.000 -9999.000 -9999.000 -9999.000 -9999.000 -9999.000 -9999.000 -9999.000 -9999.000
-9999.000 -9999.000 -9999.000 -9999.000 -9999.000 -9999.000 -9999.000 -9999.000 -9999.000 -9999.000 -9999.000 -9999.000 -9999.000 -9999.000 -9999.000 0.3040710E-02 0.7570179E-02 0.1358237E-01 0.1929007E-01 0.2424410E-01 0.2818659E-01 0.3095619E-01 0.3249423E-01 0.3279974E-01 0.3189638E-01 0.2984366E-01 0.2667695E-01 0.2224846E-01 0.1580616E-01 0.7937925E-02 0.7937925E-02 -9999.000 -9999.000 -9999.000 -9999.000 -9999.000 -9999.000 -9999.000 -9999.000 -9999.000 -9999.000 -9999.000 -9999.000 -9999.000 -9999.000 -9999.000 -9999.000 -9999.000 -9999.000 -9999.000 -9999.000 -9999.000 -9999.000 -9999.000 -9999.000 -9999.000 -9999.000 -9999.000
-9999.000 -9999.000 -9999.000 -9999.000 -9999.000 -9999.000 -9999.000 -9999.000 -9999.000 -9999.000 -9999.000 -9999.000 -9999.000 -9999.000 -9999.000 0.3300096E-02 0.8114025E-02 0.1442800E-01 0.2041319E-01 0.2561159E-01 0.2975721E-01 0.3268304E-01 0.3432880E-01 0.3469277E-01 0.3379811E-01 0.3170624E-01 0.2845144E-01 0.2386950E-01 0.1714136E-01 0.8699200E-02 0.8699200E-02 -9999.000 -9999.000 -9999.000 -9999.000 -9999.000 -9999.000 -9999.000 -9999.000 -9999.000 -9999.000 -9999.000 -9999.000 -9999.000 -9999.000 -9999.000 -9999.000 -9999.000 -9999.000 -9999.000 -9999.000 -9999.000 -9999.000 -9999.000 -9999.000 -9999.000 -9999.000 -9999.000
-9999.000 -9999.000 -9999.000 -9999.000 -9999.000 -9999.000 -9999.000 -9999.000 -9999.000 -9999.000 -9999.000 -9999.000 -9999.000 -9999.000 -9999.000 0.3561305E-02 0.8658603E-02 0.1526797E-01 0.2152372E-01 0.2696190E-01 0.3131012E-01 0.3439633E-01 0.3616031E-01 0.3660008E-01 0.3573821E-01 0.3363835E-01 0.3033241E-01 0.2563459E-01 0.1864177E-01 0.9572048E-02 0.9572048E-02 -9999.000 -9999.000 -9999.000 -9999.000 -9999.000 -9999.000 -9999.000 -9999.000 -9999.000 -9999.000 -9999.000 -9999.000 -9999.000 -9999.000 -9999.000 -9999.000 -9999.000 -9999.000 -9999.000 -9999.000 -9999.000 -9999.000 -9999.000 -9999.000 -9999.000 -9999.000 -9999.000
-9999.000 -9999.000 -9999.000 -9999.000 -9999.000 -9999.000 -9999.000 -9999.000 -9999.000 -9999.000 -9999.000 -9999.000 -9999.000 -9999.000 -9999.000 0.3841152E-02 0.9238102E-02 0.1615526E-01 0.2269203E-01 0.2838036E-01 0.3294289E-01 0.3620327E-01 0.3810242E-01 0.3863840E-01 0.3783368E-01 0.3575428E-01 0.3242885E-01 0.2764453E-01 0.2039594E-01 0.1060974E-01 0.1060974E-01 -9999.000 -9999.000 -9999.000 -9999.000 -9999.000 -9999.000 -9999.000 -9999.000 -9999.000 -9999.000 -9999.000 -9999.000 -9999.000 -9999.000 -9999.000 -9999.000 -9999.000 -9999.000 -9999.000 -9999.000 -9999.000 -9999.000 -9999.000 -9999.000 -9999.000 -9999.000 -9999.000
-9999.000 -9999.000 -9999.000 -9999.000 -9999.000 -9999.000 -9999.000 -9999.000 -9999.000 -9999.000 -9999.000 -9999.000 -9999.000 -9999.000 -9999.000 0.4149590E-02 0.9873947E-02 0.1712379E-01 0.2396330E-01 0.2992264E-01 0.3472020E-01 0.3817611E-01 0.4023381E-01 0.4089218E-01 0.4017338E-01 0.3814706E-01 0.3483731E-01 0.2999754E-01 0.2249844E-01 0.1187263E-01 0.1187263E-01 -9999.000 -9999.000 -9999.000 -9999.000 -9999.000 -9999.000 -9999.000 -9999.000 -9999.000 -9999.000 -9999.000 -9999.000 -9999.000 -9999.000 -9999.000 -9999.000 -9999.000 -9999.000 -9999.000 -9999.000 -9999.000 -9999.000 -9999.000 -9999.000 -9999.000 -9999.000 -9999.000
-9999.000 -9999.000 -9999.000 -9999.000 -9999.000 -9999.000 -9999.000 -9999.000 -9999.000 -9999.000 -9999.000 -9999.000 -9999.000 -9999.000 -9999.000 0.4494315E-02 0.1058351E-01 0.1820123E-01 0.2537491E-01 0.3163525E-01 0.3669752E-01 0.4037885E-01 0.4262656E-01 0.4344163E-01 0.4284621E-01 0.4091445E-01 0.3766477E-01 0.3281030E-01 0.2507057E-01 0.1344023E-01 0.1344023E-01 -9999.000 -9999.000 -9999.000 -9999.000 -9999.000 -9999.000 -9999.000 -9999.000 -9999.000 -9999.000 -9999.000 -9999.000 -9999.000 -9999.000 -9999.000 -9999.000 -9999.000 -9999.000 -9999.000 -9999.000 -9999.000 -9999.000 -9999.000 -9999.000 -9999.000 -9999.000 -9999.000
-9999.000 -9999.000 -9999.000 -9999.000 -9999.000 -9999.000 -9999.000 -9999.000 -9999.000 -9999.000 -9999.000 -9999.000 -9999.000 -9999.000 -9999.000 0.4884274E-02 0.1138480E-01 0.1941666E-01 0.2696677E-01 0.3356893E-01 0.3893595E-01 0.4288323E-01 0.4536428E-01 0.4638232E-01 0.4596042E-01 0.4417947E-01 0.4105124E-01 0.3623986E-01 0.2828052E-01 0.1542537E-01 0.1542537E-01 -9999.000 -9999.000 -9999.000 -9999.000 -9999.000 -9999.000 -9999.000 -9999.000 -9999.000 -9999.000 -9999.000 -9999.000 -9999.000 -9999.000 -9999.000 -9999.000 -9999.000 -9999.000 -9999.000 -9999.000 -9999.000 -9999.000 -9999.000 -9999.000 -9999.000 -9999.000 -9999.000
-9999.000 -9999.000 -9999.000 -9999.000 -9999.000 -9999.000 -9999.000 -9999.000 -9999.000 -9999.000 -9999.000 -9999.000 -9999.000 -9999.000 -9999.000 0.5329935E-02 0.1230173E-01 0.2080870E-01 0.2879207E-01 0.3579082E-01 0.4151703E-01 0.4578554E-01 0.4855854E-01 0.4984346E-01 0.4966543E-01 0.4811459E-01 0.4519573E-01 0.4051306E-01 0.3237665E-01 0.1799578E-01 0.1799578E-01 -9999.000 -9999.000 -9999.000 -9999.000 -9999.000 -9999.000 -9999.000 -9999.000 -9999.000 -9999.000 -9999.000 -9999.000 -9999.000 -9999.000 -9999.000 -9999.000 -9999.000 -9999.000 -9999.000 -9999.000 -9999.000 -9999.000 -9999.000 -9999.000 -9999.000 -9999.000 -9999.000
-9999.000 -9999.000 -9999.000 -9999.000 -9999.000 -9999.000 -9999.000 -9999.000 -9999.000 -9999.000 -9999.000 -9999.000 -9999.000 -9999.000 -9999.000 0.5847207E-02 0.1336856E-01 0.2243318E-01 0.3092755E-01 0.3839872E-01 0.4455987E-01 0.4922682E-01 0.5237456E-01 0.5401664E-01 0.5418305E-01 0.5297744E-01 0.5039726E-01 0.4597411E-01 0.3774131E-01 0.2141121E-01 0.2141121E-01 -9999.000 -9999.000 -9999.000 -9999.000 -9999.000 -9999.000 -9999.000 -9999.000 -9999.000 -9999.000 -9999.000 -9999.000 -9999.000 -9999.000 -9999.000 -9999.000 -9999.000 -9999.000 -9999.000 -9999.000 -9999.000 -9999.000 -9999.000 -9999.000 -9999.000 -9999.000 -9999.000
-9999.000 -9999.000 -9999.000 -9999.000 -9999.000 -9999.000 -9999.000 -9999.000 -9999.000 -9999.000 -9999.000 -9999.000 -9999.000 -9999.000 -9999.000 0.6551780E-02 0.1479902E-01 0.2458238E-01 0.3371324E-01 0.4175905E-01 0.4844387E-01 0.5359532E-01 0.5721176E-01 0.5931978E-01 0.5995991E-01 0.5925640E-01 0.5720078E-01 0.5323545E-01 0.4504774E-01 0.2614526E-01 0.2614526E-01 -9999.000 -9999.000 -9999.000 -9999.000 -9999.000 -9999.000 -9999.000 -9999.000 -9999.000 -9999.000 -9999.000 -9999.000 -9999.000 -9999.000 -9999.000 -9999.000 -9999.000 -9999.000 -9999.000 -9999.000 -9999.000 -9999.000 -9999.000 -9999.000 -9999.000 -9999.000 -9999.000
-9999.000 -9999.000 -9999.000 -9999.000 -9999.000 -9999.000 -9999.000 -9999.000 -9999.000 -9999.000 -9999.000 -9999.000 -9999.000 -9999.000 -9999.000 0.3494033E-01 0.5357230E-01 0.6216446E-01 0.6727020E-01 0.7089582E-01 0.7273979E-01 0.7313767E-01 0.7246289E-01 0.7089462E-01 0.6859369E-01 0.6569787E-01 0.6211752E-01 0.5712044E-01 0.4803406E-01 0.2417426E-01 0.2417426E-01 -9999.000 -9999.000 -9999.000 -9999.000 -9999.000 -9999.000 -9999.000 -9999.000 -9999.000 -9999.000 -9999.000 -9999.000 -9999.000 -9999.000 -9999.000 -9999.000 -9999.000 -9999.000 -9999.000 -9999.000 -9999.000 -9999.000 -9999.000 -9999.000 -9999.000 -9999.000 -9999.000
2.699217 2.699217 2.666697 2.723885 2.729826 2.729826 2.731623 2.731070 2.731070 2.727793 2.727793 2.722723 2.719647 2.716266 2.712695 2.712695 2.788643 2.790864 2.779306 2.750438 2.702742 2.634299 2.543746 2.433450 2.303847 2.157360 1.998819 1.839294 1.705366 1.662442 1.662442 2.518809 2.688930 2.776613 2.796200 2.796200 2.816415 2.816415 2.776351 2.776351 2.719589 2.505473 2.505473 2.041681 2.041681 1.882107 1.882107 1.882107 1.894393 1.894393 1.936971 1.936971 1.986804 1.986804 2.035186 2.035186 2.076420 2.076420
2.722289 2.722289 2.694748 2.772416 2.789445 2.789445 2.802109 2.823101 2.823101 2.841207 2.841207 2.857340 2.864799 2.871900 2.878762 2.878762 2.936545 2.949979 2.960617 2.967286 2.968499 2.961814 2.944362 2.914196 2.868781 2.806379 2.726529 2.630865 2.529213 2.470370 2.470370 2.935426 3.095392 3.242114 3.279877 3.279877 3.318059 3.318059 3.306580 3.306580 3.276667 3.153541 3.153541 2.884977 2.884977 2.695631 2.695631 2.695631 2.707497 2.707497 2.751364 2.751364 2.804113 2.804113 2.855270 2.855270 2.899957 2.899957
2.728517 2.728517 2.695023 2.772714 2.789961 2.789961 2.802855 2.824319 2.824319 2.842996 2.842996 2.859823 2.867669 2.875190 2.882507 2.882507 2.936208 2.959121 2.980692 2.999508 3.014596 3.024867 3.029026 3.026085 3.014486 2.992544 2.958923 2.913471 2.860951 2.829533 2.829533 3.106219 3.261584 3.435097 3.483282 3.483282 3.526847 3.526847 3.505657 3.505657 3.470370 3.361734 3.361734 3.183917 3.183917 2.995209 2.995209 2.995209 2.991581 2.991581 3.025520 3.025520 3.070752 3.070752 3.115673 3.115673 3.155557 3.155557
2.733519 2.733519 2.694556 2.772566 2.789764 2.789764 2.802728 2.824246 2.824246 2.842953 2.842953 2.859839 2.867721 2.875276 2.882645 2.882645 2.935285 2.966736 2.997715 3.025618 3.049096 3.067301 3.079586 3.085672 3.085140 3.077417 3.061959 3.038758 3.010793 2.996323 2.996323 3.168678 3.308671 3.491013 3.544160 3.544160 3.582836 3.582836 3.541356 3.541356 3.500063 3.409843 3.409843 3.300987 3.300987 3.138646 3.138646 3.138646 3.118652 3.118652 3.141106 3.141106 3.179571 3.179571 3.220382 3.220382 3.257344 3.257344
2.737342 2.737342 2.693616 2.772350 2.789431 2.789431 2.802503 2.824162 2.824162 2.842950 2.842950 2.859895 2.867794 2.875355 2.882757 2.882757 2.937740 2.977084 3.016717 3.052976 3.084067 3.109051 3.127385 3.138925 3.143646 3.141570 3.132818 3.117908 3.099323 3.089705 3.089705 3.198711 3.316621 3.490021 3.538231 3.538231 3.552409 3.552409 3.489558 3.489558 3.451903 3.396766 3.396766 3.346854 3.346854 3.228133 3.228133 3.228133 3.195820 3.195820 3.204417 3.204417 3.233987 3.233987 3.269589 3.269589 3.303080 3.303080
2.738876 2.738876 2.693409 2.772060 2.789042 2.789042 2.802277 2.824161 2.824161 2.843026 2.843026 2.859977 2.867865 2.875411 2.882852 2.882852 2.944447 2.991468 3.039054 3.082874 3.120866 3.152019 3.175812 3.192083 3.200879 3.202379 3.196933 3.185273 3.169563 3.158844 3.158844 3.224635 3.316274 3.459339 3.487722 3.487722 3.458553 3.458553 3.393205 3.393205 3.373355 3.363738 3.363738 3.360583 3.360583 3.291295 3.291295 3.291295 3.255256 3.255256 3.250790 3.250790 3.269327 3.269327 3.297601 3.297601 3.326058 3.326058
2.740790 2.740790 2.691637 2.771807 2.788795 2.788795 2.802210 2.824256 2.824256 2.843107 2.843107 2.860016 2.867890 2.875427 2.882938 2.882938 2.956328 3.011183 3.066103 3.116574 3.160527 3.196999 3.225533 3.245980 3.258382 3.262925 3.259957 3.250170 3.235303 3.221701 3.221701 3.256202 3.318518 3.401283 3.391216 3.391216 3.320541 3.320541 3.286985 3.286985 3.293532 3.326822 3.326822 3.357520 3.357520 3.334826 3.334826 3.334826 3.304418 3.304418 3.291168 3.291168 3.298194 3.298194 3.317189 3.317189 3.338745 3.338745
2.741689 2.741689 2.690294 2.771785 2.788786 2.788786 2.802252 2.824300 2.824300 2.843118 2.843118 2.860018 2.867892 2.875428 2.883048 2.883048 2.974491 3.037610 3.099300 3.155408 3.204164 3.244819 3.277075 3.300868 3.316261 3.323419 3.322622 3.314411 3.300031 3.283513 3.283513 3.294067 3.322286 3.300183 3.241071 3.241071 3.169551 3.169551 3.196162 3.196162 3.226735 3.291590 3.291590 3.345316 3.345316 3.361918 3.361918 3.361918 3.343878 3.343878 3.327888 3.327888 3.325049 3.325049 3.333678 3.333678 3.346579 3.346579
2.740790 2.740790 2.691637 2.771807 2.788795 2.788795 2.802211 2.824256 2.824256 2.843107 2.843107 2.860016 2.867889 2.875427 2.883199 2.883199 3.000468 3.072383 3.140235 3.200807 3.252958 3.296362 3.331004 3.356988 3.374458 3.383573 3.384548 3.377743 3.363861 3.344460 3.344460 3.333273 3.314106 3.135406 3.048848 3.048848 3.040025 3.040025 3.125328 3.125328 3.171824 3.256982 3.256982 3.326465 3.326465 3.374296 3.374296 3.374296 3.371701 3.371701 3.358669 3.358669 3.349252 3.349252 3.347711 3.347711 3.350760 3.350760
2.738876 2.738876 2.693409 2.772061 2.789042 2.789042 2.802277 2.824161 2.824161 2.843026 2.843026 2.859977 2.867865 2.875411 2.883405 2.883405 3.036460 3.117561 3.190705 3.254251 3.308058 3.352443 3.387808 3.414513 3.432831 3.442961 3.445067 3.439329 3.425706 3.401800 3.401800 3.360710 3.259742 2.913843 2.859850 2.859850 2.946045 2.946045 3.067962 3.067962 3.123272 3.221328 3.221328 3.302039 3.302039 3.373779 3.373779 3.373779 3.386585 3.386585 3.380385 3.380385 3.368181 3.368181 3.357832 3.357832 3.350620 3.350620
2.737342 2.737342 2.693615 2.772351 2.789429 2.789429 2.802502 2.824161 2.824161 2.842950 2.842950 2.859896 2.867794 2.875355 2.883664 2.883664 3.085717 3.175833 3.252769 3.317217 3.370442 3.413626 3.447705 3.473354 3.491016 3.500956 3.503308 3.498035 3.483516 3.447479 3.447479 3.341932 3.100796 2.694981 2.721909 2.721909 2.876197 2.876197 3.015416 3.015416 3.075429 3.182371 3.182371 3.271294 3.271294 3.360752 3.360752 3.360752 3.387001 3.387001 3.389258 3.389258 3.377439 3.377439 3.360383 3.360383 3.343426 3.343426
