cruce_test.gid/Rasters/Hydraulic/Velocity__x_271.0.asc
NCOLS        79
NROWS        79
XLLCENTER         -1.500000
YLLCENTER         -4.800000
CELLSIZE           0.100
NODATA_VALUE     -9999.0
[rows 0 to 25 of 79, columns 0 to 57 of 79]
-9999.000 -9999.000 -9999.000 -9999.000 -9999.000 -9999.000 -9999.000 -9999.000 -9999.000 -9999.000 -9999.000 -9999.000 -9999.000 -9999.000 -9999.000 -0.6955390E-03 0.3853460E-03 0.3940121E-02 0.8256362E-02 0.1229845E-01 0.1551222E-01 0.1774447E-01 0.1898512E-01 0.1932273E-01 0.1887696E-01 0.1773329E-01 0.1594994E-01 0.1342569E-01 0.9491812E-02 0.4659568E-02 0.4659568E-02 -9999.000 -9999.000 -9999.000 -9999.000 -9999.000 -9999.000 -9999.000 -9999.000 -9999.000 -9999.000 -9999.000 -9999.000 -9999.000 -9999.000 -9999.000 -9999.000 -9999.000 -9999.000 -9999.000 -9999.000 -9999.000 -9999.000 -9999.000 -9999.000 -9999.000 -9999.000 -9999.000
-9999.000 -9999.000 -9999.000 -9999.000 -9999.000 -9999.000 -9999.000 -9999.000 -9999.000 -9999.000 -9999.000 -9999.000 -9999.000 -9999.000 -9999.000 0.5401330E-03 0.2836059E-02 0.7480663E-02 0.1277009E-01 0.1769247E-01 0.2165953E-01 0.2445387E-01 0.2600861E-01 0.2636703E-01 0.2561916E-01 0.2384121E-01 0.2109854E-01 0.1732958E-01 0.1199596E-01 0.5869612E-02 0.5869612E-02 -9999.000 -9999.000 -9999.000 -9999.000 -9999.000 -9999.000 -9999.000 -9999.000 -9999.000 -9999.000 -9999.000 -9999.000 -9999.000 -9999.000 -9999.000 -9999.000 -9999.000 -9999.000 -9999.000 -9999.000 -9999.000 -9999.000 -9999.000 -9999.000 -9999.000 -9999.000 -9999.000
-9999.000 -9999.000 -9999.000 -9999.000 -9999.000 -9999.000 -9999.000 -9999.000 -9999.000 -9999.000 -9999.000 -9999.000 -9999.000 -9999.000 -9999.000 0.1048232E-02 0.3929536E-02 0.9238167E-02 0.1514676E-01 0.2060342E-01 0.2499226E-01 0.2807867E-01 0.2978212E-01 0.3013922E-01 0.2923913E-01 0.2716133E-01 0.2398251E-01 0.1965316E-01 0.1363066E-01 0.6707641E-02 0.6707641E-02 -9999.000 -9999.000 -9999.000 -9999.000 -9999.000 -9999.000 -9999.000 -9999.000 -9999.000 -9999.000 -9999.000 -9999.000 -9999.000 -9999.000 -9999.000 -9999.000 -9999.000 -9999.000 -9999.000 -9999.000 -9999.000 -9999.000 -9999.000 -9999.000 -9999.000 -9999.000 -9999.000
-9999.000 -9999.000 -9999.000 -9999.000 -9999.000 -9999.000 -9999.000 -9999.000 -9999.000 -9999.000 -9999.000 -9999.000 -9999.000 -9999.000 -9999.000 0.1329060E-02 0.4554701E-02 0.1027854E-01 0.1658742E-01 0.2239394E-01 0.2706114E-01 0.3034524E-01 0.3215931E-01 0.3253937E-01 0.3157584E-01 0.2935027E-01 0.2594424E-01 0.2130785E-01 0.1487016E-01 0.7372830E-02 0.7372830E-02 -9999.000 -9999.000 -9999.000 -9999.000 -9999.000 -9999.000 -9999.000 -9999.000 -9999.000 -9999.000 -9999.000 -9999.000 -9999.000 -9999.000 -9999.000 -9999.000 -9999.000 -9999.000 -9999.000 -9999.000 -9999.000 -9999.000 -9999.000 -9999.000 -9999.000 -9999.000 -9999.000
-9999.000 -9999.000 -9999.000 -9999.000 -9999.000 -9999.000 -9999.000 -9999.000 -9999.000 -9999.000 -9999.000 -9999.000 -9999.000 -9999.000 -9999.000 0.1528813E-02 0.5008125E-02 0.1104688E-01 0.1766337E-01 0.2374051E-01 0.2862514E-01 0.3206903E-01 0.3398223E-01 0.3440156E-01 0.3341944E-01 0.3111715E-01 0.2757875E-01 0.2274768E-01 0.1601044E-01 0.8008487E-02 0.8008487E-02 -9999.000 -9999.000 -9999.000 -9999.000 -9999.000 -9999.000 -9999.000 -9999.000 -9999.000 -9999.000 -9999.000 -9999.000 -9999.000 -9999.000 -9999.000 -9999.000 -9999.000 -9999.000 -9999.000 -9999.000 -9999.000 -9999.000 -9999.000 -9999.000 -9999.000 -9999.000 -9999.000
-9999.000 -9999.000 -9999.000 -9999.000 -9999.000 -9999.000 -9999.000 -9999.000 -9999.000 -9999.000 -9999.000 -9999.000 -9999.000 -9999.000 -9999.000 0.1710516E-02 0.5420447E-02 0.1174357E-01 0.1863728E-01 0.2495687E-01 0.3003692E-01 0.3362809E-01 0.3563881E-01 0.3610921E-01 0.3513313E-01 0.3279106E-01 0.2916756E-01 0.2419581E-01 0.1720644E-01 0.8693549E-02 0.8693549E-02 -9999.000 -9999.000 -9999.000 -9999.000 -9999.000 -9999.000 -9999.000 -9999.000 -9999.000 -9999.000 -9999.000 -9999.000 -9999.000 -9999.000 -9999.000 -9999.000 -9999.000 -9999.000 -9999.000 -9999.000 -9999.000 -9999.000 -9999.000 -9999.000 -9999.000 -9999.000 -9999.000
-9999.000 -9999.000 -9999.000 -9999.000 -9999.000 -9999.000 -9999.000 -9999.000 -9999.000 -9999.000 -9999.000 -9999.000 -9999.000 -9999.000 -9999.000 0.1904390E-02 0.5853923E-02 0.1246393E-01 0.1963296E-01 0.2619089E-01 0.3146299E-01 0.3520169E-01 0.3731494E-01 0.3784758E-01 0.3689554E-01 0.3453752E-01 0.3085820E-01 0.2577594E-01 0.1855197E-01 0.9479305E-02 0.9479305E-02 -9999.000 -9999.000 -9999.000 -9999.000 -9999.000 -9999.000 -9999.000 -9999.000 -9999.000 -9999.000 -9999.000 -9999.000 -9999.000 -9999.000 -9999.000 -9999.000 -9999.000 -9999.000 -9999.000 -9999.000 -9999.000 -9999.000 -9999.000 -9999.000 -9999.000 -9999.000 -9999.000
-9999.000 -9999.000 -9999.000 -9999.000 -9999.000 -9999.000 -9999.000 -9999.000 -9999.000 -9999.000 -9999.000 -9999.000 -9999.000 -9999.000 -9999.000 0.2126105E-02 0.6340839E-02 0.1325728E-01 0.2071497E-01 0.2751976E-01 0.3299049E-01 0.3688424E-01 0.3911001E-01 0.3971863E-01 0.3880836E-01 0.3645583E-01 0.3274462E-01 0.2757470E-01 0.2012274E-01 0.1041167E-01 0.1041167E-01 -9999.000 -9999.000 -9999.000 -9999.000 -9999.000 -9999.000 -9999.000 -9999.000 -9999.000 -9999.000 -9999.000 -9999.000 -9999.000 -9999.000 -9999.000 -9999.000 -9999.000 -9999.000 -9999.000 -9999.000 -9999.000 -9999.000 -9999.000 -9999.000 -9999.000 -9999.000 -9999.000
-9999.000 -9999.000 -9999.000 -9999.000 -9999.000 -9999.000 -9999.000 -9999.000 -9999.000 -9999.000 -9999.000 -9999.000 -9999.000 -9999.000 -9999.000 0.2386167E-02 0.6902851E-02 0.1415663E-01 0.2192560E-01 0.2899381E-01 0.3467654E-01 0.3873880E-01 0.4109180E-01 0.4179394E-01 0.4094685E-01 0.3862336E-01 0.3490665E-01 0.2967306E-01 0.2199695E-01 0.1154034E-01 0.1154034E-01 -9999.000 -9999.000 -9999.000 -9999.000 -9999.000 -9999.000 -9999.000 -9999.000 -9999.000 -9999.000 -9999.000 -9999.000 -9999.000 -9999.000 -9999.000 -9999.000 -9999.000 -9999.000 -9999.000 -9999.000 -9999.000 -9999.000 -9999.000 -9999.000 -9999.000 -9999.000 -9999.000
-9999.000 -9999.000 -9999.000 -9999.000 -9999.000 -9999.000 -9999.000 -9999.000 -9999.000 -9999.000 -9999.000 -9999.000 -9999.000 -9999.000 -9999.000 0.2693650E-02 0.7558570E-02 0.1518956E-01 0.2330099E-01 0.3065632E-01 0.3657101E-01 0.4082137E-01 0.4332204E-01 0.4414156E-01 0.4338511E-01 0.4112139E-01 0.3743304E-01 0.3216770E-01 0.2427516E-01 0.1293204E-01 0.1293204E-01 -9999.000 -9999.000 -9999.000 -9999.000 -9999.000 -9999.000 -9999.000 -9999.000 -9999.000 -9999.000 -9999.000 -9999.000 -9999.000 -9999.000 -9999.000 -9999.000 -9999.000 -9999.000 -9999.000 -9999.000 -9999.000 -9999.000 -9999.000 -9999.000 -9999.000 -9999.000 -9999.000
-9999.000 -9999.000 -9999.000 -9999.000 -9999.000 -9999.000 -9999.000 -9999.000 -9999.000 -9999.000 -9999.000 -9999.000 -9999.000 -9999.000 -9999.000 0.3058215E-02 0.8328192E-02 0.1638740E-01 0.2488186E-01 0.3255638E-01 0.3873033E-01 0.4319582E-01 0.4587241E-01 0.4684186E-01 0.4621354E-01 0.4405119E-01 0.4043746E-01 0.3518551E-01 0.2709356E-01 0.1467779E-01 0.1467779E-01 -9999.000 -9999.000 -9999.000 -9999.000 -9999.000 -9999.000 -9999.000 -9999.000 -9999.000 -9999.000 -9999.000 -9999.000 -9999.000 -9999.000 -9999.000 -9999.000 -9999.000 -9999.000 -9999.000 -9999.000 -9999.000 -9999.000 -9999.000 -9999.000 -9999.000 -9999.000 -9999.000
-9999.000 -9999.000 -9999.000 -9999.000 -9999.000 -9999.000 -9999.000 -9999.000 -9999.000 -9999.000 -9999.000 -9999.000 -9999.000 -9999.000 -9999.000 0.3492362E-02 0.9237345E-02 0.1778951E-01 0.2672010E-01 0.3475683E-01 0.4122769E-01 0.4594589E-01 0.4883808E-01 0.5000273E-01 0.4955460E-01 0.4755210E-01 0.4407896E-01 0.3890678E-01 0.3064938E-01 0.1691143E-01 0.1691143E-01 -9999.000 -9999.000 -9999.000 -9999.000 -9999.000 -9999.000 -9999.000 -9999.000 -9999.000 -9999.000 -9999.000 -9999.000 -9999.000 -9999.000 -9999.000 -9999.000 -9999.000 -9999.000 -9999.000 -9999.000 -9999.000 -9999.000 -9999.000 -9999.000 -9999.000 -9999.000 -9999.000
-9999.000 -9999.000 -9999.000 -9999.000 -9999.000 -9999.000 -9999.000 -9999.000 -9999.000 -9999.000 -9999.000 -9999.000 -9999.000 -9999.000 -9999.000 0.4018296E-02 0.1033365E-01 0.1947046E-01 0.2890880E-01 0.3736605E-01 0.4418522E-01 0.4920717E-01 0.5236859E-01 0.5379025E-01 0.5359415E-01 0.5183376E-01 0.4859640E-01 0.4360269E-01 0.3524162E-01 0.1983572E-01 0.1983572E-01 -9999.000 -9999.000 -9999.000 -9999.000 -9999.000 -9999.000 -9999.000 -9999.000 -9999.000 -9999.000 -9999.000 -9999.000 -9999.000 -9999.000 -9999.000 -9999.000 -9999.000 -9999.000 -9999.000 -9999.000 -9999.000 -9999.000 -9999.000 -9999.000 -9999.000 -9999.000 -9999.000
-9999.000 -9999.000 -9999.000 -9999.000 -9999.000 -9999.000 -9999.000 -9999.000 -9999.000 -9999.000 -9999.000 -9999.000 -9999.000 -9999.000 -9999.000 0.5373992E-02 0.1316690E-01 0.2375567E-01 0.3377572E-01 0.4246211E-01 0.4944615E-01 0.5458432E-01 0.5784657E-01 0.5939414E-01 0.5936226E-01 0.5779957E-01 0.5479802E-01 0.5001207E-01 0.4154745E-01 0.2388665E-01 0.2388665E-01 -9999.000 -9999.000 -9999.000 -9999.000 -9999.000 -9999.000 -9999.000 -9999.000 -9999.000 -9999.000 -9999.000 -9999.000 -9999.000 -9999.000 -9999.000 -9999.000 -9999.000 -9999.000 -9999.000 -9999.000 -9999.000 -9999.000 -9999.000 -9999.000 -9999.000 -9999.000 -9999.000
-9999.000 -9999.000 -9999.000 -9999.000 -9999.000 -9999.000 -9999.000 -9999.000 -9999.000 -9999.000 -9999.000 -9999.000 -9999.000 -9999.000 -9999.000 0.7786950E-01 0.1183550 0.1366457 0.1290320 0.1157866 0.1056188 0.9637801E-01 0.8799469E-01 0.8050113E-01 0.7360762E-01 0.6706472E-01 0.6063400E-01 0.5359664E-01 0.4357846E-01 0.2139279E-01 0.2139279E-01 -9999.000 -9999.000 -9999.000 -9999.000 -9999.000 -9999.000 -9999.000 -9999.000 -9999.000 -9999.000 -9999.000 -9999.000 -9999.000 -9999.000 -9999.000 -9999.000 -9999.000 -9999.000 -9999.000 -9999.000 -9999.000 -9999.000 -9999.000 -9999.000 -9999.000 -9999.000 -9999.000
2.814672 2.814672 2.815538 2.829593 2.848991 2.848991 2.851727 2.851389 2.851389 2.847649 2.847649 2.841596 2.837924 2.833910 2.829869 2.829869 2.960771 2.964588 2.965734 2.950891 2.912175 2.851350 2.767767 2.659385 2.531142 2.383463 2.220344 2.051176 1.900837 1.837941 1.837941 2.685786 2.862638 2.963562 2.988453 2.988453 3.021067 3.021067 3.002174 3.002174 2.957079 2.772862 2.772862 2.385653 2.385653 2.079187 2.079187 2.079187 2.065493 2.065493 2.098276 2.098276 2.146480 2.146480 2.196459 2.196459 2.240925 2.240925
2.837399 2.837399 2.846857 2.883423 2.909747 2.909747 2.924328 2.946672 2.946672 2.965157 2.965157 2.981117 2.988378 2.995252 3.002032 3.002032 3.099591 3.117393 3.132579 3.143290 3.147658 3.144872 3.132607 3.107435 3.067894 3.011383 2.936654 2.844869 2.743066 2.665554 2.665554 3.122477 3.283000 3.436282 3.477613 3.477613 3.524382 3.524382 3.525019 3.525019 3.503090 3.398472 3.398472 3.183568 3.183568 2.910261 2.910261 2.910261 2.894247 2.894247 2.929100 2.929100 2.980392 2.980392 3.032899 3.032899 3.080454 3.080454
2.841685 2.841685 2.849364 2.885328 2.909418 2.909418 2.924656 2.947925 2.947925 2.967084 2.967084 2.983759 2.991414 2.998708 3.005960 3.005960 3.093490 3.123158 3.149572 3.171974 3.189461 3.201889 3.208666 3.208360 3.200106 3.182171 3.152884 3.111656 3.061594 3.022957 3.022957 3.284220 3.440914 3.621110 3.673348 3.673348 3.726904 3.726904 3.716856 3.716856 3.687040 3.584964 3.584964 3.435096 3.435096 3.204221 3.204221 3.204221 3.172438 3.172438 3.195192 3.195192 3.238005 3.238005 3.284388 3.284388 3.327362 3.327362
2.843812 2.843812 2.848680 2.885918 2.908438 2.908438 2.924065 2.947899 2.947899 2.967224 2.967224 2.983967 2.991648 2.998960 3.006286 3.006286 3.087800 3.127464 3.164306 3.196640 3.223346 3.244106 3.258773 3.266943 3.268568 3.263245 3.250402 3.229869 3.203625 3.184675 3.184675 3.344199 3.483351 3.672032 3.730208 3.730208 3.781422 3.781422 3.749871 3.749871 3.709580 3.615133 3.615133 3.519202 3.519202 3.344516 3.344516 3.344516 3.300097 3.300097 3.308853 3.308853 3.342959 3.342959 3.384355 3.384355 3.424122 3.424122
2.841324 2.841324 2.853927 2.886308 2.907799 2.907799 2.923666 2.947910 2.947910 2.967283 2.967283 2.983999 2.991670 2.998981 3.006402 3.006402 3.086289 3.134576 3.180859 3.222342 3.257541 3.285850 3.307077 3.321071 3.327987 3.327977 3.321184 3.308043 3.290407 3.277354 3.277354 3.375408 3.490324 3.669721 3.724534 3.724534 3.752951 3.752951 3.692457 3.692457 3.649957 3.584459 3.584459 3.541075 3.541075 3.429094 3.429094 3.429094 3.380085 3.380085 3.374285 3.374285 3.397148 3.397148 3.431777 3.431777 3.467312 3.467312
2.841537 2.841537 2.856736 2.886426 2.907224 2.907224 2.923230 2.947810 2.947810 2.967245 2.967245 2.983944 2.991606 2.998911 3.006469 3.006469 3.090031 3.146173 3.200883 3.250513 3.293315 3.328503 3.355790 3.375072 3.386489 3.390307 3.386888 3.376887 3.362008 3.348808 3.348808 3.405417 3.492624 3.642740 3.679857 3.679857 3.661088 3.661088 3.584559 3.584559 3.556168 3.536891 3.536891 3.538893 3.538893 3.485565 3.485565 3.485565 3.441825 3.441825 3.424916 3.424916 3.435118 3.435118 3.460601 3.460601 3.489927 3.489927
2.841703 2.841703 2.858309 2.886509 2.906887 2.906887 2.922958 2.947751 2.947751 2.967236 2.967236 2.983929 2.991586 2.998885 3.006634 3.006634 3.099985 3.163800 3.226034 3.282677 3.331925 3.372977 3.405528 3.429502 3.445006 3.452279 3.451681 3.443832 3.430122 3.415156 3.415156 3.442609 3.500592 3.595148 3.594476 3.594476 3.518675 3.518675 3.463115 3.463115 3.461925 3.490307 3.490307 3.526232 3.526232 3.521763 3.521763 3.521763 3.491268 3.491268 3.469609 3.469609 3.468202 3.468202 3.482904 3.482904 3.503968 3.503968
2.841765 2.841765 2.858814 2.886537 2.906775 2.906775 2.922865 2.947731 2.947731 2.967234 2.967234 2.983925 2.991580 2.998877 3.006896 3.006896 3.117213 3.188944 3.257930 3.320376 3.374712 3.420307 3.456966 3.484693 3.503601 3.513888 3.515854 3.509977 3.497255 3.480557 3.480557 3.486739 3.513377 3.512112 3.454885 3.454885 3.352645 3.352645 3.355735 3.355735 3.382811 3.448050 3.448050 3.507330 3.507330 3.541291 3.541291 3.541291 3.528313 3.528313 3.508758 3.508758 3.499083 3.499083 3.502747 3.502747 3.513911 3.513911
2.841705 2.841705 2.858308 2.886508 2.906887 2.906887 2.922957 2.947751 2.947751 2.967236 2.967236 2.983929 2.991585 2.998885 3.007286 3.007286 3.143211 3.223322 3.298303 3.365205 3.423035 3.471555 3.510826 3.541009 3.562286 3.574851 3.578933 3.574851 3.563158 3.544780 3.544780 3.532884 3.519735 3.366965 3.260077 3.260077 3.202293 3.202293 3.274948 3.274948 3.321712 3.410186 3.410186 3.485020 3.485020 3.548056 3.548056 3.548056 3.553184 3.553184 3.540974 3.540974 3.527606 3.527606 3.521426 3.521426 3.521789 3.521789
2.841540 2.841540 2.856735 2.886426 2.907223 2.907223 2.923229 2.947809 2.947809 2.967244 2.967244 2.983944 2.991605 2.998912 3.007844 3.007844 3.180178 3.269058 3.349060 3.418773 3.478182 3.527678 3.567726 3.598735 3.621017 3.634797 3.640258 3.637562 3.626642 3.605151 3.605151 3.569700 3.490498 3.149444 3.047352 3.047352 3.092719 3.092719 3.213104 3.213104 3.270603 3.372825 3.372825 3.458524 3.458524 3.543360 3.543360 3.543360 3.564854 3.564854 3.562780 3.562780 3.549829 3.549829 3.536220 3.536220 3.525959 3.525959
2.841328 2.841328 2.853926 2.886309 2.907801 2.907801 2.923667 2.947913 2.947913 2.967288 2.967288 2.984004 2.991676 2.998986 3.008645 3.008645 3.231440 3.328934 3.412354 3.482649 3.541220 3.589330 3.627973 3.657868 3.679499 3.693157 3.698994 3.696983 3.685738 3.654391 3.654391 3.568008 3.369232 2.903630 2.878092 2.878092 3.017015 3.017015 3.159468 3.159468 3.222302 3.333031 3.333031 3.426652 3.426652 3.527513 3.527513 3.527513 3.562444 3.562444 3.570925 3.570925 3.561233 3.561233 3.542961 3.542961 3.523174 3.523174
