cruce_test.gid/Rasters/Hydraulic/Velocity____13.0.asc
NCOLS        79
NROWS        79
XLLCENTER         -1.500000
YLLCENTER         -4.800000
CELLSIZE           0.100
NODATA_VALUE     -9999.0
[rows 0 to 26 of 79, columns 0 to 59 of 79]
-9999.000 -9999.000 -9999.000 -9999.000 -9999.000 -9999.000 -9999.000 -9999.000 -9999.000 -9999.000 -9999.000 -9999.000 -9999.000 -9999.000 -9999.000 1.350594 1.363538 1.363955 1.364102 1.364156 1.364176 1.364183 1.364184 1.364183 1.364176 1.364156 1.364102 1.363955 1.363538 1.350594 1.350594 -9999.000 -9999.000 -9999.000 -9999.000 -9999.000 -9999.000 -9999.000 -9999.000 -9999.000 -9999.000 -9999.000 -9999.000 -9999.000 -9999.000 -9999.000 -9999.000 -9999.000 -9999.000 -9999.000 -9999.000 -9999.000 -9999.000 -9999.000 -9999.000 -9999.000 -9999.000 -9999.000 -9999.000 -9999.000
-9999.000 -9999.000 -9999.000 -9999.000 -9999.000 -9999.000 -9999.000 -9999.000 -9999.000 -9999.000 -9999.000 -9999.000 -9999.000 -9999.000 -9999.000 1.335969 1.359540 1.360353 1.360715 1.360881 1.360954 1.360983 1.360991 1.360984 1.360954 1.360881 1.360715 1.360353 1.359540 1.335969 1.335969 -9999.000 -9999.000 -9999.000 -9999.000 -9999.000 -9999.000 -9999.000 -9999.000 -9999.000 -9999.000 -9999.000 -9999.000 -9999.000 -9999.000 -9999.000 -9999.000 -9999.000 -9999.000 -9999.000 -9999.000 -9999.000 -9999.000 -9999.000 -9999.000 -9999.000 -9999.000 -9999.000 -9999.000 -9999.000
-9999.000 -9999.000 -9999.000 -9999.000 -9999.000 -9999.000 -9999.000 -9999.000 -9999.000 -9999.000 -9999.000 -9999.000 -9999.000 -9999.000 -9999.000 1.323147 1.355746 1.356819 1.357371 1.357677 1.357833 1.357904 1.357924 1.357904 1.357833 1.357677 1.357371 1.356819 1.355746 1.323148 1.323148 -9999.000 -9999.000 -9999.000 -9999.000 -9999.000 -9999.000 -9999.000 -9999.000 -9999.000 -9999.000 -9999.000 -9999.000 -9999.000 -9999.000 -9999.000 -9999.000 -9999.000 -9999.000 -9999.000 -9999.000 -9999.000 -9999.000 -9999.000 -9999.000 -9999.000 -9999.000 -9999.000 -9999.000 -9999.000
-9999.000 -9999.000 -9999.000 -9999.000 -9999.000 -9999.000 -9999.000 -9999.000 -9999.000 -9999.000 -9999.000 -9999.000 -9999.000 -9999.000 -9999.000 1.311693 1.352257 1.353452 1.354111 1.354542 1.354794 1.354919 1.354957 1.354919 1.354793 1.354543 1.354111 1.353452 1.352257 1.311693 1.311693 -9999.000 -9999.000 -9999.000 -9999.000 -9999.000 -9999.000 -9999.000 -9999.000 -9999.000 -9999.000 -9999.000 -9999.000 -9999.000 -9999.000 -9999.000 -9999.000 -9999.000 -9999.000 -9999.000 -9999.000 -9999.000 -9999.000 -9999.000 -9999.000 -9999.000 -9999.000 -9999.000 -9999.000 -9999.000
-9999.000 -9999.000 -9999.000 -9999.000 -9999.000 -9999.000 -9999.000 -9999.000 -9999.000 -9999.000 -9999.000 -9999.000 -9999.000 -9999.000 -9999.000 1.301238 1.349089 1.350321 1.350986 1.351494 1.351828 1.352011 1.352068 1.352011 1.351828 1.351494 1.350986 1.350321 1.349089 1.301238 1.301238 -9999.000 -9999.000 -9999.000 -9999.000 -9999.000 -9999.000 -9999.000 -9999.000 -9999.000 -9999.000 -9999.000 -9999.000 -9999.000 -9999.000 -9999.000 -9999.000 -9999.000 -9999.000 -9999.000 -9999.000 -9999.000 -9999.000 -9999.000 -9999.000 -9999.000 -9999.000 -9999.000 -9999.000 -9999.000
-9999.000 -9999.000 -9999.000 -9999.000 -9999.000 -9999.000 -9999.000 -9999.000 -9999.000 -9999.000 -9999.000 -9999.000 -9999.000 -9999.000 -9999.000 1.291501 1.346216 1.347454 1.348039 1.348558 1.348942 1.349169 1.349244 1.349169 1.348942 1.348559 1.348039 1.347454 1.346216 1.291501 1.291501 -9999.000 -9999.000 -9999.000 -9999.000 -9999.000 -9999.000 -9999.000 -9999.000 -9999.000 -9999.000 -9999.000 -9999.000 -9999.000 -9999.000 -9999.000 -9999.000 -9999.000 -9999.000 -9999.000 -9999.000 -9999.000 -9999.000 -9999.000 -9999.000 -9999.000 -9999.000 -9999.000 -9999.000 -9999.000
-9999.000 -9999.000 -9999.000 -9999.000 -9999.000 -9999.000 -9999.000 -9999.000 -9999.000 -9999.000 -9999.000 -9999.000 -9999.000 -9999.000 -9999.000 1.282284 1.343593 1.344847 1.345293 1.345761 1.346148 1.346394 1.346479 1.346395 1.346148 1.345761 1.345293 1.344847 1.343593 1.282284 1.282284 -9999.000 -9999.000 -9999.000 -9999.000 -9999.000 -9999.000 -9999.000 -9999.000 -9999.000 -9999.000 -9999.000 -9999.000 -9999.000 -9999.000 -9999.000 -9999.000 -9999.000 -9999.000 -9999.000 -9999.000 -9999.000 -9999.000 -9999.000 -9999.000 -9999.000 -9999.000 -9999.000 -9999.000 -9999.000
-9999.000 -9999.000 -9999.000 -9999.000 -9999.000 -9999.000 -9999.000 -9999.000 -9999.000 -9999.000 -9999.000 -9999.000 -9999.000 -9999.000 -9999.000 1.273457 1.341173 1.342480 1.342756 1.343119 1.343462 1.343698 1.343782 1.343698 1.343462 1.343119 1.342756 1.342479 1.341173 1.273457 1.273457 -9999.000 -9999.000 -9999.000 -9999.000 -9999.000 -9999.000 -9999.000 -9999.000 -9999.000 -9999.000 -9999.000 -9999.000 -9999.000 -9999.000 -9999.000 -9999.000 -9999.000 -9999.000 -9999.000 -9999.000 -9999.000 -9999.000 -9999.000 -9999.000 -9999.000 -9999.000 -9999.000 -9999.000 -9999.000
-9999.000 -9999.000 -9999.000 -9999.000 -9999.000 -9999.000 -9999.000 -9999.000 -9999.000 -9999.000 -9999.000 -9999.000 -9999.000 -9999.000 -9999.000 0.8700106 1.167743 1.319882 1.338343 1.340208 1.340813 1.341079 1.341165 1.341096 1.340901 1.340644 1.340420 1.340318 1.338913 1.264935 1.264935 -9999.000 -9999.000 -9999.000 -9999.000 -9999.000 -9999.000 -9999.000 -9999.000 -9999.000 -9999.000 -9999.000 -9999.000 -9999.000 -9999.000 -9999.000 -9999.000 -9999.000 -9999.000 -9999.000 -9999.000 -9999.000 -9999.000 -9999.000 -9999.000 -9999.000 -9999.000 -9999.000 -9999.000 -9999.000
-9999.000 -9999.000 -9999.000 -9999.000 -9999.000 -9999.000 -9999.000 -9999.000 -9999.000 -9999.000 -9999.000 -9999.000 -9999.000 -9999.000 -9999.000 0.3774375 0.4977725 0.5651705 0.6619607 0.8026254 1.003265 1.242748 1.326411 1.335986 1.337857 1.338189 1.338234 1.338322 1.336778 1.256665 1.256665 -9999.000 -9999.000 -9999.000 -9999.000 -9999.000 -9999.000 -9999.000 -9999.000 -9999.000 -9999.000 -9999.000 -9999.000 -9999.000 -9999.000 -9999.000 -9999.000 -9999.000 -9999.000 -9999.000 -9999.000 -9999.000 -9999.000 -9999.000 -9999.000 -9999.000 -9999.000 -9999.000 -9999.000 -9999.000
-9999.000 -9999.000 -9999.000 -9999.000 -9999.000 -9999.000 -9999.000 -9999.000 -9999.000 -9999.000 -9999.000 -9999.000 -9999.000 -9999.000 -9999.000 0.2843344 0.3881546 0.4362401 0.4677230 0.4992123 0.5405483 0.5987495 0.7069618 0.8978641 1.170419 1.303634 1.328844 1.334566 1.334271 1.248362 1.248362 -9999.000 -9999.000 -9999.000 -9999.000 -9999.000 -9999.000 -9999.000 -9999.000 -9999.000 -9999.000 -9999.000 -9999.000 -9999.000 -9999.000 -9999.000 -9999.000 -9999.000 -9999.000 -9999.000 -9999.000 -9999.000 -9999.000 -9999.000 -9999.000 -9999.000 -9999.000 -9999.000 -9999.000 -9999.000
-9999.000 -9999.000 -9999.000 -9999.000 -9999.000 -9999.000 -9999.000 -9999.000 -9999.000 -9999.000 -9999.000 -9999.000 -9999.000 -9999.000 -9999.000 0.2207773 0.3190482 0.3780928 0.4223437 0.4616453 0.4988757 0.5289659 0.5520598 0.5879862 0.6477152 0.7619445 0.9579639 1.203179 1.305890 1.213477 1.213477 -9999.000 -9999.000 -9999.000 -9999.000 -9999.000 -9999.000 -9999.000 -9999.000 -9999.000 -9999.000 -9999.000 -9999.000 -9999.000 -9999.000 -9999.000 -9999.000 -9999.000 -9999.000 -9999.000 -9999.000 -9999.000 -9999.000 -9999.000 -9999.000 -9999.000 -9999.000 -9999.000 -9999.000 -9999.000
-9999.000 -9999.000 -9999.000 -9999.000 -9999.000 -9999.000 -9999.000 -9999.000 -9999.000 -9999.000 -9999.000 -9999.000 -9999.000 -9999.000 -9999.000 0.1643305 0.2563607 0.3243398 0.3800041 0.4288905 0.4718455 0.5054855 0.5329310 0.5636564 0.5904550 0.6018873 0.6170487 0.6453983 0.6992602 0.5518809 0.5518809 -9999.000 -9999.000 -9999.000 -9999.000 -9999.000 -9999.000 -9999.000 -9999.000 -9999.000 -9999.000 -9999.000 -9999.000 -9999.000 -9999.000 -9999.000 -9999.000 -9999.000 -9999.000 -9999.000 -9999.000 -9999.000 -9999.000 -9999.000 -9999.000 -9999.000 -9999.000 -9999.000 -9999.000 -9999.000
-9999.000 -9999.000 -9999.000 -9999.000 -9999.000 -9999.000 -9999.000 -9999.000 -9999.000 -9999.000 -9999.000 -9999.000 -9999.000 -9999.000 -9999.000 0.1124590 0.1977812 0.2727602 0.3382666 0.3960928 0.4457186 0.4855805 0.5195397 0.5518563 0.5746386 0.5820738 0.5845082 0.5783318 0.5694509 0.4590369 0.4590369 -9999.000 -9999.000 -9999.000 -9999.000 -9999.000 -9999.000 -9999.000 -9999.000 -9999.000 -9999.000 -9999.000 -9999.000 -9999.000 -9999.000 -9999.000 -9999.000 -9999.000 -9999.000 -9999.000 -9999.000 -9999.000 -9999.000 -9999.000 -9999.000 -9999.000 -9999.000 -9999.000 -9999.000 -9999.000
-9999.000 -9999.000 -9999.000 -9999.000 -9999.000 -9999.000 -9999.000 -9999.000 -9999.000 -9999.000 -9999.000 -9999.000 -9999.000 -9999.000 -9999.000 0.6630965E-01 0.1461397 0.2266828 0.3002349 0.3657502 0.4220657 0.4687782 0.5091686 0.5448790 0.5706158 0.5869506 0.6033059 0.6200572 0.6467852 0.5885929 0.5885929 -9999.000 -9999.000 -9999.000 -9999.000 -9999.000 -9999.000 -9999.000 -9999.000 -9999.000 -9999.000 -9999.000 -9999.000 -9999.000 -9999.000 -9999.000 -9999.000 -9999.000 -9999.000 -9999.000 -9999.000 -9999.000 -9999.000 -9999.000 -9999.000 -9999.000 -9999.000 -9999.000 -9999.000 -9999.000
0.7004843 0.7004843 0.6562479 0.6373264 0.6278864 0.6278864 0.6181469 0.5965527 0.5965527 0.5691371 0.5691371 0.5296075 0.5016003 0.4648287 0.4160759 0.4160759 0.3262937 0.3310668 0.3578278 0.3959578 0.4375513 0.4781274 0.5172505 0.5540947 0.5854482 0.6150897 0.6521019 0.7028273 0.7891352 0.9194068 0.9194068 1.245402 1.395639 -9999.000 0.6055207 0.6055207 0.1376011 0.1376011 0.7299057E-01 0.7299057E-01 0.6061029E-01 0.4800495E-01 0.4800495E-01 0.1148508 0.1148508 0.2137379 0.2137379 0.2137379 0.2761005 0.2761005 0.3320457 0.3320457 0.3826524 0.3826524 0.4290108 0.4290108 0.4711804 0.4711804 0.4711804 0.5050727
0.7087746 0.7087746 0.6640957 0.6501704 0.6426911 0.6426911 0.6344917 0.6145013 0.6145013 0.5868742 0.5868742 0.5482300 0.5240772 0.4968032 0.4671241 0.4671241 0.4230966 0.4219678 0.4332340 0.4539243 0.4808046 0.5113493 0.5446074 0.5790265 0.6125292 0.6485547 0.6930757 0.7506373 0.8340276 0.9352999 0.9352999 1.134318 1.221408 1.196561 1.133466 1.133466 0.9164113 0.9164113 0.7914500 0.7914500 0.6738094 0.5185892 0.5185892 0.5162735 0.5162735 0.5397505 0.5397505 0.5397505 0.5644127 0.5644127 0.5907026 0.5907026 0.6173899 0.6173899 0.6441703 0.6441703 0.6721306 0.6721306 0.6721306 0.6947944
0.7114286 0.7114286 0.6643046 0.6512307 0.6443540 0.6443540 0.6369501 0.6194494 0.6194494 0.5963145 0.5963145 0.5655841 0.5472522 0.5273550 0.5067199 0.5067199 0.4804583 0.4815724 0.4909707 0.5067515 0.5273798 0.5520141 0.5804382 0.6116982 0.6448663 0.6826464 0.7289335 0.7872711 0.8663133 0.9628077 0.9628077 1.138628 1.213068 1.235091 1.220618 1.220618 1.141505 1.141505 1.048832 1.048832 0.9886898 0.9210539 0.9210539 0.8913837 0.8913837 0.8453908 0.8453908 0.8453908 0.8286397 0.8286397 0.8187763 0.8187763 0.8152440 0.8152440 0.8165516 0.8165516 0.8231943 0.8231943 0.8231943 0.8281678
0.7144833 0.7144833 0.6647252 0.6524888 0.6462390 0.6462390 0.6396546 0.6246454 0.6246454 0.6057532 0.6057532 0.5819003 0.5682400 0.5538557 0.5394183 0.5394183 0.5243636 0.5274037 0.5369202 0.5515110 0.5700726 0.5922161 0.6179868 0.6469748 0.6790771 0.7164509 0.7618201 0.8181067 0.8915873 0.9834753 0.9834753 1.142526 1.217468 1.256032 1.253836 1.253836 1.217288 1.217288 1.138304 1.138304 1.091143 1.042473 1.042473 1.045726 1.045726 1.038269 1.038269 1.038269 1.019931 1.019931 0.9968687 0.9968687 0.9761500 0.9761500 0.9601828 0.9601828 0.9502261 0.9502261 0.9502261 0.9416106
0.7179565 0.7179565 0.6653740 0.6541033 0.6485529 0.6485529 0.6428580 0.6304173 0.6304173 0.6156043 0.6156043 0.5978774 0.5881411 0.5781978 0.5685381 0.5685381 0.5620562 0.5667731 0.5766559 0.5908873 0.6086951 0.6297982 0.6542178 0.6817921 0.7128057 0.7489710 0.7923223 0.8453239 0.9127695 0.9984260 0.9984260 1.141346 1.217360 1.264289 1.266623 1.266623 1.232689 1.232689 1.156634 1.156634 1.122670 1.100824 1.100824 1.122843 1.122843 1.145148 1.145148 1.145148 1.140555 1.140555 1.120453 1.120453 1.094368 1.094368 1.069074 1.069074 1.048312 1.048312 1.048312 1.030244
0.7217394 0.7217394 0.6661676 0.6559715 0.6511710 0.6511710 0.6464092 0.6365784 0.6365784 0.6257355 0.6257355 0.6136954 0.6074681 0.6013933 0.5957846 0.5957846 0.5966806 0.6030578 0.6133955 0.6274080 0.6446899 0.6650742 0.6885484 0.7150506 0.7449664 0.7796023 0.8205073 0.8697441 0.9311051 1.009573 1.009573 1.136527 1.211937 1.258027 1.255246 1.255246 1.205461 1.205461 1.143873 1.143873 1.128272 1.136445 1.136445 1.170578 1.170578 1.207797 1.207797 1.207797 1.216596 1.216596 1.206596 1.206596 1.183198 1.183198 1.154090 1.154090 1.125771 1.125771 1.125771 1.099935
0.7257019 0.7257019 0.6670514 0.6580166 0.6539982 0.6539982 0.6501961 0.6429923 0.6429923 0.6360496 0.6360496 0.6294841 0.6265884 0.6241544 0.6223215 0.6223215 0.6301801 0.6382743 0.6491493 0.6629412 0.6795989 0.6991234 0.7215427 0.7468656 0.7754560 0.8082584 0.8464211 0.8916073 0.9468462 1.017450 1.017450 1.128005 1.198873 1.226077 1.208676 1.208676 1.152655 1.152655 1.125978 1.125978 1.130074 1.161411 1.161411 1.202165 1.202165 1.245996 1.245996 1.245996 1.263214 1.263214 1.263677 1.263677 1.248363 1.248363 1.221584 1.221584 1.189866 1.189866 1.189866 1.157896
0.7296857 0.7296857 0.6679782 0.6601563 0.6569332 0.6569332 0.6540964 0.6495070 0.6495070 0.6464188 0.6464188 0.6452913 0.6457442 0.6470165 0.6490769 0.6490769 0.6641169 0.6739752 0.6854175 0.6989292 0.7147744 0.7331460 0.7541711 0.7779353 0.8047447 0.8352317 0.8701680 0.9107703 0.9593450 1.020716 1.020716 1.112200 1.169802 1.158179 1.131222 1.131222 1.099214 1.099214 1.114793 1.114793 1.133604 1.178694 1.178694 1.222966 1.222966 1.270076 1.270076 1.270076 1.291822 1.291822 1.299427 1.299427 1.292579 1.292579 1.272304 1.272304 1.242252 1.242252 1.242252 1.207451
0.7335139 0.7335139 0.6689106 0.6623126 0.6598737 0.6598737 0.6579852 0.6559566 0.6559566 0.6566717 0.6566717 0.6610637 0.6650463 0.6703720 0.6768756 0.6768756 0.7000267 0.7116288 0.7235467 0.7366214 0.7514046 0.7682754 0.7874752 0.8091550 0.8335406 0.8609585 0.8917471 0.9265153 0.9666456 1.015658 1.015658 1.080252 1.110431 1.065935 1.047376 1.047376 1.059350 1.059350 1.108849 1.108849 1.136146 1.188771 1.188771 1.235387 1.235387 1.284847 1.284847 1.284847 1.309296 1.309296 1.321211 1.321211 1.320489 1.320489 1.307091 1.307091 1.282065 1.282065 1.282065 1.248471
0.7369897 0.7369897 0.6698168 0.6644033 0.6627111 0.6627111 0.6617247 0.6621485 0.6621485 0.6665794 0.6665794 0.6766258 0.6844495 0.6944642 0.7065181 0.7065181 0.7396935 0.7528573 0.7649464 0.7772533 0.7906138 0.8055718 0.8224561 0.8414309 0.8625666 0.8857802 0.9107408 0.9370342 0.9646073 0.9951965 0.9951965 1.023906 1.015865 0.9765578 0.9725727 0.9725727 1.029489 1.029489 1.102074 1.102074 1.134198 1.191790 1.191790 1.240674 1.240674 1.292582 1.292582 1.292582 1.319145 1.319145 1.333937 1.333937 1.337231 1.337231 1.329054 1.329054 1.309499 1.309499 1.309499 1.279752
0.7399145 0.7399145 0.6706833 0.6663646 0.6653557 0.6653557 0.6651990 0.6679051 0.6679051 0.6758935 0.6758935 0.6916900 0.7037314 0.7193360 0.7388026 0.7388026 0.7854945 0.7996756 0.8112711 0.8221960 0.8335794 0.8460920 0.8600848 0.8756227 0.8924339 0.9096985 0.9258249 0.9385533 0.9457227 0.9466736 0.9466736 0.9309955 0.9056807 0.9069291 0.9301766 0.9301766 0.9987578 0.9987578 1.093593 1.093593 1.128781 1.189803 1.189803 1.240619 1.240619 1.295037 1.295037 1.295037 1.323569 1.323569 1.340619 1.340619 1.346688 1.346688 1.342054 1.342054 1.326774 1.326774 1.326774 1.301270
0.7420909 0.7420909 0.6715159 0.6681415 0.6677256 0.6677256 0.6682968 0.6730422 0.6730422 0.6843184 0.6843184 0.7057924 0.7223651 0.7445869 0.7742507 0.7742507 0.8408930 0.8547726 0.8645980 0.8730904 0.8816481 0.8909904 0.9013783 0.9125795 0.9235879 0.9321120 0.9342150 0.9251769 0.9023648 0.8673022 0.8673022 0.8187200 0.8035844 0.8535042 0.8940300 0.8940300 0.9745974 0.9745974 1.084692 1.084692 1.122092 1.185680 1.185680 1.238209 1.238209 1.294897 1.294897 1.294897 1.325033 1.325033 1.343718 1.343718 1.351593 1.351593 1.349148 1.349148 1.336628 1.336628 1.336628 1.314373
