cruce_test.gid/Rasters/Hydraulic/Velocity____345.0.asc
NCOLS        79
NROWS        79
XLLCENTER         -1.500000
YLLCENTER         -4.800000
CELLSIZE           0.100
NODATA_VALUE     -9999.0
[rows 0 to 26 of 79, columns 0 to 59 of 79]
-9999.000 -9999.000 -9999.000 -9999.000 -9999.000 -9999.000 -9999.000 -9999.000 -9999.000 -9999.000 -9999.000 -9999.000 -9999.000 -9999.000 -9999.000 0.1002676 0.9872208E-01 0.9881333E-01 0.9930757E-01 0.9998337E-01 0.1007294 0.1014433 0.1020420 0.1025225 0.1028709 0.1031018 0.1032879 0.1036406 0.1047630 0.1057818 0.1057818 -9999.000 -9999.000 -9999.000 -9999.000 -9999.000 -9999.000 -9999.000 -9999.000 -9999.000 -9999.000 -9999.000 -9999.000 -9999.000 -9999.000 -9999.000 -9999.000 -9999.000 -9999.000 -9999.000 -9999.000 -9999.000 -9999.000 -9999.000 -9999.000 -9999.000 -9999.000 -9999.000 -9999.000 -9999.000
-9999.000 -9999.000 -9999.000 -9999.000 -9999.000 -9999.000 -9999.000 -9999.000 -9999.000 -9999.000 -9999.000 -9999.000 -9999.000 -9999.000 -9999.000 0.9838805E-01 0.9530614E-01 0.9555090E-01 0.9664347E-01 0.9812433E-01 0.9976549E-01 0.1013563 0.1027194 0.1038392 0.1046809 0.1052710 0.1057676 0.1066471 0.1092483 0.1119789 0.1119789 -9999.000 -9999.000 -9999.000 -9999.000 -9999.000 -9999.000 -9999.000 -9999.000 -9999.000 -9999.000 -9999.000 -9999.000 -9999.000 -9999.000 -9999.000 -9999.000 -9999.000 -9999.000 -9999.000 -9999.000 -9999.000 -9999.000 -9999.000 -9999.000 -9999.000 -9999.000 -9999.000 -9999.000 -9999.000
-9999.000 -9999.000 -9999.000 -9999.000 -9999.000 -9999.000 -9999.000 -9999.000 -9999.000 -9999.000 -9999.000 -9999.000 -9999.000 -9999.000 -9999.000 0.9502114E-01 0.9040479E-01 0.9082254E-01 0.9261142E-01 0.9504469E-01 0.9776983E-01 0.1004645 0.1028542 0.1049158 0.1065894 0.1079072 0.1091107 0.1109554 0.1155825 0.1208674 0.1208674 -9999.000 -9999.000 -9999.000 -9999.000 -9999.000 -9999.000 -9999.000 -9999.000 -9999.000 -9999.000 -9999.000 -9999.000 -9999.000 -9999.000 -9999.000 -9999.000 -9999.000 -9999.000 -9999.000 -9999.000 -9999.000 -9999.000 -9999.000 -9999.000 -9999.000 -9999.000 -9999.000 -9999.000 -9999.000
-9999.000 -9999.000 -9999.000 -9999.000 -9999.000 -9999.000 -9999.000 -9999.000 -9999.000 -9999.000 -9999.000 -9999.000 -9999.000 -9999.000 -9999.000 0.9092990E-01 0.8490782E-01 0.8552179E-01 0.8803667E-01 0.9145690E-01 0.9531028E-01 0.9916993E-01 0.1026696 0.1057841 0.1084248 0.1106224 0.1126939 0.1156737 0.1225369 0.1309542 0.1309542 -9999.000 -9999.000 -9999.000 -9999.000 -9999.000 -9999.000 -9999.000 -9999.000 -9999.000 -9999.000 -9999.000 -9999.000 -9999.000 -9999.000 -9999.000 -9999.000 -9999.000 -9999.000 -9999.000 -9999.000 -9999.000 -9999.000 -9999.000 -9999.000 -9999.000 -9999.000 -9999.000 -9999.000 -9999.000
-9999.000 -9999.000 -9999.000 -9999.000 -9999.000 -9999.000 -9999.000 -9999.000 -9999.000 -9999.000 -9999.000 -9999.000 -9999.000 -9999.000 -9999.000 0.8634507E-01 0.7901678E-01 0.7985543E-01 0.8312846E-01 0.8756660E-01 0.9258161E-01 0.9764600E-01 0.1023069 0.1065415 0.1102296 0.1133968 0.1164340 0.1206639 0.1299451 0.1421003 0.1421003 -9999.000 -9999.000 -9999.000 -9999.000 -9999.000 -9999.000 -9999.000 -9999.000 -9999.000 -9999.000 -9999.000 -9999.000 -9999.000 -9999.000 -9999.000 -9999.000 -9999.000 -9999.000 -9999.000 -9999.000 -9999.000 -9999.000 -9999.000 -9999.000 -9999.000 -9999.000 -9999.000 -9999.000 -9999.000
-9999.000 -9999.000 -9999.000 -9999.000 -9999.000 -9999.000 -9999.000 -9999.000 -9999.000 -9999.000 -9999.000 -9999.000 -9999.000 -9999.000 -9999.000 0.8135726E-01 0.7282302E-01 0.7392913E-01 0.7800184E-01 0.8349228E-01 0.8969851E-01 0.9599735E-01 0.1018539 0.1072531 0.1120403 0.1162339 0.1203014 0.1258693 0.1377449 0.1543307 0.1543307 -9999.000 -9999.000 -9999.000 -9999.000 -9999.000 -9999.000 -9999.000 -9999.000 -9999.000 -9999.000 -9999.000 -9999.000 -9999.000 -9999.000 -9999.000 -9999.000 -9999.000 -9999.000 -9999.000 -9999.000 -9999.000 -9999.000 -9999.000 -9999.000 -9999.000 -9999.000 -9999.000 -9999.000 -9999.000
-9999.000 -9999.000 -9999.000 -9999.000 -9999.000 -9999.000 -9999.000 -9999.000 -9999.000 -9999.000 -9999.000 -9999.000 -9999.000 -9999.000 -9999.000 0.7598868E-01 0.6636287E-01 0.6779853E-01 0.7272412E-01 0.7930420E-01 0.8672810E-01 0.9428442E-01 0.1013605 0.1079563 0.1138786 0.1191383 0.1242836 0.1312664 0.1459235 0.1677734 0.1677734 -9999.000 -9999.000 -9999.000 -9999.000 -9999.000 -9999.000 -9999.000 -9999.000 -9999.000 -9999.000 -9999.000 -9999.000 -9999.000 -9999.000 -9999.000 -9999.000 -9999.000 -9999.000 -9999.000 -9999.000 -9999.000 -9999.000 -9999.000 -9999.000 -9999.000 -9999.000 -9999.000 -9999.000 -9999.000
-9999.000 -9999.000 -9999.000 -9999.000 -9999.000 -9999.000 -9999.000 -9999.000 -9999.000 -9999.000 -9999.000 -9999.000 -9999.000 -9999.000 -9999.000 0.7022697E-01 0.5964863E-01 0.6150021E-01 0.6734467E-01 0.7505228E-01 0.8371540E-01 0.9254472E-01 0.1008566 0.1086731 0.1157574 0.1221121 0.1283735 0.1368453 0.1544937 0.1826402 0.1826402 -9999.000 -9999.000 -9999.000 -9999.000 -9999.000 -9999.000 -9999.000 -9999.000 -9999.000 -9999.000 -9999.000 -9999.000 -9999.000 -9999.000 -9999.000 -9999.000 -9999.000 -9999.000 -9999.000 -9999.000 -9999.000 -9999.000 -9999.000 -9999.000 -9999.000 -9999.000 -9999.000 -9999.000 -9999.000
-9999.000 -9999.000 -9999.000 -9999.000 -9999.000 -9999.000 -9999.000 -9999.000 -9999.000 -9999.000 -9999.000 -9999.000 -9999.000 -9999.000 -9999.000 0.6404095E-01 0.5268439E-01 0.5507293E-01 0.6191527E-01 0.7078480E-01 0.8069920E-01 0.9080806E-01 0.1003639 0.1094186 0.1176847 0.1251565 0.1325672 0.1426038 0.1634825 0.1992300 0.1992300 -9999.000 -9999.000 -9999.000 -9999.000 -9999.000 -9999.000 -9999.000 -9999.000 -9999.000 -9999.000 -9999.000 -9999.000 -9999.000 -9999.000 -9999.000 -9999.000 -9999.000 -9999.000 -9999.000 -9999.000 -9999.000 -9999.000 -9999.000 -9999.000 -9999.000 -9999.000 -9999.000 -9999.000 -9999.000
-9999.000 -9999.000 -9999.000 -9999.000 -9999.000 -9999.000 -9999.000 -9999.000 -9999.000 -9999.000 -9999.000 -9999.000 -9999.000 -9999.000 -9999.000 0.5738785E-01 0.4548028E-01 0.4857926E-01 0.5651012E-01 0.6656308E-01 0.7772420E-01 0.8910584E-01 0.9990503E-01 0.1102087 0.1196699 0.1282745 0.1368625 0.1485430 0.1729266 0.2179508 0.2179508 -9999.000 -9999.000 -9999.000 -9999.000 -9999.000 -9999.000 -9999.000 -9999.000 -9999.000 -9999.000 -9999.000 -9999.000 -9999.000 -9999.000 -9999.000 -9999.000 -9999.000 -9999.000 -9999.000 -9999.000 -9999.000 -9999.000 -9999.000 -9999.000 -9999.000 -9999.000 -9999.000 -9999.000 -9999.000
-9999.000 -9999.000 -9999.000 -9999.000 -9999.000 -9999.000 -9999.000 -9999.000 -9999.000 -9999.000 -9999.000 -9999.000 -9999.000 -9999.000 -9999.000 0.5021654E-01 0.3807356E-01 0.4213891E-01 0.5124899E-01 0.6247691E-01 0.7485212E-01 0.8748117E-01 0.9950999E-01 0.1110653 0.1217275 0.1314728 0.1412609 0.1546678 0.1828716 0.2393614 0.2393614 -9999.000 -9999.000 -9999.000 -9999.000 -9999.000 -9999.000 -9999.000 -9999.000 -9999.000 -9999.000 -9999.000 -9999.000 -9999.000 -9999.000 -9999.000 -9999.000 -9999.000 -9999.000 -9999.000 -9999.000 -9999.000 -9999.000 -9999.000 -9999.000 -9999.000 -9999.000 -9999.000 -9999.000 -9999.000
-9999.000 -9999.000 -9999.000 -9999.000 -9999.000 -9999.000 -9999.000 -9999.000 -9999.000 -9999.000 -9999.000 -9999.000 -9999.000 -9999.000 -9999.000 0.4246996E-01 0.3058404E-01 0.3599773E-01 0.4633772E-01 0.5866712E-01 0.7217649E-01 0.8599944E-01 0.9922790E-01 0.1120265 0.1238853 0.1347703 0.1457743 0.1609916 0.1933738 0.2642431 0.2642431 -9999.000 -9999.000 -9999.000 -9999.000 -9999.000 -9999.000 -9999.000 -9999.000 -9999.000 -9999.000 -9999.000 -9999.000 -9999.000 -9999.000 -9999.000 -9999.000 -9999.000 -9999.000 -9999.000 -9999.000 -9999.000 -9999.000 -9999.000 -9999.000 -9999.000 -9999.000 -9999.000 -9999.000 -9999.000
-9999.000 -9999.000 -9999.000 -9999.000 -9999.000 -9999.000 -9999.000 -9999.000 -9999.000 -9999.000 -9999.000 -9999.000 -9999.000 -9999.000 -9999.000 0.3409250E-01 0.2338163E-01 0.3067036E-01 0.4213249E-01 0.5536025E-01 0.6984755E-01 0.8476920E-01 0.9914396E-01 0.1131623 0.1262004 0.1382121 0.1504373 0.1675467 0.2045081 0.2937185 0.2937185 -9999.000 -9999.000 -9999.000 -9999.000 -9999.000 -9999.000 -9999.000 -9999.000 -9999.000 -9999.000 -9999.000 -9999.000 -9999.000 -9999.000 -9999.000 -9999.000 -9999.000 -9999.000 -9999.000 -9999.000 -9999.000 -9999.000 -9999.000 -9999.000 -9999.000 -9999.000 -9999.000 -9999.000 -9999.000
-9999.000 -9999.000 -9999.000 -9999.000 -9999.000 -9999.000 -9999.000 -9999.000 -9999.000 -9999.000 -9999.000 -9999.000 -9999.000 -9999.000 -9999.000 0.2503670E-01 0.1775582E-01 0.2732919E-01 0.3939295E-01 0.5307766E-01 0.6824597E-01 0.8408538E-01 0.9949831E-01 0.1146723 0.1288405 0.1419398 0.1553702 0.1744369 0.2164018 0.3294860 0.3294860 -9999.000 -9999.000 -9999.000 -9999.000 -9999.000 -9999.000 -9999.000 -9999.000 -9999.000 -9999.000 -9999.000 -9999.000 -9999.000 -9999.000 -9999.000 -9999.000 -9999.000 -9999.000 -9999.000 -9999.000 -9999.000 -9999.000 -9999.000 -9999.000 -9999.000 -9999.000 -9999.000 -9999.000 -9999.000
-9999.000 -9999.000 -9999.000 -9999.000 -9999.000 -9999.000 -9999.000 -9999.000 -9999.000 -9999.000 -9999.000 -9999.000 -9999.000 -9999.000 -9999.000 0.3222533E-01 0.4974157E-01 0.5792171E-01 0.6567992E-01 0.7394578E-01 0.8377805E-01 0.9528507E-01 0.1075937 0.1207726 0.1337852 0.1463743 0.1599621 0.1804770 0.2277721 0.3711067 0.3711067 -9999.000 -9999.000 -9999.000 -9999.000 -9999.000 -9999.000 -9999.000 -9999.000 -9999.000 -9999.000 -9999.000 -9999.000 -9999.000 -9999.000 -9999.000 -9999.000 -9999.000 -9999.000 -9999.000 -9999.000 -9999.000 -9999.000 -9999.000 -9999.000 -9999.000 -9999.000 -9999.000 -9999.000 -9999.000
2.685278 2.685278 2.670967 2.701955 2.720577 2.720577 2.723909 2.724750 2.724750 2.722161 2.722161 2.717031 2.713749 2.710108 2.706255 2.706255 2.777972 2.780074 2.767171 2.737749 2.689853 2.621498 2.531786 2.422805 2.295145 2.151269 1.996153 1.841352 1.714946 1.691034 1.691034 2.516279 2.680279 2.765298 2.784420 2.784420 2.803746 2.803746 2.762307 2.762307 2.704861 2.489039 2.489039 2.025327 2.025327 1.870418 1.870418 1.870418 1.884080 1.884080 1.927145 1.927145 1.977027 1.977027 2.025296 2.025296 2.066339 2.066339 2.066339 2.096636
2.707504 2.707504 2.700487 2.753868 2.779025 2.779025 2.793682 2.816358 2.816358 2.835179 2.835179 2.851249 2.858495 2.865339 2.871920 2.871920 2.926541 2.939666 2.949926 2.956645 2.958303 2.952535 2.936738 2.908942 2.866681 2.808197 2.732943 2.642099 2.546275 2.493106 2.493106 2.936974 3.089082 3.231340 3.268407 3.268407 3.305555 3.305555 3.293099 3.293099 3.262869 3.139599 3.139599 2.867748 2.867748 2.682971 2.682971 2.682971 2.696234 2.696234 2.740505 2.740505 2.793292 2.793292 2.844365 2.844365 2.888892 2.888892 2.888892 2.924576
2.711771 2.711771 2.702321 2.755638 2.778789 2.778789 2.793998 2.817559 2.817559 2.837044 2.837044 2.853808 2.861436 2.868678 2.875692 2.875692 2.926594 2.949001 2.970265 2.989203 3.004936 3.016502 3.022833 3.023034 3.015618 2.998918 2.971516 2.932949 2.887893 2.862422 2.862422 3.122750 3.267094 3.430229 3.475935 3.475935 3.515961 3.515961 3.492672 3.492672 3.457828 3.352379 3.352379 3.171592 3.171592 2.983172 2.983172 2.983172 2.980782 2.980782 3.015198 3.015198 3.060522 3.060522 3.105367 3.105367 3.145098 3.145098 3.145098 3.177315
2.713809 2.713809 2.700954 2.756033 2.777888 2.777888 2.793372 2.817433 2.817433 2.837115 2.837115 2.853987 2.861652 2.868918 2.875968 2.875968 2.926122 2.956952 2.987618 3.015656 3.039858 3.059534 3.074244 3.083863 3.088083 3.086396 3.078235 3.063378 3.044546 3.038051 3.038051 3.200300 3.329379 3.496434 3.544207 3.544207 3.573955 3.573955 3.528827 3.528827 3.489274 3.405556 3.405556 3.295484 3.295484 3.127717 3.127717 3.127717 3.108077 3.108077 3.131046 3.131046 3.169732 3.169732 3.210546 3.210546 3.247385 3.247385 3.247385 3.277289
2.710675 2.710675 2.705808 2.756157 2.777249 2.777249 2.792935 2.817398 2.817398 2.837161 2.837161 2.854016 2.861672 2.868936 2.876021 2.876021 2.928850 2.967580 3.006973 3.043479 3.075458 3.102137 3.123168 3.138572 3.148461 3.152952 3.152200 3.146600 3.138383 3.138584 3.138584 3.243807 3.353134 3.508132 3.547107 3.547107 3.544717 3.544717 3.477890 3.477890 3.443413 3.396267 3.396267 3.346688 3.346688 3.218946 3.218946 3.218946 3.185389 3.185389 3.194321 3.194321 3.224280 3.224280 3.260033 3.260033 3.293467 3.293467 3.293467 3.320636
2.710669 2.710669 2.708477 2.756191 2.776744 2.776744 2.792526 2.817278 2.817278 2.837119 2.837119 2.853971 2.861620 2.868881 2.876014 2.876014 2.935747 2.982238 3.029739 3.074024 3.113191 3.146384 3.173252 3.193799 3.208206 3.216766 3.219894 3.218274 3.213865 3.214455 3.214455 3.281744 3.367949 3.489315 3.503022 3.503022 3.450252 3.450252 3.383016 3.383016 3.366979 3.364686 3.364686 3.362750 3.362750 3.284074 3.284074 3.284074 3.245104 3.245104 3.240477 3.240477 3.259517 3.259517 3.288134 3.288134 3.316639 3.316639 3.316639 3.339938
2.710706 2.710706 2.709981 2.756230 2.776455 2.776455 2.792276 2.817208 2.817208 2.837107 2.837107 2.853960 2.861604 2.868858 2.876053 2.876053 2.947789 3.002285 3.057376 3.108673 3.154246 3.193263 3.225410 3.250676 3.269237 3.281388 3.287564 3.288460 3.285673 3.284571 3.284571 3.324561 3.384082 3.437747 3.406311 3.406311 3.310892 3.310892 3.278306 3.278306 3.288184 3.327099 3.327099 3.359426 3.359426 3.329161 3.329161 3.329161 3.294733 3.294733 3.280618 3.280618 3.288125 3.288125 3.307647 3.307647 3.329380 3.329380 3.329380 3.347408
2.710726 2.710726 2.710462 2.756247 2.776363 2.776363 2.792193 2.817185 2.817185 2.837107 2.837107 2.853960 2.861603 2.868853 2.876143 2.876143 2.966129 3.029172 3.091467 3.148972 3.200015 3.243939 3.280546 3.309875 3.332107 3.347509 3.356464 3.359552 3.357934 3.354817 3.354817 3.373350 3.399061 3.332630 3.248834 3.248834 3.159565 3.159565 3.188421 3.188421 3.221292 3.290099 3.290099 3.345530 3.345530 3.356998 3.356998 3.356998 3.334745 3.334745 3.317225 3.317225 3.314676 3.314676 3.323955 3.323955 3.337167 3.337167 3.337167 3.348450
2.710706 2.710706 2.709981 2.756230 2.776455 2.776455 2.792276 2.817208 2.817208 2.837108 2.837108 2.853960 2.861604 2.868857 2.876285 2.876285 2.992338 3.064650 3.133806 3.196654 3.252076 3.299770 3.339760 3.372212 3.397357 3.415458 3.426838 3.431937 3.431391 3.425835 3.425835 3.422635 3.395165 3.153417 3.047910 3.047910 3.030720 3.030720 3.117632 3.117632 3.165523 3.253365 3.253365 3.324398 3.324398 3.369203 3.369203 3.369203 3.362930 3.362930 3.347990 3.347990 3.338559 3.338559 3.337680 3.337680 3.341147 3.341147 3.341147 3.344437
2.710668 2.710668 2.708479 2.756191 2.776743 2.776743 2.792527 2.817279 2.817279 2.837120 2.837120 2.853971 2.861622 2.868881 2.876503 2.876503 3.028728 3.111020 3.186588 3.253737 3.312230 3.362307 3.404334 3.438684 3.465692 3.485655 3.498858 3.505593 3.505684 3.494908 3.494908 3.455896 3.329286 2.916647 2.854409 2.854409 2.937416 2.937416 3.059946 3.059946 3.116040 3.215838 3.215838 3.297767 3.297767 3.367900 3.367900 3.367900 3.377907 3.377907 3.369787 3.369787 3.357272 3.357272 3.347470 3.347470 3.340727 3.340727 3.340727 3.335199
2.710674 2.710674 2.705808 2.756158 2.777248 2.777248 2.792936 2.817399 2.817399 2.837162 2.837162 2.854016 2.861673 2.868937 2.876822 2.876822 3.078790 3.171454 3.252594 3.322623 3.382526 3.433279 3.475698 3.510431 3.537966 3.558666 3.572812 3.580486 3.579492 3.552037 3.552037 3.427990 3.138367 2.690473 2.715524 2.715524 2.867883 2.867883 3.007120 3.007120 3.067526 3.175475 3.175475 3.265198 3.265198 3.353831 3.353831 3.353831 3.378155 3.378155 3.378773 3.378773 3.366459 3.366459 3.349752 3.349752 3.333223 3.333223 3.333223 3.318721
2.713808 2.713808 2.700954 2.756032 2.777889 2.777889 2.793373 2.817433 2.817433 2.837116 2.837116 2.853986 2.861651 2.868917 2.877170 2.877170 3.147969 3.250519 3.335524 3.406285 3.465353 3.514607 3.555396 3.588678 3.615120 3.635166 3.649112 3.656477 3.647802 3.560457 3.560457 3.247588 2.802565 2.547602 2.618331 2.618331 2.801375 2.801375 2.948996 2.948996 3.011971 3.126524 3.126524 3.222053 3.222053 3.324041 3.324041 3.324041 3.359819 3.359819 3.369044 3.369044 3.358793 3.358793 3.337366 3.337366 3.312310 3.312310 3.312310 3.289504
