cruce_test.gid/Rasters/Hydraulic/Velocity__y_115.0.asc
NCOLS        79
NROWS        79
XLLCENTER         -1.500000
YLLCENTER         -4.800000
CELLSIZE           0.100
NODATA_VALUE     -9999.0
[rows 0 to 25 of 79, columns 0 to 58 of 79]
-9999.000 -9999.000 -9999.000 -9999.000 -9999.000 -9999.000 -9999.000 -9999.000 -9999.000 -9999.000 -9999.000 -9999.000 -9999.000 -9999.000 -9999.000 -0.1569531 -0.1558761 -0.1558014 -0.1558995 -0.1560691 -0.1562630 -0.1564532 -0.1566250 -0.1567810 -0.1569491 -0.1572090 -0.1577217 -0.1587809 -0.1608273 -0.1605723 -0.1605723 -9999.000 -9999.000 -9999.000 -9999.000 -9999.000 -9999.000 -9999.000 -9999.000 -9999.000 -9999.000 -9999.000 -9999.000 -9999.000 -9999.000 -9999.000 -9999.000 -9999.000 -9999.000 -9999.000 -9999.000 -9999.000 -9999.000 -9999.000 -9999.000 -9999.000 -9999.000 -9999.000 -9999.000
-9999.000 -9999.000 -9999.000 -9999.000 -9999.000 -9999.000 -9999.000 -9999.000 -9999.000 -9999.000 -9999.000 -9999.000 -9999.000 -9999.000 -9999.000 -0.1548390 -0.1525295 -0.1523504 -0.1525501 -0.1529151 -0.1533435 -0.1537753 -0.1541796 -0.1545646 -0.1549930 -0.1556369 -0.1568367 -0.1591987 -0.1636120 -0.1636431 -0.1636431 -9999.000 -9999.000 -9999.000 -9999.000 -9999.000 -9999.000 -9999.000 -9999.000 -9999.000 -9999.000 -9999.000 -9999.000 -9999.000 -9999.000 -9999.000 -9999.000 -9999.000 -9999.000 -9999.000 -9999.000 -9999.000 -9999.000 -9999.000 -9999.000 -9999.000 -9999.000 -9999.000 -9999.000
-9999.000 -9999.000 -9999.000 -9999.000 -9999.000 -9999.000 -9999.000 -9999.000 -9999.000 -9999.000 -9999.000 -9999.000 -9999.000 -9999.000 -9999.000 -0.1514849 -0.1478272 -0.1475289 -0.1478871 -0.1485563 -0.1493670 -0.1502178 -0.1510566 -0.1518979 -0.1528478 -0.1541883 -0.1564698 -0.1606532 -0.1681242 -0.1691537 -0.1691537 -9999.000 -9999.000 -9999.000 -9999.000 -9999.000 -9999.000 -9999.000 -9999.000 -9999.000 -9999.000 -9999.000 -9999.000 -9999.000 -9999.000 -9999.000 -9999.000 -9999.000 -9999.000 -9999.000 -9999.000 -9999.000 -9999.000 -9999.000 -9999.000 -9999.000 -9999.000 -9999.000 -9999.000
-9999.000 -9999.000 -9999.000 -9999.000 -9999.000 -9999.000 -9999.000 -9999.000 -9999.000 -9999.000 -9999.000 -9999.000 -9999.000 -9999.000 -9999.000 -0.1474356 -0.1424740 -0.1420811 -0.1426503 -0.1436995 -0.1449880 -0.1463694 -0.1477682 -0.1492016 -0.1508183 -0.1530124 -0.1565534 -0.1627810 -0.1736312 -0.1763484 -0.1763484 -9999.000 -9999.000 -9999.000 -9999.000 -9999.000 -9999.000 -9999.000 -9999.000 -9999.000 -9999.000 -9999.000 -9999.000 -9999.000 -9999.000 -9999.000 -9999.000 -9999.000 -9999.000 -9999.000 -9999.000 -9999.000 -9999.000 -9999.000 -9999.000 -9999.000 -9999.000 -9999.000 -9999.000
-9999.000 -9999.000 -9999.000 -9999.000 -9999.000 -9999.000 -9999.000 -9999.000 -9999.000 -9999.000 -9999.000 -9999.000 -9999.000 -9999.000 -9999.000 -0.1428167 -0.1365932 -0.1361247 -0.1369470 -0.1384368 -0.1402776 -0.1422741 -0.1443240 -0.1464461 -0.1488325 -0.1519957 -0.1569412 -0.1654218 -0.1799971 -0.1851687 -0.1851687 -9999.000 -9999.000 -9999.000 -9999.000 -9999.000 -9999.000 -9999.000 -9999.000 -9999.000 -9999.000 -9999.000 -9999.000 -9999.000 -9999.000 -9999.000 -9999.000 -9999.000 -9999.000 -9999.000 -9999.000 -9999.000 -9999.000 -9999.000 -9999.000 -9999.000 -9999.000 -9999.000 -9999.000
-9999.000 -9999.000 -9999.000 -9999.000 -9999.000 -9999.000 -9999.000 -9999.000 -9999.000 -9999.000 -9999.000 -9999.000 -9999.000 -9999.000 -9999.000 -0.1376937 -0.1302570 -0.1297273 -0.1308352 -0.1328131 -0.1352637 -0.1379399 -0.1407093 -0.1435920 -0.1468261 -0.1510519 -0.1575339 -0.1684804 -0.1871708 -0.1957007 -0.1957007 -9999.000 -9999.000 -9999.000 -9999.000 -9999.000 -9999.000 -9999.000 -9999.000 -9999.000 -9999.000 -9999.000 -9999.000 -9999.000 -9999.000 -9999.000 -9999.000 -9999.000 -9999.000 -9999.000 -9999.000 -9999.000 -9999.000 -9999.000 -9999.000 -9999.000 -9999.000 -9999.000 -9999.000
-9999.000 -9999.000 -9999.000 -9999.000 -9999.000 -9999.000 -9999.000 -9999.000 -9999.000 -9999.000 -9999.000 -9999.000 -9999.000 -9999.000 -9999.000 -0.1320835 -0.1234979 -0.1229195 -0.1243387 -0.1268426 -0.1299489 -0.1333554 -0.1368971 -0.1405956 -0.1447398 -0.1501096 -0.1582559 -0.1718971 -0.1951557 -0.2081514 -0.2081514 -9999.000 -9999.000 -9999.000 -9999.000 -9999.000 -9999.000 -9999.000 -9999.000 -9999.000 -9999.000 -9999.000 -9999.000 -9999.000 -9999.000 -9999.000 -9999.000 -9999.000 -9999.000 -9999.000 -9999.000 -9999.000 -9999.000 -9999.000 -9999.000 -9999.000 -9999.000 -9999.000 -9999.000
-9999.000 -9999.000 -9999.000 -9999.000 -9999.000 -9999.000 -9999.000 -9999.000 -9999.000 -9999.000 -9999.000 -9999.000 -9999.000 -9999.000 -9999.000 -0.1259662 -0.1163186 -0.1157044 -0.1174562 -0.1205181 -0.1243179 -0.1284952 -0.1328508 -0.1374086 -0.1425136 -0.1491002 -0.1590412 -0.1756303 -0.2039927 -0.2228569 -0.2228569 -9999.000 -9999.000 -9999.000 -9999.000 -9999.000 -9999.000 -9999.000 -9999.000 -9999.000 -9999.000 -9999.000 -9999.000 -9999.000 -9999.000 -9999.000 -9999.000 -9999.000 -9999.000 -9999.000 -9999.000 -9999.000 -9999.000 -9999.000 -9999.000 -9999.000 -9999.000 -9999.000 -9999.000
-9999.000 -9999.000 -9999.000 -9999.000 -9999.000 -9999.000 -9999.000 -9999.000 -9999.000 -9999.000 -9999.000 -9999.000 -9999.000 -9999.000 -9999.000 -0.1192914 -0.1086981 -0.1080626 -0.1101659 -0.1138133 -0.1183385 -0.1233196 -0.1285215 -0.1339712 -0.1400784 -0.1479493 -0.1598203 -0.1796438 -0.2137514 -0.2403135 -0.2403135 -9999.000 -9999.000 -9999.000 -9999.000 -9999.000 -9999.000 -9999.000 -9999.000 -9999.000 -9999.000 -9999.000 -9999.000 -9999.000 -9999.000 -9999.000 -9999.000 -9999.000 -9999.000 -9999.000 -9999.000 -9999.000 -9999.000 -9999.000 -9999.000 -9999.000 -9999.000 -9999.000 -9999.000
-9999.000 -9999.000 -9999.000 -9999.000 -9999.000 -9999.000 -9999.000 -9999.000 -9999.000 -9999.000 -9999.000 -9999.000 -9999.000 -9999.000 -9999.000 -0.1119815 -0.1005935 -0.9995443E-01 -0.1024267 -0.1066839 -0.1119609 -0.1177715 -0.1238429 -0.1302068 -0.1373472 -0.1465635 -0.1605082 -0.1838941 -0.2245246 -0.2612433 -0.2612433 -9999.000 -9999.000 -9999.000 -9999.000 -9999.000 -9999.000 -9999.000 -9999.000 -9999.000 -9999.000 -9999.000 -9999.000 -9999.000 -9999.000 -9999.000 -9999.000 -9999.000 -9999.000 -9999.000 -9999.000 -9999.000 -9999.000 -9999.000 -9999.000 -9999.000 -9999.000 -9999.000 -9999.000
-9999.000 -9999.000 -9999.000 -9999.000 -9999.000 -9999.000 -9999.000 -9999.000 -9999.000 -9999.000 -9999.000 -9999.000 -9999.000 -9999.000 -9999.000 -0.1039294 -0.9193819E-01 -0.9131700E-01 -0.9417450E-01 -0.9906248E-01 -0.1051116 -0.1117693 -0.1187220 -0.1260096 -0.1342015 -0.1448165 -0.1609870 -0.1883149 -0.2364206 -0.2867088 -0.2867088 -9999.000 -9999.000 -9999.000 -9999.000 -9999.000 -9999.000 -9999.000 -9999.000 -9999.000 -9999.000 -9999.000 -9999.000 -9999.000 -9999.000 -9999.000 -9999.000 -9999.000 -9999.000 -9999.000 -9999.000 -9999.000 -9999.000 -9999.000 -9999.000 -9999.000 -9999.000 -9999.000 -9999.000
-9999.000 -9999.000 -9999.000 -9999.000 -9999.000 -9999.000 -9999.000 -9999.000 -9999.000 -9999.000 -9999.000 -9999.000 -9999.000 -9999.000 -9999.000 -0.9499220E-01 -0.8263504E-01 -0.8205674E-01 -0.8531451E-01 -0.9085006E-01 -0.9768422E-01 -0.1051949 -0.1130259 -0.1212284 -0.1304713 -0.1425243 -0.1610790 -0.1927889 -0.2495472 -0.3183205 -0.3183205 -9999.000 -9999.000 -9999.000 -9999.000 -9999.000 -9999.000 -9999.000 -9999.000 -9999.000 -9999.000 -9999.000 -9999.000 -9999.000 -9999.000 -9999.000 -9999.000 -9999.000 -9999.000 -9999.000 -9999.000 -9999.000 -9999.000 -9999.000 -9999.000 -9999.000 -9999.000 -9999.000 -9999.000
-9999.000 -9999.000 -9999.000 -9999.000 -9999.000 -9999.000 -9999.000 -9999.000 -9999.000 -9999.000 -9999.000 -9999.000 -9999.000 -9999.000 -9999.000 -0.8497609E-01 -0.7254271E-01 -0.7203525E-01 -0.7570542E-01 -0.8189918E-01 -0.8952007E-01 -0.9787305E-01 -0.1065568 -0.1156371 -0.1258998 -0.1394031 -0.1604974 -0.1970951 -0.2639706 -0.3586307 -0.3586307 -9999.000 -9999.000 -9999.000 -9999.000 -9999.000 -9999.000 -9999.000 -9999.000 -9999.000 -9999.000 -9999.000 -9999.000 -9999.000 -9999.000 -9999.000 -9999.000 -9999.000 -9999.000 -9999.000 -9999.000 -9999.000 -9999.000 -9999.000 -9999.000 -9999.000 -9999.000 -9999.000 -9999.000
-9999.000 -9999.000 -9999.000 -9999.000 -9999.000 -9999.000 -9999.000 -9999.000 -9999.000 -9999.000 -9999.000 -9999.000 -9999.000 -9999.000 -9999.000 -0.7355435E-01 -0.6141571E-01 -0.6101757E-01 -0.6511745E-01 -0.7197842E-01 -0.8037619E-01 -0.8953893E-01 -0.9901574E-01 -0.1088908 -0.1200878 -0.1349982 -0.1587551 -0.2007990 -0.2796114 -0.4119660 -0.4119660 -9999.000 -9999.000 -9999.000 -9999.000 -9999.000 -9999.000 -9999.000 -9999.000 -9999.000 -9999.000 -9999.000 -9999.000 -9999.000 -9999.000 -9999.000 -9999.000 -9999.000 -9999.000 -9999.000 -9999.000 -9999.000 -9999.000 -9999.000 -9999.000 -9999.000 -9999.000 -9999.000 -9999.000
-9999.000 -9999.000 -9999.000 -9999.000 -9999.000 -9999.000 -9999.000 -9999.000 -9999.000 -9999.000 -9999.000 -9999.000 -9999.000 -9999.000 -9999.000 -0.5348007E-01 -0.4609549E-01 -0.4731238E-01 -0.5289878E-01 -0.6114507E-01 -0.7076260E-01 -0.8096635E-01 -0.9130882E-01 -0.1019429 -0.1139819 -0.1302094 -0.1566706 -0.2046119 -0.2971753 -0.4848644 -0.4848644 -9999.000 -9999.000 -9999.000 -9999.000 -9999.000 -9999.000 -9999.000 -9999.000 -9999.000 -9999.000 -9999.000 -9999.000 -9999.000 -9999.000 -9999.000 -9999.000 -9999.000 -9999.000 -9999.000 -9999.000 -9999.000 -9999.000 -9999.000 -9999.000 -9999.000 -9999.000 -9999.000 -9999.000
-0.1996247E-02 -0.1996247E-02 -0.5133226E-02 -0.5190744E-02 -0.5153634E-02 -0.5153634E-02 -0.5126733E-02 -0.5096862E-02 -0.5096862E-02 -0.5076325E-02 -0.5076325E-02 -0.5050110E-02 -0.5034247E-02 -0.5016959E-02 -0.4998573E-02 -0.4998573E-02 -0.5337593E-01 -0.5941213E-01 -0.6877016E-01 -0.8185700E-01 -0.9733294E-01 -0.1138629 -0.1303435 -0.1461542 -0.1614300 -0.1776181 -0.1990133 -0.2342303 -0.3012215 -0.4632785 -0.4632785 -0.2335713 -0.1120577 -0.2032627E-01 -0.8479393E-02 -0.8479393E-02 0.4532095E-03 0.4532095E-03 0.9599842E-02 0.9599842E-02 -0.1656849E-01 -0.2435109E-01 -0.2435109E-01 -0.1257190E-02 -0.1257190E-02 0.9841641E-02 0.9841641E-02 0.9841641E-02 0.1091233E-01 0.1091233E-01 0.8418532E-02 0.8418532E-02 0.6132135E-02 0.6132135E-02 0.4026587E-02 0.4026587E-02 0.2218746E-02 0.2218746E-02 0.2218746E-02
-0.3050491E-02 -0.3050491E-02 -0.7603262E-02 -0.7416233E-02 -0.7285352E-02 -0.7285352E-02 -0.7210748E-02 -0.7162102E-02 -0.7162102E-02 -0.7155908E-02 -0.7155908E-02 -0.7141670E-02 -0.7128702E-02 -0.7112846E-02 -0.7094725E-02 -0.7094725E-02 -0.7335104E-01 -0.8567232E-01 -0.1012226 -0.1220009 -0.1469037 -0.1742291 -0.2022517 -0.2294347 -0.2545172 -0.2767244 -0.2972216 -0.3188157 -0.3473697 -0.3962031 -0.3962031 -0.2457128 -0.1425213 -0.4490216E-01 -0.2516950E-01 -0.2516950E-01 0.3150948E-02 0.3150948E-02 0.3728768E-01 0.3728768E-01 0.1163082E-01 -0.1990376E-01 -0.1990376E-01 0.1936638E-02 0.1936638E-02 0.1943053E-01 0.1943053E-01 0.1943053E-01 0.1823948E-01 0.1823948E-01 0.1552959E-01 0.1552959E-01 0.1138224E-01 0.1138224E-01 0.7330011E-02 0.7330011E-02 0.4027282E-02 0.4027282E-02 0.4027282E-02
-0.2486847E-02 -0.2486847E-02 -0.6103450E-02 -0.6361993E-02 -0.6201029E-02 -0.6201029E-02 -0.6093756E-02 -0.6032295E-02 -0.6032295E-02 -0.6052701E-02 -0.6052701E-02 -0.6068448E-02 -0.6068293E-02 -0.6063926E-02 -0.6056568E-02 -0.6056568E-02 -0.6874599E-01 -0.8867061E-01 -0.1094911 -0.1350909 -0.1656464 -0.2000059 -0.2366554 -0.2739613 -0.3102327 -0.3437808 -0.3737802 -0.3999298 -0.4224453 -0.4404028 -0.4404028 -0.3429262 -0.2541592 -0.1307825 -0.8705753E-01 -0.8705753E-01 -0.5774656E-02 -0.5774656E-02 0.7746103E-01 0.7746103E-01 0.8659505E-01 0.4007010E-01 0.4007010E-01 0.2207662E-01 0.2207662E-01 0.2705935E-01 0.2705935E-01 0.2705935E-01 0.2112124E-01 0.2112124E-01 0.1743842E-01 0.1743842E-01 0.1185457E-01 0.1185457E-01 0.6567842E-02 0.6567842E-02 0.2740174E-02 0.2740174E-02 0.2740174E-02
-0.1944782E-02 -0.1944782E-02 -0.4715203E-02 -0.5189698E-02 -0.5023569E-02 -0.5023569E-02 -0.4896529E-02 -0.4814348E-02 -0.4814348E-02 -0.4836224E-02 -0.4836224E-02 -0.4857375E-02 -0.4859319E-02 -0.4856561E-02 -0.4850750E-02 -0.4850750E-02 -0.5978810E-01 -0.8638640E-01 -0.1123489 -0.1417372 -0.1757214 -0.2138822 -0.2551851 -0.2983070 -0.3417676 -0.3840012 -0.4229971 -0.4571384 -0.4846049 -0.5005143 -0.5005143 -0.4334590 -0.3606201 -0.2261732 -0.1606334 -0.1606334 -0.2066748E-01 -0.2066748E-01 0.1104545 0.1104545 0.1459983 0.1201010 0.1201010 0.6205574E-01 0.6205574E-01 0.3438200E-01 0.3438200E-01 0.3438200E-01 0.2208720E-01 0.2208720E-01 0.1407189E-01 0.1407189E-01 0.6742484E-02 0.6742484E-02 0.9385263E-03 0.9385263E-03 -0.2450849E-02 -0.2450849E-02 -0.2450849E-02
-0.1430191E-02 -0.1430191E-02 -0.3438902E-02 -0.3953495E-02 -0.3809149E-02 -0.3809149E-02 -0.3687492E-02 -0.3602410E-02 -0.3602410E-02 -0.3621859E-02 -0.3621859E-02 -0.3643200E-02 -0.3645845E-02 -0.3643994E-02 -0.3639411E-02 -0.3639411E-02 -0.5095296E-01 -0.8308308E-01 -0.1147318 -0.1483873 -0.1856427 -0.2266900 -0.2709791 -0.3175703 -0.3652907 -0.4127735 -0.4580083 -0.4989432 -0.5329541 -0.5540195 -0.5540195 -0.5103753 -0.4513622 -0.3062824 -0.2185620 -0.2185620 -0.2726745E-01 -0.2726745E-01 0.1311614 0.1311614 0.1784294 0.1808590 0.1808590 0.1095571 0.1095571 0.4473354E-01 0.4473354E-01 0.4473354E-01 0.2251060E-01 0.2251060E-01 0.8906396E-02 0.8906396E-02 -0.5789479E-03 -0.5789479E-03 -0.6630742E-02 -0.6630742E-02 -0.9097646E-02 -0.9097646E-02 -0.9097646E-02
-0.9391597E-03 -0.9391597E-03 -0.2246399E-02 -0.2665686E-02 -0.2561075E-02 -0.2561075E-02 -0.2466627E-02 -0.2397219E-02 -0.2397219E-02 -0.2411739E-02 -0.2411739E-02 -0.2428866E-02 -0.2431203E-02 -0.2430100E-02 -0.2426869E-02 -0.2426869E-02 -0.4380801E-01 -0.8015949E-01 -0.1178480 -0.1566764 -0.1978768 -0.2419990 -0.2889190 -0.3380732 -0.3886097 -0.4394193 -0.4887375 -0.5344689 -0.5737450 -0.6002280 -0.6002280 -0.5748067 -0.5237615 -0.3544740 -0.2429576 -0.2429576 -0.2117425E-01 -0.2117425E-01 0.1376464 0.1376464 0.1857614 0.2097041 0.2097041 0.1505819 0.1505819 0.5878250E-01 0.5878250E-01 0.5878250E-01 0.2452010E-01 0.2452010E-01 0.4061165E-02 0.4061165E-02 -0.8240440E-02 -0.8240440E-02 -0.1463103E-01 -0.1463103E-01 -0.1595219E-01 -0.1595219E-01 -0.1595219E-01
-0.4650725E-03 -0.4650725E-03 -0.1109469E-02 -0.1342050E-02 -0.1287433E-02 -0.1287433E-02 -0.1236160E-02 -0.1197238E-02 -0.1197238E-02 -0.1204937E-02 -0.1204937E-02 -0.1214390E-02 -0.1215768E-02 -0.1215293E-02 -0.1213573E-02 -0.1213573E-02 -0.3945385E-01 -0.7908374E-01 -0.1227720 -0.1675646 -0.2135927 -0.2613836 -0.3111241 -0.3626158 -0.4153424 -0.4684811 -0.5205809 -0.5696779 -0.6128672 -0.6433865 -0.6433865 -0.6281794 -0.5736750 -0.3595327 -0.2302829 -0.2302829 -0.1013441E-01 -0.1013441E-01 0.1303529 0.1303529 0.1744091 0.2108718 0.2108718 0.1752082 0.1752082 0.7467248E-01 0.7467248E-01 0.7467248E-01 0.2895402E-01 0.2895402E-01 0.8813886E-03 0.8813886E-03 -0.1494745E-01 -0.1494745E-01 -0.2194733E-01 -0.2194733E-01 -0.2210043E-01 -0.2210043E-01 -0.2210043E-01
-0.4056689E-07 -0.4056689E-07 -0.1035397E-06 -0.8877048E-07 -0.9873116E-07 -0.9873116E-07 -0.1760039E-06 -0.1083776E-06 -0.1083776E-06 -0.1388608E-07 -0.1388608E-07 0.5833780E-07 0.3033243E-07 0.6496209E-07 0.1487811E-06 0.1487811E-06 -0.3882743E-01 -0.8164670E-01 -0.1311464 -0.1823905 -0.2340390 -0.2861809 -0.3391193 -0.3929739 -0.4475849 -0.5024612 -0.5565105 -0.6079967 -0.6539421 -0.6859217 -0.6859217 -0.6685820 -0.5905540 -0.3231045 -0.1944119 -0.1944119 -0.3950440E-02 -0.3950440E-02 0.1127901 0.1127901 0.1518612 0.1941158 0.1941158 0.1808459 0.1808459 0.8868390E-01 0.8868390E-01 0.8868390E-01 0.3517806E-01 0.3517806E-01 -0.1427193E-04 -0.1427193E-04 -0.1972154E-01 -0.1972154E-01 -0.2761570E-01 -0.2761570E-01 -0.2675988E-01 -0.2675988E-01 -0.2675988E-01
0.4650588E-03 0.4650588E-03 0.1109269E-02 0.1341914E-02 0.1287288E-02 0.1287288E-02 0.1235927E-02 0.1197073E-02 0.1197073E-02 0.1204956E-02 0.1204956E-02 0.1214517E-02 0.1215840E-02 0.1215445E-02 0.1213842E-02 0.1213842E-02 -0.4298329E-01 -0.8997767E-01 -0.1453414 -0.2032413 -0.2610214 -0.3180658 -0.3745667 -0.4308589 -0.4871282 -0.5432568 -0.5985620 -0.6516100 -0.6989909 -0.7269704 -0.7269704 -0.6847594 -0.5580854 -0.2657826 -0.1567229 -0.1567229 -0.5633644E-02 -0.5633644E-02 0.9019133E-01 0.9019133E-01 0.1245922 0.1679619 0.1679619 0.1706460 0.1706460 0.9697632E-01 0.9697632E-01 0.9697632E-01 0.4139384E-01 0.4139384E-01 0.1219848E-02 0.1219848E-02 -0.2194753E-01 -0.2194753E-01 -0.3084327E-01 -0.3084327E-01 -0.2926582E-01 -0.2926582E-01 -0.2926582E-01
0.9390907E-03 0.9390907E-03 0.2246283E-02 0.2665604E-02 0.2560942E-02 0.2560942E-02 0.2466511E-02 0.2397072E-02 0.2397072E-02 0.2411710E-02 0.2411710E-02 0.2428970E-02 0.2431349E-02 0.2430277E-02 0.2427015E-02 0.2427015E-02 -0.5350929E-01 -0.1067638 -0.1685994 -0.2332240 -0.2972524 -0.3594050 -0.4196148 -0.4783034 -0.5359443 -0.5927980 -0.6486275 -0.7023160 -0.7487148 -0.7584752 -0.7584752 -0.6515245 -0.4735507 -0.2130485 -0.1288912 -0.1288912 -0.1166955E-01 -0.1166955E-01 0.6714591E-01 0.6714591E-01 0.9695249E-01 0.1379566 0.1379566 0.1497280 0.1497280 0.9718923E-01 0.9718923E-01 0.9718923E-01 0.4539780E-01 0.4539780E-01 0.3777832E-02 0.3777832E-02 -0.2144150E-01 -0.2144150E-01 -0.3107750E-01 -0.3107750E-01 -0.2911434E-01 -0.2911434E-01 -0.2911434E-01
0.1430078E-02 0.1430078E-02 0.3438894E-02 0.3953360E-02 0.3808960E-02 0.3808960E-02 0.3687356E-02 0.3602186E-02 0.3602186E-02 0.3621834E-02 0.3621834E-02 0.3643198E-02 0.3645984E-02 0.3644078E-02 0.3639466E-02 0.3639466E-02 -0.7318079E-01 -0.1358270 -0.2053974 -0.2768075 -0.3467477 -0.4136580 -0.4772563 -0.5379694 -0.5964738 -0.6533665 -0.7088488 -0.7619163 -0.8008667 -0.7540725 -0.7540725 -0.5479002 -0.3710093 -0.1742152 -0.1103715 -0.1103715 -0.1738498E-01 -0.1738498E-01 0.4643716E-01 0.4643716E-01 0.7128472E-01 0.1072832 0.1072832 0.1227238 0.1227238 0.8904442E-01 0.8904442E-01 0.8904442E-01 0.4546510E-01 0.4546510E-01 0.6540629E-02 0.6540629E-02 -0.1842202E-01 -0.1842202E-01 -0.2807990E-01 -0.2807990E-01 -0.2604098E-01 -0.2604098E-01 -0.2604098E-01
