cruce_test.gid/Rasters/Hydraulic/Velocity__x_55.0.asc
NCOLS        79
NROWS        79
XLLCENTER         -1.500000
YLLCENTER         -4.800000
CELLSIZE           0.100
NODATA_VALUE     -9999.0
[rows 0 to 25 of 79, columns 0 to 57 of 79]
-9999.000 -9999.000 -9999.000 -9999.000 -9999.000 -9999.000 -9999.000 -9999.000 -9999.000 -9999.000 -9999.000 -9999.000 -9999.000 -9999.000 -9999.000 0.4588496E-03 0.1817612E-02 0.3961674E-02 0.5886878E-02 0.7543485E-02 0.8931356E-02 0.1003835E-01 0.1083113E-01 0.1125236E-01 0.1121573E-01 0.1059583E-01 0.9210220E-02 0.6791668E-02 0.3032969E-02 0.5066473E-03 0.5066473E-03 -9999.000 -9999.000 -9999.000 -9999.000 -9999.000 -9999.000 -9999.000 -9999.000 -9999.000 -9999.000 -9999.000 -9999.000 -9999.000 -9999.000 -9999.000 -9999.000 -9999.000 -9999.000 -9999.000 -9999.000 -9999.000 -9999.000 -9999.000 -9999.000 -9999.000 -9999.000 -9999.000
-9999.000 -9999.000 -9999.000 -9999.000 -9999.000 -9999.000 -9999.000 -9999.000 -9999.000 -9999.000 -9999.000 -9999.000 -9999.000 -9999.000 -9999.000 0.1370310E-02 0.3950193E-02 0.7584654E-02 0.1094226E-01 0.1389096E-01 0.1636776E-01 0.1830712E-01 0.1962514E-01 0.2021357E-01 0.1993727E-01 0.1863020E-01 0.1609322E-01 0.1209684E-01 0.6476318E-02 0.2121269E-02 0.2121269E-02 -9999.000 -9999.000 -9999.000 -9999.000 -9999.000 -9999.000 -9999.000 -9999.000 -9999.000 -9999.000 -9999.000 -9999.000 -9999.000 -9999.000 -9999.000 -9999.000 -9999.000 -9999.000 -9999.000 -9999.000 -9999.000 -9999.000 -9999.000 -9999.000 -9999.000 -9999.000 -9999.000
-9999.000 -9999.000 -9999.000 -9999.000 -9999.000 -9999.000 -9999.000 -9999.000 -9999.000 -9999.000 -9999.000 -9999.000 -9999.000 -9999.000 -9999.000 0.2206655E-02 0.5888655E-02 0.1086431E-01 0.1547272E-01 0.1953380E-01 0.2294364E-01 0.2559599E-01 0.2736653E-01 0.2810833E-01 0.2765032E-01 0.2579668E-01 0.2232782E-01 0.1700541E-01 0.9676171E-02 0.3620388E-02 0.3620388E-02 -9999.000 -9999.000 -9999.000 -9999.000 -9999.000 -9999.000 -9999.000 -9999.000 -9999.000 -9999.000 -9999.000 -9999.000 -9999.000 -9999.000 -9999.000 -9999.000 -9999.000 -9999.000 -9999.000 -9999.000 -9999.000 -9999.000 -9999.000 -9999.000 -9999.000 -9999.000 -9999.000
-9999.000 -9999.000 -9999.000 -9999.000 -9999.000 -9999.000 -9999.000 -9999.000 -9999.000 -9999.000 -9999.000 -9999.000 -9999.000 -9999.000 -9999.000 0.3005231E-02 0.7713920E-02 0.1391785E-01 0.1966681E-01 0.2474316E-01 0.2901086E-01 0.3233069E-01 0.3454397E-01 0.3546850E-01 0.3489795E-01 0.3260183E-01 0.2832710E-01 0.2180251E-01 0.1285146E-01 0.5120774E-02 0.5120774E-02 -9999.000 -9999.000 -9999.000 -9999.000 -9999.000 -9999.000 -9999.000 -9999.000 -9999.000 -9999.000 -9999.000 -9999.000 -9999.000 -9999.000 -9999.000 -9999.000 -9999.000 -9999.000 -9999.000 -9999.000 -9999.000 -9999.000 -9999.000 -9999.000 -9999.000 -9999.000 -9999.000
-9999.000 -9999.000 -9999.000 -9999.000 -9999.000 -9999.000 -9999.000 -9999.000 -9999.000 -9999.000 -9999.000 -9999.000 -9999.000 -9999.000 -9999.000 0.3811677E-02 0.9519586E-02 0.1688761E-01 0.2371985E-01 0.2976947E-01 0.3487352E-01 0.3886314E-01 0.4154667E-01 0.4270593E-01 0.4209431E-01 0.3943770E-01 0.3443480E-01 0.2676044E-01 0.1618625E-01 0.6711771E-02 0.6711771E-02 -9999.000 -9999.000 -9999.000 -9999.000 -9999.000 -9999.000 -9999.000 -9999.000 -9999.000 -9999.000 -9999.000 -9999.000 -9999.000 -9999.000 -9999.000 -9999.000 -9999.000 -9999.000 -9999.000 -9999.000 -9999.000 -9999.000 -9999.000 -9999.000 -9999.000 -9999.000 -9999.000
-9999.000 -9999.000 -9999.000 -9999.000 -9999.000 -9999.000 -9999.000 -9999.000 -9999.000 -9999.000 -9999.000 -9999.000 -9999.000 -9999.000 -9999.000 0.4669958E-02 0.1139280E-01 0.1990209E-01 0.2780035E-01 0.3482090E-01 0.4077741E-01 0.4547276E-01 0.4868143E-01 0.5014473E-01 0.4956895E-01 0.4662441E-01 0.4094384E-01 0.3212402E-01 0.1985135E-01 0.8477158E-02 0.8477158E-02 -9999.000 -9999.000 -9999.000 -9999.000 -9999.000 -9999.000 -9999.000 -9999.000 -9999.000 -9999.000 -9999.000 -9999.000 -9999.000 -9999.000 -9999.000 -9999.000 -9999.000 -9999.000 -9999.000 -9999.000 -9999.000 -9999.000 -9999.000 -9999.000 -9999.000 -9999.000 -9999.000
-9999.000 -9999.000 -9999.000 -9999.000 -9999.000 -9999.000 -9999.000 -9999.000 -9999.000 -9999.000 -9999.000 -9999.000 -9999.000 -9999.000 -9999.000 0.5620641E-02 0.1341217E-01 0.2307382E-01 0.3205214E-01 0.4007225E-01 0.4692772E-01 0.5239312E-01 0.5620633E-01 0.5806282E-01 0.5761196E-01 0.5445370E-01 0.4813328E-01 0.3813906E-01 0.2402805E-01 0.1050864E-01 0.1050864E-01 -9999.000 -9999.000 -9999.000 -9999.000 -9999.000 -9999.000 -9999.000 -9999.000 -9999.000 -9999.000 -9999.000 -9999.000 -9999.000 -9999.000 -9999.000 -9999.000 -9999.000 -9999.000 -9999.000 -9999.000 -9999.000 -9999.000 -9999.000 -9999.000 -9999.000 -9999.000 -9999.000
-9999.000 -9999.000 -9999.000 -9999.000 -9999.000 -9999.000 -9999.000 -9999.000 -9999.000 -9999.000 -9999.000 -9999.000 -9999.000 -9999.000 -9999.000 0.6701687E-02 0.1564990E-01 0.2650519E-01 0.3660611E-01 0.4568271E-01 0.5351181E-01 0.5983979E-01 0.6436457E-01 0.6672895E-01 0.6651396E-01 0.6323073E-01 0.5630979E-01 0.4509043E-01 0.2893892E-01 0.1292286E-01 0.1292286E-01 -9999.000 -9999.000 -9999.000 -9999.000 -9999.000 -9999.000 -9999.000 -9999.000 -9999.000 -9999.000 -9999.000 -9999.000 -9999.000 -9999.000 -9999.000 -9999.000 -9999.000 -9999.000 -9999.000 -9999.000 -9999.000 -9999.000 -9999.000 -9999.000 -9999.000 -9999.000 -9999.000
-9999.000 -9999.000 -9999.000 -9999.000 -9999.000 -9999.000 -9999.000 -9999.000 -9999.000 -9999.000 -9999.000 -9999.000 -9999.000 -9999.000 -9999.000 0.7948038E-02 0.1817409E-01 0.3029448E-01 0.4158896E-01 0.5180857E-01 0.6071752E-01 0.6803381E-01 0.7341246E-01 0.7643590E-01 0.7660311E-01 0.7331431E-01 0.6585012E-01 0.5334558E-01 0.3488716E-01 0.1588459E-01 0.1588459E-01 -9999.000 -9999.000 -9999.000 -9999.000 -9999.000 -9999.000 -9999.000 -9999.000 -9999.000 -9999.000 -9999.000 -9999.000 -9999.000 -9999.000 -9999.000 -9999.000 -9999.000 -9999.000 -9999.000 -9999.000 -9999.000 -9999.000 -9999.000 -9999.000 -9999.000 -9999.000 -9999.000
-9999.000 -9999.000 -9999.000 -9999.000 -9999.000 -9999.000 -9999.000 -9999.000 -9999.000 -9999.000 -9999.000 -9999.000 -9999.000 -9999.000 -9999.000 0.9391852E-02 0.2104884E-01 0.3453926E-01 0.4713166E-01 0.5861614E-01 0.6874979E-01 0.7722347E-01 0.8364622E-01 0.8753275E-01 0.8828506E-01 0.8516568E-01 0.7725915E-01 0.6341978E-01 0.4232152E-01 0.1964579E-01 0.1964579E-01 -9999.000 -9999.000 -9999.000 -9999.000 -9999.000 -9999.000 -9999.000 -9999.000 -9999.000 -9999.000 -9999.000 -9999.000 -9999.000 -9999.000 -9999.000 -9999.000 -9999.000 -9999.000 -9999.000 -9999.000 -9999.000 -9999.000 -9999.000 -9999.000 -9999.000 -9999.000 -9999.000
-9999.000 -9999.000 -9999.000 -9999.000 -9999.000 -9999.000 -9999.000 -9999.000 -9999.000 -9999.000 -9999.000 -9999.000 -9999.000 -9999.000 -9999.000 0.1106079E-01 0.2433450E-01 0.3934064E-01 0.5337825E-01 0.6629608E-01 0.7785141E-01 0.8771084E-01 0.9543666E-01 0.1004695 0.1020991 0.9941923E-01 0.9125975E-01 0.7608569E-01 0.5195372E-01 0.2462021E-01 0.2462021E-01 -9999.000 -9999.000 -9999.000 -9999.000 -9999.000 -9999.000 -9999.000 -9999.000 -9999.000 -9999.000 -9999.000 -9999.000 -9999.000 -9999.000 -9999.000 -9999.000 -9999.000 -9999.000 -9999.000 -9999.000 -9999.000 -9999.000 -9999.000 -9999.000 -9999.000 -9999.000 -9999.000
-9999.000 -9999.000 -9999.000 -9999.000 -9999.000 -9999.000 -9999.000 -9999.000 -9999.000 -9999.000 -9999.000 -9999.000 -9999.000 -9999.000 -9999.000 0.1297750E-01 0.2808848E-01 0.4480892E-01 0.6049795E-01 0.7508286E-01 0.8833088E-01 0.9989038E-01 0.1092803 0.1158647 0.1188083 0.1170038 0.1089531 0.9257948E-01 0.6499745E-01 0.3154133E-01 0.3154133E-01 -9999.000 -9999.000 -9999.000 -9999.000 -9999.000 -9999.000 -9999.000 -9999.000 -9999.000 -9999.000 -9999.000 -9999.000 -9999.000 -9999.000 -9999.000 -9999.000 -9999.000 -9999.000 -9999.000 -9999.000 -9999.000 -9999.000 -9999.000 -9999.000 -9999.000 -9999.000 -9999.000
-9999.000 -9999.000 -9999.000 -9999.000 -9999.000 -9999.000 -9999.000 -9999.000 -9999.000 -9999.000 -9999.000 -9999.000 -9999.000 -9999.000 -9999.000 0.1516159E-01 0.3237131E-01 0.5107876E-01 0.6871118E-01 0.8529299E-01 0.1006143 0.1143179 0.1258900 0.1346256 0.1395629 0.1393676 0.1321334 0.1150335 0.8371495E-01 0.4183806E-01 0.4183806E-01 -9999.000 -9999.000 -9999.000 -9999.000 -9999.000 -9999.000 -9999.000 -9999.000 -9999.000 -9999.000 -9999.000 -9999.000 -9999.000 -9999.000 -9999.000 -9999.000 -9999.000 -9999.000 -9999.000 -9999.000 -9999.000 -9999.000 -9999.000 -9999.000 -9999.000 -9999.000 -9999.000
-9999.000 -9999.000 -9999.000 -9999.000 -9999.000 -9999.000 -9999.000 -9999.000 -9999.000 -9999.000 -9999.000 -9999.000 -9999.000 -9999.000 -9999.000 0.1775415E-01 0.3745359E-01 0.5858479E-01 0.7860547E-01 0.9765808E-01 0.1155824 0.1320458 0.1465361 0.1583158 0.1663314 0.1690368 0.1640687 0.1476067 0.1129912 0.5882568E-01 0.5882568E-01 -9999.000 -9999.000 -9999.000 -9999.000 -9999.000 -9999.000 -9999.000 -9999.000 -9999.000 -9999.000 -9999.000 -9999.000 -9999.000 -9999.000 -9999.000 -9999.000 -9999.000 -9999.000 -9999.000 -9999.000 -9999.000 -9999.000 -9999.000 -9999.000 -9999.000 -9999.000 -9999.000
-9999.000 -9999.000 -9999.000 -9999.000 -9999.000 -9999.000 -9999.000 -9999.000 -9999.000 -9999.000 -9999.000 -9999.000 -9999.000 -9999.000 -9999.000 0.3218518E-01 0.5787066E-01 0.8385458E-01 0.1069172 0.1279869 0.1474486 0.1653775 0.1815733 0.1955270 0.2063100 0.2123313 0.2108356 0.1967803 0.1599172 0.8243127E-01 0.8243127E-01 -9999.000 -9999.000 -9999.000 -9999.000 -9999.000 -9999.000 -9999.000 -9999.000 -9999.000 -9999.000 -9999.000 -9999.000 -9999.000 -9999.000 -9999.000 -9999.000 -9999.000 -9999.000 -9999.000 -9999.000 -9999.000 -9999.000 -9999.000 -9999.000 -9999.000 -9999.000 -9999.000
1.499122 1.499122 1.567624 1.602145 1.610940 1.610940 1.616634 1.408675 1.408675 1.326917 1.326917 1.262061 1.223872 1.176933 1.114436 1.114436 0.9684166 0.9031194 0.8323789 0.7590256 0.6861885 0.6171829 0.5551748 0.5028579 0.4622970 0.4351012 0.4231703 0.4306297 0.4690492 0.5539136 0.5539136 1.412493 1.674587 1.803334 1.778574 1.778574 1.642600 1.642600 1.444745 1.444745 1.182323 0.8666260 0.8666260 0.8542588 0.8542588 0.8861344 0.8861344 0.8861344 0.9387429 0.9387429 0.9812338 0.9812338 1.016551 1.016551 1.061581 1.061581 1.089686 1.089686
1.512714 1.512714 1.586482 1.634498 1.650427 1.650427 1.663362 1.484516 1.484516 1.403732 1.403732 1.350907 1.319180 1.282225 1.240568 1.240568 1.179422 1.148819 1.109958 1.062841 1.008306 0.9480619 0.8846967 0.8217019 0.7634857 0.7154433 0.6843091 0.6794282 0.7167819 0.8262828 0.8262828 1.380540 1.570799 1.695395 1.711959 1.711959 1.695687 1.695687 1.615133 1.615133 1.499552 1.147717 1.147717 1.135528 1.135528 1.174597 1.174597 1.174597 1.231527 1.231527 1.277363 1.277363 1.302069 1.302069 1.357067 1.357067 1.390890 1.390890
1.515838 1.515838 1.587838 1.635009 1.650902 1.650902 1.663923 1.491423 1.491423 1.407799 1.407799 1.361430 1.335361 1.307012 1.277487 1.277487 1.244646 1.231093 1.212471 1.187716 1.156432 1.118900 1.076179 1.030252 0.9842377 0.9427114 0.9122697 0.9027348 0.9302815 1.026861 1.026861 1.431239 1.599259 1.734575 1.764397 1.764397 1.772109 1.772109 1.721312 1.721312 1.658838 1.395570 1.395570 1.326044 1.326044 1.347127 1.347127 1.347127 1.404597 1.404597 1.445172 1.445172 1.476247 1.476247 1.516531 1.516531 1.545739 1.545739
1.518243 1.518243 1.588940 1.635239 1.650969 1.650969 1.663925 1.496496 1.496496 1.410258 1.410258 1.369170 1.347425 1.324993 1.302803 1.302803 1.283973 1.277780 1.268452 1.255181 1.237546 1.215495 1.189437 1.160425 1.130406 1.102567 1.081910 1.076367 1.099471 1.179768 1.179768 1.485803 1.633882 1.765660 1.795617 1.795617 1.806573 1.806573 1.774425 1.774425 1.743326 1.585544 1.585544 1.477951 1.477951 1.488072 1.488072 1.488072 1.532752 1.532752 1.568878 1.568878 1.597151 1.597151 1.629483 1.629483 1.655053 1.655053
1.520034 1.520034 1.589833 1.635445 1.651025 1.651025 1.663917 1.501826 1.501826 1.413391 1.413391 1.377530 1.359823 1.342576 1.326421 1.326421 1.318776 1.316870 1.312095 1.304232 1.293357 1.279708 1.263714 1.246121 1.228219 1.212154 1.201426 1.201866 1.223989 1.292500 1.292500 1.531181 1.658679 1.776533 1.800727 1.800727 1.807665 1.807665 1.793036 1.793036 1.783029 1.711239 1.711239 1.612232 1.612232 1.593918 1.593918 1.593918 1.627532 1.627532 1.659546 1.659546 1.685570 1.685570 1.712482 1.712482 1.734926 1.734926
1.521272 1.521272 1.590490 1.635608 1.651070 1.651070 1.663910 1.507474 1.507474 1.417025 1.417025 1.386307 1.372470 1.360131 1.349743 1.349743 1.353884 1.355700 1.353821 1.348600 1.340685 1.330813 1.319757 1.308367 1.297715 1.289312 1.285484 1.290190 1.311302 1.369283 1.369283 1.563864 1.669139 1.764048 1.779946 1.779946 1.786695 1.786695 1.793874 1.793874 1.799659 1.785099 1.785099 1.722561 1.722561 1.681970 1.681970 1.681970 1.702729 1.702729 1.729080 1.729080 1.752368 1.752368 1.775236 1.775236 1.794531 1.794531
1.521998 1.521998 1.590891 1.635714 1.651101 1.651101 1.663908 1.513284 1.513284 1.420909 1.420909 1.395117 1.384960 1.377370 1.372874 1.372874 1.390819 1.396586 1.397142 1.393377 1.386477 1.377685 1.368214 1.359208 1.351787 1.347140 1.346658 1.352509 1.370614 1.418622 1.418622 1.577284 1.660139 1.725848 1.736052 1.736052 1.754341 1.754341 1.786263 1.786263 1.804119 1.824364 1.824364 1.802057 1.802057 1.757928 1.757928 1.757928 1.765875 1.765875 1.784687 1.784687 1.804022 1.804022 1.822924 1.822924 1.838789 1.838789
1.522237 1.522237 1.591026 1.635750 1.651111 1.651111 1.663912 1.519013 1.519013 1.424860 1.424860 1.403673 1.396962 1.393961 1.395629 1.395629 1.430533 1.440688 1.443592 1.440711 1.433750 1.424433 1.414419 1.405218 1.398132 1.394212 1.393931 1.397121 1.408547 1.443751 1.443751 1.568730 1.626455 1.664521 1.677514 1.677514 1.719486 1.719486 1.774500 1.774500 1.801288 1.842672 1.842672 1.851724 1.851724 1.821408 1.821408 1.821408 1.820423 1.820423 1.831032 1.831032 1.845104 1.845104 1.859419 1.859419 1.871538 1.871538
1.521998 1.521998 1.590891 1.635714 1.651101 1.651101 1.663922 1.524351 1.524351 1.428729 1.428729 1.411715 1.408157 1.409505 1.417549 1.417549 1.473957 1.488920 1.494157 1.491785 1.484025 1.473066 1.461030 1.449841 1.441067 1.435730 1.433122 1.428669 1.427499 1.444706 1.444706 1.532820 1.563552 1.589485 1.615816 1.615816 1.686442 1.686442 1.759906 1.759906 1.793226 1.848169 1.848169 1.878414 1.878414 1.870318 1.870318 1.870318 1.866620 1.866620 1.870404 1.870404 1.878404 1.878404 1.887475 1.887475 1.895329 1.895329
1.521272 1.521272 1.590490 1.635608 1.651071 1.651071 1.663937 1.528936 1.528936 1.432417 1.432417 1.419047 1.418296 1.423634 1.437907 1.437907 1.522291 1.542368 1.549718 1.547387 1.538205 1.524718 1.509457 1.494820 1.482830 1.474616 1.467630 1.447309 1.424146 1.419701 1.419701 1.466011 1.474471 1.509764 1.557375 1.557375 1.655025 1.655025 1.742516 1.742516 1.780874 1.845375 1.845375 1.889560 1.889560 1.904207 1.904207 1.904207 1.903457 1.903457 1.903340 1.903340 1.905519 1.905519 1.908884 1.908884 1.911931 1.911931
1.520034 1.520034 1.589833 1.635445 1.651026 1.651026 1.663956 1.532360 1.532360 1.435875 1.435875 1.425540 1.427217 1.436091 1.455728 1.455728 1.578392 1.602152 1.610842 1.607938 1.596542 1.579636 1.560190 1.541039 1.524566 1.512253 1.498722 1.446362 1.388753 1.357721 1.357721 1.365282 1.374309 1.448395 1.501228 1.501228 1.626695 1.626695 1.724823 1.724823 1.767052 1.838352 1.838352 1.891614 1.891614 1.925252 1.925252 1.925252 1.930664 1.930664 1.929798 1.929798 1.927454 1.927454 1.925155 1.925155 1.923056 1.923056
