cruce_test.gid/Rasters/Hydraulic/Velocity__y_83.0.asc
NCOLS        79
NROWS        79
XLLCENTER         -1.500000
YLLCENTER         -4.800000
CELLSIZE           0.100
NODATA_VALUE     -9999.0
[rows 0 to 26 of 79, columns 0 to 58 of 79]
-9999.000 -9999.000 -9999.000 -9999.000 -9999.000 -9999.000 -9999.000 -9999.000 -9999.000 -9999.000 -9999.000 -9999.000 -9999.000 -9999.000 -9999.000 -0.2068324 -0.2057434 -0.2058838 -0.2061041 -0.2063289 -0.2065542 -0.2067914 -0.2070615 -0.2073960 -0.2078394 -0.2084558 -0.2093384 -0.2106257 -0.2123886 -0.2101451 -0.2101451 -9999.000 -9999.000 -9999.000 -9999.000 -9999.000 -9999.000 -9999.000 -9999.000 -9999.000 -9999.000 -9999.000 -9999.000 -9999.000 -9999.000 -9999.000 -9999.000 -9999.000 -9999.000 -9999.000 -9999.000 -9999.000 -9999.000 -9999.000 -9999.000 -9999.000 -9999.000 -9999.000 -9999.000
-9999.000 -9999.000 -9999.000 -9999.000 -9999.000 -9999.000 -9999.000 -9999.000 -9999.000 -9999.000 -9999.000 -9999.000 -9999.000 -9999.000 -9999.000 -0.2040642 -0.2016558 -0.2019108 -0.2023405 -0.2027823 -0.2032264 -0.2036981 -0.2042457 -0.2049413 -0.2058852 -0.2072154 -0.2091249 -0.2118863 -0.2156087 -0.2114908 -0.2114908 -9999.000 -9999.000 -9999.000 -9999.000 -9999.000 -9999.000 -9999.000 -9999.000 -9999.000 -9999.000 -9999.000 -9999.000 -9999.000 -9999.000 -9999.000 -9999.000 -9999.000 -9999.000 -9999.000 -9999.000 -9999.000 -9999.000 -9999.000 -9999.000 -9999.000 -9999.000 -9999.000 -9999.000
-9999.000 -9999.000 -9999.000 -9999.000 -9999.000 -9999.000 -9999.000 -9999.000 -9999.000 -9999.000 -9999.000 -9999.000 -9999.000 -9999.000 -9999.000 -0.1997727 -0.1958899 -0.1962982 -0.1970438 -0.1978519 -0.1987014 -0.1996339 -0.2007331 -0.2021236 -0.2039739 -0.2065077 -0.2100234 -0.2149199 -0.2212873 -0.2155949 -0.2155949 -9999.000 -9999.000 -9999.000 -9999.000 -9999.000 -9999.000 -9999.000 -9999.000 -9999.000 -9999.000 -9999.000 -9999.000 -9999.000 -9999.000 -9999.000 -9999.000 -9999.000 -9999.000 -9999.000 -9999.000 -9999.000 -9999.000 -9999.000 -9999.000 -9999.000 -9999.000 -9999.000 -9999.000
-9999.000 -9999.000 -9999.000 -9999.000 -9999.000 -9999.000 -9999.000 -9999.000 -9999.000 -9999.000 -9999.000 -9999.000 -9999.000 -9999.000 -9999.000 -0.1944457 -0.1891345 -0.1897482 -0.1908912 -0.1921722 -0.1935590 -0.1951104 -0.1969472 -0.1992485 -0.2022536 -0.2062747 -0.2117195 -0.2191227 -0.2285677 -0.2219077 -0.2219077 -9999.000 -9999.000 -9999.000 -9999.000 -9999.000 -9999.000 -9999.000 -9999.000 -9999.000 -9999.000 -9999.000 -9999.000 -9999.000 -9999.000 -9999.000 -9999.000 -9999.000 -9999.000 -9999.000 -9999.000 -9999.000 -9999.000 -9999.000 -9999.000 -9999.000 -9999.000 -9999.000 -9999.000
-9999.000 -9999.000 -9999.000 -9999.000 -9999.000 -9999.000 -9999.000 -9999.000 -9999.000 -9999.000 -9999.000 -9999.000 -9999.000 -9999.000 -9999.000 -0.1881768 -0.1815178 -0.1823860 -0.1839970 -0.1858397 -0.1878701 -0.1901659 -0.1928877 -0.1962732 -0.2006389 -0.2063944 -0.2140701 -0.2243576 -0.2373590 -0.2304049 -0.2304049 -9999.000 -9999.000 -9999.000 -9999.000 -9999.000 -9999.000 -9999.000 -9999.000 -9999.000 -9999.000 -9999.000 -9999.000 -9999.000 -9999.000 -9999.000 -9999.000 -9999.000 -9999.000 -9999.000 -9999.000 -9999.000 -9999.000 -9999.000 -9999.000 -9999.000 -9999.000 -9999.000 -9999.000
-9999.000 -9999.000 -9999.000 -9999.000 -9999.000 -9999.000 -9999.000 -9999.000 -9999.000 -9999.000 -9999.000 -9999.000 -9999.000 -9999.000 -9999.000 -0.1809996 -0.1731174 -0.1742863 -0.1764233 -0.1788982 -0.1816560 -0.1847955 -0.1885213 -0.1931365 -0.1990454 -0.2067690 -0.2169810 -0.2305617 -0.2476773 -0.2412248 -0.2412248 -9999.000 -9999.000 -9999.000 -9999.000 -9999.000 -9999.000 -9999.000 -9999.000 -9999.000 -9999.000 -9999.000 -9999.000 -9999.000 -9999.000 -9999.000 -9999.000 -9999.000 -9999.000 -9999.000 -9999.000 -9999.000 -9999.000 -9999.000 -9999.000 -9999.000 -9999.000 -9999.000 -9999.000
-9999.000 -9999.000 -9999.000 -9999.000 -9999.000 -9999.000 -9999.000 -9999.000 -9999.000 -9999.000 -9999.000 -9999.000 -9999.000 -9999.000 -9999.000 -0.1728918 -0.1639672 -0.1654824 -0.1681920 -0.1713538 -0.1749039 -0.1789650 -0.1837923 -0.1897644 -0.1973868 -0.2073119 -0.2203861 -0.2377227 -0.2596244 -0.2546579 -0.2546579 -9999.000 -9999.000 -9999.000 -9999.000 -9999.000 -9999.000 -9999.000 -9999.000 -9999.000 -9999.000 -9999.000 -9999.000 -9999.000 -9999.000 -9999.000 -9999.000 -9999.000 -9999.000 -9999.000 -9999.000 -9999.000 -9999.000 -9999.000 -9999.000 -9999.000 -9999.000 -9999.000 -9999.000
-9999.000 -9999.000 -9999.000 -9999.000 -9999.000 -9999.000 -9999.000 -9999.000 -9999.000 -9999.000 -9999.000 -9999.000 -9999.000 -9999.000 -9999.000 -0.1637841 -0.1540653 -0.1559734 -0.1592928 -0.1631826 -0.1675729 -0.1726156 -0.1786244 -0.1860662 -0.1955662 -0.2079349 -0.2242306 -0.2458615 -0.2733771 -0.2711681 -0.2711681 -9999.000 -9999.000 -9999.000 -9999.000 -9999.000 -9999.000 -9999.000 -9999.000 -9999.000 -9999.000 -9999.000 -9999.000 -9999.000 -9999.000 -9999.000 -9999.000 -9999.000 -9999.000 -9999.000 -9999.000 -9999.000 -9999.000 -9999.000 -9999.000 -9999.000 -9999.000 -9999.000 -9999.000
-9999.000 -9999.000 -9999.000 -9999.000 -9999.000 -9999.000 -9999.000 -9999.000 -9999.000 -9999.000 -9999.000 -9999.000 -9999.000 -9999.000 -9999.000 -0.1535658 -0.1433774 -0.1457290 -0.1496862 -0.1543320 -0.1595948 -0.1656617 -0.1729155 -0.1819272 -0.1934655 -0.2085334 -0.2284547 -0.2550192 -0.2891889 -0.2914475 -0.2914475 -9999.000 -9999.000 -9999.000 -9999.000 -9999.000 -9999.000 -9999.000 -9999.000 -9999.000 -9999.000 -9999.000 -9999.000 -9999.000 -9999.000 -9999.000 -9999.000 -9999.000 -9999.000 -9999.000 -9999.000 -9999.000 -9999.000 -9999.000 -9999.000 -9999.000 -9999.000 -9999.000 -9999.000
-9999.000 -9999.000 -9999.000 -9999.000 -9999.000 -9999.000 -9999.000 -9999.000 -9999.000 -9999.000 -9999.000 -9999.000 -9999.000 -9999.000 -9999.000 -0.1420871 -0.1318384 -0.1346882 -0.1393032 -0.1447193 -0.1508699 -0.1579847 -0.1665283 -0.1771957 -0.1909285 -0.2089677 -0.2329736 -0.2652418 -0.3073961 -0.3165261 -0.3165261 -9999.000 -9999.000 -9999.000 -9999.000 -9999.000 -9999.000 -9999.000 -9999.000 -9999.000 -9999.000 -9999.000 -9999.000 -9999.000 -9999.000 -9999.000 -9999.000 -9999.000 -9999.000 -9999.000 -9999.000 -9999.000 -9999.000 -9999.000 -9999.000 -9999.000 -9999.000 -9999.000 -9999.000
-9999.000 -9999.000 -9999.000 -9999.000 -9999.000 -9999.000 -9999.000 -9999.000 -9999.000 -9999.000 -9999.000 -9999.000 -9999.000 -9999.000 -9999.000 -0.1291601 -0.1193483 -0.1227551 -0.1280378 -0.1342230 -0.1412570 -0.1494204 -0.1592747 -0.1716630 -0.1877367 -0.2090333 -0.2376472 -0.2765542 -0.3284264 -0.3479721 -0.3479721 -9999.000 -9999.000 -9999.000 -9999.000 -9999.000 -9999.000 -9999.000 -9999.000 -9999.000 -9999.000 -9999.000 -9999.000 -9999.000 -9999.000 -9999.000 -9999.000 -9999.000 -9999.000 -9999.000 -9999.000 -9999.000 -9999.000 -9999.000 -9999.000 -9999.000 -9999.000 -9999.000 -9999.000
-9999.000 -9999.000 -9999.000 -9999.000 -9999.000 -9999.000 -9999.000 -9999.000 -9999.000 -9999.000 -9999.000 -9999.000 -9999.000 -9999.000 -9999.000 -0.1145533 -0.1057642 -0.1097888 -0.1157362 -0.1226697 -0.1305566 -0.1397380 -0.1508895 -0.1650309 -0.1835693 -0.2084129 -0.2422232 -0.2889099 -0.3527958 -0.3882822 -0.3882822 -9999.000 -9999.000 -9999.000 -9999.000 -9999.000 -9999.000 -9999.000 -9999.000 -9999.000 -9999.000 -9999.000 -9999.000 -9999.000 -9999.000 -9999.000 -9999.000 -9999.000 -9999.000 -9999.000 -9999.000 -9999.000 -9999.000 -9999.000 -9999.000 -9999.000 -9999.000 -9999.000 -9999.000
-9999.000 -9999.000 -9999.000 -9999.000 -9999.000 -9999.000 -9999.000 -9999.000 -9999.000 -9999.000 -9999.000 -9999.000 -9999.000 -9999.000 -9999.000 -0.9797820E-01 -0.9088233E-01 -0.9558226E-01 -0.1021741 -0.1098082 -0.1184809 -0.1286039 -0.1409860 -0.1568563 -0.1779315 -0.2065860 -0.2462264 -0.3020701 -0.3810533 -0.4416960 -0.4416960 -9999.000 -9999.000 -9999.000 -9999.000 -9999.000 -9999.000 -9999.000 -9999.000 -9999.000 -9999.000 -9999.000 -9999.000 -9999.000 -9999.000 -9999.000 -9999.000 -9999.000 -9999.000 -9999.000 -9999.000 -9999.000 -9999.000 -9999.000 -9999.000 -9999.000 -9999.000 -9999.000 -9999.000
-9999.000 -9999.000 -9999.000 -9999.000 -9999.000 -9999.000 -9999.000 -9999.000 -9999.000 -9999.000 -9999.000 -9999.000 -9999.000 -9999.000 -9999.000 -0.7899332E-01 -0.7436600E-01 -0.7979957E-01 -0.8700126E-01 -0.9525889E-01 -0.1046034 -0.1155253 -0.1289854 -0.1464567 -0.1700262 -0.2026489 -0.2487134 -0.3152927 -0.4135141 -0.5161423 -0.5161423 -9999.000 -9999.000 -9999.000 -9999.000 -9999.000 -9999.000 -9999.000 -9999.000 -9999.000 -9999.000 -9999.000 -9999.000 -9999.000 -9999.000 -9999.000 -9999.000 -9999.000 -9999.000 -9999.000 -9999.000 -9999.000 -9999.000 -9999.000 -9999.000 -9999.000 -9999.000 -9999.000 -9999.000
-9999.000 -9999.000 -9999.000 -9999.000 -9999.000 -9999.000 -9999.000 -9999.000 -9999.000 -9999.000 -9999.000 -9999.000 -9999.000 -9999.000 -9999.000 -0.5094666E-01 -0.5340321E-01 -0.6089977E-01 -0.6951586E-01 -0.7885727E-01 -0.8907519E-01 -0.1007989 -0.1151921 -0.1340231 -0.1598223 -0.1962620 -0.2490183 -0.3277920 -0.4503691 -0.6278232 -0.6278232 -9999.000 -9999.000 -9999.000 -9999.000 -9999.000 -9999.000 -9999.000 -9999.000 -9999.000 -9999.000 -9999.000 -9999.000 -9999.000 -9999.000 -9999.000 -9999.000 -9999.000 -9999.000 -9999.000 -9999.000 -9999.000 -9999.000 -9999.000 -9999.000 -9999.000 -9999.000 -9999.000 -9999.000
-0.2747437E-02 -0.2747437E-02 -0.3796025E-02 -0.4410655E-02 -0.4469845E-02 -0.4469845E-02 -0.4479551E-02 -0.4456812E-02 -0.4456812E-02 -0.4427085E-02 -0.4427085E-02 -0.4397687E-02 -0.4382705E-02 -0.5930830E-02 -0.3291131E-01 -0.3291131E-01 -0.6294049E-01 -0.7659660E-01 -0.9067260E-01 -0.1047522 -0.1185881 -0.1323632 -0.1468614 -0.1636329 -0.1852309 -0.2156137 -0.2609215 -0.3312363 -0.4441696 -0.6680730 -0.6680730 -0.4025470 -0.2323429 -0.4731495E-01 -0.9725882E-02 -0.9725882E-02 0.1673460E-01 0.1673460E-01 0.9226991E-02 0.9226991E-02 -0.2463234E-01 -0.8720998E-02 -0.8720998E-02 0.5808198E-02 0.5808198E-02 0.1036022E-01 0.1036022E-01 0.1036022E-01 0.8958383E-02 0.8958383E-02 0.6883648E-02 0.6883648E-02 0.6231676E-02 0.6231676E-02 0.3847402E-02 0.3847402E-02 0.2358599E-02 0.2358599E-02 0.2358599E-02
-0.4156239E-02 -0.4156239E-02 -0.5576118E-02 -0.6301474E-02 -0.6342811E-02 -0.6342811E-02 -0.6330217E-02 -0.6280170E-02 -0.6280170E-02 -0.6246535E-02 -0.6246535E-02 -0.6221693E-02 -0.6209027E-02 -0.8366331E-02 -0.5535895E-01 -0.5535895E-01 -0.9712819E-01 -0.1181737 -0.1407308 -0.1636392 -0.1858552 -0.2066736 -0.2259020 -0.2440500 -0.2625611 -0.2840953 -0.3128816 -0.3551605 -0.4188495 -0.5189213 -0.5189213 -0.3383427 -0.2057118 -0.4623948E-01 -0.4521430E-02 -0.4521430E-02 0.4141136E-01 0.4141136E-01 0.4882047E-01 0.4882047E-01 -0.2907305E-02 -0.1069583E-01 -0.1069583E-01 0.1496711E-01 0.1496711E-01 0.2261115E-01 0.2261115E-01 0.2261115E-01 0.1916517E-01 0.1916517E-01 0.1471418E-01 0.1471418E-01 0.1012560E-01 0.1012560E-01 0.8036899E-02 0.8036899E-02 0.5574003E-02 0.5574003E-02 0.5574003E-02
-0.3320447E-02 -0.3320447E-02 -0.4612069E-02 -0.5350406E-02 -0.5390779E-02 -0.5390779E-02 -0.5370616E-02 -0.5311949E-02 -0.5311949E-02 -0.5289217E-02 -0.5289217E-02 -0.5286055E-02 -0.5284894E-02 -0.6751721E-02 -0.5301901E-01 -0.5301901E-01 -0.1071938 -0.1329105 -0.1617360 -0.1923002 -0.2232501 -0.2534181 -0.2819510 -0.3084440 -0.3330936 -0.3568483 -0.3815590 -0.4100242 -0.4450687 -0.4879658 -0.4879658 -0.3798187 -0.2780457 -0.1195851 -0.5818573E-01 -0.5818573E-01 0.4394970E-01 0.4394970E-01 0.1084561 0.1084561 0.8117581E-01 0.1607388E-01 0.1607388E-01 0.2696486E-01 0.2696486E-01 0.3271613E-01 0.3271613E-01 0.3271613E-01 0.2749842E-01 0.2749842E-01 0.2076718E-01 0.2076718E-01 0.1190040E-01 0.1190040E-01 0.9937578E-02 0.9937578E-02 0.7193025E-02 0.7193025E-02 0.7193025E-02
-0.2557007E-02 -0.2557007E-02 -0.3650857E-02 -0.4323530E-02 -0.4355284E-02 -0.4355284E-02 -0.4326790E-02 -0.4254969E-02 -0.4254969E-02 -0.4228906E-02 -0.4228906E-02 -0.4228434E-02 -0.4229260E-02 -0.5194197E-02 -0.4161968E-01 -0.4161968E-01 -0.1106578 -0.1389790 -0.1715508 -0.2069301 -0.2437231 -0.2806601 -0.3166378 -0.3507912 -0.3825982 -0.4119466 -0.4391491 -0.4647613 -0.4884518 -0.5068219 -0.5068219 -0.4349095 -0.3526204 -0.1944469 -0.1173861 -0.1173861 0.3276648E-01 0.3276648E-01 0.1459229 0.1459229 0.1533210 0.7615170E-01 0.7615170E-01 0.4607925E-01 0.4607925E-01 0.3837267E-01 0.3837267E-01 0.3837267E-01 0.3064988E-01 0.3064988E-01 0.2181937E-01 0.2181937E-01 0.1168382E-01 0.1168382E-01 0.7551367E-02 0.7551367E-02 0.4792038E-02 0.4792038E-02 0.4792038E-02
-0.1859428E-02 -0.1859428E-02 -0.2713107E-02 -0.3268512E-02 -0.3292917E-02 -0.3292917E-02 -0.3263999E-02 -0.3194000E-02 -0.3194000E-02 -0.3168972E-02 -0.3168972E-02 -0.3169626E-02 -0.3171212E-02 -0.3803537E-02 -0.2893217E-01 -0.2893217E-01 -0.1119508 -0.1428384 -0.1784770 -0.2174304 -0.2583323 -0.2999495 -0.3411538 -0.3809323 -0.4184534 -0.4530768 -0.4843055 -0.5115241 -0.5327123 -0.5423350 -0.5423350 -0.4890884 -0.4183451 -0.2537638 -0.1618265 -0.1618265 0.2204107E-01 0.2204107E-01 0.1596947 0.1596947 0.1894772 0.1413137 0.1413137 0.7672846E-01 0.7672846E-01 0.4382335E-01 0.4382335E-01 0.4382335E-01 0.3088524E-01 0.3088524E-01 0.1944309E-01 0.1944309E-01 0.8340211E-02 0.8340211E-02 0.2697745E-02 0.2697745E-02 0.2170063E-03 0.2170063E-03 0.2170063E-03
-0.1211665E-02 -0.1211665E-02 -0.1796000E-02 -0.2191670E-02 -0.2208514E-02 -0.2208514E-02 -0.2185588E-02 -0.2130789E-02 -0.2130789E-02 -0.2111194E-02 -0.2111194E-02 -0.2112169E-02 -0.2113757E-02 -0.2526911E-02 -0.1928621E-01 -0.1928621E-01 -0.1118056 -0.1462670 -0.1852548 -0.2276228 -0.2720820 -0.3174496 -0.3626135 -0.4065255 -0.4482677 -0.4870202 -0.5219704 -0.5520285 -0.5741785 -0.5806410 -0.5806410 -0.5353595 -0.4679835 -0.2862801 -0.1809550 -0.1809550 0.1704357E-01 0.1704357E-01 0.1561158 0.1561158 0.1946805 0.1848018 0.1848018 0.1134400 0.1134400 0.5163053E-01 0.5163053E-01 0.5163053E-01 0.3060547E-01 0.3060547E-01 0.1545758E-01 0.1545758E-01 0.3228077E-02 0.3228077E-02 -0.3283123E-02 -0.3283123E-02 -0.5237613E-02 -0.5237613E-02 -0.5237613E-02
-0.5974180E-03 -0.5974180E-03 -0.8940339E-03 -0.1099672E-02 -0.1108366E-02 -0.1108366E-02 -0.1095833E-02 -0.1065883E-02 -0.1065883E-02 -0.1055174E-02 -0.1055174E-02 -0.1055840E-02 -0.1056784E-02 -0.1325734E-02 -0.1227090E-01 -0.1227090E-01 -0.1106772 -0.1502840 -0.1932287 -0.2392509 -0.2873012 -0.3362273 -0.3848951 -0.4322306 -0.4772835 -0.5192076 -0.5571610 -0.5898835 -0.6131155 -0.6159495 -0.6159495 -0.5693557 -0.4951694 -0.2878017 -0.1757747 -0.1757747 0.1469671E-01 0.1469671E-01 0.1412531 0.1412531 0.1807130 0.1988869 0.1988869 0.1447850 0.1447850 0.6261390E-01 0.6261390E-01 0.6261390E-01 0.3162197E-01 0.3162197E-01 0.1144019E-01 0.1144019E-01 -0.2424378E-02 -0.2424378E-02 -0.9447825E-02 -0.9447825E-02 -0.1068342E-01 -0.1068342E-01 -0.1068342E-01
0.4151882E-07 0.4151882E-07 -0.2129943E-07 -0.2415068E-07 -0.4267507E-07 -0.4267507E-07 -0.2380435E-07 -0.6809667E-07 -0.6809667E-07 -0.6745026E-07 -0.6745026E-07 -0.1565537E-06 -0.9639756E-07 -0.1743044E-03 -0.7222255E-02 -0.7222255E-02 -0.1076357 -0.1551671 -0.2032408 -0.2535630 -0.3055633 -0.3581828 -0.4102896 -0.4608080 -0.5087544 -0.5532792 -0.5936024 -0.6282155 -0.6503481 -0.6439921 -0.6439921 -0.5855166 -0.4935513 -0.2643390 -0.1566859 -0.1566859 0.1071668E-01 0.1071668E-01 0.1200941 0.1200941 0.1570930 0.1902698 0.1902698 0.1612823 0.1612823 0.7484220E-01 0.7484220E-01 0.7484220E-01 0.3457734E-01 0.3457734E-01 0.8597054E-02 0.8597054E-02 -0.7490474E-02 -0.7490474E-02 -0.1494579E-01 -0.1494579E-01 -0.1537068E-01 -0.1537068E-01 -0.1537068E-01
0.5974740E-03 0.5974740E-03 0.8940190E-03 0.1099659E-02 0.1108307E-02 0.1108307E-02 0.1095768E-02 0.1065667E-02 0.1065667E-02 0.1054932E-02 0.1054932E-02 0.1055641E-02 0.1056756E-02 0.9444481E-03 -0.3548474E-02 -0.3548474E-02 -0.1027088 -0.1608720 -0.2162070 -0.2720397 -0.3285716 -0.3850912 -0.4406324 -0.4941867 -0.5447775 -0.5915504 -0.6337414 -0.6692659 -0.6858875 -0.6593747 -0.6593747 -0.5754197 -0.4610798 -0.2297377 -0.1352438 -0.1352438 0.4191168E-02 0.4191168E-02 0.9679373E-01 0.9679373E-01 0.1300277 0.1686755 0.1686755 0.1606742 0.1606742 0.8453248E-01 0.8453248E-01 0.8453248E-01 0.3866635E-01 0.3866635E-01 0.7488282E-02 0.7488282E-02 -0.1104549E-01 -0.1104549E-01 -0.1895043E-01 -0.1895043E-01 -0.1861086E-01 -0.1861086E-01 -0.1861086E-01
0.1211638E-02 0.1211638E-02 0.1795983E-02 0.2191565E-02 0.2208392E-02 0.2208392E-02 0.2185543E-02 0.2130667E-02 0.2130667E-02 0.2110913E-02 0.2110913E-02 0.2112066E-02 0.2113766E-02 0.2041925E-02 -0.7969033E-03 -0.7969033E-03 -0.9927054E-01 -0.1686187 -0.2336812 -0.2965990 -0.3583852 -0.4189948 -0.4778744 -0.5342358 -0.5871888 -0.6358907 -0.6795446 -0.7144294 -0.7153131 -0.6517716 -0.6517716 -0.5356461 -0.4077522 -0.1957504 -0.1164596 -0.1164596 -0.2853572E-02 -0.2853572E-02 0.7431291E-01 0.7431291E-01 0.1030803 0.1412292 0.1412292 0.1464057 0.1464057 0.8810727E-01 0.8810727E-01 0.8810727E-01 0.4203994E-01 0.4203994E-01 0.7913159E-02 0.7913159E-02 -0.1249899E-01 -0.1249899E-01 -0.2074984E-01 -0.2074984E-01 -0.1982505E-01 -0.1982505E-01 -0.1982505E-01
0.1859373E-02 0.1859373E-02 0.2712986E-02 0.3268384E-02 0.3292836E-02 0.3292836E-02 0.3263941E-02 0.3193921E-02 0.3193921E-02 0.3168799E-02 0.3168799E-02 0.3169566E-02 0.3171212E-02 0.3125558E-02 0.1353094E-02 0.1353094E-02 -0.1023022 -0.1820103 -0.2583264 -0.3298908 -0.3977348 -0.4625661 -0.5245050 -0.5832102 -0.6380273 -0.6881896 -0.7327786 -0.7631918 -0.7247096 -0.6148384 -0.6148384 -0.4757810 -0.3491323 -0.1658821 -0.1012320 -0.1012320 -0.8109443E-02 -0.8109443E-02 0.5431872E-01 0.5431872E-01 0.7806890E-01 0.1121140 0.1121140 0.1235642 0.1235642 0.8383792E-01 0.8383792E-01 0.8383792E-01 0.4271381E-01 0.4271381E-01 0.9090991E-02 0.9090991E-02 -0.1168651E-01 -0.1168651E-01 -0.1987766E-01 -0.1987766E-01 -0.1861942E-01 -0.1861942E-01 -0.1861942E-01
0.2556973E-02 0.2556973E-02 0.3650679E-02 0.4323409E-02 0.4355239E-02 0.4355239E-02 0.4326697E-02 0.4254895E-02 0.4254895E-02 0.4228923E-02 0.4228923E-02 0.4228528E-02 0.4229208E-02 0.4200059E-02 0.3119261E-02 0.3119261E-02 -0.1182233 -0.2078852 -0.2954655 -0.3763357 -0.4506340 -0.5195330 -0.5839294 -0.6441425 -0.6999472 -0.7507728 -0.7953078 -0.8091639 -0.6972736 -0.5597425 -0.5597425 -0.4094628 -0.2909306 -0.1370465 -0.8601125E-01 -0.8601125E-01 -0.1080284E-01 -0.1080284E-01 0.3727362E-01 0.3727362E-01 0.5560568E-01 0.8342533E-01 0.8342533E-01 0.9627885E-01 0.9627885E-01 0.7204716E-01 0.7204716E-01 0.7204716E-01 0.3940270E-01 0.3940270E-01 0.1005788E-01 0.1005788E-01 -0.8838134E-02 -0.8838134E-02 -0.1621646E-01 -0.1621646E-01 -0.1488103E-01 -0.1488103E-01 -0.1488103E-01
