cruce_test.gid/Rasters/Hydraulic/Velocity__x_162.0.asc
NCOLS        79
NROWS        79
XLLCENTER         -1.500000
YLLCENTER         -4.800000
CELLSIZE           0.100
NODATA_VALUE     -9999.0
[rows 0 to 25 of 79, columns 0 to 57 of 79]
-9999.000 -9999.000 -9999.000 -9999.000 -9999.000 -9999.000 -9999.000 -9999.000 -9999.000 -9999.000 -9999.000 -9999.000 -9999.000 -9999.000 -9999.000 0.7422724E-03 0.2514413E-02 0.5329138E-02 0.8059953E-02 0.1048359E-01 0.1244918E-01 0.1385514E-01 0.1468498E-01 0.1496850E-01 0.1473536E-01 0.1403303E-01 0.1287749E-01 0.1110389E-01 0.7977262E-02 0.3923585E-02 0.3923585E-02 -9999.000 -9999.000 -9999.000 -9999.000 -9999.000 -9999.000 -9999.000 -9999.000 -9999.000 -9999.000 -9999.000 -9999.000 -9999.000 -9999.000 -9999.000 -9999.000 -9999.000 -9999.000 -9999.000 -9999.000 -9999.000 -9999.000 -9999.000 -9999.000 -9999.000 -9999.000 -9999.000
-9999.000 -9999.000 -9999.000 -9999.000 -9999.000 -9999.000 -9999.000 -9999.000 -9999.000 -9999.000 -9999.000 -9999.000 -9999.000 -9999.000 -9999.000 0.1802948E-02 0.4677685E-02 0.8602115E-02 0.1236509E-01 0.1569850E-01 0.1840485E-01 0.2034113E-01 0.2145394E-01 0.2174357E-01 0.2122137E-01 0.1992411E-01 0.1786824E-01 0.1491869E-01 0.1045700E-01 0.5136619E-02 0.5136619E-02 -9999.000 -9999.000 -9999.000 -9999.000 -9999.000 -9999.000 -9999.000 -9999.000 -9999.000 -9999.000 -9999.000 -9999.000 -9999.000 -9999.000 -9999.000 -9999.000 -9999.000 -9999.000 -9999.000 -9999.000 -9999.000 -9999.000 -9999.000 -9999.000 -9999.000 -9999.000 -9999.000
-9999.000 -9999.000 -9999.000 -9999.000 -9999.000 -9999.000 -9999.000 -9999.000 -9999.000 -9999.000 -9999.000 -9999.000 -9999.000 -9999.000 -9999.000 0.2390861E-02 0.5913119E-02 0.1053167E-01 0.1492590E-01 0.1880163E-01 0.2193768E-01 0.2417099E-01 0.2543446E-01 0.2572062E-01 0.2503800E-01 0.2342781E-01 0.2091681E-01 0.1738053E-01 0.1219224E-01 0.6026761E-02 0.6026761E-02 -9999.000 -9999.000 -9999.000 -9999.000 -9999.000 -9999.000 -9999.000 -9999.000 -9999.000 -9999.000 -9999.000 -9999.000 -9999.000 -9999.000 -9999.000 -9999.000 -9999.000 -9999.000 -9999.000 -9999.000 -9999.000 -9999.000 -9999.000 -9999.000 -9999.000 -9999.000 -9999.000
-9999.000 -9999.000 -9999.000 -9999.000 -9999.000 -9999.000 -9999.000 -9999.000 -9999.000 -9999.000 -9999.000 -9999.000 -9999.000 -9999.000 -9999.000 0.2773593E-02 0.6720135E-02 0.1179614E-01 0.1660988E-01 0.2084894E-01 0.2427643E-01 0.2671616E-01 0.2809397E-01 0.2839982E-01 0.2764093E-01 0.2586206E-01 0.2309471E-01 0.1921276E-01 0.1355790E-01 0.6756490E-02 0.6756490E-02 -9999.000 -9999.000 -9999.000 -9999.000 -9999.000 -9999.000 -9999.000 -9999.000 -9999.000 -9999.000 -9999.000 -9999.000 -9999.000 -9999.000 -9999.000 -9999.000 -9999.000 -9999.000 -9999.000 -9999.000 -9999.000 -9999.000 -9999.000 -9999.000 -9999.000 -9999.000 -9999.000
-9999.000 -9999.000 -9999.000 -9999.000 -9999.000 -9999.000 -9999.000 -9999.000 -9999.000 -9999.000 -9999.000 -9999.000 -9999.000 -9999.000 -9999.000 0.3063493E-02 0.7331319E-02 0.1275385E-01 0.1788855E-01 0.2240937E-01 0.2606773E-01 0.2867727E-01 0.3015998E-01 0.3050473E-01 0.2971759E-01 0.2784565E-01 0.2492218E-01 0.2081296E-01 0.1481409E-01 0.7452096E-02 0.7452096E-02 -9999.000 -9999.000 -9999.000 -9999.000 -9999.000 -9999.000 -9999.000 -9999.000 -9999.000 -9999.000 -9999.000 -9999.000 -9999.000 -9999.000 -9999.000 -9999.000 -9999.000 -9999.000 -9999.000 -9999.000 -9999.000 -9999.000 -9999.000 -9999.000 -9999.000 -9999.000 -9999.000
-9999.000 -9999.000 -9999.000 -9999.000 -9999.000 -9999.000 -9999.000 -9999.000 -9999.000 -9999.000 -9999.000 -9999.000 -9999.000 -9999.000 -9999.000 0.3317256E-02 0.7865955E-02 0.1359068E-01 0.1900683E-01 0.2377794E-01 0.2764509E-01 0.3041332E-01 0.3200275E-01 0.3240221E-01 0.3161654E-01 0.2969462E-01 0.2667025E-01 0.2239642E-01 0.1611008E-01 0.8189661E-02 0.8189661E-02 -9999.000 -9999.000 -9999.000 -9999.000 -9999.000 -9999.000 -9999.000 -9999.000 -9999.000 -9999.000 -9999.000 -9999.000 -9999.000 -9999.000 -9999.000 -9999.000 -9999.000 -9999.000 -9999.000 -9999.000 -9999.000 -9999.000 -9999.000 -9999.000 -9999.000 -9999.000 -9999.000
-9999.000 -9999.000 -9999.000 -9999.000 -9999.000 -9999.000 -9999.000 -9999.000 -9999.000 -9999.000 -9999.000 -9999.000 -9999.000 -9999.000 -9999.000 0.3564151E-02 0.8385740E-02 0.1440315E-01 0.2009287E-01 0.2510886E-01 0.2918342E-01 0.3211362E-01 0.3381877E-01 0.3428847E-01 0.3352652E-01 0.3158401E-01 0.2849400E-01 0.2409280E-01 0.1754450E-01 0.9023369E-02 0.9023369E-02 -9999.000 -9999.000 -9999.000 -9999.000 -9999.000 -9999.000 -9999.000 -9999.000 -9999.000 -9999.000 -9999.000 -9999.000 -9999.000 -9999.000 -9999.000 -9999.000 -9999.000 -9999.000 -9999.000 -9999.000 -9999.000 -9999.000 -9999.000 -9999.000 -9999.000 -9999.000 -9999.000
-9999.000 -9999.000 -9999.000 -9999.000 -9999.000 -9999.000 -9999.000 -9999.000 -9999.000 -9999.000 -9999.000 -9999.000 -9999.000 -9999.000 -9999.000 0.3820118E-02 0.8924292E-02 0.1524418E-01 0.2121672E-01 0.2648775E-01 0.3078086E-01 0.3388531E-01 0.3572101E-01 0.3627934E-01 0.3556270E-01 0.3362496E-01 0.3049827E-01 0.2599764E-01 0.1919889E-01 0.1000173E-01 0.1000173E-01 -9999.000 -9999.000 -9999.000 -9999.000 -9999.000 -9999.000 -9999.000 -9999.000 -9999.000 -9999.000 -9999.000 -9999.000 -9999.000 -9999.000 -9999.000 -9999.000 -9999.000 -9999.000 -9999.000 -9999.000 -9999.000 -9999.000 -9999.000 -9999.000 -9999.000 -9999.000 -9999.000
-9999.000 -9999.000 -9999.000 -9999.000 -9999.000 -9999.000 -9999.000 -9999.000 -9999.000 -9999.000 -9999.000 -9999.000 -9999.000 -9999.000 -9999.000 0.4094590E-02 0.9502107E-02 0.1614666E-01 0.2242308E-01 0.2796932E-01 0.3250099E-01 0.3579986E-01 0.3778733E-01 0.3845727E-01 0.3781104E-01 0.3590631E-01 0.3277331E-01 0.2820137E-01 0.2115997E-01 0.1117949E-01 0.1117949E-01 -9999.000 -9999.000 -9999.000 -9999.000 -9999.000 -9999.000 -9999.000 -9999.000 -9999.000 -9999.000 -9999.000 -9999.000 -9999.000 -9999.000 -9999.000 -9999.000 -9999.000 -9999.000 -9999.000 -9999.000 -9999.000 -9999.000 -9999.000 -9999.000 -9999.000 -9999.000 -9999.000
-9999.000 -9999.000 -9999.000 -9999.000 -9999.000 -9999.000 -9999.000 -9999.000 -9999.000 -9999.000 -9999.000 -9999.000 -9999.000 -9999.000 -9999.000 0.4394784E-02 0.1013504E-01 0.1713623E-01 0.2374696E-01 0.2959791E-01 0.3439671E-01 0.3791770E-01 0.4008550E-01 0.4089775E-01 0.4035462E-01 0.3851845E-01 0.3541747E-01 0.3080932E-01 0.2353499E-01 0.1262709E-01 0.1262709E-01 -9999.000 -9999.000 -9999.000 -9999.000 -9999.000 -9999.000 -9999.000 -9999.000 -9999.000 -9999.000 -9999.000 -9999.000 -9999.000 -9999.000 -9999.000 -9999.000 -9999.000 -9999.000 -9999.000 -9999.000 -9999.000 -9999.000 -9999.000 -9999.000 -9999.000 -9999.000 -9999.000
-9999.000 -9999.000 -9999.000 -9999.000 -9999.000 -9999.000 -9999.000 -9999.000 -9999.000 -9999.000 -9999.000 -9999.000 -9999.000 -9999.000 -9999.000 0.4728117E-02 0.1083928E-01 0.1823982E-01 0.2522523E-01 0.3142000E-01 0.3652396E-01 0.4030463E-01 0.4269194E-01 0.4368756E-01 0.4329144E-01 0.4157221E-01 0.3855548E-01 0.3396020E-01 0.2647222E-01 0.1444349E-01 0.1444349E-01 -9999.000 -9999.000 -9999.000 -9999.000 -9999.000 -9999.000 -9999.000 -9999.000 -9999.000 -9999.000 -9999.000 -9999.000 -9999.000 -9999.000 -9999.000 -9999.000 -9999.000 -9999.000 -9999.000 -9999.000 -9999.000 -9999.000 -9999.000 -9999.000 -9999.000 -9999.000 -9999.000
-9999.000 -9999.000 -9999.000 -9999.000 -9999.000 -9999.000 -9999.000 -9999.000 -9999.000 -9999.000 -9999.000 -9999.000 -9999.000 -9999.000 -9999.000 0.5103590E-02 0.1163526E-01 0.1949080E-01 0.2690464E-01 0.3349542E-01 0.3895568E-01 0.4304659E-01 0.4570598E-01 0.4694167E-01 0.4675394E-01 0.4521947E-01 0.4236140E-01 0.3785174E-01 0.3018667E-01 0.1677380E-01 0.1677380E-01 -9999.000 -9999.000 -9999.000 -9999.000 -9999.000 -9999.000 -9999.000 -9999.000 -9999.000 -9999.000 -9999.000 -9999.000 -9999.000 -9999.000 -9999.000 -9999.000 -9999.000 -9999.000 -9999.000 -9999.000 -9999.000 -9999.000 -9999.000 -9999.000 -9999.000 -9999.000 -9999.000
-9999.000 -9999.000 -9999.000 -9999.000 -9999.000 -9999.000 -9999.000 -9999.000 -9999.000 -9999.000 -9999.000 -9999.000 -9999.000 -9999.000 -9999.000 0.5535359E-02 0.1255349E-01 0.2093911E-01 0.2885406E-01 0.3591146E-01 0.4179740E-01 0.4626793E-01 0.4927272E-01 0.5082799E-01 0.5093537E-01 0.4968359E-01 0.4709348E-01 0.4277951E-01 0.3500581E-01 0.1984049E-01 0.1984049E-01 -9999.000 -9999.000 -9999.000 -9999.000 -9999.000 -9999.000 -9999.000 -9999.000 -9999.000 -9999.000 -9999.000 -9999.000 -9999.000 -9999.000 -9999.000 -9999.000 -9999.000 -9999.000 -9999.000 -9999.000 -9999.000 -9999.000 -9999.000 -9999.000 -9999.000 -9999.000 -9999.000
-9999.000 -9999.000 -9999.000 -9999.000 -9999.000 -9999.000 -9999.000 -9999.000 -9999.000 -9999.000 -9999.000 -9999.000 -9999.000 -9999.000 -9999.000 0.6112835E-02 0.1376287E-01 0.2282161E-01 0.3135554E-01 0.3897754E-01 0.4537380E-01 0.5030267E-01 0.5373599E-01 0.5570546E-01 0.5621861E-01 0.5538196E-01 0.5321482E-01 0.4926138E-01 0.4149646E-01 0.2404217E-01 0.2404217E-01 -9999.000 -9999.000 -9999.000 -9999.000 -9999.000 -9999.000 -9999.000 -9999.000 -9999.000 -9999.000 -9999.000 -9999.000 -9999.000 -9999.000 -9999.000 -9999.000 -9999.000 -9999.000 -9999.000 -9999.000 -9999.000 -9999.000 -9999.000 -9999.000 -9999.000 -9999.000 -9999.000
-9999.000 -9999.000 -9999.000 -9999.000 -9999.000 -9999.000 -9999.000 -9999.000 -9999.000 -9999.000 -9999.000 -9999.000 -9999.000 -9999.000 -9999.000 0.2533523E-01 0.4071578E-01 0.5053399E-01 0.5850318E-01 0.6384982E-01 0.6696314E-01 0.6819818E-01 0.6803513E-01 0.6673669E-01 0.6450000E-01 0.6151360E-01 0.5777519E-01 0.5270302E-01 0.4398576E-01 0.2203314E-01 0.2203314E-01 -9999.000 -9999.000 -9999.000 -9999.000 -9999.000 -9999.000 -9999.000 -9999.000 -9999.000 -9999.000 -9999.000 -9999.000 -9999.000 -9999.000 -9999.000 -9999.000 -9999.000 -9999.000 -9999.000 -9999.000 -9999.000 -9999.000 -9999.000 -9999.000 -9999.000 -9999.000 -9999.000
2.612999 2.612999 2.654592 2.693997 2.699076 2.699076 2.701855 2.703520 2.703520 2.701921 2.701921 2.698135 2.695628 2.692794 2.689674 2.689674 2.742105 2.741709 2.728916 2.701581 2.656943 2.593240 2.507716 2.403129 2.279695 2.139378 1.986390 1.830648 1.697219 1.649963 1.649963 2.464028 2.626621 2.712713 2.733052 2.733052 2.757227 2.757227 2.728200 2.728200 2.679149 2.488621 2.488621 2.047440 2.047440 1.862452 1.862452 1.862452 1.864100 1.864100 1.900687 1.900687 1.946845 1.946845 1.992985 1.992985 2.033082 2.033082
2.630728 2.630728 2.686840 2.742220 2.758112 2.758112 2.771678 2.794788 2.794788 2.814462 2.814462 2.831777 2.839754 2.847360 2.854635 2.854635 2.892695 2.902293 2.910520 2.916262 2.917490 2.911762 2.895896 2.868123 2.825964 2.767568 2.692229 2.601619 2.502701 2.438371 2.438371 2.878989 3.031431 3.172857 3.209808 3.209808 3.249062 3.249062 3.242864 3.242864 3.217857 3.108999 3.108999 2.867871 2.867871 2.657486 2.657486 2.657486 2.658656 2.658656 2.696807 2.696807 2.746067 2.746067 2.795053 2.795053 2.838474 2.838474
2.634844 2.634844 2.690856 2.742536 2.758616 2.758616 2.772418 2.796043 2.796043 2.816295 2.816295 2.834280 2.842630 2.850631 2.858323 2.858323 2.893157 2.910480 2.928520 2.945555 2.959986 2.970417 2.975204 2.973348 2.963359 2.943587 2.912634 2.870317 2.819983 2.786114 2.786114 3.042679 3.191188 3.358519 3.405679 3.405679 3.450753 3.450753 3.435163 3.435163 3.404070 3.303837 3.303837 3.144892 3.144892 2.946683 2.946683 2.946683 2.933002 2.933002 2.961075 2.961075 3.002936 3.002936 3.045868 3.045868 3.084635 3.084635
2.638135 2.638135 2.693962 2.742466 2.758530 2.758530 2.772377 2.796065 2.796065 2.816337 2.816337 2.834332 2.842690 2.850698 2.858399 2.858399 2.892686 2.917155 2.943641 2.969104 2.991526 3.009615 3.022321 3.029194 3.029761 3.023438 3.009651 2.988375 2.961736 2.945358 2.945358 3.103268 3.236120 3.411962 3.464454 3.464454 3.506392 3.506392 3.471381 3.471381 3.432579 3.344799 3.344799 3.246491 3.246491 3.084721 3.084721 3.084721 3.056605 3.056605 3.072918 3.072918 3.107692 3.107692 3.146395 3.146395 3.182259 3.182259
2.640662 2.640662 2.696340 2.742411 2.758435 2.758435 2.772320 2.796066 2.796066 2.816344 2.816344 2.834332 2.842687 2.850694 2.858395 2.858395 2.895162 2.926582 2.961015 2.994273 3.023898 3.048477 3.067085 3.079338 3.085077 3.084241 3.076874 3.063427 3.045810 3.034739 3.034739 3.133201 3.244082 3.411581 3.460330 3.460330 3.480222 3.480222 3.421566 3.421566 3.383515 3.326050 3.326050 3.281182 3.281182 3.169210 3.169210 3.169210 3.132083 3.132083 3.134958 3.134958 3.160479 3.160479 3.193712 3.193712 3.226034 3.226034
2.642446 2.642446 2.698020 2.742376 2.758354 2.758354 2.772268 2.796064 2.796064 2.816349 2.816349 2.834332 2.842685 2.850691 2.858391 2.858391 2.901412 2.939998 2.981947 3.022328 3.058449 3.088850 3.112679 3.129537 3.139308 3.142049 3.137997 3.127770 3.113096 3.101582 3.101582 3.159845 3.245145 3.384684 3.415839 3.415839 3.393109 3.393109 3.325895 3.325895 3.302983 3.288912 3.288912 3.287840 3.287840 3.227288 3.227288 3.227288 3.189985 3.189985 3.181128 3.181128 3.195600 3.195600 3.221260 3.221260 3.248423 3.248423
2.643507 2.643507 2.699021 2.742357 2.758301 2.758301 2.772233 2.796063 2.796063 2.816352 2.816352 2.834332 2.842684 2.850689 2.858389 2.858389 2.912289 2.958591 3.007697 3.054436 3.096162 3.131524 3.159788 3.180604 3.193862 3.199615 3.198093 3.189847 3.176272 3.162646 3.162646 3.192250 3.249814 3.334734 3.329836 3.329836 3.260541 3.260541 3.218585 3.218585 3.221023 3.249813 3.249813 3.280920 3.280920 3.265998 3.265998 3.265998 3.237007 3.237007 3.221297 3.221297 3.224829 3.224829 3.241184 3.241184 3.261359 3.261359
2.643860 2.643860 2.699353 2.742352 2.758282 2.758282 2.772221 2.796063 2.796063 2.816355 2.816355 2.834334 2.842685 2.850689 2.858389 2.858389 2.928899 2.983677 3.039611 3.091847 3.138103 3.177316 3.208975 3.232857 3.248902 3.257157 3.257792 3.251210 3.238390 3.222620 3.222620 3.230807 3.257401 3.247379 3.192269 3.192269 3.110268 3.110268 3.124567 3.124567 3.151772 3.213079 3.213079 3.266298 3.266298 3.288599 3.288599 3.288599 3.273426 3.273426 3.256963 3.256963 3.251768 3.251768 3.258111 3.258111 3.269696 3.269696
2.643507 2.643507 2.699021 2.742358 2.758300 2.758300 2.772233 2.796063 2.796063 2.816353 2.816353 2.834333 2.842685 2.850690 2.858389 2.858389 2.952795 3.016840 3.079186 3.135889 3.185374 3.227069 3.260807 3.286580 3.304438 3.314458 3.316761 3.311595 3.299474 3.281573 3.281573 3.270931 3.256321 3.099909 3.008064 3.008064 2.977445 2.977445 3.052604 3.052604 3.096644 3.178708 3.178708 3.246862 3.246862 3.297997 3.297997 3.297997 3.298562 3.298562 3.286603 3.286603 3.276266 3.276266 3.273159 3.273159 3.275135 3.275135
2.642446 2.642446 2.698020 2.742376 2.758354 2.758354 2.772268 2.796064 2.796064 2.816349 2.816349 2.834332 2.842685 2.850691 2.858391 2.858391 2.986207 3.060098 3.128136 3.187951 3.239041 3.281542 3.315753 3.341962 3.360388 3.371177 3.374429 3.370247 3.358519 3.337023 3.337023 3.301133 3.216497 2.890435 2.816695 2.816695 2.880659 2.880659 2.995718 2.995718 3.048976 3.143874 3.143874 3.222584 3.222584 3.295558 3.295558 3.295558 3.311138 3.311138 3.306955 3.306955 3.295302 3.295302 3.284442 3.284442 3.276653 3.276653
2.640663 2.640663 2.696339 2.742411 2.758435 2.758435 2.772320 2.796065 2.796065 2.816343 2.816343 2.834332 2.842688 2.850695 2.858396 2.858396 3.032419 3.116101 3.188439 3.249415 3.299996 3.341228 3.373985 3.398907 3.416417 3.426750 3.430012 3.426139 3.413686 3.381877 3.381877 3.291363 3.082797 2.668469 2.670483 2.670483 2.811053 2.811053 2.944802 2.944802 3.002727 3.106179 3.106179 3.192576 3.192576 3.281661 3.281661 3.281661 3.310004 3.310004 3.314673 3.314673 3.304506 3.304506 3.288160 3.288160 3.271332 3.271332
