cruce_test.gid/Rasters/Hydraulic/Velocity__y_132.0.asc
NCOLS        79
NROWS        79
XLLCENTER         -1.500000
YLLCENTER         -4.800000
CELLSIZE           0.100
NODATA_VALUE     -9999.0
[rows 0 to 25 of 79, columns 0 to 58 of 79]
-9999.000 -9999.000 -9999.000 -9999.000 -9999.000 -9999.000 -9999.000 -9999.000 -9999.000 -9999.000 -9999.000 -9999.000 -9999.000 -9999.000 -9999.000 -0.1321636 -0.1309702 -0.1309244 -0.1310410 -0.1312478 -0.1315054 -0.1317804 -0.1320464 -0.1322881 -0.1324935 -0.1327025 -0.1330514 -0.1338468 -0.1357011 -0.1363568 -0.1363568 -9999.000 -9999.000 -9999.000 -9999.000 -9999.000 -9999.000 -9999.000 -9999.000 -9999.000 -9999.000 -9999.000 -9999.000 -9999.000 -9999.000 -9999.000 -9999.000 -9999.000 -9999.000 -9999.000 -9999.000 -9999.000 -9999.000 -9999.000 -9999.000 -9999.000 -9999.000 -9999.000 -9999.000
-9999.000 -9999.000 -9999.000 -9999.000 -9999.000 -9999.000 -9999.000 -9999.000 -9999.000 -9999.000 -9999.000 -9999.000 -9999.000 -9999.000 -9999.000 -0.1301726 -0.1276870 -0.1275811 -0.1278375 -0.1283043 -0.1288957 -0.1295389 -0.1301758 -0.1307734 -0.1313071 -0.1318629 -0.1327285 -0.1345430 -0.1385685 -0.1404595 -0.1404595 -9999.000 -9999.000 -9999.000 -9999.000 -9999.000 -9999.000 -9999.000 -9999.000 -9999.000 -9999.000 -9999.000 -9999.000 -9999.000 -9999.000 -9999.000 -9999.000 -9999.000 -9999.000 -9999.000 -9999.000 -9999.000 -9999.000 -9999.000 -9999.000 -9999.000 -9999.000 -9999.000 -9999.000
-9999.000 -9999.000 -9999.000 -9999.000 -9999.000 -9999.000 -9999.000 -9999.000 -9999.000 -9999.000 -9999.000 -9999.000 -9999.000 -9999.000 -9999.000 -0.1268683 -0.1230357 -0.1228800 -0.1233561 -0.1242191 -0.1253254 -0.1265515 -0.1277975 -0.1290049 -0.1301315 -0.1313148 -0.1330176 -0.1362589 -0.1430398 -0.1469592 -0.1469592 -9999.000 -9999.000 -9999.000 -9999.000 -9999.000 -9999.000 -9999.000 -9999.000 -9999.000 -9999.000 -9999.000 -9999.000 -9999.000 -9999.000 -9999.000 -9999.000 -9999.000 -9999.000 -9999.000 -9999.000 -9999.000 -9999.000 -9999.000 -9999.000 -9999.000 -9999.000 -9999.000 -9999.000
-9999.000 -9999.000 -9999.000 -9999.000 -9999.000 -9999.000 -9999.000 -9999.000 -9999.000 -9999.000 -9999.000 -9999.000 -9999.000 -9999.000 -9999.000 -0.1228667 -0.1177760 -0.1176031 -0.1183549 -0.1196920 -0.1214098 -0.1233303 -0.1253077 -0.1272538 -0.1291037 -0.1310433 -0.1337161 -0.1385400 -0.1483107 -0.1549016 -0.1549016 -9999.000 -9999.000 -9999.000 -9999.000 -9999.000 -9999.000 -9999.000 -9999.000 -9999.000 -9999.000 -9999.000 -9999.000 -9999.000 -9999.000 -9999.000 -9999.000 -9999.000 -9999.000 -9999.000 -9999.000 -9999.000 -9999.000 -9999.000 -9999.000 -9999.000 -9999.000 -9999.000 -9999.000
-9999.000 -9999.000 -9999.000 -9999.000 -9999.000 -9999.000 -9999.000 -9999.000 -9999.000 -9999.000 -9999.000 -9999.000 -9999.000 -9999.000 -9999.000 -0.1183334 -0.1120561 -0.1118891 -0.1129570 -0.1148246 -0.1172240 -0.1199182 -0.1227121 -0.1254846 -0.1281451 -0.1309282 -0.1346694 -0.1412130 -0.1542211 -0.1641955 -0.1641955 -9999.000 -9999.000 -9999.000 -9999.000 -9999.000 -9999.000 -9999.000 -9999.000 -9999.000 -9999.000 -9999.000 -9999.000 -9999.000 -9999.000 -9999.000 -9999.000 -9999.000 -9999.000 -9999.000 -9999.000 -9999.000 -9999.000 -9999.000 -9999.000 -9999.000 -9999.000 -9999.000 -9999.000
-9999.000 -9999.000 -9999.000 -9999.000 -9999.000 -9999.000 -9999.000 -9999.000 -9999.000 -9999.000 -9999.000 -9999.000 -9999.000 -9999.000 -9999.000 -0.1133485 -0.1059552 -0.1058119 -0.1072255 -0.1096661 -0.1127997 -0.1163273 -0.1200005 -0.1236632 -0.1271980 -0.1308897 -0.1357820 -0.1441789 -0.1606995 -0.1748903 -0.1748903 -9999.000 -9999.000 -9999.000 -9999.000 -9999.000 -9999.000 -9999.000 -9999.000 -9999.000 -9999.000 -9999.000 -9999.000 -9999.000 -9999.000 -9999.000 -9999.000 -9999.000 -9999.000 -9999.000 -9999.000 -9999.000 -9999.000 -9999.000 -9999.000 -9999.000 -9999.000 -9999.000 -9999.000
-9999.000 -9999.000 -9999.000 -9999.000 -9999.000 -9999.000 -9999.000 -9999.000 -9999.000 -9999.000 -9999.000 -9999.000 -9999.000 -9999.000 -9999.000 -0.1079381 -0.9950826E-01 -0.9940406E-01 -0.1011868 -0.1042350 -0.1081456 -0.1125539 -0.1171560 -0.1217585 -0.1262164 -0.1308688 -0.1369866 -0.1473760 -0.1677237 -0.1871442 -0.1871442 -9999.000 -9999.000 -9999.000 -9999.000 -9999.000 -9999.000 -9999.000 -9999.000 -9999.000 -9999.000 -9999.000 -9999.000 -9999.000 -9999.000 -9999.000 -9999.000 -9999.000 -9999.000 -9999.000 -9999.000 -9999.000 -9999.000 -9999.000 -9999.000 -9999.000 -9999.000 -9999.000 -9999.000
-9999.000 -9999.000 -9999.000 -9999.000 -9999.000 -9999.000 -9999.000 -9999.000 -9999.000 -9999.000 -9999.000 -9999.000 -9999.000 -9999.000 -9999.000 -0.1020918 -0.9272031E-01 -0.9267122E-01 -0.9484347E-01 -0.9852945E-01 -0.1032539 -0.1085835 -0.1141557 -0.1197381 -0.1251583 -0.1308138 -0.1382288 -0.1507607 -0.1753021 -0.2012210 -0.2012210 -9999.000 -9999.000 -9999.000 -9999.000 -9999.000 -9999.000 -9999.000 -9999.000 -9999.000 -9999.000 -9999.000 -9999.000 -9999.000 -9999.000 -9999.000 -9999.000 -9999.000 -9999.000 -9999.000 -9999.000 -9999.000 -9999.000 -9999.000 -9999.000 -9999.000 -9999.000 -9999.000 -9999.000
-9999.000 -9999.000 -9999.000 -9999.000 -9999.000 -9999.000 -9999.000 -9999.000 -9999.000 -9999.000 -9999.000 -9999.000 -9999.000 -9999.000 -9999.000 -0.9577305E-01 -0.8557531E-01 -0.8559929E-01 -0.8817994E-01 -0.9253149E-01 -0.9810343E-01 -0.1043905 -0.1109683 -0.1175639 -0.1239776 -0.1306716 -0.1394543 -0.1542954 -0.1834629 -0.2175080 -0.2175080 -9999.000 -9999.000 -9999.000 -9999.000 -9999.000 -9999.000 -9999.000 -9999.000 -9999.000 -9999.000 -9999.000 -9999.000 -9999.000 -9999.000 -9999.000 -9999.000 -9999.000 -9999.000 -9999.000 -9999.000 -9999.000 -9999.000 -9999.000 -9999.000 -9999.000 -9999.000 -9999.000 -9999.000
-9999.000 -9999.000 -9999.000 -9999.000 -9999.000 -9999.000 -9999.000 -9999.000 -9999.000 -9999.000 -9999.000 -9999.000 -9999.000 -9999.000 -9999.000 -0.8892426E-01 -0.7803991E-01 -0.7815743E-01 -0.8116488E-01 -0.8620813E-01 -0.9265931E-01 -0.9993677E-01 -0.1075509 -0.1151867 -0.1226176 -0.1303786 -0.1406003 -0.1579380 -0.1922469 -0.2365567 -0.2365567 -9999.000 -9999.000 -9999.000 -9999.000 -9999.000 -9999.000 -9999.000 -9999.000 -9999.000 -9999.000 -9999.000 -9999.000 -9999.000 -9999.000 -9999.000 -9999.000 -9999.000 -9999.000 -9999.000 -9999.000 -9999.000 -9999.000 -9999.000 -9999.000 -9999.000 -9999.000 -9999.000 -9999.000
-9999.000 -9999.000 -9999.000 -9999.000 -9999.000 -9999.000 -9999.000 -9999.000 -9999.000 -9999.000 -9999.000 -9999.000 -9999.000 -9999.000 -9999.000 -0.8146761E-01 -0.7006324E-01 -0.7029772E-01 -0.7375005E-01 -0.7950991E-01 -0.8686955E-01 -0.9516662E-01 -0.1038424 -0.1125385 -0.1210019 -0.1298498 -0.1415823 -0.1616304 -0.2016997 -0.2591565 -0.2591565 -9999.000 -9999.000 -9999.000 -9999.000 -9999.000 -9999.000 -9999.000 -9999.000 -9999.000 -9999.000 -9999.000 -9999.000 -9999.000 -9999.000 -9999.000 -9999.000 -9999.000 -9999.000 -9999.000 -9999.000 -9999.000 -9999.000 -9999.000 -9999.000 -9999.000 -9999.000 -9999.000 -9999.000
-9999.000 -9999.000 -9999.000 -9999.000 -9999.000 -9999.000 -9999.000 -9999.000 -9999.000 -9999.000 -9999.000 -9999.000 -9999.000 -9999.000 -9999.000 -0.7330100E-01 -0.6157315E-01 -0.6195105E-01 -0.6586549E-01 -0.7236566E-01 -0.8065990E-01 -0.9000073E-01 -0.9975631E-01 -0.1095226 -0.1190212 -0.1289633 -0.1422774 -0.1652799 -0.2118599 -0.2864609 -0.2864609 -9999.000 -9999.000 -9999.000 -9999.000 -9999.000 -9999.000 -9999.000 -9999.000 -9999.000 -9999.000 -9999.000 -9999.000 -9999.000 -9999.000 -9999.000 -9999.000 -9999.000 -9999.000 -9999.000 -9999.000 -9999.000 -9999.000 -9999.000 -9999.000 -9999.000 -9999.000 -9999.000 -9999.000
-9999.000 -9999.000 -9999.000 -9999.000 -9999.000 -9999.000 -9999.000 -9999.000 -9999.000 -9999.000 -9999.000 -9999.000 -9999.000 -9999.000 -9999.000 -0.6428774E-01 -0.5246722E-01 -0.5301828E-01 -0.5741135E-01 -0.6467292E-01 -0.7392333E-01 -0.8432429E-01 -0.9516595E-01 -0.1059965 -0.1165136 -0.1275358 -0.1424944 -0.1687284 -0.2227322 -0.3202122 -0.3202122 -9999.000 -9999.000 -9999.000 -9999.000 -9999.000 -9999.000 -9999.000 -9999.000 -9999.000 -9999.000 -9999.000 -9999.000 -9999.000 -9999.000 -9999.000 -9999.000 -9999.000 -9999.000 -9999.000 -9999.000 -9999.000 -9999.000 -9999.000 -9999.000 -9999.000 -9999.000 -9999.000 -9999.000
-9999.000 -9999.000 -9999.000 -9999.000 -9999.000 -9999.000 -9999.000 -9999.000 -9999.000 -9999.000 -9999.000 -9999.000 -9999.000 -9999.000 -9999.000 -0.5419316E-01 -0.4256805E-01 -0.4333374E-01 -0.4823015E-01 -0.5627866E-01 -0.6650516E-01 -0.7797362E-01 -0.8989022E-01 -0.1017531 -0.1132374 -0.1252862 -0.1419271 -0.1716954 -0.2342358 -0.3631915 -0.3631915 -9999.000 -9999.000 -9999.000 -9999.000 -9999.000 -9999.000 -9999.000 -9999.000 -9999.000 -9999.000 -9999.000 -9999.000 -9999.000 -9999.000 -9999.000 -9999.000 -9999.000 -9999.000 -9999.000 -9999.000 -9999.000 -9999.000 -9999.000 -9999.000 -9999.000 -9999.000 -9999.000 -9999.000
-9999.000 -9999.000 -9999.000 -9999.000 -9999.000 -9999.000 -9999.000 -9999.000 -9999.000 -9999.000 -9999.000 -9999.000 -9999.000 -9999.000 -9999.000 -0.3582564E-01 -0.2888003E-01 -0.3146563E-01 -0.3800686E-01 -0.4762588E-01 -0.5931659E-01 -0.7210384E-01 -0.8516783E-01 -0.9801173E-01 -0.1103380 -0.1232643 -0.1415228 -0.1749899 -0.2469773 -0.4183445 -0.4183445 -9999.000 -9999.000 -9999.000 -9999.000 -9999.000 -9999.000 -9999.000 -9999.000 -9999.000 -9999.000 -9999.000 -9999.000 -9999.000 -9999.000 -9999.000 -9999.000 -9999.000 -9999.000 -9999.000 -9999.000 -9999.000 -9999.000 -9999.000 -9999.000 -9999.000 -9999.000 -9999.000 -9999.000
-0.2412744E-02 -0.2412744E-02 -0.5476808E-02 -0.5577328E-02 -0.5558205E-02 -0.5558205E-02 -0.5541228E-02 -0.5517093E-02 -0.5517093E-02 -0.5493456E-02 -0.5493456E-02 -0.5463236E-02 -0.5445858E-02 -0.5427682E-02 -0.5408881E-02 -0.5408881E-02 -0.3002159E-01 -0.3629080E-01 -0.4640206E-01 -0.6087177E-01 -0.7886282E-01 -0.9909508E-01 -0.1202534 -0.1412053 -0.1607854 -0.1787379 -0.1976548 -0.2234163 -0.2710154 -0.3947676 -0.3947676 -0.1991015 -0.9609477E-01 -0.2286360E-01 -0.1398996E-01 -0.1398996E-01 -0.6254795E-02 -0.6254795E-02 0.5881997E-02 0.5881997E-02 0.1252245E-01 -0.2311579E-01 -0.2311579E-01 -0.1247381E-01 -0.1247381E-01 0.6466618E-02 0.6466618E-02 0.6466618E-02 0.7942110E-02 0.7942110E-02 0.6806837E-02 0.6806837E-02 0.4788356E-02 0.4788356E-02 0.2650143E-02 0.2650143E-02 0.7721014E-03 0.7721014E-03 0.7721014E-03
-0.3695988E-02 -0.3695988E-02 -0.8123027E-02 -0.7943030E-02 -0.7841938E-02 -0.7841938E-02 -0.7788126E-02 -0.7755070E-02 -0.7755070E-02 -0.7744756E-02 -0.7744756E-02 -0.7723675E-02 -0.7708865E-02 -0.7692134E-02 -0.7674304E-02 -0.7674304E-02 -0.4025232E-01 -0.5143142E-01 -0.6709342E-01 -0.8873342E-01 -0.1158398 -0.1470591 -0.1807490 -0.2152202 -0.2486200 -0.2792892 -0.3066370 -0.3308959 -0.3544901 -0.3847886 -0.3847886 -0.2446303 -0.1488689 -0.6147751E-01 -0.4424758E-01 -0.4424758E-01 -0.1700594E-01 -0.1700594E-01 0.2491883E-01 0.2491883E-01 0.4711583E-01 0.7660015E-02 0.7660015E-02 -0.4516350E-02 -0.4516350E-02 0.1297753E-01 0.1297753E-01 0.1297753E-01 0.1445174E-01 0.1445174E-01 0.1166065E-01 0.1166065E-01 0.7444941E-02 0.7444941E-02 0.3308097E-02 0.3308097E-02 0.6276783E-04 0.6276783E-04 0.6276783E-04
-0.3029777E-02 -0.3029777E-02 -0.6595431E-02 -0.6774042E-02 -0.6644973E-02 -0.6644973E-02 -0.6568906E-02 -0.6537643E-02 -0.6537643E-02 -0.6555978E-02 -0.6555978E-02 -0.6563155E-02 -0.6560891E-02 -0.6555931E-02 -0.6549601E-02 -0.6549601E-02 -0.3699995E-01 -0.5264124E-01 -0.7220718E-01 -0.9750104E-01 -0.1286618 -0.1649171 -0.2050472 -0.2476096 -0.2911776 -0.3340692 -0.3741005 -0.4094796 -0.4382111 -0.4559609 -0.4559609 -0.3614326 -0.2763388 -0.1613274 -0.1218239 -0.1218239 -0.4395285E-01 -0.4395285E-01 0.5305076E-01 0.5305076E-01 0.9891907E-01 0.1008993 0.1008993 0.4512496E-01 0.4512496E-01 0.2337615E-01 0.2337615E-01 0.2337615E-01 0.1800424E-01 0.1800424E-01 0.1148966E-01 0.1148966E-01 0.4737165E-02 0.4737165E-02 -0.9255403E-03 -0.9255403E-03 -0.4624554E-02 -0.4624554E-02 -0.4624554E-02
-0.2381240E-02 -0.2381240E-02 -0.5145741E-02 -0.5499671E-02 -0.5360099E-02 -0.5360099E-02 -0.5267333E-02 -0.5222314E-02 -0.5222314E-02 -0.5243103E-02 -0.5243103E-02 -0.5253991E-02 -0.5253057E-02 -0.5249357E-02 -0.5244328E-02 -0.5244328E-02 -0.3288443E-01 -0.5231013E-01 -0.7566684E-01 -0.1041054 -0.1379575 -0.1768776 -0.2200982 -0.2665913 -0.3152736 -0.3647771 -0.4130412 -0.4578514 -0.4961903 -0.5216733 -0.5216733 -0.4606783 -0.3929636 -0.2699530 -0.2102696 -0.2102696 -0.7204088E-01 -0.7204088E-01 0.8105250E-01 0.8105250E-01 0.1440021 0.1824753 0.1824753 0.1145226 0.1145226 0.4067916E-01 0.4067916E-01 0.4067916E-01 0.2074600E-01 0.2074600E-01 0.7565674E-02 0.7565674E-02 -0.2346506E-02 -0.2346506E-02 -0.9229676E-02 -0.9229676E-02 -0.1277306E-01 -0.1277306E-01 -0.1277306E-01
-0.1758429E-02 -0.1758429E-02 -0.3782842E-02 -0.4174842E-02 -0.4049290E-02 -0.4049290E-02 -0.3958820E-02 -0.3910800E-02 -0.3910800E-02 -0.3929795E-02 -0.3929795E-02 -0.3941240E-02 -0.3940838E-02 -0.3938204E-02 -0.3934106E-02 -0.3934106E-02 -0.2991706E-01 -0.5287187E-01 -0.8040264E-01 -0.1125263 -0.1493475 -0.1906918 -0.2360963 -0.2848719 -0.3362460 -0.3892104 -0.4421171 -0.4928754 -0.5383656 -0.5720071 -0.5720071 -0.5409719 -0.4910345 -0.3637098 -0.2819084 -0.2819084 -0.8244663E-01 -0.8244663E-01 0.1057112 0.1057112 0.1733290 0.2293208 0.2293208 0.1749196 0.1749196 0.6367026E-01 0.6367026E-01 0.6367026E-01 0.2583854E-01 0.2583854E-01 0.3526520E-02 0.3526520E-02 -0.1053293E-01 -0.1053293E-01 -0.1878707E-01 -0.1878707E-01 -0.2187977E-01 -0.2187977E-01 -0.2187977E-01
-0.1158328E-02 -0.1158328E-02 -0.2485281E-02 -0.2808049E-02 -0.2714855E-02 -0.2714855E-02 -0.2643860E-02 -0.2604267E-02 -0.2604267E-02 -0.2618413E-02 -0.2618413E-02 -0.2627802E-02 -0.2627865E-02 -0.2626014E-02 -0.2623234E-02 -0.2623234E-02 -0.2874645E-01 -0.5529372E-01 -0.8742148E-01 -0.1239184 -0.1643772 -0.2085749 -0.2562209 -0.3068853 -0.3600545 -0.4150261 -0.4705693 -0.5249028 -0.5751739 -0.6152864 -0.6152864 -0.6067119 -0.5706570 -0.4261636 -0.3155246 -0.3155246 -0.6900736E-01 -0.6900736E-01 0.1208508 0.1208508 0.1827928 0.2425095 0.2425095 0.2119051 0.2119051 0.8904188E-01 0.8904188E-01 0.8904188E-01 0.3438886E-01 0.3438886E-01 0.1418761E-02 0.1418761E-02 -0.1794580E-01 -0.1794580E-01 -0.2798145E-01 -0.2798145E-01 -0.3055633E-01 -0.3055633E-01 -0.3055633E-01
-0.5747187E-03 -0.5747187E-03 -0.1231624E-02 -0.1411721E-02 -0.1362279E-02 -0.1362279E-02 -0.1323361E-02 -0.1301200E-02 -0.1301200E-02 -0.1308655E-02 -0.1308655E-02 -0.1313789E-02 -0.1314074E-02 -0.1313130E-02 -0.1311835E-02 -0.1311835E-02 -0.2996713E-01 -0.6061641E-01 -0.9785646E-01 -0.1394064 -0.1842165 -0.2318472 -0.2820634 -0.3346334 -0.3892812 -0.4455842 -0.5026940 -0.5591902 -0.6125864 -0.6572788 -0.6572788 -0.6632943 -0.6320813 -0.4415251 -0.3004659 -0.3004659 -0.4305700E-01 -0.4305700E-01 0.1215643 0.1215643 0.1737944 0.2315717 0.2315717 0.2233793 0.2233793 0.1117669 0.1117669 0.1117669 0.4557534E-01 0.4557534E-01 0.2170225E-02 0.2170225E-02 -0.2329587E-01 -0.2329587E-01 -0.3560494E-01 -0.3560494E-01 -0.3779650E-01 -0.3779650E-01 -0.3779650E-01
0.7968929E-07 0.7968929E-07 -0.1300997E-07 -0.1252175E-07 0.4431523E-07 0.4431523E-07 -0.1303484E-07 -0.4311912E-07 -0.4311912E-07 0.1055982E-06 0.1055982E-06 0.2385892E-06 0.1795165E-06 -0.3228074E-07 -0.1045296E-06 -0.1045296E-06 -0.3433283E-01 -0.7014599E-01 -0.1132443 -0.1605425 -0.2103757 -0.2620040 -0.3151582 -0.3697477 -0.4257183 -0.4829236 -0.5408831 -0.5985652 -0.6538380 -0.7010474 -0.7010474 -0.7124486 -0.6681274 -0.4005744 -0.2471332 -0.2471332 -0.2193699E-01 -0.2193699E-01 0.1086576 0.1086576 0.1520076 0.2065649 0.2065649 0.2146234 0.2146234 0.1269550 0.1269550 0.1269550 0.5703260E-01 0.5703260E-01 0.5616480E-02 0.5616480E-02 -0.2582544E-01 -0.2582544E-01 -0.4070706E-01 -0.4070706E-01 -0.4275455E-01 -0.4275455E-01 -0.4275455E-01
0.5747830E-03 0.5747830E-03 0.1231715E-02 0.1411863E-02 0.1362442E-02 0.1362442E-02 0.1323514E-02 0.1301268E-02 0.1301268E-02 0.1308833E-02 0.1308833E-02 0.1314051E-02 0.1314194E-02 0.1313174E-02 0.1311685E-02 0.1311685E-02 -0.4297629E-01 -0.8564754E-01 -0.1356967 -0.1895040 -0.2449493 -0.3010231 -0.3573920 -0.4140670 -0.4711961 -0.5289030 -0.5870668 -0.6450569 -0.7009457 -0.7473862 -0.7473862 -0.7483705 -0.6576291 -0.3187917 -0.1850945 -0.1850945 -0.1405128E-01 -0.1405128E-01 0.8757991E-01 0.8757991E-01 0.1241974 0.1750057 0.1750057 0.1926881 0.1926881 0.1316823 0.1316823 0.1316823 0.6577558E-01 0.6577558E-01 0.1065523E-01 0.1065523E-01 -0.2534480E-01 -0.2534480E-01 -0.4259472E-01 -0.4259472E-01 -0.4471573E-01 -0.4471573E-01 -0.4471573E-01
0.1158217E-02 0.1158217E-02 0.2485390E-02 0.2808305E-02 0.2715091E-02 0.2715091E-02 0.2644012E-02 0.2604412E-02 0.2604412E-02 0.2618422E-02 0.2618422E-02 0.2627744E-02 0.2627746E-02 0.2625969E-02 0.2623189E-02 0.2623189E-02 -0.5775601E-01 -0.1096997 -0.1681991 -0.2293572 -0.2908677 -0.3516093 -0.4112436 -0.4698874 -0.5278786 -0.5855983 -0.6432669 -0.7006173 -0.7553272 -0.7932335 -0.7932335 -0.7486651 -0.5722193 -0.2349375 -0.1388137 -0.1388137 -0.1612724E-01 -0.1612724E-01 0.6435336E-01 0.6435336E-01 0.9555653E-01 0.1414829 0.1414829 0.1633349 0.1633349 0.1255746 0.1255746 0.1255746 0.6929055E-01 0.6929055E-01 0.1564351E-01 0.1564351E-01 -0.2219869E-01 -0.2219869E-01 -0.4089556E-01 -0.4089556E-01 -0.4316477E-01 -0.4316477E-01 -0.4316477E-01
0.1758347E-02 0.1758347E-02 0.3782826E-02 0.4175033E-02 0.4049460E-02 0.4049460E-02 0.3959037E-02 0.3911142E-02 0.3911142E-02 0.3929792E-02 0.3929792E-02 0.3941147E-02 0.3940718E-02 0.3937998E-02 0.3934066E-02 0.3934066E-02 -0.8189199E-01 -0.1463476 -0.2151667 -0.2845124 -0.3522817 -0.4175313 -0.4800819 -0.5402231 -0.5984972 -0.6555293 -0.7118514 -0.7673842 -0.8171188 -0.8232803 -0.8232803 -0.6663783 -0.4212539 -0.1756740 -0.1118413 -0.1118413 -0.2093505E-01 -0.2093505E-01 0.4292672E-01 0.4292672E-01 0.6900373E-01 0.1084644 0.1084644 0.1304926 0.1304926 0.1102273 0.1102273 0.1102273 0.6632406E-01 0.6632406E-01 0.1897440E-01 0.1897440E-01 -0.1711553E-01 -0.1711553E-01 -0.3561239E-01 -0.3561239E-01 -0.3788953E-01 -0.3788953E-01 -0.3788953E-01
