cruce_test.gid/Rasters/Hydraulic/Velocity__y_149.0.asc
NCOLS        79
NROWS        79
XLLCENTER         -1.500000
YLLCENTER         -4.800000
CELLSIZE           0.100
NODATA_VALUE     -9999.0
[rows 0 to 26 of 79, columns 0 to 58 of 79]
-9999.000 -9999.000 -9999.000 -9999.000 -9999.000 -9999.000 -9999.000 -9999.000 -9999.000 -9999.000 -9999.000 -9999.000 -9999.000 -9999.000 -9999.000 -0.1151365 -0.1139903 -0.1139583 -0.1141031 -0.1143632 -0.1146766 -0.1150287 -0.1153867 -0.1157241 -0.1160258 -0.1163044 -0.1166329 -0.1172427 -0.1188140 -0.1198919 -0.1198919 -9999.000 -9999.000 -9999.000 -9999.000 -9999.000 -9999.000 -9999.000 -9999.000 -9999.000 -9999.000 -9999.000 -9999.000 -9999.000 -9999.000 -9999.000 -9999.000 -9999.000 -9999.000 -9999.000 -9999.000 -9999.000 -9999.000 -9999.000 -9999.000 -9999.000 -9999.000 -9999.000 -9999.000
-9999.000 -9999.000 -9999.000 -9999.000 -9999.000 -9999.000 -9999.000 -9999.000 -9999.000 -9999.000 -9999.000 -9999.000 -9999.000 -9999.000 -9999.000 -0.1128538 -0.1105275 -0.1104668 -0.1108037 -0.1114087 -0.1121470 -0.1129840 -0.1138472 -0.1146764 -0.1154385 -0.1161581 -0.1169881 -0.1184114 -0.1218414 -0.1245735 -0.1245735 -9999.000 -9999.000 -9999.000 -9999.000 -9999.000 -9999.000 -9999.000 -9999.000 -9999.000 -9999.000 -9999.000 -9999.000 -9999.000 -9999.000 -9999.000 -9999.000 -9999.000 -9999.000 -9999.000 -9999.000 -9999.000 -9999.000 -9999.000 -9999.000 -9999.000 -9999.000 -9999.000 -9999.000
-9999.000 -9999.000 -9999.000 -9999.000 -9999.000 -9999.000 -9999.000 -9999.000 -9999.000 -9999.000 -9999.000 -9999.000 -9999.000 -9999.000 -9999.000 -0.1090919 -0.1056107 -0.1055544 -0.1061897 -0.1073079 -0.1086854 -0.1102590 -0.1119034 -0.1135126 -0.1150268 -0.1164787 -0.1181095 -0.1206851 -0.1264584 -0.1316356 -0.1316356 -9999.000 -9999.000 -9999.000 -9999.000 -9999.000 -9999.000 -9999.000 -9999.000 -9999.000 -9999.000 -9999.000 -9999.000 -9999.000 -9999.000 -9999.000 -9999.000 -9999.000 -9999.000 -9999.000 -9999.000 -9999.000 -9999.000 -9999.000 -9999.000 -9999.000 -9999.000 -9999.000 -9999.000
-9999.000 -9999.000 -9999.000 -9999.000 -9999.000 -9999.000 -9999.000 -9999.000 -9999.000 -9999.000 -9999.000 -9999.000 -9999.000 -9999.000 -9999.000 -0.1046183 -0.1001116 -0.1000973 -0.1010898 -0.1028016 -0.1049156 -0.1073372 -0.1098834 -0.1123981 -0.1147883 -0.1170918 -0.1196374 -0.1234839 -0.1317757 -0.1399810 -0.1399810 -9999.000 -9999.000 -9999.000 -9999.000 -9999.000 -9999.000 -9999.000 -9999.000 -9999.000 -9999.000 -9999.000 -9999.000 -9999.000 -9999.000 -9999.000 -9999.000 -9999.000 -9999.000 -9999.000 -9999.000 -9999.000 -9999.000 -9999.000 -9999.000 -9999.000 -9999.000 -9999.000 -9999.000
-9999.000 -9999.000 -9999.000 -9999.000 -9999.000 -9999.000 -9999.000 -9999.000 -9999.000 -9999.000 -9999.000 -9999.000 -9999.000 -9999.000 -9999.000 -0.9963040E-01 -0.9420040E-01 -0.9425216E-01 -0.9564067E-01 -0.9800120E-01 -0.1009171 -0.1042615 -0.1077900 -0.1112922 -0.1146386 -0.1178710 -0.1214104 -0.1266241 -0.1376151 -0.1494863 -0.1494863 -9999.000 -9999.000 -9999.000 -9999.000 -9999.000 -9999.000 -9999.000 -9999.000 -9999.000 -9999.000 -9999.000 -9999.000 -9999.000 -9999.000 -9999.000 -9999.000 -9999.000 -9999.000 -9999.000 -9999.000 -9999.000 -9999.000 -9999.000 -9999.000 -9999.000 -9999.000 -9999.000 -9999.000
-9999.000 -9999.000 -9999.000 -9999.000 -9999.000 -9999.000 -9999.000 -9999.000 -9999.000 -9999.000 -9999.000 -9999.000 -9999.000 -9999.000 -9999.000 -0.9421623E-01 -0.8795787E-01 -0.8809395E-01 -0.8990623E-01 -0.9295617E-01 -0.9672254E-01 -0.1010452 -0.1056153 -0.1101649 -0.1145256 -0.1187438 -0.1233395 -0.1300085 -0.1438963 -0.1601747 -0.1601747 -9999.000 -9999.000 -9999.000 -9999.000 -9999.000 -9999.000 -9999.000 -9999.000 -9999.000 -9999.000 -9999.000 -9999.000 -9999.000 -9999.000 -9999.000 -9999.000 -9999.000 -9999.000 -9999.000 -9999.000 -9999.000 -9999.000 -9999.000 -9999.000 -9999.000 -9999.000 -9999.000 -9999.000
-9999.000 -9999.000 -9999.000 -9999.000 -9999.000 -9999.000 -9999.000 -9999.000 -9999.000 -9999.000 -9999.000 -9999.000 -9999.000 -9999.000 -9999.000 -0.8840133E-01 -0.8141412E-01 -0.8165042E-01 -0.8390915E-01 -0.8768256E-01 -0.9233965E-01 -0.9768648E-01 -0.1033465 -0.1089913 -0.1144128 -0.1196625 -0.1253695 -0.1335819 -0.1505899 -0.1721717 -0.1721717 -9999.000 -9999.000 -9999.000 -9999.000 -9999.000 -9999.000 -9999.000 -9999.000 -9999.000 -9999.000 -9999.000 -9999.000 -9999.000 -9999.000 -9999.000 -9999.000 -9999.000 -9999.000 -9999.000 -9999.000 -9999.000 -9999.000 -9999.000 -9999.000 -9999.000 -9999.000 -9999.000 -9999.000
-9999.000 -9999.000 -9999.000 -9999.000 -9999.000 -9999.000 -9999.000 -9999.000 -9999.000 -9999.000 -9999.000 -9999.000 -9999.000 -9999.000 -9999.000 -0.8217570E-01 -0.7456946E-01 -0.7492259E-01 -0.7764824E-01 -0.8217625E-01 -0.8776054E-01 -0.9417224E-01 -0.1009652 -0.1077473 -0.1142691 -0.1205895 -0.1274591 -0.1373072 -0.1576936 -0.1856897 -0.1856897 -9999.000 -9999.000 -9999.000 -9999.000 -9999.000 -9999.000 -9999.000 -9999.000 -9999.000 -9999.000 -9999.000 -9999.000 -9999.000 -9999.000 -9999.000 -9999.000 -9999.000 -9999.000 -9999.000 -9999.000 -9999.000 -9999.000 -9999.000 -9999.000 -9999.000 -9999.000 -9999.000 -9999.000
-9999.000 -9999.000 -9999.000 -9999.000 -9999.000 -9999.000 -9999.000 -9999.000 -9999.000 -9999.000 -9999.000 -9999.000 -9999.000 -9999.000 -9999.000 -0.7550795E-01 -0.6740601E-01 -0.6789374E-01 -0.7110599E-01 -0.7641886E-01 -0.8296540E-01 -0.9048112E-01 -0.9844710E-01 -0.1064046 -0.1140613 -0.1214870 -0.1295690 -0.1411525 -0.1652187 -0.2010353 -0.2010353 -9999.000 -9999.000 -9999.000 -9999.000 -9999.000 -9999.000 -9999.000 -9999.000 -9999.000 -9999.000 -9999.000 -9999.000 -9999.000 -9999.000 -9999.000 -9999.000 -9999.000 -9999.000 -9999.000 -9999.000 -9999.000 -9999.000 -9999.000 -9999.000 -9999.000 -9999.000 -9999.000 -9999.000
-9999.000 -9999.000 -9999.000 -9999.000 -9999.000 -9999.000 -9999.000 -9999.000 -9999.000 -9999.000 -9999.000 -9999.000 -9999.000 -9999.000 -9999.000 -0.6835202E-01 -0.5989256E-01 -0.6053395E-01 -0.6425219E-01 -0.7038020E-01 -0.7792376E-01 -0.8658107E-01 -0.9575840E-01 -0.1049265 -0.1137490 -0.1223102 -0.1316536 -0.1450816 -0.1731818 -0.2186335 -0.2186335 -9999.000 -9999.000 -9999.000 -9999.000 -9999.000 -9999.000 -9999.000 -9999.000 -9999.000 -9999.000 -9999.000 -9999.000 -9999.000 -9999.000 -9999.000 -9999.000 -9999.000 -9999.000 -9999.000 -9999.000 -9999.000 -9999.000 -9999.000 -9999.000 -9999.000 -9999.000 -9999.000 -9999.000
-9999.000 -9999.000 -9999.000 -9999.000 -9999.000 -9999.000 -9999.000 -9999.000 -9999.000 -9999.000 -9999.000 -9999.000 -9999.000 -9999.000 -9999.000 -0.6065135E-01 -0.5198799E-01 -0.5280282E-01 -0.5704577E-01 -0.6401823E-01 -0.7259253E-01 -0.8242793E-01 -0.9285327E-01 -0.1032635 -0.1132777 -0.1229998 -0.1336519 -0.1490434 -0.1815976 -0.2390731 -0.2390731 -9999.000 -9999.000 -9999.000 -9999.000 -9999.000 -9999.000 -9999.000 -9999.000 -9999.000 -9999.000 -9999.000 -9999.000 -9999.000 -9999.000 -9999.000 -9999.000 -9999.000 -9999.000 -9999.000 -9999.000 -9999.000 -9999.000 -9999.000 -9999.000 -9999.000 -9999.000 -9999.000 -9999.000
-9999.000 -9999.000 -9999.000 -9999.000 -9999.000 -9999.000 -9999.000 -9999.000 -9999.000 -9999.000 -9999.000 -9999.000 -9999.000 -9999.000 -9999.000 -0.5233742E-01 -0.4364010E-01 -0.4464826E-01 -0.4943329E-01 -0.5727768E-01 -0.6691478E-01 -0.7796194E-01 -0.8966805E-01 -0.1013472 -0.1125721 -0.1234722 -0.1354768 -0.1529625 -0.1904700 -0.2631866 -0.2631866 -9999.000 -9999.000 -9999.000 -9999.000 -9999.000 -9999.000 -9999.000 -9999.000 -9999.000 -9999.000 -9999.000 -9999.000 -9999.000 -9999.000 -9999.000 -9999.000 -9999.000 -9999.000 -9999.000 -9999.000 -9999.000 -9999.000 -9999.000 -9999.000 -9999.000 -9999.000 -9999.000 -9999.000
-9999.000 -9999.000 -9999.000 -9999.000 -9999.000 -9999.000 -9999.000 -9999.000 -9999.000 -9999.000 -9999.000 -9999.000 -9999.000 -9999.000 -9999.000 -0.4332332E-01 -0.3477995E-01 -0.3600142E-01 -0.4134455E-01 -0.5008625E-01 -0.6081482E-01 -0.7310194E-01 -0.8611482E-01 -0.9908034E-01 -0.1115232 -0.1236055 -0.1369981 -0.1567188 -0.1997762 -0.2921855 -0.2921855 -9999.000 -9999.000 -9999.000 -9999.000 -9999.000 -9999.000 -9999.000 -9999.000 -9999.000 -9999.000 -9999.000 -9999.000 -9999.000 -9999.000 -9999.000 -9999.000 -9999.000 -9999.000 -9999.000 -9999.000 -9999.000 -9999.000 -9999.000 -9999.000 -9999.000 -9999.000 -9999.000 -9999.000
-9999.000 -9999.000 -9999.000 -9999.000 -9999.000 -9999.000 -9999.000 -9999.000 -9999.000 -9999.000 -9999.000 -9999.000 -9999.000 -9999.000 -9999.000 -0.3344968E-01 -0.2528545E-01 -0.2674991E-01 -0.3267503E-01 -0.4234467E-01 -0.5419388E-01 -0.6774297E-01 -0.8207807E-01 -0.9633072E-01 -0.1099771 -0.1232217 -0.1380192 -0.1601190 -0.2094419 -0.3279188 -0.3279188 -9999.000 -9999.000 -9999.000 -9999.000 -9999.000 -9999.000 -9999.000 -9999.000 -9999.000 -9999.000 -9999.000 -9999.000 -9999.000 -9999.000 -9999.000 -9999.000 -9999.000 -9999.000 -9999.000 -9999.000 -9999.000 -9999.000 -9999.000 -9999.000 -9999.000 -9999.000 -9999.000 -9999.000
-9999.000 -9999.000 -9999.000 -9999.000 -9999.000 -9999.000 -9999.000 -9999.000 -9999.000 -9999.000 -9999.000 -9999.000 -9999.000 -9999.000 -9999.000 -0.1560246E-01 -0.1235364E-01 -0.1574367E-01 -0.2345647E-01 -0.3486965E-01 -0.4832871E-01 -0.6336500E-01 -0.7905477E-01 -0.9448982E-01 -0.1091544 -0.1233463 -0.1393666 -0.1637671 -0.2197687 -0.3713034 -0.3713034 -9999.000 -9999.000 -9999.000 -9999.000 -9999.000 -9999.000 -9999.000 -9999.000 -9999.000 -9999.000 -9999.000 -9999.000 -9999.000 -9999.000 -9999.000 -9999.000 -9999.000 -9999.000 -9999.000 -9999.000 -9999.000 -9999.000 -9999.000 -9999.000 -9999.000 -9999.000 -9999.000 -9999.000
-0.2740968E-02 -0.2740968E-02 -0.5767929E-02 -0.5909436E-02 -0.5908699E-02 -0.5908699E-02 -0.5900630E-02 -0.5876075E-02 -0.5876075E-02 -0.5845607E-02 -0.5845607E-02 -0.5811762E-02 -0.5793634E-02 -0.5774767E-02 -0.5755695E-02 -0.5755695E-02 -0.8109123E-02 -0.1361842E-01 -0.2436553E-01 -0.4034320E-01 -0.6048126E-01 -0.8357985E-01 -0.1083022 -0.1333176 -0.1574945 -0.1801508 -0.2016081 -0.2240507 -0.2608986 -0.3578328 -0.3578328 -0.1872958 -0.9445542E-01 -0.2775489E-01 -0.1957037E-01 -0.1957037E-01 -0.1272807E-01 -0.1272807E-01 -0.7461639E-04 -0.7461639E-04 0.9477290E-02 0.1746183E-01 0.1746183E-01 -0.1709857E-01 -0.1709857E-01 0.3423868E-03 0.3423868E-03 0.3423868E-03 0.4258110E-02 0.4258110E-02 0.4262773E-02 0.4262773E-02 0.2774267E-02 0.2774267E-02 0.9793440E-03 0.9793440E-03 -0.4825572E-03 -0.4825572E-03 -0.4825572E-03
-0.4204680E-02 -0.4204680E-02 -0.8557066E-02 -0.8400028E-02 -0.8329509E-02 -0.8329509E-02 -0.8292593E-02 -0.8261940E-02 -0.8261940E-02 -0.8241112E-02 -0.8241112E-02 -0.8214784E-02 -0.8199117E-02 -0.8182094E-02 -0.8164464E-02 -0.8164464E-02 -0.1280764E-01 -0.2096163E-01 -0.3607434E-01 -0.5843950E-01 -0.8736823E-01 -0.1214499 -0.1590447 -0.1984655 -0.2380283 -0.2760990 -0.3110574 -0.3409901 -0.3667925 -0.3912078 -0.3912078 -0.2558954 -0.1629231 -0.7757045E-01 -0.6094667E-01 -0.6094667E-01 -0.3610658E-01 -0.3610658E-01 0.7040525E-02 0.7040525E-02 0.3594894E-01 0.7140052E-01 0.7140052E-01 0.1320247E-01 0.1320247E-01 0.8280988E-02 0.8280988E-02 0.8280988E-02 0.9091954E-02 0.9091954E-02 0.6752580E-02 0.6752580E-02 0.2959039E-02 0.2959039E-02 -0.7614383E-03 -0.7614383E-03 -0.3564169E-02 -0.3564169E-02 -0.3564169E-02
-0.3458326E-02 -0.3458326E-02 -0.6990654E-02 -0.7138112E-02 -0.7043278E-02 -0.7043278E-02 -0.6990724E-02 -0.6969324E-02 -0.6969324E-02 -0.6978128E-02 -0.6978128E-02 -0.6979760E-02 -0.6976934E-02 -0.6972190E-02 -0.6966668E-02 -0.6966668E-02 -0.1357097E-01 -0.2384677E-01 -0.4115075E-01 -0.6584078E-01 -0.9752616E-01 -0.1352582 -0.1778221 -0.2238660 -0.2719255 -0.3204243 -0.3676412 -0.4118460 -0.4491720 -0.4738459 -0.4738459 -0.3831491 -0.3006047 -0.1893629 -0.1525439 -0.1525439 -0.8126324E-01 -0.8126324E-01 0.1925282E-01 0.1925282E-01 0.7623344E-01 0.1538562 0.1538562 0.1029328 0.1029328 0.3268659E-01 0.3268659E-01 0.3268659E-01 0.1636603E-01 0.1636603E-01 0.6143136E-02 0.6143136E-02 -0.1816740E-02 -0.1816740E-02 -0.7816185E-02 -0.7816185E-02 -0.1160275E-01 -0.1160275E-01 -0.1160275E-01
-0.2728865E-02 -0.2728865E-02 -0.5483624E-02 -0.5777150E-02 -0.5668684E-02 -0.5668684E-02 -0.5601403E-02 -0.5570685E-02 -0.5570685E-02 -0.5582769E-02 -0.5582769E-02 -0.5587154E-02 -0.5585338E-02 -0.5581780E-02 -0.5577501E-02 -0.5577501E-02 -0.1459698E-01 -0.2746001E-01 -0.4730823E-01 -0.7420583E-01 -0.1077858 -0.1473515 -0.1920173 -0.2407871 -0.2925627 -0.3461142 -0.4000060 -0.4526325 -0.5000734 -0.5353211 -0.5353211 -0.4848252 -0.4223115 -0.3079969 -0.2542467 -0.2542467 -0.1256882 -0.1256882 0.3882154E-01 0.3882154E-01 0.1172852 0.2179678 0.2179678 0.1889258 0.1889258 0.6842498E-01 0.6842498E-01 0.6842498E-01 0.2744534E-01 0.2744534E-01 0.4626091E-02 0.4626091E-02 -0.9456454E-02 -0.9456454E-02 -0.1826156E-01 -0.1826156E-01 -0.2272568E-01 -0.2272568E-01 -0.2272568E-01
-0.2022710E-02 -0.2022710E-02 -0.4049130E-02 -0.4374206E-02 -0.4273361E-02 -0.4273361E-02 -0.4206239E-02 -0.4173921E-02 -0.4173921E-02 -0.4186087E-02 -0.4186087E-02 -0.4191015E-02 -0.4189613E-02 -0.4186750E-02 -0.4183420E-02 -0.4183420E-02 -0.1648952E-01 -0.3267108E-01 -0.5588624E-01 -0.8573072E-01 -0.1216943 -0.1631694 -0.2094680 -0.2598384 -0.3134593 -0.3694073 -0.4265808 -0.4836675 -0.5374138 -0.5812268 -0.5812268 -0.5632915 -0.5221143 -0.4121065 -0.3400594 -0.3400594 -0.1462449 -0.1462449 0.6626450E-01 0.6626450E-01 0.1512391 0.2526572 0.2526572 0.2443981 0.2443981 0.1072000 0.1072000 0.1072000 0.4293578E-01 0.4293578E-01 0.5223353E-02 0.5223353E-02 -0.1675154E-01 -0.1675154E-01 -0.2909056E-01 -0.2909056E-01 -0.3425730E-01 -0.3425730E-01 -0.3425730E-01
-0.1336500E-02 -0.1336500E-02 -0.2669326E-02 -0.2936452E-02 -0.2860166E-02 -0.2860166E-02 -0.2806989E-02 -0.2780565E-02 -0.2780565E-02 -0.2790150E-02 -0.2790150E-02 -0.2794363E-02 -0.2793523E-02 -0.2791514E-02 -0.2789003E-02 -0.2789003E-02 -0.1966625E-01 -0.4006204E-01 -0.6758838E-01 -0.1012813 -0.1403854 -0.1842809 -0.2324048 -0.2841988 -0.3390693 -0.3963433 -0.4551973 -0.5145991 -0.5720240 -0.6218224 -0.6218224 -0.6272596 -0.6038322 -0.4884952 -0.3886193 -0.3886193 -0.1314468 -0.1314468 0.9241099E-01 0.9241099E-01 0.1694090 0.2587467 0.2587467 0.2661079 0.2661079 0.1413568 0.1413568 0.1413568 0.6151181E-01 0.6151181E-01 0.9252338E-02 0.9252338E-02 -0.2183536E-01 -0.2183536E-01 -0.3854537E-01 -0.3854537E-01 -0.4469023E-01 -0.4469023E-01 -0.4469023E-01
-0.6645090E-03 -0.6645090E-03 -0.1325570E-02 -0.1474564E-02 -0.1433696E-02 -0.1433696E-02 -0.1404467E-02 -0.1389758E-02 -0.1389758E-02 -0.1394881E-02 -0.1394881E-02 -0.1397094E-02 -0.1396733E-02 -0.1395791E-02 -0.1394493E-02 -0.1394493E-02 -0.2470118E-01 -0.5044236E-01 -0.8337004E-01 -0.1219147 -0.1650139 -0.2119678 -0.2622876 -0.3155836 -0.3714808 -0.4295512 -0.4892349 -0.5497631 -0.6092300 -0.6628922 -0.6628922 -0.6837072 -0.6707867 -0.5212692 -0.3822194 -0.3822194 -0.9145546E-01 -0.9145546E-01 0.1056183 0.1056183 0.1680940 0.2433102 0.2433102 0.2615193 0.2615193 0.1648719 0.1648719 0.1648719 0.8016375E-01 0.8016375E-01 0.1656299E-01 0.1656299E-01 -0.2371999E-01 -0.2371999E-01 -0.4543031E-01 -0.4543031E-01 -0.5292742E-01 -0.5292742E-01 -0.5292742E-01
0.2662552E-07 0.2662552E-07 -0.2851172E-07 -0.3047627E-07 -0.1270988E-06 -0.1270988E-06 -0.9916339E-08 -0.1758485E-06 -0.1758485E-06 -0.1611726E-07 -0.1611726E-07 0.3126274E-06 0.3068491E-06 0.1834320E-06 0.2733496E-06 0.2733496E-06 -0.3244023E-01 -0.6499115E-01 -0.1046123 -0.1491136 -0.1971096 -0.2477936 -0.3007248 -0.3556657 -0.4124596 -0.4709339 -0.5308069 -0.5915899 -0.6518703 -0.7074081 -0.7074081 -0.7357854 -0.7199312 -0.4911877 -0.3199825 -0.3199825 -0.5063249E-01 -0.5063249E-01 0.1017187 0.1017187 0.1507099 0.2149115 0.2149115 0.2400232 0.2400232 0.1746542 0.1746542 0.1746542 0.9513298E-01 0.9513298E-01 0.2571830E-01 0.2571830E-01 -0.2223334E-01 -0.2223334E-01 -0.4894402E-01 -0.4894402E-01 -0.5806277E-01 -0.5806277E-01 -0.5806277E-01
0.6645818E-03 0.6645818E-03 0.1325665E-02 0.1474393E-02 0.1433563E-02 0.1433563E-02 0.1404308E-02 0.1389465E-02 0.1389465E-02 0.1394947E-02 0.1394947E-02 0.1397447E-02 0.1397037E-02 0.1396033E-02 0.1394753E-02 0.1394753E-02 -0.4418646E-01 -0.8546994E-01 -0.1333342 -0.1849911 -0.2387769 -0.2938099 -0.3497120 -0.4064026 -0.4639461 -0.5224332 -0.5818753 -0.6420811 -0.7019548 -0.7566684 -0.7566684 -0.7811007 -0.7345200 -0.3966596 -0.2312486 -0.2312486 -0.2670777E-01 -0.2670777E-01 0.8515987E-01 0.8515987E-01 0.1244328 0.1805978 0.1805978 0.2090993 0.2090993 0.1707450 0.1707450 0.1707450 0.1031996 0.1031996 0.3446540E-01 0.3446540E-01 -0.1795275E-01 -0.1795275E-01 -0.4867959E-01 -0.4867959E-01 -0.5936707E-01 -0.5936707E-01 -0.5936707E-01
0.1336455E-02 0.1336455E-02 0.2669295E-02 0.2936478E-02 0.2860172E-02 0.2860172E-02 0.2806830E-02 0.2780532E-02 0.2780532E-02 0.2790332E-02 0.2790332E-02 0.2794462E-02 0.2793649E-02 0.2791690E-02 0.2789111E-02 0.2789111E-02 -0.6204193E-01 -0.1145980 -0.1725470 -0.2326062 -0.2929708 -0.3527970 -0.4118430 -0.4702255 -0.5282468 -0.5862665 -0.6445936 -0.7033184 -0.7612021 -0.8094887 -0.8094887 -0.8044319 -0.6772875 -0.2763990 -0.1562682 -0.1562682 -0.2026112E-01 -0.2026112E-01 0.6334483E-01 0.6334483E-01 0.9575763E-01 0.1448818 0.1448818 0.1736662 0.1736662 0.1553508 0.1553508 0.1553508 0.1026614 0.1026614 0.4047673E-01 0.4047673E-01 -0.1200493E-01 -0.1200493E-01 -0.4465213E-01 -0.4465213E-01 -0.5636688E-01 -0.5636688E-01 -0.5636688E-01
0.2022627E-02 0.2022627E-02 0.4049057E-02 0.4374323E-02 0.4273435E-02 0.4273435E-02 0.4206286E-02 0.4174027E-02 0.4174027E-02 0.4186169E-02 0.4186169E-02 0.4191270E-02 0.4189793E-02 0.4187046E-02 0.4183510E-02 0.4183510E-02 -0.8957396E-01 -0.1567393 -0.2268715 -0.2964876 -0.3639341 -0.4286295 -0.4906176 -0.5502976 -0.6082494 -0.6651124 -0.7214873 -0.7776319 -0.8305470 -0.8560711 -0.8560711 -0.7604789 -0.5184606 -0.1823675 -0.1111828 -0.1111828 -0.2205641E-01 -0.2205641E-01 0.4192482E-01 0.4192482E-01 0.6862031E-01 0.1101254 0.1101254 0.1366538 0.1366538 0.1315102 0.1315102 0.1315102 0.9353052E-01 0.9353052E-01 0.4205846E-01 0.4205846E-01 -0.5730536E-02 -0.5730536E-02 -0.3728686E-01 -0.3728686E-01 -0.4895945E-01 -0.4895945E-01 -0.4895945E-01
0.2728805E-02 0.2728805E-02 0.5483385E-02 0.5777229E-02 0.5668725E-02 0.5668725E-02 0.5601554E-02 0.5570831E-02 0.5570831E-02 0.5582734E-02 0.5582734E-02 0.5587316E-02 0.5585493E-02 0.5581863E-02 0.5577608E-02 0.5577608E-02 -0.1332207 -0.2192430 -0.3036824 -0.3835719 -0.4579606 -0.5269033 -0.5909631 -0.6509543 -0.7077966 -0.7624250 -0.8157189 -0.8676127 -0.9065604 -0.8549213 -0.8549213 -0.5847200 -0.3128843 -0.1275495 -0.8719835E-01 -0.8719835E-01 -0.2425645E-01 -0.2425645E-01 0.2373282E-01 0.2373282E-01 0.4487433E-01 0.7755663E-01 0.7755663E-01 0.9994093E-01 0.9994093E-01 0.1023135 0.1023135 0.1023135 0.7722872E-01 0.7722872E-01 0.3864023E-01 0.3864023E-01 -0.2600309E-03 -0.2600309E-03 -0.2731782E-01 -0.2731782E-01 -0.3750011E-01 -0.3750011E-01 -0.3750011E-01
