cruce_test.gid/Rasters/Hydraulic/Velocity__y_67.0.asc
NCOLS        79
NROWS        79
XLLCENTER         -1.500000
YLLCENTER         -4.800000
CELLSIZE           0.100
NODATA_VALUE     -9999.0
[rows 0 to 25 of 79, columns 0 to 58 of 79]
-9999.000 -9999.000 -9999.000 -9999.000 -9999.000 -9999.000 -9999.000 -9999.000 -9999.000 -9999.000 -9999.000 -9999.000 -9999.000 -9999.000 -9999.000 -0.2318654 -0.2307650 -0.2309475 -0.2312263 -0.2315209 -0.2318325 -0.2321760 -0.2325711 -0.2330422 -0.2336196 -0.2343457 -0.2352811 -0.2365154 -0.2380403 -0.2352444 -0.2352444 -9999.000 -9999.000 -9999.000 -9999.000 -9999.000 -9999.000 -9999.000 -9999.000 -9999.000 -9999.000 -9999.000 -9999.000 -9999.000 -9999.000 -9999.000 -9999.000 -9999.000 -9999.000 -9999.000 -9999.000 -9999.000 -9999.000 -9999.000 -9999.000 -9999.000 -9999.000 -9999.000 -9999.000
-9999.000 -9999.000 -9999.000 -9999.000 -9999.000 -9999.000 -9999.000 -9999.000 -9999.000 -9999.000 -9999.000 -9999.000 -9999.000 -9999.000 -9999.000 -0.2286647 -0.2261581 -0.2264814 -0.2270039 -0.2275526 -0.2281288 -0.2287668 -0.2295141 -0.2304285 -0.2315812 -0.2330660 -0.2350101 -0.2375860 -0.2407436 -0.2354525 -0.2354525 -9999.000 -9999.000 -9999.000 -9999.000 -9999.000 -9999.000 -9999.000 -9999.000 -9999.000 -9999.000 -9999.000 -9999.000 -9999.000 -9999.000 -9999.000 -9999.000 -9999.000 -9999.000 -9999.000 -9999.000 -9999.000 -9999.000 -9999.000 -9999.000 -9999.000 -9999.000 -9999.000 -9999.000
-9999.000 -9999.000 -9999.000 -9999.000 -9999.000 -9999.000 -9999.000 -9999.000 -9999.000 -9999.000 -9999.000 -9999.000 -9999.000 -9999.000 -9999.000 -0.2238407 -0.2197114 -0.2202267 -0.2211235 -0.2221058 -0.2231702 -0.2243728 -0.2257956 -0.2275388 -0.2297218 -0.2324932 -0.2360401 -0.2405956 -0.2459845 -0.2382758 -0.2382758 -9999.000 -9999.000 -9999.000 -9999.000 -9999.000 -9999.000 -9999.000 -9999.000 -9999.000 -9999.000 -9999.000 -9999.000 -9999.000 -9999.000 -9999.000 -9999.000 -9999.000 -9999.000 -9999.000 -9999.000 -9999.000 -9999.000 -9999.000 -9999.000 -9999.000 -9999.000 -9999.000 -9999.000
-9999.000 -9999.000 -9999.000 -9999.000 -9999.000 -9999.000 -9999.000 -9999.000 -9999.000 -9999.000 -9999.000 -9999.000 -9999.000 -9999.000 -9999.000 -0.2178871 -0.2121426 -0.2129124 -0.2142818 -0.2158252 -0.2175353 -0.2194920 -0.2218125 -0.2246410 -0.2281455 -0.2325285 -0.2380369 -0.2449669 -0.2530141 -0.2434043 -0.2434043 -9999.000 -9999.000 -9999.000 -9999.000 -9999.000 -9999.000 -9999.000 -9999.000 -9999.000 -9999.000 -9999.000 -9999.000 -9999.000 -9999.000 -9999.000 -9999.000 -9999.000 -9999.000 -9999.000 -9999.000 -9999.000 -9999.000 -9999.000 -9999.000 -9999.000 -9999.000 -9999.000 -9999.000
-9999.000 -9999.000 -9999.000 -9999.000 -9999.000 -9999.000 -9999.000 -9999.000 -9999.000 -9999.000 -9999.000 -9999.000 -9999.000 -9999.000 -9999.000 -0.2108561 -0.2035607 -0.2046463 -0.2065761 -0.2087906 -0.2112795 -0.2141483 -0.2175538 -0.2216867 -0.2267686 -0.2330618 -0.2408807 -0.2505971 -0.2617828 -0.2508628 -0.2508628 -9999.000 -9999.000 -9999.000 -9999.000 -9999.000 -9999.000 -9999.000 -9999.000 -9999.000 -9999.000 -9999.000 -9999.000 -9999.000 -9999.000 -9999.000 -9999.000 -9999.000 -9999.000 -9999.000 -9999.000 -9999.000 -9999.000 -9999.000 -9999.000 -9999.000 -9999.000 -9999.000 -9999.000
-9999.000 -9999.000 -9999.000 -9999.000 -9999.000 -9999.000 -9999.000 -9999.000 -9999.000 -9999.000 -9999.000 -9999.000 -9999.000 -9999.000 -9999.000 -0.2027400 -0.1940276 -0.1954899 -0.1980551 -0.2010319 -0.2044095 -0.2083238 -0.2129754 -0.2186087 -0.2255073 -0.2340039 -0.2444967 -0.2574533 -0.2723427 -0.2608217 -0.2608217 -9999.000 -9999.000 -9999.000 -9999.000 -9999.000 -9999.000 -9999.000 -9999.000 -9999.000 -9999.000 -9999.000 -9999.000 -9999.000 -9999.000 -9999.000 -9999.000 -9999.000 -9999.000 -9999.000 -9999.000 -9999.000 -9999.000 -9999.000 -9999.000 -9999.000 -9999.000 -9999.000 -9999.000
-9999.000 -9999.000 -9999.000 -9999.000 -9999.000 -9999.000 -9999.000 -9999.000 -9999.000 -9999.000 -9999.000 -9999.000 -9999.000 -9999.000 -9999.000 -0.1934735 -0.1835640 -0.1854655 -0.1887289 -0.1925417 -0.1968979 -0.2019695 -0.2080088 -0.2153236 -0.2242721 -0.2352750 -0.2488368 -0.2655540 -0.2848350 -0.2735971 -0.2735971 -9999.000 -9999.000 -9999.000 -9999.000 -9999.000 -9999.000 -9999.000 -9999.000 -9999.000 -9999.000 -9999.000 -9999.000 -9999.000 -9999.000 -9999.000 -9999.000 -9999.000 -9999.000 -9999.000 -9999.000 -9999.000 -9999.000 -9999.000 -9999.000 -9999.000 -9999.000 -9999.000 -9999.000
-9999.000 -9999.000 -9999.000 -9999.000 -9999.000 -9999.000 -9999.000 -9999.000 -9999.000 -9999.000 -9999.000 -9999.000 -9999.000 -9999.000 -9999.000 -0.1829410 -0.1721554 -0.1745635 -0.1785766 -0.1832823 -0.1886877 -0.1950089 -0.2025608 -0.2117276 -0.2229601 -0.2367909 -0.2538648 -0.2749562 -0.2994865 -0.2896779 -0.2896779 -9999.000 -9999.000 -9999.000 -9999.000 -9999.000 -9999.000 -9999.000 -9999.000 -9999.000 -9999.000 -9999.000 -9999.000 -9999.000 -9999.000 -9999.000 -9999.000 -9999.000 -9999.000 -9999.000 -9999.000 -9999.000 -9999.000 -9999.000 -9999.000 -9999.000 -9999.000 -9999.000 -9999.000
-9999.000 -9999.000 -9999.000 -9999.000 -9999.000 -9999.000 -9999.000 -9999.000 -9999.000 -9999.000 -9999.000 -9999.000 -9999.000 -9999.000 -9999.000 -0.1709816 -0.1597560 -0.1627454 -0.1675492 -0.1731884 -0.1796940 -0.1873373 -0.1965092 -0.2076886 -0.2214422 -0.2384483 -0.2595404 -0.2857440 -0.3166164 -0.3097860 -0.3097860 -9999.000 -9999.000 -9999.000 -9999.000 -9999.000 -9999.000 -9999.000 -9999.000 -9999.000 -9999.000 -9999.000 -9999.000 -9999.000 -9999.000 -9999.000 -9999.000 -9999.000 -9999.000 -9999.000 -9999.000 -9999.000 -9999.000 -9999.000 -9999.000 -9999.000 -9999.000 -9999.000 -9999.000
-9999.000 -9999.000 -9999.000 -9999.000 -9999.000 -9999.000 -9999.000 -9999.000 -9999.000 -9999.000 -9999.000 -9999.000 -9999.000 -9999.000 -9999.000 -0.1573936 -0.1462893 -0.1499433 -0.1555679 -0.1621635 -0.1697994 -0.1788151 -0.1896945 -0.2030336 -0.2195470 -0.2401047 -0.2657983 -0.2980152 -0.3366507 -0.3349917 -0.3349917 -9999.000 -9999.000 -9999.000 -9999.000 -9999.000 -9999.000 -9999.000 -9999.000 -9999.000 -9999.000 -9999.000 -9999.000 -9999.000 -9999.000 -9999.000 -9999.000 -9999.000 -9999.000 -9999.000 -9999.000 -9999.000 -9999.000 -9999.000 -9999.000 -9999.000 -9999.000 -9999.000 -9999.000
-9999.000 -9999.000 -9999.000 -9999.000 -9999.000 -9999.000 -9999.000 -9999.000 -9999.000 -9999.000 -9999.000 -9999.000 -9999.000 -9999.000 -9999.000 -0.1419374 -0.1316436 -0.1360541 -0.1425171 -0.1500722 -0.1588438 -0.1692552 -0.1819027 -0.1975280 -0.2170350 -0.2415473 -0.2725154 -0.3118576 -0.3601430 -0.3669308 -0.3669308 -9999.000 -9999.000 -9999.000 -9999.000 -9999.000 -9999.000 -9999.000 -9999.000 -9999.000 -9999.000 -9999.000 -9999.000 -9999.000 -9999.000 -9999.000 -9999.000 -9999.000 -9999.000 -9999.000 -9999.000 -9999.000 -9999.000 -9999.000 -9999.000 -9999.000 -9999.000 -9999.000 -9999.000
-9999.000 -9999.000 -9999.000 -9999.000 -9999.000 -9999.000 -9999.000 -9999.000 -9999.000 -9999.000 -9999.000 -9999.000 -9999.000 -9999.000 -9999.000 -0.1243356 -0.1156640 -0.1209271 -0.1282306 -0.1367237 -0.1466055 -0.1583993 -0.1728374 -0.1908407 -0.2135536 -0.2424388 -0.2794487 -0.3272958 -0.3877906 -0.4082313 -0.4082313 -9999.000 -9999.000 -9999.000 -9999.000 -9999.000 -9999.000 -9999.000 -9999.000 -9999.000 -9999.000 -9999.000 -9999.000 -9999.000 -9999.000 -9999.000 -9999.000 -9999.000 -9999.000 -9999.000 -9999.000 -9999.000 -9999.000 -9999.000 -9999.000 -9999.000 -9999.000 -9999.000 -9999.000
-9999.000 -9999.000 -9999.000 -9999.000 -9999.000 -9999.000 -9999.000 -9999.000 -9999.000 -9999.000 -9999.000 -9999.000 -9999.000 -9999.000 -9999.000 -0.1042673 -0.9813602E-01 -0.1043440 -0.1124676 -0.1218448 -0.1327689 -0.1458805 -0.1620721 -0.1824822 -0.2085589 -0.2422145 -0.2861088 -0.3441582 -0.4204030 -0.4634325 -0.4634325 -9999.000 -9999.000 -9999.000 -9999.000 -9999.000 -9999.000 -9999.000 -9999.000 -9999.000 -9999.000 -9999.000 -9999.000 -9999.000 -9999.000 -9999.000 -9999.000 -9999.000 -9999.000 -9999.000 -9999.000 -9999.000 -9999.000 -9999.000 -9999.000 -9999.000 -9999.000 -9999.000 -9999.000
-9999.000 -9999.000 -9999.000 -9999.000 -9999.000 -9999.000 -9999.000 -9999.000 -9999.000 -9999.000 -9999.000 -9999.000 -9999.000 -9999.000 -9999.000 -0.8128145E-01 -0.7871813E-01 -0.8595923E-01 -0.9486246E-01 -0.1050338 -0.1168777 -0.1311670 -0.1489782 -0.1717055 -0.2011714 -0.2398743 -0.2914656 -0.3617078 -0.4586337 -0.5412531 -0.5412531 -9999.000 -9999.000 -9999.000 -9999.000 -9999.000 -9999.000 -9999.000 -9999.000 -9999.000 -9999.000 -9999.000 -9999.000 -9999.000 -9999.000 -9999.000 -9999.000 -9999.000 -9999.000 -9999.000 -9999.000 -9999.000 -9999.000 -9999.000 -9999.000 -9999.000 -9999.000 -9999.000 -9999.000
-9999.000 -9999.000 -9999.000 -9999.000 -9999.000 -9999.000 -9999.000 -9999.000 -9999.000 -9999.000 -9999.000 -9999.000 -9999.000 -9999.000 -9999.000 -0.4915536E-01 -0.5490140E-01 -0.6446406E-01 -0.7487264E-01 -0.8621290E-01 -0.9909473E-01 -0.1144855 -0.1336954 -0.1584308 -0.1909752 -0.2345846 -0.2942824 -0.3786395 -0.5027229 -0.6607041 -0.6607041 -9999.000 -9999.000 -9999.000 -9999.000 -9999.000 -9999.000 -9999.000 -9999.000 -9999.000 -9999.000 -9999.000 -9999.000 -9999.000 -9999.000 -9999.000 -9999.000 -9999.000 -9999.000 -9999.000 -9999.000 -9999.000 -9999.000 -9999.000 -9999.000 -9999.000 -9999.000 -9999.000 -9999.000
-0.2586299E-02 -0.2586299E-02 -0.3599096E-02 -0.4196912E-02 -0.4251796E-02 -0.4251796E-02 -0.4258140E-02 -0.4233696E-02 -0.4233696E-02 -0.4206296E-02 -0.4206296E-02 -0.4193924E-02 -0.2062601E-01 -0.1997197E-01 -0.2603116E-01 -0.2603116E-01 -0.6340915E-01 -0.7975804E-01 -0.9528483E-01 -0.1102192 -0.1249756 -0.1403550 -0.1576682 -0.1788602 -0.2066995 -0.2451165 -0.2998967 -0.3803889 -0.5028582 -0.7326121 -0.7326121 -0.4801919 -0.3030446 -0.7723665E-01 -0.2170837E-01 -0.2170837E-01 0.2330642E-01 0.2330642E-01 0.3020810E-01 0.3020810E-01 -0.1037452E-01 -0.7923745E-02 -0.7923745E-02 0.5441639E-02 0.5441639E-02 0.1013470E-01 0.1013470E-01 0.1013470E-01 0.8482859E-02 0.8482859E-02 0.6416935E-02 0.6416935E-02 0.5899514E-02 0.5899514E-02 0.3632008E-02 0.3632008E-02 0.2253825E-02 0.2253825E-02 0.2253825E-02
-0.3902677E-02 -0.3902677E-02 -0.5282743E-02 -0.6001824E-02 -0.6039803E-02 -0.6039803E-02 -0.6023136E-02 -0.5969512E-02 -0.5969512E-02 -0.5937039E-02 -0.5937039E-02 -0.5938753E-02 -0.3484416E-01 -0.3673068E-01 -0.4803429E-01 -0.4803429E-01 -0.1002561 -0.1249881 -0.1488994 -0.1715219 -0.1925047 -0.2118605 -0.2301565 -0.2486882 -0.2696508 -0.2963145 -0.3332259 -0.3864625 -0.4628372 -0.5744724 -0.5744724 -0.3887440 -0.2486271 -0.6445876E-01 -0.9598429E-02 -0.9598429E-02 0.5444549E-01 0.5444549E-01 0.8139558E-01 0.8139558E-01 0.2644278E-01 -0.6057195E-02 -0.6057195E-02 0.1456481E-01 0.1456481E-01 0.2223263E-01 0.2223263E-01 0.2223263E-01 0.1830371E-01 0.1830371E-01 0.1390512E-01 0.1390512E-01 0.9377835E-02 0.9377835E-02 0.7598219E-02 0.7598219E-02 0.5295600E-02 0.5295600E-02 0.5295600E-02
-0.3100706E-02 -0.3100706E-02 -0.4355374E-02 -0.5099412E-02 -0.5140163E-02 -0.5140163E-02 -0.5117822E-02 -0.5053361E-02 -0.5053361E-02 -0.5027421E-02 -0.5027421E-02 -0.5053663E-02 -0.3481636E-01 -0.4621274E-01 -0.6038548E-01 -0.6038548E-01 -0.1143022 -0.1442256 -0.1749747 -0.2055781 -0.2351540 -0.2630575 -0.2890214 -0.3132930 -0.3367719 -0.3611458 -0.3889850 -0.4236387 -0.4679282 -0.5217042 -0.5217042 -0.4103926 -0.3053968 -0.1351813 -0.6615924E-01 -0.6615924E-01 0.5126144E-01 0.5126144E-01 0.1327834 0.1327834 0.1153592 0.2918850E-01 0.2918850E-01 0.2841823E-01 0.2841823E-01 0.3225753E-01 0.3225753E-01 0.3225753E-01 0.2691027E-01 0.2691027E-01 0.2028981E-01 0.2028981E-01 0.1127266E-01 0.1127266E-01 0.9628731E-02 0.9628731E-02 0.6897294E-02 0.6897294E-02 0.6897294E-02
-0.2377632E-02 -0.2377632E-02 -0.3437294E-02 -0.4122206E-02 -0.4157447E-02 -0.4157447E-02 -0.4128345E-02 -0.4050191E-02 -0.4050191E-02 -0.4019151E-02 -0.4019151E-02 -0.4061245E-02 -0.2967807E-01 -0.5252412E-01 -0.6720593E-01 -0.6720593E-01 -0.1211776 -0.1539135 -0.1887785 -0.2246203 -0.2603831 -0.2951554 -0.3282445 -0.3592616 -0.3882090 -0.4155491 -0.4421977 -0.4692468 -0.4967411 -0.5211552 -0.5211552 -0.4477561 -0.3645625 -0.2023115 -0.1220745 -0.1220745 0.3570934E-01 0.3570934E-01 0.1591440 0.1591440 0.1770670 0.9618676E-01 0.9618676E-01 0.5129701E-01 0.5129701E-01 0.3847945E-01 0.3847945E-01 0.3847945E-01 0.3104689E-01 0.3104689E-01 0.2233712E-01 0.2233712E-01 0.1190976E-01 0.1190976E-01 0.7748421E-02 0.7748421E-02 0.4681340E-02 0.4681340E-02 0.4681340E-02
-0.1723286E-02 -0.1723286E-02 -0.2547598E-02 -0.3116627E-02 -0.3146001E-02 -0.3146001E-02 -0.3117441E-02 -0.3041807E-02 -0.3041807E-02 -0.3011698E-02 -0.3011698E-02 -0.3069747E-02 -0.2237252E-01 -0.5654844E-01 -0.7091913E-01 -0.7091913E-01 -0.1258381 -0.1609002 -0.1988444 -0.2383916 -0.2784428 -0.3180359 -0.3563512 -0.3927319 -0.4267160 -0.4580525 -0.4866269 -0.5120280 -0.5323300 -0.5427657 -0.5427657 -0.4894077 -0.4184662 -0.2538284 -0.1617723 -0.1617723 0.2281309E-01 0.2281309E-01 0.1642478 0.1642478 0.2009890 0.1624923 0.1624923 0.8694684E-01 0.8694684E-01 0.4575364E-01 0.4575364E-01 0.4575364E-01 0.3260579E-01 0.3260579E-01 0.2107614E-01 0.2107614E-01 0.9451116E-02 0.9451116E-02 0.3329812E-02 0.3329812E-02 0.1547759E-03 0.1547759E-03 0.1547759E-03
-0.1120601E-02 -0.1120601E-02 -0.1682985E-02 -0.2089808E-02 -0.2111261E-02 -0.2111261E-02 -0.2089016E-02 -0.2029940E-02 -0.2029940E-02 -0.2006324E-02 -0.2006324E-02 -0.2075519E-02 -0.1601333E-01 -0.5724724E-01 -0.7175325E-01 -0.7175325E-01 -0.1294507 -0.1672361 -0.2083015 -0.2512067 -0.2947888 -0.3380679 -0.3802129 -0.4205125 -0.4583502 -0.4931694 -0.5243422 -0.5504932 -0.5680462 -0.5715241 -0.5715241 -0.5268388 -0.4598041 -0.2808048 -0.1776302 -0.1776302 0.1646287E-01 0.1646287E-01 0.1555085 0.1555085 0.1978955 0.2011604 0.2011604 0.1282109 0.1282109 0.5652381E-01 0.5652381E-01 0.5652381E-01 0.3405947E-01 0.3405947E-01 0.1824258E-01 0.1824258E-01 0.5087393E-02 0.5087393E-02 -0.2415180E-02 -0.2415180E-02 -0.5481623E-02 -0.5481623E-02 -0.5481623E-02
-0.5517933E-03 -0.5517933E-03 -0.8367058E-03 -0.1048489E-02 -0.1059739E-02 -0.1059739E-02 -0.1047803E-02 -0.1015473E-02 -0.1015473E-02 -0.1002653E-02 -0.1002653E-02 -0.1075752E-02 -0.1094446E-01 -0.5496574E-01 -0.7025994E-01 -0.7025994E-01 -0.1325836 -0.1737351 -0.2183688 -0.2648746 -0.3119825 -0.3586425 -0.4039989 -0.4473476 -0.4880752 -0.5255833 -0.5590975 -0.5865023 -0.6021782 -0.5994166 -0.5994166 -0.5542827 -0.4816297 -0.2798169 -0.1715130 -0.1715130 0.1313538E-01 0.1313538E-01 0.1382916 0.1382916 0.1797165 0.2086544 0.2086544 0.1608931 0.1608931 0.7114390E-01 0.7114390E-01 0.7114390E-01 0.3730501E-01 0.3730501E-01 0.1549170E-01 0.1549170E-01 0.5292429E-04 0.5292429E-04 -0.8546958E-02 -0.8546958E-02 -0.1133244E-01 -0.1133244E-01 -0.1133244E-01
0.1426477E-07 0.1426477E-07 0.6792009E-07 0.1206605E-06 0.1367462E-06 0.1367462E-06 0.1058565E-06 0.1686169E-06 0.1686169E-06 0.9045384E-07 0.9045384E-07 -0.7024452E-04 -0.6966528E-02 -0.4937740E-01 -0.6701158E-01 -0.6701158E-01 -0.1360969 -0.1813433 -0.2300900 -0.2806174 -0.3315525 -0.3817280 -0.4302054 -0.4762620 -0.5193309 -0.5589039 -0.5942755 -0.6223692 -0.6340894 -0.6213498 -0.6213498 -0.5654301 -0.4773663 -0.2564541 -0.1530412 -0.1530412 0.8823347E-02 0.8823347E-02 0.1166298 0.1166298 0.1545680 0.1949164 0.1949164 0.1751763 0.1751763 0.8656101E-01 0.8656101E-01 0.8656101E-01 0.4274572E-01 0.4274572E-01 0.1406595E-01 0.1406595E-01 -0.4448222E-02 -0.4448222E-02 -0.1416312E-01 -0.1416312E-01 -0.1658229E-01 -0.1658229E-01 -0.1658229E-01
0.5518422E-03 0.5518422E-03 0.8367979E-03 0.1048584E-02 0.1060083E-02 0.1060083E-02 0.1048031E-02 0.1015620E-02 0.1015620E-02 0.1002837E-02 0.1002837E-02 0.9402024E-03 -0.3831088E-02 -0.3979233E-01 -0.6279755E-01 -0.6279755E-01 -0.1410857 -0.1911665 -0.2446681 -0.2997659 -0.3549414 -0.4089122 -0.4606442 -0.5093668 -0.5545444 -0.5957854 -0.6324856 -0.6596352 -0.6617293 -0.6314146 -0.6314146 -0.5538273 -0.4455727 -0.2232846 -0.1324282 -0.1324282 0.2710197E-02 0.2710197E-02 0.9384376E-01 0.9384376E-01 0.1274174 0.1703311 0.1703311 0.1707486 0.1707486 0.9790151E-01 0.9790151E-01 0.9790151E-01 0.4900720E-01 0.4900720E-01 0.1438485E-01 0.1438485E-01 -0.7471519E-02 -0.7471519E-02 -0.1836676E-01 -0.1836676E-01 -0.2043187E-01 -0.2043187E-01 -0.2043187E-01
0.1120506E-02 0.1120506E-02 0.1683031E-02 0.2089854E-02 0.2111374E-02 0.2111374E-02 0.2089312E-02 0.2029978E-02 0.2029978E-02 0.2006474E-02 0.2006474E-02 0.1953925E-02 -0.1311182E-02 -0.2879511E-01 -0.5657181E-01 -0.5657181E-01 -0.1484537 -0.2046785 -0.2639762 -0.3243441 -0.3841494 -0.4420961 -0.4971422 -0.5485023 -0.5956533 -0.6382753 -0.6756775 -0.6982742 -0.6799483 -0.6225432 -0.6225432 -0.5164112 -0.3950402 -0.1909957 -0.1139712 -0.1139712 -0.3422934E-02 -0.3422934E-02 0.7234804E-01 0.7234804E-01 0.1010973 0.1415592 0.1415592 0.1529886 0.1529886 0.1012491 0.1012491 0.1012491 0.5361451E-01 0.5361451E-01 0.1592326E-01 0.1592326E-01 -0.8505532E-02 -0.8505532E-02 -0.2038605E-01 -0.2038605E-01 -0.2217129E-01 -0.2217129E-01 -0.2217129E-01
0.1723194E-02 0.1723194E-02 0.2547564E-02 0.3116705E-02 0.3146089E-02 0.3146089E-02 0.3117615E-02 0.3041910E-02 0.3041910E-02 0.3011810E-02 0.3011810E-02 0.2969741E-02 0.7753780E-03 -0.1933799E-01 -0.4729000E-01 -0.4729000E-01 -0.1598935 -0.2246220 -0.2911467 -0.3574312 -0.4220352 -0.4838618 -0.5420041 -0.5957359 -0.6445585 -0.6881996 -0.7254577 -0.7347996 -0.6806957 -0.5905677 -0.5905677 -0.4602824 -0.3389086 -0.1622315 -0.9886034E-01 -0.9886034E-01 -0.7714888E-02 -0.7714888E-02 0.5339156E-01 0.5339156E-01 0.7693186E-01 0.1120912 0.1120912 0.1276904 0.1276904 0.9528117E-01 0.9528117E-01 0.9528117E-01 0.5419182E-01 0.5419182E-01 0.1750038E-01 0.1750038E-01 -0.7551425E-02 -0.7551425E-02 -0.1973022E-01 -0.1973022E-01 -0.2128458E-01 -0.2128458E-01 -0.2128458E-01
