cruce_test.gid/Rasters/Hydraulic/Velocity____188.0.asc
NCOLS        79
NROWS        79
XLLCENTER         -1.500000
YLLCENTER         -4.800000
CELLSIZE           0.100
NODATA_VALUE     -9999.0
[rows 0 to 26 of 79, columns 0 to 59 of 79]
-9999.000 -9999.000 -9999.000 -9999.000 -9999.000 -9999.000 -9999.000 -9999.000 -9999.000 -9999.000 -9999.000 -9999.000 -9999.000 -9999.000 -9999.000 0.9294692E-01 0.8994701E-01 0.8861268E-01 0.8819763E-01 0.8903717E-01 0.9032282E-01 0.9158587E-01 0.9266847E-01 0.9348930E-01 0.9399075E-01 0.9427789E-01 0.9442055E-01 0.9459665E-01 0.9536310E-01 0.9628593E-01 0.9628593E-01 -9999.000 -9999.000 -9999.000 -9999.000 -9999.000 -9999.000 -9999.000 -9999.000 -9999.000 -9999.000 -9999.000 -9999.000 -9999.000 -9999.000 -9999.000 -9999.000 -9999.000 -9999.000 -9999.000 -9999.000 -9999.000 -9999.000 -9999.000 -9999.000 -9999.000 -9999.000 -9999.000 -9999.000 -9999.000
-9999.000 -9999.000 -9999.000 -9999.000 -9999.000 -9999.000 -9999.000 -9999.000 -9999.000 -9999.000 -9999.000 -9999.000 -9999.000 -9999.000 -9999.000 0.9334736E-01 0.8704150E-01 0.8431470E-01 0.8351464E-01 0.8524493E-01 0.8785445E-01 0.9044204E-01 0.9272342E-01 0.9454045E-01 0.9575439E-01 0.9655775E-01 0.9708292E-01 0.9770937E-01 0.9965175E-01 0.1021983 0.1021983 -9999.000 -9999.000 -9999.000 -9999.000 -9999.000 -9999.000 -9999.000 -9999.000 -9999.000 -9999.000 -9999.000 -9999.000 -9999.000 -9999.000 -9999.000 -9999.000 -9999.000 -9999.000 -9999.000 -9999.000 -9999.000 -9999.000 -9999.000 -9999.000 -9999.000 -9999.000 -9999.000 -9999.000 -9999.000
-9999.000 -9999.000 -9999.000 -9999.000 -9999.000 -9999.000 -9999.000 -9999.000 -9999.000 -9999.000 -9999.000 -9999.000 -9999.000 -9999.000 -9999.000 0.9275594E-01 0.8282604E-01 0.7844597E-01 0.7714888E-01 0.7986210E-01 0.8397271E-01 0.8810457E-01 0.9185547E-01 0.9499796E-01 0.9730232E-01 0.9904788E-01 0.1004094 0.1019541 0.1055944 0.1105605 0.1105605 -9999.000 -9999.000 -9999.000 -9999.000 -9999.000 -9999.000 -9999.000 -9999.000 -9999.000 -9999.000 -9999.000 -9999.000 -9999.000 -9999.000 -9999.000 -9999.000 -9999.000 -9999.000 -9999.000 -9999.000 -9999.000 -9999.000 -9999.000 -9999.000 -9999.000 -9999.000 -9999.000 -9999.000 -9999.000
-9999.000 -9999.000 -9999.000 -9999.000 -9999.000 -9999.000 -9999.000 -9999.000 -9999.000 -9999.000 -9999.000 -9999.000 -9999.000 -9999.000 -9999.000 0.9169117E-01 0.7812785E-01 0.7206998E-01 0.7028298E-01 0.7401173E-01 0.7964782E-01 0.8535185E-01 0.9062605E-01 0.9518477E-01 0.9870251E-01 0.1015431 0.1039060 0.1065374 0.1120632 0.1199580 0.1199580 -9999.000 -9999.000 -9999.000 -9999.000 -9999.000 -9999.000 -9999.000 -9999.000 -9999.000 -9999.000 -9999.000 -9999.000 -9999.000 -9999.000 -9999.000 -9999.000 -9999.000 -9999.000 -9999.000 -9999.000 -9999.000 -9999.000 -9999.000 -9999.000 -9999.000 -9999.000 -9999.000 -9999.000 -9999.000
-9999.000 -9999.000 -9999.000 -9999.000 -9999.000 -9999.000 -9999.000 -9999.000 -9999.000 -9999.000 -9999.000 -9999.000 -9999.000 -9999.000 -9999.000 0.9038007E-01 0.7312669E-01 0.6536701E-01 0.6311671E-01 0.6791196E-01 0.7510010E-01 0.8239324E-01 0.8922142E-01 0.9524924E-01 0.1000485 0.1040702 0.1075287 0.1113474 0.1189015 0.1302398 0.1302398 -9999.000 -9999.000 -9999.000 -9999.000 -9999.000 -9999.000 -9999.000 -9999.000 -9999.000 -9999.000 -9999.000 -9999.000 -9999.000 -9999.000 -9999.000 -9999.000 -9999.000 -9999.000 -9999.000 -9999.000 -9999.000 -9999.000 -9999.000 -9999.000 -9999.000 -9999.000 -9999.000 -9999.000 -9999.000
-9999.000 -9999.000 -9999.000 -9999.000 -9999.000 -9999.000 -9999.000 -9999.000 -9999.000 -9999.000 -9999.000 -9999.000 -9999.000 -9999.000 -9999.000 0.8890387E-01 0.6789251E-01 0.5842122E-01 0.5577081E-01 0.6170504E-01 0.7046751E-01 0.7935391E-01 0.8774968E-01 0.9527751E-01 0.1013974 0.1066539 0.1112660 0.1163413 0.1260513 0.1414106 0.1414106 -9999.000 -9999.000 -9999.000 -9999.000 -9999.000 -9999.000 -9999.000 -9999.000 -9999.000 -9999.000 -9999.000 -9999.000 -9999.000 -9999.000 -9999.000 -9999.000 -9999.000 -9999.000 -9999.000 -9999.000 -9999.000 -9999.000 -9999.000 -9999.000 -9999.000 -9999.000 -9999.000 -9999.000 -9999.000
-9999.000 -9999.000 -9999.000 -9999.000 -9999.000 -9999.000 -9999.000 -9999.000 -9999.000 -9999.000 -9999.000 -9999.000 -9999.000 -9999.000 -9999.000 0.8727753E-01 0.6244365E-01 0.5127395E-01 0.4834360E-01 0.5550633E-01 0.6584723E-01 0.7631090E-01 0.8627245E-01 0.9531709E-01 0.1027801 0.1093081 0.1151149 0.1215020 0.1334976 0.1535626 0.1535626 -9999.000 -9999.000 -9999.000 -9999.000 -9999.000 -9999.000 -9999.000 -9999.000 -9999.000 -9999.000 -9999.000 -9999.000 -9999.000 -9999.000 -9999.000 -9999.000 -9999.000 -9999.000 -9999.000 -9999.000 -9999.000 -9999.000 -9999.000 -9999.000 -9999.000 -9999.000 -9999.000 -9999.000 -9999.000
-9999.000 -9999.000 -9999.000 -9999.000 -9999.000 -9999.000 -9999.000 -9999.000 -9999.000 -9999.000 -9999.000 -9999.000 -9999.000 -9999.000 -9999.000 0.8548437E-01 0.5677459E-01 0.4395694E-01 0.4096627E-01 0.4944974E-01 0.6132870E-01 0.7332281E-01 0.8483012E-01 0.9539703E-01 0.1042140 0.1120412 0.1190744 0.1268228 0.1412448 0.1668508 0.1668508 -9999.000 -9999.000 -9999.000 -9999.000 -9999.000 -9999.000 -9999.000 -9999.000 -9999.000 -9999.000 -9999.000 -9999.000 -9999.000 -9999.000 -9999.000 -9999.000 -9999.000 -9999.000 -9999.000 -9999.000 -9999.000 -9999.000 -9999.000 -9999.000 -9999.000 -9999.000 -9999.000 -9999.000 -9999.000
-9999.000 -9999.000 -9999.000 -9999.000 -9999.000 -9999.000 -9999.000 -9999.000 -9999.000 -9999.000 -9999.000 -9999.000 -9999.000 -9999.000 -9999.000 0.8348953E-01 0.5086745E-01 0.3652181E-01 0.3387954E-01 0.4373179E-01 0.5701758E-01 0.7044648E-01 0.8345646E-01 0.9553914E-01 0.1057110 0.1148589 0.1231443 0.1323014 0.1493070 0.1814905 0.1814905 -9999.000 -9999.000 -9999.000 -9999.000 -9999.000 -9999.000 -9999.000 -9999.000 -9999.000 -9999.000 -9999.000 -9999.000 -9999.000 -9999.000 -9999.000 -9999.000 -9999.000 -9999.000 -9999.000 -9999.000 -9999.000 -9999.000 -9999.000 -9999.000 -9999.000 -9999.000 -9999.000 -9999.000 -9999.000
-9999.000 -9999.000 -9999.000 -9999.000 -9999.000 -9999.000 -9999.000 -9999.000 -9999.000 -9999.000 -9999.000 -9999.000 -9999.000 -9999.000 -9999.000 0.8124512E-01 0.4469915E-01 0.2909186E-01 0.2759126E-01 0.3866959E-01 0.5305525E-01 0.6774995E-01 0.8218850E-01 0.9576602E-01 0.1072833 0.1177672 0.1273253 0.1379371 0.1577037 0.1977689 0.1977689 -9999.000 -9999.000 -9999.000 -9999.000 -9999.000 -9999.000 -9999.000 -9999.000 -9999.000 -9999.000 -9999.000 -9999.000 -9999.000 -9999.000 -9999.000 -9999.000 -9999.000 -9999.000 -9999.000 -9999.000 -9999.000 -9999.000 -9999.000 -9999.000 -9999.000 -9999.000 -9999.000 -9999.000 -9999.000
-9999.000 -9999.000 -9999.000 -9999.000 -9999.000 -9999.000 -9999.000 -9999.000 -9999.000 -9999.000 -9999.000 -9999.000 -9999.000 -9999.000 -9999.000 0.7869078E-01 0.3824566E-01 0.2200765E-01 0.2316136E-01 0.3476459E-01 0.4963870E-01 0.6532280E-01 0.8107374E-01 0.9610645E-01 0.1089465 0.1207749 0.1316191 0.1437305 0.1664580 0.2160678 0.2160678 -9999.000 -9999.000 -9999.000 -9999.000 -9999.000 -9999.000 -9999.000 -9999.000 -9999.000 -9999.000 -9999.000 -9999.000 -9999.000 -9999.000 -9999.000 -9999.000 -9999.000 -9999.000 -9999.000 -9999.000 -9999.000 -9999.000 -9999.000 -9999.000 -9999.000 -9999.000 -9999.000 -9999.000 -9999.000
-9999.000 -9999.000 -9999.000 -9999.000 -9999.000 -9999.000 -9999.000 -9999.000 -9999.000 -9999.000 -9999.000 -9999.000 -9999.000 -9999.000 -9999.000 0.7574927E-01 0.3149165E-01 0.1630854E-01 0.2225758E-01 0.3272012E-01 0.4704383E-01 0.6329122E-01 0.8018129E-01 0.9660405E-01 0.1107266 0.1238984 0.1360331 0.1496854 0.1755972 0.2369045 0.2369045 -9999.000 -9999.000 -9999.000 -9999.000 -9999.000 -9999.000 -9999.000 -9999.000 -9999.000 -9999.000 -9999.000 -9999.000 -9999.000 -9999.000 -9999.000 -9999.000 -9999.000 -9999.000 -9999.000 -9999.000 -9999.000 -9999.000 -9999.000 -9999.000 -9999.000 -9999.000 -9999.000 -9999.000 -9999.000
-9999.000 -9999.000 -9999.000 -9999.000 -9999.000 -9999.000 -9999.000 -9999.000 -9999.000 -9999.000 -9999.000 -9999.000 -9999.000 -9999.000 -9999.000 0.7229744E-01 0.2446304E-01 0.1476432E-01 0.2595248E-01 0.3338237E-01 0.4573828E-01 0.6191550E-01 0.7967295E-01 0.9736811E-01 0.1126969 0.1271887 0.1405981 0.1558204 0.1851606 0.2609971 0.2609971 -9999.000 -9999.000 -9999.000 -9999.000 -9999.000 -9999.000 -9999.000 -9999.000 -9999.000 -9999.000 -9999.000 -9999.000 -9999.000 -9999.000 -9999.000 -9999.000 -9999.000 -9999.000 -9999.000 -9999.000 -9999.000 -9999.000 -9999.000 -9999.000 -9999.000 -9999.000 -9999.000 -9999.000 -9999.000
-9999.000 -9999.000 -9999.000 -9999.000 -9999.000 -9999.000 -9999.000 -9999.000 -9999.000 -9999.000 -9999.000 -9999.000 -9999.000 -9999.000 -9999.000 0.6711963E-01 0.1835600E-01 0.2431061E-01 0.3823605E-01 0.4211209E-01 0.5051250E-01 0.6472072E-01 0.8203899E-01 0.1001497 0.1160998 0.1315184 0.1459131 0.1625342 0.1954251 0.2895364 0.2895364 -9999.000 -9999.000 -9999.000 -9999.000 -9999.000 -9999.000 -9999.000 -9999.000 -9999.000 -9999.000 -9999.000 -9999.000 -9999.000 -9999.000 -9999.000 -9999.000 -9999.000 -9999.000 -9999.000 -9999.000 -9999.000 -9999.000 -9999.000 -9999.000 -9999.000 -9999.000 -9999.000 -9999.000 -9999.000
-9999.000 -9999.000 -9999.000 -9999.000 -9999.000 -9999.000 -9999.000 -9999.000 -9999.000 -9999.000 -9999.000 -9999.000 -9999.000 -9999.000 -9999.000 0.1037527 0.1605243 0.1907716 0.1843947 0.1554793 0.1364726 0.1245776 0.1209038 0.1246127 0.1317295 0.1422250 0.1541369 0.1702494 0.2060237 0.3218455 0.3218455 -9999.000 -9999.000 -9999.000 -9999.000 -9999.000 -9999.000 -9999.000 -9999.000 -9999.000 -9999.000 -9999.000 -9999.000 -9999.000 -9999.000 -9999.000 -9999.000 -9999.000 -9999.000 -9999.000 -9999.000 -9999.000 -9999.000 -9999.000 -9999.000 -9999.000 -9999.000 -9999.000 -9999.000 -9999.000
2.854968 2.854968 2.829509 2.892786 2.898714 2.898714 2.901430 2.902523 2.902523 2.899979 2.899979 2.894936 2.891724 2.888145 2.884257 2.884257 3.027096 3.030981 3.031493 3.030232 3.001567 2.950141 2.876134 2.779159 2.657548 2.517612 2.360449 2.193777 2.040216 1.971582 1.971582 2.755947 2.926637 3.033056 3.061320 3.061320 3.103039 3.103039 3.103981 3.103981 3.072816 2.926647 2.926647 2.648814 2.648814 2.207854 2.207854 2.207854 2.160778 2.160778 2.177031 2.177031 2.218667 2.218667 2.266450 2.266450 2.311365 2.311365 2.311365 2.348789
2.878660 2.878660 2.856790 2.943437 2.961202 2.961202 2.975493 2.999378 2.999378 3.019389 3.019389 3.036724 3.044633 3.052130 3.059271 3.059271 3.161110 3.179052 3.193450 3.206476 3.213098 3.213690 3.206743 3.189612 3.158810 3.113203 3.050500 2.970628 2.878733 2.798019 2.798019 3.199610 3.349216 3.498797 3.541080 3.541080 3.592927 3.592927 3.604539 3.604539 3.590992 3.510783 3.510783 3.347862 3.347862 3.031873 3.031873 3.031873 2.978471 2.978471 2.996281 2.996281 3.040601 3.040601 3.091036 3.091036 3.138870 3.138870 3.138870 3.180332
2.883850 2.883850 2.858860 2.943349 2.961507 2.961507 2.976208 3.000719 3.000719 3.021335 3.021335 3.039376 3.047679 3.055596 3.063181 3.063181 3.151474 3.181375 3.207464 3.231005 3.250020 3.264610 3.274732 3.279717 3.278017 3.268715 3.250022 3.220682 3.182295 3.148250 3.148250 3.367562 3.508894 3.678278 3.729812 3.729812 3.787656 3.787656 3.787850 3.787850 3.765837 3.679405 3.679405 3.554460 3.554460 3.310989 3.310989 3.310989 3.246379 3.246379 3.250462 3.250462 3.285506 3.285506 3.329682 3.329682 3.373078 3.373078 3.373078 3.411302
2.887002 2.887002 2.862082 2.942854 2.961138 2.961138 2.976066 3.000750 3.000750 3.021374 3.021374 3.039415 3.047723 3.055649 3.063244 3.063244 3.142637 3.182230 3.219110 3.252626 3.281228 3.304566 3.322744 3.335833 3.343540 3.345871 3.342411 3.332747 3.317902 3.306092 3.306092 3.438667 3.561393 3.734280 3.790074 3.790074 3.844279 3.844279 3.820894 3.820894 3.785645 3.697396 3.697396 3.612488 3.612488 3.440605 3.440605 3.440605 3.371736 3.371736 3.361235 3.361235 3.385679 3.385679 3.423766 3.423766 3.463554 3.463554 3.463554 3.499271
2.886025 2.886025 2.868226 2.942424 2.960782 2.960782 2.975909 3.000760 3.000760 3.021380 3.021380 3.039399 3.047702 3.055623 3.063212 3.063212 3.138513 3.186249 3.232776 3.275601 3.313067 3.344500 3.369815 3.389161 3.402625 3.410522 3.413118 3.410732 3.404564 3.400335 3.400335 3.482817 3.583127 3.744887 3.796278 3.796278 3.824995 3.824995 3.766723 3.766723 3.723419 3.655034 3.655034 3.616197 3.616197 3.515115 3.515115 3.515115 3.451553 3.451553 3.428448 3.428448 3.440095 3.440095 3.469876 3.469876 3.504597 3.504597 3.504597 3.536832
2.884777 2.884777 2.872630 2.941772 2.960345 2.960345 2.975715 3.000752 3.000752 3.021375 3.021375 3.039387 3.047688 3.055613 3.063208 3.063208 3.140154 3.195377 3.250478 3.301696 3.347146 3.385982 3.417974 3.443207 3.461849 3.474238 3.480810 3.482131 3.479407 3.476797 3.476797 3.526672 3.602854 3.736704 3.769984 3.769984 3.744271 3.744271 3.655914 3.655914 3.620786 3.594553 3.594553 3.599673 3.599673 3.560641 3.560641 3.560641 3.511321 3.511321 3.481371 3.481371 3.480242 3.480242 3.499577 3.499577 3.527096 3.527096 3.527096 3.554155
2.884476 2.884476 2.875782 2.941429 2.960108 2.960108 2.975617 3.000768 3.000768 3.021394 3.021394 3.039395 3.047696 3.055619 3.063215 3.063215 3.148291 3.211032 3.273880 3.332468 3.384828 3.430102 3.468017 3.498617 3.522071 3.538679 3.548856 3.553156 3.552602 3.550063 3.550063 3.577914 3.629671 3.712286 3.706266 3.706266 3.607078 3.607078 3.523795 3.523795 3.513936 3.537025 3.537025 3.576624 3.576624 3.586681 3.586681 3.586681 3.557101 3.557101 3.527762 3.527762 3.516917 3.516917 3.524921 3.524921 3.543257 3.543257 3.543257 3.563236
2.884361 2.884361 2.876857 2.941314 2.960028 2.960028 2.975585 3.000775 3.000775 3.021400 3.021400 3.039398 3.047698 3.055621 3.063217 3.063217 3.163946 3.234766 3.304781 3.369715 3.427795 3.478319 3.521100 3.556208 3.583828 3.604233 3.617769 3.624895 3.626356 3.623785 3.623785 3.636125 3.662190 3.654468 3.584863 3.584863 3.433938 3.433938 3.403795 3.403795 3.424388 3.487778 3.487778 3.550915 3.550915 3.597623 3.597623 3.597623 3.589310 3.589310 3.567209 3.567209 3.551204 3.551204 3.548812 3.548812 3.556771 3.556771 3.556771 3.567968
2.884476 2.884476 2.875782 2.941429 2.960108 2.960108 2.975617 3.000768 3.000768 3.021393 3.021393 3.039395 3.047696 3.055619 3.063215 3.063215 3.188644 3.268403 3.345149 3.415390 3.477884 3.532279 3.578606 3.617056 3.647879 3.671340 3.687743 3.697435 3.700823 3.697926 3.697926 3.696673 3.689133 3.530237 3.394565 3.394565 3.265404 3.265404 3.310975 3.310975 3.354982 3.444324 3.444324 3.522832 3.522832 3.596528 3.596528 3.596528 3.608078 3.608078 3.597452 3.597452 3.581321 3.581321 3.570945 3.570945 3.568330 3.568330 3.568330 3.569483
2.884776 2.884776 2.872631 2.941772 2.960345 2.960345 2.975715 3.000753 3.000753 3.021376 3.021376 3.039387 3.047689 3.055613 3.063209 3.063209 3.224705 3.314307 3.397301 3.471679 3.537100 3.593778 3.642091 3.682440 3.715188 3.740654 3.759120 3.770832 3.775636 3.770288 3.770288 3.748456 3.680834 3.318689 3.165215 3.165215 3.137465 3.137465 3.244338 3.244338 3.301160 3.404835 3.404835 3.493355 3.493355 3.586534 3.586534 3.586534 3.614783 3.614783 3.617050 3.617050 3.604843 3.604843 3.589646 3.589646 3.577292 3.577292 3.577292 3.567801
2.886025 2.886025 2.868226 2.942424 2.960783 2.960783 2.975909 3.000761 3.000761 3.021380 3.021380 3.039400 3.047701 3.055622 3.063213 3.063213 3.275739 3.375770 3.464156 3.541140 3.607673 3.664740 3.713191 3.753716 3.786845 3.812974 3.832401 3.845238 3.849904 3.833448 3.833448 3.760920 3.577673 3.054395 2.963492 2.963492 3.053199 3.053199 3.190325 3.190325 3.252889 3.364486 3.364486 3.459979 3.459979 3.567178 3.567178 3.567178 3.608520 3.608520 3.622932 3.622932 3.616957 3.616957 3.600003 3.600003 3.579621 3.579621 3.579621 3.559825
2.887003 2.887003 2.862082 2.942854 2.961139 2.961139 2.976065 3.000751 3.000751 3.021374 3.021374 3.039414 3.047723 3.055649 3.063244 3.063244 3.347569 3.457664 3.549691 3.627008 3.692243 3.747343 3.793719 3.832390 3.864074 3.889263 3.908283 3.920875 3.920156 3.858809 3.858809 3.658214 3.322487 2.822510 2.833714 2.833714 2.988500 2.988500 3.136122 3.136122 3.201166 3.317746 3.317746 3.418245 3.418245 3.535210 3.535210 3.535210 3.586128 3.586128 3.610540 3.610540 3.611221 3.611221 3.594671 3.594671 3.568294 3.568294 3.568294 3.539359
