cruce_test.gid/Rasters/Hydraulic/Velocity__x_204.0.asc
NCOLS        79
NROWS        79
XLLCENTER         -1.500000
YLLCENTER         -4.800000
CELLSIZE           0.100
NODATA_VALUE     -9999.0
[rows 0 to 25 of 79, columns 0 to 57 of 79]
-9999.000 -9999.000 -9999.000 -9999.000 -9999.000 -9999.000 -9999.000 -9999.000 -9999.000 -9999.000 -9999.000 -9999.000 -9999.000 -9999.000 -9999.000 -0.2187016E-02 -0.2393588E-02 0.5697975E-03 0.5335271E-02 0.1058837E-01 0.1512927E-01 0.1845584E-01 0.2047396E-01 0.2122461E-01 0.2086152E-01 0.1956198E-01 0.1742810E-01 0.1443879E-01 0.1007105E-01 0.4922230E-02 0.4922230E-02 -9999.000 -9999.000 -9999.000 -9999.000 -9999.000 -9999.000 -9999.000 -9999.000 -9999.000 -9999.000 -9999.000 -9999.000 -9999.000 -9999.000 -9999.000 -9999.000 -9999.000 -9999.000 -9999.000 -9999.000 -9999.000 -9999.000 -9999.000 -9999.000 -9999.000 -9999.000 -9999.000
-9999.000 -9999.000 -9999.000 -9999.000 -9999.000 -9999.000 -9999.000 -9999.000 -9999.000 -9999.000 -9999.000 -9999.000 -9999.000 -9999.000 -9999.000 -0.9514848E-03 0.3071760E-04 0.3991998E-02 0.9593470E-02 0.1557817E-01 0.2077111E-01 0.2462139E-01 0.2696242E-01 0.2777628E-01 0.2717308E-01 0.2530707E-01 0.2228592E-01 0.1812751E-01 0.1243294E-01 0.6060565E-02 0.6060565E-02 -9999.000 -9999.000 -9999.000 -9999.000 -9999.000 -9999.000 -9999.000 -9999.000 -9999.000 -9999.000 -9999.000 -9999.000 -9999.000 -9999.000 -9999.000 -9999.000 -9999.000 -9999.000 -9999.000 -9999.000 -9999.000 -9999.000 -9999.000 -9999.000 -9999.000 -9999.000 -9999.000
-9999.000 -9999.000 -9999.000 -9999.000 -9999.000 -9999.000 -9999.000 -9999.000 -9999.000 -9999.000 -9999.000 -9999.000 -9999.000 -9999.000 -9999.000 -0.5505153E-03 0.9199381E-03 0.5467151E-02 0.1163043E-01 0.1811097E-01 0.2369839E-01 0.2782441E-01 0.3031227E-01 0.3113605E-01 0.3040526E-01 0.2827818E-01 0.2487045E-01 0.2021215E-01 0.1390313E-01 0.6816357E-02 0.6816357E-02 -9999.000 -9999.000 -9999.000 -9999.000 -9999.000 -9999.000 -9999.000 -9999.000 -9999.000 -9999.000 -9999.000 -9999.000 -9999.000 -9999.000 -9999.000 -9999.000 -9999.000 -9999.000 -9999.000 -9999.000 -9999.000 -9999.000 -9999.000 -9999.000 -9999.000 -9999.000 -9999.000
-9999.000 -9999.000 -9999.000 -9999.000 -9999.000 -9999.000 -9999.000 -9999.000 -9999.000 -9999.000 -9999.000 -9999.000 -9999.000 -9999.000 -9999.000 -0.3671391E-03 0.1366707E-02 0.6273723E-02 0.1280366E-01 0.1961540E-01 0.2546583E-01 0.2977833E-01 0.3237377E-01 0.3322429E-01 0.3244268E-01 0.3019142E-01 0.2658862E-01 0.2166523E-01 0.1499814E-01 0.7407512E-02 0.7407512E-02 -9999.000 -9999.000 -9999.000 -9999.000 -9999.000 -9999.000 -9999.000 -9999.000 -9999.000 -9999.000 -9999.000 -9999.000 -9999.000 -9999.000 -9999.000 -9999.000 -9999.000 -9999.000 -9999.000 -9999.000 -9999.000 -9999.000 -9999.000 -9999.000 -9999.000 -9999.000 -9999.000
-9999.000 -9999.000 -9999.000 -9999.000 -9999.000 -9999.000 -9999.000 -9999.000 -9999.000 -9999.000 -9999.000 -9999.000 -9999.000 -9999.000 -9999.000 -0.2482967E-03 0.1678014E-02 0.6866634E-02 0.1368980E-01 0.2076558E-01 0.2682268E-01 0.3128263E-01 0.3396879E-01 0.3485386E-01 0.3405555E-01 0.3173924E-01 0.2802250E-01 0.2293199E-01 0.1600848E-01 0.7974459E-02 0.7974459E-02 -9999.000 -9999.000 -9999.000 -9999.000 -9999.000 -9999.000 -9999.000 -9999.000 -9999.000 -9999.000 -9999.000 -9999.000 -9999.000 -9999.000 -9999.000 -9999.000 -9999.000 -9999.000 -9999.000 -9999.000 -9999.000 -9999.000 -9999.000 -9999.000 -9999.000 -9999.000 -9999.000
-9999.000 -9999.000 -9999.000 -9999.000 -9999.000 -9999.000 -9999.000 -9999.000 -9999.000 -9999.000 -9999.000 -9999.000 -9999.000 -9999.000 -9999.000 -0.1339361E-03 0.1977415E-02 0.7434623E-02 0.1453432E-01 0.2185376E-01 0.2809598E-01 0.3268690E-01 0.3545643E-01 0.3637919E-01 0.3557932E-01 0.3322535E-01 0.2943154E-01 0.2421702E-01 0.1707575E-01 0.8589412E-02 0.8589412E-02 -9999.000 -9999.000 -9999.000 -9999.000 -9999.000 -9999.000 -9999.000 -9999.000 -9999.000 -9999.000 -9999.000 -9999.000 -9999.000 -9999.000 -9999.000 -9999.000 -9999.000 -9999.000 -9999.000 -9999.000 -9999.000 -9999.000 -9999.000 -9999.000 -9999.000 -9999.000 -9999.000
-9999.000 -9999.000 -9999.000 -9999.000 -9999.000 -9999.000 -9999.000 -9999.000 -9999.000 -9999.000 -9999.000 -9999.000 -9999.000 -9999.000 -9999.000 0.3024890E-05 0.2320737E-02 0.8062103E-02 0.1544697E-01 0.2301073E-01 0.2943285E-01 0.3414917E-01 0.3699970E-01 0.3796265E-01 0.3717045E-01 0.3479427E-01 0.3094395E-01 0.2562798E-01 0.1828171E-01 0.9297138E-02 0.9297138E-02 -9999.000 -9999.000 -9999.000 -9999.000 -9999.000 -9999.000 -9999.000 -9999.000 -9999.000 -9999.000 -9999.000 -9999.000 -9999.000 -9999.000 -9999.000 -9999.000 -9999.000 -9999.000 -9999.000 -9999.000 -9999.000 -9999.000 -9999.000 -9999.000 -9999.000 -9999.000 -9999.000
-9999.000 -9999.000 -9999.000 -9999.000 -9999.000 -9999.000 -9999.000 -9999.000 -9999.000 -9999.000 -9999.000 -9999.000 -9999.000 -9999.000 -9999.000 0.1769616E-03 0.2736764E-02 0.8792428E-02 0.1648373E-01 0.2430262E-01 0.3090778E-01 0.3574996E-01 0.3868294E-01 0.3969019E-01 0.3891449E-01 0.3652951E-01 0.3263870E-01 0.2723730E-01 0.1968955E-01 0.1013591E-01 0.1013591E-01 -9999.000 -9999.000 -9999.000 -9999.000 -9999.000 -9999.000 -9999.000 -9999.000 -9999.000 -9999.000 -9999.000 -9999.000 -9999.000 -9999.000 -9999.000 -9999.000 -9999.000 -9999.000 -9999.000 -9999.000 -9999.000 -9999.000 -9999.000 -9999.000 -9999.000 -9999.000 -9999.000
-9999.000 -9999.000 -9999.000 -9999.000 -9999.000 -9999.000 -9999.000 -9999.000 -9999.000 -9999.000 -9999.000 -9999.000 -9999.000 -9999.000 -9999.000 0.3976069E-03 0.3245378E-02 0.9655111E-02 0.1768224E-01 0.2577454E-01 0.3257080E-01 0.3754371E-01 0.4056460E-01 0.4162304E-01 0.4087476E-01 0.3849610E-01 0.3458259E-01 0.2911311E-01 0.2136558E-01 0.1114812E-01 0.1114812E-01 -9999.000 -9999.000 -9999.000 -9999.000 -9999.000 -9999.000 -9999.000 -9999.000 -9999.000 -9999.000 -9999.000 -9999.000 -9999.000 -9999.000 -9999.000 -9999.000 -9999.000 -9999.000 -9999.000 -9999.000 -9999.000 -9999.000 -9999.000 -9999.000 -9999.000 -9999.000 -9999.000
-9999.000 -9999.000 -9999.000 -9999.000 -9999.000 -9999.000 -9999.000 -9999.000 -9999.000 -9999.000 -9999.000 -9999.000 -9999.000 -9999.000 -9999.000 0.6742214E-03 0.3865164E-02 0.1067723E-01 0.1907712E-01 0.2746678E-01 0.3446772E-01 0.3958066E-01 0.4269894E-01 0.4381991E-01 0.4311467E-01 0.4076304E-01 0.3684980E-01 0.3133500E-01 0.2339237E-01 0.1238859E-01 0.1238859E-01 -9999.000 -9999.000 -9999.000 -9999.000 -9999.000 -9999.000 -9999.000 -9999.000 -9999.000 -9999.000 -9999.000 -9999.000 -9999.000 -9999.000 -9999.000 -9999.000 -9999.000 -9999.000 -9999.000 -9999.000 -9999.000 -9999.000 -9999.000 -9999.000 -9999.000 -9999.000 -9999.000
-9999.000 -9999.000 -9999.000 -9999.000 -9999.000 -9999.000 -9999.000 -9999.000 -9999.000 -9999.000 -9999.000 -9999.000 -9999.000 -9999.000 -9999.000 0.1017475E-02 0.4617374E-02 0.1189016E-01 0.2070828E-01 0.2942652E-01 0.3665122E-01 0.4191937E-01 0.4515032E-01 0.4635123E-01 0.4571226E-01 0.4341589E-01 0.3953567E-01 0.3400828E-01 0.2588232E-01 0.1393275E-01 0.1393275E-01 -9999.000 -9999.000 -9999.000 -9999.000 -9999.000 -9999.000 -9999.000 -9999.000 -9999.000 -9999.000 -9999.000 -9999.000 -9999.000 -9999.000 -9999.000 -9999.000 -9999.000 -9999.000 -9999.000 -9999.000 -9999.000 -9999.000 -9999.000 -9999.000 -9999.000 -9999.000 -9999.000
-9999.000 -9999.000 -9999.000 -9999.000 -9999.000 -9999.000 -9999.000 -9999.000 -9999.000 -9999.000 -9999.000 -9999.000 -9999.000 -9999.000 -9999.000 0.1445376E-02 0.5539478E-02 0.1335016E-01 0.2265132E-01 0.3173500E-01 0.3920780E-01 0.4465117E-01 0.4801634E-01 0.4932124E-01 0.4877991E-01 0.4657855E-01 0.4277601E-01 0.3728341E-01 0.2899741E-01 0.1588971E-01 0.1588971E-01 -9999.000 -9999.000 -9999.000 -9999.000 -9999.000 -9999.000 -9999.000 -9999.000 -9999.000 -9999.000 -9999.000 -9999.000 -9999.000 -9999.000 -9999.000 -9999.000 -9999.000 -9999.000 -9999.000 -9999.000 -9999.000 -9999.000 -9999.000 -9999.000 -9999.000 -9999.000 -9999.000
-9999.000 -9999.000 -9999.000 -9999.000 -9999.000 -9999.000 -9999.000 -9999.000 -9999.000 -9999.000 -9999.000 -9999.000 -9999.000 -9999.000 -9999.000 0.2044397E-02 0.6815572E-02 0.1535141E-01 0.2528229E-01 0.3478340E-01 0.4249655E-01 0.4810886E-01 0.5160392E-01 0.5301511E-01 0.5258736E-01 0.5051125E-01 0.4682937E-01 0.4142210E-01 0.3300201E-01 0.1843234E-01 0.1843234E-01 -9999.000 -9999.000 -9999.000 -9999.000 -9999.000 -9999.000 -9999.000 -9999.000 -9999.000 -9999.000 -9999.000 -9999.000 -9999.000 -9999.000 -9999.000 -9999.000 -9999.000 -9999.000 -9999.000 -9999.000 -9999.000 -9999.000 -9999.000 -9999.000 -9999.000 -9999.000 -9999.000
-9999.000 -9999.000 -9999.000 -9999.000 -9999.000 -9999.000 -9999.000 -9999.000 -9999.000 -9999.000 -9999.000 -9999.000 -9999.000 -9999.000 -9999.000 0.4904788E-02 0.1287988E-01 0.2509927E-01 0.3679912E-01 0.4604688E-01 0.5302481E-01 0.5788027E-01 0.6061825E-01 0.6132801E-01 0.6031266E-01 0.5776777E-01 0.5370966E-01 0.4796981E-01 0.3901827E-01 0.2217202E-01 0.2217202E-01 -9999.000 -9999.000 -9999.000 -9999.000 -9999.000 -9999.000 -9999.000 -9999.000 -9999.000 -9999.000 -9999.000 -9999.000 -9999.000 -9999.000 -9999.000 -9999.000 -9999.000 -9999.000 -9999.000 -9999.000 -9999.000 -9999.000 -9999.000 -9999.000 -9999.000 -9999.000 -9999.000
-9999.000 -9999.000 -9999.000 -9999.000 -9999.000 -9999.000 -9999.000 -9999.000 -9999.000 -9999.000 -9999.000 -9999.000 -9999.000 -9999.000 -9999.000 0.1184651 0.1835330 0.2183961 0.2130869 0.1818896 0.1557687 0.1335237 0.1144890 0.9835427E-01 0.8483537E-01 0.7321981E-01 0.6285489E-01 0.5292376E-01 0.4120236E-01 0.1962796E-01 0.1962796E-01 -9999.000 -9999.000 -9999.000 -9999.000 -9999.000 -9999.000 -9999.000 -9999.000 -9999.000 -9999.000 -9999.000 -9999.000 -9999.000 -9999.000 -9999.000 -9999.000 -9999.000 -9999.000 -9999.000 -9999.000 -9999.000 -9999.000 -9999.000 -9999.000 -9999.000 -9999.000 -9999.000
2.936763 2.936763 2.917127 2.949714 2.966917 2.966917 2.969216 2.968451 2.968451 2.964634 2.964634 2.958673 2.955070 2.951136 2.947106 2.947106 3.114799 3.120114 3.121710 3.121677 3.094323 3.041682 2.964870 2.863555 2.736223 2.589411 2.424305 2.248825 2.085559 2.003739 2.003739 2.838480 3.020656 3.133615 3.163422 3.163422 3.207955 3.207955 3.211893 3.211893 3.182099 3.037027 3.037027 2.758097 2.758097 2.298307 2.298307 2.298307 2.244442 2.244442 2.258587 2.258587 2.301163 2.301163 2.351277 2.351277 2.399253 2.399253
2.960967 2.960967 2.948142 3.004994 3.029955 3.029955 3.044572 3.067308 3.067308 3.086484 3.086484 3.103310 3.111032 3.118375 3.125559 3.125559 3.247957 3.268913 3.285425 3.300104 3.307725 3.308147 3.299920 3.280281 3.245579 3.194723 3.125424 3.037846 2.937805 2.850582 2.850582 3.286137 3.448470 3.607928 3.652544 3.652544 3.707721 3.707721 3.722188 3.722188 3.709651 3.629994 3.629994 3.466337 3.466337 3.144311 3.144311 3.144311 3.082801 3.082801 3.097940 3.097940 3.142656 3.142656 3.194989 3.194989 3.245378 3.245378
2.966227 2.966227 2.946221 3.006572 3.029670 3.029670 3.045023 3.068708 3.068708 3.088535 3.088535 3.106082 3.114210 3.121988 3.129663 3.129663 3.237269 3.271493 3.300504 3.326058 3.346230 3.360864 3.369865 3.372480 3.367033 3.352582 3.327313 3.290101 3.243089 3.201600 3.201600 3.444012 3.600514 3.785974 3.841850 3.841850 3.905694 3.905694 3.910272 3.910272 3.889227 3.799673 3.799673 3.670158 3.670158 3.428098 3.428098 3.428098 3.357800 3.357800 3.358694 3.358694 3.393475 3.393475 3.439081 3.439081 3.484712 3.484712
2.969563 2.969563 2.948277 3.007122 3.028839 3.028839 3.044569 3.068723 3.068723 3.088590 3.088590 3.106116 3.114240 3.122018 3.129745 3.129745 3.227454 3.272355 3.312823 3.348721 3.378662 3.402174 3.419270 3.429939 3.433778 3.430743 3.420396 3.402402 3.378183 3.357536 3.357536 3.502998 3.639546 3.832537 3.895274 3.895274 3.960605 3.960605 3.944539 3.944539 3.909447 3.813627 3.813627 3.721695 3.721695 3.556819 3.556819 3.556819 3.486606 3.486606 3.473267 3.473267 3.496675 3.496675 3.535536 3.535536 3.577175 3.577175
2.970962 2.970962 2.951792 3.007346 3.028136 3.028136 3.044129 3.068691 3.068691 3.088570 3.088570 3.106043 3.114146 3.121910 3.129707 3.129707 3.222648 3.276367 3.326970 3.372467 3.411408 3.443081 3.467305 3.484131 3.493541 3.495791 3.491116 3.479879 3.463577 3.449147 3.449147 3.536226 3.646647 3.829560 3.890696 3.890696 3.937943 3.937943 3.889322 3.889322 3.844295 3.765434 3.765434 3.719904 3.719904 3.628545 3.628545 3.628545 3.568068 3.568068 3.543526 3.543526 3.553608 3.553608 3.583358 3.583358 3.619391 3.619391
2.967623 2.967623 2.957546 3.007329 3.027584 3.027584 3.043781 3.068696 3.068696 3.088629 3.088629 3.106105 3.114214 3.121986 3.129907 3.129907 3.224171 3.285709 3.345104 3.399084 3.445984 3.484964 3.515714 3.538226 3.552560 3.558982 3.557882 3.549845 3.536285 3.522269 3.522269 3.570453 3.652228 3.806805 3.853520 3.853520 3.855026 3.855026 3.775089 3.775089 3.736316 3.700116 3.700116 3.700665 3.700665 3.671456 3.671456 3.671456 3.628259 3.628259 3.598943 3.598943 3.596391 3.596391 3.614950 3.614950 3.643112 3.643112
2.967261 2.967261 2.960588 3.007277 3.027253 3.027253 3.043570 3.068702 3.068702 3.088656 3.088656 3.106115 3.114220 3.121991 3.130080 3.130080 3.232542 3.301624 3.368731 3.429959 3.483555 3.528694 3.565056 3.592595 3.611393 3.621659 3.623744 3.618198 3.606171 3.591208 3.591208 3.612791 3.665900 3.770402 3.783627 3.783627 3.717191 3.717191 3.637108 3.637108 3.623441 3.639857 3.639857 3.677266 3.677266 3.695902 3.695902 3.695902 3.673703 3.673703 3.647061 3.647061 3.635456 3.635456 3.642235 3.642235 3.660532 3.660532
2.967141 2.967141 2.961605 3.007259 3.027144 3.027144 3.043498 3.068704 3.068704 3.088665 3.088665 3.106118 3.114221 3.121992 3.130318 3.130318 3.248855 3.325731 3.399659 3.466807 3.525616 3.575458 3.616125 3.647641 3.670107 3.683705 3.688703 3.685521 3.674962 3.659182 3.659182 3.662214 3.686816 3.708405 3.664737 3.664737 3.542224 3.542224 3.511279 3.511279 3.529622 3.590082 3.590082 3.652823 3.652823 3.706620 3.706620 3.706620 3.705578 3.705578 3.687695 3.687695 3.672055 3.672055 3.668465 3.668465 3.675835 3.675835
2.967262 2.967262 2.960588 3.007276 3.027253 3.027253 3.043570 3.068702 3.068702 3.088656 3.088656 3.106115 3.114219 3.121991 3.130652 3.130652 3.274598 3.359782 3.439701 3.511319 3.573638 3.626431 3.669768 3.703829 3.728803 3.744873 3.752248 3.751195 3.742128 3.725605 3.725605 3.713858 3.705649 3.592643 3.483005 3.483005 3.369238 3.369238 3.414229 3.414229 3.457870 3.547094 3.547094 3.626462 3.626462 3.706160 3.706160 3.706160 3.724212 3.724212 3.718572 3.718572 3.704049 3.704049 3.692981 3.692981 3.689520 3.689520
2.967624 2.967624 2.957546 3.007329 3.027584 3.027584 3.043781 3.068696 3.068696 3.088629 3.088629 3.106105 3.114214 3.121987 3.131116 3.131116 3.312001 3.405956 3.490848 3.565199 3.629003 3.682681 3.726723 3.761569 3.787549 3.804898 3.813785 3.814343 3.806438 3.787842 3.787842 3.757925 3.698667 3.397760 3.259155 3.259155 3.236368 3.236368 3.345221 3.345221 3.402968 3.508305 3.508305 3.598626 3.598626 3.697241 3.697241 3.697241 3.731093 3.731093 3.738475 3.738475 3.728895 3.728895 3.713846 3.713846 3.700742 3.700742
2.970962 2.970962 2.951792 3.007346 3.028136 3.028136 3.044130 3.068691 3.068691 3.088569 3.088569 3.106042 3.114146 3.121909 3.131680 3.131680 3.364385 3.467025 3.555246 3.630019 3.692794 3.744887 3.787339 3.820917 3.846130 3.863290 3.872557 3.873904 3.866008 3.839222 3.839222 3.770334 3.615837 3.144299 3.056179 3.056179 3.148810 3.148810 3.289884 3.289884 3.354082 3.468485 3.468485 3.566532 3.566532 3.679018 3.679018 3.679018 3.725220 3.725220 3.744509 3.744509 3.741830 3.741830 3.725988 3.725988 3.705286 3.705286
