cruce_test.gid/Rasters/Hydraulic/Velocity____129.0.asc
NCOLS        79
NROWS        79
XLLCENTER         -1.500000
YLLCENTER         -4.800000
CELLSIZE           0.100
NODATA_VALUE     -9999.0
[rows 0 to 26 of 79, columns 0 to 59 of 79]
-9999.000 -9999.000 -9999.000 -9999.000 -9999.000 -9999.000 -9999.000 -9999.000 -9999.000 -9999.000 -9999.000 -9999.000 -9999.000 -9999.000 -9999.000 0.1357860 0.1346049 0.1345842 0.1347514 0.1350228 0.1353458 0.1356769 0.1359840 0.1362475 0.1364599 0.1366782 0.1370293 0.1377892 0.1395080 0.1398981 0.1398981 -9999.000 -9999.000 -9999.000 -9999.000 -9999.000 -9999.000 -9999.000 -9999.000 -9999.000 -9999.000 -9999.000 -9999.000 -9999.000 -9999.000 -9999.000 -9999.000 -9999.000 -9999.000 -9999.000 -9999.000 -9999.000 -9999.000 -9999.000 -9999.000 -9999.000 -9999.000 -9999.000 -9999.000 -9999.000
-9999.000 -9999.000 -9999.000 -9999.000 -9999.000 -9999.000 -9999.000 -9999.000 -9999.000 -9999.000 -9999.000 -9999.000 -9999.000 -9999.000 -9999.000 0.1337881 0.1313353 0.1313095 0.1317017 0.1323328 0.1330873 0.1338657 0.1345941 0.1352227 0.1357310 0.1362387 0.1370225 0.1386928 0.1424493 0.1438339 0.1438339 -9999.000 -9999.000 -9999.000 -9999.000 -9999.000 -9999.000 -9999.000 -9999.000 -9999.000 -9999.000 -9999.000 -9999.000 -9999.000 -9999.000 -9999.000 -9999.000 -9999.000 -9999.000 -9999.000 -9999.000 -9999.000 -9999.000 -9999.000 -9999.000 -9999.000 -9999.000 -9999.000 -9999.000 -9999.000
-9999.000 -9999.000 -9999.000 -9999.000 -9999.000 -9999.000 -9999.000 -9999.000 -9999.000 -9999.000 -9999.000 -9999.000 -9999.000 -9999.000 -9999.000 0.1304996 0.1267134 0.1266954 0.1273940 0.1285174 0.1298729 0.1312952 0.1326593 0.1338818 0.1349286 0.1359975 0.1375432 0.1405600 0.1469732 0.1501486 0.1501486 -9999.000 -9999.000 -9999.000 -9999.000 -9999.000 -9999.000 -9999.000 -9999.000 -9999.000 -9999.000 -9999.000 -9999.000 -9999.000 -9999.000 -9999.000 -9999.000 -9999.000 -9999.000 -9999.000 -9999.000 -9999.000 -9999.000 -9999.000 -9999.000 -9999.000 -9999.000 -9999.000 -9999.000 -9999.000
-9999.000 -9999.000 -9999.000 -9999.000 -9999.000 -9999.000 -9999.000 -9999.000 -9999.000 -9999.000 -9999.000 -9999.000 -9999.000 -9999.000 -9999.000 0.1265308 0.1214937 0.1215163 0.1225755 0.1242638 0.1263082 0.1284742 0.1305844 0.1325202 0.1342305 0.1359925 0.1384438 0.1429804 0.1523079 0.1579330 0.1579330 -9999.000 -9999.000 -9999.000 -9999.000 -9999.000 -9999.000 -9999.000 -9999.000 -9999.000 -9999.000 -9999.000 -9999.000 -9999.000 -9999.000 -9999.000 -9999.000 -9999.000 -9999.000 -9999.000 -9999.000 -9999.000 -9999.000 -9999.000 -9999.000 -9999.000 -9999.000 -9999.000 -9999.000 -9999.000
-9999.000 -9999.000 -9999.000 -9999.000 -9999.000 -9999.000 -9999.000 -9999.000 -9999.000 -9999.000 -9999.000 -9999.000 -9999.000 -9999.000 -9999.000 0.1220404 0.1158209 0.1159096 0.1173727 0.1196832 0.1224839 0.1254682 0.1284041 0.1311374 0.1335971 0.1361435 0.1396070 0.1458113 0.1583143 0.1671103 0.1671103 -9999.000 -9999.000 -9999.000 -9999.000 -9999.000 -9999.000 -9999.000 -9999.000 -9999.000 -9999.000 -9999.000 -9999.000 -9999.000 -9999.000 -9999.000 -9999.000 -9999.000 -9999.000 -9999.000 -9999.000 -9999.000 -9999.000 -9999.000 -9999.000 -9999.000 -9999.000 -9999.000 -9999.000 -9999.000
-9999.000 -9999.000 -9999.000 -9999.000 -9999.000 -9999.000 -9999.000 -9999.000 -9999.000 -9999.000 -9999.000 -9999.000 -9999.000 -9999.000 -9999.000 0.1171045 0.1097732 0.1099539 0.1118603 0.1148441 0.1184587 0.1223219 0.1261460 0.1297410 0.1330126 0.1364127 0.1409755 0.1489858 0.1649441 0.1777478 0.1777478 -9999.000 -9999.000 -9999.000 -9999.000 -9999.000 -9999.000 -9999.000 -9999.000 -9999.000 -9999.000 -9999.000 -9999.000 -9999.000 -9999.000 -9999.000 -9999.000 -9999.000 -9999.000 -9999.000 -9999.000 -9999.000 -9999.000 -9999.000 -9999.000 -9999.000 -9999.000 -9999.000 -9999.000 -9999.000
-9999.000 -9999.000 -9999.000 -9999.000 -9999.000 -9999.000 -9999.000 -9999.000 -9999.000 -9999.000 -9999.000 -9999.000 -9999.000 -9999.000 -9999.000 0.1117440 0.1033842 0.1036879 0.1060796 0.1097874 0.1142696 0.1190655 0.1238304 0.1283392 0.1324721 0.1367817 0.1425214 0.1524760 0.1722014 0.1900257 0.1900257 -9999.000 -9999.000 -9999.000 -9999.000 -9999.000 -9999.000 -9999.000 -9999.000 -9999.000 -9999.000 -9999.000 -9999.000 -9999.000 -9999.000 -9999.000 -9999.000 -9999.000 -9999.000 -9999.000 -9999.000 -9999.000 -9999.000 -9999.000 -9999.000 -9999.000 -9999.000 -9999.000 -9999.000 -9999.000
-9999.000 -9999.000 -9999.000 -9999.000 -9999.000 -9999.000 -9999.000 -9999.000 -9999.000 -9999.000 -9999.000 -9999.000 -9999.000 -9999.000 -9999.000 0.1059437 0.9666011E-01 0.9712673E-01 0.1000520 0.1045384 0.1099424 0.1157213 0.1214733 0.1269408 0.1319754 0.1372425 0.1442321 0.1562758 0.1801240 0.2042318 0.2042318 -9999.000 -9999.000 -9999.000 -9999.000 -9999.000 -9999.000 -9999.000 -9999.000 -9999.000 -9999.000 -9999.000 -9999.000 -9999.000 -9999.000 -9999.000 -9999.000 -9999.000 -9999.000 -9999.000 -9999.000 -9999.000 -9999.000 -9999.000 -9999.000 -9999.000 -9999.000 -9999.000 -9999.000 -9999.000
-9999.000 -9999.000 -9999.000 -9999.000 -9999.000 -9999.000 -9999.000 -9999.000 -9999.000 -9999.000 -9999.000 -9999.000 -9999.000 -9999.000 -9999.000 0.9966327E-01 0.8958837E-01 0.9027200E-01 0.9379102E-01 0.9911831E-01 0.1055005 0.1123115 0.1190930 0.1255584 0.1315277 0.1377945 0.1461046 0.1603913 0.1887722 0.2207790 0.2207790 -9999.000 -9999.000 -9999.000 -9999.000 -9999.000 -9999.000 -9999.000 -9999.000 -9999.000 -9999.000 -9999.000 -9999.000 -9999.000 -9999.000 -9999.000 -9999.000 -9999.000 -9999.000 -9999.000 -9999.000 -9999.000 -9999.000 -9999.000 -9999.000 -9999.000 -9999.000 -9999.000 -9999.000 -9999.000
-9999.000 -9999.000 -9999.000 -9999.000 -9999.000 -9999.000 -9999.000 -9999.000 -9999.000 -9999.000 -9999.000 -9999.000 -9999.000 -9999.000 -9999.000 0.9284246E-01 0.8214486E-01 0.8312090E-01 0.8731165E-01 0.9355332E-01 0.1009751 0.1088668 0.1167168 0.1242147 0.1311454 0.1384481 0.1481469 0.1648398 0.1982262 0.2402475 0.2402475 -9999.000 -9999.000 -9999.000 -9999.000 -9999.000 -9999.000 -9999.000 -9999.000 -9999.000 -9999.000 -9999.000 -9999.000 -9999.000 -9999.000 -9999.000 -9999.000 -9999.000 -9999.000 -9999.000 -9999.000 -9999.000 -9999.000 -9999.000 -9999.000 -9999.000 -9999.000 -9999.000 -9999.000 -9999.000
-9999.000 -9999.000 -9999.000 -9999.000 -9999.000 -9999.000 -9999.000 -9999.000 -9999.000 -9999.000 -9999.000 -9999.000 -9999.000 -9999.000 -9999.000 0.8540217E-01 0.7429689E-01 0.7567380E-01 0.8064218E-01 0.8788892E-01 0.9641790E-01 0.1054389 0.1143935 0.1229539 0.1308658 0.1392353 0.1503856 0.1696554 0.2085897 0.2634662 0.2634662 -9999.000 -9999.000 -9999.000 -9999.000 -9999.000 -9999.000 -9999.000 -9999.000 -9999.000 -9999.000 -9999.000 -9999.000 -9999.000 -9999.000 -9999.000 -9999.000 -9999.000 -9999.000 -9999.000 -9999.000 -9999.000 -9999.000 -9999.000 -9999.000 -9999.000 -9999.000 -9999.000 -9999.000 -9999.000
-9999.000 -9999.000 -9999.000 -9999.000 -9999.000 -9999.000 -9999.000 -9999.000 -9999.000 -9999.000 -9999.000 -9999.000 -9999.000 -9999.000 -9999.000 0.7724085E-01 0.6600688E-01 0.6794882E-01 0.7384511E-01 0.8221119E-01 0.9192294E-01 0.1021223 0.1122140 0.1218634 0.1307714 0.1402331 0.1528916 0.1749079 0.2200030 0.2916548 0.2916548 -9999.000 -9999.000 -9999.000 -9999.000 -9999.000 -9999.000 -9999.000 -9999.000 -9999.000 -9999.000 -9999.000 -9999.000 -9999.000 -9999.000 -9999.000 -9999.000 -9999.000 -9999.000 -9999.000 -9999.000 -9999.000 -9999.000 -9999.000 -9999.000 -9999.000 -9999.000 -9999.000 -9999.000 -9999.000
-9999.000 -9999.000 -9999.000 -9999.000 -9999.000 -9999.000 -9999.000 -9999.000 -9999.000 -9999.000 -9999.000 -9999.000 -9999.000 -9999.000 -9999.000 0.6822710E-01 0.5724370E-01 0.6001493E-01 0.6706087E-01 0.7669269E-01 0.8767112E-01 0.9909753E-01 0.1103577 0.1211210 0.1310405 0.1416199 0.1558342 0.1807513 0.2326740 0.3266842 0.3266842 -9999.000 -9999.000 -9999.000 -9999.000 -9999.000 -9999.000 -9999.000 -9999.000 -9999.000 -9999.000 -9999.000 -9999.000 -9999.000 -9999.000 -9999.000 -9999.000 -9999.000 -9999.000 -9999.000 -9999.000 -9999.000 -9999.000 -9999.000 -9999.000 -9999.000 -9999.000 -9999.000 -9999.000 -9999.000
-9999.000 -9999.000 -9999.000 -9999.000 -9999.000 -9999.000 -9999.000 -9999.000 -9999.000 -9999.000 -9999.000 -9999.000 -9999.000 -9999.000 -9999.000 0.5815140E-01 0.4803117E-01 0.5214174E-01 0.6071051E-01 0.7180811E-01 0.8414389E-01 0.9683721E-01 0.1092880 0.1211855 0.1321359 0.1438624 0.1596636 0.1875766 0.2469745 0.3716053 0.3716053 -9999.000 -9999.000 -9999.000 -9999.000 -9999.000 -9999.000 -9999.000 -9999.000 -9999.000 -9999.000 -9999.000 -9999.000 -9999.000 -9999.000 -9999.000 -9999.000 -9999.000 -9999.000 -9999.000 -9999.000 -9999.000 -9999.000 -9999.000 -9999.000 -9999.000 -9999.000 -9999.000 -9999.000 -9999.000
-9999.000 -9999.000 -9999.000 -9999.000 -9999.000 -9999.000 -9999.000 -9999.000 -9999.000 -9999.000 -9999.000 -9999.000 -9999.000 -9999.000 -9999.000 0.4465634E-01 0.4785306E-01 0.6045058E-01 0.7316636E-01 0.8548945E-01 0.9743744E-01 0.1090137 0.1201326 0.1307545 0.1405693 0.1514530 0.1670015 0.1964039 0.2629661 0.4291338 0.4291338 -9999.000 -9999.000 -9999.000 -9999.000 -9999.000 -9999.000 -9999.000 -9999.000 -9999.000 -9999.000 -9999.000 -9999.000 -9999.000 -9999.000 -9999.000 -9999.000 -9999.000 -9999.000 -9999.000 -9999.000 -9999.000 -9999.000 -9999.000 -9999.000 -9999.000 -9999.000 -9999.000 -9999.000 -9999.000
2.268221 2.268221 2.313719 2.357508 2.364770 2.364770 2.369500 2.374695 2.374695 2.376405 2.376405 2.375809 2.374851 2.373531 2.371893 2.371893 2.199576 2.165017 2.123339 2.070097 2.002959 1.921056 1.824584 1.714771 1.594491 1.468157 1.343331 1.234835 1.172989 1.228969 1.228969 2.036689 2.177626 2.217785 2.217302 2.217302 2.195349 2.195349 2.106175 2.106175 2.020133 1.547922 1.547922 1.382355 1.382355 1.376966 1.376966 1.376966 1.425795 1.425795 1.477670 1.477670 1.525908 1.525908 1.566461 1.566461 1.597031 1.597031 1.597031 1.616954
2.282955 2.282955 2.343455 2.400544 2.417531 2.417531 2.431976 2.456483 2.456483 2.477345 2.477345 2.495747 2.504233 2.512322 2.520052 2.520052 2.428471 2.417836 2.413200 2.406594 2.393516 2.371096 2.337234 2.290389 2.226454 2.150208 2.063683 1.975045 1.902967 1.897164 1.897164 2.357488 2.503906 2.621832 2.646453 2.646453 2.656647 2.656647 2.613452 2.613452 2.565529 2.287070 2.287070 2.087453 2.087453 2.073781 2.073781 2.073781 2.120669 2.120669 2.169761 2.169761 2.216727 2.216727 2.258454 2.258454 2.293577 2.293577 2.293577 2.320223
2.286162 2.286162 2.347531 2.400789 2.417934 2.417934 2.432609 2.457613 2.457613 2.479011 2.479011 2.498019 2.506840 2.515283 2.523389 2.523389 2.456233 2.448891 2.454741 2.464132 2.471600 2.474288 2.470366 2.458345 2.435585 2.403073 2.361020 2.312910 2.268847 2.259584 2.259584 2.570645 2.702108 2.839574 2.872540 2.872540 2.887570 2.887570 2.843831 2.843831 2.802252 2.624709 2.624709 2.445762 2.445762 2.405650 2.405650 2.405650 2.441491 2.441491 2.482552 2.482552 2.522278 2.522278 2.558139 2.558139 2.587866 2.587866 2.587866 2.610294
2.288707 2.288707 2.350647 2.400712 2.417797 2.417797 2.432518 2.457613 2.457613 2.479040 2.479040 2.498054 2.506879 2.515327 2.523442 2.523442 2.474516 2.468377 2.478004 2.493781 2.509391 2.521747 2.529368 2.531389 2.526342 2.514715 2.496755 2.474519 2.454602 2.457863 2.457863 2.657605 2.779626 2.919443 2.952397 2.952397 2.958386 2.958386 2.908087 2.908087 2.872892 2.761928 2.761928 2.618847 2.618847 2.554048 2.554048 2.554048 2.580241 2.580241 2.616667 2.616667 2.653311 2.653311 2.686051 2.686051 2.712812 2.712812 2.712812 2.732826
2.290646 2.290646 2.353001 2.400672 2.417662 2.417662 2.432414 2.457597 2.457597 2.479047 2.479047 2.498055 2.506876 2.515322 2.523434 2.523434 2.492583 2.490459 2.503618 2.523850 2.544672 2.562647 2.576200 2.584674 2.587334 2.584699 2.577481 2.567537 2.559850 2.569117 2.569117 2.703790 2.811260 2.936922 2.959164 2.959164 2.942075 2.942075 2.891815 2.891815 2.869474 2.814930 2.814930 2.721455 2.721455 2.642267 2.642267 2.642267 2.655730 2.655730 2.685829 2.685829 2.718883 2.718883 2.748764 2.748764 2.773080 2.773080 2.773080 2.790966
2.292009 2.292009 2.354648 2.400661 2.417553 2.417553 2.432326 2.457583 2.457583 2.479054 2.479054 2.498057 2.506873 2.515317 2.523428 2.523428 2.510760 2.515639 2.533420 2.557738 2.582802 2.605150 2.623047 2.635756 2.642800 2.644606 2.642089 2.637118 2.633861 2.643101 2.643101 2.734815 2.822526 2.911177 2.910719 2.910719 2.868860 2.868860 2.837691 2.837691 2.834132 2.827177 2.827177 2.783329 2.783329 2.707416 2.707416 2.707416 2.707461 2.707461 2.728754 2.728754 2.756510 2.756510 2.782832 2.782832 2.804278 2.804278 2.804278 2.819739
2.292817 2.292817 2.355623 2.400663 2.417483 2.417483 2.432265 2.457572 2.457572 2.479059 2.479059 2.498058 2.506873 2.515315 2.523425 2.523425 2.529739 2.544015 2.567805 2.596343 2.625090 2.651024 2.672444 2.688526 2.698828 2.703582 2.703605 2.700599 2.698063 2.703843 2.703843 2.762581 2.822045 2.840129 2.810835 2.810835 2.765808 2.765808 2.773575 2.773575 2.789500 2.818874 2.818874 2.815605 2.815605 2.759340 2.759340 2.759340 2.749539 2.749539 2.760909 2.760909 2.781627 2.781627 2.803027 2.803027 2.820675 2.820675 2.820675 2.833146
2.293084 2.293084 2.355945 2.400665 2.417458 2.417458 2.432245 2.457569 2.457569 2.479061 2.479061 2.498059 2.506873 2.515314 2.523424 2.523424 2.550802 2.576208 2.607259 2.640364 2.672428 2.701235 2.725392 2.744126 2.757006 2.764077 2.765924 2.763914 2.760767 2.761322 2.761322 2.789307 2.803678 2.715854 2.670974 2.670974 2.661073 2.661073 2.713673 2.713673 2.745074 2.799729 2.799729 2.826155 2.826155 2.798783 2.798783 2.798783 2.785530 2.785530 2.788070 2.788070 2.800596 2.800596 2.815612 2.815612 2.828341 2.828341 2.828341 2.837181
2.292816 2.292816 2.355623 2.400663 2.417483 2.417483 2.432265 2.457572 2.457572 2.479059 2.479059 2.498058 2.506873 2.515314 2.523425 2.523425 2.575798 2.613481 2.652638 2.690606 2.725693 2.756684 2.782727 2.803283 2.818003 2.826829 2.830108 2.828804 2.824626 2.817919 2.817919 2.806516 2.742749 2.547139 2.521074 2.521074 2.573197 2.573197 2.661225 2.661225 2.702963 2.774564 2.774564 2.821761 2.821761 2.824944 2.824944 2.824944 2.814723 2.814723 2.811371 2.811371 2.815658 2.815658 2.823169 2.823169 2.829916 2.829916 2.829916 2.834528
2.292009 2.292009 2.354648 2.400661 2.417553 2.417553 2.432325 2.457582 2.457582 2.479053 2.479053 2.498056 2.506874 2.515317 2.523428 2.523428 2.607253 2.657845 2.705363 2.748172 2.785876 2.818307 2.845308 2.866716 2.882379 2.892241 2.896475 2.895638 2.889813 2.869665 2.869665 2.786422 2.599558 2.372812 2.394803 2.394803 2.503885 2.503885 2.613963 2.613963 2.662201 2.745428 2.745428 2.807032 2.807032 2.837451 2.837451 2.837451 2.834757 2.834757 2.829154 2.829154 2.826310 2.826310 2.825860 2.825860 2.825881 2.825881 2.825881 2.825870
2.290646 2.290646 2.353001 2.400671 2.417662 2.417662 2.432414 2.457597 2.457597 2.479047 2.479047 2.498055 2.506875 2.515321 2.523434 2.523434 2.648680 2.712237 2.767603 2.814631 2.854190 2.887125 2.914008 2.935161 2.950708 2.960691 2.965211 2.964341 2.954377 2.899349 2.899349 2.668763 2.355663 2.238334 2.297061 2.297061 2.443863 2.443863 2.567234 2.567234 2.619738 2.711559 2.711559 2.783311 2.783311 2.835702 2.835702 2.835702 2.842441 2.842441 2.837722 2.837722 2.829591 2.829591 2.821532 2.821532 2.814642 2.814642 2.814642 2.809960
2.288707 2.288707 2.350646 2.400712 2.417797 2.417797 2.432517 2.457612 2.457612 2.479040 2.479040 2.498054 2.506878 2.515326 2.523440 2.523440 2.705244 2.780899 2.842530 2.892226 2.932217 2.964298 2.989738 3.009341 3.023553 3.032574 3.036510 3.034439 3.010043 2.851941 2.851941 2.378041 2.071824 2.137618 2.217781 2.217781 2.382459 2.382459 2.515554 2.515554 2.571190 2.670218 2.670218 2.749441 2.749441 2.818618 2.818618 2.818618 2.834580 2.834580 2.832618 2.832618 2.821119 2.821119 2.806472 2.806472 2.793133 2.793133 2.793133 2.784155
