cruce_test.gid/Rasters/Hydraulic/Velocity__x_100.0.asc
NCOLS        79
NROWS        79
XLLCENTER         -1.500000
YLLCENTER         -4.800000
CELLSIZE           0.100
NODATA_VALUE     -9999.0
[rows 0 to 25 of 79, columns 0 to 57 of 79]
-9999.000 -9999.000 -9999.000 -9999.000 -9999.000 -9999.000 -9999.000 -9999.000 -9999.000 -9999.000 -9999.000 -9999.000 -9999.000 -9999.000 -9999.000 0.1775036E-03 0.1232315E-02 0.3110844E-02 0.4840866E-02 0.6368885E-02 0.7711629E-02 0.8894196E-02 0.9929330E-02 0.1079790E-01 0.1142318E-01 0.1163645E-01 0.1112707E-01 0.9365674E-02 0.5567459E-02 0.1993073E-02 0.1993073E-02 -9999.000 -9999.000 -9999.000 -9999.000 -9999.000 -9999.000 -9999.000 -9999.000 -9999.000 -9999.000 -9999.000 -9999.000 -9999.000 -9999.000 -9999.000 -9999.000 -9999.000 -9999.000 -9999.000 -9999.000 -9999.000 -9999.000 -9999.000 -9999.000 -9999.000 -9999.000 -9999.000
-9999.000 -9999.000 -9999.000 -9999.000 -9999.000 -9999.000 -9999.000 -9999.000 -9999.000 -9999.000 -9999.000 -9999.000 -9999.000 -9999.000 -9999.000 0.9893064E-03 0.3023381E-02 0.6028674E-02 0.8875823E-02 0.1145235E-01 0.1372407E-01 0.1567085E-01 0.1725974E-01 0.1842049E-01 0.1901835E-01 0.1882411E-01 0.1747879E-01 0.1445094E-01 0.9055911E-02 0.3745933E-02 0.3745933E-02 -9999.000 -9999.000 -9999.000 -9999.000 -9999.000 -9999.000 -9999.000 -9999.000 -9999.000 -9999.000 -9999.000 -9999.000 -9999.000 -9999.000 -9999.000 -9999.000 -9999.000 -9999.000 -9999.000 -9999.000 -9999.000 -9999.000 -9999.000 -9999.000 -9999.000 -9999.000 -9999.000
-9999.000 -9999.000 -9999.000 -9999.000 -9999.000 -9999.000 -9999.000 -9999.000 -9999.000 -9999.000 -9999.000 -9999.000 -9999.000 -9999.000 -9999.000 0.1663688E-02 0.4526176E-02 0.8499754E-02 0.1225675E-01 0.1565394E-01 0.1862935E-01 0.2113597E-01 0.2311368E-01 0.2446421E-01 0.2502315E-01 0.2452975E-01 0.2259229E-01 0.1864149E-01 0.1194586E-01 0.5173390E-02 0.5173390E-02 -9999.000 -9999.000 -9999.000 -9999.000 -9999.000 -9999.000 -9999.000 -9999.000 -9999.000 -9999.000 -9999.000 -9999.000 -9999.000 -9999.000 -9999.000 -9999.000 -9999.000 -9999.000 -9999.000 -9999.000 -9999.000 -9999.000 -9999.000 -9999.000 -9999.000 -9999.000 -9999.000
-9999.000 -9999.000 -9999.000 -9999.000 -9999.000 -9999.000 -9999.000 -9999.000 -9999.000 -9999.000 -9999.000 -9999.000 -9999.000 -9999.000 -9999.000 0.2248031E-02 0.5822239E-02 0.1061999E-01 0.1514532E-01 0.1923073E-01 0.2279532E-01 0.2577461E-01 0.2809124E-01 0.2962787E-01 0.3019766E-01 0.2951100E-01 0.2713639E-01 0.2244715E-01 0.1462728E-01 0.6510886E-02 0.6510886E-02 -9999.000 -9999.000 -9999.000 -9999.000 -9999.000 -9999.000 -9999.000 -9999.000 -9999.000 -9999.000 -9999.000 -9999.000 -9999.000 -9999.000 -9999.000 -9999.000 -9999.000 -9999.000 -9999.000 -9999.000 -9999.000 -9999.000 -9999.000 -9999.000 -9999.000 -9999.000 -9999.000
-9999.000 -9999.000 -9999.000 -9999.000 -9999.000 -9999.000 -9999.000 -9999.000 -9999.000 -9999.000 -9999.000 -9999.000 -9999.000 -9999.000 -9999.000 0.2783947E-02 0.6999098E-02 0.1252871E-01 0.1773755E-01 0.2244033E-01 0.2654234E-01 0.2996675E-01 0.3262325E-01 0.3437865E-01 0.3502371E-01 0.3423592E-01 0.3153364E-01 0.2621396E-01 0.1734285E-01 0.7883144E-02 0.7883144E-02 -9999.000 -9999.000 -9999.000 -9999.000 -9999.000 -9999.000 -9999.000 -9999.000 -9999.000 -9999.000 -9999.000 -9999.000 -9999.000 -9999.000 -9999.000 -9999.000 -9999.000 -9999.000 -9999.000 -9999.000 -9999.000 -9999.000 -9999.000 -9999.000 -9999.000 -9999.000 -9999.000
-9999.000 -9999.000 -9999.000 -9999.000 -9999.000 -9999.000 -9999.000 -9999.000 -9999.000 -9999.000 -9999.000 -9999.000 -9999.000 -9999.000 -9999.000 0.3308797E-02 0.8136004E-02 0.1435062E-01 0.2020234E-01 0.2549444E-01 0.3012184E-01 0.3399860E-01 0.3702386E-01 0.3904855E-01 0.3983889E-01 0.3903282E-01 0.3608648E-01 0.3019900E-01 0.2027972E-01 0.9386805E-02 0.9386805E-02 -9999.000 -9999.000 -9999.000 -9999.000 -9999.000 -9999.000 -9999.000 -9999.000 -9999.000 -9999.000 -9999.000 -9999.000 -9999.000 -9999.000 -9999.000 -9999.000 -9999.000 -9999.000 -9999.000 -9999.000 -9999.000 -9999.000 -9999.000 -9999.000 -9999.000 -9999.000 -9999.000
-9999.000 -9999.000 -9999.000 -9999.000 -9999.000 -9999.000 -9999.000 -9999.000 -9999.000 -9999.000 -9999.000 -9999.000 -9999.000 -9999.000 -9999.000 0.3853859E-02 0.9298653E-02 0.1618734E-01 0.2267544E-01 0.2856013E-01 0.3372974E-01 0.3809139E-01 0.4153466E-01 0.4389415E-01 0.4490803E-01 0.4416650E-01 0.4104905E-01 0.3463104E-01 0.2361650E-01 0.1111819E-01 0.1111819E-01 -9999.000 -9999.000 -9999.000 -9999.000 -9999.000 -9999.000 -9999.000 -9999.000 -9999.000 -9999.000 -9999.000 -9999.000 -9999.000 -9999.000 -9999.000 -9999.000 -9999.000 -9999.000 -9999.000 -9999.000 -9999.000 -9999.000 -9999.000 -9999.000 -9999.000 -9999.000 -9999.000
-9999.000 -9999.000 -9999.000 -9999.000 -9999.000 -9999.000 -9999.000 -9999.000 -9999.000 -9999.000 -9999.000 -9999.000 -9999.000 -9999.000 -9999.000 0.4446241E-02 0.1054240E-01 0.1812448E-01 0.2527027E-01 0.3177765E-01 0.3753114E-01 0.4243305E-01 0.4636438E-01 0.4914282E-01 0.5047334E-01 0.4988997E-01 0.4667734E-01 0.3975504E-01 0.2755899E-01 0.1319350E-01 0.1319350E-01 -9999.000 -9999.000 -9999.000 -9999.000 -9999.000 -9999.000 -9999.000 -9999.000 -9999.000 -9999.000 -9999.000 -9999.000 -9999.000 -9999.000 -9999.000 -9999.000 -9999.000 -9999.000 -9999.000 -9999.000 -9999.000 -9999.000 -9999.000 -9999.000 -9999.000 -9999.000 -9999.000
-9999.000 -9999.000 -9999.000 -9999.000 -9999.000 -9999.000 -9999.000 -9999.000 -9999.000 -9999.000 -9999.000 -9999.000 -9999.000 -9999.000 -9999.000 0.5110625E-02 0.1191858E-01 0.2024038E-01 0.2809182E-01 0.3527770E-01 0.4168216E-01 0.4720525E-01 0.5172053E-01 0.5502720E-01 0.5679353E-01 0.5648541E-01 0.5327154E-01 0.4587488E-01 0.3237872E-01 0.1577153E-01 0.1577153E-01 -9999.000 -9999.000 -9999.000 -9999.000 -9999.000 -9999.000 -9999.000 -9999.000 -9999.000 -9999.000 -9999.000 -9999.000 -9999.000 -9999.000 -9999.000 -9999.000 -9999.000 -9999.000 -9999.000 -9999.000 -9999.000 -9999.000 -9999.000 -9999.000 -9999.000 -9999.000 -9999.000
-9999.000 -9999.000 -9999.000 -9999.000 -9999.000 -9999.000 -9999.000 -9999.000 -9999.000 -9999.000 -9999.000 -9999.000 -9999.000 -9999.000 -9999.000 0.5871826E-02 0.1347871E-01 0.2261596E-01 0.3124939E-01 0.3919882E-01 0.4635182E-01 0.5260912E-01 0.5783875E-01 0.6182158E-01 0.6418320E-01 0.6430954E-01 0.6122655E-01 0.5340766E-01 0.3846828E-01 0.1908946E-01 0.1908946E-01 -9999.000 -9999.000 -9999.000 -9999.000 -9999.000 -9999.000 -9999.000 -9999.000 -9999.000 -9999.000 -9999.000 -9999.000 -9999.000 -9999.000 -9999.000 -9999.000 -9999.000 -9999.000 -9999.000 -9999.000 -9999.000 -9999.000 -9999.000 -9999.000 -9999.000 -9999.000 -9999.000
-9999.000 -9999.000 -9999.000 -9999.000 -9999.000 -9999.000 -9999.000 -9999.000 -9999.000 -9999.000 -9999.000 -9999.000 -9999.000 -9999.000 -9999.000 0.6757575E-02 0.1528180E-01 0.2534506E-01 0.3487263E-01 0.4370806E-01 0.5174741E-01 0.5889670E-01 0.6502227E-01 0.6988627E-01 0.7306775E-01 0.7385801E-01 0.7110843E-01 0.6297356E-01 0.4643977E-01 0.2352670E-01 0.2352670E-01 -9999.000 -9999.000 -9999.000 -9999.000 -9999.000 -9999.000 -9999.000 -9999.000 -9999.000 -9999.000 -9999.000 -9999.000 -9999.000 -9999.000 -9999.000 -9999.000 -9999.000 -9999.000 -9999.000 -9999.000 -9999.000 -9999.000 -9999.000 -9999.000 -9999.000 -9999.000 -9999.000
-9999.000 -9999.000 -9999.000 -9999.000 -9999.000 -9999.000 -9999.000 -9999.000 -9999.000 -9999.000 -9999.000 -9999.000 -9999.000 -9999.000 -9999.000 0.7803238E-02 0.1740403E-01 0.2855184E-01 0.3913531E-01 0.4903261E-01 0.5815531E-01 0.6642183E-01 0.7370186E-01 0.7974274E-01 0.8407359E-01 0.8587651E-01 0.8379032E-01 0.7556040E-01 0.5731470E-01 0.2973460E-01 0.2973460E-01 -9999.000 -9999.000 -9999.000 -9999.000 -9999.000 -9999.000 -9999.000 -9999.000 -9999.000 -9999.000 -9999.000 -9999.000 -9999.000 -9999.000 -9999.000 -9999.000 -9999.000 -9999.000 -9999.000 -9999.000 -9999.000 -9999.000 -9999.000 -9999.000 -9999.000 -9999.000 -9999.000
-9999.000 -9999.000 -9999.000 -9999.000 -9999.000 -9999.000 -9999.000 -9999.000 -9999.000 -9999.000 -9999.000 -9999.000 -9999.000 -9999.000 -9999.000 0.9060813E-02 0.1995910E-01 0.3242299E-01 0.4430130E-01 0.5551976E-01 0.6601615E-01 0.7573184E-01 0.8455121E-01 0.9221449E-01 0.9820293E-01 0.1015785 0.1007261 0.9286623E-01 0.7294078E-01 0.3892212E-01 0.3892212E-01 -9999.000 -9999.000 -9999.000 -9999.000 -9999.000 -9999.000 -9999.000 -9999.000 -9999.000 -9999.000 -9999.000 -9999.000 -9999.000 -9999.000 -9999.000 -9999.000 -9999.000 -9999.000 -9999.000 -9999.000 -9999.000 -9999.000 -9999.000 -9999.000 -9999.000 -9999.000 -9999.000
-9999.000 -9999.000 -9999.000 -9999.000 -9999.000 -9999.000 -9999.000 -9999.000 -9999.000 -9999.000 -9999.000 -9999.000 -9999.000 -9999.000 -9999.000 0.1071300E-01 0.2330682E-01 0.3750421E-01 0.5108315E-01 0.6403781E-01 0.7635339E-01 0.8801807E-01 0.9895556E-01 0.1089235 0.1173757 0.1232617 0.1246856 0.1182148 0.9713928E-01 0.5371806E-01 0.5371806E-01 -9999.000 -9999.000 -9999.000 -9999.000 -9999.000 -9999.000 -9999.000 -9999.000 -9999.000 -9999.000 -9999.000 -9999.000 -9999.000 -9999.000 -9999.000 -9999.000 -9999.000 -9999.000 -9999.000 -9999.000 -9999.000 -9999.000 -9999.000 -9999.000 -9999.000 -9999.000 -9999.000
-9999.000 -9999.000 -9999.000 -9999.000 -9999.000 -9999.000 -9999.000 -9999.000 -9999.000 -9999.000 -9999.000 -9999.000 -9999.000 -9999.000 -9999.000 0.2570740E-01 0.4517087E-01 0.6489145E-01 0.8176547E-01 0.9659397E-01 0.1099315 0.1221761 0.1335418 0.1439855 0.1530822 0.1598051 0.1620903 0.1558567 0.1323204 0.6988204E-01 0.6988204E-01 -9999.000 -9999.000 -9999.000 -9999.000 -9999.000 -9999.000 -9999.000 -9999.000 -9999.000 -9999.000 -9999.000 -9999.000 -9999.000 -9999.000 -9999.000 -9999.000 -9999.000 -9999.000 -9999.000 -9999.000 -9999.000 -9999.000 -9999.000 -9999.000 -9999.000 -9999.000 -9999.000
1.842430 1.842430 1.883683 1.930774 1.938827 1.938827 1.944358 1.951127 1.951127 1.954189 1.954189 1.955040 1.954909 1.954446 1.814891 1.814891 1.471260 1.411619 1.342243 1.263321 1.176100 1.082641 0.9858614 0.8896012 0.7986714 0.7189355 0.6576630 0.6249653 0.6389095 0.7266514 0.7266514 1.649933 1.850621 1.884207 1.848605 1.848605 1.748460 1.748460 1.473677 1.473677 1.202089 1.025639 1.025639 1.012966 1.012966 1.053543 1.053543 1.053543 1.105931 1.105931 1.153776 1.153776 1.194458 1.194458 1.237881 1.237881 1.264307 1.264307
1.853352 1.853352 1.910536 1.967432 1.983857 1.983857 1.997749 2.021131 2.021131 2.040645 2.040645 2.057791 2.065753 2.073349 2.017432 2.017432 1.727504 1.711203 1.687487 1.653176 1.607539 1.550591 1.483154 1.407043 1.325319 1.242801 1.167071 1.110516 1.095247 1.165438 1.165438 1.724868 1.900434 2.013479 2.027459 2.027459 2.004172 2.004172 1.882288 1.882288 1.696692 1.430602 1.430602 1.427277 1.427277 1.476210 1.476210 1.476210 1.529883 1.529883 1.579827 1.579827 1.611143 1.611143 1.663677 1.663677 1.696365 1.696365
1.855496 1.855496 1.914714 1.967609 1.984165 1.984165 1.998267 2.022111 2.022111 2.042116 2.042116 2.059797 2.068049 2.075955 2.045048 2.045048 1.774051 1.774960 1.774260 1.765825 1.748703 1.722406 1.686891 1.642887 1.592163 1.537907 1.485428 1.443743 1.429719 1.483313 1.483313 1.872064 2.031457 2.170294 2.198755 2.198755 2.197079 2.197079 2.118645 2.118645 2.012333 1.772325 1.772325 1.734525 1.734525 1.771632 1.771632 1.771632 1.816887 1.816887 1.858159 1.858159 1.891121 1.891121 1.928553 1.928553 1.955514 1.955514
1.857203 1.857203 1.917816 1.967546 1.984002 1.984002 1.998135 2.022084 2.022084 2.042140 2.042140 2.059833 2.068087 2.075995 2.059029 2.059029 1.801763 1.805310 1.814514 1.817376 1.813274 1.802188 1.784220 1.759941 1.730631 1.698581 1.667561 1.643809 1.638753 1.684011 1.684011 1.975231 2.111440 2.248478 2.278162 2.278162 2.281430 2.281430 2.226645 2.226645 2.165895 1.984718 1.984718 1.914795 1.914795 1.942147 1.942147 1.942147 1.981244 1.981244 2.017562 2.017562 2.047269 2.047269 2.077732 2.077732 2.101318 2.101318
1.858507 1.858507 1.920094 1.967547 1.983853 1.983853 1.997994 2.022042 2.022042 2.042146 2.042146 2.059839 2.068089 2.075992 2.067938 2.067938 1.837767 1.833653 1.848426 1.857369 1.859546 1.855420 1.845536 1.830822 1.812715 1.793308 1.775617 1.764112 1.766200 1.805799 1.805799 2.032694 2.148345 2.271230 2.295223 2.295223 2.294353 2.294353 2.260115 2.260115 2.230348 2.119749 2.119749 2.038980 2.038980 2.047145 2.047145 2.047145 2.080985 2.080985 2.113982 2.113982 2.141567 2.141567 2.167836 2.167836 2.188706 2.188706
1.859423 1.859423 1.921652 1.967582 1.983739 1.983739 1.997874 2.022004 2.022004 2.042151 2.042151 2.059846 2.068091 2.075990 2.073641 2.073641 1.885815 1.865871 1.883720 1.897012 1.903128 1.902707 1.896534 1.885851 1.872396 1.858450 1.846961 1.841841 1.848671 1.883981 1.883981 2.052541 2.151456 2.249457 2.264051 2.264051 2.261971 2.261971 2.254097 2.254097 2.247819 2.199764 2.199764 2.133550 2.133550 2.120565 2.120565 2.120565 2.147207 2.147207 2.176361 2.176361 2.201809 2.201809 2.224653 2.224653 2.242779 2.242779
1.859969 1.859969 1.922560 1.967618 1.983669 1.983669 1.997795 2.021977 2.021977 2.042155 2.042155 2.059852 2.068094 2.075990 2.077273 2.077273 1.938316 1.907192 1.923078 1.939125 1.948337 1.950454 1.946198 1.936954 1.924717 1.912073 1.902174 1.898731 1.905540 1.931539 1.931539 2.051209 2.127142 2.189849 2.197137 2.197137 2.207414 2.207414 2.230892 2.230892 2.242669 2.241162 2.241162 2.203961 2.203961 2.178633 2.178633 2.178633 2.196241 2.196241 2.220048 2.220048 2.242280 2.242280 2.261605 2.261605 2.276793 2.276793
1.860149 1.860149 1.922859 1.967633 1.983645 1.983645 1.997767 2.021968 2.021968 2.042156 2.042156 2.059855 2.068095 2.075990 2.079578 2.079578 1.990196 1.958164 1.968781 1.985506 1.996785 2.000705 1.997553 1.988606 1.975923 1.962282 1.951076 1.945955 1.948524 1.958120 1.958120 2.028519 2.071869 2.100134 2.109770 2.109770 2.147907 2.147907 2.201523 2.201523 2.226605 2.256977 2.256977 2.250619 2.250619 2.226725 2.226725 2.226725 2.235734 2.235734 2.252895 2.252895 2.270512 2.270512 2.285871 2.285871 2.297839 2.297839
1.859969 1.859969 1.922560 1.967618 1.983669 1.983669 1.997795 2.021977 2.021977 2.042155 2.042155 2.059852 2.068094 2.075990 2.081038 2.081038 2.039514 2.016587 2.022828 2.037878 2.049556 2.054253 2.051494 2.042192 2.028244 2.012432 1.998280 1.989267 1.983153 1.963868 1.963868 1.974218 1.979012 1.995533 2.019400 2.019400 2.092325 2.092325 2.170244 2.170244 2.204881 2.256759 2.256759 2.276273 2.276273 2.265171 2.265171 2.265171 2.268539 2.268539 2.278831 2.278831 2.290752 2.290752 2.301426 2.301426 2.309761 2.309761
1.859424 1.859424 1.921652 1.967582 1.983739 1.983739 1.997874 2.022004 2.022004 2.042151 2.042151 2.059846 2.068091 2.075990 2.081958 2.081958 2.087085 2.080085 2.085773 2.097816 2.107806 2.111696 2.108280 2.097932 2.082174 2.063570 2.045594 2.031062 2.009097 1.936345 1.936345 1.872397 1.851461 1.894214 1.937593 1.937593 2.042747 2.042747 2.138569 2.138569 2.180137 2.246778 2.246778 2.285661 2.285661 2.292919 2.292919 2.292919 2.294743 2.294743 2.299240 2.299240 2.304966 2.304966 2.310297 2.310297 2.314610 2.314610
1.858506 1.858506 1.920093 1.967546 1.983853 1.983853 1.997994 2.022042 2.022042 2.042146 2.042146 2.059839 2.068089 2.075991 2.082537 2.082537 2.135995 2.147655 2.156958 2.166122 2.172523 2.173573 2.167953 2.155555 2.137381 2.115568 2.093294 2.071294 2.016733 1.843977 1.843977 1.722032 1.717058 1.804775 1.861493 1.861493 1.996737 1.996737 2.105971 2.105971 2.152835 2.230048 2.230048 2.282860 2.282860 2.309050 2.309050 2.309050 2.312891 2.312891 2.313487 2.313487 2.313287 2.313287 2.312999 2.312999 2.313110 2.313110
