cruce_test.gid/Rasters/Hydraulic/Velocity____33.0.asc
NCOLS        79
NROWS        79
XLLCENTER         -1.500000
YLLCENTER         -4.800000
CELLSIZE           0.100
NODATA_VALUE     -9999.0
[rows 0 to 26 of 79, columns 0 to 59 of 79]
-9999.000 -9999.000 -9999.000 -9999.000 -9999.000 -9999.000 -9999.000 -9999.000 -9999.000 -9999.000 -9999.000 -9999.000 -9999.000 -9999.000 -9999.000 0.3417224 0.3412605 0.3416364 0.3422692 0.3430345 0.3438936 0.3448207 0.3457925 0.3467875 0.3477869 0.3487776 0.3497573 0.3507375 0.3516541 0.3479103 0.3479103 -9999.000 -9999.000 -9999.000 -9999.000 -9999.000 -9999.000 -9999.000 -9999.000 -9999.000 -9999.000 -9999.000 -9999.000 -9999.000 -9999.000 -9999.000 -9999.000 -9999.000 -9999.000 -9999.000 -9999.000 -9999.000 -9999.000 -9999.000 -9999.000 -9999.000 -9999.000 -9999.000 -9999.000 -9999.000
-9999.000 -9999.000 -9999.000 -9999.000 -9999.000 -9999.000 -9999.000 -9999.000 -9999.000 -9999.000 -9999.000 -9999.000 -9999.000 -9999.000 -9999.000 0.3350049 0.3333027 0.3339209 0.3349894 0.3362480 0.3376231 0.3390731 0.3405671 0.3420826 0.3436078 0.3451468 0.3467253 0.3483940 0.3500248 0.3429126 0.3429126 -9999.000 -9999.000 -9999.000 -9999.000 -9999.000 -9999.000 -9999.000 -9999.000 -9999.000 -9999.000 -9999.000 -9999.000 -9999.000 -9999.000 -9999.000 -9999.000 -9999.000 -9999.000 -9999.000 -9999.000 -9999.000 -9999.000 -9999.000 -9999.000 -9999.000 -9999.000 -9999.000 -9999.000 -9999.000
-9999.000 -9999.000 -9999.000 -9999.000 -9999.000 -9999.000 -9999.000 -9999.000 -9999.000 -9999.000 -9999.000 -9999.000 -9999.000 -9999.000 -9999.000 0.3261547 0.3227869 0.3238171 0.3256281 0.3277605 0.3300772 0.3325041 0.3349903 0.3375036 0.3400313 0.3425843 0.3451986 0.3479252 0.3504646 0.3393490 0.3393490 -9999.000 -9999.000 -9999.000 -9999.000 -9999.000 -9999.000 -9999.000 -9999.000 -9999.000 -9999.000 -9999.000 -9999.000 -9999.000 -9999.000 -9999.000 -9999.000 -9999.000 -9999.000 -9999.000 -9999.000 -9999.000 -9999.000 -9999.000 -9999.000 -9999.000 -9999.000 -9999.000 -9999.000 -9999.000
-9999.000 -9999.000 -9999.000 -9999.000 -9999.000 -9999.000 -9999.000 -9999.000 -9999.000 -9999.000 -9999.000 -9999.000 -9999.000 -9999.000 -9999.000 0.3161720 0.3108290 0.3124127 0.3152008 0.3184920 0.3220687 0.3258110 0.3296380 0.3334987 0.3373722 0.3412687 0.3452281 0.3492978 0.3529838 0.3379422 0.3379422 -9999.000 -9999.000 -9999.000 -9999.000 -9999.000 -9999.000 -9999.000 -9999.000 -9999.000 -9999.000 -9999.000 -9999.000 -9999.000 -9999.000 -9999.000 -9999.000 -9999.000 -9999.000 -9999.000 -9999.000 -9999.000 -9999.000 -9999.000 -9999.000 -9999.000 -9999.000 -9999.000 -9999.000 -9999.000
-9999.000 -9999.000 -9999.000 -9999.000 -9999.000 -9999.000 -9999.000 -9999.000 -9999.000 -9999.000 -9999.000 -9999.000 -9999.000 -9999.000 -9999.000 0.3050372 0.2974910 0.2997698 0.3037639 0.3084873 0.3136262 0.3190046 0.3245029 0.3300455 0.3355989 0.3411707 0.3468036 0.3525419 0.3576722 0.3388872 0.3388872 -9999.000 -9999.000 -9999.000 -9999.000 -9999.000 -9999.000 -9999.000 -9999.000 -9999.000 -9999.000 -9999.000 -9999.000 -9999.000 -9999.000 -9999.000 -9999.000 -9999.000 -9999.000 -9999.000 -9999.000 -9999.000 -9999.000 -9999.000 -9999.000 -9999.000 -9999.000 -9999.000 -9999.000 -9999.000
-9999.000 -9999.000 -9999.000 -9999.000 -9999.000 -9999.000 -9999.000 -9999.000 -9999.000 -9999.000 -9999.000 -9999.000 -9999.000 -9999.000 -9999.000 0.2926453 0.2827970 0.2859238 0.2913530 0.2977785 0.3047754 0.3121020 0.3195944 0.3271492 0.3347197 0.3423121 0.3499765 0.3577580 0.3647016 0.3424700 0.3424700 -9999.000 -9999.000 -9999.000 -9999.000 -9999.000 -9999.000 -9999.000 -9999.000 -9999.000 -9999.000 -9999.000 -9999.000 -9999.000 -9999.000 -9999.000 -9999.000 -9999.000 -9999.000 -9999.000 -9999.000 -9999.000 -9999.000 -9999.000 -9999.000 -9999.000 -9999.000 -9999.000 -9999.000 -9999.000
-9999.000 -9999.000 -9999.000 -9999.000 -9999.000 -9999.000 -9999.000 -9999.000 -9999.000 -9999.000 -9999.000 -9999.000 -9999.000 -9999.000 -9999.000 0.2788047 0.2667449 0.2708972 0.2779991 0.2863993 0.2955488 0.3051330 0.3149402 0.3248395 0.3347740 0.3447556 0.3548497 0.3651127 0.3743342 0.3490913 0.3490913 -9999.000 -9999.000 -9999.000 -9999.000 -9999.000 -9999.000 -9999.000 -9999.000 -9999.000 -9999.000 -9999.000 -9999.000 -9999.000 -9999.000 -9999.000 -9999.000 -9999.000 -9999.000 -9999.000 -9999.000 -9999.000 -9999.000 -9999.000 -9999.000 -9999.000 -9999.000 -9999.000 -9999.000 -9999.000
-9999.000 -9999.000 -9999.000 -9999.000 -9999.000 -9999.000 -9999.000 -9999.000 -9999.000 -9999.000 -9999.000 -9999.000 -9999.000 -9999.000 -9999.000 0.2632366 0.2493146 0.2547143 0.2637438 0.2743991 0.2859979 0.2981480 0.3105903 0.3231705 0.3358305 0.3485992 0.3615744 0.3748428 0.3869402 0.3593019 0.3593019 -9999.000 -9999.000 -9999.000 -9999.000 -9999.000 -9999.000 -9999.000 -9999.000 -9999.000 -9999.000 -9999.000 -9999.000 -9999.000 -9999.000 -9999.000 -9999.000 -9999.000 -9999.000 -9999.000 -9999.000 -9999.000 -9999.000 -9999.000 -9999.000 -9999.000 -9999.000 -9999.000 -9999.000 -9999.000
-9999.000 -9999.000 -9999.000 -9999.000 -9999.000 -9999.000 -9999.000 -9999.000 -9999.000 -9999.000 -9999.000 -9999.000 -9999.000 -9999.000 -9999.000 0.2455786 0.2304780 0.2374165 0.2486575 0.2618605 0.2762079 0.2912296 0.3066243 0.3222248 0.3379866 0.3539767 0.3703529 0.3872674 0.4030273 0.3738678 0.3738678 -9999.000 -9999.000 -9999.000 -9999.000 -9999.000 -9999.000 -9999.000 -9999.000 -9999.000 -9999.000 -9999.000 -9999.000 -9999.000 -9999.000 -9999.000 -9999.000 -9999.000 -9999.000 -9999.000 -9999.000 -9999.000 -9999.000 -9999.000 -9999.000 -9999.000 -9999.000 -9999.000 -9999.000 -9999.000
-9999.000 -9999.000 -9999.000 -9999.000 -9999.000 -9999.000 -9999.000 -9999.000 -9999.000 -9999.000 -9999.000 -9999.000 -9999.000 -9999.000 -9999.000 0.2253951 0.2102105 0.2190838 0.2328638 0.2489241 0.2663190 0.2845091 0.3031639 0.3221219 0.3413759 0.3610636 0.3814471 0.4028073 0.4232940 0.3938866 0.3938866 -9999.000 -9999.000 -9999.000 -9999.000 -9999.000 -9999.000 -9999.000 -9999.000 -9999.000 -9999.000 -9999.000 -9999.000 -9999.000 -9999.000 -9999.000 -9999.000 -9999.000 -9999.000 -9999.000 -9999.000 -9999.000 -9999.000 -9999.000 -9999.000 -9999.000 -9999.000 -9999.000 -9999.000 -9999.000
-9999.000 -9999.000 -9999.000 -9999.000 -9999.000 -9999.000 -9999.000 -9999.000 -9999.000 -9999.000 -9999.000 -9999.000 -9999.000 -9999.000 -9999.000 0.2022001 0.1885082 0.1998647 0.2165761 0.2358223 0.2565566 0.2781924 0.3003951 0.3230363 0.3461818 0.3700880 0.3951942 0.4220189 0.4487145 0.4210103 0.4210103 -9999.000 -9999.000 -9999.000 -9999.000 -9999.000 -9999.000 -9999.000 -9999.000 -9999.000 -9999.000 -9999.000 -9999.000 -9999.000 -9999.000 -9999.000 -9999.000 -9999.000 -9999.000 -9999.000 -9999.000 -9999.000 -9999.000 -9999.000 -9999.000 -9999.000 -9999.000 -9999.000 -9999.000 -9999.000
-9999.000 -9999.000 -9999.000 -9999.000 -9999.000 -9999.000 -9999.000 -9999.000 -9999.000 -9999.000 -9999.000 -9999.000 -9999.000 -9999.000 -9999.000 0.1754965 0.1654224 0.1800251 0.2001497 0.2229294 0.2472752 0.2725992 0.2986022 0.3252291 0.3526660 0.3813576 0.4120335 0.4456453 0.4806871 0.4578983 0.4578983 -9999.000 -9999.000 -9999.000 -9999.000 -9999.000 -9999.000 -9999.000 -9999.000 -9999.000 -9999.000 -9999.000 -9999.000 -9999.000 -9999.000 -9999.000 -9999.000 -9999.000 -9999.000 -9999.000 -9999.000 -9999.000 -9999.000 -9999.000 -9999.000 -9999.000 -9999.000 -9999.000 -9999.000 -9999.000
-9999.000 -9999.000 -9999.000 -9999.000 -9999.000 -9999.000 -9999.000 -9999.000 -9999.000 -9999.000 -9999.000 -9999.000 -9999.000 -9999.000 -9999.000 0.1448571 0.1411435 0.1600410 0.1841635 0.2108297 0.2390198 0.2682210 0.2982273 0.3291074 0.3612269 0.3953126 0.4325590 0.4746976 0.5212915 0.5092505 0.5092505 -9999.000 -9999.000 -9999.000 -9999.000 -9999.000 -9999.000 -9999.000 -9999.000 -9999.000 -9999.000 -9999.000 -9999.000 -9999.000 -9999.000 -9999.000 -9999.000 -9999.000 -9999.000 -9999.000 -9999.000 -9999.000 -9999.000 -9999.000 -9999.000 -9999.000 -9999.000 -9999.000 -9999.000 -9999.000
-9999.000 -9999.000 -9999.000 -9999.000 -9999.000 -9999.000 -9999.000 -9999.000 -9999.000 -9999.000 -9999.000 -9999.000 -9999.000 -9999.000 -9999.000 0.1100936 0.1162888 0.1408844 0.1696590 0.2005142 0.2326942 0.2658751 0.3000171 0.3353703 0.3725474 0.4126715 0.4576517 0.5106044 0.5737610 0.5846091 0.5846091 -9999.000 -9999.000 -9999.000 -9999.000 -9999.000 -9999.000 -9999.000 -9999.000 -9999.000 -9999.000 -9999.000 -9999.000 -9999.000 -9999.000 -9999.000 -9999.000 -9999.000 -9999.000 -9999.000 -9999.000 -9999.000 -9999.000 -9999.000 -9999.000 -9999.000 -9999.000 -9999.000 -9999.000 -9999.000
-9999.000 -9999.000 -9999.000 -9999.000 -9999.000 -9999.000 -9999.000 -9999.000 -9999.000 -9999.000 -9999.000 -9999.000 -9999.000 -9999.000 -9999.000 0.7262828E-01 0.9846663E-01 0.1318744 0.1656461 0.1998445 0.2347442 0.2706250 0.3078400 0.3469420 0.3888637 0.4352219 0.4889147 0.5553818 0.6430482 0.7069606 0.7069606 -9999.000 -9999.000 -9999.000 -9999.000 -9999.000 -9999.000 -9999.000 -9999.000 -9999.000 -9999.000 -9999.000 -9999.000 -9999.000 -9999.000 -9999.000 -9999.000 -9999.000 -9999.000 -9999.000 -9999.000 -9999.000 -9999.000 -9999.000 -9999.000 -9999.000 -9999.000 -9999.000 -9999.000 -9999.000
1.201203 1.201203 1.132355 1.092506 1.073610 1.073610 1.055437 1.018049 1.018049 0.9744537 0.9744537 0.9185031 0.8818344 0.8349012 0.7719934 0.7719934 0.6341754 0.5795832 0.5287913 0.4858356 0.4538333 0.4348819 0.4300133 0.4394460 0.4631878 0.5019696 0.5586284 0.6406624 0.7650386 0.9806327 0.9806327 1.409510 1.574637 1.662462 1.651547 1.651547 1.525761 1.525761 1.298646 1.298646 0.8192383 0.5510455 0.5510455 0.5553637 0.5553637 0.6034740 0.6034740 0.6034740 0.6614252 0.6614252 0.7089894 0.7089894 0.7498293 0.7498293 0.7832005 0.7832005 0.8263065 0.8263065 0.8263065 0.8532338
1.215826 1.215826 1.147421 1.117757 1.103685 1.103685 1.090098 1.060942 1.060942 1.023895 1.023895 0.9737831 0.9422902 0.9064319 0.8676369 0.8676369 0.8074775 0.7768031 0.7417225 0.7042055 0.6670319 0.6336097 0.6076976 0.5930913 0.5933831 0.6119860 0.6526871 0.7210830 0.8265468 0.9841235 0.9841235 1.296430 1.419034 1.503068 1.515656 1.515656 1.503283 1.503283 1.447140 1.447140 1.281985 0.9095153 0.9095153 0.9078561 0.9078561 0.9415631 0.9415631 0.9415631 0.9923375 0.9923375 1.032782 1.032782 1.070490 1.070490 1.084118 1.084118 1.132678 1.132678 1.132678 1.160572
1.220038 1.220038 1.147735 1.118489 1.104810 1.104810 1.091782 1.064539 1.064539 1.031449 1.031449 0.9898700 0.9656196 0.9396437 0.9134200 0.9134200 0.8810167 0.8668750 0.8494477 0.8286198 0.8052011 0.7809162 0.7583994 0.7411235 0.7332605 0.7395152 0.7651036 0.8162153 0.9010938 1.031951 1.031951 1.306762 1.421721 1.503040 1.519608 1.519608 1.521522 1.521522 1.491285 1.491285 1.429916 1.154218 1.154218 1.094846 1.094846 1.108565 1.108565 1.108565 1.160126 1.160126 1.194621 1.194621 1.225934 1.225934 1.248029 1.248029 1.280696 1.280696 1.280696 1.303766
1.223794 1.223794 1.148126 1.119158 1.105807 1.105807 1.093284 1.067824 1.067824 1.038289 1.038289 1.003587 0.9845797 0.9651595 0.9464549 0.9464549 0.9285824 0.9233189 0.9166946 0.9080113 0.8971553 0.8846735 0.8719012 0.8610705 0.8553579 0.8588710 0.8766361 0.9147895 0.9812689 1.088515 1.088515 1.322277 1.432219 1.511112 1.525337 1.525337 1.522679 1.522679 1.503410 1.503410 1.482885 1.331843 1.331843 1.231459 1.231459 1.235488 1.235488 1.235488 1.273836 1.273836 1.303468 1.303468 1.329711 1.329711 1.349200 1.349200 1.373774 1.373774 1.373774 1.393156
1.227220 1.227220 1.148694 1.120146 1.107216 1.107216 1.095309 1.071878 1.071878 1.046044 1.046044 1.017746 1.003203 0.9890068 0.9758997 0.9758997 0.9680780 0.9679945 0.9676416 0.9664877 0.9642657 0.9610382 0.9573539 0.9544314 0.9543156 0.9599891 0.9754649 1.005989 1.058672 1.145758 1.145758 1.339449 1.440530 1.507975 1.514798 1.514798 1.503899 1.503899 1.497780 1.497780 1.497930 1.442656 1.442656 1.352509 1.352509 1.329802 1.329802 1.329802 1.356966 1.356966 1.382328 1.382328 1.404881 1.404881 1.422178 1.422178 1.441226 1.441226 1.441226 1.457182
1.230282 1.230282 1.149352 1.121341 1.108894 1.108894 1.097672 1.076414 1.076414 1.054359 1.054359 1.032255 1.021866 1.012424 1.004320 1.004320 1.005475 1.009037 1.012510 1.015786 1.018829 1.021680 1.024566 1.028092 1.033434 1.042513 1.058180 1.084475 1.127310 1.198147 1.198147 1.355319 1.442879 1.487689 1.484789 1.484789 1.473055 1.473055 1.486815 1.486815 1.500528 1.502199 1.502199 1.451336 1.451336 1.410300 1.410300 1.410300 1.425193 1.425193 1.444922 1.444922 1.463798 1.463798 1.478844 1.478844 1.493749 1.493749 1.493749 1.506470
1.232920 1.232920 1.150046 1.122668 1.110742 1.110742 1.100235 1.081190 1.081190 1.062882 1.062882 1.046802 1.040458 1.035710 1.032688 1.032688 1.043367 1.050068 1.056143 1.061978 1.067922 1.074223 1.081091 1.088838 1.098062 1.109830 1.125915 1.149131 1.184080 1.241019 1.241019 1.364492 1.433429 1.447193 1.437985 1.437985 1.439748 1.439748 1.476524 1.476524 1.499755 1.531770 1.531770 1.520951 1.520951 1.481291 1.481291 1.481291 1.485143 1.485143 1.497903 1.497903 1.512384 1.512384 1.524698 1.524698 1.536080 1.536080 1.536080 1.545748
1.235059 1.235059 1.150735 1.124058 1.112664 1.112664 1.102871 1.085992 1.085992 1.071299 1.071299 1.061056 1.058738 1.058861 1.061473 1.061473 1.083391 1.093172 1.101219 1.108477 1.115737 1.123555 1.132270 1.142102 1.153266 1.166117 1.181417 1.200760 1.227432 1.270067 1.270067 1.359414 1.404051 1.389120 1.382813 1.382813 1.411017 1.411017 1.468359 1.468359 1.498051 1.546210 1.546210 1.563661 1.563661 1.540949 1.540949 1.540949 1.538541 1.538541 1.544523 1.544523 1.553932 1.553932 1.562815 1.562815 1.570807 1.570807 1.570807 1.577304
1.236605 1.236605 1.151387 1.125445 1.114572 1.114572 1.105465 1.090632 1.090632 1.079334 1.079334 1.074671 1.076369 1.081661 1.090862 1.090862 1.127070 1.140025 1.149622 1.157491 1.164935 1.172854 1.181778 1.191914 1.203158 1.215112 1.227377 1.240174 1.255509 1.280597 1.280597 1.331290 1.347626 1.323058 1.329094 1.329094 1.388523 1.388523 1.461344 1.461344 1.495369 1.552624 1.552624 1.587196 1.587196 1.586688 1.586688 1.586688 1.584186 1.584186 1.585535 1.585535 1.589968 1.589968 1.594864 1.594864 1.599225 1.599225 1.599225 1.602335
1.237457 1.237457 1.151974 1.126772 1.116390 1.116390 1.107913 1.094946 1.094946 1.086741 1.086741 1.087285 1.092919 1.103652 1.120702 1.120702 1.176203 1.192393 1.203073 1.210784 1.217439 1.224326 1.232176 1.241194 1.250867 1.259654 1.265401 1.266540 1.264202 1.265827 1.265827 1.277349 1.266122 1.260730 1.277559 1.277559 1.368715 1.368715 1.453225 1.453225 1.490536 1.553775 1.553775 1.598595 1.598595 1.618409 1.618409 1.618409 1.620562 1.620562 1.620471 1.620471 1.621021 1.621021 1.621835 1.621835 1.622261 1.622261 1.622261 1.621846
1.237513 1.237513 1.152480 1.127989 1.118050 1.118050 1.110132 1.098797 1.098797 1.093311 1.093311 1.098540 1.107884 1.124109 1.150215 1.150215 1.233153 1.252420 1.263481 1.270087 1.274913 1.279687 1.285356 1.292104 1.298735 1.301488 1.295039 1.275765 1.246093 1.216186 1.216186 1.190403 1.174082 1.208151 1.246361 1.246361 1.351966 1.351966 1.446360 1.446360 1.486105 1.553194 1.553194 1.603964 1.603964 1.639126 1.639126 1.639126 1.647848 1.647848 1.649058 1.649058 1.647376 1.647376 1.644577 1.644577 1.641057 1.641057 1.641057 1.637040
1.236670 1.236670 1.152898 1.129056 1.119499 1.119499 1.112050 1.102077 1.102077 1.098871 1.098871 1.108123 1.120758 1.142085 1.177458 1.177458 1.301164 1.322894 1.333246 1.337439 1.339105 1.340523 1.342881 1.346372 1.348601 1.340913 1.312350 1.259918 1.194135 1.131556 1.131556 1.083446 1.083416 1.163219 1.215664 1.215664 1.334206 1.334206 1.439710 1.439710 1.481226 1.550701 1.550701 1.604922 1.604922 1.650587 1.650587 1.650587 1.665633 1.665633 1.669683 1.669683 1.667389 1.667389 1.661879 1.661879 1.654824 1.654824 1.654824 1.647412
