cruce_test.gid/Rasters/Hydraulic/Velocity__y_176.0.asc
NCOLS        79
NROWS        79
XLLCENTER         -1.500000
YLLCENTER         -4.800000
CELLSIZE           0.100
NODATA_VALUE     -9999.0
[rows 0 to 26 of 79, columns 0 to 58 of 79]
-9999.000 -9999.000 -9999.000 -9999.000 -9999.000 -9999.000 -9999.000 -9999.000 -9999.000 -9999.000 -9999.000 -9999.000 -9999.000 -9999.000 -9999.000 -0.9782561E-01 -0.9562248E-01 -0.9488650E-01 -0.9491028E-01 -0.9534965E-01 -0.9591898E-01 -0.9652760E-01 -0.9714328E-01 -0.9767218E-01 -0.9814963E-01 -0.9858008E-01 -0.9899171E-01 -0.9955202E-01 -0.1008347 -0.1020484 -0.1020484 -9999.000 -9999.000 -9999.000 -9999.000 -9999.000 -9999.000 -9999.000 -9999.000 -9999.000 -9999.000 -9999.000 -9999.000 -9999.000 -9999.000 -9999.000 -9999.000 -9999.000 -9999.000 -9999.000 -9999.000 -9999.000 -9999.000 -9999.000 -9999.000 -9999.000 -9999.000 -9999.000 -9999.000
-9999.000 -9999.000 -9999.000 -9999.000 -9999.000 -9999.000 -9999.000 -9999.000 -9999.000 -9999.000 -9999.000 -9999.000 -9999.000 -9999.000 -9999.000 -0.9667886E-01 -0.9210218E-01 -0.9053888E-01 -0.9061636E-01 -0.9161514E-01 -0.9292547E-01 -0.9434573E-01 -0.9579905E-01 -0.9707905E-01 -0.9825347E-01 -0.9932611E-01 -0.1003525 -0.1016805 -0.1045057 -0.1074819 -0.1074819 -9999.000 -9999.000 -9999.000 -9999.000 -9999.000 -9999.000 -9999.000 -9999.000 -9999.000 -9999.000 -9999.000 -9999.000 -9999.000 -9999.000 -9999.000 -9999.000 -9999.000 -9999.000 -9999.000 -9999.000 -9999.000 -9999.000 -9999.000 -9999.000 -9999.000 -9999.000 -9999.000 -9999.000
-9999.000 -9999.000 -9999.000 -9999.000 -9999.000 -9999.000 -9999.000 -9999.000 -9999.000 -9999.000 -9999.000 -9999.000 -9999.000 -9999.000 -9999.000 -0.9419578E-01 -0.8709187E-01 -0.8459874E-01 -0.8480361E-01 -0.8656511E-01 -0.8889331E-01 -0.9144869E-01 -0.9409157E-01 -0.9647472E-01 -0.9869372E-01 -0.1007424 -0.1026987 -0.1051096 -0.1098774 -0.1153544 -0.1153544 -9999.000 -9999.000 -9999.000 -9999.000 -9999.000 -9999.000 -9999.000 -9999.000 -9999.000 -9999.000 -9999.000 -9999.000 -9999.000 -9999.000 -9999.000 -9999.000 -9999.000 -9999.000 -9999.000 -9999.000 -9999.000 -9999.000 -9999.000 -9999.000 -9999.000 -9999.000 -9999.000 -9999.000
-9999.000 -9999.000 -9999.000 -9999.000 -9999.000 -9999.000 -9999.000 -9999.000 -9999.000 -9999.000 -9999.000 -9999.000 -9999.000 -9999.000 -9999.000 -0.9112000E-01 -0.8154759E-01 -0.7813379E-01 -0.7851399E-01 -0.8112065E-01 -0.8456606E-01 -0.8836824E-01 -0.9232175E-01 -0.9592856E-01 -0.9931187E-01 -0.1024501 -0.1054398 -0.1090322 -0.1158720 -0.1243477 -0.1243477 -9999.000 -9999.000 -9999.000 -9999.000 -9999.000 -9999.000 -9999.000 -9999.000 -9999.000 -9999.000 -9999.000 -9999.000 -9999.000 -9999.000 -9999.000 -9999.000 -9999.000 -9999.000 -9999.000 -9999.000 -9999.000 -9999.000 -9999.000 -9999.000 -9999.000 -9999.000 -9999.000 -9999.000
-9999.000 -9999.000 -9999.000 -9999.000 -9999.000 -9999.000 -9999.000 -9999.000 -9999.000 -9999.000 -9999.000 -9999.000 -9999.000 -9999.000 -9999.000 -0.8768351E-01 -0.7565591E-01 -0.7131186E-01 -0.7189092E-01 -0.7539709E-01 -0.8002616E-01 -0.8514873E-01 -0.9049155E-01 -0.9539737E-01 -0.1000201 -0.1043194 -0.1084097 -0.1132575 -0.1222964 -0.1343025 -0.1343025 -9999.000 -9999.000 -9999.000 -9999.000 -9999.000 -9999.000 -9999.000 -9999.000 -9999.000 -9999.000 -9999.000 -9999.000 -9999.000 -9999.000 -9999.000 -9999.000 -9999.000 -9999.000 -9999.000 -9999.000 -9999.000 -9999.000 -9999.000 -9999.000 -9999.000 -9999.000 -9999.000 -9999.000
-9999.000 -9999.000 -9999.000 -9999.000 -9999.000 -9999.000 -9999.000 -9999.000 -9999.000 -9999.000 -9999.000 -9999.000 -9999.000 -9999.000 -9999.000 -0.8397843E-01 -0.6949372E-01 -0.6420397E-01 -0.6499406E-01 -0.6944203E-01 -0.7530551E-01 -0.8180400E-01 -0.8859591E-01 -0.9485497E-01 -0.1007720 -0.1062851 -0.1115275 -0.1176953 -0.1290685 -0.1452178 -0.1452178 -9999.000 -9999.000 -9999.000 -9999.000 -9999.000 -9999.000 -9999.000 -9999.000 -9999.000 -9999.000 -9999.000 -9999.000 -9999.000 -9999.000 -9999.000 -9999.000 -9999.000 -9999.000 -9999.000 -9999.000 -9999.000 -9999.000 -9999.000 -9999.000 -9999.000 -9999.000 -9999.000 -9999.000
-9999.000 -9999.000 -9999.000 -9999.000 -9999.000 -9999.000 -9999.000 -9999.000 -9999.000 -9999.000 -9999.000 -9999.000 -9999.000 -9999.000 -9999.000 -0.8002995E-01 -0.6308519E-01 -0.5683252E-01 -0.5784174E-01 -0.6326973E-01 -0.7041224E-01 -0.7833429E-01 -0.8662653E-01 -0.9428242E-01 -0.1015393 -0.1083102 -0.1147489 -0.1222994 -0.1361582 -0.1571860 -0.1571860 -9999.000 -9999.000 -9999.000 -9999.000 -9999.000 -9999.000 -9999.000 -9999.000 -9999.000 -9999.000 -9999.000 -9999.000 -9999.000 -9999.000 -9999.000 -9999.000 -9999.000 -9999.000 -9999.000 -9999.000 -9999.000 -9999.000 -9999.000 -9999.000 -9999.000 -9999.000 -9999.000 -9999.000
-9999.000 -9999.000 -9999.000 -9999.000 -9999.000 -9999.000 -9999.000 -9999.000 -9999.000 -9999.000 -9999.000 -9999.000 -9999.000 -9999.000 -9999.000 -0.7582985E-01 -0.5642786E-01 -0.4919679E-01 -0.5043203E-01 -0.5687786E-01 -0.6534182E-01 -0.7473182E-01 -0.8457190E-01 -0.9366253E-01 -0.1022996 -0.1103677 -0.1180433 -0.1270409 -0.1435585 -0.1703675 -0.1703675 -9999.000 -9999.000 -9999.000 -9999.000 -9999.000 -9999.000 -9999.000 -9999.000 -9999.000 -9999.000 -9999.000 -9999.000 -9999.000 -9999.000 -9999.000 -9999.000 -9999.000 -9999.000 -9999.000 -9999.000 -9999.000 -9999.000 -9999.000 -9999.000 -9999.000 -9999.000 -9999.000 -9999.000
-9999.000 -9999.000 -9999.000 -9999.000 -9999.000 -9999.000 -9999.000 -9999.000 -9999.000 -9999.000 -9999.000 -9999.000 -9999.000 -9999.000 -9999.000 -0.7135125E-01 -0.4950462E-01 -0.4128263E-01 -0.4275167E-01 -0.5025512E-01 -0.6008264E-01 -0.7098357E-01 -0.8241729E-01 -0.9297630E-01 -0.1030307 -0.1124322 -0.1213831 -0.1318960 -0.1512716 -0.1849894 -0.1849894 -9999.000 -9999.000 -9999.000 -9999.000 -9999.000 -9999.000 -9999.000 -9999.000 -9999.000 -9999.000 -9999.000 -9999.000 -9999.000 -9999.000 -9999.000 -9999.000 -9999.000 -9999.000 -9999.000 -9999.000 -9999.000 -9999.000 -9999.000 -9999.000 -9999.000 -9999.000 -9999.000 -9999.000
-9999.000 -9999.000 -9999.000 -9999.000 -9999.000 -9999.000 -9999.000 -9999.000 -9999.000 -9999.000 -9999.000 -9999.000 -9999.000 -9999.000 -9999.000 -0.6655385E-01 -0.4228752E-01 -0.3306640E-01 -0.3477924E-01 -0.4338322E-01 -0.5461678E-01 -0.6707137E-01 -0.8014369E-01 -0.9220079E-01 -0.1037071 -0.1144750 -0.1247370 -0.1368376 -0.1593024 -0.2013577 -0.2013577 -9999.000 -9999.000 -9999.000 -9999.000 -9999.000 -9999.000 -9999.000 -9999.000 -9999.000 -9999.000 -9999.000 -9999.000 -9999.000 -9999.000 -9999.000 -9999.000 -9999.000 -9999.000 -9999.000 -9999.000 -9999.000 -9999.000 -9999.000 -9999.000 -9999.000 -9999.000 -9999.000 -9999.000
-9999.000 -9999.000 -9999.000 -9999.000 -9999.000 -9999.000 -9999.000 -9999.000 -9999.000 -9999.000 -9999.000 -9999.000 -9999.000 -9999.000 -9999.000 -0.6138505E-01 -0.3473933E-01 -0.2451591E-01 -0.2648567E-01 -0.3623717E-01 -0.4892054E-01 -0.6297087E-01 -0.7772614E-01 -0.9130669E-01 -0.1042960 -0.1164598 -0.1280654 -0.1418309 -0.1676537 -0.2198849 -0.2198849 -9999.000 -9999.000 -9999.000 -9999.000 -9999.000 -9999.000 -9999.000 -9999.000 -9999.000 -9999.000 -9999.000 -9999.000 -9999.000 -9999.000 -9999.000 -9999.000 -9999.000 -9999.000 -9999.000 -9999.000 -9999.000 -9999.000 -9999.000 -9999.000 -9999.000 -9999.000 -9999.000 -9999.000
-9999.000 -9999.000 -9999.000 -9999.000 -9999.000 -9999.000 -9999.000 -9999.000 -9999.000 -9999.000 -9999.000 -9999.000 -9999.000 -9999.000 -9999.000 -0.5577803E-01 -0.2681111E-01 -0.1558825E-01 -0.1783244E-01 -0.2878384E-01 -0.4296178E-01 -0.5864938E-01 -0.7513094E-01 -0.9025427E-01 -0.1047540 -0.1183373 -0.1313142 -0.1468263 -0.1763204 -0.2411354 -0.2411354 -9999.000 -9999.000 -9999.000 -9999.000 -9999.000 -9999.000 -9999.000 -9999.000 -9999.000 -9999.000 -9999.000 -9999.000 -9999.000 -9999.000 -9999.000 -9999.000 -9999.000 -9999.000 -9999.000 -9999.000 -9999.000 -9999.000 -9999.000 -9999.000 -9999.000 -9999.000 -9999.000 -9999.000
-9999.000 -9999.000 -9999.000 -9999.000 -9999.000 -9999.000 -9999.000 -9999.000 -9999.000 -9999.000 -9999.000 -9999.000 -9999.000 -9999.000 -9999.000 -0.4964603E-01 -0.1843715E-01 -0.6225077E-02 -0.8767816E-02 -0.2097852E-01 -0.3669745E-01 -0.5406314E-01 -0.7231248E-01 -0.8898954E-01 -0.1050206 -0.1200394 -0.1344068 -0.1517510 -0.1852830 -0.2658990 -0.2658990 -9999.000 -9999.000 -9999.000 -9999.000 -9999.000 -9999.000 -9999.000 -9999.000 -9999.000 -9999.000 -9999.000 -9999.000 -9999.000 -9999.000 -9999.000 -9999.000 -9999.000 -9999.000 -9999.000 -9999.000 -9999.000 -9999.000 -9999.000 -9999.000 -9999.000 -9999.000 -9999.000 -9999.000
-9999.000 -9999.000 -9999.000 -9999.000 -9999.000 -9999.000 -9999.000 -9999.000 -9999.000 -9999.000 -9999.000 -9999.000 -9999.000 -9999.000 -9999.000 -0.4256838E-01 -0.9309252E-02 0.3751726E-02 0.7504929E-03 -0.1282470E-01 -0.3014038E-01 -0.4922315E-01 -0.6927264E-01 -0.8749441E-01 -0.1050595 -0.1215090 -0.1372661 -0.1565242 -0.1945208 -0.2953528 -0.2953528 -9999.000 -9999.000 -9999.000 -9999.000 -9999.000 -9999.000 -9999.000 -9999.000 -9999.000 -9999.000 -9999.000 -9999.000 -9999.000 -9999.000 -9999.000 -9999.000 -9999.000 -9999.000 -9999.000 -9999.000 -9999.000 -9999.000 -9999.000 -9999.000 -9999.000 -9999.000 -9999.000 -9999.000
-9999.000 -9999.000 -9999.000 -9999.000 -9999.000 -9999.000 -9999.000 -9999.000 -9999.000 -9999.000 -9999.000 -9999.000 -9999.000 -9999.000 -9999.000 -0.3269034E-02 0.1136726E-01 0.1372903E-01 0.3969234E-02 -0.1181786E-01 -0.2977997E-01 -0.4956973E-01 -0.7042544E-01 -0.8923813E-01 -0.1075155 -0.1246778 -0.1412174 -0.1619421 -0.2042754 -0.3291711 -0.3291711 -9999.000 -9999.000 -9999.000 -9999.000 -9999.000 -9999.000 -9999.000 -9999.000 -9999.000 -9999.000 -9999.000 -9999.000 -9999.000 -9999.000 -9999.000 -9999.000 -9999.000 -9999.000 -9999.000 -9999.000 -9999.000 -9999.000 -9999.000 -9999.000 -9999.000 -9999.000 -9999.000 -9999.000
-0.3959236E-02 -0.3959236E-02 -0.4710748E-02 -0.6471013E-02 -0.6363408E-02 -0.6363408E-02 -0.6324450E-02 -0.6310963E-02 -0.6310963E-02 -0.6298555E-02 -0.6298555E-02 -0.6270688E-02 -0.6253180E-02 -0.6234199E-02 -0.6214276E-02 -0.6214276E-02 0.2401335E-01 0.2003769E-01 0.7060556E-02 -0.1221937E-01 -0.3599074E-01 -0.6326925E-01 -0.9287516E-01 -0.1228613 -0.1523216 -0.1803133 -0.2062905 -0.2315484 -0.2632773 -0.3347580 -0.3347580 -0.1868427 -0.1010535 -0.3585010E-01 -0.2723485E-01 -0.2723485E-01 -0.2118964E-01 -0.2118964E-01 -0.1028493E-01 -0.1028493E-01 -0.1083717E-03 0.2426671E-01 0.2426671E-01 0.2279538E-01 0.2279538E-01 -0.3652087E-02 -0.3652087E-02 -0.3652087E-02 -0.3857916E-03 -0.3857916E-03 0.5302130E-03 0.5302130E-03 -0.1501488E-03 -0.1501488E-03 -0.1295881E-02 -0.1295881E-02 -0.2468213E-02 -0.2468213E-02 -0.2468213E-02
-0.5704271E-02 -0.5704271E-02 -0.7108213E-02 -0.9276111E-02 -0.8976091E-02 -0.8976091E-02 -0.8869659E-02 -0.8860945E-02 -0.8860945E-02 -0.8877300E-02 -0.8877300E-02 -0.8863656E-02 -0.8849037E-02 -0.8832503E-02 -0.8814447E-02 -0.8814447E-02 0.1932674E-01 0.1605274E-01 0.2630304E-02 -0.2036215E-01 -0.5164813E-01 -0.8933169E-01 -0.1316157 -0.1770449 -0.2235287 -0.2693622 -0.3129141 -0.3523939 -0.3856344 -0.4088163 -0.4088163 -0.2784387 -0.1861329 -0.9833062E-01 -0.8112936E-01 -0.8112936E-01 -0.5966029E-01 -0.5966029E-01 -0.2179070E-01 -0.2179070E-01 0.9030757E-02 0.7730360E-01 0.7730360E-01 0.9010898E-01 0.9010898E-01 0.1873842E-01 0.1873842E-01 0.1873842E-01 0.7867950E-02 0.7867950E-02 0.2251079E-02 0.2251079E-02 -0.2152090E-02 -0.2152090E-02 -0.5827351E-02 -0.5827351E-02 -0.8680520E-02 -0.8680520E-02 -0.8680520E-02
-0.3844980E-02 -0.3844980E-02 -0.6446309E-02 -0.8002518E-02 -0.7622268E-02 -0.7622268E-02 -0.7461254E-02 -0.7455399E-02 -0.7455399E-02 -0.7513187E-02 -0.7513187E-02 -0.7532784E-02 -0.7532170E-02 -0.7528850E-02 -0.7524047E-02 -0.7524047E-02 0.1184534E-01 0.8447707E-02 -0.5221021E-02 -0.2871002E-01 -0.6103991E-01 -0.1007502 -0.1463688 -0.1966851 -0.2500874 -0.3050183 -0.3598710 -0.4126929 -0.4606492 -0.4974056 -0.4974056 -0.4130228 -0.3331463 -0.2234632 -0.1885375 -0.1885375 -0.1272528 -0.1272528 -0.3497817E-01 -0.3497817E-01 0.2784574E-01 0.1502283 0.1502283 0.1917427 0.1917427 0.7682768E-01 0.7682768E-01 0.7682768E-01 0.3075095E-01 0.3075095E-01 0.6779719E-02 0.6779719E-02 -0.6813131E-02 -0.6813131E-02 -0.1532531E-01 -0.1532531E-01 -0.2051312E-01 -0.2051312E-01 -0.2051312E-01
-0.1946038E-02 -0.1946038E-02 -0.5806871E-02 -0.6596219E-02 -0.6167660E-02 -0.6167660E-02 -0.5968377E-02 -0.5943354E-02 -0.5943354E-02 -0.6007814E-02 -0.6007814E-02 -0.6031835E-02 -0.6033066E-02 -0.6031350E-02 -0.6028538E-02 -0.6028538E-02 0.4379922E-02 -0.1120354E-02 -0.1631487E-01 -0.4088537E-01 -0.7401982E-01 -0.1145620 -0.1612887 -0.2131606 -0.2689714 -0.3274969 -0.3874565 -0.4472390 -0.5042859 -0.5525344 -0.5525344 -0.5145785 -0.4584361 -0.3523797 -0.3050645 -0.3050645 -0.1953875 -0.1953875 -0.3333567E-01 -0.3333567E-01 0.5933633E-01 0.2122341 0.2122341 0.2671019 0.2671019 0.1400151 0.1400151 0.1400151 0.6115560E-01 0.6115560E-01 0.1456993E-01 0.1456993E-01 -0.1165112E-01 -0.1165112E-01 -0.2661314E-01 -0.2661314E-01 -0.3452724E-01 -0.3452724E-01 -0.3452724E-01
-0.2098427E-04 -0.2098427E-04 -0.5240926E-02 -0.5125704E-02 -0.4686649E-02 -0.4686649E-02 -0.4480142E-02 -0.4443925E-02 -0.4443925E-02 -0.4505350E-02 -0.4505350E-02 -0.4529357E-02 -0.4530919E-02 -0.4529836E-02 -0.4527766E-02 -0.4527766E-02 -0.3097477E-02 -0.1246382E-01 -0.3072137E-01 -0.5756772E-01 -0.9229784E-01 -0.1339851 -0.1816339 -0.2343523 -0.2911920 -0.3511781 -0.4132954 -0.4762914 -0.5381262 -0.5937960 -0.5937960 -0.5904329 -0.5591620 -0.4671711 -0.4084014 -0.4084014 -0.2381153 -0.2381153 -0.8254715E-02 -0.8254715E-02 0.9960050E-01 0.2516560 0.2516560 0.3057730 0.3057730 0.1921072 0.1921072 0.1921072 0.9388107E-01 0.9388107E-01 0.2650305E-01 0.2650305E-01 -0.1385870E-01 -0.1385870E-01 -0.3666132E-01 -0.3666132E-01 -0.4796231E-01 -0.4796231E-01 -0.4796231E-01
0.7578587E-03 0.7578587E-03 -0.3989808E-02 -0.3508016E-02 -0.3154636E-02 -0.3154636E-02 -0.2988372E-02 -0.2956555E-02 -0.2956555E-02 -0.3005034E-02 -0.3005034E-02 -0.3024041E-02 -0.3025216E-02 -0.3023951E-02 -0.3021995E-02 -0.3021995E-02 -0.1106202E-01 -0.2586711E-01 -0.4878756E-01 -0.7930138E-01 -0.1167023 -0.1602215 -0.2090816 -0.2625793 -0.3200022 -0.3806059 -0.4435968 -0.5080011 -0.5722342 -0.6323663 -0.6323663 -0.6525490 -0.6421952 -0.5593861 -0.4806438 -0.4806438 -0.2348792 -0.2348792 0.3225220E-01 0.3225220E-01 0.1345741 0.2639731 0.2639731 0.3121061 0.3121061 0.2256951 0.2256951 0.2256951 0.1240209 0.1240209 0.4188712E-01 0.4188712E-01 -0.1220681E-01 -0.1220681E-01 -0.4380143E-01 -0.4380143E-01 -0.5923346E-01 -0.5923346E-01 -0.5923346E-01
0.3808702E-03 0.3808702E-03 -0.1996193E-02 -0.1761248E-02 -0.1579545E-02 -0.1579545E-02 -0.1492125E-02 -0.1475626E-02 -0.1475626E-02 -0.1502297E-02 -0.1502297E-02 -0.1512528E-02 -0.1513050E-02 -0.1512276E-02 -0.1511161E-02 -0.1511161E-02 -0.2025673E-01 -0.4204978E-01 -0.7127109E-01 -0.1069507 -0.1482553 -0.1944910 -0.2450674 -0.2994945 -0.3573127 -0.4180379 -0.4811241 -0.5458640 -0.6110536 -0.6735952 -0.6735952 -0.7088144 -0.7130213 -0.6175095 -0.5005115 -0.5005115 -0.1850452 -0.1850452 0.6843433E-01 0.6843433E-01 0.1511361 0.2524722 0.2524722 0.2954001 0.2954001 0.2392629 0.2392629 0.2392629 0.1469831 0.1469831 0.5855171E-01 0.5855171E-01 -0.6693011E-02 -0.6693011E-02 -0.4712462E-01 -0.4712462E-01 -0.6722851E-01 -0.6722851E-01 -0.6722851E-01
0.1247036E-05 0.1247036E-05 0.4228102E-06 0.2872316E-06 0.2335901E-06 0.2335901E-06 0.1588276E-06 -0.9032080E-08 -0.9032080E-08 -0.1625701E-06 -0.1625701E-06 -0.1050060E-06 -0.7995092E-07 0.5931178E-07 0.3572295E-08 0.3572295E-08 -0.3173853E-01 -0.6223243E-01 -0.9947592E-01 -0.1418796 -0.1883840 -0.2383070 -0.2912126 -0.3468306 -0.4049673 -0.4654281 -0.5279561 -0.5921391 -0.6571134 -0.7202364 -0.7202364 -0.7632257 -0.7720731 -0.6189485 -0.4490231 -0.4490231 -0.1148533 -0.1148533 0.8512729E-01 0.8512729E-01 0.1462525 0.2250062 0.2250062 0.2647936 0.2647936 0.2350907 0.2350907 0.2350907 0.1594480 0.1594480 0.7340173E-01 0.7340173E-01 0.1623485E-02 0.1623485E-02 -0.4635131E-01 -0.4635131E-01 -0.7112328E-01 -0.7112328E-01 -0.7112328E-01
-0.3783492E-03 -0.3783492E-03 0.1997048E-02 0.1761831E-02 0.1580041E-02 0.1580041E-02 0.1492308E-02 0.1475577E-02 0.1475577E-02 0.1502024E-02 0.1502024E-02 0.1512226E-02 0.1512847E-02 0.1512424E-02 0.1511373E-02 0.1511373E-02 -0.4705041E-01 -0.8833013E-01 -0.1354754 -0.1861907 -0.2391585 -0.2936984 -0.3495274 -0.4066045 -0.4650120 -0.5248598 -0.5862075 -0.6489628 -0.7125223 -0.7738979 -0.7738979 -0.8157640 -0.8096368 -0.5383065 -0.3361432 -0.3361432 -0.5798683E-01 -0.5798683E-01 0.8099593E-01 0.8099593E-01 0.1258958 0.1895857 0.1895857 0.2271105 0.2271105 0.2171702 0.2171702 0.2171702 0.1601093 0.1601093 0.8336396E-01 0.8336396E-01 0.1089362E-01 0.1089362E-01 -0.4181965E-01 -0.4181965E-01 -0.7040157E-01 -0.7040157E-01 -0.7040157E-01
-0.7556725E-03 -0.7556725E-03 0.3990958E-02 0.3508545E-02 0.3155118E-02 0.3155118E-02 0.2988393E-02 0.2956423E-02 0.2956423E-02 0.3004802E-02 0.3004802E-02 0.3023809E-02 0.3024945E-02 0.3023904E-02 0.3022250E-02 0.3022250E-02 -0.6859368E-01 -0.1233424 -0.1824872 -0.2430722 -0.3036071 -0.3634910 -0.4226488 -0.4813061 -0.5398402 -0.5986747 -0.6581938 -0.7186168 -0.7792993 -0.8344991 -0.8344991 -0.8575366 -0.7941082 -0.3862052 -0.2115218 -0.2115218 -0.2909757E-01 -0.2909757E-01 0.6426616E-01 0.6426616E-01 0.9865513E-01 0.1519208 0.1519208 0.1866099 0.1866099 0.1895794 0.1895794 0.1895794 0.1495665 0.1495665 0.8625407E-01 0.8625407E-01 0.1894557E-01 0.1894557E-01 -0.3442099E-01 -0.3442099E-01 -0.6493502E-01 -0.6493502E-01 -0.6493502E-01
0.2271781E-04 0.2271781E-04 0.5242214E-02 0.5126134E-02 0.4686984E-02 0.4686984E-02 0.4479859E-02 0.4443800E-02 0.4443800E-02 0.4505376E-02 0.4505376E-02 0.4529412E-02 0.4531008E-02 0.4529967E-02 0.4528132E-02 0.4528132E-02 -0.1003627 -0.1720953 -0.2455384 -0.3173715 -0.3862064 -0.4517266 -0.5141996 -0.5741986 -0.6324363 -0.6896600 -0.7465763 -0.8036246 -0.8589574 -0.8954771 -0.8954771 -0.8537884 -0.6697276 -0.2279958 -0.1230567 -0.1230567 -0.2120272E-01 -0.2120272E-01 0.4376836E-01 0.4376836E-01 0.7082065E-01 0.1151416 0.1151416 0.1456796 0.1456796 0.1557668 0.1557668 0.1557668 0.1297087 0.1297087 0.8128287E-01 0.8128287E-01 0.2394144E-01 0.2394144E-01 -0.2535527E-01 -0.2535527E-01 -0.5501244E-01 -0.5501244E-01 -0.5501244E-01
0.1947140E-02 0.1947140E-02 0.5807925E-02 0.6596533E-02 0.6167616E-02 0.6167616E-02 0.5968113E-02 0.5942950E-02 0.5942950E-02 0.6007636E-02 0.6007636E-02 0.6031737E-02 0.6032945E-02 0.6031309E-02 0.6028665E-02 0.6028665E-02 -0.1494906 -0.2427058 -0.3327162 -0.4166252 -0.4937258 -0.5643646 -0.6293818 -0.6898262 -0.7468067 -0.8014110 -0.8546537 -0.9068176 -0.9498283 -0.9232898 -0.9232898 -0.7243589 -0.4280828 -0.1230427 -0.7848270E-01 -0.7848270E-01 -0.2132349E-01 -0.2132349E-01 0.2478941E-01 0.2478941E-01 0.4558757E-01 0.8070476E-01 0.8070476E-01 0.1057031 0.1057031 0.1184737 0.1184737 0.1184737 0.1030345 0.1030345 0.6906832E-01 0.6906832E-01 0.2489364E-01 0.2489364E-01 -0.1580391E-01 -0.1580391E-01 -0.4132995E-01 -0.4132995E-01 -0.4132995E-01
