cruce_test.gid/Rasters/Hydraulic/Velocity____41.0.asc
NCOLS        79
NROWS        79
XLLCENTER         -1.500000
YLLCENTER         -4.800000
CELLSIZE           0.100
NODATA_VALUE     -9999.0
[rows 0 to 26 of 79, columns 0 to 59 of 79]
-9999.000 -9999.000 -9999.000 -9999.000 -9999.000 -9999.000 -9999.000 -9999.000 -9999.000 -9999.000 -9999.000 -9999.000 -9999.000 -9999.000 -9999.000 0.3022409 0.3014292 0.3017190 0.3022186 0.3028150 0.3034850 0.3042175 0.3050022 0.3058292 0.3066911 0.3075876 0.3085298 0.3095468 0.3105801 0.3070597 0.3070597 -9999.000 -9999.000 -9999.000 -9999.000 -9999.000 -9999.000 -9999.000 -9999.000 -9999.000 -9999.000 -9999.000 -9999.000 -9999.000 -9999.000 -9999.000 -9999.000 -9999.000 -9999.000 -9999.000 -9999.000 -9999.000 -9999.000 -9999.000 -9999.000 -9999.000 -9999.000 -9999.000 -9999.000 -9999.000
-9999.000 -9999.000 -9999.000 -9999.000 -9999.000 -9999.000 -9999.000 -9999.000 -9999.000 -9999.000 -9999.000 -9999.000 -9999.000 -9999.000 -9999.000 0.2971131 0.2949130 0.2954162 0.2963159 0.2973714 0.2985322 0.2997784 0.3010958 0.3024753 0.3039184 0.3054435 0.3070955 0.3089506 0.3108826 0.3041023 0.3041023 -9999.000 -9999.000 -9999.000 -9999.000 -9999.000 -9999.000 -9999.000 -9999.000 -9999.000 -9999.000 -9999.000 -9999.000 -9999.000 -9999.000 -9999.000 -9999.000 -9999.000 -9999.000 -9999.000 -9999.000 -9999.000 -9999.000 -9999.000 -9999.000 -9999.000 -9999.000 -9999.000 -9999.000 -9999.000
-9999.000 -9999.000 -9999.000 -9999.000 -9999.000 -9999.000 -9999.000 -9999.000 -9999.000 -9999.000 -9999.000 -9999.000 -9999.000 -9999.000 -9999.000 0.2900899 0.2861205 0.2869560 0.2885040 0.2903403 0.2923666 0.2945405 0.2968353 0.2992367 0.3017482 0.3043986 0.3072496 0.3103899 0.3135242 0.3030372 0.3030372 -9999.000 -9999.000 -9999.000 -9999.000 -9999.000 -9999.000 -9999.000 -9999.000 -9999.000 -9999.000 -9999.000 -9999.000 -9999.000 -9999.000 -9999.000 -9999.000 -9999.000 -9999.000 -9999.000 -9999.000 -9999.000 -9999.000 -9999.000 -9999.000 -9999.000 -9999.000 -9999.000 -9999.000 -9999.000
-9999.000 -9999.000 -9999.000 -9999.000 -9999.000 -9999.000 -9999.000 -9999.000 -9999.000 -9999.000 -9999.000 -9999.000 -9999.000 -9999.000 -9999.000 0.2819101 0.2759786 0.2772601 0.2796459 0.2825000 0.2856646 0.2890661 0.2926574 0.2964113 0.3003269 0.3044375 0.3088162 0.3135616 0.3181920 0.3042040 0.3042040 -9999.000 -9999.000 -9999.000 -9999.000 -9999.000 -9999.000 -9999.000 -9999.000 -9999.000 -9999.000 -9999.000 -9999.000 -9999.000 -9999.000 -9999.000 -9999.000 -9999.000 -9999.000 -9999.000 -9999.000 -9999.000 -9999.000 -9999.000 -9999.000 -9999.000 -9999.000 -9999.000 -9999.000 -9999.000
-9999.000 -9999.000 -9999.000 -9999.000 -9999.000 -9999.000 -9999.000 -9999.000 -9999.000 -9999.000 -9999.000 -9999.000 -9999.000 -9999.000 -9999.000 0.2725621 0.2645614 0.2664069 0.2698157 0.2739127 0.2784703 0.2833772 0.2885593 0.2939730 0.2996105 0.3055088 0.3117540 0.3184581 0.3249363 0.3077521 0.3077521 -9999.000 -9999.000 -9999.000 -9999.000 -9999.000 -9999.000 -9999.000 -9999.000 -9999.000 -9999.000 -9999.000 -9999.000 -9999.000 -9999.000 -9999.000 -9999.000 -9999.000 -9999.000 -9999.000 -9999.000 -9999.000 -9999.000 -9999.000 -9999.000 -9999.000 -9999.000 -9999.000 -9999.000 -9999.000
-9999.000 -9999.000 -9999.000 -9999.000 -9999.000 -9999.000 -9999.000 -9999.000 -9999.000 -9999.000 -9999.000 -9999.000 -9999.000 -9999.000 -9999.000 0.2619572 0.2519014 0.2544416 0.2590594 0.2646199 0.2708168 0.2774944 0.2845491 0.2919191 0.2995915 0.3076109 0.3160841 0.3251456 0.3338978 0.3139366 0.3139366 -9999.000 -9999.000 -9999.000 -9999.000 -9999.000 -9999.000 -9999.000 -9999.000 -9999.000 -9999.000 -9999.000 -9999.000 -9999.000 -9999.000 -9999.000 -9999.000 -9999.000 -9999.000 -9999.000 -9999.000 -9999.000 -9999.000 -9999.000 -9999.000 -9999.000 -9999.000 -9999.000 -9999.000 -9999.000
-9999.000 -9999.000 -9999.000 -9999.000 -9999.000 -9999.000 -9999.000 -9999.000 -9999.000 -9999.000 -9999.000 -9999.000 -9999.000 -9999.000 -9999.000 0.2499283 0.2379960 0.2413865 0.2474080 0.2546550 0.2627354 0.2714448 0.2806481 0.2902677 0.3002914 0.3107814 0.3218787 0.3337578 0.3453120 0.3231361 0.3231361 -9999.000 -9999.000 -9999.000 -9999.000 -9999.000 -9999.000 -9999.000 -9999.000 -9999.000 -9999.000 -9999.000 -9999.000 -9999.000 -9999.000 -9999.000 -9999.000 -9999.000 -9999.000 -9999.000 -9999.000 -9999.000 -9999.000 -9999.000 -9999.000 -9999.000 -9999.000 -9999.000 -9999.000 -9999.000
-9999.000 -9999.000 -9999.000 -9999.000 -9999.000 -9999.000 -9999.000 -9999.000 -9999.000 -9999.000 -9999.000 -9999.000 -9999.000 -9999.000 -9999.000 0.2362347 0.2228176 0.2272553 0.2348920 0.2440570 0.2542679 0.2652689 0.2768953 0.2890589 0.3017596 0.3150933 0.3292580 0.3444987 0.3595233 0.3358907 0.3358907 -9999.000 -9999.000 -9999.000 -9999.000 -9999.000 -9999.000 -9999.000 -9999.000 -9999.000 -9999.000 -9999.000 -9999.000 -9999.000 -9999.000 -9999.000 -9999.000 -9999.000 -9999.000 -9999.000 -9999.000 -9999.000 -9999.000 -9999.000 -9999.000 -9999.000 -9999.000 -9999.000 -9999.000 -9999.000
-9999.000 -9999.000 -9999.000 -9999.000 -9999.000 -9999.000 -9999.000 -9999.000 -9999.000 -9999.000 -9999.000 -9999.000 -9999.000 -9999.000 -9999.000 0.2205716 0.2063267 0.2120700 0.2215623 0.2328909 0.2454840 0.2590357 0.2733567 0.2883601 0.3040744 0.3206549 0.3383918 0.3576506 0.3770117 0.3529676 0.3529676 -9999.000 -9999.000 -9999.000 -9999.000 -9999.000 -9999.000 -9999.000 -9999.000 -9999.000 -9999.000 -9999.000 -9999.000 -9999.000 -9999.000 -9999.000 -9999.000 -9999.000 -9999.000 -9999.000 -9999.000 -9999.000 -9999.000 -9999.000 -9999.000 -9999.000 -9999.000 -9999.000 -9999.000 -9999.000
-9999.000 -9999.000 -9999.000 -9999.000 -9999.000 -9999.000 -9999.000 -9999.000 -9999.000 -9999.000 -9999.000 -9999.000 -9999.000 -9999.000 -9999.000 0.2025845 0.1884870 0.1958851 0.2075174 0.2212769 0.2365092 0.2528656 0.2701448 0.2882797 0.3073533 0.3276170 0.3495071 0.3735908 0.3984389 0.3754827 0.3754827 -9999.000 -9999.000 -9999.000 -9999.000 -9999.000 -9999.000 -9999.000 -9999.000 -9999.000 -9999.000 -9999.000 -9999.000 -9999.000 -9999.000 -9999.000 -9999.000 -9999.000 -9999.000 -9999.000 -9999.000 -9999.000 -9999.000 -9999.000 -9999.000 -9999.000 -9999.000 -9999.000 -9999.000 -9999.000
-9999.000 -9999.000 -9999.000 -9999.000 -9999.000 -9999.000 -9999.000 -9999.000 -9999.000 -9999.000 -9999.000 -9999.000 -9999.000 -9999.000 -9999.000 0.1818888 0.1692834 0.1788169 0.1929422 0.2094307 0.2275631 0.2469661 0.2674494 0.2889938 0.3117735 0.3361888 0.3629036 0.3928192 0.4247228 0.4051284 0.4051284 -9999.000 -9999.000 -9999.000 -9999.000 -9999.000 -9999.000 -9999.000 -9999.000 -9999.000 -9999.000 -9999.000 -9999.000 -9999.000 -9999.000 -9999.000 -9999.000 -9999.000 -9999.000 -9999.000 -9999.000 -9999.000 -9999.000 -9999.000 -9999.000 -9999.000 -9999.000 -9999.000 -9999.000 -9999.000
-9999.000 -9999.000 -9999.000 -9999.000 -9999.000 -9999.000 -9999.000 -9999.000 -9999.000 -9999.000 -9999.000 -9999.000 -9999.000 -9999.000 -9999.000 0.1580965 0.1487504 0.1610905 0.1781623 0.1977194 0.2190149 0.2416861 0.2655900 0.2907954 0.3176174 0.3466771 0.3789877 0.4160053 0.4571648 0.4446377 0.4446377 -9999.000 -9999.000 -9999.000 -9999.000 -9999.000 -9999.000 -9999.000 -9999.000 -9999.000 -9999.000 -9999.000 -9999.000 -9999.000 -9999.000 -9999.000 -9999.000 -9999.000 -9999.000 -9999.000 -9999.000 -9999.000 -9999.000 -9999.000 -9999.000 -9999.000 -9999.000 -9999.000 -9999.000 -9999.000
-9999.000 -9999.000 -9999.000 -9999.000 -9999.000 -9999.000 -9999.000 -9999.000 -9999.000 -9999.000 -9999.000 -9999.000 -9999.000 -9999.000 -9999.000 0.1308715 0.1270482 0.1431341 0.1637371 0.1867474 0.2114653 0.2375983 0.2651030 0.2941860 0.3253639 0.3595719 0.3983485 0.4440705 0.4976667 0.4988290 0.4988290 -9999.000 -9999.000 -9999.000 -9999.000 -9999.000 -9999.000 -9999.000 -9999.000 -9999.000 -9999.000 -9999.000 -9999.000 -9999.000 -9999.000 -9999.000 -9999.000 -9999.000 -9999.000 -9999.000 -9999.000 -9999.000 -9999.000 -9999.000 -9999.000 -9999.000 -9999.000 -9999.000 -9999.000 -9999.000
-9999.000 -9999.000 -9999.000 -9999.000 -9999.000 -9999.000 -9999.000 -9999.000 -9999.000 -9999.000 -9999.000 -9999.000 -9999.000 -9999.000 -9999.000 0.1000320 0.1047314 0.1259003 0.1507642 0.1776303 0.2059953 0.2357334 0.2669693 0.3001050 0.3359230 0.3757799 0.4219709 0.4783797 0.5491185 0.5773929 0.5773929 -9999.000 -9999.000 -9999.000 -9999.000 -9999.000 -9999.000 -9999.000 -9999.000 -9999.000 -9999.000 -9999.000 -9999.000 -9999.000 -9999.000 -9999.000 -9999.000 -9999.000 -9999.000 -9999.000 -9999.000 -9999.000 -9999.000 -9999.000 -9999.000 -9999.000 -9999.000 -9999.000 -9999.000 -9999.000
-9999.000 -9999.000 -9999.000 -9999.000 -9999.000 -9999.000 -9999.000 -9999.000 -9999.000 -9999.000 -9999.000 -9999.000 -9999.000 -9999.000 -9999.000 0.6673596E-01 0.9035109E-01 0.1205714 0.1506377 0.1808009 0.2115567 0.2434273 0.2770028 0.3130608 0.3527622 0.3979886 0.4520241 0.5210717 0.6157318 0.7029550 0.7029550 -9999.000 -9999.000 -9999.000 -9999.000 -9999.000 -9999.000 -9999.000 -9999.000 -9999.000 -9999.000 -9999.000 -9999.000 -9999.000 -9999.000 -9999.000 -9999.000 -9999.000 -9999.000 -9999.000 -9999.000 -9999.000 -9999.000 -9999.000 -9999.000 -9999.000 -9999.000 -9999.000 -9999.000 -9999.000
1.353328 1.353328 1.290039 1.244535 1.223356 1.223356 1.202615 1.160534 1.160534 1.113788 1.113788 1.055676 1.018271 0.9708053 0.9071060 0.9071060 0.7625698 0.7015915 0.6405908 0.5834824 0.5339311 0.4952095 0.4699816 0.4602492 0.4675864 0.4938031 0.5422933 0.6207827 0.7465974 0.9726589 0.9726589 1.451210 1.638815 1.747515 1.732578 1.732578 1.598937 1.598937 1.380990 1.380990 1.165353 0.7384487 0.7384487 0.7276290 0.7276290 0.7612767 0.7612767 0.7612767 0.8137951 0.8137951 0.8553613 0.8553613 0.8901514 0.8901514 0.9355301 0.9355301 0.9641867 0.9641867 0.9641867 0.9869513
1.368652 1.368652 1.306889 1.272928 1.257413 1.257413 1.242163 1.210351 1.210351 1.172554 1.172554 1.122484 1.090680 1.053937 1.013706 1.013706 0.9530500 0.9221408 0.8850868 0.8429763 0.7978305 0.7526003 0.7110840 0.6777798 0.6577075 0.6563007 0.6795996 0.7352726 0.8346421 0.9971446 0.9971446 1.352635 1.490062 1.584472 1.598159 1.598159 1.585497 1.585497 1.519657 1.519657 1.433849 1.031865 1.031865 1.011856 1.011856 1.046893 1.046893 1.046893 1.101123 1.101123 1.143650 1.143650 1.164263 1.164263 1.218466 1.218466 1.251282 1.251282 1.251282 1.278587
1.373420 1.373420 1.307384 1.273656 1.258478 1.258478 1.243703 1.213472 1.213472 1.178973 1.178973 1.136412 1.111376 1.084292 1.056780 1.056780 1.024890 1.011695 0.9947262 0.9733109 0.9475964 0.9186200 0.8884176 0.8601219 0.8380312 0.8276504 0.8357656 0.8708214 0.9439355 1.072441 1.072441 1.373783 1.499462 1.593085 1.613618 1.613618 1.619779 1.619779 1.585733 1.585733 1.544611 1.280021 1.280021 1.181674 1.181674 1.196331 1.196331 1.196331 1.252467 1.252467 1.290639 1.290639 1.319191 1.319191 1.358715 1.358715 1.387156 1.387156 1.387156 1.410015
1.377554 1.377554 1.307723 1.274184 1.259267 1.259267 1.244884 1.216057 1.216057 1.184532 1.184532 1.148146 1.128069 1.107383 1.087364 1.087364 1.069811 1.065249 1.059195 1.050758 1.039495 1.025497 1.009551 0.9933409 0.9796360 0.9724776 0.9773900 1.001769 1.055791 1.156549 1.156549 1.404125 1.520421 1.609546 1.627455 1.627455 1.630835 1.630835 1.612611 1.612611 1.597406 1.460469 1.460469 1.327797 1.327797 1.324570 1.324570 1.324570 1.367556 1.367556 1.401224 1.401224 1.427132 1.427132 1.458467 1.458467 1.483331 1.483331 1.483331 1.502858
1.381070 1.381070 1.308054 1.274846 1.260256 1.260256 1.246348 1.219155 1.219155 1.190845 1.190845 1.160452 1.144768 1.129367 1.115110 1.115110 1.107789 1.108089 1.107875 1.106662 1.104156 1.100265 1.095237 1.089864 1.085715 1.085375 1.092737 1.113448 1.155893 1.236030 1.236030 1.435628 1.538797 1.613574 1.623543 1.623543 1.619439 1.619439 1.616120 1.616120 1.617844 1.571562 1.571562 1.463110 1.463110 1.425341 1.425341 1.425341 1.455212 1.455212 1.484381 1.484381 1.507993 1.507993 1.533599 1.533599 1.555108 1.555108 1.555108 1.571956
1.383927 1.383927 1.308384 1.275617 1.261405 1.261405 1.248031 1.222615 1.222615 1.197638 1.197638 1.173124 1.161597 1.151117 1.142189 1.142189 1.144664 1.148582 1.151878 1.154609 1.156904 1.158892 1.160763 1.162921 1.166187 1.172040 1.182931 1.202796 1.238098 1.303310 1.303310 1.462348 1.548752 1.598673 1.598836 1.598836 1.593900 1.593900 1.610201 1.610201 1.624387 1.630775 1.630775 1.572470 1.572470 1.513630 1.513630 1.513630 1.528226 1.528226 1.550835 1.550835 1.571437 1.571437 1.592535 1.592535 1.610925 1.610925 1.610925 1.625178
1.386073 1.386073 1.308706 1.276452 1.262647 1.262647 1.249838 1.226251 1.226251 1.204590 1.204590 1.185775 1.178277 1.172662 1.169236 1.169236 1.182702 1.190037 1.195888 1.200856 1.205555 1.210482 1.216012 1.222481 1.230315 1.240206 1.253395 1.272306 1.301654 1.354318 1.354318 1.477632 1.543272 1.560930 1.555390 1.555390 1.563400 1.563400 1.601798 1.601798 1.625217 1.659879 1.659879 1.647425 1.647425 1.592230 1.592230 1.592230 1.592833 1.592833 1.606900 1.606900 1.623096 1.623096 1.640024 1.640024 1.655025 1.655025 1.655025 1.666433
1.387455 1.387455 1.309012 1.277308 1.263921 1.263921 1.251679 1.229893 1.229893 1.211422 1.211422 1.198040 1.194462 1.193790 1.196419 1.196419 1.223297 1.234254 1.242281 1.248572 1.254245 1.260203 1.267095 1.275341 1.285179 1.296666 1.309863 1.325755 1.347515 1.386178 1.386178 1.473938 1.514041 1.502295 1.501273 1.501273 1.534625 1.534625 1.592987 1.592987 1.622967 1.673125 1.673125 1.691493 1.691493 1.658043 1.658043 1.658043 1.650586 1.650586 1.656052 1.656052 1.666562 1.666562 1.678847 1.678847 1.689922 1.689922 1.689922 1.698201
1.388022 1.388022 1.309291 1.278148 1.265170 1.265170 1.253474 1.233395 1.233395 1.217894 1.217894 1.209578 1.209768 1.214130 1.223609 1.223609 1.267777 1.282696 1.292703 1.299709 1.305397 1.311097 1.317758 1.325944 1.335774 1.346585 1.356821 1.365790 1.375380 1.394853 1.394853 1.443140 1.454841 1.432183 1.446905 1.446905 1.509817 1.509817 1.583538 1.583538 1.618139 1.677469 1.677469 1.714056 1.714056 1.707755 1.707755 1.707755 1.699935 1.699935 1.699230 1.699230 1.703733 1.703733 1.710703 1.710703 1.717365 1.717365 1.717365 1.722154
1.387723 1.387723 1.309529 1.278934 1.266339 1.266339 1.255152 1.236629 1.236629 1.223806 1.223806 1.220085 1.223803 1.233162 1.250295 1.250295 1.317728 1.336929 1.348704 1.355862 1.360745 1.365164 1.370396 1.377179 1.385517 1.393591 1.396805 1.392215 1.381473 1.375011 1.375011 1.382476 1.368301 1.359133 1.396555 1.396555 1.487044 1.487044 1.572211 1.572211 1.610371 1.675948 1.675948 1.723259 1.723259 1.741159 1.741159 1.741159 1.738898 1.738898 1.735875 1.735875 1.735339 1.735339 1.736814 1.736814 1.738600 1.738600 1.738600 1.739507
1.386518 1.386518 1.309711 1.279636 1.267388 1.267388 1.256649 1.239492 1.239492 1.228997 1.228997 1.229303 1.236197 1.250271 1.275394 1.275394 1.375179 1.398808 1.412037 1.418697 1.421892 1.424012 1.426733 1.431018 1.436797 1.440076 1.429556 1.400151 1.357598 1.317412 1.317412 1.286851 1.269735 1.306184 1.348477 1.348477 1.466826 1.466826 1.560737 1.560737 1.601655 1.671561 1.671561 1.725240 1.725240 1.761333 1.761333 1.761333 1.767164 1.767164 1.765355 1.765355 1.761634 1.761634 1.758092 1.758092 1.754812 1.754812 1.754812 1.751572
1.384375 1.384375 1.309821 1.280228 1.268276 1.268276 1.257917 1.241897 1.241897 1.233342 1.233342 1.237041 1.246670 1.264891 1.297018 1.297018 1.443830 1.470703 1.484418 1.489817 1.490481 1.489288 1.488366 1.489029 1.491459 1.487319 1.450029 1.379327 1.295987 1.222687 1.222687 1.171054 1.172282 1.257099 1.315431 1.315431 1.446981 1.446981 1.548807 1.548807 1.591875 1.664758 1.664758 1.722339 1.722339 1.770942 1.770942 1.770942 1.784671 1.784671 1.786170 1.786170 1.781244 1.781244 1.773742 1.773742 1.765717 1.765717 1.765717 1.758423
