cruce_test.gid/Rasters/Hydraulic/Velocity__x_212.0.asc
NCOLS        79
NROWS        79
XLLCENTER         -1.500000
YLLCENTER         -4.800000
CELLSIZE           0.100
NODATA_VALUE     -9999.0
[rows 0 to 25 of 79, columns 0 to 57 of 79]
-9999.000 -9999.000 -9999.000 -9999.000 -9999.000 -9999.000 -9999.000 -9999.000 -9999.000 -9999.000 -9999.000 -9999.000 -9999.000 -9999.000 -9999.000 -0.1851747E-02 -0.1699094E-02 0.1576967E-02 0.6470270E-02 0.1159916E-01 0.1584517E-01 0.1886076E-01 0.2061918E-01 0.2119516E-01 0.2074460E-01 0.1942329E-01 0.1732304E-01 0.1440045E-01 0.1008069E-01 0.4935696E-02 0.4935696E-02 -9999.000 -9999.000 -9999.000 -9999.000 -9999.000 -9999.000 -9999.000 -9999.000 -9999.000 -9999.000 -9999.000 -9999.000 -9999.000 -9999.000 -9999.000 -9999.000 -9999.000 -9999.000 -9999.000 -9999.000 -9999.000 -9999.000 -9999.000 -9999.000 -9999.000 -9999.000 -9999.000
-9999.000 -9999.000 -9999.000 -9999.000 -9999.000 -9999.000 -9999.000 -9999.000 -9999.000 -9999.000 -9999.000 -9999.000 -9999.000 -9999.000 -9999.000 -0.5839997E-03 0.7896944E-03 0.5098218E-02 0.1086170E-01 0.1676181E-01 0.2169655E-01 0.2525572E-01 0.2733877E-01 0.2796418E-01 0.2724871E-01 0.2532975E-01 0.2230690E-01 0.1817705E-01 0.1249479E-01 0.6097756E-02 0.6097756E-02 -9999.000 -9999.000 -9999.000 -9999.000 -9999.000 -9999.000 -9999.000 -9999.000 -9999.000 -9999.000 -9999.000 -9999.000 -9999.000 -9999.000 -9999.000 -9999.000 -9999.000 -9999.000 -9999.000 -9999.000 -9999.000 -9999.000 -9999.000 -9999.000 -9999.000 -9999.000 -9999.000
-9999.000 -9999.000 -9999.000 -9999.000 -9999.000 -9999.000 -9999.000 -9999.000 -9999.000 -9999.000 -9999.000 -9999.000 -9999.000 -9999.000 -9999.000 -0.1575219E-03 0.1727919E-02 0.6643359E-02 0.1298743E-01 0.1939947E-01 0.2474137E-01 0.2858480E-01 0.3081764E-01 0.3145067E-01 0.3059970E-01 0.2840704E-01 0.2498098E-01 0.2033149E-01 0.1401166E-01 0.6876435E-02 0.6876435E-02 -9999.000 -9999.000 -9999.000 -9999.000 -9999.000 -9999.000 -9999.000 -9999.000 -9999.000 -9999.000 -9999.000 -9999.000 -9999.000 -9999.000 -9999.000 -9999.000 -9999.000 -9999.000 -9999.000 -9999.000 -9999.000 -9999.000 -9999.000 -9999.000 -9999.000 -9999.000 -9999.000
-9999.000 -9999.000 -9999.000 -9999.000 -9999.000 -9999.000 -9999.000 -9999.000 -9999.000 -9999.000 -9999.000 -9999.000 -9999.000 -9999.000 -9999.000 0.4076642E-04 0.2201234E-02 0.7485298E-02 0.1420487E-01 0.2095745E-01 0.2657266E-01 0.3061163E-01 0.3295822E-01 0.3362044E-01 0.3271704E-01 0.3039401E-01 0.2676364E-01 0.2183686E-01 0.1514308E-01 0.7485946E-02 0.7485946E-02 -9999.000 -9999.000 -9999.000 -9999.000 -9999.000 -9999.000 -9999.000 -9999.000 -9999.000 -9999.000 -9999.000 -9999.000 -9999.000 -9999.000 -9999.000 -9999.000 -9999.000 -9999.000 -9999.000 -9999.000 -9999.000 -9999.000 -9999.000 -9999.000 -9999.000 -9999.000 -9999.000
-9999.000 -9999.000 -9999.000 -9999.000 -9999.000 -9999.000 -9999.000 -9999.000 -9999.000 -9999.000 -9999.000 -9999.000 -9999.000 -9999.000 -9999.000 0.1655430E-03 0.2520326E-02 0.8085005E-02 0.1509935E-01 0.2212215E-01 0.2795441E-01 0.3215281E-01 0.3460014E-01 0.3530403E-01 0.3438691E-01 0.3199748E-01 0.2824857E-01 0.2314657E-01 0.1618485E-01 0.8069376E-02 0.8069376E-02 -9999.000 -9999.000 -9999.000 -9999.000 -9999.000 -9999.000 -9999.000 -9999.000 -9999.000 -9999.000 -9999.000 -9999.000 -9999.000 -9999.000 -9999.000 -9999.000 -9999.000 -9999.000 -9999.000 -9999.000 -9999.000 -9999.000 -9999.000 -9999.000 -9999.000 -9999.000 -9999.000
-9999.000 -9999.000 -9999.000 -9999.000 -9999.000 -9999.000 -9999.000 -9999.000 -9999.000 -9999.000 -9999.000 -9999.000 -9999.000 -9999.000 -9999.000 0.2777507E-03 0.2811679E-02 0.8636293E-02 0.1592315E-01 0.2319338E-01 0.2922279E-01 0.3356764E-01 0.3611259E-01 0.3686558E-01 0.3595428E-01 0.3352924E-01 0.2970174E-01 0.2447117E-01 0.1728273E-01 0.8700659E-02 0.8700659E-02 -9999.000 -9999.000 -9999.000 -9999.000 -9999.000 -9999.000 -9999.000 -9999.000 -9999.000 -9999.000 -9999.000 -9999.000 -9999.000 -9999.000 -9999.000 -9999.000 -9999.000 -9999.000 -9999.000 -9999.000 -9999.000 -9999.000 -9999.000 -9999.000 -9999.000 -9999.000 -9999.000
-9999.000 -9999.000 -9999.000 -9999.000 -9999.000 -9999.000 -9999.000 -9999.000 -9999.000 -9999.000 -9999.000 -9999.000 -9999.000 -9999.000 -9999.000 0.4055330E-03 0.3132458E-02 0.9226399E-02 0.1678992E-01 0.2430671E-01 0.3052985E-01 0.3501935E-01 0.3766401E-01 0.3847315E-01 0.3758084E-01 0.3513915E-01 0.3125685E-01 0.2592210E-01 0.1852092E-01 0.9426404E-02 0.9426404E-02 -9999.000 -9999.000 -9999.000 -9999.000 -9999.000 -9999.000 -9999.000 -9999.000 -9999.000 -9999.000 -9999.000 -9999.000 -9999.000 -9999.000 -9999.000 -9999.000 -9999.000 -9999.000 -9999.000 -9999.000 -9999.000 -9999.000 -9999.000 -9999.000 -9999.000 -9999.000 -9999.000
-9999.000 -9999.000 -9999.000 -9999.000 -9999.000 -9999.000 -9999.000 -9999.000 -9999.000 -9999.000 -9999.000 -9999.000 -9999.000 -9999.000 -9999.000 0.5632314E-03 0.3512720E-02 0.9900470E-02 0.1775804E-01 0.2553160E-01 0.3195324E-01 0.3659185E-01 0.3934235E-01 0.4021655E-01 0.3935589E-01 0.3691429E-01 0.3299591E-01 0.2757546E-01 0.1996619E-01 0.1028636E-01 0.1028636E-01 -9999.000 -9999.000 -9999.000 -9999.000 -9999.000 -9999.000 -9999.000 -9999.000 -9999.000 -9999.000 -9999.000 -9999.000 -9999.000 -9999.000 -9999.000 -9999.000 -9999.000 -9999.000 -9999.000 -9999.000 -9999.000 -9999.000 -9999.000 -9999.000 -9999.000 -9999.000 -9999.000
-9999.000 -9999.000 -9999.000 -9999.000 -9999.000 -9999.000 -9999.000 -9999.000 -9999.000 -9999.000 -9999.000 -9999.000 -9999.000 -9999.000 -9999.000 0.7611156E-03 0.3973032E-02 0.1068912E-01 0.1886638E-01 0.2691371E-01 0.3354421E-01 0.3834075E-01 0.4120693E-01 0.4215787E-01 0.4134437E-01 0.3892164E-01 0.3498768E-01 0.2950122E-01 0.2168694E-01 0.1132517E-01 0.1132517E-01 -9999.000 -9999.000 -9999.000 -9999.000 -9999.000 -9999.000 -9999.000 -9999.000 -9999.000 -9999.000 -9999.000 -9999.000 -9999.000 -9999.000 -9999.000 -9999.000 -9999.000 -9999.000 -9999.000 -9999.000 -9999.000 -9999.000 -9999.000 -9999.000 -9999.000 -9999.000 -9999.000
-9999.000 -9999.000 -9999.000 -9999.000 -9999.000 -9999.000 -9999.000 -9999.000 -9999.000 -9999.000 -9999.000 -9999.000 -9999.000 -9999.000 -9999.000 0.1008910E-02 0.4532482E-02 0.1162016E-01 0.2015071E-01 0.2849491E-01 0.3534934E-01 0.4031708E-01 0.4331326E-01 0.4435714E-01 0.4361119E-01 0.4123146E-01 0.3730939E-01 0.3178264E-01 0.2376938E-01 0.1259932E-01 0.1259932E-01 -9999.000 -9999.000 -9999.000 -9999.000 -9999.000 -9999.000 -9999.000 -9999.000 -9999.000 -9999.000 -9999.000 -9999.000 -9999.000 -9999.000 -9999.000 -9999.000 -9999.000 -9999.000 -9999.000 -9999.000 -9999.000 -9999.000 -9999.000 -9999.000 -9999.000 -9999.000 -9999.000
-9999.000 -9999.000 -9999.000 -9999.000 -9999.000 -9999.000 -9999.000 -9999.000 -9999.000 -9999.000 -9999.000 -9999.000 -9999.000 -9999.000 -9999.000 0.1317197E-02 0.5212721E-02 0.1272602E-01 0.2165232E-01 0.3032373E-01 0.3742326E-01 0.4258097E-01 0.4572687E-01 0.4688614E-01 0.4623545E-01 0.4393215E-01 0.4005841E-01 0.3452830E-01 0.2633035E-01 0.1418785E-01 0.1418785E-01 -9999.000 -9999.000 -9999.000 -9999.000 -9999.000 -9999.000 -9999.000 -9999.000 -9999.000 -9999.000 -9999.000 -9999.000 -9999.000 -9999.000 -9999.000 -9999.000 -9999.000 -9999.000 -9999.000 -9999.000 -9999.000 -9999.000 -9999.000 -9999.000 -9999.000 -9999.000 -9999.000
-9999.000 -9999.000 -9999.000 -9999.000 -9999.000 -9999.000 -9999.000 -9999.000 -9999.000 -9999.000 -9999.000 -9999.000 -9999.000 -9999.000 -9999.000 0.1702625E-02 0.6048301E-02 0.1405954E-01 0.2344237E-01 0.3247768E-01 0.3984910E-01 0.4522140E-01 0.4854356E-01 0.4984843E-01 0.4933076E-01 0.4714920E-01 0.4337557E-01 0.3789476E-01 0.2953914E-01 0.1620462E-01 0.1620462E-01 -9999.000 -9999.000 -9999.000 -9999.000 -9999.000 -9999.000 -9999.000 -9999.000 -9999.000 -9999.000 -9999.000 -9999.000 -9999.000 -9999.000 -9999.000 -9999.000 -9999.000 -9999.000 -9999.000 -9999.000 -9999.000 -9999.000 -9999.000 -9999.000 -9999.000 -9999.000 -9999.000
-9999.000 -9999.000 -9999.000 -9999.000 -9999.000 -9999.000 -9999.000 -9999.000 -9999.000 -9999.000 -9999.000 -9999.000 -9999.000 -9999.000 -9999.000 0.2238519E-02 0.7195382E-02 0.1586996E-01 0.2583116E-01 0.3526945E-01 0.4292003E-01 0.4851434E-01 0.5202340E-01 0.5349176E-01 0.5313814E-01 0.5112278E-01 0.4750636E-01 0.4213960E-01 0.3366340E-01 0.1882735E-01 0.1882735E-01 -9999.000 -9999.000 -9999.000 -9999.000 -9999.000 -9999.000 -9999.000 -9999.000 -9999.000 -9999.000 -9999.000 -9999.000 -9999.000 -9999.000 -9999.000 -9999.000 -9999.000 -9999.000 -9999.000 -9999.000 -9999.000 -9999.000 -9999.000 -9999.000 -9999.000 -9999.000 -9999.000
-9999.000 -9999.000 -9999.000 -9999.000 -9999.000 -9999.000 -9999.000 -9999.000 -9999.000 -9999.000 -9999.000 -9999.000 -9999.000 -9999.000 -9999.000 0.4837416E-02 0.1273740E-01 0.2464710E-01 0.3602182E-01 0.4512113E-01 0.5221011E-01 0.5722243E-01 0.6016132E-01 0.6111713E-01 0.6035233E-01 0.5802783E-01 0.5418301E-01 0.4861544E-01 0.3971573E-01 0.2262217E-01 0.2262217E-01 -9999.000 -9999.000 -9999.000 -9999.000 -9999.000 -9999.000 -9999.000 -9999.000 -9999.000 -9999.000 -9999.000 -9999.000 -9999.000 -9999.000 -9999.000 -9999.000 -9999.000 -9999.000 -9999.000 -9999.000 -9999.000 -9999.000 -9999.000 -9999.000 -9999.000 -9999.000 -9999.000
-9999.000 -9999.000 -9999.000 -9999.000 -9999.000 -9999.000 -9999.000 -9999.000 -9999.000 -9999.000 -9999.000 -9999.000 -9999.000 -9999.000 -9999.000 0.1135928 0.1747328 0.2060813 0.1988338 0.1682696 0.1454692 0.1257853 0.1089527 0.9466165E-01 0.8256678E-01 0.7203940E-01 0.6251026E-01 0.5318249E-01 0.4179666E-01 0.2004846E-01 0.2004846E-01 -9999.000 -9999.000 -9999.000 -9999.000 -9999.000 -9999.000 -9999.000 -9999.000 -9999.000 -9999.000 -9999.000 -9999.000 -9999.000 -9999.000 -9999.000 -9999.000 -9999.000 -9999.000 -9999.000 -9999.000 -9999.000 -9999.000 -9999.000 -9999.000 -9999.000 -9999.000 -9999.000
2.902882 2.902882 2.924710 2.924437 2.944629 2.944629 2.947393 2.946951 2.946951 2.942839 2.942839 2.936255 2.932294 2.927988 2.923773 2.923773 3.092867 3.097929 3.099325 3.098268 3.067592 3.012630 2.933772 2.830016 2.701644 2.553640 2.387886 2.212687 2.051339 1.973699 1.973699 2.816610 2.998696 3.109305 3.137878 3.137878 3.178798 3.178798 3.174502 3.174502 3.137997 2.975892 2.975892 2.675157 2.675157 2.239661 2.239661 2.239661 2.201870 2.201870 2.224430 2.224430 2.270259 2.270259 2.320751 2.320751 2.367422 2.367422
2.926570 2.926570 2.957339 2.979876 3.007558 3.007558 3.022481 3.045316 3.045316 3.064043 3.064043 3.080091 3.087375 3.094265 3.101171 3.101171 3.225945 3.246893 3.263378 3.277696 3.284438 3.284025 3.274812 3.253761 3.217752 3.165292 3.094312 3.005204 2.904118 2.816905 2.816905 3.264029 3.426058 3.584539 3.628458 3.628458 3.681247 3.681247 3.690704 3.690704 3.674745 3.583919 3.583919 3.405551 3.405551 3.084596 3.084596 3.084596 3.041629 3.041629 3.066078 3.066078 3.114483 3.114483 3.167487 3.167487 3.217026 3.217026
2.931451 2.931451 2.959696 2.981735 3.007252 3.007252 3.022865 3.046586 3.046586 3.065957 3.065957 3.082726 3.090408 3.097729 3.105131 3.105131 3.215677 3.250054 3.279040 3.304332 3.323897 3.337901 3.346262 3.348063 3.341821 3.326396 3.299977 3.261540 3.213469 3.171609 3.171609 3.421455 3.578969 3.764084 3.819237 3.819237 3.880071 3.880071 3.878976 3.878976 3.854008 3.757642 3.757642 3.621514 3.621514 3.373523 3.373523 3.373523 3.317516 3.317516 3.328247 3.328247 3.367407 3.367407 3.414120 3.414120 3.459138 3.459138
2.934524 2.934524 2.961679 2.982306 3.006314 3.006314 3.022367 3.046548 3.046548 3.065963 3.065963 3.082727 3.090413 3.097742 3.105237 3.105237 3.206372 3.251631 3.292094 3.327711 3.357071 3.379902 3.396305 3.406222 3.409357 3.405598 3.394464 3.375645 3.350697 3.329820 3.329820 3.480337 3.618566 3.811567 3.873284 3.873284 3.934030 3.934030 3.911243 3.911243 3.873142 3.775913 3.775913 3.682914 3.682914 3.508410 3.508410 3.508410 3.446213 3.446213 3.442042 3.442042 3.470791 3.470791 3.511552 3.511552 3.552974 3.552974
2.935824 2.935824 2.960564 2.982190 3.005363 3.005363 3.021841 3.046497 3.046497 3.065950 3.065950 3.082694 3.090375 3.097702 3.105328 3.105328 3.202090 3.256337 3.306949 3.352135 3.390491 3.421432 3.444873 3.460879 3.469503 3.471000 3.465594 3.453663 3.436794 3.422227 3.422227 3.512892 3.625339 3.808372 3.867795 3.867795 3.908098 3.908098 3.853445 3.853445 3.808089 3.733114 3.733114 3.688972 3.688972 3.586566 3.586566 3.586566 3.527939 3.527939 3.510330 3.510330 3.526235 3.526235 3.558799 3.558799 3.595198 3.595198
2.932818 2.932818 2.965096 2.981845 3.004532 3.004532 3.021322 3.046361 3.046361 3.065863 3.065863 3.082602 3.090283 3.097614 3.105436 3.105436 3.203855 3.266045 3.325482 3.379160 3.425503 3.463766 3.493714 3.515369 3.528846 3.534436 3.532543 3.523774 3.509626 3.495401 3.495401 3.546067 3.629865 3.783901 3.827462 3.827462 3.820080 3.820080 3.738152 3.738152 3.702689 3.673153 3.673153 3.675206 3.675206 3.635409 3.635409 3.635409 3.589517 3.589517 3.563903 3.563903 3.566565 3.566565 3.588589 3.588589 3.617761 3.617761
2.931918 2.931918 2.967342 2.981529 3.004051 3.004051 3.021097 3.046415 3.046415 3.065933 3.065933 3.082649 3.090322 3.097646 3.105736 3.105736 3.212609 3.282373 3.349521 3.410443 3.463498 3.507941 3.543503 3.570175 3.588067 3.597429 3.598634 3.592261 3.579530 3.564181 3.564181 3.587278 3.641963 3.743519 3.751277 3.751277 3.677848 3.677848 3.604836 3.604836 3.596055 3.618038 3.618038 3.655841 3.655841 3.665182 3.665182 3.665182 3.637728 3.637728 3.611455 3.611455 3.603368 3.603368 3.613683 3.613683 3.633495 3.633495
2.931721 2.931721 2.968220 2.981437 3.003888 3.003888 3.021007 3.046413 3.046413 3.065940 3.065940 3.082652 3.090324 3.097648 3.106116 3.106116 3.229257 3.306768 3.380720 3.447566 3.505867 3.555053 3.594959 3.625627 3.647189 3.659850 3.663906 3.659803 3.648412 3.632021 3.632021 3.635644 3.660726 3.673950 3.623168 3.623168 3.503109 3.503109 3.484825 3.484825 3.507208 3.570781 3.570781 3.633143 3.633143 3.679488 3.679488 3.679488 3.672372 3.672372 3.652176 3.652176 3.638081 3.638081 3.637280 3.637280 3.646321 3.646321
2.931918 2.931918 2.967342 2.981529 3.004051 3.004051 3.021096 3.046415 3.046415 3.065932 3.065932 3.082648 3.090321 3.097646 3.106637 3.106637 3.255297 3.341000 3.420906 3.492224 3.554071 3.606261 3.648896 3.682162 3.706268 3.721413 3.727819 3.725791 3.715784 3.698412 3.698412 3.686208 3.676152 3.546667 3.433143 3.433143 3.336328 3.336328 3.393547 3.393547 3.439228 3.529431 3.529431 3.607991 3.607991 3.681818 3.681818 3.681818 3.693942 3.693942 3.684227 3.684227 3.668964 3.668964 3.659261 3.659261 3.657137 3.657137
2.932818 2.932818 2.965095 2.981846 3.004532 3.004532 3.021322 3.046362 3.046362 3.065864 3.065864 3.082602 3.090283 3.097614 3.107326 3.107326 3.292927 3.387232 3.472049 3.546104 3.609477 3.662616 3.706030 3.740157 3.765334 3.781804 3.789747 3.789315 3.780396 3.760671 3.760671 3.728601 3.662639 3.340558 3.208466 3.208466 3.211571 3.211571 3.327136 3.327136 3.385550 3.490876 3.490876 3.580356 3.580356 3.674449 3.674449 3.674449 3.703015 3.703015 3.705474 3.705474 3.693189 3.693189 3.677679 3.677679 3.665073 3.665073
2.935823 2.935823 2.960564 2.982190 3.005363 3.005363 3.021841 3.046497 3.046497 3.065950 3.065950 3.082693 3.090374 3.097701 3.108393 3.108393 3.345626 3.448394 3.536449 3.610912 3.673278 3.724883 3.766774 3.799710 3.824197 3.840547 3.848918 3.849292 3.840326 3.811883 3.811883 3.736968 3.567501 3.084908 3.014020 3.014020 3.128785 3.128785 3.272261 3.272261 3.336595 3.450722 3.450722 3.548018 3.548018 3.656962 3.656962 3.656962 3.698605 3.698605 3.712726 3.712726 3.705898 3.705898 3.687702 3.687702 3.666256 3.666256
