cruce_test.gid/Rasters/Hydraulic/Velocity____12.0.asc
NCOLS        79
NROWS        79
XLLCENTER         -1.500000
YLLCENTER         -4.800000
CELLSIZE           0.100
NODATA_VALUE     -9999.0
[rows 0 to 26 of 79, columns 0 to 59 of 79]
-9999.000 -9999.000 -9999.000 -9999.000 -9999.000 -9999.000 -9999.000 -9999.000 -9999.000 -9999.000 -9999.000 -9999.000 -9999.000 -9999.000 -9999.000 1.350594 1.363538 1.363955 1.364102 1.364156 1.364176 1.364183 1.364185 1.364183 1.364176 1.364156 1.364102 1.363955 1.363538 1.350594 1.350594 -9999.000 -9999.000 -9999.000 -9999.000 -9999.000 -9999.000 -9999.000 -9999.000 -9999.000 -9999.000 -9999.000 -9999.000 -9999.000 -9999.000 -9999.000 -9999.000 -9999.000 -9999.000 -9999.000 -9999.000 -9999.000 -9999.000 -9999.000 -9999.000 -9999.000 -9999.000 -9999.000 -9999.000 -9999.000
-9999.000 -9999.000 -9999.000 -9999.000 -9999.000 -9999.000 -9999.000 -9999.000 -9999.000 -9999.000 -9999.000 -9999.000 -9999.000 -9999.000 -9999.000 1.335970 1.359540 1.360353 1.360715 1.360881 1.360954 1.360983 1.360991 1.360983 1.360954 1.360881 1.360715 1.360353 1.359540 1.335970 1.335970 -9999.000 -9999.000 -9999.000 -9999.000 -9999.000 -9999.000 -9999.000 -9999.000 -9999.000 -9999.000 -9999.000 -9999.000 -9999.000 -9999.000 -9999.000 -9999.000 -9999.000 -9999.000 -9999.000 -9999.000 -9999.000 -9999.000 -9999.000 -9999.000 -9999.000 -9999.000 -9999.000 -9999.000 -9999.000
-9999.000 -9999.000 -9999.000 -9999.000 -9999.000 -9999.000 -9999.000 -9999.000 -9999.000 -9999.000 -9999.000 -9999.000 -9999.000 -9999.000 -9999.000 1.323148 1.355746 1.356818 1.357371 1.357677 1.357833 1.357904 1.357924 1.357904 1.357833 1.357677 1.357371 1.356818 1.355746 1.323148 1.323148 -9999.000 -9999.000 -9999.000 -9999.000 -9999.000 -9999.000 -9999.000 -9999.000 -9999.000 -9999.000 -9999.000 -9999.000 -9999.000 -9999.000 -9999.000 -9999.000 -9999.000 -9999.000 -9999.000 -9999.000 -9999.000 -9999.000 -9999.000 -9999.000 -9999.000 -9999.000 -9999.000 -9999.000 -9999.000
-9999.000 -9999.000 -9999.000 -9999.000 -9999.000 -9999.000 -9999.000 -9999.000 -9999.000 -9999.000 -9999.000 -9999.000 -9999.000 -9999.000 -9999.000 1.311693 1.352257 1.353452 1.354111 1.354542 1.354793 1.354919 1.354957 1.354919 1.354793 1.354542 1.354111 1.353452 1.352256 1.311693 1.311693 -9999.000 -9999.000 -9999.000 -9999.000 -9999.000 -9999.000 -9999.000 -9999.000 -9999.000 -9999.000 -9999.000 -9999.000 -9999.000 -9999.000 -9999.000 -9999.000 -9999.000 -9999.000 -9999.000 -9999.000 -9999.000 -9999.000 -9999.000 -9999.000 -9999.000 -9999.000 -9999.000 -9999.000 -9999.000
-9999.000 -9999.000 -9999.000 -9999.000 -9999.000 -9999.000 -9999.000 -9999.000 -9999.000 -9999.000 -9999.000 -9999.000 -9999.000 -9999.000 -9999.000 1.301237 1.349089 1.350321 1.350986 1.351494 1.351828 1.352011 1.352069 1.352011 1.351828 1.351494 1.350986 1.350321 1.349089 1.301237 1.301237 -9999.000 -9999.000 -9999.000 -9999.000 -9999.000 -9999.000 -9999.000 -9999.000 -9999.000 -9999.000 -9999.000 -9999.000 -9999.000 -9999.000 -9999.000 -9999.000 -9999.000 -9999.000 -9999.000 -9999.000 -9999.000 -9999.000 -9999.000 -9999.000 -9999.000 -9999.000 -9999.000 -9999.000 -9999.000
-9999.000 -9999.000 -9999.000 -9999.000 -9999.000 -9999.000 -9999.000 -9999.000 -9999.000 -9999.000 -9999.000 -9999.000 -9999.000 -9999.000 -9999.000 1.291500 1.346216 1.347453 1.348039 1.348559 1.348942 1.349169 1.349244 1.349169 1.348942 1.348559 1.348039 1.347453 1.346216 1.291501 1.291501 -9999.000 -9999.000 -9999.000 -9999.000 -9999.000 -9999.000 -9999.000 -9999.000 -9999.000 -9999.000 -9999.000 -9999.000 -9999.000 -9999.000 -9999.000 -9999.000 -9999.000 -9999.000 -9999.000 -9999.000 -9999.000 -9999.000 -9999.000 -9999.000 -9999.000 -9999.000 -9999.000 -9999.000 -9999.000
-9999.000 -9999.000 -9999.000 -9999.000 -9999.000 -9999.000 -9999.000 -9999.000 -9999.000 -9999.000 -9999.000 -9999.000 -9999.000 -9999.000 -9999.000 1.282284 1.343593 1.344847 1.345293 1.345761 1.346148 1.346395 1.346479 1.346395 1.346148 1.345761 1.345293 1.344847 1.343593 1.282284 1.282284 -9999.000 -9999.000 -9999.000 -9999.000 -9999.000 -9999.000 -9999.000 -9999.000 -9999.000 -9999.000 -9999.000 -9999.000 -9999.000 -9999.000 -9999.000 -9999.000 -9999.000 -9999.000 -9999.000 -9999.000 -9999.000 -9999.000 -9999.000 -9999.000 -9999.000 -9999.000 -9999.000 -9999.000 -9999.000
-9999.000 -9999.000 -9999.000 -9999.000 -9999.000 -9999.000 -9999.000 -9999.000 -9999.000 -9999.000 -9999.000 -9999.000 -9999.000 -9999.000 -9999.000 1.273457 1.341173 1.342480 1.342756 1.343119 1.343462 1.343698 1.343782 1.343698 1.343462 1.343119 1.342756 1.342480 1.341173 1.273457 1.273457 -9999.000 -9999.000 -9999.000 -9999.000 -9999.000 -9999.000 -9999.000 -9999.000 -9999.000 -9999.000 -9999.000 -9999.000 -9999.000 -9999.000 -9999.000 -9999.000 -9999.000 -9999.000 -9999.000 -9999.000 -9999.000 -9999.000 -9999.000 -9999.000 -9999.000 -9999.000 -9999.000 -9999.000 -9999.000
-9999.000 -9999.000 -9999.000 -9999.000 -9999.000 -9999.000 -9999.000 -9999.000 -9999.000 -9999.000 -9999.000 -9999.000 -9999.000 -9999.000 -9999.000 1.264935 1.338914 1.340319 1.340420 1.340644 1.340902 1.341097 1.341168 1.341096 1.340901 1.340644 1.340420 1.340318 1.338914 1.264935 1.264935 -9999.000 -9999.000 -9999.000 -9999.000 -9999.000 -9999.000 -9999.000 -9999.000 -9999.000 -9999.000 -9999.000 -9999.000 -9999.000 -9999.000 -9999.000 -9999.000 -9999.000 -9999.000 -9999.000 -9999.000 -9999.000 -9999.000 -9999.000 -9999.000 -9999.000 -9999.000 -9999.000 -9999.000 -9999.000
-9999.000 -9999.000 -9999.000 -9999.000 -9999.000 -9999.000 -9999.000 -9999.000 -9999.000 -9999.000 -9999.000 -9999.000 -9999.000 -9999.000 -9999.000 1.152816 1.334370 1.338189 1.338257 1.338336 1.338481 1.338609 1.338660 1.338609 1.338480 1.338337 1.338268 1.338330 1.336780 1.256666 1.256666 -9999.000 -9999.000 -9999.000 -9999.000 -9999.000 -9999.000 -9999.000 -9999.000 -9999.000 -9999.000 -9999.000 -9999.000 -9999.000 -9999.000 -9999.000 -9999.000 -9999.000 -9999.000 -9999.000 -9999.000 -9999.000 -9999.000 -9999.000 -9999.000 -9999.000 -9999.000 -9999.000 -9999.000 -9999.000
-9999.000 -9999.000 -9999.000 -9999.000 -9999.000 -9999.000 -9999.000 -9999.000 -9999.000 -9999.000 -9999.000 -9999.000 -9999.000 -9999.000 -9999.000 0.4569144 0.6329527 0.7993006 1.004415 1.237962 1.325245 1.333995 1.335748 1.336132 1.336180 1.336186 1.336277 1.336482 1.334745 1.248619 1.248619 -9999.000 -9999.000 -9999.000 -9999.000 -9999.000 -9999.000 -9999.000 -9999.000 -9999.000 -9999.000 -9999.000 -9999.000 -9999.000 -9999.000 -9999.000 -9999.000 -9999.000 -9999.000 -9999.000 -9999.000 -9999.000 -9999.000 -9999.000 -9999.000 -9999.000 -9999.000 -9999.000 -9999.000 -9999.000
-9999.000 -9999.000 -9999.000 -9999.000 -9999.000 -9999.000 -9999.000 -9999.000 -9999.000 -9999.000 -9999.000 -9999.000 -9999.000 -9999.000 -9999.000 0.2870145 0.3944822 0.4597739 0.5162529 0.5811988 0.6918255 0.8827335 1.156785 1.301185 1.326908 1.332383 1.333962 1.334629 1.332763 1.240759 1.240759 -9999.000 -9999.000 -9999.000 -9999.000 -9999.000 -9999.000 -9999.000 -9999.000 -9999.000 -9999.000 -9999.000 -9999.000 -9999.000 -9999.000 -9999.000 -9999.000 -9999.000 -9999.000 -9999.000 -9999.000 -9999.000 -9999.000 -9999.000 -9999.000 -9999.000 -9999.000 -9999.000 -9999.000 -9999.000
-9999.000 -9999.000 -9999.000 -9999.000 -9999.000 -9999.000 -9999.000 -9999.000 -9999.000 -9999.000 -9999.000 -9999.000 -9999.000 -9999.000 -9999.000 0.2031787 0.3124757 0.3907105 0.4508826 0.4957025 0.5298454 0.5727522 0.6374807 0.7576741 0.9746148 1.222456 1.305768 1.326294 1.329175 1.232099 1.232099 -9999.000 -9999.000 -9999.000 -9999.000 -9999.000 -9999.000 -9999.000 -9999.000 -9999.000 -9999.000 -9999.000 -9999.000 -9999.000 -9999.000 -9999.000 -9999.000 -9999.000 -9999.000 -9999.000 -9999.000 -9999.000 -9999.000 -9999.000 -9999.000 -9999.000 -9999.000 -9999.000 -9999.000 -9999.000
-9999.000 -9999.000 -9999.000 -9999.000 -9999.000 -9999.000 -9999.000 -9999.000 -9999.000 -9999.000 -9999.000 -9999.000 -9999.000 -9999.000 -9999.000 0.1346826 0.2416888 0.3305482 0.4020830 0.4571898 0.5016614 0.5456174 0.5856534 0.6152354 0.6609287 0.7532128 0.9414524 1.177619 1.282478 1.203840 1.203840 -9999.000 -9999.000 -9999.000 -9999.000 -9999.000 -9999.000 -9999.000 -9999.000 -9999.000 -9999.000 -9999.000 -9999.000 -9999.000 -9999.000 -9999.000 -9999.000 -9999.000 -9999.000 -9999.000 -9999.000 -9999.000 -9999.000 -9999.000 -9999.000 -9999.000 -9999.000 -9999.000 -9999.000 -9999.000
-9999.000 -9999.000 -9999.000 -9999.000 -9999.000 -9999.000 -9999.000 -9999.000 -9999.000 -9999.000 -9999.000 -9999.000 -9999.000 -9999.000 -9999.000 0.7716271E-01 0.1787676 0.2753488 0.3571379 0.4234619 0.4794586 0.5305675 0.5729467 0.6050605 0.6403480 0.6751685 0.7159843 0.8052736 0.9891518 0.9819826 0.9819826 -9999.000 -9999.000 -9999.000 -9999.000 -9999.000 -9999.000 -9999.000 -9999.000 -9999.000 -9999.000 -9999.000 -9999.000 -9999.000 -9999.000 -9999.000 -9999.000 -9999.000 -9999.000 -9999.000 -9999.000 -9999.000 -9999.000 -9999.000 -9999.000 -9999.000 -9999.000 -9999.000 -9999.000 -9999.000
0.6870790 0.6870790 0.6171420 0.5962149 0.5856956 0.5856956 0.5748408 0.5508422 0.5508422 0.5204999 0.5204999 0.4778278 0.4488820 0.4122983 0.3654348 0.3654348 0.2973340 0.3286909 0.3781827 0.4306035 0.4821332 0.5317351 0.5745709 0.6110361 0.6488042 0.6840558 0.7204018 0.7675824 0.8449007 0.9764541 0.9764541 1.276099 1.278805 0.3543260 0.8168591E-01 0.8168591E-01 0.1020565 0.1020565 0.1358264 0.1358264 0.1230772 0.5570744E-01 0.5570744E-01 0.6389450E-01 0.6389450E-01 0.1737959 0.1737959 0.1737959 0.2442470 0.2442470 0.3043513 0.3043513 0.3553780 0.3553780 0.3992208 0.3992208 0.4419445 0.4419445 0.4419445 0.4710225
0.6952482 0.6952482 0.6242480 0.6070933 0.5978063 0.5978063 0.5877405 0.5640166 0.5640166 0.5328247 0.5328247 0.4915368 0.4669757 0.4401333 0.4115703 0.4115703 0.3781854 0.3940767 0.4248694 0.4632238 0.5058136 0.5497660 0.5905173 0.6286490 0.6680137 0.7062633 0.7477232 0.7989237 0.8706612 0.9550467 0.9550467 1.165779 1.200316 1.033270 0.8863244 0.8863244 0.2662320 0.2662320 0.6387043E-01 0.6387043E-01 0.1002889 0.2172744 0.2172744 0.3114253 0.3114253 0.4023892 0.4023892 0.4023892 0.4545241 0.4545241 0.4997363 0.4997363 0.5384852 0.5384852 0.5685470 0.5685470 0.6062688 0.6062688 0.6062688 0.6309707
0.6980375 0.6980375 0.6245210 0.6082290 0.5996116 0.5996116 0.5904544 0.5695568 0.5695568 0.5431764 0.5431764 0.5097250 0.4906474 0.4705842 0.4502054 0.4502054 0.4294707 0.4415986 0.4656895 0.4974708 0.5345090 0.5740619 0.6127528 0.6510767 0.6907723 0.7306781 0.7746589 0.8276439 0.8979349 0.9810581 0.9810581 1.139834 1.189056 1.154905 1.090327 1.090327 0.8306061 0.8306061 0.4903221 0.4903221 0.4280540 0.5248176 0.5248176 0.5938408 0.5938408 0.6391335 0.6391335 0.6391335 0.6555746 0.6555746 0.6732367 0.6732367 0.6824892 0.6824892 0.6914487 0.6914487 0.7180760 0.7180760 0.7180760 0.7310095
0.7013619 0.7013619 0.6250249 0.6095200 0.6015647 0.6015647 0.5933043 0.5751576 0.5751576 0.5533057 0.5533057 0.5267715 0.5121949 0.4973252 0.4827137 0.4827137 0.4702168 0.4803519 0.5007346 0.5288418 0.5626097 0.5994894 0.6369726 0.6752474 0.7149144 0.7555346 0.8001748 0.8526391 0.9195306 1.001850 1.001850 1.144519 1.203242 1.205729 1.176621 1.176621 1.051843 1.051843 0.8811040 0.8811040 0.8213216 0.8124211 0.8124211 0.8553761 0.8553761 0.8550440 0.8550440 0.8550440 0.8451042 0.8451042 0.8360599 0.8360599 0.8296245 0.8296245 0.8223949 0.8223949 0.8268204 0.8268204 0.8268204 0.8261316
0.7052242 0.7052242 0.6257609 0.6111256 0.6038811 0.6038811 0.5965574 0.5811612 0.5811612 0.5635908 0.5635908 0.5432152 0.5324588 0.5218493 0.5118020 0.5118020 0.5060681 0.5151783 0.5329006 0.5581279 0.5893235 0.6242711 0.6609742 0.6991912 0.7388182 0.7796985 0.8241197 0.8750581 0.9377860 1.016684 1.016684 1.145918 1.209705 1.237432 1.225279 1.225279 1.148230 1.148230 1.015603 1.015603 0.9748957 0.9720435 0.9720435 1.011908 1.011908 1.027360 1.027360 1.027360 1.008863 1.008863 0.9812934 0.9812934 0.9553710 0.9553710 0.9320410 0.9320410 0.9185344 0.9185344 0.9185344 0.9060053
0.7094825 0.7094825 0.6266213 0.6129345 0.6064380 0.6064380 0.6000829 0.5874509 0.5874509 0.5740266 0.5740266 0.5593820 0.5520680 0.5452124 0.5390987 0.5390987 0.5396084 0.5485003 0.5642750 0.5868980 0.6155372 0.6485313 0.6842864 0.7221911 0.7616606 0.8025077 0.8463155 0.8954006 0.9540221 1.028328 1.028328 1.145129 1.211722 1.251790 1.245106 1.245106 1.168884 1.168884 1.055062 1.055062 1.031017 1.048477 1.048477 1.091629 1.091629 1.127158 1.127158 1.127158 1.125560 1.125560 1.101137 1.101137 1.066111 1.066111 1.029941 1.029941 1.000957 1.000957 1.000957 0.9764901
0.7140263 0.7140263 0.6275836 0.6149571 0.6092526 0.6092526 0.6038991 0.5940446 0.5940446 0.5846798 0.5846798 0.5755547 0.5715209 0.5682153 0.5657879 0.5657879 0.5725170 0.5818402 0.5962871 0.6165463 0.6425030 0.6731843 0.7074351 0.7444584 0.7833683 0.8237911 0.8666793 0.9137713 0.9685282 1.037856 1.037856 1.142781 1.209636 1.245673 1.227379 1.227379 1.130878 1.130878 1.061643 1.061643 1.062354 1.100654 1.100654 1.144930 1.144930 1.184028 1.184028 1.184028 1.194278 1.194278 1.184471 1.184471 1.156231 1.156231 1.116915 1.116915 1.077235 1.077235 1.077235 1.041342
0.7186788 0.7186788 0.6285970 0.6171293 0.6122501 0.6122501 0.6079208 0.6008470 0.6008470 0.5954971 0.5954971 0.5918673 0.5911419 0.5914553 0.5928180 0.5928180 0.6061822 0.6164159 0.6300403 0.6482020 0.6713977 0.6993474 0.7313869 0.7667441 0.8044072 0.8437840 0.8852659 0.9300338 0.9808265 1.044491 1.044491 1.136527 1.197151 1.195447 1.155254 1.155254 1.074759 1.074759 1.068663 1.068663 1.088577 1.138941 1.138941 1.183522 1.183522 1.222329 1.222329 1.222329 1.235920 1.235920 1.234546 1.234546 1.217578 1.217578 1.185856 1.185856 1.145010 1.145010 1.145010 1.101991
0.7232425 0.7232425 0.6296254 0.6193761 0.6153267 0.6153267 0.6120132 0.6076744 0.6076744 0.6063038 0.6063038 0.6082963 0.6110860 0.6153711 0.6210337 0.6210337 0.6419968 0.6534333 0.6665568 0.6828354 0.7032402 0.7280917 0.7572177 0.7900306 0.8255377 0.8629521 0.9021411 0.9436475 0.9893050 1.044546 1.044546 1.116794 1.153902 1.095142 1.057975 1.057975 1.035878 1.035878 1.080953 1.080953 1.110436 1.165971 1.165971 1.210689 1.210689 1.249428 1.249428 1.249428 1.264090 1.264090 1.265869 1.265869 1.255173 1.255173 1.231973 1.231973 1.197272 1.197272 1.197272 1.154663
0.7274534 0.7274534 0.6306025 0.6215717 0.6183307 0.6183307 0.6160032 0.6143245 0.6143245 0.6168998 0.6168998 0.6247442 0.6314124 0.6403264 0.6513298 0.6513298 0.6816396 0.6943131 0.7069763 0.7214158 0.7389596 0.7603890 0.7859578 0.8153279 0.8475939 0.8817623 0.9170834 0.9531091 0.9900048 1.029561 1.029561 1.064404 1.057965 0.9861578 0.9781475 0.9781475 1.017423 1.017423 1.091195 1.091195 1.124774 1.182770 1.182770 1.228045 1.228045 1.267679 1.267679 1.267679 1.283342 1.283342 1.286809 1.286809 1.279069 1.279069 1.260710 1.260710 1.232043 1.232043 1.232043 1.194120
0.7310819 0.7310819 0.6315255 0.6236681 0.6211879 0.6211879 0.6197891 0.6206401 0.6206401 0.6270769 0.6270769 0.6410159 0.6520418 0.6665687 0.6847214 0.6847214 0.7274066 0.7409145 0.7527378 0.7650725 0.7795198 0.7971659 0.8185641 0.8435759 0.8713199 0.9004194 0.9290770 0.9548756 0.9746248 0.9844581 0.9844581 0.9670350 0.9292472 0.9046469 0.9254427 0.9254427 1.001902 1.001902 1.093255 1.093255 1.129222 1.189684 1.189684 1.236595 1.236595 1.278488 1.278488 1.278488 1.295621 1.295621 1.300641 1.300641 1.294782 1.294782 1.279016 1.279016 1.253934 1.253934 1.253934 1.220169
0.7338930 0.7338930 0.6324102 0.6256126 0.6238174 0.6238174 0.6232606 0.6264417 0.6264417 0.6365601 0.6365601 0.6567312 0.6726167 0.6940255 0.7222388 0.7222388 0.7827182 0.7958178 0.8057682 0.8152592 0.8260699 0.8394208 0.8559861 0.8756467 0.8972737 0.9185643 0.9355841 0.9422573 0.9313759 0.8979647 0.8979647 0.8367836 0.8084762 0.8480428 0.8895847 0.8895847 0.9807046 0.9807046 1.091720 1.091720 1.129406 1.192040 1.192040 1.240607 1.240607 1.284653 1.284653 1.284653 1.303096 1.303096 1.309369 1.309369 1.304816 1.304816 1.290575 1.290575 1.267451 1.267451 1.267451 1.236184
