cruce_test.gid/Rasters/Hydraulic/Velocity__x_333.0.asc
NCOLS        79
NROWS        79
XLLCENTER         -1.500000
YLLCENTER         -4.800000
CELLSIZE           0.100
NODATA_VALUE     -9999.0
[rows 0 to 25 of 79, columns 0 to 57 of 79]
-9999.000 -9999.000 -9999.000 -9999.000 -9999.000 -9999.000 -9999.000 -9999.000 -9999.000 -9999.000 -9999.000 -9999.000 -9999.000 -9999.000 -9999.000 0.4695345E-03 0.2336007E-02 0.5747583E-02 0.9150119E-02 0.1209772E-01 0.1441340E-01 0.1601988E-01 0.1692620E-01 0.1718342E-01 0.1684011E-01 0.1595659E-01 0.1455482E-01 0.1246332E-01 0.8914775E-02 0.4385127E-02 0.4385127E-02 -9999.000 -9999.000 -9999.000 -9999.000 -9999.000 -9999.000 -9999.000 -9999.000 -9999.000 -9999.000 -9999.000 -9999.000 -9999.000 -9999.000 -9999.000 -9999.000 -9999.000 -9999.000 -9999.000 -9999.000 -9999.000 -9999.000 -9999.000 -9999.000 -9999.000 -9999.000 -9999.000
-9999.000 -9999.000 -9999.000 -9999.000 -9999.000 -9999.000 -9999.000 -9999.000 -9999.000 -9999.000 -9999.000 -9999.000 -9999.000 -9999.000 -9999.000 0.1646200E-02 0.4700452E-02 0.9257545E-02 0.1372081E-01 0.1761325E-01 0.2070393E-01 0.2286521E-01 0.2406284E-01 0.2431561E-01 0.2365294E-01 0.2212547E-01 0.1975905E-01 0.1641894E-01 0.1146635E-01 0.5625495E-02 0.5625495E-02 -9999.000 -9999.000 -9999.000 -9999.000 -9999.000 -9999.000 -9999.000 -9999.000 -9999.000 -9999.000 -9999.000 -9999.000 -9999.000 -9999.000 -9999.000 -9999.000 -9999.000 -9999.000 -9999.000 -9999.000 -9999.000 -9999.000 -9999.000 -9999.000 -9999.000 -9999.000 -9999.000
-9999.000 -9999.000 -9999.000 -9999.000 -9999.000 -9999.000 -9999.000 -9999.000 -9999.000 -9999.000 -9999.000 -9999.000 -9999.000 -9999.000 -9999.000 0.2234946E-02 0.5942198E-02 0.1120543E-01 0.1631052E-01 0.2075154E-01 0.2427446E-01 0.2673289E-01 0.2807978E-01 0.2832633E-01 0.2749906E-01 0.2565413E-01 0.2282831E-01 0.1889679E-01 0.1321189E-01 0.6520456E-02 0.6520456E-02 -9999.000 -9999.000 -9999.000 -9999.000 -9999.000 -9999.000 -9999.000 -9999.000 -9999.000 -9999.000 -9999.000 -9999.000 -9999.000 -9999.000 -9999.000 -9999.000 -9999.000 -9999.000 -9999.000 -9999.000 -9999.000 -9999.000 -9999.000 -9999.000 -9999.000 -9999.000 -9999.000
-9999.000 -9999.000 -9999.000 -9999.000 -9999.000 -9999.000 -9999.000 -9999.000 -9999.000 -9999.000 -9999.000 -9999.000 -9999.000 -9999.000 -9999.000 0.2602838E-02 0.6723979E-02 0.1244044E-01 0.1796157E-01 0.2276085E-01 0.2656978E-01 0.2923065E-01 0.3069065E-01 0.3095794E-01 0.3005857E-01 0.2805208E-01 0.2497962E-01 0.2071320E-01 0.1457074E-01 0.7247869E-02 0.7247869E-02 -9999.000 -9999.000 -9999.000 -9999.000 -9999.000 -9999.000 -9999.000 -9999.000 -9999.000 -9999.000 -9999.000 -9999.000 -9999.000 -9999.000 -9999.000 -9999.000 -9999.000 -9999.000 -9999.000 -9999.000 -9999.000 -9999.000 -9999.000 -9999.000 -9999.000 -9999.000 -9999.000
-9999.000 -9999.000 -9999.000 -9999.000 -9999.000 -9999.000 -9999.000 -9999.000 -9999.000 -9999.000 -9999.000 -9999.000 -9999.000 -9999.000 -9999.000 0.2881757E-02 0.7316136E-02 0.1337418E-01 0.1921035E-01 0.2428384E-01 0.2831643E-01 0.3114253E-01 0.3270658E-01 0.3301526E-01 0.3209374E-01 0.3000393E-01 0.2678787E-01 0.2230736E-01 0.1582941E-01 0.7946732E-02 0.7946732E-02 -9999.000 -9999.000 -9999.000 -9999.000 -9999.000 -9999.000 -9999.000 -9999.000 -9999.000 -9999.000 -9999.000 -9999.000 -9999.000 -9999.000 -9999.000 -9999.000 -9999.000 -9999.000 -9999.000 -9999.000 -9999.000 -9999.000 -9999.000 -9999.000 -9999.000 -9999.000 -9999.000
-9999.000 -9999.000 -9999.000 -9999.000 -9999.000 -9999.000 -9999.000 -9999.000 -9999.000 -9999.000 -9999.000 -9999.000 -9999.000 -9999.000 -9999.000 0.3133814E-02 0.7847718E-02 0.1420629E-01 0.2031956E-01 0.2563581E-01 0.2987024E-01 0.3285107E-01 0.3452149E-01 0.3488800E-01 0.3397450E-01 0.3184520E-01 0.2854103E-01 0.2390799E-01 0.1714775E-01 0.8698954E-02 0.8698954E-02 -9999.000 -9999.000 -9999.000 -9999.000 -9999.000 -9999.000 -9999.000 -9999.000 -9999.000 -9999.000 -9999.000 -9999.000 -9999.000 -9999.000 -9999.000 -9999.000 -9999.000 -9999.000 -9999.000 -9999.000 -9999.000 -9999.000 -9999.000 -9999.000 -9999.000 -9999.000 -9999.000
-9999.000 -9999.000 -9999.000 -9999.000 -9999.000 -9999.000 -9999.000 -9999.000 -9999.000 -9999.000 -9999.000 -9999.000 -9999.000 -9999.000 -9999.000 0.3389568E-02 0.8383378E-02 0.1503663E-01 0.2141997E-01 0.2697408E-01 0.3140902E-01 0.3454819E-01 0.3633506E-01 0.3677624E-01 0.3589424E-01 0.3375558E-01 0.3039930E-01 0.2565022E-01 0.1862912E-01 0.9561280E-02 0.9561280E-02 -9999.000 -9999.000 -9999.000 -9999.000 -9999.000 -9999.000 -9999.000 -9999.000 -9999.000 -9999.000 -9999.000 -9999.000 -9999.000 -9999.000 -9999.000 -9999.000 -9999.000 -9999.000 -9999.000 -9999.000 -9999.000 -9999.000 -9999.000 -9999.000 -9999.000 -9999.000 -9999.000
-9999.000 -9999.000 -9999.000 -9999.000 -9999.000 -9999.000 -9999.000 -9999.000 -9999.000 -9999.000 -9999.000 -9999.000 -9999.000 -9999.000 -9999.000 0.3665556E-02 0.8956967E-02 0.1591823E-01 0.2258172E-01 0.2838345E-01 0.3302969E-01 0.3633991E-01 0.3825897E-01 0.3879419E-01 0.3796729E-01 0.3584718E-01 0.3246992E-01 0.2763379E-01 0.2035995E-01 0.1058584E-01 0.1058584E-01 -9999.000 -9999.000 -9999.000 -9999.000 -9999.000 -9999.000 -9999.000 -9999.000 -9999.000 -9999.000 -9999.000 -9999.000 -9999.000 -9999.000 -9999.000 -9999.000 -9999.000 -9999.000 -9999.000 -9999.000 -9999.000 -9999.000 -9999.000 -9999.000 -9999.000 -9999.000 -9999.000
-9999.000 -9999.000 -9999.000 -9999.000 -9999.000 -9999.000 -9999.000 -9999.000 -9999.000 -9999.000 -9999.000 -9999.000 -9999.000 -9999.000 -9999.000 0.3971884E-02 0.9590199E-02 0.1688445E-01 0.2384945E-01 0.2991828E-01 0.3479541E-01 0.3829695E-01 0.4037057E-01 0.4102531E-01 0.4028137E-01 0.3821140E-01 0.3484726E-01 0.2995446E-01 0.2243353E-01 0.1183190E-01 0.1183190E-01 -9999.000 -9999.000 -9999.000 -9999.000 -9999.000 -9999.000 -9999.000 -9999.000 -9999.000 -9999.000 -9999.000 -9999.000 -9999.000 -9999.000 -9999.000 -9999.000 -9999.000 -9999.000 -9999.000 -9999.000 -9999.000 -9999.000 -9999.000 -9999.000 -9999.000 -9999.000 -9999.000
-9999.000 -9999.000 -9999.000 -9999.000 -9999.000 -9999.000 -9999.000 -9999.000 -9999.000 -9999.000 -9999.000 -9999.000 -9999.000 -9999.000 -9999.000 0.4316817E-02 0.1030060E-01 0.1796341E-01 0.2526022E-01 0.3162464E-01 0.3676078E-01 0.4048205E-01 0.4274094E-01 0.4354819E-01 0.4292325E-01 0.4094355E-01 0.3763587E-01 0.3272607E-01 0.2496801E-01 0.1337754E-01 0.1337754E-01 -9999.000 -9999.000 -9999.000 -9999.000 -9999.000 -9999.000 -9999.000 -9999.000 -9999.000 -9999.000 -9999.000 -9999.000 -9999.000 -9999.000 -9999.000 -9999.000 -9999.000 -9999.000 -9999.000 -9999.000 -9999.000 -9999.000 -9999.000 -9999.000 -9999.000 -9999.000 -9999.000
-9999.000 -9999.000 -9999.000 -9999.000 -9999.000 -9999.000 -9999.000 -9999.000 -9999.000 -9999.000 -9999.000 -9999.000 -9999.000 -9999.000 -9999.000 0.4708959E-02 0.1110654E-01 0.1918451E-01 0.2685441E-01 0.3355344E-01 0.3898679E-01 0.4296617E-01 0.4545118E-01 0.4645581E-01 0.4599856E-01 0.4416383E-01 0.4097242E-01 0.3610178E-01 0.2812753E-01 0.1533262E-01 0.1533262E-01 -9999.000 -9999.000 -9999.000 -9999.000 -9999.000 -9999.000 -9999.000 -9999.000 -9999.000 -9999.000 -9999.000 -9999.000 -9999.000 -9999.000 -9999.000 -9999.000 -9999.000 -9999.000 -9999.000 -9999.000 -9999.000 -9999.000 -9999.000 -9999.000 -9999.000 -9999.000 -9999.000
-9999.000 -9999.000 -9999.000 -9999.000 -9999.000 -9999.000 -9999.000 -9999.000 -9999.000 -9999.000 -9999.000 -9999.000 -9999.000 -9999.000 -9999.000 0.5159032E-02 0.1203156E-01 0.2058594E-01 0.2868447E-01 0.3577074E-01 0.4155352E-01 0.4584411E-01 0.4861197E-01 0.4987545E-01 0.4965378E-01 0.4804039E-01 0.4505043E-01 0.4030229E-01 0.3215338E-01 0.1786024E-01 0.1786024E-01 -9999.000 -9999.000 -9999.000 -9999.000 -9999.000 -9999.000 -9999.000 -9999.000 -9999.000 -9999.000 -9999.000 -9999.000 -9999.000 -9999.000 -9999.000 -9999.000 -9999.000 -9999.000 -9999.000 -9999.000 -9999.000 -9999.000 -9999.000 -9999.000 -9999.000 -9999.000 -9999.000
-9999.000 -9999.000 -9999.000 -9999.000 -9999.000 -9999.000 -9999.000 -9999.000 -9999.000 -9999.000 -9999.000 -9999.000 -9999.000 -9999.000 -9999.000 0.5682850E-02 0.1310998E-01 0.2222298E-01 0.3082645E-01 0.3837307E-01 0.4457804E-01 0.4925390E-01 0.5238421E-01 0.5399402E-01 0.5410467E-01 0.5282383E-01 0.5016042E-01 0.4566197E-01 0.3741737E-01 0.2121295E-01 0.2121295E-01 -9999.000 -9999.000 -9999.000 -9999.000 -9999.000 -9999.000 -9999.000 -9999.000 -9999.000 -9999.000 -9999.000 -9999.000 -9999.000 -9999.000 -9999.000 -9999.000 -9999.000 -9999.000 -9999.000 -9999.000 -9999.000 -9999.000 -9999.000 -9999.000 -9999.000 -9999.000 -9999.000
-9999.000 -9999.000 -9999.000 -9999.000 -9999.000 -9999.000 -9999.000 -9999.000 -9999.000 -9999.000 -9999.000 -9999.000 -9999.000 -9999.000 -9999.000 0.6411401E-02 0.1458394E-01 0.2442575E-01 0.3365907E-01 0.4176213E-01 0.4846980E-01 0.5360751E-01 0.5718483E-01 0.5924047E-01 0.5980342E-01 0.5900243E-01 0.5684158E-01 0.5278086E-01 0.4457511E-01 0.2585134E-01 0.2585134E-01 -9999.000 -9999.000 -9999.000 -9999.000 -9999.000 -9999.000 -9999.000 -9999.000 -9999.000 -9999.000 -9999.000 -9999.000 -9999.000 -9999.000 -9999.000 -9999.000 -9999.000 -9999.000 -9999.000 -9999.000 -9999.000 -9999.000 -9999.000 -9999.000 -9999.000 -9999.000 -9999.000
-9999.000 -9999.000 -9999.000 -9999.000 -9999.000 -9999.000 -9999.000 -9999.000 -9999.000 -9999.000 -9999.000 -9999.000 -9999.000 -9999.000 -9999.000 0.3949537E-01 0.6029348E-01 0.6953804E-01 0.7230340E-01 0.7459745E-01 0.7538123E-01 0.7492721E-01 0.7359368E-01 0.7151190E-01 0.6879769E-01 0.6556695E-01 0.6172236E-01 0.5652927E-01 0.4738768E-01 0.2379238E-01 0.2379238E-01 -9999.000 -9999.000 -9999.000 -9999.000 -9999.000 -9999.000 -9999.000 -9999.000 -9999.000 -9999.000 -9999.000 -9999.000 -9999.000 -9999.000 -9999.000 -9999.000 -9999.000 -9999.000 -9999.000 -9999.000 -9999.000 -9999.000 -9999.000 -9999.000 -9999.000 -9999.000 -9999.000
2.709674 2.709674 2.693099 2.724946 2.743004 2.743004 2.746159 2.746764 2.746764 2.743711 2.743711 2.738123 2.734671 2.730900 2.726975 2.726975 2.809105 2.811529 2.802324 2.774674 2.727965 2.660583 2.570454 2.460538 2.331048 2.184361 2.025184 1.864324 1.728379 1.683081 1.683081 2.538336 2.709230 2.798502 2.818738 2.818738 2.840434 2.840434 2.802743 2.802743 2.747230 2.536397 2.536397 2.072906 2.072906 1.904789 1.904789 1.904789 1.914531 1.914531 1.956204 1.956204 2.005947 2.005947 2.054545 2.054545 2.096156 2.096156
2.732097 2.732097 2.722859 2.777269 2.801935 2.801935 2.816430 2.838971 2.838971 2.857488 2.857488 2.873266 2.880429 2.887224 2.893814 2.893814 2.956047 2.970005 2.981411 2.988479 2.990081 2.983963 2.967061 2.937575 2.892889 2.831194 2.751933 2.657126 2.554484 2.493754 2.493754 2.957739 3.117751 3.265244 3.303427 3.303427 3.342605 3.342605 3.332324 3.332324 3.303282 3.182200 3.182200 2.918117 2.918117 2.720193 2.720193 2.720193 2.729460 2.729460 2.772589 2.772589 2.825296 2.825296 2.876649 2.876649 2.921678 2.921678
2.736359 2.736359 2.724990 2.779156 2.801791 2.801791 2.816792 2.840178 2.840178 2.859359 2.859359 2.875840 2.883382 2.890580 2.897612 2.897612 2.955010 2.978713 3.000959 3.020165 3.035521 3.046099 3.050544 3.047968 3.036814 3.015390 2.982309 2.937548 2.884929 2.852740 2.852740 3.127431 3.282972 3.457277 3.505933 3.505933 3.550612 3.550612 3.530662 3.530662 3.495876 3.387879 3.387879 3.213398 3.213398 3.019217 3.019217 3.019217 3.012817 3.012817 3.045803 3.045803 3.090907 3.090907 3.136060 3.136060 3.176328 3.176328
2.737867 2.737867 2.723886 2.779731 2.801097 2.801097 2.816368 2.840247 2.840247 2.859590 2.859590 2.876095 2.883625 2.890805 2.897843 2.897843 2.953505 2.985902 3.017626 3.046045 3.069887 3.088417 3.100969 3.107323 3.107078 3.099675 3.084558 3.061800 3.033847 3.018838 3.018838 3.189559 3.329468 3.512576 3.566305 3.566305 3.606318 3.606318 3.565735 3.565735 3.524438 3.433759 3.433759 3.326949 3.326949 3.162404 3.162404 3.162404 3.139781 3.139781 3.160956 3.160956 3.199101 3.199101 3.240071 3.240071 3.277398 3.277398
2.735894 2.735894 2.727793 2.779916 2.800495 2.800495 2.815918 2.840138 2.840138 2.859589 2.859589 2.876147 2.883697 2.890891 2.897977 2.897977 2.955503 2.995878 3.036330 3.073208 3.104774 3.130154 3.148820 3.160654 3.165651 3.163842 3.155344 3.140723 3.122155 3.112082 3.112082 3.219694 3.337260 3.511396 3.560348 3.560348 3.575919 3.575919 3.513027 3.513027 3.474799 3.418681 3.418681 3.370056 3.370056 3.251568 3.251568 3.251568 3.217246 3.217246 3.224371 3.224371 3.253356 3.253356 3.288961 3.288961 3.322742 3.322742
2.736420 2.736420 2.729533 2.779979 2.800033 2.800033 2.815529 2.839981 2.839981 2.859500 2.859500 2.876087 2.883654 2.890865 2.898030 2.898030 2.961858 3.009943 3.058400 3.102921 3.141480 3.173112 3.197309 3.213934 3.223046 3.224832 3.219640 3.208227 3.192569 3.181497 3.181497 3.246108 3.337219 3.481121 3.510415 3.510415 3.481998 3.481998 3.415231 3.415231 3.394523 3.384089 3.384089 3.381901 3.381901 3.314164 3.314164 3.314164 3.277006 3.277006 3.271155 3.271155 3.288884 3.288884 3.316958 3.316958 3.345579 3.345579
2.736801 2.736801 2.730415 2.780035 2.799787 2.799787 2.815316 2.839912 2.839912 2.859469 2.859469 2.876058 2.883624 2.890836 2.898092 2.898092 2.973479 3.029389 3.085200 3.136424 3.181017 3.218043 3.247054 3.267920 3.280696 3.285570 3.282896 3.273371 3.258623 3.244807 3.244807 3.278388 3.340174 3.424227 3.414957 3.414957 3.343172 3.343172 3.307311 3.307311 3.313164 3.346136 3.346136 3.377653 3.377653 3.356945 3.356945 3.356945 3.326266 3.326266 3.311975 3.311975 3.318117 3.318117 3.336729 3.336729 3.358300 3.358300
2.736938 2.736938 2.730684 2.780055 2.799708 2.799708 2.815247 2.839890 2.839890 2.859461 2.859461 2.876049 2.883613 2.890825 2.898206 2.898206 2.991518 3.055650 3.118226 3.175112 3.224550 3.265808 3.298597 3.322863 3.338682 3.346220 3.345764 3.337852 3.323668 3.307097 3.307097 3.317069 3.345078 3.325005 3.265554 3.265554 3.190337 3.190337 3.214764 3.214764 3.245086 3.310127 3.310127 3.364606 3.364606 3.383172 3.383172 3.383172 3.365494 3.365494 3.348951 3.348951 3.345333 3.345333 3.353471 3.353471 3.366240 3.366240
2.736801 2.736801 2.730416 2.780035 2.799786 2.799786 2.815316 2.839912 2.839912 2.859470 2.859470 2.876059 2.883625 2.890837 2.898392 2.898392 3.017502 3.090372 3.159083 3.220427 3.273273 3.317303 3.352510 3.379005 3.396939 3.406478 3.407834 3.401373 3.387759 3.368482 3.368482 3.357202 3.338712 3.161936 3.072446 3.072446 3.058600 3.058600 3.142952 3.142952 3.189536 3.275134 3.275134 3.345293 3.345293 3.394869 3.394869 3.394869 3.393002 3.393002 3.379901 3.379901 3.369960 3.369960 3.367920 3.367920 3.370713 3.370713
2.736420 2.736420 2.729533 2.779978 2.800033 2.800033 2.815529 2.839980 2.839980 2.859499 2.859499 2.876087 2.883654 2.890865 2.898663 2.898663 3.053623 3.135620 3.209579 3.273870 3.328357 3.373367 3.409306 3.436537 3.455340 3.465920 3.468441 3.463087 3.449803 3.426245 3.426245 3.385911 3.287304 2.940008 2.880462 2.880462 2.963124 2.963124 3.085118 3.085118 3.140661 3.239235 3.239235 3.320554 3.320554 3.393795 3.393795 3.393795 3.407499 3.407499 3.401622 3.401622 3.389230 3.389230 3.378489 3.378489 3.370949 3.370949
2.735895 2.735895 2.727795 2.779915 2.800495 2.800495 2.815917 2.840137 2.840137 2.859587 2.859587 2.876146 2.883697 2.890890 2.899015 2.899015 3.103113 3.194065 3.271757 3.336904 3.390776 3.434563 3.469202 3.495375 3.513530 3.523932 3.526719 3.521860 3.507760 3.472506 3.472506 3.369391 3.132211 2.717530 2.739281 2.739281 2.892704 2.892704 3.032374 3.032374 3.092640 3.200094 3.200094 3.289573 3.289573 3.380331 3.380331 3.380331 3.407513 3.407513 3.410368 3.410368 3.398692 3.398692 3.381432 3.381432 3.364127 3.364127
