cruce_test.gid/Rasters/Hydraulic/Velocity__x_321.0.asc
NCOLS        79
NROWS        79
XLLCENTER         -1.500000
YLLCENTER         -4.800000
CELLSIZE           0.100
NODATA_VALUE     -9999.0
[rows 0 to 25 of 79, columns 0 to 57 of 79]
-9999.000 -9999.000 -9999.000 -9999.000 -9999.000 -9999.000 -9999.000 -9999.000 -9999.000 -9999.000 -9999.000 -9999.000 -9999.000 -9999.000 -9999.000 0.2681956E-03 0.2020412E-02 0.5520132E-02 0.9127201E-02 0.1225958E-01 0.1471147E-01 0.1640452E-01 0.1734949E-01 0.1760701E-01 0.1723312E-01 0.1629184E-01 0.1481195E-01 0.1263664E-01 0.9018157E-02 0.4435129E-02 0.4435129E-02 -9999.000 -9999.000 -9999.000 -9999.000 -9999.000 -9999.000 -9999.000 -9999.000 -9999.000 -9999.000 -9999.000 -9999.000 -9999.000 -9999.000 -9999.000 -9999.000 -9999.000 -9999.000 -9999.000 -9999.000 -9999.000 -9999.000 -9999.000 -9999.000 -9999.000 -9999.000 -9999.000
-9999.000 -9999.000 -9999.000 -9999.000 -9999.000 -9999.000 -9999.000 -9999.000 -9999.000 -9999.000 -9999.000 -9999.000 -9999.000 -9999.000 -9999.000 0.1460772E-02 0.4410248E-02 0.9046780E-02 0.1370128E-01 0.1777279E-01 0.2100026E-01 0.2325134E-01 0.2449145E-01 0.2474659E-01 0.2405293E-01 0.2246547E-01 0.2001801E-01 0.1659075E-01 0.1156536E-01 0.5671771E-02 0.5671771E-02 -9999.000 -9999.000 -9999.000 -9999.000 -9999.000 -9999.000 -9999.000 -9999.000 -9999.000 -9999.000 -9999.000 -9999.000 -9999.000 -9999.000 -9999.000 -9999.000 -9999.000 -9999.000 -9999.000 -9999.000 -9999.000 -9999.000 -9999.000 -9999.000 -9999.000 -9999.000 -9999.000
-9999.000 -9999.000 -9999.000 -9999.000 -9999.000 -9999.000 -9999.000 -9999.000 -9999.000 -9999.000 -9999.000 -9999.000 -9999.000 -9999.000 -9999.000 0.2035948E-02 0.5627712E-02 0.1096536E-01 0.1625951E-01 0.2087756E-01 0.2453567E-01 0.2708298E-01 0.2847166E-01 0.2872054E-01 0.2786356E-01 0.2596062E-01 0.2305637E-01 0.1904204E-01 0.1329134E-01 0.6556463E-02 0.6556463E-02 -9999.000 -9999.000 -9999.000 -9999.000 -9999.000 -9999.000 -9999.000 -9999.000 -9999.000 -9999.000 -9999.000 -9999.000 -9999.000 -9999.000 -9999.000 -9999.000 -9999.000 -9999.000 -9999.000 -9999.000 -9999.000 -9999.000 -9999.000 -9999.000 -9999.000 -9999.000 -9999.000
-9999.000 -9999.000 -9999.000 -9999.000 -9999.000 -9999.000 -9999.000 -9999.000 -9999.000 -9999.000 -9999.000 -9999.000 -9999.000 -9999.000 -9999.000 0.2388301E-02 0.6381841E-02 0.1216727E-01 0.1787552E-01 0.2284967E-01 0.2679179E-01 0.2953999E-01 0.3104070E-01 0.3131049E-01 0.3038242E-01 0.2831985E-01 0.2517194E-01 0.2082756E-01 0.1462692E-01 0.7271633E-02 0.7271633E-02 -9999.000 -9999.000 -9999.000 -9999.000 -9999.000 -9999.000 -9999.000 -9999.000 -9999.000 -9999.000 -9999.000 -9999.000 -9999.000 -9999.000 -9999.000 -9999.000 -9999.000 -9999.000 -9999.000 -9999.000 -9999.000 -9999.000 -9999.000 -9999.000 -9999.000 -9999.000 -9999.000
-9999.000 -9999.000 -9999.000 -9999.000 -9999.000 -9999.000 -9999.000 -9999.000 -9999.000 -9999.000 -9999.000 -9999.000 -9999.000 -9999.000 -9999.000 0.2652807E-02 0.6948994E-02 0.1307231E-01 0.1909460E-01 0.2434143E-01 0.2850521E-01 0.3141686E-01 0.3302002E-01 0.3333058E-01 0.3238037E-01 0.3023499E-01 0.2694539E-01 0.2239038E-01 0.1586152E-01 0.7957763E-02 0.7957763E-02 -9999.000 -9999.000 -9999.000 -9999.000 -9999.000 -9999.000 -9999.000 -9999.000 -9999.000 -9999.000 -9999.000 -9999.000 -9999.000 -9999.000 -9999.000 -9999.000 -9999.000 -9999.000 -9999.000 -9999.000 -9999.000 -9999.000 -9999.000 -9999.000 -9999.000 -9999.000 -9999.000
-9999.000 -9999.000 -9999.000 -9999.000 -9999.000 -9999.000 -9999.000 -9999.000 -9999.000 -9999.000 -9999.000 -9999.000 -9999.000 -9999.000 -9999.000 0.2892003E-02 0.7459485E-02 0.1388146E-01 0.2018088E-01 0.2566887E-01 0.3003229E-01 0.3309624E-01 0.3480375E-01 0.3517058E-01 0.3422752E-01 0.3204207E-01 0.2866461E-01 0.2395925E-01 0.1715437E-01 0.8695862E-02 0.8695862E-02 -9999.000 -9999.000 -9999.000 -9999.000 -9999.000 -9999.000 -9999.000 -9999.000 -9999.000 -9999.000 -9999.000 -9999.000 -9999.000 -9999.000 -9999.000 -9999.000 -9999.000 -9999.000 -9999.000 -9999.000 -9999.000 -9999.000 -9999.000 -9999.000 -9999.000 -9999.000 -9999.000
-9999.000 -9999.000 -9999.000 -9999.000 -9999.000 -9999.000 -9999.000 -9999.000 -9999.000 -9999.000 -9999.000 -9999.000 -9999.000 -9999.000 -9999.000 0.3136752E-02 0.7977300E-02 0.1469365E-01 0.2126377E-01 0.2698798E-01 0.3154940E-01 0.3476865E-01 0.3658915E-01 0.3702807E-01 0.3611449E-01 0.3391816E-01 0.3048762E-01 0.2566739E-01 0.1860711E-01 0.9542228E-02 0.9542228E-02 -9999.000 -9999.000 -9999.000 -9999.000 -9999.000 -9999.000 -9999.000 -9999.000 -9999.000 -9999.000 -9999.000 -9999.000 -9999.000 -9999.000 -9999.000 -9999.000 -9999.000 -9999.000 -9999.000 -9999.000 -9999.000 -9999.000 -9999.000 -9999.000 -9999.000 -9999.000 -9999.000
-9999.000 -9999.000 -9999.000 -9999.000 -9999.000 -9999.000 -9999.000 -9999.000 -9999.000 -9999.000 -9999.000 -9999.000 -9999.000 -9999.000 -9999.000 0.3403229E-02 0.8536197E-02 0.1556145E-01 0.2241268E-01 0.2838207E-01 0.3315136E-01 0.3653775E-01 0.3848619E-01 0.3901595E-01 0.3815417E-01 0.3597323E-01 0.3251921E-01 0.2761154E-01 0.2030425E-01 0.1054753E-01 0.1054753E-01 -9999.000 -9999.000 -9999.000 -9999.000 -9999.000 -9999.000 -9999.000 -9999.000 -9999.000 -9999.000 -9999.000 -9999.000 -9999.000 -9999.000 -9999.000 -9999.000 -9999.000 -9999.000 -9999.000 -9999.000 -9999.000 -9999.000 -9999.000 -9999.000 -9999.000 -9999.000 -9999.000
-9999.000 -9999.000 -9999.000 -9999.000 -9999.000 -9999.000 -9999.000 -9999.000 -9999.000 -9999.000 -9999.000 -9999.000 -9999.000 -9999.000 -9999.000 0.3701658E-02 0.9157483E-02 0.1651765E-01 0.2367104E-01 0.2990448E-01 0.3490003E-01 0.3847248E-01 0.4057013E-01 0.4121444E-01 0.4043087E-01 0.3829509E-01 0.3484995E-01 0.2988448E-01 0.2233542E-01 0.1176879E-01 0.1176879E-01 -9999.000 -9999.000 -9999.000 -9999.000 -9999.000 -9999.000 -9999.000 -9999.000 -9999.000 -9999.000 -9999.000 -9999.000 -9999.000 -9999.000 -9999.000 -9999.000 -9999.000 -9999.000 -9999.000 -9999.000 -9999.000 -9999.000 -9999.000 -9999.000 -9999.000 -9999.000 -9999.000
-9999.000 -9999.000 -9999.000 -9999.000 -9999.000 -9999.000 -9999.000 -9999.000 -9999.000 -9999.000 -9999.000 -9999.000 -9999.000 -9999.000 -9999.000 0.4040348E-02 0.9859107E-02 0.1759035E-01 0.2507630E-01 0.3160073E-01 0.3684917E-01 0.4063415E-01 0.4290953E-01 0.4369985E-01 0.4302906E-01 0.4097651E-01 0.3758175E-01 0.3259636E-01 0.2481496E-01 0.1328168E-01 0.1328168E-01 -9999.000 -9999.000 -9999.000 -9999.000 -9999.000 -9999.000 -9999.000 -9999.000 -9999.000 -9999.000 -9999.000 -9999.000 -9999.000 -9999.000 -9999.000 -9999.000 -9999.000 -9999.000 -9999.000 -9999.000 -9999.000 -9999.000 -9999.000 -9999.000 -9999.000 -9999.000 -9999.000
-9999.000 -9999.000 -9999.000 -9999.000 -9999.000 -9999.000 -9999.000 -9999.000 -9999.000 -9999.000 -9999.000 -9999.000 -9999.000 -9999.000 -9999.000 0.4427734E-02 0.1065919E-01 0.1880874E-01 0.2666777E-01 0.3352042E-01 0.3905787E-01 0.4309183E-01 0.4558346E-01 0.4656253E-01 0.4605082E-01 0.4413360E-01 0.4084599E-01 0.3589441E-01 0.2790105E-01 0.1519189E-01 0.1519189E-01 -9999.000 -9999.000 -9999.000 -9999.000 -9999.000 -9999.000 -9999.000 -9999.000 -9999.000 -9999.000 -9999.000 -9999.000 -9999.000 -9999.000 -9999.000 -9999.000 -9999.000 -9999.000 -9999.000 -9999.000 -9999.000 -9999.000 -9999.000 -9999.000 -9999.000 -9999.000 -9999.000
-9999.000 -9999.000 -9999.000 -9999.000 -9999.000 -9999.000 -9999.000 -9999.000 -9999.000 -9999.000 -9999.000 -9999.000 -9999.000 -9999.000 -9999.000 0.4874729E-02 0.1158128E-01 0.2021085E-01 0.2849737E-01 0.3572845E-01 0.4160425E-01 0.4593714E-01 0.4869855E-01 0.4992480E-01 0.4963653E-01 0.4792755E-01 0.4482845E-01 0.3999053E-01 0.3182527E-01 0.1765622E-01 0.1765622E-01 -9999.000 -9999.000 -9999.000 -9999.000 -9999.000 -9999.000 -9999.000 -9999.000 -9999.000 -9999.000 -9999.000 -9999.000 -9999.000 -9999.000 -9999.000 -9999.000 -9999.000 -9999.000 -9999.000 -9999.000 -9999.000 -9999.000 -9999.000 -9999.000 -9999.000 -9999.000 -9999.000
-9999.000 -9999.000 -9999.000 -9999.000 -9999.000 -9999.000 -9999.000 -9999.000 -9999.000 -9999.000 -9999.000 -9999.000 -9999.000 -9999.000 -9999.000 0.5397509E-02 0.1266008E-01 0.2185210E-01 0.3064056E-01 0.3831980E-01 0.4460279E-01 0.4930423E-01 0.5241049E-01 0.5396686E-01 0.5399403E-01 0.5259852E-01 0.4980690E-01 0.4520379E-01 0.3694234E-01 0.2091593E-01 0.2091593E-01 -9999.000 -9999.000 -9999.000 -9999.000 -9999.000 -9999.000 -9999.000 -9999.000 -9999.000 -9999.000 -9999.000 -9999.000 -9999.000 -9999.000 -9999.000 -9999.000 -9999.000 -9999.000 -9999.000 -9999.000 -9999.000 -9999.000 -9999.000 -9999.000 -9999.000 -9999.000 -9999.000
-9999.000 -9999.000 -9999.000 -9999.000 -9999.000 -9999.000 -9999.000 -9999.000 -9999.000 -9999.000 -9999.000 -9999.000 -9999.000 -9999.000 -9999.000 0.6164547E-02 0.1421327E-01 0.2416712E-01 0.3357382E-01 0.4178439E-01 0.4853847E-01 0.5366663E-01 0.5718344E-01 0.5915142E-01 0.5959610E-01 0.5864391E-01 0.5631839E-01 0.5212203E-01 0.4388577E-01 0.2541355E-01 0.2541355E-01 -9999.000 -9999.000 -9999.000 -9999.000 -9999.000 -9999.000 -9999.000 -9999.000 -9999.000 -9999.000 -9999.000 -9999.000 -9999.000 -9999.000 -9999.000 -9999.000 -9999.000 -9999.000 -9999.000 -9999.000 -9999.000 -9999.000 -9999.000 -9999.000 -9999.000 -9999.000 -9999.000
-9999.000 -9999.000 -9999.000 -9999.000 -9999.000 -9999.000 -9999.000 -9999.000 -9999.000 -9999.000 -9999.000 -9999.000 -9999.000 -9999.000 -9999.000 0.4669805E-01 0.7081178E-01 0.8104012E-01 0.8018647E-01 0.8041009E-01 0.7953629E-01 0.7775529E-01 0.7538082E-01 0.7249460E-01 0.6914268E-01 0.6539692E-01 0.6114610E-01 0.5567295E-01 0.4643859E-01 0.2322419E-01 0.2322419E-01 -9999.000 -9999.000 -9999.000 -9999.000 -9999.000 -9999.000 -9999.000 -9999.000 -9999.000 -9999.000 -9999.000 -9999.000 -9999.000 -9999.000 -9999.000 -9999.000 -9999.000 -9999.000 -9999.000 -9999.000 -9999.000 -9999.000 -9999.000 -9999.000 -9999.000 -9999.000 -9999.000
2.725356 2.725356 2.705722 2.751321 2.761931 2.761931 2.765734 2.766982 2.766982 2.764054 2.764054 2.758604 2.755219 2.751498 2.747627 2.747627 2.839896 2.842580 2.836965 2.811172 2.765972 2.700091 2.610873 2.501430 2.372154 2.225208 2.065136 1.902444 1.763408 1.714398 1.714398 2.567809 2.739878 2.831561 2.852788 2.852788 2.876838 2.876838 2.843157 2.843157 2.789818 2.584616 2.584616 2.122238 2.122238 1.939575 1.939575 1.939575 1.944926 1.944926 1.985021 1.985021 2.034569 2.034569 2.083517 2.083517 2.125757 2.125757
2.748329 2.748329 2.733466 2.800204 2.821516 2.821516 2.836676 2.859966 2.859966 2.878651 2.878651 2.894626 2.901901 2.908800 2.915500 2.915500 2.985098 2.999822 3.012330 3.019955 3.022113 3.016792 3.000789 2.972295 2.928723 2.868125 2.789808 2.695609 2.593001 2.528741 2.528741 2.991065 3.151138 3.299808 3.338649 3.338649 3.379433 3.379433 3.371421 3.371421 3.343862 3.226265 3.226265 2.969617 2.969617 2.757639 2.757639 2.757639 2.762369 2.762369 2.804127 2.804127 2.856682 2.856682 2.908325 2.908325 2.953906 2.953906
2.754320 2.754320 2.731211 2.800924 2.821836 2.821836 2.837408 2.861307 2.861307 2.880534 2.880534 2.897172 2.904828 2.912136 2.919288 2.919288 2.982981 3.007908 3.031149 3.050920 3.066655 3.077641 3.082534 3.080473 3.069972 3.049317 3.017059 2.973052 2.920923 2.887329 2.887329 3.159018 3.314796 3.490316 3.539718 3.539718 3.586247 3.586247 3.568268 3.568268 3.534452 3.427671 3.427671 3.258565 3.258565 3.055639 3.055639 3.055639 3.044494 3.044494 3.075745 3.075745 3.120542 3.120542 3.166013 3.166013 3.206864 3.206864
2.759118 2.759118 2.731626 2.801147 2.821417 2.821417 2.837207 2.861381 2.861381 2.880596 2.880596 2.897213 2.904871 2.912188 2.919383 2.919383 2.980486 3.014418 3.047295 3.076496 3.100883 3.119869 3.132833 3.139571 3.139739 3.132799 3.118184 3.095910 3.068302 3.052415 3.052415 3.220657 3.360409 3.544689 3.599352 3.599352 3.641652 3.641652 3.602788 3.602788 3.561584 3.470150 3.470150 3.366456 3.366456 3.198524 3.198524 3.198524 3.171507 3.171507 3.190438 3.190438 3.227953 3.227953 3.269111 3.269111 3.306984 3.306984
2.762786 2.762786 2.732259 2.801502 2.821102 2.821102 2.837009 2.861434 2.861434 2.880639 2.880639 2.897219 2.904871 2.912185 2.919429 2.919429 2.981669 3.023721 3.065450 3.103287 3.135578 3.161553 3.180730 3.193007 3.198410 3.196992 3.188868 3.174568 3.156185 3.145440 3.145440 3.250949 3.367964 3.543246 3.593428 3.593428 3.611514 3.611514 3.548814 3.548814 3.509652 3.451772 3.451772 3.405018 3.405018 3.287084 3.287084 3.287084 3.249506 3.249506 3.254133 3.254133 3.282061 3.282061 3.317591 3.317591 3.351799 3.351799
2.765366 2.765366 2.732878 2.801823 2.820887 2.820887 2.836848 2.861470 2.861470 2.880668 2.880668 2.897212 2.904852 2.912158 2.919472 2.919472 2.987419 3.037203 3.086997 3.132585 3.172012 3.204370 3.229195 3.246365 3.255960 3.258182 3.253374 3.242265 3.226764 3.215204 3.215204 3.278053 3.368353 3.513650 3.544549 3.544549 3.517771 3.517771 3.448784 3.448784 3.426569 3.414568 3.414568 3.413795 3.413795 3.348716 3.348716 3.348716 3.309834 3.309834 3.301690 3.301690 3.318019 3.318019 3.345694 3.345694 3.374544 3.374544
2.766895 2.766895 2.733316 2.802036 2.820763 2.820763 2.836741 2.861481 2.861481 2.880667 2.880667 2.897183 2.904816 2.912121 2.919546 2.919546 2.998682 3.056259 3.113435 3.165798 3.211359 3.249214 3.278950 3.300452 3.313791 3.319168 3.316932 3.307761 3.293220 3.279124 3.279124 3.311345 3.372349 3.458716 3.451048 3.451048 3.377904 3.377904 3.338107 3.338107 3.342665 3.374914 3.374914 3.407676 3.407676 3.390291 3.390291 3.390291 3.359304 3.359304 3.343346 3.343346 3.347996 3.347996 3.365925 3.365925 3.387482 3.387482
2.767406 2.767406 2.733468 2.802105 2.820717 2.820717 2.836697 2.861471 2.861471 2.880650 2.880650 2.897160 2.904796 2.912107 2.919691 2.919691 3.016560 3.082294 3.146225 3.204282 3.254743 3.296899 3.330486 3.355464 3.371918 3.380026 3.380075 3.372587 3.358698 3.342068 3.342068 3.351192 3.378966 3.362802 3.303306 3.303306 3.222198 3.222198 3.242658 3.242658 3.272442 3.337658 3.337658 3.393328 3.393328 3.415166 3.415166 3.415166 3.398210 3.398210 3.380838 3.380838 3.375939 3.375939 3.383237 3.383237 3.395762 3.395762
2.766908 2.766908 2.733303 2.802032 2.820763 2.820763 2.836744 2.861483 2.861483 2.880668 2.880668 2.897182 2.904816 2.912120 2.919910 2.919910 3.042515 3.116902 3.186929 3.249445 3.303338 3.348310 3.384362 3.411625 3.430253 3.440422 3.442348 3.436384 3.423166 3.404064 3.404064 3.392645 3.375423 3.203072 3.109267 3.109267 3.086796 3.086796 3.169222 3.169222 3.215880 3.302135 3.302135 3.373379 3.373379 3.425843 3.425843 3.425843 3.425269 3.425269 3.412149 3.412149 3.401383 3.401383 3.398516 3.398516 3.400869 3.400869
2.765390 2.765390 2.732854 2.801814 2.820888 2.820888 2.836854 2.861474 2.861474 2.880670 2.880670 2.897212 2.904852 2.912158 2.920244 2.920244 3.078797 3.162222 3.237438 3.302861 3.358382 3.404331 3.441131 3.469153 3.488684 3.499936 3.503075 3.498281 3.485496 3.462395 3.462395 3.423167 3.328898 2.981297 2.912642 2.912642 2.988757 2.988757 3.110671 3.110671 3.166563 3.265951 3.265951 3.348247 3.348247 3.423967 3.423967 3.423967 3.439200 3.439200 3.433950 3.433950 3.421316 3.421316 3.409949 3.409949 3.401872 3.401872
2.762822 2.762822 2.732232 2.801482 2.821104 2.821104 2.837018 2.861440 2.861440 2.880642 2.880642 2.897220 2.904872 2.912185 2.920695 2.920695 3.128675 3.220983 3.299866 3.366084 3.420937 3.465625 3.501100 3.528051 3.546931 3.558013 3.561440 3.557179 3.543687 3.509363 3.509363 3.409955 3.180930 2.753360 2.765993 2.765993 2.917434 2.917434 3.057739 3.057739 3.118402 3.226666 3.226666 3.317037 3.317037 3.409924 3.409924 3.409924 3.438680 3.438680 3.442591 3.442591 3.431216 3.431216 3.413670 3.413670 3.395831 3.395831
