cruce_test.gid/Rasters/Hydraulic/Velocity__x_145.0.asc
NCOLS        79
NROWS        79
XLLCENTER         -1.500000
YLLCENTER         -4.800000
CELLSIZE           0.100
NODATA_VALUE     -9999.0
[rows 0 to 25 of 79, columns 0 to 57 of 79]
-9999.000 -9999.000 -9999.000 -9999.000 -9999.000 -9999.000 -9999.000 -9999.000 -9999.000 -9999.000 -9999.000 -9999.000 -9999.000 -9999.000 -9999.000 0.4158923E-03 0.1770386E-02 0.4084071E-02 0.6338933E-02 0.8354075E-02 0.1002316E-01 0.1128174E-01 0.1211146E-01 0.1253142E-01 0.1258421E-01 0.1230562E-01 0.1166844E-01 0.1040205E-01 0.7566531E-02 0.3686209E-02 0.3686209E-02 -9999.000 -9999.000 -9999.000 -9999.000 -9999.000 -9999.000 -9999.000 -9999.000 -9999.000 -9999.000 -9999.000 -9999.000 -9999.000 -9999.000 -9999.000 -9999.000 -9999.000 -9999.000 -9999.000 -9999.000 -9999.000 -9999.000 -9999.000 -9999.000 -9999.000 -9999.000 -9999.000
-9999.000 -9999.000 -9999.000 -9999.000 -9999.000 -9999.000 -9999.000 -9999.000 -9999.000 -9999.000 -9999.000 -9999.000 -9999.000 -9999.000 -9999.000 0.1353686E-02 0.3700914E-02 0.7033454E-02 0.1025551E-01 0.1314113E-01 0.1553687E-01 0.1733659E-01 0.1848515E-01 0.1897115E-01 0.1881136E-01 0.1802127E-01 0.1656269E-01 0.1418543E-01 0.1006607E-01 0.4929037E-02 0.4929037E-02 -9999.000 -9999.000 -9999.000 -9999.000 -9999.000 -9999.000 -9999.000 -9999.000 -9999.000 -9999.000 -9999.000 -9999.000 -9999.000 -9999.000 -9999.000 -9999.000 -9999.000 -9999.000 -9999.000 -9999.000 -9999.000 -9999.000 -9999.000 -9999.000 -9999.000 -9999.000 -9999.000
-9999.000 -9999.000 -9999.000 -9999.000 -9999.000 -9999.000 -9999.000 -9999.000 -9999.000 -9999.000 -9999.000 -9999.000 -9999.000 -9999.000 -9999.000 0.1926179E-02 0.4913632E-02 0.8941684E-02 0.1280125E-01 0.1624045E-01 0.1908209E-01 0.2119957E-01 0.2252224E-01 0.2302857E-01 0.2273214E-01 0.2165051E-01 0.1975218E-01 0.1679083E-01 0.1192003E-01 0.5883864E-02 0.5883864E-02 -9999.000 -9999.000 -9999.000 -9999.000 -9999.000 -9999.000 -9999.000 -9999.000 -9999.000 -9999.000 -9999.000 -9999.000 -9999.000 -9999.000 -9999.000 -9999.000 -9999.000 -9999.000 -9999.000 -9999.000 -9999.000 -9999.000 -9999.000 -9999.000 -9999.000 -9999.000 -9999.000
-9999.000 -9999.000 -9999.000 -9999.000 -9999.000 -9999.000 -9999.000 -9999.000 -9999.000 -9999.000 -9999.000 -9999.000 -9999.000 -9999.000 -9999.000 0.2325712E-02 0.5760164E-02 0.1027404E-01 0.1458114E-01 0.1841041E-01 0.2156831E-01 0.2391567E-01 0.2537282E-01 0.2591412E-01 0.2555303E-01 0.2431022E-01 0.2215642E-01 0.1883645E-01 0.1345454E-01 0.6703414E-02 0.6703414E-02 -9999.000 -9999.000 -9999.000 -9999.000 -9999.000 -9999.000 -9999.000 -9999.000 -9999.000 -9999.000 -9999.000 -9999.000 -9999.000 -9999.000 -9999.000 -9999.000 -9999.000 -9999.000 -9999.000 -9999.000 -9999.000 -9999.000 -9999.000 -9999.000 -9999.000 -9999.000 -9999.000
-9999.000 -9999.000 -9999.000 -9999.000 -9999.000 -9999.000 -9999.000 -9999.000 -9999.000 -9999.000 -9999.000 -9999.000 -9999.000 -9999.000 -9999.000 0.2642181E-02 0.6427422E-02 0.1131954E-01 0.1597803E-01 0.2011784E-01 0.2353310E-01 0.2607508E-01 0.2765825E-01 0.2825447E-01 0.2787795E-01 0.2655086E-01 0.2424308E-01 0.2068320E-01 0.1490752E-01 0.7504363E-02 0.7504363E-02 -9999.000 -9999.000 -9999.000 -9999.000 -9999.000 -9999.000 -9999.000 -9999.000 -9999.000 -9999.000 -9999.000 -9999.000 -9999.000 -9999.000 -9999.000 -9999.000 -9999.000 -9999.000 -9999.000 -9999.000 -9999.000 -9999.000 -9999.000 -9999.000 -9999.000 -9999.000 -9999.000
-9999.000 -9999.000 -9999.000 -9999.000 -9999.000 -9999.000 -9999.000 -9999.000 -9999.000 -9999.000 -9999.000 -9999.000 -9999.000 -9999.000 -9999.000 0.2926592E-02 0.7022736E-02 0.1224584E-01 0.1721399E-01 0.2163140E-01 0.2528191E-01 0.2800935E-01 0.2972308E-01 0.3039410E-01 0.3003705E-01 0.2867538E-01 0.2627549E-01 0.2254309E-01 0.1642967E-01 0.8364731E-02 0.8364731E-02 -9999.000 -9999.000 -9999.000 -9999.000 -9999.000 -9999.000 -9999.000 -9999.000 -9999.000 -9999.000 -9999.000 -9999.000 -9999.000 -9999.000 -9999.000 -9999.000 -9999.000 -9999.000 -9999.000 -9999.000 -9999.000 -9999.000 -9999.000 -9999.000 -9999.000 -9999.000 -9999.000
-9999.000 -9999.000 -9999.000 -9999.000 -9999.000 -9999.000 -9999.000 -9999.000 -9999.000 -9999.000 -9999.000 -9999.000 -9999.000 -9999.000 -9999.000 0.3208864E-02 0.7608593E-02 0.1315007E-01 0.1841753E-01 0.2310618E-01 0.2699126E-01 0.2991008E-01 0.3176785E-01 0.3253455E-01 0.3222669E-01 0.3086829E-01 0.2841995E-01 0.2455852E-01 0.1813122E-01 0.9345611E-02 0.9345611E-02 -9999.000 -9999.000 -9999.000 -9999.000 -9999.000 -9999.000 -9999.000 -9999.000 -9999.000 -9999.000 -9999.000 -9999.000 -9999.000 -9999.000 -9999.000 -9999.000 -9999.000 -9999.000 -9999.000 -9999.000 -9999.000 -9999.000 -9999.000 -9999.000 -9999.000 -9999.000 -9999.000
-9999.000 -9999.000 -9999.000 -9999.000 -9999.000 -9999.000 -9999.000 -9999.000 -9999.000 -9999.000 -9999.000 -9999.000 -9999.000 -9999.000 -9999.000 0.3506772E-02 0.8222597E-02 0.1409099E-01 0.1966655E-01 0.2463753E-01 0.2877053E-01 0.3189712E-01 0.3391941E-01 0.3480742E-01 0.3457911E-01 0.3325906E-01 0.3080074E-01 0.2684527E-01 0.2011292E-01 0.1050743E-01 0.1050743E-01 -9999.000 -9999.000 -9999.000 -9999.000 -9999.000 -9999.000 -9999.000 -9999.000 -9999.000 -9999.000 -9999.000 -9999.000 -9999.000 -9999.000 -9999.000 -9999.000 -9999.000 -9999.000 -9999.000 -9999.000 -9999.000 -9999.000 -9999.000 -9999.000 -9999.000 -9999.000 -9999.000
-9999.000 -9999.000 -9999.000 -9999.000 -9999.000 -9999.000 -9999.000 -9999.000 -9999.000 -9999.000 -9999.000 -9999.000 -9999.000 -9999.000 -9999.000 0.3832223E-02 0.8890212E-02 0.1510925E-01 0.2101590E-01 0.2629243E-01 0.3069795E-01 0.3405876E-01 0.3627422E-01 0.3731497E-01 0.3720196E-01 0.3596004E-01 0.3353371E-01 0.2952071E-01 0.2248736E-01 0.1192112E-01 0.1192112E-01 -9999.000 -9999.000 -9999.000 -9999.000 -9999.000 -9999.000 -9999.000 -9999.000 -9999.000 -9999.000 -9999.000 -9999.000 -9999.000 -9999.000 -9999.000 -9999.000 -9999.000 -9999.000 -9999.000 -9999.000 -9999.000 -9999.000 -9999.000 -9999.000 -9999.000 -9999.000 -9999.000
-9999.000 -9999.000 -9999.000 -9999.000 -9999.000 -9999.000 -9999.000 -9999.000 -9999.000 -9999.000 -9999.000 -9999.000 -9999.000 -9999.000 -9999.000 0.4195177E-02 0.9632969E-02 0.1623899E-01 0.2251194E-01 0.2812927E-01 0.3284291E-01 0.3647478E-01 0.3892207E-01 0.4015746E-01 0.4020545E-01 0.3909216E-01 0.3675098E-01 0.3272742E-01 0.2540033E-01 0.1368189E-01 0.1368189E-01 -9999.000 -9999.000 -9999.000 -9999.000 -9999.000 -9999.000 -9999.000 -9999.000 -9999.000 -9999.000 -9999.000 -9999.000 -9999.000 -9999.000 -9999.000 -9999.000 -9999.000 -9999.000 -9999.000 -9999.000 -9999.000 -9999.000 -9999.000 -9999.000 -9999.000 -9999.000 -9999.000
-9999.000 -9999.000 -9999.000 -9999.000 -9999.000 -9999.000 -9999.000 -9999.000 -9999.000 -9999.000 -9999.000 -9999.000 -9999.000 -9999.000 -9999.000 0.4606294E-02 0.1047347E-01 0.1751698E-01 0.2420520E-01 0.3021204E-01 0.3528291E-01 0.3923604E-01 0.4196774E-01 0.4345435E-01 0.4372565E-01 0.4280973E-01 0.4062733E-01 0.3666034E-01 0.2905843E-01 0.1592666E-01 0.1592666E-01 -9999.000 -9999.000 -9999.000 -9999.000 -9999.000 -9999.000 -9999.000 -9999.000 -9999.000 -9999.000 -9999.000 -9999.000 -9999.000 -9999.000 -9999.000 -9999.000 -9999.000 -9999.000 -9999.000 -9999.000 -9999.000 -9999.000 -9999.000 -9999.000 -9999.000 -9999.000 -9999.000
-9999.000 -9999.000 -9999.000 -9999.000 -9999.000 -9999.000 -9999.000 -9999.000 -9999.000 -9999.000 -9999.000 -9999.000 -9999.000 -9999.000 -9999.000 0.5078843E-02 0.1144116E-01 0.1899113E-01 0.2616208E-01 0.3262531E-01 0.3812064E-01 0.4246438E-01 0.4555370E-01 0.4737085E-01 0.4795333E-01 0.4733291E-01 0.4541604E-01 0.4160718E-01 0.3377367E-01 0.1886446E-01 0.1886446E-01 -9999.000 -9999.000 -9999.000 -9999.000 -9999.000 -9999.000 -9999.000 -9999.000 -9999.000 -9999.000 -9999.000 -9999.000 -9999.000 -9999.000 -9999.000 -9999.000 -9999.000 -9999.000 -9999.000 -9999.000 -9999.000 -9999.000 -9999.000 -9999.000 -9999.000 -9999.000 -9999.000
-9999.000 -9999.000 -9999.000 -9999.000 -9999.000 -9999.000 -9999.000 -9999.000 -9999.000 -9999.000 -9999.000 -9999.000 -9999.000 -9999.000 -9999.000 0.5632855E-02 0.1257948E-01 0.2073236E-01 0.2848098E-01 0.3549477E-01 0.4150977E-01 0.4634255E-01 0.4989369E-01 0.5215555E-01 0.5317779E-01 0.5299853E-01 0.5150857E-01 0.4801766E-01 0.4004127E-01 0.2282899E-01 0.2282899E-01 -9999.000 -9999.000 -9999.000 -9999.000 -9999.000 -9999.000 -9999.000 -9999.000 -9999.000 -9999.000 -9999.000 -9999.000 -9999.000 -9999.000 -9999.000 -9999.000 -9999.000 -9999.000 -9999.000 -9999.000 -9999.000 -9999.000 -9999.000 -9999.000 -9999.000 -9999.000 -9999.000
-9999.000 -9999.000 -9999.000 -9999.000 -9999.000 -9999.000 -9999.000 -9999.000 -9999.000 -9999.000 -9999.000 -9999.000 -9999.000 -9999.000 -9999.000 0.6360591E-02 0.1406719E-01 0.2300284E-01 0.3148847E-01 0.3919470E-01 0.4586029E-01 0.5131037E-01 0.5545840E-01 0.5831676E-01 0.5995627E-01 0.6042843E-01 0.5960831E-01 0.5668890E-01 0.4874131E-01 0.2843474E-01 0.2843474E-01 -9999.000 -9999.000 -9999.000 -9999.000 -9999.000 -9999.000 -9999.000 -9999.000 -9999.000 -9999.000 -9999.000 -9999.000 -9999.000 -9999.000 -9999.000 -9999.000 -9999.000 -9999.000 -9999.000 -9999.000 -9999.000 -9999.000 -9999.000 -9999.000 -9999.000 -9999.000 -9999.000
-9999.000 -9999.000 -9999.000 -9999.000 -9999.000 -9999.000 -9999.000 -9999.000 -9999.000 -9999.000 -9999.000 -9999.000 -9999.000 -9999.000 -9999.000 0.2093309E-01 0.3449196E-01 0.4756332E-01 0.5738091E-01 0.6446497E-01 0.6927635E-01 0.7221540E-01 0.7364621E-01 0.7389271E-01 0.7320984E-01 0.7171840E-01 0.6927380E-01 0.6491223E-01 0.5528166E-01 0.2830292E-01 0.2830292E-01 -9999.000 -9999.000 -9999.000 -9999.000 -9999.000 -9999.000 -9999.000 -9999.000 -9999.000 -9999.000 -9999.000 -9999.000 -9999.000 -9999.000 -9999.000 -9999.000 -9999.000 -9999.000 -9999.000 -9999.000 -9999.000 -9999.000 -9999.000 -9999.000 -9999.000 -9999.000 -9999.000
2.447524 2.447524 2.491337 2.532920 2.539046 2.539046 2.542744 2.546082 2.546082 2.546183 2.546183 2.544088 2.542380 2.540303 2.537905 2.537905 2.487370 2.469004 2.441835 2.401382 2.344872 2.271116 2.179565 2.070745 1.946135 1.808694 1.664746 1.526559 1.419797 1.404433 1.404433 2.242230 2.395530 2.460420 2.472120 2.472120 2.477131 2.477131 2.419923 2.419923 2.354477 2.040527 2.040527 1.686972 1.686972 1.602468 1.602468 1.602468 1.633587 1.633587 1.680760 1.680760 1.729271 1.729271 1.772615 1.772615 1.808205 1.808205
2.463827 2.463827 2.522348 2.578641 2.595057 2.595057 2.609025 2.632782 2.632782 2.653132 2.653132 2.671131 2.679410 2.687279 2.694783 2.694783 2.675735 2.675842 2.678045 2.678066 2.672524 2.658646 2.633860 2.595964 2.543231 2.474723 2.388773 2.292056 2.202084 2.162301 2.162301 2.622567 2.775717 2.907823 2.939398 2.939398 2.965938 2.965938 2.942855 2.942855 2.907145 2.747060 2.747060 2.477498 2.477498 2.371098 2.371098 2.371098 2.401444 2.401444 2.447672 2.447672 2.496332 2.496332 2.542606 2.542606 2.582254 2.582254
2.467514 2.467514 2.526384 2.578925 2.595517 2.595517 2.609719 2.633982 2.633982 2.654890 2.654890 2.673528 2.682162 2.690408 2.698311 2.698311 2.687675 2.693531 2.705248 2.718085 2.728716 2.734956 2.735072 2.727486 2.710642 2.683135 2.643270 2.593365 2.542650 2.518254 2.518254 2.804628 2.951695 3.109781 3.151160 3.151160 3.182592 3.182592 3.152605 3.152605 3.115393 2.996505 2.996505 2.803009 2.803009 2.677866 2.677866 2.677866 2.695632 2.695632 2.733840 2.733840 2.776389 2.776389 2.816549 2.816549 2.850933 2.850933
2.470454 2.470454 2.529486 2.578852 2.595407 2.595407 2.609655 2.633992 2.633992 2.654922 2.654922 2.673567 2.682205 2.690458 2.698370 2.698370 2.695321 2.706026 2.723994 2.743912 2.762085 2.776355 2.785446 2.788512 2.784854 2.773819 2.754453 2.728004 2.700519 2.690655 2.690655 2.871694 3.006228 3.173141 3.218666 3.218666 3.244910 3.244910 3.199831 3.199831 3.161027 3.073232 3.073232 2.947901 2.947901 2.821130 2.821130 2.821130 2.824476 2.824476 2.854888 2.854888 2.892809 2.892809 2.929394 2.929394 2.960975 2.960975
2.472703 2.472703 2.531847 2.578804 2.595294 2.595294 2.609579 2.633987 2.633987 2.654929 2.654929 2.673568 2.682205 2.690455 2.698366 2.698366 2.704415 2.721053 2.745210 2.771333 2.795536 2.815541 2.830093 2.838541 2.840564 2.836040 2.824757 2.807854 2.789928 2.784584 2.784584 2.902035 3.017662 3.176539 3.216604 3.216604 3.221010 3.221010 3.163459 3.163459 3.131800 3.082469 3.082469 3.017939 3.017939 2.909481 2.909481 2.909481 2.898188 2.898188 2.918047 2.918047 2.949784 2.949784 2.982605 2.982605 3.011409 3.011409
2.474288 2.474288 2.533507 2.578780 2.595201 2.595201 2.609511 2.633981 2.633981 2.654937 2.654937 2.673571 2.682206 2.690455 2.698367 2.698367 2.715617 2.739412 2.770033 2.801975 2.831508 2.856413 2.875440 2.887949 2.893679 2.892650 2.884980 2.871734 2.856570 2.849745 2.849745 2.923842 3.015970 3.145669 3.166677 3.166677 3.136956 3.136956 3.085741 3.085741 3.072250 3.065639 3.065639 3.049555 3.049555 2.973610 2.973610 2.973610 2.952456 2.952456 2.960450 2.960450 2.983937 2.983937 3.011470 3.011470 3.036472 3.036472
2.475231 2.475231 2.534493 2.578770 2.595140 2.595140 2.609465 2.633978 2.633978 2.654942 2.654942 2.673572 2.682205 2.690454 2.698364 2.698364 2.729759 2.761890 2.799272 2.836691 2.870868 2.899870 2.922593 2.938436 2.947136 2.948693 2.943277 2.931745 2.916893 2.906315 2.906315 2.948215 3.012335 3.082568 3.070029 3.070029 3.015520 3.015520 2.999722 2.999722 3.009398 3.040411 3.040411 3.059241 3.059241 3.021176 3.021176 3.021176 2.998035 2.998035 2.995797 2.995797 3.009644 3.009644 3.030073 3.030073 3.049811 3.049811
2.475543 2.475543 2.534820 2.578769 2.595119 2.595119 2.609450 2.633977 2.633977 2.654945 2.654945 2.673575 2.682207 2.690456 2.698367 2.698367 2.748044 2.789576 2.833912 2.876393 2.914436 2.946601 2.972079 2.990418 3.001399 3.004985 3.001297 2.990929 2.975840 2.961099 2.961099 2.976965 3.005544 2.974431 2.926206 2.926206 2.886973 2.886973 2.924550 2.924550 2.954126 3.012538 3.012538 3.055299 3.055299 3.053483 3.053483 3.053483 3.035920 3.035920 3.027497 3.027497 3.031846 3.031846 3.043762 3.043762 3.056731 3.056731
2.475231 2.475231 2.534493 2.578770 2.595140 2.595140 2.609465 2.633977 2.633977 2.654942 2.654942 2.673572 2.682205 2.690454 2.698364 2.698364 2.772115 2.823914 2.875146 2.922075 2.963026 2.997232 3.024321 3.044102 3.056476 3.061416 3.058983 3.049524 3.034162 3.015012 3.015012 3.005220 2.980536 2.810312 2.754570 2.754570 2.778612 2.778612 2.863378 2.863378 2.906162 2.982765 2.982765 3.042063 3.042063 3.071304 3.071304 3.071304 3.064301 3.064301 3.054574 3.054574 3.051154 3.051154 3.054001 3.054001 3.058983 3.058983
2.474289 2.474289 2.533507 2.578779 2.595201 2.595201 2.609510 2.633981 2.633981 2.654937 2.654937 2.673570 2.682206 2.690455 2.698366 2.698366 2.804285 2.866866 2.924497 2.974867 3.017456 3.052316 3.079637 3.099575 3.112225 3.117630 3.115816 3.106915 3.091039 3.065328 3.065328 3.017912 2.901561 2.609885 2.597493 2.597493 2.697870 2.697870 2.811615 2.811615 2.862134 2.950922 2.950922 3.022000 3.022000 3.076002 3.076002 3.076002 3.081430 3.081430 3.074524 3.074524 3.066027 3.066027 3.060238 3.060238 3.056569 3.056569
2.472703 2.472703 2.531846 2.578804 2.595295 2.595295 2.609578 2.633987 2.633987 2.654930 2.654930 2.673567 2.682204 2.690455 2.698367 2.698367 2.847818 2.921012 2.983778 3.035933 3.078385 3.112144 3.138033 3.156615 3.168225 3.173010 3.171000 3.162085 3.144457 3.102871 3.102871 2.975747 2.718386 2.431391 2.484629 2.484629 2.633990 2.633990 2.762745 2.762745 2.817820 2.915391 2.915391 2.995026 2.995026 3.067778 3.067778 3.067778 3.085103 3.085103 3.083486 3.083486 3.072689 3.072689 3.059551 3.059551 3.047334 3.047334
