cruce_test.gid/Rasters/Hydraulic/Velocity__y_21.0.asc
NCOLS        79
NROWS        79
XLLCENTER         -1.500000
YLLCENTER         -4.800000
CELLSIZE           0.100
NODATA_VALUE     -9999.0
[rows 0 to 25 of 79, columns 0 to 58 of 79]
-9999.000 -9999.000 -9999.000 -9999.000 -9999.000 -9999.000 -9999.000 -9999.000 -9999.000 -9999.000 -9999.000 -9999.000 -9999.000 -9999.000 -9999.000 -0.4468787 -0.4483118 -0.4490724 -0.4499485 -0.4509696 -0.4521389 -0.4534273 -0.4547960 -0.4561953 -0.4575791 -0.4588964 -0.4601130 -0.4612882 -0.4623355 -0.4576494 -0.4576494 -9999.000 -9999.000 -9999.000 -9999.000 -9999.000 -9999.000 -9999.000 -9999.000 -9999.000 -9999.000 -9999.000 -9999.000 -9999.000 -9999.000 -9999.000 -9999.000 -9999.000 -9999.000 -9999.000 -9999.000 -9999.000 -9999.000 -9999.000 -9999.000 -9999.000 -9999.000 -9999.000 -9999.000
-9999.000 -9999.000 -9999.000 -9999.000 -9999.000 -9999.000 -9999.000 -9999.000 -9999.000 -9999.000 -9999.000 -9999.000 -9999.000 -9999.000 -9999.000 -0.4353615 -0.4367350 -0.4378712 -0.4390493 -0.4403553 -0.4418315 -0.4434578 -0.4451965 -0.4469937 -0.4488062 -0.4505838 -0.4523140 -0.4541693 -0.4560166 -0.4475573 -0.4475573 -9999.000 -9999.000 -9999.000 -9999.000 -9999.000 -9999.000 -9999.000 -9999.000 -9999.000 -9999.000 -9999.000 -9999.000 -9999.000 -9999.000 -9999.000 -9999.000 -9999.000 -9999.000 -9999.000 -9999.000 -9999.000 -9999.000 -9999.000 -9999.000 -9999.000 -9999.000 -9999.000 -9999.000
-9999.000 -9999.000 -9999.000 -9999.000 -9999.000 -9999.000 -9999.000 -9999.000 -9999.000 -9999.000 -9999.000 -9999.000 -9999.000 -9999.000 -9999.000 -0.4216639 -0.4228090 -0.4247173 -0.4265498 -0.4284627 -0.4305626 -0.4328525 -0.4353018 -0.4378516 -0.4404582 -0.4430609 -0.4456482 -0.4484749 -0.4512008 -0.4377497 -0.4377497 -9999.000 -9999.000 -9999.000 -9999.000 -9999.000 -9999.000 -9999.000 -9999.000 -9999.000 -9999.000 -9999.000 -9999.000 -9999.000 -9999.000 -9999.000 -9999.000 -9999.000 -9999.000 -9999.000 -9999.000 -9999.000 -9999.000 -9999.000 -9999.000 -9999.000 -9999.000 -9999.000 -9999.000
-9999.000 -9999.000 -9999.000 -9999.000 -9999.000 -9999.000 -9999.000 -9999.000 -9999.000 -9999.000 -9999.000 -9999.000 -9999.000 -9999.000 -9999.000 -0.4073361 -0.4078249 -0.4107602 -0.4135203 -0.4163034 -0.4192847 -0.4224961 -0.4259171 -0.4294839 -0.4331485 -0.4368341 -0.4405208 -0.4445411 -0.4483039 -0.4294726 -0.4294726 -9999.000 -9999.000 -9999.000 -9999.000 -9999.000 -9999.000 -9999.000 -9999.000 -9999.000 -9999.000 -9999.000 -9999.000 -9999.000 -9999.000 -9999.000 -9999.000 -9999.000 -9999.000 -9999.000 -9999.000 -9999.000 -9999.000 -9999.000 -9999.000 -9999.000 -9999.000 -9999.000 -9999.000
-9999.000 -9999.000 -9999.000 -9999.000 -9999.000 -9999.000 -9999.000 -9999.000 -9999.000 -9999.000 -9999.000 -9999.000 -9999.000 -9999.000 -9999.000 -0.3921621 -0.3916308 -0.3958363 -0.3998084 -0.4037453 -0.4078896 -0.4123057 -0.4169858 -0.4218610 -0.4268776 -0.4319396 -0.4370131 -0.4424959 -0.4475012 -0.4230556 -0.4230556 -9999.000 -9999.000 -9999.000 -9999.000 -9999.000 -9999.000 -9999.000 -9999.000 -9999.000 -9999.000 -9999.000 -9999.000 -9999.000 -9999.000 -9999.000 -9999.000 -9999.000 -9999.000 -9999.000 -9999.000 -9999.000 -9999.000 -9999.000 -9999.000 -9999.000 -9999.000 -9999.000 -9999.000
-9999.000 -9999.000 -9999.000 -9999.000 -9999.000 -9999.000 -9999.000 -9999.000 -9999.000 -9999.000 -9999.000 -9999.000 -9999.000 -9999.000 -9999.000 -0.3757334 -0.3739856 -0.3797014 -0.3851908 -0.3905981 -0.3962255 -0.4021725 -0.4084457 -0.4149735 -0.4216936 -0.4284901 -0.4353082 -0.4425903 -0.4491059 -0.4190559 -0.4190559 -9999.000 -9999.000 -9999.000 -9999.000 -9999.000 -9999.000 -9999.000 -9999.000 -9999.000 -9999.000 -9999.000 -9999.000 -9999.000 -9999.000 -9999.000 -9999.000 -9999.000 -9999.000 -9999.000 -9999.000 -9999.000 -9999.000 -9999.000 -9999.000 -9999.000 -9999.000 -9999.000 -9999.000
-9999.000 -9999.000 -9999.000 -9999.000 -9999.000 -9999.000 -9999.000 -9999.000 -9999.000 -9999.000 -9999.000 -9999.000 -9999.000 -9999.000 -9999.000 -0.3575613 -0.3546503 -0.3621125 -0.3694381 -0.3766603 -0.3841267 -0.3919727 -0.4002219 -0.4088029 -0.4176453 -0.4266124 -0.4356218 -0.4451295 -0.4535173 -0.4181870 -0.4181870 -9999.000 -9999.000 -9999.000 -9999.000 -9999.000 -9999.000 -9999.000 -9999.000 -9999.000 -9999.000 -9999.000 -9999.000 -9999.000 -9999.000 -9999.000 -9999.000 -9999.000 -9999.000 -9999.000 -9999.000 -9999.000 -9999.000 -9999.000 -9999.000 -9999.000 -9999.000 -9999.000 -9999.000
-9999.000 -9999.000 -9999.000 -9999.000 -9999.000 -9999.000 -9999.000 -9999.000 -9999.000 -9999.000 -9999.000 -9999.000 -9999.000 -9999.000 -9999.000 -0.3372096 -0.3334766 -0.3429107 -0.3523835 -0.3617694 -0.3714447 -0.3815795 -0.3922180 -0.4032955 -0.4147364 -0.4263867 -0.4381320 -0.4504063 -0.4611629 -0.4212186 -0.4212186 -9999.000 -9999.000 -9999.000 -9999.000 -9999.000 -9999.000 -9999.000 -9999.000 -9999.000 -9999.000 -9999.000 -9999.000 -9999.000 -9999.000 -9999.000 -9999.000 -9999.000 -9999.000 -9999.000 -9999.000 -9999.000 -9999.000 -9999.000 -9999.000 -9999.000 -9999.000 -9999.000 -9999.000
-9999.000 -9999.000 -9999.000 -9999.000 -9999.000 -9999.000 -9999.000 -9999.000 -9999.000 -9999.000 -9999.000 -9999.000 -9999.000 -9999.000 -9999.000 -0.3143660 -0.3104350 -0.3220499 -0.3339472 -0.3458202 -0.3580575 -0.3708629 -0.3843075 -0.3983433 -0.4128998 -0.4278169 -0.4429505 -0.4586803 -0.4724967 -0.4289527 -0.4289527 -9999.000 -9999.000 -9999.000 -9999.000 -9999.000 -9999.000 -9999.000 -9999.000 -9999.000 -9999.000 -9999.000 -9999.000 -9999.000 -9999.000 -9999.000 -9999.000 -9999.000 -9999.000 -9999.000 -9999.000 -9999.000 -9999.000 -9999.000 -9999.000 -9999.000 -9999.000 -9999.000 -9999.000
-9999.000 -9999.000 -9999.000 -9999.000 -9999.000 -9999.000 -9999.000 -9999.000 -9999.000 -9999.000 -9999.000 -9999.000 -9999.000 -9999.000 -9999.000 -0.2888075 -0.2855728 -0.2995617 -0.3141090 -0.3287421 -0.3438517 -0.3596762 -0.3763227 -0.3937773 -0.4119948 -0.4308326 -0.4501365 -0.4702134 -0.4880705 -0.4423314 -0.4423314 -9999.000 -9999.000 -9999.000 -9999.000 -9999.000 -9999.000 -9999.000 -9999.000 -9999.000 -9999.000 -9999.000 -9999.000 -9999.000 -9999.000 -9999.000 -9999.000 -9999.000 -9999.000 -9999.000 -9999.000 -9999.000 -9999.000 -9999.000 -9999.000 -9999.000 -9999.000 -9999.000 -9999.000
-9999.000 -9999.000 -9999.000 -9999.000 -9999.000 -9999.000 -9999.000 -9999.000 -9999.000 -9999.000 -9999.000 -9999.000 -9999.000 -9999.000 -9999.000 -0.2602982 -0.2589372 -0.2754913 -0.2928576 -0.3104601 -0.3286923 -0.3478325 -0.3680388 -0.3893569 -0.4118016 -0.4352940 -0.4597187 -0.4853297 -0.5086647 -0.4626890 -0.4626890 -9999.000 -9999.000 -9999.000 -9999.000 -9999.000 -9999.000 -9999.000 -9999.000 -9999.000 -9999.000 -9999.000 -9999.000 -9999.000 -9999.000 -9999.000 -9999.000 -9999.000 -9999.000 -9999.000 -9999.000 -9999.000 -9999.000 -9999.000 -9999.000 -9999.000 -9999.000 -9999.000 -9999.000
-9999.000 -9999.000 -9999.000 -9999.000 -9999.000 -9999.000 -9999.000 -9999.000 -9999.000 -9999.000 -9999.000 -9999.000 -9999.000 -9999.000 -9999.000 -0.2284942 -0.2305113 -0.2498439 -0.2701500 -0.2908619 -0.3123941 -0.3350790 -0.3591471 -0.3847401 -0.4119878 -0.4409555 -0.4716750 -0.5044519 -0.5354646 -0.4921989 -0.4921989 -9999.000 -9999.000 -9999.000 -9999.000 -9999.000 -9999.000 -9999.000 -9999.000 -9999.000 -9999.000 -9999.000 -9999.000 -9999.000 -9999.000 -9999.000 -9999.000 -9999.000 -9999.000 -9999.000 -9999.000 -9999.000 -9999.000 -9999.000 -9999.000 -9999.000 -9999.000 -9999.000 -9999.000
-9999.000 -9999.000 -9999.000 -9999.000 -9999.000 -9999.000 -9999.000 -9999.000 -9999.000 -9999.000 -9999.000 -9999.000 -9999.000 -9999.000 -9999.000 -0.1929022 -0.2001810 -0.2225543 -0.2458896 -0.2697829 -0.2947065 -0.3210728 -0.3492164 -0.3794242 -0.4120214 -0.4473526 -0.4858117 -0.5280563 -0.5703062 -0.5348061 -0.5348061 -9999.000 -9999.000 -9999.000 -9999.000 -9999.000 -9999.000 -9999.000 -9999.000 -9999.000 -9999.000 -9999.000 -9999.000 -9999.000 -9999.000 -9999.000 -9999.000 -9999.000 -9999.000 -9999.000 -9999.000 -9999.000 -9999.000 -9999.000 -9999.000 -9999.000 -9999.000 -9999.000 -9999.000
-9999.000 -9999.000 -9999.000 -9999.000 -9999.000 -9999.000 -9999.000 -9999.000 -9999.000 -9999.000 -9999.000 -9999.000 -9999.000 -9999.000 -9999.000 -0.1528773 -0.1677139 -0.1934675 -0.2199197 -0.2470055 -0.2753082 -0.3053607 -0.3376447 -0.3726511 -0.4110070 -0.4535420 -0.5014147 -0.5563806 -0.6160197 -0.5987299 -0.5987299 -9999.000 -9999.000 -9999.000 -9999.000 -9999.000 -9999.000 -9999.000 -9999.000 -9999.000 -9999.000 -9999.000 -9999.000 -9999.000 -9999.000 -9999.000 -9999.000 -9999.000 -9999.000 -9999.000 -9999.000 -9999.000 -9999.000 -9999.000 -9999.000 -9999.000 -9999.000 -9999.000 -9999.000
-9999.000 -9999.000 -9999.000 -9999.000 -9999.000 -9999.000 -9999.000 -9999.000 -9999.000 -9999.000 -9999.000 -9999.000 -9999.000 -9999.000 -9999.000 -0.1059086 -0.1324962 -0.1624556 -0.1923065 -0.2225858 -0.2541085 -0.2876146 -0.3237988 -0.3634213 -0.4075207 -0.4576721 -0.5164577 -0.5884113 -0.6768066 -0.7050118 -0.7050118 -9999.000 -9999.000 -9999.000 -9999.000 -9999.000 -9999.000 -9999.000 -9999.000 -9999.000 -9999.000 -9999.000 -9999.000 -9999.000 -9999.000 -9999.000 -9999.000 -9999.000 -9999.000 -9999.000 -9999.000 -9999.000 -9999.000 -9999.000 -9999.000 -9999.000 -9999.000 -9999.000 -9999.000
-0.2919887E-02 -0.2919887E-02 -0.3182899E-02 -0.3497948E-02 -0.3710499E-02 -0.3710499E-02 -0.4004679E-02 -0.5073051E-02 -0.5073051E-02 -0.7667253E-02 -0.7667253E-02 -0.1416579E-01 -0.2029099E-01 -0.2948978E-01 -0.4310913E-01 -0.4310913E-01 -0.1268522 -0.1573654 -0.1861140 -0.2149721 -0.2453963 -0.2785318 -0.3153136 -0.3566545 -0.4037617 -0.4585917 -0.5247363 -0.6096243 -0.7276343 -0.9147102 -0.9147102 -0.8570765 -0.8219697 -0.5613558 -0.3437123 -0.3437123 -0.3290852E-01 -0.3290852E-01 -0.5153072E-01 -0.5153072E-01 -0.2276826E-01 0.1901652E-01 0.1901652E-01 0.3436995E-01 0.3436995E-01 0.3049082E-01 0.3049082E-01 0.3049082E-01 0.2480083E-01 0.2480083E-01 0.1995987E-01 0.1995987E-01 0.1575520E-01 0.1575520E-01 0.1478064E-01 0.1478064E-01 0.1089964E-01 0.1089964E-01 0.1089964E-01
-0.4833199E-02 -0.4833199E-02 -0.5056733E-02 -0.5716419E-02 -0.6272668E-02 -0.6272668E-02 -0.7047565E-02 -0.9766259E-02 -0.9766259E-02 -0.1591760E-01 -0.1591760E-01 -0.2984983E-01 -0.4178044E-01 -0.5843210E-01 -0.8109163E-01 -0.8109163E-01 -0.1609362 -0.1895472 -0.2147460 -0.2388896 -0.2640523 -0.2919815 -0.3240815 -0.3615066 -0.4053743 -0.4570566 -0.5185872 -0.5933421 -0.6847854 -0.7851403 -0.7851403 -0.6242010 -0.4936713 -0.2714184 -0.1769451 -0.1769451 -0.1509091E-01 -0.1509091E-01 -0.4391723E-01 -0.4391723E-01 -0.2718556E-01 0.3521314E-01 0.3521314E-01 0.6503741E-01 0.6503741E-01 0.5980095E-01 0.5980095E-01 0.5980095E-01 0.4880604E-01 0.4880604E-01 0.3916674E-01 0.3916674E-01 0.3091063E-01 0.3091063E-01 0.2373802E-01 0.2373802E-01 0.2047789E-01 0.2047789E-01 0.2047789E-01
-0.4838469E-02 -0.4838469E-02 -0.5216422E-02 -0.6421019E-02 -0.7405569E-02 -0.7405569E-02 -0.8759487E-02 -0.1333707E-01 -0.1333707E-01 -0.2299913E-01 -0.2299913E-01 -0.4309240E-01 -0.5896067E-01 -0.7962122E-01 -0.1057438 -0.1057438 -0.1820027 -0.2140533 -0.2421668 -0.2676505 -0.2921944 -0.3176111 -0.3456443 -0.3778642 -0.4156579 -0.4602830 -0.5129575 -0.5749411 -0.6457626 -0.7104869 -0.7104869 -0.6059427 -0.5054010 -0.3200623 -0.2343813 -0.2343813 -0.6593551E-01 -0.6593551E-01 0.1086437E-01 0.1086437E-01 0.1932940E-01 0.6553945E-01 0.6553945E-01 0.9256805E-01 0.9256805E-01 0.8280717E-01 0.8280717E-01 0.8280717E-01 0.6760547E-01 0.6760547E-01 0.5386974E-01 0.5386974E-01 0.4213949E-01 0.4213949E-01 0.2874884E-01 0.2874884E-01 0.2558375E-01 0.2558375E-01 0.2558375E-01
-0.4812367E-02 -0.4812367E-02 -0.5285372E-02 -0.6902071E-02 -0.8226624E-02 -0.8226624E-02 -0.1003694E-01 -0.1599203E-01 -0.1599203E-01 -0.2790667E-01 -0.2790667E-01 -0.5141759E-01 -0.6932269E-01 -0.9193937E-01 -0.1195668 -0.1195668 -0.1936401 -0.2288045 -0.2609842 -0.2903213 -0.3176186 -0.3440895 -0.3711620 -0.4003254 -0.4330131 -0.4704874 -0.5136943 -0.5630112 -0.6165837 -0.6602858 -0.6602858 -0.5899674 -0.5119093 -0.3508573 -0.2679846 -0.2679846 -0.8962984E-01 -0.8962984E-01 0.4809349E-01 0.4809349E-01 0.7365417E-01 0.1019344 0.1019344 0.1171783 0.1171783 0.1012387 0.1012387 0.1012387 0.8214364E-01 0.8214364E-01 0.6446497E-01 0.6446497E-01 0.4932153E-01 0.4932153E-01 0.3388316E-01 0.3388316E-01 0.2676172E-01 0.2676172E-01 0.2676172E-01
-0.4716169E-02 -0.4716169E-02 -0.5245290E-02 -0.7167037E-02 -0.8749454E-02 -0.8749454E-02 -0.1090120E-01 -0.1782604E-01 -0.1782604E-01 -0.3109624E-01 -0.3109624E-01 -0.5632346E-01 -0.7520795E-01 -0.9878224E-01 -0.1271614 -0.1271614 -0.2002019 -0.2375906 -0.2732272 -0.3065157 -0.3375133 -0.3667539 -0.3950979 -0.4236060 -0.4534189 -0.4856021 -0.5209091 -0.5593820 -0.5989187 -0.6281098 -0.6281098 -0.5782984 -0.5160021 -0.3680053 -0.2819754 -0.2819754 -0.9279320E-01 -0.9279320E-01 0.6024737E-01 0.6024737E-01 0.9913182E-01 0.1287167 0.1287167 0.1368651 0.1368651 0.1177121 0.1177121 0.1177121 0.9534344E-01 0.9534344E-01 0.7376843E-01 0.7376843E-01 0.5499913E-01 0.5499913E-01 0.3731725E-01 0.3731725E-01 0.2644577E-01 0.2644577E-01 0.2644577E-01
-0.4504591E-02 -0.4504591E-02 -0.5059006E-02 -0.7178370E-02 -0.8932218E-02 -0.8932218E-02 -0.1130804E-01 -0.1882870E-01 -0.1882870E-01 -0.3276302E-01 -0.3276302E-01 -0.5855071E-01 -0.7775031E-01 -0.1017351 -0.1306128 -0.1306128 -0.2040890 -0.2433622 -0.2818286 -0.3185160 -0.3530218 -0.3853771 -0.4159308 -0.4452544 -0.4740494 -0.5030124 -0.5326056 -0.5626472 -0.5911494 -0.6093908 -0.6093908 -0.5703708 -0.5159441 -0.3662975 -0.2732445 -0.2732445 -0.8280511E-01 -0.8280511E-01 0.5987760E-01 0.5987760E-01 0.1015859 0.1390953 0.1390953 0.1484027 0.1484027 0.1307215 0.1307215 0.1307215 0.1070285 0.1070285 0.8241836E-01 0.8241836E-01 0.6016509E-01 0.6016509E-01 0.3997207E-01 0.3997207E-01 0.2568502E-01 0.2568502E-01 0.2568502E-01
-0.4145621E-02 -0.4145621E-02 -0.4698819E-02 -0.6909674E-02 -0.8747843E-02 -0.8747843E-02 -0.1123193E-01 -0.1900357E-01 -0.1900357E-01 -0.3304260E-01 -0.3304260E-01 -0.5853540E-01 -0.7756343E-01 -0.1015803 -0.1308869 -0.1308869 -0.2065687 -0.2479810 -0.2890903 -0.3287398 -0.3662992 -0.4015148 -0.4343933 -0.4651144 -0.4939558 -0.5211872 -0.5468811 -0.5705628 -0.5903133 -0.5994095 -0.5994095 -0.5636163 -0.5078519 -0.3433613 -0.2457224 -0.2457224 -0.6947806E-01 -0.6947806E-01 0.5294551E-01 0.5294551E-01 0.9219636E-01 0.1352390 0.1352390 0.1499721 0.1499721 0.1381569 0.1381569 0.1381569 0.1157451 0.1157451 0.8986033E-01 0.8986033E-01 0.6493126E-01 0.6493126E-01 0.4228375E-01 0.4228375E-01 0.2494857E-01 0.2494857E-01 0.2494857E-01
-0.3617858E-02 -0.3617858E-02 -0.4147162E-02 -0.6348357E-02 -0.8186625E-02 -0.8186625E-02 -0.1066800E-01 -0.1837238E-01 -0.1837238E-01 -0.3204254E-01 -0.3204254E-01 -0.5655814E-01 -0.7500618E-01 -0.9871474E-01 -0.1284144 -0.1284144 -0.2084619 -0.2527255 -0.2967384 -0.3392356 -0.3795096 -0.4172012 -0.4521512 -0.4842928 -0.5135673 -0.5398237 -0.5626614 -0.5811508 -0.5931747 -0.5931697 -0.5931697 -0.5533397 -0.4855032 -0.3040505 -0.2100205 -0.2100205 -0.5880679E-01 -0.5880679E-01 0.4292792E-01 0.4292792E-01 0.7808133E-01 0.1225489 0.1225489 0.1424227 0.1424227 0.1384909 0.1384909 0.1384909 0.1196867 0.1196867 0.9480432E-01 0.9480432E-01 0.6874485E-01 0.6874485E-01 0.4428288E-01 0.4428288E-01 0.2445652E-01 0.2445652E-01 0.2445652E-01
-0.2909464E-02 -0.2909464E-02 -0.3396646E-02 -0.5495027E-02 -0.7254691E-02 -0.7254691E-02 -0.9630021E-02 -0.1697359E-01 -0.1697359E-01 -0.2985497E-01 -0.2985497E-01 -0.5280193E-01 -0.7028271E-01 -0.9330210E-01 -0.1232939 -0.1232939 -0.2105634 -0.2587542 -0.3062782 -0.3518063 -0.3946582 -0.4345043 -0.4711676 -0.5044703 -0.5341069 -0.5595024 -0.5796465 -0.5928648 -0.5963675 -0.5847767 -0.5847767 -0.5322216 -0.4464664 -0.2594204 -0.1760506 -0.1760506 -0.5120710E-01 -0.5120710E-01 0.3252134E-01 0.3252134E-01 0.6314038E-01 0.1056653 0.1056653 0.1282945 0.1282945 0.1315742 0.1315742 0.1315742 0.1176019 0.1176019 0.9577455E-01 0.9577455E-01 0.7056122E-01 0.7056122E-01 0.4555521E-01 0.4555521E-01 0.2416479E-01 0.2416479E-01 0.2416479E-01
-0.2017468E-02 -0.2017468E-02 -0.2449388E-02 -0.4362046E-02 -0.5971990E-02 -0.5971990E-02 -0.8147503E-02 -0.1486272E-01 -0.1486272E-01 -0.2657047E-01 -0.2657047E-01 -0.4739392E-01 -0.6350171E-01 -0.8534300E-01 -0.1153317 -0.1153317 -0.2139202 -0.2674585 -0.3193521 -0.3682937 -0.4137385 -0.4555021 -0.4935123 -0.5275880 -0.5572233 -0.5813300 -0.5979865 -0.6042637 -0.5960578 -0.5669886 -0.5669886 -0.4927602 -0.3955685 -0.2184506 -0.1497220 -0.1497220 -0.4452506E-01 -0.4452506E-01 0.2343222E-01 0.2343222E-01 0.4930657E-01 0.8753654E-01 0.8753654E-01 0.1103176 0.1103176 0.1185370 0.1185370 0.1185370 0.1093431 0.1093431 0.9177211E-01 0.9177211E-01 0.6925053E-01 0.6925053E-01 0.4536511E-01 0.4536511E-01 0.2375598E-01 0.2375598E-01 0.2375598E-01
-0.9469770E-03 -0.9469770E-03 -0.1316293E-02 -0.2972813E-02 -0.4371029E-02 -0.4371029E-02 -0.6264207E-02 -0.1211222E-01 -0.1211222E-01 -0.2229105E-01 -0.2229105E-01 -0.4044947E-01 -0.5474212E-01 -0.7475915E-01 -0.1040668 -0.1040668 -0.2201177 -0.2807930 -0.3380917 -0.3909147 -0.4390080 -0.4824587 -0.5214214 -0.5557941 -0.5848463 -0.6066954 -0.6179056 -0.6136339 -0.5884123 -0.5358091 -0.5358091 -0.4390676 -0.3374103 -0.1816897 -0.1275520 -0.1275520 -0.3756185E-01 -0.3756185E-01 0.1614098E-01 0.1614098E-01 0.3713629E-01 0.6955558E-01 0.6955558E-01 0.9040707E-01 0.9040707E-01 0.1009408 0.1009408 0.1009408 0.9564011E-01 0.9564011E-01 0.8257087E-01 0.8257087E-01 0.6400985E-01 0.6400985E-01 0.4291124E-01 0.4291124E-01 0.2271473E-01 0.2271473E-01 0.2271473E-01
