cruce_test.gid/Rasters/Hydraulic/Velocity__x_159.0.asc
NCOLS        79
NROWS        79
XLLCENTER         -1.500000
YLLCENTER         -4.800000
CELLSIZE           0.100
NODATA_VALUE     -9999.0
[rows 0 to 25 of 79, columns 0 to 57 of 79]
-9999.000 -9999.000 -9999.000 -9999.000 -9999.000 -9999.000 -9999.000 -9999.000 -9999.000 -9999.000 -9999.000 -9999.000 -9999.000 -9999.000 -9999.000 0.7377983E-03 0.2455885E-02 0.5161089E-02 0.7787894E-02 0.1012685E-01 0.1202780E-01 0.1340240E-01 0.1423559E-01 0.1454528E-01 0.1436268E-01 0.1373436E-01 0.1266811E-01 0.1098239E-01 0.7913506E-02 0.3890944E-02 0.3890944E-02 -9999.000 -9999.000 -9999.000 -9999.000 -9999.000 -9999.000 -9999.000 -9999.000 -9999.000 -9999.000 -9999.000 -9999.000 -9999.000 -9999.000 -9999.000 -9999.000 -9999.000 -9999.000 -9999.000 -9999.000 -9999.000 -9999.000 -9999.000 -9999.000 -9999.000 -9999.000 -9999.000
-9999.000 -9999.000 -9999.000 -9999.000 -9999.000 -9999.000 -9999.000 -9999.000 -9999.000 -9999.000 -9999.000 -9999.000 -9999.000 -9999.000 -9999.000 0.1778209E-02 0.4581589E-02 0.8383338E-02 0.1203163E-01 0.1527256E-01 0.1791041E-01 0.1981502E-01 0.2093423E-01 0.2125755E-01 0.2079691E-01 0.1958634E-01 0.1763263E-01 0.1478271E-01 0.1038893E-01 0.5104569E-02 0.5104569E-02 -9999.000 -9999.000 -9999.000 -9999.000 -9999.000 -9999.000 -9999.000 -9999.000 -9999.000 -9999.000 -9999.000 -9999.000 -9999.000 -9999.000 -9999.000 -9999.000 -9999.000 -9999.000 -9999.000 -9999.000 -9999.000 -9999.000 -9999.000 -9999.000 -9999.000 -9999.000 -9999.000
-9999.000 -9999.000 -9999.000 -9999.000 -9999.000 -9999.000 -9999.000 -9999.000 -9999.000 -9999.000 -9999.000 -9999.000 -9999.000 -9999.000 -9999.000 0.2371738E-02 0.5825342E-02 0.1032065E-01 0.1460082E-01 0.1838596E-01 0.2145611E-01 0.2366086E-01 0.2493394E-01 0.2525676E-01 0.2463794E-01 0.2311593E-01 0.2070775E-01 0.1726981E-01 0.1214423E-01 0.6005649E-02 0.6005649E-02 -9999.000 -9999.000 -9999.000 -9999.000 -9999.000 -9999.000 -9999.000 -9999.000 -9999.000 -9999.000 -9999.000 -9999.000 -9999.000 -9999.000 -9999.000 -9999.000 -9999.000 -9999.000 -9999.000 -9999.000 -9999.000 -9999.000 -9999.000 -9999.000 -9999.000 -9999.000 -9999.000
-9999.000 -9999.000 -9999.000 -9999.000 -9999.000 -9999.000 -9999.000 -9999.000 -9999.000 -9999.000 -9999.000 -9999.000 -9999.000 -9999.000 -9999.000 0.2767973E-02 0.6654788E-02 0.1161145E-01 0.1631528E-01 0.2046870E-01 0.2383499E-01 0.2625042E-01 0.2764125E-01 0.2798530E-01 0.2729042E-01 0.2559859E-01 0.2293133E-01 0.1914264E-01 0.1354091E-01 0.6751832E-02 0.6751832E-02 -9999.000 -9999.000 -9999.000 -9999.000 -9999.000 -9999.000 -9999.000 -9999.000 -9999.000 -9999.000 -9999.000 -9999.000 -9999.000 -9999.000 -9999.000 -9999.000 -9999.000 -9999.000 -9999.000 -9999.000 -9999.000 -9999.000 -9999.000 -9999.000 -9999.000 -9999.000 -9999.000
-9999.000 -9999.000 -9999.000 -9999.000 -9999.000 -9999.000 -9999.000 -9999.000 -9999.000 -9999.000 -9999.000 -9999.000 -9999.000 -9999.000 -9999.000 0.3075455E-02 0.7294434E-02 0.1260134E-01 0.1763018E-01 0.2207065E-01 0.2567283E-01 0.2826305E-01 0.2976279E-01 0.3014758E-01 0.2942485E-01 0.2763886E-01 0.2481272E-01 0.2079091E-01 0.1483387E-01 0.7467072E-02 0.7467072E-02 -9999.000 -9999.000 -9999.000 -9999.000 -9999.000 -9999.000 -9999.000 -9999.000 -9999.000 -9999.000 -9999.000 -9999.000 -9999.000 -9999.000 -9999.000 -9999.000 -9999.000 -9999.000 -9999.000 -9999.000 -9999.000 -9999.000 -9999.000 -9999.000 -9999.000 -9999.000 -9999.000
-9999.000 -9999.000 -9999.000 -9999.000 -9999.000 -9999.000 -9999.000 -9999.000 -9999.000 -9999.000 -9999.000 -9999.000 -9999.000 -9999.000 -9999.000 0.3349715E-02 0.7860833E-02 0.1347188E-01 0.1878536E-01 0.2348066E-01 0.2729691E-01 0.3005143E-01 0.3166285E-01 0.3210561E-01 0.3138560E-01 0.2954996E-01 0.2662123E-01 0.2242931E-01 0.1617286E-01 0.8227774E-02 0.8227774E-02 -9999.000 -9999.000 -9999.000 -9999.000 -9999.000 -9999.000 -9999.000 -9999.000 -9999.000 -9999.000 -9999.000 -9999.000 -9999.000 -9999.000 -9999.000 -9999.000 -9999.000 -9999.000 -9999.000 -9999.000 -9999.000 -9999.000 -9999.000 -9999.000 -9999.000 -9999.000 -9999.000
-9999.000 -9999.000 -9999.000 -9999.000 -9999.000 -9999.000 -9999.000 -9999.000 -9999.000 -9999.000 -9999.000 -9999.000 -9999.000 -9999.000 -9999.000 0.3619915E-02 0.8415325E-02 0.1431881E-01 0.1990706E-01 0.2485123E-01 0.2888005E-01 0.3180267E-01 0.3353611E-01 0.3405418E-01 0.3336174E-01 0.3150779E-01 0.2851359E-01 0.2418980E-01 0.1765855E-01 0.9089479E-02 0.9089479E-02 -9999.000 -9999.000 -9999.000 -9999.000 -9999.000 -9999.000 -9999.000 -9999.000 -9999.000 -9999.000 -9999.000 -9999.000 -9999.000 -9999.000 -9999.000 -9999.000 -9999.000 -9999.000 -9999.000 -9999.000 -9999.000 -9999.000 -9999.000 -9999.000 -9999.000 -9999.000 -9999.000
-9999.000 -9999.000 -9999.000 -9999.000 -9999.000 -9999.000 -9999.000 -9999.000 -9999.000 -9999.000 -9999.000 -9999.000 -9999.000 -9999.000 -9999.000 0.3901905E-02 0.8991676E-02 0.1519499E-01 0.2106560E-01 0.2626764E-01 0.3051982E-01 0.3362369E-01 0.3549555E-01 0.3610929E-01 0.3546885E-01 0.3362512E-01 0.3059701E-01 0.2617062E-01 0.1937553E-01 0.1010256E-01 0.1010256E-01 -9999.000 -9999.000 -9999.000 -9999.000 -9999.000 -9999.000 -9999.000 -9999.000 -9999.000 -9999.000 -9999.000 -9999.000 -9999.000 -9999.000 -9999.000 -9999.000 -9999.000 -9999.000 -9999.000 -9999.000 -9999.000 -9999.000 -9999.000 -9999.000 -9999.000 -9999.000 -9999.000
-9999.000 -9999.000 -9999.000 -9999.000 -9999.000 -9999.000 -9999.000 -9999.000 -9999.000 -9999.000 -9999.000 -9999.000 -9999.000 -9999.000 -9999.000 0.4205518E-02 0.9610704E-02 0.1613365E-01 0.2230573E-01 0.2778485E-01 0.3227995E-01 0.3558538E-01 0.3761813E-01 0.3835332E-01 0.3779313E-01 0.3599154E-01 0.3296331E-01 0.2846495E-01 0.2141360E-01 0.1132424E-01 0.1132424E-01 -9999.000 -9999.000 -9999.000 -9999.000 -9999.000 -9999.000 -9999.000 -9999.000 -9999.000 -9999.000 -9999.000 -9999.000 -9999.000 -9999.000 -9999.000 -9999.000 -9999.000 -9999.000 -9999.000 -9999.000 -9999.000 -9999.000 -9999.000 -9999.000 -9999.000 -9999.000 -9999.000
-9999.000 -9999.000 -9999.000 -9999.000 -9999.000 -9999.000 -9999.000 -9999.000 -9999.000 -9999.000 -9999.000 -9999.000 -9999.000 -9999.000 -9999.000 0.4538062E-02 0.1028850E-01 0.1716137E-01 0.2366385E-01 0.2944840E-01 0.3421445E-01 0.3774954E-01 0.3997301E-01 0.4086208E-01 0.4041809E-01 0.3869819E-01 0.3571263E-01 0.3118094E-01 0.2388447E-01 0.1282815E-01 0.1282815E-01 -9999.000 -9999.000 -9999.000 -9999.000 -9999.000 -9999.000 -9999.000 -9999.000 -9999.000 -9999.000 -9999.000 -9999.000 -9999.000 -9999.000 -9999.000 -9999.000 -9999.000 -9999.000 -9999.000 -9999.000 -9999.000 -9999.000 -9999.000 -9999.000 -9999.000 -9999.000 -9999.000
-9999.000 -9999.000 -9999.000 -9999.000 -9999.000 -9999.000 -9999.000 -9999.000 -9999.000 -9999.000 -9999.000 -9999.000 -9999.000 -9999.000 -9999.000 0.4907235E-02 0.1104218E-01 0.1830614E-01 0.2517889E-01 0.3130754E-01 0.3638262E-01 0.4018476E-01 0.4263849E-01 0.4372444E-01 0.4344337E-01 0.4185770E-01 0.3897197E-01 0.3446122E-01 0.2694180E-01 0.1471757E-01 0.1471757E-01 -9999.000 -9999.000 -9999.000 -9999.000 -9999.000 -9999.000 -9999.000 -9999.000 -9999.000 -9999.000 -9999.000 -9999.000 -9999.000 -9999.000 -9999.000 -9999.000 -9999.000 -9999.000 -9999.000 -9999.000 -9999.000 -9999.000 -9999.000 -9999.000 -9999.000 -9999.000 -9999.000
-9999.000 -9999.000 -9999.000 -9999.000 -9999.000 -9999.000 -9999.000 -9999.000 -9999.000 -9999.000 -9999.000 -9999.000 -9999.000 -9999.000 -9999.000 0.5322589E-02 0.1189332E-01 0.1960389E-01 0.2690093E-01 0.3342647E-01 0.3886220E-01 0.4298283E-01 0.4572038E-01 0.4706142E-01 0.4700717E-01 0.4562782E-01 0.4292221E-01 0.3851122E-01 0.3081054E-01 0.1714497E-01 0.1714497E-01 -9999.000 -9999.000 -9999.000 -9999.000 -9999.000 -9999.000 -9999.000 -9999.000 -9999.000 -9999.000 -9999.000 -9999.000 -9999.000 -9999.000 -9999.000 -9999.000 -9999.000 -9999.000 -9999.000 -9999.000 -9999.000 -9999.000 -9999.000 -9999.000 -9999.000 -9999.000 -9999.000
-9999.000 -9999.000 -9999.000 -9999.000 -9999.000 -9999.000 -9999.000 -9999.000 -9999.000 -9999.000 -9999.000 -9999.000 -9999.000 -9999.000 -9999.000 0.5798395E-02 0.1287365E-01 0.2110732E-01 0.2890304E-01 0.3589853E-01 0.4176688E-01 0.4627758E-01 0.4937441E-01 0.5105272E-01 0.5131588E-01 0.5024606E-01 0.4783685E-01 0.4364413E-01 0.3583774E-01 0.2034621E-01 0.2034621E-01 -9999.000 -9999.000 -9999.000 -9999.000 -9999.000 -9999.000 -9999.000 -9999.000 -9999.000 -9999.000 -9999.000 -9999.000 -9999.000 -9999.000 -9999.000 -9999.000 -9999.000 -9999.000 -9999.000 -9999.000 -9999.000 -9999.000 -9999.000 -9999.000 -9999.000 -9999.000 -9999.000
-9999.000 -9999.000 -9999.000 -9999.000 -9999.000 -9999.000 -9999.000 -9999.000 -9999.000 -9999.000 -9999.000 -9999.000 -9999.000 -9999.000 -9999.000 0.6413606E-02 0.1413344E-01 0.2303419E-01 0.3145264E-01 0.3902395E-01 0.4541838E-01 0.5040655E-01 0.5395427E-01 0.5607241E-01 0.5677138E-01 0.5615269E-01 0.5420651E-01 0.5040993E-01 0.4262753E-01 0.2474636E-01 0.2474636E-01 -9999.000 -9999.000 -9999.000 -9999.000 -9999.000 -9999.000 -9999.000 -9999.000 -9999.000 -9999.000 -9999.000 -9999.000 -9999.000 -9999.000 -9999.000 -9999.000 -9999.000 -9999.000 -9999.000 -9999.000 -9999.000 -9999.000 -9999.000 -9999.000 -9999.000 -9999.000 -9999.000
-9999.000 -9999.000 -9999.000 -9999.000 -9999.000 -9999.000 -9999.000 -9999.000 -9999.000 -9999.000 -9999.000 -9999.000 -9999.000 -9999.000 -9999.000 0.2085646E-01 0.3405507E-01 0.4662822E-01 0.5581502E-01 0.6213426E-01 0.6602883E-01 0.6791750E-01 0.6829758E-01 0.6744981E-01 0.6560280E-01 0.6295423E-01 0.5948156E-01 0.5453974E-01 0.4570986E-01 0.2300787E-01 0.2300787E-01 -9999.000 -9999.000 -9999.000 -9999.000 -9999.000 -9999.000 -9999.000 -9999.000 -9999.000 -9999.000 -9999.000 -9999.000 -9999.000 -9999.000 -9999.000 -9999.000 -9999.000 -9999.000 -9999.000 -9999.000 -9999.000 -9999.000 -9999.000 -9999.000 -9999.000 -9999.000 -9999.000
2.585429 2.585429 2.627226 2.667212 2.672419 2.672419 2.675318 2.677283 2.677283 2.675992 2.675992 2.672472 2.670109 2.667428 2.664469 2.664469 2.704187 2.699493 2.684341 2.655015 2.608674 2.543236 2.456792 2.351615 2.227886 2.087752 1.935656 1.781968 1.652274 1.609723 1.609723 2.426932 2.587763 2.670049 2.688836 2.688836 2.709578 2.709578 2.675051 2.675051 2.623058 2.424880 2.424880 1.980567 1.980567 1.815418 1.815418 1.815418 1.823241 1.823241 1.862168 1.862168 1.908879 1.908879 1.954574 1.954574 1.993993 1.993993
2.602906 2.602906 2.659259 2.714995 2.730923 2.730923 2.744519 2.767757 2.767757 2.787574 2.787574 2.804994 2.813034 2.820712 2.828068 2.828068 2.857858 2.865724 2.873021 2.878011 2.878354 2.871417 2.854260 2.825018 2.781237 2.721210 2.644398 2.552712 2.453392 2.393696 2.393696 2.837019 2.989470 3.129247 3.165251 3.165251 3.202243 3.202243 3.192873 3.192873 3.165863 3.052263 3.052263 2.800379 2.800379 2.608412 2.608412 2.608412 2.615776 2.615776 2.655878 2.655878 2.705313 2.705313 2.753981 2.753981 2.796781 2.796781
2.606928 2.606928 2.663265 2.715308 2.731418 2.731418 2.745249 2.769000 2.769000 2.789398 2.789398 2.807489 2.815899 2.823970 2.831741 2.831741 2.859683 2.875065 2.892014 2.908379 2.922258 2.932034 2.936122 2.933441 2.922439 2.901489 2.869273 2.825773 2.774576 2.742491 2.742491 3.003396 3.151772 3.317622 3.363801 3.363801 3.406399 3.406399 3.388131 3.388131 3.355661 3.253591 3.253591 3.087056 3.087056 2.899978 2.899978 2.899978 2.892674 2.892674 2.923161 2.923161 2.965466 2.965466 3.008046 3.008046 3.046130 3.046130
2.610146 2.610146 2.666354 2.715241 2.731328 2.731328 2.745199 2.769009 2.769009 2.789426 2.789426 2.807528 2.815944 2.824023 2.831803 2.831803 2.860360 2.882636 2.907689 2.932211 2.953938 2.971383 2.983491 2.989764 2.989675 2.982624 2.968052 2.946013 2.918792 2.903527 2.903527 3.064923 3.198170 3.372664 3.423973 3.423973 3.462905 3.462905 3.425478 3.425478 3.386382 3.299315 3.299315 3.196647 3.196647 3.038910 3.038910 3.038910 3.016606 3.016606 3.035981 3.035981 3.071678 3.071678 3.110216 3.110216 3.145453 3.145453
2.612614 2.612614 2.668711 2.715196 2.731234 2.731234 2.745139 2.769005 2.769005 2.789432 2.789432 2.807529 2.815944 2.824020 2.831799 2.831799 2.863780 2.892906 2.925668 2.957734 2.986454 3.010256 3.028175 3.039794 3.044925 3.043492 3.035548 3.021595 3.003654 2.993445 2.993445 3.094805 3.206576 3.372810 3.420017 3.420017 3.436584 3.436584 3.377364 3.377364 3.340364 3.285015 3.285015 3.237563 3.237563 3.124515 3.124515 3.124515 3.091614 3.091614 3.097845 3.097845 3.124853 3.124853 3.158274 3.158274 3.190136 3.190136
2.614359 2.614359 2.670372 2.715169 2.731155 2.731155 2.745084 2.769001 2.769001 2.789437 2.789437 2.807529 2.815942 2.824017 2.831796 2.831796 2.870733 2.907041 2.947191 2.986190 3.021219 3.050697 3.073714 3.089842 3.098942 3.101061 3.096448 3.085763 3.070834 3.059946 3.059946 3.120604 3.207114 3.345112 3.374248 3.374248 3.349206 3.349206 3.284556 3.284556 3.263514 3.251397 3.251397 3.248396 3.248396 3.184101 3.184101 3.184101 3.148964 3.148964 3.143141 3.143141 3.159533 3.159533 3.185809 3.185809 3.212778 3.212778
2.615399 2.615399 2.671359 2.715157 2.731102 2.731102 2.745048 2.768999 2.768999 2.789441 2.789441 2.807530 2.815941 2.824016 2.831794 2.831794 2.882064 2.926179 2.973448 3.018690 3.059182 3.093489 3.120826 3.140811 3.153312 3.158374 3.156232 3.147474 3.133580 3.120303 3.120303 3.151731 3.210446 3.292668 3.285670 3.285670 3.217799 3.217799 3.180780 3.180780 3.184895 3.214590 3.214590 3.244002 3.244002 3.224551 3.224551 3.224551 3.195863 3.195863 3.182324 3.182324 3.187869 3.187869 3.205210 3.205210 3.225509 3.225509
2.615745 2.615745 2.671687 2.715153 2.731085 2.731085 2.745034 2.768998 2.768998 2.789442 2.789442 2.807531 2.815941 2.824016 2.831794 2.831794 2.898890 2.951611 3.005738 3.056427 3.101359 3.139419 3.170056 3.193019 3.208226 3.215716 3.215655 3.208475 3.195223 3.179506 3.179506 3.188828 3.215853 3.200994 3.145711 3.145711 3.071059 3.071059 3.090611 3.090611 3.118531 3.179558 3.179558 3.231139 3.231139 3.249024 3.249024 3.249024 3.232827 3.232827 3.217416 3.217416 3.213925 3.213925 3.221449 3.221449 3.233461 3.233461
2.615399 2.615399 2.671360 2.715156 2.731103 2.731103 2.745046 2.768998 2.768998 2.789440 2.789440 2.807530 2.815941 2.824016 2.831795 2.831795 2.922775 2.984901 3.045516 3.100682 3.148808 3.189294 3.221946 3.246735 3.263692 3.272882 3.274421 3.268573 3.255897 3.237749 3.237749 3.227311 3.211198 3.048927 2.962267 2.962267 2.942965 2.942965 3.020816 3.020816 3.064760 3.145896 3.145896 3.212548 3.212548 3.259801 3.259801 3.259801 3.258621 3.258621 3.246655 3.246655 3.237409 3.237409 3.235452 3.235452 3.238099 3.238099
2.614359 2.614359 2.670372 2.715169 2.731156 2.731156 2.745085 2.769001 2.769001 2.789437 2.789437 2.807530 2.815942 2.824018 2.831797 2.831797 2.955956 3.028058 3.094469 3.152803 3.202552 3.243835 3.276934 3.302124 3.319611 3.329524 3.331960 3.327027 3.314623 3.292549 3.292549 3.255257 3.165143 2.838685 2.776536 2.776536 2.849604 2.849604 2.964884 2.964884 3.017668 3.111423 3.111423 3.188767 3.188767 3.258415 3.258415 3.258415 3.271958 3.271958 3.266945 3.266945 3.255605 3.255605 3.245621 3.245621 3.238630 3.238630
2.612614 2.612614 2.668712 2.715195 2.731235 2.731235 2.745138 2.769005 2.769005 2.789432 2.789432 2.807528 2.815942 2.824020 2.831799 2.831799 3.001707 3.083718 3.154552 3.214146 3.263451 3.303503 3.335166 3.359071 3.375629 3.385068 3.387484 3.382810 3.369547 3.336653 3.336653 3.241290 3.022067 2.623234 2.637436 2.637436 2.781192 2.781192 2.914147 2.914147 2.971530 3.073845 3.073845 3.158997 3.158997 3.245229 3.245229 3.245229 3.271500 3.271500 3.274798 3.274798 3.264288 3.264288 3.248376 3.248376 3.232335 3.232335
