cruce_test.gid/Rasters/Hydraulic/Velocity__x_26.0.asc
NCOLS        79
NROWS        79
XLLCENTER         -1.500000
YLLCENTER         -4.800000
CELLSIZE           0.100
NODATA_VALUE     -9999.0
[rows 0 to 25 of 79, columns 0 to 57 of 79]
-9999.000 -9999.000 -9999.000 -9999.000 -9999.000 -9999.000 -9999.000 -9999.000 -9999.000 -9999.000 -9999.000 -9999.000 -9999.000 -9999.000 -9999.000 0.9912974E-03 0.2452014E-02 0.4172437E-02 0.5671924E-02 0.6861991E-02 0.7717539E-02 0.8227815E-02 0.8385065E-02 0.8180033E-02 0.7598194E-02 0.6613942E-02 0.5180278E-02 0.3213093E-02 0.6071556E-03 -0.5519784E-03 -0.5519784E-03 -9999.000 -9999.000 -9999.000 -9999.000 -9999.000 -9999.000 -9999.000 -9999.000 -9999.000 -9999.000 -9999.000 -9999.000 -9999.000 -9999.000 -9999.000 -9999.000 -9999.000 -9999.000 -9999.000 -9999.000 -9999.000 -9999.000 -9999.000 -9999.000 -9999.000 -9999.000 -9999.000
-9999.000 -9999.000 -9999.000 -9999.000 -9999.000 -9999.000 -9999.000 -9999.000 -9999.000 -9999.000 -9999.000 -9999.000 -9999.000 -9999.000 -9999.000 0.1804994E-02 0.4533296E-02 0.7895954E-02 0.1081771E-01 0.1315372E-01 0.1484619E-01 0.1586349E-01 0.1618434E-01 0.1579160E-01 0.1466895E-01 0.1279890E-01 0.1016304E-01 0.6748742E-02 0.2617903E-02 0.2290966E-03 0.2290966E-03 -9999.000 -9999.000 -9999.000 -9999.000 -9999.000 -9999.000 -9999.000 -9999.000 -9999.000 -9999.000 -9999.000 -9999.000 -9999.000 -9999.000 -9999.000 -9999.000 -9999.000 -9999.000 -9999.000 -9999.000 -9999.000 -9999.000 -9999.000 -9999.000 -9999.000 -9999.000 -9999.000
-9999.000 -9999.000 -9999.000 -9999.000 -9999.000 -9999.000 -9999.000 -9999.000 -9999.000 -9999.000 -9999.000 -9999.000 -9999.000 -9999.000 -9999.000 0.2592718E-02 0.6563528E-02 0.1155484E-01 0.1589920E-01 0.1938927E-01 0.2193502E-01 0.2348407E-01 0.2400206E-01 0.2346587E-01 0.2186032E-01 0.1917865E-01 0.1542582E-01 0.1062923E-01 0.4923179E-02 0.1200114E-02 0.1200114E-02 -9999.000 -9999.000 -9999.000 -9999.000 -9999.000 -9999.000 -9999.000 -9999.000 -9999.000 -9999.000 -9999.000 -9999.000 -9999.000 -9999.000 -9999.000 -9999.000 -9999.000 -9999.000 -9999.000 -9999.000 -9999.000 -9999.000 -9999.000 -9999.000 -9999.000 -9999.000 -9999.000
-9999.000 -9999.000 -9999.000 -9999.000 -9999.000 -9999.000 -9999.000 -9999.000 -9999.000 -9999.000 -9999.000 -9999.000 -9999.000 -9999.000 -9999.000 0.3410659E-02 0.8653646E-02 0.1530043E-01 0.2109934E-01 0.2577832E-01 0.2921522E-01 0.3133678E-01 0.3209522E-01 0.3145975E-01 0.2941342E-01 0.2595421E-01 0.2109946E-01 0.1489794E-01 0.7530922E-02 0.2337343E-02 0.2337343E-02 -9999.000 -9999.000 -9999.000 -9999.000 -9999.000 -9999.000 -9999.000 -9999.000 -9999.000 -9999.000 -9999.000 -9999.000 -9999.000 -9999.000 -9999.000 -9999.000 -9999.000 -9999.000 -9999.000 -9999.000 -9999.000 -9999.000 -9999.000 -9999.000 -9999.000 -9999.000 -9999.000
-9999.000 -9999.000 -9999.000 -9999.000 -9999.000 -9999.000 -9999.000 -9999.000 -9999.000 -9999.000 -9999.000 -9999.000 -9999.000 -9999.000 -9999.000 0.4310076E-02 0.1089605E-01 0.1925339E-01 0.2656363E-01 0.3248938E-01 0.3687550E-01 0.3962668E-01 0.4067904E-01 0.3999028E-01 0.3753617E-01 0.3331108E-01 0.2733316E-01 0.1965902E-01 0.1050337E-01 0.3662569E-02 0.3662569E-02 -9999.000 -9999.000 -9999.000 -9999.000 -9999.000 -9999.000 -9999.000 -9999.000 -9999.000 -9999.000 -9999.000 -9999.000 -9999.000 -9999.000 -9999.000 -9999.000 -9999.000 -9999.000 -9999.000 -9999.000 -9999.000 -9999.000 -9999.000 -9999.000 -9999.000 -9999.000 -9999.000
-9999.000 -9999.000 -9999.000 -9999.000 -9999.000 -9999.000 -9999.000 -9999.000 -9999.000 -9999.000 -9999.000 -9999.000 -9999.000 -9999.000 -9999.000 0.5347693E-02 0.1338690E-01 0.2353108E-01 0.3242996E-01 0.3968186E-01 0.4509686E-01 0.4855369E-01 0.4996783E-01 0.4927957E-01 0.4644957E-01 0.4145839E-01 0.3431284E-01 0.2506227E-01 0.1394092E-01 0.5221389E-02 0.5221389E-02 -9999.000 -9999.000 -9999.000 -9999.000 -9999.000 -9999.000 -9999.000 -9999.000 -9999.000 -9999.000 -9999.000 -9999.000 -9999.000 -9999.000 -9999.000 -9999.000 -9999.000 -9999.000 -9999.000 -9999.000 -9999.000 -9999.000 -9999.000 -9999.000 -9999.000 -9999.000 -9999.000
-9999.000 -9999.000 -9999.000 -9999.000 -9999.000 -9999.000 -9999.000 -9999.000 -9999.000 -9999.000 -9999.000 -9999.000 -9999.000 -9999.000 -9999.000 0.6589721E-02 0.1623389E-01 0.2825762E-01 0.3883867E-01 0.4751719E-01 0.5406435E-01 0.5832687E-01 0.6019207E-01 0.5957416E-01 0.5640823E-01 0.5064823E-01 0.4227331E-01 0.3130751E-01 0.1798354E-01 0.7080593E-02 0.7080593E-02 -9999.000 -9999.000 -9999.000 -9999.000 -9999.000 -9999.000 -9999.000 -9999.000 -9999.000 -9999.000 -9999.000 -9999.000 -9999.000 -9999.000 -9999.000 -9999.000 -9999.000 -9999.000 -9999.000 -9999.000 -9999.000 -9999.000 -9999.000 -9999.000 -9999.000 -9999.000 -9999.000
-9999.000 -9999.000 -9999.000 -9999.000 -9999.000 -9999.000 -9999.000 -9999.000 -9999.000 -9999.000 -9999.000 -9999.000 -9999.000 -9999.000 -9999.000 0.8111234E-02 0.1955605E-01 0.3356425E-01 0.4593334E-01 0.5615804E-01 0.6396641E-01 0.6916457E-01 0.7160076E-01 0.7115098E-01 0.6770981E-01 0.6118728E-01 0.5151288E-01 0.3865813E-01 0.2282268E-01 0.9333785E-02 0.9333785E-02 -9999.000 -9999.000 -9999.000 -9999.000 -9999.000 -9999.000 -9999.000 -9999.000 -9999.000 -9999.000 -9999.000 -9999.000 -9999.000 -9999.000 -9999.000 -9999.000 -9999.000 -9999.000 -9999.000 -9999.000 -9999.000 -9999.000 -9999.000 -9999.000 -9999.000 -9999.000 -9999.000
-9999.000 -9999.000 -9999.000 -9999.000 -9999.000 -9999.000 -9999.000 -9999.000 -9999.000 -9999.000 -9999.000 -9999.000 -9999.000 -9999.000 -9999.000 0.9991402E-02 0.2347784E-01 0.3958507E-01 0.5385661E-01 0.6576411E-01 0.7498986E-01 0.8128934E-01 0.8445845E-01 0.8431800E-01 0.8070222E-01 0.7345153E-01 0.6241366E-01 0.4746653E-01 0.2872541E-01 0.1211508E-01 0.1211508E-01 -9999.000 -9999.000 -9999.000 -9999.000 -9999.000 -9999.000 -9999.000 -9999.000 -9999.000 -9999.000 -9999.000 -9999.000 -9999.000 -9999.000 -9999.000 -9999.000 -9999.000 -9999.000 -9999.000 -9999.000 -9999.000 -9999.000 -9999.000 -9999.000 -9999.000 -9999.000 -9999.000
-9999.000 -9999.000 -9999.000 -9999.000 -9999.000 -9999.000 -9999.000 -9999.000 -9999.000 -9999.000 -9999.000 -9999.000 -9999.000 -9999.000 -9999.000 0.1230444E-01 0.2811666E-01 0.4644990E-01 0.6274677E-01 0.7649063E-01 0.8731881E-01 0.9492777E-01 0.9904639E-01 0.9942044E-01 0.9579702E-01 0.8791119E-01 0.7548020E-01 0.5822285E-01 0.3608238E-01 0.1562643E-01 0.1562643E-01 -9999.000 -9999.000 -9999.000 -9999.000 -9999.000 -9999.000 -9999.000 -9999.000 -9999.000 -9999.000 -9999.000 -9999.000 -9999.000 -9999.000 -9999.000 -9999.000 -9999.000 -9999.000 -9999.000 -9999.000 -9999.000 -9999.000 -9999.000 -9999.000 -9999.000 -9999.000 -9999.000
-9999.000 -9999.000 -9999.000 -9999.000 -9999.000 -9999.000 -9999.000 -9999.000 -9999.000 -9999.000 -9999.000 -9999.000 -9999.000 -9999.000 -9999.000 0.1510550E-01 0.3356476E-01 0.5427181E-01 0.7273324E-01 0.8848968E-01 0.1011406 0.1103186 0.1156747 0.1168591 0.1134999 0.1051789 0.9141035E-01 0.7164627E-01 0.4550326E-01 0.2019513E-01 0.2019513E-01 -9999.000 -9999.000 -9999.000 -9999.000 -9999.000 -9999.000 -9999.000 -9999.000 -9999.000 -9999.000 -9999.000 -9999.000 -9999.000 -9999.000 -9999.000 -9999.000 -9999.000 -9999.000 -9999.000 -9999.000 -9999.000 -9999.000 -9999.000 -9999.000 -9999.000 -9999.000 -9999.000
-9999.000 -9999.000 -9999.000 -9999.000 -9999.000 -9999.000 -9999.000 -9999.000 -9999.000 -9999.000 -9999.000 -9999.000 -9999.000 -9999.000 -9999.000 0.1841099E-01 0.3985910E-01 0.6312343E-01 0.8392401E-01 0.1019093 0.1166538 0.1277305 0.1347081 0.1371277 0.1344682 0.1260996 0.1112302 0.8886980E-01 0.5802165E-01 0.2640150E-01 0.2640150E-01 -9999.000 -9999.000 -9999.000 -9999.000 -9999.000 -9999.000 -9999.000 -9999.000 -9999.000 -9999.000 -9999.000 -9999.000 -9999.000 -9999.000 -9999.000 -9999.000 -9999.000 -9999.000 -9999.000 -9999.000 -9999.000 -9999.000 -9999.000 -9999.000 -9999.000 -9999.000 -9999.000
-9999.000 -9999.000 -9999.000 -9999.000 -9999.000 -9999.000 -9999.000 -9999.000 -9999.000 -9999.000 -9999.000 -9999.000 -9999.000 -9999.000 -9999.000 0.2217340E-01 0.4694254E-01 0.7300069E-01 0.9638029E-01 0.1168810 0.1340711 0.1474782 0.1566004 0.1608727 0.1596089 0.1519142 0.1365604 0.1118356 0.7558025E-01 0.3539554E-01 0.3539554E-01 -9999.000 -9999.000 -9999.000 -9999.000 -9999.000 -9999.000 -9999.000 -9999.000 -9999.000 -9999.000 -9999.000 -9999.000 -9999.000 -9999.000 -9999.000 -9999.000 -9999.000 -9999.000 -9999.000 -9999.000 -9999.000 -9999.000 -9999.000 -9999.000 -9999.000 -9999.000 -9999.000
-9999.000 -9999.000 -9999.000 -9999.000 -9999.000 -9999.000 -9999.000 -9999.000 -9999.000 -9999.000 -9999.000 -9999.000 -9999.000 -9999.000 -9999.000 0.2634635E-01 0.5474205E-01 0.8390975E-01 0.1102016 0.1335975 0.1536889 0.1699921 0.1819740 0.1890048 0.1902658 0.1845937 0.1702145 0.1443031 0.1024604 0.4993536E-01 0.4993536E-01 -9999.000 -9999.000 -9999.000 -9999.000 -9999.000 -9999.000 -9999.000 -9999.000 -9999.000 -9999.000 -9999.000 -9999.000 -9999.000 -9999.000 -9999.000 -9999.000 -9999.000 -9999.000 -9999.000 -9999.000 -9999.000 -9999.000 -9999.000 -9999.000 -9999.000 -9999.000 -9999.000
-9999.000 -9999.000 -9999.000 -9999.000 -9999.000 -9999.000 -9999.000 -9999.000 -9999.000 -9999.000 -9999.000 -9999.000 -9999.000 -9999.000 -9999.000 0.3800581E-01 0.7087082E-01 0.1034524 0.1321520 0.1576501 0.1799216 0.1987024 0.2135805 0.2239771 0.2290523 0.2274839 0.2169775 0.1931816 0.1473453 0.7247882E-01 0.7247882E-01 -9999.000 -9999.000 -9999.000 -9999.000 -9999.000 -9999.000 -9999.000 -9999.000 -9999.000 -9999.000 -9999.000 -9999.000 -9999.000 -9999.000 -9999.000 -9999.000 -9999.000 -9999.000 -9999.000 -9999.000 -9999.000 -9999.000 -9999.000 -9999.000 -9999.000 -9999.000 -9999.000
1.004409 1.004409 0.9755931 0.9399107 0.9243525 0.9243525 0.9090634 0.8764438 0.8764438 0.8367894 0.8367894 0.7830349 0.7464705 0.6989836 0.6353672 0.6353672 0.5019212 0.4529628 0.4096860 0.3744351 0.3479877 0.3299257 0.3190198 0.3136748 0.3123900 0.3142632 0.3197238 0.3320280 0.3611266 0.4202078 0.4202078 1.115837 1.355851 1.487276 1.487303 1.487303 1.378943 1.378943 0.3586699 0.3586699 0.2655628 0.2418109 0.2418109 0.3018600 0.3018600 0.3981636 0.3981636 0.3981636 0.4705116 0.4705116 0.5338274 0.5338274 0.5882311 0.5882311 0.6353384 0.6353384 0.6892583 0.6892583
1.016346 1.016346 0.9879301 0.9608853 0.9492739 0.9492739 0.9376182 0.9110698 0.9110698 0.8755658 0.8755658 0.8258296 0.7942750 0.7581981 0.7185803 0.7185803 0.6518084 0.6183835 0.5819654 0.5447377 0.5091202 0.4774172 0.4515176 0.4327662 0.4221025 0.4205342 0.4300581 0.4554012 0.5078827 0.6098334 0.6098334 1.088593 1.266227 1.389521 1.408950 1.408950 1.400870 1.400870 1.036014 1.036014 0.8438671 0.8107473 0.8107473 0.8246131 0.8246131 0.8476756 0.8476756 0.8476756 0.8838860 0.8838860 0.9206537 0.9206537 0.9560543 0.9560543 0.9689808 0.9689808 1.019301 1.019301
1.020425 1.020425 0.9881971 0.9619432 0.9508711 0.9508711 0.9399263 0.9157012 0.9157012 0.8848153 0.8848153 0.8442591 0.8199683 0.7933652 0.7654562 0.7654562 0.7233222 0.7030491 0.6794487 0.6528829 0.6245243 0.5961576 0.5699789 0.5484020 0.5339494 0.5293658 0.5381363 0.5657914 0.6230220 0.7327234 0.7327234 1.102226 1.259538 1.380715 1.406549 1.406549 1.414549 1.414549 1.289348 1.289348 1.165059 1.076916 1.076916 1.081582 1.081582 1.083224 1.083224 1.083224 1.103359 1.103359 1.125014 1.125014 1.147383 1.147383 1.163909 1.163909 1.192453 1.192453
1.024547 1.024547 0.9885229 0.9630597 0.9525056 0.9525056 0.9422392 0.9202097 0.9202097 0.8934449 0.8934449 0.8602281 0.8412188 0.8210051 0.8003080 0.8003080 0.7719033 0.7593572 0.7445740 0.7271847 0.7075066 0.6865066 0.6657763 0.6474810 0.6343160 0.6295459 0.6372798 0.6633139 0.7173930 0.8198895 0.8198895 1.115551 1.260157 1.378491 1.404876 1.404876 1.412461 1.412461 1.349686 1.349686 1.281318 1.198168 1.198168 1.198206 1.198206 1.203182 1.203182 1.203182 1.217243 1.217243 1.232226 1.232226 1.248099 1.248099 1.260804 1.260804 1.280292 1.280292
1.028735 1.028735 0.9890077 0.9645273 0.9545854 0.9545854 0.9450978 0.9254653 0.9254653 0.9028457 0.9028457 0.8762664 0.8616479 0.8464431 0.8310611 0.8310611 0.8121850 0.8043573 0.7950574 0.7838923 0.7709008 0.7565877 0.7419912 0.7287461 0.7191358 0.7161765 0.7238261 0.7475632 0.7960190 0.8866638 0.8866638 1.126493 1.258777 1.367494 1.389342 1.389342 1.391012 1.391012 1.358976 1.358976 1.327950 1.277176 1.277176 1.274666 1.274666 1.281847 1.281847 1.281847 1.293323 1.293323 1.304497 1.304497 1.316121 1.316121 1.325903 1.325903 1.339503 1.339503
1.032886 1.032886 0.9896041 0.9662601 0.9569971 0.9569971 0.9483541 0.9312421 0.9312421 0.9127994 0.9127994 0.8925760 0.8819957 0.8712723 0.8605057 0.8605057 0.8496539 0.8450185 0.8390507 0.8316637 0.8229923 0.8134257 0.8036975 0.7950023 0.7891169 0.7885360 0.7966840 0.8183700 0.8610272 0.9395533 0.9395533 1.135048 1.253238 1.343139 1.356959 1.356959 1.357095 1.357095 1.353241 1.353241 1.347399 1.332217 1.332217 1.334286 1.334286 1.343186 1.343186 1.343186 1.353479 1.353479 1.362063 1.362063 1.370290 1.370290 1.377266 1.377266 1.386293 1.386293
1.036866 1.036866 0.9902682 0.9681630 0.9596127 0.9596127 0.9518418 0.9372810 0.9372810 0.9229909 0.9229909 0.9090146 0.9023985 0.8960976 0.8899200 0.8899200 0.8869652 0.8847575 0.8807713 0.8753703 0.8689901 0.8621336 0.8554503 0.8498648 0.8467265 0.8479863 0.8564292 0.8760769 0.9131972 0.9804578 0.9804578 1.139147 1.239866 1.303041 1.309984 1.309984 1.320801 1.320801 1.345106 1.345106 1.355832 1.368234 1.368234 1.379858 1.379858 1.392533 1.392533 1.392533 1.402914 1.402914 1.410037 1.410037 1.415631 1.415631 1.419936 1.419936 1.425117 1.425117
1.040516 1.040516 0.9909634 0.9701430 0.9623098 0.9623098 0.9554031 0.9433427 0.9433427 0.9331112 0.9331112 0.9253381 0.9227741 0.9211532 0.9200534 0.9200534 0.9258487 0.9256391 0.9226914 0.9179287 0.9122009 0.9062532 0.9007941 0.8966118 0.8947294 0.8966015 0.9043758 0.9212936 0.9525663 1.008786 1.008786 1.134408 1.212018 1.249155 1.256142 1.256142 1.289771 1.289771 1.338184 1.338184 1.359522 1.390715 1.390715 1.412775 1.412775 1.431740 1.431740 1.431740 1.443568 1.443568 1.450461 1.450461 1.454342 1.454342 1.456309 1.456309 1.458144 1.458144
1.043662 1.043662 0.9916582 0.9721115 0.9649708 0.9649708 0.9588907 0.9492062 0.9492062 0.9428599 0.9428599 0.9412255 0.9428810 0.9464278 0.9514053 0.9514053 0.9678501 0.9692731 0.9665188 0.9612293 0.9547598 0.9481673 0.9422852 0.9378279 0.9355312 0.9363556 0.9417897 0.9543175 0.9783297 1.023434 1.023434 1.117926 1.158720 1.188924 1.204356 1.204356 1.265338 1.265338 1.332157 1.332157 1.360335 1.404024 1.404024 1.435169 1.435169 1.461815 1.461815 1.461815 1.476264 1.476264 1.484155 1.484155 1.487401 1.487401 1.487634 1.487634 1.486629 1.486629
1.046125 1.046125 0.9923300 0.9739861 0.9674876 0.9674876 0.9621692 0.9546689 0.9546689 0.9519421 0.9519421 0.9562759 0.9623027 0.9716272 0.9842225 0.9842225 1.014722 1.017244 1.013668 1.006621 0.9980696 0.9894196 0.9816371 0.9753426 0.9709048 0.9686360 0.9691828 0.9742026 0.9875129 1.017998 1.017998 1.075491 1.096201 1.134292 1.156069 1.156069 1.244577 1.244577 1.326127 1.326127 1.358983 1.411292 1.411292 1.449724 1.449724 1.484126 1.484126 1.484126 1.501854 1.501854 1.511666 1.511666 1.515301 1.515301 1.514575 1.514575 1.511334 1.511334
1.047729 1.047729 0.9929653 0.9756937 0.9697636 0.9697636 0.9651176 0.9595487 0.9595487 0.9600742 0.9600742 0.9700159 0.9804303 0.9960650 1.018245 1.018245 1.068727 1.071355 1.065493 1.055142 1.043020 1.030902 1.019845 1.010260 1.001871 0.9938610 0.9855236 0.9776532 0.9742971 0.9839616 0.9839616 1.007560 1.024088 1.089792 1.130157 1.130157 1.226770 1.226770 1.322226 1.322226 1.358171 1.416114 1.416114 1.459764 1.459764 1.500668 1.500668 1.500668 1.521564 1.521564 1.533613 1.533613 1.538299 1.538299 1.537336 1.537336 1.532527 1.532527
