cruce_test.gid/Rasters/Hydraulic/Velocity__y_147.0.asc
NCOLS        79
NROWS        79
XLLCENTER         -1.500000
YLLCENTER         -4.800000
CELLSIZE           0.100
NODATA_VALUE     -9999.0
[rows 0 to 25 of 79, columns 0 to 58 of 79]
-9999.000 -9999.000 -9999.000 -9999.000 -9999.000 -9999.000 -9999.000 -9999.000 -9999.000 -9999.000 -9999.000 -9999.000 -9999.000 -9999.000 -9999.000 -0.1168484 -0.1156938 -0.1156604 -0.1158035 -0.1160515 -0.1163598 -0.1167049 -0.1170541 -0.1173817 -0.1176745 -0.1179481 -0.1182727 -0.1189007 -0.1205075 -0.1215557 -0.1215557 -9999.000 -9999.000 -9999.000 -9999.000 -9999.000 -9999.000 -9999.000 -9999.000 -9999.000 -9999.000 -9999.000 -9999.000 -9999.000 -9999.000 -9999.000 -9999.000 -9999.000 -9999.000 -9999.000 -9999.000 -9999.000 -9999.000 -9999.000 -9999.000 -9999.000 -9999.000 -9999.000 -9999.000
-9999.000 -9999.000 -9999.000 -9999.000 -9999.000 -9999.000 -9999.000 -9999.000 -9999.000 -9999.000 -9999.000 -9999.000 -9999.000 -9999.000 -9999.000 -0.1145806 -0.1122303 -0.1121649 -0.1124964 -0.1130730 -0.1137976 -0.1146169 -0.1154579 -0.1162635 -0.1170040 -0.1177109 -0.1185317 -0.1199934 -0.1234987 -0.1261733 -0.1261733 -9999.000 -9999.000 -9999.000 -9999.000 -9999.000 -9999.000 -9999.000 -9999.000 -9999.000 -9999.000 -9999.000 -9999.000 -9999.000 -9999.000 -9999.000 -9999.000 -9999.000 -9999.000 -9999.000 -9999.000 -9999.000 -9999.000 -9999.000 -9999.000 -9999.000 -9999.000 -9999.000 -9999.000
-9999.000 -9999.000 -9999.000 -9999.000 -9999.000 -9999.000 -9999.000 -9999.000 -9999.000 -9999.000 -9999.000 -9999.000 -9999.000 -9999.000 -9999.000 -0.1108476 -0.1073182 -0.1072515 -0.1078745 -0.1089433 -0.1102944 -0.1118356 -0.1134402 -0.1150081 -0.1164849 -0.1179154 -0.1195322 -0.1221733 -0.1280726 -0.1331680 -0.1331680 -9999.000 -9999.000 -9999.000 -9999.000 -9999.000 -9999.000 -9999.000 -9999.000 -9999.000 -9999.000 -9999.000 -9999.000 -9999.000 -9999.000 -9999.000 -9999.000 -9999.000 -9999.000 -9999.000 -9999.000 -9999.000 -9999.000 -9999.000 -9999.000 -9999.000 -9999.000 -9999.000 -9999.000
-9999.000 -9999.000 -9999.000 -9999.000 -9999.000 -9999.000 -9999.000 -9999.000 -9999.000 -9999.000 -9999.000 -9999.000 -9999.000 -9999.000 -9999.000 -0.1064080 -0.1018253 -0.1017936 -0.1027663 -0.1044065 -0.1064800 -0.1088531 -0.1113410 -0.1137953 -0.1161319 -0.1184051 -0.1209321 -0.1248742 -0.1333487 -0.1414550 -0.1414550 -9999.000 -9999.000 -9999.000 -9999.000 -9999.000 -9999.000 -9999.000 -9999.000 -9999.000 -9999.000 -9999.000 -9999.000 -9999.000 -9999.000 -9999.000 -9999.000 -9999.000 -9999.000 -9999.000 -9999.000 -9999.000 -9999.000 -9999.000 -9999.000 -9999.000 -9999.000 -9999.000 -9999.000
-9999.000 -9999.000 -9999.000 -9999.000 -9999.000 -9999.000 -9999.000 -9999.000 -9999.000 -9999.000 -9999.000 -9999.000 -9999.000 -9999.000 -9999.000 -0.1014594 -0.9592254E-01 -0.9594912E-01 -0.9730963E-01 -0.9957532E-01 -0.1024358 -0.1057148 -0.1091650 -0.1125866 -0.1158617 -0.1190542 -0.1225701 -0.1279119 -0.1391481 -0.1509122 -0.1509122 -9999.000 -9999.000 -9999.000 -9999.000 -9999.000 -9999.000 -9999.000 -9999.000 -9999.000 -9999.000 -9999.000 -9999.000 -9999.000 -9999.000 -9999.000 -9999.000 -9999.000 -9999.000 -9999.000 -9999.000 -9999.000 -9999.000 -9999.000 -9999.000 -9999.000 -9999.000 -9999.000 -9999.000
-9999.000 -9999.000 -9999.000 -9999.000 -9999.000 -9999.000 -9999.000 -9999.000 -9999.000 -9999.000 -9999.000 -9999.000 -9999.000 -9999.000 -9999.000 -0.9609190E-01 -0.8969364E-01 -0.8979597E-01 -0.9157141E-01 -0.9450257E-01 -0.9819676E-01 -0.1024363 -0.1069068 -0.1113534 -0.1156236 -0.1197907 -0.1243566 -0.1311885 -0.1453904 -0.1615643 -0.1615643 -9999.000 -9999.000 -9999.000 -9999.000 -9999.000 -9999.000 -9999.000 -9999.000 -9999.000 -9999.000 -9999.000 -9999.000 -9999.000 -9999.000 -9999.000 -9999.000 -9999.000 -9999.000 -9999.000 -9999.000 -9999.000 -9999.000 -9999.000 -9999.000 -9999.000 -9999.000 -9999.000 -9999.000
-9999.000 -9999.000 -9999.000 -9999.000 -9999.000 -9999.000 -9999.000 -9999.000 -9999.000 -9999.000 -9999.000 -9999.000 -9999.000 -9999.000 -9999.000 -0.9033436E-01 -0.8317246E-01 -0.8336611E-01 -0.8557826E-01 -0.8920812E-01 -0.9377442E-01 -0.9901886E-01 -0.1045561 -0.1100740 -0.1153832 -0.1205688 -0.1262373 -0.1346496 -0.1520474 -0.1735407 -0.1735407 -9999.000 -9999.000 -9999.000 -9999.000 -9999.000 -9999.000 -9999.000 -9999.000 -9999.000 -9999.000 -9999.000 -9999.000 -9999.000 -9999.000 -9999.000 -9999.000 -9999.000 -9999.000 -9999.000 -9999.000 -9999.000 -9999.000 -9999.000 -9999.000 -9999.000 -9999.000 -9999.000 -9999.000
-9999.000 -9999.000 -9999.000 -9999.000 -9999.000 -9999.000 -9999.000 -9999.000 -9999.000 -9999.000 -9999.000 -9999.000 -9999.000 -9999.000 -9999.000 -0.8417913E-01 -0.7636304E-01 -0.7666419E-01 -0.7933276E-01 -0.8369176E-01 -0.8916429E-01 -0.9545358E-01 -0.1020986 -0.1087274 -0.1151124 -0.1213531 -0.1281732 -0.1382608 -0.1591204 -0.1870621 -0.1870621 -9999.000 -9999.000 -9999.000 -9999.000 -9999.000 -9999.000 -9999.000 -9999.000 -9999.000 -9999.000 -9999.000 -9999.000 -9999.000 -9999.000 -9999.000 -9999.000 -9999.000 -9999.000 -9999.000 -9999.000 -9999.000 -9999.000 -9999.000 -9999.000 -9999.000 -9999.000 -9999.000 -9999.000
-9999.000 -9999.000 -9999.000 -9999.000 -9999.000 -9999.000 -9999.000 -9999.000 -9999.000 -9999.000 -9999.000 -9999.000 -9999.000 -9999.000 -9999.000 -0.7759561E-01 -0.6924950E-01 -0.6967632E-01 -0.7282086E-01 -0.7793937E-01 -0.8435035E-01 -0.9172219E-01 -0.9951317E-01 -0.1072883 -0.1147815 -0.1221099 -0.1301284 -0.1419946 -0.1666271 -0.2024482 -0.2024482 -9999.000 -9999.000 -9999.000 -9999.000 -9999.000 -9999.000 -9999.000 -9999.000 -9999.000 -9999.000 -9999.000 -9999.000 -9999.000 -9999.000 -9999.000 -9999.000 -9999.000 -9999.000 -9999.000 -9999.000 -9999.000 -9999.000 -9999.000 -9999.000 -9999.000 -9999.000 -9999.000 -9999.000
-9999.000 -9999.000 -9999.000 -9999.000 -9999.000 -9999.000 -9999.000 -9999.000 -9999.000 -9999.000 -9999.000 -9999.000 -9999.000 -9999.000 -9999.000 -0.7053448E-01 -0.6179992E-01 -0.6237369E-01 -0.6601480E-01 -0.7192393E-01 -0.7930525E-01 -0.8779670E-01 -0.9676956E-01 -0.1057236 -0.1143529 -0.1227977 -0.1320613 -0.1458201 -0.1745927 -0.2201429 -0.2201429 -9999.000 -9999.000 -9999.000 -9999.000 -9999.000 -9999.000 -9999.000 -9999.000 -9999.000 -9999.000 -9999.000 -9999.000 -9999.000 -9999.000 -9999.000 -9999.000 -9999.000 -9999.000 -9999.000 -9999.000 -9999.000 -9999.000 -9999.000 -9999.000 -9999.000 -9999.000 -9999.000 -9999.000
-9999.000 -9999.000 -9999.000 -9999.000 -9999.000 -9999.000 -9999.000 -9999.000 -9999.000 -9999.000 -9999.000 -9999.000 -9999.000 -9999.000 -9999.000 -0.6293062E-01 -0.5396702E-01 -0.5471190E-01 -0.5887169E-01 -0.6560457E-01 -0.7398813E-01 -0.8363620E-01 -0.9382515E-01 -0.1039871 -0.1137760 -0.1233604 -0.1339140 -0.1496921 -0.1830405 -0.2407603 -0.2407603 -9999.000 -9999.000 -9999.000 -9999.000 -9999.000 -9999.000 -9999.000 -9999.000 -9999.000 -9999.000 -9999.000 -9999.000 -9999.000 -9999.000 -9999.000 -9999.000 -9999.000 -9999.000 -9999.000 -9999.000 -9999.000 -9999.000 -9999.000 -9999.000 -9999.000 -9999.000 -9999.000 -9999.000
-9999.000 -9999.000 -9999.000 -9999.000 -9999.000 -9999.000 -9999.000 -9999.000 -9999.000 -9999.000 -9999.000 -9999.000 -9999.000 -9999.000 -9999.000 -0.5470118E-01 -0.4568693E-01 -0.4662939E-01 -0.5133084E-01 -0.5892198E-01 -0.6833983E-01 -0.7918171E-01 -0.9061914E-01 -0.1020133 -0.1129779 -0.1237172 -0.1356017 -0.1535383 -0.1919813 -0.2651663 -0.2651663 -9999.000 -9999.000 -9999.000 -9999.000 -9999.000 -9999.000 -9999.000 -9999.000 -9999.000 -9999.000 -9999.000 -9999.000 -9999.000 -9999.000 -9999.000 -9999.000 -9999.000 -9999.000 -9999.000 -9999.000 -9999.000 -9999.000 -9999.000 -9999.000 -9999.000 -9999.000 -9999.000 -9999.000
-9999.000 -9999.000 -9999.000 -9999.000 -9999.000 -9999.000 -9999.000 -9999.000 -9999.000 -9999.000 -9999.000 -9999.000 -9999.000 -9999.000 -9999.000 -0.4574212E-01 -0.3687526E-01 -0.3804269E-01 -0.4330872E-01 -0.5179257E-01 -0.6227568E-01 -0.7434720E-01 -0.8706173E-01 -0.9970582E-01 -0.1118514 -0.1237476 -0.1369945 -0.1572400 -0.2013963 -0.2946188 -0.2946188 -9999.000 -9999.000 -9999.000 -9999.000 -9999.000 -9999.000 -9999.000 -9999.000 -9999.000 -9999.000 -9999.000 -9999.000 -9999.000 -9999.000 -9999.000 -9999.000 -9999.000 -9999.000 -9999.000 -9999.000 -9999.000 -9999.000 -9999.000 -9999.000 -9999.000 -9999.000 -9999.000 -9999.000
-9999.000 -9999.000 -9999.000 -9999.000 -9999.000 -9999.000 -9999.000 -9999.000 -9999.000 -9999.000 -9999.000 -9999.000 -9999.000 -9999.000 -9999.000 -0.3587722E-01 -0.2739338E-01 -0.2882244E-01 -0.3468334E-01 -0.4409975E-01 -0.5567952E-01 -0.6901461E-01 -0.8302765E-01 -0.9692673E-01 -0.1102397 -0.1232716 -0.1378917 -0.1606006 -0.2112108 -0.3310422 -0.3310422 -9999.000 -9999.000 -9999.000 -9999.000 -9999.000 -9999.000 -9999.000 -9999.000 -9999.000 -9999.000 -9999.000 -9999.000 -9999.000 -9999.000 -9999.000 -9999.000 -9999.000 -9999.000 -9999.000 -9999.000 -9999.000 -9999.000 -9999.000 -9999.000 -9999.000 -9999.000 -9999.000 -9999.000
-9999.000 -9999.000 -9999.000 -9999.000 -9999.000 -9999.000 -9999.000 -9999.000 -9999.000 -9999.000 -9999.000 -9999.000 -9999.000 -9999.000 -9999.000 -0.1800114E-01 -0.1442469E-01 -0.1778910E-01 -0.2544187E-01 -0.3660439E-01 -0.4976751E-01 -0.6460854E-01 -0.7996774E-01 -0.9503608E-01 -0.1093502 -0.1233193 -0.1391401 -0.1642580 -0.2217673 -0.3755232 -0.3755232 -9999.000 -9999.000 -9999.000 -9999.000 -9999.000 -9999.000 -9999.000 -9999.000 -9999.000 -9999.000 -9999.000 -9999.000 -9999.000 -9999.000 -9999.000 -9999.000 -9999.000 -9999.000 -9999.000 -9999.000 -9999.000 -9999.000 -9999.000 -9999.000 -9999.000 -9999.000 -9999.000 -9999.000
-0.2711414E-02 -0.2711414E-02 -0.5745272E-02 -0.5873295E-02 -0.5865873E-02 -0.5865873E-02 -0.5854745E-02 -0.5832267E-02 -0.5832267E-02 -0.5805168E-02 -0.5805168E-02 -0.5771206E-02 -0.5752828E-02 -0.5733992E-02 -0.5714986E-02 -0.5714986E-02 -0.1072427E-01 -0.1641469E-01 -0.2713942E-01 -0.4293009E-01 -0.6276728E-01 -0.8551825E-01 -0.1098112 -0.1343348 -0.1579893 -0.1801543 -0.2009851 -0.2235489 -0.2612654 -0.3607472 -0.3607472 -0.1879098 -0.9425768E-01 -0.2718514E-01 -0.1898382E-01 -0.1898382E-01 -0.1204289E-01 -0.1204289E-01 0.6751126E-03 0.6751126E-03 0.1001973E-01 0.1153788E-01 0.1153788E-01 -0.1742079E-01 -0.1742079E-01 0.1035208E-02 0.1035208E-02 0.1035208E-02 0.4716945E-02 0.4716945E-02 0.4585702E-02 0.4585702E-02 0.3024408E-02 0.3024408E-02 0.1159666E-02 0.1159666E-02 -0.3393317E-03 -0.3393317E-03 -0.3393317E-03
-0.4157979E-02 -0.4157979E-02 -0.8525657E-02 -0.8350260E-02 -0.8269034E-02 -0.8269034E-02 -0.8227068E-02 -0.8199194E-02 -0.8199194E-02 -0.8183454E-02 -0.8183454E-02 -0.8157231E-02 -0.8141375E-02 -0.8124505E-02 -0.8107341E-02 -0.8107341E-02 -0.1591296E-01 -0.2448811E-01 -0.3967697E-01 -0.6192550E-01 -0.9060039E-01 -0.1242771 -0.1613770 -0.2002178 -0.2391253 -0.2764755 -0.3105213 -0.3397803 -0.3652238 -0.3900575 -0.3900575 -0.2542964 -0.1611794 -0.7586482E-01 -0.5923271E-01 -0.5923271E-01 -0.3409262E-01 -0.3409262E-01 0.9198290E-02 0.9198290E-02 0.3759261E-01 0.6372377E-01 0.6372377E-01 0.9880909E-02 0.9880909E-02 0.8486350E-02 0.8486350E-02 0.8486350E-02 0.9612275E-02 0.9612275E-02 0.7293032E-02 0.7293032E-02 0.3456320E-02 0.3456320E-02 -0.3230872E-03 -0.3230872E-03 -0.3154907E-02 -0.3154907E-02 -0.3154907E-02
-0.3416414E-02 -0.3416414E-02 -0.6964673E-02 -0.7098850E-02 -0.6992763E-02 -0.6992763E-02 -0.6934958E-02 -0.6915567E-02 -0.6915567E-02 -0.6928218E-02 -0.6928218E-02 -0.6930245E-02 -0.6927499E-02 -0.6923575E-02 -0.6918684E-02 -0.6918684E-02 -0.1609589E-01 -0.2700423E-01 -0.4457271E-01 -0.6930438E-01 -0.1008858 -0.1383790 -0.1806082 -0.2262277 -0.2737717 -0.3216588 -0.3682610 -0.4115331 -0.4479400 -0.4717885 -0.4717885 -0.3806463 -0.2978785 -0.1863926 -0.1493397 -0.1493397 -0.7725738E-01 -0.7725738E-01 0.2328888E-01 0.2328888E-01 0.7929255E-01 0.1494104 0.1494104 0.9547616E-01 0.9547616E-01 0.3078272E-01 0.3078272E-01 0.3078272E-01 0.1615988E-01 0.1615988E-01 0.6575316E-02 0.6575316E-02 -0.1172492E-02 -0.1172492E-02 -0.7090756E-02 -0.7090756E-02 -0.1083292E-01 -0.1083292E-01 -0.1083292E-01
-0.2690993E-02 -0.2690993E-02 -0.5461872E-02 -0.5748072E-02 -0.5629814E-02 -0.5629814E-02 -0.5557564E-02 -0.5527427E-02 -0.5527427E-02 -0.5542001E-02 -0.5542001E-02 -0.5547407E-02 -0.5545813E-02 -0.5543110E-02 -0.5539377E-02 -0.5539377E-02 -0.1649482E-01 -0.3006664E-01 -0.5030380E-01 -0.7735736E-01 -0.1109349 -0.1503707 -0.1948150 -0.2432857 -0.2946854 -0.3477743 -0.4011894 -0.4530459 -0.4995634 -0.5337631 -0.5337631 -0.4821869 -0.4191359 -0.3039918 -0.2496216 -0.2496216 -0.1197662 -0.1197662 0.4394359E-01 0.4394359E-01 0.1208310 0.2155464 0.2155464 0.1805755 0.1805755 0.6420452E-01 0.6420452E-01 0.6420452E-01 0.2602590E-01 0.2602590E-01 0.4608654E-02 0.4608654E-02 -0.8843575E-02 -0.8843575E-02 -0.1734761E-01 -0.1734761E-01 -0.2165229E-01 -0.2165229E-01 -0.2165229E-01
-0.1990812E-02 -0.1990812E-02 -0.4031537E-02 -0.4354147E-02 -0.4245955E-02 -0.4245955E-02 -0.4174485E-02 -0.4141314E-02 -0.4141314E-02 -0.4154875E-02 -0.4154875E-02 -0.4161117E-02 -0.4160191E-02 -0.4158183E-02 -0.4155059E-02 -0.4155059E-02 -0.1783815E-01 -0.3470356E-01 -0.5837069E-01 -0.8845294E-01 -0.1244913 -0.1659135 -0.2120651 -0.2622149 -0.3155486 -0.3711375 -0.4279309 -0.4844178 -0.5373520 -0.5801187 -0.5801187 -0.5608624 -0.5187919 -0.4070267 -0.3338504 -0.3338504 -0.1389228 -0.1389228 0.7117394E-01 0.7117394E-01 0.1541879 0.2510657 0.2510657 0.2372510 0.2372510 0.1013000 0.1013000 0.1013000 0.4017885E-01 0.4017885E-01 0.4515354E-02 0.4515354E-02 -0.1635259E-01 -0.1635259E-01 -0.2810435E-01 -0.2810435E-01 -0.3294889E-01 -0.3294889E-01 -0.3294889E-01
-0.1313172E-02 -0.1313172E-02 -0.2656460E-02 -0.2924405E-02 -0.2842974E-02 -0.2842974E-02 -0.2786505E-02 -0.2758611E-02 -0.2758611E-02 -0.2769056E-02 -0.2769056E-02 -0.2774266E-02 -0.2773878E-02 -0.2772547E-02 -0.2770327E-02 -0.2770327E-02 -0.2054857E-01 -0.4153050E-01 -0.6950968E-01 -0.1034856 -0.1427225 -0.1866274 -0.2346661 -0.2863009 -0.3409492 -0.3979369 -0.4564751 -0.5154033 -0.5721400 -0.6209694 -0.6209694 -0.6250142 -0.6003312 -0.4819093 -0.3805612 -0.3805612 -0.1239574 -0.1239574 0.9601247E-01 0.9601247E-01 0.1711977 0.2574506 0.2574506 0.2607905 0.2607905 0.1347962 0.1347962 0.1347962 0.5760549E-01 0.5760549E-01 0.7727018E-02 0.7727018E-02 -0.2181389E-01 -0.2181389E-01 -0.3760735E-01 -0.3760735E-01 -0.4322489E-01 -0.4322489E-01 -0.4322489E-01
-0.6521098E-03 -0.6521098E-03 -0.1318924E-02 -0.1468841E-02 -0.1425438E-02 -0.1425438E-02 -0.1394428E-02 -0.1378463E-02 -0.1378463E-02 -0.1384210E-02 -0.1384210E-02 -0.1387151E-02 -0.1387155E-02 -0.1386384E-02 -0.1385220E-02 -0.1385220E-02 -0.2518749E-01 -0.5136985E-01 -0.8469419E-01 -0.1235242 -0.1667879 -0.2137975 -0.2640845 -0.3172763 -0.3730095 -0.4308571 -0.4902804 -0.5504324 -0.6093271 -0.6621159 -0.6621159 -0.6814961 -0.6668060 -0.5125849 -0.3727181 -0.3727181 -0.8541957E-01 -0.8541957E-01 0.1076149 0.1076149 0.1688159 0.2421905 0.2421905 0.2578237 0.2578237 0.1585999 0.1585999 0.1585999 0.7553235E-01 0.7553235E-01 0.1423968E-01 0.1423968E-01 -0.2418605E-01 -0.2418605E-01 -0.4465241E-01 -0.4465241E-01 -0.5139173E-01 -0.5139173E-01 -0.5139173E-01
0.8598689E-07 0.8598689E-07 -0.8567776E-08 0.9126841E-07 0.9515026E-07 0.9515026E-07 -0.5228701E-07 0.3415229E-06 0.3415229E-06 0.8861331E-07 0.8861331E-07 -0.1814690E-07 -0.1092213E-06 -0.8848279E-07 -0.1676855E-06 -0.1676855E-06 -0.3258142E-01 -0.6540012E-01 -0.1053139 -0.1500587 -0.1982186 -0.2489838 -0.3019218 -0.3568071 -0.4134913 -0.4718038 -0.5314745 -0.5919667 -0.6517853 -0.7065401 -0.7065401 -0.7333376 -0.7147618 -0.4806819 -0.3109386 -0.3109386 -0.4699015E-01 -0.4699015E-01 0.1025095 0.1025095 0.1507958 0.2139934 0.2139934 0.2375238 0.2375238 0.1692711 0.1692711 0.1692711 0.9030192E-01 0.9030192E-01 0.2276768E-01 0.2276768E-01 -0.2321696E-01 -0.2321696E-01 -0.4841290E-01 -0.4841290E-01 -0.5654627E-01 -0.5654627E-01 -0.5654627E-01
0.6522621E-03 0.6522621E-03 0.1319022E-02 0.1468993E-02 0.1425607E-02 0.1425607E-02 0.1394533E-02 0.1378851E-02 0.1378851E-02 0.1384340E-02 0.1384340E-02 0.1387131E-02 0.1387000E-02 0.1386206E-02 0.1384975E-02 0.1384975E-02 -0.4400973E-01 -0.8537112E-01 -0.1333866 -0.1852033 -0.2391183 -0.2942325 -0.3501648 -0.4068383 -0.4643213 -0.5227053 -0.5820071 -0.6420041 -0.7015203 -0.7554919 -0.7554919 -0.7778289 -0.7268133 -0.3867943 -0.2251195 -0.2251195 -0.2518583E-01 -0.2518583E-01 0.8531751E-01 0.8531751E-01 0.1242757 0.1799038 0.1799038 0.2074271 0.2074271 0.1664759 0.1664759 0.1664759 0.9865382E-01 0.9865382E-01 0.3117991E-01 0.3117991E-01 -0.1938466E-01 -0.1938466E-01 -0.4843777E-01 -0.4843777E-01 -0.5795379E-01 -0.5795379E-01 -0.5795379E-01
0.1313067E-02 0.1313067E-02 0.2656710E-02 0.2924552E-02 0.2843020E-02 0.2843020E-02 0.2786651E-02 0.2758827E-02 0.2758827E-02 0.2769075E-02 0.2769075E-02 0.2774137E-02 0.2773773E-02 0.2772302E-02 0.2770119E-02 0.2770119E-02 -0.6154525E-01 -0.1139783 -0.1719088 -0.2320089 -0.2924345 -0.3523155 -0.4113967 -0.4697887 -0.5277917 -0.5857638 -0.6440135 -0.7026095 -0.7602198 -0.8076171 -0.8076171 -0.7989761 -0.6659186 -0.2705019 -0.1538276 -0.1538276 -0.1993944E-01 -0.1993944E-01 0.6329586E-01 0.6329586E-01 0.9558620E-01 0.1443985 0.1443985 0.1725587 0.1725587 0.1521590 0.1521590 0.1521590 0.9874059E-01 0.9874059E-01 0.3719994E-01 0.3719994E-01 -0.1372364E-01 -0.1372364E-01 -0.4468821E-01 -0.4468821E-01 -0.5513005E-01 -0.5513005E-01 -0.5513005E-01
0.1990766E-02 0.1990766E-02 0.4031560E-02 0.4354266E-02 0.4245887E-02 0.4245887E-02 0.4174555E-02 0.4141422E-02 0.4141422E-02 0.4154915E-02 0.4154915E-02 0.4160789E-02 0.4160038E-02 0.4157935E-02 0.4154960E-02 0.4154960E-02 -0.8871680E-01 -0.1555455 -0.2254690 -0.2949803 -0.3623923 -0.4270929 -0.4891030 -0.5488070 -0.6067754 -0.6636413 -0.7200015 -0.7760913 -0.8287480 -0.8526047 -0.8526047 -0.7506826 -0.5062100 -0.1811173 -0.1111729 -0.1111729 -0.2215667E-01 -0.2215667E-01 0.4187512E-01 0.4187512E-01 0.6851999E-01 0.1098206 0.1098206 0.1359410 0.1359410 0.1292443 0.1292443 0.1292443 0.9040850E-01 0.9040850E-01 0.3911097E-01 0.3911097E-01 -0.7510835E-02 -0.7510835E-02 -0.3753347E-01 -0.3753347E-01 -0.4795283E-01 -0.4795283E-01 -0.4795283E-01
