cruce_test.gid/Rasters/Hydraulic/Velocity__x_147.0.asc
NCOLS        79
NROWS        79
XLLCENTER         -1.500000
YLLCENTER         -4.800000
CELLSIZE           0.100
NODATA_VALUE     -9999.0
[rows 0 to 25 of 79, columns 0 to 57 of 79]
-9999.000 -9999.000 -9999.000 -9999.000 -9999.000 -9999.000 -9999.000 -9999.000 -9999.000 -9999.000 -9999.000 -9999.000 -9999.000 -9999.000 -9999.000 0.4683078E-03 0.1884560E-02 0.4266666E-02 0.6586639E-02 0.8654348E-02 0.1036114E-01 0.1164468E-01 0.1248122E-01 0.1288655E-01 0.1290247E-01 0.1256768E-01 0.1185837E-01 0.1052134E-01 0.7645183E-02 0.3731269E-02 0.3731269E-02 -9999.000 -9999.000 -9999.000 -9999.000 -9999.000 -9999.000 -9999.000 -9999.000 -9999.000 -9999.000 -9999.000 -9999.000 -9999.000 -9999.000 -9999.000 -9999.000 -9999.000 -9999.000 -9999.000 -9999.000 -9999.000 -9999.000 -9999.000 -9999.000 -9999.000 -9999.000 -9999.000
-9999.000 -9999.000 -9999.000 -9999.000 -9999.000 -9999.000 -9999.000 -9999.000 -9999.000 -9999.000 -9999.000 -9999.000 -9999.000 -9999.000 -9999.000 0.1422448E-02 0.3845677E-02 0.7258204E-02 0.1055352E-01 0.1349707E-01 0.1593262E-01 0.1775559E-01 0.1890582E-01 0.1936917E-01 0.1916250E-01 0.1830502E-01 0.1676378E-01 0.1430709E-01 0.1014003E-01 0.4968828E-02 0.4968828E-02 -9999.000 -9999.000 -9999.000 -9999.000 -9999.000 -9999.000 -9999.000 -9999.000 -9999.000 -9999.000 -9999.000 -9999.000 -9999.000 -9999.000 -9999.000 -9999.000 -9999.000 -9999.000 -9999.000 -9999.000 -9999.000 -9999.000 -9999.000 -9999.000 -9999.000 -9999.000 -9999.000
-9999.000 -9999.000 -9999.000 -9999.000 -9999.000 -9999.000 -9999.000 -9999.000 -9999.000 -9999.000 -9999.000 -9999.000 -9999.000 -9999.000 -9999.000 0.1998510E-02 0.5063908E-02 0.9172476E-02 0.1310556E-01 0.1660258E-01 0.1948359E-01 0.2162385E-01 0.2294725E-01 0.2342957E-01 0.2308390E-01 0.2193185E-01 0.1994745E-01 0.1690392E-01 0.1198536E-01 0.5918494E-02 0.5918494E-02 -9999.000 -9999.000 -9999.000 -9999.000 -9999.000 -9999.000 -9999.000 -9999.000 -9999.000 -9999.000 -9999.000 -9999.000 -9999.000 -9999.000 -9999.000 -9999.000 -9999.000 -9999.000 -9999.000 -9999.000 -9999.000 -9999.000 -9999.000 -9999.000 -9999.000 -9999.000 -9999.000
-9999.000 -9999.000 -9999.000 -9999.000 -9999.000 -9999.000 -9999.000 -9999.000 -9999.000 -9999.000 -9999.000 -9999.000 -9999.000 -9999.000 -9999.000 0.2398305E-02 0.5909266E-02 0.1050102E-01 0.1487971E-01 0.1876538E-01 0.2196212E-01 0.2433232E-01 0.2579084E-01 0.2630871E-01 0.2589834E-01 0.2458410E-01 0.2234204E-01 0.1893764E-01 0.1350849E-01 0.6731638E-02 0.6731638E-02 -9999.000 -9999.000 -9999.000 -9999.000 -9999.000 -9999.000 -9999.000 -9999.000 -9999.000 -9999.000 -9999.000 -9999.000 -9999.000 -9999.000 -9999.000 -9999.000 -9999.000 -9999.000 -9999.000 -9999.000 -9999.000 -9999.000 -9999.000 -9999.000 -9999.000 -9999.000 -9999.000
-9999.000 -9999.000 -9999.000 -9999.000 -9999.000 -9999.000 -9999.000 -9999.000 -9999.000 -9999.000 -9999.000 -9999.000 -9999.000 -9999.000 -9999.000 0.2713902E-02 0.6573306E-02 0.1154002E-01 0.1626759E-01 0.2046195E-01 0.2391496E-01 0.2648019E-01 0.2806564E-01 0.2863924E-01 0.2821359E-01 0.2681445E-01 0.2441656E-01 0.2077011E-01 0.1494836E-01 0.7525177E-02 0.7525177E-02 -9999.000 -9999.000 -9999.000 -9999.000 -9999.000 -9999.000 -9999.000 -9999.000 -9999.000 -9999.000 -9999.000 -9999.000 -9999.000 -9999.000 -9999.000 -9999.000 -9999.000 -9999.000 -9999.000 -9999.000 -9999.000 -9999.000 -9999.000 -9999.000 -9999.000 -9999.000 -9999.000
-9999.000 -9999.000 -9999.000 -9999.000 -9999.000 -9999.000 -9999.000 -9999.000 -9999.000 -9999.000 -9999.000 -9999.000 -9999.000 -9999.000 -9999.000 0.2997050E-02 0.7164609E-02 0.1245823E-01 0.1749244E-01 0.2196201E-01 0.2564881E-01 0.2839899E-01 0.3011543E-01 0.3076389E-01 0.3035765E-01 0.2892315E-01 0.2643104E-01 0.2261056E-01 0.1645298E-01 0.8375803E-02 0.8375803E-02 -9999.000 -9999.000 -9999.000 -9999.000 -9999.000 -9999.000 -9999.000 -9999.000 -9999.000 -9999.000 -9999.000 -9999.000 -9999.000 -9999.000 -9999.000 -9999.000 -9999.000 -9999.000 -9999.000 -9999.000 -9999.000 -9999.000 -9999.000 -9999.000 -9999.000 -9999.000 -9999.000
-9999.000 -9999.000 -9999.000 -9999.000 -9999.000 -9999.000 -9999.000 -9999.000 -9999.000 -9999.000 -9999.000 -9999.000 -9999.000 -9999.000 -9999.000 0.3277202E-02 0.7744948E-02 0.1335227E-01 0.1868159E-01 0.2341895E-01 0.2733731E-01 0.3027714E-01 0.3213634E-01 0.3287980E-01 0.3252179E-01 0.3108891E-01 0.2854633E-01 0.2459599E-01 0.1812896E-01 0.9343015E-02 0.9343015E-02 -9999.000 -9999.000 -9999.000 -9999.000 -9999.000 -9999.000 -9999.000 -9999.000 -9999.000 -9999.000 -9999.000 -9999.000 -9999.000 -9999.000 -9999.000 -9999.000 -9999.000 -9999.000 -9999.000 -9999.000 -9999.000 -9999.000 -9999.000 -9999.000 -9999.000 -9999.000 -9999.000
-9999.000 -9999.000 -9999.000 -9999.000 -9999.000 -9999.000 -9999.000 -9999.000 -9999.000 -9999.000 -9999.000 -9999.000 -9999.000 -9999.000 -9999.000 0.3572144E-02 0.8351473E-02 0.1427985E-01 0.1991168E-01 0.2492550E-01 0.2908680E-01 0.3223064E-01 0.3425095E-01 0.3511270E-01 0.3483167E-01 0.3343518E-01 0.3088062E-01 0.2683664E-01 0.2007245E-01 0.1048452E-01 0.1048452E-01 -9999.000 -9999.000 -9999.000 -9999.000 -9999.000 -9999.000 -9999.000 -9999.000 -9999.000 -9999.000 -9999.000 -9999.000 -9999.000 -9999.000 -9999.000 -9999.000 -9999.000 -9999.000 -9999.000 -9999.000 -9999.000 -9999.000 -9999.000 -9999.000 -9999.000 -9999.000 -9999.000
-9999.000 -9999.000 -9999.000 -9999.000 -9999.000 -9999.000 -9999.000 -9999.000 -9999.000 -9999.000 -9999.000 -9999.000 -9999.000 -9999.000 -9999.000 0.3893382E-02 0.9009232E-02 0.1528056E-01 0.2123574E-01 0.2654688E-01 0.3097253E-01 0.3434374E-01 0.3655086E-01 0.3755996E-01 0.3738929E-01 0.3606741E-01 0.3354270E-01 0.2944339E-01 0.2239059E-01 0.1186833E-01 0.1186833E-01 -9999.000 -9999.000 -9999.000 -9999.000 -9999.000 -9999.000 -9999.000 -9999.000 -9999.000 -9999.000 -9999.000 -9999.000 -9999.000 -9999.000 -9999.000 -9999.000 -9999.000 -9999.000 -9999.000 -9999.000 -9999.000 -9999.000 -9999.000 -9999.000 -9999.000 -9999.000 -9999.000
-9999.000 -9999.000 -9999.000 -9999.000 -9999.000 -9999.000 -9999.000 -9999.000 -9999.000 -9999.000 -9999.000 -9999.000 -9999.000 -9999.000 -9999.000 0.4251129E-02 0.9739717E-02 0.1638857E-01 0.2269966E-01 0.2833993E-01 0.3306197E-01 0.3669356E-01 0.3912245E-01 0.4031685E-01 0.4029937E-01 0.3910059E-01 0.3665806E-01 0.3255153E-01 0.2522264E-01 0.1358538E-01 0.1358538E-01 -9999.000 -9999.000 -9999.000 -9999.000 -9999.000 -9999.000 -9999.000 -9999.000 -9999.000 -9999.000 -9999.000 -9999.000 -9999.000 -9999.000 -9999.000 -9999.000 -9999.000 -9999.000 -9999.000 -9999.000 -9999.000 -9999.000 -9999.000 -9999.000 -9999.000 -9999.000 -9999.000
-9999.000 -9999.000 -9999.000 -9999.000 -9999.000 -9999.000 -9999.000 -9999.000 -9999.000 -9999.000 -9999.000 -9999.000 -9999.000 -9999.000 -9999.000 0.4655742E-02 0.1056595E-01 0.1764096E-01 0.2435422E-01 0.3036852E-01 0.3543146E-01 0.3936904E-01 0.4206746E-01 0.4349925E-01 0.4369309E-01 0.4268278E-01 0.4039378E-01 0.3634729E-01 0.2876609E-01 0.1576705E-01 0.1576705E-01 -9999.000 -9999.000 -9999.000 -9999.000 -9999.000 -9999.000 -9999.000 -9999.000 -9999.000 -9999.000 -9999.000 -9999.000 -9999.000 -9999.000 -9999.000 -9999.000 -9999.000 -9999.000 -9999.000 -9999.000 -9999.000 -9999.000 -9999.000 -9999.000 -9999.000 -9999.000 -9999.000
-9999.000 -9999.000 -9999.000 -9999.000 -9999.000 -9999.000 -9999.000 -9999.000 -9999.000 -9999.000 -9999.000 -9999.000 -9999.000 -9999.000 -9999.000 0.5120602E-02 0.1151685E-01 0.1908578E-01 0.2626602E-01 0.3271699E-01 0.3818298E-01 0.4248996E-01 0.4552476E-01 0.4726683E-01 0.4775379E-01 0.4702476E-01 0.4499165E-01 0.4110516E-01 0.3331880E-01 0.1861285E-01 0.1861285E-01 -9999.000 -9999.000 -9999.000 -9999.000 -9999.000 -9999.000 -9999.000 -9999.000 -9999.000 -9999.000 -9999.000 -9999.000 -9999.000 -9999.000 -9999.000 -9999.000 -9999.000 -9999.000 -9999.000 -9999.000 -9999.000 -9999.000 -9999.000 -9999.000 -9999.000 -9999.000 -9999.000
-9999.000 -9999.000 -9999.000 -9999.000 -9999.000 -9999.000 -9999.000 -9999.000 -9999.000 -9999.000 -9999.000 -9999.000 -9999.000 -9999.000 -9999.000 0.5665078E-02 0.1263516E-01 0.2079319E-01 0.2853271E-01 0.3551019E-01 0.4146870E-01 0.4623644E-01 0.4970353E-01 0.5186116E-01 0.5276036E-01 0.5244906E-01 0.5082411E-01 0.4725106E-01 0.3934966E-01 0.2243908E-01 0.2243908E-01 -9999.000 -9999.000 -9999.000 -9999.000 -9999.000 -9999.000 -9999.000 -9999.000 -9999.000 -9999.000 -9999.000 -9999.000 -9999.000 -9999.000 -9999.000 -9999.000 -9999.000 -9999.000 -9999.000 -9999.000 -9999.000 -9999.000 -9999.000 -9999.000 -9999.000 -9999.000 -9999.000
-9999.000 -9999.000 -9999.000 -9999.000 -9999.000 -9999.000 -9999.000 -9999.000 -9999.000 -9999.000 -9999.000 -9999.000 -9999.000 -9999.000 -9999.000 0.6378647E-02 0.1409427E-01 0.2301848E-01 0.3147325E-01 0.3911423E-01 0.4568964E-01 0.5103765E-01 0.5506121E-01 0.5777345E-01 0.5924813E-01 0.5954878E-01 0.5855775E-01 0.5553756E-01 0.4768814E-01 0.2782598E-01 0.2782598E-01 -9999.000 -9999.000 -9999.000 -9999.000 -9999.000 -9999.000 -9999.000 -9999.000 -9999.000 -9999.000 -9999.000 -9999.000 -9999.000 -9999.000 -9999.000 -9999.000 -9999.000 -9999.000 -9999.000 -9999.000 -9999.000 -9999.000 -9999.000 -9999.000 -9999.000 -9999.000 -9999.000
-9999.000 -9999.000 -9999.000 -9999.000 -9999.000 -9999.000 -9999.000 -9999.000 -9999.000 -9999.000 -9999.000 -9999.000 -9999.000 -9999.000 -9999.000 0.2093621E-01 0.3444803E-01 0.4743734E-01 0.5713451E-01 0.6404509E-01 0.6866524E-01 0.7140096E-01 0.7261595E-01 0.7264281E-01 0.7174496E-01 0.7006058E-01 0.6744669E-01 0.6303690E-01 0.5361300E-01 0.2739605E-01 0.2739605E-01 -9999.000 -9999.000 -9999.000 -9999.000 -9999.000 -9999.000 -9999.000 -9999.000 -9999.000 -9999.000 -9999.000 -9999.000 -9999.000 -9999.000 -9999.000 -9999.000 -9999.000 -9999.000 -9999.000 -9999.000 -9999.000 -9999.000 -9999.000 -9999.000 -9999.000 -9999.000 -9999.000
2.468374 2.468374 2.511522 2.552968 2.559002 2.559002 2.562633 2.565848 2.565848 2.565732 2.565732 2.563372 2.561538 2.559345 2.556841 2.556841 2.519794 2.503415 2.478049 2.439566 2.384496 2.312182 2.221808 2.113816 1.989554 1.851774 1.706367 1.565622 1.455140 1.435395 1.435395 2.269799 2.424147 2.491483 2.504155 2.504155 2.511361 2.511361 2.457217 2.457217 2.393778 2.115584 2.115584 1.727415 1.727415 1.632057 1.632057 1.632057 1.660271 1.660271 1.706499 1.706499 1.754881 1.754881 1.798602 1.798602 1.834877 1.834877
2.484863 2.484863 2.542693 2.599005 2.615392 2.615392 2.629357 2.653117 2.653117 2.673377 2.673377 2.691229 2.699440 2.707249 2.714706 2.714706 2.703310 2.704673 2.707745 2.708710 2.704119 2.691422 2.667981 2.631528 2.580241 2.513043 2.429111 2.331648 2.240527 2.197658 2.197658 2.655097 2.808103 2.941305 2.973517 2.973517 3.001605 3.001605 2.980648 2.980648 2.946225 2.799297 2.799297 2.524324 2.524324 2.405476 2.405476 2.405476 2.432956 2.432956 2.478506 2.478506 2.527388 2.527388 2.574120 2.574120 2.614313 2.614313
2.488604 2.488604 2.546726 2.599295 2.615859 2.615859 2.630056 2.654322 2.654322 2.675142 2.675142 2.693639 2.702207 2.710395 2.718253 2.718253 2.713624 2.720992 2.733534 2.746988 2.758133 2.764958 2.765768 2.759002 2.743100 2.716611 2.678184 2.628620 2.577886 2.552313 2.552313 2.834507 2.981888 3.141244 3.183382 3.183382 3.216532 3.216532 3.188270 3.188270 3.151701 3.037702 3.037702 2.845285 2.845285 2.709913 2.709913 2.709913 2.724440 2.724440 2.761796 2.761796 2.804437 2.804437 2.845039 2.845039 2.880032 2.880032
2.491587 2.491587 2.549827 2.599224 2.615753 2.615753 2.629996 2.654332 2.654332 2.675172 2.675172 2.693674 2.702248 2.710444 2.718312 2.718312 2.720169 2.732713 2.751778 2.772429 2.791135 2.805883 2.815450 2.819021 2.815912 2.805479 2.786997 2.760886 2.733406 2.722738 2.722738 2.900643 3.035120 3.203387 3.249856 3.249856 3.278027 3.278027 3.233915 3.233915 3.194978 3.108318 3.108318 2.985826 2.985826 2.852756 2.852756 2.852756 2.852454 2.852454 2.881512 2.881512 2.919262 2.919262 2.956225 2.956225 2.988415 2.988415
2.493870 2.493870 2.552187 2.599177 2.615644 2.615644 2.629922 2.654325 2.654325 2.675178 2.675178 2.693675 2.702246 2.710440 2.718307 2.718307 2.728348 2.746980 2.772480 2.799527 2.824408 2.844971 2.860026 2.868946 2.871426 2.867350 2.856652 2.840015 2.822008 2.815916 2.815916 2.930845 3.046035 3.206314 3.247534 3.247534 3.253657 3.253657 3.195617 3.195617 3.163136 3.113466 3.113466 3.051773 3.051773 2.941082 2.941082 2.941082 2.926343 2.926343 2.944349 2.944349 2.975561 2.975561 3.008586 3.008586 3.037922 3.037922
2.495479 2.495479 2.553847 2.599154 2.615554 2.615554 2.629856 2.654320 2.654320 2.675184 2.675184 2.693676 2.702244 2.710438 2.718304 2.718304 2.738852 2.764642 2.796763 2.829803 2.860170 2.885751 2.905369 2.918411 2.924633 2.924060 2.916893 2.903937 2.888718 2.881235 2.881235 2.953228 3.044654 3.175948 3.198180 3.198180 3.168844 3.168844 3.115580 3.115580 3.101024 3.093926 3.093926 3.080181 3.080181 3.004915 3.004915 3.004915 2.981169 2.981169 2.987100 2.987100 3.009682 3.009682 3.037158 3.037158 3.062545 3.062545
2.496436 2.496436 2.554833 2.599145 2.615494 2.615494 2.629812 2.654316 2.654316 2.675188 2.675188 2.693677 2.702244 2.710436 2.718302 2.718302 2.752523 2.786553 2.825502 2.864146 2.899293 2.929092 2.952500 2.968955 2.978215 2.980287 2.975389 2.964231 2.949449 2.938401 2.938401 2.978651 3.042118 3.114439 3.102502 3.102502 3.045610 3.045610 3.026737 3.026737 3.035725 3.066767 3.066767 3.087474 3.087474 3.051616 3.051616 3.051616 3.027066 3.027066 3.022961 3.022961 3.035645 3.035645 3.055739 3.055739 3.075659 3.075659
2.496752 2.496752 2.555161 2.599143 2.615475 2.615475 2.629797 2.654314 2.654314 2.675189 2.675189 2.693677 2.702244 2.710437 2.718301 2.718301 2.770550 2.813841 2.859728 2.903504 2.942616 2.975680 3.001931 3.020960 3.032570 3.036739 3.033616 3.023717 3.008858 2.993915 2.993915 3.008762 3.037353 3.008528 2.958721 2.958721 2.914211 2.914211 2.949533 2.949533 2.978961 3.037849 3.037849 3.082079 3.082079 3.082924 3.082924 3.082924 3.065047 3.065047 3.055279 3.055279 3.058427 3.058427 3.069774 3.069774 3.082686 3.082686
2.496435 2.496435 2.554833 2.599146 2.615495 2.615495 2.629812 2.654315 2.654315 2.675187 2.675187 2.693676 2.702244 2.710437 2.718302 2.718302 2.794572 2.847979 2.900695 2.948925 2.991000 3.026174 3.054110 3.074645 3.087707 3.093290 3.091472 3.082565 3.067589 3.048569 3.048569 3.038769 3.015819 2.845448 2.784692 2.784692 2.803040 2.803040 2.887144 2.887144 2.930145 3.007437 3.007437 3.067894 3.067894 3.099699 3.099699 3.099699 3.093174 3.093174 3.082775 3.082775 3.078355 3.078355 3.080512 3.080512 3.085210 3.085210
2.495479 2.495479 2.553846 2.599154 2.615554 2.615554 2.629856 2.654319 2.654319 2.675183 2.675183 2.693676 2.702244 2.710438 2.718304 2.718304 2.826880 2.890929 2.949938 3.001567 3.045283 3.081146 3.109357 3.130097 3.143482 3.149575 3.148422 3.140140 3.124796 3.099684 3.099684 3.054179 2.942352 2.642405 2.623226 2.623226 2.720627 2.720627 2.834784 2.834784 2.885653 2.975162 2.975162 3.047184 3.047184 3.103454 3.103454 3.103454 3.109823 3.109823 3.102885 3.102885 3.093766 3.093766 3.087302 3.087302 3.083159 3.083159
2.493870 2.493870 2.552187 2.599177 2.615644 2.615644 2.629921 2.654325 2.654325 2.675178 2.675178 2.693675 2.702245 2.710441 2.718307 2.718307 2.870740 2.945282 3.009305 3.062634 3.106169 3.140919 3.167707 3.187112 3.199483 3.204987 3.203668 3.195424 3.178497 3.138439 3.138439 3.016996 2.765323 2.457791 2.507158 2.507158 2.656194 2.656194 2.785650 2.785650 2.841069 2.939317 2.939317 3.019748 3.019748 3.094447 3.094447 3.094447 3.112923 3.112923 3.111778 3.111778 3.100805 3.100805 3.087132 3.087132 3.074308 3.074308
