cruce_test.gid/Rasters/Hydraulic/Velocity__y_141.0.asc
NCOLS        79
NROWS        79
XLLCENTER         -1.500000
YLLCENTER         -4.800000
CELLSIZE           0.100
NODATA_VALUE     -9999.0
[rows 0 to 26 of 79, columns 0 to 58 of 79]
-9999.000 -9999.000 -9999.000 -9999.000 -9999.000 -9999.000 -9999.000 -9999.000 -9999.000 -9999.000 -9999.000 -9999.000 -9999.000 -9999.000 -9999.000 -0.1224682 -0.1212929 -0.1212543 -0.1213777 -0.1216028 -0.1218899 -0.1222037 -0.1225147 -0.1228011 -0.1230559 -0.1232979 -0.1236078 -0.1242886 -0.1259943 -0.1269221 -0.1269221 -9999.000 -9999.000 -9999.000 -9999.000 -9999.000 -9999.000 -9999.000 -9999.000 -9999.000 -9999.000 -9999.000 -9999.000 -9999.000 -9999.000 -9999.000 -9999.000 -9999.000 -9999.000 -9999.000 -9999.000 -9999.000 -9999.000 -9999.000 -9999.000 -9999.000 -9999.000 -9999.000 -9999.000
-9999.000 -9999.000 -9999.000 -9999.000 -9999.000 -9999.000 -9999.000 -9999.000 -9999.000 -9999.000 -9999.000 -9999.000 -9999.000 -9999.000 -9999.000 -0.1203578 -0.1179449 -0.1178632 -0.1181465 -0.1186670 -0.1193380 -0.1200818 -0.1208330 -0.1215429 -0.1221955 -0.1228312 -0.1236188 -0.1251922 -0.1289060 -0.1313437 -0.1313437 -9999.000 -9999.000 -9999.000 -9999.000 -9999.000 -9999.000 -9999.000 -9999.000 -9999.000 -9999.000 -9999.000 -9999.000 -9999.000 -9999.000 -9999.000 -9999.000 -9999.000 -9999.000 -9999.000 -9999.000 -9999.000 -9999.000 -9999.000 -9999.000 -9999.000 -9999.000 -9999.000 -9999.000
-9999.000 -9999.000 -9999.000 -9999.000 -9999.000 -9999.000 -9999.000 -9999.000 -9999.000 -9999.000 -9999.000 -9999.000 -9999.000 -9999.000 -9999.000 -0.1168529 -0.1131916 -0.1130892 -0.1136247 -0.1145920 -0.1158461 -0.1172544 -0.1187036 -0.1201081 -0.1214368 -0.1227512 -0.1243179 -0.1271492 -0.1333993 -0.1381456 -0.1381456 -9999.000 -9999.000 -9999.000 -9999.000 -9999.000 -9999.000 -9999.000 -9999.000 -9999.000 -9999.000 -9999.000 -9999.000 -9999.000 -9999.000 -9999.000 -9999.000 -9999.000 -9999.000 -9999.000 -9999.000 -9999.000 -9999.000 -9999.000 -9999.000 -9999.000 -9999.000 -9999.000 -9999.000
-9999.000 -9999.000 -9999.000 -9999.000 -9999.000 -9999.000 -9999.000 -9999.000 -9999.000 -9999.000 -9999.000 -9999.000 -9999.000 -9999.000 -9999.000 -0.1126404 -0.1078432 -0.1077566 -0.1086026 -0.1100960 -0.1120312 -0.1142166 -0.1164861 -0.1187128 -0.1208453 -0.1229622 -0.1254279 -0.1296509 -0.1386375 -0.1463040 -0.1463040 -9999.000 -9999.000 -9999.000 -9999.000 -9999.000 -9999.000 -9999.000 -9999.000 -9999.000 -9999.000 -9999.000 -9999.000 -9999.000 -9999.000 -9999.000 -9999.000 -9999.000 -9999.000 -9999.000 -9999.000 -9999.000 -9999.000 -9999.000 -9999.000 -9999.000 -9999.000 -9999.000 -9999.000
-9999.000 -9999.000 -9999.000 -9999.000 -9999.000 -9999.000 -9999.000 -9999.000 -9999.000 -9999.000 -9999.000 -9999.000 -9999.000 -9999.000 -9999.000 -0.1079029 -0.1020600 -0.1020135 -0.1032100 -0.1052853 -0.1079704 -0.1110110 -0.1141848 -0.1173192 -0.1203399 -0.1233427 -0.1267919 -0.1325204 -0.1444531 -0.1557134 -0.1557134 -9999.000 -9999.000 -9999.000 -9999.000 -9999.000 -9999.000 -9999.000 -9999.000 -9999.000 -9999.000 -9999.000 -9999.000 -9999.000 -9999.000 -9999.000 -9999.000 -9999.000 -9999.000 -9999.000 -9999.000 -9999.000 -9999.000 -9999.000 -9999.000 -9999.000 -9999.000 -9999.000 -9999.000
-9999.000 -9999.000 -9999.000 -9999.000 -9999.000 -9999.000 -9999.000 -9999.000 -9999.000 -9999.000 -9999.000 -9999.000 -9999.000 -9999.000 -9999.000 -0.1027253 -0.9592257E-01 -0.9593468E-01 -0.9751087E-01 -0.1002093 -0.1036957 -0.1076498 -0.1117901 -0.1158949 -0.1198653 -0.1238167 -0.1283182 -0.1356603 -0.1507701 -0.1664100 -0.1664100 -9999.000 -9999.000 -9999.000 -9999.000 -9999.000 -9999.000 -9999.000 -9999.000 -9999.000 -9999.000 -9999.000 -9999.000 -9999.000 -9999.000 -9999.000 -9999.000 -9999.000 -9999.000 -9999.000 -9999.000 -9999.000 -9999.000 -9999.000 -9999.000 -9999.000 -9999.000 -9999.000 -9999.000
-9999.000 -9999.000 -9999.000 -9999.000 -9999.000 -9999.000 -9999.000 -9999.000 -9999.000 -9999.000 -9999.000 -9999.000 -9999.000 -9999.000 -9999.000 -0.9713484E-01 -0.8946437E-01 -0.8955186E-01 -0.9153057E-01 -0.9488568E-01 -0.9921528E-01 -0.1041306 -0.1092867 -0.1144115 -0.1193804 -0.1243317 -0.1299450 -0.1390117 -0.1575615 -0.1785337 -0.1785337 -9999.000 -9999.000 -9999.000 -9999.000 -9999.000 -9999.000 -9999.000 -9999.000 -9999.000 -9999.000 -9999.000 -9999.000 -9999.000 -9999.000 -9999.000 -9999.000 -9999.000 -9999.000 -9999.000 -9999.000 -9999.000 -9999.000 -9999.000 -9999.000 -9999.000 -9999.000 -9999.000 -9999.000
-9999.000 -9999.000 -9999.000 -9999.000 -9999.000 -9999.000 -9999.000 -9999.000 -9999.000 -9999.000 -9999.000 -9999.000 -9999.000 -9999.000 -9999.000 -0.9112301E-01 -0.8269003E-01 -0.8286958E-01 -0.8527146E-01 -0.8931238E-01 -0.9452257E-01 -0.1004402 -0.1066547 -0.1128409 -0.1188482 -0.1248428 -0.1316225 -0.1425320 -0.1648267 -0.1923173 -0.1923173 -9999.000 -9999.000 -9999.000 -9999.000 -9999.000 -9999.000 -9999.000 -9999.000 -9999.000 -9999.000 -9999.000 -9999.000 -9999.000 -9999.000 -9999.000 -9999.000 -9999.000 -9999.000 -9999.000 -9999.000 -9999.000 -9999.000 -9999.000 -9999.000 -9999.000 -9999.000 -9999.000 -9999.000
-9999.000 -9999.000 -9999.000 -9999.000 -9999.000 -9999.000 -9999.000 -9999.000 -9999.000 -9999.000 -9999.000 -9999.000 -9999.000 -9999.000 -9999.000 -0.8465856E-01 -0.7558491E-01 -0.7587480E-01 -0.7871961E-01 -0.8347394E-01 -0.8959894E-01 -0.9655675E-01 -0.1038675 -0.1111511 -0.1182299 -0.1253051 -0.1333022 -0.1461837 -0.1725796 -0.2080984 -0.2080984 -9999.000 -9999.000 -9999.000 -9999.000 -9999.000 -9999.000 -9999.000 -9999.000 -9999.000 -9999.000 -9999.000 -9999.000 -9999.000 -9999.000 -9999.000 -9999.000 -9999.000 -9999.000 -9999.000 -9999.000 -9999.000 -9999.000 -9999.000 -9999.000 -9999.000 -9999.000 -9999.000 -9999.000
-9999.000 -9999.000 -9999.000 -9999.000 -9999.000 -9999.000 -9999.000 -9999.000 -9999.000 -9999.000 -9999.000 -9999.000 -9999.000 -9999.000 -9999.000 -0.7769148E-01 -0.6811900E-01 -0.6854003E-01 -0.7184770E-01 -0.7734164E-01 -0.8441496E-01 -0.9244839E-01 -0.1008901 -0.1093014 -0.1174788 -0.1256661 -0.1349275 -0.1499236 -0.1808416 -0.2263519 -0.2263519 -9999.000 -9999.000 -9999.000 -9999.000 -9999.000 -9999.000 -9999.000 -9999.000 -9999.000 -9999.000 -9999.000 -9999.000 -9999.000 -9999.000 -9999.000 -9999.000 -9999.000 -9999.000 -9999.000 -9999.000 -9999.000 -9999.000 -9999.000 -9999.000 -9999.000 -9999.000 -9999.000 -9999.000
-9999.000 -9999.000 -9999.000 -9999.000 -9999.000 -9999.000 -9999.000 -9999.000 -9999.000 -9999.000 -9999.000 -9999.000 -9999.000 -9999.000 -9999.000 -0.7015537E-01 -0.6024727E-01 -0.6082227E-01 -0.6461299E-01 -0.7087296E-01 -0.7892689E-01 -0.8806946E-01 -0.9767279E-01 -0.1072371 -0.1165329 -0.1258567 -0.1364248 -0.1536946 -0.1896356 -0.2477486 -0.2477486 -9999.000 -9999.000 -9999.000 -9999.000 -9999.000 -9999.000 -9999.000 -9999.000 -9999.000 -9999.000 -9999.000 -9999.000 -9999.000 -9999.000 -9999.000 -9999.000 -9999.000 -9999.000 -9999.000 -9999.000 -9999.000 -9999.000 -9999.000 -9999.000 -9999.000 -9999.000 -9999.000 -9999.000
-9999.000 -9999.000 -9999.000 -9999.000 -9999.000 -9999.000 -9999.000 -9999.000 -9999.000 -9999.000 -9999.000 -9999.000 -9999.000 -9999.000 -9999.000 -0.6196382E-01 -0.5190622E-01 -0.5266068E-01 -0.5695540E-01 -0.6400719E-01 -0.7307236E-01 -0.8335475E-01 -0.9414570E-01 -0.1048810 -0.1153054 -0.1257805 -0.1376901 -0.1574129 -0.1989762 -0.2732547 -0.2732547 -9999.000 -9999.000 -9999.000 -9999.000 -9999.000 -9999.000 -9999.000 -9999.000 -9999.000 -9999.000 -9999.000 -9999.000 -9999.000 -9999.000 -9999.000 -9999.000 -9999.000 -9999.000 -9999.000 -9999.000 -9999.000 -9999.000 -9999.000 -9999.000 -9999.000 -9999.000 -9999.000 -9999.000
-9999.000 -9999.000 -9999.000 -9999.000 -9999.000 -9999.000 -9999.000 -9999.000 -9999.000 -9999.000 -9999.000 -9999.000 -9999.000 -9999.000 -9999.000 -0.5300283E-01 -0.4300746E-01 -0.4396903E-01 -0.4878912E-01 -0.5665706E-01 -0.6676218E-01 -0.7821041E-01 -0.9020718E-01 -0.1021205 -0.1136691 -0.1252951 -0.1385683 -0.1609440 -0.2088515 -0.3043025 -0.3043025 -9999.000 -9999.000 -9999.000 -9999.000 -9999.000 -9999.000 -9999.000 -9999.000 -9999.000 -9999.000 -9999.000 -9999.000 -9999.000 -9999.000 -9999.000 -9999.000 -9999.000 -9999.000 -9999.000 -9999.000 -9999.000 -9999.000 -9999.000 -9999.000 -9999.000 -9999.000 -9999.000 -9999.000
-9999.000 -9999.000 -9999.000 -9999.000 -9999.000 -9999.000 -9999.000 -9999.000 -9999.000 -9999.000 -9999.000 -9999.000 -9999.000 -9999.000 -9999.000 -0.4307494E-01 -0.3339925E-01 -0.3460607E-01 -0.3998162E-01 -0.4869562E-01 -0.5987068E-01 -0.7250588E-01 -0.8571567E-01 -0.9879509E-01 -0.1114387 -0.1241877 -0.1388184 -0.1640640 -0.2191871 -0.3431231 -0.3431231 -9999.000 -9999.000 -9999.000 -9999.000 -9999.000 -9999.000 -9999.000 -9999.000 -9999.000 -9999.000 -9999.000 -9999.000 -9999.000 -9999.000 -9999.000 -9999.000 -9999.000 -9999.000 -9999.000 -9999.000 -9999.000 -9999.000 -9999.000 -9999.000 -9999.000 -9999.000 -9999.000 -9999.000
-9999.000 -9999.000 -9999.000 -9999.000 -9999.000 -9999.000 -9999.000 -9999.000 -9999.000 -9999.000 -9999.000 -9999.000 -9999.000 -9999.000 -9999.000 -0.2503804E-01 -0.2019223E-01 -0.2329034E-01 -0.3040009E-01 -0.4076285E-01 -0.5350274E-01 -0.6757039E-01 -0.8204988E-01 -0.9622169E-01 -0.1098085 -0.1235067 -0.1393324 -0.1674958 -0.2304439 -0.3914571 -0.3914571 -9999.000 -9999.000 -9999.000 -9999.000 -9999.000 -9999.000 -9999.000 -9999.000 -9999.000 -9999.000 -9999.000 -9999.000 -9999.000 -9999.000 -9999.000 -9999.000 -9999.000 -9999.000 -9999.000 -9999.000 -9999.000 -9999.000 -9999.000 -9999.000 -9999.000 -9999.000 -9999.000 -9999.000
-0.2598163E-02 -0.2598163E-02 -0.5638005E-02 -0.5759312E-02 -0.5747426E-02 -0.5747426E-02 -0.5734072E-02 -0.5711413E-02 -0.5711413E-02 -0.5686329E-02 -0.5686329E-02 -0.5654700E-02 -0.5636976E-02 -0.5618380E-02 -0.5599302E-02 -0.5599302E-02 -0.1823522E-01 -0.2423856E-01 -0.3473488E-01 -0.4996626E-01 -0.6912799E-01 -0.9095260E-01 -0.1140804 -0.1372498 -0.1594698 -0.1802719 -0.1994218 -0.2229398 -0.2640767 -0.3725498 -0.3725498 -0.1910871 -0.9414818E-01 -0.2527835E-01 -0.1695067E-01 -0.1695067E-01 -0.9756193E-02 -0.9756193E-02 0.2904596E-02 0.2904596E-02 0.1138562E-01 -0.6485804E-02 -0.6485804E-02 -0.1709254E-01 -0.1709254E-01 0.3185204E-02 0.3185204E-02 0.3185204E-02 0.6087174E-02 0.6087174E-02 0.5556363E-02 0.5556363E-02 0.3793167E-02 0.3793167E-02 0.1781744E-02 0.1781744E-02 0.1078412E-03 0.1078412E-03 0.1078412E-03
-0.3983486E-02 -0.3983486E-02 -0.8365148E-02 -0.8192919E-02 -0.8103902E-02 -0.8103902E-02 -0.8057622E-02 -0.8028779E-02 -0.8028779E-02 -0.8016444E-02 -0.8016444E-02 -0.7993558E-02 -0.7978455E-02 -0.7961443E-02 -0.7943469E-02 -0.7943469E-02 -0.2512709E-01 -0.3482004E-01 -0.5027797E-01 -0.7236833E-01 -0.1004672 -0.1332578 -0.1691238 -0.2063702 -0.2433291 -0.2783688 -0.3094251 -0.3365558 -0.3609557 -0.3873958 -0.3873958 -0.2497696 -0.1557879 -0.7013315E-01 -0.5341585E-01 -0.5341585E-01 -0.2747614E-01 -0.2747614E-01 0.1572973E-01 0.1572973E-01 0.4211011E-01 0.3884256E-01 0.3884256E-01 0.1367961E-02 0.1367961E-02 0.9668744E-02 0.9668744E-02 0.9668744E-02 0.1140552E-01 0.1140552E-01 0.9040031E-02 0.9040031E-02 0.5062301E-02 0.5062301E-02 0.1129935E-02 0.1129935E-02 -0.1878807E-02 -0.1878807E-02 -0.1878807E-02
-0.3271654E-02 -0.3271654E-02 -0.6819413E-02 -0.6972474E-02 -0.6857012E-02 -0.6857012E-02 -0.6792706E-02 -0.6770474E-02 -0.6770474E-02 -0.6787042E-02 -0.6787042E-02 -0.6792217E-02 -0.6789731E-02 -0.6785038E-02 -0.6778830E-02 -0.6778830E-02 -0.2384141E-01 -0.3663302E-01 -0.5506251E-01 -0.8009369E-01 -0.1115528 -0.1486177 -0.1901069 -0.2346387 -0.2807046 -0.3266956 -0.3712266 -0.4113274 -0.4446262 -0.4657928 -0.4657928 -0.3730418 -0.2893299 -0.1767184 -0.1388505 -0.1388505 -0.6442675E-01 -0.6442675E-01 0.3549059E-01 0.3549059E-01 0.8800963E-01 0.1333005 0.1333005 0.7336421E-01 0.7336421E-01 0.2629253E-01 0.2629253E-01 0.2629253E-01 0.1622965E-01 0.1622965E-01 0.8263190E-02 0.8263190E-02 0.1039916E-02 0.1039916E-02 -0.4713943E-02 -0.4713943E-02 -0.8410676E-02 -0.8410676E-02 -0.8410676E-02
-0.2575767E-02 -0.2575767E-02 -0.5339046E-02 -0.5650833E-02 -0.5523582E-02 -0.5523582E-02 -0.5443873E-02 -0.5410351E-02 -0.5410351E-02 -0.5428934E-02 -0.5428934E-02 -0.5437332E-02 -0.5435904E-02 -0.5432426E-02 -0.5427623E-02 -0.5427623E-02 -0.2248215E-01 -0.3828203E-01 -0.5978466E-01 -0.8745333E-01 -0.1211842 -0.1604560 -0.2044679 -0.2522321 -0.3026128 -0.3543234 -0.4061742 -0.4553829 -0.4987392 -0.5294414 -0.5294414 -0.4741590 -0.4092275 -0.2911789 -0.2347977 -0.2347977 -0.1012092 -0.1012092 0.5925569E-01 0.5925569E-01 0.1309816 0.2062244 0.2062244 0.1544076 0.1544076 0.5289888E-01 0.5289888E-01 0.5289888E-01 0.2278731E-01 0.2278731E-01 0.5204045E-02 0.5204045E-02 -0.6569346E-02 -0.6569346E-02 -0.1430045E-01 -0.1430045E-01 -0.1822903E-01 -0.1822903E-01 -0.1822903E-01
-0.1904854E-02 -0.1904854E-02 -0.3935994E-02 -0.4283777E-02 -0.4167872E-02 -0.4167872E-02 -0.4089511E-02 -0.4052772E-02 -0.4052772E-02 -0.4069748E-02 -0.4069748E-02 -0.4078622E-02 -0.4077792E-02 -0.4075072E-02 -0.4071289E-02 -0.4071289E-02 -0.2220297E-01 -0.4130669E-01 -0.6647231E-01 -0.9740681E-01 -0.1338035 -0.1752338 -0.2211259 -0.2707772 -0.3233633 -0.3779232 -0.4335187 -0.4879608 -0.5381134 -0.5773649 -0.5773649 -0.5536348 -0.5085448 -0.3909499 -0.3142531 -0.3142531 -0.1164917 -0.1164917 0.8563799E-01 0.8563799E-01 0.1625922 0.2450918 0.2450918 0.2141663 0.2141663 0.8463097E-01 0.8463097E-01 0.8463097E-01 0.3306050E-01 0.3306050E-01 0.3244164E-02 0.3244164E-02 -0.1455654E-01 -0.1455654E-01 -0.2471401E-01 -0.2471401E-01 -0.2872457E-01 -0.2872457E-01 -0.2872457E-01
-0.1256094E-02 -0.1256094E-02 -0.2591330E-02 -0.2878767E-02 -0.2791849E-02 -0.2791849E-02 -0.2730027E-02 -0.2699153E-02 -0.2699153E-02 -0.2712139E-02 -0.2712139E-02 -0.2719247E-02 -0.2718744E-02 -0.2716999E-02 -0.2714510E-02 -0.2714510E-02 -0.2347886E-01 -0.4644654E-01 -0.7596970E-01 -0.1109453 -0.1507040 -0.1947655 -0.2426831 -0.2939684 -0.3480486 -0.4042347 -0.4618106 -0.5191540 -0.5735452 -0.6191127 -0.6191127 -0.6184709 -0.5895803 -0.4612078 -0.3555402 -0.3555402 -0.1015369 -0.1015369 0.1065098 0.1065098 0.1762886 0.2529973 0.2529973 0.2434349 0.2434349 0.1155977 0.1155977 0.1155977 0.4695896E-01 0.4695896E-01 0.4126006E-02 0.4126006E-02 -0.2100167E-01 -0.2100167E-01 -0.3423706E-01 -0.3423706E-01 -0.3843598E-01 -0.3843598E-01 -0.3843598E-01
-0.6237063E-03 -0.6237063E-03 -0.1286017E-02 -0.1446526E-02 -0.1400249E-02 -0.1400249E-02 -0.1366186E-02 -0.1348796E-02 -0.1348796E-02 -0.1355678E-02 -0.1355678E-02 -0.1359600E-02 -0.1359419E-02 -0.1358705E-02 -0.1357310E-02 -0.1357310E-02 -0.2686312E-01 -0.5459351E-01 -0.8931715E-01 -0.1291724 -0.1730576 -0.2203449 -0.2706371 -0.3236139 -0.3789336 -0.4361651 -0.4948130 -0.5537291 -0.6106841 -0.6605273 -0.6605273 -0.6750711 -0.6544510 -0.4855930 -0.3438743 -0.3438743 -0.6771822E-01 -0.6771822E-01 0.1134436 0.1134436 0.1709267 0.2386681 0.2386681 0.2458379 0.2458379 0.1397662 0.1397662 0.1397662 0.6246373E-01 0.6246373E-01 0.8261334E-02 0.8261334E-02 -0.2472781E-01 -0.2472781E-01 -0.4165004E-01 -0.4165004E-01 -0.4630485E-01 -0.4630485E-01 -0.4630485E-01
-0.3551380E-07 -0.3551380E-07 -0.1411293E-06 -0.1207413E-06 -0.7204467E-07 -0.7204467E-07 0.1280910E-07 0.3139636E-07 0.3139636E-07 0.1170390E-06 0.1170390E-06 0.2419408E-07 0.8693500E-07 -0.5437977E-08 0.4818593E-07 0.4818593E-07 -0.3314399E-01 -0.6695732E-01 -0.1079564 -0.1536113 -0.2024023 -0.2535178 -0.3065651 -0.3613596 -0.4177778 -0.4756500 -0.5347289 -0.5942823 -0.6525406 -0.7046373 -0.7046373 -0.7260565 -0.6983632 -0.4487768 -0.2842328 -0.2842328 -0.3645003E-01 -0.3645003E-01 0.1049121 0.1049121 0.1511732 0.2113045 0.2113045 0.2295725 0.2295725 0.1528143 0.1528143 0.1528143 0.7631871E-01 0.7631871E-01 0.1482059E-01 0.1482059E-01 -0.2525823E-01 -0.2525823E-01 -0.4606237E-01 -0.4606237E-01 -0.5144457E-01 -0.5144457E-01 -0.5144457E-01
0.6236359E-03 0.6236359E-03 0.1285839E-02 0.1446408E-02 0.1400103E-02 0.1400103E-02 0.1366212E-02 0.1348903E-02 0.1348903E-02 0.1355975E-02 0.1355975E-02 0.1359850E-02 0.1359661E-02 0.1358763E-02 0.1357294E-02 0.1357294E-02 -0.4354172E-01 -0.8527841E-01 -0.1339287 -0.1864012 -0.2408488 -0.2963179 -0.3524259 -0.4091148 -0.4664699 -0.5245852 -0.5834855 -0.6428196 -0.7011257 -0.7525432 -0.7525432 -0.7676569 -0.7021227 -0.3577702 -0.2075069 -0.2075069 -0.2074608E-01 -0.2074608E-01 0.8596848E-01 0.8596848E-01 0.1240306 0.1780086 0.1780086 0.2022627 0.2022627 0.1532864 0.1532864 0.1532864 0.8524126E-01 0.8524126E-01 0.2206288E-01 0.2206288E-01 -0.2278421E-01 -0.2278421E-01 -0.4690536E-01 -0.4690536E-01 -0.5311548E-01 -0.5311548E-01 -0.5311548E-01
0.1255916E-02 0.1255916E-02 0.2591167E-02 0.2878572E-02 0.2791749E-02 0.2791749E-02 0.2730031E-02 0.2699301E-02 0.2699301E-02 0.2712336E-02 0.2712336E-02 0.2719355E-02 0.2718969E-02 0.2717190E-02 0.2714420E-02 0.2714420E-02 -0.6004764E-01 -0.1121974 -0.1702115 -0.2305903 -0.2913410 -0.3515016 -0.4107747 -0.4692605 -0.5272595 -0.5851266 -0.6431694 -0.7013624 -0.7580376 -0.8023189 -0.8023189 -0.7814158 -0.6304978 -0.2535995 -0.1469205 -0.1469205 -0.1885781E-01 -0.1885781E-01 0.6339963E-01 0.6339963E-01 0.9534305E-01 0.1431922 0.1431922 0.1692722 0.1692722 0.1422638 0.1422638 0.1422638 0.8701114E-01 0.8701114E-01 0.2791149E-01 0.2791149E-01 -0.1806126E-01 -0.1806126E-01 -0.4399037E-01 -0.4399037E-01 -0.5081049E-01 -0.5081049E-01 -0.5081049E-01
0.1904590E-02 0.1904590E-02 0.3935843E-02 0.4283751E-02 0.4168003E-02 0.4168003E-02 0.4089698E-02 0.4052868E-02 0.4052868E-02 0.4069951E-02 0.4069951E-02 0.4078400E-02 0.4077670E-02 0.4075020E-02 0.4071343E-02 0.4071343E-02 -0.8607432E-01 -0.1519270 -0.2213149 -0.2906349 -0.3580702 -0.4228974 -0.4850619 -0.5449048 -0.6029747 -0.6598896 -0.7162350 -0.7721595 -0.8239002 -0.8419099 -0.8419099 -0.7195569 -0.4706909 -0.1779763 -0.1112396 -0.1112396 -0.2225129E-01 -0.2225129E-01 0.4199770E-01 0.4199770E-01 0.6850448E-01 0.1091792 0.1091792 0.1339509 0.1339509 0.1222498 0.1222498 0.1222498 0.8099286E-01 0.8099286E-01 0.3063146E-01 0.3063146E-01 -0.1215931E-01 -0.1215931E-01 -0.3752754E-01 -0.3752754E-01 -0.4436152E-01 -0.4436152E-01 -0.4436152E-01
0.2575872E-02 0.2575872E-02 0.5339087E-02 0.5650893E-02 0.5523672E-02 0.5523672E-02 0.5443947E-02 0.5410467E-02 0.5410467E-02 0.5428935E-02 0.5428935E-02 0.5437169E-02 0.5435633E-02 0.5432181E-02 0.5427624E-02 0.5427624E-02 -0.1278148 -0.2115528 -0.2943871 -0.3732997 -0.4472042 -0.5160041 -0.5801328 -0.6403081 -0.6973860 -0.7522576 -0.8057725 -0.8576772 -0.8942375 -0.8249304 -0.8249304 -0.5332535 -0.2938589 -0.1330069 -0.9062951E-01 -0.9062951E-01 -0.2462619E-01 -0.2462619E-01 0.2405645E-01 0.2405645E-01 0.4509415E-01 0.7721566E-01 0.7721566E-01 0.9847239E-01 0.9847239E-01 0.9621852E-01 0.9621852E-01 0.9621852E-01 0.6807107E-01 0.6807107E-01 0.2938462E-01 0.2938462E-01 -0.6108341E-02 -0.6108341E-02 -0.2808452E-01 -0.2808452E-01 -0.3404229E-01 -0.3404229E-01 -0.3404229E-01
