cruce_test.gid/Rasters/Hydraulic/Velocity____155.0.asc
NCOLS        79
NROWS        79
XLLCENTER         -1.500000
YLLCENTER         -4.800000
CELLSIZE           0.100
NODATA_VALUE     -9999.0
[rows 0 to 26 of 79, columns 0 to 59 of 79]
-9999.000 -9999.000 -9999.000 -9999.000 -9999.000 -9999.000 -9999.000 -9999.000 -9999.000 -9999.000 -9999.000 -9999.000 -9999.000 -9999.000 -9999.000 0.1102830 0.1091855 0.1092451 0.1095392 0.1099901 0.1105287 0.1110521 0.1115398 0.1119548 0.1122776 0.1125185 0.1127476 0.1131670 0.1143883 0.1153275 0.1153275 -9999.000 -9999.000 -9999.000 -9999.000 -9999.000 -9999.000 -9999.000 -9999.000 -9999.000 -9999.000 -9999.000 -9999.000 -9999.000 -9999.000 -9999.000 -9999.000 -9999.000 -9999.000 -9999.000 -9999.000 -9999.000 -9999.000 -9999.000 -9999.000 -9999.000 -9999.000 -9999.000 -9999.000 -9999.000
-9999.000 -9999.000 -9999.000 -9999.000 -9999.000 -9999.000 -9999.000 -9999.000 -9999.000 -9999.000 -9999.000 -9999.000 -9999.000 -9999.000 -9999.000 0.1078800 0.1057034 0.1058741 0.1065556 0.1075809 0.1088025 0.1100010 0.1111259 0.1120946 0.1128603 0.1134428 0.1139963 0.1149724 0.1177132 0.1202244 0.1202244 -9999.000 -9999.000 -9999.000 -9999.000 -9999.000 -9999.000 -9999.000 -9999.000 -9999.000 -9999.000 -9999.000 -9999.000 -9999.000 -9999.000 -9999.000 -9999.000 -9999.000 -9999.000 -9999.000 -9999.000 -9999.000 -9999.000 -9999.000 -9999.000 -9999.000 -9999.000 -9999.000 -9999.000 -9999.000
-9999.000 -9999.000 -9999.000 -9999.000 -9999.000 -9999.000 -9999.000 -9999.000 -9999.000 -9999.000 -9999.000 -9999.000 -9999.000 -9999.000 -9999.000 0.1039409 0.1007336 0.1010484 0.1022141 0.1039624 0.1060585 0.1081524 0.1101637 0.1119607 0.1134657 0.1147048 0.1159210 0.1178386 0.1226088 0.1275005 0.1275005 -9999.000 -9999.000 -9999.000 -9999.000 -9999.000 -9999.000 -9999.000 -9999.000 -9999.000 -9999.000 -9999.000 -9999.000 -9999.000 -9999.000 -9999.000 -9999.000 -9999.000 -9999.000 -9999.000 -9999.000 -9999.000 -9999.000 -9999.000 -9999.000 -9999.000 -9999.000 -9999.000 -9999.000 -9999.000
-9999.000 -9999.000 -9999.000 -9999.000 -9999.000 -9999.000 -9999.000 -9999.000 -9999.000 -9999.000 -9999.000 -9999.000 -9999.000 -9999.000 -9999.000 0.9928357E-01 0.9518208E-01 0.9566937E-01 0.9736049E-01 0.9988528E-01 0.1029220 0.1059891 0.1089819 0.1117194 0.1140907 0.1161240 0.1181463 0.1211565 0.1281528 0.1360064 0.1360064 -9999.000 -9999.000 -9999.000 -9999.000 -9999.000 -9999.000 -9999.000 -9999.000 -9999.000 -9999.000 -9999.000 -9999.000 -9999.000 -9999.000 -9999.000 -9999.000 -9999.000 -9999.000 -9999.000 -9999.000 -9999.000 -9999.000 -9999.000 -9999.000 -9999.000 -9999.000 -9999.000 -9999.000 -9999.000
-9999.000 -9999.000 -9999.000 -9999.000 -9999.000 -9999.000 -9999.000 -9999.000 -9999.000 -9999.000 -9999.000 -9999.000 -9999.000 -9999.000 -9999.000 0.9411530E-01 0.8923036E-01 0.8991478E-01 0.9216526E-01 0.9550817E-01 0.9953371E-01 0.1036268 0.1076625 0.1114125 0.1147305 0.1176447 0.1205660 0.1247789 0.1341802 0.1456124 0.1456124 -9999.000 -9999.000 -9999.000 -9999.000 -9999.000 -9999.000 -9999.000 -9999.000 -9999.000 -9999.000 -9999.000 -9999.000 -9999.000 -9999.000 -9999.000 -9999.000 -9999.000 -9999.000 -9999.000 -9999.000 -9999.000 -9999.000 -9999.000 -9999.000 -9999.000 -9999.000 -9999.000 -9999.000 -9999.000
-9999.000 -9999.000 -9999.000 -9999.000 -9999.000 -9999.000 -9999.000 -9999.000 -9999.000 -9999.000 -9999.000 -9999.000 -9999.000 -9999.000 -9999.000 0.8852784E-01 0.8296711E-01 0.8387902E-01 0.8672553E-01 0.9092735E-01 0.9598314E-01 0.1011426 0.1062659 0.1110781 0.1153975 0.1192510 0.1231366 0.1286401 0.1406232 0.1563363 0.1563363 -9999.000 -9999.000 -9999.000 -9999.000 -9999.000 -9999.000 -9999.000 -9999.000 -9999.000 -9999.000 -9999.000 -9999.000 -9999.000 -9999.000 -9999.000 -9999.000 -9999.000 -9999.000 -9999.000 -9999.000 -9999.000 -9999.000 -9999.000 -9999.000 -9999.000 -9999.000 -9999.000 -9999.000 -9999.000
-9999.000 -9999.000 -9999.000 -9999.000 -9999.000 -9999.000 -9999.000 -9999.000 -9999.000 -9999.000 -9999.000 -9999.000 -9999.000 -9999.000 -9999.000 0.8255000E-01 0.7643077E-01 0.7761045E-01 0.8109753E-01 0.8620168E-01 0.9232641E-01 0.9858615E-01 0.1048315 0.1107430 0.1161032 0.1209378 0.1258377 0.1327101 0.1474632 0.1682952 0.1682952 -9999.000 -9999.000 -9999.000 -9999.000 -9999.000 -9999.000 -9999.000 -9999.000 -9999.000 -9999.000 -9999.000 -9999.000 -9999.000 -9999.000 -9999.000 -9999.000 -9999.000 -9999.000 -9999.000 -9999.000 -9999.000 -9999.000 -9999.000 -9999.000 -9999.000 -9999.000 -9999.000 -9999.000 -9999.000
-9999.000 -9999.000 -9999.000 -9999.000 -9999.000 -9999.000 -9999.000 -9999.000 -9999.000 -9999.000 -9999.000 -9999.000 -9999.000 -9999.000 -9999.000 0.7617746E-01 0.6963370E-01 0.7113586E-01 0.7531888E-01 0.8137268E-01 0.8860361E-01 0.9599157E-01 0.1033863 0.1104259 0.1168568 0.1227047 0.1286597 0.1369761 0.1547075 0.1816886 0.1816886 -9999.000 -9999.000 -9999.000 -9999.000 -9999.000 -9999.000 -9999.000 -9999.000 -9999.000 -9999.000 -9999.000 -9999.000 -9999.000 -9999.000 -9999.000 -9999.000 -9999.000 -9999.000 -9999.000 -9999.000 -9999.000 -9999.000 -9999.000 -9999.000 -9999.000 -9999.000 -9999.000 -9999.000 -9999.000
-9999.000 -9999.000 -9999.000 -9999.000 -9999.000 -9999.000 -9999.000 -9999.000 -9999.000 -9999.000 -9999.000 -9999.000 -9999.000 -9999.000 -9999.000 0.6938634E-01 0.6257590E-01 0.6447650E-01 0.6942512E-01 0.7647978E-01 0.8485021E-01 0.9338846E-01 0.1019531 0.1101427 0.1176671 0.1245529 0.1315981 0.1414344 0.1623794 0.1968023 0.1968023 -9999.000 -9999.000 -9999.000 -9999.000 -9999.000 -9999.000 -9999.000 -9999.000 -9999.000 -9999.000 -9999.000 -9999.000 -9999.000 -9999.000 -9999.000 -9999.000 -9999.000 -9999.000 -9999.000 -9999.000 -9999.000 -9999.000 -9999.000 -9999.000 -9999.000 -9999.000 -9999.000 -9999.000 -9999.000
-9999.000 -9999.000 -9999.000 -9999.000 -9999.000 -9999.000 -9999.000 -9999.000 -9999.000 -9999.000 -9999.000 -9999.000 -9999.000 -9999.000 -9999.000 0.6214072E-01 0.5525452E-01 0.5766126E-01 0.6346401E-01 0.7157244E-01 0.8110825E-01 0.9080993E-01 0.1005569 0.1099112 0.1185451 0.1264866 0.1346522 0.1460866 0.1705130 0.2140301 0.2140301 -9999.000 -9999.000 -9999.000 -9999.000 -9999.000 -9999.000 -9999.000 -9999.000 -9999.000 -9999.000 -9999.000 -9999.000 -9999.000 -9999.000 -9999.000 -9999.000 -9999.000 -9999.000 -9999.000 -9999.000 -9999.000 -9999.000 -9999.000 -9999.000 -9999.000 -9999.000 -9999.000 -9999.000 -9999.000
-9999.000 -9999.000 -9999.000 -9999.000 -9999.000 -9999.000 -9999.000 -9999.000 -9999.000 -9999.000 -9999.000 -9999.000 -9999.000 -9999.000 -9999.000 0.5439498E-01 0.4767346E-01 0.5074517E-01 0.5751411E-01 0.6672516E-01 0.7743689E-01 0.8830146E-01 0.9923244E-01 0.1097579 0.1195091 0.1285170 0.1378275 0.1509396 0.1791527 0.2339153 0.2339153 -9999.000 -9999.000 -9999.000 -9999.000 -9999.000 -9999.000 -9999.000 -9999.000 -9999.000 -9999.000 -9999.000 -9999.000 -9999.000 -9999.000 -9999.000 -9999.000 -9999.000 -9999.000 -9999.000 -9999.000 -9999.000 -9999.000 -9999.000 -9999.000 -9999.000 -9999.000 -9999.000 -9999.000 -9999.000
-9999.000 -9999.000 -9999.000 -9999.000 -9999.000 -9999.000 -9999.000 -9999.000 -9999.000 -9999.000 -9999.000 -9999.000 -9999.000 -9999.000 -9999.000 0.4609574E-01 0.3986447E-01 0.4384541E-01 0.5171631E-01 0.6205860E-01 0.7392778E-01 0.8593411E-01 0.9803552E-01 0.1097267 0.1205939 0.1306691 0.1411414 0.1560113 0.1883551 0.2572199 0.2572199 -9999.000 -9999.000 -9999.000 -9999.000 -9999.000 -9999.000 -9999.000 -9999.000 -9999.000 -9999.000 -9999.000 -9999.000 -9999.000 -9999.000 -9999.000 -9999.000 -9999.000 -9999.000 -9999.000 -9999.000 -9999.000 -9999.000 -9999.000 -9999.000 -9999.000 -9999.000 -9999.000 -9999.000 -9999.000
-9999.000 -9999.000 -9999.000 -9999.000 -9999.000 -9999.000 -9999.000 -9999.000 -9999.000 -9999.000 -9999.000 -9999.000 -9999.000 -9999.000 -9999.000 0.3718638E-01 0.3194495E-01 0.3722287E-01 0.4633275E-01 0.5777777E-01 0.7073261E-01 0.8382623E-01 0.9706226E-01 0.1098984 0.1218668 0.1329990 0.1446394 0.1613422 0.1981970 0.2850440 0.2850440 -9999.000 -9999.000 -9999.000 -9999.000 -9999.000 -9999.000 -9999.000 -9999.000 -9999.000 -9999.000 -9999.000 -9999.000 -9999.000 -9999.000 -9999.000 -9999.000 -9999.000 -9999.000 -9999.000 -9999.000 -9999.000 -9999.000 -9999.000 -9999.000 -9999.000 -9999.000 -9999.000 -9999.000 -9999.000
-9999.000 -9999.000 -9999.000 -9999.000 -9999.000 -9999.000 -9999.000 -9999.000 -9999.000 -9999.000 -9999.000 -9999.000 -9999.000 -9999.000 -9999.000 0.2761012E-01 0.2435315E-01 0.3156123E-01 0.4196702E-01 0.5435179E-01 0.6821368E-01 0.8227220E-01 0.9655828E-01 0.1104823 0.1235086 0.1356636 0.1484574 0.1670486 0.2088099 0.3190535 0.3190535 -9999.000 -9999.000 -9999.000 -9999.000 -9999.000 -9999.000 -9999.000 -9999.000 -9999.000 -9999.000 -9999.000 -9999.000 -9999.000 -9999.000 -9999.000 -9999.000 -9999.000 -9999.000 -9999.000 -9999.000 -9999.000 -9999.000 -9999.000 -9999.000 -9999.000 -9999.000 -9999.000 -9999.000 -9999.000
-9999.000 -9999.000 -9999.000 -9999.000 -9999.000 -9999.000 -9999.000 -9999.000 -9999.000 -9999.000 -9999.000 -9999.000 -9999.000 -9999.000 -9999.000 0.2277472E-01 0.3489925E-01 0.4809700E-01 0.5927520E-01 0.6978773E-01 0.8076310E-01 0.9204922E-01 0.1040379 0.1162998 0.1282489 0.1398320 0.1526453 0.1724690 0.2192791 0.3591161 0.3591161 -9999.000 -9999.000 -9999.000 -9999.000 -9999.000 -9999.000 -9999.000 -9999.000 -9999.000 -9999.000 -9999.000 -9999.000 -9999.000 -9999.000 -9999.000 -9999.000 -9999.000 -9999.000 -9999.000 -9999.000 -9999.000 -9999.000 -9999.000 -9999.000 -9999.000 -9999.000 -9999.000 -9999.000 -9999.000
2.546109 2.546109 2.590076 2.630212 2.635720 2.635720 2.638895 2.641268 2.641268 2.640342 2.640342 2.637216 2.635027 2.632495 2.629663 2.629663 2.644218 2.635565 2.616957 2.584667 2.535991 2.468122 2.381669 2.276891 2.154770 2.017644 1.870437 1.724681 1.607579 1.590274 1.590274 2.381753 2.534911 2.610796 2.627671 2.627671 2.644351 2.644351 2.603239 2.603239 2.547773 2.340205 2.340205 1.894964 1.894964 1.754099 1.754099 1.754099 1.769314 1.769314 1.811005 1.811005 1.858416 1.858416 1.903526 1.903526 1.941935 1.941935 1.941935 1.970242
2.563267 2.563267 2.621817 2.677445 2.693558 2.693558 2.707313 2.730726 2.730726 2.750668 2.750668 2.768244 2.776343 2.784056 2.791424 2.791424 2.808197 2.813958 2.819999 2.824030 2.823574 2.815800 2.798610 2.769663 2.726791 2.668449 2.594251 2.504864 2.413046 2.363355 2.363355 2.790193 2.935417 3.069369 3.103778 3.103778 3.137630 3.137630 3.124603 3.124603 3.095422 2.977019 2.977019 2.711113 2.711113 2.543140 2.543140 2.543140 2.557786 2.557786 2.600003 2.600003 2.649412 2.649412 2.697479 2.697479 2.739403 2.739403 2.739403 2.772949
2.567212 2.567212 2.625824 2.677747 2.694041 2.694041 2.708032 2.731957 2.731957 2.752472 2.752472 2.770710 2.779175 2.787276 2.795056 2.795056 2.812566 2.825397 2.841034 2.856837 2.870715 2.880913 2.886285 2.885573 2.877284 2.859844 2.831977 2.793112 2.748891 2.724030 2.724030 2.974548 3.112282 3.266712 3.309542 3.309542 3.346431 3.346431 3.323709 3.323709 3.290517 3.189812 3.189812 3.012103 3.012103 2.838280 2.838280 2.838280 2.838482 2.838482 2.871611 2.871611 2.914244 2.914244 2.956277 2.956277 2.993402 2.993402 2.993402 3.023472
2.570365 2.570365 2.628914 2.677672 2.693941 2.693941 2.707976 2.731968 2.731968 2.752501 2.752501 2.770746 2.779216 2.787325 2.795114 2.795114 2.815112 2.834351 2.857647 2.881370 2.903089 2.921237 2.935042 2.944026 2.947714 2.945544 2.936963 2.921654 2.902865 2.896209 2.896209 3.051866 3.175043 3.333485 3.378497 3.378497 3.406226 3.406226 3.363432 3.363432 3.325912 3.245781 3.245781 3.136686 3.136686 2.979330 2.979330 2.979330 2.963441 2.963441 2.986231 2.986231 3.022890 3.022890 3.061116 3.061116 3.095476 3.095476 3.095476 3.123336
2.572782 2.572782 2.631273 2.677618 2.693835 2.693835 2.707908 2.731963 2.731963 2.752505 2.752505 2.770744 2.779212 2.787320 2.795109 2.795109 2.820045 2.845960 2.876678 2.907735 2.936374 2.960977 2.980756 2.995392 3.004787 3.008938 3.007942 3.002083 2.993844 2.993865 2.993865 3.094768 3.199194 3.346466 3.383402 3.383402 3.381443 3.381443 3.318456 3.318456 3.285612 3.239836 3.239836 3.189389 3.189389 3.067560 3.067560 3.067560 3.038217 3.038217 3.048131 3.048131 3.076851 3.076851 3.110455 3.110455 3.141679 3.141679 3.141679 3.167016
2.574488 2.574488 2.632936 2.677586 2.693748 2.693748 2.707849 2.731958 2.731958 2.752510 2.752510 2.770744 2.779210 2.787316 2.795104 2.795104 2.828131 2.861302 2.899340 2.937285 2.972281 3.002730 3.027832 3.047266 3.060992 3.069152 3.072068 3.070311 3.065941 3.066514 3.066514 3.131194 3.213715 3.329427 3.342812 3.342812 3.293862 3.293862 3.230287 3.230287 3.214664 3.211258 3.211258 3.207036 3.207036 3.130401 3.130401 3.130401 3.095225 3.095225 3.092446 3.092446 3.111159 3.111159 3.138245 3.138245 3.164954 3.164954 3.164954 3.186750
2.575503 2.575503 2.633926 2.677571 2.693690 2.693690 2.707808 2.731955 2.731955 2.752512 2.752512 2.770744 2.779208 2.787314 2.795101 2.795101 2.840230 2.881469 2.926792 2.971158 3.011866 3.047482 3.077292 3.100996 3.118554 3.130104 3.135971 3.136738 3.134013 3.133031 3.133031 3.171668 3.228874 3.280881 3.252027 3.252027 3.162910 3.162910 3.131614 3.131614 3.140415 3.176213 3.176213 3.205261 3.205261 3.174087 3.174087 3.174087 3.142371 3.142371 3.130449 3.130449 3.138466 3.138466 3.157204 3.157204 3.177703 3.177703 3.177703 3.194673
2.575840 2.575840 2.634256 2.677567 2.693670 2.693670 2.707794 2.731954 2.731954 2.752514 2.752514 2.770744 2.779208 2.787314 2.795101 2.795101 2.857506 2.907764 2.960368 3.010644 3.056317 3.096273 3.129994 3.157279 3.178116 3.192629 3.201081 3.203946 3.202351 3.199435 3.199435 3.217558 3.242620 3.181552 3.103531 3.103531 3.019651 3.019651 3.046070 3.046070 3.076778 3.141254 3.141254 3.192772 3.192772 3.201267 3.201267 3.201267 3.180366 3.180366 3.164852 3.164852 3.163422 3.163422 3.172696 3.172696 3.185367 3.185367 3.185367 3.196165
2.575503 2.575503 2.633926 2.677571 2.693690 2.693690 2.707809 2.731956 2.731956 2.752513 2.752513 2.770744 2.779208 2.787314 2.795102 2.795102 2.881589 2.941844 3.001668 3.057248 3.107004 3.150305 3.186940 3.216892 3.240236 3.257112 3.267731 3.272434 3.271817 3.266519 3.266519 3.263817 3.238281 3.012079 2.913419 2.913419 2.896809 2.896809 2.978410 2.978410 3.023560 3.106395 3.106395 3.173067 3.173067 3.213464 3.213464 3.213464 3.207217 3.207217 3.193688 3.193688 3.185657 3.185657 3.185480 3.185480 3.189171 3.189171 3.189171 3.192644
2.574488 2.574488 2.632937 2.677587 2.693747 2.693747 2.707849 2.731958 2.731958 2.752510 2.752510 2.770744 2.779210 2.787316 2.795104 2.795104 2.914824 2.985925 3.052705 3.112768 3.165511 3.210947 3.249280 3.280755 3.305593 3.323990 3.336144 3.342263 3.342152 3.331802 3.331802 3.294805 3.175035 2.787767 2.729400 2.729400 2.807264 2.807264 2.923150 2.923150 2.976246 3.070651 3.070651 3.147892 3.147892 3.212641 3.212641 3.212641 3.221558 3.221558 3.214073 3.214073 3.202918 3.202918 3.194381 3.194381 3.188642 3.188642 3.188642 3.184035
2.572782 2.572782 2.631274 2.677618 2.693835 2.693835 2.707909 2.731962 2.731962 2.752505 2.752505 2.770744 2.779212 2.787320 2.795108 2.795108 2.960701 3.043094 3.116105 3.179414 3.233691 3.279746 3.318295 3.349898 3.374970 3.393807 3.406621 3.413441 3.412172 3.385879 3.385879 3.267624 2.993008 2.572606 2.596169 2.596169 2.740342 2.740342 2.872529 2.872529 2.929820 3.032126 3.032126 3.116926 3.116926 3.199524 3.199524 3.199524 3.221914 3.221914 3.222389 3.222389 3.211172 3.211172 3.196109 3.196109 3.181325 3.181325 3.181325 3.168502
2.570365 2.570365 2.628914 2.677672 2.693941 2.693941 2.707976 2.731967 2.731967 2.752500 2.752500 2.770746 2.779216 2.787325 2.795114 2.795114 3.024619 3.117815 3.195425 3.259983 3.313742 3.358440 3.395361 3.425411 3.449216 3.467180 3.479554 3.485869 3.477235 3.394044 3.394044 3.095212 2.673107 2.434957 2.502120 2.502120 2.676455 2.676455 2.816871 2.816871 2.876657 2.985380 2.985380 3.075813 3.075813 3.171324 3.171324 3.171324 3.204572 3.204572 3.212994 3.212994 3.203502 3.203502 3.183939 3.183939 3.161272 3.161272 3.161272 3.140859
