cruce_test.gid/Rasters/Hydraulic/Velocity__x_224.0.asc
NCOLS        79
NROWS        79
XLLCENTER         -1.500000
YLLCENTER         -4.800000
CELLSIZE           0.100
NODATA_VALUE     -9999.0
[rows 0 to 25 of 79, columns 0 to 57 of 79]
-9999.000 -9999.000 -9999.000 -9999.000 -9999.000 -9999.000 -9999.000 -9999.000 -9999.000 -9999.000 -9999.000 -9999.000 -9999.000 -9999.000 -9999.000 -0.1634581E-02 -0.1292083E-02 0.2073226E-02 0.6901149E-02 0.1184523E-01 0.1588232E-01 0.1872441E-01 0.2035904E-01 0.2086872E-01 0.2040486E-01 0.1910801E-01 0.1706351E-01 0.1421529E-01 0.9967524E-02 0.4881348E-02 0.4881348E-02 -9999.000 -9999.000 -9999.000 -9999.000 -9999.000 -9999.000 -9999.000 -9999.000 -9999.000 -9999.000 -9999.000 -9999.000 -9999.000 -9999.000 -9999.000 -9999.000 -9999.000 -9999.000 -9999.000 -9999.000 -9999.000 -9999.000 -9999.000 -9999.000 -9999.000 -9999.000 -9999.000
-9999.000 -9999.000 -9999.000 -9999.000 -9999.000 -9999.000 -9999.000 -9999.000 -9999.000 -9999.000 -9999.000 -9999.000 -9999.000 -9999.000 -9999.000 -0.3679838E-03 0.1198291E-02 0.5609379E-02 0.1132858E-01 0.1706772E-01 0.2181104E-01 0.2520443E-01 0.2716370E-01 0.2771746E-01 0.2697977E-01 0.2507505E-01 0.2209673E-01 0.1802946E-01 0.1240736E-01 0.6056990E-02 0.6056990E-02 -9999.000 -9999.000 -9999.000 -9999.000 -9999.000 -9999.000 -9999.000 -9999.000 -9999.000 -9999.000 -9999.000 -9999.000 -9999.000 -9999.000 -9999.000 -9999.000 -9999.000 -9999.000 -9999.000 -9999.000 -9999.000 -9999.000 -9999.000 -9999.000 -9999.000 -9999.000 -9999.000
-9999.000 -9999.000 -9999.000 -9999.000 -9999.000 -9999.000 -9999.000 -9999.000 -9999.000 -9999.000 -9999.000 -9999.000 -9999.000 -9999.000 -9999.000 0.7569859E-04 0.2169597E-02 0.7200752E-02 0.1351047E-01 0.1976747E-01 0.2492156E-01 0.2860156E-01 0.3071096E-01 0.3127028E-01 0.3039313E-01 0.2820838E-01 0.2481902E-01 0.2022245E-01 0.1395062E-01 0.6848635E-02 0.6848635E-02 -9999.000 -9999.000 -9999.000 -9999.000 -9999.000 -9999.000 -9999.000 -9999.000 -9999.000 -9999.000 -9999.000 -9999.000 -9999.000 -9999.000 -9999.000 -9999.000 -9999.000 -9999.000 -9999.000 -9999.000 -9999.000 -9999.000 -9999.000 -9999.000 -9999.000 -9999.000 -9999.000
-9999.000 -9999.000 -9999.000 -9999.000 -9999.000 -9999.000 -9999.000 -9999.000 -9999.000 -9999.000 -9999.000 -9999.000 -9999.000 -9999.000 -9999.000 0.2906335E-03 0.2673964E-02 0.8083832E-02 0.1477510E-01 0.2137554E-01 0.2680420E-01 0.3067996E-01 0.3290213E-01 0.3348923E-01 0.3255730E-01 0.3023847E-01 0.2663958E-01 0.2175915E-01 0.1510452E-01 0.7469659E-02 0.7469659E-02 -9999.000 -9999.000 -9999.000 -9999.000 -9999.000 -9999.000 -9999.000 -9999.000 -9999.000 -9999.000 -9999.000 -9999.000 -9999.000 -9999.000 -9999.000 -9999.000 -9999.000 -9999.000 -9999.000 -9999.000 -9999.000 -9999.000 -9999.000 -9999.000 -9999.000 -9999.000 -9999.000
-9999.000 -9999.000 -9999.000 -9999.000 -9999.000 -9999.000 -9999.000 -9999.000 -9999.000 -9999.000 -9999.000 -9999.000 -9999.000 -9999.000 -9999.000 0.4305370E-03 0.3020395E-02 0.8718145E-02 0.1570745E-01 0.2257822E-01 0.2822346E-01 0.3225846E-01 0.3458085E-01 0.3520899E-01 0.3426250E-01 0.3187511E-01 0.2815449E-01 0.2309484E-01 0.1616580E-01 0.8063212E-02 0.8063212E-02 -9999.000 -9999.000 -9999.000 -9999.000 -9999.000 -9999.000 -9999.000 -9999.000 -9999.000 -9999.000 -9999.000 -9999.000 -9999.000 -9999.000 -9999.000 -9999.000 -9999.000 -9999.000 -9999.000 -9999.000 -9999.000 -9999.000 -9999.000 -9999.000 -9999.000 -9999.000 -9999.000
-9999.000 -9999.000 -9999.000 -9999.000 -9999.000 -9999.000 -9999.000 -9999.000 -9999.000 -9999.000 -9999.000 -9999.000 -9999.000 -9999.000 -9999.000 0.5572811E-03 0.3336800E-02 0.9299730E-02 0.1656281E-01 0.2367974E-01 0.2952090E-01 0.3370197E-01 0.3612161E-01 0.3679921E-01 0.3585848E-01 0.3343472E-01 0.2963446E-01 0.2444375E-01 0.1728251E-01 0.8704831E-02 0.8704831E-02 -9999.000 -9999.000 -9999.000 -9999.000 -9999.000 -9999.000 -9999.000 -9999.000 -9999.000 -9999.000 -9999.000 -9999.000 -9999.000 -9999.000 -9999.000 -9999.000 -9999.000 -9999.000 -9999.000 -9999.000 -9999.000 -9999.000 -9999.000 -9999.000 -9999.000 -9999.000 -9999.000
-9999.000 -9999.000 -9999.000 -9999.000 -9999.000 -9999.000 -9999.000 -9999.000 -9999.000 -9999.000 -9999.000 -9999.000 -9999.000 -9999.000 -9999.000 0.6990775E-03 0.3681876E-02 0.9917748E-02 0.1745728E-01 0.2481859E-01 0.3085166E-01 0.3517721E-01 0.3769690E-01 0.3843192E-01 0.3751138E-01 0.3507113E-01 0.3121570E-01 0.2591953E-01 0.1854135E-01 0.9441911E-02 0.9441911E-02 -9999.000 -9999.000 -9999.000 -9999.000 -9999.000 -9999.000 -9999.000 -9999.000 -9999.000 -9999.000 -9999.000 -9999.000 -9999.000 -9999.000 -9999.000 -9999.000 -9999.000 -9999.000 -9999.000 -9999.000 -9999.000 -9999.000 -9999.000 -9999.000 -9999.000 -9999.000 -9999.000
-9999.000 -9999.000 -9999.000 -9999.000 -9999.000 -9999.000 -9999.000 -9999.000 -9999.000 -9999.000 -9999.000 -9999.000 -9999.000 -9999.000 -9999.000 0.8709917E-03 0.4085808E-02 0.1061843E-01 0.1845063E-01 0.2606548E-01 0.3229548E-01 0.3677050E-01 0.3939701E-01 0.4019916E-01 0.3931239E-01 0.3687323E-01 0.3298270E-01 0.2760057E-01 0.2001031E-01 0.1031551E-01 0.1031551E-01 -9999.000 -9999.000 -9999.000 -9999.000 -9999.000 -9999.000 -9999.000 -9999.000 -9999.000 -9999.000 -9999.000 -9999.000 -9999.000 -9999.000 -9999.000 -9999.000 -9999.000 -9999.000 -9999.000 -9999.000 -9999.000 -9999.000 -9999.000 -9999.000 -9999.000 -9999.000 -9999.000
-9999.000 -9999.000 -9999.000 -9999.000 -9999.000 -9999.000 -9999.000 -9999.000 -9999.000 -9999.000 -9999.000 -9999.000 -9999.000 -9999.000 -9999.000 0.1083483E-02 0.4570050E-02 0.1143277E-01 0.1958267E-01 0.2746759E-01 0.3390492E-01 0.3853887E-01 0.4128287E-01 0.4216517E-01 0.4132891E-01 0.3891062E-01 0.3500671E-01 0.2955928E-01 0.2176008E-01 0.1137090E-01 0.1137090E-01 -9999.000 -9999.000 -9999.000 -9999.000 -9999.000 -9999.000 -9999.000 -9999.000 -9999.000 -9999.000 -9999.000 -9999.000 -9999.000 -9999.000 -9999.000 -9999.000 -9999.000 -9999.000 -9999.000 -9999.000 -9999.000 -9999.000 -9999.000 -9999.000 -9999.000 -9999.000 -9999.000
-9999.000 -9999.000 -9999.000 -9999.000 -9999.000 -9999.000 -9999.000 -9999.000 -9999.000 -9999.000 -9999.000 -9999.000 -9999.000 -9999.000 -9999.000 0.1346012E-02 0.5153296E-02 0.1238912E-01 0.2088946E-01 0.2906724E-01 0.3572727E-01 0.4053444E-01 0.4341129E-01 0.4439122E-01 0.4362736E-01 0.4125562E-01 0.3736671E-01 0.3188079E-01 0.2387908E-01 0.1266700E-01 0.1266700E-01 -9999.000 -9999.000 -9999.000 -9999.000 -9999.000 -9999.000 -9999.000 -9999.000 -9999.000 -9999.000 -9999.000 -9999.000 -9999.000 -9999.000 -9999.000 -9999.000 -9999.000 -9999.000 -9999.000 -9999.000 -9999.000 -9999.000 -9999.000 -9999.000 -9999.000 -9999.000 -9999.000
-9999.000 -9999.000 -9999.000 -9999.000 -9999.000 -9999.000 -9999.000 -9999.000 -9999.000 -9999.000 -9999.000 -9999.000 -9999.000 -9999.000 -9999.000 0.1668861E-02 0.5857011E-02 0.1351935E-01 0.2241202E-01 0.3091253E-01 0.3781721E-01 0.4281795E-01 0.4584927E-01 0.4695138E-01 0.4628955E-01 0.4399905E-01 0.4016388E-01 0.3467780E-01 0.2648829E-01 0.1428448E-01 0.1428448E-01 -9999.000 -9999.000 -9999.000 -9999.000 -9999.000 -9999.000 -9999.000 -9999.000 -9999.000 -9999.000 -9999.000 -9999.000 -9999.000 -9999.000 -9999.000 -9999.000 -9999.000 -9999.000 -9999.000 -9999.000 -9999.000 -9999.000 -9999.000 -9999.000 -9999.000 -9999.000 -9999.000
-9999.000 -9999.000 -9999.000 -9999.000 -9999.000 -9999.000 -9999.000 -9999.000 -9999.000 -9999.000 -9999.000 -9999.000 -9999.000 -9999.000 -9999.000 0.2067911E-02 0.6713341E-02 0.1487211E-01 0.2421539E-01 0.3307680E-01 0.4025460E-01 0.4547602E-01 0.4869071E-01 0.4994840E-01 0.4942944E-01 0.4726798E-01 0.4354082E-01 0.3811023E-01 0.2976117E-01 0.1634098E-01 0.1634098E-01 -9999.000 -9999.000 -9999.000 -9999.000 -9999.000 -9999.000 -9999.000 -9999.000 -9999.000 -9999.000 -9999.000 -9999.000 -9999.000 -9999.000 -9999.000 -9999.000 -9999.000 -9999.000 -9999.000 -9999.000 -9999.000 -9999.000 -9999.000 -9999.000 -9999.000 -9999.000 -9999.000
-9999.000 -9999.000 -9999.000 -9999.000 -9999.000 -9999.000 -9999.000 -9999.000 -9999.000 -9999.000 -9999.000 -9999.000 -9999.000 -9999.000 -9999.000 0.2600941E-02 0.7845356E-02 0.1664452E-01 0.2654253E-01 0.3579849E-01 0.4327140E-01 0.4873360E-01 0.5215467E-01 0.5359791E-01 0.5326403E-01 0.5128670E-01 0.4773470E-01 0.4243282E-01 0.3396818E-01 0.1901727E-01 0.1901727E-01 -9999.000 -9999.000 -9999.000 -9999.000 -9999.000 -9999.000 -9999.000 -9999.000 -9999.000 -9999.000 -9999.000 -9999.000 -9999.000 -9999.000 -9999.000 -9999.000 -9999.000 -9999.000 -9999.000 -9999.000 -9999.000 -9999.000 -9999.000 -9999.000 -9999.000 -9999.000 -9999.000
-9999.000 -9999.000 -9999.000 -9999.000 -9999.000 -9999.000 -9999.000 -9999.000 -9999.000 -9999.000 -9999.000 -9999.000 -9999.000 -9999.000 -9999.000 0.4926037E-02 0.1279113E-01 0.2439985E-01 0.3546614E-01 0.4443886E-01 0.5153211E-01 0.5657858E-01 0.5959205E-01 0.6067837E-01 0.6007405E-01 0.5791116E-01 0.5424355E-01 0.4884029E-01 0.4003141E-01 0.2284191E-01 0.2284191E-01 -9999.000 -9999.000 -9999.000 -9999.000 -9999.000 -9999.000 -9999.000 -9999.000 -9999.000 -9999.000 -9999.000 -9999.000 -9999.000 -9999.000 -9999.000 -9999.000 -9999.000 -9999.000 -9999.000 -9999.000 -9999.000 -9999.000 -9999.000 -9999.000 -9999.000 -9999.000 -9999.000
-9999.000 -9999.000 -9999.000 -9999.000 -9999.000 -9999.000 -9999.000 -9999.000 -9999.000 -9999.000 -9999.000 -9999.000 -9999.000 -9999.000 -9999.000 0.1069188 0.1640135 0.1925502 0.1847492 0.1567281 0.1367195 0.1192527 0.1042397 0.9143332E-01 0.8047741E-01 0.7082067E-01 0.6196717E-01 0.5313933E-01 0.4205431E-01 0.2026790E-01 0.2026790E-01 -9999.000 -9999.000 -9999.000 -9999.000 -9999.000 -9999.000 -9999.000 -9999.000 -9999.000 -9999.000 -9999.000 -9999.000 -9999.000 -9999.000 -9999.000 -9999.000 -9999.000 -9999.000 -9999.000 -9999.000 -9999.000 -9999.000 -9999.000 -9999.000 -9999.000 -9999.000 -9999.000
2.883908 2.883908 2.903918 2.903481 2.924032 2.924032 2.926864 2.926476 2.926476 2.922369 2.922369 2.915737 2.911728 2.907367 2.903111 2.903111 3.066351 3.071188 3.072541 3.069519 3.036844 2.980551 2.900660 2.795701 2.667249 2.519143 2.353748 2.179603 2.020380 1.946011 1.946011 2.790780 2.971930 3.080495 3.108245 3.108245 3.147311 3.147311 3.139725 3.139725 3.101210 2.933795 2.933795 2.627070 2.627070 2.205750 2.205750 2.205750 2.173713 2.173713 2.198840 2.198840 2.245378 2.245378 2.295809 2.295809 2.341985 2.341985
2.907420 2.907420 2.936377 2.958620 2.986549 2.986549 3.001467 3.024218 3.024218 3.042820 3.042820 3.058690 3.065861 3.072630 3.079427 3.079427 3.200293 3.220744 3.237024 3.250783 3.256987 3.256068 3.246245 3.224305 3.187549 3.134212 3.062387 2.972631 2.871303 2.784494 2.784494 3.237185 3.398300 3.555505 3.598857 3.598857 3.650322 3.650322 3.657766 3.657766 3.640400 3.546215 3.546215 3.363754 3.363754 3.047275 3.047275 3.047275 3.011136 3.011136 3.038362 3.038362 3.087615 3.087615 3.140578 3.140578 3.189683 3.189683
2.912239 2.912239 2.938806 2.960534 2.986257 2.986257 3.001852 3.025480 3.025480 3.044720 3.044720 3.061309 3.068880 3.076078 3.083369 3.083369 3.190776 3.224434 3.253006 3.277832 3.296958 3.310599 3.318612 3.319938 3.313258 3.297291 3.270246 3.231182 3.182645 3.140747 3.140747 3.394170 3.551612 3.735733 3.790279 3.790279 3.849529 3.849529 3.846312 3.846312 3.820114 3.722158 3.722158 3.584589 3.584589 3.337413 3.337413 3.337413 3.287127 3.287127 3.300986 3.300986 3.341216 3.341216 3.387971 3.387971 3.432576 3.432576
2.915207 2.915207 2.940940 2.961143 2.985327 2.985327 3.001352 3.025439 3.025439 3.044724 3.044724 3.061311 3.068886 3.076093 3.083481 3.083481 3.182095 3.226525 3.266411 3.301471 3.330310 3.352688 3.368702 3.378213 3.380995 3.376880 3.365359 3.346144 3.320889 3.300000 3.300000 3.452986 3.591625 3.783854 3.844834 3.844834 3.903446 3.903446 3.878436 3.878436 3.839643 3.742820 3.742820 3.649980 3.649980 3.473980 3.473980 3.473980 3.415575 3.415575 3.414573 3.414573 3.444787 3.444787 3.485840 3.485840 3.526956 3.526956
2.916343 2.916343 2.940057 2.961089 2.984430 2.984430 3.000882 3.025414 3.025414 3.044700 3.044700 3.061243 3.068810 3.076017 3.083544 3.083544 3.178292 3.231684 3.281606 3.326157 3.363911 3.394306 3.417264 3.432809 3.441031 3.442172 3.436434 3.424209 3.407137 3.392621 3.392621 3.485116 3.598306 3.780769 3.839221 3.839221 3.876747 3.876747 3.820350 3.820350 3.775470 3.702636 3.702636 3.659177 3.659177 3.554008 3.554008 3.554008 3.497090 3.497090 3.482179 3.482179 3.499861 3.499861 3.533053 3.533053 3.569345 3.569345
2.912885 2.912885 2.944510 2.960755 2.983677 2.983677 3.000494 3.025450 3.025450 3.044781 3.044781 3.061296 3.068848 3.076041 3.083752 3.083752 3.180493 3.241817 3.300488 3.353455 3.399126 3.436764 3.466145 3.487272 3.500271 3.505445 3.503180 3.494099 3.479745 3.465549 3.465549 3.517570 3.602261 3.755677 3.797825 3.797825 3.787527 3.787527 3.706386 3.706386 3.672509 3.645502 3.645502 3.647886 3.647886 3.604843 3.604843 3.604843 3.558948 3.558948 3.535143 3.535143 3.539610 3.539610 3.562568 3.562568 3.591868 3.591868
2.912541 2.912541 2.946553 2.960411 2.983080 2.983080 3.000103 3.025319 3.025319 3.044710 3.044710 3.061252 3.068815 3.076018 3.084015 3.084015 3.189469 3.258389 3.324743 3.384914 3.437259 3.481031 3.515970 3.542058 3.559415 3.568292 3.569067 3.562326 3.549332 3.533918 3.533918 3.557935 3.613425 3.713635 3.719393 3.719393 3.644769 3.644769 3.575579 3.575579 3.568665 3.592374 3.592374 3.629970 3.629970 3.636186 3.636186 3.636186 3.607651 3.607651 3.582152 3.582152 3.575536 3.575536 3.586949 3.586949 3.607128 3.607128
2.912553 2.912553 2.947026 2.960334 2.982924 2.982924 3.000017 3.025320 3.025320 3.044720 3.044720 3.061257 3.068818 3.076020 3.084403 3.084403 3.206255 3.282936 3.356076 3.422147 3.479713 3.528199 3.567449 3.597500 3.618482 3.630610 3.634178 3.629648 3.617916 3.601343 3.601343 3.605451 3.630903 3.640950 3.588271 3.588271 3.471537 3.471537 3.458416 3.458416 3.482069 3.546260 3.546260 3.608075 3.608075 3.651694 3.651694 3.651694 3.642989 3.642989 3.622645 3.622645 3.609416 3.609416 3.609648 3.609648 3.619224 3.619224
2.912965 2.912965 2.945787 2.960433 2.983088 2.983088 3.000108 3.025322 3.025322 3.044714 3.044714 3.061254 3.068816 3.076018 3.084935 3.084935 3.232312 3.317187 3.396274 3.466816 3.527920 3.579411 3.621380 3.654015 3.677520 3.692101 3.697981 3.695469 3.685048 3.667369 3.667369 3.655149 3.644423 3.509290 3.396405 3.396405 3.308315 3.308315 3.369657 3.369657 3.415742 3.505723 3.505723 3.583544 3.583544 3.655033 3.655033 3.655033 3.665420 3.665420 3.654881 3.654881 3.639868 3.639868 3.630897 3.630897 3.629330 3.629330
2.915127 2.915127 2.942637 2.960588 2.983517 2.983517 3.000368 3.025357 3.025357 3.044712 3.044712 3.061251 3.068812 3.076013 3.085665 3.085665 3.269861 3.363317 3.447315 3.520601 3.583243 3.635693 3.678452 3.711956 3.736534 3.752432 3.759829 3.758881 3.749491 3.729312 3.729312 3.696441 3.627565 3.299781 3.173622 3.173622 3.187179 3.187179 3.304342 3.304342 3.362653 3.467407 3.467407 3.556125 3.556125 3.648239 3.648239 3.648239 3.675128 3.675128 3.676353 3.676353 3.663701 3.663701 3.648477 3.648477 3.636330 3.636330
2.916836 2.916836 2.939065 2.961022 2.984352 2.984352 3.000817 3.025389 3.025389 3.044719 3.044719 3.061285 3.068853 3.076057 3.086715 3.086715 3.322307 3.424212 3.511464 3.585182 3.646857 3.697809 3.739081 3.771419 3.795330 3.811123 3.818953 3.818799 3.809317 3.780190 3.780190 3.702738 3.526625 3.045220 2.984655 2.984655 3.106222 3.106222 3.249756 3.249756 3.313829 3.427300 3.427300 3.523854 3.523854 3.631086 3.631086 3.631086 3.671183 3.671183 3.683878 3.683878 3.676187 3.676187 3.657768 3.657768 3.636544 3.636544
