cruce_test.gid/Rasters/Hydraulic/Velocity__y_264.0.asc
NCOLS        79
NROWS        79
XLLCENTER         -1.500000
YLLCENTER         -4.800000
CELLSIZE           0.100
NODATA_VALUE     -9999.0
[rows 0 to 26 of 79, columns 0 to 58 of 79]
-9999.000 -9999.000 -9999.000 -9999.000 -9999.000 -9999.000 -9999.000 -9999.000 -9999.000 -9999.000 -9999.000 -9999.000 -9999.000 -9999.000 -9999.000 -0.9239091E-01 -0.8959951E-01 -0.8857360E-01 -0.8840192E-01 -0.8889648E-01 -0.8960306E-01 -0.9034556E-01 -0.9107599E-01 -0.9169202E-01 -0.9224518E-01 -0.9273592E-01 -0.9319919E-01 -0.9381562E-01 -0.9518692E-01 -0.9655926E-01 -0.9655926E-01 -9999.000 -9999.000 -9999.000 -9999.000 -9999.000 -9999.000 -9999.000 -9999.000 -9999.000 -9999.000 -9999.000 -9999.000 -9999.000 -9999.000 -9999.000 -9999.000 -9999.000 -9999.000 -9999.000 -9999.000 -9999.000 -9999.000 -9999.000 -9999.000 -9999.000 -9999.000 -9999.000 -9999.000
-9999.000 -9999.000 -9999.000 -9999.000 -9999.000 -9999.000 -9999.000 -9999.000 -9999.000 -9999.000 -9999.000 -9999.000 -9999.000 -9999.000 -9999.000 -0.9237125E-01 -0.8654352E-01 -0.8435933E-01 -0.8401966E-01 -0.8513552E-01 -0.8674277E-01 -0.8845805E-01 -0.9016914E-01 -0.9164903E-01 -0.9300025E-01 -0.9421652E-01 -0.9536578E-01 -0.9682415E-01 -0.9984679E-01 -0.1031621 -0.1031621 -9999.000 -9999.000 -9999.000 -9999.000 -9999.000 -9999.000 -9999.000 -9999.000 -9999.000 -9999.000 -9999.000 -9999.000 -9999.000 -9999.000 -9999.000 -9999.000 -9999.000 -9999.000 -9999.000 -9999.000 -9999.000 -9999.000 -9999.000 -9999.000 -9999.000 -9999.000 -9999.000 -9999.000
-9999.000 -9999.000 -9999.000 -9999.000 -9999.000 -9999.000 -9999.000 -9999.000 -9999.000 -9999.000 -9999.000 -9999.000 -9999.000 -9999.000 -9999.000 -0.9124088E-01 -0.8213528E-01 -0.7863957E-01 -0.7816988E-01 -0.8011511E-01 -0.8292138E-01 -0.8595830E-01 -0.8902782E-01 -0.9174625E-01 -0.9426554E-01 -0.9656005E-01 -0.9872722E-01 -0.1013581 -0.1064500 -0.1124694 -0.1124694 -9999.000 -9999.000 -9999.000 -9999.000 -9999.000 -9999.000 -9999.000 -9999.000 -9999.000 -9999.000 -9999.000 -9999.000 -9999.000 -9999.000 -9999.000 -9999.000 -9999.000 -9999.000 -9999.000 -9999.000 -9999.000 -9999.000 -9999.000 -9999.000 -9999.000 -9999.000 -9999.000 -9999.000
-9999.000 -9999.000 -9999.000 -9999.000 -9999.000 -9999.000 -9999.000 -9999.000 -9999.000 -9999.000 -9999.000 -9999.000 -9999.000 -9999.000 -9999.000 -0.8954765E-01 -0.7720551E-01 -0.7240774E-01 -0.7185630E-01 -0.7471266E-01 -0.7881397E-01 -0.8327826E-01 -0.8782034E-01 -0.9189006E-01 -0.9569129E-01 -0.9917191E-01 -0.1024553 -0.1063546 -0.1136462 -0.1228665 -0.1228665 -9999.000 -9999.000 -9999.000 -9999.000 -9999.000 -9999.000 -9999.000 -9999.000 -9999.000 -9999.000 -9999.000 -9999.000 -9999.000 -9999.000 -9999.000 -9999.000 -9999.000 -9999.000 -9999.000 -9999.000 -9999.000 -9999.000 -9999.000 -9999.000 -9999.000 -9999.000 -9999.000 -9999.000
-9999.000 -9999.000 -9999.000 -9999.000 -9999.000 -9999.000 -9999.000 -9999.000 -9999.000 -9999.000 -9999.000 -9999.000 -9999.000 -9999.000 -9999.000 -0.8751693E-01 -0.7193664E-01 -0.6583019E-01 -0.6522379E-01 -0.6904608E-01 -0.7450501E-01 -0.8046406E-01 -0.8655012E-01 -0.9203717E-01 -0.9718881E-01 -0.1019207 -0.1063825 -0.1116218 -0.1212430 -0.1342017 -0.1342017 -9999.000 -9999.000 -9999.000 -9999.000 -9999.000 -9999.000 -9999.000 -9999.000 -9999.000 -9999.000 -9999.000 -9999.000 -9999.000 -9999.000 -9999.000 -9999.000 -9999.000 -9999.000 -9999.000 -9999.000 -9999.000 -9999.000 -9999.000 -9999.000 -9999.000 -9999.000 -9999.000 -9999.000
-9999.000 -9999.000 -9999.000 -9999.000 -9999.000 -9999.000 -9999.000 -9999.000 -9999.000 -9999.000 -9999.000 -9999.000 -9999.000 -9999.000 -9999.000 -0.8522119E-01 -0.6639417E-01 -0.5897049E-01 -0.5832943E-01 -0.6316362E-01 -0.7002855E-01 -0.7753171E-01 -0.8521435E-01 -0.9216379E-01 -0.9871472E-01 -0.1047442 -0.1104311 -0.1170738 -0.1291656 -0.1464902 -0.1464902 -9999.000 -9999.000 -9999.000 -9999.000 -9999.000 -9999.000 -9999.000 -9999.000 -9999.000 -9999.000 -9999.000 -9999.000 -9999.000 -9999.000 -9999.000 -9999.000 -9999.000 -9999.000 -9999.000 -9999.000 -9999.000 -9999.000 -9999.000 -9999.000 -9999.000 -9999.000 -9999.000 -9999.000
-9999.000 -9999.000 -9999.000 -9999.000 -9999.000 -9999.000 -9999.000 -9999.000 -9999.000 -9999.000 -9999.000 -9999.000 -9999.000 -9999.000 -9999.000 -0.8266417E-01 -0.6058946E-01 -0.5184390E-01 -0.5118940E-01 -0.5708044E-01 -0.6539471E-01 -0.7448395E-01 -0.8380752E-01 -0.9225316E-01 -0.1002438 -0.1076089 -0.1145606 -0.1226691 -0.1373919 -0.1598443 -0.1598443 -9999.000 -9999.000 -9999.000 -9999.000 -9999.000 -9999.000 -9999.000 -9999.000 -9999.000 -9999.000 -9999.000 -9999.000 -9999.000 -9999.000 -9999.000 -9999.000 -9999.000 -9999.000 -9999.000 -9999.000 -9999.000 -9999.000 -9999.000 -9999.000 -9999.000 -9999.000 -9999.000 -9999.000
-9999.000 -9999.000 -9999.000 -9999.000 -9999.000 -9999.000 -9999.000 -9999.000 -9999.000 -9999.000 -9999.000 -9999.000 -9999.000 -9999.000 -9999.000 -0.7981563E-01 -0.5450862E-01 -0.4444226E-01 -0.4379992E-01 -0.5079585E-01 -0.6060121E-01 -0.7131552E-01 -0.8232096E-01 -0.9229050E-01 -0.1017565 -0.1104909 -0.1187439 -0.1283838 -0.1459227 -0.1744475 -0.1744475 -9999.000 -9999.000 -9999.000 -9999.000 -9999.000 -9999.000 -9999.000 -9999.000 -9999.000 -9999.000 -9999.000 -9999.000 -9999.000 -9999.000 -9999.000 -9999.000 -9999.000 -9999.000 -9999.000 -9999.000 -9999.000 -9999.000 -9999.000 -9999.000 -9999.000 -9999.000 -9999.000 -9999.000
-9999.000 -9999.000 -9999.000 -9999.000 -9999.000 -9999.000 -9999.000 -9999.000 -9999.000 -9999.000 -9999.000 -9999.000 -9999.000 -9999.000 -9999.000 -0.7662597E-01 -0.4812232E-01 -0.3674476E-01 -0.3614594E-01 -0.4429957E-01 -0.5563882E-01 -0.6801564E-01 -0.8074182E-01 -0.9225819E-01 -0.1032327 -0.1133668 -0.1229558 -0.1341972 -0.1547682 -0.1905554 -0.1905554 -9999.000 -9999.000 -9999.000 -9999.000 -9999.000 -9999.000 -9999.000 -9999.000 -9999.000 -9999.000 -9999.000 -9999.000 -9999.000 -9999.000 -9999.000 -9999.000 -9999.000 -9999.000 -9999.000 -9999.000 -9999.000 -9999.000 -9999.000 -9999.000 -9999.000 -9999.000 -9999.000 -9999.000
-9999.000 -9999.000 -9999.000 -9999.000 -9999.000 -9999.000 -9999.000 -9999.000 -9999.000 -9999.000 -9999.000 -9999.000 -9999.000 -9999.000 -9999.000 -0.7303093E-01 -0.4139134E-01 -0.2872126E-01 -0.2820474E-01 -0.3757517E-01 -0.5049200E-01 -0.6456784E-01 -0.7905272E-01 -0.9213356E-01 -0.1046477 -0.1162088 -0.1271661 -0.1400856 -0.1639408 -0.2085090 -0.2085090 -9999.000 -9999.000 -9999.000 -9999.000 -9999.000 -9999.000 -9999.000 -9999.000 -9999.000 -9999.000 -9999.000 -9999.000 -9999.000 -9999.000 -9999.000 -9999.000 -9999.000 -9999.000 -9999.000 -9999.000 -9999.000 -9999.000 -9999.000 -9999.000 -9999.000 -9999.000 -9999.000 -9999.000
-9999.000 -9999.000 -9999.000 -9999.000 -9999.000 -9999.000 -9999.000 -9999.000 -9999.000 -9999.000 -9999.000 -9999.000 -9999.000 -9999.000 -9999.000 -0.6895237E-01 -0.3426566E-01 -0.2033201E-01 -0.1994536E-01 -0.3059905E-01 -0.4513871E-01 -0.6094933E-01 -0.7722934E-01 -0.9188624E-01 -0.1059686 -0.1189793 -0.1313342 -0.1460141 -0.1734493 -0.2287672 -0.2287672 -9999.000 -9999.000 -9999.000 -9999.000 -9999.000 -9999.000 -9999.000 -9999.000 -9999.000 -9999.000 -9999.000 -9999.000 -9999.000 -9999.000 -9999.000 -9999.000 -9999.000 -9999.000 -9999.000 -9999.000 -9999.000 -9999.000 -9999.000 -9999.000 -9999.000 -9999.000 -9999.000 -9999.000
-9999.000 -9999.000 -9999.000 -9999.000 -9999.000 -9999.000 -9999.000 -9999.000 -9999.000 -9999.000 -9999.000 -9999.000 -9999.000 -9999.000 -9999.000 -0.6429546E-01 -0.2668255E-01 -0.1152590E-01 -0.1132659E-01 -0.2333895E-01 -0.3954835E-01 -0.5712846E-01 -0.7523789E-01 -0.9147426E-01 -0.1071496 -0.1216264 -0.1354024 -0.1519315 -0.1832940 -0.2519563 -0.2519563 -9999.000 -9999.000 -9999.000 -9999.000 -9999.000 -9999.000 -9999.000 -9999.000 -9999.000 -9999.000 -9999.000 -9999.000 -9999.000 -9999.000 -9999.000 -9999.000 -9999.000 -9999.000 -9999.000 -9999.000 -9999.000 -9999.000 -9999.000 -9999.000 -9999.000 -9999.000 -9999.000 -9999.000
-9999.000 -9999.000 -9999.000 -9999.000 -9999.000 -9999.000 -9999.000 -9999.000 -9999.000 -9999.000 -9999.000 -9999.000 -9999.000 -9999.000 -9999.000 -0.5893630E-01 -0.1855617E-01 -0.2232455E-02 -0.2292670E-02 -0.1575147E-01 -0.3367968E-01 -0.5306191E-01 -0.7303257E-01 -0.9084078E-01 -0.1081281 -0.1240768 -0.1392882 -0.1577593 -0.1934569 -0.2789546 -0.2789546 -9999.000 -9999.000 -9999.000 -9999.000 -9999.000 -9999.000 -9999.000 -9999.000 -9999.000 -9999.000 -9999.000 -9999.000 -9999.000 -9999.000 -9999.000 -9999.000 -9999.000 -9999.000 -9999.000 -9999.000 -9999.000 -9999.000 -9999.000 -9999.000 -9999.000 -9999.000 -9999.000 -9999.000
-9999.000 -9999.000 -9999.000 -9999.000 -9999.000 -9999.000 -9999.000 -9999.000 -9999.000 -9999.000 -9999.000 -9999.000 -9999.000 -9999.000 -9999.000 -0.5211932E-01 -0.9337619E-02 0.7863782E-02 0.7195123E-02 -0.7911143E-02 -0.2761879E-01 -0.4883066E-01 -0.7067878E-01 -0.9002122E-01 -0.1089155 -0.1263113 -0.1429439 -0.1634419 -0.2039473 -0.3111085 -0.3111085 -9999.000 -9999.000 -9999.000 -9999.000 -9999.000 -9999.000 -9999.000 -9999.000 -9999.000 -9999.000 -9999.000 -9999.000 -9999.000 -9999.000 -9999.000 -9999.000 -9999.000 -9999.000 -9999.000 -9999.000 -9999.000 -9999.000 -9999.000 -9999.000 -9999.000 -9999.000 -9999.000 -9999.000
-9999.000 -9999.000 -9999.000 -9999.000 -9999.000 -9999.000 -9999.000 -9999.000 -9999.000 -9999.000 -9999.000 -9999.000 -9999.000 -9999.000 -9999.000 -0.4138143E-02 0.1495609E-01 0.1842482E-01 0.8490245E-02 -0.9842767E-02 -0.2990071E-01 -0.5144942E-01 -0.7375345E-01 -0.9331806E-01 -0.1127396 -0.1306527 -0.1479477 -0.1699285 -0.2150838 -0.3482169 -0.3482169 -9999.000 -9999.000 -9999.000 -9999.000 -9999.000 -9999.000 -9999.000 -9999.000 -9999.000 -9999.000 -9999.000 -9999.000 -9999.000 -9999.000 -9999.000 -9999.000 -9999.000 -9999.000 -9999.000 -9999.000 -9999.000 -9999.000 -9999.000 -9999.000 -9999.000 -9999.000 -9999.000 -9999.000
-0.3706511E-02 -0.3706511E-02 -0.5316656E-02 -0.7217269E-02 -0.6671115E-02 -0.6671115E-02 -0.6482892E-02 -0.6408144E-02 -0.6408144E-02 -0.6397066E-02 -0.6397066E-02 -0.6378384E-02 -0.6365304E-02 -0.6350395E-02 -0.6337537E-02 -0.6337537E-02 0.3060837E-01 0.2563542E-01 0.1051060E-01 -0.1160276E-01 -0.3794708E-01 -0.6745937E-01 -0.9895298E-01 -0.1303641 -0.1610746 -0.1900335 -0.2167801 -0.2428584 -0.2760716 -0.3530648 -0.3530648 -0.1968406 -0.1063434 -0.3727647E-01 -0.2801115E-01 -0.2801115E-01 -0.2110563E-01 -0.2110563E-01 -0.8746747E-02 -0.8746747E-02 0.2389406E-02 0.2701312E-01 0.2701312E-01 0.1577862E-01 0.1577862E-01 -0.3795875E-02 -0.3795875E-02 -0.3795875E-02 -0.1691503E-03 -0.1691503E-03 0.6071004E-03 0.6071004E-03 -0.1995059E-03 -0.1995059E-03 -0.1433734E-02 -0.1433734E-02 -0.2653406E-02 -0.2653406E-02 -0.2653406E-02
-0.5251462E-02 -0.5251462E-02 -0.7240914E-02 -0.1068983E-01 -0.9519889E-02 -0.9519889E-02 -0.9098062E-02 -0.8979647E-02 -0.8979647E-02 -0.9009253E-02 -0.9009253E-02 -0.9013868E-02 -0.9007146E-02 -0.8996390E-02 -0.9002836E-02 -0.9002836E-02 0.2530046E-01 0.2109374E-01 0.5581932E-02 -0.1995323E-01 -0.5418068E-01 -0.9481911E-01 -0.1398728 -0.1878479 -0.2364298 -0.2840177 -0.3289311 -0.3693518 -0.4031381 -0.4272801 -0.4272801 -0.2906209 -0.1938704 -0.1015306 -0.8317927E-01 -0.8317927E-01 -0.5927465E-01 -0.5927465E-01 -0.1707084E-01 -0.1707084E-01 0.1623824E-01 0.8537246E-01 0.8537246E-01 0.8268117E-01 0.8268117E-01 0.1637878E-01 0.1637878E-01 0.1637878E-01 0.6998787E-02 0.6998787E-02 0.1756319E-02 0.1756319E-02 -0.2595182E-02 -0.2595182E-02 -0.6300207E-02 -0.6300207E-02 -0.9146853E-02 -0.9146853E-02 -0.9146853E-02
-0.3370235E-02 -0.3370235E-02 -0.5836838E-02 -0.9356739E-02 -0.8205443E-02 -0.8205443E-02 -0.7682218E-02 -0.7550238E-02 -0.7550238E-02 -0.7634122E-02 -0.7634122E-02 -0.7670441E-02 -0.7674092E-02 -0.7672763E-02 -0.7718324E-02 -0.7718324E-02 0.1629644E-01 0.1225869E-01 -0.3158040E-02 -0.2893475E-01 -0.6400114E-01 -0.1066525 -0.1552257 -0.2084321 -0.2644636 -0.3217643 -0.3786694 -0.4331466 -0.4822692 -0.5191728 -0.5191728 -0.4302434 -0.3463669 -0.2310035 -0.1937828 -0.1937828 -0.1266145 -0.1266145 -0.2554338E-01 -0.2554338E-01 0.4122301E-01 0.1646920 0.1646920 0.1921173 0.1921173 0.7103050E-01 0.7103050E-01 0.7103050E-01 0.2723713E-01 0.2723713E-01 0.4680106E-02 0.4680106E-02 -0.8275716E-02 -0.8275716E-02 -0.1650157E-01 -0.1650157E-01 -0.2144905E-01 -0.2144905E-01 -0.2144905E-01
-0.1499705E-02 -0.1499705E-02 -0.5596997E-02 -0.7668953E-02 -0.6656056E-02 -0.6656056E-02 -0.6142735E-02 -0.6017501E-02 -0.6017501E-02 -0.6117187E-02 -0.6117187E-02 -0.6152226E-02 -0.6152619E-02 -0.6148159E-02 -0.6225647E-02 -0.6225647E-02 0.7231545E-02 0.1217472E-02 -0.1541132E-01 -0.4197182E-01 -0.7755821E-01 -0.1208647 -0.1705113 -0.2253607 -0.2840443 -0.3452814 -0.4077303 -0.4696920 -0.5284759 -0.5774068 -0.5774068 -0.5361103 -0.4765671 -0.3642816 -0.3134222 -0.3134222 -0.1933615 -0.1933615 -0.1896382E-01 -0.1896382E-01 0.7744577E-01 0.2298821 0.2298821 0.2735335 0.2735335 0.1330254 0.1330254 0.1330254 0.5519444E-01 0.5519444E-01 0.1047270E-01 0.1047270E-01 -0.1452564E-01 -0.1452564E-01 -0.2875787E-01 -0.2875787E-01 -0.3607545E-01 -0.3607545E-01 -0.3607545E-01
-0.4915935E-03 -0.4915935E-03 -0.4675486E-02 -0.5874085E-02 -0.5047611E-02 -0.5047611E-02 -0.4602718E-02 -0.4488051E-02 -0.4488051E-02 -0.4582329E-02 -0.4582329E-02 -0.4615984E-02 -0.4616185E-02 -0.4611926E-02 -0.4732761E-02 -0.4732761E-02 -0.1865045E-02 -0.1177000E-01 -0.3123411E-01 -0.5978505E-01 -0.9666946E-01 -0.1408830 -0.1913169 -0.2469818 -0.3067889 -0.3696723 -0.4345430 -0.5000614 -0.5640517 -0.6209641 -0.6209641 -0.6155301 -0.5814779 -0.4824645 -0.4182869 -0.4182869 -0.2324690 -0.2324690 0.9531222E-02 0.9531222E-02 0.1192573 0.2691899 0.2691899 0.3154578 0.3154578 0.1863198 0.1863198 0.1863198 0.8655927E-01 0.8655927E-01 0.2054627E-01 0.2054627E-01 -0.1828895E-01 -0.1828895E-01 -0.3992337E-01 -0.3992337E-01 -0.5020296E-01 -0.5020296E-01 -0.5020296E-01
-0.3362112E-03 -0.3362112E-03 -0.3035179E-02 -0.3944149E-02 -0.3381283E-02 -0.3381283E-02 -0.3063458E-02 -0.2979301E-02 -0.2979301E-02 -0.3052131E-02 -0.3052131E-02 -0.3078446E-02 -0.3078717E-02 -0.3075784E-02 -0.3254358E-02 -0.3254358E-02 -0.1145818E-01 -0.2694446E-01 -0.5095026E-01 -0.8294263E-01 -0.1222285 -0.1680182 -0.2194697 -0.2758019 -0.3361861 -0.3997743 -0.4656830 -0.5328439 -0.5995386 -0.6613806 -0.6613806 -0.6805804 -0.6679441 -0.5760186 -0.4888125 -0.4888125 -0.2242120 -0.2242120 0.5017820E-01 0.5017820E-01 0.1524061 0.2794446 0.2794446 0.3229196 0.3229196 0.2225534 0.2225534 0.2225534 0.1167075 0.1167075 0.3459147E-01 0.3459147E-01 -0.1812644E-01 -0.1812644E-01 -0.4823678E-01 -0.4823678E-01 -0.6220447E-01 -0.6220447E-01 -0.6220447E-01
-0.1701271E-03 -0.1701271E-03 -0.1492564E-02 -0.1981112E-02 -0.1695706E-02 -0.1695706E-02 -0.1530339E-02 -0.1485516E-02 -0.1485516E-02 -0.1524983E-02 -0.1524983E-02 -0.1539192E-02 -0.1539519E-02 -0.1538132E-02 -0.1793506E-02 -0.1793506E-02 -0.2226926E-01 -0.4497610E-01 -0.7526942E-01 -0.1122861 -0.1552618 -0.2035267 -0.2564710 -0.3135580 -0.3742444 -0.4379511 -0.5040366 -0.5716911 -0.6395755 -0.7042029 -0.7042029 -0.7392727 -0.7413237 -0.6317433 -0.5025890 -0.5025890 -0.1712999 -0.1712999 0.8332358E-01 0.8332358E-01 0.1652453 0.2653154 0.2653154 0.3060713 0.3060713 0.2390291 0.2390291 0.2390291 0.1408400 0.1408400 0.5068033E-01 0.5068033E-01 -0.1382337E-01 -0.1382337E-01 -0.5267313E-01 -0.5267313E-01 -0.7090833E-01 -0.7090833E-01 -0.7090833E-01
0.8865754E-06 0.8865754E-06 -0.2025208E-05 0.1224374E-05 0.6753318E-06 0.6753318E-06 0.3975512E-06 0.2686085E-07 0.2686085E-07 -0.7211291E-07 -0.7211291E-07 0.5928344E-07 0.4080650E-07 0.1307665E-06 -0.3587650E-03 -0.3587650E-03 -0.3535688E-01 -0.6707524E-01 -0.1054880 -0.1491887 -0.1972285 -0.2489841 -0.3040378 -0.3621065 -0.4229499 -0.4863019 -0.5518212 -0.6189949 -0.6868215 -0.7522975 -0.7522975 -0.7955976 -0.8014565 -0.6254392 -0.4428227 -0.4428227 -0.1026004 -0.1026004 0.9557509E-01 0.9557509E-01 0.1564478 0.2354172 0.2354172 0.2746685 0.2746685 0.2372210 0.2372210 0.2372210 0.1551468 0.1551468 0.6578907E-01 0.6578907E-01 -0.6251179E-02 -0.6251179E-02 -0.5280601E-01 -0.5280601E-01 -0.7540486E-01 -0.7540486E-01 -0.7540486E-01
0.1720420E-03 0.1720420E-03 0.1488446E-02 0.1983399E-02 0.1697191E-02 0.1697191E-02 0.1530979E-02 0.1485567E-02 0.1485567E-02 0.1524668E-02 0.1524668E-02 0.1539127E-02 0.1539496E-02 0.1538152E-02 0.1038946E-02 0.1038946E-02 -0.5228687E-01 -0.9517739E-01 -0.1436983 -0.1957767 -0.2502329 -0.3064710 -0.3642552 -0.4235639 -0.4844690 -0.5470416 -0.6112809 -0.6770089 -0.7434813 -0.8072974 -0.8072974 -0.8491554 -0.8368177 -0.5340350 -0.3257586 -0.3257586 -0.5050137E-01 -0.5050137E-01 0.8754824E-01 0.8754824E-01 0.1329935 0.1979392 0.1979392 0.2358283 0.2358283 0.2207654 0.2207654 0.2207654 0.1577441 0.1577441 0.7670367E-01 0.7670367E-01 0.2889259E-02 0.2889259E-02 -0.4880803E-01 -0.4880803E-01 -0.7507624E-01 -0.7507624E-01 -0.7507624E-01
0.3379420E-03 0.3379420E-03 0.3031206E-02 0.3946083E-02 0.3382759E-02 0.3382759E-02 0.3064088E-02 0.2979327E-02 0.2979327E-02 0.3051828E-02 0.3051828E-02 0.3078266E-02 0.3078683E-02 0.3075795E-02 0.2384832E-02 0.2384832E-02 -0.7550896E-01 -0.1323376 -0.1931734 -0.2552933 -0.3173596 -0.3788751 -0.4398357 -0.5005143 -0.5613106 -0.6226446 -0.6848712 -0.7481461 -0.8116629 -0.8689805 -0.8689805 -0.8896371 -0.8122172 -0.3764174 -0.2044040 -0.2044040 -0.2631681E-01 -0.2631681E-01 0.6821407E-01 0.6821407E-01 0.1036031 0.1585205 0.1585205 0.1939637 0.1939637 0.1937464 0.1937464 0.1937464 0.1487958 0.1487958 0.8095491E-01 0.8095491E-01 0.1147381E-01 0.1147381E-01 -0.4142062E-01 -0.4142062E-01 -0.6967914E-01 -0.6967914E-01 -0.6967914E-01
0.4929437E-03 0.4929437E-03 0.4672284E-02 0.5875894E-02 0.5048855E-02 0.5048855E-02 0.4603300E-02 0.4487833E-02 0.4487833E-02 0.4581961E-02 0.4581961E-02 0.4615666E-02 0.4615930E-02 0.4611732E-02 0.3659001E-02 0.3659001E-02 -0.1091094 -0.1834897 -0.2590481 -0.3326866 -0.4031774 -0.4703253 -0.5344909 -0.5963192 -0.6565736 -0.7160304 -0.7753986 -0.8350721 -0.8929104 -0.9300341 -0.9300341 -0.8784314 -0.6712193 -0.2224935 -0.1224487 -0.1224487 -0.2117292E-01 -0.2117292E-01 0.4613105E-01 0.4613105E-01 0.7425793E-01 0.1201818 0.1201818 0.1515681 0.1515681 0.1598015 0.1598015 0.1598015 0.1299980 0.1299980 0.7745470E-01 0.7745470E-01 0.1756855E-01 0.1756855E-01 -0.3176181E-01 -0.3176181E-01 -0.5940462E-01 -0.5940462E-01 -0.5940462E-01
0.1500795E-02 0.1500795E-02 0.5594519E-02 0.7670551E-02 0.6657005E-02 0.6657005E-02 0.6143103E-02 0.6017278E-02 0.6017278E-02 0.6116700E-02 0.6116700E-02 0.6151924E-02 0.6152248E-02 0.6147763E-02 0.4837103E-02 0.4837103E-02 -0.1603741 -0.2569231 -0.3495737 -0.4356380 -0.5145805 -0.5868895 -0.6535215 -0.7156205 -0.7743705 -0.8309150 -0.8863016 -0.9407349 -0.9852223 -0.9539868 -0.9539868 -0.7318218 -0.4173057 -0.1252878 -0.8206423E-01 -0.8206423E-01 -0.2232699E-01 -0.2232699E-01 0.2618601E-01 0.2618601E-01 0.4790026E-01 0.8433522E-01 0.8433522E-01 0.1101146 0.1101146 0.1219015 0.1219015 0.1219015 0.1038516 0.1038516 0.6659878E-01 0.6659878E-01 0.2002028E-01 0.2002028E-01 -0.2102598E-01 -0.2102598E-01 -0.4491279E-01 -0.4491279E-01 -0.4491279E-01
