cruce_test.gid/Rasters/Hydraulic/Velocity____261.0.asc
NCOLS        79
NROWS        79
XLLCENTER         -1.500000
YLLCENTER         -4.800000
CELLSIZE           0.100
NODATA_VALUE     -9999.0
[rows 0 to 26 of 79, columns 0 to 59 of 79]
-9999.000 -9999.000 -9999.000 -9999.000 -9999.000 -9999.000 -9999.000 -9999.000 -9999.000 -9999.000 -9999.000 -9999.000 -9999.000 -9999.000 -9999.000 0.9215394E-01 0.8931806E-01 0.8833292E-01 0.8841827E-01 0.8938908E-01 0.9062096E-01 0.9179565E-01 0.9278739E-01 0.9347600E-01 0.9393028E-01 0.9418292E-01 0.9430767E-01 0.9450789E-01 0.9537676E-01 0.9638191E-01 0.9638191E-01 -9999.000 -9999.000 -9999.000 -9999.000 -9999.000 -9999.000 -9999.000 -9999.000 -9999.000 -9999.000 -9999.000 -9999.000 -9999.000 -9999.000 -9999.000 -9999.000 -9999.000 -9999.000 -9999.000 -9999.000 -9999.000 -9999.000 -9999.000 -9999.000 -9999.000 -9999.000 -9999.000 -9999.000 -9999.000
-9999.000 -9999.000 -9999.000 -9999.000 -9999.000 -9999.000 -9999.000 -9999.000 -9999.000 -9999.000 -9999.000 -9999.000 -9999.000 -9999.000 -9999.000 0.9220883E-01 0.8632869E-01 0.8434088E-01 0.8455803E-01 0.8654726E-01 0.8905803E-01 0.9148674E-01 0.9360316E-01 0.9515440E-01 0.9626241E-01 0.9698021E-01 0.9745246E-01 0.9812309E-01 0.1003004 0.1030571 0.1030571 -9999.000 -9999.000 -9999.000 -9999.000 -9999.000 -9999.000 -9999.000 -9999.000 -9999.000 -9999.000 -9999.000 -9999.000 -9999.000 -9999.000 -9999.000 -9999.000 -9999.000 -9999.000 -9999.000 -9999.000 -9999.000 -9999.000 -9999.000 -9999.000 -9999.000 -9999.000 -9999.000 -9999.000 -9999.000
-9999.000 -9999.000 -9999.000 -9999.000 -9999.000 -9999.000 -9999.000 -9999.000 -9999.000 -9999.000 -9999.000 -9999.000 -9999.000 -9999.000 -9999.000 0.9117685E-01 0.8200095E-01 0.7881387E-01 0.7913417E-01 0.8225236E-01 0.8621235E-01 0.9010966E-01 0.9362020E-01 0.9635524E-01 0.9849976E-01 0.1001141 0.1013965 0.1030259 0.1070718 0.1124156 0.1124156 -9999.000 -9999.000 -9999.000 -9999.000 -9999.000 -9999.000 -9999.000 -9999.000 -9999.000 -9999.000 -9999.000 -9999.000 -9999.000 -9999.000 -9999.000 -9999.000 -9999.000 -9999.000 -9999.000 -9999.000 -9999.000 -9999.000 -9999.000 -9999.000 -9999.000 -9999.000 -9999.000 -9999.000 -9999.000
-9999.000 -9999.000 -9999.000 -9999.000 -9999.000 -9999.000 -9999.000 -9999.000 -9999.000 -9999.000 -9999.000 -9999.000 -9999.000 -9999.000 -9999.000 0.8958732E-01 0.7714774E-01 0.7275264E-01 0.7319464E-01 0.7746535E-01 0.8289061E-01 0.8828425E-01 0.9324716E-01 0.9725882E-01 0.1005705 0.1032385 0.1055013 0.1082649 0.1143824 0.1228488 0.1228488 -9999.000 -9999.000 -9999.000 -9999.000 -9999.000 -9999.000 -9999.000 -9999.000 -9999.000 -9999.000 -9999.000 -9999.000 -9999.000 -9999.000 -9999.000 -9999.000 -9999.000 -9999.000 -9999.000 -9999.000 -9999.000 -9999.000 -9999.000 -9999.000 -9999.000 -9999.000 -9999.000 -9999.000 -9999.000
-9999.000 -9999.000 -9999.000 -9999.000 -9999.000 -9999.000 -9999.000 -9999.000 -9999.000 -9999.000 -9999.000 -9999.000 -9999.000 -9999.000 -9999.000 0.8766516E-01 0.7195672E-01 0.6635526E-01 0.6696033E-01 0.7242272E-01 0.7933092E-01 0.8623805E-01 0.9268722E-01 0.9802584E-01 0.1025783 0.1063869 0.1097245 0.1137293 0.1220770 0.1342142 0.1342142 -9999.000 -9999.000 -9999.000 -9999.000 -9999.000 -9999.000 -9999.000 -9999.000 -9999.000 -9999.000 -9999.000 -9999.000 -9999.000 -9999.000 -9999.000 -9999.000 -9999.000 -9999.000 -9999.000 -9999.000 -9999.000 -9999.000 -9999.000 -9999.000 -9999.000 -9999.000 -9999.000 -9999.000 -9999.000
-9999.000 -9999.000 -9999.000 -9999.000 -9999.000 -9999.000 -9999.000 -9999.000 -9999.000 -9999.000 -9999.000 -9999.000 -9999.000 -9999.000 -9999.000 0.8548257E-01 0.6649931E-01 0.5971650E-01 0.6055959E-01 0.6726743E-01 0.7567360E-01 0.8410062E-01 0.9205427E-01 0.9874706E-01 0.1045849 0.1095864 0.1140572 0.1193771 0.1301014 0.1465315 0.1465315 -9999.000 -9999.000 -9999.000 -9999.000 -9999.000 -9999.000 -9999.000 -9999.000 -9999.000 -9999.000 -9999.000 -9999.000 -9999.000 -9999.000 -9999.000 -9999.000 -9999.000 -9999.000 -9999.000 -9999.000 -9999.000 -9999.000 -9999.000 -9999.000 -9999.000 -9999.000 -9999.000 -9999.000 -9999.000
-9999.000 -9999.000 -9999.000 -9999.000 -9999.000 -9999.000 -9999.000 -9999.000 -9999.000 -9999.000 -9999.000 -9999.000 -9999.000 -9999.000 -9999.000 0.8304282E-01 0.6079292E-01 0.5288808E-01 0.5408732E-01 0.6210057E-01 0.7200702E-01 0.8194716E-01 0.9141108E-01 0.9947045E-01 0.1066227 0.1128524 0.1184963 0.1251927 0.1384455 0.1599151 0.1599151 -9999.000 -9999.000 -9999.000 -9999.000 -9999.000 -9999.000 -9999.000 -9999.000 -9999.000 -9999.000 -9999.000 -9999.000 -9999.000 -9999.000 -9999.000 -9999.000 -9999.000 -9999.000 -9999.000 -9999.000 -9999.000 -9999.000 -9999.000 -9999.000 -9999.000 -9999.000 -9999.000 -9999.000 -9999.000
-9999.000 -9999.000 -9999.000 -9999.000 -9999.000 -9999.000 -9999.000 -9999.000 -9999.000 -9999.000 -9999.000 -9999.000 -9999.000 -9999.000 -9999.000 0.8031564E-01 0.5483161E-01 0.4591622E-01 0.4765052E-01 0.5702103E-01 0.6840289E-01 0.7982921E-01 0.9079610E-01 0.1002233 0.1087104 0.1161935 0.1230410 0.1311706 0.1471206 0.1745501 0.1745501 -9999.000 -9999.000 -9999.000 -9999.000 -9999.000 -9999.000 -9999.000 -9999.000 -9999.000 -9999.000 -9999.000 -9999.000 -9999.000 -9999.000 -9999.000 -9999.000 -9999.000 -9999.000 -9999.000 -9999.000 -9999.000 -9999.000 -9999.000 -9999.000 -9999.000 -9999.000 -9999.000 -9999.000 -9999.000
-9999.000 -9999.000 -9999.000 -9999.000 -9999.000 -9999.000 -9999.000 -9999.000 -9999.000 -9999.000 -9999.000 -9999.000 -9999.000 -9999.000 -9999.000 0.7725129E-01 0.4859988E-01 0.3887691E-01 0.4141659E-01 0.5215411E-01 0.6493647E-01 0.7779331E-01 0.9024078E-01 0.1010258 0.1108611 0.1196152 0.1276906 0.1373102 0.1561486 0.1906934 0.1906934 -9999.000 -9999.000 -9999.000 -9999.000 -9999.000 -9999.000 -9999.000 -9999.000 -9999.000 -9999.000 -9999.000 -9999.000 -9999.000 -9999.000 -9999.000 -9999.000 -9999.000 -9999.000 -9999.000 -9999.000 -9999.000 -9999.000 -9999.000 -9999.000 -9999.000 -9999.000 -9999.000 -9999.000 -9999.000
-9999.000 -9999.000 -9999.000 -9999.000 -9999.000 -9999.000 -9999.000 -9999.000 -9999.000 -9999.000 -9999.000 -9999.000 -9999.000 -9999.000 -9999.000 0.7378621E-01 0.4208243E-01 0.3193503E-01 0.3568283E-01 0.4768055E-01 0.6170163E-01 0.7589137E-01 0.8977680E-01 0.1018972 0.1130866 0.1231234 0.1324456 0.1436128 0.1655584 0.2086884 0.2086884 -9999.000 -9999.000 -9999.000 -9999.000 -9999.000 -9999.000 -9999.000 -9999.000 -9999.000 -9999.000 -9999.000 -9999.000 -9999.000 -9999.000 -9999.000 -9999.000 -9999.000 -9999.000 -9999.000 -9999.000 -9999.000 -9999.000 -9999.000 -9999.000 -9999.000 -9999.000 -9999.000 -9999.000 -9999.000
-9999.000 -9999.000 -9999.000 -9999.000 -9999.000 -9999.000 -9999.000 -9999.000 -9999.000 -9999.000 -9999.000 -9999.000 -9999.000 -9999.000 -9999.000 0.6984371E-01 0.3527853E-01 0.2548696E-01 0.3098996E-01 0.4386913E-01 0.5882608E-01 0.7419235E-01 0.8944613E-01 0.1028634 0.1154047 0.1267268 0.1373084 0.1500810 0.1753839 0.2289967 0.2289967 -9999.000 -9999.000 -9999.000 -9999.000 -9999.000 -9999.000 -9999.000 -9999.000 -9999.000 -9999.000 -9999.000 -9999.000 -9999.000 -9999.000 -9999.000 -9999.000 -9999.000 -9999.000 -9999.000 -9999.000 -9999.000 -9999.000 -9999.000 -9999.000 -9999.000 -9999.000 -9999.000 -9999.000 -9999.000
-9999.000 -9999.000 -9999.000 -9999.000 -9999.000 -9999.000 -9999.000 -9999.000 -9999.000 -9999.000 -9999.000 -9999.000 -9999.000 -9999.000 -9999.000 0.6533220E-01 0.2823701E-01 0.2050641E-01 0.2822113E-01 0.4110295E-01 0.5648631E-01 0.7279222E-01 0.8930933E-01 0.1039645 0.1178433 0.1304428 0.1422866 0.1567215 0.1856653 0.2522498 0.2522498 -9999.000 -9999.000 -9999.000 -9999.000 -9999.000 -9999.000 -9999.000 -9999.000 -9999.000 -9999.000 -9999.000 -9999.000 -9999.000 -9999.000 -9999.000 -9999.000 -9999.000 -9999.000 -9999.000 -9999.000 -9999.000 -9999.000 -9999.000 -9999.000 -9999.000 -9999.000 -9999.000 -9999.000 -9999.000
-9999.000 -9999.000 -9999.000 -9999.000 -9999.000 -9999.000 -9999.000 -9999.000 -9999.000 -9999.000 -9999.000 -9999.000 -9999.000 -9999.000 -9999.000 0.6013221E-01 0.2118051E-01 0.1896854E-01 0.2845527E-01 0.3991330E-01 0.5495785E-01 0.7185556E-01 0.8947653E-01 0.1052789 0.1204614 0.1343122 0.1474058 0.1635537 0.1964538 0.2793343 0.2793343 -9999.000 -9999.000 -9999.000 -9999.000 -9999.000 -9999.000 -9999.000 -9999.000 -9999.000 -9999.000 -9999.000 -9999.000 -9999.000 -9999.000 -9999.000 -9999.000 -9999.000 -9999.000 -9999.000 -9999.000 -9999.000 -9999.000 -9999.000 -9999.000 -9999.000 -9999.000 -9999.000 -9999.000 -9999.000
-9999.000 -9999.000 -9999.000 -9999.000 -9999.000 -9999.000 -9999.000 -9999.000 -9999.000 -9999.000 -9999.000 -9999.000 -9999.000 -9999.000 -9999.000 0.5354181E-01 0.1614588E-01 0.2515009E-01 0.3494914E-01 0.4330380E-01 0.5654632E-01 0.7306425E-01 0.9116510E-01 0.1077012 0.1239145 0.1388081 0.1530001 0.1708084 0.2079363 0.3116269 0.3116269 -9999.000 -9999.000 -9999.000 -9999.000 -9999.000 -9999.000 -9999.000 -9999.000 -9999.000 -9999.000 -9999.000 -9999.000 -9999.000 -9999.000 -9999.000 -9999.000 -9999.000 -9999.000 -9999.000 -9999.000 -9999.000 -9999.000 -9999.000 -9999.000 -9999.000 -9999.000 -9999.000 -9999.000 -9999.000
-9999.000 -9999.000 -9999.000 -9999.000 -9999.000 -9999.000 -9999.000 -9999.000 -9999.000 -9999.000 -9999.000 -9999.000 -9999.000 -9999.000 -9999.000 0.8430935E-01 0.1292115 0.1500205 0.1414234 0.1249015 0.1160012 0.1133372 0.1172628 0.1246172 0.1353558 0.1472073 0.1600278 0.1781669 0.2192831 0.3483941 0.3483941 -9999.000 -9999.000 -9999.000 -9999.000 -9999.000 -9999.000 -9999.000 -9999.000 -9999.000 -9999.000 -9999.000 -9999.000 -9999.000 -9999.000 -9999.000 -9999.000 -9999.000 -9999.000 -9999.000 -9999.000 -9999.000 -9999.000 -9999.000 -9999.000 -9999.000 -9999.000 -9999.000 -9999.000 -9999.000
2.827119 2.827119 2.837053 2.844455 2.864567 2.864567 2.867600 2.867646 2.867646 2.863990 2.863990 2.857851 2.854103 2.850002 2.845894 2.845894 2.983999 2.987987 2.989085 2.976856 2.939681 2.880389 2.798805 2.692114 2.565963 2.420582 2.259889 2.093305 1.946511 1.894549 1.894549 2.715647 2.888247 2.989118 3.014545 3.014545 3.048562 3.048562 3.032161 3.032161 2.988509 2.808117 2.808117 2.439273 2.439273 2.106214 2.106214 2.106214 2.088706 2.088706 2.119969 2.119969 2.167891 2.167891 2.218012 2.218012 2.262880 2.262880 2.262880 2.298424
2.850023 2.850023 2.868933 2.898643 2.925775 2.925775 2.940687 2.963494 2.963494 2.982163 2.982163 2.998142 3.005383 3.012225 3.018996 3.018996 3.121725 3.140075 3.155429 3.166893 3.172075 3.170668 3.160701 3.138647 3.103190 3.051627 2.982492 2.896606 2.800430 2.725287 2.725287 3.160969 3.313872 3.463797 3.505067 3.505067 3.552379 3.552379 3.554072 3.554072 3.533140 3.431838 3.431838 3.224845 3.224845 2.939756 2.939756 2.939756 2.919536 2.919536 2.952883 2.952883 3.003810 3.003810 3.056457 3.056457 3.104373 3.104373 3.104373 3.144503
2.854278 2.854278 2.871718 2.900577 2.925455 2.925455 2.941027 2.964733 2.964733 2.984051 2.984051 3.000738 3.008375 3.015638 3.022884 3.022884 3.114767 3.145294 3.172158 3.195234 3.213590 3.227416 3.236476 3.239466 3.235708 3.223519 3.201133 3.167684 3.125655 3.092726 3.092726 3.336170 3.482421 3.653491 3.703992 3.703992 3.755860 3.755860 3.745217 3.745217 3.716285 3.618582 3.618582 3.473489 3.473489 3.233737 3.233737 3.233737 3.197301 3.197301 3.218147 3.218147 3.260489 3.260489 3.307023 3.307023 3.350400 3.350400 3.350400 3.387195
2.855851 2.855851 2.872248 2.901352 2.924569 2.924569 2.940498 2.964694 2.964694 2.984125 2.984125 3.000841 3.008487 3.015760 3.023077 3.023077 3.108294 3.148997 3.186547 3.219722 3.247547 3.269972 3.287158 3.298886 3.305301 3.306130 3.300814 3.289038 3.272294 3.261486 3.261486 3.410430 3.539300 3.714428 3.768375 3.768375 3.813048 3.813048 3.777928 3.777928 3.738621 3.650071 3.650071 3.558493 3.558493 3.375239 3.375239 3.375239 3.325480 3.325480 3.331741 3.331741 3.365098 3.365098 3.406557 3.406557 3.446711 3.446711 3.446711 3.481087
2.854850 2.854850 2.874385 2.901375 2.923694 2.923694 2.940026 2.964701 2.964701 2.984172 2.984172 3.000880 3.008532 3.015814 3.023243 3.023243 3.106330 3.155757 3.202957 3.245504 3.282125 3.312454 3.336556 3.354491 3.366594 3.373162 3.374403 3.370697 3.363552 3.360438 3.360438 3.454681 3.561747 3.725452 3.772974 3.772974 3.787208 3.787208 3.720200 3.720200 3.679011 3.620069 3.620069 3.580878 3.580878 3.461381 3.461381 3.461381 3.406503 3.406503 3.397666 3.397666 3.419455 3.419455 3.454008 3.454008 3.489870 3.489870 3.489870 3.521078
2.854633 2.854633 2.876711 2.901279 2.922954 2.922954 2.939526 2.964572 2.964572 2.984117 2.984117 3.000837 3.008493 3.015779 3.023361 3.023361 3.109778 3.167149 3.223006 3.274008 3.318626 3.356293 3.386945 3.410670 3.427783 3.438693 3.443854 3.443917 3.440350 3.438519 3.438519 3.496798 3.579496 3.712559 3.737962 3.737962 3.695516 3.695516 3.611197 3.611197 3.584489 3.571382 3.571382 3.577337 3.577337 3.518728 3.518728 3.518728 3.469211 3.469211 3.448916 3.448916 3.457769 3.457769 3.483047 3.483047 3.512629 3.512629 3.512629 3.539156
2.854982 2.854982 2.877551 2.901246 2.922563 2.922563 2.939265 2.964538 2.964538 2.984122 2.984122 3.000838 3.008491 3.015774 3.023564 3.023564 3.119583 3.184749 3.248429 3.306874 3.358473 3.402611 3.439162 3.468219 3.490044 3.505014 3.513601 3.516455 3.514822 3.512418 3.512418 3.545748 3.602425 3.676069 3.656791 3.656791 3.550158 3.550158 3.488310 3.488310 3.488862 3.522467 3.522467 3.562049 3.562049 3.554867 3.554867 3.554867 3.519408 3.519408 3.494325 3.494325 3.491424 3.491424 3.505821 3.505821 3.527058 3.527058 3.527058 3.547147
2.855116 2.855116 2.877796 2.901239 2.922437 2.922437 2.939180 2.964532 2.964532 2.984130 2.984130 3.000846 3.008497 3.015778 3.023864 3.023864 3.136835 3.210145 3.281027 3.345891 3.403317 3.452803 3.494288 3.527900 3.553884 3.572572 3.584378 3.589850 3.589915 3.586739 3.586739 3.601693 3.628824 3.595591 3.512259 3.512259 3.379749 3.379749 3.379180 3.379180 3.407841 3.477342 3.477342 3.539941 3.539941 3.573306 3.573306 3.573306 3.556673 3.556673 3.534043 3.534043 3.522892 3.522892 3.526225 3.526225 3.537499 3.537499 3.537499 3.549444
2.855020 2.855020 2.877500 2.901248 2.922565 2.922565 2.939266 2.964538 2.964538 2.984121 2.984121 3.000838 3.008492 3.015774 3.024271 3.024271 3.163071 3.245183 3.322773 3.393011 3.454974 3.508475 3.553641 3.590709 3.619971 3.641737 3.656362 3.664266 3.665974 3.661702 3.661702 3.659587 3.644683 3.440202 3.305709 3.305709 3.225357 3.225357 3.296554 3.296554 3.344713 3.436629 3.436629 3.514366 3.514366 3.578213 3.578213 3.578213 3.581109 3.581109 3.566510 3.566510 3.551912 3.551912 3.545448 3.545448 3.545878 3.545878 3.545878 3.548235
2.854711 2.854711 2.876617 2.901282 2.922959 2.922959 2.939529 2.964572 2.964572 2.984116 2.984116 3.000837 3.008494 3.015781 3.024848 3.024848 3.200609 3.292263 3.376012 3.450437 3.515453 3.571395 3.618715 3.657850 3.689186 3.713065 3.729801 3.739687 3.742604 3.734869 3.734869 3.706000 3.613579 3.204306 3.080966 3.080966 3.113096 3.113096 3.233569 3.233569 3.292181 3.397050 3.397050 3.485127 3.485127 3.571463 3.571463 3.571463 3.591951 3.591951 3.588355 3.588355 3.574500 3.574500 3.560733 3.560733 3.550518 3.550518 3.550518 3.542505
2.854968 2.854968 2.874264 2.901387 2.923702 2.923702 2.940034 2.964706 2.964706 2.984175 2.984175 3.000882 3.008533 3.015814 3.025659 3.025659 3.253029 3.354688 3.443692 3.520747 3.586987 3.643486 3.691135 3.730643 3.762551 3.787265 3.805093 3.816156 3.818712 3.797708 3.797708 3.703654 3.470114 2.941814 2.903144 2.903144 3.036373 3.036373 3.179393 3.179393 3.243021 3.355658 3.355658 3.451101 3.451101 3.553645 3.553645 3.553645 3.588468 3.588468 3.596304 3.596304 3.586194 3.586194 3.567946 3.567946 3.548191 3.548191 3.548191 3.529813
2.856019 2.856019 2.872298 2.901330 2.924540 2.924540 2.940481 2.964703 2.964703 2.984130 2.984130 3.000836 3.008481 3.015753 3.026664 3.026664 3.325973 3.437222 3.529706 3.607104 3.672157 3.726854 3.772631 3.810505 3.841196 3.865191 3.882816 3.893719 3.890276 3.817869 3.817869 3.566510 3.168413 2.743521 2.790306 2.790306 2.970063 2.970063 3.121804 3.121804 3.188128 3.306199 3.306199 3.407148 3.407148 3.521189 3.521189 3.521189 3.566867 3.566867 3.584751 3.584751 3.579642 3.579642 3.559310 3.559310 3.531784 3.531784 3.531784 3.503974
