cruce_test.gid/Rasters/Hydraulic/Velocity__y_320.0.asc
NCOLS        79
NROWS        79
XLLCENTER         -1.500000
YLLCENTER         -4.800000
CELLSIZE           0.100
NODATA_VALUE     -9999.0
[rows 0 to 26 of 79, columns 0 to 58 of 79]
-9999.000 -9999.000 -9999.000 -9999.000 -9999.000 -9999.000 -9999.000 -9999.000 -9999.000 -9999.000 -9999.000 -9999.000 -9999.000 -9999.000 -9999.000 -0.9754371E-01 -0.9556245E-01 -0.9518010E-01 -0.9541621E-01 -0.9587307E-01 -0.9640863E-01 -0.9698144E-01 -0.9750693E-01 -0.9799662E-01 -0.9844194E-01 -0.9884007E-01 -0.9924124E-01 -0.9985308E-01 -0.1012895 -0.1026183 -0.1026183 -9999.000 -9999.000 -9999.000 -9999.000 -9999.000 -9999.000 -9999.000 -9999.000 -9999.000 -9999.000 -9999.000 -9999.000 -9999.000 -9999.000 -9999.000 -9999.000 -9999.000 -9999.000 -9999.000 -9999.000 -9999.000 -9999.000 -9999.000 -9999.000 -9999.000 -9999.000 -9999.000 -9999.000
-9999.000 -9999.000 -9999.000 -9999.000 -9999.000 -9999.000 -9999.000 -9999.000 -9999.000 -9999.000 -9999.000 -9999.000 -9999.000 -9999.000 -9999.000 -0.9616803E-01 -0.9210330E-01 -0.9130538E-01 -0.9185001E-01 -0.9289801E-01 -0.9414319E-01 -0.9549014E-01 -0.9675226E-01 -0.9794803E-01 -0.9905343E-01 -0.1000587 -0.1010660 -0.1025079 -0.1056644 -0.1089007 -0.1089007 -9999.000 -9999.000 -9999.000 -9999.000 -9999.000 -9999.000 -9999.000 -9999.000 -9999.000 -9999.000 -9999.000 -9999.000 -9999.000 -9999.000 -9999.000 -9999.000 -9999.000 -9999.000 -9999.000 -9999.000 -9999.000 -9999.000 -9999.000 -9999.000 -9999.000 -9999.000 -9999.000 -9999.000
-9999.000 -9999.000 -9999.000 -9999.000 -9999.000 -9999.000 -9999.000 -9999.000 -9999.000 -9999.000 -9999.000 -9999.000 -9999.000 -9999.000 -9999.000 -0.9340139E-01 -0.8718277E-01 -0.8594997E-01 -0.8693680E-01 -0.8879855E-01 -0.9103446E-01 -0.9347801E-01 -0.9581513E-01 -0.9806343E-01 -0.1001720 -0.1021148 -0.1040464 -0.1066510 -0.1119651 -0.1178914 -0.1178914 -9999.000 -9999.000 -9999.000 -9999.000 -9999.000 -9999.000 -9999.000 -9999.000 -9999.000 -9999.000 -9999.000 -9999.000 -9999.000 -9999.000 -9999.000 -9999.000 -9999.000 -9999.000 -9999.000 -9999.000 -9999.000 -9999.000 -9999.000 -9999.000 -9999.000 -9999.000 -9999.000 -9999.000
-9999.000 -9999.000 -9999.000 -9999.000 -9999.000 -9999.000 -9999.000 -9999.000 -9999.000 -9999.000 -9999.000 -9999.000 -9999.000 -9999.000 -9999.000 -0.8995774E-01 -0.8169082E-01 -0.8005411E-01 -0.8154701E-01 -0.8430594E-01 -0.8763102E-01 -0.9128288E-01 -0.9481139E-01 -0.9823335E-01 -0.1014649 -0.1044583 -0.1074185 -0.1112905 -0.1189076 -0.1280547 -0.1280547 -9999.000 -9999.000 -9999.000 -9999.000 -9999.000 -9999.000 -9999.000 -9999.000 -9999.000 -9999.000 -9999.000 -9999.000 -9999.000 -9999.000 -9999.000 -9999.000 -9999.000 -9999.000 -9999.000 -9999.000 -9999.000 -9999.000 -9999.000 -9999.000 -9999.000 -9999.000 -9999.000 -9999.000
-9999.000 -9999.000 -9999.000 -9999.000 -9999.000 -9999.000 -9999.000 -9999.000 -9999.000 -9999.000 -9999.000 -9999.000 -9999.000 -9999.000 -9999.000 -0.8606684E-01 -0.7581792E-01 -0.7379243E-01 -0.7583283E-01 -0.7954253E-01 -0.8401930E-01 -0.8895042E-01 -0.9374109E-01 -0.9841102E-01 -0.1028385 -0.1069514 -0.1110081 -0.1162284 -0.1262956 -0.1392409 -0.1392409 -9999.000 -9999.000 -9999.000 -9999.000 -9999.000 -9999.000 -9999.000 -9999.000 -9999.000 -9999.000 -9999.000 -9999.000 -9999.000 -9999.000 -9999.000 -9999.000 -9999.000 -9999.000 -9999.000 -9999.000 -9999.000 -9999.000 -9999.000 -9999.000 -9999.000 -9999.000 -9999.000 -9999.000
-9999.000 -9999.000 -9999.000 -9999.000 -9999.000 -9999.000 -9999.000 -9999.000 -9999.000 -9999.000 -9999.000 -9999.000 -9999.000 -9999.000 -9999.000 -0.8181345E-01 -0.6964055E-01 -0.6723817E-01 -0.6985838E-01 -0.7455886E-01 -0.8023333E-01 -0.8649553E-01 -0.9259775E-01 -0.9856822E-01 -0.1042435 -0.1095250 -0.1147292 -0.1213713 -0.1340491 -0.1514668 -0.1514668 -9999.000 -9999.000 -9999.000 -9999.000 -9999.000 -9999.000 -9999.000 -9999.000 -9999.000 -9999.000 -9999.000 -9999.000 -9999.000 -9999.000 -9999.000 -9999.000 -9999.000 -9999.000 -9999.000 -9999.000 -9999.000 -9999.000 -9999.000 -9999.000 -9999.000 -9999.000 -9999.000 -9999.000
-9999.000 -9999.000 -9999.000 -9999.000 -9999.000 -9999.000 -9999.000 -9999.000 -9999.000 -9999.000 -9999.000 -9999.000 -9999.000 -9999.000 -9999.000 -0.7721234E-01 -0.6317990E-01 -0.6041418E-01 -0.6364478E-01 -0.6937099E-01 -0.7628153E-01 -0.8391853E-01 -0.9137101E-01 -0.9868451E-01 -0.1056493 -0.1121386 -0.1185344 -0.1266714 -0.1421427 -0.1648530 -0.1648530 -9999.000 -9999.000 -9999.000 -9999.000 -9999.000 -9999.000 -9999.000 -9999.000 -9999.000 -9999.000 -9999.000 -9999.000 -9999.000 -9999.000 -9999.000 -9999.000 -9999.000 -9999.000 -9999.000 -9999.000 -9999.000 -9999.000 -9999.000 -9999.000 -9999.000 -9999.000 -9999.000 -9999.000
-9999.000 -9999.000 -9999.000 -9999.000 -9999.000 -9999.000 -9999.000 -9999.000 -9999.000 -9999.000 -9999.000 -9999.000 -9999.000 -9999.000 -9999.000 -0.7224371E-01 -0.5642933E-01 -0.5331812E-01 -0.5719125E-01 -0.6397653E-01 -0.7215867E-01 -0.8121047E-01 -0.9004643E-01 -0.9874051E-01 -0.1070306 -0.1147621 -0.1223899 -0.1320994 -0.1505760 -0.1795997 -0.1795997 -9999.000 -9999.000 -9999.000 -9999.000 -9999.000 -9999.000 -9999.000 -9999.000 -9999.000 -9999.000 -9999.000 -9999.000 -9999.000 -9999.000 -9999.000 -9999.000 -9999.000 -9999.000 -9999.000 -9999.000 -9999.000 -9999.000 -9999.000 -9999.000 -9999.000 -9999.000 -9999.000 -9999.000
-9999.000 -9999.000 -9999.000 -9999.000 -9999.000 -9999.000 -9999.000 -9999.000 -9999.000 -9999.000 -9999.000 -9999.000 -9999.000 -9999.000 -9999.000 -0.6686784E-01 -0.4936616E-01 -0.4593334E-01 -0.5048412E-01 -0.5836221E-01 -0.6785011E-01 -0.7835556E-01 -0.8860396E-01 -0.9871319E-01 -0.1083611 -0.1173651 -0.1262635 -0.1376301 -0.1593597 -0.1959881 -0.1959881 -9999.000 -9999.000 -9999.000 -9999.000 -9999.000 -9999.000 -9999.000 -9999.000 -9999.000 -9999.000 -9999.000 -9999.000 -9999.000 -9999.000 -9999.000 -9999.000 -9999.000 -9999.000 -9999.000 -9999.000 -9999.000 -9999.000 -9999.000 -9999.000 -9999.000 -9999.000 -9999.000 -9999.000
-9999.000 -9999.000 -9999.000 -9999.000 -9999.000 -9999.000 -9999.000 -9999.000 -9999.000 -9999.000 -9999.000 -9999.000 -9999.000 -9999.000 -9999.000 -0.6103152E-01 -0.4195691E-01 -0.3823258E-01 -0.4350056E-01 -0.5250576E-01 -0.6333350E-01 -0.7533082E-01 -0.8701725E-01 -0.9857418E-01 -0.1096095 -0.1199117 -0.1301174 -0.1432339 -0.1685074 -0.2144001 -0.2144001 -9999.000 -9999.000 -9999.000 -9999.000 -9999.000 -9999.000 -9999.000 -9999.000 -9999.000 -9999.000 -9999.000 -9999.000 -9999.000 -9999.000 -9999.000 -9999.000 -9999.000 -9999.000 -9999.000 -9999.000 -9999.000 -9999.000 -9999.000 -9999.000 -9999.000 -9999.000 -9999.000 -9999.000
-9999.000 -9999.000 -9999.000 -9999.000 -9999.000 -9999.000 -9999.000 -9999.000 -9999.000 -9999.000 -9999.000 -9999.000 -9999.000 -9999.000 -9999.000 -0.5466895E-01 -0.3415695E-01 -0.3017862E-01 -0.3620822E-01 -0.4637658E-01 -0.5857799E-01 -0.7210486E-01 -0.8525091E-01 -0.9828529E-01 -0.1107330 -0.1223547 -0.1339010 -0.1488691 -0.1780292 -0.2353552 -0.2353552 -9999.000 -9999.000 -9999.000 -9999.000 -9999.000 -9999.000 -9999.000 -9999.000 -9999.000 -9999.000 -9999.000 -9999.000 -9999.000 -9999.000 -9999.000 -9999.000 -9999.000 -9999.000 -9999.000 -9999.000 -9999.000 -9999.000 -9999.000 -9999.000 -9999.000 -9999.000 -9999.000 -9999.000
-9999.000 -9999.000 -9999.000 -9999.000 -9999.000 -9999.000 -9999.000 -9999.000 -9999.000 -9999.000 -9999.000 -9999.000 -9999.000 -9999.000 -9999.000 -0.4769978E-01 -0.2590900E-01 -0.2172199E-01 -0.2856316E-01 -0.3993237E-01 -0.5354080E-01 -0.6863416E-01 -0.8325621E-01 -0.9779425E-01 -0.1116735 -0.1246278 -0.1375427 -0.1544735 -0.1879241 -0.2595726 -0.2595726 -9999.000 -9999.000 -9999.000 -9999.000 -9999.000 -9999.000 -9999.000 -9999.000 -9999.000 -9999.000 -9999.000 -9999.000 -9999.000 -9999.000 -9999.000 -9999.000 -9999.000 -9999.000 -9999.000 -9999.000 -9999.000 -9999.000 -9999.000 -9999.000 -9999.000 -9999.000 -9999.000 -9999.000
-9999.000 -9999.000 -9999.000 -9999.000 -9999.000 -9999.000 -9999.000 -9999.000 -9999.000 -9999.000 -9999.000 -9999.000 -9999.000 -9999.000 -9999.000 -0.4002353E-01 -0.1713808E-01 -0.1279613E-01 -0.2050536E-01 -0.3311475E-01 -0.4816272E-01 -0.6485830E-01 -0.8096522E-01 -0.9702747E-01 -0.1123477 -0.1266356 -0.1409372 -0.1599500 -0.1981685 -0.2880750 -0.2880750 -9999.000 -9999.000 -9999.000 -9999.000 -9999.000 -9999.000 -9999.000 -9999.000 -9999.000 -9999.000 -9999.000 -9999.000 -9999.000 -9999.000 -9999.000 -9999.000 -9999.000 -9999.000 -9999.000 -9999.000 -9999.000 -9999.000 -9999.000 -9999.000 -9999.000 -9999.000 -9999.000 -9999.000
-9999.000 -9999.000 -9999.000 -9999.000 -9999.000 -9999.000 -9999.000 -9999.000 -9999.000 -9999.000 -9999.000 -9999.000 -9999.000 -9999.000 -9999.000 -0.3140902E-01 -0.7683927E-02 -0.3281953E-02 -0.1194935E-01 -0.2585257E-01 -0.4237872E-01 -0.6071143E-01 -0.7830039E-01 -0.9589592E-01 -0.1126492 -0.1282495 -0.1439360 -0.1651527 -0.2087037 -0.3223917 -0.3223917 -9999.000 -9999.000 -9999.000 -9999.000 -9999.000 -9999.000 -9999.000 -9999.000 -9999.000 -9999.000 -9999.000 -9999.000 -9999.000 -9999.000 -9999.000 -9999.000 -9999.000 -9999.000 -9999.000 -9999.000 -9999.000 -9999.000 -9999.000 -9999.000 -9999.000 -9999.000 -9999.000 -9999.000
-9999.000 -9999.000 -9999.000 -9999.000 -9999.000 -9999.000 -9999.000 -9999.000 -9999.000 -9999.000 -9999.000 -9999.000 -9999.000 -9999.000 -9999.000 -0.1456883E-02 0.8298692E-02 0.5364136E-02 -0.6993682E-02 -0.2215389E-01 -0.3989973E-01 -0.5946803E-01 -0.7803003E-01 -0.9665525E-01 -0.1143327 -0.1307651 -0.1474275 -0.1705897 -0.2195872 -0.3624904 -0.3624904 -9999.000 -9999.000 -9999.000 -9999.000 -9999.000 -9999.000 -9999.000 -9999.000 -9999.000 -9999.000 -9999.000 -9999.000 -9999.000 -9999.000 -9999.000 -9999.000 -9999.000 -9999.000 -9999.000 -9999.000 -9999.000 -9999.000 -9999.000 -9999.000 -9999.000 -9999.000 -9999.000 -9999.000
-0.3837189E-02 -0.3837189E-02 -0.4699302E-02 -0.7089740E-02 -0.6495247E-02 -0.6495247E-02 -0.6292058E-02 -0.6233511E-02 -0.6233511E-02 -0.6229360E-02 -0.6229360E-02 -0.6203811E-02 -0.6186460E-02 -0.6167964E-02 -0.6151625E-02 -0.6151625E-02 0.1717503E-01 0.1110002E-01 -0.3265492E-02 -0.2326619E-01 -0.4781340E-01 -0.7566630E-01 -0.1049049 -0.1344760 -0.1631932 -0.1900897 -0.2150094 -0.2401091 -0.2740190 -0.3597393 -0.3597393 -0.1962027 -0.1035352 -0.3417072E-01 -0.2506671E-01 -0.2506671E-01 -0.1773377E-01 -0.1773377E-01 -0.4369621E-02 -0.4369621E-02 0.6796779E-02 0.2671785E-01 0.2671785E-01 -0.5368298E-02 -0.5368298E-02 -0.2917796E-02 -0.2917796E-02 -0.2917796E-02 0.1400733E-02 0.1400733E-02 0.1898628E-02 0.1898628E-02 0.7547069E-03 0.7547069E-03 -0.6468280E-03 -0.6468280E-03 -0.1923206E-02 -0.1923206E-02 -0.1923206E-02
-0.5443693E-02 -0.5443693E-02 -0.7099043E-02 -0.1023739E-01 -0.9159664E-02 -0.9159664E-02 -0.8777596E-02 -0.8726742E-02 -0.8726742E-02 -0.8784656E-02 -0.8784656E-02 -0.8783826E-02 -0.8769491E-02 -0.8751183E-02 -0.8742727E-02 -0.8742727E-02 0.1337486E-01 0.7331617E-02 -0.8979346E-02 -0.3478761E-01 -0.6819800E-01 -0.1073778 -0.1507799 -0.1963014 -0.2422111 -0.2868342 -0.3284897 -0.3654446 -0.3958111 -0.4198932 -0.4198932 -0.2817934 -0.1850505 -0.9376478E-01 -0.7557264E-01 -0.7557264E-01 -0.4999724E-01 -0.4999724E-01 -0.4874214E-02 -0.4874214E-02 0.2827741E-01 0.8680145E-01 0.8680145E-01 0.4753555E-01 0.4753555E-01 0.1044172E-01 0.1044172E-01 0.1044172E-01 0.6619431E-02 0.6619431E-02 0.3012083E-02 0.3012083E-02 -0.9819745E-03 -0.9819745E-03 -0.4547070E-02 -0.4547070E-02 -0.7272174E-02 -0.7272174E-02 -0.7272174E-02
-0.3507931E-02 -0.3507931E-02 -0.6422468E-02 -0.8706945E-02 -0.7807448E-02 -0.7807448E-02 -0.7368503E-02 -0.7312856E-02 -0.7312856E-02 -0.7435829E-02 -0.7435829E-02 -0.7477030E-02 -0.7474677E-02 -0.7465641E-02 -0.7481311E-02 -0.7481311E-02 0.7047450E-02 0.5392213E-03 -0.1627913E-01 -0.4288464E-01 -0.7788020E-01 -0.1197632 -0.1672520 -0.2187246 -0.2726519 -0.3274755 -0.3814740 -0.4325705 -0.4779567 -0.5099397 -0.5099397 -0.4187478 -0.3340176 -0.2182020 -0.1801834 -0.1801834 -0.1084527 -0.1084527 -0.2649096E-02 -0.2649096E-02 0.6251656E-01 0.1695575 0.1695575 0.1584636 0.1584636 0.5082296E-01 0.5082296E-01 0.5082296E-01 0.1982598E-01 0.1982598E-01 0.3390792E-02 0.3390792E-02 -0.6964802E-02 -0.6964802E-02 -0.1396297E-01 -0.1396297E-01 -0.1819828E-01 -0.1819828E-01 -0.1819828E-01
-0.1619703E-02 -0.1619703E-02 -0.5743542E-02 -0.7123214E-02 -0.6347605E-02 -0.6347605E-02 -0.5901513E-02 -0.5815635E-02 -0.5815635E-02 -0.5943136E-02 -0.5943136E-02 -0.5985735E-02 -0.5982279E-02 -0.5972330E-02 -0.6005812E-02 -0.6005812E-02 0.3742492E-03 -0.8224761E-02 -0.2655461E-01 -0.5421352E-01 -0.9015091E-01 -0.1331285 -0.1820387 -0.2356262 -0.2926648 -0.3519180 -0.4119981 -0.4711066 -0.5265110 -0.5704035 -0.5704035 -0.5245069 -0.4626743 -0.3473927 -0.2939253 -0.2939253 -0.1653145 -0.1653145 0.1179526E-01 0.1179526E-01 0.1029275 0.2346726 0.2346726 0.2460590 0.2460590 0.1020576 0.1020576 0.1020576 0.3955757E-01 0.3955757E-01 0.5017823E-02 0.5017823E-02 -0.1463066E-01 -0.1463066E-01 -0.2608280E-01 -0.2608280E-01 -0.3178903E-01 -0.3178903E-01 -0.3178903E-01
0.1800221E-03 0.1800221E-03 -0.5142608E-02 -0.5524616E-02 -0.4845901E-02 -0.4845901E-02 -0.4429535E-02 -0.4320820E-02 -0.4320820E-02 -0.4438436E-02 -0.4438436E-02 -0.4485025E-02 -0.4484734E-02 -0.4477615E-02 -0.4536948E-02 -0.4536948E-02 -0.6679978E-02 -0.1892471E-01 -0.4012433E-01 -0.6988747E-01 -0.1073767 -0.1515839 -0.2015582 -0.2562883 -0.3147677 -0.3759938 -0.4388725 -0.5019826 -0.5630440 -0.6154594 -0.6154594 -0.6046361 -0.5669515 -0.4611528 -0.3914728 -0.3914728 -0.1944984 -0.1944984 0.4169542E-01 0.4169542E-01 0.1420385 0.2710313 0.2710313 0.2939882 0.2939882 0.1508756 0.1508756 0.1508756 0.6395175E-01 0.6395175E-01 0.1024507E-01 0.1024507E-01 -0.2070282E-01 -0.2070282E-01 -0.3774889E-01 -0.3774889E-01 -0.4526125E-01 -0.4526125E-01 -0.4526125E-01
0.8176918E-03 0.8176918E-03 -0.3855441E-02 -0.3792683E-02 -0.3277296E-02 -0.3277296E-02 -0.2951034E-02 -0.2848259E-02 -0.2848259E-02 -0.2940101E-02 -0.2940101E-02 -0.2983724E-02 -0.2986729E-02 -0.2983411E-02 -0.3077450E-02 -0.3077450E-02 -0.1450993E-01 -0.3187534E-01 -0.5742047E-01 -0.9056801E-01 -0.1305516 -0.1765428 -0.2277677 -0.2834449 -0.3427871 -0.4049966 -0.4692048 -0.5342933 -0.5984348 -0.6563870 -0.6563870 -0.6701193 -0.6526594 -0.5480788 -0.4516824 -0.4516824 -0.1802755 -0.1802755 0.7643603E-01 0.7643603E-01 0.1678202 0.2779000 0.2779000 0.3062647 0.3062647 0.1882389 0.1882389 0.1882389 0.8976115E-01 0.8976115E-01 0.1961398E-01 0.1961398E-01 -0.2344993E-01 -0.2344993E-01 -0.4715976E-01 -0.4715976E-01 -0.5702415E-01 -0.5702415E-01 -0.5702415E-01
0.3771974E-03 0.3771974E-03 -0.1874947E-02 -0.1912056E-02 -0.1648273E-02 -0.1648273E-02 -0.1475569E-02 -0.1417316E-02 -0.1417316E-02 -0.1466823E-02 -0.1466823E-02 -0.1491598E-02 -0.1493639E-02 -0.1491923E-02 -0.1630461E-02 -0.1630461E-02 -0.2376773E-01 -0.4776730E-01 -0.7922553E-01 -0.1171785 -0.1607876 -0.2093304 -0.2622060 -0.3188697 -0.3787863 -0.4413990 -0.5060758 -0.5719712 -0.6376444 -0.6989320 -0.6989320 -0.7286850 -0.7244194 -0.5929335 -0.4532595 -0.4532595 -0.1306119 -0.1306119 0.9963010E-01 0.9963010E-01 0.1727150 0.2616154 0.2616154 0.2932138 0.2932138 0.2092946 0.2092946 0.2092946 0.1126713 0.1126713 0.3202221E-01 0.3202221E-01 -0.2223859E-01 -0.2223859E-01 -0.5316477E-01 -0.5316477E-01 -0.6590948E-01 -0.6590948E-01 -0.6590948E-01
-0.2728278E-04 -0.2728278E-04 0.3767726E-05 0.1373521E-05 0.2850780E-05 0.2850780E-05 0.3829817E-05 0.3680088E-05 0.3680088E-05 0.2048655E-05 0.2048655E-05 0.5006567E-06 0.4550141E-07 -0.7484328E-07 -0.1989251E-03 -0.1989251E-03 -0.3542680E-01 -0.6777156E-01 -0.1068394 -0.1511154 -0.1995798 -0.2515533 -0.3065949 -0.3643981 -0.4247051 -0.4872443 -0.5516644 -0.6174151 -0.6833910 -0.7460256 -0.7460256 -0.7840252 -0.7807653 -0.5721881 -0.3871075 -0.3871075 -0.7416661E-01 -0.7416661E-01 0.1027920 0.1027920 0.1583166 0.2310476 0.2310476 0.2648160 0.2648160 0.2132965 0.2132965 0.2132965 0.1285085 0.1285085 0.4508197E-01 0.4508197E-01 -0.1742105E-01 -0.1742105E-01 -0.5511190E-01 -0.5511190E-01 -0.7096716E-01 -0.7096716E-01 -0.7096716E-01
-0.4293814E-03 -0.4293814E-03 0.1878719E-02 0.1915489E-02 0.1654238E-02 0.1654238E-02 0.1483297E-02 0.1424580E-02 0.1424580E-02 0.1471004E-02 0.1471004E-02 0.1492547E-02 0.1493646E-02 0.1491632E-02 0.1210656E-02 0.1210656E-02 -0.5095906E-01 -0.9374470E-01 -0.1423061 -0.1944824 -0.2490325 -0.3053062 -0.3630291 -0.4221420 -0.4826822 -0.5446916 -0.6081399 -0.6727993 -0.7378013 -0.7991809 -0.7991809 -0.8349182 -0.8072892 -0.4725317 -0.2789153 -0.2789153 -0.3642298E-01 -0.3642298E-01 0.8924448E-01 0.8924448E-01 0.1322192 0.1939097 0.1939097 0.2283381 0.2283381 0.2024171 0.2024171 0.2024171 0.1344824 0.1344824 0.5583835E-01 0.5583835E-01 -0.1019863E-01 -0.1019863E-01 -0.5286353E-01 -0.5286353E-01 -0.7148186E-01 -0.7148186E-01 -0.7148186E-01
-0.8625145E-03 -0.8625145E-03 0.3847294E-02 0.3798619E-02 0.3284225E-02 0.3284225E-02 0.2958573E-02 0.2855188E-02 0.2855188E-02 0.2944109E-02 0.2944109E-02 0.2984617E-02 0.2986577E-02 0.2982855E-02 0.2589376E-02 0.2589376E-02 -0.7269843E-01 -0.1286213 -0.1887946 -0.2504421 -0.3121770 -0.3734494 -0.4342073 -0.4946761 -0.5552086 -0.6161788 -0.6778960 -0.7404515 -0.8028465 -0.8578375 -0.8578375 -0.8688401 -0.7654880 -0.3265173 -0.1787182 -0.1787182 -0.2221354E-01 -0.2221354E-01 0.6763458E-01 0.6763458E-01 0.1022243 0.1552612 0.1552612 0.1883425 0.1883425 0.1801529 0.1801529 0.1801529 0.1297965 0.1297965 0.6168954E-01 0.6168954E-01 -0.2286889E-02 -0.2286889E-02 -0.4678997E-01 -0.4678997E-01 -0.6705556E-01 -0.6705556E-01 -0.6705556E-01
-0.2085325E-03 -0.2085325E-03 0.5118415E-02 0.5532184E-02 0.4851515E-02 0.4851515E-02 0.4434431E-02 0.4326259E-02 0.4326259E-02 0.4443103E-02 0.4443103E-02 0.4486823E-02 0.4485243E-02 0.4476965E-02 0.3927327E-02 0.3927327E-02 -0.1045674 -0.1771502 -0.2512625 -0.3237890 -0.3934596 -0.4600230 -0.5237824 -0.5853245 -0.6453556 -0.7045952 -0.7636957 -0.8229659 -0.8798450 -0.9138038 -0.9138038 -0.8429547 -0.6071994 -0.2002420 -0.1161341 -0.1161341 -0.2142110E-01 -0.2142110E-01 0.4515687E-01 0.4515687E-01 0.7329203E-01 0.1177492 0.1177492 0.1474703 0.1474703 0.1500846 0.1500846 0.1500846 0.1154242 0.1154242 0.6112326E-01 0.6112326E-01 0.4573839E-02 0.4573839E-02 -0.3768173E-01 -0.3768173E-01 -0.5771086E-01 -0.5771086E-01 -0.5771086E-01
0.1607484E-02 0.1607484E-02 0.5706556E-02 0.7131240E-02 0.6351535E-02 0.6351535E-02 0.5903984E-02 0.5820539E-02 0.5820539E-02 0.5949507E-02 0.5949507E-02 0.5988992E-02 0.5983738E-02 0.5972053E-02 0.5208293E-02 0.5208293E-02 -0.1536053 -0.2473434 -0.3376946 -0.4219695 -0.4995806 -0.5709452 -0.6369454 -0.6986535 -0.7571861 -0.8136212 -0.8689438 -0.9232146 -0.9661295 -0.9286505 -0.9286505 -0.6772143 -0.3621640 -0.1254916 -0.8513588E-01 -0.8513588E-01 -0.2351349E-01 -0.2351349E-01 0.2561019E-01 0.2561019E-01 0.4778005E-01 0.8266423E-01 0.8266423E-01 0.1073711 0.1073711 0.1153761 0.1153761 0.1153761 0.9349563E-01 0.9349563E-01 0.5403617E-01 0.5403617E-01 0.9128165E-02 0.9128165E-02 -0.2655995E-01 -0.2655995E-01 -0.4396661E-01 -0.4396661E-01 -0.4396661E-01
