cruce_test.gid/Rasters/Hydraulic/Velocity____284.0.asc
NCOLS        79
NROWS        79
XLLCENTER         -1.500000
YLLCENTER         -4.800000
CELLSIZE           0.100
NODATA_VALUE     -9999.0
[rows 0 to 26 of 79, columns 0 to 59 of 79]
-9999.000 -9999.000 -9999.000 -9999.000 -9999.000 -9999.000 -9999.000 -9999.000 -9999.000 -9999.000 -9999.000 -9999.000 -9999.000 -9999.000 -9999.000 0.9409180E-01 0.9157416E-01 0.9086525E-01 0.9121273E-01 0.9214912E-01 0.9323145E-01 0.9425761E-01 0.9511574E-01 0.9572894E-01 0.9614392E-01 0.9638577E-01 0.9652434E-01 0.9676456E-01 0.9769905E-01 0.9871310E-01 0.9871310E-01 -9999.000 -9999.000 -9999.000 -9999.000 -9999.000 -9999.000 -9999.000 -9999.000 -9999.000 -9999.000 -9999.000 -9999.000 -9999.000 -9999.000 -9999.000 -9999.000 -9999.000 -9999.000 -9999.000 -9999.000 -9999.000 -9999.000 -9999.000 -9999.000 -9999.000 -9999.000 -9999.000 -9999.000 -9999.000
-9999.000 -9999.000 -9999.000 -9999.000 -9999.000 -9999.000 -9999.000 -9999.000 -9999.000 -9999.000 -9999.000 -9999.000 -9999.000 -9999.000 -9999.000 0.9355368E-01 0.8837595E-01 0.8695637E-01 0.8771574E-01 0.8966275E-01 0.9191360E-01 0.9408256E-01 0.9595099E-01 0.9735178E-01 0.9836607E-01 0.9903463E-01 0.9950108E-01 0.1002176 0.1024959 0.1052519 0.1052519 -9999.000 -9999.000 -9999.000 -9999.000 -9999.000 -9999.000 -9999.000 -9999.000 -9999.000 -9999.000 -9999.000 -9999.000 -9999.000 -9999.000 -9999.000 -9999.000 -9999.000 -9999.000 -9999.000 -9999.000 -9999.000 -9999.000 -9999.000 -9999.000 -9999.000 -9999.000 -9999.000 -9999.000 -9999.000
-9999.000 -9999.000 -9999.000 -9999.000 -9999.000 -9999.000 -9999.000 -9999.000 -9999.000 -9999.000 -9999.000 -9999.000 -9999.000 -9999.000 -9999.000 0.9179584E-01 0.8377030E-01 0.8149806E-01 0.8269748E-01 0.8578386E-01 0.8937970E-01 0.9291165E-01 0.9606016E-01 0.9856668E-01 0.1005530 0.1020631 0.1033012 0.1049672 0.1091435 0.1144788 0.1144788 -9999.000 -9999.000 -9999.000 -9999.000 -9999.000 -9999.000 -9999.000 -9999.000 -9999.000 -9999.000 -9999.000 -9999.000 -9999.000 -9999.000 -9999.000 -9999.000 -9999.000 -9999.000 -9999.000 -9999.000 -9999.000 -9999.000 -9999.000 -9999.000 -9999.000 -9999.000 -9999.000 -9999.000 -9999.000
-9999.000 -9999.000 -9999.000 -9999.000 -9999.000 -9999.000 -9999.000 -9999.000 -9999.000 -9999.000 -9999.000 -9999.000 -9999.000 -9999.000 -9999.000 0.8942997E-01 0.7861459E-01 0.7548878E-01 0.7715230E-01 0.8140250E-01 0.8636654E-01 0.9129930E-01 0.9579416E-01 0.9950574E-01 0.1025970 0.1051055 0.1072843 0.1100746 0.1163538 0.1248154 0.1248154 -9999.000 -9999.000 -9999.000 -9999.000 -9999.000 -9999.000 -9999.000 -9999.000 -9999.000 -9999.000 -9999.000 -9999.000 -9999.000 -9999.000 -9999.000 -9999.000 -9999.000 -9999.000 -9999.000 -9999.000 -9999.000 -9999.000 -9999.000 -9999.000 -9999.000 -9999.000 -9999.000 -9999.000 -9999.000
-9999.000 -9999.000 -9999.000 -9999.000 -9999.000 -9999.000 -9999.000 -9999.000 -9999.000 -9999.000 -9999.000 -9999.000 -9999.000 -9999.000 -9999.000 0.8668480E-01 0.7310281E-01 0.6913339E-01 0.7130256E-01 0.7675038E-01 0.8310296E-01 0.8946110E-01 0.9534140E-01 0.1003140 0.1045859 0.1081815 0.1113965 0.1154201 0.1239665 0.1361176 0.1361176 -9999.000 -9999.000 -9999.000 -9999.000 -9999.000 -9999.000 -9999.000 -9999.000 -9999.000 -9999.000 -9999.000 -9999.000 -9999.000 -9999.000 -9999.000 -9999.000 -9999.000 -9999.000 -9999.000 -9999.000 -9999.000 -9999.000 -9999.000 -9999.000 -9999.000 -9999.000 -9999.000 -9999.000 -9999.000
-9999.000 -9999.000 -9999.000 -9999.000 -9999.000 -9999.000 -9999.000 -9999.000 -9999.000 -9999.000 -9999.000 -9999.000 -9999.000 -9999.000 -9999.000 0.8363710E-01 0.6731299E-01 0.6253351E-01 0.6527491E-01 0.7196412E-01 0.7972335E-01 0.8752120E-01 0.9480985E-01 0.1010759 0.1065758 0.1113120 0.1156230 0.1209581 0.1319250 0.1484054 0.1484054 -9999.000 -9999.000 -9999.000 -9999.000 -9999.000 -9999.000 -9999.000 -9999.000 -9999.000 -9999.000 -9999.000 -9999.000 -9999.000 -9999.000 -9999.000 -9999.000 -9999.000 -9999.000 -9999.000 -9999.000 -9999.000 -9999.000 -9999.000 -9999.000 -9999.000 -9999.000 -9999.000 -9999.000 -9999.000
-9999.000 -9999.000 -9999.000 -9999.000 -9999.000 -9999.000 -9999.000 -9999.000 -9999.000 -9999.000 -9999.000 -9999.000 -9999.000 -9999.000 -9999.000 0.8029497E-01 0.6126866E-01 0.5574578E-01 0.5915593E-01 0.6713417E-01 0.7630949E-01 0.8555090E-01 0.9425949E-01 0.1018378 0.1085970 0.1145101 0.1199588 0.1266704 0.1402181 0.1617960 0.1617960 -9999.000 -9999.000 -9999.000 -9999.000 -9999.000 -9999.000 -9999.000 -9999.000 -9999.000 -9999.000 -9999.000 -9999.000 -9999.000 -9999.000 -9999.000 -9999.000 -9999.000 -9999.000 -9999.000 -9999.000 -9999.000 -9999.000 -9999.000 -9999.000 -9999.000 -9999.000 -9999.000 -9999.000 -9999.000
-9999.000 -9999.000 -9999.000 -9999.000 -9999.000 -9999.000 -9999.000 -9999.000 -9999.000 -9999.000 -9999.000 -9999.000 -9999.000 -9999.000 -9999.000 0.7663162E-01 0.5496939E-01 0.4881954E-01 0.5303229E-01 0.6234006E-01 0.7292333E-01 0.8359741E-01 0.9372658E-01 0.1026255 0.1106666 0.1177826 0.1244013 0.1325504 0.1488565 0.1764804 0.1764804 -9999.000 -9999.000 -9999.000 -9999.000 -9999.000 -9999.000 -9999.000 -9999.000 -9999.000 -9999.000 -9999.000 -9999.000 -9999.000 -9999.000 -9999.000 -9999.000 -9999.000 -9999.000 -9999.000 -9999.000 -9999.000 -9999.000 -9999.000 -9999.000 -9999.000 -9999.000 -9999.000 -9999.000 -9999.000
-9999.000 -9999.000 -9999.000 -9999.000 -9999.000 -9999.000 -9999.000 -9999.000 -9999.000 -9999.000 -9999.000 -9999.000 -9999.000 -9999.000 -9999.000 0.7260117E-01 0.4840664E-01 0.4183002E-01 0.4702524E-01 0.5767567E-01 0.6962632E-01 0.8170182E-01 0.9323933E-01 0.1034579 0.1127964 0.1211347 0.1289496 0.1385971 0.1578640 0.1927255 0.1927255 -9999.000 -9999.000 -9999.000 -9999.000 -9999.000 -9999.000 -9999.000 -9999.000 -9999.000 -9999.000 -9999.000 -9999.000 -9999.000 -9999.000 -9999.000 -9999.000 -9999.000 -9999.000 -9999.000 -9999.000 -9999.000 -9999.000 -9999.000 -9999.000 -9999.000 -9999.000 -9999.000 -9999.000 -9999.000
-9999.000 -9999.000 -9999.000 -9999.000 -9999.000 -9999.000 -9999.000 -9999.000 -9999.000 -9999.000 -9999.000 -9999.000 -9999.000 -9999.000 -9999.000 0.6814399E-01 0.4157570E-01 0.3493004E-01 0.4133589E-01 0.5327028E-01 0.6649325E-01 0.7990862E-01 0.9282659E-01 0.1043533 0.1149979 0.1245708 0.1336027 0.1448120 0.1672707 0.2108899 0.2108899 -9999.000 -9999.000 -9999.000 -9999.000 -9999.000 -9999.000 -9999.000 -9999.000 -9999.000 -9999.000 -9999.000 -9999.000 -9999.000 -9999.000 -9999.000 -9999.000 -9999.000 -9999.000 -9999.000 -9999.000 -9999.000 -9999.000 -9999.000 -9999.000 -9999.000 -9999.000 -9999.000 -9999.000 -9999.000
-9999.000 -9999.000 -9999.000 -9999.000 -9999.000 -9999.000 -9999.000 -9999.000 -9999.000 -9999.000 -9999.000 -9999.000 -9999.000 -9999.000 -9999.000 0.6318780E-01 0.3449524E-01 0.2846246E-01 0.3631433E-01 0.4931447E-01 0.6362549E-01 0.7827696E-01 0.9252580E-01 0.1053357 0.1172870 0.1280989 0.1383627 0.1511977 0.1771127 0.2314575 0.2314575 -9999.000 -9999.000 -9999.000 -9999.000 -9999.000 -9999.000 -9999.000 -9999.000 -9999.000 -9999.000 -9999.000 -9999.000 -9999.000 -9999.000 -9999.000 -9999.000 -9999.000 -9999.000 -9999.000 -9999.000 -9999.000 -9999.000 -9999.000 -9999.000 -9999.000 -9999.000 -9999.000 -9999.000 -9999.000
-9999.000 -9999.000 -9999.000 -9999.000 -9999.000 -9999.000 -9999.000 -9999.000 -9999.000 -9999.000 -9999.000 -9999.000 -9999.000 -9999.000 -9999.000 0.5764698E-01 0.2725816E-01 0.2322149E-01 0.3254988E-01 0.4608802E-01 0.6116681E-01 0.7689045E-01 0.9239215E-01 0.1064433 0.1196913 0.1317361 0.1432373 0.1577620 0.1874340 0.2550947 0.2550947 -9999.000 -9999.000 -9999.000 -9999.000 -9999.000 -9999.000 -9999.000 -9999.000 -9999.000 -9999.000 -9999.000 -9999.000 -9999.000 -9999.000 -9999.000 -9999.000 -9999.000 -9999.000 -9999.000 -9999.000 -9999.000 -9999.000 -9999.000 -9999.000 -9999.000 -9999.000 -9999.000 -9999.000 -9999.000
-9999.000 -9999.000 -9999.000 -9999.000 -9999.000 -9999.000 -9999.000 -9999.000 -9999.000 -9999.000 -9999.000 -9999.000 -9999.000 -9999.000 -9999.000 0.5141753E-01 0.2021161E-01 0.2080711E-01 0.3090090E-01 0.4399359E-01 0.5933200E-01 0.7588166E-01 0.9251698E-01 0.1077434 0.1222618 0.1355186 0.1482503 0.1645244 0.1982887 0.2827413 0.2827413 -9999.000 -9999.000 -9999.000 -9999.000 -9999.000 -9999.000 -9999.000 -9999.000 -9999.000 -9999.000 -9999.000 -9999.000 -9999.000 -9999.000 -9999.000 -9999.000 -9999.000 -9999.000 -9999.000 -9999.000 -9999.000 -9999.000 -9999.000 -9999.000 -9999.000 -9999.000 -9999.000 -9999.000 -9999.000
-9999.000 -9999.000 -9999.000 -9999.000 -9999.000 -9999.000 -9999.000 -9999.000 -9999.000 -9999.000 -9999.000 -9999.000 -9999.000 -9999.000 -9999.000 0.4407676E-01 0.1542638E-01 0.2443443E-01 0.3362497E-01 0.4476115E-01 0.5938515E-01 0.7617381E-01 0.9358265E-01 0.1097473 0.1253824 0.1397302 0.1536077 0.1716337 0.2098174 0.3158228 0.3158228 -9999.000 -9999.000 -9999.000 -9999.000 -9999.000 -9999.000 -9999.000 -9999.000 -9999.000 -9999.000 -9999.000 -9999.000 -9999.000 -9999.000 -9999.000 -9999.000 -9999.000 -9999.000 -9999.000 -9999.000 -9999.000 -9999.000 -9999.000 -9999.000 -9999.000 -9999.000 -9999.000 -9999.000 -9999.000
-9999.000 -9999.000 -9999.000 -9999.000 -9999.000 -9999.000 -9999.000 -9999.000 -9999.000 -9999.000 -9999.000 -9999.000 -9999.000 -9999.000 -9999.000 0.6943109E-01 0.1058424 0.1212462 0.1129536 0.1052201 0.1026571 0.1052983 0.1126578 0.1223885 0.1342492 0.1465581 0.1596603 0.1784286 0.2209985 0.3535992 0.3535992 -9999.000 -9999.000 -9999.000 -9999.000 -9999.000 -9999.000 -9999.000 -9999.000 -9999.000 -9999.000 -9999.000 -9999.000 -9999.000 -9999.000 -9999.000 -9999.000 -9999.000 -9999.000 -9999.000 -9999.000 -9999.000 -9999.000 -9999.000 -9999.000 -9999.000 -9999.000 -9999.000 -9999.000 -9999.000
2.792774 2.792774 2.790023 2.808428 2.827411 2.827411 2.830056 2.829742 2.829742 2.826189 2.826189 2.820367 2.816807 2.812905 2.808935 2.808935 2.930379 2.933864 2.934870 2.916548 2.876341 2.814779 2.730771 2.623501 2.496901 2.351809 2.192380 2.028523 1.886598 1.841447 1.841447 2.663116 2.833449 2.930368 2.954282 2.954282 2.984815 2.984815 2.962357 2.962357 2.915270 2.726167 2.726167 2.315257 2.315257 2.043693 2.043693 2.043693 2.034955 2.034955 2.069707 2.069707 2.118302 2.118302 2.168077 2.168077 2.212015 2.212015 2.212015 2.246251
2.815450 2.815450 2.820904 2.861839 2.887719 2.887719 2.902200 2.924470 2.924470 2.943014 2.943014 2.959062 2.966364 2.973276 2.980059 2.980059 3.070761 3.087754 3.102580 3.112432 3.116693 3.114336 3.102958 3.079583 3.042525 2.989294 2.918653 2.831710 2.735240 2.665263 2.665263 3.102731 3.255359 3.403320 3.443547 3.443547 3.488381 3.488381 3.486519 3.486519 3.463266 3.356602 3.356602 3.130705 3.130705 2.871519 2.871519 2.871519 2.860908 2.860908 2.897654 2.897654 2.949361 2.949361 3.001689 3.001689 3.048776 3.048776 3.048776 3.087786
2.819731 2.819731 2.823189 2.863530 2.887297 2.887297 2.902497 2.925734 2.925734 2.944942 2.944942 2.961693 2.969382 2.976707 2.983953 2.983953 3.065600 3.094069 3.119850 3.141689 3.159258 3.172520 3.180905 3.183255 3.178669 3.165440 3.141873 3.107274 3.064380 3.033107 3.033107 3.280399 3.426167 3.595217 3.644520 3.644520 3.693418 3.693418 3.679465 3.679465 3.648925 3.549317 3.549317 3.396009 3.396009 3.167064 3.167064 3.167064 3.139982 3.139982 3.164937 3.164937 3.208344 3.208344 3.254572 3.254572 3.297065 3.297065 3.297065 3.332708
2.821833 2.821833 2.822491 2.863882 2.886258 2.886258 2.901891 2.925676 2.925676 2.944979 2.944979 2.961737 2.969434 2.976771 2.984087 2.984087 3.060575 3.098839 3.134870 3.166701 3.193523 3.215217 3.231755 3.242959 3.248851 3.249090 3.243105 3.230633 3.213322 3.203424 3.203424 3.355415 3.484327 3.657447 3.709864 3.709864 3.750682 3.750682 3.712744 3.712744 3.673170 3.585996 3.585996 3.491186 3.491186 3.309764 3.309764 3.309764 3.267702 3.267702 3.278743 3.278743 3.313823 3.313823 3.355298 3.355298 3.394687 3.394687 3.394687 3.427946
2.818981 2.818981 2.827902 2.863941 2.885445 2.885445 2.901409 2.925718 2.925718 2.945118 2.945118 2.961861 2.969546 2.976872 2.984260 2.984260 3.059766 3.106556 3.151929 3.192962 3.228361 3.257730 3.281032 3.298321 3.309876 3.315943 3.316705 3.312562 3.305117 3.302684 3.302684 3.399438 3.507056 3.668670 3.714068 3.714068 3.723734 3.723734 3.656069 3.656069 3.616538 3.561069 3.561069 3.520552 3.520552 3.397705 3.397705 3.397705 3.347763 3.347763 3.343699 3.343699 3.367927 3.367927 3.403026 3.403026 3.438392 3.438392 3.438392 3.468613
2.818954 2.818954 2.831090 2.863905 2.884799 2.884799 2.900964 2.925670 2.925670 2.945147 2.945147 2.961876 2.969549 2.976866 2.984365 2.984365 3.064046 3.118726 3.172563 3.221892 3.265109 3.301614 3.331284 3.354197 3.370632 3.380965 3.385632 3.385295 3.381497 3.380152 3.380152 3.440484 3.524050 3.654379 3.676766 3.676766 3.630841 3.630841 3.550478 3.550478 3.526699 3.516970 3.516970 3.521805 3.521805 3.457567 3.457567 3.457567 3.410025 3.410025 3.393662 3.393662 3.405380 3.405380 3.431760 3.431760 3.461213 3.461213 3.461213 3.486971
2.818949 2.818949 2.832970 2.863900 2.884416 2.884416 2.900685 2.925637 2.925637 2.945164 2.945164 2.961885 2.969553 2.976864 2.984533 2.984533 3.074394 3.136913 3.198487 3.255152 3.305220 3.348040 3.383452 3.411533 3.432527 3.446792 3.454782 3.457161 3.455229 3.453061 3.453061 3.487897 3.545315 3.614215 3.591395 3.591395 3.486375 3.486375 3.432456 3.432456 3.435734 3.471170 3.471170 3.509362 3.509362 3.496195 3.496195 3.496195 3.460340 3.460340 3.437775 3.437775 3.437645 3.437645 3.453580 3.453580 3.475107 3.475107 3.475107 3.494742
2.818948 2.818948 2.833591 2.863902 2.884289 2.884289 2.900588 2.925624 2.925624 2.945171 2.945171 2.961889 2.969554 2.976864 2.984771 2.984771 3.091896 3.162649 3.231404 3.294432 3.350246 3.398315 3.438548 3.471061 3.496085 3.513943 3.525034 3.529920 3.529558 3.526342 3.526342 3.542105 3.569034 3.527395 3.442733 3.442733 3.320502 3.320502 3.328165 3.328165 3.358285 3.427948 3.427948 3.488965 3.488965 3.516895 3.516895 3.516895 3.498386 3.498386 3.476689 3.476689 3.467685 3.467685 3.472690 3.472690 3.484617 3.484617 3.484617 3.496470
2.818949 2.818949 2.832971 2.863900 2.884415 2.884415 2.900685 2.925636 2.925636 2.945165 2.945165 2.961885 2.969553 2.976863 2.985108 2.985108 3.118100 3.197753 3.273235 3.341624 3.401941 3.453972 3.497820 3.533712 3.561924 3.582764 3.596572 3.603780 3.604924 3.600319 3.600319 3.597993 3.580365 3.365096 3.236358 3.236358 3.172940 3.172940 3.249206 3.249206 3.297531 3.388510 3.388510 3.464586 3.464586 3.523736 3.523736 3.523736 3.524040 3.524040 3.508996 3.508996 3.495490 3.495490 3.490505 3.490505 3.491813 3.491813 3.491813 3.494461
2.818954 2.818954 2.831091 2.863905 2.884798 2.884798 2.900964 2.925670 2.925670 2.945147 2.945147 2.961875 2.969549 2.976866 2.985583 2.985583 3.155321 3.244606 3.326293 3.398889 3.462265 3.516730 3.562713 3.600637 3.630877 3.653769 3.669618 3.678720 3.680937 3.672509 3.672509 3.641480 3.541124 3.127395 3.018778 3.018778 3.066206 3.066206 3.187784 3.187784 3.245906 3.349416 3.349416 3.435886 3.435886 3.518242 3.518242 3.518242 3.535956 3.535956 3.530938 3.530938 3.517243 3.517243 3.504421 3.504421 3.495116 3.495116 3.495116 3.487755
2.818981 2.818981 2.827903 2.863939 2.885444 2.885444 2.901409 2.925718 2.925718 2.945118 2.945118 2.961860 2.969546 2.976872 2.986246 2.986246 3.207124 3.306497 3.393511 3.468796 3.533445 3.588499 3.634834 3.673141 3.703947 3.727652 3.744558 3.754775 3.756467 3.734119 3.734119 3.633472 3.385668 2.872867 2.851444 2.851444 2.991714 2.991714 3.133964 3.133964 3.196939 3.308157 3.308157 3.402085 3.402085 3.501216 3.501216 3.501216 3.533350 3.533350 3.539172 3.539172 3.528293 3.528293 3.510292 3.510292 3.491305 3.491305 3.491305 3.473880
2.821832 2.821832 2.822493 2.863881 2.886257 2.886257 2.901891 2.925677 2.925677 2.944981 2.944981 2.961737 2.969434 2.976772 2.987048 2.987048 3.279080 3.388111 3.478700 3.554424 3.617975 3.671309 3.715836 3.752562 3.782187 3.805194 3.821899 3.831924 3.827253 3.751989 3.751989 3.486192 3.073664 2.690346 2.743793 2.743793 2.925331 2.925331 3.076098 3.076098 3.141841 3.258592 3.258592 3.358149 3.358149 3.469245 3.469245 3.469245 3.512433 3.512433 3.528025 3.528025 3.521428 3.521428 3.500622 3.500622 3.473575 3.473575 3.473575 3.446936
