cruce_test.gid/Rasters/Hydraulic/Velocity__y_312.0.asc
NCOLS        79
NROWS        79
XLLCENTER         -1.500000
YLLCENTER         -4.800000
CELLSIZE           0.100
NODATA_VALUE     -9999.0
[rows 0 to 26 of 79, columns 0 to 58 of 79]
-9999.000 -9999.000 -9999.000 -9999.000 -9999.000 -9999.000 -9999.000 -9999.000 -9999.000 -9999.000 -9999.000 -9999.000 -9999.000 -9999.000 -9999.000 -0.9671947E-01 -0.9462264E-01 -0.9414275E-01 -0.9437226E-01 -0.9484882E-01 -0.9540396E-01 -0.9599426E-01 -0.9654438E-01 -0.9704743E-01 -0.9750451E-01 -0.9791325E-01 -0.9832098E-01 -0.9893094E-01 -0.1003551 -0.1016911 -0.1016911 -9999.000 -9999.000 -9999.000 -9999.000 -9999.000 -9999.000 -9999.000 -9999.000 -9999.000 -9999.000 -9999.000 -9999.000 -9999.000 -9999.000 -9999.000 -9999.000 -9999.000 -9999.000 -9999.000 -9999.000 -9999.000 -9999.000 -9999.000 -9999.000 -9999.000 -9999.000 -9999.000 -9999.000
-9999.000 -9999.000 -9999.000 -9999.000 -9999.000 -9999.000 -9999.000 -9999.000 -9999.000 -9999.000 -9999.000 -9999.000 -9999.000 -9999.000 -9999.000 -0.9549744E-01 -0.9118303E-01 -0.9017663E-01 -0.9070538E-01 -0.9179465E-01 -0.9308238E-01 -0.9446811E-01 -0.9578475E-01 -0.9701119E-01 -0.9814422E-01 -0.9917364E-01 -0.1001960 -0.1016347 -0.1047661 -0.1080151 -0.1080151 -9999.000 -9999.000 -9999.000 -9999.000 -9999.000 -9999.000 -9999.000 -9999.000 -9999.000 -9999.000 -9999.000 -9999.000 -9999.000 -9999.000 -9999.000 -9999.000 -9999.000 -9999.000 -9999.000 -9999.000 -9999.000 -9999.000 -9999.000 -9999.000 -9999.000 -9999.000 -9999.000 -9999.000
-9999.000 -9999.000 -9999.000 -9999.000 -9999.000 -9999.000 -9999.000 -9999.000 -9999.000 -9999.000 -9999.000 -9999.000 -9999.000 -9999.000 -9999.000 -0.9291280E-01 -0.8628783E-01 -0.8471669E-01 -0.8567478E-01 -0.8760118E-01 -0.8990537E-01 -0.9241285E-01 -0.9483968E-01 -0.9713942E-01 -0.9929467E-01 -0.1012781 -0.1032345 -0.1058332 -0.1111057 -0.1170472 -0.1170472 -9999.000 -9999.000 -9999.000 -9999.000 -9999.000 -9999.000 -9999.000 -9999.000 -9999.000 -9999.000 -9999.000 -9999.000 -9999.000 -9999.000 -9999.000 -9999.000 -9999.000 -9999.000 -9999.000 -9999.000 -9999.000 -9999.000 -9999.000 -9999.000 -9999.000 -9999.000 -9999.000 -9999.000
-9999.000 -9999.000 -9999.000 -9999.000 -9999.000 -9999.000 -9999.000 -9999.000 -9999.000 -9999.000 -9999.000 -9999.000 -9999.000 -9999.000 -9999.000 -0.8966434E-01 -0.8082674E-01 -0.7871850E-01 -0.8016964E-01 -0.8301651E-01 -0.8643534E-01 -0.9017527E-01 -0.9382867E-01 -0.9732202E-01 -0.1006184 -0.1036681 -0.1066623 -0.1105245 -0.1180808 -0.1272408 -0.1272408 -9999.000 -9999.000 -9999.000 -9999.000 -9999.000 -9999.000 -9999.000 -9999.000 -9999.000 -9999.000 -9999.000 -9999.000 -9999.000 -9999.000 -9999.000 -9999.000 -9999.000 -9999.000 -9999.000 -9999.000 -9999.000 -9999.000 -9999.000 -9999.000 -9999.000 -9999.000 -9999.000 -9999.000
-9999.000 -9999.000 -9999.000 -9999.000 -9999.000 -9999.000 -9999.000 -9999.000 -9999.000 -9999.000 -9999.000 -9999.000 -9999.000 -9999.000 -9999.000 -0.8598173E-01 -0.7498953E-01 -0.7235646E-01 -0.7434186E-01 -0.7816302E-01 -0.8275843E-01 -0.8780135E-01 -0.9275240E-01 -0.9751209E-01 -0.1020222 -0.1062067 -0.1103055 -0.1155108 -0.1254955 -0.1384450 -0.1384450 -9999.000 -9999.000 -9999.000 -9999.000 -9999.000 -9999.000 -9999.000 -9999.000 -9999.000 -9999.000 -9999.000 -9999.000 -9999.000 -9999.000 -9999.000 -9999.000 -9999.000 -9999.000 -9999.000 -9999.000 -9999.000 -9999.000 -9999.000 -9999.000 -9999.000 -9999.000 -9999.000 -9999.000
-9999.000 -9999.000 -9999.000 -9999.000 -9999.000 -9999.000 -9999.000 -9999.000 -9999.000 -9999.000 -9999.000 -9999.000 -9999.000 -9999.000 -9999.000 -0.8194792E-01 -0.6885122E-01 -0.6570250E-01 -0.6825518E-01 -0.7309122E-01 -0.7890872E-01 -0.8530592E-01 -0.9160464E-01 -0.9768225E-01 -0.1034573 -0.1088254 -0.1140793 -0.1206996 -0.1332700 -0.1506759 -0.1506759 -9999.000 -9999.000 -9999.000 -9999.000 -9999.000 -9999.000 -9999.000 -9999.000 -9999.000 -9999.000 -9999.000 -9999.000 -9999.000 -9999.000 -9999.000 -9999.000 -9999.000 -9999.000 -9999.000 -9999.000 -9999.000 -9999.000 -9999.000 -9999.000 -9999.000 -9999.000 -9999.000 -9999.000
-9999.000 -9999.000 -9999.000 -9999.000 -9999.000 -9999.000 -9999.000 -9999.000 -9999.000 -9999.000 -9999.000 -9999.000 -9999.000 -9999.000 -9999.000 -0.7757595E-01 -0.6243169E-01 -0.5877878E-01 -0.6193055E-01 -0.6781705E-01 -0.7489474E-01 -0.8268934E-01 -0.9037568E-01 -0.9781243E-01 -0.1048937 -0.1114847 -0.1179370 -0.1260436 -0.1413788 -0.1640524 -0.1640524 -9999.000 -9999.000 -9999.000 -9999.000 -9999.000 -9999.000 -9999.000 -9999.000 -9999.000 -9999.000 -9999.000 -9999.000 -9999.000 -9999.000 -9999.000 -9999.000 -9999.000 -9999.000 -9999.000 -9999.000 -9999.000 -9999.000 -9999.000 -9999.000 -9999.000 -9999.000 -9999.000 -9999.000
-9999.000 -9999.000 -9999.000 -9999.000 -9999.000 -9999.000 -9999.000 -9999.000 -9999.000 -9999.000 -9999.000 -9999.000 -9999.000 -9999.000 -9999.000 -0.7284417E-01 -0.5572318E-01 -0.5158236E-01 -0.5536688E-01 -0.6233832E-01 -0.7071128E-01 -0.7994316E-01 -0.8905158E-01 -0.9788354E-01 -0.1063074 -0.1141551 -0.1218456 -0.1315142 -0.1498219 -0.1787716 -0.1787716 -9999.000 -9999.000 -9999.000 -9999.000 -9999.000 -9999.000 -9999.000 -9999.000 -9999.000 -9999.000 -9999.000 -9999.000 -9999.000 -9999.000 -9999.000 -9999.000 -9999.000 -9999.000 -9999.000 -9999.000 -9999.000 -9999.000 -9999.000 -9999.000 -9999.000 -9999.000 -9999.000 -9999.000
-9999.000 -9999.000 -9999.000 -9999.000 -9999.000 -9999.000 -9999.000 -9999.000 -9999.000 -9999.000 -9999.000 -9999.000 -9999.000 -9999.000 -9999.000 -0.6771123E-01 -0.4870173E-01 -0.4409545E-01 -0.4855063E-01 -0.5664210E-01 -0.6634436E-01 -0.7705215E-01 -0.8761366E-01 -0.9787361E-01 -0.1076728 -0.1168075 -0.1257742 -0.1370868 -0.1586093 -0.1951106 -0.1951106 -9999.000 -9999.000 -9999.000 -9999.000 -9999.000 -9999.000 -9999.000 -9999.000 -9999.000 -9999.000 -9999.000 -9999.000 -9999.000 -9999.000 -9999.000 -9999.000 -9999.000 -9999.000 -9999.000 -9999.000 -9999.000 -9999.000 -9999.000 -9999.000 -9999.000 -9999.000 -9999.000 -9999.000
-9999.000 -9999.000 -9999.000 -9999.000 -9999.000 -9999.000 -9999.000 -9999.000 -9999.000 -9999.000 -9999.000 -9999.000 -9999.000 -9999.000 -9999.000 -0.6212161E-01 -0.4133255E-01 -0.3629046E-01 -0.4145890E-01 -0.5070674E-01 -0.6177224E-01 -0.7399379E-01 -0.8603628E-01 -0.9775435E-01 -0.1089588 -0.1194071 -0.1296859 -0.1427326 -0.1677545 -0.2134445 -0.2134445 -9999.000 -9999.000 -9999.000 -9999.000 -9999.000 -9999.000 -9999.000 -9999.000 -9999.000 -9999.000 -9999.000 -9999.000 -9999.000 -9999.000 -9999.000 -9999.000 -9999.000 -9999.000 -9999.000 -9999.000 -9999.000 -9999.000 -9999.000 -9999.000 -9999.000 -9999.000 -9999.000 -9999.000
-9999.000 -9999.000 -9999.000 -9999.000 -9999.000 -9999.000 -9999.000 -9999.000 -9999.000 -9999.000 -9999.000 -9999.000 -9999.000 -9999.000 -9999.000 -0.5600779E-01 -0.3356985E-01 -0.2812890E-01 -0.3405937E-01 -0.4450196E-01 -0.5696433E-01 -0.7073738E-01 -0.8428546E-01 -0.9748847E-01 -0.1101242 -0.1219075 -0.1335312 -0.1484107 -0.1772668 -0.2342823 -0.2342823 -9999.000 -9999.000 -9999.000 -9999.000 -9999.000 -9999.000 -9999.000 -9999.000 -9999.000 -9999.000 -9999.000 -9999.000 -9999.000 -9999.000 -9999.000 -9999.000 -9999.000 -9999.000 -9999.000 -9999.000 -9999.000 -9999.000 -9999.000 -9999.000 -9999.000 -9999.000 -9999.000 -9999.000
-9999.000 -9999.000 -9999.000 -9999.000 -9999.000 -9999.000 -9999.000 -9999.000 -9999.000 -9999.000 -9999.000 -9999.000 -9999.000 -9999.000 -9999.000 -0.4928783E-01 -0.2535504E-01 -0.1956057E-01 -0.2630829E-01 -0.3798591E-01 -0.5187881E-01 -0.6724051E-01 -0.8231447E-01 -0.9702504E-01 -0.1111123 -0.1242446 -0.1372405 -0.1540602 -0.1871452 -0.2583275 -0.2583275 -9999.000 -9999.000 -9999.000 -9999.000 -9999.000 -9999.000 -9999.000 -9999.000 -9999.000 -9999.000 -9999.000 -9999.000 -9999.000 -9999.000 -9999.000 -9999.000 -9999.000 -9999.000 -9999.000 -9999.000 -9999.000 -9999.000 -9999.000 -9999.000 -9999.000 -9999.000 -9999.000 -9999.000
-9999.000 -9999.000 -9999.000 -9999.000 -9999.000 -9999.000 -9999.000 -9999.000 -9999.000 -9999.000 -9999.000 -9999.000 -9999.000 -9999.000 -9999.000 -0.4186109E-01 -0.1661268E-01 -0.1051825E-01 -0.1814607E-01 -0.3110126E-01 -0.4645762E-01 -0.6344391E-01 -0.8005734E-01 -0.9629199E-01 -0.1118428 -0.1263262 -0.1407120 -0.1595867 -0.1973667 -0.2865791 -0.2865791 -9999.000 -9999.000 -9999.000 -9999.000 -9999.000 -9999.000 -9999.000 -9999.000 -9999.000 -9999.000 -9999.000 -9999.000 -9999.000 -9999.000 -9999.000 -9999.000 -9999.000 -9999.000 -9999.000 -9999.000 -9999.000 -9999.000 -9999.000 -9999.000 -9999.000 -9999.000 -9999.000 -9999.000
-9999.000 -9999.000 -9999.000 -9999.000 -9999.000 -9999.000 -9999.000 -9999.000 -9999.000 -9999.000 -9999.000 -9999.000 -9999.000 -9999.000 -9999.000 -0.3345247E-01 -0.7153187E-02 -0.8755674E-03 -0.9498326E-02 -0.2378917E-01 -0.4064689E-01 -0.5929289E-01 -0.7744794E-01 -0.9521000E-01 -0.1122191 -0.1280334 -0.1438065 -0.1648532 -0.2078784 -0.3205301 -0.3205301 -9999.000 -9999.000 -9999.000 -9999.000 -9999.000 -9999.000 -9999.000 -9999.000 -9999.000 -9999.000 -9999.000 -9999.000 -9999.000 -9999.000 -9999.000 -9999.000 -9999.000 -9999.000 -9999.000 -9999.000 -9999.000 -9999.000 -9999.000 -9999.000 -9999.000 -9999.000 -9999.000 -9999.000
-9999.000 -9999.000 -9999.000 -9999.000 -9999.000 -9999.000 -9999.000 -9999.000 -9999.000 -9999.000 -9999.000 -9999.000 -9999.000 -9999.000 -9999.000 -0.1377370E-02 0.9638111E-02 0.7658857E-02 -0.5176019E-02 -0.2062478E-01 -0.3859830E-01 -0.5839641E-01 -0.7750210E-01 -0.9621004E-01 -0.1141194 -0.1307447 -0.1474637 -0.1703958 -0.2187484 -0.3600895 -0.3600895 -9999.000 -9999.000 -9999.000 -9999.000 -9999.000 -9999.000 -9999.000 -9999.000 -9999.000 -9999.000 -9999.000 -9999.000 -9999.000 -9999.000 -9999.000 -9999.000 -9999.000 -9999.000 -9999.000 -9999.000 -9999.000 -9999.000 -9999.000 -9999.000 -9999.000 -9999.000 -9999.000 -9999.000
-0.3597324E-02 -0.3597324E-02 -0.5022003E-02 -0.7089287E-02 -0.6534870E-02 -0.6534870E-02 -0.6330985E-02 -0.6251431E-02 -0.6251431E-02 -0.6252990E-02 -0.6252990E-02 -0.6246479E-02 -0.6236869E-02 -0.6223506E-02 -0.6208775E-02 -0.6208775E-02 0.1906481E-01 0.1317614E-01 -0.1407076E-02 -0.2159913E-01 -0.4632642E-01 -0.7437948E-01 -0.1039458 -0.1337830 -0.1627986 -0.1900059 -0.2151951 -0.2404237 -0.2741844 -0.3584449 -0.3584449 -0.1961442 -0.1038743 -0.3462093E-01 -0.2550649E-01 -0.2550649E-01 -0.1825340E-01 -0.1825340E-01 -0.5029401E-02 -0.5029401E-02 0.6158271E-02 0.2688868E-01 0.2688868E-01 -0.3556626E-02 -0.3556626E-02 -0.3213007E-02 -0.3213007E-02 -0.3213007E-02 0.1120090E-02 0.1120090E-02 0.1691059E-02 0.1691059E-02 0.6071667E-03 0.6071667E-03 -0.7647871E-03 -0.7647871E-03 -0.2032358E-02 -0.2032358E-02 -0.2032358E-02
-0.5113677E-02 -0.5113677E-02 -0.6791474E-02 -0.1051268E-01 -0.9327638E-02 -0.9327638E-02 -0.8871052E-02 -0.8737953E-02 -0.8737953E-02 -0.8788182E-02 -0.8788182E-02 -0.8810897E-02 -0.8809737E-02 -0.8802882E-02 -0.8801757E-02 -0.8801757E-02 0.1504774E-01 0.9294350E-02 -0.6787570E-02 -0.3257749E-01 -0.6609373E-01 -0.1054623 -0.1490841 -0.1949604 -0.2412639 -0.2863318 -0.3284817 -0.3659638 -0.3968399 -0.4208671 -0.4208671 -0.2830296 -0.1863251 -0.9493234E-01 -0.7673477E-01 -0.7673477E-01 -0.5144387E-01 -0.5144387E-01 -0.6732541E-02 -0.6732541E-02 0.2650452E-01 0.8681726E-01 0.8681726E-01 0.5162295E-01 0.5162295E-01 0.1096360E-01 0.1096360E-01 0.1096360E-01 0.6536868E-02 0.6536868E-02 0.2772928E-02 0.2772928E-02 -0.1241738E-02 -0.1241738E-02 -0.4816472E-02 -0.4816472E-02 -0.7557625E-02 -0.7557625E-02 -0.7557625E-02
-0.3296622E-02 -0.3296622E-02 -0.5278860E-02 -0.9259588E-02 -0.8090994E-02 -0.8090994E-02 -0.7504341E-02 -0.7300632E-02 -0.7300632E-02 -0.7388861E-02 -0.7388861E-02 -0.7448213E-02 -0.7462115E-02 -0.7469834E-02 -0.7500489E-02 -0.7500489E-02 0.8365355E-02 0.2229766E-02 -0.1429672E-01 -0.4077405E-01 -0.7577132E-01 -0.1177478 -0.1653708 -0.2170842 -0.2713134 -0.3265029 -0.3809395 -0.4325520 -0.4785123 -0.5112413 -0.5112413 -0.4204098 -0.3358316 -0.2201356 -0.1822703 -0.1822703 -0.1112898 -0.1112898 -0.6141108E-02 -0.6141108E-02 0.5936170E-01 0.1690711 0.1690711 0.1639092 0.1639092 0.5339594E-01 0.5339594E-01 0.5339594E-01 0.2068329E-01 0.2068329E-01 0.3471073E-02 0.3471073E-02 -0.7208738E-02 -0.7208738E-02 -0.1436798E-01 -0.1436798E-01 -0.1870321E-01 -0.1870321E-01 -0.1870321E-01
-0.1461258E-02 -0.1461258E-02 -0.5001243E-02 -0.7647369E-02 -0.6599196E-02 -0.6599196E-02 -0.6002053E-02 -0.5760073E-02 -0.5760073E-02 -0.5848642E-02 -0.5848642E-02 -0.5912676E-02 -0.5928864E-02 -0.5939304E-02 -0.5993553E-02 -0.5993553E-02 0.1375115E-02 -0.6840947E-02 -0.2486696E-01 -0.5234599E-01 -0.8822174E-01 -0.1312328 -0.1802283 -0.2339817 -0.2912465 -0.3507830 -0.4112122 -0.4707508 -0.5266731 -0.5713459 -0.5713459 -0.5261800 -0.4647163 -0.3499537 -0.2969323 -0.2969323 -0.1696741 -0.1696741 0.7167038E-02 0.7167038E-02 0.9918801E-01 0.2341341 0.2341341 0.2509366 0.2509366 0.1063824 0.1063824 0.1063824 0.4160830E-01 0.4160830E-01 0.5669072E-02 0.5669072E-02 -0.1469932E-01 -0.1469932E-01 -0.2653248E-01 -0.2653248E-01 -0.3246727E-01 -0.3246727E-01 -0.3246727E-01
-0.4545946E-03 -0.4545946E-03 -0.4301040E-02 -0.5875815E-02 -0.5018225E-02 -0.5018225E-02 -0.4502695E-02 -0.4281743E-02 -0.4281743E-02 -0.4351917E-02 -0.4351917E-02 -0.4397823E-02 -0.4408615E-02 -0.4416605E-02 -0.4495565E-02 -0.4495565E-02 -0.5937559E-02 -0.1783933E-01 -0.3875335E-01 -0.6832021E-01 -0.1057117 -0.1499100 -0.1999350 -0.2547845 -0.3134420 -0.3748979 -0.4380627 -0.5015283 -0.5630335 -0.6161482 -0.6161482 -0.6061800 -0.5690756 -0.4644095 -0.3956332 -0.3956332 -0.2003219 -0.2003219 0.3695391E-01 0.3695391E-01 0.1387425 0.2708333 0.2708333 0.2977725 0.2977725 0.1561031 0.1561031 0.1561031 0.6709375E-01 0.6709375E-01 0.1159498E-01 0.1159498E-01 -0.2046159E-01 -0.2046159E-01 -0.3815224E-01 -0.3815224E-01 -0.4605885E-01 -0.4605885E-01 -0.4605885E-01
-0.2857212E-03 -0.2857212E-03 -0.2848592E-02 -0.3966118E-02 -0.3391420E-02 -0.3391420E-02 -0.3026188E-02 -0.2860482E-02 -0.2860482E-02 -0.2902440E-02 -0.2902440E-02 -0.2924786E-02 -0.2928153E-02 -0.2930915E-02 -0.3038426E-02 -0.3038426E-02 -0.1400238E-01 -0.3109062E-01 -0.5639039E-01 -0.8935188E-01 -0.1292230 -0.1751756 -0.2264205 -0.2821780 -0.3416568 -0.4040533 -0.4685003 -0.5338891 -0.5984123 -0.6569684 -0.6569684 -0.6715692 -0.6548842 -0.5523975 -0.4574497 -0.4574497 -0.1868626 -0.1868626 0.7264706E-01 0.7264706E-01 0.1656091 0.2781016 0.2781016 0.3090602 0.3090602 0.1934968 0.1934968 0.1934968 0.9366080E-01 0.9366080E-01 0.2167197E-01 0.2167197E-01 -0.2280119E-01 -0.2280119E-01 -0.4742984E-01 -0.4742984E-01 -0.5788133E-01 -0.5788133E-01 -0.5788133E-01
-0.1339888E-03 -0.1339888E-03 -0.1422698E-02 -0.1987481E-02 -0.1700722E-02 -0.1700722E-02 -0.1513011E-02 -0.1428112E-02 -0.1428112E-02 -0.1452273E-02 -0.1452273E-02 -0.1464511E-02 -0.1465875E-02 -0.1466797E-02 -0.1615907E-02 -0.1615907E-02 -0.2348579E-01 -0.4729026E-01 -0.7856449E-01 -0.1163659 -0.1598713 -0.2083638 -0.2612381 -0.3179498 -0.3779633 -0.4407197 -0.5055888 -0.5717332 -0.6377310 -0.6995331 -0.6995331 -0.7301328 -0.7268958 -0.5989829 -0.4608284 -0.4608284 -0.1365370 -0.1365370 0.9732954E-01 0.9732954E-01 0.1716255 0.2620493 0.2620493 0.2952552 0.2952552 0.2139783 0.2139783 0.2139783 0.1168784 0.1168784 0.3466991E-01 0.3466991E-01 -0.2114208E-01 -0.2114208E-01 -0.5323049E-01 -0.5323049E-01 -0.6676564E-01 -0.6676564E-01 -0.6676564E-01
0.7220036E-07 0.7220036E-07 0.7887888E-07 0.1894950E-07 -0.1801891E-06 -0.1801891E-06 -0.1879910E-06 0.3228926E-07 0.3228926E-07 0.4986064E-07 0.4986064E-07 -0.5223810E-07 -0.1041447E-06 0.5265924E-07 -0.2081826E-03 -0.2081826E-03 -0.3535246E-01 -0.6759630E-01 -0.1065585 -0.1507391 -0.1991315 -0.2510641 -0.3060977 -0.3639275 -0.4242984 -0.4869401 -0.5515051 -0.6174513 -0.6836933 -0.7467617 -0.7467617 -0.7856127 -0.7838687 -0.5804207 -0.3954134 -0.3954134 -0.7817572E-01 -0.7817572E-01 0.1017893 0.1017893 0.1579725 0.2315246 0.2315246 0.2663237 0.2663237 0.2171450 0.2171450 0.2171450 0.1325897 0.1325897 0.4809359E-01 0.4809359E-01 -0.1591151E-01 -0.1591151E-01 -0.5493043E-01 -0.5493043E-01 -0.7176412E-01 -0.7176412E-01 -0.7176412E-01
0.1340830E-03 0.1340830E-03 0.1422811E-02 0.1987484E-02 0.1700562E-02 0.1700562E-02 0.1512880E-02 0.1428049E-02 0.1428049E-02 0.1452238E-02 0.1452238E-02 0.1464350E-02 0.1465708E-02 0.1466793E-02 0.1176814E-02 0.1176814E-02 -0.5108844E-01 -0.9387787E-01 -0.1424255 -0.1945793 -0.2491077 -0.3053685 -0.3630916 -0.4222228 -0.4828031 -0.5448796 -0.6084266 -0.6732272 -0.7384353 -0.8001848 -0.8001848 -0.8369281 -0.8118712 -0.4817525 -0.2856100 -0.2856100 -0.3833663E-01 -0.3833663E-01 0.8899613E-01 0.8899613E-01 0.1321709 0.1943182 0.1943182 0.2294858 0.2294858 0.2054198 0.2054198 0.2054198 0.1381179 0.1381179 0.5893224E-01 0.5893224E-01 -0.8388361E-02 -0.8388361E-02 -0.5243471E-01 -0.5243471E-01 -0.7217170E-01 -0.7217170E-01 -0.7217170E-01
0.2857566E-03 0.2857566E-03 0.2848609E-02 0.3966215E-02 0.3391470E-02 0.3391470E-02 0.3026177E-02 0.2860307E-02 0.2860307E-02 0.2902328E-02 0.2902328E-02 0.2924662E-02 0.2928068E-02 0.2930857E-02 0.2528582E-02 0.2528582E-02 -0.7304703E-01 -0.1290883 -0.1893507 -0.2510614 -0.3128384 -0.3741402 -0.4349207 -0.4954113 -0.5559711 -0.6169806 -0.6787559 -0.7414002 -0.8039486 -0.8592983 -0.8592983 -0.8719306 -0.7728516 -0.3336321 -0.1821770 -0.1821770 -0.2274040E-01 -0.2274040E-01 0.6768257E-01 0.6768257E-01 0.1021567 0.1555857 0.1555857 0.1892511 0.1892511 0.1824091 0.1824091 0.1824091 0.1328065 0.1328065 0.6458718E-01 0.6458718E-01 -0.3509420E-03 -0.3509420E-03 -0.4616502E-01 -0.4616502E-01 -0.6760916E-01 -0.6760916E-01 -0.6760916E-01
0.4546187E-03 0.4546187E-03 0.4301152E-02 0.5875991E-02 0.5018346E-02 0.5018346E-02 0.4502647E-02 0.4281547E-02 0.4281547E-02 0.4351953E-02 0.4351953E-02 0.4397813E-02 0.4408623E-02 0.4416523E-02 0.3858996E-02 0.3858996E-02 -0.1051539 -0.1779854 -0.2523041 -0.3249911 -0.3947793 -0.4614254 -0.5252402 -0.5868180 -0.6468735 -0.7061331 -0.7652579 -0.8245711 -0.8815847 -0.9160587 -0.9160587 -0.8484571 -0.6170366 -0.2031527 -0.1168674 -0.1168674 -0.2137353E-01 -0.2137353E-01 0.4523991E-01 0.4523991E-01 0.7301452E-01 0.1180443 0.1180443 0.1482094 0.1482094 0.1517132 0.1517132 0.1517132 0.1177491 0.1177491 0.6360216E-01 0.6360216E-01 0.6425864E-02 0.6425864E-02 -0.3695906E-01 -0.3695906E-01 -0.5811980E-01 -0.5811980E-01 -0.5811980E-01
0.1461129E-02 0.1461129E-02 0.5001379E-02 0.7647489E-02 0.6599457E-02 0.6599457E-02 0.6002172E-02 0.5760005E-02 0.5760005E-02 0.5848677E-02 0.5848677E-02 0.5912527E-02 0.5928730E-02 0.5939115E-02 0.5161440E-02 0.5161440E-02 -0.1544843 -0.2486238 -0.3393113 -0.4238510 -0.5016600 -0.5731646 -0.6392573 -0.7010197 -0.7595786 -0.8160214 -0.8713416 -0.9256226 -0.9687874 -0.9323670 -0.9323670 -0.6856691 -0.3700540 -0.1252179 -0.8462629E-01 -0.8462629E-01 -0.2335453E-01 -0.2335453E-01 0.2561785E-01 0.2561785E-01 0.4715664E-01 0.8301014E-01 0.8301014E-01 0.1079475 0.1079475 0.1164706 0.1164706 0.1164706 0.9514669E-01 0.9514669E-01 0.5595131E-01 0.5595131E-01 0.1069320E-01 0.1069320E-01 -0.2586668E-01 -0.2586668E-01 -0.4424209E-01 -0.4424209E-01 -0.4424209E-01
