cruce_test.gid/Rasters/Hydraulic/Velocity____277.0.asc
NCOLS        79
NROWS        79
XLLCENTER         -1.500000
YLLCENTER         -4.800000
CELLSIZE           0.100
NODATA_VALUE     -9999.0
[rows 0 to 26 of 79, columns 0 to 59 of 79]
-9999.000 -9999.000 -9999.000 -9999.000 -9999.000 -9999.000 -9999.000 -9999.000 -9999.000 -9999.000 -9999.000 -9999.000 -9999.000 -9999.000 -9999.000 0.9348495E-01 0.9086946E-01 0.9007523E-01 0.9034343E-01 0.9129085E-01 0.9241857E-01 0.9348974E-01 0.9438899E-01 0.9502383E-01 0.9545042E-01 0.9569553E-01 0.9582978E-01 0.9605768E-01 0.9697150E-01 0.9798342E-01 0.9798342E-01 -9999.000 -9999.000 -9999.000 -9999.000 -9999.000 -9999.000 -9999.000 -9999.000 -9999.000 -9999.000 -9999.000 -9999.000 -9999.000 -9999.000 -9999.000 -9999.000 -9999.000 -9999.000 -9999.000 -9999.000 -9999.000 -9999.000 -9999.000 -9999.000 -9999.000 -9999.000 -9999.000 -9999.000 -9999.000
-9999.000 -9999.000 -9999.000 -9999.000 -9999.000 -9999.000 -9999.000 -9999.000 -9999.000 -9999.000 -9999.000 -9999.000 -9999.000 -9999.000 -9999.000 0.9312813E-01 0.8773519E-01 0.8614016E-01 0.8673449E-01 0.8869544E-01 0.9102584E-01 0.9327411E-01 0.9521972E-01 0.9666417E-01 0.9770663E-01 0.9838989E-01 0.9885745E-01 0.9955914E-01 0.1018050 0.1045619 0.1045619 -9999.000 -9999.000 -9999.000 -9999.000 -9999.000 -9999.000 -9999.000 -9999.000 -9999.000 -9999.000 -9999.000 -9999.000 -9999.000 -9999.000 -9999.000 -9999.000 -9999.000 -9999.000 -9999.000 -9999.000 -9999.000 -9999.000 -9999.000 -9999.000 -9999.000 -9999.000 -9999.000 -9999.000 -9999.000
-9999.000 -9999.000 -9999.000 -9999.000 -9999.000 -9999.000 -9999.000 -9999.000 -9999.000 -9999.000 -9999.000 -9999.000 -9999.000 -9999.000 -9999.000 0.9159225E-01 0.8321405E-01 0.8065956E-01 0.8159075E-01 0.8468820E-01 0.8839589E-01 0.9203979E-01 0.9530143E-01 0.9787499E-01 0.9990883E-01 0.1014503 0.1027009 0.1043538 0.1084874 0.1138261 0.1138261 -9999.000 -9999.000 -9999.000 -9999.000 -9999.000 -9999.000 -9999.000 -9999.000 -9999.000 -9999.000 -9999.000 -9999.000 -9999.000 -9999.000 -9999.000 -9999.000 -9999.000 -9999.000 -9999.000 -9999.000 -9999.000 -9999.000 -9999.000 -9999.000 -9999.000 -9999.000 -9999.000 -9999.000 -9999.000
-9999.000 -9999.000 -9999.000 -9999.000 -9999.000 -9999.000 -9999.000 -9999.000 -9999.000 -9999.000 -9999.000 -9999.000 -9999.000 -9999.000 -9999.000 0.8946431E-01 0.7815084E-01 0.7463326E-01 0.7592357E-01 0.8018164E-01 0.8528733E-01 0.9036169E-01 0.9500333E-01 0.9880320E-01 0.1019608 0.1045174 0.1067203 0.1094995 0.1157251 0.1241889 0.1241889 -9999.000 -9999.000 -9999.000 -9999.000 -9999.000 -9999.000 -9999.000 -9999.000 -9999.000 -9999.000 -9999.000 -9999.000 -9999.000 -9999.000 -9999.000 -9999.000 -9999.000 -9999.000 -9999.000 -9999.000 -9999.000 -9999.000 -9999.000 -9999.000 -9999.000 -9999.000 -9999.000 -9999.000 -9999.000
-9999.000 -9999.000 -9999.000 -9999.000 -9999.000 -9999.000 -9999.000 -9999.000 -9999.000 -9999.000 -9999.000 -9999.000 -9999.000 -9999.000 -9999.000 0.8697177E-01 0.7273749E-01 0.6826385E-01 0.6995440E-01 0.7540851E-01 0.8193210E-01 0.8845904E-01 0.9451822E-01 0.9959848E-01 0.1039551 0.1076149 0.1108655 0.1148794 0.1233593 0.1355066 0.1355066 -9999.000 -9999.000 -9999.000 -9999.000 -9999.000 -9999.000 -9999.000 -9999.000 -9999.000 -9999.000 -9999.000 -9999.000 -9999.000 -9999.000 -9999.000 -9999.000 -9999.000 -9999.000 -9999.000 -9999.000 -9999.000 -9999.000 -9999.000 -9999.000 -9999.000 -9999.000 -9999.000 -9999.000 -9999.000
-9999.000 -9999.000 -9999.000 -9999.000 -9999.000 -9999.000 -9999.000 -9999.000 -9999.000 -9999.000 -9999.000 -9999.000 -9999.000 -9999.000 -9999.000 0.8419023E-01 0.6704962E-01 0.6165101E-01 0.6381027E-01 0.7050700E-01 0.7846557E-01 0.8645746E-01 0.9395592E-01 0.1003477 0.1059496 0.1107658 0.1151233 0.1204487 0.1313340 0.1477986 0.1477986 -9999.000 -9999.000 -9999.000 -9999.000 -9999.000 -9999.000 -9999.000 -9999.000 -9999.000 -9999.000 -9999.000 -9999.000 -9999.000 -9999.000 -9999.000 -9999.000 -9999.000 -9999.000 -9999.000 -9999.000 -9999.000 -9999.000 -9999.000 -9999.000 -9999.000 -9999.000 -9999.000 -9999.000 -9999.000
-9999.000 -9999.000 -9999.000 -9999.000 -9999.000 -9999.000 -9999.000 -9999.000 -9999.000 -9999.000 -9999.000 -9999.000 -9999.000 -9999.000 -9999.000 0.8112583E-01 0.6110900E-01 0.5484965E-01 0.5758014E-01 0.6557067E-01 0.7497202E-01 0.8442939E-01 0.9337733E-01 0.1010970 0.1079753 0.1139842 0.1194895 0.1261900 0.1396384 0.1611813 0.1611813 -9999.000 -9999.000 -9999.000 -9999.000 -9999.000 -9999.000 -9999.000 -9999.000 -9999.000 -9999.000 -9999.000 -9999.000 -9999.000 -9999.000 -9999.000 -9999.000 -9999.000 -9999.000 -9999.000 -9999.000 -9999.000 -9999.000 -9999.000 -9999.000 -9999.000 -9999.000 -9999.000 -9999.000 -9999.000
-9999.000 -9999.000 -9999.000 -9999.000 -9999.000 -9999.000 -9999.000 -9999.000 -9999.000 -9999.000 -9999.000 -9999.000 -9999.000 -9999.000 -9999.000 0.7775082E-01 0.5491352E-01 0.4790851E-01 0.5135617E-01 0.6068444E-01 0.7151599E-01 0.8242367E-01 0.9281942E-01 0.1018733 0.1100499 0.1172772 0.1239624 0.1320978 0.1482837 0.1758441 0.1758441 -9999.000 -9999.000 -9999.000 -9999.000 -9999.000 -9999.000 -9999.000 -9999.000 -9999.000 -9999.000 -9999.000 -9999.000 -9999.000 -9999.000 -9999.000 -9999.000 -9999.000 -9999.000 -9999.000 -9999.000 -9999.000 -9999.000 -9999.000 -9999.000 -9999.000 -9999.000 -9999.000 -9999.000 -9999.000
-9999.000 -9999.000 -9999.000 -9999.000 -9999.000 -9999.000 -9999.000 -9999.000 -9999.000 -9999.000 -9999.000 -9999.000 -9999.000 -9999.000 -9999.000 0.7401780E-01 0.4845231E-01 0.4090313E-01 0.4527172E-01 0.5595069E-01 0.6816287E-01 0.8048269E-01 0.9231130E-01 0.1026955 0.1121855 0.1206500 0.1285407 0.1381707 0.1572928 0.1920502 0.1920502 -9999.000 -9999.000 -9999.000 -9999.000 -9999.000 -9999.000 -9999.000 -9999.000 -9999.000 -9999.000 -9999.000 -9999.000 -9999.000 -9999.000 -9999.000 -9999.000 -9999.000 -9999.000 -9999.000 -9999.000 -9999.000 -9999.000 -9999.000 -9999.000 -9999.000 -9999.000 -9999.000 -9999.000 -9999.000
-9999.000 -9999.000 -9999.000 -9999.000 -9999.000 -9999.000 -9999.000 -9999.000 -9999.000 -9999.000 -9999.000 -9999.000 -9999.000 -9999.000 -9999.000 0.6986578E-01 0.4171720E-01 0.3398984E-01 0.3955367E-01 0.5151293E-01 0.6499313E-01 0.7865357E-01 0.9188286E-01 0.1035825 0.1143939 0.1241075 0.1332240 0.1444099 0.1666948 0.2101524 0.2101524 -9999.000 -9999.000 -9999.000 -9999.000 -9999.000 -9999.000 -9999.000 -9999.000 -9999.000 -9999.000 -9999.000 -9999.000 -9999.000 -9999.000 -9999.000 -9999.000 -9999.000 -9999.000 -9999.000 -9999.000 -9999.000 -9999.000 -9999.000 -9999.000 -9999.000 -9999.000 -9999.000 -9999.000 -9999.000
-9999.000 -9999.000 -9999.000 -9999.000 -9999.000 -9999.000 -9999.000 -9999.000 -9999.000 -9999.000 -9999.000 -9999.000 -9999.000 -9999.000 -9999.000 0.6522099E-01 0.3472037E-01 0.2752779E-01 0.3460199E-01 0.4758303E-01 0.6211586E-01 0.7699803E-01 0.9157269E-01 0.1045592 0.1166915 0.1276584 0.1380143 0.1508180 0.1765258 0.2306281 0.2306281 -9999.000 -9999.000 -9999.000 -9999.000 -9999.000 -9999.000 -9999.000 -9999.000 -9999.000 -9999.000 -9999.000 -9999.000 -9999.000 -9999.000 -9999.000 -9999.000 -9999.000 -9999.000 -9999.000 -9999.000 -9999.000 -9999.000 -9999.000 -9999.000 -9999.000 -9999.000 -9999.000 -9999.000 -9999.000
-9999.000 -9999.000 -9999.000 -9999.000 -9999.000 -9999.000 -9999.000 -9999.000 -9999.000 -9999.000 -9999.000 -9999.000 -9999.000 -9999.000 -9999.000 0.5999535E-01 0.2753988E-01 0.2236198E-01 0.3108726E-01 0.4447023E-01 0.5968429E-01 0.7560380E-01 0.9143762E-01 0.1056636 0.1191056 0.1313194 0.1429197 0.1574027 0.1868280 0.2541317 0.2541317 -9999.000 -9999.000 -9999.000 -9999.000 -9999.000 -9999.000 -9999.000 -9999.000 -9999.000 -9999.000 -9999.000 -9999.000 -9999.000 -9999.000 -9999.000 -9999.000 -9999.000 -9999.000 -9999.000 -9999.000 -9999.000 -9999.000 -9999.000 -9999.000 -9999.000 -9999.000 -9999.000 -9999.000 -9999.000
-9999.000 -9999.000 -9999.000 -9999.000 -9999.000 -9999.000 -9999.000 -9999.000 -9999.000 -9999.000 -9999.000 -9999.000 -9999.000 -9999.000 -9999.000 0.5408050E-01 0.2048073E-01 0.2019853E-01 0.2994623E-01 0.4261272E-01 0.5792760E-01 0.7460983E-01 0.9157277E-01 0.1069653 0.1216896 0.1351275 0.1479641 0.1641834 0.1976552 0.2815855 0.2815855 -9999.000 -9999.000 -9999.000 -9999.000 -9999.000 -9999.000 -9999.000 -9999.000 -9999.000 -9999.000 -9999.000 -9999.000 -9999.000 -9999.000 -9999.000 -9999.000 -9999.000 -9999.000 -9999.000 -9999.000 -9999.000 -9999.000 -9999.000 -9999.000 -9999.000 -9999.000 -9999.000 -9999.000 -9999.000
-9999.000 -9999.000 -9999.000 -9999.000 -9999.000 -9999.000 -9999.000 -9999.000 -9999.000 -9999.000 -9999.000 -9999.000 -9999.000 -9999.000 -9999.000 0.4697543E-01 0.1560205E-01 0.2458052E-01 0.3378399E-01 0.4410972E-01 0.5839873E-01 0.7514893E-01 0.9280858E-01 0.1090820 0.1249020 0.1394191 0.1533886 0.1713309 0.2091600 0.3143966 0.3143966 -9999.000 -9999.000 -9999.000 -9999.000 -9999.000 -9999.000 -9999.000 -9999.000 -9999.000 -9999.000 -9999.000 -9999.000 -9999.000 -9999.000 -9999.000 -9999.000 -9999.000 -9999.000 -9999.000 -9999.000 -9999.000 -9999.000 -9999.000 -9999.000 -9999.000 -9999.000 -9999.000 -9999.000 -9999.000
-9999.000 -9999.000 -9999.000 -9999.000 -9999.000 -9999.000 -9999.000 -9999.000 -9999.000 -9999.000 -9999.000 -9999.000 -9999.000 -9999.000 -9999.000 0.7397953E-01 0.1129932 0.1300584 0.1216386 0.1111347 0.1065968 0.1076167 0.1139750 0.1229928 0.1345347 0.1467157 0.1597317 0.1782906 0.2203805 0.3518230 0.3518230 -9999.000 -9999.000 -9999.000 -9999.000 -9999.000 -9999.000 -9999.000 -9999.000 -9999.000 -9999.000 -9999.000 -9999.000 -9999.000 -9999.000 -9999.000 -9999.000 -9999.000 -9999.000 -9999.000 -9999.000 -9999.000 -9999.000 -9999.000 -9999.000 -9999.000 -9999.000 -9999.000 -9999.000 -9999.000
2.801812 2.801812 2.807393 2.819125 2.838017 2.838017 2.840795 2.841090 2.841090 2.837952 2.837952 2.832291 2.828750 2.824835 2.820848 2.820848 2.947292 2.950934 2.951984 2.935580 2.896340 2.835515 2.752309 2.645229 2.518803 2.373641 2.213827 2.049105 1.905608 1.858235 1.858235 2.679555 2.850604 2.948798 2.973196 2.973196 3.004849 3.004849 2.984335 2.984335 2.938341 2.752002 2.752002 2.354007 2.354007 2.063239 2.063239 2.063239 2.051799 2.051799 2.085474 2.085474 2.133824 2.133824 2.183699 2.183699 2.227898 2.227898 2.227898 2.262509
2.823472 2.823472 2.837974 2.871883 2.897933 2.897933 2.912666 2.935614 2.935614 2.954609 2.954609 2.970888 2.978252 2.985198 2.992006 2.992006 3.086315 3.103714 3.118698 3.129069 3.133638 3.131614 3.120722 3.097801 3.061296 3.008640 2.938525 2.851959 2.755637 2.683992 2.683992 3.120818 3.273516 3.422093 3.462651 3.462651 3.508276 3.508276 3.507547 3.507547 3.485027 3.380050 3.380050 3.160178 3.160178 2.892635 2.892635 2.892635 2.879077 2.879077 2.914812 2.914812 2.966321 2.966321 3.018749 3.018749 3.066084 3.066084 3.066084 3.105430
2.827712 2.827712 2.836836 2.873224 2.897412 2.897412 2.913002 2.936967 2.936967 2.956630 2.956630 2.973609 2.981354 2.988707 2.995968 2.995968 3.080646 3.109715 3.135807 3.158021 3.175828 3.189269 3.197874 3.200438 3.196134 3.183258 3.160093 3.125889 3.083308 3.051511 3.051511 3.297554 3.443466 3.613151 3.662836 3.662836 3.712679 3.712679 3.699767 3.699767 3.669724 3.570703 3.570703 3.420054 3.420054 3.187554 3.187554 3.187554 3.157573 3.157573 3.181301 3.181301 3.224413 3.224413 3.270759 3.270759 3.313541 3.313541 3.313541 3.349550
2.830068 2.830068 2.840198 2.873424 2.896326 2.896326 2.912414 2.936874 2.936874 2.956546 2.956546 2.973493 2.981242 2.988608 2.995947 2.995947 3.075024 3.114011 3.150497 3.182743 3.209882 3.231815 3.248572 3.259954 3.266031 3.266477 3.260725 3.248500 3.231399 3.221220 3.221220 3.372242 3.501147 3.674911 3.727821 3.727821 3.769871 3.769871 3.732838 3.732838 3.693322 3.605696 3.605696 3.511961 3.511961 3.329856 3.329856 3.329856 3.285376 3.285376 3.294965 3.294965 3.329548 3.329548 3.371052 3.371052 3.410696 3.410696 3.410696 3.444315
2.828682 2.828682 2.846998 2.874081 2.896194 2.896194 2.912675 2.937620 2.937620 2.957330 2.957330 2.974247 2.981987 2.989347 2.996769 2.996769 3.074490 3.122054 3.167965 3.209442 3.245196 3.274837 3.298362 3.315821 3.327514 3.333703 3.334584 3.330549 3.323174 3.320493 3.320493 3.416424 3.523854 3.686127 3.732205 3.732205 3.743310 3.743310 3.675762 3.675762 3.635693 3.579141 3.579141 3.539098 3.539098 3.417252 3.417252 3.417252 3.365724 3.365724 3.360188 3.360188 3.383688 3.383688 3.418645 3.418645 3.454187 3.454187 3.454187 3.484732
2.829043 2.829043 2.850633 2.873918 2.895560 2.895560 2.912315 2.937642 2.937642 2.957384 2.957384 2.974278 2.982011 2.989368 2.996917 2.996917 3.078549 3.134025 3.188471 3.238307 3.281953 3.318810 3.348777 3.371930 3.388561 3.399053 3.403849 3.403607 3.399849 3.398305 3.398305 3.457940 3.541201 3.672386 3.695735 3.695735 3.650861 3.650861 3.569180 3.569180 3.544470 3.533696 3.533696 3.538922 3.538922 3.476432 3.476432 3.476432 3.428220 3.428220 3.410616 3.410616 3.421458 3.421458 3.447513 3.447513 3.477018 3.477018 3.477018 3.503030
2.829264 2.829264 2.852775 2.873795 2.895171 2.895171 2.912081 2.937648 2.937648 2.957410 2.957410 2.974285 2.982013 2.989368 2.997097 2.997097 3.088730 3.152040 3.214253 3.271463 3.322006 3.365235 3.401002 3.429384 3.450635 3.465113 3.473276 3.475785 3.473922 3.471643 3.471643 3.505956 3.563109 3.633522 3.611815 3.611815 3.506179 3.506179 3.449728 3.449728 3.452150 3.487028 3.487028 3.525682 3.525682 3.514396 3.514396 3.514396 3.478622 3.478622 3.455238 3.455238 3.454240 3.454240 3.469703 3.469703 3.491145 3.491145 3.491145 3.510922
2.829339 2.829339 2.853482 2.873750 2.895040 2.895040 2.912002 2.937649 2.937649 2.957418 2.957418 2.974287 2.982013 2.989368 2.997350 2.997350 3.106148 3.177669 3.247073 3.310667 3.366982 3.415492 3.456118 3.488975 3.514301 3.532417 3.543727 3.548790 3.548549 3.545321 3.545321 3.560795 3.587777 3.548848 3.464550 3.464550 3.338939 3.338939 3.343991 3.343991 3.373666 3.443298 3.443298 3.504831 3.504831 3.534484 3.534484 3.534484 3.516529 3.516529 3.494504 3.494504 3.484813 3.484813 3.489295 3.489295 3.501012 3.501012 3.501012 3.512884
2.829265 2.829265 2.852775 2.873795 2.895170 2.895170 2.912081 2.937648 2.937648 2.957410 2.957410 2.974285 2.982013 2.989368 2.997704 2.997704 3.132353 3.212745 3.288873 3.357833 3.418661 3.471152 3.515411 3.551674 3.580218 3.601351 3.615415 3.622840 3.624156 3.619644 3.619644 3.617375 3.600645 3.388828 3.258142 3.258142 3.189299 3.189299 3.264001 3.264001 3.312283 3.403568 3.403568 3.480176 3.480176 3.540804 3.540804 3.540804 3.541892 3.541892 3.526949 3.526949 3.513070 3.513070 3.507603 3.507603 3.508623 3.508623 3.508623 3.511165
2.829043 2.829043 2.850633 2.873918 2.895560 2.895560 2.912314 2.937642 2.937642 2.957384 2.957384 2.974277 2.982011 2.989368 2.998190 2.998190 3.169657 3.259655 3.341970 3.415128 3.479012 3.533939 3.580340 3.618644 3.649232 3.672436 3.688567 3.697919 3.700359 3.692151 3.692151 3.661836 3.564100 3.151689 3.038267 3.038267 3.080897 3.080897 3.202154 3.202154 3.260435 3.364373 3.364373 3.451342 3.451342 3.534934 3.534934 3.534934 3.553491 3.553491 3.548879 3.548879 3.535096 3.535096 3.521949 3.521949 3.512339 3.512339 3.512339 3.504750
2.828681 2.828681 2.846999 2.874081 2.896194 2.896194 2.912675 2.937620 2.937620 2.957330 2.957330 2.974247 2.981987 2.989347 2.998842 2.998842 3.221622 3.321689 3.409313 3.485143 3.550285 3.605790 3.652535 3.691219 3.722373 3.746397 3.763595 3.774082 3.776052 3.754146 3.754146 3.655680 3.412529 2.894546 2.867599 2.867599 3.005722 3.005722 3.148218 3.148218 3.211393 3.323045 3.323045 3.417431 3.417431 3.517606 3.517606 3.517606 3.550556 3.550556 3.556974 3.556974 3.546297 3.546297 3.528188 3.528188 3.508934 3.508934 3.508934 3.491191
2.830067 2.830067 2.840198 2.873425 2.896325 2.896325 2.912415 2.936874 2.936874 2.956545 2.956545 2.973494 2.981243 2.988608 2.999041 2.999041 3.293331 3.403078 3.494292 3.570579 3.634641 3.688445 3.733406 3.770532 3.800529 3.823881 3.840907 3.851236 3.846982 3.772677 3.772677 3.511619 3.103708 2.706982 2.758300 2.758300 2.939288 2.939288 3.090350 3.090350 3.156265 3.273409 3.273409 3.373381 3.373381 3.485369 3.485369 3.485369 3.529316 3.529316 3.545600 3.545600 3.539437 3.539437 3.518750 3.518750 3.491531 3.491531 3.491531 3.464514
