cruce_test.gid/Rasters/Hydraulic/Velocity__x_143.0.asc
NCOLS        79
NROWS        79
XLLCENTER         -1.500000
YLLCENTER         -4.800000
CELLSIZE           0.100
NODATA_VALUE     -9999.0
[rows 0 to 25 of 79, columns 0 to 57 of 79]
-9999.000 -9999.000 -9999.000 -9999.000 -9999.000 -9999.000 -9999.000 -9999.000 -9999.000 -9999.000 -9999.000 -9999.000 -9999.000 -9999.000 -9999.000 0.3661836E-03 0.1664569E-02 0.3916634E-02 0.6120949E-02 0.8100296E-02 0.9747293E-02 0.1100017E-01 0.1184249E-01 0.1229310E-01 0.1239202E-01 0.1216938E-01 0.1159243E-01 0.1037224E-01 0.7543870E-02 0.3662458E-02 0.3662458E-02 -9999.000 -9999.000 -9999.000 -9999.000 -9999.000 -9999.000 -9999.000 -9999.000 -9999.000 -9999.000 -9999.000 -9999.000 -9999.000 -9999.000 -9999.000 -9999.000 -9999.000 -9999.000 -9999.000 -9999.000 -9999.000 -9999.000 -9999.000 -9999.000 -9999.000 -9999.000 -9999.000
-9999.000 -9999.000 -9999.000 -9999.000 -9999.000 -9999.000 -9999.000 -9999.000 -9999.000 -9999.000 -9999.000 -9999.000 -9999.000 -9999.000 -9999.000 0.1283969E-02 0.3556767E-02 0.6812255E-02 0.9971553E-02 0.1281293E-01 0.1518259E-01 0.1697692E-01 0.1814251E-01 0.1866738E-01 0.1856533E-01 0.1784486E-01 0.1646021E-01 0.1414180E-01 0.1004045E-01 0.4906963E-02 0.4906963E-02 -9999.000 -9999.000 -9999.000 -9999.000 -9999.000 -9999.000 -9999.000 -9999.000 -9999.000 -9999.000 -9999.000 -9999.000 -9999.000 -9999.000 -9999.000 -9999.000 -9999.000 -9999.000 -9999.000 -9999.000 -9999.000 -9999.000 -9999.000 -9999.000 -9999.000 -9999.000 -9999.000
-9999.000 -9999.000 -9999.000 -9999.000 -9999.000 -9999.000 -9999.000 -9999.000 -9999.000 -9999.000 -9999.000 -9999.000 -9999.000 -9999.000 -9999.000 0.1854814E-02 0.4768708E-02 0.8723295E-02 0.1252459E-01 0.1592470E-01 0.1874595E-01 0.2086396E-01 0.2220923E-01 0.2275942E-01 0.2252445E-01 0.2151431E-01 0.1968952E-01 0.1678301E-01 0.1192045E-01 0.5874878E-02 0.5874878E-02 -9999.000 -9999.000 -9999.000 -9999.000 -9999.000 -9999.000 -9999.000 -9999.000 -9999.000 -9999.000 -9999.000 -9999.000 -9999.000 -9999.000 -9999.000 -9999.000 -9999.000 -9999.000 -9999.000 -9999.000 -9999.000 -9999.000 -9999.000 -9999.000 -9999.000 -9999.000 -9999.000
-9999.000 -9999.000 -9999.000 -9999.000 -9999.000 -9999.000 -9999.000 -9999.000 -9999.000 -9999.000 -9999.000 -9999.000 -9999.000 -9999.000 -9999.000 0.2258066E-02 0.5625703E-02 0.1007557E-01 0.1433361E-01 0.1813280E-01 0.2127898E-01 0.2363394E-01 0.2511932E-01 0.2570850E-01 0.2541072E-01 0.2423852E-01 0.2215436E-01 0.1888099E-01 0.1349194E-01 0.6712929E-02 0.6712929E-02 -9999.000 -9999.000 -9999.000 -9999.000 -9999.000 -9999.000 -9999.000 -9999.000 -9999.000 -9999.000 -9999.000 -9999.000 -9999.000 -9999.000 -9999.000 -9999.000 -9999.000 -9999.000 -9999.000 -9999.000 -9999.000 -9999.000 -9999.000 -9999.000 -9999.000 -9999.000 -9999.000
-9999.000 -9999.000 -9999.000 -9999.000 -9999.000 -9999.000 -9999.000 -9999.000 -9999.000 -9999.000 -9999.000 -9999.000 -9999.000 -9999.000 -9999.000 0.2579795E-02 0.6306328E-02 0.1114538E-01 0.1576502E-01 0.1988467E-01 0.2329721E-01 0.2585424E-01 0.2747131E-01 0.2811913E-01 0.2780747E-01 0.2655002E-01 0.2430788E-01 0.2078576E-01 0.1498647E-01 0.7535001E-02 0.7535001E-02 -9999.000 -9999.000 -9999.000 -9999.000 -9999.000 -9999.000 -9999.000 -9999.000 -9999.000 -9999.000 -9999.000 -9999.000 -9999.000 -9999.000 -9999.000 -9999.000 -9999.000 -9999.000 -9999.000 -9999.000 -9999.000 -9999.000 -9999.000 -9999.000 -9999.000 -9999.000 -9999.000
-9999.000 -9999.000 -9999.000 -9999.000 -9999.000 -9999.000 -9999.000 -9999.000 -9999.000 -9999.000 -9999.000 -9999.000 -9999.000 -9999.000 -9999.000 0.2870154E-02 0.6916011E-02 0.1209670E-01 0.1703596E-01 0.2144263E-01 0.2509911E-01 0.2784869E-01 0.2960223E-01 0.3032881E-01 0.3003872E-01 0.2874638E-01 0.2640911E-01 0.2270688E-01 0.1655335E-01 0.8418460E-02 0.8418460E-02 -9999.000 -9999.000 -9999.000 -9999.000 -9999.000 -9999.000 -9999.000 -9999.000 -9999.000 -9999.000 -9999.000 -9999.000 -9999.000 -9999.000 -9999.000 -9999.000 -9999.000 -9999.000 -9999.000 -9999.000 -9999.000 -9999.000 -9999.000 -9999.000 -9999.000 -9999.000 -9999.000
-9999.000 -9999.000 -9999.000 -9999.000 -9999.000 -9999.000 -9999.000 -9999.000 -9999.000 -9999.000 -9999.000 -9999.000 -9999.000 -9999.000 -9999.000 0.3158399E-02 0.7515992E-02 0.1302487E-01 0.1827225E-01 0.2295890E-01 0.2685804E-01 0.2980549E-01 0.3170864E-01 0.3253558E-01 0.3229789E-01 0.3100995E-01 0.2862331E-01 0.2478631E-01 0.1830332E-01 0.9424749E-02 0.9424749E-02 -9999.000 -9999.000 -9999.000 -9999.000 -9999.000 -9999.000 -9999.000 -9999.000 -9999.000 -9999.000 -9999.000 -9999.000 -9999.000 -9999.000 -9999.000 -9999.000 -9999.000 -9999.000 -9999.000 -9999.000 -9999.000 -9999.000 -9999.000 -9999.000 -9999.000 -9999.000 -9999.000
-9999.000 -9999.000 -9999.000 -9999.000 -9999.000 -9999.000 -9999.000 -9999.000 -9999.000 -9999.000 -9999.000 -9999.000 -9999.000 -9999.000 -9999.000 0.3462119E-02 0.8143583E-02 0.1398828E-01 0.1955153E-01 0.2452766E-01 0.2868198E-01 0.3184358E-01 0.3391683E-01 0.3487012E-01 0.3471677E-01 0.3347100E-01 0.3107633E-01 0.2714221E-01 0.2033942E-01 0.1061566E-01 0.1061566E-01 -9999.000 -9999.000 -9999.000 -9999.000 -9999.000 -9999.000 -9999.000 -9999.000 -9999.000 -9999.000 -9999.000 -9999.000 -9999.000 -9999.000 -9999.000 -9999.000 -9999.000 -9999.000 -9999.000 -9999.000 -9999.000 -9999.000 -9999.000 -9999.000 -9999.000 -9999.000 -9999.000
-9999.000 -9999.000 -9999.000 -9999.000 -9999.000 -9999.000 -9999.000 -9999.000 -9999.000 -9999.000 -9999.000 -9999.000 -9999.000 -9999.000 -9999.000 0.3794099E-02 0.8825155E-02 0.1502826E-01 0.2092870E-01 0.2621630E-01 0.3064919E-01 0.3405062E-01 0.3632309E-01 0.3743594E-01 0.3740512E-01 0.3624442E-01 0.3388752E-01 0.2989603E-01 0.2277849E-01 0.1206508E-01 0.1206508E-01 -9999.000 -9999.000 -9999.000 -9999.000 -9999.000 -9999.000 -9999.000 -9999.000 -9999.000 -9999.000 -9999.000 -9999.000 -9999.000 -9999.000 -9999.000 -9999.000 -9999.000 -9999.000 -9999.000 -9999.000 -9999.000 -9999.000 -9999.000 -9999.000 -9999.000 -9999.000 -9999.000
-9999.000 -9999.000 -9999.000 -9999.000 -9999.000 -9999.000 -9999.000 -9999.000 -9999.000 -9999.000 -9999.000 -9999.000 -9999.000 -9999.000 -9999.000 0.4164567E-02 0.9583267E-02 0.1618053E-01 0.2245220E-01 0.2808527E-01 0.3283136E-01 0.3650884E-01 0.3901962E-01 0.4033582E-01 0.4047652E-01 0.3945566E-01 0.3719494E-01 0.3319751E-01 0.2577312E-01 0.1387214E-01 0.1387214E-01 -9999.000 -9999.000 -9999.000 -9999.000 -9999.000 -9999.000 -9999.000 -9999.000 -9999.000 -9999.000 -9999.000 -9999.000 -9999.000 -9999.000 -9999.000 -9999.000 -9999.000 -9999.000 -9999.000 -9999.000 -9999.000 -9999.000 -9999.000 -9999.000 -9999.000 -9999.000 -9999.000
-9999.000 -9999.000 -9999.000 -9999.000 -9999.000 -9999.000 -9999.000 -9999.000 -9999.000 -9999.000 -9999.000 -9999.000 -9999.000 -9999.000 -9999.000 0.4584754E-02 0.1044239E-01 0.1748508E-01 0.2417667E-01 0.3020285E-01 0.3531042E-01 0.3931383E-01 0.4211634E-01 0.4369447E-01 0.4407312E-01 0.4326654E-01 0.4118242E-01 0.3725192E-01 0.2954118E-01 0.1618104E-01 0.1618104E-01 -9999.000 -9999.000 -9999.000 -9999.000 -9999.000 -9999.000 -9999.000 -9999.000 -9999.000 -9999.000 -9999.000 -9999.000 -9999.000 -9999.000 -9999.000 -9999.000 -9999.000 -9999.000 -9999.000 -9999.000 -9999.000 -9999.000 -9999.000 -9999.000 -9999.000 -9999.000 -9999.000
-9999.000 -9999.000 -9999.000 -9999.000 -9999.000 -9999.000 -9999.000 -9999.000 -9999.000 -9999.000 -9999.000 -9999.000 -9999.000 -9999.000 -9999.000 0.5069172E-02 0.1143390E-01 0.1899325E-01 0.2617343E-01 0.3266070E-01 0.3819745E-01 0.4259627E-01 0.4576456E-01 0.4768634E-01 0.4839542E-01 0.4790816E-01 0.4611614E-01 0.4236224E-01 0.3441088E-01 0.1921178E-01 0.1921178E-01 -9999.000 -9999.000 -9999.000 -9999.000 -9999.000 -9999.000 -9999.000 -9999.000 -9999.000 -9999.000 -9999.000 -9999.000 -9999.000 -9999.000 -9999.000 -9999.000 -9999.000 -9999.000 -9999.000 -9999.000 -9999.000 -9999.000 -9999.000 -9999.000 -9999.000 -9999.000 -9999.000
-9999.000 -9999.000 -9999.000 -9999.000 -9999.000 -9999.000 -9999.000 -9999.000 -9999.000 -9999.000 -9999.000 -9999.000 -9999.000 -9999.000 -9999.000 0.5638360E-02 0.1260349E-01 0.2078046E-01 0.2854812E-01 0.3559422E-01 0.4165800E-01 0.4655249E-01 0.5019321E-01 0.5257653E-01 0.5375013E-01 0.5373619E-01 0.5240916E-01 0.4900344E-01 0.4090554E-01 0.2331702E-01 0.2331702E-01 -9999.000 -9999.000 -9999.000 -9999.000 -9999.000 -9999.000 -9999.000 -9999.000 -9999.000 -9999.000 -9999.000 -9999.000 -9999.000 -9999.000 -9999.000 -9999.000 -9999.000 -9999.000 -9999.000 -9999.000 -9999.000 -9999.000 -9999.000 -9999.000 -9999.000 -9999.000 -9999.000
-9999.000 -9999.000 -9999.000 -9999.000 -9999.000 -9999.000 -9999.000 -9999.000 -9999.000 -9999.000 -9999.000 -9999.000 -9999.000 -9999.000 -9999.000 0.6386526E-02 0.1413353E-01 0.2311626E-01 0.3163932E-01 0.3939425E-01 0.4612320E-01 0.5164760E-01 0.5590137E-01 0.5890432E-01 0.6072837E-01 0.6140929E-01 0.6080636E-01 0.5802030E-01 0.4995904E-01 0.2914857E-01 0.2914857E-01 -9999.000 -9999.000 -9999.000 -9999.000 -9999.000 -9999.000 -9999.000 -9999.000 -9999.000 -9999.000 -9999.000 -9999.000 -9999.000 -9999.000 -9999.000 -9999.000 -9999.000 -9999.000 -9999.000 -9999.000 -9999.000 -9999.000 -9999.000 -9999.000 -9999.000 -9999.000 -9999.000
-9999.000 -9999.000 -9999.000 -9999.000 -9999.000 -9999.000 -9999.000 -9999.000 -9999.000 -9999.000 -9999.000 -9999.000 -9999.000 -9999.000 -9999.000 0.2098681E-01 0.3465070E-01 0.4784872E-01 0.5779563E-01 0.6503569E-01 0.7000376E-01 0.7310512E-01 0.7471917E-01 0.7517372E-01 0.7472298E-01 0.7346918E-01 0.7125513E-01 0.6699044E-01 0.5714915E-01 0.2933171E-01 0.2933171E-01 -9999.000 -9999.000 -9999.000 -9999.000 -9999.000 -9999.000 -9999.000 -9999.000 -9999.000 -9999.000 -9999.000 -9999.000 -9999.000 -9999.000 -9999.000 -9999.000 -9999.000 -9999.000 -9999.000 -9999.000 -9999.000 -9999.000 -9999.000 -9999.000 -9999.000 -9999.000 -9999.000
2.425920 2.425920 2.470495 2.512356 2.518648 2.518648 2.522524 2.526178 2.526178 2.526448 2.526448 2.524451 2.522804 2.520801 2.518486 2.518486 2.453698 2.433283 2.404308 2.362072 2.304379 2.229585 2.137331 2.028164 1.903606 1.766760 1.624362 1.488658 1.385429 1.374218 1.374218 2.215559 2.367857 2.429589 2.439830 2.439830 2.441725 2.441725 2.380706 2.380706 2.313004 1.963435 1.963435 1.645987 1.645987 1.573012 1.573012 1.573012 1.607097 1.607097 1.655188 1.655188 1.703799 1.703799 1.746864 1.746864 1.781790 1.781790
2.442038 2.442038 2.501348 2.557761 2.574275 2.574275 2.588355 2.612296 2.612296 2.632687 2.632687 2.650655 2.658931 2.666808 2.674333 2.674333 2.647236 2.646118 2.647521 2.646701 2.640276 2.625285 2.599214 2.559918 2.505753 2.435905 2.347816 2.251810 2.162943 2.126274 2.126274 2.589601 2.742889 2.873643 2.904423 2.904423 2.929160 2.929160 2.903813 2.903813 2.866771 2.692650 2.692650 2.429732 2.429732 2.335656 2.335656 2.335656 2.368544 2.368544 2.415267 2.415267 2.463665 2.463665 2.509405 2.509405 2.548535 2.548535
2.445668 2.445668 2.505383 2.558041 2.574728 2.574728 2.589041 2.613487 2.613487 2.634434 2.634434 2.653038 2.661666 2.669918 2.677840 2.677840 2.660940 2.665290 2.676235 2.688521 2.698665 2.704303 2.703661 2.695148 2.677223 2.648542 2.607050 2.556754 2.506035 2.482890 2.482890 2.774007 2.920799 3.077647 3.118267 3.118267 3.147986 3.147986 3.116294 3.116294 3.078422 2.954139 2.954139 2.759843 2.759843 2.644859 2.644859 2.644859 2.665566 2.665566 2.704473 2.704473 2.746878 2.746878 2.786584 2.786584 2.820438 2.820438
2.448563 2.448563 2.508483 2.557967 2.574614 2.574614 2.588974 2.613498 2.613498 2.634466 2.634466 2.653077 2.661709 2.669968 2.677898 2.677898 2.669760 2.678590 2.695479 2.714709 2.732360 2.746124 2.754663 2.757107 2.752747 2.740950 2.720530 2.693700 2.666239 2.657306 2.657306 2.841956 2.976670 3.142375 3.187006 3.187006 3.211427 3.211427 3.165448 3.165448 3.126751 3.037462 3.037462 2.909089 2.909089 2.788592 2.788592 2.788592 2.795314 2.795314 2.826897 2.826897 2.864915 2.864915 2.901139 2.901139 2.932199 2.932199
2.450777 2.450777 2.510840 2.557920 2.574499 2.574499 2.588895 2.613492 2.613492 2.634474 2.634474 2.653080 2.661708 2.669966 2.677894 2.677894 2.679820 2.694405 2.717204 2.742419 2.765946 2.785359 2.799339 2.807210 2.808648 2.803547 2.791552 2.774367 2.756601 2.752170 2.752170 2.872528 2.988745 3.146392 3.185375 3.185375 3.188230 3.188230 3.131223 3.131223 3.100326 3.051016 3.051016 2.983280 2.983280 2.876968 2.876968 2.876968 2.868925 2.868925 2.890451 2.890451 2.922628 2.922628 2.955253 2.955253 2.983609 2.983609
2.452337 2.452337 2.512496 2.557898 2.574404 2.574404 2.588825 2.613486 2.613486 2.634481 2.634481 2.653081 2.661708 2.669963 2.677891 2.677891 2.691749 2.713481 2.742565 2.773400 2.802087 2.826276 2.844651 2.856534 2.861665 2.860077 2.851815 2.838281 2.823275 2.817303 2.817303 2.893833 2.986829 3.115113 3.135012 3.135012 3.105131 3.105131 3.055935 3.055935 3.043411 3.036999 3.036999 3.018201 3.018201 2.941373 2.941373 2.941373 2.922677 2.922677 2.932575 2.932575 2.956875 2.956875 2.984459 2.984459 3.009155 3.009155
2.453264 2.453264 2.513478 2.557889 2.574342 2.574342 2.588778 2.613481 2.613481 2.634486 2.634486 2.653083 2.661707 2.669961 2.677889 2.677889 2.706384 2.736548 2.772316 2.808482 2.841665 2.869831 2.891805 2.906953 2.914999 2.915953 2.909951 2.898052 2.883236 2.873326 2.873326 2.917169 2.982106 3.050489 3.037555 3.037555 2.985629 2.985629 2.972754 2.972754 2.983007 3.013747 3.013747 3.030374 3.030374 2.989789 2.989789 2.989789 2.967948 2.967948 2.967455 2.967455 2.982375 2.982375 3.003124 3.003124 3.022745 3.022745
2.453572 2.453572 2.513805 2.557888 2.574321 2.574321 2.588762 2.613480 2.613480 2.634489 2.634489 2.653083 2.661707 2.669962 2.677889 2.677889 2.724932 2.764644 2.807376 2.848526 2.885463 2.916685 2.941327 2.958902 2.969170 2.972097 2.967786 2.956954 2.941726 2.927373 2.927373 2.944510 2.973220 2.940269 2.893914 2.893914 2.859960 2.859960 2.899575 2.899575 2.929204 2.986939 2.986939 3.027958 3.027958 3.023108 3.023108 3.023108 3.005739 3.005739 2.998562 2.998562 3.004035 3.004035 3.016505 3.016505 3.029587 3.029587
2.453264 2.453264 2.513479 2.557889 2.574342 2.574342 2.588778 2.613481 2.613481 2.634486 2.634486 2.653082 2.661706 2.669961 2.677889 2.677889 2.749066 2.799206 2.848908 2.894490 2.934273 2.967459 2.993640 3.012594 3.024202 3.028431 3.025331 3.015316 2.999637 2.980510 2.980510 2.970907 2.944590 2.775405 2.724858 2.724858 2.754330 2.754330 2.839581 2.839581 2.882077 2.957825 2.957825 3.015731 3.015731 3.042013 3.042013 3.042013 3.034379 3.034379 3.025233 3.025233 3.022752 3.022752 3.026281 3.026281 3.031604 3.031604
2.452337 2.452337 2.512496 2.557897 2.574404 2.574404 2.588825 2.613486 2.613486 2.634481 2.634481 2.653081 2.661707 2.669962 2.677890 2.677890 2.781100 2.842171 2.898380 2.947445 2.988858 3.022664 3.049031 3.068099 3.079943 3.084596 3.082076 3.072546 3.056184 3.029976 3.029976 2.980703 2.859969 2.577937 2.572134 2.572134 2.675162 2.675162 2.788394 2.788394 2.838510 2.926431 2.926431 2.996363 2.996363 3.047703 3.047703 3.047703 3.052007 3.052007 3.045034 3.045034 3.037113 3.037113 3.032002 3.032002 3.028871 3.028871
2.450777 2.450777 2.510839 2.557920 2.574499 2.574499 2.588894 2.613492 2.613492 2.634474 2.634474 2.653079 2.661708 2.669965 2.677894 2.677894 2.824308 2.896121 2.957594 3.008532 3.049853 3.082569 3.107495 3.125188 3.135968 3.139974 3.137229 3.127628 3.109327 3.066237 3.066237 2.933316 2.670799 2.405635 2.462246 2.462246 2.611798 2.611798 2.739794 2.739794 2.794479 2.891245 2.891245 2.969898 2.969898 3.040321 3.040321 3.040321 3.056289 3.056289 3.054085 3.054085 3.043423 3.043423 3.030838 3.030838 3.019301 3.019301
