cruce_test.gid/Rasters/Hydraulic/Velocity__y_319.0.asc
NCOLS        79
NROWS        79
XLLCENTER         -1.500000
YLLCENTER         -4.800000
CELLSIZE           0.100
NODATA_VALUE     -9999.0
[rows 0 to 26 of 79, columns 0 to 58 of 79]
-9999.000 -9999.000 -9999.000 -9999.000 -9999.000 -9999.000 -9999.000 -9999.000 -9999.000 -9999.000 -9999.000 -9999.000 -9999.000 -9999.000 -9999.000 -0.9743971E-01 -0.9544351E-01 -0.9504838E-01 -0.9528379E-01 -0.9574332E-01 -0.9628164E-01 -0.9685664E-01 -0.9738554E-01 -0.9787686E-01 -0.9832368E-01 -0.9872317E-01 -0.9912511E-01 -0.9973656E-01 -0.1011711 -0.1025008 -0.1025008 -9999.000 -9999.000 -9999.000 -9999.000 -9999.000 -9999.000 -9999.000 -9999.000 -9999.000 -9999.000 -9999.000 -9999.000 -9999.000 -9999.000 -9999.000 -9999.000 -9999.000 -9999.000 -9999.000 -9999.000 -9999.000 -9999.000 -9999.000 -9999.000 -9999.000 -9999.000 -9999.000 -9999.000
-9999.000 -9999.000 -9999.000 -9999.000 -9999.000 -9999.000 -9999.000 -9999.000 -9999.000 -9999.000 -9999.000 -9999.000 -9999.000 -9999.000 -9999.000 -0.9608513E-01 -0.9198789E-01 -0.9116256E-01 -0.9170559E-01 -0.9275917E-01 -0.9401004E-01 -0.9536196E-01 -0.9663144E-01 -0.9783119E-01 -0.9894005E-01 -0.9994856E-01 -0.1009575 -0.1023989 -0.1055515 -0.1087893 -0.1087893 -9999.000 -9999.000 -9999.000 -9999.000 -9999.000 -9999.000 -9999.000 -9999.000 -9999.000 -9999.000 -9999.000 -9999.000 -9999.000 -9999.000 -9999.000 -9999.000 -9999.000 -9999.000 -9999.000 -9999.000 -9999.000 -9999.000 -9999.000 -9999.000 -9999.000 -9999.000 -9999.000 -9999.000
-9999.000 -9999.000 -9999.000 -9999.000 -9999.000 -9999.000 -9999.000 -9999.000 -9999.000 -9999.000 -9999.000 -9999.000 -9999.000 -9999.000 -9999.000 -0.9334400E-01 -0.8707210E-01 -0.8579490E-01 -0.8677841E-01 -0.8864903E-01 -0.9089407E-01 -0.9334595E-01 -0.9569498E-01 -0.9794991E-01 -0.1000648 -0.1020127 -0.1039472 -0.1065505 -0.1118584 -0.1177865 -0.1177865 -9999.000 -9999.000 -9999.000 -9999.000 -9999.000 -9999.000 -9999.000 -9999.000 -9999.000 -9999.000 -9999.000 -9999.000 -9999.000 -9999.000 -9999.000 -9999.000 -9999.000 -9999.000 -9999.000 -9999.000 -9999.000 -9999.000 -9999.000 -9999.000 -9999.000 -9999.000 -9999.000 -9999.000
-9999.000 -9999.000 -9999.000 -9999.000 -9999.000 -9999.000 -9999.000 -9999.000 -9999.000 -9999.000 -9999.000 -9999.000 -9999.000 -9999.000 -9999.000 -0.8992758E-01 -0.8158566E-01 -0.7988659E-01 -0.8137499E-01 -0.8414610E-01 -0.8748375E-01 -0.9114734E-01 -0.9469242E-01 -0.9812370E-01 -0.1013637 -0.1043643 -0.1073285 -0.1111985 -0.1188065 -0.1279552 -0.1279552 -9999.000 -9999.000 -9999.000 -9999.000 -9999.000 -9999.000 -9999.000 -9999.000 -9999.000 -9999.000 -9999.000 -9999.000 -9999.000 -9999.000 -9999.000 -9999.000 -9999.000 -9999.000 -9999.000 -9999.000 -9999.000 -9999.000 -9999.000 -9999.000 -9999.000 -9999.000 -9999.000 -9999.000
-9999.000 -9999.000 -9999.000 -9999.000 -9999.000 -9999.000 -9999.000 -9999.000 -9999.000 -9999.000 -9999.000 -9999.000 -9999.000 -9999.000 -9999.000 -0.8606584E-01 -0.7571852E-01 -0.7361243E-01 -0.7564697E-01 -0.7937246E-01 -0.8386555E-01 -0.8881161E-01 -0.9362374E-01 -0.9830534E-01 -0.1027437 -0.1068657 -0.1109275 -0.1161450 -0.1261998 -0.1391452 -0.1391452 -9999.000 -9999.000 -9999.000 -9999.000 -9999.000 -9999.000 -9999.000 -9999.000 -9999.000 -9999.000 -9999.000 -9999.000 -9999.000 -9999.000 -9999.000 -9999.000 -9999.000 -9999.000 -9999.000 -9999.000 -9999.000 -9999.000 -9999.000 -9999.000 -9999.000 -9999.000 -9999.000 -9999.000
-9999.000 -9999.000 -9999.000 -9999.000 -9999.000 -9999.000 -9999.000 -9999.000 -9999.000 -9999.000 -9999.000 -9999.000 -9999.000 -9999.000 -9999.000 -0.8184313E-01 -0.6954686E-01 -0.6704500E-01 -0.6965838E-01 -0.7437856E-01 -0.8007303E-01 -0.8635349E-01 -0.9248226E-01 -0.9846686E-01 -0.1041552 -0.1094480 -0.1146583 -0.1212964 -0.1339582 -0.1513736 -0.1513736 -9999.000 -9999.000 -9999.000 -9999.000 -9999.000 -9999.000 -9999.000 -9999.000 -9999.000 -9999.000 -9999.000 -9999.000 -9999.000 -9999.000 -9999.000 -9999.000 -9999.000 -9999.000 -9999.000 -9999.000 -9999.000 -9999.000 -9999.000 -9999.000 -9999.000 -9999.000 -9999.000 -9999.000
-9999.000 -9999.000 -9999.000 -9999.000 -9999.000 -9999.000 -9999.000 -9999.000 -9999.000 -9999.000 -9999.000 -9999.000 -9999.000 -9999.000 -9999.000 -0.7727378E-01 -0.6309151E-01 -0.6020695E-01 -0.6342986E-01 -0.6917969E-01 -0.7611393E-01 -0.8377276E-01 -0.9125741E-01 -0.9858739E-01 -0.1055676 -0.1120707 -0.1184734 -0.1266053 -0.1420562 -0.1647603 -0.1647603 -9999.000 -9999.000 -9999.000 -9999.000 -9999.000 -9999.000 -9999.000 -9999.000 -9999.000 -9999.000 -9999.000 -9999.000 -9999.000 -9999.000 -9999.000 -9999.000 -9999.000 -9999.000 -9999.000 -9999.000 -9999.000 -9999.000 -9999.000 -9999.000 -9999.000 -9999.000 -9999.000 -9999.000
-9999.000 -9999.000 -9999.000 -9999.000 -9999.000 -9999.000 -9999.000 -9999.000 -9999.000 -9999.000 -9999.000 -9999.000 -9999.000 -9999.000 -9999.000 -0.7233778E-01 -0.5634546E-01 -0.5309556E-01 -0.5696013E-01 -0.6377325E-01 -0.7198279E-01 -0.8106041E-01 -0.8993415E-01 -0.9864724E-01 -0.1069556 -0.1147032 -0.1223390 -0.1320422 -0.1504936 -0.1795053 -0.1795053 -9999.000 -9999.000 -9999.000 -9999.000 -9999.000 -9999.000 -9999.000 -9999.000 -9999.000 -9999.000 -9999.000 -9999.000 -9999.000 -9999.000 -9999.000 -9999.000 -9999.000 -9999.000 -9999.000 -9999.000 -9999.000 -9999.000 -9999.000 -9999.000 -9999.000 -9999.000 -9999.000 -9999.000
-9999.000 -9999.000 -9999.000 -9999.000 -9999.000 -9999.000 -9999.000 -9999.000 -9999.000 -9999.000 -9999.000 -9999.000 -9999.000 -9999.000 -9999.000 -0.6699562E-01 -0.4928602E-01 -0.4569389E-01 -0.5023570E-01 -0.5814587E-01 -0.6766513E-01 -0.7820011E-01 -0.8849251E-01 -0.9862327E-01 -0.1082927 -0.1173153 -0.1262230 -0.1375819 -0.1592810 -0.1958893 -0.1958893 -9999.000 -9999.000 -9999.000 -9999.000 -9999.000 -9999.000 -9999.000 -9999.000 -9999.000 -9999.000 -9999.000 -9999.000 -9999.000 -9999.000 -9999.000 -9999.000 -9999.000 -9999.000 -9999.000 -9999.000 -9999.000 -9999.000 -9999.000 -9999.000 -9999.000 -9999.000 -9999.000 -9999.000
-9999.000 -9999.000 -9999.000 -9999.000 -9999.000 -9999.000 -9999.000 -9999.000 -9999.000 -9999.000 -9999.000 -9999.000 -9999.000 -9999.000 -9999.000 -0.6119388E-01 -0.4187961E-01 -0.3797507E-01 -0.4323392E-01 -0.5227593E-01 -0.6313863E-01 -0.7516902E-01 -0.8690616E-01 -0.9848680E-01 -0.1095469 -0.1198708 -0.1300873 -0.1431944 -0.1684318 -0.2142930 -0.2142930 -9999.000 -9999.000 -9999.000 -9999.000 -9999.000 -9999.000 -9999.000 -9999.000 -9999.000 -9999.000 -9999.000 -9999.000 -9999.000 -9999.000 -9999.000 -9999.000 -9999.000 -9999.000 -9999.000 -9999.000 -9999.000 -9999.000 -9999.000 -9999.000 -9999.000 -9999.000 -9999.000 -9999.000
-9999.000 -9999.000 -9999.000 -9999.000 -9999.000 -9999.000 -9999.000 -9999.000 -9999.000 -9999.000 -9999.000 -9999.000 -9999.000 -9999.000 -9999.000 -0.5486645E-01 -0.3408201E-01 -0.2990239E-01 -0.3592297E-01 -0.4613306E-01 -0.5837276E-01 -0.7193616E-01 -0.8513966E-01 -0.9819954E-01 -0.1106757 -0.1223222 -0.1338808 -0.1488382 -0.1779553 -0.2352343 -0.2352343 -9999.000 -9999.000 -9999.000 -9999.000 -9999.000 -9999.000 -9999.000 -9999.000 -9999.000 -9999.000 -9999.000 -9999.000 -9999.000 -9999.000 -9999.000 -9999.000 -9999.000 -9999.000 -9999.000 -9999.000 -9999.000 -9999.000 -9999.000 -9999.000 -9999.000 -9999.000 -9999.000 -9999.000
-9999.000 -9999.000 -9999.000 -9999.000 -9999.000 -9999.000 -9999.000 -9999.000 -9999.000 -9999.000 -9999.000 -9999.000 -9999.000 -9999.000 -9999.000 -0.4793320E-01 -0.2583626E-01 -0.2142649E-01 -0.2825969E-01 -0.3967562E-01 -0.5332557E-01 -0.6845868E-01 -0.8314487E-01 -0.9770960E-01 -0.1116206 -0.1246029 -0.1375319 -0.1544501 -0.1878503 -0.2594301 -0.2594301 -9999.000 -9999.000 -9999.000 -9999.000 -9999.000 -9999.000 -9999.000 -9999.000 -9999.000 -9999.000 -9999.000 -9999.000 -9999.000 -9999.000 -9999.000 -9999.000 -9999.000 -9999.000 -9999.000 -9999.000 -9999.000 -9999.000 -9999.000 -9999.000 -9999.000 -9999.000 -9999.000 -9999.000
-9999.000 -9999.000 -9999.000 -9999.000 -9999.000 -9999.000 -9999.000 -9999.000 -9999.000 -9999.000 -9999.000 -9999.000 -9999.000 -9999.000 -9999.000 -0.4029331E-01 -0.1706708E-01 -0.1248110E-01 -0.2018438E-01 -0.3284577E-01 -0.4793883E-01 -0.6467715E-01 -0.8085470E-01 -0.9694381E-01 -0.1122994 -0.1266183 -0.1409356 -0.1599334 -0.1980932 -0.2879004 -0.2879004 -9999.000 -9999.000 -9999.000 -9999.000 -9999.000 -9999.000 -9999.000 -9999.000 -9999.000 -9999.000 -9999.000 -9999.000 -9999.000 -9999.000 -9999.000 -9999.000 -9999.000 -9999.000 -9999.000 -9999.000 -9999.000 -9999.000 -9999.000 -9999.000 -9999.000 -9999.000 -9999.000 -9999.000
-9999.000 -9999.000 -9999.000 -9999.000 -9999.000 -9999.000 -9999.000 -9999.000 -9999.000 -9999.000 -9999.000 -9999.000 -9999.000 -9999.000 -9999.000 -0.3170939E-01 -0.7610423E-02 -0.2946285E-02 -0.1161338E-01 -0.2557454E-01 -0.4214904E-01 -0.6052738E-01 -0.7819403E-01 -0.9581559E-01 -0.1126075 -0.1282414 -0.1439446 -0.1651436 -0.2086260 -0.3221703 -0.3221703 -9999.000 -9999.000 -9999.000 -9999.000 -9999.000 -9999.000 -9999.000 -9999.000 -9999.000 -9999.000 -9999.000 -9999.000 -9999.000 -9999.000 -9999.000 -9999.000 -9999.000 -9999.000 -9999.000 -9999.000 -9999.000 -9999.000 -9999.000 -9999.000 -9999.000 -9999.000 -9999.000 -9999.000
-9999.000 -9999.000 -9999.000 -9999.000 -9999.000 -9999.000 -9999.000 -9999.000 -9999.000 -9999.000 -9999.000 -9999.000 -9999.000 -9999.000 -9999.000 -0.1445755E-02 0.8490473E-02 0.5684732E-02 -0.6747528E-02 -0.2195169E-01 -0.3973129E-01 -0.5933270E-01 -0.7796730E-01 -0.9660630E-01 -0.1143181 -0.1307804 -0.1474552 -0.1705932 -0.2195087 -0.3622021 -0.3622021 -9999.000 -9999.000 -9999.000 -9999.000 -9999.000 -9999.000 -9999.000 -9999.000 -9999.000 -9999.000 -9999.000 -9999.000 -9999.000 -9999.000 -9999.000 -9999.000 -9999.000 -9999.000 -9999.000 -9999.000 -9999.000 -9999.000 -9999.000 -9999.000 -9999.000 -9999.000 -9999.000 -9999.000
-0.3844007E-02 -0.3844007E-02 -0.5165878E-02 -0.6964276E-02 -0.6544350E-02 -0.6544350E-02 -0.6372263E-02 -0.6263150E-02 -0.6263150E-02 -0.6228113E-02 -0.6228113E-02 -0.6200741E-02 -0.6185363E-02 -0.6169052E-02 -0.6154398E-02 -0.6154398E-02 0.1745315E-01 0.1139526E-01 -0.3010332E-02 -0.2304439E-01 -0.4762088E-01 -0.7550374E-01 -0.1047877 -0.1343963 -0.1631556 -0.1900956 -0.2150531 -0.2401728 -0.2740644 -0.3595921 -0.3595921 -0.1962001 -0.1035771 -0.3422244E-01 -0.2511681E-01 -0.2511681E-01 -0.1779418E-01 -0.1779418E-01 -0.4446716E-02 -0.4446716E-02 0.6723740E-02 0.2675534E-01 0.2675534E-01 -0.5098979E-02 -0.5098979E-02 -0.2958739E-02 -0.2958739E-02 -0.2958739E-02 0.1353787E-02 0.1353787E-02 0.1857162E-02 0.1857162E-02 0.7219355E-03 0.7219355E-03 -0.6743929E-03 -0.6743929E-03 -0.1950170E-02 -0.1950170E-02 -0.1950170E-02
-0.5329893E-02 -0.5329893E-02 -0.7164222E-02 -0.1026800E-01 -0.9396899E-02 -0.9396899E-02 -0.9009959E-02 -0.8801431E-02 -0.8801431E-02 -0.8773811E-02 -0.8773811E-02 -0.8761896E-02 -0.8752385E-02 -0.8740589E-02 -0.8737523E-02 -0.8737523E-02 0.1363032E-01 0.7618891E-02 -0.8668793E-02 -0.3448130E-01 -0.6791151E-01 -0.1071214 -0.1505577 -0.1961306 -0.2420966 -0.2867815 -0.3285038 -0.3655282 -0.3959594 -0.4200287 -0.4200287 -0.2819550 -0.1852119 -0.9390695E-01 -0.7571313E-01 -0.7571313E-01 -0.5017261E-01 -0.5017261E-01 -0.5098424E-02 -0.5098424E-02 0.2806651E-01 0.8682995E-01 0.8682995E-01 0.4813282E-01 0.4813282E-01 0.1051300E-01 0.1051300E-01 0.1051300E-01 0.6591776E-02 0.6591776E-02 0.2953868E-02 0.2953868E-02 -0.1044246E-02 -0.1044246E-02 -0.4610555E-02 -0.4610555E-02 -0.7338397E-02 -0.7338397E-02 -0.7338397E-02
-0.3014038E-02 -0.3014038E-02 -0.5117394E-02 -0.9144056E-02 -0.8267496E-02 -0.8267496E-02 -0.7753052E-02 -0.7446457E-02 -0.7446457E-02 -0.7428240E-02 -0.7428240E-02 -0.7443805E-02 -0.7448428E-02 -0.7449890E-02 -0.7474489E-02 -0.7474489E-02 0.7249365E-02 0.7898585E-03 -0.1599070E-01 -0.4258115E-01 -0.7757880E-01 -0.1194771 -0.1669875 -0.2184965 -0.2724688 -0.3273459 -0.3814058 -0.4325723 -0.4780343 -0.5101122 -0.5101122 -0.4189627 -0.3342488 -0.2184445 -0.1804445 -0.1804445 -0.1088063 -0.1088063 -0.3080502E-02 -0.3080502E-02 0.6213064E-01 0.1695209 0.1695209 0.1592460 0.1592460 0.5117433E-01 0.5117433E-01 0.5117433E-01 0.1992096E-01 0.1992096E-01 0.3366754E-02 0.3366754E-02 -0.7038198E-02 -0.7038198E-02 -0.1406078E-01 -0.1406078E-01 -0.1831028E-01 -0.1831028E-01 -0.1831028E-01
-0.1140311E-02 -0.1140311E-02 -0.3869221E-02 -0.7697777E-02 -0.6868886E-02 -0.6868886E-02 -0.6319688E-02 -0.5947353E-02 -0.5947353E-02 -0.5921615E-02 -0.5921615E-02 -0.5951627E-02 -0.5963850E-02 -0.5971105E-02 -0.6018153E-02 -0.6018153E-02 0.5076611E-03 -0.8034145E-02 -0.2631746E-01 -0.5394761E-01 -0.8987255E-01 -0.1328524 -0.1817735 -0.2353841 -0.2924555 -0.3517500 -0.4118800 -0.4710476 -0.5265219 -0.5705169 -0.5705169 -0.5247158 -0.4629307 -0.3477154 -0.2943045 -0.2943045 -0.1658620 -0.1658620 0.1121830E-01 0.1121830E-01 0.1024645 0.2346221 0.2346221 0.2467493 0.2467493 0.1026462 0.1026462 0.1026462 0.3981235E-01 0.3981235E-01 0.5066388E-02 0.5066388E-02 -0.1468834E-01 -0.1468834E-01 -0.2619615E-01 -0.2619615E-01 -0.3193490E-01 -0.3193490E-01 -0.3193490E-01
-0.3877868E-03 -0.3877868E-03 -0.3089278E-02 -0.5872173E-02 -0.5256594E-02 -0.5256594E-02 -0.4792480E-02 -0.4436719E-02 -0.4436719E-02 -0.4409090E-02 -0.4409090E-02 -0.4450112E-02 -0.4469555E-02 -0.4483671E-02 -0.4560361E-02 -0.4560361E-02 -0.6605532E-02 -0.1879704E-01 -0.3995003E-01 -0.6967905E-01 -0.1071479 -0.1513482 -0.2013258 -0.2560698 -0.3145723 -0.3758291 -0.4387471 -0.5019053 -0.5630252 -0.6155329 -0.6155329 -0.6048224 -0.5672141 -0.4615631 -0.3919981 -0.3919981 -0.1952307 -0.1952307 0.4110150E-01 0.4110150E-01 0.1416270 0.2710165 0.2710165 0.2945127 0.2945127 0.1515833 0.1515833 0.1515833 0.6435358E-01 0.6435358E-01 0.1038639E-01 0.1038639E-01 -0.2072183E-01 -0.2072183E-01 -0.3786091E-01 -0.3786091E-01 -0.4542931E-01 -0.4542931E-01 -0.4542931E-01
-0.2354427E-03 -0.2354427E-03 -0.2016016E-02 -0.3933176E-02 -0.3546439E-02 -0.3546439E-02 -0.3225089E-02 -0.2954877E-02 -0.2954877E-02 -0.2926394E-02 -0.2926394E-02 -0.2956577E-02 -0.2972902E-02 -0.2986231E-02 -0.3095930E-02 -0.3095930E-02 -0.1447015E-01 -0.3179407E-01 -0.5729961E-01 -0.9041531E-01 -0.1303771 -0.1763572 -0.2275803 -0.2832650 -0.3426230 -0.4048557 -0.4690949 -0.5342224 -0.5984128 -0.6564434 -0.6564434 -0.6702897 -0.6529319 -0.5486237 -0.4524118 -0.4524118 -0.1811045 -0.1811045 0.7595715E-01 0.7595715E-01 0.1675406 0.2779314 0.2779314 0.3066417 0.3066417 0.1889443 0.1889443 0.1889443 0.9026483E-01 0.9026483E-01 0.1985152E-01 0.1985152E-01 -0.2341443E-01 -0.2341443E-01 -0.4725562E-01 -0.4725562E-01 -0.5720321E-01 -0.5720321E-01 -0.5720321E-01
-0.1217916E-03 -0.1217916E-03 -0.9781834E-03 -0.1973838E-02 -0.1786715E-02 -0.1786715E-02 -0.1622876E-02 -0.1477769E-02 -0.1477769E-02 -0.1459786E-02 -0.1459786E-02 -0.1474700E-02 -0.1483606E-02 -0.1491018E-02 -0.1640280E-02 -0.1640280E-02 -0.2374862E-01 -0.4771943E-01 -0.7914886E-01 -0.1170766 -0.1606674 -0.2091993 -0.2620716 -0.3187393 -0.3786669 -0.4412970 -0.5059975 -0.5719242 -0.6376382 -0.6989917 -0.6989917 -0.7288553 -0.7247243 -0.5937020 -0.4542194 -0.4542194 -0.1313599 -0.1313599 0.9933294E-01 0.9933294E-01 0.1725741 0.2616743 0.2616743 0.2934785 0.2934785 0.2099130 0.2099130 0.2099130 0.1132150 0.1132150 0.3234124E-01 0.3234124E-01 -0.2214127E-01 -0.2214127E-01 -0.5323295E-01 -0.5323295E-01 -0.6608875E-01 -0.6608875E-01 -0.6608875E-01
0.7912124E-08 0.7912124E-08 -0.2156604E-06 -0.1184232E-06 -0.1400481E-06 -0.1400481E-06 0.1820094E-06 0.2784751E-06 0.2784751E-06 0.2623867E-06 0.2623867E-06 -0.2430779E-07 -0.7724389E-07 -0.1361975E-06 -0.2028506E-03 -0.2028506E-03 -0.3542418E-01 -0.6775312E-01 -0.1068042 -0.1510641 -0.1995165 -0.2514822 -0.3065209 -0.3643264 -0.4246414 -0.4871933 -0.5516315 -0.6174065 -0.6834151 -0.7461045 -0.7461045 -0.7842154 -0.7811547 -0.5732406 -0.3881634 -0.3881634 -0.7467825E-01 -0.7467825E-01 0.1026538 0.1026538 0.1582709 0.2311109 0.2311109 0.2649988 0.2649988 0.2137920 0.2137920 0.2137920 0.1290330 0.1290330 0.4545282E-01 0.4545282E-01 -0.1726417E-01 -0.1726417E-01 -0.5514388E-01 -0.5514388E-01 -0.7113674E-01 -0.7113674E-01 -0.7113674E-01
0.1218445E-03 0.1218445E-03 0.9777372E-03 0.1973628E-02 0.1786549E-02 0.1786549E-02 0.1623126E-02 0.1478261E-02 0.1478261E-02 0.1460208E-02 0.1460208E-02 0.1474969E-02 0.1483613E-02 0.1490791E-02 0.1212105E-02 0.1212105E-02 -0.5097233E-01 -0.9375719E-01 -0.1423152 -0.1944868 -0.2490330 -0.3053041 -0.3630264 -0.4221416 -0.4826871 -0.5447053 -0.6081658 -0.6728424 -0.7378697 -0.7992960 -0.7992960 -0.8351656 -0.8078758 -0.4737120 -0.2797678 -0.2797678 -0.3667571E-01 -0.3667571E-01 0.8919818E-01 0.8919818E-01 0.1322160 0.1939613 0.1939613 0.2284615 0.2284615 0.2027899 0.2027899 0.2027899 0.1349455 0.1349455 0.5622419E-01 0.5622419E-01 -0.9995427E-02 -0.9995427E-02 -0.5285669E-01 -0.5285669E-01 -0.7163329E-01 -0.7163329E-01 -0.7163329E-01
0.2354653E-03 0.2354653E-03 0.2015625E-02 0.3932823E-02 0.3546359E-02 0.3546359E-02 0.3225368E-02 0.2955435E-02 0.2955435E-02 0.2926672E-02 0.2926672E-02 0.2956564E-02 0.2972964E-02 0.2985953E-02 0.2598664E-02 0.2598664E-02 -0.7273168E-01 -0.1286709 -0.1888561 -0.2505123 -0.3122530 -0.3735296 -0.4342910 -0.4947629 -0.5552989 -0.6162738 -0.6779977 -0.7405638 -0.8029770 -0.8580132 -0.8580132 -0.8692302 -0.7664390 -0.3274246 -0.1791614 -0.1791614 -0.2229520E-01 -0.2229520E-01 0.6762406E-01 0.6762406E-01 0.1022293 0.1552944 0.1552944 0.1884218 0.1884218 0.1804194 0.1804194 0.1804194 0.1301753 0.1301753 0.6205375E-01 0.6205375E-01 -0.2060427E-02 -0.2060427E-02 -0.4675019E-01 -0.4675019E-01 -0.6718305E-01 -0.6718305E-01 -0.6718305E-01
0.3879431E-03 0.3879431E-03 0.3088933E-02 0.5871894E-02 0.5256788E-02 0.5256788E-02 0.4792805E-02 0.4437228E-02 0.4437228E-02 0.4409314E-02 0.4409314E-02 0.4449797E-02 0.4469249E-02 0.4483239E-02 0.3939380E-02 0.3939380E-02 -0.1046357 -0.1772538 -0.2513947 -0.3239435 -0.3936305 -0.4602053 -0.5239716 -0.5855177 -0.6455504 -0.7047908 -0.7638922 -0.8231652 -0.8800588 -0.9140832 -0.9140832 -0.8436602 -0.6084648 -0.2006106 -0.1162347 -0.1162347 -0.2143252E-01 -0.2143252E-01 0.4515078E-01 0.4515078E-01 0.7329039E-01 0.1177640 0.1177640 0.1475164 0.1475164 0.1502659 0.1502659 0.1502659 0.1157126 0.1157126 0.6143582E-01 0.6143582E-01 0.4795404E-02 0.4795404E-02 -0.3762129E-01 -0.3762129E-01 -0.5781028E-01 -0.5781028E-01 -0.5781028E-01
0.1140458E-02 0.1140458E-02 0.3868858E-02 0.7697590E-02 0.6869067E-02 0.6869067E-02 0.6319949E-02 0.5947632E-02 0.5947632E-02 0.5921866E-02 0.5921866E-02 0.5951370E-02 0.5963496E-02 0.5970851E-02 0.5204623E-02 0.5204623E-02 -0.1537367 -0.2475288 -0.3379239 -0.4222326 -0.4998685 -0.5712499 -0.6372598 -0.6989719 -0.7575040 -0.8139363 -0.8692536 -0.9235207 -0.9664633 -0.9291187 -0.9291187 -0.6782985 -0.3631623 -0.1254568 -0.8508087E-01 -0.8508087E-01 -0.2351120E-01 -0.2351120E-01 0.2559684E-01 0.2559684E-01 0.4776755E-01 0.8266295E-01 0.8266295E-01 0.1073915 0.1073915 0.1154909 0.1154909 0.1154909 0.9369766E-01 0.9369766E-01 0.5427788E-01 0.5427788E-01 0.9318148E-02 0.9318148E-02 -0.2649511E-01 -0.2649511E-01 -0.4403832E-01 -0.4403832E-01 -0.4403832E-01
