cruce_test.gid/Rasters/Hydraulic/Velocity__x_46.0.asc
NCOLS        79
NROWS        79
XLLCENTER         -1.500000
YLLCENTER         -4.800000
CELLSIZE           0.100
NODATA_VALUE     -9999.0
[rows 0 to 25 of 79, columns 0 to 57 of 79]
-9999.000 -9999.000 -9999.000 -9999.000 -9999.000 -9999.000 -9999.000 -9999.000 -9999.000 -9999.000 -9999.000 -9999.000 -9999.000 -9999.000 -9999.000 0.5342654E-03 0.1925165E-02 0.4045648E-02 0.5948076E-02 0.7565156E-02 0.8884554E-02 0.9887068E-02 0.1053921E-01 0.1079070E-01 0.1057180E-01 0.9785086E-02 0.8291954E-02 0.5890612E-02 0.2361159E-02 0.1847128E-03 0.1847128E-03 -9999.000 -9999.000 -9999.000 -9999.000 -9999.000 -9999.000 -9999.000 -9999.000 -9999.000 -9999.000 -9999.000 -9999.000 -9999.000 -9999.000 -9999.000 -9999.000 -9999.000 -9999.000 -9999.000 -9999.000 -9999.000 -9999.000 -9999.000 -9999.000 -9999.000 -9999.000 -9999.000
-9999.000 -9999.000 -9999.000 -9999.000 -9999.000 -9999.000 -9999.000 -9999.000 -9999.000 -9999.000 -9999.000 -9999.000 -9999.000 -9999.000 -9999.000 0.1403355E-02 0.4019465E-02 0.7674085E-02 0.1103145E-01 0.1393885E-01 0.1632112E-01 0.1810792E-01 0.1921944E-01 0.1956243E-01 0.1902802E-01 0.1749093E-01 0.1480935E-01 0.1083107E-01 0.5488712E-02 0.1605803E-02 0.1605803E-02 -9999.000 -9999.000 -9999.000 -9999.000 -9999.000 -9999.000 -9999.000 -9999.000 -9999.000 -9999.000 -9999.000 -9999.000 -9999.000 -9999.000 -9999.000 -9999.000 -9999.000 -9999.000 -9999.000 -9999.000 -9999.000 -9999.000 -9999.000 -9999.000 -9999.000 -9999.000 -9999.000
-9999.000 -9999.000 -9999.000 -9999.000 -9999.000 -9999.000 -9999.000 -9999.000 -9999.000 -9999.000 -9999.000 -9999.000 -9999.000 -9999.000 -9999.000 0.2228574E-02 0.5983301E-02 0.1105812E-01 0.1573200E-01 0.1979605E-01 0.2313039E-01 0.2562305E-01 0.2715525E-01 0.2759834E-01 0.2681386E-01 0.2465503E-01 0.2097047E-01 0.1561259E-01 0.8543605E-02 0.3007520E-02 0.3007520E-02 -9999.000 -9999.000 -9999.000 -9999.000 -9999.000 -9999.000 -9999.000 -9999.000 -9999.000 -9999.000 -9999.000 -9999.000 -9999.000 -9999.000 -9999.000 -9999.000 -9999.000 -9999.000 -9999.000 -9999.000 -9999.000 -9999.000 -9999.000 -9999.000 -9999.000 -9999.000 -9999.000
-9999.000 -9999.000 -9999.000 -9999.000 -9999.000 -9999.000 -9999.000 -9999.000 -9999.000 -9999.000 -9999.000 -9999.000 -9999.000 -9999.000 -9999.000 0.3046580E-02 0.7898597E-02 0.1431855E-01 0.2023623E-01 0.2539547E-01 0.2963925E-01 0.3281939E-01 0.3478179E-01 0.3536382E-01 0.3439557E-01 0.3170263E-01 0.2710996E-01 0.2045120E-01 0.1168631E-01 0.4466888E-02 0.4466888E-02 -9999.000 -9999.000 -9999.000 -9999.000 -9999.000 -9999.000 -9999.000 -9999.000 -9999.000 -9999.000 -9999.000 -9999.000 -9999.000 -9999.000 -9999.000 -9999.000 -9999.000 -9999.000 -9999.000 -9999.000 -9999.000 -9999.000 -9999.000 -9999.000 -9999.000 -9999.000 -9999.000
-9999.000 -9999.000 -9999.000 -9999.000 -9999.000 -9999.000 -9999.000 -9999.000 -9999.000 -9999.000 -9999.000 -9999.000 -9999.000 -9999.000 -9999.000 0.3898899E-02 0.9848007E-02 0.1757668E-01 0.2470712E-01 0.3094399E-01 0.3609705E-01 0.3998398E-01 0.4241522E-01 0.4319166E-01 0.4210615E-01 0.3894632E-01 0.3349868E-01 0.2555829E-01 0.1505780E-01 0.6050241E-02 0.6050241E-02 -9999.000 -9999.000 -9999.000 -9999.000 -9999.000 -9999.000 -9999.000 -9999.000 -9999.000 -9999.000 -9999.000 -9999.000 -9999.000 -9999.000 -9999.000 -9999.000 -9999.000 -9999.000 -9999.000 -9999.000 -9999.000 -9999.000 -9999.000 -9999.000 -9999.000 -9999.000 -9999.000
-9999.000 -9999.000 -9999.000 -9999.000 -9999.000 -9999.000 -9999.000 -9999.000 -9999.000 -9999.000 -9999.000 -9999.000 -9999.000 -9999.000 -9999.000 0.4829214E-02 0.1191437E-01 0.2094847E-01 0.2929267E-01 0.3662172E-01 0.4271487E-01 0.4735611E-01 0.5031788E-01 0.5135958E-01 0.5022830E-01 0.4666103E-01 0.4038835E-01 0.3114383E-01 0.1880358E-01 0.7827599E-02 0.7827599E-02 -9999.000 -9999.000 -9999.000 -9999.000 -9999.000 -9999.000 -9999.000 -9999.000 -9999.000 -9999.000 -9999.000 -9999.000 -9999.000 -9999.000 -9999.000 -9999.000 -9999.000 -9999.000 -9999.000 -9999.000 -9999.000 -9999.000 -9999.000 -9999.000 -9999.000 -9999.000 -9999.000
-9999.000 -9999.000 -9999.000 -9999.000 -9999.000 -9999.000 -9999.000 -9999.000 -9999.000 -9999.000 -9999.000 -9999.000 -9999.000 -9999.000 -9999.000 0.5881582E-02 0.1417929E-01 0.2454452E-01 0.3412998E-01 0.4259258E-01 0.4968358E-01 0.5515207E-01 0.5872928E-01 0.6012600E-01 0.5903260E-01 0.5512005E-01 0.4804090E-01 0.3743804E-01 0.2309145E-01 0.9882652E-02 0.9882652E-02 -9999.000 -9999.000 -9999.000 -9999.000 -9999.000 -9999.000 -9999.000 -9999.000 -9999.000 -9999.000 -9999.000 -9999.000 -9999.000 -9999.000 -9999.000 -9999.000 -9999.000 -9999.000 -9999.000 -9999.000 -9999.000 -9999.000 -9999.000 -9999.000 -9999.000 -9999.000 -9999.000
-9999.000 -9999.000 -9999.000 -9999.000 -9999.000 -9999.000 -9999.000 -9999.000 -9999.000 -9999.000 -9999.000 -9999.000 -9999.000 -9999.000 -9999.000 0.7099682E-02 0.1672260E-01 0.2847194E-01 0.3935106E-01 0.4901379E-01 0.5718690E-01 0.6358311E-01 0.6788768E-01 0.6975495E-01 0.6880559E-01 0.6462437E-01 0.5675797E-01 0.4471887E-01 0.2813501E-01 0.1232535E-01 0.1232535E-01 -9999.000 -9999.000 -9999.000 -9999.000 -9999.000 -9999.000 -9999.000 -9999.000 -9999.000 -9999.000 -9999.000 -9999.000 -9999.000 -9999.000 -9999.000 -9999.000 -9999.000 -9999.000 -9999.000 -9999.000 -9999.000 -9999.000 -9999.000 -9999.000 -9999.000 -9999.000 -9999.000
-9999.000 -9999.000 -9999.000 -9999.000 -9999.000 -9999.000 -9999.000 -9999.000 -9999.000 -9999.000 -9999.000 -9999.000 -9999.000 -9999.000 -9999.000 0.8525588E-02 0.1962190E-01 0.3283676E-01 0.4508789E-01 0.5604541E-01 0.6541483E-01 0.7287201E-01 0.7805148E-01 0.8054169E-01 0.7987838E-01 0.7553609E-01 0.6691812E-01 0.5335178E-01 0.3422988E-01 0.1531290E-01 0.1531290E-01 -9999.000 -9999.000 -9999.000 -9999.000 -9999.000 -9999.000 -9999.000 -9999.000 -9999.000 -9999.000 -9999.000 -9999.000 -9999.000 -9999.000 -9999.000 -9999.000 -9999.000 -9999.000 -9999.000 -9999.000 -9999.000 -9999.000 -9999.000 -9999.000 -9999.000 -9999.000 -9999.000
-9999.000 -9999.000 -9999.000 -9999.000 -9999.000 -9999.000 -9999.000 -9999.000 -9999.000 -9999.000 -9999.000 -9999.000 -9999.000 -9999.000 -9999.000 0.1019732E-01 0.2295023E-01 0.3774457E-01 0.5147813E-01 0.6385909E-01 0.7457738E-01 0.8327175E-01 0.8952218E-01 0.9284177E-01 0.9266436E-01 0.8832421E-01 0.7903259E-01 0.6385281E-01 0.4181580E-01 0.1908724E-01 0.1908724E-01 -9999.000 -9999.000 -9999.000 -9999.000 -9999.000 -9999.000 -9999.000 -9999.000 -9999.000 -9999.000 -9999.000 -9999.000 -9999.000 -9999.000 -9999.000 -9999.000 -9999.000 -9999.000 -9999.000 -9999.000 -9999.000 -9999.000 -9999.000 -9999.000 -9999.000 -9999.000 -9999.000
-9999.000 -9999.000 -9999.000 -9999.000 -9999.000 -9999.000 -9999.000 -9999.000 -9999.000 -9999.000 -9999.000 -9999.000 -9999.000 -9999.000 -9999.000 0.1214574E-01 0.2677217E-01 0.4330058E-01 0.5866892E-01 0.7264806E-01 0.8491962E-01 0.9508732E-01 0.1026743 0.1071110 0.1077110 0.1036335 0.9383363E-01 0.7699773E-01 0.5159300E-01 0.2404763E-01 0.2404763E-01 -9999.000 -9999.000 -9999.000 -9999.000 -9999.000 -9999.000 -9999.000 -9999.000 -9999.000 -9999.000 -9999.000 -9999.000 -9999.000 -9999.000 -9999.000 -9999.000 -9999.000 -9999.000 -9999.000 -9999.000 -9999.000 -9999.000 -9999.000 -9999.000 -9999.000 -9999.000 -9999.000
-9999.000 -9999.000 -9999.000 -9999.000 -9999.000 -9999.000 -9999.000 -9999.000 -9999.000 -9999.000 -9999.000 -9999.000 -9999.000 -9999.000 -9999.000 0.1438986E-01 0.3113837E-01 0.4960778E-01 0.6682209E-01 0.8263934E-01 0.9674251E-01 0.1087060 0.1179986 0.1239646 0.1257827 0.1223998 0.1124334 0.9402903E-01 0.6475998E-01 0.3090600E-01 0.3090600E-01 -9999.000 -9999.000 -9999.000 -9999.000 -9999.000 -9999.000 -9999.000 -9999.000 -9999.000 -9999.000 -9999.000 -9999.000 -9999.000 -9999.000 -9999.000 -9999.000 -9999.000 -9999.000 -9999.000 -9999.000 -9999.000 -9999.000 -9999.000 -9999.000 -9999.000 -9999.000 -9999.000
-9999.000 -9999.000 -9999.000 -9999.000 -9999.000 -9999.000 -9999.000 -9999.000 -9999.000 -9999.000 -9999.000 -9999.000 -9999.000 -9999.000 -9999.000 0.1693457E-01 0.3608393E-01 0.5677211E-01 0.7612779E-01 0.9411750E-01 0.1104389 0.1246491 0.1361738 0.1442792 0.1480066 0.1460610 0.1366309 0.1170900 0.8356334E-01 0.4106162E-01 0.4106162E-01 -9999.000 -9999.000 -9999.000 -9999.000 -9999.000 -9999.000 -9999.000 -9999.000 -9999.000 -9999.000 -9999.000 -9999.000 -9999.000 -9999.000 -9999.000 -9999.000 -9999.000 -9999.000 -9999.000 -9999.000 -9999.000 -9999.000 -9999.000 -9999.000 -9999.000 -9999.000 -9999.000
-9999.000 -9999.000 -9999.000 -9999.000 -9999.000 -9999.000 -9999.000 -9999.000 -9999.000 -9999.000 -9999.000 -9999.000 -9999.000 -9999.000 -9999.000 0.1988584E-01 0.4181207E-01 0.6514073E-01 0.8707050E-01 0.1076973 0.1267605 0.1438314 0.1583293 0.1694818 0.1762301 0.1770531 0.1696513 0.1503476 0.1128901 0.5780237E-01 0.5780237E-01 -9999.000 -9999.000 -9999.000 -9999.000 -9999.000 -9999.000 -9999.000 -9999.000 -9999.000 -9999.000 -9999.000 -9999.000 -9999.000 -9999.000 -9999.000 -9999.000 -9999.000 -9999.000 -9999.000 -9999.000 -9999.000 -9999.000 -9999.000 -9999.000 -9999.000 -9999.000 -9999.000
-9999.000 -9999.000 -9999.000 -9999.000 -9999.000 -9999.000 -9999.000 -9999.000 -9999.000 -9999.000 -9999.000 -9999.000 -9999.000 -9999.000 -9999.000 0.3376621E-01 0.6129423E-01 0.8910963E-01 0.1138744 0.1364674 0.1571615 0.1759201 0.1924523 0.2061844 0.2161472 0.2207357 0.2172070 0.2005537 0.1606412 0.8199065E-01 0.8199065E-01 -9999.000 -9999.000 -9999.000 -9999.000 -9999.000 -9999.000 -9999.000 -9999.000 -9999.000 -9999.000 -9999.000 -9999.000 -9999.000 -9999.000 -9999.000 -9999.000 -9999.000 -9999.000 -9999.000 -9999.000 -9999.000 -9999.000 -9999.000 -9999.000 -9999.000 -9999.000 -9999.000
1.437689 1.437689 1.475811 1.340035 1.313993 1.313993 1.289963 1.243790 1.243790 1.194886 1.194886 1.135868 1.098423 1.051118 0.9874517 0.9874517 0.8393689 0.7745399 0.7068803 0.6396905 0.5761635 0.5191870 0.4710223 0.4331209 0.4061857 0.3905645 0.3871450 0.3993041 0.4378890 0.5172206 0.5172206 1.341708 1.608828 1.767736 1.753945 1.753945 1.618768 1.618768 1.407870 1.407870 1.198220 0.7994087 0.7994087 0.7867801 0.7867801 0.8186483 0.8186483 0.8186483 0.8708628 0.8708628 0.9123692 0.9123692 0.9467650 0.9467650 0.9919108 0.9919108 1.020229 1.020229
1.451356 1.451356 1.496227 1.370946 1.351117 1.351117 1.333071 1.298175 1.298175 1.259398 1.259398 1.209566 1.177896 1.140837 1.099410 1.099410 1.035086 1.001881 0.9611804 0.9135424 0.8603678 0.8038741 0.7470212 0.6933879 0.6470391 0.6125072 0.5951683 0.6026518 0.6489996 0.7611890 0.7611890 1.302414 1.493634 1.622957 1.640656 1.640656 1.626658 1.626658 1.552403 1.552403 1.463893 1.081160 1.081160 1.061716 1.061716 1.097860 1.097860 1.097860 1.153339 1.153339 1.197278 1.197278 1.219405 1.219405 1.274092 1.274092 1.307428 1.307428
1.454354 1.454354 1.497332 1.371435 1.351942 1.351942 1.334335 1.300874 1.300874 1.265012 1.265012 1.221875 1.196423 1.168482 1.139346 1.139346 1.103010 1.086745 1.065628 1.038817 1.006206 0.9684404 0.9269952 0.8842705 0.8437182 0.8100365 0.7895777 0.7913857 0.8301525 0.9348117 0.9348117 1.336001 1.503857 1.637207 1.666482 1.666482 1.676009 1.676009 1.631204 1.631204 1.583308 1.326465 1.326465 1.235155 1.235155 1.251820 1.251820 1.251820 1.308839 1.308839 1.348253 1.348253 1.377962 1.377962 1.418042 1.418042 1.447044 1.447044
1.456468 1.456468 1.498171 1.371581 1.352472 1.352472 1.335190 1.302860 1.302860 1.269595 1.269595 1.232049 1.211226 1.189388 1.167531 1.167531 1.144946 1.136401 1.125050 1.110061 1.091029 1.068000 1.041591 1.013158 0.9850157 0.9607323 0.9456050 0.9476126 0.9797660 1.068347 1.068347 1.375810 1.525241 1.654563 1.683970 1.683970 1.695593 1.695593 1.667670 1.667670 1.644470 1.505718 1.505718 1.382323 1.382323 1.383476 1.383476 1.383476 1.427502 1.427502 1.462505 1.462505 1.489627 1.489627 1.521683 1.521683 1.547144 1.547144
1.457891 1.457891 1.499366 1.371721 1.353072 1.353072 1.336243 1.305291 1.305291 1.274869 1.274869 1.242898 1.226294 1.209654 1.193581 1.193581 1.181202 1.176928 1.170445 1.161426 1.149796 1.135675 1.119456 1.101976 1.084742 1.070242 1.062420 1.067553 1.096217 1.171225 1.171225 1.411856 1.542260 1.658134 1.681918 1.681918 1.689201 1.689201 1.677690 1.677690 1.672109 1.617781 1.617781 1.516462 1.516462 1.486008 1.486008 1.486008 1.517619 1.517619 1.548277 1.548277 1.573166 1.573166 1.599628 1.599628 1.621907 1.621907
1.458757 1.458757 1.500332 1.371941 1.353761 1.353761 1.337448 1.308034 1.308034 1.280594 1.280594 1.254157 1.241605 1.229891 1.219303 1.219303 1.217129 1.216149 1.212466 1.206336 1.198202 1.188566 1.177990 1.167202 1.157283 1.149938 1.147934 1.155960 1.182329 1.246968 1.246968 1.438993 1.549515 1.643239 1.658855 1.658855 1.665951 1.665951 1.675542 1.675542 1.683848 1.680803 1.680803 1.624723 1.624723 1.574489 1.574489 1.574489 1.591724 1.591724 1.616122 1.616122 1.638098 1.638098 1.660279 1.660279 1.679394 1.679394
1.459169 1.459169 1.500974 1.372263 1.354522 1.354522 1.338739 1.310933 1.310933 1.286487 1.286487 1.265431 1.256810 1.249979 1.245106 1.245106 1.254650 1.256895 1.255194 1.250393 1.243484 1.235438 1.227151 1.219482 1.213356 1.209941 1.211007 1.219899 1.243029 1.296560 1.296560 1.454507 1.541972 1.607038 1.617008 1.617008 1.635543 1.635543 1.668883 1.668883 1.687958 1.714476 1.714476 1.700274 1.700274 1.652411 1.652411 1.652411 1.656293 1.656293 1.672488 1.672488 1.690186 1.690186 1.708252 1.708252 1.723887 1.723887
1.459189 1.459189 1.501354 1.372755 1.355368 1.355368 1.340067 1.313827 1.313827 1.292277 1.292277 1.276348 1.271524 1.269609 1.270977 1.270977 1.294937 1.300635 1.300547 1.296178 1.289093 1.280754 1.272446 1.265259 1.260102 1.257722 1.258820 1.265553 1.283018 1.324772 1.324772 1.449626 1.512732 1.550678 1.563373 1.563373 1.605051 1.605051 1.660164 1.660164 1.687195 1.731292 1.731292 1.746410 1.746410 1.717469 1.717469 1.717469 1.713341 1.713341 1.721118 1.721118 1.733219 1.733219 1.746561 1.746561 1.758315 1.758315
1.458833 1.458833 1.501282 1.373336 1.356246 1.356246 1.341389 1.316625 1.316625 1.297769 1.297769 1.286591 1.285367 1.288350 1.296611 1.296611 1.339121 1.348545 1.349789 1.345158 1.336845 1.326837 1.316840 1.308232 1.301954 1.298284 1.296243 1.296672 1.304184 1.332334 1.332334 1.417385 1.456558 1.482025 1.507787 1.507787 1.577258 1.577258 1.649492 1.649492 1.682338 1.737729 1.737729 1.771350 1.771350 1.766953 1.766953 1.766953 1.761885 1.761885 1.763348 1.763348 1.769378 1.769378 1.777338 1.777338 1.784687 1.784687
1.458079 1.458079 1.500828 1.373996 1.357133 1.357133 1.342659 1.319217 1.319217 1.302785 1.302785 1.295886 1.297978 1.305685 1.321317 1.321317 1.388518 1.401826 1.404039 1.398430 1.387881 1.374973 1.361894 1.350387 1.341455 1.334746 1.325722 1.313453 1.303919 1.312725 1.312725 1.359927 1.376010 1.408980 1.455566 1.455566 1.551288 1.551288 1.636388 1.636388 1.673738 1.737198 1.737198 1.782545 1.782545 1.800860 1.800860 1.800860 1.800408 1.800408 1.799056 1.799056 1.799749 1.799749 1.802040 1.802040 1.804457 1.804457
1.456869 1.456869 1.500013 1.374667 1.357975 1.357975 1.343825 1.321527 1.321527 1.307195 1.307195 1.304022 1.309058 1.321093 1.343890 1.343890 1.444972 1.461943 1.464332 1.456855 1.443037 1.425997 1.408388 1.392634 1.379848 1.368945 1.346738 1.310799 1.274518 1.258379 1.258379 1.270153 1.283991 1.354883 1.404998 1.404998 1.527985 1.527985 1.622833 1.622833 1.663665 1.732932 1.732932 1.785783 1.785783 1.821900 1.821900 1.821900 1.828635 1.828635 1.827788 1.827788 1.824793 1.824793 1.821737 1.821737 1.818954 1.818954
