cruce_test.gid/Rasters/Hydraulic/Velocity____336.0.asc
NCOLS        79
NROWS        79
XLLCENTER         -1.500000
YLLCENTER         -4.800000
CELLSIZE           0.100
NODATA_VALUE     -9999.0
[rows 0 to 26 of 79, columns 0 to 59 of 79]
-9999.000 -9999.000 -9999.000 -9999.000 -9999.000 -9999.000 -9999.000 -9999.000 -9999.000 -9999.000 -9999.000 -9999.000 -9999.000 -9999.000 -9999.000 0.9925341E-01 0.9756649E-01 0.9754258E-01 0.9804322E-01 0.9876247E-01 0.9955169E-01 0.1003098 0.1009342 0.1014313 0.1017889 0.1020216 0.1022005 0.1025397 0.1036299 0.1046533 0.1046533 -9999.000 -9999.000 -9999.000 -9999.000 -9999.000 -9999.000 -9999.000 -9999.000 -9999.000 -9999.000 -9999.000 -9999.000 -9999.000 -9999.000 -9999.000 -9999.000 -9999.000 -9999.000 -9999.000 -9999.000 -9999.000 -9999.000 -9999.000 -9999.000 -9999.000 -9999.000 -9999.000 -9999.000 -9999.000
-9999.000 -9999.000 -9999.000 -9999.000 -9999.000 -9999.000 -9999.000 -9999.000 -9999.000 -9999.000 -9999.000 -9999.000 -9999.000 -9999.000 -9999.000 0.9754767E-01 0.9416288E-01 0.9416643E-01 0.9526680E-01 0.9682851E-01 0.9855052E-01 0.1002274 0.1016414 0.1027974 0.1036627 0.1042630 0.1047529 0.1056125 0.1081545 0.1108981 0.1108981 -9999.000 -9999.000 -9999.000 -9999.000 -9999.000 -9999.000 -9999.000 -9999.000 -9999.000 -9999.000 -9999.000 -9999.000 -9999.000 -9999.000 -9999.000 -9999.000 -9999.000 -9999.000 -9999.000 -9999.000 -9999.000 -9999.000 -9999.000 -9999.000 -9999.000 -9999.000 -9999.000 -9999.000 -9999.000
-9999.000 -9999.000 -9999.000 -9999.000 -9999.000 -9999.000 -9999.000 -9999.000 -9999.000 -9999.000 -9999.000 -9999.000 -9999.000 -9999.000 -9999.000 0.9438713E-01 0.8927841E-01 0.8930507E-01 0.9109742E-01 0.9364823E-01 0.9649066E-01 0.9931391E-01 0.1017804 0.1039007 0.1056176 0.1069606 0.1081641 0.1099871 0.1145272 0.1198331 0.1198331 -9999.000 -9999.000 -9999.000 -9999.000 -9999.000 -9999.000 -9999.000 -9999.000 -9999.000 -9999.000 -9999.000 -9999.000 -9999.000 -9999.000 -9999.000 -9999.000 -9999.000 -9999.000 -9999.000 -9999.000 -9999.000 -9999.000 -9999.000 -9999.000 -9999.000 -9999.000 -9999.000 -9999.000 -9999.000
-9999.000 -9999.000 -9999.000 -9999.000 -9999.000 -9999.000 -9999.000 -9999.000 -9999.000 -9999.000 -9999.000 -9999.000 -9999.000 -9999.000 -9999.000 0.9051724E-01 0.8380283E-01 0.8387204E-01 0.8638556E-01 0.8995830E-01 0.9396271E-01 0.9799059E-01 0.1015906 0.1047852 0.1074886 0.1097274 0.1118069 0.1147642 0.1215110 0.1299527 0.1299527 -9999.000 -9999.000 -9999.000 -9999.000 -9999.000 -9999.000 -9999.000 -9999.000 -9999.000 -9999.000 -9999.000 -9999.000 -9999.000 -9999.000 -9999.000 -9999.000 -9999.000 -9999.000 -9999.000 -9999.000 -9999.000 -9999.000 -9999.000 -9999.000 -9999.000 -9999.000 -9999.000 -9999.000 -9999.000
-9999.000 -9999.000 -9999.000 -9999.000 -9999.000 -9999.000 -9999.000 -9999.000 -9999.000 -9999.000 -9999.000 -9999.000 -9999.000 -9999.000 -9999.000 0.8616842E-01 0.7793663E-01 0.7807398E-01 0.8134238E-01 0.8596805E-01 0.9116618E-01 0.9643703E-01 0.1012199 0.1055549 0.1093249 0.1125492 0.1156021 0.1198080 0.1289399 0.1411165 0.1411165 -9999.000 -9999.000 -9999.000 -9999.000 -9999.000 -9999.000 -9999.000 -9999.000 -9999.000 -9999.000 -9999.000 -9999.000 -9999.000 -9999.000 -9999.000 -9999.000 -9999.000 -9999.000 -9999.000 -9999.000 -9999.000 -9999.000 -9999.000 -9999.000 -9999.000 -9999.000 -9999.000 -9999.000 -9999.000
-9999.000 -9999.000 -9999.000 -9999.000 -9999.000 -9999.000 -9999.000 -9999.000 -9999.000 -9999.000 -9999.000 -9999.000 -9999.000 -9999.000 -9999.000 0.8142904E-01 0.7176892E-01 0.7201566E-01 0.7608425E-01 0.8179823E-01 0.8821797E-01 0.9476042E-01 0.1007583 0.1062774 0.1111653 0.1154315 0.1195217 0.1250630 0.1367518 0.1533480 0.1533480 -9999.000 -9999.000 -9999.000 -9999.000 -9999.000 -9999.000 -9999.000 -9999.000 -9999.000 -9999.000 -9999.000 -9999.000 -9999.000 -9999.000 -9999.000 -9999.000 -9999.000 -9999.000 -9999.000 -9999.000 -9999.000 -9999.000 -9999.000 -9999.000 -9999.000 -9999.000 -9999.000 -9999.000 -9999.000
-9999.000 -9999.000 -9999.000 -9999.000 -9999.000 -9999.000 -9999.000 -9999.000 -9999.000 -9999.000 -9999.000 -9999.000 -9999.000 -9999.000 -9999.000 0.7631979E-01 0.6533470E-01 0.6575305E-01 0.7068056E-01 0.7752110E-01 0.8518690E-01 0.9302238E-01 0.1002567 0.1069913 0.1130328 0.1183799 0.1235541 0.1305061 0.1449337 0.1667731 0.1667731 -9999.000 -9999.000 -9999.000 -9999.000 -9999.000 -9999.000 -9999.000 -9999.000 -9999.000 -9999.000 -9999.000 -9999.000 -9999.000 -9999.000 -9999.000 -9999.000 -9999.000 -9999.000 -9999.000 -9999.000 -9999.000 -9999.000 -9999.000 -9999.000 -9999.000 -9999.000 -9999.000 -9999.000 -9999.000
-9999.000 -9999.000 -9999.000 -9999.000 -9999.000 -9999.000 -9999.000 -9999.000 -9999.000 -9999.000 -9999.000 -9999.000 -9999.000 -9999.000 -9999.000 0.7082703E-01 0.5864489E-01 0.5932502E-01 0.6518459E-01 0.7318976E-01 0.8211986E-01 0.9126130E-01 0.9974546E-01 0.1077185 0.1149399 0.1213969 0.1276924 0.1361282 0.1534977 0.1816000 0.1816000 -9999.000 -9999.000 -9999.000 -9999.000 -9999.000 -9999.000 -9999.000 -9999.000 -9999.000 -9999.000 -9999.000 -9999.000 -9999.000 -9999.000 -9999.000 -9999.000 -9999.000 -9999.000 -9999.000 -9999.000 -9999.000 -9999.000 -9999.000 -9999.000 -9999.000 -9999.000 -9999.000 -9999.000 -9999.000
-9999.000 -9999.000 -9999.000 -9999.000 -9999.000 -9999.000 -9999.000 -9999.000 -9999.000 -9999.000 -9999.000 -9999.000 -9999.000 -9999.000 -9999.000 0.6491973E-01 0.5170365E-01 0.5277597E-01 0.5965609E-01 0.6885805E-01 0.7905866E-01 0.8950892E-01 0.9924688E-01 0.1084745 0.1168952 0.1244838 0.1319324 0.1419263 0.1624692 0.1981215 0.1981215 -9999.000 -9999.000 -9999.000 -9999.000 -9999.000 -9999.000 -9999.000 -9999.000 -9999.000 -9999.000 -9999.000 -9999.000 -9999.000 -9999.000 -9999.000 -9999.000 -9999.000 -9999.000 -9999.000 -9999.000 -9999.000 -9999.000 -9999.000 -9999.000 -9999.000 -9999.000 -9999.000 -9999.000 -9999.000
-9999.000 -9999.000 -9999.000 -9999.000 -9999.000 -9999.000 -9999.000 -9999.000 -9999.000 -9999.000 -9999.000 -9999.000 -9999.000 -9999.000 -9999.000 0.5855587E-01 0.4452171E-01 0.4618040E-01 0.5418209E-01 0.6459563E-01 0.7605278E-01 0.8779915E-01 0.9878445E-01 0.1092755 0.1189078 0.1276428 0.1362714 0.1479011 0.1718828 0.2167367 0.2167367 -9999.000 -9999.000 -9999.000 -9999.000 -9999.000 -9999.000 -9999.000 -9999.000 -9999.000 -9999.000 -9999.000 -9999.000 -9999.000 -9999.000 -9999.000 -9999.000 -9999.000 -9999.000 -9999.000 -9999.000 -9999.000 -9999.000 -9999.000 -9999.000 -9999.000 -9999.000 -9999.000 -9999.000 -9999.000
-9999.000 -9999.000 -9999.000 -9999.000 -9999.000 -9999.000 -9999.000 -9999.000 -9999.000 -9999.000 -9999.000 -9999.000 -9999.000 -9999.000 -9999.000 0.5168469E-01 0.3713815E-01 0.3968323E-01 0.4890437E-01 0.6050407E-01 0.7317001E-01 0.8617829E-01 0.9839018E-01 0.1101444 0.1209923 0.1308808 0.1407106 0.1540563 0.1817807 0.2379904 0.2379904 -9999.000 -9999.000 -9999.000 -9999.000 -9999.000 -9999.000 -9999.000 -9999.000 -9999.000 -9999.000 -9999.000 -9999.000 -9999.000 -9999.000 -9999.000 -9999.000 -9999.000 -9999.000 -9999.000 -9999.000 -9999.000 -9999.000 -9999.000 -9999.000 -9999.000 -9999.000 -9999.000 -9999.000 -9999.000
-9999.000 -9999.000 -9999.000 -9999.000 -9999.000 -9999.000 -9999.000 -9999.000 -9999.000 -9999.000 -9999.000 -9999.000 -9999.000 -9999.000 -9999.000 0.4424779E-01 0.2967582E-01 0.3358528E-01 0.4406401E-01 0.5673987E-01 0.7051141E-01 0.8471581E-01 0.9811529E-01 0.1111209 0.1231779 0.1342165 0.1452606 0.1604035 0.1922153 0.2626424 0.2626424 -9999.000 -9999.000 -9999.000 -9999.000 -9999.000 -9999.000 -9999.000 -9999.000 -9999.000 -9999.000 -9999.000 -9999.000 -9999.000 -9999.000 -9999.000 -9999.000 -9999.000 -9999.000 -9999.000 -9999.000 -9999.000 -9999.000 -9999.000 -9999.000 -9999.000 -9999.000 -9999.000 -9999.000 -9999.000
-9999.000 -9999.000 -9999.000 -9999.000 -9999.000 -9999.000 -9999.000 -9999.000 -9999.000 -9999.000 -9999.000 -9999.000 -9999.000 -9999.000 -9999.000 0.3618324E-01 0.2251938E-01 0.2851903E-01 0.4007090E-01 0.5354926E-01 0.6823558E-01 0.8352395E-01 0.9804706E-01 0.1122765 0.1255221 0.1376947 0.1499545 0.1669730 0.2032561 0.2917825 0.2917825 -9999.000 -9999.000 -9999.000 -9999.000 -9999.000 -9999.000 -9999.000 -9999.000 -9999.000 -9999.000 -9999.000 -9999.000 -9999.000 -9999.000 -9999.000 -9999.000 -9999.000 -9999.000 -9999.000 -9999.000 -9999.000 -9999.000 -9999.000 -9999.000 -9999.000 -9999.000 -9999.000 -9999.000 -9999.000
-9999.000 -9999.000 -9999.000 -9999.000 -9999.000 -9999.000 -9999.000 -9999.000 -9999.000 -9999.000 -9999.000 -9999.000 -9999.000 -9999.000 -9999.000 0.2740659E-01 0.1705517E-01 0.2589563E-01 0.3779619E-01 0.5151402E-01 0.6676206E-01 0.8292347E-01 0.9844344E-01 0.1138235 0.1282007 0.1414612 0.1549134 0.1738668 0.2150253 0.3270551 0.3270551 -9999.000 -9999.000 -9999.000 -9999.000 -9999.000 -9999.000 -9999.000 -9999.000 -9999.000 -9999.000 -9999.000 -9999.000 -9999.000 -9999.000 -9999.000 -9999.000 -9999.000 -9999.000 -9999.000 -9999.000 -9999.000 -9999.000 -9999.000 -9999.000 -9999.000 -9999.000 -9999.000 -9999.000 -9999.000
-9999.000 -9999.000 -9999.000 -9999.000 -9999.000 -9999.000 -9999.000 -9999.000 -9999.000 -9999.000 -9999.000 -9999.000 -9999.000 -9999.000 -9999.000 0.3764773E-01 0.5778493E-01 0.6652743E-01 0.7103007E-01 0.7728495E-01 0.8554775E-01 0.9615332E-01 0.1077695 0.1206577 0.1335790 0.1461519 0.1596456 0.1799673 0.2262716 0.3679571 0.3679571 -9999.000 -9999.000 -9999.000 -9999.000 -9999.000 -9999.000 -9999.000 -9999.000 -9999.000 -9999.000 -9999.000 -9999.000 -9999.000 -9999.000 -9999.000 -9999.000 -9999.000 -9999.000 -9999.000 -9999.000 -9999.000 -9999.000 -9999.000 -9999.000 -9999.000 -9999.000 -9999.000 -9999.000 -9999.000
2.711092 2.711092 2.684084 2.715803 2.734552 2.734552 2.738356 2.740087 2.740087 2.737922 2.737922 2.733136 2.730023 2.726532 2.722805 2.722805 2.802144 2.804416 2.794343 2.766407 2.719732 2.652704 2.563516 2.455003 2.327472 2.183328 2.027395 1.870914 1.741858 1.714404 1.714404 2.538736 2.703619 2.790434 2.810298 2.810298 2.831326 2.831326 2.792624 2.792624 2.736609 2.524552 2.524552 2.060748 2.060748 1.896035 1.896035 1.896035 1.906799 1.906799 1.948837 1.948837 1.998623 1.998623 2.047139 2.047139 2.088607 2.088607 2.088607 2.119458
2.733565 2.733565 2.713779 2.768225 2.793350 2.793350 2.808472 2.832112 2.832112 2.851496 2.851496 2.868057 2.875542 2.882594 2.889353 2.889353 2.949445 2.963089 2.974179 2.981292 2.983353 2.978215 2.963027 2.936018 2.894614 2.836968 2.762433 2.672639 2.575632 2.520164 2.520164 2.962752 3.114858 3.257924 3.295451 3.295451 3.333721 3.333721 3.322612 3.322612 3.293368 3.172474 3.172474 2.905678 2.905678 2.710923 2.710923 2.710923 2.721230 2.721230 2.764659 2.764659 2.817390 2.817390 2.868672 2.868672 2.913577 2.913577 2.913577 2.949733
2.734939 2.734939 2.718299 2.770616 2.793395 2.793395 2.808934 2.833335 2.833335 2.853353 2.853353 2.870605 2.878468 2.885923 2.893118 2.893118 2.948636 2.971903 2.993880 3.013192 3.029163 3.041017 3.047615 3.048182 3.041244 3.025118 2.998339 2.960589 2.915457 2.889164 2.889164 3.147172 3.291714 3.455716 3.501946 3.501946 3.543231 3.543231 3.521280 3.521280 3.486953 3.382275 3.382275 3.205562 3.205562 3.010524 3.010524 3.010524 3.004945 3.004945 3.038267 3.038267 3.083434 3.083434 3.128521 3.128521 3.168659 3.168659 3.168659 3.201363
2.737169 2.737169 2.716828 2.771834 2.793036 2.793036 2.808737 2.833458 2.833458 2.853486 2.853486 2.870697 2.878546 2.885993 2.893208 2.893208 2.947261 2.979175 3.010667 3.039256 3.063836 3.083837 3.098813 3.108694 3.113201 3.111841 3.104044 3.089680 3.070879 3.063840 3.063840 3.224302 3.353333 3.521292 3.569740 3.569740 3.600985 3.600985 3.556663 3.556663 3.517005 3.432820 3.432820 3.325486 3.325486 3.154839 3.154839 3.154839 3.132084 3.132084 3.153577 3.153577 3.191886 3.191886 3.232865 3.232865 3.270100 3.270100 3.270100 3.300487
2.739191 2.739191 2.717110 2.772187 2.792412 2.792412 2.808300 2.833486 2.833486 2.853615 2.853615 2.870790 2.878613 2.886036 2.893267 2.893267 2.949377 2.989276 3.029570 3.066752 3.099242 3.126348 3.147732 3.163442 3.173615 3.178378 3.177883 3.172588 3.164382 3.164115 3.164115 3.267875 3.376912 3.532897 3.572777 3.572777 3.571855 3.571855 3.504596 3.504596 3.469372 3.421195 3.421195 3.373440 3.373440 3.245770 3.245770 3.245770 3.209727 3.209727 3.216928 3.216928 3.246215 3.246215 3.281965 3.281965 3.315719 3.315719 3.315719 3.343330
2.740662 2.740662 2.717354 2.772424 2.791937 2.791937 2.807873 2.833374 2.833374 2.853634 2.853634 2.870836 2.878658 2.886075 2.893356 2.893356 2.955903 3.003575 3.052017 3.097060 3.136836 3.170541 3.197846 3.218769 3.233510 3.242367 3.245752 3.244379 3.240008 3.240227 3.240227 3.306310 3.392073 3.514737 3.529576 3.529576 3.477282 3.477282 3.407998 3.407998 3.390940 3.387804 3.387804 3.387210 3.387210 3.310299 3.310299 3.310299 3.269844 3.269844 3.263550 3.263550 3.281658 3.281658 3.310050 3.310050 3.338739 3.338739 3.338739 3.362405
2.741557 2.741557 2.717435 2.772572 2.791672 2.791672 2.807614 2.833267 2.833267 2.853597 2.853597 2.870837 2.878674 2.886104 2.893472 2.893472 2.967734 3.023385 3.079436 3.131537 3.177785 3.217384 3.250033 3.275737 3.294684 3.307176 3.313648 3.314803 3.312118 3.310788 3.310788 3.349880 3.409039 3.464787 3.434230 3.434230 3.336828 3.336828 3.301317 3.301317 3.310403 3.349020 3.349020 3.382426 3.382426 3.354533 3.354533 3.354533 3.319638 3.319638 3.304224 3.304224 3.310696 3.310696 3.329795 3.329795 3.351554 3.351554 3.351554 3.369825
2.741860 2.741860 2.717454 2.772630 2.791598 2.791598 2.807537 2.833231 2.833231 2.853575 2.853575 2.870828 2.878672 2.886112 2.893596 2.893596 2.985949 3.050107 3.113358 3.171691 3.223455 3.268008 3.305170 3.334991 3.357657 3.373448 3.382743 3.386128 3.384690 3.381517 3.381517 3.399581 3.425451 3.362078 3.277484 3.277484 3.183234 3.183234 3.209494 3.209494 3.242087 3.311136 3.311136 3.367508 3.367508 3.381362 3.381362 3.381362 3.359434 3.359434 3.341174 3.341174 3.337693 3.337693 3.346426 3.346426 3.359505 3.359505 3.359505 3.370885
2.741557 2.741557 2.717436 2.772572 2.791672 2.791672 2.807614 2.833268 2.833268 2.853597 2.853597 2.870837 2.878674 2.886104 2.893734 2.893734 3.012098 3.085475 3.155574 3.219259 3.275426 3.323784 3.364369 3.397357 3.422981 3.441513 3.453278 3.458713 3.458427 3.453015 3.453015 3.450044 3.424009 3.184663 3.075139 3.075139 3.051809 3.051809 3.137619 3.137619 3.185612 3.273966 3.273966 3.345811 3.345811 3.392731 3.392731 3.392731 3.387262 3.387262 3.372153 3.372153 3.362075 3.362075 3.360630 3.360630 3.363824 3.363824 3.363824 3.367033
2.740662 2.740662 2.717354 2.772424 2.791938 2.791938 2.807873 2.833375 2.833375 2.853633 2.853633 2.870836 2.878658 2.886075 2.893909 2.893909 3.048513 3.131827 3.208315 3.276294 3.335539 3.386298 3.428945 3.463858 3.491378 3.511806 3.525430 3.532545 3.532971 3.522642 3.522642 3.485264 3.362095 2.946851 2.877872 2.877872 2.956797 2.956797 3.079398 3.079398 3.135751 3.236136 3.236136 3.318776 3.318776 3.390710 3.390710 3.390710 3.401744 3.401744 3.393935 3.393935 3.381151 3.381151 3.370893 3.370893 3.363789 3.363789 3.363789 3.357992
2.739191 2.739191 2.717110 2.772186 2.792411 2.792411 2.808299 2.833485 2.833485 2.853615 2.853615 2.870790 2.878612 2.886035 2.894174 2.894174 3.098749 3.192410 3.274440 3.345278 3.405919 3.457346 3.500384 3.535683 3.563740 3.584920 3.599509 3.607590 3.607032 3.580705 3.580705 3.461251 3.175412 2.716009 2.735166 2.735166 2.886574 2.886574 3.026288 3.026288 3.086972 3.195497 3.195497 3.285864 3.285864 3.376044 3.376044 3.376044 3.401453 3.401453 3.402716 3.402716 3.390511 3.390511 3.373550 3.373550 3.356633 3.356633 3.356633 3.341688
2.737169 2.737169 2.716828 2.771834 2.793036 2.793036 2.808738 2.833458 2.833458 2.853487 2.853487 2.870697 2.878546 2.885993 2.894571 2.894571 3.168351 3.271879 3.357734 3.429256 3.489017 3.538906 3.580280 3.614106 3.641052 3.661571 3.675956 3.683748 3.675748 3.591430 3.591430 3.287225 2.840219 2.568283 2.636849 2.636849 2.819953 2.819953 2.968002 2.968002 3.031223 3.146319 3.146319 3.242449 3.242449 3.345793 3.345793 3.345793 3.382629 3.382629 3.392704 3.392704 3.382873 3.382873 3.361430 3.361430 3.336010 3.336010 3.336010 3.312604
