cruce_test.gid/Rasters/Hydraulic/Velocity__y_211.0.asc
NCOLS        79
NROWS        79
XLLCENTER         -1.500000
YLLCENTER         -4.800000
CELLSIZE           0.100
NODATA_VALUE     -9999.0
[rows 0 to 26 of 79, columns 0 to 58 of 79]
-9999.000 -9999.000 -9999.000 -9999.000 -9999.000 -9999.000 -9999.000 -9999.000 -9999.000 -9999.000 -9999.000 -9999.000 -9999.000 -9999.000 -9999.000 -0.8838098E-01 -0.8497228E-01 -0.8345025E-01 -0.8271956E-01 -0.8312464E-01 -0.8396241E-01 -0.8486520E-01 -0.8574801E-01 -0.8655180E-01 -0.8721789E-01 -0.8780273E-01 -0.8833728E-01 -0.8897751E-01 -0.9029957E-01 -0.9170756E-01 -0.9170756E-01 -9999.000 -9999.000 -9999.000 -9999.000 -9999.000 -9999.000 -9999.000 -9999.000 -9999.000 -9999.000 -9999.000 -9999.000 -9999.000 -9999.000 -9999.000 -9999.000 -9999.000 -9999.000 -9999.000 -9999.000 -9999.000 -9999.000 -9999.000 -9999.000 -9999.000 -9999.000 -9999.000 -9999.000
-9999.000 -9999.000 -9999.000 -9999.000 -9999.000 -9999.000 -9999.000 -9999.000 -9999.000 -9999.000 -9999.000 -9999.000 -9999.000 -9999.000 -9999.000 -0.8964384E-01 -0.8246396E-01 -0.7920596E-01 -0.7765993E-01 -0.7856894E-01 -0.8044700E-01 -0.8250375E-01 -0.8454669E-01 -0.8643672E-01 -0.8804049E-01 -0.8946808E-01 -0.9077840E-01 -0.9229273E-01 -0.9521566E-01 -0.9859478E-01 -0.9859478E-01 -9999.000 -9999.000 -9999.000 -9999.000 -9999.000 -9999.000 -9999.000 -9999.000 -9999.000 -9999.000 -9999.000 -9999.000 -9999.000 -9999.000 -9999.000 -9999.000 -9999.000 -9999.000 -9999.000 -9999.000 -9999.000 -9999.000 -9999.000 -9999.000 -9999.000 -9999.000 -9999.000 -9999.000
-9999.000 -9999.000 -9999.000 -9999.000 -9999.000 -9999.000 -9999.000 -9999.000 -9999.000 -9999.000 -9999.000 -9999.000 -9999.000 -9999.000 -9999.000 -0.9007473E-01 -0.7874665E-01 -0.7349540E-01 -0.7105457E-01 -0.7263578E-01 -0.7585687E-01 -0.7943320E-01 -0.8303641E-01 -0.8642168E-01 -0.8935503E-01 -0.9199840E-01 -0.9442990E-01 -0.9715158E-01 -0.1020790 -0.1081698 -0.1081698 -9999.000 -9999.000 -9999.000 -9999.000 -9999.000 -9999.000 -9999.000 -9999.000 -9999.000 -9999.000 -9999.000 -9999.000 -9999.000 -9999.000 -9999.000 -9999.000 -9999.000 -9999.000 -9999.000 -9999.000 -9999.000 -9999.000 -9999.000 -9999.000 -9999.000 -9999.000 -9999.000 -9999.000
-9999.000 -9999.000 -9999.000 -9999.000 -9999.000 -9999.000 -9999.000 -9999.000 -9999.000 -9999.000 -9999.000 -9999.000 -9999.000 -9999.000 -9999.000 -0.9004871E-01 -0.7455930E-01 -0.6731039E-01 -0.6400469E-01 -0.6633262E-01 -0.7098914E-01 -0.7618489E-01 -0.8145569E-01 -0.8644535E-01 -0.9081356E-01 -0.9477450E-01 -0.9842051E-01 -0.1024385 -0.1094886 -0.1187588 -0.1187588 -9999.000 -9999.000 -9999.000 -9999.000 -9999.000 -9999.000 -9999.000 -9999.000 -9999.000 -9999.000 -9999.000 -9999.000 -9999.000 -9999.000 -9999.000 -9999.000 -9999.000 -9999.000 -9999.000 -9999.000 -9999.000 -9999.000 -9999.000 -9999.000 -9999.000 -9999.000 -9999.000 -9999.000
-9999.000 -9999.000 -9999.000 -9999.000 -9999.000 -9999.000 -9999.000 -9999.000 -9999.000 -9999.000 -9999.000 -9999.000 -9999.000 -9999.000 -9999.000 -0.8978510E-01 -0.7007497E-01 -0.6080566E-01 -0.5664345E-01 -0.5976922E-01 -0.6592403E-01 -0.7280289E-01 -0.7980869E-01 -0.8646969E-01 -0.9233406E-01 -0.9767415E-01 -0.1025926 -0.1079712 -0.1172610 -0.1302162 -0.1302162 -9999.000 -9999.000 -9999.000 -9999.000 -9999.000 -9999.000 -9999.000 -9999.000 -9999.000 -9999.000 -9999.000 -9999.000 -9999.000 -9999.000 -9999.000 -9999.000 -9999.000 -9999.000 -9999.000 -9999.000 -9999.000 -9999.000 -9999.000 -9999.000 -9999.000 -9999.000 -9999.000 -9999.000
-9999.000 -9999.000 -9999.000 -9999.000 -9999.000 -9999.000 -9999.000 -9999.000 -9999.000 -9999.000 -9999.000 -9999.000 -9999.000 -9999.000 -9999.000 -0.8934738E-01 -0.6534813E-01 -0.5403459E-01 -0.4902032E-01 -0.5298896E-01 -0.6069374E-01 -0.6930382E-01 -0.7809477E-01 -0.8647531E-01 -0.9387768E-01 -0.1006413 -0.1068764 -0.1136722 -0.1253280 -0.1425585 -0.1425585 -9999.000 -9999.000 -9999.000 -9999.000 -9999.000 -9999.000 -9999.000 -9999.000 -9999.000 -9999.000 -9999.000 -9999.000 -9999.000 -9999.000 -9999.000 -9999.000 -9999.000 -9999.000 -9999.000 -9999.000 -9999.000 -9999.000 -9999.000 -9999.000 -9999.000 -9999.000 -9999.000 -9999.000
-9999.000 -9999.000 -9999.000 -9999.000 -9999.000 -9999.000 -9999.000 -9999.000 -9999.000 -9999.000 -9999.000 -9999.000 -9999.000 -9999.000 -9999.000 -0.8873314E-01 -0.6038305E-01 -0.4700557E-01 -0.4114621E-01 -0.4600482E-01 -0.5530832E-01 -0.6569146E-01 -0.7631052E-01 -0.8645062E-01 -0.9542362E-01 -0.1036477 -0.1112370 -0.1195055 -0.1336703 -0.1558923 -0.1558923 -9999.000 -9999.000 -9999.000 -9999.000 -9999.000 -9999.000 -9999.000 -9999.000 -9999.000 -9999.000 -9999.000 -9999.000 -9999.000 -9999.000 -9999.000 -9999.000 -9999.000 -9999.000 -9999.000 -9999.000 -9999.000 -9999.000 -9999.000 -9999.000 -9999.000 -9999.000 -9999.000 -9999.000
-9999.000 -9999.000 -9999.000 -9999.000 -9999.000 -9999.000 -9999.000 -9999.000 -9999.000 -9999.000 -9999.000 -9999.000 -9999.000 -9999.000 -9999.000 -0.8790810E-01 -0.5515984E-01 -0.3970519E-01 -0.3301320E-01 -0.3881513E-01 -0.4976797E-01 -0.6196336E-01 -0.7445040E-01 -0.8638558E-01 -0.9695581E-01 -0.1066734 -0.1156518 -0.1254503 -0.1422890 -0.1703894 -0.1703894 -9999.000 -9999.000 -9999.000 -9999.000 -9999.000 -9999.000 -9999.000 -9999.000 -9999.000 -9999.000 -9999.000 -9999.000 -9999.000 -9999.000 -9999.000 -9999.000 -9999.000 -9999.000 -9999.000 -9999.000 -9999.000 -9999.000 -9999.000 -9999.000 -9999.000 -9999.000 -9999.000 -9999.000
-9999.000 -9999.000 -9999.000 -9999.000 -9999.000 -9999.000 -9999.000 -9999.000 -9999.000 -9999.000 -9999.000 -9999.000 -9999.000 -9999.000 -9999.000 -0.8682019E-01 -0.4964539E-01 -0.3210913E-01 -0.2460438E-01 -0.3141092E-01 -0.4406647E-01 -0.5811207E-01 -0.7250532E-01 -0.8626853E-01 -0.9845790E-01 -0.1097000 -0.1201000 -0.1314896 -0.1511937 -0.1862846 -0.1862846 -9999.000 -9999.000 -9999.000 -9999.000 -9999.000 -9999.000 -9999.000 -9999.000 -9999.000 -9999.000 -9999.000 -9999.000 -9999.000 -9999.000 -9999.000 -9999.000 -9999.000 -9999.000 -9999.000 -9999.000 -9999.000 -9999.000 -9999.000 -9999.000 -9999.000 -9999.000 -9999.000 -9999.000
-9999.000 -9999.000 -9999.000 -9999.000 -9999.000 -9999.000 -9999.000 -9999.000 -9999.000 -9999.000 -9999.000 -9999.000 -9999.000 -9999.000 -9999.000 -0.8540279E-01 -0.4379705E-01 -0.2418387E-01 -0.1589481E-01 -0.2377733E-01 -0.3819287E-01 -0.5412587E-01 -0.7046246E-01 -0.8608402E-01 -0.9990953E-01 -0.1127046 -0.1245566 -0.1376026 -0.1603949 -0.2038890 -0.2038890 -9999.000 -9999.000 -9999.000 -9999.000 -9999.000 -9999.000 -9999.000 -9999.000 -9999.000 -9999.000 -9999.000 -9999.000 -9999.000 -9999.000 -9999.000 -9999.000 -9999.000 -9999.000 -9999.000 -9999.000 -9999.000 -9999.000 -9999.000 -9999.000 -9999.000 -9999.000 -9999.000 -9999.000
-9999.000 -9999.000 -9999.000 -9999.000 -9999.000 -9999.000 -9999.000 -9999.000 -9999.000 -9999.000 -9999.000 -9999.000 -9999.000 -9999.000 -9999.000 -0.8357412E-01 -0.3756177E-01 -0.1588743E-01 -0.6851893E-02 -0.1589382E-01 -0.3213153E-01 -0.4998837E-01 -0.6830419E-01 -0.8581079E-01 -0.1012832 -0.1156564 -0.1289878 -0.1437600 -0.1699005 -0.2236159 -0.2236159 -9999.000 -9999.000 -9999.000 -9999.000 -9999.000 -9999.000 -9999.000 -9999.000 -9999.000 -9999.000 -9999.000 -9999.000 -9999.000 -9999.000 -9999.000 -9999.000 -9999.000 -9999.000 -9999.000 -9999.000 -9999.000 -9999.000 -9999.000 -9999.000 -9999.000 -9999.000 -9999.000 -9999.000
-9999.000 -9999.000 -9999.000 -9999.000 -9999.000 -9999.000 -9999.000 -9999.000 -9999.000 -9999.000 -9999.000 -9999.000 -9999.000 -9999.000 -9999.000 -0.8123186E-01 -0.3087150E-01 -0.7164669E-02 0.2566829E-02 -0.7733528E-02 -0.2586073E-01 -0.4567664E-01 -0.6600585E-01 -0.8541977E-01 -0.1025418 -0.1185143 -0.1333472 -0.1499187 -0.1797106 -0.2460260 -0.2460260 -9999.000 -9999.000 -9999.000 -9999.000 -9999.000 -9999.000 -9999.000 -9999.000 -9999.000 -9999.000 -9999.000 -9999.000 -9999.000 -9999.000 -9999.000 -9999.000 -9999.000 -9999.000 -9999.000 -9999.000 -9999.000 -9999.000 -9999.000 -9999.000 -9999.000 -9999.000 -9999.000 -9999.000
-9999.000 -9999.000 -9999.000 -9999.000 -9999.000 -9999.000 -9999.000 -9999.000 -9999.000 -9999.000 -9999.000 -9999.000 -9999.000 -9999.000 -9999.000 -0.7820699E-01 -0.2360487E-01 0.2084384E-02 0.1242738E-01 0.7325392E-03 -0.1936348E-01 -0.4117242E-01 -0.6354606E-01 -0.8488241E-01 -0.1036441 -0.1212282 -0.1375746 -0.1560197 -0.1898164 -0.2719004 -0.2719004 -9999.000 -9999.000 -9999.000 -9999.000 -9999.000 -9999.000 -9999.000 -9999.000 -9999.000 -9999.000 -9999.000 -9999.000 -9999.000 -9999.000 -9999.000 -9999.000 -9999.000 -9999.000 -9999.000 -9999.000 -9999.000 -9999.000 -9999.000 -9999.000 -9999.000 -9999.000 -9999.000 -9999.000
-9999.000 -9999.000 -9999.000 -9999.000 -9999.000 -9999.000 -9999.000 -9999.000 -9999.000 -9999.000 -9999.000 -9999.000 -9999.000 -9999.000 -9999.000 -0.7287923E-01 -0.1449504E-01 0.1270634E-01 0.2286806E-01 0.9215011E-02 -0.1300985E-01 -0.3683524E-01 -0.6125369E-01 -0.8448125E-01 -0.1048172 -0.1239764 -0.1418009 -0.1621659 -0.2003602 -0.3025540 -0.3025540 -9999.000 -9999.000 -9999.000 -9999.000 -9999.000 -9999.000 -9999.000 -9999.000 -9999.000 -9999.000 -9999.000 -9999.000 -9999.000 -9999.000 -9999.000 -9999.000 -9999.000 -9999.000 -9999.000 -9999.000 -9999.000 -9999.000 -9999.000 -9999.000 -9999.000 -9999.000 -9999.000 -9999.000
-9999.000 -9999.000 -9999.000 -9999.000 -9999.000 -9999.000 -9999.000 -9999.000 -9999.000 -9999.000 -9999.000 -9999.000 -9999.000 -9999.000 -9999.000 -0.8099288E-02 0.1868120E-01 0.2718796E-01 0.2232801E-01 0.1931446E-02 -0.2037853E-01 -0.4374880E-01 -0.6786079E-01 -0.9086923E-01 -0.1109781 -0.1302816 -0.1484275 -0.1698531 -0.2120100 -0.3378444 -0.3378444 -9999.000 -9999.000 -9999.000 -9999.000 -9999.000 -9999.000 -9999.000 -9999.000 -9999.000 -9999.000 -9999.000 -9999.000 -9999.000 -9999.000 -9999.000 -9999.000 -9999.000 -9999.000 -9999.000 -9999.000 -9999.000 -9999.000 -9999.000 -9999.000 -9999.000 -9999.000 -9999.000 -9999.000
-0.4095777E-02 -0.4095777E-02 -0.5865091E-02 -0.7211502E-02 -0.6776213E-02 -0.6776213E-02 -0.6637285E-02 -0.6588187E-02 -0.6588187E-02 -0.6575325E-02 -0.6575325E-02 -0.6550352E-02 -0.6534683E-02 -0.6517278E-02 -0.6504102E-02 -0.6504102E-02 0.4164998E-01 0.3772082E-01 0.2259483E-01 -0.1297961E-02 -0.2933712E-01 -0.6035580E-01 -0.9335157E-01 -0.1268643 -0.1592167 -0.1898931 -0.2182596 -0.2453805 -0.2782274 -0.3496525 -0.3496525 -0.1981740 -0.1090959 -0.4003269E-01 -0.3058050E-01 -0.3058050E-01 -0.2398719E-01 -0.2398719E-01 -0.1274509E-01 -0.1274509E-01 -0.2013560E-02 0.2550289E-01 0.2550289E-01 0.3203784E-01 0.3203784E-01 -0.2917444E-02 -0.2917444E-02 -0.2917444E-02 -0.1168178E-02 -0.1168178E-02 -0.4210289E-03 -0.4210289E-03 -0.9761786E-03 -0.9761786E-03 -0.2118359E-02 -0.2118359E-02 -0.3307730E-02 -0.3307730E-02 -0.3307730E-02
-0.5879488E-02 -0.5879488E-02 -0.8336479E-02 -0.1052646E-01 -0.9633846E-02 -0.9633846E-02 -0.9322890E-02 -0.9248861E-02 -0.9248861E-02 -0.9266788E-02 -0.9266788E-02 -0.9258132E-02 -0.9247488E-02 -0.9233679E-02 -0.9244739E-02 -0.9244739E-02 0.3490419E-01 0.3238777E-01 0.1736299E-01 -0.7668474E-02 -0.4233871E-01 -0.8409837E-01 -0.1306907 -0.1803218 -0.2312723 -0.2813676 -0.3290088 -0.3723617 -0.4090879 -0.4343843 -0.4343843 -0.2986513 -0.2017203 -0.1082664 -0.8968303E-01 -0.8968303E-01 -0.6708759E-01 -0.6708759E-01 -0.2807081E-01 -0.2807081E-01 0.4440339E-02 0.8045592E-01 0.8045592E-01 0.1076128 0.1076128 0.2525562E-01 0.2525562E-01 0.2525562E-01 0.8918428E-02 0.8918428E-02 0.1327206E-02 0.1327206E-02 -0.3697056E-02 -0.3697056E-02 -0.7704566E-02 -0.7704566E-02 -0.1074307E-01 -0.1074307E-01 -0.1074307E-01
-0.3955716E-02 -0.3955716E-02 -0.6275433E-02 -0.9216378E-02 -0.8320111E-02 -0.8320111E-02 -0.7899024E-02 -0.7789161E-02 -0.7789161E-02 -0.7845177E-02 -0.7845177E-02 -0.7868327E-02 -0.7871209E-02 -0.7870455E-02 -0.7933112E-02 -0.7933112E-02 0.2362480E-01 0.2174407E-01 0.7371680E-02 -0.1760258E-01 -0.5255216E-01 -0.9573852E-01 -0.1453187 -0.1997322 -0.2575457 -0.3169388 -0.3762617 -0.4335414 -0.4858386 -0.5266710 -0.5266710 -0.4403399 -0.3572633 -0.2420642 -0.2053313 -0.2053313 -0.1419096 -0.1419096 -0.4636890E-01 -0.4636890E-01 0.2029631E-01 0.1556360 0.1556360 0.2134596 0.2134596 0.9349108E-01 0.9349108E-01 0.9349108E-01 0.3707413E-01 0.3707413E-01 0.7577042E-02 0.7577042E-02 -0.8550522E-02 -0.8550522E-02 -0.1828692E-01 -0.1828692E-01 -0.2409000E-01 -0.2409000E-01 -0.2409000E-01
-0.2051746E-02 -0.2051746E-02 -0.4176109E-02 -0.7852236E-02 -0.6875856E-02 -0.6875856E-02 -0.6377590E-02 -0.6218019E-02 -0.6218019E-02 -0.6275753E-02 -0.6275753E-02 -0.6299995E-02 -0.6302421E-02 -0.6301963E-02 -0.6410087E-02 -0.6410087E-02 0.1259625E-01 0.8752056E-02 -0.6548727E-02 -0.3217390E-01 -0.6736246E-01 -0.1108479 -0.1611570 -0.2169364 -0.2769832 -0.3399069 -0.4043490 -0.4686802 -0.5303022 -0.5831385 -0.5831385 -0.5460708 -0.4886483 -0.3787272 -0.3298295 -0.3298295 -0.2173385 -0.2173385 -0.4804724E-01 -0.4804724E-01 0.5146614E-01 0.2209993 0.2209993 0.2908754 0.2908754 0.1639144 0.1639144 0.1639144 0.7316084E-01 0.7316084E-01 0.1803996E-01 0.1803996E-01 -0.1287486E-01 -0.1287486E-01 -0.3026468E-01 -0.3026468E-01 -0.3941433E-01 -0.3941433E-01 -0.3941433E-01
-0.1616621E-03 -0.1616621E-03 -0.3171963E-02 -0.6224885E-02 -0.5301344E-02 -0.5301344E-02 -0.4822280E-02 -0.4654043E-02 -0.4654043E-02 -0.4705495E-02 -0.4705495E-02 -0.4726780E-02 -0.4728428E-02 -0.4727912E-02 -0.4891983E-02 -0.4891983E-02 0.1875704E-02 -0.6133260E-02 -0.2424986E-01 -0.5183186E-01 -0.8817533E-01 -0.1323275 -0.1831545 -0.2395292 -0.3004162 -0.3647005 -0.4312616 -0.4988007 -0.5652508 -0.6256443 -0.6256443 -0.6248568 -0.5940065 -0.5003887 -0.4406321 -0.4406321 -0.2660431 -0.2660431 -0.2252338E-01 -0.2252338E-01 0.9480286E-01 0.2639176 0.2639176 0.3298657 0.3298657 0.2193560 0.2193560 0.2193560 0.1105796 0.1105796 0.3305766E-01 0.3305766E-01 -0.1394914E-01 -0.1394914E-01 -0.4053807E-01 -0.4053807E-01 -0.5385762E-01 -0.5385762E-01 -0.5385762E-01
0.6193899E-03 0.6193899E-03 -0.2570620E-02 -0.4230445E-02 -0.3575286E-02 -0.3575286E-02 -0.3223655E-02 -0.3096192E-02 -0.3096192E-02 -0.3135814E-02 -0.3135814E-02 -0.3151827E-02 -0.3152929E-02 -0.3152504E-02 -0.3389504E-02 -0.3389504E-02 -0.9074703E-02 -0.2309086E-01 -0.4593394E-01 -0.7705403E-01 -0.1157857 -0.1613868 -0.2130298 -0.2698661 -0.3310836 -0.3958176 -0.4631610 -0.5320656 -0.6009045 -0.6657798 -0.6657798 -0.6895319 -0.6809701 -0.5990071 -0.5198067 -0.5198067 -0.2652445 -0.2652445 0.2240433E-01 0.2240433E-01 0.1347806 0.2785216 0.2785216 0.3350734 0.3350734 0.2530543 0.2530543 0.2530543 0.1437323 0.1437323 0.5144826E-01 0.5144826E-01 -0.1068688E-01 -0.1068688E-01 -0.4741362E-01 -0.4741362E-01 -0.6576344E-01 -0.6576344E-01 -0.6576344E-01
0.3044078E-03 0.3044078E-03 -0.1275014E-02 -0.2122782E-02 -0.1794082E-02 -0.1794082E-02 -0.1612140E-02 -0.1545487E-02 -0.1545487E-02 -0.1567266E-02 -0.1567266E-02 -0.1575974E-02 -0.1576612E-02 -0.1576367E-02 -0.1909650E-02 -0.1909650E-02 -0.2106848E-01 -0.4281335E-01 -0.7228107E-01 -0.1086525 -0.1511896 -0.1992625 -0.2522911 -0.3097219 -0.3710251 -0.4356280 -0.5028862 -0.5720088 -0.6417348 -0.7089735 -0.7089735 -0.7483354 -0.7554607 -0.6633375 -0.5451174 -0.5451174 -0.2120418 -0.2120418 0.6475714E-01 0.6475714E-01 0.1558104 0.2675097 0.2675097 0.3162274 0.3162274 0.2646547 0.2646547 0.2646547 0.1678354 0.1678354 0.7056317E-01 0.7056317E-01 -0.3312797E-02 -0.3312797E-02 -0.5001933E-01 -0.5001933E-01 -0.7397664E-01 -0.7397664E-01 -0.7397664E-01
-0.1587683E-06 -0.1587683E-06 -0.1460492E-06 -0.6320139E-07 0.5476997E-07 0.5476997E-07 -0.6340343E-07 0.4325927E-07 0.4325927E-07 0.3995162E-07 0.3995162E-07 -0.3742705E-07 0.8203228E-08 -0.5605380E-07 -0.4630573E-03 -0.4630573E-03 -0.3524460E-01 -0.6656235E-01 -0.1045933 -0.1479853 -0.1958142 -0.2474876 -0.3026213 -0.3609437 -0.4222367 -0.4862576 -0.5526838 -0.6210325 -0.6903796 -0.7580626 -0.7580626 -0.8054798 -0.8182672 -0.6699789 -0.4943278 -0.4943278 -0.1333662 -0.1333662 0.8654746E-01 0.8654746E-01 0.1533709 0.2390110 0.2390110 0.2829092 0.2829092 0.2574548 0.2574548 0.2574548 0.1797554 0.1797554 0.8691038E-01 0.8691038E-01 0.6800049E-02 0.6800049E-02 -0.4819115E-01 -0.4819115E-01 -0.7766648E-01 -0.7766648E-01 -0.7766648E-01
-0.3044647E-03 -0.3044647E-03 0.1274718E-02 0.2122800E-02 0.1794092E-02 0.1794092E-02 0.1612164E-02 0.1545399E-02 0.1545399E-02 0.1567187E-02 0.1567187E-02 0.1576027E-02 0.1576626E-02 0.1576357E-02 0.9369551E-03 0.9369551E-03 -0.5325198E-01 -0.9634954E-01 -0.1450143 -0.1972092 -0.2517734 -0.3081345 -0.3660887 -0.4256400 -0.4868908 -0.5499477 -0.6148451 -0.6814499 -0.7491045 -0.8147679 -0.8147679 -0.8611429 -0.8600865 -0.5895870 -0.3735479 -0.3735479 -0.6712630E-01 -0.6712630E-01 0.8496949E-01 0.8496949E-01 0.1333659 0.2016678 0.2016678 0.2423183 0.2423183 0.2361335 0.2361335 0.2361335 0.1786275 0.1786275 0.9722709E-01 0.9722709E-01 0.1745226E-01 0.1745226E-01 -0.4245941E-01 -0.4245941E-01 -0.7634993E-01 -0.7634993E-01 -0.7634993E-01
-0.6193815E-03 -0.6193815E-03 0.2570671E-02 0.4230509E-02 0.3575384E-02 0.3575384E-02 0.3223825E-02 0.3096057E-02 0.3096057E-02 0.3135662E-02 0.3135662E-02 0.3151676E-02 0.3152982E-02 0.3152663E-02 0.2273302E-02 0.2273302E-02 -0.7763863E-01 -0.1353411 -0.1969173 -0.2596495 -0.3222108 -0.3841248 -0.4454188 -0.5063988 -0.5675011 -0.6291881 -0.6918601 -0.7557313 -0.8201042 -0.8790908 -0.8790908 -0.9066111 -0.8492578 -0.4272908 -0.2342777 -0.2342777 -0.3183113E-01 -0.3183113E-01 0.6859322E-01 0.6859322E-01 0.1051549 0.1617350 0.1617350 0.1989308 0.1989308 0.2051161 0.2051161 0.2051161 0.1655219 0.1655219 0.9936675E-01 0.9936675E-01 0.2619924E-01 0.2619924E-01 -0.3394365E-01 -0.3394365E-01 -0.6997697E-01 -0.6997697E-01 -0.6997697E-01
0.1617457E-03 0.1617457E-03 0.3172309E-02 0.6224938E-02 0.5301349E-02 0.5301349E-02 0.4822307E-02 0.4653964E-02 0.4653964E-02 0.4705428E-02 0.4705428E-02 0.4726560E-02 0.4728404E-02 0.4728019E-02 0.3521223E-02 0.3521223E-02 -0.1126351 -0.1886402 -0.2656032 -0.3404019 -0.4118172 -0.4796790 -0.5443846 -0.6066189 -0.6671883 -0.7269149 -0.7865587 -0.8465860 -0.9050271 -0.9442762 -0.9442762 -0.9068252 -0.7260471 -0.2504899 -0.1321150 -0.1321150 -0.2117879E-01 -0.2117879E-01 0.4731264E-01 0.4731264E-01 0.7583200E-01 0.1226581 0.1226581 0.1552204 0.1552204 0.1679741 0.1679741 0.1679741 0.1426867 0.1426867 0.9273075E-01 0.9273075E-01 0.3107684E-01 0.3107684E-01 -0.2405368E-01 -0.2405368E-01 -0.5894580E-01 -0.5894580E-01 -0.5894580E-01
0.2051852E-02 0.2051852E-02 0.4176117E-02 0.7852302E-02 0.6875828E-02 0.6875828E-02 0.6377468E-02 0.6217810E-02 0.6217810E-02 0.6275821E-02 0.6275821E-02 0.6299851E-02 0.6302442E-02 0.6302150E-02 0.4646594E-02 0.4646594E-02 -0.1657936 -0.2648371 -0.3596167 -0.4474150 -0.5277183 -0.6010565 -0.6684369 -0.7310539 -0.7901438 -0.8468996 -0.9024222 -0.9570257 -1.002100 -0.9752249 -0.9752249 -0.7776758 -0.4723357 -0.1291481 -0.7997554E-01 -0.7997554E-01 -0.2076513E-01 -0.2076513E-01 0.2717320E-01 0.2717320E-01 0.4903100E-01 0.8600494E-01 0.8600494E-01 0.1125794 0.1125794 0.1274650 0.1274650 0.1274650 0.1128439 0.1128439 0.7818789E-01 0.7818789E-01 0.3111573E-01 0.3111573E-01 -0.1410879E-01 -0.1410879E-01 -0.4406549E-01 -0.4406549E-01 -0.4406549E-01
