cruce_test.gid/Rasters/Hydraulic/Velocity__y_78.0.asc
NCOLS        79
NROWS        79
XLLCENTER         -1.500000
YLLCENTER         -4.800000
CELLSIZE           0.100
NODATA_VALUE     -9999.0
[rows 0 to 25 of 79, columns 0 to 58 of 79]
-9999.000 -9999.000 -9999.000 -9999.000 -9999.000 -9999.000 -9999.000 -9999.000 -9999.000 -9999.000 -9999.000 -9999.000 -9999.000 -9999.000 -9999.000 -0.2139721 -0.2128869 -0.2130362 -0.2132660 -0.2135015 -0.2137417 -0.2139998 -0.2142973 -0.2146643 -0.2151417 -0.2157870 -0.2166842 -0.2179566 -0.2196494 -0.2172298 -0.2172298 -9999.000 -9999.000 -9999.000 -9999.000 -9999.000 -9999.000 -9999.000 -9999.000 -9999.000 -9999.000 -9999.000 -9999.000 -9999.000 -9999.000 -9999.000 -9999.000 -9999.000 -9999.000 -9999.000 -9999.000 -9999.000 -9999.000 -9999.000 -9999.000 -9999.000 -9999.000 -9999.000 -9999.000
-9999.000 -9999.000 -9999.000 -9999.000 -9999.000 -9999.000 -9999.000 -9999.000 -9999.000 -9999.000 -9999.000 -9999.000 -9999.000 -9999.000 -9999.000 -0.2110486 -0.2086312 -0.2089012 -0.2093451 -0.2098019 -0.2102679 -0.2107727 -0.2113661 -0.2121174 -0.2131186 -0.2144946 -0.2164184 -0.2191318 -0.2226910 -0.2182024 -0.2182024 -9999.000 -9999.000 -9999.000 -9999.000 -9999.000 -9999.000 -9999.000 -9999.000 -9999.000 -9999.000 -9999.000 -9999.000 -9999.000 -9999.000 -9999.000 -9999.000 -9999.000 -9999.000 -9999.000 -9999.000 -9999.000 -9999.000 -9999.000 -9999.000 -9999.000 -9999.000 -9999.000 -9999.000
-9999.000 -9999.000 -9999.000 -9999.000 -9999.000 -9999.000 -9999.000 -9999.000 -9999.000 -9999.000 -9999.000 -9999.000 -9999.000 -9999.000 -9999.000 -0.2065594 -0.2026422 -0.2030744 -0.2038435 -0.2046772 -0.2055635 -0.2065519 -0.2077283 -0.2092125 -0.2111593 -0.2137697 -0.2173079 -0.2221207 -0.2282102 -0.2218927 -0.2218927 -9999.000 -9999.000 -9999.000 -9999.000 -9999.000 -9999.000 -9999.000 -9999.000 -9999.000 -9999.000 -9999.000 -9999.000 -9999.000 -9999.000 -9999.000 -9999.000 -9999.000 -9999.000 -9999.000 -9999.000 -9999.000 -9999.000 -9999.000 -9999.000 -9999.000 -9999.000 -9999.000 -9999.000
-9999.000 -9999.000 -9999.000 -9999.000 -9999.000 -9999.000 -9999.000 -9999.000 -9999.000 -9999.000 -9999.000 -9999.000 -9999.000 -9999.000 -9999.000 -0.2010067 -0.1956267 -0.1962754 -0.1974549 -0.1987761 -0.2002203 -0.2018582 -0.2038136 -0.2062584 -0.2094121 -0.2135542 -0.2190425 -0.2263363 -0.2353910 -0.2278293 -0.2278293 -9999.000 -9999.000 -9999.000 -9999.000 -9999.000 -9999.000 -9999.000 -9999.000 -9999.000 -9999.000 -9999.000 -9999.000 -9999.000 -9999.000 -9999.000 -9999.000 -9999.000 -9999.000 -9999.000 -9999.000 -9999.000 -9999.000 -9999.000 -9999.000 -9999.000 -9999.000 -9999.000 -9999.000
-9999.000 -9999.000 -9999.000 -9999.000 -9999.000 -9999.000 -9999.000 -9999.000 -9999.000 -9999.000 -9999.000 -9999.000 -9999.000 -9999.000 -9999.000 -0.1944765 -0.1877105 -0.1886273 -0.1902910 -0.1921928 -0.1943074 -0.1967280 -0.1996199 -0.2032110 -0.2077921 -0.2137285 -0.2214839 -0.2316488 -0.2441508 -0.2359972 -0.2359972 -9999.000 -9999.000 -9999.000 -9999.000 -9999.000 -9999.000 -9999.000 -9999.000 -9999.000 -9999.000 -9999.000 -9999.000 -9999.000 -9999.000 -9999.000 -9999.000 -9999.000 -9999.000 -9999.000 -9999.000 -9999.000 -9999.000 -9999.000 -9999.000 -9999.000 -9999.000 -9999.000 -9999.000
-9999.000 -9999.000 -9999.000 -9999.000 -9999.000 -9999.000 -9999.000 -9999.000 -9999.000 -9999.000 -9999.000 -9999.000 -9999.000 -9999.000 -9999.000 -0.1869926 -0.1789685 -0.1802024 -0.1824115 -0.1849688 -0.1878433 -0.1911539 -0.1951118 -0.2000086 -0.2062152 -0.2141971 -0.2245428 -0.2380027 -0.2545152 -0.2465424 -0.2465424 -9999.000 -9999.000 -9999.000 -9999.000 -9999.000 -9999.000 -9999.000 -9999.000 -9999.000 -9999.000 -9999.000 -9999.000 -9999.000 -9999.000 -9999.000 -9999.000 -9999.000 -9999.000 -9999.000 -9999.000 -9999.000 -9999.000 -9999.000 -9999.000 -9999.000 -9999.000 -9999.000 -9999.000
-9999.000 -9999.000 -9999.000 -9999.000 -9999.000 -9999.000 -9999.000 -9999.000 -9999.000 -9999.000 -9999.000 -9999.000 -9999.000 -9999.000 -9999.000 -0.1785232 -0.1694320 -0.1710319 -0.1738362 -0.1771076 -0.1808123 -0.1850989 -0.1902317 -0.1965752 -0.2045950 -0.2148752 -0.2281575 -0.2453935 -0.2665961 -0.2597619 -0.2597619 -9999.000 -9999.000 -9999.000 -9999.000 -9999.000 -9999.000 -9999.000 -9999.000 -9999.000 -9999.000 -9999.000 -9999.000 -9999.000 -9999.000 -9999.000 -9999.000 -9999.000 -9999.000 -9999.000 -9999.000 -9999.000 -9999.000 -9999.000 -9999.000 -9999.000 -9999.000 -9999.000 -9999.000
-9999.000 -9999.000 -9999.000 -9999.000 -9999.000 -9999.000 -9999.000 -9999.000 -9999.000 -9999.000 -9999.000 -9999.000 -9999.000 -9999.000 -9999.000 -0.1689888 -0.1590971 -0.1611140 -0.1645530 -0.1685823 -0.1731700 -0.1785003 -0.1848992 -0.1928173 -0.2028332 -0.2156758 -0.2322780 -0.2538515 -0.2805840 -0.2761261 -0.2761261 -9999.000 -9999.000 -9999.000 -9999.000 -9999.000 -9999.000 -9999.000 -9999.000 -9999.000 -9999.000 -9999.000 -9999.000 -9999.000 -9999.000 -9999.000 -9999.000 -9999.000 -9999.000 -9999.000 -9999.000 -9999.000 -9999.000 -9999.000 -9999.000 -9999.000 -9999.000 -9999.000 -9999.000
-9999.000 -9999.000 -9999.000 -9999.000 -9999.000 -9999.000 -9999.000 -9999.000 -9999.000 -9999.000 -9999.000 -9999.000 -9999.000 -9999.000 -9999.000 -0.1582678 -0.1479286 -0.1504169 -0.1545207 -0.1593377 -0.1648442 -0.1712676 -0.1790067 -0.1886155 -0.2008086 -0.2164943 -0.2368492 -0.2634288 -0.2967506 -0.2963364 -0.2963364 -9999.000 -9999.000 -9999.000 -9999.000 -9999.000 -9999.000 -9999.000 -9999.000 -9999.000 -9999.000 -9999.000 -9999.000 -9999.000 -9999.000 -9999.000 -9999.000 -9999.000 -9999.000 -9999.000 -9999.000 -9999.000 -9999.000 -9999.000 -9999.000 -9999.000 -9999.000 -9999.000 -9999.000
-9999.000 -9999.000 -9999.000 -9999.000 -9999.000 -9999.000 -9999.000 -9999.000 -9999.000 -9999.000 -9999.000 -9999.000 -9999.000 -9999.000 -9999.000 -0.1461995 -0.1358595 -0.1388791 -0.1436679 -0.1492873 -0.1557300 -0.1632759 -0.1724105 -0.1838117 -0.1983603 -0.2171898 -0.2417915 -0.2741856 -0.3154579 -0.3214367 -0.3214367 -9999.000 -9999.000 -9999.000 -9999.000 -9999.000 -9999.000 -9999.000 -9999.000 -9999.000 -9999.000 -9999.000 -9999.000 -9999.000 -9999.000 -9999.000 -9999.000 -9999.000 -9999.000 -9999.000 -9999.000 -9999.000 -9999.000 -9999.000 -9999.000 -9999.000 -9999.000 -9999.000 -9999.000
-9999.000 -9999.000 -9999.000 -9999.000 -9999.000 -9999.000 -9999.000 -9999.000 -9999.000 -9999.000 -9999.000 -9999.000 -9999.000 -9999.000 -9999.000 -0.1325845 -0.1227885 -0.1264033 -0.1318864 -0.1383054 -0.1456805 -0.1543533 -0.1649139 -0.1781887 -0.1952630 -0.2175547 -0.2469687 -0.2861645 -0.3371704 -0.3530200 -0.3530200 -9999.000 -9999.000 -9999.000 -9999.000 -9999.000 -9999.000 -9999.000 -9999.000 -9999.000 -9999.000 -9999.000 -9999.000 -9999.000 -9999.000 -9999.000 -9999.000 -9999.000 -9999.000 -9999.000 -9999.000 -9999.000 -9999.000 -9999.000 -9999.000 -9999.000 -9999.000 -9999.000 -9999.000
-9999.000 -9999.000 -9999.000 -9999.000 -9999.000 -9999.000 -9999.000 -9999.000 -9999.000 -9999.000 -9999.000 -9999.000 -9999.000 -9999.000 -9999.000 -0.1171806 -0.1085700 -0.1128461 -0.1190187 -0.1262134 -0.1344885 -0.1442603 -0.1562415 -0.1714375 -0.1911853 -0.2172649 -0.2521299 -0.2993377 -0.3624558 -0.3936296 -0.3936296 -9999.000 -9999.000 -9999.000 -9999.000 -9999.000 -9999.000 -9999.000 -9999.000 -9999.000 -9999.000 -9999.000 -9999.000 -9999.000 -9999.000 -9999.000 -9999.000 -9999.000 -9999.000 -9999.000 -9999.000 -9999.000 -9999.000 -9999.000 -9999.000 -9999.000 -9999.000 -9999.000 -9999.000
-9999.000 -9999.000 -9999.000 -9999.000 -9999.000 -9999.000 -9999.000 -9999.000 -9999.000 -9999.000 -9999.000 -9999.000 -9999.000 -9999.000 -9999.000 -0.9969039E-01 -0.9299775E-01 -0.9799734E-01 -0.1048353 -0.1127527 -0.1218571 -0.1326515 -0.1459927 -0.1630993 -0.1856167 -0.2157851 -0.2567940 -0.3134833 -0.3919346 -0.4476055 -0.4476055 -9999.000 -9999.000 -9999.000 -9999.000 -9999.000 -9999.000 -9999.000 -9999.000 -9999.000 -9999.000 -9999.000 -9999.000 -9999.000 -9999.000 -9999.000 -9999.000 -9999.000 -9999.000 -9999.000 -9999.000 -9999.000 -9999.000 -9999.000 -9999.000 -9999.000 -9999.000 -9999.000 -9999.000
-9999.000 -9999.000 -9999.000 -9999.000 -9999.000 -9999.000 -9999.000 -9999.000 -9999.000 -9999.000 -9999.000 -9999.000 -9999.000 -9999.000 -9999.000 -0.7966781E-01 -0.7573331E-01 -0.8151735E-01 -0.8898011E-01 -0.9753523E-01 -0.1073482 -0.1190199 -0.1335712 -0.1524701 -0.1777330 -0.2121814 -0.2599895 -0.3278539 -0.4260070 -0.5231242 -0.5231242 -9999.000 -9999.000 -9999.000 -9999.000 -9999.000 -9999.000 -9999.000 -9999.000 -9999.000 -9999.000 -9999.000 -9999.000 -9999.000 -9999.000 -9999.000 -9999.000 -9999.000 -9999.000 -9999.000 -9999.000 -9999.000 -9999.000 -9999.000 -9999.000 -9999.000 -9999.000 -9999.000 -9999.000
-9999.000 -9999.000 -9999.000 -9999.000 -9999.000 -9999.000 -9999.000 -9999.000 -9999.000 -9999.000 -9999.000 -9999.000 -9999.000 -9999.000 -9999.000 -0.5057489E-01 -0.5404263E-01 -0.6192168E-01 -0.7078735E-01 -0.8041380E-01 -0.9111194E-01 -0.1036404 -0.1192348 -0.1396646 -0.1673935 -0.2059708 -0.2608823 -0.3415065 -0.4648531 -0.6372237 -0.6372237 -9999.000 -9999.000 -9999.000 -9999.000 -9999.000 -9999.000 -9999.000 -9999.000 -9999.000 -9999.000 -9999.000 -9999.000 -9999.000 -9999.000 -9999.000 -9999.000 -9999.000 -9999.000 -9999.000 -9999.000 -9999.000 -9999.000 -9999.000 -9999.000 -9999.000 -9999.000 -9999.000 -9999.000
-0.2699530E-02 -0.2699530E-02 -0.3736162E-02 -0.4345644E-02 -0.4404848E-02 -0.4404848E-02 -0.4414533E-02 -0.4391460E-02 -0.4391460E-02 -0.4361270E-02 -0.4361270E-02 -0.4331869E-02 -0.4316726E-02 -0.1220843E-01 -0.3289330E-01 -0.3289330E-01 -0.6358392E-01 -0.7779326E-01 -0.9202070E-01 -0.1060529 -0.1198485 -0.1337831 -0.1488086 -0.1666084 -0.1898210 -0.2224262 -0.2704945 -0.3439188 -0.4599045 -0.6860343 -0.6860343 -0.4228920 -0.2500009 -0.5383636E-01 -0.1186672E-01 -0.1186672E-01 0.1860704E-01 0.1860704E-01 0.1449555E-01 0.1449555E-01 -0.2265791E-01 -0.8206580E-02 -0.8206580E-02 0.5975865E-02 0.5975865E-02 0.1028156E-01 0.1028156E-01 0.1028156E-01 0.8841302E-02 0.8841302E-02 0.6782636E-02 0.6782636E-02 0.6180002E-02 0.6180002E-02 0.3831332E-02 0.3831332E-02 0.2376535E-02 0.2376535E-02 0.2376535E-02
-0.4080774E-02 -0.4080774E-02 -0.5487385E-02 -0.6210665E-02 -0.6252828E-02 -0.6252828E-02 -0.6240231E-02 -0.6189084E-02 -0.6189084E-02 -0.6154048E-02 -0.6154048E-02 -0.6128847E-02 -0.6116072E-02 -0.1712232E-01 -0.5780043E-01 -0.5780043E-01 -0.9893917E-01 -0.1207980 -0.1434967 -0.1660667 -0.1876637 -0.2077810 -0.2264347 -0.2443591 -0.2632270 -0.2859068 -0.3167720 -0.3620788 -0.4294754 -0.5332159 -0.5332159 -0.3509775 -0.2161004 -0.4977820E-01 -0.4721232E-02 -0.4721232E-02 0.4516165E-01 0.4516165E-01 0.5707053E-01 0.5707053E-01 0.1604888E-02 -0.9383948E-02 -0.9383948E-02 0.1543184E-01 0.1543184E-01 0.2254958E-01 0.2254958E-01 0.2254958E-01 0.1901770E-01 0.1901770E-01 0.1458891E-01 0.1458891E-01 0.1002755E-01 0.1002755E-01 0.8032318E-02 0.8032318E-02 0.5622152E-02 0.5622152E-02 0.5622152E-02
-0.3254903E-02 -0.3254903E-02 -0.4535163E-02 -0.5274990E-02 -0.5316675E-02 -0.5316675E-02 -0.5296622E-02 -0.5235883E-02 -0.5235883E-02 -0.5211012E-02 -0.5211012E-02 -0.5206971E-02 -0.5205699E-02 -0.1257622E-01 -0.6260345E-01 -0.6260345E-01 -0.1101871 -0.1369278 -0.1661149 -0.1964942 -0.2268547 -0.2561711 -0.2837448 -0.3093474 -0.3333687 -0.3569674 -0.3822148 -0.4121003 -0.4494964 -0.4953640 -0.4953640 -0.3865013 -0.2838521 -0.1222460 -0.5889608E-01 -0.5889608E-01 0.4672146E-01 0.4672146E-01 0.1148826 0.1148826 0.8747268E-01 0.1809852E-01 0.1809852E-01 0.2770034E-01 0.2770034E-01 0.3284085E-01 0.3284085E-01 0.3284085E-01 0.2756669E-01 0.2756669E-01 0.2084797E-01 0.2084797E-01 0.1193525E-01 0.1193525E-01 0.1006999E-01 0.1006999E-01 0.7337191E-02 0.7337191E-02 0.7337191E-02
-0.2503104E-02 -0.2503104E-02 -0.3587291E-02 -0.4263442E-02 -0.4297141E-02 -0.4297141E-02 -0.4268836E-02 -0.4194630E-02 -0.4194630E-02 -0.4166179E-02 -0.4166179E-02 -0.4164869E-02 -0.4165612E-02 -0.8912426E-02 -0.5795786E-01 -0.5795786E-01 -0.1143785 -0.1438873 -0.1769792 -0.2123381 -0.2486927 -0.2848699 -0.3198691 -0.3529530 -0.3837373 -0.4122651 -0.4390186 -0.4647038 -0.4890811 -0.5088031 -0.5088031 -0.4366327 -0.3541037 -0.1949474 -0.1171659 -0.1171659 0.3453953E-01 0.3453953E-01 0.1497212 0.1497212 0.1582520 0.7857725E-01 0.7857725E-01 0.4690108E-01 0.4690108E-01 0.3877335E-01 0.3877335E-01 0.3877335E-01 0.3108702E-01 0.3108702E-01 0.2226619E-01 0.2226619E-01 0.1204018E-01 0.1204018E-01 0.7907726E-02 0.7907726E-02 0.5068114E-02 0.5068114E-02 0.5068114E-02
-0.1818175E-02 -0.1818175E-02 -0.2664206E-02 -0.3223725E-02 -0.3249996E-02 -0.3249996E-02 -0.3221348E-02 -0.3149025E-02 -0.3149025E-02 -0.3121661E-02 -0.3121661E-02 -0.3121624E-02 -0.3123240E-02 -0.6156784E-02 -0.4586942E-01 -0.4586942E-01 -0.1169296 -0.1486520 -0.1847368 -0.2236954 -0.2642278 -0.3051543 -0.3454142 -0.3840929 -0.4204550 -0.4539632 -0.4842300 -0.5106815 -0.5312367 -0.5407720 -0.5407720 -0.4874745 -0.4166387 -0.2522309 -0.1604609 -0.1604609 0.2314541E-01 0.2314541E-01 0.1613376 0.1613376 0.1921692 0.1440448 0.1440448 0.7789293E-01 0.7789293E-01 0.4456302E-01 0.4456302E-01 0.4456302E-01 0.3168506E-01 0.3168506E-01 0.2024175E-01 0.2024175E-01 0.8999304E-02 0.8999304E-02 0.3233659E-02 0.3233659E-02 0.5664113E-03 0.5664113E-03 0.5664113E-03
-0.1183868E-02 -0.1183868E-02 -0.1762741E-02 -0.2161857E-02 -0.2180246E-02 -0.2180246E-02 -0.2157559E-02 -0.2100848E-02 -0.2100848E-02 -0.2079469E-02 -0.2079469E-02 -0.2079999E-02 -0.2081582E-02 -0.4011250E-02 -0.3173420E-01 -0.3173420E-01 -0.1183859 -0.1529613 -0.1922229 -0.2345739 -0.2786870 -0.3233782 -0.3675823 -0.4103520 -0.4508526 -0.4883384 -0.5220660 -0.5508524 -0.5714298 -0.5767129 -0.5767129 -0.5314932 -0.4641078 -0.2834998 -0.1789963 -0.1789963 0.1760612E-01 0.1760612E-01 0.1564152 0.1564152 0.1956471 0.1872219 0.1872219 0.1152276 0.1152276 0.5280680E-01 0.5280680E-01 0.5280680E-01 0.3176438E-01 0.3176438E-01 0.1656111E-01 0.1656111E-01 0.4122774E-02 0.4122774E-02 -0.2638981E-02 -0.2638981E-02 -0.4889906E-02 -0.4889906E-02 -0.4889906E-02
-0.5834391E-03 -0.5834391E-03 -0.8771605E-03 -0.1084732E-02 -0.1094270E-02 -0.1094270E-02 -0.1081844E-02 -0.1050908E-02 -0.1050908E-02 -0.1039159E-02 -0.1039159E-02 -0.1039659E-02 -0.1040659E-02 -0.2263877E-02 -0.2122628E-01 -0.2122628E-01 -0.1185602 -0.1574706 -0.2005762 -0.2466117 -0.2943495 -0.3426045 -0.3902779 -0.4363931 -0.4800982 -0.5206312 -0.5572083 -0.5883840 -0.6095057 -0.6103700 -0.6103700 -0.5635609 -0.4898123 -0.2847074 -0.1738848 -0.1738848 0.1485183E-01 0.1485183E-01 0.1409162 0.1409162 0.1807457 0.2005494 0.2005494 0.1470318 0.1470318 0.6432294E-01 0.6432294E-01 0.6432294E-01 0.3315966E-01 0.3315966E-01 0.1280691E-01 0.1280691E-01 -0.1368771E-02 -0.1368771E-02 -0.8768007E-02 -0.8768007E-02 -0.1040665E-01 -0.1040665E-01 -0.1040665E-01
0.1294412E-07 0.1294412E-07 -0.6560789E-08 0.3847175E-08 0.1807478E-07 0.1807478E-07 0.3939984E-07 0.1127293E-07 0.1127293E-07 0.1468784E-06 0.1468784E-06 -0.3346044E-07 -0.3327603E-07 -0.7729488E-03 -0.1341300E-01 -0.1341300E-01 -0.1179093 -0.1630993 -0.2108575 -0.2611006 -0.3127823 -0.3647361 -0.4158314 -0.4650482 -0.5115182 -0.5545119 -0.5933222 -0.6262112 -0.6456329 -0.6366884 -0.6366884 -0.5782883 -0.4876633 -0.2616600 -0.1551962 -0.1551962 0.1070066E-01 0.1070066E-01 0.1196014 0.1196014 0.1567759 0.1912010 0.1912010 0.1635042 0.1635042 0.7706591E-01 0.7706591E-01 0.7706591E-01 0.3650850E-01 0.3650850E-01 0.1020205E-01 0.1020205E-01 -0.6330709E-02 -0.6330709E-02 -0.1429365E-01 -0.1429365E-01 -0.1521948E-01 -0.1521948E-01 -0.1521948E-01
0.5833906E-03 0.5833906E-03 0.8770484E-03 0.1084761E-02 0.1094348E-02 0.1094348E-02 0.1081920E-02 0.1051008E-02 0.1051008E-02 0.1039320E-02 0.1039320E-02 0.1039701E-02 0.1040668E-02 0.5541288E-03 -0.7716451E-02 -0.7716451E-02 -0.1158197 -0.1702036 -0.2242036 -0.2795677 -0.3356869 -0.3915493 -0.4460935 -0.4983146 -0.5473385 -0.5924493 -0.6329728 -0.6663616 -0.6791891 -0.6502607 -0.6502607 -0.5678899 -0.4558499 -0.2276883 -0.1340801 -0.1340801 0.4235160E-02 0.4235160E-02 0.9640573E-01 0.9640573E-01 0.1296882 0.1691281 0.1691281 0.1624957 0.1624957 0.8707754E-01 0.8707754E-01 0.8707754E-01 0.4093887E-01 0.4093887E-01 0.9299180E-02 0.9299180E-02 -0.9829535E-02 -0.9829535E-02 -0.1837544E-01 -0.1837544E-01 -0.1861640E-01 -0.1861640E-01 -0.1861640E-01
0.1183821E-02 0.1183821E-02 0.1762592E-02 0.2161850E-02 0.2180258E-02 0.2180258E-02 0.2157625E-02 0.2100996E-02 0.2100996E-02 0.2079554E-02 0.2079554E-02 0.2080111E-02 0.2081784E-02 0.1777000E-02 -0.3554138E-02 -0.3554138E-02 -0.1133992 -0.1794884 -0.2422485 -0.3040622 -0.3651841 -0.4250962 -0.4830108 -0.5380543 -0.5893909 -0.6363136 -0.6781120 -0.7100088 -0.7054465 -0.6420967 -0.6420967 -0.5293888 -0.4038429 -0.1941173 -0.1153949 -0.1153949 -0.2623542E-02 -0.2623542E-02 0.7413118E-01 0.7413118E-01 0.1028661 0.1414489 0.1414489 0.1477354 0.1477354 0.9067328E-01 0.9067328E-01 0.9067328E-01 0.4450003E-01 0.4450003E-01 0.9854609E-02 0.9854609E-02 -0.1128045E-01 -0.1128045E-01 -0.2028437E-01 -0.2028437E-01 -0.1998828E-01 -0.1998828E-01 -0.1998828E-01
0.1818145E-02 0.1818145E-02 0.2664134E-02 0.3223716E-02 0.3249990E-02 0.3249990E-02 0.3221366E-02 0.3149003E-02 0.3149003E-02 0.3121674E-02 0.3121674E-02 0.3121753E-02 0.3123469E-02 0.2934020E-02 -0.4462323E-03 -0.4462323E-03 -0.1152396 -0.1936640 -0.2674664 -0.3372821 -0.4040453 -0.4680323 -0.5290194 -0.5864641 -0.6396775 -0.6879918 -0.7304921 -0.7559277 -0.7114324 -0.6073926 -0.6073926 -0.4715931 -0.3463418 -0.1644232 -0.1001870 -0.1001870 -0.7676383E-02 -0.7676383E-02 0.5435862E-01 0.5435862E-01 0.7803272E-01 0.1122736 0.1122736 0.1244981 0.1244981 0.8614928E-01 0.8614928E-01 0.8614928E-01 0.4512981E-01 0.4512981E-01 0.1102501E-01 0.1102501E-01 -0.1053753E-01 -0.1053753E-01 -0.1953995E-01 -0.1953995E-01 -0.1891116E-01 -0.1891116E-01 -0.1891116E-01
