cruce_test.gid/Rasters/Hydraulic/Velocity____134.0.asc
NCOLS        79
NROWS        79
XLLCENTER         -1.500000
YLLCENTER         -4.800000
CELLSIZE           0.100
NODATA_VALUE     -9999.0
[rows 0 to 26 of 79, columns 0 to 59 of 79]
-9999.000 -9999.000 -9999.000 -9999.000 -9999.000 -9999.000 -9999.000 -9999.000 -9999.000 -9999.000 -9999.000 -9999.000 -9999.000 -9999.000 -9999.000 0.1298258 0.1286377 0.1286326 0.1288218 0.1291236 0.1294838 0.1298553 0.1302011 0.1304998 0.1307447 0.1309588 0.1312698 0.1319536 0.1335900 0.1341637 0.1341637 -9999.000 -9999.000 -9999.000 -9999.000 -9999.000 -9999.000 -9999.000 -9999.000 -9999.000 -9999.000 -9999.000 -9999.000 -9999.000 -9999.000 -9999.000 -9999.000 -9999.000 -9999.000 -9999.000 -9999.000 -9999.000 -9999.000 -9999.000 -9999.000 -9999.000 -9999.000 -9999.000 -9999.000 -9999.000
-9999.000 -9999.000 -9999.000 -9999.000 -9999.000 -9999.000 -9999.000 -9999.000 -9999.000 -9999.000 -9999.000 -9999.000 -9999.000 -9999.000 -9999.000 0.1278143 0.1253653 0.1253778 0.1258214 0.1265211 0.1273580 0.1282258 0.1290388 0.1297454 0.1303260 0.1308282 0.1315288 0.1330384 0.1366261 0.1383881 0.1383881 -9999.000 -9999.000 -9999.000 -9999.000 -9999.000 -9999.000 -9999.000 -9999.000 -9999.000 -9999.000 -9999.000 -9999.000 -9999.000 -9999.000 -9999.000 -9999.000 -9999.000 -9999.000 -9999.000 -9999.000 -9999.000 -9999.000 -9999.000 -9999.000 -9999.000 -9999.000 -9999.000 -9999.000 -9999.000
-9999.000 -9999.000 -9999.000 -9999.000 -9999.000 -9999.000 -9999.000 -9999.000 -9999.000 -9999.000 -9999.000 -9999.000 -9999.000 -9999.000 -9999.000 0.1244728 0.1207224 0.1207723 0.1215583 0.1227956 0.1242870 0.1258559 0.1273603 0.1287136 0.1298831 0.1309472 0.1323591 0.1351112 0.1412435 0.1450023 0.1450023 -9999.000 -9999.000 -9999.000 -9999.000 -9999.000 -9999.000 -9999.000 -9999.000 -9999.000 -9999.000 -9999.000 -9999.000 -9999.000 -9999.000 -9999.000 -9999.000 -9999.000 -9999.000 -9999.000 -9999.000 -9999.000 -9999.000 -9999.000 -9999.000 -9999.000 -9999.000 -9999.000 -9999.000 -9999.000
-9999.000 -9999.000 -9999.000 -9999.000 -9999.000 -9999.000 -9999.000 -9999.000 -9999.000 -9999.000 -9999.000 -9999.000 -9999.000 -9999.000 -9999.000 0.1204413 0.1154840 0.1156040 0.1167848 0.1186289 0.1208586 0.1232245 0.1255278 0.1276449 0.1295295 0.1312862 0.1335497 0.1377094 0.1466285 0.1530294 0.1530294 -9999.000 -9999.000 -9999.000 -9999.000 -9999.000 -9999.000 -9999.000 -9999.000 -9999.000 -9999.000 -9999.000 -9999.000 -9999.000 -9999.000 -9999.000 -9999.000 -9999.000 -9999.000 -9999.000 -9999.000 -9999.000 -9999.000 -9999.000 -9999.000 -9999.000 -9999.000 -9999.000 -9999.000 -9999.000
-9999.000 -9999.000 -9999.000 -9999.000 -9999.000 -9999.000 -9999.000 -9999.000 -9999.000 -9999.000 -9999.000 -9999.000 -9999.000 -9999.000 -9999.000 0.1158892 0.1098025 0.1100178 0.1116340 0.1141387 0.1171694 0.1204027 0.1235809 0.1265428 0.1292280 0.1317659 0.1349822 0.1406861 0.1526332 0.1623790 0.1623790 -9999.000 -9999.000 -9999.000 -9999.000 -9999.000 -9999.000 -9999.000 -9999.000 -9999.000 -9999.000 -9999.000 -9999.000 -9999.000 -9999.000 -9999.000 -9999.000 -9999.000 -9999.000 -9999.000 -9999.000 -9999.000 -9999.000 -9999.000 -9999.000 -9999.000 -9999.000 -9999.000 -9999.000 -9999.000
-9999.000 -9999.000 -9999.000 -9999.000 -9999.000 -9999.000 -9999.000 -9999.000 -9999.000 -9999.000 -9999.000 -9999.000 -9999.000 -9999.000 -9999.000 0.1108950 0.1037573 0.1040941 0.1061842 0.1093976 0.1132831 0.1174406 0.1215520 0.1254191 0.1289676 0.1323507 0.1365991 0.1439715 0.1592009 0.1731039 0.1731039 -9999.000 -9999.000 -9999.000 -9999.000 -9999.000 -9999.000 -9999.000 -9999.000 -9999.000 -9999.000 -9999.000 -9999.000 -9999.000 -9999.000 -9999.000 -9999.000 -9999.000 -9999.000 -9999.000 -9999.000 -9999.000 -9999.000 -9999.000 -9999.000 -9999.000 -9999.000 -9999.000 -9999.000 -9999.000
-9999.000 -9999.000 -9999.000 -9999.000 -9999.000 -9999.000 -9999.000 -9999.000 -9999.000 -9999.000 -9999.000 -9999.000 -9999.000 -9999.000 -9999.000 0.1054808 0.9738246E-01 0.9787270E-01 0.1004780 0.1044489 0.1092400 0.1143714 0.1194652 0.1242852 0.1287462 0.1330239 0.1383721 0.1475338 0.1663264 0.1853663 0.1853663 -9999.000 -9999.000 -9999.000 -9999.000 -9999.000 -9999.000 -9999.000 -9999.000 -9999.000 -9999.000 -9999.000 -9999.000 -9999.000 -9999.000 -9999.000 -9999.000 -9999.000 -9999.000 -9999.000 -9999.000 -9999.000 -9999.000 -9999.000 -9999.000 -9999.000 -9999.000 -9999.000 -9999.000 -9999.000
-9999.000 -9999.000 -9999.000 -9999.000 -9999.000 -9999.000 -9999.000 -9999.000 -9999.000 -9999.000 -9999.000 -9999.000 -9999.000 -9999.000 -9999.000 0.9963338E-01 0.9068477E-01 0.9136976E-01 0.9453883E-01 0.9932037E-01 0.1050679 0.1112199 0.1173386 0.1231520 0.1285655 0.1337778 0.1402875 0.1513629 0.1740368 0.1994315 0.1994315 -9999.000 -9999.000 -9999.000 -9999.000 -9999.000 -9999.000 -9999.000 -9999.000 -9999.000 -9999.000 -9999.000 -9999.000 -9999.000 -9999.000 -9999.000 -9999.000 -9999.000 -9999.000 -9999.000 -9999.000 -9999.000 -9999.000 -9999.000 -9999.000 -9999.000 -9999.000 -9999.000 -9999.000 -9999.000
-9999.000 -9999.000 -9999.000 -9999.000 -9999.000 -9999.000 -9999.000 -9999.000 -9999.000 -9999.000 -9999.000 -9999.000 -9999.000 -9999.000 -9999.000 0.9331688E-01 0.8365523E-01 0.8459085E-01 0.8838393E-01 0.9403593E-01 0.1007922 0.1080091 0.1151909 0.1220317 0.1284312 0.1346109 0.1423409 0.1554614 0.1823827 0.2156837 0.2156837 -9999.000 -9999.000 -9999.000 -9999.000 -9999.000 -9999.000 -9999.000 -9999.000 -9999.000 -9999.000 -9999.000 -9999.000 -9999.000 -9999.000 -9999.000 -9999.000 -9999.000 -9999.000 -9999.000 -9999.000 -9999.000 -9999.000 -9999.000 -9999.000 -9999.000 -9999.000 -9999.000 -9999.000 -9999.000
-9999.000 -9999.000 -9999.000 -9999.000 -9999.000 -9999.000 -9999.000 -9999.000 -9999.000 -9999.000 -9999.000 -9999.000 -9999.000 -9999.000 -9999.000 0.8647845E-01 0.7627562E-01 0.7753921E-01 0.8203442E-01 0.8862635E-01 0.9644632E-01 0.1047697 0.1130476 0.1209437 0.1283570 0.1355304 0.1445366 0.1598434 0.1914338 0.2346631 0.2346631 -9999.000 -9999.000 -9999.000 -9999.000 -9999.000 -9999.000 -9999.000 -9999.000 -9999.000 -9999.000 -9999.000 -9999.000 -9999.000 -9999.000 -9999.000 -9999.000 -9999.000 -9999.000 -9999.000 -9999.000 -9999.000 -9999.000 -9999.000 -9999.000 -9999.000 -9999.000 -9999.000 -9999.000 -9999.000
-9999.000 -9999.000 -9999.000 -9999.000 -9999.000 -9999.000 -9999.000 -9999.000 -9999.000 -9999.000 -9999.000 -9999.000 -9999.000 -9999.000 -9999.000 0.7904947E-01 0.6852230E-01 0.7022575E-01 0.7552797E-01 0.8314332E-01 0.9208410E-01 0.1015522 0.1109532 0.1199257 0.1283736 0.1365601 0.1468956 0.1645373 0.2012822 0.2571374 0.2571374 -9999.000 -9999.000 -9999.000 -9999.000 -9999.000 -9999.000 -9999.000 -9999.000 -9999.000 -9999.000 -9999.000 -9999.000 -9999.000 -9999.000 -9999.000 -9999.000 -9999.000 -9999.000 -9999.000 -9999.000 -9999.000 -9999.000 -9999.000 -9999.000 -9999.000 -9999.000 -9999.000 -9999.000 -9999.000
-9999.000 -9999.000 -9999.000 -9999.000 -9999.000 -9999.000 -9999.000 -9999.000 -9999.000 -9999.000 -9999.000 -9999.000 -9999.000 -9999.000 -9999.000 0.7094110E-01 0.6037094E-01 0.6268411E-01 0.6894075E-01 0.7768089E-01 0.8780125E-01 0.9844697E-01 0.1089911 0.1190535 0.1285497 0.1377605 0.1494732 0.1696010 0.2120503 0.2842239 0.2842239 -9999.000 -9999.000 -9999.000 -9999.000 -9999.000 -9999.000 -9999.000 -9999.000 -9999.000 -9999.000 -9999.000 -9999.000 -9999.000 -9999.000 -9999.000 -9999.000 -9999.000 -9999.000 -9999.000 -9999.000 -9999.000 -9999.000 -9999.000 -9999.000 -9999.000 -9999.000 -9999.000 -9999.000 -9999.000
-9999.000 -9999.000 -9999.000 -9999.000 -9999.000 -9999.000 -9999.000 -9999.000 -9999.000 -9999.000 -9999.000 -9999.000 -9999.000 -9999.000 -9999.000 0.6203610E-01 0.5180863E-01 0.5500593E-01 0.6243020E-01 0.7241733E-01 0.8377407E-01 0.9562221E-01 0.1073211 0.1184806 0.1290334 0.1392739 0.1524046 0.1751598 0.2239148 0.3176128 0.3176128 -9999.000 -9999.000 -9999.000 -9999.000 -9999.000 -9999.000 -9999.000 -9999.000 -9999.000 -9999.000 -9999.000 -9999.000 -9999.000 -9999.000 -9999.000 -9999.000 -9999.000 -9999.000 -9999.000 -9999.000 -9999.000 -9999.000 -9999.000 -9999.000 -9999.000 -9999.000 -9999.000 -9999.000 -9999.000
-9999.000 -9999.000 -9999.000 -9999.000 -9999.000 -9999.000 -9999.000 -9999.000 -9999.000 -9999.000 -9999.000 -9999.000 -9999.000 -9999.000 -9999.000 0.5214484E-01 0.4289428E-01 0.4750099E-01 0.5643474E-01 0.6781799E-01 0.8045417E-01 0.9350692E-01 0.1063519 0.1186002 0.1302078 0.1414770 0.1560518 0.1815314 0.2371862 0.3600146 0.3600146 -9999.000 -9999.000 -9999.000 -9999.000 -9999.000 -9999.000 -9999.000 -9999.000 -9999.000 -9999.000 -9999.000 -9999.000 -9999.000 -9999.000 -9999.000 -9999.000 -9999.000 -9999.000 -9999.000 -9999.000 -9999.000 -9999.000 -9999.000 -9999.000 -9999.000 -9999.000 -9999.000 -9999.000 -9999.000
-9999.000 -9999.000 -9999.000 -9999.000 -9999.000 -9999.000 -9999.000 -9999.000 -9999.000 -9999.000 -9999.000 -9999.000 -9999.000 -9999.000 -9999.000 0.3959706E-01 0.4431656E-01 0.5721762E-01 0.6978143E-01 0.8184895E-01 0.9363069E-01 0.1052080 0.1164775 0.1272983 0.1377375 0.1481105 0.1624500 0.1893484 0.2516989 0.4134124 0.4134124 -9999.000 -9999.000 -9999.000 -9999.000 -9999.000 -9999.000 -9999.000 -9999.000 -9999.000 -9999.000 -9999.000 -9999.000 -9999.000 -9999.000 -9999.000 -9999.000 -9999.000 -9999.000 -9999.000 -9999.000 -9999.000 -9999.000 -9999.000 -9999.000 -9999.000 -9999.000 -9999.000 -9999.000 -9999.000
2.326220 2.326220 2.372187 2.415401 2.422299 2.422299 2.426717 2.431362 2.431362 2.432556 2.432556 2.431434 2.430206 2.428609 2.426688 2.426688 2.294684 2.265198 2.228052 2.178896 2.115245 2.036023 1.941211 1.831749 1.709818 1.579847 1.449142 1.331511 1.256778 1.296343 1.296343 2.102912 2.244882 2.292040 2.295819 2.295819 2.283432 2.283432 2.204614 2.204614 2.125734 1.670665 1.670665 1.470439 1.470439 1.444120 1.444120 1.444120 1.488823 1.488823 1.539905 1.539905 1.588529 1.588529 1.630021 1.630021 1.661871 1.661871 1.661871 1.683332
2.341470 2.341470 2.402321 2.459318 2.476124 2.476124 2.490438 2.514759 2.514759 2.535463 2.535463 2.553700 2.562094 2.570082 2.577705 2.577705 2.511055 2.504003 2.501651 2.497438 2.487254 2.468219 2.438078 2.395043 2.337624 2.262405 2.177179 2.087289 2.010188 1.994444 1.994444 2.447305 2.593425 2.714767 2.741622 2.741622 2.757387 2.757387 2.720802 2.720802 2.677218 2.436229 2.436229 2.208585 2.208585 2.169959 2.169959 2.169959 2.212801 2.212801 2.261403 2.261403 2.308971 2.308971 2.352095 2.352095 2.388713 2.388713 2.388713 2.416503
2.344839 2.344839 2.406367 2.459575 2.476545 2.476545 2.491089 2.515909 2.515909 2.537157 2.537157 2.556012 2.564746 2.573097 2.581103 2.581103 2.533379 2.530481 2.538183 2.548813 2.557732 2.562302 2.560737 2.551509 2.533080 2.503042 2.463694 2.417302 2.372903 2.359755 2.359755 2.655273 2.788863 2.930175 2.965226 2.965226 2.984668 2.984668 2.945131 2.945131 2.905304 2.750050 2.750050 2.559359 2.559359 2.493348 2.493348 2.493348 2.525102 2.525102 2.565968 2.565968 2.606908 2.606908 2.644224 2.644224 2.675457 2.675457 2.675457 2.699220
2.347521 2.347521 2.409464 2.459498 2.476416 2.476416 2.491006 2.515913 2.515913 2.537186 2.537186 2.556046 2.564785 2.573141 2.581157 2.581157 2.547978 2.547657 2.559979 2.577154 2.593937 2.607597 2.616747 2.620549 2.618252 2.608506 2.592465 2.571705 2.551983 2.552802 2.552802 2.741130 2.863972 3.008162 3.043588 3.043588 3.053259 3.053259 3.003764 3.003764 2.968047 2.869184 2.869184 2.727175 2.727175 2.639779 2.639779 2.639779 2.660135 2.660135 2.695561 2.695561 2.733049 2.733049 2.767168 2.767168 2.795467 2.795467 2.795467 2.816903
2.349568 2.349568 2.411809 2.459456 2.476287 2.476287 2.490912 2.515900 2.515900 2.537192 2.537192 2.556046 2.564781 2.573136 2.581150 2.581150 2.562890 2.567370 2.584258 2.606522 2.628802 2.648136 2.663093 2.673046 2.677706 2.676556 2.670579 2.661447 2.653570 2.660601 2.660601 2.786699 2.894031 3.024874 3.049874 3.049874 3.034185 3.034185 2.980457 2.980457 2.956280 2.907856 2.907856 2.822085 2.822085 2.728129 2.728129 2.728129 2.734269 2.734269 2.762043 2.762043 2.795250 2.795250 2.826332 2.826332 2.852146 2.852146 2.852146 2.871423
2.351007 2.351007 2.413452 2.459440 2.476182 2.476182 2.490829 2.515889 2.515889 2.537199 2.537199 2.556047 2.564779 2.573131 2.581145 2.581145 2.578582 2.590192 2.612502 2.639579 2.666563 2.690533 2.709974 2.724211 2.733037 2.736300 2.734854 2.730405 2.726696 2.733743 2.733743 2.818742 2.905917 3.000700 3.002043 3.002043 2.956407 2.956407 2.918667 2.918667 2.913363 2.910099 2.910099 2.875441 2.875441 2.793771 2.793771 2.793771 2.786456 2.786456 2.804189 2.804189 2.831251 2.831251 2.858338 2.858338 2.881048 2.881048 2.881048 2.897724
2.351862 2.351862 2.414425 2.459437 2.476114 2.476114 2.490774 2.515882 2.515882 2.537204 2.537204 2.556048 2.564778 2.573129 2.581141 2.581141 2.595823 2.616494 2.645247 2.677182 2.708359 2.736257 2.759439 2.777200 2.789284 2.795622 2.796847 2.794454 2.791561 2.795465 2.795465 2.849344 2.909088 2.933215 2.901745 2.901745 2.846347 2.846347 2.847810 2.847810 2.863021 2.895480 2.895480 2.900291 2.900291 2.845320 2.845320 2.845320 2.829728 2.829728 2.836957 2.836957 2.856117 2.856117 2.877664 2.877664 2.896162 2.896162 2.896162 2.909528
2.352146 2.352146 2.414749 2.459437 2.476091 2.476091 2.490756 2.515879 2.515879 2.537205 2.537205 2.556049 2.564779 2.573128 2.581141 2.581141 2.615881 2.647109 2.683197 2.720136 2.755099 2.786230 2.812401 2.832989 2.847724 2.856526 2.859798 2.858675 2.855532 2.854934 2.854934 2.880934 2.898618 2.811098 2.756991 2.756991 2.733625 2.733625 2.783128 2.783128 2.814873 2.872477 2.872477 2.905241 2.905241 2.883176 2.883176 2.883176 2.866617 2.866617 2.865336 2.865336 2.875713 2.875713 2.890213 2.890213 2.903242 2.903242 2.903242 2.912511
2.351863 2.351863 2.414426 2.459437 2.476114 2.476114 2.490775 2.515882 2.515882 2.537203 2.537203 2.556048 2.564778 2.573128 2.581141 2.581141 2.640549 2.683426 2.727415 2.769412 2.807741 2.841383 2.869693 2.892284 2.908956 2.919636 2.924546 2.924444 2.920772 2.914172 2.914172 2.906362 2.851043 2.637489 2.596875 2.596875 2.639516 2.639516 2.727821 2.727821 2.770478 2.844861 2.844861 2.896899 2.896899 2.906920 2.906920 2.906920 2.895904 2.895904 2.889802 2.889802 2.891817 2.891817 2.898240 2.898240 2.904654 2.904654 2.904654 2.909111
2.351007 2.351007 2.413452 2.459440 2.476182 2.476182 2.490830 2.515889 2.515889 2.537199 2.537199 2.556047 2.564780 2.573131 2.581144 2.581144 2.672298 2.727515 2.779497 2.826295 2.867410 2.902727 2.932209 2.955821 2.973539 2.985349 2.991370 2.992013 2.987296 2.969651 2.969651 2.901368 2.723296 2.449401 2.459848 2.459848 2.566896 2.566896 2.678896 2.678896 2.728207 2.814013 2.814013 2.879409 2.879409 2.916763 2.916763 2.916763 2.915239 2.915239 2.908330 2.908330 2.903578 2.903578 2.901668 2.901668 2.900704 2.900704 2.900704 2.899863
2.349568 2.349568 2.411809 2.459455 2.476287 2.476287 2.490912 2.515900 2.515900 2.537193 2.537193 2.556046 2.564782 2.573136 2.581150 2.581150 2.714624 2.782347 2.841742 2.892533 2.935480 2.971397 3.000898 3.024379 3.042066 3.054065 3.060472 3.061307 3.053349 3.006300 3.006300 2.809074 2.483723 2.301105 2.357053 2.357053 2.505595 2.505595 2.631088 2.631088 2.684623 2.778870 2.778870 2.853723 2.853723 2.912530 2.912530 2.912530 2.921698 2.921698 2.917112 2.917112 2.907785 2.907785 2.898137 2.898137 2.889657 2.889657 2.889657 2.883432
2.347521 2.347521 2.409464 2.459498 2.476416 2.476416 2.491007 2.515913 2.515913 2.537186 2.537186 2.556046 2.564785 2.573141 2.581157 2.581157 2.772726 2.852195 2.917413 2.970520 3.013699 3.048697 3.076769 3.098748 3.115142 3.126211 3.132084 3.131948 3.111685 2.973748 2.973748 2.552204 2.169167 2.196698 2.277031 2.277031 2.443713 2.443713 2.578497 2.578497 2.635038 2.736317 2.736317 2.818082 2.818082 2.892940 2.892940 2.892940 2.911992 2.911992 2.911342 2.911342 2.899491 2.899491 2.883336 2.883336 2.867906 2.867906 2.867906 2.856714
