cruce_test.gid/Rasters/Hydraulic/Velocity____300.0.asc
NCOLS        79
NROWS        79
XLLCENTER         -1.500000
YLLCENTER         -4.800000
CELLSIZE           0.100
NODATA_VALUE     -9999.0
[rows 0 to 26 of 79, columns 0 to 59 of 79]
-9999.000 -9999.000 -9999.000 -9999.000 -9999.000 -9999.000 -9999.000 -9999.000 -9999.000 -9999.000 -9999.000 -9999.000 -9999.000 -9999.000 -9999.000 0.9553434E-01 0.9325626E-01 0.9274872E-01 0.9326801E-01 0.9417020E-01 0.9514502E-01 0.9606826E-01 0.9683319E-01 0.9739715E-01 0.9778620E-01 0.9802045E-01 0.9816889E-01 0.9843791E-01 0.9941731E-01 0.1004366 0.1004366 -9999.000 -9999.000 -9999.000 -9999.000 -9999.000 -9999.000 -9999.000 -9999.000 -9999.000 -9999.000 -9999.000 -9999.000 -9999.000 -9999.000 -9999.000 -9999.000 -9999.000 -9999.000 -9999.000 -9999.000 -9999.000 -9999.000 -9999.000 -9999.000 -9999.000 -9999.000 -9999.000 -9999.000 -9999.000
-9999.000 -9999.000 -9999.000 -9999.000 -9999.000 -9999.000 -9999.000 -9999.000 -9999.000 -9999.000 -9999.000 -9999.000 -9999.000 -9999.000 -9999.000 0.9457268E-01 0.8992021E-01 0.8891615E-01 0.9003516E-01 0.9193481E-01 0.9399688E-01 0.9598158E-01 0.9767301E-01 0.9897317E-01 0.9992410E-01 0.1005594 0.1010240 0.1017766 0.1041256 0.1068798 0.1068798 -9999.000 -9999.000 -9999.000 -9999.000 -9999.000 -9999.000 -9999.000 -9999.000 -9999.000 -9999.000 -9999.000 -9999.000 -9999.000 -9999.000 -9999.000 -9999.000 -9999.000 -9999.000 -9999.000 -9999.000 -9999.000 -9999.000 -9999.000 -9999.000 -9999.000 -9999.000 -9999.000 -9999.000 -9999.000
-9999.000 -9999.000 -9999.000 -9999.000 -9999.000 -9999.000 -9999.000 -9999.000 -9999.000 -9999.000 -9999.000 -9999.000 -9999.000 -9999.000 -9999.000 0.9229606E-01 0.8513086E-01 0.8352932E-01 0.8531534E-01 0.8835270E-01 0.9168261E-01 0.9495277E-01 0.9783906E-01 0.1001908 0.1020683 0.1035074 0.1047186 0.1064176 0.1106863 0.1160141 0.1160141 -9999.000 -9999.000 -9999.000 -9999.000 -9999.000 -9999.000 -9999.000 -9999.000 -9999.000 -9999.000 -9999.000 -9999.000 -9999.000 -9999.000 -9999.000 -9999.000 -9999.000 -9999.000 -9999.000 -9999.000 -9999.000 -9999.000 -9999.000 -9999.000 -9999.000 -9999.000 -9999.000 -9999.000 -9999.000
-9999.000 -9999.000 -9999.000 -9999.000 -9999.000 -9999.000 -9999.000 -9999.000 -9999.000 -9999.000 -9999.000 -9999.000 -9999.000 -9999.000 -9999.000 0.8937459E-01 0.7977451E-01 0.7758075E-01 0.8006133E-01 0.8426183E-01 0.8888759E-01 0.9348820E-01 0.9764102E-01 0.1011483 0.1040868 0.1064864 0.1086118 0.1114311 0.1178256 0.1262826 0.1262826 -9999.000 -9999.000 -9999.000 -9999.000 -9999.000 -9999.000 -9999.000 -9999.000 -9999.000 -9999.000 -9999.000 -9999.000 -9999.000 -9999.000 -9999.000 -9999.000 -9999.000 -9999.000 -9999.000 -9999.000 -9999.000 -9999.000 -9999.000 -9999.000 -9999.000 -9999.000 -9999.000 -9999.000 -9999.000
-9999.000 -9999.000 -9999.000 -9999.000 -9999.000 -9999.000 -9999.000 -9999.000 -9999.000 -9999.000 -9999.000 -9999.000 -9999.000 -9999.000 -9999.000 0.8603876E-01 0.7404944E-01 0.7127944E-01 0.7449506E-01 0.7988914E-01 0.8583371E-01 0.9179356E-01 0.9725551E-01 0.1019782 0.1060555 0.1095046 0.1126409 0.1166915 0.1253802 0.1375404 0.1375404 -9999.000 -9999.000 -9999.000 -9999.000 -9999.000 -9999.000 -9999.000 -9999.000 -9999.000 -9999.000 -9999.000 -9999.000 -9999.000 -9999.000 -9999.000 -9999.000 -9999.000 -9999.000 -9999.000 -9999.000 -9999.000 -9999.000 -9999.000 -9999.000 -9999.000 -9999.000 -9999.000 -9999.000 -9999.000
-9999.000 -9999.000 -9999.000 -9999.000 -9999.000 -9999.000 -9999.000 -9999.000 -9999.000 -9999.000 -9999.000 -9999.000 -9999.000 -9999.000 -9999.000 0.8236970E-01 0.6803811E-01 0.6473085E-01 0.6874186E-01 0.7536653E-01 0.8264960E-01 0.8998886E-01 0.9678651E-01 0.1027609 0.1080256 0.1125792 0.1167871 0.1221498 0.1332908 0.1498074 0.1498074 -9999.000 -9999.000 -9999.000 -9999.000 -9999.000 -9999.000 -9999.000 -9999.000 -9999.000 -9999.000 -9999.000 -9999.000 -9999.000 -9999.000 -9999.000 -9999.000 -9999.000 -9999.000 -9999.000 -9999.000 -9999.000 -9999.000 -9999.000 -9999.000 -9999.000 -9999.000 -9999.000 -9999.000 -9999.000
-9999.000 -9999.000 -9999.000 -9999.000 -9999.000 -9999.000 -9999.000 -9999.000 -9999.000 -9999.000 -9999.000 -9999.000 -9999.000 -9999.000 -9999.000 0.7837879E-01 0.6176859E-01 0.5799455E-01 0.6288315E-01 0.7077782E-01 0.7941280E-01 0.8814240E-01 0.9629086E-01 0.1035403 0.1100256 0.1157209 0.1210437 0.1277863 0.1415459 0.1632032 0.1632032 -9999.000 -9999.000 -9999.000 -9999.000 -9999.000 -9999.000 -9999.000 -9999.000 -9999.000 -9999.000 -9999.000 -9999.000 -9999.000 -9999.000 -9999.000 -9999.000 -9999.000 -9999.000 -9999.000 -9999.000 -9999.000 -9999.000 -9999.000 -9999.000 -9999.000 -9999.000 -9999.000 -9999.000 -9999.000
-9999.000 -9999.000 -9999.000 -9999.000 -9999.000 -9999.000 -9999.000 -9999.000 -9999.000 -9999.000 -9999.000 -9999.000 -9999.000 -9999.000 -9999.000 0.7404291E-01 0.5524458E-01 0.5112039E-01 0.5699324E-01 0.6619149E-01 0.7617912E-01 0.8629829E-01 0.9580297E-01 0.1043415 0.1120713 0.1189353 0.1254067 0.1335937 0.1501569 0.1779237 0.1779237 -9999.000 -9999.000 -9999.000 -9999.000 -9999.000 -9999.000 -9999.000 -9999.000 -9999.000 -9999.000 -9999.000 -9999.000 -9999.000 -9999.000 -9999.000 -9999.000 -9999.000 -9999.000 -9999.000 -9999.000 -9999.000 -9999.000 -9999.000 -9999.000 -9999.000 -9999.000 -9999.000 -9999.000 -9999.000
-9999.000 -9999.000 -9999.000 -9999.000 -9999.000 -9999.000 -9999.000 -9999.000 -9999.000 -9999.000 -9999.000 -9999.000 -9999.000 -9999.000 -9999.000 0.6931949E-01 0.4846266E-01 0.4418061E-01 0.5116842E-01 0.6168289E-01 0.7300068E-01 0.8449250E-01 0.9534834E-01 0.1051818 0.1141736 0.1222264 0.1298744 0.1395707 0.1591471 0.1942429 0.1942429 -9999.000 -9999.000 -9999.000 -9999.000 -9999.000 -9999.000 -9999.000 -9999.000 -9999.000 -9999.000 -9999.000 -9999.000 -9999.000 -9999.000 -9999.000 -9999.000 -9999.000 -9999.000 -9999.000 -9999.000 -9999.000 -9999.000 -9999.000 -9999.000 -9999.000 -9999.000 -9999.000 -9999.000 -9999.000
-9999.000 -9999.000 -9999.000 -9999.000 -9999.000 -9999.000 -9999.000 -9999.000 -9999.000 -9999.000 -9999.000 -9999.000 -9999.000 -9999.000 -9999.000 0.6415316E-01 0.4142598E-01 0.3731379E-01 0.4555992E-01 0.5735331E-01 0.6993996E-01 0.8276505E-01 0.9495274E-01 0.1060779 0.1163424 0.1255980 0.1344451 0.1457179 0.1685477 0.2125305 0.2125305 -9999.000 -9999.000 -9999.000 -9999.000 -9999.000 -9999.000 -9999.000 -9999.000 -9999.000 -9999.000 -9999.000 -9999.000 -9999.000 -9999.000 -9999.000 -9999.000 -9999.000 -9999.000 -9999.000 -9999.000 -9999.000 -9999.000 -9999.000 -9999.000 -9999.000 -9999.000 -9999.000 -9999.000 -9999.000
-9999.000 -9999.000 -9999.000 -9999.000 -9999.000 -9999.000 -9999.000 -9999.000 -9999.000 -9999.000 -9999.000 -9999.000 -9999.000 -9999.000 -9999.000 0.5847764E-01 0.3416811E-01 0.3081995E-01 0.4042507E-01 0.5335172E-01 0.6708246E-01 0.8116740E-01 0.9465005E-01 0.1070524 0.1185929 0.1290571 0.1391205 0.1520387 0.1783968 0.2332879 0.2332879 -9999.000 -9999.000 -9999.000 -9999.000 -9999.000 -9999.000 -9999.000 -9999.000 -9999.000 -9999.000 -9999.000 -9999.000 -9999.000 -9999.000 -9999.000 -9999.000 -9999.000 -9999.000 -9999.000 -9999.000 -9999.000 -9999.000 -9999.000 -9999.000 -9999.000 -9999.000 -9999.000 -9999.000 -9999.000
-9999.000 -9999.000 -9999.000 -9999.000 -9999.000 -9999.000 -9999.000 -9999.000 -9999.000 -9999.000 -9999.000 -9999.000 -9999.000 -9999.000 -9999.000 0.5221571E-01 0.2681632E-01 0.2536832E-01 0.3619828E-01 0.4990120E-01 0.6455202E-01 0.7977538E-01 0.9449164E-01 0.1081417 0.1209509 0.1326198 0.1439080 0.1585414 0.1887400 0.2572068 0.2572068 -9999.000 -9999.000 -9999.000 -9999.000 -9999.000 -9999.000 -9999.000 -9999.000 -9999.000 -9999.000 -9999.000 -9999.000 -9999.000 -9999.000 -9999.000 -9999.000 -9999.000 -9999.000 -9999.000 -9999.000 -9999.000 -9999.000 -9999.000 -9999.000 -9999.000 -9999.000 -9999.000 -9999.000 -9999.000
-9999.000 -9999.000 -9999.000 -9999.000 -9999.000 -9999.000 -9999.000 -9999.000 -9999.000 -9999.000 -9999.000 -9999.000 -9999.000 -9999.000 -9999.000 0.4527747E-01 0.1981331E-01 0.2231613E-01 0.3356015E-01 0.4733571E-01 0.6253777E-01 0.7871038E-01 0.9456387E-01 0.1094115 0.1234672 0.1363226 0.1488323 0.1652474 0.1996356 0.2852680 0.2852680 -9999.000 -9999.000 -9999.000 -9999.000 -9999.000 -9999.000 -9999.000 -9999.000 -9999.000 -9999.000 -9999.000 -9999.000 -9999.000 -9999.000 -9999.000 -9999.000 -9999.000 -9999.000 -9999.000 -9999.000 -9999.000 -9999.000 -9999.000 -9999.000 -9999.000 -9999.000 -9999.000 -9999.000 -9999.000
-9999.000 -9999.000 -9999.000 -9999.000 -9999.000 -9999.000 -9999.000 -9999.000 -9999.000 -9999.000 -9999.000 -9999.000 -9999.000 -9999.000 -9999.000 0.3738026E-01 0.1527699E-01 0.2433019E-01 0.3421617E-01 0.4684531E-01 0.6189570E-01 0.7860070E-01 0.9533981E-01 0.1112230 0.1264187 0.1403759 0.1540508 0.1722753 0.2112075 0.3189492 0.3189492 -9999.000 -9999.000 -9999.000 -9999.000 -9999.000 -9999.000 -9999.000 -9999.000 -9999.000 -9999.000 -9999.000 -9999.000 -9999.000 -9999.000 -9999.000 -9999.000 -9999.000 -9999.000 -9999.000 -9999.000 -9999.000 -9999.000 -9999.000 -9999.000 -9999.000 -9999.000 -9999.000 -9999.000 -9999.000
-9999.000 -9999.000 -9999.000 -9999.000 -9999.000 -9999.000 -9999.000 -9999.000 -9999.000 -9999.000 -9999.000 -9999.000 -9999.000 -9999.000 -9999.000 0.5885587E-01 0.8926571E-01 0.1010135 0.9364080E-01 0.9223016E-01 0.9416562E-01 0.1003814 0.1098254 0.1210686 0.1335822 0.1461519 0.1594478 0.1786988 0.2222917 0.3575206 0.3575206 -9999.000 -9999.000 -9999.000 -9999.000 -9999.000 -9999.000 -9999.000 -9999.000 -9999.000 -9999.000 -9999.000 -9999.000 -9999.000 -9999.000 -9999.000 -9999.000 -9999.000 -9999.000 -9999.000 -9999.000 -9999.000 -9999.000 -9999.000 -9999.000 -9999.000 -9999.000 -9999.000 -9999.000 -9999.000
2.771879 2.771879 2.756201 2.779132 2.798553 2.798553 2.801961 2.802950 2.802950 2.800140 2.800140 2.794730 2.791304 2.787500 2.783556 2.783556 2.892499 2.895563 2.895983 2.873405 2.831029 2.767821 2.682013 2.574352 2.447399 2.302511 2.144016 1.982189 1.843889 1.803736 1.803736 2.625878 2.794594 2.888632 2.911412 2.911412 2.939294 2.939294 2.912259 2.912259 2.862615 2.667036 2.667036 2.228071 2.228071 1.999693 1.999693 1.999693 1.996937 1.996937 2.033979 2.033979 2.083001 2.083001 2.132440 2.132440 2.175682 2.175682 2.175682 2.208949
2.794940 2.794940 2.785642 2.832456 2.858562 2.858562 2.873635 2.896891 2.896891 2.915902 2.915902 2.932129 2.939465 2.946392 2.953128 2.953128 3.034737 3.050719 3.064943 3.073668 3.077255 3.074186 3.061728 3.037378 2.999109 2.944633 2.872876 2.785154 2.688272 2.622525 2.622525 3.061214 3.213630 3.360151 3.399601 3.399601 3.442569 3.442569 3.438033 3.438033 3.413056 3.302381 3.302381 3.062407 3.062407 2.823074 2.823074 2.823074 2.819084 2.819084 2.858038 2.858038 2.910142 2.910142 2.962201 2.962201 3.008673 3.008673 3.008673 3.046866
2.800548 2.800548 2.786597 2.834554 2.858393 2.858393 2.874077 2.898160 2.898160 2.917773 2.917773 2.934668 2.942384 2.949715 2.956905 2.956905 3.030757 3.057679 3.082573 3.103525 3.120539 3.133402 3.141279 3.143164 3.137953 3.123941 3.099492 3.064034 3.020417 2.990560 2.990560 3.240698 3.386087 3.553657 3.602074 3.602074 3.648770 3.648770 3.632417 3.632417 3.600735 3.499710 3.499710 3.339967 3.339967 3.119735 3.119735 3.119735 3.099285 3.099285 3.126974 3.126974 3.171023 3.171023 3.216967 3.216967 3.258797 3.258797 3.258797 3.293588
2.801838 2.801838 2.788807 2.835561 2.857728 2.857728 2.873649 2.898041 2.898041 2.917665 2.917665 2.934583 2.942329 2.949700 2.956974 2.956974 3.026784 3.063189 3.098032 3.128861 3.154945 3.176110 3.192167 3.202988 3.208500 3.208303 3.201822 3.188843 3.171071 3.161964 3.161964 3.316243 3.445171 3.616798 3.668077 3.668077 3.706079 3.706079 3.666146 3.666146 3.626467 3.540260 3.540260 3.442664 3.442664 3.263121 3.263121 3.263121 3.226716 3.226716 3.241050 3.241050 3.277239 3.277239 3.318652 3.318652 3.357447 3.357447 3.357447 3.389876
2.804509 2.804509 2.785171 2.835995 2.857149 2.857149 2.873318 2.898134 2.898134 2.917857 2.917857 2.934788 2.942526 2.949881 2.957200 2.957200 3.026879 3.071640 3.115597 3.155478 3.189959 3.218613 3.241314 3.258121 3.269266 3.274959 3.275366 3.270907 3.263223 3.261376 3.261376 3.360044 3.468061 3.628092 3.671906 3.671906 3.678344 3.678344 3.610540 3.610540 3.572247 3.519121 3.519121 3.477249 3.477249 3.352197 3.352197 3.352197 3.306056 3.306056 3.305400 3.305400 3.331274 3.331274 3.366668 3.366668 3.401616 3.401616 3.401616 3.431093
2.806735 2.806735 2.783789 2.836000 2.856588 2.856588 2.873024 2.898236 2.898236 2.917976 2.917976 2.934858 2.942580 2.949924 2.957332 2.957332 3.031834 3.084447 3.136738 3.184800 3.226959 3.262587 3.291515 3.313805 3.329720 3.339608 3.343898 3.343263 3.339279 3.338343 3.338343 3.400250 3.484448 3.612663 3.632835 3.632835 3.584694 3.584694 3.507412 3.507412 3.485696 3.478170 3.478170 3.481923 3.481923 3.413642 3.413642 3.413642 3.367799 3.367799 3.354344 3.354344 3.368052 3.368052 3.395136 3.395136 3.424438 3.424438 3.424438 3.449613
2.807638 2.807638 2.783275 2.836065 2.856281 2.856281 2.872843 2.898268 2.898268 2.918013 2.918013 2.934863 2.942574 2.949908 2.957445 2.957445 3.042551 3.103038 3.163002 3.218321 3.267238 3.309069 3.343631 3.370978 3.391345 3.405075 3.412613 3.414632 3.412465 3.410503 3.410503 3.446499 3.504439 3.569672 3.544402 3.544402 3.441097 3.441097 3.392685 3.392685 3.397844 3.434457 3.434457 3.471533 3.471533 3.454007 3.454007 3.454007 3.418101 3.418101 3.397485 3.397485 3.399334 3.399334 3.416295 3.416295 3.437969 3.437969 3.437969 3.457238
2.807900 2.807900 2.783137 2.836068 2.856165 2.856165 2.872775 2.898279 2.898279 2.918020 2.918020 2.934849 2.942552 2.949880 2.957614 2.957614 3.060218 3.129012 3.196152 3.257799 3.312407 3.359415 3.398714 3.430405 3.454711 3.471945 3.482501 3.486940 3.486252 3.483017 3.483017 3.499399 3.526100 3.478159 3.392993 3.392993 3.278673 3.278673 3.292228 3.292228 3.323243 3.392869 3.392869 3.452638 3.452638 3.476515 3.476515 3.476515 3.456775 3.456775 3.435897 3.435897 3.428485 3.428485 3.434652 3.434652 3.446986 3.446986 3.446986 3.458731
2.807639 2.807639 2.783275 2.836065 2.856281 2.856281 2.872843 2.898268 2.898268 2.918013 2.918013 2.934863 2.942573 2.949907 2.957922 2.957922 3.086420 3.164202 3.238087 3.305082 3.364160 3.415087 3.457948 3.492956 3.520382 3.540527 3.553726 3.560407 3.561126 3.556273 3.556273 3.553764 3.533919 3.311069 3.187255 3.187255 3.135988 3.135988 3.215503 3.215503 3.263867 3.354111 3.354111 3.428957 3.428957 3.484630 3.484630 3.484630 3.483126 3.483126 3.467894 3.467894 3.455282 3.455282 3.451356 3.451356 3.453267 3.453267 3.453267 3.456102
2.806735 2.806735 2.783789 2.835999 2.856588 2.856588 2.873024 2.898236 2.898236 2.917977 2.917977 2.934859 2.942580 2.949924 2.958335 2.958335 3.123435 3.210935 3.291072 3.362293 3.424432 3.477781 3.522755 3.559762 3.589175 3.611318 3.626499 3.635008 3.636697 3.627737 3.627737 3.594976 3.488392 3.072653 2.975301 2.975301 3.032990 3.032990 3.155120 3.155120 3.212857 3.315373 3.315373 3.400676 3.400676 3.480096 3.480096 3.480096 3.495819 3.495819 3.489855 3.489855 3.476336 3.476336 3.464233 3.464233 3.455582 3.455582 3.455582 3.448680
2.804509 2.804509 2.785171 2.835995 2.857149 2.857149 2.873318 2.898134 2.898134 2.917857 2.917857 2.934788 2.942527 2.949881 2.958837 2.958837 3.174736 3.272403 3.357932 3.431893 3.495346 3.549313 3.594655 3.632051 3.662023 3.684964 3.701171 3.710751 3.711787 3.688395 3.688395 3.582531 3.323964 2.824501 2.815466 2.815466 2.959928 2.959928 3.101535 3.101535 3.164028 3.274232 3.274232 3.367065 3.367065 3.463689 3.463689 3.463689 3.493869 3.493869 3.498283 3.498283 3.486921 3.486921 3.469155 3.469155 3.450741 3.450741 3.450741 3.434021
2.801838 2.801838 2.788807 2.835561 2.857727 2.857727 2.873649 2.898042 2.898042 2.917665 2.917665 2.934582 2.942329 2.949699 2.959419 2.959419 3.245924 3.353321 3.442507 3.516985 3.579410 3.631717 3.675300 3.711153 3.739972 3.762228 3.778237 3.787597 3.781983 3.704479 3.704479 3.427494 3.004788 2.652927 2.711080 2.711080 2.893488 2.893488 3.043514 3.043514 3.108838 3.224643 3.224643 3.323196 3.323196 3.432131 3.432131 3.432131 3.473498 3.473498 3.487442 3.487442 3.479817 3.479817 3.458732 3.458732 3.432087 3.432087 3.432087 3.406341
