cruce_test.gid/Rasters/Hydraulic/Velocity__x_326.0.asc
NCOLS        79
NROWS        79
XLLCENTER         -1.500000
YLLCENTER         -4.800000
CELLSIZE           0.100
NODATA_VALUE     -9999.0
[rows 0 to 25 of 79, columns 0 to 57 of 79]
-9999.000 -9999.000 -9999.000 -9999.000 -9999.000 -9999.000 -9999.000 -9999.000 -9999.000 -9999.000 -9999.000 -9999.000 -9999.000 -9999.000 -9999.000 0.3576619E-03 0.2161124E-02 0.5624711E-02 0.9146353E-02 0.1220184E-01 0.1459783E-01 0.1625375E-01 0.1718145E-01 0.1743937E-01 0.1707758E-01 0.1615866E-01 0.1470900E-01 0.1256635E-01 0.8976012E-02 0.4414870E-02 0.4414870E-02 -9999.000 -9999.000 -9999.000 -9999.000 -9999.000 -9999.000 -9999.000 -9999.000 -9999.000 -9999.000 -9999.000 -9999.000 -9999.000 -9999.000 -9999.000 -9999.000 -9999.000 -9999.000 -9999.000 -9999.000 -9999.000 -9999.000 -9999.000 -9999.000 -9999.000 -9999.000 -9999.000
-9999.000 -9999.000 -9999.000 -9999.000 -9999.000 -9999.000 -9999.000 -9999.000 -9999.000 -9999.000 -9999.000 -9999.000 -9999.000 -9999.000 -9999.000 0.1543074E-02 0.4539492E-02 0.9143809E-02 0.1371846E-01 0.1771534E-01 0.2088618E-01 0.2309882E-01 0.2432013E-01 0.2457457E-01 0.2389305E-01 0.2232893E-01 0.1991299E-01 0.1652014E-01 0.1152410E-01 0.5652575E-02 0.5652575E-02 -9999.000 -9999.000 -9999.000 -9999.000 -9999.000 -9999.000 -9999.000 -9999.000 -9999.000 -9999.000 -9999.000 -9999.000 -9999.000 -9999.000 -9999.000 -9999.000 -9999.000 -9999.000 -9999.000 -9999.000 -9999.000 -9999.000 -9999.000 -9999.000 -9999.000 -9999.000 -9999.000
-9999.000 -9999.000 -9999.000 -9999.000 -9999.000 -9999.000 -9999.000 -9999.000 -9999.000 -9999.000 -9999.000 -9999.000 -9999.000 -9999.000 -9999.000 0.2123600E-02 0.5766418E-02 0.1107348E-01 0.1628830E-01 0.2083227E-01 0.2443429E-01 0.2694327E-01 0.2831340E-01 0.2856165E-01 0.2771630E-01 0.2583590E-01 0.2296252E-01 0.1898106E-01 0.1325725E-01 0.6540863E-02 0.6540863E-02 -9999.000 -9999.000 -9999.000 -9999.000 -9999.000 -9999.000 -9999.000 -9999.000 -9999.000 -9999.000 -9999.000 -9999.000 -9999.000 -9999.000 -9999.000 -9999.000 -9999.000 -9999.000 -9999.000 -9999.000 -9999.000 -9999.000 -9999.000 -9999.000 -9999.000 -9999.000 -9999.000
-9999.000 -9999.000 -9999.000 -9999.000 -9999.000 -9999.000 -9999.000 -9999.000 -9999.000 -9999.000 -9999.000 -9999.000 -9999.000 -9999.000 -9999.000 0.2482131E-02 0.6531631E-02 0.1228838E-01 0.1791791E-01 0.2281872E-01 0.2670526E-01 0.2941560E-01 0.3089816E-01 0.3116738E-01 0.3025049E-01 0.2820980E-01 0.2509159E-01 0.2077816E-01 0.1460156E-01 0.7260594E-02 0.7260594E-02 -9999.000 -9999.000 -9999.000 -9999.000 -9999.000 -9999.000 -9999.000 -9999.000 -9999.000 -9999.000 -9999.000 -9999.000 -9999.000 -9999.000 -9999.000 -9999.000 -9999.000 -9999.000 -9999.000 -9999.000 -9999.000 -9999.000 -9999.000 -9999.000 -9999.000 -9999.000 -9999.000
-9999.000 -9999.000 -9999.000 -9999.000 -9999.000 -9999.000 -9999.000 -9999.000 -9999.000 -9999.000 -9999.000 -9999.000 -9999.000 -9999.000 -9999.000 0.2752449E-02 0.7108619E-02 0.1320437E-01 0.1914837E-01 0.2432240E-01 0.2843140E-01 0.3130563E-01 0.3289123E-01 0.3320151E-01 0.3226239E-01 0.3013880E-01 0.2687826E-01 0.2235291E-01 0.1584524E-01 0.7951600E-02 0.7951600E-02 -9999.000 -9999.000 -9999.000 -9999.000 -9999.000 -9999.000 -9999.000 -9999.000 -9999.000 -9999.000 -9999.000 -9999.000 -9999.000 -9999.000 -9999.000 -9999.000 -9999.000 -9999.000 -9999.000 -9999.000 -9999.000 -9999.000 -9999.000 -9999.000 -9999.000 -9999.000 -9999.000
-9999.000 -9999.000 -9999.000 -9999.000 -9999.000 -9999.000 -9999.000 -9999.000 -9999.000 -9999.000 -9999.000 -9999.000 -9999.000 -9999.000 -9999.000 0.2996658E-02 0.7627378E-02 0.1402259E-01 0.2024323E-01 0.2565913E-01 0.2996875E-01 0.3299602E-01 0.3468658E-01 0.3505396E-01 0.3412249E-01 0.3195906E-01 0.2861055E-01 0.2393408E-01 0.1714782E-01 0.8694892E-02 0.8694892E-02 -9999.000 -9999.000 -9999.000 -9999.000 -9999.000 -9999.000 -9999.000 -9999.000 -9999.000 -9999.000 -9999.000 -9999.000 -9999.000 -9999.000 -9999.000 -9999.000 -9999.000 -9999.000 -9999.000 -9999.000 -9999.000 -9999.000 -9999.000 -9999.000 -9999.000 -9999.000 -9999.000
-9999.000 -9999.000 -9999.000 -9999.000 -9999.000 -9999.000 -9999.000 -9999.000 -9999.000 -9999.000 -9999.000 -9999.000 -9999.000 -9999.000 -9999.000 0.3245603E-02 0.8151871E-02 0.1484148E-01 0.2133261E-01 0.2698508E-01 0.3149346E-01 0.3467721E-01 0.3648236E-01 0.3692294E-01 0.3602183E-01 0.3384809E-01 0.3044693E-01 0.2565508E-01 0.1861134E-01 0.9547276E-02 0.9547276E-02 -9999.000 -9999.000 -9999.000 -9999.000 -9999.000 -9999.000 -9999.000 -9999.000 -9999.000 -9999.000 -9999.000 -9999.000 -9999.000 -9999.000 -9999.000 -9999.000 -9999.000 -9999.000 -9999.000 -9999.000 -9999.000 -9999.000 -9999.000 -9999.000 -9999.000 -9999.000 -9999.000
-9999.000 -9999.000 -9999.000 -9999.000 -9999.000 -9999.000 -9999.000 -9999.000 -9999.000 -9999.000 -9999.000 -9999.000 -9999.000 -9999.000 -9999.000 0.3515751E-02 0.8716315E-02 0.1571434E-01 0.2248592E-01 0.2838440E-01 0.3310202E-01 0.3645421E-01 0.3838924E-01 0.3892227E-01 0.3807426E-01 0.3591740E-01 0.3249358E-01 0.2761455E-01 0.2032126E-01 0.1055981E-01 0.1055981E-01 -9999.000 -9999.000 -9999.000 -9999.000 -9999.000 -9999.000 -9999.000 -9999.000 -9999.000 -9999.000 -9999.000 -9999.000 -9999.000 -9999.000 -9999.000 -9999.000 -9999.000 -9999.000 -9999.000 -9999.000 -9999.000 -9999.000 -9999.000 -9999.000 -9999.000 -9999.000 -9999.000
-9999.000 -9999.000 -9999.000 -9999.000 -9999.000 -9999.000 -9999.000 -9999.000 -9999.000 -9999.000 -9999.000 -9999.000 -9999.000 -9999.000 -9999.000 0.3817053E-02 0.9342005E-02 0.1667400E-01 0.2374725E-01 0.2991104E-01 0.3485669E-01 0.3839675E-01 0.4048319E-01 0.4113327E-01 0.4036568E-01 0.3825587E-01 0.3484284E-01 0.2990618E-01 0.2236911E-01 0.1179077E-01 0.1179077E-01 -9999.000 -9999.000 -9999.000 -9999.000 -9999.000 -9999.000 -9999.000 -9999.000 -9999.000 -9999.000 -9999.000 -9999.000 -9999.000 -9999.000 -9999.000 -9999.000 -9999.000 -9999.000 -9999.000 -9999.000 -9999.000 -9999.000 -9999.000 -9999.000 -9999.000 -9999.000 -9999.000
-9999.000 -9999.000 -9999.000 -9999.000 -9999.000 -9999.000 -9999.000 -9999.000 -9999.000 -9999.000 -9999.000 -9999.000 -9999.000 -9999.000 -9999.000 0.4157989E-02 0.1004645E-01 0.1774839E-01 0.2515379E-01 0.3161026E-01 0.3681124E-01 0.4056673E-01 0.4283396E-01 0.4363326E-01 0.4298084E-01 0.4095732E-01 0.3759713E-01 0.3264175E-01 0.2487010E-01 0.1331636E-01 0.1331636E-01 -9999.000 -9999.000 -9999.000 -9999.000 -9999.000 -9999.000 -9999.000 -9999.000 -9999.000 -9999.000 -9999.000 -9999.000 -9999.000 -9999.000 -9999.000 -9999.000 -9999.000 -9999.000 -9999.000 -9999.000 -9999.000 -9999.000 -9999.000 -9999.000 -9999.000 -9999.000 -9999.000
-9999.000 -9999.000 -9999.000 -9999.000 -9999.000 -9999.000 -9999.000 -9999.000 -9999.000 -9999.000 -9999.000 -9999.000 -9999.000 -9999.000 -9999.000 0.4546827E-02 0.1084819E-01 0.1896706E-01 0.2674547E-01 0.3353276E-01 0.3902601E-01 0.4303376E-01 0.4552172E-01 0.4651338E-01 0.4602357E-01 0.4413939E-01 0.4089017E-01 0.3597078E-01 0.2798526E-01 0.1524410E-01 0.1524410E-01 -9999.000 -9999.000 -9999.000 -9999.000 -9999.000 -9999.000 -9999.000 -9999.000 -9999.000 -9999.000 -9999.000 -9999.000 -9999.000 -9999.000 -9999.000 -9999.000 -9999.000 -9999.000 -9999.000 -9999.000 -9999.000 -9999.000 -9999.000 -9999.000 -9999.000 -9999.000 -9999.000
-9999.000 -9999.000 -9999.000 -9999.000 -9999.000 -9999.000 -9999.000 -9999.000 -9999.000 -9999.000 -9999.000 -9999.000 -9999.000 -9999.000 -9999.000 0.4994663E-02 0.1177073E-01 0.2036773E-01 0.2857409E-01 0.3574319E-01 0.4157906E-01 0.4589044E-01 0.4865372E-01 0.4989800E-01 0.4963651E-01 0.4796606E-01 0.4491086E-01 0.4010879E-01 0.3195019E-01 0.1773371E-01 0.1773371E-01 -9999.000 -9999.000 -9999.000 -9999.000 -9999.000 -9999.000 -9999.000 -9999.000 -9999.000 -9999.000 -9999.000 -9999.000 -9999.000 -9999.000 -9999.000 -9999.000 -9999.000 -9999.000 -9999.000 -9999.000 -9999.000 -9999.000 -9999.000 -9999.000 -9999.000 -9999.000 -9999.000
-9999.000 -9999.000 -9999.000 -9999.000 -9999.000 -9999.000 -9999.000 -9999.000 -9999.000 -9999.000 -9999.000 -9999.000 -9999.000 -9999.000 -9999.000 0.5517010E-02 0.1284814E-01 0.2200598E-01 0.3071525E-01 0.3833723E-01 0.4458614E-01 0.4927234E-01 0.5238793E-01 0.5396923E-01 0.5402974E-01 0.5268081E-01 0.4994137E-01 0.4538062E-01 0.3712610E-01 0.2103057E-01 0.2103057E-01 -9999.000 -9999.000 -9999.000 -9999.000 -9999.000 -9999.000 -9999.000 -9999.000 -9999.000 -9999.000 -9999.000 -9999.000 -9999.000 -9999.000 -9999.000 -9999.000 -9999.000 -9999.000 -9999.000 -9999.000 -9999.000 -9999.000 -9999.000 -9999.000 -9999.000 -9999.000 -9999.000
-9999.000 -9999.000 -9999.000 -9999.000 -9999.000 -9999.000 -9999.000 -9999.000 -9999.000 -9999.000 -9999.000 -9999.000 -9999.000 -9999.000 -9999.000 0.6259329E-02 0.1434962E-01 0.2424616E-01 0.3358281E-01 0.4174847E-01 0.4848355E-01 0.5361233E-01 0.5715595E-01 0.5916562E-01 0.5965962E-01 0.5877085E-01 0.5651432E-01 0.5237501E-01 0.4415292E-01 0.2558331E-01 0.2558331E-01 -9999.000 -9999.000 -9999.000 -9999.000 -9999.000 -9999.000 -9999.000 -9999.000 -9999.000 -9999.000 -9999.000 -9999.000 -9999.000 -9999.000 -9999.000 -9999.000 -9999.000 -9999.000 -9999.000 -9999.000 -9999.000 -9999.000 -9999.000 -9999.000 -9999.000 -9999.000 -9999.000
-9999.000 -9999.000 -9999.000 -9999.000 -9999.000 -9999.000 -9999.000 -9999.000 -9999.000 -9999.000 -9999.000 -9999.000 -9999.000 -9999.000 -9999.000 0.4362892E-01 0.6631980E-01 0.7612824E-01 0.7679921E-01 0.7789867E-01 0.7772798E-01 0.7650588E-01 0.7458036E-01 0.7203942E-01 0.6895819E-01 0.6543194E-01 0.6135414E-01 0.5600081E-01 0.4680813E-01 0.2344608E-01 0.2344608E-01 -9999.000 -9999.000 -9999.000 -9999.000 -9999.000 -9999.000 -9999.000 -9999.000 -9999.000 -9999.000 -9999.000 -9999.000 -9999.000 -9999.000 -9999.000 -9999.000 -9999.000 -9999.000 -9999.000 -9999.000 -9999.000 -9999.000 -9999.000 -9999.000 -9999.000 -9999.000 -9999.000
2.727090 2.727090 2.702073 2.734863 2.752669 2.752669 2.755723 2.756706 2.756706 2.754451 2.754451 2.749718 2.746624 2.743141 2.739444 2.739444 2.827424 2.830006 2.822890 2.796340 2.750537 2.684137 2.594430 2.484896 2.355555 2.208735 2.049040 1.887095 1.749303 1.701777 1.701777 2.555779 2.727337 2.818034 2.838868 2.838868 2.861999 2.861999 2.826750 2.826750 2.772555 2.565139 2.565139 2.102327 2.102327 1.925595 1.925595 1.925595 1.932772 1.932772 1.973551 1.973551 2.023208 2.023208 2.072029 2.072029 2.114022 2.114022
2.749629 2.749629 2.728962 2.787155 2.811705 2.811705 2.826416 2.849551 2.849551 2.868910 2.868910 2.885583 2.893125 2.900233 2.907066 2.907066 2.973522 2.987891 2.999908 3.007282 3.009199 3.003567 2.987152 2.958283 2.914270 2.853239 2.774554 2.680128 2.577511 2.514647 2.514647 2.977543 3.137561 3.285739 3.324316 3.324316 3.364469 3.364469 3.355554 3.355554 3.327415 3.208452 3.208452 2.948897 2.948897 2.742558 2.742558 2.742558 2.749143 2.749143 2.791479 2.791479 2.844112 2.844112 2.895641 2.895641 2.940992 2.940992
2.753367 2.753367 2.732705 2.788808 2.811304 2.811304 2.826730 2.850803 2.850803 2.870758 2.870758 2.888070 2.895979 2.903486 2.910764 2.910764 2.971786 2.996173 3.018978 3.038507 3.054090 3.064930 3.069630 3.067379 3.056630 3.035680 3.003104 2.958810 2.906493 2.873446 2.873446 3.146231 3.301889 3.476897 3.525997 3.525997 3.571787 3.571787 3.553038 3.553038 3.518831 3.411555 3.411555 3.240346 3.240346 3.040883 3.040883 3.040883 3.031644 3.031644 3.063595 3.063595 3.108518 3.108518 3.153855 3.153855 3.194459 3.194459
2.751478 2.751478 2.739369 2.789461 2.810434 2.810434 2.826211 2.850796 2.850796 2.870812 2.870812 2.888104 2.896008 2.903517 2.910830 2.910830 2.969648 3.002912 3.035294 3.064167 3.088340 3.107162 3.119968 3.126573 3.126600 3.119497 3.104702 3.082253 3.054519 3.038975 3.038975 3.208119 3.347899 3.531684 3.585969 3.585969 3.627352 3.627352 3.587787 3.587787 3.546531 3.455379 3.455379 3.350467 3.350467 3.183847 3.183847 3.183847 3.158572 3.158572 3.178398 3.178398 3.216163 3.216163 3.257236 3.257236 3.294878 3.294878
2.752283 2.752283 2.743874 2.789845 2.809760 2.809760 2.825764 2.850805 2.850805 2.870874 2.870874 2.888129 2.896018 2.903519 2.910872 2.910872 2.971130 3.012455 3.053637 3.091077 3.123081 3.148837 3.167827 3.179950 3.185219 3.183673 3.175425 3.161023 3.142584 3.132107 3.132107 3.238387 3.355583 3.530380 3.580069 3.580069 3.597143 3.597143 3.534328 3.534328 3.495518 3.438320 3.438320 3.390830 3.390830 3.272645 3.272645 3.272645 3.236341 3.236341 3.241958 3.241958 3.270303 3.270303 3.305853 3.305853 3.339876 3.339876
2.752863 2.752863 2.747049 2.790076 2.809273 2.809273 2.825413 2.850810 2.850810 2.870924 2.870924 2.888149 2.896027 2.903520 2.910936 2.910936 2.977141 3.026185 3.075408 3.120551 3.159630 3.191710 3.216298 3.233270 3.242695 3.244769 3.239836 3.228632 3.213089 3.201731 3.201731 3.265234 3.355821 3.500541 3.530802 3.530802 3.503338 3.503338 3.435180 3.435180 3.413548 3.402158 3.402158 3.400825 3.400825 3.334664 3.334664 3.334664 3.296440 3.296440 3.289197 3.289197 3.306077 3.306077 3.333905 3.333905 3.362653 3.362653
2.753211 2.753211 2.748935 2.790200 2.808978 2.808978 2.825188 2.850813 2.850813 2.870960 2.870960 2.888161 2.896033 2.903520 2.911030 2.911030 2.988559 3.045401 3.101985 3.153867 3.199028 3.236553 3.266007 3.287267 3.300401 3.305603 3.303220 3.293936 3.279342 3.265375 3.265375 3.298110 3.359401 3.444852 3.436538 3.436538 3.363863 3.363863 3.325583 3.325583 3.330649 3.363180 3.363180 3.395448 3.395448 3.376727 3.376727 3.376727 3.345836 3.345836 3.330529 3.330529 3.335764 3.335764 3.353959 3.353959 3.375511 3.375511
2.753328 2.753328 2.749561 2.790240 2.808880 2.808880 2.825113 2.850814 2.850814 2.870971 2.870971 2.888165 2.896033 2.903519 2.911166 2.911166 3.006489 3.071513 3.134855 3.192412 3.242445 3.284235 3.317503 3.342205 3.358420 3.366322 3.366195 3.358568 3.344593 3.328014 3.328014 3.337471 3.365336 3.347645 3.288125 3.288125 3.209263 3.209263 3.231280 3.231280 3.261276 3.326424 3.326424 3.381623 3.381623 3.402149 3.402149 3.402149 3.384881 3.384881 3.367824 3.367824 3.363431 3.363431 3.371060 3.371060 3.383677 3.383677
2.753211 2.753211 2.748935 2.790200 2.808978 2.808978 2.825189 2.850813 2.850813 2.870959 2.870959 2.888161 2.896031 2.903519 2.911360 2.911360 3.032444 3.106167 3.175628 3.237645 3.291100 3.335681 3.371391 3.398348 3.416706 3.426637 3.428357 3.422220 3.408873 3.389733 3.389733 3.378388 3.360696 3.186602 3.094419 3.094419 3.075306 3.075306 3.158498 3.158498 3.205127 3.291120 3.291120 3.361930 3.361930 3.413235 3.413235 3.413235 3.412127 3.412127 3.398996 3.398996 3.388550 3.388550 3.386012 3.386012 3.388541 3.388541
2.752863 2.752863 2.747047 2.790075 2.809272 2.809272 2.825412 2.850810 2.850810 2.870925 2.870925 2.888148 2.896027 2.903520 2.911631 2.911631 3.068630 3.151446 3.226133 3.291085 3.346179 3.391744 3.428194 3.455900 3.475144 3.486135 3.489040 3.484040 3.471082 3.447843 3.447843 3.408215 3.312307 2.964746 2.899598 2.899598 2.978297 2.978297 3.100243 3.100243 3.155993 3.255054 3.255054 3.336957 3.336957 3.411675 3.411675 3.411675 3.426280 3.426280 3.420762 3.420762 3.408208 3.408208 3.397084 3.397084 3.389222 3.389222
2.752283 2.752283 2.743873 2.789845 2.809759 2.809759 2.825764 2.850805 2.850805 2.870873 2.870873 2.888128 2.896019 2.903518 2.912007 2.912007 3.118315 3.210056 3.288447 3.354224 3.408678 3.453002 3.488141 3.514783 3.533378 3.544196 3.547379 3.542893 3.529184 3.494569 3.494569 3.393748 3.161606 2.738919 2.755116 2.755116 2.907353 2.907353 3.047394 3.047394 3.107893 3.215825 3.215825 3.305829 3.305829 3.397849 3.397849 3.397849 3.425954 3.425954 3.429420 3.429420 3.417905 3.417905 3.400459 3.400459 3.382830 3.382830
