cruce_test.gid/Rasters/Hydraulic/Velocity__x_290.0.asc
NCOLS        79
NROWS        79
XLLCENTER         -1.500000
YLLCENTER         -4.800000
CELLSIZE           0.100
NODATA_VALUE     -9999.0
[rows 0 to 25 of 79, columns 0 to 57 of 79]
-9999.000 -9999.000 -9999.000 -9999.000 -9999.000 -9999.000 -9999.000 -9999.000 -9999.000 -9999.000 -9999.000 -9999.000 -9999.000 -9999.000 -9999.000 -0.2936051E-03 0.1096903E-02 0.4716096E-02 0.8800806E-02 0.1245659E-01 0.1532575E-01 0.1730896E-01 0.1840381E-01 0.1868624E-01 0.1825099E-01 0.1717366E-01 0.1550015E-01 0.1310775E-01 0.9298682E-02 0.4568152E-02 0.4568152E-02 -9999.000 -9999.000 -9999.000 -9999.000 -9999.000 -9999.000 -9999.000 -9999.000 -9999.000 -9999.000 -9999.000 -9999.000 -9999.000 -9999.000 -9999.000 -9999.000 -9999.000 -9999.000 -9999.000 -9999.000 -9999.000 -9999.000 -9999.000 -9999.000 -9999.000 -9999.000 -9999.000
-9999.000 -9999.000 -9999.000 -9999.000 -9999.000 -9999.000 -9999.000 -9999.000 -9999.000 -9999.000 -9999.000 -9999.000 -9999.000 -9999.000 -9999.000 0.9322357E-03 0.3536676E-02 0.8265715E-02 0.1335601E-01 0.1792309E-01 0.2156008E-01 0.2410537E-01 0.2550548E-01 0.2579641E-01 0.2504801E-01 0.2332652E-01 0.2068533E-01 0.1704096E-01 0.1182518E-01 0.5790892E-02 0.5790892E-02 -9999.000 -9999.000 -9999.000 -9999.000 -9999.000 -9999.000 -9999.000 -9999.000 -9999.000 -9999.000 -9999.000 -9999.000 -9999.000 -9999.000 -9999.000 -9999.000 -9999.000 -9999.000 -9999.000 -9999.000 -9999.000 -9999.000 -9999.000 -9999.000 -9999.000 -9999.000 -9999.000
-9999.000 -9999.000 -9999.000 -9999.000 -9999.000 -9999.000 -9999.000 -9999.000 -9999.000 -9999.000 -9999.000 -9999.000 -9999.000 -9999.000 -9999.000 0.1469432E-02 0.4684536E-02 0.1009600E-01 0.1581611E-01 0.2092265E-01 0.2498477E-01 0.2782343E-01 0.2937135E-01 0.2965795E-01 0.2875132E-01 0.2672241E-01 0.2363498E-01 0.1941777E-01 0.1349732E-01 0.6647806E-02 0.6647806E-02 -9999.000 -9999.000 -9999.000 -9999.000 -9999.000 -9999.000 -9999.000 -9999.000 -9999.000 -9999.000 -9999.000 -9999.000 -9999.000 -9999.000 -9999.000 -9999.000 -9999.000 -9999.000 -9999.000 -9999.000 -9999.000 -9999.000 -9999.000 -9999.000 -9999.000 -9999.000 -9999.000
-9999.000 -9999.000 -9999.000 -9999.000 -9999.000 -9999.000 -9999.000 -9999.000 -9999.000 -9999.000 -9999.000 -9999.000 -9999.000 -9999.000 -9999.000 0.1780099E-02 0.5364276E-02 0.1120686E-01 0.1733366E-01 0.2279111E-01 0.2713259E-01 0.3016925E-01 0.3182752E-01 0.3213540E-01 0.3116152E-01 0.2897925E-01 0.2565733E-01 0.2112329E-01 0.1477366E-01 0.7332098E-02 0.7332098E-02 -9999.000 -9999.000 -9999.000 -9999.000 -9999.000 -9999.000 -9999.000 -9999.000 -9999.000 -9999.000 -9999.000 -9999.000 -9999.000 -9999.000 -9999.000 -9999.000 -9999.000 -9999.000 -9999.000 -9999.000 -9999.000 -9999.000 -9999.000 -9999.000 -9999.000 -9999.000 -9999.000
-9999.000 -9999.000 -9999.000 -9999.000 -9999.000 -9999.000 -9999.000 -9999.000 -9999.000 -9999.000 -9999.000 -9999.000 -9999.000 -9999.000 -9999.000 0.2007053E-02 0.5866183E-02 0.1203520E-01 0.1847287E-01 0.2419954E-01 0.2875835E-01 0.3195527E-01 0.3371299E-01 0.3405965E-01 0.3306512E-01 0.3080321E-01 0.2734445E-01 0.2260920E-01 0.1594886E-01 0.7986467E-02 0.7986467E-02 -9999.000 -9999.000 -9999.000 -9999.000 -9999.000 -9999.000 -9999.000 -9999.000 -9999.000 -9999.000 -9999.000 -9999.000 -9999.000 -9999.000 -9999.000 -9999.000 -9999.000 -9999.000 -9999.000 -9999.000 -9999.000 -9999.000 -9999.000 -9999.000 -9999.000 -9999.000 -9999.000
-9999.000 -9999.000 -9999.000 -9999.000 -9999.000 -9999.000 -9999.000 -9999.000 -9999.000 -9999.000 -9999.000 -9999.000 -9999.000 -9999.000 -9999.000 0.2213596E-02 0.6321759E-02 0.1278318E-01 0.1949786E-01 0.2546381E-01 0.3021749E-01 0.3356248E-01 0.3541930E-01 0.3581804E-01 0.3482895E-01 0.3252637E-01 0.2898116E-01 0.2410122E-01 0.1717995E-01 0.8690412E-02 0.8690412E-02 -9999.000 -9999.000 -9999.000 -9999.000 -9999.000 -9999.000 -9999.000 -9999.000 -9999.000 -9999.000 -9999.000 -9999.000 -9999.000 -9999.000 -9999.000 -9999.000 -9999.000 -9999.000 -9999.000 -9999.000 -9999.000 -9999.000 -9999.000 -9999.000 -9999.000 -9999.000 -9999.000
-9999.000 -9999.000 -9999.000 -9999.000 -9999.000 -9999.000 -9999.000 -9999.000 -9999.000 -9999.000 -9999.000 -9999.000 -9999.000 -9999.000 -9999.000 0.2430107E-02 0.6793458E-02 0.1354759E-01 0.2053543E-01 0.2673523E-01 0.3168080E-01 0.3517497E-01 0.3713724E-01 0.3760080E-01 0.3663733E-01 0.3432013E-01 0.3071962E-01 0.2572730E-01 0.1856382E-01 0.9498074E-02 0.9498074E-02 -9999.000 -9999.000 -9999.000 -9999.000 -9999.000 -9999.000 -9999.000 -9999.000 -9999.000 -9999.000 -9999.000 -9999.000 -9999.000 -9999.000 -9999.000 -9999.000 -9999.000 -9999.000 -9999.000 -9999.000 -9999.000 -9999.000 -9999.000 -9999.000 -9999.000 -9999.000 -9999.000
-9999.000 -9999.000 -9999.000 -9999.000 -9999.000 -9999.000 -9999.000 -9999.000 -9999.000 -9999.000 -9999.000 -9999.000 -9999.000 -9999.000 -9999.000 0.2672528E-02 0.7315089E-02 0.1437932E-01 0.2165190E-01 0.2809382E-01 0.3323892E-01 0.3689150E-01 0.3897109E-01 0.3951517E-01 0.3859640E-01 0.3628737E-01 0.3265746E-01 0.2757721E-01 0.2017886E-01 0.1045600E-01 0.1045600E-01 -9999.000 -9999.000 -9999.000 -9999.000 -9999.000 -9999.000 -9999.000 -9999.000 -9999.000 -9999.000 -9999.000 -9999.000 -9999.000 -9999.000 -9999.000 -9999.000 -9999.000 -9999.000 -9999.000 -9999.000 -9999.000 -9999.000 -9999.000 -9999.000 -9999.000 -9999.000 -9999.000
-9999.000 -9999.000 -9999.000 -9999.000 -9999.000 -9999.000 -9999.000 -9999.000 -9999.000 -9999.000 -9999.000 -9999.000 -9999.000 -9999.000 -9999.000 0.2951303E-02 0.7907482E-02 0.1531097E-01 0.2288973E-01 0.2959024E-01 0.3495003E-01 0.3877679E-01 0.4099043E-01 0.4163488E-01 0.4078401E-01 0.3850933E-01 0.3487840E-01 0.2973685E-01 0.2210829E-01 0.1161725E-01 0.1161725E-01 -9999.000 -9999.000 -9999.000 -9999.000 -9999.000 -9999.000 -9999.000 -9999.000 -9999.000 -9999.000 -9999.000 -9999.000 -9999.000 -9999.000 -9999.000 -9999.000 -9999.000 -9999.000 -9999.000 -9999.000 -9999.000 -9999.000 -9999.000 -9999.000 -9999.000 -9999.000 -9999.000
-9999.000 -9999.000 -9999.000 -9999.000 -9999.000 -9999.000 -9999.000 -9999.000 -9999.000 -9999.000 -9999.000 -9999.000 -9999.000 -9999.000 -9999.000 0.3275230E-02 0.8589166E-02 0.1637022E-01 0.2428525E-01 0.3126863E-01 0.3686527E-01 0.4088818E-01 0.4325945E-01 0.4403086E-01 0.4327810E-01 0.4107105E-01 0.3747620E-01 0.3230711E-01 0.2445681E-01 0.1305135E-01 0.1305135E-01 -9999.000 -9999.000 -9999.000 -9999.000 -9999.000 -9999.000 -9999.000 -9999.000 -9999.000 -9999.000 -9999.000 -9999.000 -9999.000 -9999.000 -9999.000 -9999.000 -9999.000 -9999.000 -9999.000 -9999.000 -9999.000 -9999.000 -9999.000 -9999.000 -9999.000 -9999.000 -9999.000
-9999.000 -9999.000 -9999.000 -9999.000 -9999.000 -9999.000 -9999.000 -9999.000 -9999.000 -9999.000 -9999.000 -9999.000 -9999.000 -9999.000 -9999.000 0.3653654E-02 0.9379497E-02 0.1758745E-01 0.2587815E-01 0.3317725E-01 0.3904117E-01 0.4329100E-01 0.4585214E-01 0.4678656E-01 0.4617254E-01 0.4407844E-01 0.4056940E-01 0.3542084E-01 0.2736750E-01 0.1485410E-01 0.1485410E-01 -9999.000 -9999.000 -9999.000 -9999.000 -9999.000 -9999.000 -9999.000 -9999.000 -9999.000 -9999.000 -9999.000 -9999.000 -9999.000 -9999.000 -9999.000 -9999.000 -9999.000 -9999.000 -9999.000 -9999.000 -9999.000 -9999.000 -9999.000 -9999.000 -9999.000 -9999.000 -9999.000
-9999.000 -9999.000 -9999.000 -9999.000 -9999.000 -9999.000 -9999.000 -9999.000 -9999.000 -9999.000 -9999.000 -9999.000 -9999.000 -9999.000 -9999.000 0.4097331E-02 0.1030249E-01 0.1900069E-01 0.2771985E-01 0.3537920E-01 0.4155240E-01 0.4607146E-01 0.4886728E-01 0.5001474E-01 0.4959587E-01 0.4767856E-01 0.4432707E-01 0.3927044E-01 0.3105016E-01 0.1716739E-01 0.1716739E-01 -9999.000 -9999.000 -9999.000 -9999.000 -9999.000 -9999.000 -9999.000 -9999.000 -9999.000 -9999.000 -9999.000 -9999.000 -9999.000 -9999.000 -9999.000 -9999.000 -9999.000 -9999.000 -9999.000 -9999.000 -9999.000 -9999.000 -9999.000 -9999.000 -9999.000 -9999.000 -9999.000
-9999.000 -9999.000 -9999.000 -9999.000 -9999.000 -9999.000 -9999.000 -9999.000 -9999.000 -9999.000 -9999.000 -9999.000 -9999.000 -9999.000 -9999.000 0.4625614E-02 0.1139745E-01 0.2067061E-01 0.2988933E-01 0.3797042E-01 0.4451124E-01 0.4935864E-01 0.5245127E-01 0.5388244E-01 0.5373885E-01 0.5208918E-01 0.4899892E-01 0.4414153E-01 0.3582143E-01 0.2020666E-01 0.2020666E-01 -9999.000 -9999.000 -9999.000 -9999.000 -9999.000 -9999.000 -9999.000 -9999.000 -9999.000 -9999.000 -9999.000 -9999.000 -9999.000 -9999.000 -9999.000 -9999.000 -9999.000 -9999.000 -9999.000 -9999.000 -9999.000 -9999.000 -9999.000 -9999.000 -9999.000 -9999.000 -9999.000
-9999.000 -9999.000 -9999.000 -9999.000 -9999.000 -9999.000 -9999.000 -9999.000 -9999.000 -9999.000 -9999.000 -9999.000 -9999.000 -9999.000 -9999.000 0.5691283E-02 0.1360280E-01 0.2394382E-01 0.3363136E-01 0.4211536E-01 0.4897644E-01 0.5410010E-01 0.5744947E-01 0.5914939E-01 0.5929667E-01 0.5796310E-01 0.5521777E-01 0.5066306E-01 0.4230798E-01 0.2439397E-01 0.2439397E-01 -9999.000 -9999.000 -9999.000 -9999.000 -9999.000 -9999.000 -9999.000 -9999.000 -9999.000 -9999.000 -9999.000 -9999.000 -9999.000 -9999.000 -9999.000 -9999.000 -9999.000 -9999.000 -9999.000 -9999.000 -9999.000 -9999.000 -9999.000 -9999.000 -9999.000 -9999.000 -9999.000
-9999.000 -9999.000 -9999.000 -9999.000 -9999.000 -9999.000 -9999.000 -9999.000 -9999.000 -9999.000 -9999.000 -9999.000 -9999.000 -9999.000 -9999.000 0.6535552E-01 0.9863789E-01 0.1125867 0.1052223 0.9869303E-01 0.9286527E-01 0.8713660E-01 0.8156549E-01 0.7622667E-01 0.7098280E-01 0.6572508E-01 0.6028789E-01 0.5397676E-01 0.4437668E-01 0.2195147E-01 0.2195147E-01 -9999.000 -9999.000 -9999.000 -9999.000 -9999.000 -9999.000 -9999.000 -9999.000 -9999.000 -9999.000 -9999.000 -9999.000 -9999.000 -9999.000 -9999.000 -9999.000 -9999.000 -9999.000 -9999.000 -9999.000 -9999.000 -9999.000 -9999.000 -9999.000 -9999.000 -9999.000 -9999.000
2.787407 2.787407 2.770101 2.796797 2.815347 2.815347 2.818365 2.819107 2.819107 2.816290 2.816290 2.810925 2.807523 2.803747 2.799849 2.799849 2.916494 2.919871 2.920927 2.900889 2.859608 2.796855 2.711205 2.602345 2.473685 2.326228 2.164147 1.997212 1.850810 1.792807 1.792807 2.642206 2.817302 2.914938 2.938540 2.938540 2.968176 2.968176 2.944161 2.944161 2.896174 2.704642 2.704642 2.283459 2.283459 2.027500 2.027500 2.027500 2.020969 2.020969 2.056583 2.056583 2.105346 2.105346 2.155010 2.155010 2.198702 2.198702
2.810750 2.810750 2.799227 2.850338 2.875688 2.875688 2.890443 2.913548 2.913548 2.932621 2.932621 2.948945 2.956329 2.963295 2.970086 2.970086 3.057264 3.073884 3.088552 3.097845 3.101379 3.097739 3.084227 3.057917 3.016993 2.959070 2.883091 2.790459 2.688381 2.615416 2.615416 3.074065 3.234371 3.385958 3.426393 3.426393 3.471043 3.471043 3.468647 3.468647 3.444732 3.335574 3.335574 3.104999 3.104999 2.853446 2.853446 2.853446 2.845293 2.845293 2.882888 2.882888 2.934766 2.934766 2.987010 2.987010 3.033883 3.033883
2.816839 2.816839 2.799213 2.852284 2.875367 2.875367 2.890741 2.914664 2.914664 2.934362 2.934362 2.951417 2.959212 2.966615 2.973887 2.973887 3.052581 3.080472 3.105925 3.127234 3.144000 3.155891 3.162024 3.161114 3.152097 3.133235 3.102930 3.060738 3.009964 2.973017 2.973017 3.237829 3.394170 3.572651 3.623868 3.623868 3.674923 3.674923 3.661991 3.661991 3.630712 3.526961 3.526961 3.370617 3.370617 3.148731 3.148731 3.148731 3.124575 3.124575 3.150643 3.150643 3.194303 3.194303 3.240418 3.240418 3.282656 3.282656
2.821642 2.821642 2.797543 2.853010 2.874582 2.874582 2.890395 2.914845 2.914845 2.934582 2.934582 2.951587 2.959359 2.966744 2.974054 2.974054 3.047962 3.085488 3.120985 3.152125 3.177919 3.198001 3.212058 3.219722 3.220846 3.214973 3.201525 3.180395 3.153686 3.135757 3.135757 3.298282 3.437634 3.624728 3.681658 3.681658 3.729683 3.729683 3.695412 3.695412 3.654705 3.561359 3.561359 3.463218 3.463218 3.290119 3.290119 3.290119 3.251888 3.251888 3.264494 3.264494 3.299974 3.299974 3.341362 3.341362 3.380485 3.380485
2.825306 2.825306 2.793899 2.853842 2.874191 2.874191 2.890145 2.914869 2.914869 2.934613 2.934613 2.951597 2.959365 2.966749 2.974133 2.974133 3.047409 3.093375 3.138037 3.178169 3.212259 3.239681 3.260150 3.273521 3.279901 3.279402 3.272149 3.258608 3.240718 3.228434 3.228434 3.329070 3.444730 3.622695 3.675881 3.675881 3.700542 3.700542 3.639010 3.639010 3.597652 3.535036 3.535036 3.490937 3.490937 3.376374 3.376374 3.376374 3.331210 3.331210 3.329223 3.329223 3.354047 3.354047 3.389097 3.389097 3.424205 3.424205
2.827907 2.827907 2.793233 2.854274 2.873816 2.873816 2.889876 2.914878 2.914878 2.934656 2.934656 2.951628 2.959393 2.966775 2.974269 2.974269 3.051944 3.105716 3.158636 3.206775 3.248307 3.282423 3.308790 3.327294 3.338051 3.341299 3.337390 3.327000 3.311900 3.299242 3.299242 3.358009 3.446325 3.594833 3.629761 3.629761 3.607905 3.607905 3.533874 3.533874 3.507755 3.491338 3.491338 3.492682 3.492682 3.434970 3.434970 3.434970 3.392664 3.392664 3.378850 3.378850 3.391351 3.391351 3.417722 3.417722 3.446938 3.446938
2.829456 2.829456 2.792964 2.854609 2.873641 2.873641 2.889742 2.914936 2.914936 2.934774 2.934774 2.951788 2.959579 2.966991 2.974678 2.974678 3.062689 3.124192 3.184576 3.239646 3.287521 3.327366 3.358854 3.381896 3.396588 3.403153 3.401945 3.393600 3.379567 3.364854 3.364854 3.393926 3.452990 3.544812 3.541573 3.541573 3.466296 3.466296 3.416496 3.416496 3.417501 3.447476 3.447476 3.482419 3.482419 3.473284 3.473284 3.473284 3.442350 3.442350 3.422605 3.422605 3.423406 3.423406 3.439350 3.439350 3.460655 3.460655
2.829970 2.829970 2.792894 2.854722 2.873581 2.873581 2.889688 2.914948 2.914948 2.934816 2.934816 2.951858 2.959666 2.967094 2.975017 2.975017 3.080275 3.149785 3.216914 3.277749 3.330653 3.374968 3.410480 3.437179 3.455173 3.464652 3.465906 3.459428 3.446261 3.429532 3.429532 3.436693 3.463778 3.457390 3.399008 3.399008 3.303957 3.303957 3.313458 3.313458 3.341681 3.407058 3.407058 3.465093 3.465093 3.494747 3.494747 3.494747 3.480180 3.480180 3.461253 3.461253 3.453259 3.453259 3.458284 3.458284 3.469995 3.469995
2.829456 2.829456 2.792965 2.854608 2.873641 2.873641 2.889742 2.914936 2.914936 2.934774 2.934774 2.951788 2.959579 2.966991 2.975209 2.975209 3.106126 3.184123 3.257292 3.322595 3.378989 3.426213 3.464310 3.493426 3.513739 3.525437 3.528737 3.523974 3.511723 3.493057 3.493057 3.481315 3.466886 3.307000 3.204161 3.204161 3.159167 3.159167 3.235690 3.235690 3.282559 3.370250 3.370250 3.443739 3.443739 3.503019 3.503019 3.503019 3.506015 3.506015 3.493337 3.493337 3.480784 3.480784 3.475810 3.475810 3.476925 3.476925
2.827906 2.827906 2.793233 2.854274 2.873816 2.873816 2.889876 2.914878 2.914878 2.934656 2.934656 2.951628 2.959393 2.966774 2.975388 2.975388 3.142520 3.229377 3.307619 3.375771 3.433774 3.481997 3.520887 3.550835 3.572148 3.585046 3.589701 3.586281 3.574718 3.552670 3.552670 3.515986 3.431820 3.087488 2.996874 2.996874 3.054033 3.054033 3.175175 3.175175 3.232247 3.333334 3.333334 3.417709 3.417709 3.499316 3.499316 3.499316 3.518535 3.518535 3.515218 3.515218 3.502327 3.502327 3.489485 3.489485 3.480011 3.480011
2.825306 2.825306 2.793899 2.853842 2.874191 2.874191 2.890144 2.914869 2.914869 2.934613 2.934613 2.951597 2.959364 2.966748 2.975959 2.975959 3.193176 3.288739 3.370476 3.439273 3.496488 3.543358 3.580862 3.609712 3.630374 3.643138 3.648144 3.645366 3.633363 3.601022 3.601022 3.510355 3.301272 2.847458 2.835822 2.835822 2.980044 2.980044 3.121804 3.121804 3.184083 3.293627 3.293627 3.385992 3.385992 3.484043 3.484043 3.484043 3.516760 3.516760 3.523533 3.523533 3.513147 3.513147 3.495073 3.495073 3.475960 3.475960
