cruce_test.gid/Rasters/Hydraulic/Velocity____226.0.asc
NCOLS        79
NROWS        79
XLLCENTER         -1.500000
YLLCENTER         -4.800000
CELLSIZE           0.100
NODATA_VALUE     -9999.0
[rows 0 to 26 of 79, columns 0 to 59 of 79]
-9999.000 -9999.000 -9999.000 -9999.000 -9999.000 -9999.000 -9999.000 -9999.000 -9999.000 -9999.000 -9999.000 -9999.000 -9999.000 -9999.000 -9999.000 0.8945256E-01 0.8617795E-01 0.8479641E-01 0.8447401E-01 0.8547764E-01 0.8692937E-01 0.8832971E-01 0.8950474E-01 0.9034843E-01 0.9085947E-01 0.9112298E-01 0.9122267E-01 0.9136116E-01 0.9213000E-01 0.9311296E-01 0.9311296E-01 -9999.000 -9999.000 -9999.000 -9999.000 -9999.000 -9999.000 -9999.000 -9999.000 -9999.000 -9999.000 -9999.000 -9999.000 -9999.000 -9999.000 -9999.000 -9999.000 -9999.000 -9999.000 -9999.000 -9999.000 -9999.000 -9999.000 -9999.000 -9999.000 -9999.000 -9999.000 -9999.000 -9999.000 -9999.000
-9999.000 -9999.000 -9999.000 -9999.000 -9999.000 -9999.000 -9999.000 -9999.000 -9999.000 -9999.000 -9999.000 -9999.000 -9999.000 -9999.000 -9999.000 0.9035922E-01 0.8349650E-01 0.8069403E-01 0.8008221E-01 0.8210509E-01 0.8499050E-01 0.8780281E-01 0.9023903E-01 0.9209197E-01 0.9333625E-01 0.9411997E-01 0.9459979E-01 0.9520604E-01 0.9723633E-01 0.9998014E-01 0.9998014E-01 -9999.000 -9999.000 -9999.000 -9999.000 -9999.000 -9999.000 -9999.000 -9999.000 -9999.000 -9999.000 -9999.000 -9999.000 -9999.000 -9999.000 -9999.000 -9999.000 -9999.000 -9999.000 -9999.000 -9999.000 -9999.000 -9999.000 -9999.000 -9999.000 -9999.000 -9999.000 -9999.000 -9999.000 -9999.000
-9999.000 -9999.000 -9999.000 -9999.000 -9999.000 -9999.000 -9999.000 -9999.000 -9999.000 -9999.000 -9999.000 -9999.000 -9999.000 -9999.000 -9999.000 0.9036822E-01 0.7958169E-01 0.7508587E-01 0.7407089E-01 0.7719602E-01 0.8167525E-01 0.8610319E-01 0.9006391E-01 0.9325508E-01 0.9562752E-01 0.9738563E-01 0.9873556E-01 0.1003211 0.1041830 0.1095189 0.1095189 -9999.000 -9999.000 -9999.000 -9999.000 -9999.000 -9999.000 -9999.000 -9999.000 -9999.000 -9999.000 -9999.000 -9999.000 -9999.000 -9999.000 -9999.000 -9999.000 -9999.000 -9999.000 -9999.000 -9999.000 -9999.000 -9999.000 -9999.000 -9999.000 -9999.000 -9999.000 -9999.000 -9999.000 -9999.000
-9999.000 -9999.000 -9999.000 -9999.000 -9999.000 -9999.000 -9999.000 -9999.000 -9999.000 -9999.000 -9999.000 -9999.000 -9999.000 -9999.000 -9999.000 0.8989174E-01 0.7517938E-01 0.6897056E-01 0.6756447E-01 0.7181467E-01 0.7789396E-01 0.8394996E-01 0.8947900E-01 0.9409403E-01 0.9771960E-01 0.1006087 0.1030002 0.1057415 0.1116346 0.1200812 0.1200812 -9999.000 -9999.000 -9999.000 -9999.000 -9999.000 -9999.000 -9999.000 -9999.000 -9999.000 -9999.000 -9999.000 -9999.000 -9999.000 -9999.000 -9999.000 -9999.000 -9999.000 -9999.000 -9999.000 -9999.000 -9999.000 -9999.000 -9999.000 -9999.000 -9999.000 -9999.000 -9999.000 -9999.000 -9999.000
-9999.000 -9999.000 -9999.000 -9999.000 -9999.000 -9999.000 -9999.000 -9999.000 -9999.000 -9999.000 -9999.000 -9999.000 -9999.000 -9999.000 -9999.000 0.8915146E-01 0.7046812E-01 0.6253505E-01 0.6078178E-01 0.6620643E-01 0.7389835E-01 0.8158712E-01 0.8870790E-01 0.9479280E-01 0.9973878E-01 0.1038434 0.1073696 0.1113694 0.1194441 0.1315273 0.1315273 -9999.000 -9999.000 -9999.000 -9999.000 -9999.000 -9999.000 -9999.000 -9999.000 -9999.000 -9999.000 -9999.000 -9999.000 -9999.000 -9999.000 -9999.000 -9999.000 -9999.000 -9999.000 -9999.000 -9999.000 -9999.000 -9999.000 -9999.000 -9999.000 -9999.000 -9999.000 -9999.000 -9999.000 -9999.000
-9999.000 -9999.000 -9999.000 -9999.000 -9999.000 -9999.000 -9999.000 -9999.000 -9999.000 -9999.000 -9999.000 -9999.000 -9999.000 -9999.000 -9999.000 0.8821330E-01 0.6551022E-01 0.5586394E-01 0.5385481E-01 0.6052569E-01 0.6983776E-01 0.7915192E-01 0.8787156E-01 0.9545023E-01 0.1017546 0.1071253 0.1118418 0.1171695 0.1275619 0.1438787 0.1438787 -9999.000 -9999.000 -9999.000 -9999.000 -9999.000 -9999.000 -9999.000 -9999.000 -9999.000 -9999.000 -9999.000 -9999.000 -9999.000 -9999.000 -9999.000 -9999.000 -9999.000 -9999.000 -9999.000 -9999.000 -9999.000 -9999.000 -9999.000 -9999.000 -9999.000 -9999.000 -9999.000 -9999.000 -9999.000
-9999.000 -9999.000 -9999.000 -9999.000 -9999.000 -9999.000 -9999.000 -9999.000 -9999.000 -9999.000 -9999.000 -9999.000 -9999.000 -9999.000 -9999.000 0.8707589E-01 0.6031577E-01 0.4900027E-01 0.4689573E-01 0.5489590E-01 0.6581285E-01 0.7672472E-01 0.8703582E-01 0.9611791E-01 0.1038030 0.1104731 0.1164178 0.1231295 0.1359805 0.1572468 0.1572468 -9999.000 -9999.000 -9999.000 -9999.000 -9999.000 -9999.000 -9999.000 -9999.000 -9999.000 -9999.000 -9999.000 -9999.000 -9999.000 -9999.000 -9999.000 -9999.000 -9999.000 -9999.000 -9999.000 -9999.000 -9999.000 -9999.000 -9999.000 -9999.000 -9999.000 -9999.000 -9999.000 -9999.000 -9999.000
-9999.000 -9999.000 -9999.000 -9999.000 -9999.000 -9999.000 -9999.000 -9999.000 -9999.000 -9999.000 -9999.000 -9999.000 -9999.000 -9999.000 -9999.000 0.8570588E-01 0.5487155E-01 0.4198353E-01 0.4005674E-01 0.4945570E-01 0.6191203E-01 0.7436321E-01 0.8624175E-01 0.9682570E-01 0.1059033 0.1138969 0.1210989 0.1292464 0.1447119 0.1718089 0.1718089 -9999.000 -9999.000 -9999.000 -9999.000 -9999.000 -9999.000 -9999.000 -9999.000 -9999.000 -9999.000 -9999.000 -9999.000 -9999.000 -9999.000 -9999.000 -9999.000 -9999.000 -9999.000 -9999.000 -9999.000 -9999.000 -9999.000 -9999.000 -9999.000 -9999.000 -9999.000 -9999.000 -9999.000 -9999.000
-9999.000 -9999.000 -9999.000 -9999.000 -9999.000 -9999.000 -9999.000 -9999.000 -9999.000 -9999.000 -9999.000 -9999.000 -9999.000 -9999.000 -9999.000 0.8405157E-01 0.4915426E-01 0.3488583E-01 0.3361239E-01 0.4440116E-01 0.5823611E-01 0.7212266E-01 0.8552342E-01 0.9759554E-01 0.1080688 0.1174035 0.1258860 0.1355202 0.1537767 0.1878083 0.1878083 -9999.000 -9999.000 -9999.000 -9999.000 -9999.000 -9999.000 -9999.000 -9999.000 -9999.000 -9999.000 -9999.000 -9999.000 -9999.000 -9999.000 -9999.000 -9999.000 -9999.000 -9999.000 -9999.000 -9999.000 -9999.000 -9999.000 -9999.000 -9999.000 -9999.000 -9999.000 -9999.000 -9999.000 -9999.000
-9999.000 -9999.000 -9999.000 -9999.000 -9999.000 -9999.000 -9999.000 -9999.000 -9999.000 -9999.000 -9999.000 -9999.000 -9999.000 -9999.000 -9999.000 0.8204632E-01 0.4313660E-01 0.2788273E-01 0.2810643E-01 0.4002913E-01 0.5491481E-01 0.7006707E-01 0.8491722E-01 0.9845033E-01 0.1103131 0.1209998 0.1307802 0.1419522 0.1632011 0.2055667 0.2055667 -9999.000 -9999.000 -9999.000 -9999.000 -9999.000 -9999.000 -9999.000 -9999.000 -9999.000 -9999.000 -9999.000 -9999.000 -9999.000 -9999.000 -9999.000 -9999.000 -9999.000 -9999.000 -9999.000 -9999.000 -9999.000 -9999.000 -9999.000 -9999.000 -9999.000 -9999.000 -9999.000 -9999.000 -9999.000
-9999.000 -9999.000 -9999.000 -9999.000 -9999.000 -9999.000 -9999.000 -9999.000 -9999.000 -9999.000 -9999.000 -9999.000 -9999.000 -9999.000 -9999.000 0.7960970E-01 0.3679520E-01 0.2144527E-01 0.2455325E-01 0.3677710E-01 0.5212261E-01 0.6827945E-01 0.8447092E-01 0.9941953E-01 0.1126537 0.1246956 0.1357844 0.1485443 0.1730155 0.2255138 0.2255138 -9999.000 -9999.000 -9999.000 -9999.000 -9999.000 -9999.000 -9999.000 -9999.000 -9999.000 -9999.000 -9999.000 -9999.000 -9999.000 -9999.000 -9999.000 -9999.000 -9999.000 -9999.000 -9999.000 -9999.000 -9999.000 -9999.000 -9999.000 -9999.000 -9999.000 -9999.000 -9999.000 -9999.000 -9999.000
-9999.000 -9999.000 -9999.000 -9999.000 -9999.000 -9999.000 -9999.000 -9999.000 -9999.000 -9999.000 -9999.000 -9999.000 -9999.000 -9999.000 -9999.000 0.7664290E-01 0.3012843E-01 0.1687135E-01 0.2431002E-01 0.3521669E-01 0.5009782E-01 0.6687835E-01 0.8425451E-01 0.1005493 0.1151206 0.1285090 0.1409066 0.1553021 0.1832549 0.2482324 0.2482324 -9999.000 -9999.000 -9999.000 -9999.000 -9999.000 -9999.000 -9999.000 -9999.000 -9999.000 -9999.000 -9999.000 -9999.000 -9999.000 -9999.000 -9999.000 -9999.000 -9999.000 -9999.000 -9999.000 -9999.000 -9999.000 -9999.000 -9999.000 -9999.000 -9999.000 -9999.000 -9999.000 -9999.000 -9999.000
-9999.000 -9999.000 -9999.000 -9999.000 -9999.000 -9999.000 -9999.000 -9999.000 -9999.000 -9999.000 -9999.000 -9999.000 -9999.000 -9999.000 -9999.000 0.7299722E-01 0.2322111E-01 0.1680193E-01 0.2813146E-01 0.3603562E-01 0.4925088E-01 0.6610980E-01 0.8442959E-01 0.1019519 0.1177929 0.1324951 0.1461805 0.1622479 0.1939678 0.2745378 0.2745378 -9999.000 -9999.000 -9999.000 -9999.000 -9999.000 -9999.000 -9999.000 -9999.000 -9999.000 -9999.000 -9999.000 -9999.000 -9999.000 -9999.000 -9999.000 -9999.000 -9999.000 -9999.000 -9999.000 -9999.000 -9999.000 -9999.000 -9999.000 -9999.000 -9999.000 -9999.000 -9999.000 -9999.000 -9999.000
-9999.000 -9999.000 -9999.000 -9999.000 -9999.000 -9999.000 -9999.000 -9999.000 -9999.000 -9999.000 -9999.000 -9999.000 -9999.000 -9999.000 -9999.000 0.6741539E-01 0.1800476E-01 0.2711899E-01 0.4026762E-01 0.4453670E-01 0.5420644E-01 0.6939948E-01 0.8744544E-01 0.1053825 0.1219304 0.1375488 0.1522280 0.1698006 0.2054531 0.3057761 0.3057761 -9999.000 -9999.000 -9999.000 -9999.000 -9999.000 -9999.000 -9999.000 -9999.000 -9999.000 -9999.000 -9999.000 -9999.000 -9999.000 -9999.000 -9999.000 -9999.000 -9999.000 -9999.000 -9999.000 -9999.000 -9999.000 -9999.000 -9999.000 -9999.000 -9999.000 -9999.000 -9999.000 -9999.000 -9999.000
-9999.000 -9999.000 -9999.000 -9999.000 -9999.000 -9999.000 -9999.000 -9999.000 -9999.000 -9999.000 -9999.000 -9999.000 -9999.000 -9999.000 -9999.000 0.1060756 0.1633144 0.1921182 0.1836269 0.1551521 0.1374511 0.1269635 0.1248178 0.1291665 0.1374208 0.1484009 0.1607792 0.1780676 0.2171285 0.3412488 0.3412488 -9999.000 -9999.000 -9999.000 -9999.000 -9999.000 -9999.000 -9999.000 -9999.000 -9999.000 -9999.000 -9999.000 -9999.000 -9999.000 -9999.000 -9999.000 -9999.000 -9999.000 -9999.000 -9999.000 -9999.000 -9999.000 -9999.000 -9999.000 -9999.000 -9999.000 -9999.000 -9999.000 -9999.000 -9999.000
2.881672 2.881672 2.903558 2.900514 2.921064 2.921064 2.923866 2.923521 2.923521 2.919499 2.919499 2.912960 2.909001 2.904683 2.900462 2.900462 3.062729 3.067469 3.068674 3.065169 3.032439 2.976471 2.897363 2.793648 2.667074 2.521363 2.358968 2.188632 2.035017 1.973346 1.973346 2.793781 2.969717 3.076239 3.103750 3.103750 3.142454 3.142454 3.134297 3.134297 3.095457 2.927399 2.927399 2.626335 2.626335 2.200651 2.200651 2.200651 2.169394 2.169394 2.194843 2.194843 2.241450 2.241450 2.291852 2.291852 2.337947 2.337947 2.337947 2.375315
2.903840 2.903840 2.935872 2.954789 2.982759 2.982759 2.997673 3.020482 3.020482 3.039157 3.039157 3.055116 3.062336 3.069147 3.075976 3.075976 3.196153 3.216477 3.232614 3.246261 3.252717 3.252607 3.244308 3.224719 3.191238 3.142022 3.075090 2.990808 2.895126 2.813097 2.813097 3.246306 3.399621 3.552372 3.595119 3.595119 3.645889 3.645889 3.652555 3.652555 3.634924 3.541246 3.541246 3.360716 3.360716 3.041260 3.041260 3.041260 3.006203 3.006203 3.033820 3.033820 3.083178 3.083178 3.136128 3.136128 3.185171 3.185171 3.185171 3.226878
2.908057 2.908057 2.938982 2.956405 2.982315 2.982315 2.997989 3.021725 3.021725 3.041045 3.041045 3.057711 3.065324 3.072560 3.079882 3.079882 3.186649 3.220147 3.248586 3.273394 3.292873 3.307487 3.317309 3.321453 3.318746 3.307928 3.287168 3.255355 3.214571 3.179569 3.179569 3.417827 3.564750 3.738718 3.790922 3.790922 3.847017 3.847017 3.841273 3.841273 3.814815 3.719992 3.719992 3.585689 3.585689 3.332718 3.332718 3.332718 3.282398 3.282398 3.296566 3.296566 3.336948 3.336948 3.383733 3.383733 3.428297 3.428297 3.428297 3.466732
2.910224 2.910224 2.939059 2.956881 2.981431 2.981431 2.997617 3.021841 3.021841 3.041185 3.041185 3.057810 3.065408 3.072632 3.080030 3.080030 3.178030 3.222271 3.262047 3.297183 3.326505 3.350021 3.368058 3.380680 3.387830 3.389429 3.384999 3.374161 3.358193 3.346247 3.346247 3.491078 3.619867 3.797804 3.853895 3.853895 3.904135 3.904135 3.873386 3.873386 3.834803 3.744350 3.744350 3.656400 3.656400 3.471940 3.471940 3.471940 3.411316 3.411316 3.410162 3.410162 3.440581 3.440581 3.481769 3.481769 3.522914 3.522914 3.522914 3.558862
2.909438 2.909438 2.944262 2.957187 2.980905 2.980905 2.997521 3.022197 3.022197 3.041533 3.041533 3.058074 3.065633 3.072821 3.080316 3.080316 3.174431 3.227610 3.277462 3.322212 3.360640 3.392408 3.417665 3.436637 3.449589 3.456885 3.458799 3.455697 3.448968 3.444988 3.444988 3.535825 3.642076 3.808569 3.859035 3.859035 3.880121 3.880121 3.815125 3.815125 3.771734 3.707393 3.707393 3.669123 3.669123 3.555027 3.555027 3.555027 3.493665 3.493665 3.477756 3.477756 3.495609 3.495609 3.529090 3.529090 3.565517 3.565517 3.565517 3.598093
2.910105 2.910105 2.946690 2.957002 2.980245 2.980245 2.997217 3.022345 3.022345 3.041805 3.041805 3.058428 3.066031 3.073262 3.080990 3.080990 3.177214 3.238399 3.297143 3.350534 3.397173 3.436523 3.468565 3.493494 3.511613 3.523358 3.529218 3.529836 3.526594 3.524146 3.524146 3.579638 3.661053 3.797596 3.827260 3.827260 3.790762 3.790762 3.701528 3.701528 3.670460 3.651798 3.651798 3.658651 3.658651 3.608259 3.608259 3.608259 3.556633 3.556633 3.530810 3.530810 3.535269 3.535269 3.558655 3.558655 3.588232 3.588232 3.588232 3.615792
2.910537 2.910537 2.948060 2.956881 2.979845 2.979845 2.997013 3.022379 3.022379 3.041852 3.041852 3.058452 3.066047 3.073274 3.081274 3.081274 3.186292 3.255218 3.321914 3.382902 3.436708 3.482747 3.520931 3.551405 3.574446 3.590444 3.599885 3.603417 3.602219 3.599538 3.599538 3.630835 3.686373 3.766125 3.752281 3.752281 3.645018 3.645018 3.571684 3.571684 3.567875 3.598184 3.598184 3.639344 3.639344 3.640658 3.640658 3.640658 3.606367 3.606367 3.578015 3.578015 3.571044 3.571044 3.582970 3.582970 3.603580 3.603580 3.603580 3.624230
2.910653 2.910653 2.948440 2.956779 2.979652 2.979652 2.996894 3.022366 3.022366 3.041856 3.041856 3.058453 3.066047 3.073272 3.081655 3.081655 3.203210 3.280172 3.354099 3.421591 3.481330 3.532863 3.576145 3.611341 3.638714 3.658608 3.671443 3.677762 3.678442 3.675365 3.675365 3.689231 3.716436 3.694617 3.614624 3.614624 3.468819 3.468819 3.455395 3.455395 3.481477 3.550288 3.550288 3.614927 3.614927 3.655901 3.655901 3.655901 3.642348 3.642348 3.618783 3.618783 3.604786 3.604786 3.605515 3.605515 3.615651 3.615651 3.615651 3.627624
2.910540 2.910540 2.947994 2.956841 2.979799 2.979799 2.996973 3.022359 3.022359 3.041844 3.041844 3.058447 3.066044 3.073270 3.082179 3.082179 3.229510 3.315145 3.395753 3.468641 3.532966 3.588580 3.635636 3.674400 3.705173 3.728282 3.744085 3.752995 3.755511 3.751725 3.751725 3.749851 3.738286 3.549997 3.409641 3.409641 3.304514 3.304514 3.366915 3.366915 3.414548 3.507608 3.507608 3.587635 3.587635 3.658050 3.658050 3.658050 3.664875 3.664875 3.651278 3.651278 3.635195 3.635195 3.626585 3.626585 3.625627 3.625627 3.625627 3.627500
2.910143 2.910143 2.946641 2.957007 2.980244 2.980244 2.997218 3.022353 3.022353 3.041815 3.041815 3.058432 3.066033 3.073262 3.082895 3.082895 3.267524 3.362580 3.449287 3.526336 3.593705 3.651773 3.701014 3.741884 3.774795 3.800097 3.818108 3.829124 3.833021 3.826232 3.826232 3.800103 3.717978 3.319146 3.176263 3.176263 3.183456 3.183456 3.301362 3.301362 3.360561 3.467310 3.467310 3.557659 3.557659 3.649572 3.649572 3.649572 3.674128 3.674128 3.672849 3.672849 3.659016 3.659016 3.643958 3.643958 3.632378 3.632378 3.632378 3.623393
2.909436 2.909436 2.944220 2.957172 2.980884 2.980884 2.997505 3.022182 3.022182 3.041511 3.041511 3.058041 3.065596 3.072782 3.083368 3.083368 3.320374 3.425369 3.517282 3.596930 3.665507 3.724125 3.773707 3.814979 3.848501 3.874694 3.893873 3.906165 3.909885 3.890628 3.890628 3.805102 3.591131 3.048802 2.982932 2.982932 3.102664 3.102664 3.246435 3.246435 3.310974 3.425650 3.425650 3.523289 3.523289 3.630664 3.630664 3.630664 3.669374 3.669374 3.680278 3.680278 3.671506 3.671506 3.653064 3.653064 3.632271 3.632271 3.632271 3.612564
2.910165 2.910165 2.939295 2.956931 2.981450 2.981450 2.997622 3.021839 3.021839 3.041180 3.041180 3.057797 3.065393 3.072616 3.084587 3.084587 3.394767 3.509272 3.604538 3.684385 3.751636 3.808328 3.855932 3.895488 3.927735 3.953175 3.972144 3.984321 3.982299 3.913599 3.913599 3.681678 3.305198 2.831448 2.860526 2.860526 3.036366 3.036366 3.189402 3.189402 3.256549 3.376546 3.376546 3.479535 3.479535 3.597781 3.597781 3.597781 3.647019 3.647019 3.668291 3.668291 3.665509 3.665509 3.646080 3.646080 3.618033 3.618033 3.618033 3.588655
