cruce_test.gid/Rasters/Hydraulic/Velocity____193.0.asc
NCOLS        79
NROWS        79
XLLCENTER         -1.500000
YLLCENTER         -4.800000
CELLSIZE           0.100
NODATA_VALUE     -9999.0
[rows 0 to 26 of 79, columns 0 to 59 of 79]
-9999.000 -9999.000 -9999.000 -9999.000 -9999.000 -9999.000 -9999.000 -9999.000 -9999.000 -9999.000 -9999.000 -9999.000 -9999.000 -9999.000 -9999.000 0.9119865E-01 0.8794627E-01 0.8637603E-01 0.8568474E-01 0.8636100E-01 0.8773113E-01 0.8916514E-01 0.9040390E-01 0.9135348E-01 0.9191733E-01 0.9222753E-01 0.9236429E-01 0.9250833E-01 0.9321608E-01 0.9413625E-01 0.9413625E-01 -9999.000 -9999.000 -9999.000 -9999.000 -9999.000 -9999.000 -9999.000 -9999.000 -9999.000 -9999.000 -9999.000 -9999.000 -9999.000 -9999.000 -9999.000 -9999.000 -9999.000 -9999.000 -9999.000 -9999.000 -9999.000 -9999.000 -9999.000 -9999.000 -9999.000 -9999.000 -9999.000 -9999.000 -9999.000
-9999.000 -9999.000 -9999.000 -9999.000 -9999.000 -9999.000 -9999.000 -9999.000 -9999.000 -9999.000 -9999.000 -9999.000 -9999.000 -9999.000 -9999.000 0.9224345E-01 0.8535247E-01 0.8213180E-01 0.8077949E-01 0.8216721E-01 0.8490460E-01 0.8778282E-01 0.9033669E-01 0.9239873E-01 0.9375020E-01 0.9462997E-01 0.9518494E-01 0.9579138E-01 0.9765667E-01 0.1002241 0.1002241 -9999.000 -9999.000 -9999.000 -9999.000 -9999.000 -9999.000 -9999.000 -9999.000 -9999.000 -9999.000 -9999.000 -9999.000 -9999.000 -9999.000 -9999.000 -9999.000 -9999.000 -9999.000 -9999.000 -9999.000 -9999.000 -9999.000 -9999.000 -9999.000 -9999.000 -9999.000 -9999.000 -9999.000 -9999.000
-9999.000 -9999.000 -9999.000 -9999.000 -9999.000 -9999.000 -9999.000 -9999.000 -9999.000 -9999.000 -9999.000 -9999.000 -9999.000 -9999.000 -9999.000 0.9245450E-01 0.8155325E-01 0.7637648E-01 0.7419316E-01 0.7633824E-01 0.8060514E-01 0.8514071E-01 0.8927583E-01 0.9278229E-01 0.9530663E-01 0.9719694E-01 0.9864251E-01 0.1001969 0.1037508 0.1087625 0.1087625 -9999.000 -9999.000 -9999.000 -9999.000 -9999.000 -9999.000 -9999.000 -9999.000 -9999.000 -9999.000 -9999.000 -9999.000 -9999.000 -9999.000 -9999.000 -9999.000 -9999.000 -9999.000 -9999.000 -9999.000 -9999.000 -9999.000 -9999.000 -9999.000 -9999.000 -9999.000 -9999.000 -9999.000 -9999.000
-9999.000 -9999.000 -9999.000 -9999.000 -9999.000 -9999.000 -9999.000 -9999.000 -9999.000 -9999.000 -9999.000 -9999.000 -9999.000 -9999.000 -9999.000 0.9224612E-01 0.7730049E-01 0.7013891E-01 0.6712589E-01 0.7005521E-01 0.7587158E-01 0.8208364E-01 0.8784375E-01 0.9287849E-01 0.9669463E-01 0.9974641E-01 0.1022490 0.1049199 0.1103487 0.1183039 0.1183039 -9999.000 -9999.000 -9999.000 -9999.000 -9999.000 -9999.000 -9999.000 -9999.000 -9999.000 -9999.000 -9999.000 -9999.000 -9999.000 -9999.000 -9999.000 -9999.000 -9999.000 -9999.000 -9999.000 -9999.000 -9999.000 -9999.000 -9999.000 -9999.000 -9999.000 -9999.000 -9999.000 -9999.000 -9999.000
-9999.000 -9999.000 -9999.000 -9999.000 -9999.000 -9999.000 -9999.000 -9999.000 -9999.000 -9999.000 -9999.000 -9999.000 -9999.000 -9999.000 -9999.000 0.9184210E-01 0.7276764E-01 0.6359009E-01 0.5976982E-01 0.6353631E-01 0.7092899E-01 0.7882829E-01 0.8623681E-01 0.9284784E-01 0.9802066E-01 0.1023187 0.1059708 0.1098577 0.1173000 0.1287028 0.1287028 -9999.000 -9999.000 -9999.000 -9999.000 -9999.000 -9999.000 -9999.000 -9999.000 -9999.000 -9999.000 -9999.000 -9999.000 -9999.000 -9999.000 -9999.000 -9999.000 -9999.000 -9999.000 -9999.000 -9999.000 -9999.000 -9999.000 -9999.000 -9999.000 -9999.000 -9999.000 -9999.000 -9999.000 -9999.000
-9999.000 -9999.000 -9999.000 -9999.000 -9999.000 -9999.000 -9999.000 -9999.000 -9999.000 -9999.000 -9999.000 -9999.000 -9999.000 -9999.000 -9999.000 0.9131930E-01 0.6801903E-01 0.5680610E-01 0.5224165E-01 0.5692968E-01 0.6592187E-01 0.7550437E-01 0.8456601E-01 0.9278025E-01 0.9934605E-01 0.1049427 0.1098018 0.1149719 0.1245505 0.1399661 0.1399661 -9999.000 -9999.000 -9999.000 -9999.000 -9999.000 -9999.000 -9999.000 -9999.000 -9999.000 -9999.000 -9999.000 -9999.000 -9999.000 -9999.000 -9999.000 -9999.000 -9999.000 -9999.000 -9999.000 -9999.000 -9999.000 -9999.000 -9999.000 -9999.000 -9999.000 -9999.000 -9999.000 -9999.000 -9999.000
-9999.000 -9999.000 -9999.000 -9999.000 -9999.000 -9999.000 -9999.000 -9999.000 -9999.000 -9999.000 -9999.000 -9999.000 -9999.000 -9999.000 -9999.000 0.9069072E-01 0.6306911E-01 0.4982037E-01 0.4464030E-01 0.5036731E-01 0.6095883E-01 0.7219373E-01 0.8289535E-01 0.9272458E-01 0.1007030 0.1076340 0.1137408 0.1202474 0.1320868 0.1521856 0.1521856 -9999.000 -9999.000 -9999.000 -9999.000 -9999.000 -9999.000 -9999.000 -9999.000 -9999.000 -9999.000 -9999.000 -9999.000 -9999.000 -9999.000 -9999.000 -9999.000 -9999.000 -9999.000 -9999.000 -9999.000 -9999.000 -9999.000 -9999.000 -9999.000 -9999.000 -9999.000 -9999.000 -9999.000 -9999.000
-9999.000 -9999.000 -9999.000 -9999.000 -9999.000 -9999.000 -9999.000 -9999.000 -9999.000 -9999.000 -9999.000 -9999.000 -9999.000 -9999.000 -9999.000 0.8993841E-01 0.5790908E-01 0.4265473E-01 0.3710692E-01 0.4402066E-01 0.5614934E-01 0.6896203E-01 0.8126719E-01 0.9271054E-01 0.1021094 0.1104015 0.1177876 0.1256782 0.1399133 0.1655136 0.1655136 -9999.000 -9999.000 -9999.000 -9999.000 -9999.000 -9999.000 -9999.000 -9999.000 -9999.000 -9999.000 -9999.000 -9999.000 -9999.000 -9999.000 -9999.000 -9999.000 -9999.000 -9999.000 -9999.000 -9999.000 -9999.000 -9999.000 -9999.000 -9999.000 -9999.000 -9999.000 -9999.000 -9999.000 -9999.000
-9999.000 -9999.000 -9999.000 -9999.000 -9999.000 -9999.000 -9999.000 -9999.000 -9999.000 -9999.000 -9999.000 -9999.000 -9999.000 -9999.000 -9999.000 0.8902697E-01 0.5251788E-01 0.3534419E-01 0.2992283E-01 0.3816516E-01 0.5163159E-01 0.6587692E-01 0.7971875E-01 0.9276100E-01 0.1035779 0.1132509 0.1219416 0.1312618 0.1480434 0.1801600 0.1801600 -9999.000 -9999.000 -9999.000 -9999.000 -9999.000 -9999.000 -9999.000 -9999.000 -9999.000 -9999.000 -9999.000 -9999.000 -9999.000 -9999.000 -9999.000 -9999.000 -9999.000 -9999.000 -9999.000 -9999.000 -9999.000 -9999.000 -9999.000 -9999.000 -9999.000 -9999.000 -9999.000 -9999.000 -9999.000
-9999.000 -9999.000 -9999.000 -9999.000 -9999.000 -9999.000 -9999.000 -9999.000 -9999.000 -9999.000 -9999.000 -9999.000 -9999.000 -9999.000 -9999.000 0.8790815E-01 0.4686696E-01 0.2797958E-01 0.2373224E-01 0.3326953E-01 0.4759850E-01 0.6302147E-01 0.7829155E-01 0.9289987E-01 0.1051204 0.1161883 0.1262038 0.1369976 0.1564950 0.1964031 0.1964031 -9999.000 -9999.000 -9999.000 -9999.000 -9999.000 -9999.000 -9999.000 -9999.000 -9999.000 -9999.000 -9999.000 -9999.000 -9999.000 -9999.000 -9999.000 -9999.000 -9999.000 -9999.000 -9999.000 -9999.000 -9999.000 -9999.000 -9999.000 -9999.000 -9999.000 -9999.000 -9999.000 -9999.000 -9999.000
-9999.000 -9999.000 -9999.000 -9999.000 -9999.000 -9999.000 -9999.000 -9999.000 -9999.000 -9999.000 -9999.000 -9999.000 -9999.000 -9999.000 -9999.000 0.8652050E-01 0.4092298E-01 0.2083201E-01 0.1995145E-01 0.3007714E-01 0.4432027E-01 0.6050542E-01 0.7703914E-01 0.9315838E-01 0.1067535 0.1192225 0.1305756 0.1428850 0.1652894 0.2146119 0.2146119 -9999.000 -9999.000 -9999.000 -9999.000 -9999.000 -9999.000 -9999.000 -9999.000 -9999.000 -9999.000 -9999.000 -9999.000 -9999.000 -9999.000 -9999.000 -9999.000 -9999.000 -9999.000 -9999.000 -9999.000 -9999.000 -9999.000 -9999.000 -9999.000 -9999.000 -9999.000 -9999.000 -9999.000 -9999.000
-9999.000 -9999.000 -9999.000 -9999.000 -9999.000 -9999.000 -9999.000 -9999.000 -9999.000 -9999.000 -9999.000 -9999.000 -9999.000 -9999.000 -9999.000 0.8478431E-01 0.3465036E-01 0.1482124E-01 0.2054471E-01 0.2950129E-01 0.4216840E-01 0.5848774E-01 0.7604408E-01 0.9358611E-01 0.1085067 0.1223711 0.1350646 0.1489273 0.1744518 0.2352843 0.2352843 -9999.000 -9999.000 -9999.000 -9999.000 -9999.000 -9999.000 -9999.000 -9999.000 -9999.000 -9999.000 -9999.000 -9999.000 -9999.000 -9999.000 -9999.000 -9999.000 -9999.000 -9999.000 -9999.000 -9999.000 -9999.000 -9999.000 -9999.000 -9999.000 -9999.000 -9999.000 -9999.000 -9999.000 -9999.000
-9999.000 -9999.000 -9999.000 -9999.000 -9999.000 -9999.000 -9999.000 -9999.000 -9999.000 -9999.000 -9999.000 -9999.000 -9999.000 -9999.000 -9999.000 0.8254801E-01 0.2800896E-01 0.1295806E-01 0.2602262E-01 0.3238726E-01 0.4182648E-01 0.5736807E-01 0.7555606E-01 0.9434959E-01 0.1104927 0.1257111 0.1397189 0.1551535 0.1840253 0.2591153 0.2591153 -9999.000 -9999.000 -9999.000 -9999.000 -9999.000 -9999.000 -9999.000 -9999.000 -9999.000 -9999.000 -9999.000 -9999.000 -9999.000 -9999.000 -9999.000 -9999.000 -9999.000 -9999.000 -9999.000 -9999.000 -9999.000 -9999.000 -9999.000 -9999.000 -9999.000 -9999.000 -9999.000 -9999.000 -9999.000
-9999.000 -9999.000 -9999.000 -9999.000 -9999.000 -9999.000 -9999.000 -9999.000 -9999.000 -9999.000 -9999.000 -9999.000 -9999.000 -9999.000 -9999.000 0.7811685E-01 0.2172582E-01 0.2472885E-01 0.4148366E-01 0.4563575E-01 0.5045231E-01 0.6266551E-01 0.7947666E-01 0.9816269E-01 0.1146241 0.1305774 0.1454516 0.1621691 0.1944150 0.2873493 0.2873493 -9999.000 -9999.000 -9999.000 -9999.000 -9999.000 -9999.000 -9999.000 -9999.000 -9999.000 -9999.000 -9999.000 -9999.000 -9999.000 -9999.000 -9999.000 -9999.000 -9999.000 -9999.000 -9999.000 -9999.000 -9999.000 -9999.000 -9999.000 -9999.000 -9999.000 -9999.000 -9999.000 -9999.000 -9999.000
-9999.000 -9999.000 -9999.000 -9999.000 -9999.000 -9999.000 -9999.000 -9999.000 -9999.000 -9999.000 -9999.000 -9999.000 -9999.000 -9999.000 -9999.000 0.1193385 0.1855953 0.2231666 0.2195228 0.1880815 0.1599501 0.1409012 0.1311028 0.1306306 0.1350997 0.1441702 0.1554296 0.1709524 0.2055738 0.3194954 0.3194954 -9999.000 -9999.000 -9999.000 -9999.000 -9999.000 -9999.000 -9999.000 -9999.000 -9999.000 -9999.000 -9999.000 -9999.000 -9999.000 -9999.000 -9999.000 -9999.000 -9999.000 -9999.000 -9999.000 -9999.000 -9999.000 -9999.000 -9999.000 -9999.000 -9999.000 -9999.000 -9999.000 -9999.000 -9999.000
2.890795 2.890795 2.866919 2.930341 2.935853 2.935853 2.938145 2.938423 2.938423 2.935199 2.935199 2.929633 2.926204 2.922435 2.918399 2.918399 3.076003 3.080492 3.081167 3.080134 3.056487 3.007450 2.935036 2.839555 2.718131 2.577829 2.419706 2.251006 2.093783 2.019647 2.019647 2.804683 2.977608 3.087549 3.117064 3.117064 3.161316 3.161316 3.166354 3.166354 3.138243 2.998205 2.998205 2.726881 2.726881 2.268105 2.268105 2.268105 2.212293 2.212293 2.224421 2.224421 2.264897 2.264897 2.312714 2.312714 2.358272 2.358272 2.358272 2.396684
2.914765 2.914765 2.894487 2.981573 2.999057 2.999057 3.013044 3.036353 3.036353 3.055918 3.055918 3.072961 3.080769 3.088190 3.095292 3.095292 3.207623 3.226962 3.242012 3.255520 3.263313 3.264660 3.258495 3.242475 3.212741 3.168255 3.106652 3.027601 2.935953 2.854624 2.854624 3.250290 3.401583 3.553499 3.596738 3.596738 3.650560 3.650560 3.664791 3.664791 3.652663 3.576484 3.576484 3.418134 3.418134 3.097107 3.097107 3.097107 3.033597 3.033597 3.047002 3.047002 3.089962 3.089962 3.140430 3.140430 3.188865 3.188865 3.188865 3.231202
2.920186 2.920186 2.896378 2.981505 2.999388 2.999388 3.013777 3.037709 3.037709 3.057887 3.057887 3.075644 3.083851 3.091694 3.099248 3.099248 3.196428 3.228363 3.255619 3.279880 3.299737 3.314902 3.325453 3.330957 3.329799 3.321144 3.303239 3.274716 3.236973 3.203071 3.203071 3.418803 3.560731 3.732099 3.784656 3.784656 3.844842 3.844842 3.847809 3.847809 3.827154 3.742504 3.742504 3.618908 3.618908 3.374666 3.374666 3.374666 3.301789 3.301789 3.301036 3.301036 3.334374 3.334374 3.378453 3.378453 3.422440 3.422440 3.422440 3.461564
2.923755 2.923755 2.899109 2.981057 2.999054 2.999054 3.013655 3.037745 3.037745 3.057927 3.057927 3.075683 3.083895 3.091748 3.099321 3.099321 3.186318 3.228310 3.266762 3.301339 3.330893 3.354968 3.373682 3.387240 3.395350 3.398067 3.395041 3.385846 3.371403 3.359698 3.359698 3.489909 3.612628 3.787249 3.844243 3.844243 3.901517 3.901517 3.880960 3.880960 3.846451 3.757276 3.757276 3.671716 3.671716 3.501885 3.501885 3.501885 3.427598 3.427598 3.412319 3.412319 3.434480 3.434480 3.472073 3.472073 3.512275 3.512275 3.512275 3.548828
2.925529 2.925529 2.902781 2.980581 2.998688 2.998688 3.013504 3.037759 3.037759 3.057934 3.057934 3.075673 3.083882 3.091733 3.099316 3.099316 3.181237 3.231538 3.279913 3.324082 3.362667 3.395015 3.421052 3.440988 3.454929 3.463219 3.466162 3.464089 3.458146 3.453899 3.453899 3.534628 3.634476 3.797706 3.850619 3.850619 3.883264 3.883264 3.826649 3.826649 3.782564 3.710999 3.710999 3.671013 3.671013 3.573683 3.573683 3.573683 3.507680 3.507680 3.480584 3.480584 3.489527 3.489527 3.518300 3.518300 3.553127 3.553127 3.553127 3.586046
2.924814 2.924814 2.907053 2.979980 2.998229 2.998229 3.013239 3.037661 3.037661 3.057875 3.057875 3.075634 3.083850 3.091706 3.099312 3.099312 3.182175 3.239997 3.297093 3.349853 3.396579 3.436488 3.469372 3.495349 3.514601 3.527492 3.534473 3.536119 3.533607 3.530971 3.530971 3.579535 3.655004 3.790383 3.825814 3.825814 3.804179 3.804179 3.714683 3.714683 3.677045 3.646888 3.646888 3.651336 3.651336 3.616636 3.616636 3.616636 3.567250 3.567250 3.534629 3.534629 3.530885 3.530885 3.548752 3.548752 3.575989 3.575989 3.575989 3.603487
2.921977 2.921977 2.912064 2.979683 2.998072 2.998072 3.013242 3.037767 3.037767 3.057942 3.057942 3.075661 3.083865 3.091716 3.099344 3.099344 3.189925 3.255227 3.320130 3.380382 3.434141 3.480614 3.519554 3.551027 3.575222 3.592451 3.603136 3.607844 3.607571 3.605096 3.605096 3.632055 3.683141 3.768273 3.765283 3.765283 3.667643 3.667643 3.578346 3.578346 3.565577 3.585976 3.585976 3.625849 3.625849 3.640236 3.640236 3.640236 3.612130 3.612130 3.581616 3.581616 3.568586 3.568586 3.574920 3.574920 3.592631 3.592631 3.592631 3.612769
2.921733 2.921733 2.913387 2.979537 2.997981 2.997981 3.013206 3.037776 3.037776 3.057950 3.057950 3.075664 3.083869 3.091719 3.099384 3.099384 3.205464 3.278764 3.350840 3.417501 3.477062 3.528875 3.572778 3.608865 3.637334 3.658464 3.672612 3.680243 3.682088 3.679713 3.679713 3.691613 3.717469 3.714830 3.648184 3.648184 3.492208 3.492208 3.453763 3.453763 3.472353 3.534840 3.534840 3.598908 3.598908 3.649526 3.649526 3.649526 3.643409 3.643409 3.621435 3.621435 3.604029 3.604029 3.600068 3.600068 3.607147 3.607147 3.607147 3.618188
2.921963 2.921963 2.912091 2.979679 2.998068 2.998068 3.013240 3.037768 3.037768 3.057943 3.057943 3.075660 3.083865 3.091716 3.099435 3.099435 3.230307 3.312454 3.391226 3.463212 3.527225 3.582962 3.630474 3.669973 3.701717 3.725988 3.743092 3.753382 3.757249 3.754701 3.754701 3.753576 3.747024 3.596726 3.460506 3.460506 3.318274 3.318274 3.357257 3.357257 3.400576 3.490350 3.490350 3.570102 3.570102 3.647209 3.647209 3.647209 3.661153 3.661153 3.651594 3.651594 3.634991 3.634991 3.623457 3.623457 3.619902 3.619902 3.619902 3.620627
2.924515 2.924515 2.907320 2.979995 2.998219 2.998219 3.013221 3.037655 3.037655 3.057879 3.057879 3.075637 3.083852 3.091707 3.099505 3.099505 3.266778 3.358678 3.443644 3.519745 3.586688 3.644718 3.694237 3.735666 3.769382 3.795709 3.814937 3.827318 3.832693 3.827869 3.827869 3.807148 3.743079 3.389855 3.228636 3.228636 3.184459 3.184459 3.288442 3.288442 3.345468 3.450233 3.450233 3.540111 3.540111 3.636286 3.636286 3.636286 3.666865 3.666865 3.670762 3.670762 3.658941 3.658941 3.643202 3.643202 3.630057 3.630057 3.630057 3.619946
2.925517 2.925517 2.902810 2.980574 2.998684 2.998684 3.013504 3.037759 3.037759 3.057934 3.057934 3.075673 3.083882 3.091733 3.099636 3.099636 3.318534 3.420784 3.511072 3.589726 3.657743 3.716136 3.765780 3.807379 3.841476 3.868483 3.888700 3.902247 3.907547 3.891895 3.891895 3.822757 3.646683 3.124368 3.019070 3.019070 3.096773 3.096773 3.233763 3.233763 3.296847 3.409700 3.409700 3.506530 3.506530 3.616381 3.616381 3.616381 3.659878 3.659878 3.676181 3.676181 3.671260 3.671260 3.654449 3.654449 3.633587 3.633587 3.633587 3.613076
2.923757 2.923757 2.899114 2.981051 2.999053 2.999053 3.013658 3.037745 3.037745 3.057926 3.057926 3.075682 3.083895 3.091747 3.099808 3.099808 3.391385 3.503631 3.597475 3.676378 3.743021 3.799382 3.846898 3.886603 3.919229 3.945280 3.965088 3.978407 3.978369 3.918482 3.918482 3.725997 3.397907 2.884159 2.881518 2.881518 3.031169 3.031169 3.179508 3.179508 3.245078 3.362887 3.362887 3.464667 3.464667 3.584030 3.584030 3.584030 3.636925 3.636925 3.663310 3.663310 3.665504 3.665504 3.649735 3.649735 3.623299 3.623299 3.623299 3.593654
