cruce_test.gid/Rasters/Hydraulic/Velocity__x_151.0.asc
NCOLS        79
NROWS        79
XLLCENTER         -1.500000
YLLCENTER         -4.800000
CELLSIZE           0.100
NODATA_VALUE     -9999.0
[rows 0 to 25 of 79, columns 0 to 57 of 79]
-9999.000 -9999.000 -9999.000 -9999.000 -9999.000 -9999.000 -9999.000 -9999.000 -9999.000 -9999.000 -9999.000 -9999.000 -9999.000 -9999.000 -9999.000 0.5478742E-03 0.2053512E-02 0.4530699E-02 0.6942261E-02 0.9086653E-02 0.1084255E-01 0.1215058E-01 0.1298728E-01 0.1336230E-01 0.1331516E-01 0.1288924E-01 0.1206764E-01 0.1062805E-01 0.7713616E-02 0.3779921E-02 0.3779921E-02 -9999.000 -9999.000 -9999.000 -9999.000 -9999.000 -9999.000 -9999.000 -9999.000 -9999.000 -9999.000 -9999.000 -9999.000 -9999.000 -9999.000 -9999.000 -9999.000 -9999.000 -9999.000 -9999.000 -9999.000 -9999.000 -9999.000 -9999.000 -9999.000 -9999.000 -9999.000 -9999.000
-9999.000 -9999.000 -9999.000 -9999.000 -9999.000 -9999.000 -9999.000 -9999.000 -9999.000 -9999.000 -9999.000 -9999.000 -9999.000 -9999.000 -9999.000 0.1529721E-02 0.4066667E-02 0.7594035E-02 0.1099355E-01 0.1402017E-01 0.1650582E-01 0.1834792E-01 0.1948726E-01 0.1990434E-01 0.1961570E-01 0.1864758E-01 0.1697717E-01 0.1440571E-01 0.1019202E-01 0.5004246E-02 0.5004246E-02 -9999.000 -9999.000 -9999.000 -9999.000 -9999.000 -9999.000 -9999.000 -9999.000 -9999.000 -9999.000 -9999.000 -9999.000 -9999.000 -9999.000 -9999.000 -9999.000 -9999.000 -9999.000 -9999.000 -9999.000 -9999.000 -9999.000 -9999.000 -9999.000 -9999.000 -9999.000 -9999.000
-9999.000 -9999.000 -9999.000 -9999.000 -9999.000 -9999.000 -9999.000 -9999.000 -9999.000 -9999.000 -9999.000 -9999.000 -9999.000 -9999.000 -9999.000 0.2112738E-02 0.5295294E-02 0.9517892E-02 0.1355297E-01 0.1712936E-01 0.2005462E-01 0.2220687E-01 0.2351156E-01 0.2393966E-01 0.2350444E-01 0.2223543E-01 0.2011775E-01 0.1695943E-01 0.1200292E-01 0.5935591E-02 0.5935591E-02 -9999.000 -9999.000 -9999.000 -9999.000 -9999.000 -9999.000 -9999.000 -9999.000 -9999.000 -9999.000 -9999.000 -9999.000 -9999.000 -9999.000 -9999.000 -9999.000 -9999.000 -9999.000 -9999.000 -9999.000 -9999.000 -9999.000 -9999.000 -9999.000 -9999.000 -9999.000 -9999.000
-9999.000 -9999.000 -9999.000 -9999.000 -9999.000 -9999.000 -9999.000 -9999.000 -9999.000 -9999.000 -9999.000 -9999.000 -9999.000 -9999.000 -9999.000 0.2511773E-02 0.6135757E-02 0.1083376E-01 0.1530611E-01 0.1926286E-01 0.2249535E-01 0.2486922E-01 0.2630183E-01 0.2675908E-01 0.2625428E-01 0.2482004E-01 0.2244463E-01 0.1893039E-01 0.1347774E-01 0.6723672E-02 0.6723672E-02 -9999.000 -9999.000 -9999.000 -9999.000 -9999.000 -9999.000 -9999.000 -9999.000 -9999.000 -9999.000 -9999.000 -9999.000 -9999.000 -9999.000 -9999.000 -9999.000 -9999.000 -9999.000 -9999.000 -9999.000 -9999.000 -9999.000 -9999.000 -9999.000 -9999.000 -9999.000 -9999.000
-9999.000 -9999.000 -9999.000 -9999.000 -9999.000 -9999.000 -9999.000 -9999.000 -9999.000 -9999.000 -9999.000 -9999.000 -9999.000 -9999.000 -9999.000 0.2824869E-02 0.6791548E-02 0.1185541E-01 0.1666737E-01 0.2092394E-01 0.2440364E-01 0.2696341E-01 0.2851483E-01 0.2902093E-01 0.2849507E-01 0.2697248E-01 0.2444042E-01 0.2068909E-01 0.1486026E-01 0.7487283E-02 0.7487283E-02 -9999.000 -9999.000 -9999.000 -9999.000 -9999.000 -9999.000 -9999.000 -9999.000 -9999.000 -9999.000 -9999.000 -9999.000 -9999.000 -9999.000 -9999.000 -9999.000 -9999.000 -9999.000 -9999.000 -9999.000 -9999.000 -9999.000 -9999.000 -9999.000 -9999.000 -9999.000 -9999.000
-9999.000 -9999.000 -9999.000 -9999.000 -9999.000 -9999.000 -9999.000 -9999.000 -9999.000 -9999.000 -9999.000 -9999.000 -9999.000 -9999.000 -9999.000 0.3105565E-02 0.7375216E-02 0.1275780E-01 0.1786769E-01 0.2239107E-01 0.2609526E-01 0.2883058E-01 0.3050443E-01 0.3107730E-01 0.3056354E-01 0.2899952E-01 0.2637037E-01 0.2244802E-01 0.1630007E-01 0.8303537E-02 0.8303537E-02 -9999.000 -9999.000 -9999.000 -9999.000 -9999.000 -9999.000 -9999.000 -9999.000 -9999.000 -9999.000 -9999.000 -9999.000 -9999.000 -9999.000 -9999.000 -9999.000 -9999.000 -9999.000 -9999.000 -9999.000 -9999.000 -9999.000 -9999.000 -9999.000 -9999.000 -9999.000 -9999.000
-9999.000 -9999.000 -9999.000 -9999.000 -9999.000 -9999.000 -9999.000 -9999.000 -9999.000 -9999.000 -9999.000 -9999.000 -9999.000 -9999.000 -9999.000 0.3383060E-02 0.7948129E-02 0.1363731E-01 0.1903499E-01 0.2381851E-01 0.2774558E-01 0.3066061E-01 0.3246774E-01 0.3312587E-01 0.3265068E-01 0.3108031E-01 0.2839506E-01 0.2434370E-01 0.1790239E-01 0.9230702E-02 0.9230702E-02 -9999.000 -9999.000 -9999.000 -9999.000 -9999.000 -9999.000 -9999.000 -9999.000 -9999.000 -9999.000 -9999.000 -9999.000 -9999.000 -9999.000 -9999.000 -9999.000 -9999.000 -9999.000 -9999.000 -9999.000 -9999.000 -9999.000 -9999.000 -9999.000 -9999.000 -9999.000 -9999.000
-9999.000 -9999.000 -9999.000 -9999.000 -9999.000 -9999.000 -9999.000 -9999.000 -9999.000 -9999.000 -9999.000 -9999.000 -9999.000 -9999.000 -9999.000 0.3674646E-02 0.8546527E-02 0.1455042E-01 0.2024420E-01 0.2529783E-01 0.2945914E-01 0.3256796E-01 0.3452620E-01 0.3529155E-01 0.3488169E-01 0.3333647E-01 0.3063041E-01 0.2648341E-01 0.1976016E-01 0.1032425E-01 0.1032425E-01 -9999.000 -9999.000 -9999.000 -9999.000 -9999.000 -9999.000 -9999.000 -9999.000 -9999.000 -9999.000 -9999.000 -9999.000 -9999.000 -9999.000 -9999.000 -9999.000 -9999.000 -9999.000 -9999.000 -9999.000 -9999.000 -9999.000 -9999.000 -9999.000 -9999.000 -9999.000 -9999.000
-9999.000 -9999.000 -9999.000 -9999.000 -9999.000 -9999.000 -9999.000 -9999.000 -9999.000 -9999.000 -9999.000 -9999.000 -9999.000 -9999.000 -9999.000 0.3991279E-02 0.9194070E-02 0.1553485E-01 0.2154565E-01 0.2689053E-01 0.3130791E-01 0.3463358E-01 0.3676787E-01 0.3766804E-01 0.3735478E-01 0.3587033E-01 0.3318187E-01 0.2897388E-01 0.2197606E-01 0.1164926E-01 0.1164926E-01 -9999.000 -9999.000 -9999.000 -9999.000 -9999.000 -9999.000 -9999.000 -9999.000 -9999.000 -9999.000 -9999.000 -9999.000 -9999.000 -9999.000 -9999.000 -9999.000 -9999.000 -9999.000 -9999.000 -9999.000 -9999.000 -9999.000 -9999.000 -9999.000 -9999.000 -9999.000 -9999.000
-9999.000 -9999.000 -9999.000 -9999.000 -9999.000 -9999.000 -9999.000 -9999.000 -9999.000 -9999.000 -9999.000 -9999.000 -9999.000 -9999.000 -9999.000 0.4341761E-02 0.9909688E-02 0.1662097E-01 0.2298133E-01 0.2864953E-01 0.3335485E-01 0.3692993E-01 0.3927446E-01 0.4034594E-01 0.4016950E-01 0.3879074E-01 0.3616780E-01 0.3194275E-01 0.2468093E-01 0.1329123E-01 0.1329123E-01 -9999.000 -9999.000 -9999.000 -9999.000 -9999.000 -9999.000 -9999.000 -9999.000 -9999.000 -9999.000 -9999.000 -9999.000 -9999.000 -9999.000 -9999.000 -9999.000 -9999.000 -9999.000 -9999.000 -9999.000 -9999.000 -9999.000 -9999.000 -9999.000 -9999.000 -9999.000 -9999.000
-9999.000 -9999.000 -9999.000 -9999.000 -9999.000 -9999.000 -9999.000 -9999.000 -9999.000 -9999.000 -9999.000 -9999.000 -9999.000 -9999.000 -9999.000 0.4735047E-02 0.1071313E-01 0.1784162E-01 0.2459678E-01 0.3063258E-01 0.3566971E-01 0.3953864E-01 0.4213966E-01 0.4343177E-01 0.4344676E-01 0.4223450E-01 0.3974287E-01 0.3556252E-01 0.2805831E-01 0.1537244E-01 0.1537244E-01 -9999.000 -9999.000 -9999.000 -9999.000 -9999.000 -9999.000 -9999.000 -9999.000 -9999.000 -9999.000 -9999.000 -9999.000 -9999.000 -9999.000 -9999.000 -9999.000 -9999.000 -9999.000 -9999.000 -9999.000 -9999.000 -9999.000 -9999.000 -9999.000 -9999.000 -9999.000 -9999.000
-9999.000 -9999.000 -9999.000 -9999.000 -9999.000 -9999.000 -9999.000 -9999.000 -9999.000 -9999.000 -9999.000 -9999.000 -9999.000 -9999.000 -9999.000 0.5182489E-02 0.1162976E-01 0.1923848E-01 0.2645005E-01 0.3291450E-01 0.3834368E-01 0.4256800E-01 0.4549007E-01 0.4707187E-01 0.4735460E-01 0.4639456E-01 0.4412830E-01 0.4008385E-01 0.3238085E-01 0.1807610E-01 0.1807610E-01 -9999.000 -9999.000 -9999.000 -9999.000 -9999.000 -9999.000 -9999.000 -9999.000 -9999.000 -9999.000 -9999.000 -9999.000 -9999.000 -9999.000 -9999.000 -9999.000 -9999.000 -9999.000 -9999.000 -9999.000 -9999.000 -9999.000 -9999.000 -9999.000 -9999.000 -9999.000 -9999.000
-9999.000 -9999.000 -9999.000 -9999.000 -9999.000 -9999.000 -9999.000 -9999.000 -9999.000 -9999.000 -9999.000 -9999.000 -9999.000 -9999.000 -9999.000 0.5701378E-02 0.1269708E-01 0.2087335E-01 0.2862726E-01 0.3560523E-01 0.4151136E-01 0.4617812E-01 0.4951271E-01 0.5148315E-01 0.5214411E-01 0.5156172E-01 0.4966034E-01 0.4589282E-01 0.3807458E-01 0.2169037E-01 0.2169037E-01 -9999.000 -9999.000 -9999.000 -9999.000 -9999.000 -9999.000 -9999.000 -9999.000 -9999.000 -9999.000 -9999.000 -9999.000 -9999.000 -9999.000 -9999.000 -9999.000 -9999.000 -9999.000 -9999.000 -9999.000 -9999.000 -9999.000 -9999.000 -9999.000 -9999.000 -9999.000 -9999.000
-9999.000 -9999.000 -9999.000 -9999.000 -9999.000 -9999.000 -9999.000 -9999.000 -9999.000 -9999.000 -9999.000 -9999.000 -9999.000 -9999.000 -9999.000 0.6377111E-02 0.1407965E-01 0.2298613E-01 0.3142537E-01 0.3904275E-01 0.4553963E-01 0.5075932E-01 0.5462208E-01 0.5710929E-01 0.5829780E-01 0.5827044E-01 0.5693971E-01 0.5366709E-01 0.4588696E-01 0.2673920E-01 0.2673920E-01 -9999.000 -9999.000 -9999.000 -9999.000 -9999.000 -9999.000 -9999.000 -9999.000 -9999.000 -9999.000 -9999.000 -9999.000 -9999.000 -9999.000 -9999.000 -9999.000 -9999.000 -9999.000 -9999.000 -9999.000 -9999.000 -9999.000 -9999.000 -9999.000 -9999.000 -9999.000 -9999.000
-9999.000 -9999.000 -9999.000 -9999.000 -9999.000 -9999.000 -9999.000 -9999.000 -9999.000 -9999.000 -9999.000 -9999.000 -9999.000 -9999.000 -9999.000 0.2087449E-01 0.3425412E-01 0.4708432E-01 0.5660388E-01 0.6331755E-01 0.6767469E-01 0.7014236E-01 0.7107385E-01 0.7078070E-01 0.6953745E-01 0.6750753E-01 0.6457875E-01 0.6000055E-01 0.5081750E-01 0.2583871E-01 0.2583871E-01 -9999.000 -9999.000 -9999.000 -9999.000 -9999.000 -9999.000 -9999.000 -9999.000 -9999.000 -9999.000 -9999.000 -9999.000 -9999.000 -9999.000 -9999.000 -9999.000 -9999.000 -9999.000 -9999.000 -9999.000 -9999.000 -9999.000 -9999.000 -9999.000 -9999.000 -9999.000 -9999.000
2.503929 2.503929 2.551592 2.592526 2.598121 2.598121 2.601369 2.604028 2.604028 2.603482 2.603482 2.600724 2.598711 2.596350 2.593687 2.593687 2.583084 2.570621 2.548629 2.513184 2.461080 2.390361 2.301349 2.194021 2.069639 1.930739 1.782601 1.637285 1.520276 1.492906 1.492906 2.321787 2.478224 2.550754 2.565693 2.565693 2.577982 2.577982 2.530589 2.530589 2.471327 2.253578 2.253578 1.809858 1.809858 1.692626 1.692626 1.692626 1.714688 1.714688 1.758891 1.758891 1.806972 1.806972 1.851515 1.851515 1.888970 1.888970
2.520739 2.520739 2.582945 2.639133 2.655205 2.655205 2.668911 2.692363 2.692363 2.712445 2.712445 2.730153 2.738309 2.746076 2.753499 2.753499 2.756598 2.760187 2.764702 2.767071 2.764241 2.753370 2.732161 2.698157 2.649367 2.584506 2.503601 2.406467 2.312853 2.264318 2.264318 2.716923 2.869759 3.005269 3.038837 3.038837 3.070159 3.070159 3.053556 3.053556 3.021752 2.896286 2.896286 2.617458 2.617458 2.474542 2.474542 2.474542 2.496008 2.496008 2.540088 2.540088 2.589344 2.589344 2.636836 2.636836 2.677989 2.677989
2.524606 2.524606 2.586915 2.639438 2.655685 2.655685 2.669622 2.693583 2.693583 2.714231 2.714231 2.732591 2.741110 2.749261 2.757091 2.757091 2.763805 2.773936 2.787951 2.802386 2.814507 2.822299 2.824324 2.819055 2.804915 2.780376 2.744411 2.696280 2.645439 2.617656 2.617656 2.892198 3.040023 3.201650 3.245195 3.245195 3.281631 3.281631 3.256839 3.256839 3.221640 3.115620 3.115620 2.927953 2.927953 2.773989 2.773989 2.773989 2.781911 2.781911 2.817450 2.817450 2.860224 2.860224 2.901613 2.901613 2.937719 2.937719
2.527702 2.527702 2.589963 2.639372 2.655588 2.655588 2.669569 2.693595 2.693595 2.714262 2.714262 2.732629 2.741153 2.749313 2.757151 2.757151 2.768275 2.784221 2.805323 2.827267 2.847008 2.862641 2.873113 2.877678 2.875683 2.866484 2.849592 2.824584 2.797155 2.784915 2.784915 2.956882 3.091015 3.261512 3.309671 3.309671 3.341474 3.341474 3.299423 3.299423 3.260355 3.175315 3.175315 3.059086 3.059086 2.915702 2.915702 2.915702 2.908309 2.908309 2.934587 2.934587 2.971939 2.971939 3.009585 3.009585 3.042879 3.042879
2.530077 2.530077 2.592284 2.639328 2.655486 2.655486 2.669502 2.693593 2.693593 2.714269 2.714269 2.732630 2.741151 2.749309 2.757147 2.757147 2.774772 2.797098 2.825109 2.853856 2.880043 2.901689 2.917731 2.927612 2.931050 2.927932 2.918344 2.902489 2.884417 2.876869 2.876869 2.986935 3.101026 3.263529 3.306826 3.306826 3.316269 3.316269 3.257493 3.257493 3.223476 3.172891 3.172891 3.116756 3.116756 3.003587 3.003587 3.003587 2.982525 2.982525 2.996883 2.996883 3.026987 3.026987 3.060333 3.060333 3.090616 3.090616
2.531755 2.531755 2.593917 2.639305 2.655400 2.655400 2.669441 2.693590 2.693590 2.714275 2.714275 2.732630 2.741150 2.749307 2.757144 2.757144 2.784013 2.813515 2.848440 2.883528 2.915487 2.942388 2.963169 2.977288 2.984530 2.984916 2.978729 2.966488 2.951265 2.942518 2.942518 3.010438 3.100258 3.234104 3.258623 3.258623 3.230189 3.230189 3.173057 3.173057 3.156400 3.148237 3.148237 3.138965 3.138965 3.066440 3.066440 3.066440 3.038322 3.038322 3.040363 3.040363 3.061117 3.061117 3.088394 3.088394 3.114428 3.114428
2.532755 2.532755 2.594888 2.639294 2.655343 2.655343 2.669401 2.693588 2.693588 2.714280 2.714280 2.732632 2.741150 2.749306 2.757142 2.757142 2.796851 2.834437 2.876306 2.917239 2.954227 2.985568 3.010323 3.028000 3.038396 3.041519 3.037634 3.027277 3.012709 3.000776 3.000776 3.037832 3.099788 3.175681 3.165030 3.165030 3.103696 3.103696 3.078651 3.078651 3.086243 3.117345 3.117345 3.141720 3.141720 3.111149 3.111149 3.111149 3.084630 3.084630 3.077193 3.077193 3.087620 3.087620 3.106981 3.106981 3.127156 3.127156
2.533087 2.533087 2.595210 2.639292 2.655324 2.655324 2.669387 2.693586 2.693586 2.714281 2.714281 2.732632 2.741150 2.749305 2.757141 2.757141 2.814447 2.861049 2.909835 2.956025 2.997157 3.031945 3.059708 3.080097 3.092959 3.098289 3.096263 3.087300 3.072927 3.057607 3.057607 3.070452 3.098769 3.074293 3.021775 3.021775 2.966825 2.966825 2.997411 2.997411 3.026529 3.086447 3.086447 3.133647 3.133647 3.140361 3.140361 3.140361 3.122598 3.122598 3.110643 3.110643 3.111558 3.111558 3.121742 3.121742 3.134456 3.134456
2.532755 2.532755 2.594887 2.639294 2.655343 2.655343 2.669401 2.693587 2.693587 2.714280 2.714280 2.732631 2.741150 2.749305 2.757142 2.757142 2.838413 2.894868 2.950358 3.001019 3.045207 3.082227 3.111796 3.133807 3.148225 3.155065 3.154433 3.146592 3.132370 3.113585 3.113585 3.103634 3.083626 2.913883 2.843574 2.843574 2.850039 2.850039 2.932594 2.932594 2.976038 3.054822 3.054822 3.117712 3.117712 3.155043 3.155043 3.155043 3.150067 3.150067 3.138838 3.138838 3.132679 3.132679 3.133494 3.133494 3.137569 3.137569
2.531756 2.531756 2.593917 2.639305 2.655400 2.655400 2.669441 2.693589 2.693589 2.714275 2.714275 2.732631 2.741150 2.749307 2.757143 2.757143 2.871017 2.937867 2.999468 3.053448 3.099277 3.137035 3.166952 3.189242 3.204057 3.211483 3.211591 3.204480 3.190140 3.166101 3.166101 3.123909 3.020492 2.706693 2.673555 2.673555 2.764183 2.764183 2.879036 2.879036 2.930627 3.021713 3.021713 3.095787 3.095787 3.156952 3.156952 3.156952 3.165662 3.165662 3.159133 3.159133 3.149080 3.149080 3.141379 3.141379 3.136281 3.136281
2.530077 2.530077 2.592284 2.639328 2.655485 2.655485 2.669501 2.693593 2.693593 2.714269 2.714269 2.732629 2.741151 2.749309 2.757147 2.757147 2.915527 2.992654 3.059052 3.114574 3.160135 3.196746 3.225244 3.246228 3.260065 3.266944 3.266937 3.259943 3.244304 3.206955 3.206955 3.095771 2.855750 2.510704 2.550627 2.550627 2.698593 2.698593 2.829378 2.829378 2.885513 2.985255 2.985255 3.067478 3.067478 3.146445 3.146445 3.146445 3.167592 3.167592 3.167796 3.167796 3.156792 3.156792 3.142224 3.142224 3.128237 3.128237
