cruce_test.gid/Rasters/Hydraulic/Velocity__y_240.0.asc
NCOLS        79
NROWS        79
XLLCENTER         -1.500000
YLLCENTER         -4.800000
CELLSIZE           0.100
NODATA_VALUE     -9999.0
[rows 0 to 26 of 79, columns 0 to 58 of 79]
-9999.000 -9999.000 -9999.000 -9999.000 -9999.000 -9999.000 -9999.000 -9999.000 -9999.000 -9999.000 -9999.000 -9999.000 -9999.000 -9999.000 -9999.000 -0.9048961E-01 -0.8739045E-01 -0.8612446E-01 -0.8569209E-01 -0.8616798E-01 -0.8694721E-01 -0.8776695E-01 -0.8856855E-01 -0.8926912E-01 -0.8987262E-01 -0.9040445E-01 -0.9089815E-01 -0.9152348E-01 -0.9287205E-01 -0.9425819E-01 -0.9425819E-01 -9999.000 -9999.000 -9999.000 -9999.000 -9999.000 -9999.000 -9999.000 -9999.000 -9999.000 -9999.000 -9999.000 -9999.000 -9999.000 -9999.000 -9999.000 -9999.000 -9999.000 -9999.000 -9999.000 -9999.000 -9999.000 -9999.000 -9999.000 -9999.000 -9999.000 -9999.000 -9999.000 -9999.000
-9999.000 -9999.000 -9999.000 -9999.000 -9999.000 -9999.000 -9999.000 -9999.000 -9999.000 -9999.000 -9999.000 -9999.000 -9999.000 -9999.000 -9999.000 -0.9107453E-01 -0.8457401E-01 -0.8187033E-01 -0.8096794E-01 -0.8203708E-01 -0.8379557E-01 -0.8567610E-01 -0.8754274E-01 -0.8920828E-01 -0.9067234E-01 -0.9198158E-01 -0.9320015E-01 -0.9468022E-01 -0.9765694E-01 -0.1009964 -0.1009964 -9999.000 -9999.000 -9999.000 -9999.000 -9999.000 -9999.000 -9999.000 -9999.000 -9999.000 -9999.000 -9999.000 -9999.000 -9999.000 -9999.000 -9999.000 -9999.000 -9999.000 -9999.000 -9999.000 -9999.000 -9999.000 -9999.000 -9999.000 -9999.000 -9999.000 -9999.000 -9999.000 -9999.000
-9999.000 -9999.000 -9999.000 -9999.000 -9999.000 -9999.000 -9999.000 -9999.000 -9999.000 -9999.000 -9999.000 -9999.000 -9999.000 -9999.000 -9999.000 -0.9067710E-01 -0.8046807E-01 -0.7612273E-01 -0.7473356E-01 -0.7658982E-01 -0.7963041E-01 -0.8293018E-01 -0.8625118E-01 -0.8927258E-01 -0.9197817E-01 -0.9442699E-01 -0.9670869E-01 -0.9937541E-01 -0.1043916 -0.1104360 -0.1104360 -9999.000 -9999.000 -9999.000 -9999.000 -9999.000 -9999.000 -9999.000 -9999.000 -9999.000 -9999.000 -9999.000 -9999.000 -9999.000 -9999.000 -9999.000 -9999.000 -9999.000 -9999.000 -9999.000 -9999.000 -9999.000 -9999.000 -9999.000 -9999.000 -9999.000 -9999.000 -9999.000 -9999.000
-9999.000 -9999.000 -9999.000 -9999.000 -9999.000 -9999.000 -9999.000 -9999.000 -9999.000 -9999.000 -9999.000 -9999.000 -9999.000 -9999.000 -9999.000 -0.8976507E-01 -0.7586344E-01 -0.6987922E-01 -0.6804270E-01 -0.7076548E-01 -0.7518303E-01 -0.8000485E-01 -0.8489144E-01 -0.8938025E-01 -0.9343739E-01 -0.9713154E-01 -0.1005725 -0.1045185 -0.1116995 -0.1209324 -0.1209324 -9999.000 -9999.000 -9999.000 -9999.000 -9999.000 -9999.000 -9999.000 -9999.000 -9999.000 -9999.000 -9999.000 -9999.000 -9999.000 -9999.000 -9999.000 -9999.000 -9999.000 -9999.000 -9999.000 -9999.000 -9999.000 -9999.000 -9999.000 -9999.000 -9999.000 -9999.000 -9999.000 -9999.000
-9999.000 -9999.000 -9999.000 -9999.000 -9999.000 -9999.000 -9999.000 -9999.000 -9999.000 -9999.000 -9999.000 -9999.000 -9999.000 -9999.000 -9999.000 -0.8856171E-01 -0.7093843E-01 -0.6330132E-01 -0.6103537E-01 -0.6467886E-01 -0.7053622E-01 -0.7694547E-01 -0.8346742E-01 -0.8949009E-01 -0.9496432E-01 -0.9996716E-01 -0.1046281 -0.1099218 -0.1193918 -0.1323353 -0.1323353 -9999.000 -9999.000 -9999.000 -9999.000 -9999.000 -9999.000 -9999.000 -9999.000 -9999.000 -9999.000 -9999.000 -9999.000 -9999.000 -9999.000 -9999.000 -9999.000 -9999.000 -9999.000 -9999.000 -9999.000 -9999.000 -9999.000 -9999.000 -9999.000 -9999.000 -9999.000 -9999.000 -9999.000
-9999.000 -9999.000 -9999.000 -9999.000 -9999.000 -9999.000 -9999.000 -9999.000 -9999.000 -9999.000 -9999.000 -9999.000 -9999.000 -9999.000 -9999.000 -0.8713472E-01 -0.6575388E-01 -0.5644833E-01 -0.5376562E-01 -0.5837645E-01 -0.6572334E-01 -0.7376876E-01 -0.8197745E-01 -0.8958032E-01 -0.9651759E-01 -0.1028749 -0.1088011 -0.1155029 -0.1273962 -0.1446605 -0.1446605 -9999.000 -9999.000 -9999.000 -9999.000 -9999.000 -9999.000 -9999.000 -9999.000 -9999.000 -9999.000 -9999.000 -9999.000 -9999.000 -9999.000 -9999.000 -9999.000 -9999.000 -9999.000 -9999.000 -9999.000 -9999.000 -9999.000 -9999.000 -9999.000 -9999.000 -9999.000 -9999.000 -9999.000
-9999.000 -9999.000 -9999.000 -9999.000 -9999.000 -9999.000 -9999.000 -9999.000 -9999.000 -9999.000 -9999.000 -9999.000 -9999.000 -9999.000 -9999.000 -0.8548385E-01 -0.6031753E-01 -0.4933213E-01 -0.4624721E-01 -0.5187281E-01 -0.6075481E-01 -0.7047793E-01 -0.8041749E-01 -0.8963691E-01 -0.9807376E-01 -0.1058231 -0.1130534 -0.1212224 -0.1356917 -0.1580169 -0.1580169 -9999.000 -9999.000 -9999.000 -9999.000 -9999.000 -9999.000 -9999.000 -9999.000 -9999.000 -9999.000 -9999.000 -9999.000 -9999.000 -9999.000 -9999.000 -9999.000 -9999.000 -9999.000 -9999.000 -9999.000 -9999.000 -9999.000 -9999.000 -9999.000 -9999.000 -9999.000 -9999.000 -9999.000
-9999.000 -9999.000 -9999.000 -9999.000 -9999.000 -9999.000 -9999.000 -9999.000 -9999.000 -9999.000 -9999.000 -9999.000 -9999.000 -9999.000 -9999.000 -0.8357678E-01 -0.5461242E-01 -0.4194257E-01 -0.3847471E-01 -0.4516702E-01 -0.5563007E-01 -0.6706925E-01 -0.7877976E-01 -0.8964705E-01 -0.9961505E-01 -0.1087897 -0.1173599 -0.1270577 -0.1442791 -0.1725827 -0.1725827 -9999.000 -9999.000 -9999.000 -9999.000 -9999.000 -9999.000 -9999.000 -9999.000 -9999.000 -9999.000 -9999.000 -9999.000 -9999.000 -9999.000 -9999.000 -9999.000 -9999.000 -9999.000 -9999.000 -9999.000 -9999.000 -9999.000 -9999.000 -9999.000 -9999.000 -9999.000 -9999.000 -9999.000
-9999.000 -9999.000 -9999.000 -9999.000 -9999.000 -9999.000 -9999.000 -9999.000 -9999.000 -9999.000 -9999.000 -9999.000 -9999.000 -9999.000 -9999.000 -0.8136143E-01 -0.4860786E-01 -0.3425724E-01 -0.3043247E-01 -0.3825021E-01 -0.5034143E-01 -0.6353367E-01 -0.7705380E-01 -0.8959581E-01 -0.1011230 -0.1117536 -0.1216972 -0.1329900 -0.1531684 -0.1886034 -0.1886034 -9999.000 -9999.000 -9999.000 -9999.000 -9999.000 -9999.000 -9999.000 -9999.000 -9999.000 -9999.000 -9999.000 -9999.000 -9999.000 -9999.000 -9999.000 -9999.000 -9999.000 -9999.000 -9999.000 -9999.000 -9999.000 -9999.000 -9999.000 -9999.000 -9999.000 -9999.000 -9999.000 -9999.000
-9999.000 -9999.000 -9999.000 -9999.000 -9999.000 -9999.000 -9999.000 -9999.000 -9999.000 -9999.000 -9999.000 -9999.000 -9999.000 -9999.000 -9999.000 -0.7877181E-01 -0.4226242E-01 -0.2624433E-01 -0.2209659E-01 -0.3110715E-01 -0.4487614E-01 -0.5985735E-01 -0.7522451E-01 -0.8946404E-01 -0.1025748 -0.1146889 -0.1260375 -0.1389964 -0.1623708 -0.2064060 -0.2064060 -9999.000 -9999.000 -9999.000 -9999.000 -9999.000 -9999.000 -9999.000 -9999.000 -9999.000 -9999.000 -9999.000 -9999.000 -9999.000 -9999.000 -9999.000 -9999.000 -9999.000 -9999.000 -9999.000 -9999.000 -9999.000 -9999.000 -9999.000 -9999.000 -9999.000 -9999.000 -9999.000 -9999.000
-9999.000 -9999.000 -9999.000 -9999.000 -9999.000 -9999.000 -9999.000 -9999.000 -9999.000 -9999.000 -9999.000 -9999.000 -9999.000 -9999.000 -9999.000 -0.7572664E-01 -0.3552418E-01 -0.1786286E-01 -0.1343527E-01 -0.2371617E-01 -0.3921544E-01 -0.5602056E-01 -0.7327097E-01 -0.8922549E-01 -0.1039405 -0.1175619 -0.1303431 -0.1450445 -0.1718946 -0.2264277 -0.2264277 -9999.000 -9999.000 -9999.000 -9999.000 -9999.000 -9999.000 -9999.000 -9999.000 -9999.000 -9999.000 -9999.000 -9999.000 -9999.000 -9999.000 -9999.000 -9999.000 -9999.000 -9999.000 -9999.000 -9999.000 -9999.000 -9999.000 -9999.000 -9999.000 -9999.000 -9999.000 -9999.000 -9999.000
-9999.000 -9999.000 -9999.000 -9999.000 -9999.000 -9999.000 -9999.000 -9999.000 -9999.000 -9999.000 -9999.000 -9999.000 -9999.000 -9999.000 -9999.000 -0.7212775E-01 -0.2832843E-01 -0.9060453E-02 -0.4407050E-02 -0.1604767E-01 -0.3333291E-01 -0.5199578E-01 -0.7116377E-01 -0.8884433E-01 -0.1051779 -0.1203247 -0.1345613 -0.1510867 -0.1817401 -0.2492635 -0.2492635 -9999.000 -9999.000 -9999.000 -9999.000 -9999.000 -9999.000 -9999.000 -9999.000 -9999.000 -9999.000 -9999.000 -9999.000 -9999.000 -9999.000 -9999.000 -9999.000 -9999.000 -9999.000 -9999.000 -9999.000 -9999.000 -9999.000 -9999.000 -9999.000 -9999.000 -9999.000 -9999.000 -9999.000
-9999.000 -9999.000 -9999.000 -9999.000 -9999.000 -9999.000 -9999.000 -9999.000 -9999.000 -9999.000 -9999.000 -9999.000 -9999.000 -9999.000 -9999.000 -0.6783379E-01 -0.2057660E-01 0.2436522E-03 0.5046294E-02 -0.8065807E-02 -0.2719747E-01 -0.4774955E-01 -0.6886714E-01 -0.8827496E-01 -0.1062330 -0.1229139 -0.1386186 -0.1570523 -0.1918924 -0.2757447 -0.2757447 -9999.000 -9999.000 -9999.000 -9999.000 -9999.000 -9999.000 -9999.000 -9999.000 -9999.000 -9999.000 -9999.000 -9999.000 -9999.000 -9999.000 -9999.000 -9999.000 -9999.000 -9999.000 -9999.000 -9999.000 -9999.000 -9999.000 -9999.000 -9999.000 -9999.000 -9999.000 -9999.000 -9999.000
-9999.000 -9999.000 -9999.000 -9999.000 -9999.000 -9999.000 -9999.000 -9999.000 -9999.000 -9999.000 -9999.000 -9999.000 -9999.000 -9999.000 -9999.000 -0.6173956E-01 -0.1143513E-01 0.1055988E-01 0.1497269E-01 0.5374112E-04 -0.2100229E-01 -0.4346804E-01 -0.6654578E-01 -0.8764681E-01 -0.1071982 -0.1253852 -0.1425359 -0.1629461 -0.2024108 -0.3071868 -0.3071868 -9999.000 -9999.000 -9999.000 -9999.000 -9999.000 -9999.000 -9999.000 -9999.000 -9999.000 -9999.000 -9999.000 -9999.000 -9999.000 -9999.000 -9999.000 -9999.000 -9999.000 -9999.000 -9999.000 -9999.000 -9999.000 -9999.000 -9999.000 -9999.000 -9999.000 -9999.000 -9999.000 -9999.000
-9999.000 -9999.000 -9999.000 -9999.000 -9999.000 -9999.000 -9999.000 -9999.000 -9999.000 -9999.000 -9999.000 -9999.000 -9999.000 -9999.000 -9999.000 -0.5877201E-02 0.1691397E-01 0.2276399E-01 0.1519223E-01 -0.4488257E-02 -0.2560167E-01 -0.4801203E-01 -0.7119535E-01 -0.9231348E-01 -0.1120553 -0.1305957 -0.1482576 -0.1699611 -0.2137691 -0.3434013 -0.3434013 -9999.000 -9999.000 -9999.000 -9999.000 -9999.000 -9999.000 -9999.000 -9999.000 -9999.000 -9999.000 -9999.000 -9999.000 -9999.000 -9999.000 -9999.000 -9999.000 -9999.000 -9999.000 -9999.000 -9999.000 -9999.000 -9999.000 -9999.000 -9999.000 -9999.000 -9999.000 -9999.000 -9999.000
-0.3916365E-02 -0.3916365E-02 -0.5499307E-02 -0.7207102E-02 -0.6720261E-02 -0.6720261E-02 -0.6556962E-02 -0.6493715E-02 -0.6493715E-02 -0.6479843E-02 -0.6479843E-02 -0.6457328E-02 -0.6442620E-02 -0.6426422E-02 -0.6414018E-02 -0.6414018E-02 0.3592578E-01 0.3139193E-01 0.1619934E-01 -0.6874771E-02 -0.3404776E-01 -0.6428751E-01 -0.9650866E-01 -0.1289040 -0.1603812 -0.1901342 -0.2176189 -0.2441606 -0.2771995 -0.3513207 -0.3513207 -0.1975380 -0.1076772 -0.3853955E-01 -0.2917408E-01 -0.2917408E-01 -0.2239686E-01 -0.2239686E-01 -0.1049445E-01 -0.1049445E-01 0.5156052E-03 0.2658082E-01 0.2658082E-01 0.2541133E-01 0.2541133E-01 -0.3775319E-02 -0.3775319E-02 -0.3775319E-02 -0.6881081E-03 -0.6881081E-03 0.1329935E-03 0.1329935E-03 -0.5498005E-03 -0.5498005E-03 -0.1744289E-02 -0.1744289E-02 -0.2951344E-02 -0.2951344E-02 -0.2951344E-02
-0.5684554E-02 -0.5684554E-02 -0.7634412E-02 -0.1057932E-01 -0.9566440E-02 -0.9566440E-02 -0.9207807E-02 -0.9112189E-02 -0.9112189E-02 -0.9131419E-02 -0.9131419E-02 -0.9125974E-02 -0.9116613E-02 -0.9104039E-02 -0.9115169E-02 -0.9115169E-02 0.2994881E-01 0.2647835E-01 0.1112158E-01 -0.1422441E-01 -0.4875540E-01 -0.8998884E-01 -0.1358057 -0.1845976 -0.2343013 -0.2830650 -0.3292452 -0.3710141 -0.4061335 -0.4305600 -0.4305600 -0.2943436 -0.1974807 -0.1045847 -0.8611874E-01 -0.8611874E-01 -0.6278428E-01 -0.6278428E-01 -0.2188373E-01 -0.2188373E-01 0.1120848E-01 0.8372016E-01 0.8372016E-01 0.9707414E-01 0.9707414E-01 0.1958699E-01 0.1958699E-01 0.1958699E-01 0.7569598E-02 0.7569598E-02 0.1456178E-02 0.1456178E-02 -0.3132703E-02 -0.3132703E-02 -0.6953998E-02 -0.6953998E-02 -0.9876995E-02 -0.9876995E-02 -0.9876995E-02
-0.3968250E-02 -0.3968250E-02 -0.5353663E-02 -0.9355611E-02 -0.8291571E-02 -0.8291571E-02 -0.7807923E-02 -0.7670707E-02 -0.7670707E-02 -0.7728932E-02 -0.7728932E-02 -0.7754192E-02 -0.7758174E-02 -0.7758432E-02 -0.7818226E-02 -0.7818226E-02 0.1985000E-01 0.1678025E-01 0.1787803E-02 -0.2365796E-01 -0.5874242E-01 -0.1017125 -0.1508083 -0.2046266 -0.2615233 -0.3198220 -0.3778671 -0.4336511 -0.4842348 -0.5230274 -0.5230274 -0.4349549 -0.3513615 -0.2360319 -0.1990246 -0.1990246 -0.1334875 -0.1334875 -0.3461861E-01 -0.3461861E-01 0.3233266E-01 0.1614290 0.1614290 0.2038919 0.2038919 0.8019900E-01 0.8019900E-01 0.8019900E-01 0.3104072E-01 0.3104072E-01 0.5672119E-02 0.5672119E-02 -0.8545421E-02 -0.8545421E-02 -0.1737477E-01 -0.1737477E-01 -0.2266534E-01 -0.2266534E-01 -0.2266534E-01
-0.2271463E-02 -0.2271463E-02 -0.4165305E-02 -0.7806253E-02 -0.6794605E-02 -0.6794605E-02 -0.6282864E-02 -0.6118761E-02 -0.6118761E-02 -0.6180465E-02 -0.6180465E-02 -0.6206928E-02 -0.6210557E-02 -0.6211360E-02 -0.6313193E-02 -0.6313193E-02 0.9824544E-02 0.4798204E-02 -0.1125773E-01 -0.3742059E-01 -0.7287658E-01 -0.1163274 -0.1663367 -0.2216690 -0.2810283 -0.3430814 -0.4064813 -0.4695603 -0.5296649 -0.5804868 -0.5804868 -0.5409138 -0.4822176 -0.3709081 -0.3209095 -0.3209095 -0.2040900 -0.2040900 -0.3149696E-01 -0.3149696E-01 0.6654085E-01 0.2267422 0.2267422 0.2826666 0.2826666 0.1461844 0.1461844 0.1461844 0.6246641E-01 0.6246641E-01 0.1335956E-01 0.1335956E-01 -0.1406088E-01 -0.1406088E-01 -0.2957311E-01 -0.2957311E-01 -0.3762963E-01 -0.3762963E-01 -0.3762963E-01
-0.5854648E-03 -0.5854648E-03 -0.4111543E-02 -0.5983634E-02 -0.5165289E-02 -0.5165289E-02 -0.4723882E-02 -0.4575009E-02 -0.4575009E-02 -0.4631837E-02 -0.4631837E-02 -0.4655397E-02 -0.4658302E-02 -0.4659323E-02 -0.4813490E-02 -0.4813490E-02 -0.7418041E-04 -0.9106835E-02 -0.2797067E-01 -0.5609800E-01 -0.9276988E-01 -0.1370042 -0.1876712 -0.2437151 -0.3040682 -0.3676395 -0.4333254 -0.4998055 -0.5649507 -0.6235471 -0.6235471 -0.6201218 -0.5874194 -0.4907361 -0.4284989 -0.4284989 -0.2473361 -0.2473361 -0.4056139E-02 -0.4056139E-02 0.1091799 0.2675492 0.2675492 0.3227259 0.3227259 0.2007489 0.2007489 0.2007489 0.9654259E-01 0.9654259E-01 0.2550759E-01 0.2550759E-01 -0.1674926E-01 -0.1674926E-01 -0.4042046E-01 -0.4042046E-01 -0.5193507E-01 -0.5193507E-01 -0.5193507E-01
0.2018999E-03 0.2018999E-03 -0.3267334E-02 -0.4059736E-02 -0.3478905E-02 -0.3478905E-02 -0.3155847E-02 -0.3043093E-02 -0.3043093E-02 -0.3086307E-02 -0.3086307E-02 -0.3103849E-02 -0.3105917E-02 -0.3106872E-02 -0.3329161E-02 -0.3329161E-02 -0.1034632E-01 -0.2514978E-01 -0.4862495E-01 -0.8022512E-01 -0.1192767 -0.1650133 -0.2165952 -0.2732060 -0.3340210 -0.3981818 -0.4647914 -0.5327907 -0.6005011 -0.6638083 -0.6638083 -0.6850377 -0.6741759 -0.5866500 -0.5029160 -0.5029160 -0.2420872 -0.2420872 0.3863886E-01 0.3863886E-01 0.1453300 0.2795613 0.2795613 0.3288536 0.3288536 0.2361064 0.2361064 0.2361064 0.1281674 0.1281674 0.4144258E-01 0.4144258E-01 -0.1530771E-01 -0.1530771E-01 -0.4817863E-01 -0.4817863E-01 -0.6394155E-01 -0.6394155E-01 -0.6394155E-01
0.9678176E-04 0.9678176E-04 -0.1626333E-02 -0.2033710E-02 -0.1744497E-02 -0.1744497E-02 -0.1578319E-02 -0.1519309E-02 -0.1519309E-02 -0.1542876E-02 -0.1542876E-02 -0.1552382E-02 -0.1553386E-02 -0.1553666E-02 -0.1866365E-02 -0.1866365E-02 -0.2176068E-01 -0.4401793E-01 -0.7392654E-01 -0.1106455 -0.1534275 -0.2016248 -0.2546400 -0.3119254 -0.3729409 -0.4371068 -0.5037766 -0.5721480 -0.6409149 -0.7068038 -0.7068038 -0.7438263 -0.7481388 -0.6463096 -0.5217097 -0.5217097 -0.1886932 -0.1886932 0.7579897E-01 0.7579897E-01 0.1616307 0.2666511 0.2666511 0.3109298 0.3109298 0.2505583 0.2505583 0.2505583 0.1524767 0.1524767 0.5891490E-01 0.5891490E-01 -0.9703801E-02 -0.9703801E-02 -0.5188195E-01 -0.5188195E-01 -0.7248216E-01 -0.7248216E-01 -0.7248216E-01
-0.4557151E-07 -0.4557151E-07 -0.1098747E-07 0.8963815E-08 0.6737235E-07 0.6737235E-07 -0.1015982E-07 0.2269174E-06 0.2269174E-06 0.4786850E-07 0.4786850E-07 -0.8037785E-07 -0.9178618E-07 0.2283269E-07 -0.4342238E-03 -0.4342238E-03 -0.3540538E-01 -0.6693377E-01 -0.1051588 -0.1487065 -0.1966448 -0.2483692 -0.3034782 -0.3616933 -0.4227820 -0.4864869 -0.5524711 -0.6202328 -0.6888030 -0.7553542 -0.7553542 -0.8005604 -0.8095654 -0.6457052 -0.4654980 -0.4654980 -0.1154428 -0.1154428 0.9205999E-01 0.9205999E-01 0.1554442 0.2372520 0.2372520 0.2785708 0.2785708 0.2464087 0.2464087 0.2464087 0.1658997 0.1658997 0.7467300E-01 0.7467300E-01 -0.1021479E-02 -0.1021479E-02 -0.5120668E-01 -0.5120668E-01 -0.7667309E-01 -0.7667309E-01 -0.7667309E-01
-0.9677988E-04 -0.9677988E-04 0.1626253E-02 0.2033739E-02 0.1744373E-02 0.1744373E-02 0.1578182E-02 0.1519528E-02 0.1519528E-02 0.1542888E-02 0.1542888E-02 0.1552255E-02 0.1553253E-02 0.1553725E-02 0.9547572E-03 0.9547572E-03 -0.5288346E-01 -0.9586705E-01 -0.1444383 -0.1965515 -0.2510422 -0.3073304 -0.3651974 -0.4246342 -0.4857262 -0.5485594 -0.6131465 -0.6793266 -0.7463940 -0.8111225 -0.8111225 -0.8550962 -0.8479128 -0.5587022 -0.3462245 -0.3462245 -0.5726481E-01 -0.5726481E-01 0.8666387E-01 0.8666387E-01 0.1333536 0.1997524 0.1997524 0.2388875 0.2388875 0.2277907 0.2277907 0.2277907 0.1669696 0.1669696 0.8544780E-01 0.8544780E-01 0.8826173E-02 0.8826173E-02 -0.4646821E-01 -0.4646821E-01 -0.7594528E-01 -0.7594528E-01 -0.7594528E-01
-0.2020334E-03 -0.2020334E-03 0.3267287E-02 0.4059857E-02 0.3478835E-02 0.3478835E-02 0.3155776E-02 0.3043002E-02 0.3043002E-02 0.3086351E-02 0.3086351E-02 0.3103730E-02 0.3105922E-02 0.3106779E-02 0.2283741E-02 0.2283741E-02 -0.7668878E-01 -0.1339210 -0.1950802 -0.2574577 -0.3197286 -0.3814104 -0.4425169 -0.5033380 -0.5642915 -0.6258152 -0.6882843 -0.7518783 -0.8158450 -0.8739951 -0.8739951 -0.8978490 -0.8294545 -0.3982725 -0.2167640 -0.2167640 -0.2847690E-01 -0.2847690E-01 0.6848437E-01 0.6848437E-01 0.1043826 0.1600507 0.1600507 0.1962984 0.1962984 0.1989653 0.1989653 0.1989653 0.1562448 0.1562448 0.8888069E-01 0.8888069E-01 0.1755845E-01 0.1755845E-01 -0.3857014E-01 -0.3857014E-01 -0.7013105E-01 -0.7013105E-01 -0.7013105E-01
0.5852009E-03 0.5852009E-03 0.4111407E-02 0.5983662E-02 0.5165348E-02 0.5165348E-02 0.4723801E-02 0.4574881E-02 0.4574881E-02 0.4631784E-02 0.4631784E-02 0.4655241E-02 0.4658244E-02 0.4659167E-02 0.3529442E-02 0.3529442E-02 -0.1109569 -0.1860874 -0.2622736 -0.3364189 -0.4073070 -0.4747593 -0.5391575 -0.6011670 -0.6615726 -0.7211716 -0.7806959 -0.8405713 -0.8987567 -0.9369153 -0.9369153 -0.8917435 -0.6958370 -0.2339418 -0.1262080 -0.1262080 -0.2113787E-01 -0.2113787E-01 0.4667086E-01 0.4667086E-01 0.7498781E-01 0.1213434 0.1213434 0.1532780 0.1532780 0.1635584 0.1635584 0.1635584 0.1356785 0.1356785 0.8408130E-01 0.8408130E-01 0.2320620E-01 0.2320620E-01 -0.2876059E-01 -0.2876059E-01 -0.5950524E-01 -0.5950524E-01 -0.5950524E-01
0.2271363E-02 0.2271363E-02 0.4165187E-02 0.7806252E-02 0.6794672E-02 0.6794672E-02 0.6282751E-02 0.6118798E-02 0.6118798E-02 0.6180489E-02 0.6180489E-02 0.6206937E-02 0.6210699E-02 0.6211377E-02 0.4661700E-02 0.4661700E-02 -0.1630977 -0.2607939 -0.3544036 -0.4412357 -0.5207717 -0.5935243 -0.6604770 -0.7227997 -0.7817025 -0.8383524 -0.8938219 -0.9483644 -0.9932562 -0.9639916 -0.9639916 -0.7525253 -0.4408577 -0.1264732 -0.8102719E-01 -0.8102719E-01 -0.2171231E-01 -0.2171231E-01 0.2660163E-01 0.2660163E-01 0.4840142E-01 0.8510665E-01 0.8510665E-01 0.1112612 0.1112612 0.1244565 0.1244565 0.1244565 0.1078877 0.1078877 0.7165202E-01 0.7165202E-01 0.2468534E-01 0.2468534E-01 -0.1829382E-01 -0.1829382E-01 -0.4479131E-01 -0.4479131E-01 -0.4479131E-01
