cruce_test.gid/Rasters/Hydraulic/Velocity____324.0.asc
NCOLS        79
NROWS        79
XLLCENTER         -1.500000
YLLCENTER         -4.800000
CELLSIZE           0.100
NODATA_VALUE     -9999.0
[rows 0 to 26 of 79, columns 0 to 59 of 79]
-9999.000 -9999.000 -9999.000 -9999.000 -9999.000 -9999.000 -9999.000 -9999.000 -9999.000 -9999.000 -9999.000 -9999.000 -9999.000 -9999.000 -9999.000 0.9796076E-01 0.9607081E-01 0.9588330E-01 0.9639291E-01 0.9717478E-01 0.9802615E-01 0.9884430E-01 0.9950684E-01 0.1000269 0.1003962 0.1006300 0.1007989 0.1011147 0.1021666 0.1031909 0.1031909 -9999.000 -9999.000 -9999.000 -9999.000 -9999.000 -9999.000 -9999.000 -9999.000 -9999.000 -9999.000 -9999.000 -9999.000 -9999.000 -9999.000 -9999.000 -9999.000 -9999.000 -9999.000 -9999.000 -9999.000 -9999.000 -9999.000 -9999.000 -9999.000 -9999.000 -9999.000 -9999.000 -9999.000 -9999.000
-9999.000 -9999.000 -9999.000 -9999.000 -9999.000 -9999.000 -9999.000 -9999.000 -9999.000 -9999.000 -9999.000 -9999.000 -9999.000 -9999.000 -9999.000 0.9650760E-01 0.9268778E-01 0.9234948E-01 0.9346075E-01 0.9513928E-01 0.9697639E-01 0.9876802E-01 0.1002581 0.1014637 0.1023599 0.1029724 0.1034533 0.1042766 0.1067504 0.1095022 0.1095022 -9999.000 -9999.000 -9999.000 -9999.000 -9999.000 -9999.000 -9999.000 -9999.000 -9999.000 -9999.000 -9999.000 -9999.000 -9999.000 -9999.000 -9999.000 -9999.000 -9999.000 -9999.000 -9999.000 -9999.000 -9999.000 -9999.000 -9999.000 -9999.000 -9999.000 -9999.000 -9999.000 -9999.000 -9999.000
-9999.000 -9999.000 -9999.000 -9999.000 -9999.000 -9999.000 -9999.000 -9999.000 -9999.000 -9999.000 -9999.000 -9999.000 -9999.000 -9999.000 -9999.000 0.9364759E-01 0.8783276E-01 0.8730587E-01 0.8910306E-01 0.9182271E-01 0.9483130E-01 0.9782434E-01 0.1004057 0.1026063 0.1043803 0.1057560 0.1069607 0.1087409 0.1131836 0.1185040 0.1185040 -9999.000 -9999.000 -9999.000 -9999.000 -9999.000 -9999.000 -9999.000 -9999.000 -9999.000 -9999.000 -9999.000 -9999.000 -9999.000 -9999.000 -9999.000 -9999.000 -9999.000 -9999.000 -9999.000 -9999.000 -9999.000 -9999.000 -9999.000 -9999.000 -9999.000 -9999.000 -9999.000 -9999.000 -9999.000
-9999.000 -9999.000 -9999.000 -9999.000 -9999.000 -9999.000 -9999.000 -9999.000 -9999.000 -9999.000 -9999.000 -9999.000 -9999.000 -9999.000 -9999.000 0.9010144E-01 0.8239561E-01 0.8169449E-01 0.8420609E-01 0.8799708E-01 0.9221414E-01 0.9646264E-01 0.1002126 0.1035162 0.1063029 0.1085963 0.1106887 0.1135975 0.1202171 0.1286735 0.1286735 -9999.000 -9999.000 -9999.000 -9999.000 -9999.000 -9999.000 -9999.000 -9999.000 -9999.000 -9999.000 -9999.000 -9999.000 -9999.000 -9999.000 -9999.000 -9999.000 -9999.000 -9999.000 -9999.000 -9999.000 -9999.000 -9999.000 -9999.000 -9999.000 -9999.000 -9999.000 -9999.000 -9999.000 -9999.000
-9999.000 -9999.000 -9999.000 -9999.000 -9999.000 -9999.000 -9999.000 -9999.000 -9999.000 -9999.000 -9999.000 -9999.000 -9999.000 -9999.000 -9999.000 0.8610024E-01 0.7657673E-01 0.7572329E-01 0.7898511E-01 0.8387815E-01 0.8933200E-01 0.9487191E-01 0.9983620E-01 0.1043075 0.1081861 0.1114863 0.1145638 0.1187144 0.1276852 0.1398686 0.1398686 -9999.000 -9999.000 -9999.000 -9999.000 -9999.000 -9999.000 -9999.000 -9999.000 -9999.000 -9999.000 -9999.000 -9999.000 -9999.000 -9999.000 -9999.000 -9999.000 -9999.000 -9999.000 -9999.000 -9999.000 -9999.000 -9999.000 -9999.000 -9999.000 -9999.000 -9999.000 -9999.000 -9999.000 -9999.000
-9999.000 -9999.000 -9999.000 -9999.000 -9999.000 -9999.000 -9999.000 -9999.000 -9999.000 -9999.000 -9999.000 -9999.000 -9999.000 -9999.000 -9999.000 0.8173033E-01 0.7046355E-01 0.6949801E-01 0.7355989E-01 0.7959066E-01 0.8630662E-01 0.9316402E-01 0.9937160E-01 0.1050522 0.1100730 0.1144359 0.1185610 0.1240383 0.1355272 0.1521117 0.1521117 -9999.000 -9999.000 -9999.000 -9999.000 -9999.000 -9999.000 -9999.000 -9999.000 -9999.000 -9999.000 -9999.000 -9999.000 -9999.000 -9999.000 -9999.000 -9999.000 -9999.000 -9999.000 -9999.000 -9999.000 -9999.000 -9999.000 -9999.000 -9999.000 -9999.000 -9999.000 -9999.000 -9999.000 -9999.000
-9999.000 -9999.000 -9999.000 -9999.000 -9999.000 -9999.000 -9999.000 -9999.000 -9999.000 -9999.000 -9999.000 -9999.000 -9999.000 -9999.000 -9999.000 0.7700894E-01 0.6408864E-01 0.6307552E-01 0.6800343E-01 0.7521062E-01 0.8321006E-01 0.9140337E-01 0.9887230E-01 0.1057916 0.1119892 0.1174528 0.1226707 0.1295475 0.1437306 0.1655262 0.1655262 -9999.000 -9999.000 -9999.000 -9999.000 -9999.000 -9999.000 -9999.000 -9999.000 -9999.000 -9999.000 -9999.000 -9999.000 -9999.000 -9999.000 -9999.000 -9999.000 -9999.000 -9999.000 -9999.000 -9999.000 -9999.000 -9999.000 -9999.000 -9999.000 -9999.000 -9999.000 -9999.000 -9999.000 -9999.000
-9999.000 -9999.000 -9999.000 -9999.000 -9999.000 -9999.000 -9999.000 -9999.000 -9999.000 -9999.000 -9999.000 -9999.000 -9999.000 -9999.000 -9999.000 0.7191832E-01 0.5746045E-01 0.5649776E-01 0.6237541E-01 0.7079623E-01 0.8009205E-01 0.8963086E-01 0.9836975E-01 0.1065490 0.1139489 0.1205414 0.1268879 0.1352340 0.1523075 0.1803169 0.1803169 -9999.000 -9999.000 -9999.000 -9999.000 -9999.000 -9999.000 -9999.000 -9999.000 -9999.000 -9999.000 -9999.000 -9999.000 -9999.000 -9999.000 -9999.000 -9999.000 -9999.000 -9999.000 -9999.000 -9999.000 -9999.000 -9999.000 -9999.000 -9999.000 -9999.000 -9999.000 -9999.000 -9999.000 -9999.000
-9999.000 -9999.000 -9999.000 -9999.000 -9999.000 -9999.000 -9999.000 -9999.000 -9999.000 -9999.000 -9999.000 -9999.000 -9999.000 -9999.000 -9999.000 0.6642158E-01 0.5057911E-01 0.4981612E-01 0.5674513E-01 0.6640729E-01 0.7699737E-01 0.8787948E-01 0.9788790E-01 0.1073412 0.1159621 0.1237042 0.1312095 0.1410961 0.1612828 0.1967699 0.1967699 -9999.000 -9999.000 -9999.000 -9999.000 -9999.000 -9999.000 -9999.000 -9999.000 -9999.000 -9999.000 -9999.000 -9999.000 -9999.000 -9999.000 -9999.000 -9999.000 -9999.000 -9999.000 -9999.000 -9999.000 -9999.000 -9999.000 -9999.000 -9999.000 -9999.000 -9999.000 -9999.000 -9999.000 -9999.000
-9999.000 -9999.000 -9999.000 -9999.000 -9999.000 -9999.000 -9999.000 -9999.000 -9999.000 -9999.000 -9999.000 -9999.000 -9999.000 -9999.000 -9999.000 0.6046971E-01 0.4345145E-01 0.4312129E-01 0.5121626E-01 0.6212163E-01 0.7397890E-01 0.8618453E-01 0.9745011E-01 0.1081850 0.1180387 0.1269446 0.1356339 0.1471346 0.1706904 0.2152748 0.2152748 -9999.000 -9999.000 -9999.000 -9999.000 -9999.000 -9999.000 -9999.000 -9999.000 -9999.000 -9999.000 -9999.000 -9999.000 -9999.000 -9999.000 -9999.000 -9999.000 -9999.000 -9999.000 -9999.000 -9999.000 -9999.000 -9999.000 -9999.000 -9999.000 -9999.000 -9999.000 -9999.000 -9999.000 -9999.000
-9999.000 -9999.000 -9999.000 -9999.000 -9999.000 -9999.000 -9999.000 -9999.000 -9999.000 -9999.000 -9999.000 -9999.000 -9999.000 -9999.000 -9999.000 0.5400369E-01 0.3611396E-01 0.3659751E-01 0.4596107E-01 0.5805364E-01 0.7110847E-01 0.8459260E-01 0.9708802E-01 0.1091028 0.1201931 0.1302699 0.1401627 0.1533545 0.1805721 0.2363624 0.2363624 -9999.000 -9999.000 -9999.000 -9999.000 -9999.000 -9999.000 -9999.000 -9999.000 -9999.000 -9999.000 -9999.000 -9999.000 -9999.000 -9999.000 -9999.000 -9999.000 -9999.000 -9999.000 -9999.000 -9999.000 -9999.000 -9999.000 -9999.000 -9999.000 -9999.000 -9999.000 -9999.000 -9999.000 -9999.000
-9999.000 -9999.000 -9999.000 -9999.000 -9999.000 -9999.000 -9999.000 -9999.000 -9999.000 -9999.000 -9999.000 -9999.000 -9999.000 -9999.000 -9999.000 0.4695576E-01 0.2869150E-01 0.3063797E-01 0.4127377E-01 0.5437870E-01 0.6849280E-01 0.8317365E-01 0.9685069E-01 0.1101318 0.1224526 0.1336972 0.1448055 0.1597665 0.1909786 0.2607696 0.2607696 -9999.000 -9999.000 -9999.000 -9999.000 -9999.000 -9999.000 -9999.000 -9999.000 -9999.000 -9999.000 -9999.000 -9999.000 -9999.000 -9999.000 -9999.000 -9999.000 -9999.000 -9999.000 -9999.000 -9999.000 -9999.000 -9999.000 -9999.000 -9999.000 -9999.000 -9999.000 -9999.000 -9999.000 -9999.000
-9999.000 -9999.000 -9999.000 -9999.000 -9999.000 -9999.000 -9999.000 -9999.000 -9999.000 -9999.000 -9999.000 -9999.000 -9999.000 -9999.000 -9999.000 0.3925159E-01 0.2159106E-01 0.2607289E-01 0.3764580E-01 0.5137029E-01 0.6629886E-01 0.8203975E-01 0.9682248E-01 0.1113397 0.1248703 0.1372670 0.1495917 0.1663977 0.2019750 0.2895487 0.2895487 -9999.000 -9999.000 -9999.000 -9999.000 -9999.000 -9999.000 -9999.000 -9999.000 -9999.000 -9999.000 -9999.000 -9999.000 -9999.000 -9999.000 -9999.000 -9999.000 -9999.000 -9999.000 -9999.000 -9999.000 -9999.000 -9999.000 -9999.000 -9999.000 -9999.000 -9999.000 -9999.000 -9999.000 -9999.000
-9999.000 -9999.000 -9999.000 -9999.000 -9999.000 -9999.000 -9999.000 -9999.000 -9999.000 -9999.000 -9999.000 -9999.000 -9999.000 -9999.000 -9999.000 0.3076628E-01 0.1634488E-01 0.2463721E-01 0.3610436E-01 0.4969930E-01 0.6500328E-01 0.8154633E-01 0.9728288E-01 0.1129511 0.1276272 0.1411252 0.1546387 0.1733450 0.2136783 0.3242816 0.3242816 -9999.000 -9999.000 -9999.000 -9999.000 -9999.000 -9999.000 -9999.000 -9999.000 -9999.000 -9999.000 -9999.000 -9999.000 -9999.000 -9999.000 -9999.000 -9999.000 -9999.000 -9999.000 -9999.000 -9999.000 -9999.000 -9999.000 -9999.000 -9999.000 -9999.000 -9999.000 -9999.000 -9999.000 -9999.000
-9999.000 -9999.000 -9999.000 -9999.000 -9999.000 -9999.000 -9999.000 -9999.000 -9999.000 -9999.000 -9999.000 -9999.000 -9999.000 -9999.000 -9999.000 0.4481099E-01 0.6844427E-01 0.7810853E-01 0.7848063E-01 0.8210947E-01 0.8826580E-01 0.9757707E-01 0.1083039 0.1207886 0.1336009 0.1461793 0.1595944 0.1795601 0.2248643 0.3643790 0.3643790 -9999.000 -9999.000 -9999.000 -9999.000 -9999.000 -9999.000 -9999.000 -9999.000 -9999.000 -9999.000 -9999.000 -9999.000 -9999.000 -9999.000 -9999.000 -9999.000 -9999.000 -9999.000 -9999.000 -9999.000 -9999.000 -9999.000 -9999.000 -9999.000 -9999.000 -9999.000 -9999.000 -9999.000 -9999.000
2.719975 2.719975 2.705945 2.737690 2.756702 2.756702 2.760307 2.761587 2.761587 2.759140 2.759140 2.754092 2.750824 2.747166 2.743301 2.743301 2.832720 2.835254 2.828675 2.802491 2.757214 2.691659 2.603119 2.495121 2.367777 2.223386 2.066588 1.908276 1.776092 1.744350 1.744350 2.567997 2.734196 2.823526 2.844416 2.844416 2.867835 2.867835 2.833107 2.833107 2.779229 2.572738 2.572738 2.109792 2.109792 1.930820 1.930820 1.930820 1.937301 1.937301 1.977803 1.977803 2.027404 2.027404 2.076258 2.076258 2.118336 2.118336 2.118336 2.150003
2.741035 2.741035 2.731402 2.789264 2.814931 2.814931 2.830135 2.853567 2.853567 2.872843 2.872843 2.889352 2.896809 2.903838 2.910608 2.910608 2.978195 2.992684 3.004910 3.012589 3.015186 3.010832 2.996445 2.970415 2.930089 2.873521 2.799921 2.710939 2.613663 2.554835 2.554835 2.996073 3.148293 3.292571 3.330771 3.330771 3.370672 3.370672 3.361727 3.361727 3.333925 3.216497 3.216497 2.957106 2.957106 2.748303 2.748303 2.748303 2.754195 2.754195 2.796305 2.796305 2.848899 2.848899 2.900465 2.900465 2.945904 2.945904 2.945904 2.982749
2.745993 2.745993 2.732229 2.791037 2.814650 2.814650 2.830550 2.854855 2.854855 2.874697 2.874697 2.891858 2.899688 2.907118 2.914330 2.914330 2.976258 3.000833 3.023853 3.043747 3.060091 3.072350 3.079340 3.080396 3.074079 3.058696 3.032723 2.995801 2.951066 2.923583 2.923583 3.178836 3.323689 3.488932 3.535921 3.535921 3.579050 3.579050 3.558986 3.558986 3.525505 3.422039 3.422039 3.251077 3.251077 3.046963 3.046963 3.046963 3.036689 3.036689 3.068324 3.068324 3.113203 3.113203 3.158610 3.158610 3.199326 3.199326 3.199326 3.232730
2.749604 2.749604 2.734040 2.791914 2.813951 2.813951 2.830152 2.854874 2.854874 2.874742 2.874742 2.891888 2.899722 2.907160 2.914412 2.914412 2.973984 3.007497 3.040175 3.069545 3.094648 3.115080 3.130402 3.140616 3.145487 3.144546 3.137215 3.123360 3.104856 3.097110 3.097110 3.255415 3.384429 3.553673 3.603093 3.603093 3.636594 3.636594 3.593657 3.593657 3.553940 3.469102 3.469102 3.365480 3.365480 3.191082 3.191082 3.191082 3.163848 3.163848 3.183122 3.183122 3.220832 3.220832 3.262008 3.262008 3.299786 3.299786 3.299786 3.330862
2.751939 2.751939 2.736489 2.792396 2.813401 2.813401 2.829799 2.854886 2.854886 2.874772 2.874772 2.891887 2.899713 2.907150 2.914448 2.914448 2.975358 3.016992 3.058585 3.096709 3.129887 3.157539 3.179360 3.195440 3.205949 3.211040 3.210866 3.205880 3.197829 3.197013 3.197013 3.299007 3.407718 3.565129 3.606346 3.606346 3.607799 3.607799 3.540217 3.540217 3.503956 3.454221 3.454221 3.408875 3.408875 3.281575 3.281575 3.281575 3.242063 3.242063 3.246742 3.246742 3.275001 3.275001 3.310700 3.310700 3.344889 3.344889 3.344889 3.373140
2.753334 2.753334 2.739493 2.792555 2.812964 2.812964 2.829503 2.854876 2.854876 2.874763 2.874763 2.891832 2.899641 2.907063 2.914422 2.914422 2.981218 3.030658 3.080468 3.126571 3.167181 3.201563 3.229427 3.250821 3.265970 3.275191 3.278896 3.277794 3.273549 3.273363 3.273363 3.338000 3.423252 3.547861 3.564467 3.564467 3.513350 3.513350 3.441334 3.441334 3.422774 3.418305 3.418305 3.419487 3.419487 3.345254 3.345254 3.345254 3.302811 3.302811 3.294135 3.294135 3.310860 3.310860 3.338890 3.338890 3.367828 3.367828 3.367828 3.392015
2.753878 2.753878 2.742849 2.793271 2.813540 2.813540 2.830224 2.855762 2.855762 2.875542 2.875542 2.892442 2.900174 2.907526 2.914919 2.914919 2.992932 3.050268 3.107673 3.160873 3.208029 3.248384 3.281673 3.307925 3.327347 3.340255 3.347089 3.348545 3.346030 3.344471 3.344471 3.382483 3.441246 3.500235 3.471306 3.471306 3.371665 3.371665 3.331959 3.331959 3.339819 3.377885 3.377885 3.412743 3.412743 3.388306 3.388306 3.388306 3.352884 3.352884 3.335666 3.335666 3.340636 3.340636 3.359083 3.359083 3.380862 3.380862 3.380862 3.399488
2.751232 2.751232 2.746250 2.793429 2.813570 2.813570 2.830241 2.855791 2.855791 2.875563 2.875563 2.892455 2.900186 2.907536 2.915069 2.915069 3.010963 3.076732 3.141329 3.200798 3.253532 3.298923 3.336807 3.367257 3.390473 3.406749 3.416470 3.420216 3.419030 3.415830 3.415830 3.433298 3.459476 3.401184 3.316078 3.316078 3.215044 3.215044 3.237358 3.237358 3.269478 3.338798 3.338798 3.396471 3.396471 3.413750 3.413750 3.413750 3.392406 3.392406 3.373165 3.373165 3.368361 3.368361 3.376279 3.376279 3.389148 3.389148 3.389148 3.400668
2.753878 2.753878 2.742849 2.793270 2.813539 2.813539 2.830225 2.855763 2.855763 2.875543 2.875543 2.892442 2.900174 2.907526 2.915256 2.915256 3.037131 3.112033 3.183439 3.248261 3.305425 3.354661 3.396020 3.429691 3.455924 3.475000 3.487248 3.493111 3.493166 3.487955 3.487955 3.485125 3.461244 3.226926 3.112274 3.112274 3.079957 3.079957 3.163949 3.163949 3.212051 3.301109 3.301109 3.374094 3.374094 3.424031 3.424031 3.424031 3.419795 3.419795 3.404532 3.404532 3.393558 3.393558 3.391299 3.391299 3.394093 3.394093 3.394093 3.397190
2.753335 2.753335 2.739491 2.792553 2.812963 2.812963 2.829505 2.854878 2.854878 2.874763 2.874763 2.891831 2.899640 2.907062 2.915132 2.915132 3.073494 3.158296 3.236075 3.305196 3.365460 3.417126 3.460587 3.496227 3.524403 3.545423 3.559585 3.567183 3.568049 3.558244 3.558244 3.522401 3.404913 2.988472 2.909954 2.909954 2.982452 2.982452 3.105052 3.105052 3.161771 3.262993 3.262993 3.346642 3.346642 3.421142 3.421142 3.421142 3.433688 3.433688 3.426405 3.426405 3.413296 3.413296 3.402409 3.402409 3.394795 3.394795 3.394795 3.388636
2.751940 2.751940 2.736486 2.792392 2.813400 2.813400 2.829801 2.854889 2.854889 2.874771 2.874771 2.891886 2.899713 2.907148 2.915612 2.915612 3.124202 3.219264 3.302512 3.374434 3.436051 3.488355 3.532187 3.568208 3.596923 3.618707 3.633855 3.642455 3.642456 3.617313 3.617313 3.502209 3.225586 2.751554 2.761732 2.761732 2.911362 2.911362 3.051763 3.051763 3.112852 3.222198 3.222198 3.313467 3.313467 3.405822 3.405822 3.405822 3.432801 3.432801 3.435056 3.435056 3.423081 3.423081 3.405812 3.405812 3.388379 3.388379 3.388379 3.372834
2.749606 2.749606 2.734038 2.791910 2.813950 2.813950 2.830154 2.854877 2.854877 2.874742 2.874742 2.891886 2.899719 2.907158 2.916158 2.916158 3.194393 3.299261 3.386269 3.458815 3.519499 3.570221 3.612355 3.646874 3.674461 3.695572 3.710514 3.718846 3.711689 3.630294 3.630294 3.333868 2.895365 2.596257 2.661582 2.661582 2.844705 2.844705 2.993427 2.993427 3.057000 3.172845 3.172845 3.269783 3.269783 3.374985 3.374985 3.374985 3.413335 3.413335 3.424674 3.424674 3.415531 3.415531 3.394157 3.394157 3.368291 3.368291 3.368291 3.344081
