cruce_test.gid/Rasters/Hydraulic/Velocity__x_320.0.asc
NCOLS        79
NROWS        79
XLLCENTER         -1.500000
YLLCENTER         -4.800000
CELLSIZE           0.100
NODATA_VALUE     -9999.0
[rows 0 to 25 of 79, columns 0 to 57 of 79]
-9999.000 -9999.000 -9999.000 -9999.000 -9999.000 -9999.000 -9999.000 -9999.000 -9999.000 -9999.000 -9999.000 -9999.000 -9999.000 -9999.000 -9999.000 0.2503342E-03 0.1992153E-02 0.5498870E-02 0.9122924E-02 0.1227061E-01 0.1473387E-01 0.1643459E-01 0.1738301E-01 0.1764008E-01 0.1726348E-01 0.1631745E-01 0.1483131E-01 0.1264926E-01 0.9025490E-02 0.4438631E-02 0.4438631E-02 -9999.000 -9999.000 -9999.000 -9999.000 -9999.000 -9999.000 -9999.000 -9999.000 -9999.000 -9999.000 -9999.000 -9999.000 -9999.000 -9999.000 -9999.000 -9999.000 -9999.000 -9999.000 -9999.000 -9999.000 -9999.000 -9999.000 -9999.000 -9999.000 -9999.000 -9999.000 -9999.000
-9999.000 -9999.000 -9999.000 -9999.000 -9999.000 -9999.000 -9999.000 -9999.000 -9999.000 -9999.000 -9999.000 -9999.000 -9999.000 -9999.000 -9999.000 0.1444122E-02 0.4383761E-02 0.9026475E-02 0.1369690E-01 0.1778326E-01 0.2102203E-01 0.2328100E-01 0.2452470E-01 0.2477971E-01 0.2408331E-01 0.2249094E-01 0.2003702E-01 0.1660304E-01 0.1157221E-01 0.5674873E-02 0.5674873E-02 -9999.000 -9999.000 -9999.000 -9999.000 -9999.000 -9999.000 -9999.000 -9999.000 -9999.000 -9999.000 -9999.000 -9999.000 -9999.000 -9999.000 -9999.000 -9999.000 -9999.000 -9999.000 -9999.000 -9999.000 -9999.000 -9999.000 -9999.000 -9999.000 -9999.000 -9999.000 -9999.000
-9999.000 -9999.000 -9999.000 -9999.000 -9999.000 -9999.000 -9999.000 -9999.000 -9999.000 -9999.000 -9999.000 -9999.000 -9999.000 -9999.000 -9999.000 0.2018211E-02 0.5599194E-02 0.1094253E-01 0.1625244E-01 0.2088525E-01 0.2455466E-01 0.2710961E-01 0.2850192E-01 0.2875074E-01 0.2789101E-01 0.2598331E-01 0.2307298E-01 0.1905225E-01 0.1329664E-01 0.6558808E-02 0.6558808E-02 -9999.000 -9999.000 -9999.000 -9999.000 -9999.000 -9999.000 -9999.000 -9999.000 -9999.000 -9999.000 -9999.000 -9999.000 -9999.000 -9999.000 -9999.000 -9999.000 -9999.000 -9999.000 -9999.000 -9999.000 -9999.000 -9999.000 -9999.000 -9999.000 -9999.000 -9999.000 -9999.000
-9999.000 -9999.000 -9999.000 -9999.000 -9999.000 -9999.000 -9999.000 -9999.000 -9999.000 -9999.000 -9999.000 -9999.000 -9999.000 -9999.000 -9999.000 0.2369080E-02 0.6350923E-02 0.1214157E-01 0.1786564E-01 0.2285452E-01 0.2680770E-01 0.2956354E-01 0.3106782E-01 0.3133747E-01 0.3040662E-01 0.2833942E-01 0.2518577E-01 0.2083533E-01 0.1463047E-01 0.7273044E-02 0.7273044E-02 -9999.000 -9999.000 -9999.000 -9999.000 -9999.000 -9999.000 -9999.000 -9999.000 -9999.000 -9999.000 -9999.000 -9999.000 -9999.000 -9999.000 -9999.000 -9999.000 -9999.000 -9999.000 -9999.000 -9999.000 -9999.000 -9999.000 -9999.000 -9999.000 -9999.000 -9999.000 -9999.000
-9999.000 -9999.000 -9999.000 -9999.000 -9999.000 -9999.000 -9999.000 -9999.000 -9999.000 -9999.000 -9999.000 -9999.000 -9999.000 -9999.000 -9999.000 0.2632135E-02 0.6915639E-02 0.1304398E-01 0.1908207E-01 0.2434334E-01 0.2851798E-01 0.3143729E-01 0.3304391E-01 0.3335414E-01 0.3240145E-01 0.3025170E-01 0.2695657E-01 0.2239583E-01 0.1586325E-01 0.7958156E-02 0.7958156E-02 -9999.000 -9999.000 -9999.000 -9999.000 -9999.000 -9999.000 -9999.000 -9999.000 -9999.000 -9999.000 -9999.000 -9999.000 -9999.000 -9999.000 -9999.000 -9999.000 -9999.000 -9999.000 -9999.000 -9999.000 -9999.000 -9999.000 -9999.000 -9999.000 -9999.000 -9999.000 -9999.000
-9999.000 -9999.000 -9999.000 -9999.000 -9999.000 -9999.000 -9999.000 -9999.000 -9999.000 -9999.000 -9999.000 -9999.000 -9999.000 -9999.000 -9999.000 0.2870213E-02 0.7424116E-02 0.1385085E-01 0.2016586E-01 0.2566836E-01 0.3004253E-01 0.3311413E-01 0.3482483E-01 0.3519120E-01 0.3424567E-01 0.3205593E-01 0.2867290E-01 0.2396204E-01 0.1715403E-01 0.8695214E-02 0.8695214E-02 -9999.000 -9999.000 -9999.000 -9999.000 -9999.000 -9999.000 -9999.000 -9999.000 -9999.000 -9999.000 -9999.000 -9999.000 -9999.000 -9999.000 -9999.000 -9999.000 -9999.000 -9999.000 -9999.000 -9999.000 -9999.000 -9999.000 -9999.000 -9999.000 -9999.000 -9999.000 -9999.000
-9999.000 -9999.000 -9999.000 -9999.000 -9999.000 -9999.000 -9999.000 -9999.000 -9999.000 -9999.000 -9999.000 -9999.000 -9999.000 -9999.000 -9999.000 0.3113743E-02 0.7939935E-02 0.1466110E-01 0.2124681E-01 0.2698523E-01 0.3155721E-01 0.3478387E-01 0.3660756E-01 0.3704602E-01 0.3612995E-01 0.3392906E-01 0.3049291E-01 0.2566730E-01 0.1860444E-01 0.9540314E-02 0.9540314E-02 -9999.000 -9999.000 -9999.000 -9999.000 -9999.000 -9999.000 -9999.000 -9999.000 -9999.000 -9999.000 -9999.000 -9999.000 -9999.000 -9999.000 -9999.000 -9999.000 -9999.000 -9999.000 -9999.000 -9999.000 -9999.000 -9999.000 -9999.000 -9999.000 -9999.000 -9999.000 -9999.000
-9999.000 -9999.000 -9999.000 -9999.000 -9999.000 -9999.000 -9999.000 -9999.000 -9999.000 -9999.000 -9999.000 -9999.000 -9999.000 -9999.000 -9999.000 0.3379189E-02 0.8497170E-02 0.1552699E-01 0.2239374E-01 0.2837747E-01 0.3315714E-01 0.3655066E-01 0.3850213E-01 0.3903105E-01 0.3816643E-01 0.3598066E-01 0.3252076E-01 0.2760792E-01 0.2029851E-01 0.1054381E-01 0.1054381E-01 -9999.000 -9999.000 -9999.000 -9999.000 -9999.000 -9999.000 -9999.000 -9999.000 -9999.000 -9999.000 -9999.000 -9999.000 -9999.000 -9999.000 -9999.000 -9999.000 -9999.000 -9999.000 -9999.000 -9999.000 -9999.000 -9999.000 -9999.000 -9999.000 -9999.000 -9999.000 -9999.000
-9999.000 -9999.000 -9999.000 -9999.000 -9999.000 -9999.000 -9999.000 -9999.000 -9999.000 -9999.000 -9999.000 -9999.000 -9999.000 -9999.000 -9999.000 0.3676612E-02 0.9117161E-02 0.1648193E-01 0.2365097E-01 0.2989811E-01 0.3490361E-01 0.3848281E-01 0.4058291E-01 0.4122609E-01 0.4043959E-01 0.3829875E-01 0.3484740E-01 0.2987664E-01 0.2232590E-01 0.1176300E-01 0.1176300E-01 -9999.000 -9999.000 -9999.000 -9999.000 -9999.000 -9999.000 -9999.000 -9999.000 -9999.000 -9999.000 -9999.000 -9999.000 -9999.000 -9999.000 -9999.000 -9999.000 -9999.000 -9999.000 -9999.000 -9999.000 -9999.000 -9999.000 -9999.000 -9999.000 -9999.000 -9999.000 -9999.000
-9999.000 -9999.000 -9999.000 -9999.000 -9999.000 -9999.000 -9999.000 -9999.000 -9999.000 -9999.000 -9999.000 -9999.000 -9999.000 -9999.000 -9999.000 0.4014613E-02 0.9817601E-02 0.1755340E-01 0.2505474E-01 0.3159252E-01 0.3685031E-01 0.4064175E-01 0.4291882E-01 0.4370746E-01 0.4303329E-01 0.4097543E-01 0.3757410E-01 0.3258305E-01 0.2480075E-01 0.1327304E-01 0.1327304E-01 -9999.000 -9999.000 -9999.000 -9999.000 -9999.000 -9999.000 -9999.000 -9999.000 -9999.000 -9999.000 -9999.000 -9999.000 -9999.000 -9999.000 -9999.000 -9999.000 -9999.000 -9999.000 -9999.000 -9999.000 -9999.000 -9999.000 -9999.000 -9999.000 -9999.000 -9999.000 -9999.000
-9999.000 -9999.000 -9999.000 -9999.000 -9999.000 -9999.000 -9999.000 -9999.000 -9999.000 -9999.000 -9999.000 -9999.000 -9999.000 -9999.000 -9999.000 0.4401695E-02 0.1061715E-01 0.1877134E-01 0.2664549E-01 0.3351068E-01 0.3905663E-01 0.4309626E-01 0.4558885E-01 0.4656544E-01 0.4604976E-01 0.4412651E-01 0.4083170E-01 0.3587420E-01 0.2788013E-01 0.1517924E-01 0.1517924E-01 -9999.000 -9999.000 -9999.000 -9999.000 -9999.000 -9999.000 -9999.000 -9999.000 -9999.000 -9999.000 -9999.000 -9999.000 -9999.000 -9999.000 -9999.000 -9999.000 -9999.000 -9999.000 -9999.000 -9999.000 -9999.000 -9999.000 -9999.000 -9999.000 -9999.000 -9999.000 -9999.000
-9999.000 -9999.000 -9999.000 -9999.000 -9999.000 -9999.000 -9999.000 -9999.000 -9999.000 -9999.000 -9999.000 -9999.000 -9999.000 -9999.000 -9999.000 0.4848759E-02 0.1153939E-01 0.2017334E-01 0.2847439E-01 0.3571695E-01 0.4160020E-01 0.4593764E-01 0.4869903E-01 0.4992185E-01 0.4962871E-01 0.4791263E-01 0.4480522E-01 0.3996056E-01 0.3179509E-01 0.1763785E-01 0.1763785E-01 -9999.000 -9999.000 -9999.000 -9999.000 -9999.000 -9999.000 -9999.000 -9999.000 -9999.000 -9999.000 -9999.000 -9999.000 -9999.000 -9999.000 -9999.000 -9999.000 -9999.000 -9999.000 -9999.000 -9999.000 -9999.000 -9999.000 -9999.000 -9999.000 -9999.000 -9999.000 -9999.000
-9999.000 -9999.000 -9999.000 -9999.000 -9999.000 -9999.000 -9999.000 -9999.000 -9999.000 -9999.000 -9999.000 -9999.000 -9999.000 -9999.000 -9999.000 0.5372025E-02 0.1261935E-01 0.2181569E-01 0.3061767E-01 0.3830676E-01 0.4459562E-01 0.4930023E-01 0.5240479E-01 0.5395615E-01 0.5397718E-01 0.5257300E-01 0.4977141E-01 0.4516037E-01 0.3689873E-01 0.2088914E-01 0.2088914E-01 -9999.000 -9999.000 -9999.000 -9999.000 -9999.000 -9999.000 -9999.000 -9999.000 -9999.000 -9999.000 -9999.000 -9999.000 -9999.000 -9999.000 -9999.000 -9999.000 -9999.000 -9999.000 -9999.000 -9999.000 -9999.000 -9999.000 -9999.000 -9999.000 -9999.000 -9999.000 -9999.000
-9999.000 -9999.000 -9999.000 -9999.000 -9999.000 -9999.000 -9999.000 -9999.000 -9999.000 -9999.000 -9999.000 -9999.000 -9999.000 -9999.000 -9999.000 0.6148665E-02 0.1419235E-01 0.2415793E-01 0.3357274E-01 0.4178840E-01 0.4854347E-01 0.5367040E-01 0.5718071E-01 0.5913937E-01 0.5957400E-01 0.5860910E-01 0.5626972E-01 0.5206233E-01 0.4382424E-01 0.2537472E-01 0.2537472E-01 -9999.000 -9999.000 -9999.000 -9999.000 -9999.000 -9999.000 -9999.000 -9999.000 -9999.000 -9999.000 -9999.000 -9999.000 -9999.000 -9999.000 -9999.000 -9999.000 -9999.000 -9999.000 -9999.000 -9999.000 -9999.000 -9999.000 -9999.000 -9999.000 -9999.000 -9999.000 -9999.000
-9999.000 -9999.000 -9999.000 -9999.000 -9999.000 -9999.000 -9999.000 -9999.000 -9999.000 -9999.000 -9999.000 -9999.000 -9999.000 -9999.000 -9999.000 0.4732873E-01 0.7172337E-01 0.8203024E-01 0.8086980E-01 0.8091472E-01 0.7989710E-01 0.7800210E-01 0.7553489E-01 0.7257688E-01 0.6916945E-01 0.6537867E-01 0.6109217E-01 0.5559510E-01 0.4635393E-01 0.2317381E-01 0.2317381E-01 -9999.000 -9999.000 -9999.000 -9999.000 -9999.000 -9999.000 -9999.000 -9999.000 -9999.000 -9999.000 -9999.000 -9999.000 -9999.000 -9999.000 -9999.000 -9999.000 -9999.000 -9999.000 -9999.000 -9999.000 -9999.000 -9999.000 -9999.000 -9999.000 -9999.000 -9999.000 -9999.000
2.727449 2.727449 2.716697 2.747714 2.766164 2.766164 2.769086 2.768776 2.768776 2.765382 2.765382 2.759923 2.756578 2.752902 2.749076 2.749076 2.842313 2.845037 2.839735 2.814108 2.769038 2.703269 2.614177 2.504761 2.375514 2.228561 2.068434 1.905604 1.766325 1.717013 1.717013 2.570257 2.742425 2.834321 2.855636 2.855636 2.879896 2.879896 2.846574 2.846574 2.793431 2.588714 2.588714 2.126471 2.126471 1.942544 1.942544 1.942544 1.947502 1.947502 1.987447 1.987447 2.036968 2.036968 2.085937 2.085937 2.128234 2.128234
2.749815 2.749815 2.743092 2.799876 2.825339 2.825339 2.839987 2.861937 2.861937 2.880204 2.880204 2.896167 2.903464 2.910388 2.917109 2.917109 2.987397 3.002193 3.014795 3.022470 3.024676 3.019417 3.003506 2.975095 2.931620 2.871123 2.792893 2.698759 2.596169 2.531623 2.531623 2.993806 3.153883 3.302655 3.341553 3.341553 3.382479 3.382479 3.374670 3.374670 3.347240 3.229937 3.229937 2.973915 2.973915 2.760760 2.760760 2.760760 2.765097 2.765097 2.806733 2.806733 2.859276 2.859276 2.910949 2.910949 2.956582 2.956582
2.754279 2.754279 2.745439 2.801365 2.824884 2.824884 2.840210 2.863078 2.863078 2.881983 2.881983 2.898674 2.906385 2.913748 2.920950 2.920950 2.985289 3.010347 3.033687 3.053518 3.069287 3.080304 3.085237 3.083211 3.072754 3.052155 3.019958 2.976007 2.923915 2.890200 2.890200 3.161633 3.317426 3.493042 3.542507 3.542507 3.589192 3.589192 3.571385 3.571385 3.537658 3.430977 3.430977 3.262309 3.262309 3.058665 3.058665 3.058665 3.047114 3.047114 3.078207 3.078207 3.122974 3.122974 3.168474 3.168474 3.209377 3.209377
2.756795 2.756795 2.748917 2.801966 2.824071 2.824071 2.839742 2.863093 2.863093 2.882027 2.882027 2.898677 2.906372 2.913727 2.920958 2.920958 2.982612 3.016689 3.049677 3.078954 3.103400 3.122432 3.135444 3.142226 3.142436 3.135539 3.120970 3.098738 3.071159 3.055200 3.055200 3.223233 3.362967 3.547345 3.602088 3.602088 3.644590 3.644590 3.605887 3.605887 3.564698 3.473194 3.473194 3.369746 3.369746 3.201555 3.201555 3.201555 3.174169 3.174169 3.192900 3.192900 3.230353 3.230353 3.271515 3.271515 3.309431 3.309431
2.757385 2.757385 2.753414 2.801954 2.823190 2.823190 2.839154 2.863049 2.863049 2.882101 2.882101 2.898753 2.906445 2.913797 2.921078 2.921078 2.983797 3.026011 3.067853 3.105774 3.138130 3.164157 3.183381 3.195698 3.201140 3.199757 3.191665 3.177394 3.159029 3.148226 3.148226 3.253558 3.370523 3.545903 3.596195 3.596195 3.614516 3.614516 3.551851 3.551851 3.512609 3.454561 3.454561 3.407945 3.407945 3.290086 3.290086 3.290086 3.252245 3.252245 3.256649 3.256649 3.284473 3.284473 3.319984 3.319984 3.354219 3.354219
2.753619 2.753619 2.760276 2.802141 2.822879 2.822879 2.839020 2.863214 2.863214 2.882231 2.882231 2.898804 2.906471 2.913809 2.921160 2.921160 2.989547 3.039497 3.089417 3.135101 3.174603 3.207020 3.231897 3.249112 3.258746 3.261001 3.256221 3.245135 3.229645 3.218041 3.218041 3.280741 3.370971 3.516389 3.547434 3.547434 3.520821 3.520821 3.451648 3.451648 3.429293 3.417137 3.417137 3.416465 3.416465 3.351636 3.351636 3.351636 3.312626 3.312626 3.304286 3.304286 3.320485 3.320485 3.348114 3.348114 3.376970 3.376970
2.753076 2.753076 2.763612 2.802025 2.822508 2.822508 2.838777 2.863221 2.863221 2.882267 2.882267 2.898816 2.906476 2.913808 2.921269 2.921269 3.000801 3.058529 3.115822 3.168279 3.213913 3.251830 3.281622 3.303173 3.316556 3.321974 3.319774 3.310633 3.296113 3.281995 3.281995 3.314104 3.375045 3.461626 3.454113 3.454113 3.380873 3.380873 3.340723 3.340723 3.345155 3.377322 3.377322 3.410180 3.410180 3.393097 3.393097 3.393097 3.362111 3.362111 3.346020 3.346020 3.350535 3.350535 3.368395 3.368395 3.389938 3.389938
2.752923 2.752923 2.764670 2.801984 2.822381 2.822381 2.838692 2.863222 2.863222 2.882279 2.882279 2.898821 2.906477 2.913807 2.921425 2.921425 3.018648 3.084521 3.148562 3.206712 3.257249 3.299473 3.333120 3.358150 3.374654 3.382808 3.382899 3.375449 3.361590 3.344961 3.344961 3.354019 3.381781 3.365990 3.306515 3.306515 3.224901 3.224901 3.244989 3.244989 3.274718 3.339941 3.339941 3.395709 3.395709 3.417845 3.417845 3.417845 3.400974 3.400974 3.383550 3.383550 3.378547 3.378547 3.385766 3.385766 3.398260 3.398260
2.753132 2.753132 2.763545 2.802022 2.822506 2.822506 2.838775 2.863222 2.863222 2.882268 2.882268 2.898817 2.906476 2.913808 2.921646 2.921646 3.044615 3.119137 3.189273 3.251879 3.305849 3.350884 3.386999 3.414314 3.432991 3.443205 3.445176 3.439252 3.426070 3.406985 3.406985 3.395561 3.378460 3.206552 3.112397 3.112397 3.089152 3.089152 3.171392 3.171392 3.218052 3.304363 3.304363 3.375700 3.375700 3.428428 3.428428 3.428428 3.427987 3.427987 3.414885 3.414885 3.404060 3.404060 3.401122 3.401122 3.403432 3.403432
2.753727 2.753727 2.760154 2.802138 2.822877 2.822877 2.839018 2.863215 2.863215 2.882232 2.882232 2.898804 2.906471 2.913809 2.921955 2.921955 3.080894 3.164454 3.239784 3.305306 3.360908 3.406932 3.443796 3.471874 3.491457 3.502755 3.505938 3.501184 3.488435 3.465368 3.465368 3.426237 3.332359 2.984811 2.915366 2.915366 2.990870 2.990870 3.112765 3.112765 3.168687 3.268149 3.268149 3.350535 3.350535 3.426484 3.426484 3.426484 3.441869 3.441869 3.436696 3.436696 3.424058 3.424058 3.412642 3.412642 3.404512 3.404512
2.757547 2.757547 2.753279 2.801957 2.823189 2.823189 2.839151 2.863043 2.863043 2.882096 2.882096 2.898751 2.906444 2.913795 2.922377 2.922377 3.130758 3.223193 3.302185 3.368500 3.423441 3.468210 3.503757 3.530773 3.549711 3.560848 3.564323 3.560107 3.546661 3.512402 3.512402 3.413327 3.185044 2.756421 2.768232 2.768232 2.919469 2.919469 3.059830 3.059830 3.120528 3.228866 3.228866 3.319320 3.319320 3.412403 3.412403 3.412403 3.441309 3.441309 3.445332 3.445332 3.433995 3.433995 3.416432 3.416432 3.398542 3.398542
