cruce_test.gid/Rasters/Hydraulic/Velocity____112.0.asc
NCOLS        79
NROWS        79
XLLCENTER         -1.500000
YLLCENTER         -4.800000
CELLSIZE           0.100
NODATA_VALUE     -9999.0
[rows 0 to 26 of 79, columns 0 to 59 of 79]
-9999.000 -9999.000 -9999.000 -9999.000 -9999.000 -9999.000 -9999.000 -9999.000 -9999.000 -9999.000 -9999.000 -9999.000 -9999.000 -9999.000 -9999.000 0.1626438 0.1615666 0.1615070 0.1616418 0.1618512 0.1620834 0.1623100 0.1625183 0.1627135 0.1629301 0.1632460 0.1638010 0.1648415 0.1667413 0.1661527 0.1661527 -9999.000 -9999.000 -9999.000 -9999.000 -9999.000 -9999.000 -9999.000 -9999.000 -9999.000 -9999.000 -9999.000 -9999.000 -9999.000 -9999.000 -9999.000 -9999.000 -9999.000 -9999.000 -9999.000 -9999.000 -9999.000 -9999.000 -9999.000 -9999.000 -9999.000 -9999.000 -9999.000 -9999.000 -9999.000
-9999.000 -9999.000 -9999.000 -9999.000 -9999.000 -9999.000 -9999.000 -9999.000 -9999.000 -9999.000 -9999.000 -9999.000 -9999.000 -9999.000 -9999.000 0.1604215 0.1581120 0.1579867 0.1582917 0.1587728 0.1593152 0.1598528 0.1603529 0.1608208 0.1613277 0.1620373 0.1632530 0.1655131 0.1696144 0.1689597 0.1689597 -9999.000 -9999.000 -9999.000 -9999.000 -9999.000 -9999.000 -9999.000 -9999.000 -9999.000 -9999.000 -9999.000 -9999.000 -9999.000 -9999.000 -9999.000 -9999.000 -9999.000 -9999.000 -9999.000 -9999.000 -9999.000 -9999.000 -9999.000 -9999.000 -9999.000 -9999.000 -9999.000 -9999.000 -9999.000
-9999.000 -9999.000 -9999.000 -9999.000 -9999.000 -9999.000 -9999.000 -9999.000 -9999.000 -9999.000 -9999.000 -9999.000 -9999.000 -9999.000 -9999.000 0.1569400 0.1532778 0.1530800 0.1536257 0.1544990 0.1555066 0.1565340 0.1575240 0.1584847 0.1595357 0.1609509 0.1632310 0.1672483 0.1742546 0.1742148 0.1742148 -9999.000 -9999.000 -9999.000 -9999.000 -9999.000 -9999.000 -9999.000 -9999.000 -9999.000 -9999.000 -9999.000 -9999.000 -9999.000 -9999.000 -9999.000 -9999.000 -9999.000 -9999.000 -9999.000 -9999.000 -9999.000 -9999.000 -9999.000 -9999.000 -9999.000 -9999.000 -9999.000 -9999.000 -9999.000
-9999.000 -9999.000 -9999.000 -9999.000 -9999.000 -9999.000 -9999.000 -9999.000 -9999.000 -9999.000 -9999.000 -9999.000 -9999.000 -9999.000 -9999.000 0.1527569 0.1477849 0.1475431 0.1483890 0.1497363 0.1513081 0.1529384 0.1545427 0.1561309 0.1578721 0.1601544 0.1636866 0.1696973 0.1799454 0.1812096 0.1812096 -9999.000 -9999.000 -9999.000 -9999.000 -9999.000 -9999.000 -9999.000 -9999.000 -9999.000 -9999.000 -9999.000 -9999.000 -9999.000 -9999.000 -9999.000 -9999.000 -9999.000 -9999.000 -9999.000 -9999.000 -9999.000 -9999.000 -9999.000 -9999.000 -9999.000 -9999.000 -9999.000 -9999.000 -9999.000
-9999.000 -9999.000 -9999.000 -9999.000 -9999.000 -9999.000 -9999.000 -9999.000 -9999.000 -9999.000 -9999.000 -9999.000 -9999.000 -9999.000 -9999.000 0.1479910 0.1417548 0.1414928 0.1426896 0.1445801 0.1467972 0.1491194 0.1514332 0.1537496 0.1562889 0.1595616 0.1644997 0.1727216 0.1865650 0.1898919 0.1898919 -9999.000 -9999.000 -9999.000 -9999.000 -9999.000 -9999.000 -9999.000 -9999.000 -9999.000 -9999.000 -9999.000 -9999.000 -9999.000 -9999.000 -9999.000 -9999.000 -9999.000 -9999.000 -9999.000 -9999.000 -9999.000 -9999.000 -9999.000 -9999.000 -9999.000 -9999.000 -9999.000 -9999.000 -9999.000
-9999.000 -9999.000 -9999.000 -9999.000 -9999.000 -9999.000 -9999.000 -9999.000 -9999.000 -9999.000 -9999.000 -9999.000 -9999.000 -9999.000 -9999.000 0.1427006 0.1352592 0.1349997 0.1365937 0.1390886 0.1420211 0.1451099 0.1482104 0.1513348 0.1547585 0.1591238 0.1656059 0.1762546 0.1940834 0.2003609 0.2003609 -9999.000 -9999.000 -9999.000 -9999.000 -9999.000 -9999.000 -9999.000 -9999.000 -9999.000 -9999.000 -9999.000 -9999.000 -9999.000 -9999.000 -9999.000 -9999.000 -9999.000 -9999.000 -9999.000 -9999.000 -9999.000 -9999.000 -9999.000 -9999.000 -9999.000 -9999.000 -9999.000 -9999.000 -9999.000
-9999.000 -9999.000 -9999.000 -9999.000 -9999.000 -9999.000 -9999.000 -9999.000 -9999.000 -9999.000 -9999.000 -9999.000 -9999.000 -9999.000 -9999.000 0.1368967 0.1283320 0.1281011 0.1301386 0.1332973 0.1370105 0.1409326 0.1448864 0.1488865 0.1532671 0.1588147 0.1669725 0.1802726 0.2025311 0.2128420 0.2128420 -9999.000 -9999.000 -9999.000 -9999.000 -9999.000 -9999.000 -9999.000 -9999.000 -9999.000 -9999.000 -9999.000 -9999.000 -9999.000 -9999.000 -9999.000 -9999.000 -9999.000 -9999.000 -9999.000 -9999.000 -9999.000 -9999.000 -9999.000 -9999.000 -9999.000 -9999.000 -9999.000 -9999.000 -9999.000
-9999.000 -9999.000 -9999.000 -9999.000 -9999.000 -9999.000 -9999.000 -9999.000 -9999.000 -9999.000 -9999.000 -9999.000 -9999.000 -9999.000 -9999.000 0.1305545 0.1209804 0.1208120 0.1233441 0.1272284 0.1317873 0.1366063 0.1414748 0.1464105 0.1518125 0.1586256 0.1685890 0.1847814 0.2119853 0.2276964 0.2276964 -9999.000 -9999.000 -9999.000 -9999.000 -9999.000 -9999.000 -9999.000 -9999.000 -9999.000 -9999.000 -9999.000 -9999.000 -9999.000 -9999.000 -9999.000 -9999.000 -9999.000 -9999.000 -9999.000 -9999.000 -9999.000 -9999.000 -9999.000 -9999.000 -9999.000 -9999.000 -9999.000 -9999.000 -9999.000
-9999.000 -9999.000 -9999.000 -9999.000 -9999.000 -9999.000 -9999.000 -9999.000 -9999.000 -9999.000 -9999.000 -9999.000 -9999.000 -9999.000 -9999.000 0.1236219 0.1131931 0.1131328 0.1162210 0.1209004 0.1263737 0.1321540 0.1379960 0.1439237 0.1504069 0.1585643 0.1704648 0.1898108 0.2225659 0.2454564 0.2454564 -9999.000 -9999.000 -9999.000 -9999.000 -9999.000 -9999.000 -9999.000 -9999.000 -9999.000 -9999.000 -9999.000 -9999.000 -9999.000 -9999.000 -9999.000 -9999.000 -9999.000 -9999.000 -9999.000 -9999.000 -9999.000 -9999.000 -9999.000 -9999.000 -9999.000 -9999.000 -9999.000 -9999.000 -9999.000
-9999.000 -9999.000 -9999.000 -9999.000 -9999.000 -9999.000 -9999.000 -9999.000 -9999.000 -9999.000 -9999.000 -9999.000 -9999.000 -9999.000 -9999.000 0.1160222 0.1049438 0.1050584 0.1087818 0.1143389 0.1208038 0.1276131 0.1344887 0.1414634 0.1490848 0.1586630 0.1726333 0.1954170 0.2344391 0.2668971 0.2668971 -9999.000 -9999.000 -9999.000 -9999.000 -9999.000 -9999.000 -9999.000 -9999.000 -9999.000 -9999.000 -9999.000 -9999.000 -9999.000 -9999.000 -9999.000 -9999.000 -9999.000 -9999.000 -9999.000 -9999.000 -9999.000 -9999.000 -9999.000 -9999.000 -9999.000 -9999.000 -9999.000 -9999.000 -9999.000
-9999.000 -9999.000 -9999.000 -9999.000 -9999.000 -9999.000 -9999.000 -9999.000 -9999.000 -9999.000 -9999.000 -9999.000 -9999.000 -9999.000 -9999.000 0.1076521 0.9619281E-01 0.9658272E-01 0.1010518 0.1075929 0.1151411 0.1230560 0.1310292 0.1391086 0.1479259 0.1589994 0.1751710 0.2016953 0.2478278 0.2931640 0.2931640 -9999.000 -9999.000 -9999.000 -9999.000 -9999.000 -9999.000 -9999.000 -9999.000 -9999.000 -9999.000 -9999.000 -9999.000 -9999.000 -9999.000 -9999.000 -9999.000 -9999.000 -9999.000 -9999.000 -9999.000 -9999.000 -9999.000 -9999.000 -9999.000 -9999.000 -9999.000 -9999.000 -9999.000 -9999.000
-9999.000 -9999.000 -9999.000 -9999.000 -9999.000 -9999.000 -9999.000 -9999.000 -9999.000 -9999.000 -9999.000 -9999.000 -9999.000 -9999.000 -9999.000 0.9837209E-01 0.8688495E-01 0.8770932E-01 0.9308909E-01 0.1007613 0.1095118 0.1186263 0.1277740 0.1370259 0.1471033 0.1597470 0.1782424 0.2088132 0.2630352 0.3260092 0.3260092 -9999.000 -9999.000 -9999.000 -9999.000 -9999.000 -9999.000 -9999.000 -9999.000 -9999.000 -9999.000 -9999.000 -9999.000 -9999.000 -9999.000 -9999.000 -9999.000 -9999.000 -9999.000 -9999.000 -9999.000 -9999.000 -9999.000 -9999.000 -9999.000 -9999.000 -9999.000 -9999.000 -9999.000 -9999.000
-9999.000 -9999.000 -9999.000 -9999.000 -9999.000 -9999.000 -9999.000 -9999.000 -9999.000 -9999.000 -9999.000 -9999.000 -9999.000 -9999.000 -9999.000 0.8798928E-01 0.7694926E-01 0.7847667E-01 0.8503048E-01 0.9405136E-01 0.1041711 0.1146156 0.1250467 0.1355692 0.1469964 0.1612941 0.1822149 0.2171017 0.2805021 0.3682477 0.3682477 -9999.000 -9999.000 -9999.000 -9999.000 -9999.000 -9999.000 -9999.000 -9999.000 -9999.000 -9999.000 -9999.000 -9999.000 -9999.000 -9999.000 -9999.000 -9999.000 -9999.000 -9999.000 -9999.000 -9999.000 -9999.000 -9999.000 -9999.000 -9999.000 -9999.000 -9999.000 -9999.000 -9999.000 -9999.000
-9999.000 -9999.000 -9999.000 -9999.000 -9999.000 -9999.000 -9999.000 -9999.000 -9999.000 -9999.000 -9999.000 -9999.000 -9999.000 -9999.000 -9999.000 0.7618613E-01 0.6632590E-01 0.6910342E-01 0.7732277E-01 0.8805879E-01 0.9981181E-01 0.1117899 0.1236794 0.1356371 0.1485637 0.1646264 0.1880238 0.2273525 0.3009835 0.4247572 0.4247572 -9999.000 -9999.000 -9999.000 -9999.000 -9999.000 -9999.000 -9999.000 -9999.000 -9999.000 -9999.000 -9999.000 -9999.000 -9999.000 -9999.000 -9999.000 -9999.000 -9999.000 -9999.000 -9999.000 -9999.000 -9999.000 -9999.000 -9999.000 -9999.000 -9999.000 -9999.000 -9999.000 -9999.000 -9999.000
-9999.000 -9999.000 -9999.000 -9999.000 -9999.000 -9999.000 -9999.000 -9999.000 -9999.000 -9999.000 -9999.000 -9999.000 -9999.000 -9999.000 -9999.000 0.5959266E-01 0.6206068E-01 0.7375982E-01 0.8749674E-01 0.1011188 0.1141027 0.1263565 0.1380024 0.1494526 0.1617479 0.1772321 0.2006057 0.2421414 0.3255267 0.5023472 0.5023472 -9999.000 -9999.000 -9999.000 -9999.000 -9999.000 -9999.000 -9999.000 -9999.000 -9999.000 -9999.000 -9999.000 -9999.000 -9999.000 -9999.000 -9999.000 -9999.000 -9999.000 -9999.000 -9999.000 -9999.000 -9999.000 -9999.000 -9999.000 -9999.000 -9999.000 -9999.000 -9999.000 -9999.000 -9999.000
2.037970 2.037970 2.096803 2.135592 2.144268 2.144268 2.150231 2.157565 2.157565 2.161056 2.161056 2.161967 2.161707 2.161058 2.162785 2.162785 1.827233 1.776054 1.719125 1.651677 1.572721 1.482684 1.382978 1.276150 1.166249 1.059522 0.9657579 0.9012690 0.8966880 1.021909 1.021909 1.810517 1.955534 1.973173 1.954494 1.954494 1.895902 1.895902 1.773075 1.773075 1.460973 1.201044 1.201044 1.142176 1.142176 1.171362 1.171362 1.171362 1.222558 1.222558 1.272660 1.272660 1.325503 1.325503 1.363573 1.363573 1.391884 1.391884 1.391884 1.410239
2.055194 2.055194 2.120802 2.175436 2.192970 2.192970 2.207856 2.233063 2.233063 2.254376 2.254376 2.272993 2.281525 2.289627 2.298180 2.298180 2.090850 2.066840 2.054434 2.036931 2.009793 1.971208 1.920202 1.856655 1.781903 1.699334 1.614797 1.539456 1.495499 1.534178 1.534178 2.012198 2.162277 2.269448 2.286354 2.286354 2.276551 2.276551 2.211314 2.211314 2.068736 1.773120 1.773120 1.703634 1.703634 1.734913 1.734913 1.734913 1.783558 1.783558 1.820712 1.820712 1.877351 1.877351 1.917542 1.917542 1.949983 1.949983 1.949983 1.974667
2.058897 2.058897 2.123243 2.175824 2.193401 2.193401 2.208451 2.234101 2.234101 2.255928 2.255928 2.275115 2.283957 2.292388 2.300881 2.300881 2.140695 2.115239 2.117326 2.122046 2.121679 2.113992 2.097730 2.071617 2.034929 1.990385 1.941167 1.894440 1.864139 1.886880 1.886880 2.217558 2.350960 2.478531 2.505608 2.505608 2.508281 2.508281 2.452986 2.452986 2.375113 2.156481 2.156481 2.054874 2.054874 2.070281 2.070281 2.070281 2.109763 2.109763 2.146249 2.146249 2.187535 2.187535 2.220446 2.220446 2.246745 2.246745 2.246745 2.266618
2.061605 2.061605 2.125468 2.175862 2.193310 2.193310 2.208360 2.234079 2.234079 2.255949 2.255949 2.275152 2.283998 2.292433 2.300732 2.300732 2.175657 2.143055 2.146421 2.159086 2.169589 2.174990 2.174323 2.166858 2.152226 2.131729 2.107232 2.083271 2.069411 2.091395 2.091395 2.326914 2.443509 2.567790 2.593946 2.593946 2.593203 2.593203 2.543651 2.543651 2.496952 2.346708 2.346708 2.235002 2.235002 2.232419 2.232419 2.232419 2.266271 2.266271 2.299713 2.299713 2.334993 2.334993 2.364773 2.364773 2.388313 2.388313 2.388313 2.405665
2.063530 2.063530 2.127350 2.175903 2.193201 2.193201 2.208244 2.234036 2.234036 2.255950 2.255950 2.275159 2.284003 2.292434 2.300620 2.300620 2.209179 2.174636 2.175972 2.191667 2.207643 2.219531 2.226178 2.227230 2.222799 2.214135 2.203003 2.192952 2.191097 2.215476 2.215476 2.380094 2.483634 2.591055 2.607308 2.607308 2.592919 2.592919 2.554805 2.554805 2.531152 2.447246 2.447246 2.350551 2.350551 2.325378 2.325378 2.325378 2.352319 2.352319 2.382774 2.382774 2.414329 2.414329 2.441530 2.441530 2.462802 2.462802 2.462802 2.478122
2.064814 2.064814 2.128751 2.175951 2.193106 2.193106 2.208136 2.233995 2.233995 2.255950 2.255950 2.275167 2.284008 2.292436 2.300560 2.300560 2.240352 2.210916 2.211072 2.227736 2.246987 2.263054 2.274121 2.279761 2.280266 2.276932 2.271707 2.267879 2.271230 2.294345 2.294345 2.410469 2.495293 2.566558 2.566020 2.566020 2.541625 2.541625 2.527487 2.527487 2.524582 2.496392 2.496392 2.432142 2.432142 2.390714 2.390714 2.390714 2.408135 2.408135 2.433853 2.433853 2.461462 2.461462 2.485667 2.485667 2.504497 2.504497 2.504497 2.517820
2.065548 2.065548 2.129606 2.175992 2.193043 2.193043 2.208061 2.233964 2.233964 2.255950 2.255950 2.275173 2.284013 2.292439 2.300529 2.300529 2.268948 2.250383 2.252326 2.269356 2.290457 2.309391 2.323636 2.332401 2.335836 2.335081 2.332096 2.330043 2.333844 2.351665 2.351665 2.428390 2.483460 2.496098 2.480246 2.480246 2.465403 2.465403 2.485567 2.485567 2.500429 2.513500 2.513500 2.486262 2.486262 2.442861 2.442861 2.442861 2.450181 2.450181 2.469278 2.469278 2.491845 2.491845 2.512319 2.512319 2.528267 2.528267 2.528267 2.539400
2.065788 2.065788 2.129893 2.176008 2.193022 2.193022 2.208034 2.233953 2.233953 2.255950 2.255950 2.275175 2.284015 2.292440 2.300514 2.300514 2.296083 2.292040 2.299371 2.317426 2.339450 2.360076 2.376492 2.387527 2.393025 2.393794 2.391568 2.389241 2.390803 2.399260 2.399260 2.433851 2.439236 2.383023 2.367047 2.367047 2.386250 2.386250 2.441272 2.441272 2.469600 2.511044 2.511044 2.516267 2.516267 2.485148 2.485148 2.485148 2.484898 2.484898 2.496534 2.496534 2.512954 2.512954 2.528705 2.528705 2.541085 2.541085 2.541085 2.549714
2.065548 2.065548 2.129606 2.175992 2.193043 2.193043 2.208061 2.233964 2.233964 2.255950 2.255950 2.275172 2.284013 2.292439 2.300505 2.300505 2.323843 2.336054 2.351799 2.372349 2.394982 2.416258 2.433756 2.446162 2.453033 2.454789 2.452772 2.449402 2.447096 2.439672 2.439672 2.413186 2.341963 2.246108 2.251552 2.251552 2.316368 2.316368 2.398734 2.398734 2.436465 2.497084 2.497084 2.527162 2.527162 2.516984 2.516984 2.516984 2.513746 2.513746 2.518644 2.518644 2.528212 2.528212 2.538260 2.538260 2.546349 2.546349 2.546349 2.552162
2.064814 2.064814 2.128751 2.175951 2.193105 2.193105 2.208136 2.233994 2.233994 2.255950 2.255950 2.275167 2.284008 2.292436 2.300502 2.300502 2.355089 2.383894 2.409784 2.434350 2.457786 2.478932 2.496390 2.509099 2.516506 2.518698 2.516572 2.511863 2.503538 2.464252 2.464252 2.333274 2.176722 2.115949 2.152413 2.152413 2.257003 2.257003 2.358047 2.358047 2.402319 2.476200 2.476200 2.524071 2.524071 2.537090 2.537090 2.537090 2.535537 2.535537 2.535689 2.535689 2.538468 2.538468 2.542167 2.542167 2.545400 2.545400 2.545400 2.548200
2.063530 2.063530 2.127350 2.175903 2.193200 2.193200 2.208243 2.234036 2.234036 2.255950 2.255950 2.275159 2.284003 2.292434 2.300501 2.300501 2.393573 2.438322 2.474539 2.503918 2.528427 2.548897 2.565264 2.577101 2.584004 2.585886 2.583245 2.576764 2.556084 2.441906 2.441906 2.152615 1.969958 2.009909 2.066501 2.066501 2.202963 2.202963 2.316946 2.316946 2.366181 2.449790 2.449790 2.510193 2.510193 2.544444 2.544444 2.544444 2.547838 2.547838 2.545683 2.545683 2.542521 2.542521 2.539790 2.539790 2.537959 2.537959 2.537959 2.537761
2.061605 2.061605 2.125468 2.175863 2.193310 2.193310 2.208360 2.234080 2.234080 2.255950 2.255950 2.275152 2.283998 2.292433 2.300503 2.300503 2.444443 2.503521 2.548608 2.582270 2.607581 2.626783 2.641068 2.650830 2.656055 2.656677 2.652918 2.643150 2.586702 2.302016 2.302016 1.860639 1.804816 1.921115 1.996058 1.996058 2.150802 2.150802 2.274693 2.274693 2.328083 2.418862 2.418862 2.487849 2.487849 2.539175 2.539175 2.539175 2.548765 2.548765 2.546323 2.546323 2.538533 2.538533 2.529898 2.529898 2.523260 2.523260 2.523260 2.520328
