cruce_test.gid/Rasters/Hydraulic/Velocity__y_75.0.asc
NCOLS        79
NROWS        79
XLLCENTER         -1.500000
YLLCENTER         -4.800000
CELLSIZE           0.100
NODATA_VALUE     -9999.0
[rows 0 to 25 of 79, columns 0 to 58 of 79]
-9999.000 -9999.000 -9999.000 -9999.000 -9999.000 -9999.000 -9999.000 -9999.000 -9999.000 -9999.000 -9999.000 -9999.000 -9999.000 -9999.000 -9999.000 -0.2186121 -0.2175408 -0.2177032 -0.2179499 -0.2182058 -0.2184704 -0.2187575 -0.2190880 -0.2194902 -0.2200022 -0.2206770 -0.2215921 -0.2228613 -0.2245141 -0.2219992 -0.2219992 -9999.000 -9999.000 -9999.000 -9999.000 -9999.000 -9999.000 -9999.000 -9999.000 -9999.000 -9999.000 -9999.000 -9999.000 -9999.000 -9999.000 -9999.000 -9999.000 -9999.000 -9999.000 -9999.000 -9999.000 -9999.000 -9999.000 -9999.000 -9999.000 -9999.000 -9999.000 -9999.000 -9999.000
-9999.000 -9999.000 -9999.000 -9999.000 -9999.000 -9999.000 -9999.000 -9999.000 -9999.000 -9999.000 -9999.000 -9999.000 -9999.000 -9999.000 -9999.000 -0.2156141 -0.2132085 -0.2134988 -0.2139676 -0.2144527 -0.2149530 -0.2154995 -0.2161415 -0.2169449 -0.2179967 -0.2194128 -0.2213538 -0.2240413 -0.2275010 -0.2228063 -0.2228063 -9999.000 -9999.000 -9999.000 -9999.000 -9999.000 -9999.000 -9999.000 -9999.000 -9999.000 -9999.000 -9999.000 -9999.000 -9999.000 -9999.000 -9999.000 -9999.000 -9999.000 -9999.000 -9999.000 -9999.000 -9999.000 -9999.000 -9999.000 -9999.000 -9999.000 -9999.000 -9999.000 -9999.000
-9999.000 -9999.000 -9999.000 -9999.000 -9999.000 -9999.000 -9999.000 -9999.000 -9999.000 -9999.000 -9999.000 -9999.000 -9999.000 -9999.000 -9999.000 -0.2110485 -0.2071275 -0.2075899 -0.2083950 -0.2092688 -0.2102041 -0.2112525 -0.2124996 -0.2140603 -0.2160805 -0.2187471 -0.2223032 -0.2270634 -0.2329784 -0.2262999 -0.2262999 -9999.000 -9999.000 -9999.000 -9999.000 -9999.000 -9999.000 -9999.000 -9999.000 -9999.000 -9999.000 -9999.000 -9999.000 -9999.000 -9999.000 -9999.000 -9999.000 -9999.000 -9999.000 -9999.000 -9999.000 -9999.000 -9999.000 -9999.000 -9999.000 -9999.000 -9999.000 -9999.000 -9999.000
-9999.000 -9999.000 -9999.000 -9999.000 -9999.000 -9999.000 -9999.000 -9999.000 -9999.000 -9999.000 -9999.000 -9999.000 -9999.000 -9999.000 -9999.000 -0.2054021 -0.1999936 -0.2006832 -0.2019119 -0.2032881 -0.2047994 -0.2065198 -0.2085732 -0.2111247 -0.2143813 -0.2186021 -0.2241146 -0.2313329 -0.2401370 -0.2320410 -0.2320410 -9999.000 -9999.000 -9999.000 -9999.000 -9999.000 -9999.000 -9999.000 -9999.000 -9999.000 -9999.000 -9999.000 -9999.000 -9999.000 -9999.000 -9999.000 -9999.000 -9999.000 -9999.000 -9999.000 -9999.000 -9999.000 -9999.000 -9999.000 -9999.000 -9999.000 -9999.000 -9999.000 -9999.000
-9999.000 -9999.000 -9999.000 -9999.000 -9999.000 -9999.000 -9999.000 -9999.000 -9999.000 -9999.000 -9999.000 -9999.000 -9999.000 -9999.000 -9999.000 -0.1987444 -0.1919205 -0.1928911 -0.1946200 -0.1965953 -0.1987995 -0.2013312 -0.2043556 -0.2080922 -0.2128146 -0.2188618 -0.2266570 -0.2367301 -0.2489066 -0.2400304 -0.2400304 -9999.000 -9999.000 -9999.000 -9999.000 -9999.000 -9999.000 -9999.000 -9999.000 -9999.000 -9999.000 -9999.000 -9999.000 -9999.000 -9999.000 -9999.000 -9999.000 -9999.000 -9999.000 -9999.000 -9999.000 -9999.000 -9999.000 -9999.000 -9999.000 -9999.000 -9999.000 -9999.000 -9999.000
-9999.000 -9999.000 -9999.000 -9999.000 -9999.000 -9999.000 -9999.000 -9999.000 -9999.000 -9999.000 -9999.000 -9999.000 -9999.000 -9999.000 -9999.000 -0.1910883 -0.1829775 -0.1842802 -0.1865733 -0.1892260 -0.1922177 -0.1956745 -0.1998078 -0.2048983 -0.2112958 -0.2194318 -0.2298441 -0.2432054 -0.2593200 -0.2504217 -0.2504217 -9999.000 -9999.000 -9999.000 -9999.000 -9999.000 -9999.000 -9999.000 -9999.000 -9999.000 -9999.000 -9999.000 -9999.000 -9999.000 -9999.000 -9999.000 -9999.000 -9999.000 -9999.000 -9999.000 -9999.000 -9999.000 -9999.000 -9999.000 -9999.000 -9999.000 -9999.000 -9999.000 -9999.000
-9999.000 -9999.000 -9999.000 -9999.000 -9999.000 -9999.000 -9999.000 -9999.000 -9999.000 -9999.000 -9999.000 -9999.000 -9999.000 -9999.000 -9999.000 -0.1823956 -0.1731945 -0.1748800 -0.1777890 -0.1811806 -0.1850345 -0.1895089 -0.1948681 -0.2014641 -0.2097362 -0.2202273 -0.2336165 -0.2507585 -0.2714956 -0.2635163 -0.2635163 -9999.000 -9999.000 -9999.000 -9999.000 -9999.000 -9999.000 -9999.000 -9999.000 -9999.000 -9999.000 -9999.000 -9999.000 -9999.000 -9999.000 -9999.000 -9999.000 -9999.000 -9999.000 -9999.000 -9999.000 -9999.000 -9999.000 -9999.000 -9999.000 -9999.000 -9999.000 -9999.000 -9999.000
-9999.000 -9999.000 -9999.000 -9999.000 -9999.000 -9999.000 -9999.000 -9999.000 -9999.000 -9999.000 -9999.000 -9999.000 -9999.000 -9999.000 -9999.000 -0.1725821 -0.1625684 -0.1646895 -0.1682551 -0.1724312 -0.1772033 -0.1827684 -0.1894528 -0.1976928 -0.2080354 -0.2211604 -0.2379255 -0.2594241 -0.2856304 -0.2797875 -0.2797875 -9999.000 -9999.000 -9999.000 -9999.000 -9999.000 -9999.000 -9999.000 -9999.000 -9999.000 -9999.000 -9999.000 -9999.000 -9999.000 -9999.000 -9999.000 -9999.000 -9999.000 -9999.000 -9999.000 -9999.000 -9999.000 -9999.000 -9999.000 -9999.000 -9999.000 -9999.000 -9999.000 -9999.000
-9999.000 -9999.000 -9999.000 -9999.000 -9999.000 -9999.000 -9999.000 -9999.000 -9999.000 -9999.000 -9999.000 -9999.000 -9999.000 -9999.000 -9999.000 -0.1615226 -0.1510666 -0.1536794 -0.1579316 -0.1629228 -0.1686513 -0.1753611 -0.1834524 -0.1934625 -0.2060700 -0.2221256 -0.2427176 -0.2692601 -0.3020058 -0.2999399 -0.2999399 -9999.000 -9999.000 -9999.000 -9999.000 -9999.000 -9999.000 -9999.000 -9999.000 -9999.000 -9999.000 -9999.000 -9999.000 -9999.000 -9999.000 -9999.000 -9999.000 -9999.000 -9999.000 -9999.000 -9999.000 -9999.000 -9999.000 -9999.000 -9999.000 -9999.000 -9999.000 -9999.000 -9999.000
-9999.000 -9999.000 -9999.000 -9999.000 -9999.000 -9999.000 -9999.000 -9999.000 -9999.000 -9999.000 -9999.000 -9999.000 -9999.000 -9999.000 -9999.000 -0.1490535 -0.1386248 -0.1417909 -0.1467493 -0.1525694 -0.1592735 -0.1671614 -0.1767217 -0.1886134 -0.2036774 -0.2229814 -0.2479154 -0.2803332 -0.3209974 -0.3250223 -0.3250223 -9999.000 -9999.000 -9999.000 -9999.000 -9999.000 -9999.000 -9999.000 -9999.000 -9999.000 -9999.000 -9999.000 -9999.000 -9999.000 -9999.000 -9999.000 -9999.000 -9999.000 -9999.000 -9999.000 -9999.000 -9999.000 -9999.000 -9999.000 -9999.000 -9999.000 -9999.000 -9999.000 -9999.000
-9999.000 -9999.000 -9999.000 -9999.000 -9999.000 -9999.000 -9999.000 -9999.000 -9999.000 -9999.000 -9999.000 -9999.000 -9999.000 -9999.000 -9999.000 -0.1349710 -0.1251435 -0.1289286 -0.1346007 -0.1412464 -0.1489225 -0.1579968 -0.1690629 -0.1829276 -0.2006315 -0.2235202 -0.2533855 -0.2926955 -0.3430891 -0.3566377 -0.3566377 -9999.000 -9999.000 -9999.000 -9999.000 -9999.000 -9999.000 -9999.000 -9999.000 -9999.000 -9999.000 -9999.000 -9999.000 -9999.000 -9999.000 -9999.000 -9999.000 -9999.000 -9999.000 -9999.000 -9999.000 -9999.000 -9999.000 -9999.000 -9999.000 -9999.000 -9999.000 -9999.000 -9999.000
-9999.000 -9999.000 -9999.000 -9999.000 -9999.000 -9999.000 -9999.000 -9999.000 -9999.000 -9999.000 -9999.000 -9999.000 -9999.000 -9999.000 -9999.000 -0.1190279 -0.1104769 -0.1149488 -0.1213275 -0.1287725 -0.1373888 -0.1476246 -0.1601986 -0.1760941 -0.1965997 -0.2234180 -0.2588805 -0.3063315 -0.3688790 -0.3973519 -0.3973519 -9999.000 -9999.000 -9999.000 -9999.000 -9999.000 -9999.000 -9999.000 -9999.000 -9999.000 -9999.000 -9999.000 -9999.000 -9999.000 -9999.000 -9999.000 -9999.000 -9999.000 -9999.000 -9999.000 -9999.000 -9999.000 -9999.000 -9999.000 -9999.000 -9999.000 -9999.000 -9999.000 -9999.000
-9999.000 -9999.000 -9999.000 -9999.000 -9999.000 -9999.000 -9999.000 -9999.000 -9999.000 -9999.000 -9999.000 -9999.000 -9999.000 -9999.000 -9999.000 -0.1009246 -0.9441735E-01 -0.9963854E-01 -0.1066961 -0.1148846 -0.1243699 -0.1356947 -0.1497232 -0.1676499 -0.1910678 -0.2221370 -0.2639206 -0.3210320 -0.3990319 -0.4515580 -0.4515580 -9999.000 -9999.000 -9999.000 -9999.000 -9999.000 -9999.000 -9999.000 -9999.000 -9999.000 -9999.000 -9999.000 -9999.000 -9999.000 -9999.000 -9999.000 -9999.000 -9999.000 -9999.000 -9999.000 -9999.000 -9999.000 -9999.000 -9999.000 -9999.000 -9999.000 -9999.000 -9999.000 -9999.000
-9999.000 -9999.000 -9999.000 -9999.000 -9999.000 -9999.000 -9999.000 -9999.000 -9999.000 -9999.000 -9999.000 -9999.000 -9999.000 -9999.000 -9999.000 -0.8021852E-01 -0.7662661E-01 -0.8265503E-01 -0.9034467E-01 -0.9918717E-01 -0.1094202 -0.1216916 -0.1370321 -0.1568824 -0.1832026 -0.2187331 -0.2675256 -0.3360550 -0.4340070 -0.5275757 -0.5275757 -9999.000 -9999.000 -9999.000 -9999.000 -9999.000 -9999.000 -9999.000 -9999.000 -9999.000 -9999.000 -9999.000 -9999.000 -9999.000 -9999.000 -9999.000 -9999.000 -9999.000 -9999.000 -9999.000 -9999.000 -9999.000 -9999.000 -9999.000 -9999.000 -9999.000 -9999.000 -9999.000 -9999.000
-9999.000 -9999.000 -9999.000 -9999.000 -9999.000 -9999.000 -9999.000 -9999.000 -9999.000 -9999.000 -9999.000 -9999.000 -9999.000 -9999.000 -9999.000 -0.5045625E-01 -0.5442757E-01 -0.6255505E-01 -0.7163335E-01 -0.8154558E-01 -0.9268972E-01 -0.1058779 -0.1223557 -0.1438611 -0.1727990 -0.2126406 -0.2687656 -0.3503684 -0.4739900 -0.6429490 -0.6429490 -9999.000 -9999.000 -9999.000 -9999.000 -9999.000 -9999.000 -9999.000 -9999.000 -9999.000 -9999.000 -9999.000 -9999.000 -9999.000 -9999.000 -9999.000 -9999.000 -9999.000 -9999.000 -9999.000 -9999.000 -9999.000 -9999.000 -9999.000 -9999.000 -9999.000 -9999.000 -9999.000 -9999.000
-0.2607871E-02 -0.2607871E-02 -0.3809075E-02 -0.4300945E-02 -0.4334448E-02 -0.4334448E-02 -0.4336095E-02 -0.4319699E-02 -0.4319699E-02 -0.4307032E-02 -0.4307032E-02 -0.4294709E-02 -0.4285123E-02 -0.1778508E-01 -0.3178335E-01 -0.3178335E-01 -0.6399484E-01 -0.7854468E-01 -0.9288570E-01 -0.1069549 -0.1208349 -0.1350046 -0.1504954 -0.1690461 -0.1933241 -0.2273054 -0.2770091 -0.3522145 -0.4698977 -0.6971741 -0.6971741 -0.4358482 -0.2614300 -0.5823129E-01 -0.1338942E-01 -0.1338942E-01 0.1986531E-01 0.1986531E-01 0.1876276E-01 0.1876276E-01 -0.2096371E-01 -0.7954815E-02 -0.7954815E-02 0.6561460E-02 0.6561460E-02 0.1027051E-01 0.1027051E-01 0.1027051E-01 0.8734236E-02 0.8734236E-02 0.6654905E-02 0.6654905E-02 0.6068046E-02 0.6068046E-02 0.3737231E-02 0.3737231E-02 0.2304378E-02 0.2304378E-02 0.2304378E-02
-0.3863545E-02 -0.3863545E-02 -0.5675720E-02 -0.6184992E-02 -0.6161397E-02 -0.6161397E-02 -0.6119968E-02 -0.6065839E-02 -0.6065839E-02 -0.6058184E-02 -0.6058184E-02 -0.6064659E-02 -0.6063243E-02 -0.2515832E-01 -0.5729375E-01 -0.5729375E-01 -0.1002254 -0.1225559 -0.1453227 -0.1676962 -0.1889489 -0.2086892 -0.2270558 -0.2449141 -0.2640699 -0.2875094 -0.3196809 -0.3668365 -0.4364583 -0.5424224 -0.5424224 -0.3589560 -0.2226475 -0.5209141E-01 -0.4911757E-02 -0.4911757E-02 0.4768955E-01 0.4768955E-01 0.6359383E-01 0.6359383E-01 0.5482183E-02 -0.8454692E-02 -0.8454692E-02 0.1666441E-01 0.1666441E-01 0.2251915E-01 0.2251915E-01 0.2251915E-01 0.1881042E-01 0.1881042E-01 0.1434947E-01 0.1434947E-01 0.9783362E-02 0.9783362E-02 0.7842300E-02 0.7842300E-02 0.5469551E-02 0.5469551E-02 0.5469551E-02
-0.2925224E-02 -0.2925224E-02 -0.4788171E-02 -0.5337841E-02 -0.5267289E-02 -0.5267289E-02 -0.5184865E-02 -0.5094492E-02 -0.5094492E-02 -0.5098090E-02 -0.5098090E-02 -0.5133867E-02 -0.5148188E-02 -0.1816568E-01 -0.6595457E-01 -0.6595457E-01 -0.1124776 -0.1397141 -0.1690601 -0.1993066 -0.2293022 -0.2580981 -0.2850858 -0.3101431 -0.3337803 -0.3572925 -0.3828926 -0.4136942 -0.4526182 -0.5006201 -0.5006201 -0.3906274 -0.2873757 -0.1238658 -0.5931102E-01 -0.5931102E-01 0.4859341E-01 0.4859341E-01 0.1197417 0.1197417 0.9274396E-01 0.2004429E-01 0.2004429E-01 0.2777153E-01 0.2777153E-01 0.3274009E-01 0.3274009E-01 0.3274009E-01 0.2736014E-01 0.2736014E-01 0.2061259E-01 0.2061259E-01 0.1165153E-01 0.1165153E-01 0.9846351E-02 0.9846351E-02 0.7131681E-02 0.7131681E-02 0.7131681E-02
-0.2123646E-02 -0.2123646E-02 -0.3831621E-02 -0.4387968E-02 -0.4287947E-02 -0.4287947E-02 -0.4176372E-02 -0.4054452E-02 -0.4054452E-02 -0.4053263E-02 -0.4053263E-02 -0.4093777E-02 -0.4111461E-02 -0.1256597E-01 -0.6541455E-01 -0.6541455E-01 -0.1172530 -0.1472948 -0.1806267 -0.2159489 -0.2520187 -0.2877116 -0.3220874 -0.3544829 -0.3846032 -0.4125961 -0.4390603 -0.4648170 -0.4897240 -0.5106129 -0.5106129 -0.4376913 -0.3549272 -0.1951365 -0.1169049 -0.1169049 0.3577423E-01 0.3577423E-01 0.1524937 0.1524937 0.1622271 0.8118646E-01 0.8118646E-01 0.4630043E-01 0.4630043E-01 0.3864031E-01 0.3864031E-01 0.3864031E-01 0.3099807E-01 0.3099807E-01 0.2216564E-01 0.2216564E-01 0.1186644E-01 0.1186644E-01 0.7730559E-02 0.7730559E-02 0.4852052E-02 0.4852052E-02 0.4852052E-02
-0.1460873E-02 -0.1460873E-02 -0.2858810E-02 -0.3375463E-02 -0.3272191E-02 -0.3272191E-02 -0.3154716E-02 -0.3024644E-02 -0.3024644E-02 -0.3020396E-02 -0.3020396E-02 -0.3059767E-02 -0.3077221E-02 -0.8498967E-02 -0.5834437E-01 -0.5834437E-01 -0.1200258 -0.1523919 -0.1887761 -0.2277513 -0.2680479 -0.3085313 -0.3481881 -0.3861574 -0.4217658 -0.4545476 -0.4841913 -0.5101762 -0.5304232 -0.5398110 -0.5398110 -0.4866416 -0.4155995 -0.2511321 -0.1594456 -0.1594456 0.2392268E-01 0.2392268E-01 0.1624686 0.1624686 0.1942296 0.1468052 0.1468052 0.7842676E-01 0.7842676E-01 0.4456663E-01 0.4456663E-01 0.4456663E-01 0.3175102E-01 0.3175102E-01 0.2029904E-01 0.2029904E-01 0.8953959E-02 0.8953959E-02 0.3106727E-02 0.3106727E-02 0.3312384E-03 0.3312384E-03 0.3312384E-03
-0.9099107E-03 -0.9099107E-03 -0.1891322E-02 -0.2297211E-02 -0.2214425E-02 -0.2214425E-02 -0.2117033E-02 -0.2007195E-02 -0.2007195E-02 -0.2002521E-02 -0.2002521E-02 -0.2034289E-02 -0.2048266E-02 -0.5497769E-02 -0.4557535E-01 -0.4557535E-01 -0.1220090 -0.1570756 -0.1965973 -0.2389615 -0.2828337 -0.3270698 -0.3706514 -0.4126818 -0.4523787 -0.4890481 -0.5219902 -0.5500002 -0.5696457 -0.5741062 -0.5741062 -0.5290346 -0.4616083 -0.2815702 -0.1775950 -0.1775950 0.1797411E-01 0.1797411E-01 0.1565261 0.1565261 0.1962882 0.1894104 0.1894104 0.1167428 0.1167428 0.5310946E-01 0.5310946E-01 0.5310946E-01 0.3201788E-01 0.3201788E-01 0.1676588E-01 0.1676588E-01 0.4182489E-02 0.4182489E-02 -0.2741791E-02 -0.2741791E-02 -0.5173042E-02 -0.5173042E-02 -0.5173042E-02
-0.4356445E-03 -0.4356445E-03 -0.9395211E-03 -0.1164147E-02 -0.1118636E-02 -0.1118636E-02 -0.1063538E-02 -0.1000606E-02 -0.1000606E-02 -0.9976502E-03 -0.9976502E-03 -0.1015469E-02 -0.1023128E-02 -0.3204270E-02 -0.3183981E-01 -0.3183981E-01 -0.1231633 -0.1620470 -0.2052919 -0.2513308 -0.2988192 -0.3465870 -0.3935794 -0.4388790 -0.4816972 -0.5213259 -0.5570137 -0.5872102 -0.6068692 -0.6064113 -0.6064113 -0.5598630 -0.4863486 -0.2825822 -0.1725814 -0.1725814 0.1486866E-01 0.1486866E-01 0.1405200 0.1405200 0.1806195 0.2018588 0.2018588 0.1489799 0.1489799 0.6507410E-01 0.6507410E-01 0.6507410E-01 0.3366672E-01 0.3366672E-01 0.1316154E-01 0.1316154E-01 -0.1230942E-02 -0.1230942E-02 -0.8877841E-02 -0.8877841E-02 -0.1076758E-01 -0.1076758E-01 -0.1076758E-01
-0.1820803E-07 -0.1820803E-07 0.9276700E-08 0.1058696E-06 0.1047209E-06 0.1047209E-06 0.2487668E-07 -0.2615470E-07 -0.2615470E-07 0.1072306E-07 0.1072306E-07 -0.5443967E-07 0.3418832E-07 -0.1370942E-02 -0.2098752E-01 -0.2098752E-01 -0.1237959 -0.1680971 -0.2157985 -0.2659934 -0.3174267 -0.3688848 -0.4192576 -0.4675843 -0.5130737 -0.5550677 -0.5928967 -0.6246150 -0.6420557 -0.6316364 -0.6316364 -0.5735660 -0.4837593 -0.2598545 -0.1542482 -0.1542482 0.1052589E-01 0.1052589E-01 0.1190511 0.1190511 0.1563466 0.1917804 0.1917804 0.1652921 0.1652921 0.7827666E-01 0.7827666E-01 0.7827666E-01 0.3732443E-01 0.3732443E-01 0.1072232E-01 0.1072232E-01 -0.6132347E-02 -0.6132347E-02 -0.1443642E-01 -0.1443642E-01 -0.1567863E-01 -0.1567863E-01 -0.1567863E-01
0.4356728E-03 0.4356728E-03 0.9395356E-03 0.1164349E-02 0.1118822E-02 0.1118822E-02 0.1063686E-02 0.1000655E-02 0.1000655E-02 0.9976928E-03 0.9976928E-03 0.1015509E-02 0.1023224E-02 0.1676537E-03 -0.1289199E-01 -0.1289199E-01 -0.1238317 -0.1759599 -0.2293638 -0.2844679 -0.3402933 -0.3956661 -0.4494867 -0.5007845 -0.5487604 -0.5927842 -0.6322255 -0.6641444 -0.6741626 -0.6441156 -0.6441156 -0.5628738 -0.4522889 -0.2263840 -0.1334412 -0.1334412 0.4049818E-02 0.4049818E-02 0.9590379E-01 0.9590379E-01 0.1292181 0.1692686 0.1692686 0.1638165 0.1638165 0.8859096E-01 0.8859096E-01 0.8859096E-01 0.4205438E-01 0.4205438E-01 0.9993259E-02 0.9993259E-02 -0.9580459E-02 -0.9580459E-02 -0.1856566E-01 -0.1856566E-01 -0.1917739E-01 -0.1917739E-01 -0.1917739E-01
0.9099856E-03 0.9099856E-03 0.1891379E-02 0.2297422E-02 0.2214645E-02 0.2214645E-02 0.2117292E-02 0.2007450E-02 0.2007450E-02 0.2002697E-02 0.2002697E-02 0.2034403E-02 0.2048261E-02 0.1520052E-02 -0.6986599E-02 -0.6986599E-02 -0.1232128 -0.1863422 -0.2477059 -0.3088885 -0.3695928 -0.4290066 -0.4862179 -0.5403357 -0.5905793 -0.6363339 -0.6769258 -0.7067626 -0.6981922 -0.6358070 -0.6358070 -0.5251082 -0.4011421 -0.1931667 -0.1148782 -0.1148782 -0.2702967E-02 -0.2702967E-02 0.7376746E-01 0.7376746E-01 0.1024807 0.1413906 0.1413906 0.1485831 0.1485831 0.9224811E-01 0.9224811E-01 0.9224811E-01 0.4581846E-01 0.4581846E-01 0.1069534E-01 0.1069534E-01 -0.1099244E-01 -0.1099244E-01 -0.2052276E-01 -0.2052276E-01 -0.2063296E-01 -0.2063296E-01 -0.2063296E-01
0.1460968E-02 0.1460968E-02 0.2858930E-02 0.3375606E-02 0.3272355E-02 0.3272355E-02 0.3154941E-02 0.3024776E-02 0.3024776E-02 0.3020445E-02 0.3020445E-02 0.3059864E-02 0.3077227E-02 0.2756290E-02 -0.2668570E-02 -0.2668570E-02 -0.1254074 -0.2015794 -0.2733957 -0.3420575 -0.4081394 -0.4715558 -0.5318578 -0.5884058 -0.6405183 -0.6876076 -0.7287351 -0.7507739 -0.7022953 -0.6023831 -0.6023831 -0.4685447 -0.3444223 -0.1636292 -0.9970122E-01 -0.9970122E-01 -0.7612401E-02 -0.7612401E-02 0.5416035E-01 0.5416035E-01 0.7778458E-01 0.1121743 0.1121743 0.1250091 0.1250091 0.8757535E-01 0.8757535E-01 0.8757535E-01 0.4649142E-01 0.4649142E-01 0.1193708E-01 0.1193708E-01 -0.1023333E-01 -0.1023333E-01 -0.1981233E-01 -0.1981233E-01 -0.1959475E-01 -0.1959475E-01 -0.1959475E-01
