cruce_test.gid/Rasters/Hydraulic/Velocity__x_242.0.asc
NCOLS        79
NROWS        79
XLLCENTER         -1.500000
YLLCENTER         -4.800000
CELLSIZE           0.100
NODATA_VALUE     -9999.0
[rows 0 to 25 of 79, columns 0 to 57 of 79]
-9999.000 -9999.000 -9999.000 -9999.000 -9999.000 -9999.000 -9999.000 -9999.000 -9999.000 -9999.000 -9999.000 -9999.000 -9999.000 -9999.000 -9999.000 -0.1281541E-02 -0.6587126E-03 0.2784662E-02 0.7426783E-02 0.1203449E-01 0.1576138E-01 0.1837163E-01 0.1985235E-01 0.2029137E-01 0.1983082E-01 0.1858889E-01 0.1664078E-01 0.1391411E-01 0.9785678E-02 0.4796689E-02 0.4796689E-02 -9999.000 -9999.000 -9999.000 -9999.000 -9999.000 -9999.000 -9999.000 -9999.000 -9999.000 -9999.000 -9999.000 -9999.000 -9999.000 -9999.000 -9999.000 -9999.000 -9999.000 -9999.000 -9999.000 -9999.000 -9999.000 -9999.000 -9999.000 -9999.000 -9999.000 -9999.000 -9999.000
-9999.000 -9999.000 -9999.000 -9999.000 -9999.000 -9999.000 -9999.000 -9999.000 -9999.000 -9999.000 -9999.000 -9999.000 -9999.000 -9999.000 -9999.000 -0.2756419E-04 0.1815021E-02 0.6320693E-02 0.1188578E-01 0.1732262E-01 0.2177543E-01 0.2494269E-01 0.2674551E-01 0.2722078E-01 0.2647558E-01 0.2461493E-01 0.2172226E-01 0.1776560E-01 0.1225198E-01 0.5986376E-02 0.5986376E-02 -9999.000 -9999.000 -9999.000 -9999.000 -9999.000 -9999.000 -9999.000 -9999.000 -9999.000 -9999.000 -9999.000 -9999.000 -9999.000 -9999.000 -9999.000 -9999.000 -9999.000 -9999.000 -9999.000 -9999.000 -9999.000 -9999.000 -9999.000 -9999.000 -9999.000 -9999.000 -9999.000
-9999.000 -9999.000 -9999.000 -9999.000 -9999.000 -9999.000 -9999.000 -9999.000 -9999.000 -9999.000 -9999.000 -9999.000 -9999.000 -9999.000 -9999.000 0.4400423E-03 0.2831632E-02 0.7974043E-02 0.1414096E-01 0.2010250E-01 0.2497088E-01 0.2842708E-01 0.3037938E-01 0.3085762E-01 0.2996833E-01 0.2782011E-01 0.2450651E-01 0.2000845E-01 0.1383000E-01 0.6795476E-02 0.6795476E-02 -9999.000 -9999.000 -9999.000 -9999.000 -9999.000 -9999.000 -9999.000 -9999.000 -9999.000 -9999.000 -9999.000 -9999.000 -9999.000 -9999.000 -9999.000 -9999.000 -9999.000 -9999.000 -9999.000 -9999.000 -9999.000 -9999.000 -9999.000 -9999.000 -9999.000 -9999.000 -9999.000
-9999.000 -9999.000 -9999.000 -9999.000 -9999.000 -9999.000 -9999.000 -9999.000 -9999.000 -9999.000 -9999.000 -9999.000 -9999.000 -9999.000 -9999.000 0.6791490E-03 0.3380550E-02 0.8915469E-02 0.1547150E-01 0.2177922E-01 0.2692350E-01 0.3057609E-01 0.3264032E-01 0.3314444E-01 0.3219711E-01 0.2990955E-01 0.2637983E-01 0.2158900E-01 0.1501552E-01 0.7432921E-02 0.7432921E-02 -9999.000 -9999.000 -9999.000 -9999.000 -9999.000 -9999.000 -9999.000 -9999.000 -9999.000 -9999.000 -9999.000 -9999.000 -9999.000 -9999.000 -9999.000 -9999.000 -9999.000 -9999.000 -9999.000 -9999.000 -9999.000 -9999.000 -9999.000 -9999.000 -9999.000 -9999.000 -9999.000
-9999.000 -9999.000 -9999.000 -9999.000 -9999.000 -9999.000 -9999.000 -9999.000 -9999.000 -9999.000 -9999.000 -9999.000 -9999.000 -9999.000 -9999.000 0.8411051E-03 0.3766529E-02 0.9599586E-02 0.1645786E-01 0.2303618E-01 0.2839766E-01 0.3220940E-01 0.3437314E-01 0.3491742E-01 0.3395394E-01 0.3159475E-01 0.2793927E-01 0.2296332E-01 0.1610615E-01 0.8042103E-02 0.8042103E-02 -9999.000 -9999.000 -9999.000 -9999.000 -9999.000 -9999.000 -9999.000 -9999.000 -9999.000 -9999.000 -9999.000 -9999.000 -9999.000 -9999.000 -9999.000 -9999.000 -9999.000 -9999.000 -9999.000 -9999.000 -9999.000 -9999.000 -9999.000 -9999.000 -9999.000 -9999.000 -9999.000
-9999.000 -9999.000 -9999.000 -9999.000 -9999.000 -9999.000 -9999.000 -9999.000 -9999.000 -9999.000 -9999.000 -9999.000 -9999.000 -9999.000 -9999.000 0.9882634E-03 0.4118817E-02 0.1022459E-01 0.1735828E-01 0.2418195E-01 0.2973888E-01 0.3369696E-01 0.3595744E-01 0.3655137E-01 0.3559390E-01 0.3319685E-01 0.2945946E-01 0.2434883E-01 0.1725192E-01 0.8699633E-02 0.8699633E-02 -9999.000 -9999.000 -9999.000 -9999.000 -9999.000 -9999.000 -9999.000 -9999.000 -9999.000 -9999.000 -9999.000 -9999.000 -9999.000 -9999.000 -9999.000 -9999.000 -9999.000 -9999.000 -9999.000 -9999.000 -9999.000 -9999.000 -9999.000 -9999.000 -9999.000 -9999.000 -9999.000
-9999.000 -9999.000 -9999.000 -9999.000 -9999.000 -9999.000 -9999.000 -9999.000 -9999.000 -9999.000 -9999.000 -9999.000 -9999.000 -9999.000 -9999.000 0.1149769E-02 0.4497290E-02 0.1088160E-01 0.1829211E-01 0.2535853E-01 0.3110751E-01 0.3521078E-01 0.3757151E-01 0.3822408E-01 0.3728778E-01 0.3487407E-01 0.3108100E-01 0.2586306E-01 0.1854296E-01 0.9454831E-02 0.9454831E-02 -9999.000 -9999.000 -9999.000 -9999.000 -9999.000 -9999.000 -9999.000 -9999.000 -9999.000 -9999.000 -9999.000 -9999.000 -9999.000 -9999.000 -9999.000 -9999.000 -9999.000 -9999.000 -9999.000 -9999.000 -9999.000 -9999.000 -9999.000 -9999.000 -9999.000 -9999.000 -9999.000
-9999.000 -9999.000 -9999.000 -9999.000 -9999.000 -9999.000 -9999.000 -9999.000 -9999.000 -9999.000 -9999.000 -9999.000 -9999.000 -9999.000 -9999.000 0.1341088E-02 0.4933638E-02 0.1161868E-01 0.1932122E-01 0.2663947E-01 0.3258568E-01 0.3683993E-01 0.3930879E-01 0.4003102E-01 0.3913142E-01 0.3671977E-01 0.3289246E-01 0.2758767E-01 0.2004940E-01 0.1035005E-01 0.1035005E-01 -9999.000 -9999.000 -9999.000 -9999.000 -9999.000 -9999.000 -9999.000 -9999.000 -9999.000 -9999.000 -9999.000 -9999.000 -9999.000 -9999.000 -9999.000 -9999.000 -9999.000 -9999.000 -9999.000 -9999.000 -9999.000 -9999.000 -9999.000 -9999.000 -9999.000 -9999.000 -9999.000
-9999.000 -9999.000 -9999.000 -9999.000 -9999.000 -9999.000 -9999.000 -9999.000 -9999.000 -9999.000 -9999.000 -9999.000 -9999.000 -9999.000 -9999.000 0.1572121E-02 0.5448488E-02 0.1246689E-01 0.2048601E-01 0.2807260E-01 0.3422768E-01 0.3864410E-01 0.4123276E-01 0.4203961E-01 0.4119489E-01 0.3880641E-01 0.3496813E-01 0.2959844E-01 0.2184546E-01 0.1143268E-01 0.1143268E-01 -9999.000 -9999.000 -9999.000 -9999.000 -9999.000 -9999.000 -9999.000 -9999.000 -9999.000 -9999.000 -9999.000 -9999.000 -9999.000 -9999.000 -9999.000 -9999.000 -9999.000 -9999.000 -9999.000 -9999.000 -9999.000 -9999.000 -9999.000 -9999.000 -9999.000 -9999.000 -9999.000
-9999.000 -9999.000 -9999.000 -9999.000 -9999.000 -9999.000 -9999.000 -9999.000 -9999.000 -9999.000 -9999.000 -9999.000 -9999.000 -9999.000 -9999.000 0.1852661E-02 0.6060928E-02 0.1345466E-01 0.2182258E-01 0.2970105E-01 0.3608219E-01 0.4067653E-01 0.4340236E-01 0.4431331E-01 0.4354721E-01 0.4120937E-01 0.3739025E-01 0.3198407E-01 0.2402332E-01 0.1276385E-01 0.1276385E-01 -9999.000 -9999.000 -9999.000 -9999.000 -9999.000 -9999.000 -9999.000 -9999.000 -9999.000 -9999.000 -9999.000 -9999.000 -9999.000 -9999.000 -9999.000 -9999.000 -9999.000 -9999.000 -9999.000 -9999.000 -9999.000 -9999.000 -9999.000 -9999.000 -9999.000 -9999.000 -9999.000
-9999.000 -9999.000 -9999.000 -9999.000 -9999.000 -9999.000 -9999.000 -9999.000 -9999.000 -9999.000 -9999.000 -9999.000 -9999.000 -9999.000 -9999.000 0.2192653E-02 0.6791968E-02 0.1461386E-01 0.2337211E-01 0.3157307E-01 0.3820383E-01 0.4299897E-01 0.4588572E-01 0.4692811E-01 0.4627346E-01 0.4402335E-01 0.4026484E-01 0.3486289E-01 0.2670971E-01 0.1442871E-01 0.1442871E-01 -9999.000 -9999.000 -9999.000 -9999.000 -9999.000 -9999.000 -9999.000 -9999.000 -9999.000 -9999.000 -9999.000 -9999.000 -9999.000 -9999.000 -9999.000 -9999.000 -9999.000 -9999.000 -9999.000 -9999.000 -9999.000 -9999.000 -9999.000 -9999.000 -9999.000 -9999.000 -9999.000
-9999.000 -9999.000 -9999.000 -9999.000 -9999.000 -9999.000 -9999.000 -9999.000 -9999.000 -9999.000 -9999.000 -9999.000 -9999.000 -9999.000 -9999.000 0.2605320E-02 0.7668620E-02 0.1598506E-01 0.2518792E-01 0.3375278E-01 0.4066578E-01 0.4569326E-01 0.4877447E-01 0.4998675E-01 0.4948881E-01 0.4737826E-01 0.4373920E-01 0.3840127E-01 0.3008621E-01 0.1655005E-01 0.1655005E-01 -9999.000 -9999.000 -9999.000 -9999.000 -9999.000 -9999.000 -9999.000 -9999.000 -9999.000 -9999.000 -9999.000 -9999.000 -9999.000 -9999.000 -9999.000 -9999.000 -9999.000 -9999.000 -9999.000 -9999.000 -9999.000 -9999.000 -9999.000 -9999.000 -9999.000 -9999.000 -9999.000
-9999.000 -9999.000 -9999.000 -9999.000 -9999.000 -9999.000 -9999.000 -9999.000 -9999.000 -9999.000 -9999.000 -9999.000 -9999.000 -9999.000 -9999.000 0.3134787E-02 0.8784388E-02 0.1771700E-01 0.2745667E-01 0.3642540E-01 0.4365436E-01 0.4894641E-01 0.5225691E-01 0.5368203E-01 0.5339519E-01 0.5149016E-01 0.4804874E-01 0.4285814E-01 0.3443219E-01 0.1931600E-01 0.1931600E-01 -9999.000 -9999.000 -9999.000 -9999.000 -9999.000 -9999.000 -9999.000 -9999.000 -9999.000 -9999.000 -9999.000 -9999.000 -9999.000 -9999.000 -9999.000 -9999.000 -9999.000 -9999.000 -9999.000 -9999.000 -9999.000 -9999.000 -9999.000 -9999.000 -9999.000 -9999.000 -9999.000
-9999.000 -9999.000 -9999.000 -9999.000 -9999.000 -9999.000 -9999.000 -9999.000 -9999.000 -9999.000 -9999.000 -9999.000 -9999.000 -9999.000 -9999.000 0.5029841E-02 0.1279264E-01 0.2392716E-01 0.3453640E-01 0.4338767E-01 0.5049784E-01 0.5561513E-01 0.5874754E-01 0.6003419E-01 0.5967432E-01 0.5775630E-01 0.5435635E-01 0.4920311E-01 0.4054433E-01 0.2320485E-01 0.2320485E-01 -9999.000 -9999.000 -9999.000 -9999.000 -9999.000 -9999.000 -9999.000 -9999.000 -9999.000 -9999.000 -9999.000 -9999.000 -9999.000 -9999.000 -9999.000 -9999.000 -9999.000 -9999.000 -9999.000 -9999.000 -9999.000 -9999.000 -9999.000 -9999.000 -9999.000 -9999.000 -9999.000
-9999.000 -9999.000 -9999.000 -9999.000 -9999.000 -9999.000 -9999.000 -9999.000 -9999.000 -9999.000 -9999.000 -9999.000 -9999.000 -9999.000 -9999.000 0.9609453E-01 0.1469972 0.1716785 0.1638881 0.1412891 0.1248798 0.1104804 0.9795499E-01 0.8717158E-01 0.7776602E-01 0.6929605E-01 0.6136833E-01 0.5322867E-01 0.4256228E-01 0.2065699E-01 0.2065699E-01 -9999.000 -9999.000 -9999.000 -9999.000 -9999.000 -9999.000 -9999.000 -9999.000 -9999.000 -9999.000 -9999.000 -9999.000 -9999.000 -9999.000 -9999.000 -9999.000 -9999.000 -9999.000 -9999.000 -9999.000 -9999.000 -9999.000 -9999.000 -9999.000 -9999.000 -9999.000 -9999.000
2.863230 2.863230 2.867022 2.876755 2.895943 2.895943 2.898442 2.897971 2.897971 2.894094 2.894094 2.887804 2.883983 2.879806 2.875673 2.875673 3.026956 3.031408 3.032689 3.025291 2.990355 2.932360 2.851191 2.744735 2.616446 2.468472 2.303886 2.131533 1.975548 1.905434 1.905434 2.751265 2.930817 3.036554 3.063255 3.063255 3.099978 3.099978 3.088277 3.088277 3.047327 2.873650 2.873650 2.541321 2.541321 2.157758 2.157758 2.157758 2.132834 2.132834 2.161012 2.161012 2.208276 2.208276 2.258587 2.258587 2.304157 2.304157
2.885942 2.885942 2.898277 2.931079 2.957456 2.957456 2.971952 2.994447 2.994447 3.013095 3.013095 3.029128 3.036397 3.043263 3.050097 3.050097 3.162379 3.181844 3.197705 3.210363 3.215901 3.214308 3.203637 3.180462 3.142716 3.088223 3.015326 2.924811 2.823293 2.739766 2.739766 3.194183 3.355035 3.510767 3.553370 3.553370 3.603110 3.603110 3.608049 3.608049 3.588987 3.490902 3.490902 3.298283 3.298283 2.995120 2.995120 2.995120 2.966907 2.966907 2.997232 2.997232 3.047353 3.047353 3.100194 3.100194 3.148740 3.148740
2.890919 2.890919 2.900206 2.933036 2.957156 2.957156 2.972325 2.995711 2.995711 3.015005 3.015005 3.031749 3.039411 3.046696 3.054017 3.054017 3.154114 3.186296 3.214059 3.237993 3.256505 3.269693 3.277270 3.277973 3.270727 3.254053 3.226192 3.186333 3.137230 3.096454 3.096454 3.352799 3.509975 3.692641 3.746338 3.746338 3.803484 3.803484 3.797691 3.797691 3.770101 3.670529 3.670529 3.529276 3.529276 3.286773 3.286773 3.286773 3.243543 3.243543 3.260958 3.260958 3.302278 3.302278 3.348948 3.348948 3.392967 3.392967
2.894184 2.894184 2.901682 2.933664 2.956220 2.956220 2.971810 2.995674 2.995674 3.015024 3.015024 3.031769 3.039436 3.046729 3.054134 3.054134 3.146465 3.189141 3.227902 3.261951 3.289992 3.311763 3.327284 3.336288 3.338643 3.334090 3.322089 3.302394 3.276780 3.256555 3.256555 3.411968 3.550823 3.741764 3.801721 3.801721 3.857585 3.857585 3.830021 3.830021 3.790579 3.694588 3.694588 3.601120 3.601120 3.424970 3.424970 3.424970 3.371680 3.371680 3.374468 3.374468 3.406265 3.406265 3.447522 3.447522 3.488168 3.488168
2.895723 2.895723 2.900080 2.933567 2.955271 2.955271 2.971275 2.995627 2.995627 3.015034 3.015034 3.031766 3.039430 3.046721 3.054245 3.054245 3.143521 3.195035 3.243607 3.287016 3.323816 3.353430 3.375743 3.390707 3.398438 3.399151 3.393023 3.380458 3.363178 3.349162 3.349162 3.443708 3.557566 3.738961 3.796093 3.796093 3.830176 3.830176 3.772016 3.772016 3.727945 3.657914 3.657914 3.614841 3.614841 3.506925 3.506925 3.506925 3.452725 3.452725 3.441245 3.441245 3.460973 3.460973 3.494788 3.494788 3.530838 3.530838
2.893249 2.893249 2.904609 2.933620 2.954930 2.954930 2.971263 2.995983 2.995983 3.015372 3.015372 3.032012 3.039631 3.046883 3.054544 3.054544 3.146381 3.205779 3.262966 3.314678 3.359265 3.395975 3.424567 3.444995 3.457397 3.462059 3.459363 3.449940 3.435385 3.421525 3.421525 3.475224 3.560874 3.713198 3.753503 3.753503 3.739841 3.739841 3.660181 3.660181 3.628369 3.604428 3.604428 3.606917 3.606917 3.560038 3.560038 3.560038 3.514710 3.514710 3.493401 3.493401 3.500071 3.500071 3.524056 3.524056 3.553420 3.553420
2.893118 2.893118 2.906537 2.933348 2.954462 2.954462 2.971004 2.996025 2.996025 3.015515 3.015515 3.032230 3.039890 3.047182 3.055123 3.055123 3.156097 3.223128 3.287941 3.346781 3.397951 3.440678 3.474694 3.499958 3.516585 3.524828 3.525057 3.517868 3.504573 3.489271 3.489271 3.514514 3.570938 3.669236 3.672533 3.672533 3.597034 3.597034 3.532888 3.532888 3.528226 3.553876 3.553876 3.590997 3.590997 3.593304 3.593304 3.593304 3.563864 3.563864 3.539670 3.539670 3.535000 3.535000 3.547705 3.547705 3.568273 3.568273
2.893077 2.893077 2.907173 2.933260 2.954305 2.954305 2.970914 2.996023 2.996023 3.015524 3.015524 3.032238 3.039899 3.047191 3.055475 3.055475 3.173056 3.247906 3.319504 3.384222 3.440578 3.487973 3.526242 3.555407 3.575595 3.587012 3.589957 3.584894 3.572759 3.556088 3.556088 3.560915 3.586825 3.592869 3.538145 3.538145 3.426358 3.426358 3.419540 3.419540 3.444606 3.509327 3.509327 3.570278 3.570278 3.610379 3.610379 3.610379 3.599975 3.599975 3.579795 3.579795 3.567808 3.567808 3.569356 3.569356 3.579575 3.579575
2.893118 2.893118 2.906537 2.933348 2.954461 2.954461 2.971005 2.996026 2.996026 3.015514 3.015514 3.032229 3.039890 3.047181 3.055941 3.055941 3.199085 3.282198 3.359763 3.428949 3.488833 3.539209 3.580164 3.611877 3.634542 3.648361 3.653556 3.650442 3.639526 3.621555 3.621555 3.609430 3.597888 3.456104 3.344753 3.344753 3.268018 3.268018 3.334003 3.334003 3.380424 3.469902 3.469902 3.546637 3.546637 3.615035 3.615035 3.615035 3.623408 3.623408 3.612134 3.612134 3.597682 3.597682 3.589740 3.589740 3.588920 3.588920
2.893248 2.893248 2.904609 2.933620 2.954931 2.954931 2.971263 2.995983 2.995983 3.015372 3.015372 3.032012 3.039631 3.046883 3.056262 3.056262 3.236064 3.327826 3.410349 3.482319 3.543777 3.595149 3.636922 3.669519 3.693267 3.708398 3.715093 3.713509 3.703564 3.682906 3.682906 3.649126 3.576646 3.242794 3.125150 3.125150 3.151458 3.151458 3.270105 3.270105 3.328143 3.431968 3.431968 3.519566 3.519566 3.609010 3.609010 3.609010 3.633870 3.633870 3.633791 3.633791 3.620949 3.620949 3.606290 3.606290 3.594850 3.594850
2.895722 2.895722 2.900080 2.933567 2.955271 2.955271 2.971276 2.995627 2.995627 3.015033 3.015033 3.031765 3.039429 3.046721 3.057030 3.057030 3.287941 3.388217 3.474056 3.546513 3.607044 3.656955 3.697268 3.728721 3.751809 3.766832 3.773947 3.773130 3.763037 3.733130 3.733130 3.652532 3.468324 2.989729 2.943636 2.943636 3.072757 3.072757 3.215959 3.215959 3.279567 3.392003 3.392003 3.487452 3.487452 3.592327 3.592327 3.592327 3.630493 3.630493 3.641569 3.641569 3.633064 3.633064 3.614646 3.614646 3.593929 3.593929
