cruce_test.gid/Rasters/Hydraulic/Velocity__y_296.0.asc
NCOLS        79
NROWS        79
XLLCENTER         -1.500000
YLLCENTER         -4.800000
CELLSIZE           0.100
NODATA_VALUE     -9999.0
[rows 0 to 26 of 79, columns 0 to 58 of 79]
-9999.000 -9999.000 -9999.000 -9999.000 -9999.000 -9999.000 -9999.000 -9999.000 -9999.000 -9999.000 -9999.000 -9999.000 -9999.000 -9999.000 -9999.000 -0.9516390E-01 -0.9281299E-01 -0.9212958E-01 -0.9231108E-01 -0.9282073E-01 -0.9342191E-01 -0.9405489E-01 -0.9465966E-01 -0.9519444E-01 -0.9567904E-01 -0.9611167E-01 -0.9653471E-01 -0.9714342E-01 -0.9854675E-01 -0.9989346E-01 -0.9989346E-01 -9999.000 -9999.000 -9999.000 -9999.000 -9999.000 -9999.000 -9999.000 -9999.000 -9999.000 -9999.000 -9999.000 -9999.000 -9999.000 -9999.000 -9999.000 -9999.000 -9999.000 -9999.000 -9999.000 -9999.000 -9999.000 -9999.000 -9999.000 -9999.000 -9999.000 -9999.000 -9999.000 -9999.000
-9999.000 -9999.000 -9999.000 -9999.000 -9999.000 -9999.000 -9999.000 -9999.000 -9999.000 -9999.000 -9999.000 -9999.000 -9999.000 -9999.000 -9999.000 -0.9430168E-01 -0.8943730E-01 -0.8799420E-01 -0.8841684E-01 -0.8957461E-01 -0.9096082E-01 -0.9244052E-01 -0.9387735E-01 -0.9517608E-01 -0.9637226E-01 -0.9745654E-01 -0.9851450E-01 -0.9995209E-01 -0.1030401 -0.1063083 -0.1063083 -9999.000 -9999.000 -9999.000 -9999.000 -9999.000 -9999.000 -9999.000 -9999.000 -9999.000 -9999.000 -9999.000 -9999.000 -9999.000 -9999.000 -9999.000 -9999.000 -9999.000 -9999.000 -9999.000 -9999.000 -9999.000 -9999.000 -9999.000 -9999.000 -9999.000 -9999.000 -9999.000 -9999.000
-9999.000 -9999.000 -9999.000 -9999.000 -9999.000 -9999.000 -9999.000 -9999.000 -9999.000 -9999.000 -9999.000 -9999.000 -9999.000 -9999.000 -9999.000 -0.9214512E-01 -0.8462350E-01 -0.8234208E-01 -0.8312231E-01 -0.8515428E-01 -0.8761569E-01 -0.9027576E-01 -0.9290014E-01 -0.9532072E-01 -0.9758221E-01 -0.9965735E-01 -0.1016730 -0.1042699 -0.1094701 -0.1154334 -0.1154334 -9999.000 -9999.000 -9999.000 -9999.000 -9999.000 -9999.000 -9999.000 -9999.000 -9999.000 -9999.000 -9999.000 -9999.000 -9999.000 -9999.000 -9999.000 -9999.000 -9999.000 -9999.000 -9999.000 -9999.000 -9999.000 -9999.000 -9999.000 -9999.000 -9999.000 -9999.000 -9999.000 -9999.000
-9999.000 -9999.000 -9999.000 -9999.000 -9999.000 -9999.000 -9999.000 -9999.000 -9999.000 -9999.000 -9999.000 -9999.000 -9999.000 -9999.000 -9999.000 -0.8935390E-01 -0.7925466E-01 -0.7615601E-01 -0.7735685E-01 -0.8034656E-01 -0.8397988E-01 -0.8792976E-01 -0.9185781E-01 -0.9551808E-01 -0.9896262E-01 -0.1021398 -0.1052153 -0.1090723 -0.1165235 -0.1256977 -0.1256977 -9999.000 -9999.000 -9999.000 -9999.000 -9999.000 -9999.000 -9999.000 -9999.000 -9999.000 -9999.000 -9999.000 -9999.000 -9999.000 -9999.000 -9999.000 -9999.000 -9999.000 -9999.000 -9999.000 -9999.000 -9999.000 -9999.000 -9999.000 -9999.000 -9999.000 -9999.000 -9999.000 -9999.000
-9999.000 -9999.000 -9999.000 -9999.000 -9999.000 -9999.000 -9999.000 -9999.000 -9999.000 -9999.000 -9999.000 -9999.000 -9999.000 -9999.000 -9999.000 -0.8615689E-01 -0.7351889E-01 -0.6960838E-01 -0.7127126E-01 -0.7527351E-01 -0.8014013E-01 -0.8544888E-01 -0.9075207E-01 -0.9572271E-01 -0.1004215 -0.1047681 -0.1089688 -0.1141630 -0.1240043 -0.1369491 -0.1369491 -9999.000 -9999.000 -9999.000 -9999.000 -9999.000 -9999.000 -9999.000 -9999.000 -9999.000 -9999.000 -9999.000 -9999.000 -9999.000 -9999.000 -9999.000 -9999.000 -9999.000 -9999.000 -9999.000 -9999.000 -9999.000 -9999.000 -9999.000 -9999.000 -9999.000 -9999.000 -9999.000 -9999.000
-9999.000 -9999.000 -9999.000 -9999.000 -9999.000 -9999.000 -9999.000 -9999.000 -9999.000 -9999.000 -9999.000 -9999.000 -9999.000 -9999.000 -9999.000 -0.8263307E-01 -0.6748804E-01 -0.6276866E-01 -0.6492826E-01 -0.6998555E-01 -0.7613057E-01 -0.8284875E-01 -0.8957779E-01 -0.9590783E-01 -0.1019113 -0.1074757 -0.1128507 -0.1194508 -0.1318341 -0.1492027 -0.1492027 -9999.000 -9999.000 -9999.000 -9999.000 -9999.000 -9999.000 -9999.000 -9999.000 -9999.000 -9999.000 -9999.000 -9999.000 -9999.000 -9999.000 -9999.000 -9999.000 -9999.000 -9999.000 -9999.000 -9999.000 -9999.000 -9999.000 -9999.000 -9999.000 -9999.000 -9999.000 -9999.000 -9999.000
-9999.000 -9999.000 -9999.000 -9999.000 -9999.000 -9999.000 -9999.000 -9999.000 -9999.000 -9999.000 -9999.000 -9999.000 -9999.000 -9999.000 -9999.000 -0.7879205E-01 -0.6117896E-01 -0.5565673E-01 -0.5834808E-01 -0.6449899E-01 -0.7196056E-01 -0.8013036E-01 -0.8832671E-01 -0.9605469E-01 -0.1034039 -0.1102247 -0.1168159 -0.1248903 -0.1399879 -0.1625743 -0.1625743 -9999.000 -9999.000 -9999.000 -9999.000 -9999.000 -9999.000 -9999.000 -9999.000 -9999.000 -9999.000 -9999.000 -9999.000 -9999.000 -9999.000 -9999.000 -9999.000 -9999.000 -9999.000 -9999.000 -9999.000 -9999.000 -9999.000 -9999.000 -9999.000 -9999.000 -9999.000 -9999.000 -9999.000
-9999.000 -9999.000 -9999.000 -9999.000 -9999.000 -9999.000 -9999.000 -9999.000 -9999.000 -9999.000 -9999.000 -9999.000 -9999.000 -9999.000 -9999.000 -0.7460830E-01 -0.5458168E-01 -0.4826819E-01 -0.5152975E-01 -0.5881238E-01 -0.6762599E-01 -0.7728656E-01 -0.8698686E-01 -0.9614550E-01 -0.1048764 -0.1129874 -0.1208335 -0.1304538 -0.1484657 -0.1772563 -0.1772563 -9999.000 -9999.000 -9999.000 -9999.000 -9999.000 -9999.000 -9999.000 -9999.000 -9999.000 -9999.000 -9999.000 -9999.000 -9999.000 -9999.000 -9999.000 -9999.000 -9999.000 -9999.000 -9999.000 -9999.000 -9999.000 -9999.000 -9999.000 -9999.000 -9999.000 -9999.000 -9999.000 -9999.000
-9999.000 -9999.000 -9999.000 -9999.000 -9999.000 -9999.000 -9999.000 -9999.000 -9999.000 -9999.000 -9999.000 -9999.000 -9999.000 -9999.000 -9999.000 -0.7003719E-01 -0.4767046E-01 -0.4058447E-01 -0.4446045E-01 -0.5291492E-01 -0.6311462E-01 -0.7430352E-01 -0.8554146E-01 -0.9615989E-01 -0.1063050 -0.1157364 -0.1248739 -0.1361179 -0.1572775 -0.1935174 -0.1935174 -9999.000 -9999.000 -9999.000 -9999.000 -9999.000 -9999.000 -9999.000 -9999.000 -9999.000 -9999.000 -9999.000 -9999.000 -9999.000 -9999.000 -9999.000 -9999.000 -9999.000 -9999.000 -9999.000 -9999.000 -9999.000 -9999.000 -9999.000 -9999.000 -9999.000 -9999.000 -9999.000 -9999.000
-9999.000 -9999.000 -9999.000 -9999.000 -9999.000 -9999.000 -9999.000 -9999.000 -9999.000 -9999.000 -9999.000 -9999.000 -9999.000 -9999.000 -9999.000 -0.6502000E-01 -0.4040926E-01 -0.3257765E-01 -0.3711902E-01 -0.4678731E-01 -0.5840710E-01 -0.7116099E-01 -0.8396816E-01 -0.9607126E-01 -0.1076608 -0.1184390 -0.1289024 -0.1418555 -0.1664357 -0.2117210 -0.2117210 -9999.000 -9999.000 -9999.000 -9999.000 -9999.000 -9999.000 -9999.000 -9999.000 -9999.000 -9999.000 -9999.000 -9999.000 -9999.000 -9999.000 -9999.000 -9999.000 -9999.000 -9999.000 -9999.000 -9999.000 -9999.000 -9999.000 -9999.000 -9999.000 -9999.000 -9999.000 -9999.000 -9999.000
-9999.000 -9999.000 -9999.000 -9999.000 -9999.000 -9999.000 -9999.000 -9999.000 -9999.000 -9999.000 -9999.000 -9999.000 -9999.000 -9999.000 -9999.000 -0.5948515E-01 -0.3275104E-01 -0.2420981E-01 -0.2947558E-01 -0.4040269E-01 -0.5347598E-01 -0.6783128E-01 -0.8223640E-01 -0.9584514E-01 -0.1089057 -0.1210526 -0.1328732 -0.1476277 -0.1759498 -0.2323582 -0.2323582 -9999.000 -9999.000 -9999.000 -9999.000 -9999.000 -9999.000 -9999.000 -9999.000 -9999.000 -9999.000 -9999.000 -9999.000 -9999.000 -9999.000 -9999.000 -9999.000 -9999.000 -9999.000 -9999.000 -9999.000 -9999.000 -9999.000 -9999.000 -9999.000 -9999.000 -9999.000 -9999.000 -9999.000
-9999.000 -9999.000 -9999.000 -9999.000 -9999.000 -9999.000 -9999.000 -9999.000 -9999.000 -9999.000 -9999.000 -9999.000 -9999.000 -9999.000 -9999.000 -0.5334580E-01 -0.2463628E-01 -0.1543139E-01 -0.2148976E-01 -0.3372380E-01 -0.4828365E-01 -0.6427582E-01 -0.8030406E-01 -0.9543342E-01 -0.1099872 -0.1235170 -0.1367204 -0.1533770 -0.1858191 -0.2561049 -0.2561049 -9999.000 -9999.000 -9999.000 -9999.000 -9999.000 -9999.000 -9999.000 -9999.000 -9999.000 -9999.000 -9999.000 -9999.000 -9999.000 -9999.000 -9999.000 -9999.000 -9999.000 -9999.000 -9999.000 -9999.000 -9999.000 -9999.000 -9999.000 -9999.000 -9999.000 -9999.000 -9999.000 -9999.000
-9999.000 -9999.000 -9999.000 -9999.000 -9999.000 -9999.000 -9999.000 -9999.000 -9999.000 -9999.000 -9999.000 -9999.000 -9999.000 -9999.000 -9999.000 -0.4649379E-01 -0.1598732E-01 -0.6175817E-02 -0.1310590E-01 -0.2669886E-01 -0.4277785E-01 -0.6044133E-01 -0.7811294E-01 -0.9476950E-01 -0.1108306 -0.1257467 -0.1403486 -0.1590142 -0.1960218 -0.2839171 -0.2839171 -9999.000 -9999.000 -9999.000 -9999.000 -9999.000 -9999.000 -9999.000 -9999.000 -9999.000 -9999.000 -9999.000 -9999.000 -9999.000 -9999.000 -9999.000 -9999.000 -9999.000 -9999.000 -9999.000 -9999.000 -9999.000 -9999.000 -9999.000 -9999.000 -9999.000 -9999.000 -9999.000 -9999.000
-9999.000 -9999.000 -9999.000 -9999.000 -9999.000 -9999.000 -9999.000 -9999.000 -9999.000 -9999.000 -9999.000 -9999.000 -9999.000 -9999.000 -9999.000 -0.3852687E-01 -0.6530072E-02 0.3705022E-02 -0.4276093E-02 -0.1930008E-01 -0.3693678E-01 -0.5630410E-01 -0.7562810E-01 -0.9380101E-01 -0.1113657 -0.1276472 -0.1436417 -0.1644222 -0.2065196 -0.3172258 -0.3172258 -9999.000 -9999.000 -9999.000 -9999.000 -9999.000 -9999.000 -9999.000 -9999.000 -9999.000 -9999.000 -9999.000 -9999.000 -9999.000 -9999.000 -9999.000 -9999.000 -9999.000 -9999.000 -9999.000 -9999.000 -9999.000 -9999.000 -9999.000 -9999.000 -9999.000 -9999.000 -9999.000 -9999.000
-9999.000 -9999.000 -9999.000 -9999.000 -9999.000 -9999.000 -9999.000 -9999.000 -9999.000 -9999.000 -9999.000 -9999.000 -9999.000 -9999.000 -9999.000 -0.1572508E-02 0.1221118E-01 0.1218166E-01 -0.1290857E-02 -0.1745770E-01 -0.3598299E-01 -0.5629876E-01 -0.7648084E-01 -0.9540329E-01 -0.1137882 -0.1308149 -0.1476810 -0.1702225 -0.2174237 -0.3558567 -0.3558567 -9999.000 -9999.000 -9999.000 -9999.000 -9999.000 -9999.000 -9999.000 -9999.000 -9999.000 -9999.000 -9999.000 -9999.000 -9999.000 -9999.000 -9999.000 -9999.000 -9999.000 -9999.000 -9999.000 -9999.000 -9999.000 -9999.000 -9999.000 -9999.000 -9999.000 -9999.000 -9999.000 -9999.000
-0.4198116E-02 -0.4198116E-02 -0.4754199E-02 -0.7109785E-02 -0.6542498E-02 -0.6542498E-02 -0.6362212E-02 -0.6313043E-02 -0.6313043E-02 -0.6307487E-02 -0.6307487E-02 -0.6282208E-02 -0.6265446E-02 -0.6247461E-02 -0.6232159E-02 -0.6232159E-02 0.2314370E-01 0.1753828E-01 0.2461240E-02 -0.1827050E-01 -0.4347327E-01 -0.7199569E-01 -0.1022337 -0.1326152 -0.1622216 -0.1900374 -0.2157585 -0.2412585 -0.2748008 -0.3564030 -0.3564030 -0.1963080 -0.1046961 -0.3553893E-01 -0.2637771E-01 -0.2637771E-01 -0.1925256E-01 -0.1925256E-01 -0.6307627E-02 -0.6307627E-02 0.4899292E-02 0.2711626E-01 0.2711626E-01 0.3034469E-02 0.3034469E-02 -0.3482993E-02 -0.3482993E-02 -0.3482993E-02 0.6623415E-03 0.6623415E-03 0.1314215E-02 0.1314215E-02 0.3249315E-03 0.3249315E-03 -0.9957794E-03 -0.9957794E-03 -0.2245973E-02 -0.2245973E-02 -0.2245973E-02
-0.6317195E-02 -0.6317195E-02 -0.7121606E-02 -0.1017916E-01 -0.9195251E-02 -0.9195251E-02 -0.8879228E-02 -0.8852985E-02 -0.8852985E-02 -0.8892894E-02 -0.8892894E-02 -0.8882271E-02 -0.8867821E-02 -0.8851436E-02 -0.8849747E-02 -0.8849747E-02 0.1870320E-01 0.1344910E-01 -0.2306100E-02 -0.2815001E-01 -0.6197534E-01 -0.1018028 -0.1459257 -0.1925395 -0.2396407 -0.2855901 -0.3287054 -0.3672086 -0.3990875 -0.4230708 -0.4230708 -0.2856577 -0.1889508 -0.9724347E-01 -0.7899918E-01 -0.7899918E-01 -0.5420545E-01 -0.5420545E-01 -0.1031213E-01 -0.1031213E-01 0.2303771E-01 0.8667278E-01 0.8667278E-01 0.6253545E-01 0.6253545E-01 0.1267029E-01 0.1267029E-01 0.1267029E-01 0.6612625E-02 0.6612625E-02 0.2381996E-02 0.2381996E-02 -0.1731609E-02 -0.1731609E-02 -0.5341255E-02 -0.5341255E-02 -0.8115073E-02 -0.8115073E-02 -0.8115073E-02
-0.4942778E-02 -0.4942778E-02 -0.6335100E-02 -0.8450313E-02 -0.7742865E-02 -0.7742865E-02 -0.7429643E-02 -0.7439763E-02 -0.7439763E-02 -0.7534991E-02 -0.7534991E-02 -0.7555787E-02 -0.7552397E-02 -0.7547035E-02 -0.7578102E-02 -0.7578102E-02 0.1119015E-01 0.5761017E-02 -0.1028354E-01 -0.3657762E-01 -0.7165559E-01 -0.1138936 -0.1618540 -0.2140935 -0.2689551 -0.3248855 -0.3801895 -0.4328067 -0.4798669 -0.5140439 -0.5140439 -0.4238633 -0.3395267 -0.2239571 -0.1863321 -0.1863321 -0.1167046 -0.1167046 -0.1285894E-01 -0.1285894E-01 0.5321771E-01 0.1679756 0.1679756 0.1742269 0.1742269 0.5927290E-01 0.5927290E-01 0.5927290E-01 0.2275692E-01 0.2275692E-01 0.3775606E-02 0.3775606E-02 -0.7642038E-02 -0.7642038E-02 -0.1514615E-01 -0.1514615E-01 -0.1968189E-01 -0.1968189E-01 -0.1968189E-01
-0.3667134E-02 -0.3667134E-02 -0.5416059E-02 -0.6685821E-02 -0.6177112E-02 -0.6177112E-02 -0.5902070E-02 -0.5925854E-02 -0.5925854E-02 -0.6035259E-02 -0.6035259E-02 -0.6058563E-02 -0.6054648E-02 -0.6048836E-02 -0.6105352E-02 -0.6105352E-02 0.3438351E-02 -0.4019287E-02 -0.2149415E-01 -0.4866382E-01 -0.8447324E-01 -0.1276123 -0.1768431 -0.2309817 -0.2887412 -0.3488706 -0.4100065 -0.4703952 -0.5273174 -0.5734865 -0.5734865 -0.5296707 -0.4688728 -0.3549975 -0.3027603 -0.3027603 -0.1780122 -0.1780122 -0.1795817E-02 -0.1795817E-02 0.9188151E-01 0.2330384 0.2330384 0.2592907 0.2592907 0.1154588 0.1154588 0.1154588 0.4606803E-01 0.4606803E-01 0.7154084E-02 0.7154084E-02 -0.1475100E-01 -0.1475100E-01 -0.2737506E-01 -0.2737506E-01 -0.3376732E-01 -0.3376732E-01 -0.3376732E-01
-0.2528858E-02 -0.2528858E-02 -0.4336937E-02 -0.4955061E-02 -0.4602576E-02 -0.4602576E-02 -0.4390896E-02 -0.4426884E-02 -0.4426884E-02 -0.4534168E-02 -0.4534168E-02 -0.4557150E-02 -0.4553610E-02 -0.4547928E-02 -0.4636884E-02 -0.4636884E-02 -0.4539205E-02 -0.1574108E-01 -0.3610144E-01 -0.6529787E-01 -0.1025230 -0.1467422 -0.1969176 -0.2520534 -0.3111095 -0.3730592 -0.4368158 -0.5009973 -0.5633695 -0.6178237 -0.6178237 -0.6094446 -0.5734065 -0.4707708 -0.4036411 -0.4036411 -0.2115228 -0.2115228 0.2767798E-01 0.2767798E-01 0.1322751 0.2705340 0.2705340 0.3042616 0.3042616 0.1665483 0.1665483 0.1665483 0.7360937E-01 0.7360937E-01 0.1448076E-01 0.1448076E-01 -0.1986107E-01 -0.1986107E-01 -0.3886935E-01 -0.3886935E-01 -0.4756752E-01 -0.4756752E-01 -0.4756752E-01
-0.1548219E-02 -0.1548219E-02 -0.3059901E-02 -0.3262729E-02 -0.3042001E-02 -0.3042001E-02 -0.2905123E-02 -0.2948609E-02 -0.2948609E-02 -0.3038267E-02 -0.3038267E-02 -0.3055765E-02 -0.3051136E-02 -0.3044213E-02 -0.3173706E-02 -0.3173706E-02 -0.1315410E-01 -0.2967167E-01 -0.5448032E-01 -0.8707473E-01 -0.1267335 -0.1726334 -0.2239549 -0.2799146 -0.3397071 -0.4025149 -0.4674662 -0.5334694 -0.5987477 -0.6584627 -0.6584627 -0.6746809 -0.6594227 -0.5607377 -0.4685010 -0.4685010 -0.1996673 -0.1996673 0.6516429E-01 0.6516429E-01 0.1612912 0.2787162 0.2787162 0.3140618 0.3140618 0.2036472 0.2036472 0.2036472 0.1014876 0.1014876 0.2593133E-01 0.2593133E-01 -0.2136077E-01 -0.2136077E-01 -0.4784133E-01 -0.4784133E-01 -0.5947478E-01 -0.5947478E-01 -0.5947478E-01
-0.7212491E-03 -0.7212491E-03 -0.1589295E-02 -0.1613958E-02 -0.1510659E-02 -0.1510659E-02 -0.1447872E-02 -0.1481394E-02 -0.1481394E-02 -0.1531691E-02 -0.1531691E-02 -0.1536871E-02 -0.1531540E-02 -0.1525143E-02 -0.1711840E-02 -0.1711840E-02 -0.2309478E-01 -0.4650191E-01 -0.7739949E-01 -0.1148937 -0.1581945 -0.2066014 -0.2594999 -0.3163437 -0.3765921 -0.4396779 -0.5049674 -0.5716345 -0.6382873 -0.7010848 -0.7010848 -0.7332637 -0.7319126 -0.6105607 -0.4753897 -0.4753897 -0.1482229 -0.1482229 0.9275234E-01 0.9275234E-01 0.1695839 0.2632296 0.2632296 0.2990824 0.2990824 0.2227862 0.2227862 0.2227862 0.1251088 0.1251088 0.4002966E-01 0.4002966E-01 -0.1879619E-01 -0.1879619E-01 -0.5319222E-01 -0.5319222E-01 -0.6831827E-01 -0.6831827E-01 -0.6831827E-01
0.1818213E-06 0.1818213E-06 0.1824859E-06 0.4814359E-07 0.3025857E-07 0.3025857E-07 -0.6400909E-07 -0.8690415E-07 -0.8690415E-07 -0.4379138E-07 -0.4379138E-07 0.3412437E-07 0.4201606E-07 0.1723889E-07 -0.2697519E-03 -0.2697519E-03 -0.3538731E-01 -0.6743417E-01 -0.1061732 -0.1501510 -0.1983918 -0.2502449 -0.3052762 -0.3631856 -0.4237195 -0.4866076 -0.5515031 -0.6178750 -0.6846679 -0.7485856 -0.7485856 -0.7890237 -0.7900347 -0.5961993 -0.4116189 -0.4116189 -0.8621823E-01 -0.8621823E-01 0.9979541E-01 0.9979541E-01 0.1575112 0.2328617 0.2328617 0.2692277 0.2692277 0.2242269 0.2242269 0.2242269 0.1404082 0.1404082 0.5408877E-01 0.5408877E-01 -0.1274744E-01 -0.1274744E-01 -0.5436500E-01 -0.5436500E-01 -0.7316099E-01 -0.7316099E-01 -0.7316099E-01
0.7215103E-03 0.7215103E-03 0.1589614E-02 0.1614135E-02 0.1510691E-02 0.1510691E-02 0.1447753E-02 0.1481360E-02 0.1481360E-02 0.1531771E-02 0.1531771E-02 0.1536829E-02 0.1531453E-02 0.1525102E-02 0.1143523E-02 0.1143523E-02 -0.5153612E-01 -0.9434830E-01 -0.1428571 -0.1949483 -0.2494175 -0.3056435 -0.3633695 -0.4225511 -0.4832382 -0.5454846 -0.6092711 -0.6743940 -0.7400438 -0.8025271 -0.8025271 -0.8411266 -0.8207235 -0.4996924 -0.2989683 -0.2989683 -0.4226045E-01 -0.4226045E-01 0.8853211E-01 0.8853211E-01 0.1324465 0.1955326 0.1955326 0.2316649 0.2316649 0.2108373 0.2108373 0.2108373 0.1449685 0.1449685 0.6501319E-01 0.6501319E-01 -0.4645300E-02 -0.4645300E-02 -0.5135640E-01 -0.5135640E-01 -0.7332733E-01 -0.7332733E-01 -0.7332733E-01
0.1548397E-02 0.1548397E-02 0.3060164E-02 0.3262880E-02 0.3042052E-02 0.3042052E-02 0.2904942E-02 0.2948493E-02 0.2948493E-02 0.3038296E-02 0.3038296E-02 0.3055751E-02 0.3050981E-02 0.3044161E-02 0.2516423E-02 0.2516423E-02 -0.7391638E-01 -0.1302193 -0.1906541 -0.2524723 -0.3143145 -0.3756591 -0.4364775 -0.4970159 -0.5576468 -0.6187628 -0.6806921 -0.7435556 -0.8064454 -0.8625053 -0.8625053 -0.8780993 -0.7868455 -0.3478562 -0.1893232 -0.1893232 -0.2387285E-01 -0.2387285E-01 0.6784043E-01 0.6784043E-01 0.1026142 0.1565525 0.1565525 0.1908515 0.1908515 0.1864042 0.1864042 0.1864042 0.1384132 0.1384132 0.7023177E-01 0.7023177E-01 0.3615572E-02 0.3615572E-02 -0.4469295E-01 -0.4469295E-01 -0.6848138E-01 -0.6848138E-01 -0.6848138E-01
0.2528994E-02 0.2528994E-02 0.4336833E-02 0.4955237E-02 0.4602786E-02 0.4602786E-02 0.4390856E-02 0.4426784E-02 0.4426784E-02 0.4534082E-02 0.4534082E-02 0.4557101E-02 0.4553607E-02 0.4547930E-02 0.3820711E-02 0.3820711E-02 -0.1065347 -0.1798868 -0.2546065 -0.3275879 -0.3975822 -0.4643673 -0.5282742 -0.5899162 -0.6500244 -0.7093420 -0.7685464 -0.8279839 -0.8852947 -0.9207476 -0.9207476 -0.8590330 -0.6359052 -0.2092844 -0.1185530 -0.1185530 -0.2131928E-01 -0.2131928E-01 0.4549814E-01 0.4549814E-01 0.7339291E-01 0.1187367 0.1187367 0.1493374 0.1493374 0.1545548 0.1545548 0.1545548 0.1220564 0.1220564 0.6840859E-01 0.6840859E-01 0.1019873E-01 0.1019873E-01 -0.3530852E-01 -0.3530852E-01 -0.5871262E-01 -0.5871262E-01 -0.5871262E-01
0.3667344E-02 0.3667344E-02 0.5415942E-02 0.6685884E-02 0.6177362E-02 0.6177362E-02 0.5902064E-02 0.5925701E-02 0.5925701E-02 0.6035081E-02 0.6035081E-02 0.6058333E-02 0.6054518E-02 0.6048737E-02 0.5042707E-02 0.5042707E-02 -0.1565561 -0.2515078 -0.3428425 -0.4278713 -0.5060313 -0.5777743 -0.6440172 -0.7058659 -0.7644673 -0.8209277 -0.8762594 -0.9305893 -0.9742442 -0.9397594 -0.9397594 -0.7018195 -0.3857627 -0.1249892 -0.8373816E-01 -0.8373816E-01 -0.2305427E-01 -0.2305427E-01 0.2576369E-01 0.2576369E-01 0.4736659E-01 0.8342866E-01 0.8342866E-01 0.1086661 0.1086661 0.1183730 0.1183730 0.1183730 0.9821363E-01 0.9821363E-01 0.5966328E-01 0.5966328E-01 0.1387091E-01 0.1387091E-01 -0.2430884E-01 -0.2430884E-01 -0.4460027E-01 -0.4460027E-01 -0.4460027E-01
