cruce_test.gid/Rasters/Hydraulic/Velocity__x_318.0.asc
NCOLS        79
NROWS        79
XLLCENTER         -1.500000
YLLCENTER         -4.800000
CELLSIZE           0.100
NODATA_VALUE     -9999.0
[rows 0 to 25 of 79, columns 0 to 57 of 79]
-9999.000 -9999.000 -9999.000 -9999.000 -9999.000 -9999.000 -9999.000 -9999.000 -9999.000 -9999.000 -9999.000 -9999.000 -9999.000 -9999.000 -9999.000 0.2203266E-03 0.1945359E-02 0.5466020E-02 0.9122537E-02 0.1229967E-01 0.1478481E-01 0.1650029E-01 0.1745522E-01 0.1771178E-01 0.1732977E-01 0.1637389E-01 0.1487462E-01 0.1267834E-01 0.9042415E-02 0.4446618E-02 0.4446618E-02 -9999.000 -9999.000 -9999.000 -9999.000 -9999.000 -9999.000 -9999.000 -9999.000 -9999.000 -9999.000 -9999.000 -9999.000 -9999.000 -9999.000 -9999.000 -9999.000 -9999.000 -9999.000 -9999.000 -9999.000 -9999.000 -9999.000 -9999.000 -9999.000 -9999.000 -9999.000 -9999.000
-9999.000 -9999.000 -9999.000 -9999.000 -9999.000 -9999.000 -9999.000 -9999.000 -9999.000 -9999.000 -9999.000 -9999.000 -9999.000 -9999.000 -9999.000 0.1416859E-02 0.4341361E-02 0.8997140E-02 0.1369809E-01 0.1781321E-01 0.2107382E-01 0.2334787E-01 0.2459871E-01 0.2485337E-01 0.2415138E-01 0.2254876E-01 0.2008116E-01 0.1663221E-01 0.1158864E-01 0.5682379E-02 0.5682379E-02 -9999.000 -9999.000 -9999.000 -9999.000 -9999.000 -9999.000 -9999.000 -9999.000 -9999.000 -9999.000 -9999.000 -9999.000 -9999.000 -9999.000 -9999.000 -9999.000 -9999.000 -9999.000 -9999.000 -9999.000 -9999.000 -9999.000 -9999.000 -9999.000 -9999.000 -9999.000 -9999.000
-9999.000 -9999.000 -9999.000 -9999.000 -9999.000 -9999.000 -9999.000 -9999.000 -9999.000 -9999.000 -9999.000 -9999.000 -9999.000 -9999.000 -9999.000 0.1988629E-02 0.5552739E-02 0.1090832E-01 0.1624851E-01 0.2090978E-01 0.2460083E-01 0.2717076E-01 0.2856995E-01 0.2881841E-01 0.2795333E-01 0.2603568E-01 0.2311206E-01 0.1907716E-01 0.1331008E-01 0.6564674E-02 0.6564674E-02 -9999.000 -9999.000 -9999.000 -9999.000 -9999.000 -9999.000 -9999.000 -9999.000 -9999.000 -9999.000 -9999.000 -9999.000 -9999.000 -9999.000 -9999.000 -9999.000 -9999.000 -9999.000 -9999.000 -9999.000 -9999.000 -9999.000 -9999.000 -9999.000 -9999.000 -9999.000 -9999.000
-9999.000 -9999.000 -9999.000 -9999.000 -9999.000 -9999.000 -9999.000 -9999.000 -9999.000 -9999.000 -9999.000 -9999.000 -9999.000 -9999.000 -9999.000 0.2336837E-02 0.6299841E-02 0.1210212E-01 0.1785613E-01 0.2287311E-01 0.2684776E-01 0.2961843E-01 0.3112946E-01 0.3139874E-01 0.3046263E-01 0.2838574E-01 0.2521923E-01 0.2085521E-01 0.1464012E-01 0.7276997E-02 0.7276997E-02 -9999.000 -9999.000 -9999.000 -9999.000 -9999.000 -9999.000 -9999.000 -9999.000 -9999.000 -9999.000 -9999.000 -9999.000 -9999.000 -9999.000 -9999.000 -9999.000 -9999.000 -9999.000 -9999.000 -9999.000 -9999.000 -9999.000 -9999.000 -9999.000 -9999.000 -9999.000 -9999.000
-9999.000 -9999.000 -9999.000 -9999.000 -9999.000 -9999.000 -9999.000 -9999.000 -9999.000 -9999.000 -9999.000 -9999.000 -9999.000 -9999.000 -9999.000 0.2597537E-02 0.6860509E-02 0.1299987E-01 0.1906786E-01 0.2435727E-01 0.2855346E-01 0.3148735E-01 0.3310073E-01 0.3341050E-01 0.3245230E-01 0.3029291E-01 0.2698482E-01 0.2241094E-01 0.1586905E-01 0.7960052E-02 0.7960052E-02 -9999.000 -9999.000 -9999.000 -9999.000 -9999.000 -9999.000 -9999.000 -9999.000 -9999.000 -9999.000 -9999.000 -9999.000 -9999.000 -9999.000 -9999.000 -9999.000 -9999.000 -9999.000 -9999.000 -9999.000 -9999.000 -9999.000 -9999.000 -9999.000 -9999.000 -9999.000 -9999.000
-9999.000 -9999.000 -9999.000 -9999.000 -9999.000 -9999.000 -9999.000 -9999.000 -9999.000 -9999.000 -9999.000 -9999.000 -9999.000 -9999.000 -9999.000 0.2833139E-02 0.7364987E-02 0.1380279E-01 0.2014817E-01 0.2567891E-01 0.3007456E-01 0.3316072E-01 0.3487790E-01 0.3524358E-01 0.3429250E-01 0.3209285E-01 0.2869689E-01 0.2397292E-01 0.1715626E-01 0.8694937E-02 0.8694937E-02 -9999.000 -9999.000 -9999.000 -9999.000 -9999.000 -9999.000 -9999.000 -9999.000 -9999.000 -9999.000 -9999.000 -9999.000 -9999.000 -9999.000 -9999.000 -9999.000 -9999.000 -9999.000 -9999.000 -9999.000 -9999.000 -9999.000 -9999.000 -9999.000 -9999.000 -9999.000 -9999.000
-9999.000 -9999.000 -9999.000 -9999.000 -9999.000 -9999.000 -9999.000 -9999.000 -9999.000 -9999.000 -9999.000 -9999.000 -9999.000 -9999.000 -9999.000 0.3074609E-02 0.7877376E-02 0.1460969E-01 0.2122647E-01 0.2699342E-01 0.3158670E-01 0.3482792E-01 0.3665787E-01 0.3709499E-01 0.3617291E-01 0.3396180E-01 0.3051247E-01 0.2567365E-01 0.1860263E-01 0.9537692E-02 0.9537692E-02 -9999.000 -9999.000 -9999.000 -9999.000 -9999.000 -9999.000 -9999.000 -9999.000 -9999.000 -9999.000 -9999.000 -9999.000 -9999.000 -9999.000 -9999.000 -9999.000 -9999.000 -9999.000 -9999.000 -9999.000 -9999.000 -9999.000 -9999.000 -9999.000 -9999.000 -9999.000 -9999.000
-9999.000 -9999.000 -9999.000 -9999.000 -9999.000 -9999.000 -9999.000 -9999.000 -9999.000 -9999.000 -9999.000 -9999.000 -9999.000 -9999.000 -9999.000 0.3337734E-02 0.8431102E-02 0.1547271E-01 0.2237160E-01 0.2838392E-01 0.3318458E-01 0.3659248E-01 0.3854954E-01 0.3907658E-01 0.3820589E-01 0.3600935E-01 0.3253547E-01 0.2760918E-01 0.2029206E-01 0.1053843E-01 0.1053843E-01 -9999.000 -9999.000 -9999.000 -9999.000 -9999.000 -9999.000 -9999.000 -9999.000 -9999.000 -9999.000 -9999.000 -9999.000 -9999.000 -9999.000 -9999.000 -9999.000 -9999.000 -9999.000 -9999.000 -9999.000 -9999.000 -9999.000 -9999.000 -9999.000 -9999.000 -9999.000 -9999.000
-9999.000 -9999.000 -9999.000 -9999.000 -9999.000 -9999.000 -9999.000 -9999.000 -9999.000 -9999.000 -9999.000 -9999.000 -9999.000 -9999.000 -9999.000 0.3632997E-02 0.9047733E-02 0.1642490E-01 0.2362682E-01 0.2990295E-01 0.3492945E-01 0.3852272E-01 0.4062777E-01 0.4126828E-01 0.4047499E-01 0.3832263E-01 0.3485646E-01 0.2987169E-01 0.2231372E-01 0.1175409E-01 0.1175409E-01 -9999.000 -9999.000 -9999.000 -9999.000 -9999.000 -9999.000 -9999.000 -9999.000 -9999.000 -9999.000 -9999.000 -9999.000 -9999.000 -9999.000 -9999.000 -9999.000 -9999.000 -9999.000 -9999.000 -9999.000 -9999.000 -9999.000 -9999.000 -9999.000 -9999.000 -9999.000 -9999.000
-9999.000 -9999.000 -9999.000 -9999.000 -9999.000 -9999.000 -9999.000 -9999.000 -9999.000 -9999.000 -9999.000 -9999.000 -9999.000 -9999.000 -9999.000 0.3968192E-02 0.9744264E-02 0.1749368E-01 0.2502920E-01 0.3159611E-01 0.3687452E-01 0.4067943E-01 0.4296049E-01 0.4374543E-01 0.4306353E-01 0.4099304E-01 0.3757593E-01 0.3257002E-01 0.2478053E-01 0.1325933E-01 0.1325933E-01 -9999.000 -9999.000 -9999.000 -9999.000 -9999.000 -9999.000 -9999.000 -9999.000 -9999.000 -9999.000 -9999.000 -9999.000 -9999.000 -9999.000 -9999.000 -9999.000 -9999.000 -9999.000 -9999.000 -9999.000 -9999.000 -9999.000 -9999.000 -9999.000 -9999.000 -9999.000 -9999.000
-9999.000 -9999.000 -9999.000 -9999.000 -9999.000 -9999.000 -9999.000 -9999.000 -9999.000 -9999.000 -9999.000 -9999.000 -9999.000 -9999.000 -9999.000 0.4352443E-02 0.1053957E-01 0.1870837E-01 0.2661814E-01 0.3351258E-01 0.3907854E-01 0.4313092E-01 0.4562618E-01 0.4659752E-01 0.4607284E-01 0.4413546E-01 0.4082338E-01 0.3584997E-01 0.2784923E-01 0.1515883E-01 0.1515883E-01 -9999.000 -9999.000 -9999.000 -9999.000 -9999.000 -9999.000 -9999.000 -9999.000 -9999.000 -9999.000 -9999.000 -9999.000 -9999.000 -9999.000 -9999.000 -9999.000 -9999.000 -9999.000 -9999.000 -9999.000 -9999.000 -9999.000 -9999.000 -9999.000 -9999.000 -9999.000 -9999.000
-9999.000 -9999.000 -9999.000 -9999.000 -9999.000 -9999.000 -9999.000 -9999.000 -9999.000 -9999.000 -9999.000 -9999.000 -9999.000 -9999.000 -9999.000 0.4796240E-02 0.1145692E-01 0.2010694E-01 0.2844495E-01 0.3571668E-01 0.4161924E-01 0.4596839E-01 0.4873055E-01 0.4994600E-01 0.4964222E-01 0.4790983E-01 0.4478296E-01 0.3992086E-01 0.3174857E-01 0.1760770E-01 0.1760770E-01 -9999.000 -9999.000 -9999.000 -9999.000 -9999.000 -9999.000 -9999.000 -9999.000 -9999.000 -9999.000 -9999.000 -9999.000 -9999.000 -9999.000 -9999.000 -9999.000 -9999.000 -9999.000 -9999.000 -9999.000 -9999.000 -9999.000 -9999.000 -9999.000 -9999.000 -9999.000 -9999.000
-9999.000 -9999.000 -9999.000 -9999.000 -9999.000 -9999.000 -9999.000 -9999.000 -9999.000 -9999.000 -9999.000 -9999.000 -9999.000 -9999.000 -9999.000 0.5315833E-02 0.1253136E-01 0.2174490E-01 0.3058564E-01 0.3830369E-01 0.4461055E-01 0.4932542E-01 0.5242793E-01 0.5396897E-01 0.5397649E-01 0.5255307E-01 0.4972884E-01 0.4509793E-01 0.3682927E-01 0.2084439E-01 0.2084439E-01 -9999.000 -9999.000 -9999.000 -9999.000 -9999.000 -9999.000 -9999.000 -9999.000 -9999.000 -9999.000 -9999.000 -9999.000 -9999.000 -9999.000 -9999.000 -9999.000 -9999.000 -9999.000 -9999.000 -9999.000 -9999.000 -9999.000 -9999.000 -9999.000 -9999.000 -9999.000 -9999.000
-9999.000 -9999.000 -9999.000 -9999.000 -9999.000 -9999.000 -9999.000 -9999.000 -9999.000 -9999.000 -9999.000 -9999.000 -9999.000 -9999.000 -9999.000 0.6104889E-02 0.1413463E-01 0.2413357E-01 0.3357944E-01 0.4181782E-01 0.4858359E-01 0.5371274E-01 0.5721239E-01 0.5915235E-01 0.5956596E-01 0.5857373E-01 0.5620418E-01 0.5197032E-01 0.4372201E-01 0.2530813E-01 0.2530813E-01 -9999.000 -9999.000 -9999.000 -9999.000 -9999.000 -9999.000 -9999.000 -9999.000 -9999.000 -9999.000 -9999.000 -9999.000 -9999.000 -9999.000 -9999.000 -9999.000 -9999.000 -9999.000 -9999.000 -9999.000 -9999.000 -9999.000 -9999.000 -9999.000 -9999.000 -9999.000 -9999.000
-9999.000 -9999.000 -9999.000 -9999.000 -9999.000 -9999.000 -9999.000 -9999.000 -9999.000 -9999.000 -9999.000 -9999.000 -9999.000 -9999.000 -9999.000 0.4857416E-01 0.7352401E-01 0.8399403E-01 0.8221814E-01 0.8191423E-01 0.8061773E-01 0.7850422E-01 0.7585903E-01 0.7276454E-01 0.6925157E-01 0.6537479E-01 0.6101956E-01 0.5547306E-01 0.4621128E-01 0.2308757E-01 0.2308757E-01 -9999.000 -9999.000 -9999.000 -9999.000 -9999.000 -9999.000 -9999.000 -9999.000 -9999.000 -9999.000 -9999.000 -9999.000 -9999.000 -9999.000 -9999.000 -9999.000 -9999.000 -9999.000 -9999.000 -9999.000 -9999.000 -9999.000 -9999.000 -9999.000 -9999.000 -9999.000 -9999.000
2.737109 2.737109 2.711012 2.763558 2.768431 2.768431 2.770758 2.771466 2.771466 2.768479 2.768479 2.763112 2.759813 2.756198 2.752446 2.752446 2.847465 2.850225 2.845555 2.820264 2.775477 2.709937 2.621115 2.511745 2.382548 2.235559 2.075277 1.912132 1.772315 1.722353 1.722353 2.575256 2.747624 2.839908 2.861375 2.861375 2.886009 2.886009 2.853367 2.853367 2.800606 2.596934 2.596934 2.135311 2.135311 1.948589 1.948589 1.948589 1.952590 1.952590 1.992152 1.992152 2.041593 2.041593 2.090616 2.090616 2.133027 2.133027
2.760322 2.760322 2.739362 2.812666 2.828753 2.828753 2.842071 2.864553 2.864553 2.883183 2.883183 2.899305 2.906698 2.913731 2.920575 2.920575 2.992213 3.007150 3.019949 3.027727 3.030034 3.024899 3.009172 2.980919 2.937631 2.877319 2.799246 2.705209 2.602628 2.537480 2.537480 2.999373 3.159456 3.308410 3.347410 3.347410 3.388592 3.388592 3.381173 3.381173 3.354005 3.237354 3.237354 2.982887 2.982887 2.767223 2.767223 2.767223 2.770597 2.770597 2.811896 2.811896 2.864372 2.864372 2.916088 2.916088 2.961823 2.961823
2.766493 2.766493 2.739083 2.812564 2.828968 2.828968 2.842660 2.865811 2.865811 2.885136 2.885136 2.902003 2.909786 2.917222 2.924504 2.924504 2.989919 3.015161 3.038647 3.058557 3.074382 3.085454 3.090475 3.088534 3.078188 3.057721 3.025666 2.981847 2.929846 2.895905 2.895905 3.166853 3.322685 3.498500 3.548090 3.548090 3.595089 3.595089 3.577622 3.577622 3.544073 3.437656 3.437656 3.270081 3.270081 3.064937 3.064937 3.064937 3.052412 3.052412 3.083110 3.083110 3.127789 3.127789 3.173337 3.173337 3.214350 3.214350
2.771410 2.771410 2.737126 2.812162 2.828799 2.828799 2.842762 2.866029 2.866029 2.885267 2.885267 2.902079 2.909853 2.917291 2.924614 2.924614 2.987208 3.021525 3.054684 3.084073 3.108590 3.127676 3.140745 3.147574 3.147838 3.141005 3.126507 3.104349 3.076824 3.060722 3.060722 3.228359 3.368067 3.552636 3.607536 3.607536 3.650438 3.650438 3.612048 3.612048 3.570890 3.479301 3.479301 3.376483 3.376483 3.207742 3.207742 3.207742 3.179474 3.179474 3.197723 3.197723 3.235030 3.235030 3.276220 3.276220 3.314240 3.314240
2.775219 2.775219 2.734010 2.812104 2.828651 2.828651 2.842715 2.866047 2.866047 2.885262 2.885262 2.902066 2.909842 2.917284 2.924664 2.924664 2.988209 3.030688 3.072730 3.110798 3.143264 3.169380 3.188681 3.201063 3.206561 3.205233 3.197193 3.182968 3.164624 3.153713 3.153713 3.258706 3.375581 3.551149 3.601652 3.601652 3.620421 3.620421 3.557811 3.557811 3.518417 3.460104 3.460104 3.413862 3.413862 3.296117 3.296117 3.296117 3.257627 3.257627 3.261519 3.261519 3.289125 3.289125 3.324618 3.324618 3.358941 3.358941
2.777949 2.777949 2.733509 2.812007 2.828480 2.828480 2.842643 2.866055 2.866055 2.885254 2.885254 2.902049 2.909828 2.917273 2.924734 2.924734 2.993859 3.044080 3.094208 3.140060 3.179694 3.212222 3.237193 3.254489 3.264193 3.266511 3.261787 3.250745 3.235272 3.223588 3.223588 3.286004 3.376102 3.521759 3.553089 3.553089 3.526795 3.526795 3.457247 3.457247 3.434638 3.422259 3.422259 3.421854 3.421854 3.357467 3.357467 3.357467 3.318107 3.318107 3.309310 3.309310 3.325231 3.325231 3.352783 3.352783 3.381689 3.381689
2.779586 2.779586 2.733329 2.812020 2.828403 2.828403 2.842607 2.866061 2.866061 2.885248 2.885248 2.902038 2.909820 2.917268 2.924846 2.924846 3.005061 3.063064 3.120577 3.173218 3.219006 3.257055 3.286961 3.308611 3.322081 3.327573 3.325438 3.316348 3.301853 3.287686 3.287686 3.319571 3.380382 3.467373 3.460167 3.460167 3.386736 3.386736 3.345892 3.345892 3.350113 3.382207 3.382207 3.415267 3.415267 3.398703 3.398703 3.398703 3.367630 3.367630 3.351215 3.351215 3.355442 3.355442 3.373166 3.373166 3.394707 3.394707
2.780132 2.780132 2.733289 2.812032 2.828381 2.828381 2.842595 2.866059 2.866059 2.885237 2.885237 2.902019 2.909798 2.917245 2.924983 2.924983 3.022860 3.089000 3.153267 3.211608 3.262318 3.304693 3.338474 3.363625 3.380237 3.388487 3.388659 3.381276 3.367460 3.350818 3.350818 3.359733 3.387457 3.372384 3.312959 3.312959 3.230340 3.230340 3.249700 3.249700 3.279360 3.344669 3.344669 3.400591 3.400591 3.423203 3.423203 3.423203 3.406441 3.406441 3.388855 3.388855 3.383605 3.383605 3.390660 3.390660 3.403103 3.403103
2.779585 2.779585 2.733330 2.812020 2.828403 2.828403 2.842607 2.866061 2.866061 2.885249 2.885249 2.902039 2.909819 2.917268 2.925231 2.925231 3.048839 3.123612 3.193964 3.256762 3.310906 3.356099 3.392357 3.419802 3.438600 3.448925 3.450994 3.445156 3.432039 3.412982 3.412982 3.401537 3.384656 3.213635 3.118793 3.118793 3.093995 3.093995 3.175860 3.175860 3.222581 3.309044 3.309044 3.380471 3.380471 3.433595 3.433595 3.433595 3.433372 3.433372 3.420267 3.420267 3.409284 3.409284 3.406184 3.406184 3.408404 3.408404
2.777947 2.777947 2.733511 2.812007 2.828479 2.828479 2.842641 2.866054 2.866054 2.885253 2.885253 2.902049 2.909828 2.917272 2.925545 2.925545 3.085132 3.168929 3.244463 3.310170 3.365942 3.412120 3.449127 3.477340 3.497048 3.508464 3.511758 3.507104 3.494446 3.471458 3.471458 3.432522 3.339407 2.992028 2.921008 2.921008 2.995265 2.995265 3.117131 3.117131 3.173192 3.272800 3.272800 3.355220 3.355220 3.431498 3.431498 3.431498 3.447152 3.447152 3.442093 3.442093 3.429411 3.429411 3.417869 3.417869 3.409634 3.409634
2.775217 2.775217 2.734013 2.812103 2.828648 2.828648 2.842714 2.866046 2.866046 2.885262 2.885262 2.902065 2.909842 2.917284 2.925992 2.925992 3.135058 3.227716 3.306900 3.373388 3.428488 3.473402 3.509084 3.536228 3.555289 3.566541 3.570129 3.566021 3.552684 3.518574 3.518574 3.420154 3.193335 2.762728 2.772879 2.772879 2.923685 2.923685 3.064162 3.064162 3.125047 3.233469 3.233469 3.323921 3.323921 3.417298 3.417298 3.417298 3.446484 3.446484 3.450702 3.450702 3.439419 3.439419 3.421802 3.421802 3.403810 3.403810
