cruce_test.gid/Rasters/Hydraulic/Velocity____349.0.asc
NCOLS        79
NROWS        79
XLLCENTER         -1.500000
YLLCENTER         -4.800000
CELLSIZE           0.100
NODATA_VALUE     -9999.0
[rows 0 to 26 of 79, columns 0 to 59 of 79]
-9999.000 -9999.000 -9999.000 -9999.000 -9999.000 -9999.000 -9999.000 -9999.000 -9999.000 -9999.000 -9999.000 -9999.000 -9999.000 -9999.000 -9999.000 0.1007233 0.9925371E-01 0.9939819E-01 0.9988823E-01 0.1005436 0.1012694 0.1019633 0.1025507 0.1030231 0.1033669 0.1035965 0.1037844 0.1041419 0.1052767 0.1062930 0.1062930 -9999.000 -9999.000 -9999.000 -9999.000 -9999.000 -9999.000 -9999.000 -9999.000 -9999.000 -9999.000 -9999.000 -9999.000 -9999.000 -9999.000 -9999.000 -9999.000 -9999.000 -9999.000 -9999.000 -9999.000 -9999.000 -9999.000 -9999.000 -9999.000 -9999.000 -9999.000 -9999.000 -9999.000 -9999.000
-9999.000 -9999.000 -9999.000 -9999.000 -9999.000 -9999.000 -9999.000 -9999.000 -9999.000 -9999.000 -9999.000 -9999.000 -9999.000 -9999.000 -9999.000 0.9875772E-01 0.9583780E-01 0.9619334E-01 0.9727941E-01 0.9872095E-01 0.1003234 0.1018748 0.1032142 0.1043167 0.1051470 0.1057316 0.1062295 0.1071162 0.1097403 0.1124647 0.1124647 -9999.000 -9999.000 -9999.000 -9999.000 -9999.000 -9999.000 -9999.000 -9999.000 -9999.000 -9999.000 -9999.000 -9999.000 -9999.000 -9999.000 -9999.000 -9999.000 -9999.000 -9999.000 -9999.000 -9999.000 -9999.000 -9999.000 -9999.000 -9999.000 -9999.000 -9999.000 -9999.000 -9999.000 -9999.000
-9999.000 -9999.000 -9999.000 -9999.000 -9999.000 -9999.000 -9999.000 -9999.000 -9999.000 -9999.000 -9999.000 -9999.000 -9999.000 -9999.000 -9999.000 0.9529095E-01 0.9093693E-01 0.9153275E-01 0.9331454E-01 0.9568990E-01 0.9835781E-01 0.1009925 0.1033454 0.1053789 0.1070317 0.1083370 0.1095380 0.1113902 0.1160509 0.1213258 0.1213258 -9999.000 -9999.000 -9999.000 -9999.000 -9999.000 -9999.000 -9999.000 -9999.000 -9999.000 -9999.000 -9999.000 -9999.000 -9999.000 -9999.000 -9999.000 -9999.000 -9999.000 -9999.000 -9999.000 -9999.000 -9999.000 -9999.000 -9999.000 -9999.000 -9999.000 -9999.000 -9999.000 -9999.000 -9999.000
-9999.000 -9999.000 -9999.000 -9999.000 -9999.000 -9999.000 -9999.000 -9999.000 -9999.000 -9999.000 -9999.000 -9999.000 -9999.000 -9999.000 -9999.000 0.9109364E-01 0.8543883E-01 0.8629829E-01 0.8880582E-01 0.9215044E-01 0.9592987E-01 0.9971029E-01 0.1031615 0.1062373 0.1088478 0.1110253 0.1130905 0.1160773 0.1229854 0.1313902 0.1313902 -9999.000 -9999.000 -9999.000 -9999.000 -9999.000 -9999.000 -9999.000 -9999.000 -9999.000 -9999.000 -9999.000 -9999.000 -9999.000 -9999.000 -9999.000 -9999.000 -9999.000 -9999.000 -9999.000 -9999.000 -9999.000 -9999.000 -9999.000 -9999.000 -9999.000 -9999.000 -9999.000 -9999.000 -9999.000
-9999.000 -9999.000 -9999.000 -9999.000 -9999.000 -9999.000 -9999.000 -9999.000 -9999.000 -9999.000 -9999.000 -9999.000 -9999.000 -9999.000 -9999.000 0.8639681E-01 0.7954527E-01 0.8069614E-01 0.8396037E-01 0.8830600E-01 0.9323126E-01 0.9819838E-01 0.1028003 0.1069866 0.1106353 0.1137749 0.1168022 0.1210391 0.1303776 0.1425203 0.1425203 -9999.000 -9999.000 -9999.000 -9999.000 -9999.000 -9999.000 -9999.000 -9999.000 -9999.000 -9999.000 -9999.000 -9999.000 -9999.000 -9999.000 -9999.000 -9999.000 -9999.000 -9999.000 -9999.000 -9999.000 -9999.000 -9999.000 -9999.000 -9999.000 -9999.000 -9999.000 -9999.000 -9999.000 -9999.000
-9999.000 -9999.000 -9999.000 -9999.000 -9999.000 -9999.000 -9999.000 -9999.000 -9999.000 -9999.000 -9999.000 -9999.000 -9999.000 -9999.000 -9999.000 0.8129260E-01 0.7334800E-01 0.7483122E-01 0.7889248E-01 0.8427355E-01 0.9037579E-01 0.9656023E-01 0.1023484 0.1076903 0.1124294 0.1165885 0.1206429 0.1262183 0.1381651 0.1547412 0.1547412 -9999.000 -9999.000 -9999.000 -9999.000 -9999.000 -9999.000 -9999.000 -9999.000 -9999.000 -9999.000 -9999.000 -9999.000 -9999.000 -9999.000 -9999.000 -9999.000 -9999.000 -9999.000 -9999.000 -9999.000 -9999.000 -9999.000 -9999.000 -9999.000 -9999.000 -9999.000 -9999.000 -9999.000 -9999.000
-9999.000 -9999.000 -9999.000 -9999.000 -9999.000 -9999.000 -9999.000 -9999.000 -9999.000 -9999.000 -9999.000 -9999.000 -9999.000 -9999.000 -9999.000 0.7580449E-01 0.6688496E-01 0.6875813E-01 0.7366744E-01 0.8012189E-01 0.8742919E-01 0.9485517E-01 0.1018552 0.1083854 0.1142515 0.1194700 0.1245996 0.1315912 0.1463358 0.1681819 0.1681819 -9999.000 -9999.000 -9999.000 -9999.000 -9999.000 -9999.000 -9999.000 -9999.000 -9999.000 -9999.000 -9999.000 -9999.000 -9999.000 -9999.000 -9999.000 -9999.000 -9999.000 -9999.000 -9999.000 -9999.000 -9999.000 -9999.000 -9999.000 -9999.000 -9999.000 -9999.000 -9999.000 -9999.000 -9999.000
-9999.000 -9999.000 -9999.000 -9999.000 -9999.000 -9999.000 -9999.000 -9999.000 -9999.000 -9999.000 -9999.000 -9999.000 -9999.000 -9999.000 -9999.000 0.6992199E-01 0.6016867E-01 0.6251175E-01 0.6833190E-01 0.7589898E-01 0.8443524E-01 0.9312019E-01 0.1013500 0.1090936 0.1161141 0.1224216 0.1286653 0.1371483 0.1549028 0.1830559 0.1830559 -9999.000 -9999.000 -9999.000 -9999.000 -9999.000 -9999.000 -9999.000 -9999.000 -9999.000 -9999.000 -9999.000 -9999.000 -9999.000 -9999.000 -9999.000 -9999.000 -9999.000 -9999.000 -9999.000 -9999.000 -9999.000 -9999.000 -9999.000 -9999.000 -9999.000 -9999.000 -9999.000 -9999.000 -9999.000
-9999.000 -9999.000 -9999.000 -9999.000 -9999.000 -9999.000 -9999.000 -9999.000 -9999.000 -9999.000 -9999.000 -9999.000 -9999.000 -9999.000 -9999.000 0.6361552E-01 0.5320333E-01 0.5612749E-01 0.6293404E-01 0.7165055E-01 0.8143125E-01 0.9138408E-01 0.1008545 0.1098298 0.1180254 0.1254446 0.1328362 0.1428870 0.1638940 0.1996645 0.1996645 -9999.000 -9999.000 -9999.000 -9999.000 -9999.000 -9999.000 -9999.000 -9999.000 -9999.000 -9999.000 -9999.000 -9999.000 -9999.000 -9999.000 -9999.000 -9999.000 -9999.000 -9999.000 -9999.000 -9999.000 -9999.000 -9999.000 -9999.000 -9999.000 -9999.000 -9999.000 -9999.000 -9999.000 -9999.000
-9999.000 -9999.000 -9999.000 -9999.000 -9999.000 -9999.000 -9999.000 -9999.000 -9999.000 -9999.000 -9999.000 -9999.000 -9999.000 -9999.000 -9999.000 0.5684431E-01 0.4599873E-01 0.4966195E-01 0.5754219E-01 0.6743436E-01 0.7845996E-01 0.8967721E-01 0.1003902 0.1106094 0.1199941 0.1285412 0.1371097 0.1488089 0.1733468 0.2184192 0.2184192 -9999.000 -9999.000 -9999.000 -9999.000 -9999.000 -9999.000 -9999.000 -9999.000 -9999.000 -9999.000 -9999.000 -9999.000 -9999.000 -9999.000 -9999.000 -9999.000 -9999.000 -9999.000 -9999.000 -9999.000 -9999.000 -9999.000 -9999.000 -9999.000 -9999.000 -9999.000 -9999.000 -9999.000 -9999.000
-9999.000 -9999.000 -9999.000 -9999.000 -9999.000 -9999.000 -9999.000 -9999.000 -9999.000 -9999.000 -9999.000 -9999.000 -9999.000 -9999.000 -9999.000 0.4955986E-01 0.3859126E-01 0.4322424E-01 0.5226759E-01 0.6333563E-01 0.7558078E-01 0.8804104E-01 0.9998687E-01 0.1114540 0.1220345 0.1317184 0.1414879 0.1549190 0.1833078 0.2398846 0.2398846 -9999.000 -9999.000 -9999.000 -9999.000 -9999.000 -9999.000 -9999.000 -9999.000 -9999.000 -9999.000 -9999.000 -9999.000 -9999.000 -9999.000 -9999.000 -9999.000 -9999.000 -9999.000 -9999.000 -9999.000 -9999.000 -9999.000 -9999.000 -9999.000 -9999.000 -9999.000 -9999.000 -9999.000 -9999.000
-9999.000 -9999.000 -9999.000 -9999.000 -9999.000 -9999.000 -9999.000 -9999.000 -9999.000 -9999.000 -9999.000 -9999.000 -9999.000 -9999.000 -9999.000 0.4170819E-01 0.3109504E-01 0.3703816E-01 0.4730297E-01 0.5948926E-01 0.7288475E-01 0.8654024E-01 0.9969290E-01 0.1124011 0.1241740 0.1349946 0.1459820 0.1612303 0.1938347 0.2648500 0.2648500 -9999.000 -9999.000 -9999.000 -9999.000 -9999.000 -9999.000 -9999.000 -9999.000 -9999.000 -9999.000 -9999.000 -9999.000 -9999.000 -9999.000 -9999.000 -9999.000 -9999.000 -9999.000 -9999.000 -9999.000 -9999.000 -9999.000 -9999.000 -9999.000 -9999.000 -9999.000 -9999.000 -9999.000 -9999.000
-9999.000 -9999.000 -9999.000 -9999.000 -9999.000 -9999.000 -9999.000 -9999.000 -9999.000 -9999.000 -9999.000 -9999.000 -9999.000 -9999.000 -9999.000 0.3323905E-01 0.2386102E-01 0.3157485E-01 0.4298514E-01 0.5611502E-01 0.7051931E-01 0.8528212E-01 0.9959290E-01 0.1135203 0.1264696 0.1384148 0.1506271 0.1677760 0.2050038 0.2944516 0.2944516 -9999.000 -9999.000 -9999.000 -9999.000 -9999.000 -9999.000 -9999.000 -9999.000 -9999.000 -9999.000 -9999.000 -9999.000 -9999.000 -9999.000 -9999.000 -9999.000 -9999.000 -9999.000 -9999.000 -9999.000 -9999.000 -9999.000 -9999.000 -9999.000 -9999.000 -9999.000 -9999.000 -9999.000 -9999.000
-9999.000 -9999.000 -9999.000 -9999.000 -9999.000 -9999.000 -9999.000 -9999.000 -9999.000 -9999.000 -9999.000 -9999.000 -9999.000 -9999.000 -9999.000 0.2412237E-01 0.1809889E-01 0.2791949E-01 0.4003411E-01 0.5371223E-01 0.6885098E-01 0.8455281E-01 0.9992106E-01 0.1150074 0.1290868 0.1421198 0.1555433 0.1746595 0.2169439 0.3304094 0.3304094 -9999.000 -9999.000 -9999.000 -9999.000 -9999.000 -9999.000 -9999.000 -9999.000 -9999.000 -9999.000 -9999.000 -9999.000 -9999.000 -9999.000 -9999.000 -9999.000 -9999.000 -9999.000 -9999.000 -9999.000 -9999.000 -9999.000 -9999.000 -9999.000 -9999.000 -9999.000 -9999.000 -9999.000 -9999.000
-9999.000 -9999.000 -9999.000 -9999.000 -9999.000 -9999.000 -9999.000 -9999.000 -9999.000 -9999.000 -9999.000 -9999.000 -9999.000 -9999.000 -9999.000 0.3000164E-01 0.4652176E-01 0.5493939E-01 0.6377801E-01 0.7277936E-01 0.8318110E-01 0.9499488E-01 0.1075524 0.1208266 0.1338616 0.1464510 0.1600761 0.1806715 0.2283607 0.3723139 0.3723139 -9999.000 -9999.000 -9999.000 -9999.000 -9999.000 -9999.000 -9999.000 -9999.000 -9999.000 -9999.000 -9999.000 -9999.000 -9999.000 -9999.000 -9999.000 -9999.000 -9999.000 -9999.000 -9999.000 -9999.000 -9999.000 -9999.000 -9999.000 -9999.000 -9999.000 -9999.000 -9999.000 -9999.000 -9999.000
2.679516 2.679516 2.663542 2.697705 2.709945 2.709945 2.713638 2.715297 2.715297 2.713531 2.713531 2.709248 2.706363 2.703082 2.699530 2.699530 2.767903 2.769369 2.755448 2.725428 2.677047 2.608164 2.518265 2.409119 2.281432 2.137697 1.982951 1.828879 1.703597 1.681155 1.681155 2.506560 2.670119 2.754322 2.773124 2.773124 2.791730 2.791730 2.749138 2.749138 2.691087 2.473662 2.473662 2.010206 2.010206 1.859498 1.859498 1.859498 1.874403 1.874403 1.917903 1.917903 1.967816 1.967816 2.015949 2.015949 2.056758 2.056758 2.056758 2.086752
2.701539 2.701539 2.690140 2.746075 2.768523 2.768523 2.783458 2.806793 2.806793 2.826318 2.826318 2.843190 2.850827 2.858027 2.864898 2.864898 2.917159 2.929907 2.939823 2.946354 2.947819 2.941766 2.925692 2.897551 2.854919 2.796078 2.720523 2.629260 2.533917 2.481653 2.481653 2.925917 3.077965 3.219814 3.256661 3.256661 3.293310 3.293310 3.280281 3.280281 3.249638 3.125376 3.125376 2.851441 2.851441 2.671029 2.671029 2.671029 2.685545 2.685545 2.730163 2.730163 2.782957 2.782957 2.833908 2.833908 2.878228 2.878228 2.878228 2.913658
2.705102 2.705102 2.694046 2.746484 2.768348 2.768348 2.783873 2.808007 2.808007 2.828094 2.828094 2.845593 2.853591 2.861181 2.868486 2.868486 2.917428 2.939356 2.960293 2.979060 2.994693 3.006141 3.012368 3.012423 3.004813 2.987878 2.960221 2.921324 2.876301 2.851144 2.851144 3.112298 3.256502 3.419210 3.464674 3.464674 3.504148 3.504148 3.480292 3.480292 3.445233 3.339459 3.339459 3.156927 3.156927 2.971425 2.971425 2.971425 2.970377 2.970377 3.005239 3.005239 3.050615 3.050615 3.095336 3.095336 3.134868 3.134868 3.134868 3.166851
2.703022 2.703022 2.700955 2.746610 2.767633 2.767633 2.783489 2.808089 2.808089 2.828254 2.828254 2.845758 2.853757 2.861352 2.868678 2.868678 2.917191 2.947459 2.977732 3.005528 3.029582 3.049141 3.063769 3.073310 3.077436 3.075637 3.067347 3.052305 3.033473 3.027191 3.027191 3.190072 3.319110 3.485724 3.533195 3.533195 3.562294 3.562294 3.516824 3.516824 3.477314 3.393774 3.393774 3.282484 3.282484 3.115998 3.115998 3.115998 3.097680 3.097680 3.121264 3.121264 3.160089 3.160089 3.200819 3.200819 3.237476 3.237476 3.237476 3.267160
2.703789 2.703789 2.705629 2.746798 2.767046 2.767046 2.783099 2.808097 2.808097 2.828302 2.828302 2.845770 2.853758 2.861348 2.868698 2.868698 2.920131 2.958251 2.997194 3.033387 3.065152 3.091673 3.112590 3.127906 3.137719 3.142139 3.141318 3.135628 3.127435 3.127834 3.127834 3.233582 3.342974 3.497502 3.536079 3.536079 3.533051 3.533051 3.466382 3.466382 3.432205 3.385455 3.385455 3.335042 3.335042 3.207282 3.207282 3.207282 3.174789 3.174789 3.184450 3.184450 3.214686 3.214686 3.250432 3.250432 3.283726 3.283726 3.283726 3.310700
2.704370 2.704370 2.708865 2.746995 2.766636 2.766636 2.782789 2.808095 2.808095 2.828338 2.828338 2.845778 2.853756 2.861341 2.868731 2.868731 2.927246 2.973113 3.020125 3.064040 3.102930 3.135908 3.162613 3.183035 3.197345 3.205825 3.208889 3.207209 3.202823 3.203584 3.203584 3.271324 3.357671 3.478443 3.491660 3.491660 3.438650 3.438650 3.372219 3.372219 3.356587 3.354601 3.354601 3.352044 3.352044 3.272598 3.272598 3.272598 3.234277 3.234277 3.230368 3.230368 3.249807 3.249807 3.278517 3.278517 3.306941 3.306941 3.306941 3.330082
2.704730 2.704730 2.710760 2.747130 2.766397 2.766397 2.782592 2.808090 2.808090 2.828361 2.828361 2.845783 2.853755 2.861337 2.868783 2.868783 2.939431 2.993317 3.047913 3.098807 3.144056 3.182814 3.214752 3.239851 3.258279 3.270321 3.276415 3.277246 3.274456 3.273475 3.273475 3.313815 3.373477 3.426225 3.394393 3.394393 3.299730 3.299730 3.268296 3.268296 3.278479 3.317481 3.317481 3.349313 3.349313 3.317997 3.317997 3.317997 3.283781 3.283781 3.270236 3.270236 3.278194 3.278194 3.297906 3.297906 3.319631 3.319631 3.319631 3.337559
2.704853 2.704853 2.711382 2.747178 2.766318 2.766318 2.782525 2.808089 2.808089 2.828370 2.828370 2.845785 2.853755 2.861336 2.868865 2.868865 2.957827 3.020295 3.082102 3.139191 3.189887 3.233518 3.269883 3.299012 3.321076 3.336339 3.345183 3.348185 3.346530 3.343468 3.343468 3.362196 3.387914 3.320116 3.236603 3.236603 3.149311 3.149311 3.179177 3.179177 3.212142 3.280817 3.280817 3.335823 3.335823 3.346232 3.346232 3.346232 3.323841 3.323841 3.306659 3.306659 3.304523 3.304523 3.314051 3.314051 3.327329 3.327329 3.327329 3.338579
2.704730 2.704730 2.710760 2.747131 2.766396 2.766396 2.782592 2.808090 2.808090 2.828362 2.828362 2.845783 2.853756 2.861336 2.868983 2.868983 2.984012 3.055787 3.124472 3.186907 3.241972 3.289357 3.329083 3.361311 3.386264 3.404205 3.415448 3.420436 3.419818 3.414234 3.414234 3.410973 3.383172 3.140113 3.036231 3.036231 3.021492 3.021492 3.108803 3.108803 3.156635 3.244237 3.244237 3.314905 3.314905 3.358771 3.358771 3.358771 3.352148 3.352148 3.337291 3.337291 3.328161 3.328161 3.327538 3.327538 3.331135 3.331135 3.331135 3.334469
2.704369 2.704369 2.708864 2.746995 2.766636 2.766636 2.782788 2.808095 2.808095 2.828338 2.828338 2.845778 2.853756 2.861341 2.869154 2.869154 3.020299 3.102090 3.177214 3.243966 3.302108 3.351873 3.393631 3.427743 3.454546 3.474330 3.487381 3.493984 3.493968 3.483046 3.483046 3.443451 3.316119 2.903675 2.844260 2.844260 2.928864 2.928864 3.051312 3.051312 3.107283 3.206815 3.206815 3.288431 3.288431 3.357764 3.357764 3.357764 3.367322 3.367322 3.359074 3.359074 3.346689 3.346689 3.337098 3.337098 3.330521 3.330521 3.330521 3.325118
2.703789 2.703789 2.705628 2.746799 2.767047 2.767047 2.783100 2.808098 2.808098 2.828302 2.828302 2.845770 2.853759 2.861348 2.869395 2.869395 3.070184 3.162386 3.243117 3.312779 3.372350 3.422801 3.464953 3.499447 3.526769 3.547281 3.561262 3.568789 3.567642 3.539784 3.539784 3.414083 3.124425 2.679526 2.707053 2.707053 2.859667 2.859667 2.998647 2.998647 3.058921 3.166607 3.166607 3.256045 3.256045 3.343990 3.343990 3.343990 3.367832 3.367832 3.368166 3.368166 3.355807 3.355807 3.339219 3.339219 3.322872 3.322872 3.322872 3.308578
2.703022 2.703022 2.700955 2.746610 2.767634 2.767634 2.783489 2.808089 2.808089 2.828254 2.828254 2.845757 2.853757 2.861352 2.869728 2.869728 3.139175 3.241296 3.325923 3.396344 3.455104 3.504073 3.544603 3.577651 3.603879 3.623734 3.637507 3.644710 3.635786 3.547336 3.547336 3.231446 2.791363 2.538925 2.610461 2.610461 2.793311 2.793311 2.940681 2.940681 3.003536 3.117835 3.117835 3.213091 3.213091 3.314465 3.314465 3.314465 3.349759 3.349759 3.358599 3.358599 3.348159 3.348159 3.326744 3.326744 3.301861 3.301861 3.301861 3.279336
