cruce_test.gid/Rasters/Hydraulic/Velocity____113.0.asc
NCOLS        79
NROWS        79
XLLCENTER         -1.500000
YLLCENTER         -4.800000
CELLSIZE           0.100
NODATA_VALUE     -9999.0
[rows 0 to 26 of 79, columns 0 to 59 of 79]
-9999.000 -9999.000 -9999.000 -9999.000 -9999.000 -9999.000 -9999.000 -9999.000 -9999.000 -9999.000 -9999.000 -9999.000 -9999.000 -9999.000 -9999.000 0.1606920 0.1596272 0.1595635 0.1596928 0.1598994 0.1601303 0.1603561 0.1605627 0.1607537 0.1609611 0.1612623 0.1617991 0.1628224 0.1647205 0.1642128 0.1642128 -9999.000 -9999.000 -9999.000 -9999.000 -9999.000 -9999.000 -9999.000 -9999.000 -9999.000 -9999.000 -9999.000 -9999.000 -9999.000 -9999.000 -9999.000 -9999.000 -9999.000 -9999.000 -9999.000 -9999.000 -9999.000 -9999.000 -9999.000 -9999.000 -9999.000 -9999.000 -9999.000 -9999.000 -9999.000
-9999.000 -9999.000 -9999.000 -9999.000 -9999.000 -9999.000 -9999.000 -9999.000 -9999.000 -9999.000 -9999.000 -9999.000 -9999.000 -9999.000 -9999.000 0.1585409 0.1562603 0.1561275 0.1564220 0.1568985 0.1574404 0.1579787 0.1584776 0.1589399 0.1594297 0.1601109 0.1612897 0.1635155 0.1676166 0.1671300 0.1671300 -9999.000 -9999.000 -9999.000 -9999.000 -9999.000 -9999.000 -9999.000 -9999.000 -9999.000 -9999.000 -9999.000 -9999.000 -9999.000 -9999.000 -9999.000 -9999.000 -9999.000 -9999.000 -9999.000 -9999.000 -9999.000 -9999.000 -9999.000 -9999.000 -9999.000 -9999.000 -9999.000 -9999.000 -9999.000
-9999.000 -9999.000 -9999.000 -9999.000 -9999.000 -9999.000 -9999.000 -9999.000 -9999.000 -9999.000 -9999.000 -9999.000 -9999.000 -9999.000 -9999.000 0.1551450 0.1515337 0.1513254 0.1518555 0.1527225 0.1537304 0.1547602 0.1557492 0.1567014 0.1577241 0.1590908 0.1613080 0.1652655 0.1722685 0.1724951 0.1724951 -9999.000 -9999.000 -9999.000 -9999.000 -9999.000 -9999.000 -9999.000 -9999.000 -9999.000 -9999.000 -9999.000 -9999.000 -9999.000 -9999.000 -9999.000 -9999.000 -9999.000 -9999.000 -9999.000 -9999.000 -9999.000 -9999.000 -9999.000 -9999.000 -9999.000 -9999.000 -9999.000 -9999.000 -9999.000
-9999.000 -9999.000 -9999.000 -9999.000 -9999.000 -9999.000 -9999.000 -9999.000 -9999.000 -9999.000 -9999.000 -9999.000 -9999.000 -9999.000 -9999.000 0.1510445 0.1461474 0.1458931 0.1467181 0.1480575 0.1496309 0.1512651 0.1528687 0.1544452 0.1561460 0.1583583 0.1617981 0.1677198 0.1779572 0.1795867 0.1795867 -9999.000 -9999.000 -9999.000 -9999.000 -9999.000 -9999.000 -9999.000 -9999.000 -9999.000 -9999.000 -9999.000 -9999.000 -9999.000 -9999.000 -9999.000 -9999.000 -9999.000 -9999.000 -9999.000 -9999.000 -9999.000 -9999.000 -9999.000 -9999.000 -9999.000 -9999.000 -9999.000 -9999.000 -9999.000
-9999.000 -9999.000 -9999.000 -9999.000 -9999.000 -9999.000 -9999.000 -9999.000 -9999.000 -9999.000 -9999.000 -9999.000 -9999.000 -9999.000 -9999.000 0.1463607 0.1402230 0.1399468 0.1411168 0.1429969 0.1452162 0.1475434 0.1498563 0.1521575 0.1546435 0.1578231 0.1626372 0.1707367 0.1845577 0.1883506 0.1883506 -9999.000 -9999.000 -9999.000 -9999.000 -9999.000 -9999.000 -9999.000 -9999.000 -9999.000 -9999.000 -9999.000 -9999.000 -9999.000 -9999.000 -9999.000 -9999.000 -9999.000 -9999.000 -9999.000 -9999.000 -9999.000 -9999.000 -9999.000 -9999.000 -9999.000 -9999.000 -9999.000 -9999.000 -9999.000
-9999.000 -9999.000 -9999.000 -9999.000 -9999.000 -9999.000 -9999.000 -9999.000 -9999.000 -9999.000 -9999.000 -9999.000 -9999.000 -9999.000 -9999.000 0.1411570 0.1338342 0.1335594 0.1351193 0.1376002 0.1405342 0.1436282 0.1467262 0.1498312 0.1531871 0.1574337 0.1637572 0.1742459 0.1920344 0.1988794 0.1988794 -9999.000 -9999.000 -9999.000 -9999.000 -9999.000 -9999.000 -9999.000 -9999.000 -9999.000 -9999.000 -9999.000 -9999.000 -9999.000 -9999.000 -9999.000 -9999.000 -9999.000 -9999.000 -9999.000 -9999.000 -9999.000 -9999.000 -9999.000 -9999.000 -9999.000 -9999.000 -9999.000 -9999.000 -9999.000
-9999.000 -9999.000 -9999.000 -9999.000 -9999.000 -9999.000 -9999.000 -9999.000 -9999.000 -9999.000 -9999.000 -9999.000 -9999.000 -9999.000 -9999.000 0.1354496 0.1270172 0.1267708 0.1287660 0.1319057 0.1356179 0.1395435 0.1434915 0.1474659 0.1517618 0.1571623 0.1651220 0.1782183 0.2004104 0.2113907 0.2113907 -9999.000 -9999.000 -9999.000 -9999.000 -9999.000 -9999.000 -9999.000 -9999.000 -9999.000 -9999.000 -9999.000 -9999.000 -9999.000 -9999.000 -9999.000 -9999.000 -9999.000 -9999.000 -9999.000 -9999.000 -9999.000 -9999.000 -9999.000 -9999.000 -9999.000 -9999.000 -9999.000 -9999.000 -9999.000
-9999.000 -9999.000 -9999.000 -9999.000 -9999.000 -9999.000 -9999.000 -9999.000 -9999.000 -9999.000 -9999.000 -9999.000 -9999.000 -9999.000 -9999.000 0.1292182 0.1197798 0.1195970 0.1220784 0.1259381 0.1304922 0.1353112 0.1401680 0.1450693 0.1503659 0.1569983 0.1667181 0.1826540 0.2097538 0.2262345 0.2262345 -9999.000 -9999.000 -9999.000 -9999.000 -9999.000 -9999.000 -9999.000 -9999.000 -9999.000 -9999.000 -9999.000 -9999.000 -9999.000 -9999.000 -9999.000 -9999.000 -9999.000 -9999.000 -9999.000 -9999.000 -9999.000 -9999.000 -9999.000 -9999.000 -9999.000 -9999.000 -9999.000 -9999.000 -9999.000
-9999.000 -9999.000 -9999.000 -9999.000 -9999.000 -9999.000 -9999.000 -9999.000 -9999.000 -9999.000 -9999.000 -9999.000 -9999.000 -9999.000 -9999.000 0.1224122 0.1121082 0.1120381 0.1150679 0.1197172 0.1251816 0.1309566 0.1367786 0.1426599 0.1490120 0.1569488 0.1685516 0.1875769 0.2201742 0.2439293 0.2439293 -9999.000 -9999.000 -9999.000 -9999.000 -9999.000 -9999.000 -9999.000 -9999.000 -9999.000 -9999.000 -9999.000 -9999.000 -9999.000 -9999.000 -9999.000 -9999.000 -9999.000 -9999.000 -9999.000 -9999.000 -9999.000 -9999.000 -9999.000 -9999.000 -9999.000 -9999.000 -9999.000 -9999.000 -9999.000
-9999.000 -9999.000 -9999.000 -9999.000 -9999.000 -9999.000 -9999.000 -9999.000 -9999.000 -9999.000 -9999.000 -9999.000 -9999.000 -9999.000 -9999.000 0.1149541 0.1039706 0.1040835 0.1077429 0.1132667 0.1197190 0.1265176 0.1333626 0.1402761 0.1477352 0.1570452 0.1706533 0.1930377 0.2318262 0.2652321 0.2652321 -9999.000 -9999.000 -9999.000 -9999.000 -9999.000 -9999.000 -9999.000 -9999.000 -9999.000 -9999.000 -9999.000 -9999.000 -9999.000 -9999.000 -9999.000 -9999.000 -9999.000 -9999.000 -9999.000 -9999.000 -9999.000 -9999.000 -9999.000 -9999.000 -9999.000 -9999.000 -9999.000 -9999.000 -9999.000
-9999.000 -9999.000 -9999.000 -9999.000 -9999.000 -9999.000 -9999.000 -9999.000 -9999.000 -9999.000 -9999.000 -9999.000 -9999.000 -9999.000 -9999.000 0.1067388 0.9531955E-01 0.9571929E-01 0.1001206 0.1066278 0.1141621 0.1220618 0.1299934 0.1379946 0.1466132 0.1573636 0.1730976 0.1991267 0.2449211 0.2912641 0.2912641 -9999.000 -9999.000 -9999.000 -9999.000 -9999.000 -9999.000 -9999.000 -9999.000 -9999.000 -9999.000 -9999.000 -9999.000 -9999.000 -9999.000 -9999.000 -9999.000 -9999.000 -9999.000 -9999.000 -9999.000 -9999.000 -9999.000 -9999.000 -9999.000 -9999.000 -9999.000 -9999.000 -9999.000 -9999.000
-9999.000 -9999.000 -9999.000 -9999.000 -9999.000 -9999.000 -9999.000 -9999.000 -9999.000 -9999.000 -9999.000 -9999.000 -9999.000 -9999.000 -9999.000 0.9762798E-01 0.8609325E-01 0.8694042E-01 0.9224891E-01 0.9988746E-01 0.1086241 0.1177200 0.1268157 0.1359717 0.1458109 0.1580707 0.1760439 0.2060066 0.2597505 0.3237396 0.3237396 -9999.000 -9999.000 -9999.000 -9999.000 -9999.000 -9999.000 -9999.000 -9999.000 -9999.000 -9999.000 -9999.000 -9999.000 -9999.000 -9999.000 -9999.000 -9999.000 -9999.000 -9999.000 -9999.000 -9999.000 -9999.000 -9999.000 -9999.000 -9999.000 -9999.000 -9999.000 -9999.000 -9999.000 -9999.000
-9999.000 -9999.000 -9999.000 -9999.000 -9999.000 -9999.000 -9999.000 -9999.000 -9999.000 -9999.000 -9999.000 -9999.000 -9999.000 -9999.000 -9999.000 0.8743635E-01 0.7622034E-01 0.7778067E-01 0.8425520E-01 0.9323923E-01 0.1033420 0.1137625 0.1241295 0.1345370 0.1456847 0.1595360 0.1798460 0.2139987 0.2767394 0.3654045 0.3654045 -9999.000 -9999.000 -9999.000 -9999.000 -9999.000 -9999.000 -9999.000 -9999.000 -9999.000 -9999.000 -9999.000 -9999.000 -9999.000 -9999.000 -9999.000 -9999.000 -9999.000 -9999.000 -9999.000 -9999.000 -9999.000 -9999.000 -9999.000 -9999.000 -9999.000 -9999.000 -9999.000 -9999.000 -9999.000
-9999.000 -9999.000 -9999.000 -9999.000 -9999.000 -9999.000 -9999.000 -9999.000 -9999.000 -9999.000 -9999.000 -9999.000 -9999.000 -9999.000 -9999.000 0.7586240E-01 0.6564582E-01 0.6845529E-01 0.7657638E-01 0.8726016E-01 0.9897988E-01 0.1109164 0.1227198 0.1345359 0.1471386 0.1626941 0.1853979 0.2238655 0.2966158 0.4209946 0.4209946 -9999.000 -9999.000 -9999.000 -9999.000 -9999.000 -9999.000 -9999.000 -9999.000 -9999.000 -9999.000 -9999.000 -9999.000 -9999.000 -9999.000 -9999.000 -9999.000 -9999.000 -9999.000 -9999.000 -9999.000 -9999.000 -9999.000 -9999.000 -9999.000 -9999.000 -9999.000 -9999.000 -9999.000 -9999.000
-9999.000 -9999.000 -9999.000 -9999.000 -9999.000 -9999.000 -9999.000 -9999.000 -9999.000 -9999.000 -9999.000 -9999.000 -9999.000 -9999.000 -9999.000 0.5949167E-01 0.6137050E-01 0.7303576E-01 0.8659884E-01 0.1000743 0.1129281 0.1250568 0.1365554 0.1478256 0.1597829 0.1747617 0.1974383 0.2380569 0.3203503 0.4969751 0.4969751 -9999.000 -9999.000 -9999.000 -9999.000 -9999.000 -9999.000 -9999.000 -9999.000 -9999.000 -9999.000 -9999.000 -9999.000 -9999.000 -9999.000 -9999.000 -9999.000 -9999.000 -9999.000 -9999.000 -9999.000 -9999.000 -9999.000 -9999.000 -9999.000 -9999.000 -9999.000 -9999.000 -9999.000 -9999.000
2.054393 2.054393 2.103839 2.150228 2.158696 2.158696 2.164490 2.171505 2.171505 2.174814 2.174814 2.175695 2.175431 2.174775 2.173867 2.173867 1.850218 1.799590 1.743254 1.676455 1.598069 1.508450 1.408927 1.301915 1.191341 1.083302 0.9874203 0.9199152 0.9114395 1.032005 1.032005 1.823086 1.967167 1.986148 1.969005 1.969005 1.913251 1.913251 1.794923 1.794923 1.491616 1.218982 1.218982 1.155077 1.155077 1.182828 1.182828 1.182828 1.233734 1.233734 1.283761 1.283761 1.336522 1.336522 1.374757 1.374757 1.403179 1.403179 1.403179 1.421553
2.067205 2.067205 2.132061 2.190146 2.207656 2.207656 2.222502 2.247535 2.247535 2.268716 2.268716 2.287325 2.295873 2.303995 2.311817 2.311817 2.113559 2.090264 2.078124 2.061457 2.035360 1.997894 1.948000 1.885458 1.811305 1.728976 1.644121 1.567662 1.521534 1.557017 1.557017 2.033859 2.183769 2.291797 2.309293 2.309293 2.300939 2.300939 2.238288 2.238288 2.101768 1.804313 1.804313 1.726226 1.726226 1.755839 1.755839 1.755839 1.804279 1.804279 1.841514 1.841514 1.897861 1.897861 1.938193 1.938193 1.970757 1.970757 1.970757 1.995520
2.069859 2.069859 2.136091 2.190396 2.208019 2.208019 2.223071 2.248578 2.248578 2.270272 2.270272 2.289451 2.298313 2.306765 2.314925 2.314925 2.162345 2.138025 2.139954 2.145066 2.145427 2.138620 2.123316 2.098565 2.062651 2.018629 1.969624 1.922551 1.891112 1.911704 1.911704 2.240960 2.374200 2.502456 2.529876 2.529876 2.533287 2.533287 2.479104 2.479104 2.403702 2.186058 2.186058 2.078828 2.078828 2.092446 2.092446 2.092446 2.131801 2.131801 2.168385 2.168385 2.209629 2.209629 2.242673 2.242673 2.269130 2.269130 2.269130 2.289102
2.071967 2.071967 2.139095 2.190378 2.207885 2.207885 2.222956 2.248552 2.248552 2.270291 2.270291 2.289481 2.298346 2.306803 2.314959 2.314959 2.196223 2.165522 2.168749 2.181528 2.192523 2.198572 2.198611 2.192071 2.178021 2.158001 2.133811 2.109818 2.095411 2.116074 2.116074 2.348634 2.465793 2.591128 2.617628 2.617628 2.617077 2.617077 2.567596 2.567596 2.521854 2.373417 2.373417 2.258586 2.258586 2.253664 2.253664 2.253664 2.287387 2.287387 2.321000 2.321000 2.356391 2.356391 2.386364 2.386364 2.410052 2.410052 2.410052 2.427496
2.073576 2.073576 2.141312 2.190416 2.207764 2.207764 2.222831 2.248510 2.248510 2.270289 2.270289 2.289482 2.298343 2.306796 2.314939 2.314939 2.228601 2.196599 2.198204 2.213933 2.230274 2.242702 2.249934 2.251691 2.247693 2.239316 2.228307 2.218119 2.215748 2.239069 2.239069 2.401291 2.505277 2.613817 2.630292 2.630292 2.615508 2.615508 2.576793 2.576793 2.553430 2.471198 2.471198 2.373629 2.373629 2.346055 2.346055 2.346055 2.372668 2.372668 2.403236 2.403236 2.434964 2.434964 2.462349 2.462349 2.483760 2.483760 2.483760 2.499164
2.074709 2.074709 2.142832 2.190478 2.207673 2.207673 2.222725 2.248472 2.248472 2.270288 2.270288 2.289484 2.298341 2.306791 2.314922 2.314922 2.258721 2.232117 2.233124 2.249944 2.269508 2.286060 2.297676 2.303938 2.304853 2.301731 2.296506 2.292405 2.295149 2.317285 2.317285 2.431580 2.516726 2.588798 2.588074 2.588074 2.562608 2.562608 2.547718 2.547718 2.544930 2.518063 2.518063 2.454342 2.454342 2.411122 2.411122 2.411122 2.428002 2.428002 2.453691 2.453691 2.481429 2.481429 2.505789 2.505789 2.524749 2.524749 2.524749 2.538144
2.075382 2.075382 2.143719 2.190531 2.207618 2.207618 2.222656 2.248446 2.248446 2.270288 2.270288 2.289485 2.298341 2.306788 2.314908 2.314908 2.286476 2.270691 2.274014 2.291488 2.312937 2.332328 2.347106 2.356467 2.360356 2.359849 2.356863 2.354501 2.357656 2.374598 2.374598 2.450081 2.505375 2.517624 2.500905 2.500905 2.484640 2.484640 2.504392 2.504392 2.519415 2.533517 2.533517 2.507345 2.507345 2.463098 2.463098 2.463098 2.469800 2.469800 2.488715 2.488715 2.511315 2.511315 2.531894 2.531894 2.547935 2.547935 2.547935 2.559108
2.075606 2.075606 2.144011 2.190552 2.207600 2.207600 2.222632 2.248436 2.248436 2.270288 2.270288 2.289485 2.298341 2.306788 2.314899 2.314899 2.313025 2.311487 2.320531 2.339389 2.361895 2.382992 2.399931 2.411548 2.417550 2.418652 2.416508 2.413939 2.414928 2.422784 2.422784 2.457057 2.462322 2.403133 2.385800 2.385800 2.403980 2.403980 2.459100 2.459100 2.487659 2.529933 2.529933 2.536255 2.536255 2.505161 2.505161 2.505161 2.504395 2.504395 2.515753 2.515753 2.532103 2.532103 2.547877 2.547877 2.560284 2.560284 2.560284 2.568902
2.075382 2.075382 2.143719 2.190532 2.207618 2.207618 2.222656 2.248446 2.248446 2.270288 2.270288 2.289485 2.298341 2.306788 2.314894 2.314894 2.340449 2.354802 2.372358 2.394024 2.417345 2.439164 2.457195 2.470172 2.477582 2.479755 2.477938 2.474463 2.471789 2.464408 2.464408 2.439222 2.366128 2.263970 2.268373 2.268373 2.333073 2.333073 2.415885 2.415885 2.453878 2.515194 2.515194 2.546230 2.546230 2.536657 2.536657 2.536657 2.533132 2.533132 2.537742 2.537742 2.547149 2.547149 2.557123 2.557123 2.565151 2.565151 2.565151 2.570892
2.074709 2.074709 2.142832 2.190479 2.207673 2.207673 2.222726 2.248472 2.248472 2.270288 2.270288 2.289483 2.298341 2.306791 2.314893 2.314893 2.371592 2.402180 2.429796 2.455662 2.479995 2.501806 2.519841 2.533123 2.541087 2.543761 2.541949 2.537305 2.529007 2.491144 2.491144 2.363531 2.199842 2.131587 2.167949 2.167949 2.273090 2.273090 2.374699 2.374699 2.419231 2.493720 2.493720 2.542398 2.542398 2.556320 2.556320 2.556320 2.554736 2.554736 2.554672 2.554672 2.557233 2.557233 2.560756 2.560756 2.563830 2.563830 2.563830 2.566485
2.073576 2.073576 2.141312 2.190417 2.207764 2.207764 2.222831 2.248510 2.248510 2.270289 2.270289 2.289481 2.298342 2.306796 2.314897 2.314897 2.410182 2.456414 2.494164 2.524880 2.550431 2.571697 2.588716 2.601149 2.608624 2.611030 2.608796 2.602584 2.582749 2.472557 2.472557 2.187669 1.987095 2.024434 2.081465 2.081465 2.218613 2.218613 2.333148 2.333148 2.382629 2.466794 2.466794 2.527891 2.527891 2.563155 2.563155 2.563155 2.566739 2.566739 2.564481 2.564481 2.561086 2.561086 2.558089 2.558089 2.555996 2.555996 2.555996 2.555574
2.071967 2.071967 2.139095 2.190378 2.207886 2.207886 2.222956 2.248552 2.248552 2.270291 2.270291 2.289481 2.298346 2.306803 2.314904 2.314904 2.461364 2.521695 2.568089 2.603000 2.629395 2.649487 2.664500 2.674899 2.680716 2.681890 2.678604 2.669428 2.615866 2.337417 2.337417 1.888962 1.818608 1.935235 2.010637 2.010637 2.166019 2.166019 2.290421 2.290421 2.344043 2.435350 2.435350 2.504950 2.504950 2.557304 2.557304 2.557304 2.567250 2.567250 2.564840 2.564840 2.556845 2.556845 2.547880 2.547880 2.540889 2.540889 2.540889 2.537665
