cruce_test.gid/Rasters/Hydraulic/Velocity____259.0.asc
NCOLS        79
NROWS        79
XLLCENTER         -1.500000
YLLCENTER         -4.800000
CELLSIZE           0.100
NODATA_VALUE     -9999.0
[rows 0 to 26 of 79, columns 0 to 59 of 79]
-9999.000 -9999.000 -9999.000 -9999.000 -9999.000 -9999.000 -9999.000 -9999.000 -9999.000 -9999.000 -9999.000 -9999.000 -9999.000 -9999.000 -9999.000 0.9199208E-01 0.8912878E-01 0.8811974E-01 0.8818175E-01 0.8915513E-01 0.9040003E-01 0.9158766E-01 0.9258967E-01 0.9328717E-01 0.9374435E-01 0.9399755E-01 0.9412064E-01 0.9431715E-01 0.9518021E-01 0.9618423E-01 0.9618423E-01 -9999.000 -9999.000 -9999.000 -9999.000 -9999.000 -9999.000 -9999.000 -9999.000 -9999.000 -9999.000 -9999.000 -9999.000 -9999.000 -9999.000 -9999.000 -9999.000 -9999.000 -9999.000 -9999.000 -9999.000 -9999.000 -9999.000 -9999.000 -9999.000 -9999.000 -9999.000 -9999.000 -9999.000 -9999.000
-9999.000 -9999.000 -9999.000 -9999.000 -9999.000 -9999.000 -9999.000 -9999.000 -9999.000 -9999.000 -9999.000 -9999.000 -9999.000 -9999.000 -9999.000 0.9209864E-01 0.8615788E-01 0.8412087E-01 0.8429025E-01 0.8628239E-01 0.8881575E-01 0.9126725E-01 0.9340192E-01 0.9497056E-01 0.9608613E-01 0.9680746E-01 0.9727963E-01 0.9794588E-01 0.1001142 0.1028706 0.1028706 -9999.000 -9999.000 -9999.000 -9999.000 -9999.000 -9999.000 -9999.000 -9999.000 -9999.000 -9999.000 -9999.000 -9999.000 -9999.000 -9999.000 -9999.000 -9999.000 -9999.000 -9999.000 -9999.000 -9999.000 -9999.000 -9999.000 -9999.000 -9999.000 -9999.000 -9999.000 -9999.000 -9999.000 -9999.000
-9999.000 -9999.000 -9999.000 -9999.000 -9999.000 -9999.000 -9999.000 -9999.000 -9999.000 -9999.000 -9999.000 -9999.000 -9999.000 -9999.000 -9999.000 0.9112965E-01 0.8185443E-01 0.7858828E-01 0.7883096E-01 0.8195124E-01 0.8594273E-01 0.8987176E-01 0.9340847E-01 0.9617025E-01 0.9832766E-01 0.9994981E-01 0.1012353 0.1028612 0.1068957 0.1122396 0.1122396 -9999.000 -9999.000 -9999.000 -9999.000 -9999.000 -9999.000 -9999.000 -9999.000 -9999.000 -9999.000 -9999.000 -9999.000 -9999.000 -9999.000 -9999.000 -9999.000 -9999.000 -9999.000 -9999.000 -9999.000 -9999.000 -9999.000 -9999.000 -9999.000 -9999.000 -9999.000 -9999.000 -9999.000 -9999.000
-9999.000 -9999.000 -9999.000 -9999.000 -9999.000 -9999.000 -9999.000 -9999.000 -9999.000 -9999.000 -9999.000 -9999.000 -9999.000 -9999.000 -9999.000 0.8960743E-01 0.7702765E-01 0.7252271E-01 0.7285698E-01 0.7712862E-01 0.8259376E-01 0.8802705E-01 0.9302337E-01 0.9707064E-01 0.1004003 0.1030804 0.1053497 0.1081111 0.1142146 0.1226806 0.1226806 -9999.000 -9999.000 -9999.000 -9999.000 -9999.000 -9999.000 -9999.000 -9999.000 -9999.000 -9999.000 -9999.000 -9999.000 -9999.000 -9999.000 -9999.000 -9999.000 -9999.000 -9999.000 -9999.000 -9999.000 -9999.000 -9999.000 -9999.000 -9999.000 -9999.000 -9999.000 -9999.000 -9999.000 -9999.000
-9999.000 -9999.000 -9999.000 -9999.000 -9999.000 -9999.000 -9999.000 -9999.000 -9999.000 -9999.000 -9999.000 -9999.000 -9999.000 -9999.000 -9999.000 0.8775700E-01 0.7186469E-01 0.6612140E-01 0.6658855E-01 0.7205128E-01 0.7900747E-01 0.8596195E-01 0.9245113E-01 0.9783415E-01 0.1024092 0.1062342 0.1095822 0.1135853 0.1219158 0.1340510 0.1340510 -9999.000 -9999.000 -9999.000 -9999.000 -9999.000 -9999.000 -9999.000 -9999.000 -9999.000 -9999.000 -9999.000 -9999.000 -9999.000 -9999.000 -9999.000 -9999.000 -9999.000 -9999.000 -9999.000 -9999.000 -9999.000 -9999.000 -9999.000 -9999.000 -9999.000 -9999.000 -9999.000 -9999.000 -9999.000
-9999.000 -9999.000 -9999.000 -9999.000 -9999.000 -9999.000 -9999.000 -9999.000 -9999.000 -9999.000 -9999.000 -9999.000 -9999.000 -9999.000 -9999.000 0.8565006E-01 0.6643642E-01 0.5947895E-01 0.6015448E-01 0.6686293E-01 0.7532491E-01 0.8380625E-01 0.9180610E-01 0.9855200E-01 0.1044165 0.1094389 0.1139231 0.1192423 0.1299456 0.1463702 0.1463702 -9999.000 -9999.000 -9999.000 -9999.000 -9999.000 -9999.000 -9999.000 -9999.000 -9999.000 -9999.000 -9999.000 -9999.000 -9999.000 -9999.000 -9999.000 -9999.000 -9999.000 -9999.000 -9999.000 -9999.000 -9999.000 -9999.000 -9999.000 -9999.000 -9999.000 -9999.000 -9999.000 -9999.000 -9999.000
-9999.000 -9999.000 -9999.000 -9999.000 -9999.000 -9999.000 -9999.000 -9999.000 -9999.000 -9999.000 -9999.000 -9999.000 -9999.000 -9999.000 -9999.000 0.8328947E-01 0.6075998E-01 0.5264661E-01 0.5365037E-01 0.6166600E-01 0.7163532E-01 0.8163569E-01 0.9115100E-01 0.9927191E-01 0.1064551 0.1127099 0.1183702 0.1250663 0.1382938 0.1597527 0.1597527 -9999.000 -9999.000 -9999.000 -9999.000 -9999.000 -9999.000 -9999.000 -9999.000 -9999.000 -9999.000 -9999.000 -9999.000 -9999.000 -9999.000 -9999.000 -9999.000 -9999.000 -9999.000 -9999.000 -9999.000 -9999.000 -9999.000 -9999.000 -9999.000 -9999.000 -9999.000 -9999.000 -9999.000 -9999.000
-9999.000 -9999.000 -9999.000 -9999.000 -9999.000 -9999.000 -9999.000 -9999.000 -9999.000 -9999.000 -9999.000 -9999.000 -9999.000 -9999.000 -9999.000 0.8064505E-01 0.5482887E-01 0.4567043E-01 0.4718588E-01 0.5656137E-01 0.6801149E-01 0.7950222E-01 0.9052506E-01 0.1000222 0.1085436 0.1160557 0.1229229 0.1310520 0.1469717 0.1743833 0.1743833 -9999.000 -9999.000 -9999.000 -9999.000 -9999.000 -9999.000 -9999.000 -9999.000 -9999.000 -9999.000 -9999.000 -9999.000 -9999.000 -9999.000 -9999.000 -9999.000 -9999.000 -9999.000 -9999.000 -9999.000 -9999.000 -9999.000 -9999.000 -9999.000 -9999.000 -9999.000 -9999.000 -9999.000 -9999.000
-9999.000 -9999.000 -9999.000 -9999.000 -9999.000 -9999.000 -9999.000 -9999.000 -9999.000 -9999.000 -9999.000 -9999.000 -9999.000 -9999.000 -9999.000 0.7766714E-01 0.4862732E-01 0.3862621E-01 0.4093290E-01 0.5167738E-01 0.6452954E-01 0.7745250E-01 0.8995926E-01 0.1008224 0.1106948 0.1194824 0.1275806 0.1371990 0.1560012 0.1905175 0.1905175 -9999.000 -9999.000 -9999.000 -9999.000 -9999.000 -9999.000 -9999.000 -9999.000 -9999.000 -9999.000 -9999.000 -9999.000 -9999.000 -9999.000 -9999.000 -9999.000 -9999.000 -9999.000 -9999.000 -9999.000 -9999.000 -9999.000 -9999.000 -9999.000 -9999.000 -9999.000 -9999.000 -9999.000 -9999.000
-9999.000 -9999.000 -9999.000 -9999.000 -9999.000 -9999.000 -9999.000 -9999.000 -9999.000 -9999.000 -9999.000 -9999.000 -9999.000 -9999.000 -9999.000 0.7429195E-01 0.4213937E-01 0.3167992E-01 0.3519972E-01 0.4720050E-01 0.6128552E-01 0.7553980E-01 0.8948605E-01 0.1016927 0.1129213 0.1229954 0.1323434 0.1435084 0.1654106 0.2084972 0.2084972 -9999.000 -9999.000 -9999.000 -9999.000 -9999.000 -9999.000 -9999.000 -9999.000 -9999.000 -9999.000 -9999.000 -9999.000 -9999.000 -9999.000 -9999.000 -9999.000 -9999.000 -9999.000 -9999.000 -9999.000 -9999.000 -9999.000 -9999.000 -9999.000 -9999.000 -9999.000 -9999.000 -9999.000 -9999.000
-9999.000 -9999.000 -9999.000 -9999.000 -9999.000 -9999.000 -9999.000 -9999.000 -9999.000 -9999.000 -9999.000 -9999.000 -9999.000 -9999.000 -9999.000 0.7044205E-01 0.3536260E-01 0.2523202E-01 0.3054768E-01 0.4340696E-01 0.5840930E-01 0.7383339E-01 0.8914781E-01 0.1026591 0.1152405 0.1266041 0.1372138 0.1499827 0.1752339 0.2287826 0.2287826 -9999.000 -9999.000 -9999.000 -9999.000 -9999.000 -9999.000 -9999.000 -9999.000 -9999.000 -9999.000 -9999.000 -9999.000 -9999.000 -9999.000 -9999.000 -9999.000 -9999.000 -9999.000 -9999.000 -9999.000 -9999.000 -9999.000 -9999.000 -9999.000 -9999.000 -9999.000 -9999.000 -9999.000 -9999.000
-9999.000 -9999.000 -9999.000 -9999.000 -9999.000 -9999.000 -9999.000 -9999.000 -9999.000 -9999.000 -9999.000 -9999.000 -9999.000 -9999.000 -9999.000 0.6602451E-01 0.2834156E-01 0.2027293E-01 0.2788983E-01 0.4069059E-01 0.5608086E-01 0.7243057E-01 0.8900537E-01 0.1037617 0.1176806 0.1303257 0.1421999 0.1566291 0.1855110 0.2520021 0.2520021 -9999.000 -9999.000 -9999.000 -9999.000 -9999.000 -9999.000 -9999.000 -9999.000 -9999.000 -9999.000 -9999.000 -9999.000 -9999.000 -9999.000 -9999.000 -9999.000 -9999.000 -9999.000 -9999.000 -9999.000 -9999.000 -9999.000 -9999.000 -9999.000 -9999.000 -9999.000 -9999.000 -9999.000 -9999.000
-9999.000 -9999.000 -9999.000 -9999.000 -9999.000 -9999.000 -9999.000 -9999.000 -9999.000 -9999.000 -9999.000 -9999.000 -9999.000 -9999.000 -9999.000 0.6091812E-01 0.2128926E-01 0.1881479E-01 0.2831702E-01 0.3959543E-01 0.5458211E-01 0.7149952E-01 0.8917096E-01 0.1050807 0.1203015 0.1342016 0.1473276 0.1634667 0.1962931 0.2790385 0.2790385 -9999.000 -9999.000 -9999.000 -9999.000 -9999.000 -9999.000 -9999.000 -9999.000 -9999.000 -9999.000 -9999.000 -9999.000 -9999.000 -9999.000 -9999.000 -9999.000 -9999.000 -9999.000 -9999.000 -9999.000 -9999.000 -9999.000 -9999.000 -9999.000 -9999.000 -9999.000 -9999.000 -9999.000 -9999.000
-9999.000 -9999.000 -9999.000 -9999.000 -9999.000 -9999.000 -9999.000 -9999.000 -9999.000 -9999.000 -9999.000 -9999.000 -9999.000 -9999.000 -9999.000 0.5439240E-01 0.1623487E-01 0.2522986E-01 0.3515474E-01 0.4324808E-01 0.5632745E-01 0.7280133E-01 0.9091814E-01 0.1075503 0.1237863 0.1387244 0.1529445 0.1707358 0.2077734 0.3112658 0.3112658 -9999.000 -9999.000 -9999.000 -9999.000 -9999.000 -9999.000 -9999.000 -9999.000 -9999.000 -9999.000 -9999.000 -9999.000 -9999.000 -9999.000 -9999.000 -9999.000 -9999.000 -9999.000 -9999.000 -9999.000 -9999.000 -9999.000 -9999.000 -9999.000 -9999.000 -9999.000 -9999.000 -9999.000 -9999.000
-9999.000 -9999.000 -9999.000 -9999.000 -9999.000 -9999.000 -9999.000 -9999.000 -9999.000 -9999.000 -9999.000 -9999.000 -9999.000 -9999.000 -9999.000 0.8563094E-01 0.1312822 0.1525723 0.1439665 0.1266964 0.1172446 0.1141050 0.1176759 0.1248687 0.1354651 0.1472682 0.1600622 0.1781471 0.2191379 0.3479520 0.3479520 -9999.000 -9999.000 -9999.000 -9999.000 -9999.000 -9999.000 -9999.000 -9999.000 -9999.000 -9999.000 -9999.000 -9999.000 -9999.000 -9999.000 -9999.000 -9999.000 -9999.000 -9999.000 -9999.000 -9999.000 -9999.000 -9999.000 -9999.000 -9999.000 -9999.000 -9999.000 -9999.000 -9999.000 -9999.000
2.827976 2.827976 2.841387 2.849067 2.868548 2.868548 2.871212 2.870831 2.870831 2.867062 2.867062 2.860917 2.857172 2.853078 2.848981 2.848981 2.988627 2.992664 2.993775 2.982074 2.945164 2.886073 2.804636 2.698128 2.571953 2.426552 2.265758 2.098945 1.951737 1.899186 1.899186 2.720232 2.893035 2.994244 3.019793 3.019793 3.054086 3.054086 3.038170 3.038170 2.994795 2.815101 2.815101 2.450033 2.450033 2.111708 2.111708 2.111708 2.093437 2.093437 2.124380 2.124380 2.172232 2.172232 2.222373 2.222373 2.267315 2.267315 2.267315 2.302971
2.850889 2.850889 2.872900 2.903151 2.929779 2.929779 2.944413 2.966858 2.966858 2.985424 2.985424 3.001401 3.008648 3.015497 3.022274 3.022274 3.126114 3.144579 3.159966 3.171550 3.176792 3.175447 3.165569 3.143651 3.108303 3.056874 2.987866 2.902072 2.805926 2.730379 2.730379 3.165914 3.318839 3.468927 3.510282 3.510282 3.557796 3.557796 3.559773 3.559773 3.539027 3.438150 3.438150 3.232734 3.232734 2.945588 2.945588 2.945588 2.924552 2.924552 2.957604 2.957604 3.008458 3.008458 3.061138 3.061138 3.109132 3.109132 3.109132 3.149360
2.855478 2.855478 2.874829 2.904820 2.929343 2.929343 2.944724 2.968121 2.968121 2.987331 2.987331 3.004004 3.011643 3.018910 3.026165 3.026165 3.119009 3.149717 3.176666 3.199834 3.218241 3.232093 3.241181 3.244222 3.240510 3.228386 3.206083 3.172722 3.130762 3.097708 3.097708 3.340854 3.487147 3.658385 3.708986 3.708986 3.761097 3.761097 3.750726 3.750726 3.721929 3.624379 3.624379 3.479951 3.479951 3.239391 3.239391 3.239391 3.202176 3.202176 3.222668 3.222668 3.264921 3.264921 3.311486 3.311486 3.354939 3.354939 3.354939 3.391845
2.858185 2.858185 2.873346 2.905250 2.928302 2.928302 2.944154 2.968084 2.968084 2.987357 2.987357 3.004018 3.011655 3.018925 3.026255 3.026255 3.112322 3.153258 3.190951 3.224247 3.252168 3.274657 3.291889 3.303665 3.310115 3.310979 3.305703 3.293971 3.277265 3.266378 3.266378 3.415080 3.543948 3.719244 3.773318 3.773318 3.818313 3.818313 3.783428 3.783428 3.744148 3.655478 3.655478 3.564148 3.564148 3.380805 3.380805 3.380805 3.330414 3.330414 3.336266 3.336266 3.369469 3.369469 3.410928 3.410928 3.451150 3.451150 3.451150 3.485624
2.859098 2.859098 2.876411 2.905202 2.927333 2.927333 2.943547 2.967955 2.967955 2.987283 2.987283 3.003943 3.011593 3.018882 3.026338 3.026338 3.110205 3.159895 3.207286 3.249987 3.286735 3.317162 3.341344 3.359347 3.371504 3.378112 3.379387 3.375708 3.368578 3.365396 3.365396 3.459429 3.566443 3.730314 3.778010 3.778010 3.792629 3.792629 3.725699 3.725699 3.684368 3.625115 3.625115 3.586007 3.586007 3.466823 3.466823 3.466823 3.411556 3.411556 3.402311 3.402311 3.423881 3.423881 3.458382 3.458382 3.494286 3.494286 3.494286 3.525576
2.855464 2.855464 2.882067 2.905149 2.926764 2.926764 2.943269 2.968115 2.968115 2.987503 2.987503 3.004121 3.011744 3.019006 3.026591 3.026591 3.113657 3.171272 3.227314 3.278467 3.323213 3.360989 3.391730 3.415535 3.432716 3.443681 3.448888 3.448986 3.445439 3.443565 3.443565 3.501676 3.584297 3.717571 3.743225 3.743225 3.701086 3.701086 3.616439 3.616439 3.589476 3.576061 3.576061 3.582094 3.582094 3.523980 3.523980 3.523980 3.474324 3.474324 3.453698 3.453698 3.462299 3.462299 3.487466 3.487466 3.517050 3.517050 3.517050 3.543638
2.854945 2.854945 2.884938 2.905004 2.926334 2.926334 2.943001 2.968109 2.968109 2.987531 2.987531 3.004133 3.011750 3.019008 3.026808 3.026808 3.123428 3.188839 3.252711 3.311314 3.363051 3.407305 3.443958 3.473102 3.495002 3.510036 3.518676 3.521572 3.519967 3.517545 3.517545 3.550756 3.607371 3.681399 3.662427 3.662427 3.555686 3.555686 3.493158 3.493158 3.493463 3.526901 3.526901 3.566595 3.566595 3.559926 3.559926 3.559926 3.524520 3.524520 3.499235 3.499235 3.496094 3.496094 3.510347 3.510347 3.531546 3.531546 3.531546 3.551666
2.854760 2.854760 2.885909 2.904952 2.926187 2.926187 2.942908 2.968105 2.968105 2.987540 2.987540 3.004136 3.011750 3.019007 3.027110 3.027110 3.140659 3.214208 3.285286 3.350314 3.407883 3.457497 3.499092 3.532800 3.558868 3.577631 3.589497 3.595020 3.595122 3.591952 3.591952 3.606843 3.633988 3.601455 3.518268 3.518268 3.384916 3.384916 3.383627 3.383627 3.412152 3.481636 3.481636 3.544367 3.544367 3.578196 3.578196 3.578196 3.561732 3.561732 3.539033 3.539033 3.527697 3.527697 3.530872 3.530872 3.542075 3.542075 3.542075 3.554018
2.854905 2.854905 2.885013 2.905000 2.926334 2.926334 2.943003 2.968109 2.968109 2.987531 2.987531 3.004132 3.011748 3.019007 3.027530 3.027530 3.166898 3.249239 3.327018 3.397422 3.459531 3.513164 3.558446 3.595621 3.624975 3.646824 3.661519 3.669485 3.671240 3.666996 3.666996 3.664898 3.650214 3.446670 3.311739 3.311739 3.229941 3.229941 3.300682 3.300682 3.348823 3.440822 3.440822 3.518704 3.518704 3.582949 3.582949 3.582949 3.586070 3.586070 3.571514 3.571514 3.556826 3.556826 3.550225 3.550225 3.550564 3.550564 3.550564 3.552886
2.855389 2.855389 2.882207 2.905143 2.926767 2.926767 2.943274 2.968117 2.968117 2.987503 2.987503 3.004120 3.011743 3.019005 3.028110 3.028110 3.204458 3.296323 3.380257 3.454844 3.520006 3.576084 3.623524 3.662767 3.694201 3.718168 3.734983 3.744939 3.747916 3.740242 3.740242 3.711550 3.619777 3.210966 3.086418 3.086418 3.117189 3.117189 3.237556 3.237556 3.296215 3.401206 3.401206 3.489421 3.489421 3.576095 3.576095 3.576095 3.596821 3.596821 3.593353 3.593353 3.579484 3.579484 3.565628 3.565628 3.555320 3.555320 3.555320 3.547242
2.858999 2.858999 2.876591 2.905187 2.927328 2.927328 2.943542 2.967949 2.967949 2.987283 2.987283 3.003952 3.011604 3.018895 3.028824 3.028824 3.256874 3.358756 3.447954 3.525179 3.591572 3.648206 3.695980 3.735599 3.767607 3.792409 3.810321 3.821458 3.824089 3.803196 3.803196 3.709675 3.477325 2.947846 2.907706 2.907706 3.040270 3.040270 3.183353 3.183353 3.247041 3.359805 3.359805 3.455380 3.455380 3.558210 3.558210 3.558210 3.593260 3.593260 3.601266 3.601266 3.591221 3.591221 3.572944 3.572944 3.553114 3.553114 3.553114 3.534651
2.858076 2.858076 2.873544 2.905242 2.928310 2.928310 2.944163 2.968087 2.968087 2.987355 2.987355 3.004016 3.011653 3.018924 3.029926 3.029926 3.329942 3.441396 3.534055 3.611608 3.676800 3.731628 3.777522 3.815505 3.846296 3.870383 3.888090 3.899071 3.895731 3.823561 3.823561 3.573381 3.176534 2.748178 2.794391 2.794391 2.973965 2.973965 3.125788 3.125788 3.192166 3.310351 3.310351 3.411417 3.411417 3.525703 3.525703 3.525703 3.571589 3.571589 3.589665 3.589665 3.584685 3.584685 3.564395 3.564395 3.536823 3.536823 3.536823 3.508906
