cruce_test.gid/Rasters/Hydraulic/Velocity__x_350.0.asc
NCOLS        79
NROWS        79
XLLCENTER         -1.500000
YLLCENTER         -4.800000
CELLSIZE           0.100
NODATA_VALUE     -9999.0
[rows 0 to 25 of 79, columns 0 to 57 of 79]
-9999.000 -9999.000 -9999.000 -9999.000 -9999.000 -9999.000 -9999.000 -9999.000 -9999.000 -9999.000 -9999.000 -9999.000 -9999.000 -9999.000 -9999.000 0.7576725E-03 0.2778950E-02 0.6053903E-02 0.9163707E-02 0.1185088E-01 0.1397661E-01 0.1546871E-01 0.1632781E-01 0.1658615E-01 0.1628765E-01 0.1548674E-01 0.1419441E-01 0.1222293E-01 0.8771854E-02 0.4313884E-02 0.4313884E-02 -9999.000 -9999.000 -9999.000 -9999.000 -9999.000 -9999.000 -9999.000 -9999.000 -9999.000 -9999.000 -9999.000 -9999.000 -9999.000 -9999.000 -9999.000 -9999.000 -9999.000 -9999.000 -9999.000 -9999.000 -9999.000 -9999.000 -9999.000 -9999.000 -9999.000 -9999.000 -9999.000
-9999.000 -9999.000 -9999.000 -9999.000 -9999.000 -9999.000 -9999.000 -9999.000 -9999.000 -9999.000 -9999.000 -9999.000 -9999.000 -9999.000 -9999.000 0.1911830E-02 0.5107533E-02 0.9540235E-02 0.1372784E-01 0.1736587E-01 0.2026399E-01 0.2230481E-01 0.2344953E-01 0.2370113E-01 0.2308458E-01 0.2164421E-01 0.1939318E-01 0.1617864E-01 0.1132866E-01 0.5559729E-02 0.5559729E-02 -9999.000 -9999.000 -9999.000 -9999.000 -9999.000 -9999.000 -9999.000 -9999.000 -9999.000 -9999.000 -9999.000 -9999.000 -9999.000 -9999.000 -9999.000 -9999.000 -9999.000 -9999.000 -9999.000 -9999.000 -9999.000 -9999.000 -9999.000 -9999.000 -9999.000 -9999.000 -9999.000
-9999.000 -9999.000 -9999.000 -9999.000 -9999.000 -9999.000 -9999.000 -9999.000 -9999.000 -9999.000 -9999.000 -9999.000 -9999.000 -9999.000 -9999.000 0.2519264E-02 0.6382358E-02 0.1152711E-01 0.1635919E-01 0.2054855E-01 0.2388125E-01 0.2622094E-01 0.2751581E-01 0.2776058E-01 0.2697819E-01 0.2521839E-01 0.2250425E-01 0.1869311E-01 0.1310154E-01 0.6468799E-02 0.6468799E-02 -9999.000 -9999.000 -9999.000 -9999.000 -9999.000 -9999.000 -9999.000 -9999.000 -9999.000 -9999.000 -9999.000 -9999.000 -9999.000 -9999.000 -9999.000 -9999.000 -9999.000 -9999.000 -9999.000 -9999.000 -9999.000 -9999.000 -9999.000 -9999.000 -9999.000 -9999.000 -9999.000
-9999.000 -9999.000 -9999.000 -9999.000 -9999.000 -9999.000 -9999.000 -9999.000 -9999.000 -9999.000 -9999.000 -9999.000 -9999.000 -9999.000 -9999.000 0.2908889E-02 0.7201638E-02 0.1280618E-01 0.1805747E-01 0.2260847E-01 0.2623008E-01 0.2877491E-01 0.3018441E-01 0.3045011E-01 0.2959441E-01 0.2767065E-01 0.2470620E-01 0.2055411E-01 0.1449387E-01 0.7213545E-02 0.7213545E-02 -9999.000 -9999.000 -9999.000 -9999.000 -9999.000 -9999.000 -9999.000 -9999.000 -9999.000 -9999.000 -9999.000 -9999.000 -9999.000 -9999.000 -9999.000 -9999.000 -9999.000 -9999.000 -9999.000 -9999.000 -9999.000 -9999.000 -9999.000 -9999.000 -9999.000 -9999.000 -9999.000
-9999.000 -9999.000 -9999.000 -9999.000 -9999.000 -9999.000 -9999.000 -9999.000 -9999.000 -9999.000 -9999.000 -9999.000 -9999.000 -9999.000 -9999.000 0.3207059E-02 0.7826402E-02 0.1377692E-01 0.1934547E-01 0.2417403E-01 0.2802278E-01 0.3073615E-01 0.3225208E-01 0.3256000E-01 0.3168196E-01 0.2967399E-01 0.2656397E-01 0.2219334E-01 0.1578768E-01 0.7930889E-02 0.7930889E-02 -9999.000 -9999.000 -9999.000 -9999.000 -9999.000 -9999.000 -9999.000 -9999.000 -9999.000 -9999.000 -9999.000 -9999.000 -9999.000 -9999.000 -9999.000 -9999.000 -9999.000 -9999.000 -9999.000 -9999.000 -9999.000 -9999.000 -9999.000 -9999.000 -9999.000 -9999.000 -9999.000
-9999.000 -9999.000 -9999.000 -9999.000 -9999.000 -9999.000 -9999.000 -9999.000 -9999.000 -9999.000 -9999.000 -9999.000 -9999.000 -9999.000 -9999.000 0.3475158E-02 0.8384041E-02 0.1463720E-01 0.2048414E-01 0.2555915E-01 0.2961365E-01 0.3248584E-01 0.3411158E-01 0.3447917E-01 0.3361084E-01 0.3156435E-01 0.2836617E-01 0.2384076E-01 0.1714385E-01 0.8703635E-02 0.8703635E-02 -9999.000 -9999.000 -9999.000 -9999.000 -9999.000 -9999.000 -9999.000 -9999.000 -9999.000 -9999.000 -9999.000 -9999.000 -9999.000 -9999.000 -9999.000 -9999.000 -9999.000 -9999.000 -9999.000 -9999.000 -9999.000 -9999.000 -9999.000 -9999.000 -9999.000 -9999.000 -9999.000
-9999.000 -9999.000 -9999.000 -9999.000 -9999.000 -9999.000 -9999.000 -9999.000 -9999.000 -9999.000 -9999.000 -9999.000 -9999.000 -9999.000 -9999.000 0.3743636E-02 0.8939129E-02 0.1548698E-01 0.2160510E-01 0.2692246E-01 0.3118247E-01 0.3421807E-01 0.3596495E-01 0.3641040E-01 0.3557656E-01 0.3352397E-01 0.3027562E-01 0.2563387E-01 0.1866795E-01 0.9589545E-02 0.9589545E-02 -9999.000 -9999.000 -9999.000 -9999.000 -9999.000 -9999.000 -9999.000 -9999.000 -9999.000 -9999.000 -9999.000 -9999.000 -9999.000 -9999.000 -9999.000 -9999.000 -9999.000 -9999.000 -9999.000 -9999.000 -9999.000 -9999.000 -9999.000 -9999.000 -9999.000 -9999.000 -9999.000
-9999.000 -9999.000 -9999.000 -9999.000 -9999.000 -9999.000 -9999.000 -9999.000 -9999.000 -9999.000 -9999.000 -9999.000 -9999.000 -9999.000 -9999.000 0.4028828E-02 0.9525807E-02 0.1637981E-01 0.2277949E-01 0.2835014E-01 0.3282787E-01 0.3604165E-01 0.3792728E-01 0.3847192E-01 0.3769826E-01 0.3566904E-01 0.3240346E-01 0.2767585E-01 0.2044977E-01 0.1064288E-01 0.1064288E-01 -9999.000 -9999.000 -9999.000 -9999.000 -9999.000 -9999.000 -9999.000 -9999.000 -9999.000 -9999.000 -9999.000 -9999.000 -9999.000 -9999.000 -9999.000 -9999.000 -9999.000 -9999.000 -9999.000 -9999.000 -9999.000 -9999.000 -9999.000 -9999.000 -9999.000 -9999.000 -9999.000
-9999.000 -9999.000 -9999.000 -9999.000 -9999.000 -9999.000 -9999.000 -9999.000 -9999.000 -9999.000 -9999.000 -9999.000 -9999.000 -9999.000 -9999.000 0.4340894E-02 0.1016552E-01 0.1734957E-01 0.2405282E-01 0.2989853E-01 0.3461590E-01 0.3803014E-01 0.4007913E-01 0.4074986E-01 0.4006635E-01 0.3809455E-01 0.3484805E-01 0.3006732E-01 0.2258689E-01 0.1192555E-01 0.1192555E-01 -9999.000 -9999.000 -9999.000 -9999.000 -9999.000 -9999.000 -9999.000 -9999.000 -9999.000 -9999.000 -9999.000 -9999.000 -9999.000 -9999.000 -9999.000 -9999.000 -9999.000 -9999.000 -9999.000 -9999.000 -9999.000 -9999.000 -9999.000 -9999.000 -9999.000 -9999.000 -9999.000
-9999.000 -9999.000 -9999.000 -9999.000 -9999.000 -9999.000 -9999.000 -9999.000 -9999.000 -9999.000 -9999.000 -9999.000 -9999.000 -9999.000 -9999.000 0.4687752E-02 0.1087541E-01 0.1842420E-01 0.2546293E-01 0.3161482E-01 0.3660255E-01 0.4024867E-01 0.4249394E-01 0.4332643E-01 0.4277194E-01 0.4090055E-01 0.3771992E-01 0.3292821E-01 0.2520360E-01 0.1351944E-01 0.1351944E-01 -9999.000 -9999.000 -9999.000 -9999.000 -9999.000 -9999.000 -9999.000 -9999.000 -9999.000 -9999.000 -9999.000 -9999.000 -9999.000 -9999.000 -9999.000 -9999.000 -9999.000 -9999.000 -9999.000 -9999.000 -9999.000 -9999.000 -9999.000 -9999.000 -9999.000 -9999.000 -9999.000
-9999.000 -9999.000 -9999.000 -9999.000 -9999.000 -9999.000 -9999.000 -9999.000 -9999.000 -9999.000 -9999.000 -9999.000 -9999.000 -9999.000 -9999.000 0.5077538E-02 0.1167352E-01 0.1963271E-01 0.2705047E-01 0.3355107E-01 0.3885089E-01 0.4277125E-01 0.4525758E-01 0.4629974E-01 0.4592635E-01 0.4421409E-01 0.4116292E-01 0.3641998E-01 0.2847302E-01 0.1554053E-01 0.1554053E-01 -9999.000 -9999.000 -9999.000 -9999.000 -9999.000 -9999.000 -9999.000 -9999.000 -9999.000 -9999.000 -9999.000 -9999.000 -9999.000 -9999.000 -9999.000 -9999.000 -9999.000 -9999.000 -9999.000 -9999.000 -9999.000 -9999.000 -9999.000 -9999.000 -9999.000 -9999.000 -9999.000
-9999.000 -9999.000 -9999.000 -9999.000 -9999.000 -9999.000 -9999.000 -9999.000 -9999.000 -9999.000 -9999.000 -9999.000 -9999.000 -9999.000 -9999.000 0.5521217E-02 0.1258354E-01 0.2101398E-01 0.2886881E-01 0.3577548E-01 0.4144456E-01 0.4569687E-01 0.4848545E-01 0.4980331E-01 0.4968405E-01 0.4821327E-01 0.4538234E-01 0.4077714E-01 0.3265149E-01 0.1816145E-01 0.1816145E-01 -9999.000 -9999.000 -9999.000 -9999.000 -9999.000 -9999.000 -9999.000 -9999.000 -9999.000 -9999.000 -9999.000 -9999.000 -9999.000 -9999.000 -9999.000 -9999.000 -9999.000 -9999.000 -9999.000 -9999.000 -9999.000 -9999.000 -9999.000 -9999.000 -9999.000 -9999.000 -9999.000
-9999.000 -9999.000 -9999.000 -9999.000 -9999.000 -9999.000 -9999.000 -9999.000 -9999.000 -9999.000 -9999.000 -9999.000 -9999.000 -9999.000 -9999.000 0.6034272E-02 0.1363991E-01 0.2262420E-01 0.3099620E-01 0.3838794E-01 0.4450524E-01 0.4917032E-01 0.5234728E-01 0.5403449E-01 0.5427391E-01 0.5316386E-01 0.5068780E-01 0.4635654E-01 0.3813572E-01 0.2165182E-01 0.2165182E-01 -9999.000 -9999.000 -9999.000 -9999.000 -9999.000 -9999.000 -9999.000 -9999.000 -9999.000 -9999.000 -9999.000 -9999.000 -9999.000 -9999.000 -9999.000 -9999.000 -9999.000 -9999.000 -9999.000 -9999.000 -9999.000 -9999.000 -9999.000 -9999.000 -9999.000 -9999.000 -9999.000
-9999.000 -9999.000 -9999.000 -9999.000 -9999.000 -9999.000 -9999.000 -9999.000 -9999.000 -9999.000 -9999.000 -9999.000 -9999.000 -9999.000 -9999.000 0.6715514E-02 0.1502512E-01 0.2471604E-01 0.3373287E-01 0.4171884E-01 0.4838243E-01 0.5355709E-01 0.5722710E-01 0.5940273E-01 0.6014057E-01 0.5955938E-01 0.5763445E-01 0.5378625E-01 0.4561997E-01 0.2650089E-01 0.2650089E-01 -9999.000 -9999.000 -9999.000 -9999.000 -9999.000 -9999.000 -9999.000 -9999.000 -9999.000 -9999.000 -9999.000 -9999.000 -9999.000 -9999.000 -9999.000 -9999.000 -9999.000 -9999.000 -9999.000 -9999.000 -9999.000 -9999.000 -9999.000 -9999.000 -9999.000 -9999.000 -9999.000
-9999.000 -9999.000 -9999.000 -9999.000 -9999.000 -9999.000 -9999.000 -9999.000 -9999.000 -9999.000 -9999.000 -9999.000 -9999.000 -9999.000 -9999.000 0.2957043E-01 0.4594652E-01 0.5449251E-01 0.6198129E-01 0.6702165E-01 0.6999163E-01 0.7129990E-01 0.7133072E-01 0.7031506E-01 0.6846358E-01 0.6593637E-01 0.6264986E-01 0.5787018E-01 0.4883529E-01 0.2464362E-01 0.2464362E-01 -9999.000 -9999.000 -9999.000 -9999.000 -9999.000 -9999.000 -9999.000 -9999.000 -9999.000 -9999.000 -9999.000 -9999.000 -9999.000 -9999.000 -9999.000 -9999.000 -9999.000 -9999.000 -9999.000 -9999.000 -9999.000 -9999.000 -9999.000 -9999.000 -9999.000 -9999.000 -9999.000
2.670226 2.670226 2.663641 2.703665 2.708519 2.708519 2.711293 2.713073 2.713073 2.711305 2.711305 2.707016 2.704158 2.700918 2.697415 2.697415 2.765157 2.766360 2.752260 2.721962 2.673091 2.603383 2.512350 2.401618 2.271900 2.125675 1.967916 1.810010 1.678504 1.638434 1.638434 2.496336 2.665569 2.751359 2.770169 2.770169 2.788634 2.788634 2.745806 2.745806 2.687593 2.469600 2.469600 2.005901 2.005901 1.856159 1.856159 1.856159 1.871325 1.871325 1.914922 1.914922 1.964878 1.964878 2.012999 2.012999 2.053826 2.053826
2.691044 2.691044 2.689775 2.750798 2.766897 2.766897 2.780672 2.804032 2.804032 2.823570 2.823570 2.840437 2.848104 2.855349 2.862286 2.862286 2.914197 2.926891 2.936731 2.942978 2.943747 2.936383 2.918277 2.887285 2.840983 2.777722 2.697148 2.600462 2.499986 2.443324 2.443324 2.909761 3.069695 3.215511 3.252776 3.252776 3.289791 3.289791 3.276931 3.276931 3.246015 3.120489 3.120489 2.846752 2.846752 2.667561 2.667561 2.667561 2.682384 2.682384 2.727085 2.727085 2.779870 2.779870 2.830829 2.830829 2.875163 2.875163
2.694584 2.694584 2.693935 2.750309 2.766969 2.766969 2.781251 2.805296 2.805296 2.825417 2.825417 2.842955 2.851000 2.858652 2.866025 2.866025 2.914701 2.936545 2.957349 2.975749 2.990555 3.000492 3.004336 3.000979 2.988853 2.966299 2.932029 2.885746 2.833358 2.802836 2.802836 3.081944 3.237110 3.409704 3.457342 3.457342 3.499623 3.499623 3.477025 3.477025 3.441172 3.331780 3.331780 3.149979 3.149979 2.967912 2.967912 2.967912 2.967477 2.967477 3.002499 3.002499 3.047877 3.047877 3.092561 3.092561 3.132042 3.132042
2.693782 2.693782 2.701834 2.750133 2.767101 2.767101 2.781711 2.805991 2.805991 2.826069 2.826069 2.843527 2.851533 2.859143 2.866496 2.866496 2.914724 2.944844 2.974875 3.002162 3.025213 3.043053 3.055034 3.060821 3.059959 3.051869 3.036013 3.012292 2.984337 2.970509 2.970509 3.144832 3.284930 3.466390 3.518873 3.518873 3.556033 3.556033 3.513564 3.513564 3.472288 3.382563 3.382563 3.271194 3.271194 3.111676 3.111676 3.111676 3.094768 3.094768 3.118688 3.118688 3.157516 3.157516 3.198160 3.198160 3.234731 3.234731
2.694758 2.694758 2.706781 2.749437 2.766603 2.766603 2.781504 2.806032 2.806032 2.826109 2.826109 2.843544 2.851548 2.859157 2.866538 2.866538 2.917726 2.955649 2.994239 3.029745 3.060279 3.084806 3.102763 3.113972 3.118382 3.116008 3.106971 3.091731 3.073157 3.064099 3.064099 3.174777 3.293099 3.465666 3.513036 3.513036 3.525669 3.525669 3.462909 3.462909 3.425909 3.371840 3.371840 3.320318 3.320318 3.201514 3.201514 3.201514 3.171617 3.171617 3.181915 3.181915 3.212149 3.212149 3.247753 3.247753 3.280927 3.280927
2.695443 2.695443 2.710297 2.748953 2.766214 2.766214 2.781326 2.806055 2.806055 2.826131 2.826131 2.843547 2.851548 2.859159 2.866581 2.866581 2.924861 2.970450 3.016937 3.059902 3.097224 3.127821 3.151145 3.167013 3.175451 3.176629 3.170899 3.158965 3.143226 3.132957 3.132957 3.200169 3.292443 3.434568 3.461937 3.461937 3.431993 3.431993 3.368270 3.368270 3.349371 3.340624 3.340624 3.336265 3.336265 3.265268 3.265268 3.265268 3.230628 3.230628 3.227788 3.227788 3.247244 3.247244 3.275734 3.275734 3.303999 3.303999
2.695848 2.695848 2.712403 2.748673 2.765970 2.765970 2.781212 2.806071 2.806071 2.826146 2.826146 2.843549 2.851548 2.859158 2.866641 2.866641 2.937026 2.990492 3.044291 3.093845 3.137045 3.172877 3.200861 3.220829 3.232809 3.236977 3.233684 3.223607 3.208633 3.195318 3.195318 3.230930 3.293898 3.375234 3.364319 3.364319 3.294985 3.294985 3.263989 3.263989 3.271283 3.304877 3.304877 3.334560 3.334560 3.309579 3.309579 3.309579 3.279563 3.279563 3.267554 3.267554 3.275594 3.275594 3.295008 3.295008 3.316530 3.316530
2.695983 2.695983 2.713103 2.748581 2.765888 2.765888 2.781174 2.806077 2.806077 2.826152 2.826152 2.843550 2.851548 2.859159 2.866725 2.866725 2.955332 3.017131 3.077711 3.132877 3.180826 3.220779 3.252422 3.275672 3.290586 3.297312 3.296136 3.287590 3.273012 3.256594 3.256594 3.267842 3.296380 3.272050 3.213433 3.213433 3.146101 3.146101 3.175061 3.175061 3.205875 3.270473 3.270473 3.323276 3.323276 3.337565 3.337565 3.337565 3.319151 3.319151 3.303840 3.303840 3.301902 3.301902 3.311076 3.311076 3.324111 3.324111
2.695848 2.695848 2.712403 2.748673 2.765970 2.765970 2.781213 2.806071 2.806071 2.826147 2.826147 2.843549 2.851548 2.859159 2.866843 2.866843 2.981316 3.051989 3.118769 3.178404 3.229726 3.272393 3.306379 3.331777 3.348716 3.357354 3.357899 3.350709 3.336539 3.317029 3.317029 3.305921 3.286175 3.105416 3.022301 3.022301 3.018998 3.018998 3.105262 3.105262 3.151628 3.236243 3.236243 3.304910 3.304910 3.350672 3.350672 3.350672 3.347251 3.347251 3.334325 3.334325 3.325523 3.325523 3.324540 3.324540 3.327864 3.327864
2.695443 2.695443 2.710297 2.748953 2.766213 2.766213 2.781326 2.806054 2.806054 2.826131 2.826131 2.843547 2.851547 2.859159 2.867008 2.867008 3.017179 3.097119 3.169245 3.231880 3.284868 3.328510 3.363204 3.389296 3.407056 3.416672 3.418309 3.412144 3.398149 3.373858 3.373858 3.331719 3.228701 2.884372 2.836698 2.836698 2.926620 2.926620 3.048381 3.048381 3.103409 3.200853 3.200853 3.280844 3.280844 3.350803 3.350803 3.350803 3.362581 3.362581 3.356023 3.356023 3.344048 3.344048 3.334143 3.334143 3.327299 3.327299
2.694758 2.694758 2.706780 2.749436 2.766603 2.766603 2.781503 2.806032 2.806032 2.826109 2.826109 2.843545 2.851548 2.859158 2.867240 2.867240 3.066177 3.155204 3.231182 3.294769 3.347209 3.389672 3.423087 3.448123 3.465218 3.474629 3.476486 3.470752 3.455768 3.418824 3.418824 3.309893 3.066399 2.669820 2.702437 2.702437 2.857477 2.857477 2.996154 2.996154 3.055868 3.162207 3.162207 3.250474 3.250474 3.338391 3.338391 3.338391 3.363551 3.363551 3.365127 3.365127 3.353164 3.353164 3.336349 3.336349 3.319782 3.319782
