cruce_test.gid/Rasters/Hydraulic/Velocity____102.0.asc
NCOLS        79
NROWS        79
XLLCENTER         -1.500000
YLLCENTER         -4.800000
CELLSIZE           0.100
NODATA_VALUE     -9999.0
[rows 0 to 26 of 79, columns 0 to 59 of 79]
-9999.000 -9999.000 -9999.000 -9999.000 -9999.000 -9999.000 -9999.000 -9999.000 -9999.000 -9999.000 -9999.000 -9999.000 -9999.000 -9999.000 -9999.000 0.1844108 0.1831984 0.1832593 0.1834354 0.1836261 0.1838098 0.1839861 0.1841696 0.1843917 0.1847027 0.1851766 0.1859231 0.1871183 0.1889518 0.1873139 0.1873139 -9999.000 -9999.000 -9999.000 -9999.000 -9999.000 -9999.000 -9999.000 -9999.000 -9999.000 -9999.000 -9999.000 -9999.000 -9999.000 -9999.000 -9999.000 -9999.000 -9999.000 -9999.000 -9999.000 -9999.000 -9999.000 -9999.000 -9999.000 -9999.000 -9999.000 -9999.000 -9999.000 -9999.000 -9999.000
-9999.000 -9999.000 -9999.000 -9999.000 -9999.000 -9999.000 -9999.000 -9999.000 -9999.000 -9999.000 -9999.000 -9999.000 -9999.000 -9999.000 -9999.000 0.1818465 0.1792258 0.1793595 0.1797630 0.1802187 0.1806725 0.1811156 0.1815724 0.1821036 0.1828118 0.1838537 0.1854673 0.1880343 0.1919428 0.1890814 0.1890814 -9999.000 -9999.000 -9999.000 -9999.000 -9999.000 -9999.000 -9999.000 -9999.000 -9999.000 -9999.000 -9999.000 -9999.000 -9999.000 -9999.000 -9999.000 -9999.000 -9999.000 -9999.000 -9999.000 -9999.000 -9999.000 -9999.000 -9999.000 -9999.000 -9999.000 -9999.000 -9999.000 -9999.000 -9999.000
-9999.000 -9999.000 -9999.000 -9999.000 -9999.000 -9999.000 -9999.000 -9999.000 -9999.000 -9999.000 -9999.000 -9999.000 -9999.000 -9999.000 -9999.000 0.1778361 0.1736469 0.1738807 0.1746129 0.1754785 0.1763790 0.1772919 0.1782541 0.1793655 0.1807978 0.1828121 0.1857991 0.1903618 0.1970643 0.1934717 0.1934717 -9999.000 -9999.000 -9999.000 -9999.000 -9999.000 -9999.000 -9999.000 -9999.000 -9999.000 -9999.000 -9999.000 -9999.000 -9999.000 -9999.000 -9999.000 -9999.000 -9999.000 -9999.000 -9999.000 -9999.000 -9999.000 -9999.000 -9999.000 -9999.000 -9999.000 -9999.000 -9999.000 -9999.000 -9999.000
-9999.000 -9999.000 -9999.000 -9999.000 -9999.000 -9999.000 -9999.000 -9999.000 -9999.000 -9999.000 -9999.000 -9999.000 -9999.000 -9999.000 -9999.000 0.1729594 0.1672395 0.1676227 0.1687669 0.1701493 0.1716229 0.1731490 0.1747760 0.1766436 0.1789965 0.1822060 0.1868245 0.1936967 0.2035959 0.1999437 0.1999437 -9999.000 -9999.000 -9999.000 -9999.000 -9999.000 -9999.000 -9999.000 -9999.000 -9999.000 -9999.000 -9999.000 -9999.000 -9999.000 -9999.000 -9999.000 -9999.000 -9999.000 -9999.000 -9999.000 -9999.000 -9999.000 -9999.000 -9999.000 -9999.000 -9999.000 -9999.000 -9999.000 -9999.000 -9999.000
-9999.000 -9999.000 -9999.000 -9999.000 -9999.000 -9999.000 -9999.000 -9999.000 -9999.000 -9999.000 -9999.000 -9999.000 -9999.000 -9999.000 -9999.000 0.1673502 0.1601474 0.1607239 0.1623514 0.1643406 0.1664900 0.1687423 0.1711566 0.1739157 0.1773423 0.1819282 0.1884053 0.1978905 0.2114203 0.2084461 0.2084461 -9999.000 -9999.000 -9999.000 -9999.000 -9999.000 -9999.000 -9999.000 -9999.000 -9999.000 -9999.000 -9999.000 -9999.000 -9999.000 -9999.000 -9999.000 -9999.000 -9999.000 -9999.000 -9999.000 -9999.000 -9999.000 -9999.000 -9999.000 -9999.000 -9999.000 -9999.000 -9999.000 -9999.000 -9999.000
-9999.000 -9999.000 -9999.000 -9999.000 -9999.000 -9999.000 -9999.000 -9999.000 -9999.000 -9999.000 -9999.000 -9999.000 -9999.000 -9999.000 -9999.000 0.1610835 0.1524649 0.1532770 0.1554519 0.1581259 0.1610378 0.1641086 0.1674089 0.1711686 0.1757960 0.1819174 0.1904676 0.2028782 0.2205285 0.2190963 0.2190963 -9999.000 -9999.000 -9999.000 -9999.000 -9999.000 -9999.000 -9999.000 -9999.000 -9999.000 -9999.000 -9999.000 -9999.000 -9999.000 -9999.000 -9999.000 -9999.000 -9999.000 -9999.000 -9999.000 -9999.000 -9999.000 -9999.000 -9999.000 -9999.000 -9999.000 -9999.000 -9999.000 -9999.000 -9999.000
-9999.000 -9999.000 -9999.000 -9999.000 -9999.000 -9999.000 -9999.000 -9999.000 -9999.000 -9999.000 -9999.000 -9999.000 -9999.000 -9999.000 -9999.000 0.1541842 0.1442447 0.1453384 0.1481228 0.1515544 0.1553068 0.1592765 0.1635465 0.1683986 0.1743373 0.1821407 0.1929769 0.2086483 0.2309897 0.2321599 0.2321599 -9999.000 -9999.000 -9999.000 -9999.000 -9999.000 -9999.000 -9999.000 -9999.000 -9999.000 -9999.000 -9999.000 -9999.000 -9999.000 -9999.000 -9999.000 -9999.000 -9999.000 -9999.000 -9999.000 -9999.000 -9999.000 -9999.000 -9999.000 -9999.000 -9999.000 -9999.000 -9999.000 -9999.000 -9999.000
-9999.000 -9999.000 -9999.000 -9999.000 -9999.000 -9999.000 -9999.000 -9999.000 -9999.000 -9999.000 -9999.000 -9999.000 -9999.000 -9999.000 -9999.000 0.1466345 0.1355065 0.1369367 0.1403973 0.1446613 0.1493303 0.1542737 0.1595883 0.1656139 0.1729639 0.1825886 0.1959278 0.2152284 0.2429396 0.2480657 0.2480657 -9999.000 -9999.000 -9999.000 -9999.000 -9999.000 -9999.000 -9999.000 -9999.000 -9999.000 -9999.000 -9999.000 -9999.000 -9999.000 -9999.000 -9999.000 -9999.000 -9999.000 -9999.000 -9999.000 -9999.000 -9999.000 -9999.000 -9999.000 -9999.000 -9999.000 -9999.000 -9999.000 -9999.000 -9999.000
-9999.000 -9999.000 -9999.000 -9999.000 -9999.000 -9999.000 -9999.000 -9999.000 -9999.000 -9999.000 -9999.000 -9999.000 -9999.000 -9999.000 -9999.000 0.1383806 0.1262415 0.1280804 0.1322958 0.1374761 0.1431431 0.1491359 0.1555670 0.1628420 0.1716959 0.1832765 0.1993429 0.2226819 0.2565787 0.2674539 0.2674539 -9999.000 -9999.000 -9999.000 -9999.000 -9999.000 -9999.000 -9999.000 -9999.000 -9999.000 -9999.000 -9999.000 -9999.000 -9999.000 -9999.000 -9999.000 -9999.000 -9999.000 -9999.000 -9999.000 -9999.000 -9999.000 -9999.000 -9999.000 -9999.000 -9999.000 -9999.000 -9999.000 -9999.000 -9999.000
-9999.000 -9999.000 -9999.000 -9999.000 -9999.000 -9999.000 -9999.000 -9999.000 -9999.000 -9999.000 -9999.000 -9999.000 -9999.000 -9999.000 -9999.000 0.1293343 0.1164180 0.1187645 0.1238362 0.1300352 0.1367953 0.1439221 0.1515458 0.1601449 0.1705911 0.1842571 0.2032790 0.2311102 0.2721823 0.2912695 0.2912695 -9999.000 -9999.000 -9999.000 -9999.000 -9999.000 -9999.000 -9999.000 -9999.000 -9999.000 -9999.000 -9999.000 -9999.000 -9999.000 -9999.000 -9999.000 -9999.000 -9999.000 -9999.000 -9999.000 -9999.000 -9999.000 -9999.000 -9999.000 -9999.000 -9999.000 -9999.000 -9999.000 -9999.000 -9999.000
-9999.000 -9999.000 -9999.000 -9999.000 -9999.000 -9999.000 -9999.000 -9999.000 -9999.000 -9999.000 -9999.000 -9999.000 -9999.000 -9999.000 -9999.000 0.1193714 0.1059818 0.1089791 0.1150476 0.1224008 0.1303754 0.1387397 0.1476452 0.1576504 0.1697767 0.1856508 0.2078540 0.2406714 0.2901203 0.3209378 0.3209378 -9999.000 -9999.000 -9999.000 -9999.000 -9999.000 -9999.000 -9999.000 -9999.000 -9999.000 -9999.000 -9999.000 -9999.000 -9999.000 -9999.000 -9999.000 -9999.000 -9999.000 -9999.000 -9999.000 -9999.000 -9999.000 -9999.000 -9999.000 -9999.000 -9999.000 -9999.000 -9999.000 -9999.000 -9999.000
-9999.000 -9999.000 -9999.000 -9999.000 -9999.000 -9999.000 -9999.000 -9999.000 -9999.000 -9999.000 -9999.000 -9999.000 -9999.000 -9999.000 -9999.000 0.1083247 0.9486206E-01 0.9872846E-01 0.1060022 0.1147010 0.1240558 0.1337987 0.1441054 0.1556196 0.1695219 0.1877174 0.2133086 0.2516252 0.3108970 0.3586955 0.3586955 -9999.000 -9999.000 -9999.000 -9999.000 -9999.000 -9999.000 -9999.000 -9999.000 -9999.000 -9999.000 -9999.000 -9999.000 -9999.000 -9999.000 -9999.000 -9999.000 -9999.000 -9999.000 -9999.000 -9999.000 -9999.000 -9999.000 -9999.000 -9999.000 -9999.000 -9999.000 -9999.000 -9999.000 -9999.000
-9999.000 -9999.000 -9999.000 -9999.000 -9999.000 -9999.000 -9999.000 -9999.000 -9999.000 -9999.000 -9999.000 -9999.000 -9999.000 -9999.000 -9999.000 0.9596788E-01 0.8298294E-01 0.8807678E-01 0.9688500E-01 0.1072171 0.1181971 0.1295286 0.1414195 0.1545996 0.1704058 0.1910296 0.2201660 0.2644539 0.3352337 0.4082684 0.4082684 -9999.000 -9999.000 -9999.000 -9999.000 -9999.000 -9999.000 -9999.000 -9999.000 -9999.000 -9999.000 -9999.000 -9999.000 -9999.000 -9999.000 -9999.000 -9999.000 -9999.000 -9999.000 -9999.000 -9999.000 -9999.000 -9999.000 -9999.000 -9999.000 -9999.000 -9999.000 -9999.000 -9999.000 -9999.000
-9999.000 -9999.000 -9999.000 -9999.000 -9999.000 -9999.000 -9999.000 -9999.000 -9999.000 -9999.000 -9999.000 -9999.000 -9999.000 -9999.000 -9999.000 0.8193604E-01 0.7032958E-01 0.7736214E-01 0.8831227E-01 0.1007665 0.1137715 0.1270377 0.1408239 0.1559422 0.1738589 0.1970214 0.2297469 0.2802736 0.3643157 0.4764430 0.4764430 -9999.000 -9999.000 -9999.000 -9999.000 -9999.000 -9999.000 -9999.000 -9999.000 -9999.000 -9999.000 -9999.000 -9999.000 -9999.000 -9999.000 -9999.000 -9999.000 -9999.000 -9999.000 -9999.000 -9999.000 -9999.000 -9999.000 -9999.000 -9999.000 -9999.000 -9999.000 -9999.000 -9999.000 -9999.000
-9999.000 -9999.000 -9999.000 -9999.000 -9999.000 -9999.000 -9999.000 -9999.000 -9999.000 -9999.000 -9999.000 -9999.000 -9999.000 -9999.000 -9999.000 0.6309371E-01 0.6500617E-01 0.8144546E-01 0.9834760E-01 0.1143887 0.1294706 0.1438711 0.1581932 0.1734536 0.1912858 0.2144377 0.2480326 0.3025180 0.4000072 0.5748097 0.5748097 -9999.000 -9999.000 -9999.000 -9999.000 -9999.000 -9999.000 -9999.000 -9999.000 -9999.000 -9999.000 -9999.000 -9999.000 -9999.000 -9999.000 -9999.000 -9999.000 -9999.000 -9999.000 -9999.000 -9999.000 -9999.000 -9999.000 -9999.000 -9999.000 -9999.000 -9999.000 -9999.000 -9999.000 -9999.000
1.873468 1.873468 1.938556 1.972355 1.980592 1.980592 1.986213 1.992546 1.992546 1.994924 1.994924 1.994941 1.994285 1.993254 1.899388 1.899388 1.546142 1.491260 1.426842 1.352440 1.268881 1.177764 1.081596 0.9840739 0.8904644 0.8081514 0.7477106 0.7256200 0.7713553 0.9527059 0.9527059 1.701595 1.871620 1.896871 1.864641 1.864641 1.772381 1.772381 1.513021 1.513021 1.236095 1.050182 1.050182 1.032860 1.032860 1.069968 1.069968 1.069968 1.120710 1.120710 1.167396 1.167396 1.207122 1.207122 1.249560 1.249560 1.275190 1.275190 1.275190 1.291770
1.889607 1.889607 1.960628 2.010017 2.026538 2.026538 2.040536 2.063669 2.063669 2.082752 2.082752 2.099340 2.106916 2.114083 2.079423 2.079423 1.798069 1.784594 1.765766 1.736957 1.697272 1.646380 1.584671 1.513552 1.435811 1.356217 1.282748 1.229004 1.219359 1.302864 1.302864 1.791573 1.947750 2.053406 2.067426 2.067426 2.045497 2.045497 1.927886 1.927886 1.744152 1.468850 1.468850 1.459357 1.459357 1.503896 1.503896 1.503896 1.555246 1.555246 1.603537 1.603537 1.633540 1.633540 1.684534 1.684534 1.716100 1.716100 1.716100 1.739973
1.893435 1.893435 1.962189 2.010536 2.027036 2.027036 2.041140 2.064657 2.064657 2.084216 2.084216 2.101343 2.109215 2.116696 2.098256 2.098256 1.841049 1.841353 1.844679 1.840939 1.829256 1.809082 1.780129 1.742791 1.698562 1.650383 1.603349 1.566247 1.555345 1.609154 1.609154 1.954660 2.094414 2.218851 2.244657 2.244657 2.241882 2.241882 2.165833 2.165833 2.060163 1.815933 1.815933 1.771422 1.771422 1.804570 1.804570 1.804570 1.847410 1.847410 1.886823 1.886823 1.918207 1.918207 1.954097 1.954097 1.979767 1.979767 1.979767 1.998534
1.896417 1.896417 1.963467 2.010728 2.027070 2.027070 2.041121 2.064650 2.064650 2.084230 2.084230 2.101366 2.109242 2.116729 2.107337 2.107337 1.871858 1.868217 1.881045 1.888335 1.889312 1.884025 1.872497 1.855082 1.832905 1.808023 1.783806 1.765855 1.764227 1.807563 1.807563 2.067068 2.184193 2.300862 2.324973 2.324973 2.324213 2.324213 2.272326 2.272326 2.212381 2.027485 2.027485 1.951489 1.951489 1.975041 1.975041 1.975041 2.012197 2.012197 2.046940 2.046940 2.075263 2.075263 2.104350 2.104350 2.126684 2.126684 2.126684 2.142642
1.898658 1.898658 1.964511 2.010892 2.027088 2.027088 2.041091 2.064629 2.064629 2.084225 2.084225 2.101360 2.109233 2.116718 2.113178 2.113178 1.912811 1.894541 1.912347 1.926002 1.933538 1.935508 1.932409 1.924873 1.914172 1.902403 1.892151 1.887234 1.894134 1.933418 1.933418 2.130713 2.229362 2.326429 2.341613 2.341613 2.333678 2.333678 2.302999 2.302999 2.274981 2.161376 2.161376 2.074628 2.074628 2.078726 2.078726 2.078726 2.110935 2.110935 2.142645 2.142645 2.169099 2.169099 2.194203 2.194203 2.213930 2.213930 2.213930 2.227869
1.900219 1.900219 1.965284 2.011018 2.027101 2.027101 2.041065 2.064611 2.064611 2.084223 2.084223 2.101356 2.109227 2.116709 2.116964 2.116964 1.959855 1.927919 1.946177 1.964147 1.976331 1.982761 1.984086 1.981304 1.976034 1.970413 1.967024 1.969191 1.981499 2.016797 2.016797 2.160200 2.240999 2.306121 2.308985 2.308985 2.298038 2.298038 2.293766 2.293766 2.289746 2.240686 2.240686 2.168687 2.168687 2.151001 2.151001 2.151001 2.176089 2.176089 2.204125 2.204125 2.228616 2.228616 2.250453 2.250453 2.267535 2.267535 2.267535 2.279490
1.901137 1.901137 1.965758 2.011097 2.027108 2.027108 2.041048 2.064599 2.064599 2.084220 2.084220 2.101352 2.109222 2.116702 2.119412 2.119412 2.007453 1.970777 1.985089 2.005709 2.021656 2.031591 2.035913 2.035699 2.032733 2.029365 2.028384 2.032964 2.045905 2.072191 2.072191 2.168878 2.223018 2.244725 2.238995 2.238995 2.240614 2.240614 2.267233 2.267233 2.281236 2.280597 2.280597 2.238875 2.238875 2.208241 2.208241 2.208241 2.224235 2.224235 2.247012 2.247012 2.268387 2.268387 2.286814 2.286814 2.301033 2.301033 2.301033 2.310867
1.901441 1.901441 1.965918 2.011124 2.027111 2.027111 2.041041 2.064595 2.064595 2.084221 2.084221 2.101352 2.109221 2.116702 2.120992 2.120992 2.052994 2.021621 2.031365 2.052492 2.071070 2.083837 2.090538 2.092036 2.090049 2.086995 2.085840 2.089708 2.099116 2.108572 2.108572 2.153958 2.168653 2.150079 2.147757 2.147757 2.178773 2.178773 2.234823 2.234823 2.261802 2.294015 2.294015 2.284997 2.284997 2.255740 2.255740 2.255740 2.263020 2.263020 2.279188 2.279188 2.296016 2.296016 2.310544 2.310544 2.321581 2.321581 2.321581 2.329163
1.901137 1.901137 1.965757 2.011097 2.027108 2.027108 2.041048 2.064599 2.064599 2.084221 2.084221 2.101353 2.109222 2.116703 2.122011 2.122011 2.096158 2.078216 2.086273 2.106303 2.125952 2.140569 2.149028 2.151742 2.150150 2.146542 2.143906 2.145150 2.146473 2.124463 2.124463 2.101308 2.069089 2.039521 2.053962 2.053962 2.121436 2.121436 2.201044 2.201044 2.237145 2.291031 2.291031 2.309470 2.309470 2.293687 2.293687 2.293687 2.295242 2.295242 2.304554 2.304554 2.315732 2.315732 2.325608 2.325608 2.333031 2.333031 2.333031 2.338223
1.900218 1.900218 1.965283 2.011018 2.027102 2.027102 2.041065 2.064611 2.064611 2.084223 2.084223 2.101355 2.109226 2.116708 2.122667 2.122667 2.138752 2.139021 2.149946 2.168708 2.187851 2.202924 2.212185 2.215507 2.213890 2.209310 2.204578 2.201847 2.187037 2.103761 2.103761 1.991120 1.929055 1.933188 1.969672 1.969672 2.070634 2.070634 2.167473 2.167473 2.210068 2.278419 2.278419 2.317162 2.317162 2.320885 2.320885 2.320885 2.320935 2.320935 2.324456 2.324456 2.329460 2.329460 2.334005 2.334005 2.337415 2.337415 2.337415 2.340142
1.898658 1.898658 1.964511 2.010892 2.027089 2.027089 2.041091 2.064629 2.064629 2.084226 2.084226 2.101360 2.109234 2.116717 2.123091 2.123091 2.184325 2.204309 2.222083 2.240700 2.258266 2.272208 2.280924 2.283917 2.281710 2.275821 2.268669 2.260156 2.208819 2.011052 2.011052 1.821388 1.781258 1.840109 1.892012 1.892012 2.023746 2.023746 2.133473 2.133473 2.180987 2.259426 2.259426 2.312464 2.312464 2.336296 2.336296 2.336296 2.338568 2.338568 2.338211 2.338211 2.337286 2.337286 2.336209 2.336209 2.335426 2.335426 2.335426 2.335755
1.896416 1.896416 1.963467 2.010728 2.027069 2.027069 2.041121 2.064650 2.064650 2.084230 2.084230 2.101366 2.109243 2.116729 2.123361 2.123361 2.238162 2.276685 2.303091 2.322855 2.338355 2.349692 2.356260 2.357632 2.353979 2.346318 2.336420 2.317034 2.171888 1.799798 1.799798 1.644590 1.646397 1.759556 1.830142 1.830142 1.980152 1.980152 2.100424 2.100424 2.151648 2.236957 2.236957 2.299591 2.299591 2.340558 2.340558 2.340558 2.347133 2.347133 2.344893 2.344893 2.338939 2.338939 2.332492 2.332492 2.327682 2.327682 2.327682 2.325853
