cruce_test.gid/Rasters/Hydraulic/Velocity__y_109.0.asc
NCOLS        79
NROWS        79
XLLCENTER         -1.500000
YLLCENTER         -4.800000
CELLSIZE           0.100
NODATA_VALUE     -9999.0
[rows 0 to 25 of 79, columns 0 to 58 of 79]
-9999.000 -9999.000 -9999.000 -9999.000 -9999.000 -9999.000 -9999.000 -9999.000 -9999.000 -9999.000 -9999.000 -9999.000 -9999.000 -9999.000 -9999.000 -0.1688686 -0.1677396 -0.1676761 -0.1677878 -0.1679506 -0.1681217 -0.1682814 -0.1684252 -0.1685677 -0.1687534 -0.1690704 -0.1696749 -0.1708309 -0.1728799 -0.1721341 -0.1721341 -9999.000 -9999.000 -9999.000 -9999.000 -9999.000 -9999.000 -9999.000 -9999.000 -9999.000 -9999.000 -9999.000 -9999.000 -9999.000 -9999.000 -9999.000 -9999.000 -9999.000 -9999.000 -9999.000 -9999.000 -9999.000 -9999.000 -9999.000 -9999.000 -9999.000 -9999.000 -9999.000 -9999.000
-9999.000 -9999.000 -9999.000 -9999.000 -9999.000 -9999.000 -9999.000 -9999.000 -9999.000 -9999.000 -9999.000 -9999.000 -9999.000 -9999.000 -9999.000 -0.1666395 -0.1641897 -0.1640285 -0.1642504 -0.1645932 -0.1649645 -0.1653219 -0.1656567 -0.1660041 -0.1664619 -0.1672203 -0.1686083 -0.1711664 -0.1755721 -0.1745905 -0.1745905 -9999.000 -9999.000 -9999.000 -9999.000 -9999.000 -9999.000 -9999.000 -9999.000 -9999.000 -9999.000 -9999.000 -9999.000 -9999.000 -9999.000 -9999.000 -9999.000 -9999.000 -9999.000 -9999.000 -9999.000 -9999.000 -9999.000 -9999.000 -9999.000 -9999.000 -9999.000 -9999.000 -9999.000
-9999.000 -9999.000 -9999.000 -9999.000 -9999.000 -9999.000 -9999.000 -9999.000 -9999.000 -9999.000 -9999.000 -9999.000 -9999.000 -9999.000 -9999.000 -0.1631607 -0.1592316 -0.1589516 -0.1593384 -0.1599654 -0.1606772 -0.1614017 -0.1621248 -0.1629066 -0.1639123 -0.1654555 -0.1680652 -0.1725931 -0.1800735 -0.1794982 -0.1794982 -9999.000 -9999.000 -9999.000 -9999.000 -9999.000 -9999.000 -9999.000 -9999.000 -9999.000 -9999.000 -9999.000 -9999.000 -9999.000 -9999.000 -9999.000 -9999.000 -9999.000 -9999.000 -9999.000 -9999.000 -9999.000 -9999.000 -9999.000 -9999.000 -9999.000 -9999.000 -9999.000 -9999.000
-9999.000 -9999.000 -9999.000 -9999.000 -9999.000 -9999.000 -9999.000 -9999.000 -9999.000 -9999.000 -9999.000 -9999.000 -9999.000 -9999.000 -9999.000 -0.1589696 -0.1535842 -0.1532079 -0.1538144 -0.1548042 -0.1559558 -0.1571642 -0.1584072 -0.1597693 -0.1614831 -0.1639894 -0.1680283 -0.1747844 -0.1856983 -0.1862214 -0.1862214 -9999.000 -9999.000 -9999.000 -9999.000 -9999.000 -9999.000 -9999.000 -9999.000 -9999.000 -9999.000 -9999.000 -9999.000 -9999.000 -9999.000 -9999.000 -9999.000 -9999.000 -9999.000 -9999.000 -9999.000 -9999.000 -9999.000 -9999.000 -9999.000 -9999.000 -9999.000 -9999.000 -9999.000
-9999.000 -9999.000 -9999.000 -9999.000 -9999.000 -9999.000 -9999.000 -9999.000 -9999.000 -9999.000 -9999.000 -9999.000 -9999.000 -9999.000 -9999.000 -0.1541760 -0.1473645 -0.1469098 -0.1477820 -0.1492003 -0.1508718 -0.1526550 -0.1545169 -0.1565659 -0.1591052 -0.1627118 -0.1683548 -0.1775866 -0.1923215 -0.1947135 -0.1947135 -9999.000 -9999.000 -9999.000 -9999.000 -9999.000 -9999.000 -9999.000 -9999.000 -9999.000 -9999.000 -9999.000 -9999.000 -9999.000 -9999.000 -9999.000 -9999.000 -9999.000 -9999.000 -9999.000 -9999.000 -9999.000 -9999.000 -9999.000 -9999.000 -9999.000 -9999.000 -9999.000 -9999.000
-9999.000 -9999.000 -9999.000 -9999.000 -9999.000 -9999.000 -9999.000 -9999.000 -9999.000 -9999.000 -9999.000 -9999.000 -9999.000 -9999.000 -9999.000 -0.1488353 -0.1406427 -0.1401231 -0.1412974 -0.1431965 -0.1454511 -0.1478797 -0.1504360 -0.1532530 -0.1567102 -0.1615336 -0.1689450 -0.1809095 -0.1999065 -0.2050768 -0.2050768 -9999.000 -9999.000 -9999.000 -9999.000 -9999.000 -9999.000 -9999.000 -9999.000 -9999.000 -9999.000 -9999.000 -9999.000 -9999.000 -9999.000 -9999.000 -9999.000 -9999.000 -9999.000 -9999.000 -9999.000 -9999.000 -9999.000 -9999.000 -9999.000 -9999.000 -9999.000 -9999.000 -9999.000
-9999.000 -9999.000 -9999.000 -9999.000 -9999.000 -9999.000 -9999.000 -9999.000 -9999.000 -9999.000 -9999.000 -9999.000 -9999.000 -9999.000 -9999.000 -0.1429562 -0.1334514 -0.1328776 -0.1343826 -0.1368042 -0.1396920 -0.1428213 -0.1461303 -0.1497790 -0.1542303 -0.1603762 -0.1697210 -0.1846986 -0.2084747 -0.2175419 -0.2175419 -9999.000 -9999.000 -9999.000 -9999.000 -9999.000 -9999.000 -9999.000 -9999.000 -9999.000 -9999.000 -9999.000 -9999.000 -9999.000 -9999.000 -9999.000 -9999.000 -9999.000 -9999.000 -9999.000 -9999.000 -9999.000 -9999.000 -9999.000 -9999.000 -9999.000 -9999.000 -9999.000 -9999.000
-9999.000 -9999.000 -9999.000 -9999.000 -9999.000 -9999.000 -9999.000 -9999.000 -9999.000 -9999.000 -9999.000 -9999.000 -9999.000 -9999.000 -9999.000 -0.1365102 -0.1257939 -0.1251758 -0.1270341 -0.1300116 -0.1335726 -0.1374458 -0.1415528 -0.1460831 -0.1515935 -0.1591613 -0.1706115 -0.1889169 -0.2180892 -0.2324772 -0.2324772 -9999.000 -9999.000 -9999.000 -9999.000 -9999.000 -9999.000 -9999.000 -9999.000 -9999.000 -9999.000 -9999.000 -9999.000 -9999.000 -9999.000 -9999.000 -9999.000 -9999.000 -9999.000 -9999.000 -9999.000 -9999.000 -9999.000 -9999.000 -9999.000 -9999.000 -9999.000 -9999.000 -9999.000
-9999.000 -9999.000 -9999.000 -9999.000 -9999.000 -9999.000 -9999.000 -9999.000 -9999.000 -9999.000 -9999.000 -9999.000 -9999.000 -9999.000 -9999.000 -0.1294380 -0.1176506 -0.1169986 -0.1192282 -0.1227881 -0.1270534 -0.1317039 -0.1366423 -0.1420919 -0.1487152 -0.1578005 -0.1715389 -0.1935315 -0.2288465 -0.2504254 -0.2504254 -9999.000 -9999.000 -9999.000 -9999.000 -9999.000 -9999.000 -9999.000 -9999.000 -9999.000 -9999.000 -9999.000 -9999.000 -9999.000 -9999.000 -9999.000 -9999.000 -9999.000 -9999.000 -9999.000 -9999.000 -9999.000 -9999.000 -9999.000 -9999.000 -9999.000 -9999.000 -9999.000 -9999.000
-9999.000 -9999.000 -9999.000 -9999.000 -9999.000 -9999.000 -9999.000 -9999.000 -9999.000 -9999.000 -9999.000 -9999.000 -9999.000 -9999.000 -9999.000 -0.1216517 -0.1089799 -0.1083063 -0.1109217 -0.1150839 -0.1200762 -0.1255267 -0.1313172 -0.1377106 -0.1454892 -0.1561822 -0.1724051 -0.1984996 -0.2408707 -0.2721788 -0.2721788 -9999.000 -9999.000 -9999.000 -9999.000 -9999.000 -9999.000 -9999.000 -9999.000 -9999.000 -9999.000 -9999.000 -9999.000 -9999.000 -9999.000 -9999.000 -9999.000 -9999.000 -9999.000 -9999.000 -9999.000 -9999.000 -9999.000 -9999.000 -9999.000 -9999.000 -9999.000 -9999.000 -9999.000
-9999.000 -9999.000 -9999.000 -9999.000 -9999.000 -9999.000 -9999.000 -9999.000 -9999.000 -9999.000 -9999.000 -9999.000 -9999.000 -9999.000 -9999.000 -0.1130313 -0.9971545E-01 -0.9903591E-01 -0.1020480 -0.1068260 -0.1125582 -0.1188189 -0.1254677 -0.1328122 -0.1417724 -0.1541559 -0.1730724 -0.2037505 -0.2543074 -0.2989144 -0.2989144 -9999.000 -9999.000 -9999.000 -9999.000 -9999.000 -9999.000 -9999.000 -9999.000 -9999.000 -9999.000 -9999.000 -9999.000 -9999.000 -9999.000 -9999.000 -9999.000 -9999.000 -9999.000 -9999.000 -9999.000 -9999.000 -9999.000 -9999.000 -9999.000 -9999.000 -9999.000 -9999.000 -9999.000
-9999.000 -9999.000 -9999.000 -9999.000 -9999.000 -9999.000 -9999.000 -9999.000 -9999.000 -9999.000 -9999.000 -9999.000 -9999.000 -9999.000 -9999.000 -0.1034154 -0.8975667E-01 -0.8909005E-01 -0.9250716E-01 -0.9790683E-01 -0.1043802 -0.1114458 -0.1189378 -0.1272171 -0.1373617 -0.1515025 -0.1733319 -0.2091535 -0.2693072 -0.3324431 -0.3324431 -9999.000 -9999.000 -9999.000 -9999.000 -9999.000 -9999.000 -9999.000 -9999.000 -9999.000 -9999.000 -9999.000 -9999.000 -9999.000 -9999.000 -9999.000 -9999.000 -9999.000 -9999.000 -9999.000 -9999.000 -9999.000 -9999.000 -9999.000 -9999.000 -9999.000 -9999.000 -9999.000 -9999.000
-9999.000 -9999.000 -9999.000 -9999.000 -9999.000 -9999.000 -9999.000 -9999.000 -9999.000 -9999.000 -9999.000 -9999.000 -9999.000 -9999.000 -9999.000 -0.9258139E-01 -0.7895030E-01 -0.7831933E-01 -0.8214572E-01 -0.8816365E-01 -0.9536406E-01 -0.1032063 -0.1114968 -0.1206581 -0.1319512 -0.1478843 -0.1728439 -0.2144536 -0.2859788 -0.3756927 -0.3756927 -9999.000 -9999.000 -9999.000 -9999.000 -9999.000 -9999.000 -9999.000 -9999.000 -9999.000 -9999.000 -9999.000 -9999.000 -9999.000 -9999.000 -9999.000 -9999.000 -9999.000 -9999.000 -9999.000 -9999.000 -9999.000 -9999.000 -9999.000 -9999.000 -9999.000 -9999.000 -9999.000 -9999.000
-9999.000 -9999.000 -9999.000 -9999.000 -9999.000 -9999.000 -9999.000 -9999.000 -9999.000 -9999.000 -9999.000 -9999.000 -9999.000 -9999.000 -9999.000 -0.8015317E-01 -0.6702206E-01 -0.6646105E-01 -0.7070567E-01 -0.7733323E-01 -0.8523043E-01 -0.9379244E-01 -0.1027930 -0.1127255 -0.1250628 -0.1427554 -0.1710219 -0.2191295 -0.3042524 -0.4337579 -0.4337579 -9999.000 -9999.000 -9999.000 -9999.000 -9999.000 -9999.000 -9999.000 -9999.000 -9999.000 -9999.000 -9999.000 -9999.000 -9999.000 -9999.000 -9999.000 -9999.000 -9999.000 -9999.000 -9999.000 -9999.000 -9999.000 -9999.000 -9999.000 -9999.000 -9999.000 -9999.000 -9999.000 -9999.000
-9999.000 -9999.000 -9999.000 -9999.000 -9999.000 -9999.000 -9999.000 -9999.000 -9999.000 -9999.000 -9999.000 -9999.000 -9999.000 -9999.000 -9999.000 -0.5889635E-01 -0.5078953E-01 -0.5175734E-01 -0.5743396E-01 -0.6534696E-01 -0.7435156E-01 -0.8383904E-01 -0.9359804E-01 -0.1042413 -0.1175056 -0.1368590 -0.1684957 -0.2236951 -0.3247610 -0.5150923 -0.5150923 -9999.000 -9999.000 -9999.000 -9999.000 -9999.000 -9999.000 -9999.000 -9999.000 -9999.000 -9999.000 -9999.000 -9999.000 -9999.000 -9999.000 -9999.000 -9999.000 -9999.000 -9999.000 -9999.000 -9999.000 -9999.000 -9999.000 -9999.000 -9999.000 -9999.000 -9999.000 -9999.000 -9999.000
-0.3070011E-02 -0.3070011E-02 -0.4236586E-02 -0.4895650E-02 -0.4955340E-02 -0.4955340E-02 -0.4964380E-02 -0.4942886E-02 -0.4942886E-02 -0.4914974E-02 -0.4914974E-02 -0.4885248E-02 -0.4869057E-02 -0.4851929E-02 -0.6405192E-02 -0.6405192E-02 -0.6036346E-01 -0.6595024E-01 -0.7542599E-01 -0.8821706E-01 -0.1028233 -0.1179859 -0.1327820 -0.1470306 -0.1615467 -0.1786997 -0.2033750 -0.2450537 -0.3222496 -0.5005736 -0.5005736 -0.2581128 -0.1266085 -0.2133149E-01 -0.6776012E-02 -0.6776012E-02 0.3333236E-02 0.3333236E-02 0.5659766E-02 0.5659766E-02 -0.2409821E-01 -0.1834964E-01 -0.1834964E-01 0.1751615E-02 0.1751615E-02 0.1071804E-01 0.1071804E-01 0.1071804E-01 0.1001094E-01 0.1001094E-01 0.9331828E-02 0.9331828E-02 0.6498882E-02 0.6498882E-02 0.4400855E-02 0.4400855E-02 0.2684137E-02 0.2684137E-02 0.2684137E-02
-0.4649724E-02 -0.4649724E-02 -0.6226136E-02 -0.6987362E-02 -0.7023070E-02 -0.7023070E-02 -0.7007092E-02 -0.6959912E-02 -0.6959912E-02 -0.6931914E-02 -0.6931914E-02 -0.6908448E-02 -0.6894703E-02 -0.6879082E-02 -0.9029309E-02 -0.9029309E-02 -0.8529469E-01 -0.9665035E-01 -0.1124471 -0.1332770 -0.1574267 -0.1830875 -0.2084970 -0.2324084 -0.2541526 -0.2739578 -0.2934719 -0.3167067 -0.3506399 -0.4100232 -0.4100232 -0.2542807 -0.1463202 -0.4008752E-01 -0.1801914E-01 -0.1801914E-01 0.1104284E-01 0.1104284E-01 0.3458727E-01 0.3458727E-01 -0.1414230E-02 -0.2040702E-01 -0.2040702E-01 0.6590365E-02 0.6590365E-02 0.2172170E-01 0.2172170E-01 0.2172170E-01 0.1975619E-01 0.1975619E-01 0.1551204E-01 0.1551204E-01 0.1230686E-01 0.1230686E-01 0.8557389E-02 0.8557389E-02 0.5389170E-02 0.5389170E-02 0.5389170E-02
-0.3724106E-02 -0.3724106E-02 -0.5158436E-02 -0.5928934E-02 -0.5961197E-02 -0.5961197E-02 -0.5936556E-02 -0.5882112E-02 -0.5882112E-02 -0.5868417E-02 -0.5868417E-02 -0.5869172E-02 -0.5867563E-02 -0.5863673E-02 -0.7314765E-02 -0.7314765E-02 -0.8277970E-01 -0.1021142 -0.1230877 -0.1492034 -0.1797605 -0.2132868 -0.2480743 -0.2825080 -0.3151631 -0.3449938 -0.3715561 -0.3955267 -0.4179183 -0.4386267 -0.4386267 -0.3406567 -0.2500132 -0.1211766 -0.7497435E-01 -0.7497435E-01 0.7515305E-02 0.7515305E-02 0.8118939E-01 0.8118939E-01 0.7649390E-01 0.2438963E-01 0.2438963E-01 0.2199064E-01 0.2199064E-01 0.2997117E-01 0.2997117E-01 0.2997117E-01 0.2562991E-01 0.2562991E-01 0.1731064E-01 0.1731064E-01 0.1359644E-01 0.1359644E-01 0.8981984E-02 0.8981984E-02 0.5286963E-02 0.5286963E-02 0.5286963E-02
-0.2874062E-02 -0.2874062E-02 -0.4090372E-02 -0.4789358E-02 -0.4811596E-02 -0.4811596E-02 -0.4777451E-02 -0.4709642E-02 -0.4709642E-02 -0.4693029E-02 -0.4693029E-02 -0.4696617E-02 -0.4697077E-02 -0.4695197E-02 -0.5642519E-02 -0.5642519E-02 -0.7357454E-01 -0.1010952 -0.1269638 -0.1567299 -0.1910140 -0.2289557 -0.2693340 -0.3106471 -0.3513101 -0.3897614 -0.4245644 -0.4547490 -0.4790286 -0.4928189 -0.4928189 -0.4251863 -0.3504527 -0.2111206 -0.1435446 -0.1435446 -0.4241112E-02 -0.4241112E-02 0.1171000 0.1171000 0.1415665 0.9894856E-01 0.9894856E-01 0.5320632E-01 0.5320632E-01 0.3589689E-01 0.3589689E-01 0.3589689E-01 0.2659801E-01 0.2659801E-01 0.1581280E-01 0.1581280E-01 0.9403829E-02 0.9403829E-02 0.4262269E-02 0.4262269E-02 0.9940969E-03 0.9940969E-03 0.9940969E-03
-0.2093537E-02 -0.2093537E-02 -0.3044200E-02 -0.3619747E-02 -0.3634870E-02 -0.3634870E-02 -0.3600383E-02 -0.3533814E-02 -0.3533814E-02 -0.3517397E-02 -0.3517397E-02 -0.3521679E-02 -0.3523104E-02 -0.3522299E-02 -0.4138754E-02 -0.4138754E-02 -0.6313331E-01 -0.9810982E-01 -0.1298520 -0.1635586 -0.2010242 -0.2420827 -0.2859415 -0.3314101 -0.3770936 -0.4214388 -0.4628004 -0.4993792 -0.5290712 -0.5461770 -0.5461770 -0.4981726 -0.4360079 -0.2857129 -0.1973023 -0.1973023 -0.1099249E-01 -0.1099249E-01 0.1372048 0.1372048 0.1769453 0.1622184 0.1622184 0.9418858E-01 0.9418858E-01 0.4358551E-01 0.4358551E-01 0.4358551E-01 0.2610005E-01 0.2610005E-01 0.1180987E-01 0.1180987E-01 0.2869739E-02 0.2869739E-02 -0.2635447E-02 -0.2635447E-02 -0.4997799E-02 -0.4997799E-02 -0.4997799E-02
-0.1365999E-02 -0.1365999E-02 -0.2017485E-02 -0.2426724E-02 -0.2436281E-02 -0.2436281E-02 -0.2409041E-02 -0.2356659E-02 -0.2356659E-02 -0.2343628E-02 -0.2343628E-02 -0.2347342E-02 -0.2348857E-02 -0.2348631E-02 -0.2749164E-02 -0.2749164E-02 -0.5358352E-01 -0.9437599E-01 -0.1329502 -0.1716871 -0.2128565 -0.2569583 -0.3036526 -0.3520986 -0.4011606 -0.4494484 -0.4953431 -0.5368410 -0.5714113 -0.5926759 -0.5926759 -0.5603003 -0.5038264 -0.3295104 -0.2201619 -0.2201619 -0.8130616E-02 -0.8130616E-02 0.1415945 0.1415945 0.1851338 0.1966183 0.1966183 0.1334953 0.1334953 0.5455212E-01 0.5455212E-01 0.5455212E-01 0.2648760E-01 0.2648760E-01 0.7305416E-02 0.7305416E-02 -0.4248629E-02 -0.4248629E-02 -0.1012452E-01 -0.1012452E-01 -0.1139049E-01 -0.1139049E-01 -0.1139049E-01
-0.6739483E-03 -0.6739483E-03 -0.1005008E-02 -0.1217486E-02 -0.1222147E-02 -0.1222147E-02 -0.1207366E-02 -0.1178644E-02 -0.1178644E-02 -0.1171369E-02 -0.1171369E-02 -0.1173541E-02 -0.1174484E-02 -0.1174394E-02 -0.1434344E-02 -0.1434344E-02 -0.4653129E-01 -0.9132853E-01 -0.1370191 -0.1819729 -0.2278048 -0.2754303 -0.3249720 -0.3759854 -0.4276408 -0.4787716 -0.5278862 -0.5729933 -0.6113281 -0.6355144 -0.6355144 -0.6107414 -0.5482838 -0.3334607 -0.2102358 -0.2102358 -0.1641376E-02 -0.1641376E-02 0.1325165 0.1325165 0.1740642 0.2028586 0.2028586 0.1604328 0.1604328 0.6793696E-01 0.6793696E-01 0.6793696E-01 0.2896203E-01 0.2896203E-01 0.3751375E-02 0.3751375E-02 -0.1075957E-01 -0.1075957E-01 -0.1713689E-01 -0.1713689E-01 -0.1728083E-01 -0.1728083E-01 -0.1728083E-01
0.1208335E-06 0.1208335E-06 0.5457776E-07 0.1547780E-07 -0.5566212E-07 -0.5566212E-07 -0.1852218E-06 -0.4406531E-07 -0.4406531E-07 0.2463385E-07 0.2463385E-07 0.9000214E-07 0.3745324E-07 -0.2764403E-07 -0.1685310E-03 -0.1685310E-03 -0.4326403E-01 -0.9099606E-01 -0.1434440 -0.1954618 -0.2469901 -0.2988521 -0.3515328 -0.4050190 -0.4588573 -0.5121760 -0.5636822 -0.6114832 -0.6524593 -0.6764344 -0.6764344 -0.6457703 -0.5588822 -0.3014542 -0.1806775 -0.1806775 0.8116646E-03 0.8116646E-03 0.1141363 0.1141363 0.1519051 0.1896895 0.1896895 0.1700538 0.1700538 0.8070895E-01 0.8070895E-01 0.8070895E-01 0.3335418E-01 0.3335418E-01 0.2005537E-02 0.2005537E-02 -0.1571860E-01 -0.1571860E-01 -0.2276521E-01 -0.2276521E-01 -0.2190278E-01 -0.2190278E-01 -0.2190278E-01
0.6740803E-03 0.6740803E-03 0.1005087E-02 0.1217526E-02 0.1222159E-02 0.1222159E-02 0.1207233E-02 0.1178572E-02 0.1178572E-02 0.1171411E-02 0.1171411E-02 0.1173692E-02 0.1174613E-02 0.1174533E-02 0.1065073E-02 0.1065073E-02 -0.4498406E-01 -0.9586728E-01 -0.1545513 -0.2139358 -0.2719499 -0.3287585 -0.3849587 -0.4409280 -0.4966463 -0.5516247 -0.6048618 -0.6546056 -0.6967754 -0.7133586 -0.7133586 -0.6531446 -0.5238134 -0.2527329 -0.1494977 -0.1494977 -0.2823099E-02 -0.2823099E-02 0.9148148E-01 0.9148148E-01 0.1251558 0.1658478 0.1658478 0.1636582 0.1636582 0.8913872E-01 0.8913872E-01 0.8913872E-01 0.3826850E-01 0.3826850E-01 0.2209177E-02 0.2209177E-02 -0.1845371E-01 -0.1845371E-01 -0.2623583E-01 -0.2623583E-01 -0.2460835E-01 -0.2460835E-01 -0.2460835E-01
0.1366123E-02 0.1366123E-02 0.2017622E-02 0.2426746E-02 0.2436284E-02 0.2436284E-02 0.2409103E-02 0.2356649E-02 0.2356649E-02 0.2343661E-02 0.2343661E-02 0.2347506E-02 0.2348966E-02 0.2348715E-02 0.2277310E-02 0.2277310E-02 -0.5325412E-01 -0.1089249 -0.1737356 -0.2403151 -0.3050858 -0.3672612 -0.4272462 -0.4856701 -0.5429373 -0.5990089 -0.6532738 -0.7040915 -0.7444553 -0.7355122 -0.7355122 -0.6121018 -0.4481216 -0.2077635 -0.1256012 -0.1256012 -0.9431845E-02 -0.9431845E-02 0.6870071E-01 0.6870071E-01 0.9802067E-01 0.1373104 0.1373104 0.1456658 0.1456658 0.9050288E-01 0.9050288E-01 0.9050288E-01 0.4170818E-01 0.4170818E-01 0.3834465E-02 0.3834465E-02 -0.1866177E-01 -0.1866177E-01 -0.2698168E-01 -0.2698168E-01 -0.2490378E-01 -0.2490378E-01 -0.2490378E-01
0.2093743E-02 0.2093743E-02 0.3044253E-02 0.3619708E-02 0.3634773E-02 0.3634773E-02 0.3600364E-02 0.3533763E-02 0.3533763E-02 0.3517411E-02 0.3517411E-02 0.3521860E-02 0.3523309E-02 0.3522483E-02 0.3475285E-02 0.3475285E-02 -0.7069070E-01 -0.1340997 -0.2056846 -0.2790416 -0.3501581 -0.4175072 -0.4811350 -0.5417405 -0.6000635 -0.6565178 -0.7109495 -0.7614704 -0.7914484 -0.7141890 -0.7141890 -0.5176236 -0.3626894 -0.1729193 -0.1085760 -0.1085760 -0.1515993E-01 -0.1515993E-01 0.4826970E-01 0.4826970E-01 0.7274500E-01 0.1075860 0.1075860 0.1207127 0.1207127 0.8400059E-01 0.8400059E-01 0.8400059E-01 0.4192569E-01 0.4192569E-01 0.5958679E-02 0.5958679E-02 -0.1642640E-01 -0.1642640E-01 -0.2472016E-01 -0.2472016E-01 -0.2251578E-01 -0.2251578E-01 -0.2251578E-01
