cruce_test.gid/Rasters/Hydraulic/Velocity__y_59.0.asc
NCOLS        79
NROWS        79
XLLCENTER         -1.500000
YLLCENTER         -4.800000
CELLSIZE           0.100
NODATA_VALUE     -9999.0
[rows 0 to 25 of 79, columns 0 to 58 of 79]
-9999.000 -9999.000 -9999.000 -9999.000 -9999.000 -9999.000 -9999.000 -9999.000 -9999.000 -9999.000 -9999.000 -9999.000 -9999.000 -9999.000 -9999.000 -0.2476818 -0.2465916 -0.2467950 -0.2471206 -0.2474814 -0.2478760 -0.2483152 -0.2488131 -0.2493856 -0.2500533 -0.2508450 -0.2518061 -0.2530036 -0.2544007 -0.2513561 -0.2513561 -9999.000 -9999.000 -9999.000 -9999.000 -9999.000 -9999.000 -9999.000 -9999.000 -9999.000 -9999.000 -9999.000 -9999.000 -9999.000 -9999.000 -9999.000 -9999.000 -9999.000 -9999.000 -9999.000 -9999.000 -9999.000 -9999.000 -9999.000 -9999.000 -9999.000 -9999.000 -9999.000 -9999.000
-9999.000 -9999.000 -9999.000 -9999.000 -9999.000 -9999.000 -9999.000 -9999.000 -9999.000 -9999.000 -9999.000 -9999.000 -9999.000 -9999.000 -9999.000 -0.2440271 -0.2414867 -0.2418332 -0.2424225 -0.2430686 -0.2437696 -0.2445537 -0.2454573 -0.2465229 -0.2478024 -0.2493643 -0.2513041 -0.2537517 -0.2566006 -0.2507922 -0.2507922 -9999.000 -9999.000 -9999.000 -9999.000 -9999.000 -9999.000 -9999.000 -9999.000 -9999.000 -9999.000 -9999.000 -9999.000 -9999.000 -9999.000 -9999.000 -9999.000 -9999.000 -9999.000 -9999.000 -9999.000 -9999.000 -9999.000 -9999.000 -9999.000 -9999.000 -9999.000 -9999.000 -9999.000
-9999.000 -9999.000 -9999.000 -9999.000 -9999.000 -9999.000 -9999.000 -9999.000 -9999.000 -9999.000 -9999.000 -9999.000 -9999.000 -9999.000 -9999.000 -0.2386509 -0.2343983 -0.2349431 -0.2359410 -0.2370737 -0.2383319 -0.2397620 -0.2414278 -0.2434038 -0.2457769 -0.2486531 -0.2521661 -0.2564783 -0.2613207 -0.2526996 -0.2526996 -9999.000 -9999.000 -9999.000 -9999.000 -9999.000 -9999.000 -9999.000 -9999.000 -9999.000 -9999.000 -9999.000 -9999.000 -9999.000 -9999.000 -9999.000 -9999.000 -9999.000 -9999.000 -9999.000 -9999.000 -9999.000 -9999.000 -9999.000 -9999.000 -9999.000 -9999.000 -9999.000 -9999.000
-9999.000 -9999.000 -9999.000 -9999.000 -9999.000 -9999.000 -9999.000 -9999.000 -9999.000 -9999.000 -9999.000 -9999.000 -9999.000 -9999.000 -9999.000 -0.2321123 -0.2261102 -0.2269174 -0.2284297 -0.2301876 -0.2321755 -0.2344589 -0.2371304 -0.2402960 -0.2440761 -0.2486115 -0.2540714 -0.2606484 -0.2678991 -0.2569180 -0.2569180 -9999.000 -9999.000 -9999.000 -9999.000 -9999.000 -9999.000 -9999.000 -9999.000 -9999.000 -9999.000 -9999.000 -9999.000 -9999.000 -9999.000 -9999.000 -9999.000 -9999.000 -9999.000 -9999.000 -9999.000 -9999.000 -9999.000 -9999.000 -9999.000 -9999.000 -9999.000 -9999.000 -9999.000
-9999.000 -9999.000 -9999.000 -9999.000 -9999.000 -9999.000 -9999.000 -9999.000 -9999.000 -9999.000 -9999.000 -9999.000 -9999.000 -9999.000 -9999.000 -0.2244472 -0.2167246 -0.2178571 -0.2199790 -0.2224831 -0.2253482 -0.2286622 -0.2325486 -0.2371482 -0.2426180 -0.2491367 -0.2569136 -0.2661793 -0.2763100 -0.2635017 -0.2635017 -9999.000 -9999.000 -9999.000 -9999.000 -9999.000 -9999.000 -9999.000 -9999.000 -9999.000 -9999.000 -9999.000 -9999.000 -9999.000 -9999.000 -9999.000 -9999.000 -9999.000 -9999.000 -9999.000 -9999.000 -9999.000 -9999.000 -9999.000 -9999.000 -9999.000 -9999.000 -9999.000 -9999.000
-9999.000 -9999.000 -9999.000 -9999.000 -9999.000 -9999.000 -9999.000 -9999.000 -9999.000 -9999.000 -9999.000 -9999.000 -9999.000 -9999.000 -9999.000 -0.2156284 -0.2062975 -0.2078185 -0.2106322 -0.2139848 -0.2178527 -0.2223506 -0.2276377 -0.2338953 -0.2413238 -0.2501495 -0.2606335 -0.2730586 -0.2866282 -0.2726437 -0.2726437 -9999.000 -9999.000 -9999.000 -9999.000 -9999.000 -9999.000 -9999.000 -9999.000 -9999.000 -9999.000 -9999.000 -9999.000 -9999.000 -9999.000 -9999.000 -9999.000 -9999.000 -9999.000 -9999.000 -9999.000 -9999.000 -9999.000 -9999.000 -9999.000 -9999.000 -9999.000 -9999.000 -9999.000
-9999.000 -9999.000 -9999.000 -9999.000 -9999.000 -9999.000 -9999.000 -9999.000 -9999.000 -9999.000 -9999.000 -9999.000 -9999.000 -9999.000 -9999.000 -0.2055698 -0.1948462 -0.1968216 -0.2003972 -0.2046831 -0.2096594 -0.2154740 -0.2223295 -0.2304566 -0.2401111 -0.2515812 -0.2651992 -0.2813258 -0.2990178 -0.2846763 -0.2846763 -9999.000 -9999.000 -9999.000 -9999.000 -9999.000 -9999.000 -9999.000 -9999.000 -9999.000 -9999.000 -9999.000 -9999.000 -9999.000 -9999.000 -9999.000 -9999.000 -9999.000 -9999.000 -9999.000 -9999.000 -9999.000 -9999.000 -9999.000 -9999.000 -9999.000 -9999.000 -9999.000 -9999.000
-9999.000 -9999.000 -9999.000 -9999.000 -9999.000 -9999.000 -9999.000 -9999.000 -9999.000 -9999.000 -9999.000 -9999.000 -9999.000 -9999.000 -9999.000 -0.1941311 -0.1823538 -0.1848561 -0.1892518 -0.1945385 -0.2007096 -0.2079549 -0.2165313 -0.2267316 -0.2388833 -0.2533588 -0.2705916 -0.2910620 -0.3137325 -0.3001013 -0.3001013 -9999.000 -9999.000 -9999.000 -9999.000 -9999.000 -9999.000 -9999.000 -9999.000 -9999.000 -9999.000 -9999.000 -9999.000 -9999.000 -9999.000 -9999.000 -9999.000 -9999.000 -9999.000 -9999.000 -9999.000 -9999.000 -9999.000 -9999.000 -9999.000 -9999.000 -9999.000 -9999.000 -9999.000
-9999.000 -9999.000 -9999.000 -9999.000 -9999.000 -9999.000 -9999.000 -9999.000 -9999.000 -9999.000 -9999.000 -9999.000 -9999.000 -9999.000 -9999.000 -0.1811231 -0.1687716 -0.1718823 -0.1771448 -0.1834820 -0.1909144 -0.1996853 -0.2101195 -0.2225896 -0.2375175 -0.2553915 -0.2767913 -0.3023809 -0.3311278 -0.3196545 -0.3196545 -9999.000 -9999.000 -9999.000 -9999.000 -9999.000 -9999.000 -9999.000 -9999.000 -9999.000 -9999.000 -9999.000 -9999.000 -9999.000 -9999.000 -9999.000 -9999.000 -9999.000 -9999.000 -9999.000 -9999.000 -9999.000 -9999.000 -9999.000 -9999.000 -9999.000 -9999.000 -9999.000 -9999.000
-9999.000 -9999.000 -9999.000 -9999.000 -9999.000 -9999.000 -9999.000 -9999.000 -9999.000 -9999.000 -9999.000 -9999.000 -9999.000 -9999.000 -9999.000 -0.1663113 -0.1540180 -0.1578301 -0.1639935 -0.1714114 -0.1801488 -0.1905183 -0.2029292 -0.2178562 -0.2358465 -0.2575497 -0.2837577 -0.3154205 -0.3516821 -0.3444247 -0.3444247 -9999.000 -9999.000 -9999.000 -9999.000 -9999.000 -9999.000 -9999.000 -9999.000 -9999.000 -9999.000 -9999.000 -9999.000 -9999.000 -9999.000 -9999.000 -9999.000 -9999.000 -9999.000 -9999.000 -9999.000 -9999.000 -9999.000 -9999.000 -9999.000 -9999.000 -9999.000 -9999.000 -9999.000
-9999.000 -9999.000 -9999.000 -9999.000 -9999.000 -9999.000 -9999.000 -9999.000 -9999.000 -9999.000 -9999.000 -9999.000 -9999.000 -9999.000 -9999.000 -0.1494214 -0.1379745 -0.1425921 -0.1496760 -0.1581820 -0.1682419 -0.1802547 -0.1947357 -0.2122896 -0.2336307 -0.2596317 -0.2913958 -0.3303204 -0.3760277 -0.3760780 -0.3760780 -9999.000 -9999.000 -9999.000 -9999.000 -9999.000 -9999.000 -9999.000 -9999.000 -9999.000 -9999.000 -9999.000 -9999.000 -9999.000 -9999.000 -9999.000 -9999.000 -9999.000 -9999.000 -9999.000 -9999.000 -9999.000 -9999.000 -9999.000 -9999.000 -9999.000 -9999.000 -9999.000 -9999.000
-9999.000 -9999.000 -9999.000 -9999.000 -9999.000 -9999.000 -9999.000 -9999.000 -9999.000 -9999.000 -9999.000 -9999.000 -9999.000 -9999.000 -9999.000 -0.1301440 -0.1204792 -0.1260132 -0.1340189 -0.1435919 -0.1549570 -0.1686197 -0.1852258 -0.2055445 -0.2305102 -0.2613054 -0.2994906 -0.3471702 -0.4049787 -0.4172974 -0.4172974 -9999.000 -9999.000 -9999.000 -9999.000 -9999.000 -9999.000 -9999.000 -9999.000 -9999.000 -9999.000 -9999.000 -9999.000 -9999.000 -9999.000 -9999.000 -9999.000 -9999.000 -9999.000 -9999.000 -9999.000 -9999.000 -9999.000 -9999.000 -9999.000 -9999.000 -9999.000 -9999.000 -9999.000
-9999.000 -9999.000 -9999.000 -9999.000 -9999.000 -9999.000 -9999.000 -9999.000 -9999.000 -9999.000 -9999.000 -9999.000 -9999.000 -9999.000 -9999.000 -0.1081357 -0.1013108 -0.1078701 -0.1167743 -0.1273566 -0.1399622 -0.1552256 -0.1739499 -0.1971089 -0.2259223 -0.2619993 -0.3075719 -0.3658724 -0.4395209 -0.4727412 -0.4727412 -9999.000 -9999.000 -9999.000 -9999.000 -9999.000 -9999.000 -9999.000 -9999.000 -9999.000 -9999.000 -9999.000 -9999.000 -9999.000 -9999.000 -9999.000 -9999.000 -9999.000 -9999.000 -9999.000 -9999.000 -9999.000 -9999.000 -9999.000 -9999.000 -9999.000 -9999.000 -9999.000 -9999.000
-9999.000 -9999.000 -9999.000 -9999.000 -9999.000 -9999.000 -9999.000 -9999.000 -9999.000 -9999.000 -9999.000 -9999.000 -9999.000 -9999.000 -9999.000 -0.8293969E-01 -0.8012550E-01 -0.8781535E-01 -0.9757300E-01 -0.1090669 -0.1227884 -0.1395213 -0.1602530 -0.1862026 -0.2189505 -0.2606792 -0.3145970 -0.3857476 -0.4805627 -0.5514525 -0.5514525 -9999.000 -9999.000 -9999.000 -9999.000 -9999.000 -9999.000 -9999.000 -9999.000 -9999.000 -9999.000 -9999.000 -9999.000 -9999.000 -9999.000 -9999.000 -9999.000 -9999.000 -9999.000 -9999.000 -9999.000 -9999.000 -9999.000 -9999.000 -9999.000 -9999.000 -9999.000 -9999.000 -9999.000
-9999.000 -9999.000 -9999.000 -9999.000 -9999.000 -9999.000 -9999.000 -9999.000 -9999.000 -9999.000 -9999.000 -9999.000 -9999.000 -9999.000 -9999.000 -0.4857718E-01 -0.5456624E-01 -0.6465892E-01 -0.7596079E-01 -0.8870073E-01 -0.1036150 -0.1217033 -0.1441922 -0.1726085 -0.2089893 -0.2562778 -0.3190767 -0.4053012 -0.5285324 -0.6737200 -0.6737200 -9999.000 -9999.000 -9999.000 -9999.000 -9999.000 -9999.000 -9999.000 -9999.000 -9999.000 -9999.000 -9999.000 -9999.000 -9999.000 -9999.000 -9999.000 -9999.000 -9999.000 -9999.000 -9999.000 -9999.000 -9999.000 -9999.000 -9999.000 -9999.000 -9999.000 -9999.000 -9999.000 -9999.000
-0.2497487E-02 -0.2497487E-02 -0.3481348E-02 -0.4069929E-02 -0.4129054E-02 -0.4129054E-02 -0.4138612E-02 -0.4116117E-02 -0.4116117E-02 -0.1203136E-01 -0.1203136E-01 -0.9535774E-02 -0.1133469E-01 -0.1557913E-01 -0.2426709E-01 -0.2426709E-01 -0.6228879E-01 -0.7892901E-01 -0.9482295E-01 -0.1103969 -0.1262827 -0.1434707 -0.1633957 -0.1880337 -0.2200674 -0.2632010 -0.3228436 -0.4078423 -0.5337989 -0.7635477 -0.7635477 -0.5246949 -0.3483453 -0.1013760 -0.3386860E-01 -0.3386860E-01 0.2597135E-01 0.2597135E-01 0.3631023E-01 0.3631023E-01 0.3806035E-02 -0.7595140E-02 -0.7595140E-02 0.5439503E-02 0.5439503E-02 0.1016116E-01 0.1016116E-01 0.1016116E-01 0.8404366E-02 0.8404366E-02 0.6322444E-02 0.6322444E-02 0.5856548E-02 0.5856548E-02 0.3605843E-02 0.3605843E-02 0.2245389E-02 0.2245389E-02 0.2245389E-02
-0.3763053E-02 -0.3763053E-02 -0.5108066E-02 -0.5824739E-02 -0.5871178E-02 -0.5871178E-02 -0.5859264E-02 -0.5806499E-02 -0.5806499E-02 -0.1907441E-01 -0.1907441E-01 -0.1711083E-01 -0.2147257E-01 -0.3003579E-01 -0.4538208E-01 -0.4538208E-01 -0.9951384E-01 -0.1245224 -0.1483808 -0.1707907 -0.1916221 -0.2111540 -0.2302493 -0.2504946 -0.2743149 -0.3050803 -0.3472364 -0.4065069 -0.4889598 -0.6046744 -0.6046744 -0.4184086 -0.2757978 -0.7961708E-01 -0.1710398E-01 -0.1710398E-01 0.5993297E-01 0.5993297E-01 0.9228081E-01 0.9228081E-01 0.5127872E-01 -0.2945039E-02 -0.2945039E-02 0.1482503E-01 0.1482503E-01 0.2218374E-01 0.2218374E-01 0.2218374E-01 0.1811455E-01 0.1811455E-01 0.1373076E-01 0.1373076E-01 0.9182233E-02 0.9182233E-02 0.7497258E-02 0.7497258E-02 0.5206263E-02 0.5206263E-02 0.5206263E-02
-0.2979529E-02 -0.2979529E-02 -0.4205436E-02 -0.4953081E-02 -0.5002871E-02 -0.5002871E-02 -0.4984456E-02 -0.4918371E-02 -0.4918371E-02 -0.1861597E-01 -0.1861597E-01 -0.2142413E-01 -0.2815598E-01 -0.3957215E-01 -0.5743736E-01 -0.5743736E-01 -0.1144423 -0.1450590 -0.1759911 -0.2063794 -0.2354891 -0.2628610 -0.2884565 -0.3127940 -0.3370772 -0.3633040 -0.3942966 -0.4335016 -0.4835163 -0.5428265 -0.5428265 -0.4306990 -0.3244548 -0.1484380 -0.7539399E-01 -0.7539399E-01 0.5131583E-01 0.5131583E-01 0.1409661 0.1409661 0.1364783 0.3985348E-01 0.3985348E-01 0.3004954E-01 0.3004954E-01 0.3205602E-01 0.3205602E-01 0.3205602E-01 0.2683336E-01 0.2683336E-01 0.2029420E-01 0.2029420E-01 0.1113901E-01 0.1113901E-01 0.9589682E-02 0.9589682E-02 0.6775165E-02 0.6775165E-02 0.6775165E-02
-0.2276838E-02 -0.2276838E-02 -0.3314221E-02 -0.4006370E-02 -0.4050546E-02 -0.4050546E-02 -0.4025083E-02 -0.3944885E-02 -0.3944885E-02 -0.1789028E-01 -0.1789028E-01 -0.2386065E-01 -0.3203534E-01 -0.4490755E-01 -0.6377879E-01 -0.6377879E-01 -0.1220254 -0.1558429 -0.1911981 -0.2270362 -0.2624047 -0.2965159 -0.3288288 -0.3591440 -0.3876957 -0.4152176 -0.4429098 -0.4721247 -0.5031691 -0.5320736 -0.5320736 -0.4580130 -0.3747324 -0.2108985 -0.1292536 -0.1292536 0.3273723E-01 0.3273723E-01 0.1618615 0.1618615 0.1883565 0.1125765 0.1125765 0.5590001E-01 0.5590001E-01 0.3878572E-01 0.3878572E-01 0.3878572E-01 0.3150153E-01 0.3150153E-01 0.2286994E-01 0.2286994E-01 0.1225099E-01 0.1225099E-01 0.8004095E-02 0.8004095E-02 0.4671492E-02 0.4671492E-02 0.4671492E-02
-0.1645338E-02 -0.1645338E-02 -0.2453554E-02 -0.3030743E-02 -0.3067777E-02 -0.3067777E-02 -0.3042447E-02 -0.2964990E-02 -0.2964990E-02 -0.1711203E-01 -0.1711203E-01 -0.2501598E-01 -0.3403533E-01 -0.4765625E-01 -0.6701659E-01 -0.6701659E-01 -0.1271573 -0.1635583 -0.2021970 -0.2419045 -0.2816731 -0.3206388 -0.3580875 -0.3934838 -0.4265122 -0.4570966 -0.4853018 -0.5108952 -0.5325052 -0.5455409 -0.5455409 -0.4917189 -0.4212353 -0.2576862 -0.1659904 -0.1659904 0.1891192E-01 0.1891192E-01 0.1627442 0.1627442 0.2041265 0.1777799 0.1777799 0.9558276E-01 0.9558276E-01 0.4761357E-01 0.4761357E-01 0.4761357E-01 0.3394033E-01 0.3394033E-01 0.2228475E-01 0.2228475E-01 0.1033978E-01 0.1033978E-01 0.3895032E-02 0.3895032E-02 0.2322458E-03 0.2322458E-03 0.2322458E-03
-0.1067315E-02 -0.1067315E-02 -0.1619451E-02 -0.2033074E-02 -0.2060088E-02 -0.2060088E-02 -0.2040348E-02 -0.1980577E-02 -0.1980577E-02 -0.1604297E-01 -0.1604297E-01 -0.2502186E-01 -0.3443087E-01 -0.4831482E-01 -0.6787100E-01 -0.6787100E-01 -0.1312123 -0.1704766 -0.2123296 -0.2554425 -0.2987457 -0.3413672 -0.3825806 -0.4217674 -0.4583974 -0.4919935 -0.5219485 -0.5468093 -0.5638384 -0.5679104 -0.5679104 -0.5238175 -0.4574828 -0.2813326 -0.1796771 -0.1796771 0.1242142E-01 0.1242142E-01 0.1517706 0.1517706 0.1964347 0.2108432 0.2108432 0.1395545 0.1395545 0.6072881E-01 0.6072881E-01 0.6072881E-01 0.3669312E-01 0.3669312E-01 0.2025959E-01 0.2025959E-01 0.6517773E-02 0.6517773E-02 -0.1608381E-02 -0.1608381E-02 -0.5415505E-02 -0.5415505E-02 -0.5415505E-02
-0.5247735E-03 -0.5247735E-03 -0.8046502E-03 -0.1020297E-02 -0.1034696E-02 -0.1034696E-02 -0.1023912E-02 -0.9928126E-03 -0.9928126E-03 -0.1453248E-01 -0.1453248E-01 -0.2398944E-01 -0.3342169E-01 -0.4716765E-01 -0.6663240E-01 -0.6663240E-01 -0.1347901 -0.1775665 -0.2230680 -0.2697694 -0.3164886 -0.3623199 -0.4065557 -0.4486082 -0.4879363 -0.5239572 -0.5557379 -0.5806119 -0.5943952 -0.5915125 -0.5915125 -0.5473824 -0.4761345 -0.2787668 -0.1725747 -0.1725747 0.9246054E-02 0.9246054E-02 0.1338269 0.1338269 0.1763199 0.2127973 0.2127973 0.1717852 0.1717852 0.7790833E-01 0.7790833E-01 0.7790833E-01 0.4162749E-01 0.4162749E-01 0.1849568E-01 0.1849568E-01 0.2018244E-02 0.2018244E-02 -0.7580336E-02 -0.7580336E-02 -0.1139364E-01 -0.1139364E-01 -0.1139364E-01
0.8495883E-07 0.8495883E-07 0.4325818E-07 0.9128618E-07 0.1402799E-07 0.1402799E-07 0.2273998E-07 -0.3231338E-05 -0.3231338E-05 -0.1249571E-01 -0.1249571E-01 -0.2204218E-01 -0.3120240E-01 -0.4445818E-01 -0.6349623E-01 -0.6349623E-01 -0.1385115 -0.1856186 -0.2354062 -0.2861737 -0.3365954 -0.3856832 -0.4327205 -0.4771715 -0.5185794 -0.5564404 -0.5897161 -0.6139335 -0.6228067 -0.6102111 -0.6102111 -0.5562842 -0.4706937 -0.2552178 -0.1538797 -0.1538797 0.5357366E-02 0.5357366E-02 0.1123596 0.1123596 0.1507585 0.1955583 0.1955583 0.1832292 0.1832292 0.9517751E-01 0.9517751E-01 0.9517751E-01 0.4885188E-01 0.4885188E-01 0.1820753E-01 0.1820753E-01 -0.1929452E-02 -0.1929452E-02 -0.1310153E-01 -0.1310153E-01 -0.1686586E-01 -0.1686586E-01 -0.1686586E-01
0.5249595E-03 0.5249595E-03 0.8047695E-03 0.1020423E-02 0.1034728E-02 0.1034728E-02 0.1024006E-02 0.9865171E-03 0.9865171E-03 -0.9884548E-02 -0.9884548E-02 -0.1931402E-01 -0.2797095E-01 -0.4043689E-01 -0.5869750E-01 -0.5869750E-01 -0.1433040 -0.1956563 -0.2504297 -0.3058442 -0.3604340 -0.4130835 -0.4630154 -0.5097240 -0.5528660 -0.5921189 -0.6264215 -0.6478590 -0.6468689 -0.6183608 -0.6183608 -0.5440367 -0.4393313 -0.2223751 -0.1331467 -0.1331467 -0.7711827E-04 -0.7711827E-04 0.9023137E-01 0.9023137E-01 0.1239419 0.1692933 0.1692933 0.1755578 0.1755578 0.1070051 0.1070051 0.1070051 0.5650193E-01 0.5650193E-01 0.1964111E-01 0.1964111E-01 -0.4393326E-02 -0.4393326E-02 -0.1724928E-01 -0.1724928E-01 -0.2098353E-01 -0.2098353E-01 -0.2098353E-01
0.1067376E-02 0.1067376E-02 0.1619583E-02 0.2033126E-02 0.2060192E-02 0.2060192E-02 0.2040445E-02 0.1974538E-02 0.1974538E-02 -0.6668093E-02 -0.6668093E-02 -0.1594361E-01 -0.2392537E-01 -0.3537797E-01 -0.5266391E-01 -0.5266391E-01 -0.1504166 -0.2090304 -0.2696948 -0.3304296 -0.3896697 -0.4462097 -0.4992092 -0.5481704 -0.5928537 -0.6331370 -0.6677132 -0.6818052 -0.6620555 -0.6091738 -0.6091738 -0.5077199 -0.3900297 -0.1902825 -0.1143689 -0.1143689 -0.5405614E-02 -0.5405614E-02 0.6955555E-01 0.6955555E-01 0.9826184E-01 0.1399642 0.1399642 0.1553505 0.1553505 0.1095073 0.1095073 0.1095073 0.6167118E-01 0.6167118E-01 0.2198396E-01 0.2198396E-01 -0.4967079E-02 -0.4967079E-02 -0.1924693E-01 -0.1924693E-01 -0.2297346E-01 -0.2297346E-01 -0.2297346E-01
0.1645426E-02 0.1645426E-02 0.2453641E-02 0.3030851E-02 0.3067851E-02 0.3067851E-02 0.3042554E-02 0.2959473E-02 0.2959473E-02 -0.2818829E-02 -0.2818829E-02 -0.1206958E-01 -0.1925359E-01 -0.2956788E-01 -0.4621777E-01 -0.4621777E-01 -0.1615264 -0.2281695 -0.2959646 -0.3626977 -0.4268662 -0.4873568 -0.5433804 -0.5944773 -0.6404839 -0.6814153 -0.7147554 -0.7119742 -0.6623703 -0.5787480 -0.5787480 -0.4533763 -0.3348922 -0.1614183 -0.9890719E-01 -0.9890719E-01 -0.8942788E-02 -0.8942788E-02 0.5141779E-01 0.5141779E-01 0.7482383E-01 0.1105416 0.1105416 0.1286013 0.1286013 0.1019109 0.1019109 0.1019109 0.6183406E-01 0.6183406E-01 0.2376721E-01 0.2376721E-01 -0.3821038E-02 -0.3821038E-02 -0.1863238E-01 -0.1863238E-01 -0.2226084E-01 -0.2226084E-01 -0.2226084E-01
