cruce_test.gid/Rasters/Hydraulic/Velocity__y_34.0.asc
NCOLS        79
NROWS        79
XLLCENTER         -1.500000
YLLCENTER         -4.800000
CELLSIZE           0.100
NODATA_VALUE     -9999.0
[rows 0 to 25 of 79, columns 0 to 58 of 79]
-9999.000 -9999.000 -9999.000 -9999.000 -9999.000 -9999.000 -9999.000 -9999.000 -9999.000 -9999.000 -9999.000 -9999.000 -9999.000 -9999.000 -9999.000 -0.3354491 -0.3349470 -0.3352834 -0.3358625 -0.3365671 -0.3373657 -0.3382389 -0.3391689 -0.3401379 -0.3411296 -0.3421320 -0.3431416 -0.3441657 -0.3451256 -0.3414502 -0.3414502 -9999.000 -9999.000 -9999.000 -9999.000 -9999.000 -9999.000 -9999.000 -9999.000 -9999.000 -9999.000 -9999.000 -9999.000 -9999.000 -9999.000 -9999.000 -9999.000 -9999.000 -9999.000 -9999.000 -9999.000 -9999.000 -9999.000 -9999.000 -9999.000 -9999.000 -9999.000 -9999.000 -9999.000
-9999.000 -9999.000 -9999.000 -9999.000 -9999.000 -9999.000 -9999.000 -9999.000 -9999.000 -9999.000 -9999.000 -9999.000 -9999.000 -9999.000 -9999.000 -0.3290252 -0.3272554 -0.3277766 -0.3287166 -0.3298368 -0.3310849 -0.3324381 -0.3338796 -0.3353956 -0.3369767 -0.3386226 -0.3403471 -0.3421789 -0.3439508 -0.3369612 -0.3369612 -9999.000 -9999.000 -9999.000 -9999.000 -9999.000 -9999.000 -9999.000 -9999.000 -9999.000 -9999.000 -9999.000 -9999.000 -9999.000 -9999.000 -9999.000 -9999.000 -9999.000 -9999.000 -9999.000 -9999.000 -9999.000 -9999.000 -9999.000 -9999.000 -9999.000 -9999.000 -9999.000 -9999.000
-9999.000 -9999.000 -9999.000 -9999.000 -9999.000 -9999.000 -9999.000 -9999.000 -9999.000 -9999.000 -9999.000 -9999.000 -9999.000 -9999.000 -9999.000 -0.3205659 -0.3170840 -0.3179177 -0.3194715 -0.3213309 -0.3234029 -0.3256515 -0.3280534 -0.3305924 -0.3332580 -0.3360485 -0.3389716 -0.3420334 -0.3448641 -0.3339588 -0.3339588 -9999.000 -9999.000 -9999.000 -9999.000 -9999.000 -9999.000 -9999.000 -9999.000 -9999.000 -9999.000 -9999.000 -9999.000 -9999.000 -9999.000 -9999.000 -9999.000 -9999.000 -9999.000 -9999.000 -9999.000 -9999.000 -9999.000 -9999.000 -9999.000 -9999.000 -9999.000 -9999.000 -9999.000
-9999.000 -9999.000 -9999.000 -9999.000 -9999.000 -9999.000 -9999.000 -9999.000 -9999.000 -9999.000 -9999.000 -9999.000 -9999.000 -9999.000 -9999.000 -0.3109980 -0.3054864 -0.3067337 -0.3090819 -0.3119083 -0.3150717 -0.3185155 -0.3222050 -0.3261143 -0.3302236 -0.3345201 -0.3389949 -0.3436209 -0.3477951 -0.3330791 -0.3330791 -9999.000 -9999.000 -9999.000 -9999.000 -9999.000 -9999.000 -9999.000 -9999.000 -9999.000 -9999.000 -9999.000 -9999.000 -9999.000 -9999.000 -9999.000 -9999.000 -9999.000 -9999.000 -9999.000 -9999.000 -9999.000 -9999.000 -9999.000 -9999.000 -9999.000 -9999.000 -9999.000 -9999.000
-9999.000 -9999.000 -9999.000 -9999.000 -9999.000 -9999.000 -9999.000 -9999.000 -9999.000 -9999.000 -9999.000 -9999.000 -9999.000 -9999.000 -9999.000 -0.3002779 -0.2925025 -0.2942584 -0.2975680 -0.3015717 -0.3060725 -0.3109911 -0.3162769 -0.3218905 -0.3277986 -0.3339717 -0.3403789 -0.3469532 -0.3528239 -0.3345173 -0.3345173 -9999.000 -9999.000 -9999.000 -9999.000 -9999.000 -9999.000 -9999.000 -9999.000 -9999.000 -9999.000 -9999.000 -9999.000 -9999.000 -9999.000 -9999.000 -9999.000 -9999.000 -9999.000 -9999.000 -9999.000 -9999.000 -9999.000 -9999.000 -9999.000 -9999.000 -9999.000 -9999.000 -9999.000
-9999.000 -9999.000 -9999.000 -9999.000 -9999.000 -9999.000 -9999.000 -9999.000 -9999.000 -9999.000 -9999.000 -9999.000 -9999.000 -9999.000 -9999.000 -0.2882887 -0.2781402 -0.2804978 -0.2849220 -0.2902955 -0.2963628 -0.3030199 -0.3102001 -0.3178494 -0.3259197 -0.3343641 -0.3431269 -0.3520981 -0.3601051 -0.3385544 -0.3385544 -9999.000 -9999.000 -9999.000 -9999.000 -9999.000 -9999.000 -9999.000 -9999.000 -9999.000 -9999.000 -9999.000 -9999.000 -9999.000 -9999.000 -9999.000 -9999.000 -9999.000 -9999.000 -9999.000 -9999.000 -9999.000 -9999.000 -9999.000 -9999.000 -9999.000 -9999.000 -9999.000 -9999.000
-9999.000 -9999.000 -9999.000 -9999.000 -9999.000 -9999.000 -9999.000 -9999.000 -9999.000 -9999.000 -9999.000 -9999.000 -9999.000 -9999.000 -9999.000 -0.2748343 -0.2623780 -0.2654352 -0.2711142 -0.2780334 -0.2858792 -0.2945257 -0.3038919 -0.3139119 -0.3245257 -0.3356717 -0.3472730 -0.3591753 -0.3698761 -0.3455820 -0.3455820 -9999.000 -9999.000 -9999.000 -9999.000 -9999.000 -9999.000 -9999.000 -9999.000 -9999.000 -9999.000 -9999.000 -9999.000 -9999.000 -9999.000 -9999.000 -9999.000 -9999.000 -9999.000 -9999.000 -9999.000 -9999.000 -9999.000 -9999.000 -9999.000 -9999.000 -9999.000 -9999.000 -9999.000
-9999.000 -9999.000 -9999.000 -9999.000 -9999.000 -9999.000 -9999.000 -9999.000 -9999.000 -9999.000 -9999.000 -9999.000 -9999.000 -9999.000 -9999.000 -0.2596316 -0.2451644 -0.2490314 -0.2560925 -0.2647159 -0.2745366 -0.2854115 -0.2972508 -0.3099838 -0.3235469 -0.3378730 -0.3528736 -0.3683582 -0.3824760 -0.3561411 -0.3561411 -9999.000 -9999.000 -9999.000 -9999.000 -9999.000 -9999.000 -9999.000 -9999.000 -9999.000 -9999.000 -9999.000 -9999.000 -9999.000 -9999.000 -9999.000 -9999.000 -9999.000 -9999.000 -9999.000 -9999.000 -9999.000 -9999.000 -9999.000 -9999.000 -9999.000 -9999.000 -9999.000 -9999.000
-9999.000 -9999.000 -9999.000 -9999.000 -9999.000 -9999.000 -9999.000 -9999.000 -9999.000 -9999.000 -9999.000 -9999.000 -9999.000 -9999.000 -9999.000 -0.2423103 -0.2264166 -0.2312253 -0.2397816 -0.2502483 -0.2622226 -0.2755520 -0.2901475 -0.3059449 -0.3228925 -0.3409373 -0.3600005 -0.3798773 -0.3983703 -0.3709875 -0.3709875 -9999.000 -9999.000 -9999.000 -9999.000 -9999.000 -9999.000 -9999.000 -9999.000 -9999.000 -9999.000 -9999.000 -9999.000 -9999.000 -9999.000 -9999.000 -9999.000 -9999.000 -9999.000 -9999.000 -9999.000 -9999.000 -9999.000 -9999.000 -9999.000 -9999.000 -9999.000 -9999.000 -9999.000
-9999.000 -9999.000 -9999.000 -9999.000 -9999.000 -9999.000 -9999.000 -9999.000 -9999.000 -9999.000 -9999.000 -9999.000 -9999.000 -9999.000 -9999.000 -0.2224222 -0.2060215 -0.2119322 -0.2220815 -0.2345067 -0.2487901 -0.2647832 -0.2824102 -0.3016314 -0.3224315 -0.3448048 -0.3687247 -0.3940217 -0.4181935 -0.3912083 -0.3912083 -9999.000 -9999.000 -9999.000 -9999.000 -9999.000 -9999.000 -9999.000 -9999.000 -9999.000 -9999.000 -9999.000 -9999.000 -9999.000 -9999.000 -9999.000 -9999.000 -9999.000 -9999.000 -9999.000 -9999.000 -9999.000 -9999.000 -9999.000 -9999.000 -9999.000 -9999.000 -9999.000 -9999.000
-9999.000 -9999.000 -9999.000 -9999.000 -9999.000 -9999.000 -9999.000 -9999.000 -9999.000 -9999.000 -9999.000 -9999.000 -9999.000 -9999.000 -9999.000 -0.1994629 -0.1838351 -0.1910427 -0.2028635 -0.2173319 -0.2340490 -0.2528881 -0.2738051 -0.2968094 -0.3219594 -0.3493513 -0.3790873 -0.4111353 -0.4428121 -0.4184387 -0.4184387 -9999.000 -9999.000 -9999.000 -9999.000 -9999.000 -9999.000 -9999.000 -9999.000 -9999.000 -9999.000 -9999.000 -9999.000 -9999.000 -9999.000 -9999.000 -9999.000 -9999.000 -9999.000 -9999.000 -9999.000 -9999.000 -9999.000 -9999.000 -9999.000 -9999.000 -9999.000 -9999.000 -9999.000
-9999.000 -9999.000 -9999.000 -9999.000 -9999.000 -9999.000 -9999.000 -9999.000 -9999.000 -9999.000 -9999.000 -9999.000 -9999.000 -9999.000 -9999.000 -0.1729067 -0.1596804 -0.1684130 -0.1819614 -0.1985199 -0.2177523 -0.2395778 -0.2640074 -0.2911346 -0.3211458 -0.3543242 -0.3910348 -0.4315860 -0.4734191 -0.4553046 -0.4553046 -9999.000 -9999.000 -9999.000 -9999.000 -9999.000 -9999.000 -9999.000 -9999.000 -9999.000 -9999.000 -9999.000 -9999.000 -9999.000 -9999.000 -9999.000 -9999.000 -9999.000 -9999.000 -9999.000 -9999.000 -9999.000 -9999.000 -9999.000 -9999.000 -9999.000 -9999.000 -9999.000 -9999.000
-9999.000 -9999.000 -9999.000 -9999.000 -9999.000 -9999.000 -9999.000 -9999.000 -9999.000 -9999.000 -9999.000 -9999.000 -9999.000 -9999.000 -9999.000 -0.1422511 -0.1333387 -0.1438454 -0.1591507 -0.1778014 -0.1995744 -0.2244622 -0.2525604 -0.2840908 -0.3194430 -0.3592186 -0.4042731 -0.4556550 -0.5116526 -0.5064213 -0.5064213 -9999.000 -9999.000 -9999.000 -9999.000 -9999.000 -9999.000 -9999.000 -9999.000 -9999.000 -9999.000 -9999.000 -9999.000 -9999.000 -9999.000 -9999.000 -9999.000 -9999.000 -9999.000 -9999.000 -9999.000 -9999.000 -9999.000 -9999.000 -9999.000 -9999.000 -9999.000 -9999.000 -9999.000
-9999.000 -9999.000 -9999.000 -9999.000 -9999.000 -9999.000 -9999.000 -9999.000 -9999.000 -9999.000 -9999.000 -9999.000 -9999.000 -9999.000 -9999.000 -0.1070121 -0.1045136 -0.1170489 -0.1341159 -0.1548141 -0.1790829 -0.2070131 -0.2388151 -0.2748897 -0.3159248 -0.3630243 -0.4179079 -0.4831439 -0.5596135 -0.5810681 -0.5810681 -9999.000 -9999.000 -9999.000 -9999.000 -9999.000 -9999.000 -9999.000 -9999.000 -9999.000 -9999.000 -9999.000 -9999.000 -9999.000 -9999.000 -9999.000 -9999.000 -9999.000 -9999.000 -9999.000 -9999.000 -9999.000 -9999.000 -9999.000 -9999.000 -9999.000 -9999.000 -9999.000 -9999.000
-9999.000 -9999.000 -9999.000 -9999.000 -9999.000 -9999.000 -9999.000 -9999.000 -9999.000 -9999.000 -9999.000 -9999.000 -9999.000 -9999.000 -9999.000 -0.6310790E-01 -0.7190188E-01 -0.8753797E-01 -0.1068095 -0.1296802 -0.1563724 -0.1871493 -0.2223988 -0.2627731 -0.3093716 -0.3640329 -0.4298898 -0.5124664 -0.6194659 -0.7019861 -0.7019861 -9999.000 -9999.000 -9999.000 -9999.000 -9999.000 -9999.000 -9999.000 -9999.000 -9999.000 -9999.000 -9999.000 -9999.000 -9999.000 -9999.000 -9999.000 -9999.000 -9999.000 -9999.000 -9999.000 -9999.000 -9999.000 -9999.000 -9999.000 -9999.000 -9999.000 -9999.000 -9999.000 -9999.000
-0.3335722E-02 -0.3335722E-02 -0.3565441E-02 -0.3813553E-02 -0.3967711E-02 -0.3967711E-02 -0.4192004E-02 -0.4999314E-02 -0.4999314E-02 -0.6727522E-02 -0.6727522E-02 -0.1073898E-01 -0.1473781E-01 -0.2142844E-01 -0.3265089E-01 -0.3265089E-01 -0.7693021E-01 -0.9572957E-01 -0.1152776 -0.1367041 -0.1609683 -0.1890355 -0.2219451 -0.2608988 -0.3074435 -0.3638530 -0.4339438 -0.5249759 -0.6509498 -0.8618323 -0.8618323 -0.7149037 -0.5850271 -0.2866893 -0.1568933 -0.1568933 0.9226807E-02 0.9226807E-02 0.6618917E-01 0.6618917E-01 0.1488863E-01 -0.6939243E-02 -0.6939243E-02 0.1009632E-01 0.1009632E-01 0.1570386E-01 0.1570386E-01 0.1570386E-01 0.1278409E-01 0.1278409E-01 0.1018385E-01 0.1018385E-01 0.9268688E-02 0.9268688E-02 0.6439487E-02 0.6439487E-02 0.5113448E-02 0.5113448E-02 0.5113448E-02
-0.5349774E-02 -0.5349774E-02 -0.5442686E-02 -0.5891746E-02 -0.6303262E-02 -0.6303262E-02 -0.6907382E-02 -0.9022814E-02 -0.9022814E-02 -0.1334918E-01 -0.1334918E-01 -0.2251126E-01 -0.3070991E-01 -0.4318328E-01 -0.6216580E-01 -0.6216580E-01 -0.1191659 -0.1423648 -0.1640245 -0.1849979 -0.2063022 -0.2292623 -0.2554887 -0.2868064 -0.3252184 -0.3729697 -0.4327720 -0.5082110 -0.6026858 -0.7174150 -0.7174150 -0.5420528 -0.4020483 -0.1801547 -0.9295886E-01 -0.9295886E-01 0.4630931E-01 0.4630931E-01 0.1354523 0.1354523 0.8410086E-01 0.2826564E-02 0.2826564E-02 0.2320259E-01 0.2320259E-01 0.3197180E-01 0.3197180E-01 0.3197180E-01 0.2612709E-01 0.2612709E-01 0.2084609E-01 0.2084609E-01 0.1536273E-01 0.1536273E-01 0.1231915E-01 0.1231915E-01 0.1030804E-01 0.1030804E-01 0.1030804E-01
-0.4920059E-02 -0.4920059E-02 -0.5155137E-02 -0.6014345E-02 -0.6763456E-02 -0.6763456E-02 -0.7839159E-02 -0.1150650E-01 -0.1150650E-01 -0.1871086E-01 -0.1871086E-01 -0.3279733E-01 -0.4422501E-01 -0.6001969E-01 -0.8154795E-01 -0.8154795E-01 -0.1412314 -0.1699925 -0.1975831 -0.2238688 -0.2490260 -0.2736776 -0.2989433 -0.3264125 -0.3580553 -0.3960879 -0.4428032 -0.5002803 -0.5685824 -0.6389323 -0.6389323 -0.5296482 -0.4244880 -0.2363710 -0.1516946 -0.1516946 0.1080503E-01 0.1080503E-01 0.1530172 0.1530172 0.1695852 0.5930407E-01 0.5930407E-01 0.4336062E-01 0.4336062E-01 0.4329215E-01 0.4329215E-01 0.4329215E-01 0.3754586E-01 0.3754586E-01 0.3022939E-01 0.3022939E-01 0.2014205E-01 0.2014205E-01 0.1618155E-01 0.1618155E-01 0.1334809E-01 0.1334809E-01 0.1334809E-01
-0.4462121E-02 -0.4462121E-02 -0.4794816E-02 -0.5980402E-02 -0.7002207E-02 -0.7002207E-02 -0.8455736E-02 -0.1332785E-01 -0.1332785E-01 -0.2261143E-01 -0.2261143E-01 -0.3988177E-01 -0.5319613E-01 -0.7077428E-01 -0.9350513E-01 -0.9350513E-01 -0.1544897 -0.1868416 -0.2190671 -0.2504605 -0.2805885 -0.3093916 -0.3372603 -0.3650676 -0.3941345 -0.4261091 -0.4627144 -0.5052369 -0.5527667 -0.5959542 -0.5959542 -0.5241213 -0.4434683 -0.2778298 -0.1923155 -0.1923155 -0.1292727E-01 -0.1292727E-01 0.1479871 0.1479871 0.1956958 0.1393816 0.1393816 0.7527083E-01 0.7527083E-01 0.5248100E-01 0.5248100E-01 0.5248100E-01 0.4535733E-01 0.4535733E-01 0.3613998E-01 0.3613998E-01 0.2476687E-01 0.2476687E-01 0.1738542E-01 0.1738542E-01 0.1282348E-01 0.1282348E-01 0.1282348E-01
-0.3970691E-02 -0.3970691E-02 -0.4367843E-02 -0.5809660E-02 -0.7044140E-02 -0.7044140E-02 -0.8786500E-02 -0.1454428E-01 -0.1454428E-01 -0.2525991E-01 -0.2525991E-01 -0.4455886E-01 -0.5901998E-01 -0.7768664E-01 -0.1012519 -0.1012519 -0.1638616 -0.1987955 -0.2344275 -0.2697928 -0.3041576 -0.3370602 -0.3683650 -0.3983061 -0.4274873 -0.4568034 -0.4872295 -0.5193432 -0.5518993 -0.5772064 -0.5772064 -0.5255957 -0.4598664 -0.3031534 -0.2124452 -0.2124452 -0.2185283E-01 -0.2185283E-01 0.1363589 0.1363589 0.1899737 0.1948576 0.1948576 0.1189133 0.1189133 0.6618933E-01 0.6618933E-01 0.6618933E-01 0.5175269E-01 0.5175269E-01 0.3928660E-01 0.3928660E-01 0.2643690E-01 0.2643690E-01 0.1647468E-01 0.1647468E-01 0.1016021E-01 0.1016021E-01 0.1016021E-01
-0.3420996E-02 -0.3420996E-02 -0.3852610E-02 -0.5472977E-02 -0.6854095E-02 -0.6854095E-02 -0.8790252E-02 -0.1511338E-01 -0.1511338E-01 -0.2667937E-01 -0.2667937E-01 -0.4711135E-01 -0.6222286E-01 -0.8159029E-01 -0.1059307 -0.1059307 -0.1713191 -0.2087454 -0.2473051 -0.2858925 -0.3236568 -0.3599670 -0.3944107 -0.4268078 -0.4572090 -0.4858350 -0.5129186 -0.5383374 -0.5605705 -0.5735367 -0.5735367 -0.5311232 -0.4712133 -0.3084802 -0.2107587 -0.2107587 -0.2091663E-01 -0.2091663E-01 0.1216528 0.1216528 0.1718143 0.2107425 0.2107425 0.1603343 0.1603343 0.8400435E-01 0.8400435E-01 0.8400435E-01 0.5888377E-01 0.5888377E-01 0.4126340E-01 0.4126340E-01 0.2617518E-01 0.2617518E-01 0.1415308E-01 0.1415308E-01 0.6294392E-02 0.6294392E-02 0.6294392E-02
-0.2793405E-02 -0.2793405E-02 -0.3232870E-02 -0.4950784E-02 -0.6410244E-02 -0.6410244E-02 -0.8443979E-02 -0.1502149E-01 -0.1502149E-01 -0.2690616E-01 -0.2690616E-01 -0.4769739E-01 -0.6304550E-01 -0.8280391E-01 -0.1079215 -0.1079215 -0.1777605 -0.2181947 -0.2598351 -0.3014455 -0.3421366 -0.3812498 -0.4182847 -0.4528608 -0.4846765 -0.5134237 -0.5386580 -0.5595430 -0.5741436 -0.5772540 -0.5772540 -0.5357284 -0.4726073 -0.2928741 -0.1920426 -0.1920426 -0.1735299E-01 -0.1735299E-01 0.1047090 0.1047090 0.1490506 0.2001539 0.2001539 0.1834825 0.1834825 0.1039104 0.1039104 0.1039104 0.6794523E-01 0.6794523E-01 0.4352795E-01 0.4352795E-01 0.2508675E-01 0.2508675E-01 0.1105647E-01 0.1105647E-01 0.1900571E-02 0.1900571E-02 0.1900571E-02
-0.2073741E-02 -0.2073741E-02 -0.2498708E-02 -0.4233975E-02 -0.5704552E-02 -0.5704552E-02 -0.7742852E-02 -0.1428301E-01 -0.1428301E-01 -0.2600099E-01 -0.2600099E-01 -0.4644038E-01 -0.6162111E-01 -0.8142802E-01 -0.1072623 -0.1072623 -0.1837863 -0.2281557 -0.2734650 -0.3183312 -0.3618603 -0.4034445 -0.4426200 -0.4789636 -0.5119849 -0.5409489 -0.5647270 -0.5816425 -0.5890633 -0.5818183 -0.5818183 -0.5330374 -0.4578643 -0.2616761 -0.1657983 -0.1657983 -0.1550530E-01 -0.1550530E-01 0.8681078E-01 0.8681078E-01 0.1252690 0.1775651 0.1775651 0.1846361 0.1846361 0.1204274 0.1204274 0.1204274 0.7789627E-01 0.7789627E-01 0.4674789E-01 0.4674789E-01 0.2415127E-01 0.2415127E-01 0.7893997E-02 0.7893997E-02 -0.2389585E-02 -0.2389585E-02 -0.2389585E-02
-0.1252848E-02 -0.1252848E-02 -0.1645825E-02 -0.3323011E-02 -0.4741031E-02 -0.4741031E-02 -0.6697256E-02 -0.1293370E-01 -0.1293370E-01 -0.2404651E-01 -0.2404651E-01 -0.4346288E-01 -0.5804921E-01 -0.7746587E-01 -0.1037869 -0.1037869 -0.1900604 -0.2396269 -0.2894908 -0.3381292 -0.3846791 -0.4286415 -0.4696724 -0.5074177 -0.5413049 -0.5701575 -0.5919616 -0.6038411 -0.6020485 -0.5809461 -0.5809461 -0.5166993 -0.4238662 -0.2249449 -0.1402824 -0.1402824 -0.1563081E-01 -0.1563081E-01 0.6948178E-01 0.6948178E-01 0.1023625 0.1509135 0.1509135 0.1698953 0.1698953 0.1281501 0.1281501 0.1281501 0.8582720E-01 0.8582720E-01 0.5036831E-01 0.5036831E-01 0.2387623E-01 0.2387623E-01 0.5338047E-02 0.5338047E-02 -0.5943475E-02 -0.5943475E-02 -0.5943475E-02
-0.3263391E-03 -0.3263391E-03 -0.6758161E-03 -0.2226826E-02 -0.3534343E-02 -0.3534343E-02 -0.5330259E-02 -0.1102628E-01 -0.1102628E-01 -0.2114494E-01 -0.2114494E-01 -0.3890808E-01 -0.5244726E-01 -0.7091123E-01 -0.9720609E-01 -0.9720609E-01 -0.1975670 -0.2539067 -0.3094235 -0.3625146 -0.4124120 -0.4587896 -0.5014982 -0.5403408 -0.5747258 -0.6028157 -0.6211463 -0.6249815 -0.6091954 -0.5680660 -0.5680660 -0.4823989 -0.3755473 -0.1906494 -0.1204688 -0.1204688 -0.1601863E-01 -0.1601863E-01 0.5391456E-01 0.5391456E-01 0.8137235E-01 0.1238618 0.1238618 0.1466850 0.1466850 0.1249384 0.1249384 0.1249384 0.8857969E-01 0.8857969E-01 0.5281483E-01 0.5281483E-01 0.2408535E-01 0.2408535E-01 0.3825534E-02 0.3825534E-02 -0.8182073E-02 -0.8182073E-02 -0.8182073E-02
0.7059124E-03 0.7059124E-03 0.4046292E-03 -0.9617491E-03 -0.2107640E-02 -0.2107640E-02 -0.3674970E-02 -0.8626410E-02 -0.8626410E-02 -0.1741448E-01 -0.1741448E-01 -0.3295314E-01 -0.4499231E-01 -0.6184984E-01 -0.8727305E-01 -0.8727305E-01 -0.2079287 -0.2729110 -0.3353269 -0.3936225 -0.4472193 -0.4960496 -0.5402458 -0.5798646 -0.6143459 -0.6405876 -0.6525173 -0.6429030 -0.6063832 -0.5394174 -0.5394174 -0.4315884 -0.3217188 -0.1597086 -0.1034270 -0.1034270 -0.1570524E-01 -0.1570524E-01 0.4041180E-01 0.4041180E-01 0.6250037E-01 0.9779643E-01 0.9779643E-01 0.1198429 0.1198429 0.1119093 0.1119093 0.1119093 0.8426043E-01 0.8426043E-01 0.5221212E-01 0.5221212E-01 0.2399363E-01 0.2399363E-01 0.3412664E-02 0.3412664E-02 -0.8688528E-02 -0.8688528E-02 -0.8688528E-02
