cruce_test.gid/Rasters/Hydraulic/Velocity____97.0.asc
NCOLS        79
NROWS        79
XLLCENTER         -1.500000
YLLCENTER         -4.800000
CELLSIZE           0.100
NODATA_VALUE     -9999.0
[rows 0 to 26 of 79, columns 0 to 59 of 79]
-9999.000 -9999.000 -9999.000 -9999.000 -9999.000 -9999.000 -9999.000 -9999.000 -9999.000 -9999.000 -9999.000 -9999.000 -9999.000 -9999.000 -9999.000 0.1904845 0.1893451 0.1894691 0.1897044 0.1899577 0.1902101 0.1904609 0.1907242 0.1910275 0.1914147 0.1919520 0.1927387 0.1939363 0.1957090 0.1938876 0.1938876 -9999.000 -9999.000 -9999.000 -9999.000 -9999.000 -9999.000 -9999.000 -9999.000 -9999.000 -9999.000 -9999.000 -9999.000 -9999.000 -9999.000 -9999.000 -9999.000 -9999.000 -9999.000 -9999.000 -9999.000 -9999.000 -9999.000 -9999.000 -9999.000 -9999.000 -9999.000 -9999.000 -9999.000 -9999.000
-9999.000 -9999.000 -9999.000 -9999.000 -9999.000 -9999.000 -9999.000 -9999.000 -9999.000 -9999.000 -9999.000 -9999.000 -9999.000 -9999.000 -9999.000 0.1882189 0.1857476 0.1860010 0.1865078 0.1870667 0.1876305 0.1881923 0.1887760 0.1894371 0.1902677 0.1914094 0.1930796 0.1956292 0.1993863 0.1961326 0.1961326 -9999.000 -9999.000 -9999.000 -9999.000 -9999.000 -9999.000 -9999.000 -9999.000 -9999.000 -9999.000 -9999.000 -9999.000 -9999.000 -9999.000 -9999.000 -9999.000 -9999.000 -9999.000 -9999.000 -9999.000 -9999.000 -9999.000 -9999.000 -9999.000 -9999.000 -9999.000 -9999.000 -9999.000 -9999.000
-9999.000 -9999.000 -9999.000 -9999.000 -9999.000 -9999.000 -9999.000 -9999.000 -9999.000 -9999.000 -9999.000 -9999.000 -9999.000 -9999.000 -9999.000 0.1846019 0.1806541 0.1810808 0.1819754 0.1829987 0.1840641 0.1851545 0.1863077 0.1876162 0.1892367 0.1914065 0.1944813 0.1990108 0.2054557 0.2011979 0.2011979 -9999.000 -9999.000 -9999.000 -9999.000 -9999.000 -9999.000 -9999.000 -9999.000 -9999.000 -9999.000 -9999.000 -9999.000 -9999.000 -9999.000 -9999.000 -9999.000 -9999.000 -9999.000 -9999.000 -9999.000 -9999.000 -9999.000 -9999.000 -9999.000 -9999.000 -9999.000 -9999.000 -9999.000 -9999.000
-9999.000 -9999.000 -9999.000 -9999.000 -9999.000 -9999.000 -9999.000 -9999.000 -9999.000 -9999.000 -9999.000 -9999.000 -9999.000 -9999.000 -9999.000 0.1800519 0.1746749 0.1753338 0.1767067 0.1783084 0.1800090 0.1817798 0.1836711 0.1858145 0.1884337 0.1918666 0.1966160 0.2034479 0.2129838 0.2083591 0.2083591 -9999.000 -9999.000 -9999.000 -9999.000 -9999.000 -9999.000 -9999.000 -9999.000 -9999.000 -9999.000 -9999.000 -9999.000 -9999.000 -9999.000 -9999.000 -9999.000 -9999.000 -9999.000 -9999.000 -9999.000 -9999.000 -9999.000 -9999.000 -9999.000 -9999.000 -9999.000 -9999.000 -9999.000 -9999.000
-9999.000 -9999.000 -9999.000 -9999.000 -9999.000 -9999.000 -9999.000 -9999.000 -9999.000 -9999.000 -9999.000 -9999.000 -9999.000 -9999.000 -9999.000 0.1746679 0.1679304 0.1688778 0.1708110 0.1730906 0.1755396 0.1781157 0.1808822 0.1840119 0.1878005 0.1926960 0.1993639 0.2088154 0.2218781 0.2175867 0.2175867 -9999.000 -9999.000 -9999.000 -9999.000 -9999.000 -9999.000 -9999.000 -9999.000 -9999.000 -9999.000 -9999.000 -9999.000 -9999.000 -9999.000 -9999.000 -9999.000 -9999.000 -9999.000 -9999.000 -9999.000 -9999.000 -9999.000 -9999.000 -9999.000 -9999.000 -9999.000 -9999.000 -9999.000 -9999.000
-9999.000 -9999.000 -9999.000 -9999.000 -9999.000 -9999.000 -9999.000 -9999.000 -9999.000 -9999.000 -9999.000 -9999.000 -9999.000 -9999.000 -9999.000 0.1684932 0.1604945 0.1617886 0.1643584 0.1674056 0.1707023 0.1741910 0.1779491 0.1821945 0.1873022 0.1938424 0.2026660 0.2150680 0.2321529 0.2290145 0.2290145 -9999.000 -9999.000 -9999.000 -9999.000 -9999.000 -9999.000 -9999.000 -9999.000 -9999.000 -9999.000 -9999.000 -9999.000 -9999.000 -9999.000 -9999.000 -9999.000 -9999.000 -9999.000 -9999.000 -9999.000 -9999.000 -9999.000 -9999.000 -9999.000 -9999.000 -9999.000 -9999.000 -9999.000 -9999.000
-9999.000 -9999.000 -9999.000 -9999.000 -9999.000 -9999.000 -9999.000 -9999.000 -9999.000 -9999.000 -9999.000 -9999.000 -9999.000 -9999.000 -9999.000 0.1615214 0.1524034 0.1541091 0.1573915 0.1612923 0.1655289 0.1700271 0.1748808 0.1803579 0.1869222 0.1952822 0.2065027 0.2222149 0.2439035 0.2429235 0.2429235 -9999.000 -9999.000 -9999.000 -9999.000 -9999.000 -9999.000 -9999.000 -9999.000 -9999.000 -9999.000 -9999.000 -9999.000 -9999.000 -9999.000 -9999.000 -9999.000 -9999.000 -9999.000 -9999.000 -9999.000 -9999.000 -9999.000 -9999.000 -9999.000 -9999.000 -9999.000 -9999.000 -9999.000 -9999.000
-9999.000 -9999.000 -9999.000 -9999.000 -9999.000 -9999.000 -9999.000 -9999.000 -9999.000 -9999.000 -9999.000 -9999.000 -9999.000 -9999.000 -9999.000 0.1537030 0.1436627 0.1458583 0.1499360 0.1547788 0.1600460 0.1656465 0.1716933 0.1785107 0.1866623 0.1970150 0.2108844 0.2303088 0.2572972 0.2597619 0.2597619 -9999.000 -9999.000 -9999.000 -9999.000 -9999.000 -9999.000 -9999.000 -9999.000 -9999.000 -9999.000 -9999.000 -9999.000 -9999.000 -9999.000 -9999.000 -9999.000 -9999.000 -9999.000 -9999.000 -9999.000 -9999.000 -9999.000 -9999.000 -9999.000 -9999.000 -9999.000 -9999.000 -9999.000 -9999.000
-9999.000 -9999.000 -9999.000 -9999.000 -9999.000 -9999.000 -9999.000 -9999.000 -9999.000 -9999.000 -9999.000 -9999.000 -9999.000 -9999.000 -9999.000 0.1449520 0.1342538 0.1370393 0.1420088 0.1478919 0.1542862 0.1610834 0.1684193 0.1766821 0.1865483 0.1990674 0.2158525 0.2394421 0.2725771 0.2801973 0.2801973 -9999.000 -9999.000 -9999.000 -9999.000 -9999.000 -9999.000 -9999.000 -9999.000 -9999.000 -9999.000 -9999.000 -9999.000 -9999.000 -9999.000 -9999.000 -9999.000 -9999.000 -9999.000 -9999.000 -9999.000 -9999.000 -9999.000 -9999.000 -9999.000 -9999.000 -9999.000 -9999.000 -9999.000 -9999.000
-9999.000 -9999.000 -9999.000 -9999.000 -9999.000 -9999.000 -9999.000 -9999.000 -9999.000 -9999.000 -9999.000 -9999.000 -9999.000 -9999.000 -9999.000 0.1351466 0.1241387 0.1276472 0.1336298 0.1406707 0.1483021 0.1563989 0.1651241 0.1749381 0.1866448 0.2015045 0.2214863 0.2497541 0.2900767 0.3052206 0.3052206 -9999.000 -9999.000 -9999.000 -9999.000 -9999.000 -9999.000 -9999.000 -9999.000 -9999.000 -9999.000 -9999.000 -9999.000 -9999.000 -9999.000 -9999.000 -9999.000 -9999.000 -9999.000 -9999.000 -9999.000 -9999.000 -9999.000 -9999.000 -9999.000 -9999.000 -9999.000 -9999.000 -9999.000 -9999.000
-9999.000 -9999.000 -9999.000 -9999.000 -9999.000 -9999.000 -9999.000 -9999.000 -9999.000 -9999.000 -9999.000 -9999.000 -9999.000 -9999.000 -9999.000 0.1241290 0.1132622 0.1176792 0.1248378 0.1331874 0.1421913 0.1517092 0.1619366 0.1734149 0.1870895 0.2044617 0.2279289 0.2614485 0.3102464 0.3363368 0.3363368 -9999.000 -9999.000 -9999.000 -9999.000 -9999.000 -9999.000 -9999.000 -9999.000 -9999.000 -9999.000 -9999.000 -9999.000 -9999.000 -9999.000 -9999.000 -9999.000 -9999.000 -9999.000 -9999.000 -9999.000 -9999.000 -9999.000 -9999.000 -9999.000 -9999.000 -9999.000 -9999.000 -9999.000 -9999.000
-9999.000 -9999.000 -9999.000 -9999.000 -9999.000 -9999.000 -9999.000 -9999.000 -9999.000 -9999.000 -9999.000 -9999.000 -9999.000 -9999.000 -9999.000 0.1117005 0.1015582 0.1071543 0.1157226 0.1255885 0.1361445 0.1472403 0.1591112 0.1723863 0.1881633 0.2082138 0.2354484 0.2748409 0.3337032 0.3759339 0.3759339 -9999.000 -9999.000 -9999.000 -9999.000 -9999.000 -9999.000 -9999.000 -9999.000 -9999.000 -9999.000 -9999.000 -9999.000 -9999.000 -9999.000 -9999.000 -9999.000 -9999.000 -9999.000 -9999.000 -9999.000 -9999.000 -9999.000 -9999.000 -9999.000 -9999.000 -9999.000 -9999.000 -9999.000 -9999.000
-9999.000 -9999.000 -9999.000 -9999.000 -9999.000 -9999.000 -9999.000 -9999.000 -9999.000 -9999.000 -9999.000 -9999.000 -9999.000 -9999.000 -9999.000 0.9761404E-01 0.8897103E-01 0.9616604E-01 0.1064992 0.1181831 0.1305472 0.1434446 0.1571597 0.1724124 0.1904531 0.2133429 0.2445916 0.2904764 0.3613240 0.4280442 0.4280442 -9999.000 -9999.000 -9999.000 -9999.000 -9999.000 -9999.000 -9999.000 -9999.000 -9999.000 -9999.000 -9999.000 -9999.000 -9999.000 -9999.000 -9999.000 -9999.000 -9999.000 -9999.000 -9999.000 -9999.000 -9999.000 -9999.000 -9999.000 -9999.000 -9999.000 -9999.000 -9999.000 -9999.000 -9999.000
-9999.000 -9999.000 -9999.000 -9999.000 -9999.000 -9999.000 -9999.000 -9999.000 -9999.000 -9999.000 -9999.000 -9999.000 -9999.000 -9999.000 -9999.000 0.8152078E-01 0.7554632E-01 0.8510655E-01 0.9781904E-01 0.1118094 0.1263835 0.1414329 0.1573095 0.1748217 0.1953559 0.2212486 0.2566668 0.3095190 0.3944945 0.5001466 0.5001466 -9999.000 -9999.000 -9999.000 -9999.000 -9999.000 -9999.000 -9999.000 -9999.000 -9999.000 -9999.000 -9999.000 -9999.000 -9999.000 -9999.000 -9999.000 -9999.000 -9999.000 -9999.000 -9999.000 -9999.000 -9999.000 -9999.000 -9999.000 -9999.000 -9999.000 -9999.000 -9999.000 -9999.000 -9999.000
-9999.000 -9999.000 -9999.000 -9999.000 -9999.000 -9999.000 -9999.000 -9999.000 -9999.000 -9999.000 -9999.000 -9999.000 -9999.000 -9999.000 -9999.000 0.6120491E-01 0.6948880E-01 0.8806369E-01 0.1064625 0.1239599 0.1406609 0.1569876 0.1736351 0.1916502 0.2126473 0.2393348 0.2767335 0.3349557 0.4351238 0.6056876 0.6056876 -9999.000 -9999.000 -9999.000 -9999.000 -9999.000 -9999.000 -9999.000 -9999.000 -9999.000 -9999.000 -9999.000 -9999.000 -9999.000 -9999.000 -9999.000 -9999.000 -9999.000 -9999.000 -9999.000 -9999.000 -9999.000 -9999.000 -9999.000 -9999.000 -9999.000 -9999.000 -9999.000 -9999.000 -9999.000
1.817446 1.817446 1.880117 1.911024 1.919104 1.919104 1.925006 1.932464 1.932464 1.936098 1.936098 1.937248 1.937146 1.936677 1.782032 1.782032 1.441939 1.381799 1.312386 1.234164 1.148567 1.057857 0.9651998 0.8748139 0.7921944 0.7245483 0.6818638 0.6796235 0.7455462 0.9465771 0.9465771 1.673959 1.850185 1.876807 1.840457 1.840457 1.738365 1.738365 1.469674 1.469674 1.192624 1.017432 1.017432 1.005687 1.005687 1.046092 1.046092 1.046092 1.098077 1.098077 1.145403 1.145403 1.185607 1.185607 1.228920 1.228920 1.255287 1.255287 1.255287 1.272752
1.833266 1.833266 1.901718 1.947865 1.964038 1.964038 1.978123 2.001989 2.001989 2.021936 2.021936 2.039271 2.047210 2.054750 1.991695 1.991695 1.699884 1.683811 1.660421 1.627095 1.583139 1.528625 1.464448 1.392547 1.316257 1.240958 1.175281 1.133343 1.139395 1.240398 1.240398 1.730434 1.887871 1.992797 2.006501 2.006501 1.983637 1.983637 1.864433 1.864433 1.678171 1.411543 1.411543 1.409273 1.409273 1.458353 1.458353 1.458353 1.511829 1.511829 1.561406 1.561406 1.592239 1.592239 1.644798 1.644798 1.677488 1.677488 1.677488 1.702508
1.837022 1.837022 1.903246 1.948355 1.964511 1.964511 1.978709 2.002961 2.002961 2.023379 2.023379 2.041245 2.049476 2.057325 2.022144 2.022144 1.747719 1.750143 1.750431 1.743868 1.729500 1.706830 1.675792 1.637070 1.592420 1.545102 1.500647 1.468414 1.465300 1.529361 1.529361 1.880905 2.022584 2.146868 2.173160 2.173160 2.171411 2.171411 2.096367 2.096367 1.989486 1.746933 1.746933 1.710247 1.710247 1.747734 1.747734 1.747734 1.793024 1.793024 1.834100 1.834100 1.866797 1.866797 1.904270 1.904270 1.931242 1.931242 1.931242 1.951270
1.839949 1.839949 1.904501 1.948521 1.964526 1.964526 1.978680 2.002953 2.002953 2.023395 2.023395 2.041270 2.049504 2.057359 2.037707 2.037707 1.774628 1.781611 1.792193 1.797486 1.796951 1.790578 1.778426 1.760929 1.739180 1.715257 1.692702 1.677434 1.680131 1.729760 1.729760 1.994595 2.113133 2.229086 2.253428 2.253428 2.254141 2.254141 2.204781 2.204781 2.145333 1.960041 1.960041 1.889600 1.889600 1.917172 1.917172 1.917172 1.956238 1.956238 1.992371 1.992371 2.021854 2.021854 2.052308 2.052308 2.075898 2.075898 2.075898 2.093091
1.842152 1.842152 1.905531 1.948664 1.964531 1.964531 1.978643 2.002932 2.002932 2.023392 2.023392 2.041265 2.049495 2.057347 2.047615 2.047615 1.807876 1.810633 1.827153 1.838843 1.845044 1.846334 1.843261 1.836600 1.827511 1.817704 1.809709 1.807301 1.816601 1.859581 1.859581 2.065232 2.162960 2.258397 2.273612 2.273612 2.267270 2.267270 2.239556 2.239556 2.212759 2.099178 2.099178 2.015128 2.015128 2.022625 2.022625 2.022625 2.056315 2.056315 2.089124 2.089124 2.116523 2.116523 2.142756 2.142756 2.163635 2.163635 2.163635 2.178727
1.843686 1.843686 1.906294 1.948775 1.964533 1.964533 1.978612 2.002916 2.002916 2.023391 2.023391 2.041261 2.049489 2.057339 2.053942 2.053942 1.854782 1.842792 1.863181 1.879692 1.890268 1.895819 1.897210 1.895561 1.892318 1.889311 1.888901 1.893995 1.908835 1.947228 1.947228 2.098393 2.178202 2.242107 2.245220 2.245220 2.236109 2.236109 2.234459 2.234459 2.231600 2.183202 2.183202 2.112179 2.112179 2.096950 2.096950 2.096950 2.123266 2.123266 2.152234 2.152234 2.177548 2.177548 2.200367 2.200367 2.218506 2.218506 2.218506 2.231538
1.844591 1.844591 1.906762 1.948845 1.964534 1.964534 1.978592 2.002905 2.002905 2.023390 2.023390 2.041259 2.049485 2.057334 2.057962 2.057962 1.908326 1.882931 1.903140 1.923050 1.937243 1.945913 1.949927 1.950599 1.949654 1.949204 1.951732 1.959851 1.975550 2.004185 2.004185 2.107858 2.162310 2.184653 2.179590 2.179590 2.183004 2.183004 2.211425 2.211425 2.226217 2.226411 2.226411 2.185101 2.185101 2.155981 2.155981 2.155981 2.173005 2.173005 2.196627 2.196627 2.218793 2.218793 2.238123 2.238123 2.253324 2.253324 2.253324 2.264174
1.844890 1.844890 1.906921 1.948869 1.964533 1.964533 1.978584 2.002902 2.002902 2.023391 2.023391 2.041259 2.049485 2.057333 2.060505 2.060505 1.962049 1.933311 1.949185 1.970814 1.987895 1.999131 2.005041 2.006899 2.006539 2.006282 2.008808 2.016563 2.028600 2.039028 2.039028 2.091664 2.109396 2.094131 2.092577 2.092577 2.124807 2.124807 2.181767 2.181767 2.209164 2.242028 2.242028 2.233372 2.233372 2.205018 2.205018 2.205018 2.213142 2.213142 2.230104 2.230104 2.247725 2.247725 2.263124 2.263124 2.275101 2.275101 2.275101 2.283645
1.844591 1.844591 1.906762 1.948845 1.964533 1.964533 1.978591 2.002905 2.002905 2.023390 2.023390 2.041259 2.049486 2.057334 2.062111 2.062111 2.013465 1.992029 2.003704 2.024887 2.043564 2.056646 2.063945 2.066445 2.065888 2.064637 2.065505 2.070591 2.073522 2.049901 2.049901 2.037038 2.012376 1.987622 2.002349 2.002349 2.070281 2.070281 2.150124 2.150124 2.186372 2.240621 2.240621 2.259413 2.259413 2.244282 2.244282 2.244282 2.246541 2.246541 2.256613 2.256613 2.268598 2.268598 2.279346 2.279346 2.287685 2.287685 2.287685 2.293786
1.843686 1.843686 1.906294 1.948775 1.964533 1.964533 1.978612 2.002916 2.002916 2.023391 2.023391 2.041261 2.049489 2.057339 2.063123 2.063123 2.062973 2.056749 2.067808 2.087226 2.105774 2.119512 2.127457 2.130105 2.128902 2.126070 2.124399 2.124936 2.108843 2.020633 2.020633 1.927955 1.877331 1.884491 1.920631 1.920631 2.021583 2.021583 2.118261 2.118261 2.160829 2.229273 2.229273 2.268285 2.268285 2.272603 2.272603 2.272603 2.273297 2.273297 2.277571 2.277571 2.283409 2.283409 2.288843 2.288843 2.293151 2.293151 2.293151 2.296736
1.842152 1.842152 1.905531 1.948665 1.964531 1.964531 1.978643 2.002933 2.002933 2.023392 2.023392 2.041265 2.049496 2.057347 2.063760 2.063760 2.113559 2.126428 2.141469 2.159365 2.176209 2.188992 2.196409 2.198456 2.196137 2.191352 2.186650 2.179856 2.120466 1.917433 1.917433 1.769114 1.735075 1.793573 1.844656 1.844656 1.976414 1.976414 2.085769 2.085769 2.133141 2.211463 2.211463 2.264638 2.264638 2.289045 2.289045 2.289045 2.291972 2.291972 2.292397 2.292397 2.292346 2.292346 2.292176 2.292176 2.292268 2.292268 2.292268 2.293398
1.839948 1.839948 1.904501 1.948522 1.964526 1.964526 1.978680 2.002952 2.002952 2.023395 2.023395 2.041270 2.049505 2.057358 2.064158 2.064158 2.170452 2.202526 2.224643 2.242177 2.256334 2.266456 2.271778 2.272092 2.267963 2.260834 2.252671 2.230750 2.062199 1.720301 1.720301 1.600259 1.603114 1.714873 1.784658 1.784658 1.934453 1.934453 2.054241 2.054241 2.105232 2.190266 2.190266 2.252902 2.252902 2.294396 2.294396 2.294396 2.301662 2.301662 2.300256 2.300256 2.295225 2.295225 2.289698 2.289698 2.285733 2.285733 2.285733 2.284642
