cruce_test.gid/Rasters/Hydraulic/Velocity__x_244.0.asc
NCOLS        79
NROWS        79
XLLCENTER         -1.500000
YLLCENTER         -4.800000
CELLSIZE           0.100
NODATA_VALUE     -9999.0
[rows 0 to 25 of 79, columns 0 to 57 of 79]
-9999.000 -9999.000 -9999.000 -9999.000 -9999.000 -9999.000 -9999.000 -9999.000 -9999.000 -9999.000 -9999.000 -9999.000 -9999.000 -9999.000 -9999.000 -0.1242605E-02 -0.5889251E-03 0.2862965E-02 0.7484199E-02 0.1205456E-01 0.1574736E-01 0.1833193E-01 0.1979603E-01 0.2022765E-01 0.1976812E-01 0.1853248E-01 0.1659522E-01 0.1388209E-01 0.9766576E-02 0.4787765E-02 0.4787765E-02 -9999.000 -9999.000 -9999.000 -9999.000 -9999.000 -9999.000 -9999.000 -9999.000 -9999.000 -9999.000 -9999.000 -9999.000 -9999.000 -9999.000 -9999.000 -9999.000 -9999.000 -9999.000 -9999.000 -9999.000 -9999.000 -9999.000 -9999.000 -9999.000 -9999.000 -9999.000 -9999.000
-9999.000 -9999.000 -9999.000 -9999.000 -9999.000 -9999.000 -9999.000 -9999.000 -9999.000 -9999.000 -9999.000 -9999.000 -9999.000 -9999.000 -9999.000 0.1007496E-04 0.1882936E-02 0.6398568E-02 0.1194634E-01 0.1734923E-01 0.2177001E-01 0.2491233E-01 0.2669813E-01 0.2716507E-01 0.2641977E-01 0.2456456E-01 0.2168152E-01 0.1773724E-01 0.1223535E-01 0.5978702E-02 0.5978702E-02 -9999.000 -9999.000 -9999.000 -9999.000 -9999.000 -9999.000 -9999.000 -9999.000 -9999.000 -9999.000 -9999.000 -9999.000 -9999.000 -9999.000 -9999.000 -9999.000 -9999.000 -9999.000 -9999.000 -9999.000 -9999.000 -9999.000 -9999.000 -9999.000 -9999.000 -9999.000 -9999.000
-9999.000 -9999.000 -9999.000 -9999.000 -9999.000 -9999.000 -9999.000 -9999.000 -9999.000 -9999.000 -9999.000 -9999.000 -9999.000 -9999.000 -9999.000 0.4801081E-03 0.2904555E-02 0.8058843E-02 0.1420975E-01 0.2013844E-01 0.2497518E-01 0.2840666E-01 0.3034163E-01 0.3081118E-01 0.2992108E-01 0.2777745E-01 0.2447265E-01 0.1998552E-01 0.1381731E-01 0.6790004E-02 0.6790004E-02 -9999.000 -9999.000 -9999.000 -9999.000 -9999.000 -9999.000 -9999.000 -9999.000 -9999.000 -9999.000 -9999.000 -9999.000 -9999.000 -9999.000 -9999.000 -9999.000 -9999.000 -9999.000 -9999.000 -9999.000 -9999.000 -9999.000 -9999.000 -9999.000 -9999.000 -9999.000 -9999.000
-9999.000 -9999.000 -9999.000 -9999.000 -9999.000 -9999.000 -9999.000 -9999.000 -9999.000 -9999.000 -9999.000 -9999.000 -9999.000 -9999.000 -9999.000 0.7220498E-03 0.3458677E-02 0.9006971E-02 0.1554755E-01 0.2182279E-01 0.2693575E-01 0.3056352E-01 0.3261051E-01 0.3310576E-01 0.3215737E-01 0.2987365E-01 0.2635190E-01 0.2157124E-01 0.1500659E-01 0.7429337E-02 0.7429337E-02 -9999.000 -9999.000 -9999.000 -9999.000 -9999.000 -9999.000 -9999.000 -9999.000 -9999.000 -9999.000 -9999.000 -9999.000 -9999.000 -9999.000 -9999.000 -9999.000 -9999.000 -9999.000 -9999.000 -9999.000 -9999.000 -9999.000 -9999.000 -9999.000 -9999.000 -9999.000 -9999.000
-9999.000 -9999.000 -9999.000 -9999.000 -9999.000 -9999.000 -9999.000 -9999.000 -9999.000 -9999.000 -9999.000 -9999.000 -9999.000 -9999.000 -9999.000 0.8864929E-03 0.3848817E-02 0.9696439E-02 0.1653962E-01 0.2308583E-01 0.2841584E-01 0.3220312E-01 0.3434928E-01 0.3488475E-01 0.3391983E-01 0.3156411E-01 0.2791625E-01 0.2294992E-01 0.1610063E-01 0.8040356E-02 0.8040356E-02 -9999.000 -9999.000 -9999.000 -9999.000 -9999.000 -9999.000 -9999.000 -9999.000 -9999.000 -9999.000 -9999.000 -9999.000 -9999.000 -9999.000 -9999.000 -9999.000 -9999.000 -9999.000 -9999.000 -9999.000 -9999.000 -9999.000 -9999.000 -9999.000 -9999.000 -9999.000 -9999.000
-9999.000 -9999.000 -9999.000 -9999.000 -9999.000 -9999.000 -9999.000 -9999.000 -9999.000 -9999.000 -9999.000 -9999.000 -9999.000 -9999.000 -9999.000 0.1035876E-02 0.4205008E-02 0.1032594E-01 0.1744492E-01 0.2423614E-01 0.2976180E-01 0.3369543E-01 0.3593857E-01 0.3652364E-01 0.3556474E-01 0.3317108E-01 0.2944114E-01 0.2433961E-01 0.1724984E-01 0.8699689E-02 0.8699689E-02 -9999.000 -9999.000 -9999.000 -9999.000 -9999.000 -9999.000 -9999.000 -9999.000 -9999.000 -9999.000 -9999.000 -9999.000 -9999.000 -9999.000 -9999.000 -9999.000 -9999.000 -9999.000 -9999.000 -9999.000 -9999.000 -9999.000 -9999.000 -9999.000 -9999.000 -9999.000 -9999.000
-9999.000 -9999.000 -9999.000 -9999.000 -9999.000 -9999.000 -9999.000 -9999.000 -9999.000 -9999.000 -9999.000 -9999.000 -9999.000 -9999.000 -9999.000 0.1199570E-02 0.4587149E-02 0.1098725E-01 0.1838296E-01 0.2541637E-01 0.3113406E-01 0.3521306E-01 0.3755674E-01 0.3820089E-01 0.3726358E-01 0.3485333E-01 0.3106769E-01 0.2585853E-01 0.1854455E-01 0.9457018E-02 0.9457018E-02 -9999.000 -9999.000 -9999.000 -9999.000 -9999.000 -9999.000 -9999.000 -9999.000 -9999.000 -9999.000 -9999.000 -9999.000 -9999.000 -9999.000 -9999.000 -9999.000 -9999.000 -9999.000 -9999.000 -9999.000 -9999.000 -9999.000 -9999.000 -9999.000 -9999.000 -9999.000 -9999.000
-9999.000 -9999.000 -9999.000 -9999.000 -9999.000 -9999.000 -9999.000 -9999.000 -9999.000 -9999.000 -9999.000 -9999.000 -9999.000 -9999.000 -9999.000 0.1392638E-02 0.5026609E-02 0.1172771E-01 0.1941539E-01 0.2670047E-01 0.3261559E-01 0.3684603E-01 0.3929788E-01 0.4001227E-01 0.3911192E-01 0.3670409E-01 0.3288415E-01 0.2758801E-01 0.2005520E-01 0.1035463E-01 0.1035463E-01 -9999.000 -9999.000 -9999.000 -9999.000 -9999.000 -9999.000 -9999.000 -9999.000 -9999.000 -9999.000 -9999.000 -9999.000 -9999.000 -9999.000 -9999.000 -9999.000 -9999.000 -9999.000 -9999.000 -9999.000 -9999.000 -9999.000 -9999.000 -9999.000 -9999.000 -9999.000 -9999.000
-9999.000 -9999.000 -9999.000 -9999.000 -9999.000 -9999.000 -9999.000 -9999.000 -9999.000 -9999.000 -9999.000 -9999.000 -9999.000 -9999.000 -9999.000 0.1625698E-02 0.5544579E-02 0.1257967E-01 0.2058340E-01 0.2813664E-01 0.3426075E-01 0.3865343E-01 0.4122583E-01 0.4202538E-01 0.4118068E-01 0.3879630E-01 0.3496584E-01 0.2960476E-01 0.2185654E-01 0.1144036E-01 0.1144036E-01 -9999.000 -9999.000 -9999.000 -9999.000 -9999.000 -9999.000 -9999.000 -9999.000 -9999.000 -9999.000 -9999.000 -9999.000 -9999.000 -9999.000 -9999.000 -9999.000 -9999.000 -9999.000 -9999.000 -9999.000 -9999.000 -9999.000 -9999.000 -9999.000 -9999.000 -9999.000 -9999.000
-9999.000 -9999.000 -9999.000 -9999.000 -9999.000 -9999.000 -9999.000 -9999.000 -9999.000 -9999.000 -9999.000 -9999.000 -9999.000 -9999.000 -9999.000 0.1908124E-02 0.6160355E-02 0.1357107E-01 0.2192324E-01 0.2976772E-01 0.3611799E-01 0.4068948E-01 0.4339944E-01 0.4430381E-01 0.4353897E-01 0.4120584E-01 0.3739530E-01 0.3199819E-01 0.2404143E-01 0.1277583E-01 0.1277583E-01 -9999.000 -9999.000 -9999.000 -9999.000 -9999.000 -9999.000 -9999.000 -9999.000 -9999.000 -9999.000 -9999.000 -9999.000 -9999.000 -9999.000 -9999.000 -9999.000 -9999.000 -9999.000 -9999.000 -9999.000 -9999.000 -9999.000 -9999.000 -9999.000 -9999.000 -9999.000 -9999.000
-9999.000 -9999.000 -9999.000 -9999.000 -9999.000 -9999.000 -9999.000 -9999.000 -9999.000 -9999.000 -9999.000 -9999.000 -9999.000 -9999.000 -9999.000 0.2250195E-02 0.6894542E-02 0.1473332E-01 0.2347559E-01 0.3164237E-01 0.3824275E-01 0.4301565E-01 0.4588745E-01 0.4692478E-01 0.4627243E-01 0.4402785E-01 0.4027867E-01 0.3488620E-01 0.2673648E-01 0.1444594E-01 0.1444594E-01 -9999.000 -9999.000 -9999.000 -9999.000 -9999.000 -9999.000 -9999.000 -9999.000 -9999.000 -9999.000 -9999.000 -9999.000 -9999.000 -9999.000 -9999.000 -9999.000 -9999.000 -9999.000 -9999.000 -9999.000 -9999.000 -9999.000 -9999.000 -9999.000 -9999.000 -9999.000 -9999.000
-9999.000 -9999.000 -9999.000 -9999.000 -9999.000 -9999.000 -9999.000 -9999.000 -9999.000 -9999.000 -9999.000 -9999.000 -9999.000 -9999.000 -9999.000 0.2664554E-02 0.7774039E-02 0.1610739E-01 0.2529364E-01 0.3382422E-01 0.4070771E-01 0.4571420E-01 0.4878150E-01 0.4999020E-01 0.4949631E-01 0.4739273E-01 0.4376429E-01 0.3843701E-01 0.3012531E-01 0.1657492E-01 0.1657492E-01 -9999.000 -9999.000 -9999.000 -9999.000 -9999.000 -9999.000 -9999.000 -9999.000 -9999.000 -9999.000 -9999.000 -9999.000 -9999.000 -9999.000 -9999.000 -9999.000 -9999.000 -9999.000 -9999.000 -9999.000 -9999.000 -9999.000 -9999.000 -9999.000 -9999.000 -9999.000 -9999.000
-9999.000 -9999.000 -9999.000 -9999.000 -9999.000 -9999.000 -9999.000 -9999.000 -9999.000 -9999.000 -9999.000 -9999.000 -9999.000 -9999.000 -9999.000 0.3193951E-02 0.8888641E-02 0.1783604E-01 0.2755687E-01 0.3649253E-01 0.4369416E-01 0.4896769E-01 0.5226675E-01 0.5369129E-01 0.5341125E-01 0.5151562E-01 0.4808756E-01 0.4290979E-01 0.3448768E-01 0.1935162E-01 0.1935162E-01 -9999.000 -9999.000 -9999.000 -9999.000 -9999.000 -9999.000 -9999.000 -9999.000 -9999.000 -9999.000 -9999.000 -9999.000 -9999.000 -9999.000 -9999.000 -9999.000 -9999.000 -9999.000 -9999.000 -9999.000 -9999.000 -9999.000 -9999.000 -9999.000 -9999.000 -9999.000 -9999.000
-9999.000 -9999.000 -9999.000 -9999.000 -9999.000 -9999.000 -9999.000 -9999.000 -9999.000 -9999.000 -9999.000 -9999.000 -9999.000 -9999.000 -9999.000 0.5049605E-02 0.1281073E-01 0.2390407E-01 0.3447153E-01 0.4331575E-01 0.5041913E-01 0.5553913E-01 0.5867986E-01 0.5998508E-01 0.5964950E-01 0.5775636E-01 0.5438425E-01 0.4925665E-01 0.4061167E-01 0.2325081E-01 0.2325081E-01 -9999.000 -9999.000 -9999.000 -9999.000 -9999.000 -9999.000 -9999.000 -9999.000 -9999.000 -9999.000 -9999.000 -9999.000 -9999.000 -9999.000 -9999.000 -9999.000 -9999.000 -9999.000 -9999.000 -9999.000 -9999.000 -9999.000 -9999.000 -9999.000 -9999.000 -9999.000 -9999.000
-9999.000 -9999.000 -9999.000 -9999.000 -9999.000 -9999.000 -9999.000 -9999.000 -9999.000 -9999.000 -9999.000 -9999.000 -9999.000 -9999.000 -9999.000 0.9489134E-01 0.1451116 0.1693702 0.1615852 0.1395914 0.1235928 0.1095364 0.9728632E-01 0.8672588E-01 0.7749024E-01 0.6914961E-01 0.6132251E-01 0.5325648E-01 0.4263272E-01 0.2070741E-01 0.2070741E-01 -9999.000 -9999.000 -9999.000 -9999.000 -9999.000 -9999.000 -9999.000 -9999.000 -9999.000 -9999.000 -9999.000 -9999.000 -9999.000 -9999.000 -9999.000 -9999.000 -9999.000 -9999.000 -9999.000 -9999.000 -9999.000 -9999.000 -9999.000 -9999.000 -9999.000 -9999.000 -9999.000
2.853427 2.853427 2.866355 2.873930 2.892783 2.892783 2.895249 2.894778 2.894778 2.890863 2.890863 2.884528 2.880692 2.876510 2.872374 2.872374 3.022355 3.026766 3.028039 3.020149 2.984959 2.926774 2.845464 2.738835 2.610574 2.462617 2.298129 2.125991 1.970390 1.900776 1.900776 2.746750 2.926113 3.031517 3.058094 3.058094 3.094543 3.094543 3.082351 3.082351 3.041111 2.866683 2.866683 2.530267 2.530267 2.152248 2.152248 2.152248 2.128163 2.128163 2.156701 2.156701 2.204050 2.204050 2.254348 2.254348 2.299849 2.299849
2.876383 2.876383 2.897652 2.928288 2.954416 2.954416 2.968926 2.991411 2.991411 3.009983 3.009983 3.025934 3.033174 3.040018 3.046836 3.046836 3.158172 3.177525 3.193341 3.205868 3.211321 3.209644 3.198865 3.175535 3.137667 3.083028 3.010000 2.919391 2.817846 2.734711 2.734711 3.189300 3.350128 3.505689 3.548204 3.548204 3.597738 3.597738 3.602378 3.602378 3.583114 3.484561 3.484561 3.290375 3.290375 2.989218 2.989218 2.989218 2.961905 2.961905 2.992587 2.992587 3.042813 3.042813 3.095639 3.095639 3.144126 3.144126
2.881360 2.881360 2.899024 2.929923 2.953995 2.953995 2.969265 2.992673 2.992673 3.011884 3.011884 3.028541 3.036173 3.043438 3.050742 3.050742 3.150033 3.182053 3.209732 3.233561 3.252002 3.265138 3.272664 3.273290 3.265972 3.249210 3.221251 3.181296 3.132123 3.091478 3.091478 3.348147 3.505291 3.687785 3.741378 3.741378 3.798277 3.798277 3.792179 3.792179 3.764424 3.664658 3.664658 3.522808 3.522808 3.281053 3.281053 3.281053 3.238646 3.238646 3.256465 3.256465 3.297915 3.297915 3.344581 3.344581 3.388533 3.388533
2.884717 2.884717 2.896651 2.930321 2.952998 2.952998 2.968747 2.992644 2.992644 3.011896 3.011896 3.028545 3.036181 3.043454 3.050842 3.050842 3.142487 3.184972 3.223614 3.257554 3.285511 3.307220 3.322690 3.331635 3.333941 3.329336 3.317280 3.297528 3.271867 3.251718 3.251718 3.407396 3.546270 3.737055 3.796890 3.796890 3.852428 3.852428 3.824566 3.824566 3.785049 3.689147 3.689147 3.595521 3.595521 3.419439 3.419439 3.419439 3.366774 3.366774 3.370001 3.370001 3.401983 3.401983 3.443263 3.443263 3.483857 3.483857
2.886584 2.886584 2.898356 2.930315 2.952152 2.952152 2.968278 2.992624 2.992624 3.011907 3.011907 3.028533 3.036164 3.043434 3.050939 3.050939 3.139617 3.190925 3.239349 3.282631 3.319327 3.348853 3.371099 3.385996 3.393676 3.394344 3.388177 3.375578 3.358274 3.344321 3.344321 3.439097 3.553026 3.734291 3.791266 3.791266 3.824952 3.824952 3.766598 3.766598 3.722625 3.652909 3.652909 3.609840 3.609840 3.501629 3.501629 3.501629 3.447780 3.447780 3.436710 3.436710 3.456674 3.456674 3.490560 3.490560 3.526586 3.526586
2.886997 2.886997 2.901180 2.930111 2.951454 2.951454 2.967853 2.992581 2.992581 3.011952 3.011952 3.028632 3.036293 3.043592 3.051293 3.051293 3.142683 3.201901 3.258945 3.310529 3.355004 3.391612 3.420109 3.440449 3.452772 3.457363 3.454605 3.445128 3.430537 3.416704 3.416704 3.470581 3.556327 3.708493 3.748580 3.748580 3.734539 3.734539 3.655058 3.655058 3.623479 3.599872 3.599872 3.602341 3.602341 3.555006 3.555006 3.555006 3.509770 3.509770 3.488770 3.488770 3.495702 3.495702 3.519801 3.519801 3.549170 3.549170
2.883524 2.883524 2.906100 2.930177 2.951326 2.951326 2.967908 2.992852 2.992852 3.012189 3.012189 3.028788 3.036413 3.043683 3.051604 3.051604 3.152109 3.218943 3.283600 3.342311 3.393372 3.436008 3.469950 3.495149 3.511724 3.519923 3.520115 3.512898 3.499587 3.484315 3.484315 3.509705 3.566234 3.664288 3.667304 3.667304 3.591731 3.591731 3.528159 3.528159 3.523741 3.549592 3.549592 3.586634 3.586634 3.588461 3.588461 3.588461 3.558921 3.558921 3.534895 3.534895 3.530457 3.530457 3.543315 3.543315 3.563927 3.563927
2.883203 2.883203 2.907398 2.930078 2.951179 2.951179 2.967827 2.992855 2.992855 3.012198 3.012198 3.028792 3.036416 3.043685 3.051945 3.051945 3.169076 3.243731 3.315161 3.379736 3.435963 3.483248 3.521420 3.550499 3.570612 3.581969 3.584864 3.579765 3.567611 3.550957 3.550957 3.555884 3.581856 3.587426 3.532498 3.532498 3.421300 3.421300 3.415175 3.415175 3.440388 3.505155 3.505155 3.565989 3.565989 3.605658 3.605658 3.605658 3.595057 3.595057 3.574904 3.574904 3.563073 3.563073 3.564779 3.564779 3.575076 3.575076
2.883524 2.883524 2.906100 2.930176 2.951326 2.951326 2.967908 2.992852 2.992852 3.012189 3.012189 3.028788 3.036413 3.043683 3.052414 3.052414 3.195105 3.278024 3.355421 3.424458 3.484206 3.534463 3.575312 3.606926 3.629503 3.643243 3.648374 3.645207 3.634252 3.616269 3.616269 3.604176 3.592549 3.450016 3.338898 3.338898 3.263436 3.263436 3.329919 3.329919 3.376372 3.465790 3.465790 3.542394 3.542394 3.610420 3.610420 3.610420 3.618555 3.618555 3.607206 3.607206 3.592825 3.592825 3.585009 3.585009 3.584283 3.584283
2.886997 2.886997 2.901180 2.930111 2.951454 2.951454 2.967852 2.992581 2.992581 3.011952 3.011952 3.028632 3.036293 3.043591 3.052994 3.052994 3.232372 3.323957 3.406316 3.478130 3.539437 3.590667 3.632307 3.664776 3.688402 3.703422 3.710015 3.708340 3.698318 3.677599 3.677599 3.643709 3.570799 3.236361 3.119698 3.119698 3.147361 3.147361 3.266156 3.266156 3.324164 3.427885 3.427885 3.515354 3.515354 3.604482 3.604482 3.604482 3.629104 3.629104 3.628872 3.628872 3.616014 3.616014 3.601429 3.601429 3.590077 3.590077
2.886583 2.886583 2.898356 2.930315 2.952152 2.952152 2.968278 2.992623 2.992623 3.011906 3.011906 3.028533 3.036164 3.043435 3.053702 3.053702 3.284091 3.384193 3.469881 3.542206 3.602619 3.652418 3.692625 3.723974 3.746963 3.761888 3.768907 3.767998 3.757821 3.727812 3.727812 3.646834 3.461660 2.983755 2.939037 2.939037 3.068904 3.068904 3.212073 3.212073 3.275632 3.387956 3.387956 3.483281 3.483281 3.587879 3.587879 3.587879 3.625819 3.625819 3.636706 3.636706 3.628107 3.628107 3.609688 3.609688 3.589039 3.589039
