cruce_test.gid/Rasters/Hydraulic/Velocity__x_158.0.asc
NCOLS        79
NROWS        79
XLLCENTER         -1.500000
YLLCENTER         -4.800000
CELLSIZE           0.100
NODATA_VALUE     -9999.0
[rows 0 to 25 of 79, columns 0 to 57 of 79]
-9999.000 -9999.000 -9999.000 -9999.000 -9999.000 -9999.000 -9999.000 -9999.000 -9999.000 -9999.000 -9999.000 -9999.000 -9999.000 -9999.000 -9999.000 0.7048909E-03 0.2385544E-02 0.5051443E-02 0.7642764E-02 0.9951693E-02 0.1182979E-01 0.1319450E-01 0.1403063E-01 0.1435242E-01 0.1419133E-01 0.1359350E-01 0.1256406E-01 0.1091663E-01 0.7875873E-02 0.3872305E-02 0.3872305E-02 -9999.000 -9999.000 -9999.000 -9999.000 -9999.000 -9999.000 -9999.000 -9999.000 -9999.000 -9999.000 -9999.000 -9999.000 -9999.000 -9999.000 -9999.000 -9999.000 -9999.000 -9999.000 -9999.000 -9999.000 -9999.000 -9999.000 -9999.000 -9999.000 -9999.000 -9999.000 -9999.000
-9999.000 -9999.000 -9999.000 -9999.000 -9999.000 -9999.000 -9999.000 -9999.000 -9999.000 -9999.000 -9999.000 -9999.000 -9999.000 -9999.000 -9999.000 0.1740448E-02 0.4501989E-02 0.8260923E-02 0.1187153E-01 0.1508162E-01 0.1769707E-01 0.1959298E-01 0.2071753E-01 0.2105624E-01 0.2062096E-01 0.1944469E-01 0.1753071E-01 0.1472059E-01 0.1035558E-01 0.5089095E-02 0.5089095E-02 -9999.000 -9999.000 -9999.000 -9999.000 -9999.000 -9999.000 -9999.000 -9999.000 -9999.000 -9999.000 -9999.000 -9999.000 -9999.000 -9999.000 -9999.000 -9999.000 -9999.000 -9999.000 -9999.000 -9999.000 -9999.000 -9999.000 -9999.000 -9999.000 -9999.000 -9999.000 -9999.000
-9999.000 -9999.000 -9999.000 -9999.000 -9999.000 -9999.000 -9999.000 -9999.000 -9999.000 -9999.000 -9999.000 -9999.000 -9999.000 -9999.000 -9999.000 0.2333317E-02 0.5745144E-02 0.1019848E-01 0.1444173E-01 0.1819685E-01 0.2124551E-01 0.2344287E-01 0.2472274E-01 0.2506213E-01 0.2446997E-01 0.2298343E-01 0.2061545E-01 0.1721696E-01 0.1211840E-01 0.5994224E-02 0.5994224E-02 -9999.000 -9999.000 -9999.000 -9999.000 -9999.000 -9999.000 -9999.000 -9999.000 -9999.000 -9999.000 -9999.000 -9999.000 -9999.000 -9999.000 -9999.000 -9999.000 -9999.000 -9999.000 -9999.000 -9999.000 -9999.000 -9999.000 -9999.000 -9999.000 -9999.000 -9999.000 -9999.000
-9999.000 -9999.000 -9999.000 -9999.000 -9999.000 -9999.000 -9999.000 -9999.000 -9999.000 -9999.000 -9999.000 -9999.000 -9999.000 -9999.000 -9999.000 0.2730227E-02 0.6576505E-02 0.1149278E-01 0.1616104E-01 0.2028556E-01 0.2363130E-01 0.2604032E-01 0.2743925E-01 0.2780103E-01 0.2713372E-01 0.2547809E-01 0.2285139E-01 0.1910143E-01 0.1352427E-01 0.6745347E-02 0.6745347E-02 -9999.000 -9999.000 -9999.000 -9999.000 -9999.000 -9999.000 -9999.000 -9999.000 -9999.000 -9999.000 -9999.000 -9999.000 -9999.000 -9999.000 -9999.000 -9999.000 -9999.000 -9999.000 -9999.000 -9999.000 -9999.000 -9999.000 -9999.000 -9999.000 -9999.000 -9999.000 -9999.000
-9999.000 -9999.000 -9999.000 -9999.000 -9999.000 -9999.000 -9999.000 -9999.000 -9999.000 -9999.000 -9999.000 -9999.000 -9999.000 -9999.000 -9999.000 0.3038843E-02 0.7218924E-02 0.1248728E-01 0.1748214E-01 0.2189472E-01 0.2547713E-01 0.2806172E-01 0.2957032E-01 0.2997388E-01 0.2927969E-01 0.2753086E-01 0.2474598E-01 0.2076266E-01 0.1482779E-01 0.7466175E-02 0.7466175E-02 -9999.000 -9999.000 -9999.000 -9999.000 -9999.000 -9999.000 -9999.000 -9999.000 -9999.000 -9999.000 -9999.000 -9999.000 -9999.000 -9999.000 -9999.000 -9999.000 -9999.000 -9999.000 -9999.000 -9999.000 -9999.000 -9999.000 -9999.000 -9999.000 -9999.000 -9999.000 -9999.000
-9999.000 -9999.000 -9999.000 -9999.000 -9999.000 -9999.000 -9999.000 -9999.000 -9999.000 -9999.000 -9999.000 -9999.000 -9999.000 -9999.000 -9999.000 0.3314583E-02 0.7788782E-02 0.1336336E-01 0.1864402E-01 0.2331222E-01 0.2710880E-01 0.2985812E-01 0.3147899E-01 0.3194083E-01 0.3125062E-01 0.2945339E-01 0.2656700E-01 0.2241409E-01 0.1617785E-01 0.8233148E-02 0.8233148E-02 -9999.000 -9999.000 -9999.000 -9999.000 -9999.000 -9999.000 -9999.000 -9999.000 -9999.000 -9999.000 -9999.000 -9999.000 -9999.000 -9999.000 -9999.000 -9999.000 -9999.000 -9999.000 -9999.000 -9999.000 -9999.000 -9999.000 -9999.000 -9999.000 -9999.000 -9999.000 -9999.000
-9999.000 -9999.000 -9999.000 -9999.000 -9999.000 -9999.000 -9999.000 -9999.000 -9999.000 -9999.000 -9999.000 -9999.000 -9999.000 -9999.000 -9999.000 0.3586541E-02 0.8347551E-02 0.1421683E-01 0.1977367E-01 0.2469109E-01 0.2870000E-01 0.3161740E-01 0.3336012E-01 0.3389718E-01 0.3323504E-01 0.3142103E-01 0.2847077E-01 0.2418721E-01 0.1767511E-01 0.9101648E-02 0.9101648E-02 -9999.000 -9999.000 -9999.000 -9999.000 -9999.000 -9999.000 -9999.000 -9999.000 -9999.000 -9999.000 -9999.000 -9999.000 -9999.000 -9999.000 -9999.000 -9999.000 -9999.000 -9999.000 -9999.000 -9999.000 -9999.000 -9999.000 -9999.000 -9999.000 -9999.000 -9999.000 -9999.000
-9999.000 -9999.000 -9999.000 -9999.000 -9999.000 -9999.000 -9999.000 -9999.000 -9999.000 -9999.000 -9999.000 -9999.000 -9999.000 -9999.000 -9999.000 0.3871025E-02 0.8929382E-02 0.1510144E-01 0.2094245E-01 0.2611823E-01 0.3034998E-01 0.3344785E-01 0.3532820E-01 0.3596007E-01 0.3534975E-01 0.3354704E-01 0.3056471E-01 0.2618074E-01 0.1940482E-01 0.1012261E-01 0.1012261E-01 -9999.000 -9999.000 -9999.000 -9999.000 -9999.000 -9999.000 -9999.000 -9999.000 -9999.000 -9999.000 -9999.000 -9999.000 -9999.000 -9999.000 -9999.000 -9999.000 -9999.000 -9999.000 -9999.000 -9999.000 -9999.000 -9999.000 -9999.000 -9999.000 -9999.000 -9999.000 -9999.000
-9999.000 -9999.000 -9999.000 -9999.000 -9999.000 -9999.000 -9999.000 -9999.000 -9999.000 -9999.000 -9999.000 -9999.000 -9999.000 -9999.000 -9999.000 0.4177789E-02 0.9555326E-02 0.1605072E-01 0.2219568E-01 0.2764971E-01 0.3212415E-01 0.3542304E-01 0.3746327E-01 0.3821469E-01 0.3768393E-01 0.3592379E-01 0.3294338E-01 0.2848995E-01 0.2145818E-01 0.1135390E-01 0.1135390E-01 -9999.000 -9999.000 -9999.000 -9999.000 -9999.000 -9999.000 -9999.000 -9999.000 -9999.000 -9999.000 -9999.000 -9999.000 -9999.000 -9999.000 -9999.000 -9999.000 -9999.000 -9999.000 -9999.000 -9999.000 -9999.000 -9999.000 -9999.000 -9999.000 -9999.000 -9999.000 -9999.000
-9999.000 -9999.000 -9999.000 -9999.000 -9999.000 -9999.000 -9999.000 -9999.000 -9999.000 -9999.000 -9999.000 -9999.000 -9999.000 -9999.000 -9999.000 0.4514353E-02 0.1024192E-01 0.1709190E-01 0.2357081E-01 0.2933239E-01 0.3407850E-01 0.3760711E-01 0.3983717E-01 0.4074066E-01 0.4032465E-01 0.3864636E-01 0.3571023E-01 0.3122645E-01 0.2395033E-01 0.1287116E-01 0.1287116E-01 -9999.000 -9999.000 -9999.000 -9999.000 -9999.000 -9999.000 -9999.000 -9999.000 -9999.000 -9999.000 -9999.000 -9999.000 -9999.000 -9999.000 -9999.000 -9999.000 -9999.000 -9999.000 -9999.000 -9999.000 -9999.000 -9999.000 -9999.000 -9999.000 -9999.000 -9999.000 -9999.000
-9999.000 -9999.000 -9999.000 -9999.000 -9999.000 -9999.000 -9999.000 -9999.000 -9999.000 -9999.000 -9999.000 -9999.000 -9999.000 -9999.000 -9999.000 0.4888289E-02 0.1100617E-01 0.1825321E-01 0.2510705E-01 0.3121625E-01 0.3627333E-01 0.4007084E-01 0.4253161E-01 0.4363061E-01 0.4337692E-01 0.4183332E-01 0.3899918E-01 0.3453942E-01 0.2704018E-01 0.1478074E-01 0.1478074E-01 -9999.000 -9999.000 -9999.000 -9999.000 -9999.000 -9999.000 -9999.000 -9999.000 -9999.000 -9999.000 -9999.000 -9999.000 -9999.000 -9999.000 -9999.000 -9999.000 -9999.000 -9999.000 -9999.000 -9999.000 -9999.000 -9999.000 -9999.000 -9999.000 -9999.000 -9999.000 -9999.000
-9999.000 -9999.000 -9999.000 -9999.000 -9999.000 -9999.000 -9999.000 -9999.000 -9999.000 -9999.000 -9999.000 -9999.000 -9999.000 -9999.000 -9999.000 0.5309168E-02 0.1186933E-01 0.1957011E-01 0.2685462E-01 0.3336592E-01 0.3878736E-01 0.4290723E-01 0.4565477E-01 0.4700991E-01 0.4698444E-01 0.4564967E-01 0.4299935E-01 0.3864332E-01 0.3096187E-01 0.1724050E-01 0.1724050E-01 -9999.000 -9999.000 -9999.000 -9999.000 -9999.000 -9999.000 -9999.000 -9999.000 -9999.000 -9999.000 -9999.000 -9999.000 -9999.000 -9999.000 -9999.000 -9999.000 -9999.000 -9999.000 -9999.000 -9999.000 -9999.000 -9999.000 -9999.000 -9999.000 -9999.000 -9999.000 -9999.000
-9999.000 -9999.000 -9999.000 -9999.000 -9999.000 -9999.000 -9999.000 -9999.000 -9999.000 -9999.000 -9999.000 -9999.000 -9999.000 -9999.000 -9999.000 0.5791430E-02 0.1286332E-01 0.2109554E-01 0.2888702E-01 0.3587553E-01 0.4173582E-01 0.4625290E-01 0.4936604E-01 0.5106274E-01 0.5135982E-01 0.5034107E-01 0.4799434E-01 0.4386298E-01 0.3607452E-01 0.2049423E-01 0.2049423E-01 -9999.000 -9999.000 -9999.000 -9999.000 -9999.000 -9999.000 -9999.000 -9999.000 -9999.000 -9999.000 -9999.000 -9999.000 -9999.000 -9999.000 -9999.000 -9999.000 -9999.000 -9999.000 -9999.000 -9999.000 -9999.000 -9999.000 -9999.000 -9999.000 -9999.000 -9999.000 -9999.000
-9999.000 -9999.000 -9999.000 -9999.000 -9999.000 -9999.000 -9999.000 -9999.000 -9999.000 -9999.000 -9999.000 -9999.000 -9999.000 -9999.000 -9999.000 0.6414317E-02 0.1413948E-01 0.2304861E-01 0.3147332E-01 0.3904793E-01 0.4544346E-01 0.5044933E-01 0.5402419E-01 0.5616981E-01 0.5691404E-01 0.5635939E-01 0.5448954E-01 0.5076639E-01 0.4300255E-01 0.2498115E-01 0.2498115E-01 -9999.000 -9999.000 -9999.000 -9999.000 -9999.000 -9999.000 -9999.000 -9999.000 -9999.000 -9999.000 -9999.000 -9999.000 -9999.000 -9999.000 -9999.000 -9999.000 -9999.000 -9999.000 -9999.000 -9999.000 -9999.000 -9999.000 -9999.000 -9999.000 -9999.000 -9999.000 -9999.000
-9999.000 -9999.000 -9999.000 -9999.000 -9999.000 -9999.000 -9999.000 -9999.000 -9999.000 -9999.000 -9999.000 -9999.000 -9999.000 -9999.000 -9999.000 0.2085420E-01 0.3407127E-01 0.4667249E-01 0.5589613E-01 0.6225640E-01 0.6619327E-01 0.6814666E-01 0.6858170E-01 0.6778488E-01 0.6599922E-01 0.6342190E-01 0.6002215E-01 0.5513912E-01 0.4629410E-01 0.2333138E-01 0.2333138E-01 -9999.000 -9999.000 -9999.000 -9999.000 -9999.000 -9999.000 -9999.000 -9999.000 -9999.000 -9999.000 -9999.000 -9999.000 -9999.000 -9999.000 -9999.000 -9999.000 -9999.000 -9999.000 -9999.000 -9999.000 -9999.000 -9999.000 -9999.000 -9999.000 -9999.000 -9999.000 -9999.000
2.570682 2.570682 2.618047 2.657897 2.663198 2.663198 2.666191 2.668247 2.668247 2.667028 2.667028 2.663624 2.661302 2.658639 2.655683 2.655683 2.688715 2.682902 2.666728 2.636466 2.589289 2.522892 2.436056 2.330493 2.206604 2.066588 1.915002 1.762430 1.634494 1.594108 1.594108 2.413192 2.573529 2.654737 2.673140 2.673140 2.693025 2.693025 2.656964 2.656964 2.604114 2.403535 2.403535 1.958837 1.958837 1.799997 1.799997 1.799997 1.809754 1.809754 1.849479 1.849479 1.896491 1.896491 1.942134 1.942134 1.981398 1.981398
2.588060 2.588060 2.649928 2.705537 2.721530 2.721530 2.735193 2.758466 2.758466 2.778292 2.778292 2.795765 2.803818 2.811487 2.818816 2.818816 2.845205 2.852483 2.859414 2.864070 2.864026 2.856544 2.838874 2.809002 2.764549 2.703866 2.626496 2.534174 2.435331 2.377222 2.377222 2.821855 2.974410 3.113741 3.149496 3.149496 3.185911 3.185911 3.175713 3.175713 3.148160 3.033161 3.033161 2.778029 2.778029 2.592344 2.592344 2.592344 2.601634 2.601634 2.642346 2.642346 2.691841 2.691841 2.740455 2.740455 2.783121 2.783121
2.592088 2.592088 2.653907 2.705851 2.722026 2.722026 2.735924 2.759710 2.759710 2.780114 2.780114 2.798255 2.806676 2.814737 2.822481 2.822481 2.847666 2.862363 2.878931 2.895059 2.908744 2.918280 2.922144 2.919172 2.907802 2.886416 2.853736 2.809687 2.758434 2.726938 2.726938 2.989552 3.137905 3.303284 3.349169 3.349169 3.391083 3.391083 3.372154 3.372154 3.339345 3.236807 3.236807 3.067885 3.067885 2.884825 2.884825 2.884825 2.879517 2.879517 2.910703 2.910703 2.953108 2.953108 2.995576 2.995576 3.033439 3.033439
2.595313 2.595313 2.656973 2.705785 2.721935 2.721935 2.735876 2.759725 2.759725 2.780145 2.780145 2.798294 2.806720 2.814789 2.822543 2.822543 2.848837 2.870309 2.894854 2.919052 2.940543 2.957769 2.969696 2.975786 2.975493 2.968204 2.953368 2.930997 2.903713 2.888845 2.888845 3.051546 3.184938 3.358993 3.409944 3.409944 3.448040 3.448040 3.410032 3.410032 3.370930 3.284168 3.284168 3.180089 3.180089 3.024054 3.024054 3.024054 3.003623 3.003623 3.023901 3.023901 3.059835 3.059835 3.098279 3.098279 3.133285 3.133285
2.597788 2.597788 2.659314 2.705736 2.721837 2.721837 2.735815 2.759723 2.759723 2.780151 2.780151 2.798294 2.806719 2.814786 2.822539 2.822539 2.852656 2.880929 2.913092 2.944739 2.973147 2.996686 3.014385 3.025808 3.030755 3.029139 3.021016 3.006859 2.988894 2.979023 2.979023 3.081454 3.193548 3.359395 3.406147 3.406147 3.421819 3.421819 3.362601 3.362601 3.325982 3.271327 3.271327 3.223036 3.223036 3.109972 3.109972 3.109972 3.078497 3.078497 3.085744 3.085744 3.113156 3.113156 3.146579 3.146579 3.178252 3.178252
2.599537 2.599537 2.660965 2.705706 2.721755 2.721755 2.735760 2.759721 2.759721 2.780158 2.780158 2.798295 2.806717 2.814784 2.822536 2.822536 2.859905 2.895365 2.934863 2.973372 3.008021 3.037182 3.059929 3.075823 3.084711 3.086636 3.081849 3.070997 3.056032 3.045412 3.045412 3.106961 3.193919 3.331495 3.360063 3.360063 3.334496 3.334496 3.270762 3.270762 3.250317 3.238829 3.238829 3.235230 3.235230 3.169982 3.169982 3.169982 3.135645 3.135645 3.130768 3.130768 3.147705 3.147705 3.174113 3.174113 3.200969 3.200969
2.600578 2.600578 2.661947 2.705692 2.721700 2.721700 2.735723 2.759720 2.759720 2.780162 2.780162 2.798296 2.806717 2.814783 2.822535 2.822535 2.871431 2.914734 2.961334 3.006040 3.046099 3.080042 3.107064 3.126774 3.139027 3.143867 3.141527 3.132591 3.118621 3.105511 3.105511 3.137634 3.196794 3.278307 3.270780 3.270780 3.203557 3.203557 3.168098 3.168098 3.172734 3.202747 3.202747 3.231670 3.231670 3.210948 3.210948 3.210948 3.182466 3.182466 3.169628 3.169628 3.175759 3.175759 3.193353 3.193353 3.213638 3.213638
2.600924 2.600924 2.662274 2.705688 2.721682 2.721682 2.735709 2.759720 2.759720 2.780163 2.780163 2.798296 2.806717 2.814783 2.822535 2.822535 2.888360 2.940319 2.993785 3.043919 3.088383 3.126041 3.156328 3.178980 3.193909 3.201146 3.200859 3.193477 3.180097 3.164435 3.164435 3.174210 3.201462 3.185351 3.130211 3.130211 3.057952 3.057952 3.079084 3.079084 3.107238 3.168247 3.168247 3.219383 3.219383 3.235993 3.235993 3.235993 3.219560 3.219560 3.204511 3.204511 3.201530 3.201530 3.209373 3.209373 3.221470 3.221470
2.600578 2.600578 2.661947 2.705692 2.721700 2.721700 2.735722 2.759720 2.759720 2.780162 2.780162 2.798296 2.806718 2.814783 2.822535 2.822535 2.912262 2.973680 3.033659 3.088269 3.135912 3.175974 3.208251 3.232705 3.249360 3.258272 3.259559 3.253483 3.240630 3.222425 3.222425 3.212119 3.195624 3.031992 2.947147 2.947147 2.931281 2.931281 3.009938 3.009938 3.053885 3.134824 3.134824 3.201086 3.201086 3.247208 3.247208 3.247208 3.245538 3.245538 3.233601 3.233601 3.224685 3.224685 3.223047 3.223047 3.225863 3.225863
2.599537 2.599537 2.660965 2.705706 2.721755 2.721755 2.735759 2.759721 2.759721 2.780157 2.780157 2.798295 2.806718 2.814784 2.822536 2.822536 2.945378 3.016819 3.082632 3.140429 3.189698 3.230550 3.263265 3.288106 3.305272 3.314893 3.317057 3.311873 3.299251 3.276994 3.276994 3.239299 3.147568 2.821715 2.763222 2.763222 2.838922 2.838922 2.954301 2.954301 3.006984 3.100487 3.100487 3.177491 3.177491 3.246171 3.246171 3.246171 3.259115 3.259115 3.253862 3.253862 3.242615 3.242615 3.232875 3.232875 3.226099 3.226099
2.597789 2.597789 2.659314 2.705735 2.721837 2.721837 2.735814 2.759723 2.759723 2.780152 2.780152 2.798294 2.806719 2.814787 2.822540 2.822540 2.990982 3.072374 3.142651 3.201742 3.250588 3.290222 3.321503 3.345059 3.361293 3.370430 3.372564 3.367623 3.354093 3.320822 3.320822 3.223954 3.001608 2.608435 2.626257 2.626257 2.770875 2.770875 2.903654 2.903654 2.960922 3.062993 3.062993 3.147846 3.147846 3.233257 3.233257 3.233257 3.258907 3.258907 3.261785 3.261785 3.251157 3.251157 3.235356 3.235356 3.219535 3.219535
