cruce_test.gid/Rasters/Hydraulic/Velocity____130.0.asc
NCOLS        79
NROWS        79
XLLCENTER         -1.500000
YLLCENTER         -4.800000
CELLSIZE           0.100
NODATA_VALUE     -9999.0
[rows 0 to 26 of 79, columns 0 to 59 of 79]
-9999.000 -9999.000 -9999.000 -9999.000 -9999.000 -9999.000 -9999.000 -9999.000 -9999.000 -9999.000 -9999.000 -9999.000 -9999.000 -9999.000 -9999.000 0.1345560 0.1333717 0.1333549 0.1335275 0.1338065 0.1341391 0.1344812 0.1348000 0.1350770 0.1352990 0.1355208 0.1358678 0.1366155 0.1383200 0.1387509 0.1387509 -9999.000 -9999.000 -9999.000 -9999.000 -9999.000 -9999.000 -9999.000 -9999.000 -9999.000 -9999.000 -9999.000 -9999.000 -9999.000 -9999.000 -9999.000 -9999.000 -9999.000 -9999.000 -9999.000 -9999.000 -9999.000 -9999.000 -9999.000 -9999.000 -9999.000 -9999.000 -9999.000 -9999.000 -9999.000
-9999.000 -9999.000 -9999.000 -9999.000 -9999.000 -9999.000 -9999.000 -9999.000 -9999.000 -9999.000 -9999.000 -9999.000 -9999.000 -9999.000 -9999.000 0.1325537 0.1300991 0.1300835 0.1304894 0.1311391 0.1319161 0.1327203 0.1334747 0.1341333 0.1346627 0.1351785 0.1359536 0.1375975 0.1413241 0.1427924 0.1427924 -9999.000 -9999.000 -9999.000 -9999.000 -9999.000 -9999.000 -9999.000 -9999.000 -9999.000 -9999.000 -9999.000 -9999.000 -9999.000 -9999.000 -9999.000 -9999.000 -9999.000 -9999.000 -9999.000 -9999.000 -9999.000 -9999.000 -9999.000 -9999.000 -9999.000 -9999.000 -9999.000 -9999.000 -9999.000
-9999.000 -9999.000 -9999.000 -9999.000 -9999.000 -9999.000 -9999.000 -9999.000 -9999.000 -9999.000 -9999.000 -9999.000 -9999.000 -9999.000 -9999.000 0.1292526 0.1254707 0.1254704 0.1261918 0.1273457 0.1287388 0.1302034 0.1316108 0.1328834 0.1339664 0.1350495 0.1365817 0.1395548 0.1459181 0.1492226 0.1492226 -9999.000 -9999.000 -9999.000 -9999.000 -9999.000 -9999.000 -9999.000 -9999.000 -9999.000 -9999.000 -9999.000 -9999.000 -9999.000 -9999.000 -9999.000 -9999.000 -9999.000 -9999.000 -9999.000 -9999.000 -9999.000 -9999.000 -9999.000 -9999.000 -9999.000 -9999.000 -9999.000 -9999.000 -9999.000
-9999.000 -9999.000 -9999.000 -9999.000 -9999.000 -9999.000 -9999.000 -9999.000 -9999.000 -9999.000 -9999.000 -9999.000 -9999.000 -9999.000 -9999.000 0.1252674 0.1202426 0.1202897 0.1213800 0.1231092 0.1252042 0.1274276 0.1295967 0.1316017 0.1333627 0.1351445 0.1375762 0.1420501 0.1513043 0.1571000 0.1571000 -9999.000 -9999.000 -9999.000 -9999.000 -9999.000 -9999.000 -9999.000 -9999.000 -9999.000 -9999.000 -9999.000 -9999.000 -9999.000 -9999.000 -9999.000 -9999.000 -9999.000 -9999.000 -9999.000 -9999.000 -9999.000 -9999.000 -9999.000 -9999.000 -9999.000 -9999.000 -9999.000 -9999.000 -9999.000
-9999.000 -9999.000 -9999.000 -9999.000 -9999.000 -9999.000 -9999.000 -9999.000 -9999.000 -9999.000 -9999.000 -9999.000 -9999.000 -9999.000 -9999.000 0.1207600 0.1145622 0.1146818 0.1161829 0.1185431 0.1214054 0.1244598 0.1274683 0.1302880 0.1328115 0.1353817 0.1388177 0.1449374 0.1573388 0.1663418 0.1663418 -9999.000 -9999.000 -9999.000 -9999.000 -9999.000 -9999.000 -9999.000 -9999.000 -9999.000 -9999.000 -9999.000 -9999.000 -9999.000 -9999.000 -9999.000 -9999.000 -9999.000 -9999.000 -9999.000 -9999.000 -9999.000 -9999.000 -9999.000 -9999.000 -9999.000 -9999.000 -9999.000 -9999.000 -9999.000
-9999.000 -9999.000 -9999.000 -9999.000 -9999.000 -9999.000 -9999.000 -9999.000 -9999.000 -9999.000 -9999.000 -9999.000 -9999.000 -9999.000 -9999.000 0.1158092 0.1085099 0.1087276 0.1106777 0.1137184 0.1174033 0.1213470 0.1252548 0.1289503 0.1322976 0.1357229 0.1402478 0.1481474 0.1639698 0.1770101 0.1770101 -9999.000 -9999.000 -9999.000 -9999.000 -9999.000 -9999.000 -9999.000 -9999.000 -9999.000 -9999.000 -9999.000 -9999.000 -9999.000 -9999.000 -9999.000 -9999.000 -9999.000 -9999.000 -9999.000 -9999.000 -9999.000 -9999.000 -9999.000 -9999.000 -9999.000 -9999.000 -9999.000 -9999.000 -9999.000
-9999.000 -9999.000 -9999.000 -9999.000 -9999.000 -9999.000 -9999.000 -9999.000 -9999.000 -9999.000 -9999.000 -9999.000 -9999.000 -9999.000 -9999.000 0.1104378 0.1021217 0.1024676 0.1049080 0.1086784 0.1132378 0.1181220 0.1229786 0.1275994 0.1318176 0.1361507 0.1418385 0.1516513 0.1711993 0.1892810 0.1892810 -9999.000 -9999.000 -9999.000 -9999.000 -9999.000 -9999.000 -9999.000 -9999.000 -9999.000 -9999.000 -9999.000 -9999.000 -9999.000 -9999.000 -9999.000 -9999.000 -9999.000 -9999.000 -9999.000 -9999.000 -9999.000 -9999.000 -9999.000 -9999.000 -9999.000 -9999.000 -9999.000 -9999.000 -9999.000
-9999.000 -9999.000 -9999.000 -9999.000 -9999.000 -9999.000 -9999.000 -9999.000 -9999.000 -9999.000 -9999.000 -9999.000 -9999.000 -9999.000 -9999.000 0.1046324 0.9540479E-01 0.9591924E-01 0.9889793E-01 0.1034511 0.1089371 0.1148099 0.1206591 0.1262466 0.1313737 0.1366594 0.1435786 0.1554441 0.1790649 0.2034400 0.2034400 -9999.000 -9999.000 -9999.000 -9999.000 -9999.000 -9999.000 -9999.000 -9999.000 -9999.000 -9999.000 -9999.000 -9999.000 -9999.000 -9999.000 -9999.000 -9999.000 -9999.000 -9999.000 -9999.000 -9999.000 -9999.000 -9999.000 -9999.000 -9999.000 -9999.000 -9999.000 -9999.000 -9999.000 -9999.000
-9999.000 -9999.000 -9999.000 -9999.000 -9999.000 -9999.000 -9999.000 -9999.000 -9999.000 -9999.000 -9999.000 -9999.000 -9999.000 -9999.000 -9999.000 0.9835368E-01 0.8834834E-01 0.8908544E-01 0.9266221E-01 0.9805968E-01 0.1045270 0.1114353 0.1183171 0.1249070 0.1309750 0.1372514 0.1454689 0.1595356 0.1876295 0.2198993 0.2198993 -9999.000 -9999.000 -9999.000 -9999.000 -9999.000 -9999.000 -9999.000 -9999.000 -9999.000 -9999.000 -9999.000 -9999.000 -9999.000 -9999.000 -9999.000 -9999.000 -9999.000 -9999.000 -9999.000 -9999.000 -9999.000 -9999.000 -9999.000 -9999.000 -9999.000 -9999.000 -9999.000 -9999.000 -9999.000
-9999.000 -9999.000 -9999.000 -9999.000 -9999.000 -9999.000 -9999.000 -9999.000 -9999.000 -9999.000 -9999.000 -9999.000 -9999.000 -9999.000 -9999.000 0.9154274E-01 0.8092862E-01 0.8196426E-01 0.8621695E-01 0.9253168E-01 0.1000402 0.1080302 0.1159816 0.1236052 0.1306400 0.1379407 0.1475215 0.1639482 0.1969785 0.2392403 0.2392403 -9999.000 -9999.000 -9999.000 -9999.000 -9999.000 -9999.000 -9999.000 -9999.000 -9999.000 -9999.000 -9999.000 -9999.000 -9999.000 -9999.000 -9999.000 -9999.000 -9999.000 -9999.000 -9999.000 -9999.000 -9999.000 -9999.000 -9999.000 -9999.000 -9999.000 -9999.000 -9999.000 -9999.000 -9999.000
-9999.000 -9999.000 -9999.000 -9999.000 -9999.000 -9999.000 -9999.000 -9999.000 -9999.000 -9999.000 -9999.000 -9999.000 -9999.000 -9999.000 -9999.000 0.8412074E-01 0.7311329E-01 0.7455698E-01 0.7959148E-01 0.8691264E-01 0.9552805E-01 0.1046467 0.1137014 0.1223857 0.1304081 0.1387617 0.1497678 0.1687221 0.2072228 0.2622911 0.2622911 -9999.000 -9999.000 -9999.000 -9999.000 -9999.000 -9999.000 -9999.000 -9999.000 -9999.000 -9999.000 -9999.000 -9999.000 -9999.000 -9999.000 -9999.000 -9999.000 -9999.000 -9999.000 -9999.000 -9999.000 -9999.000 -9999.000 -9999.000 -9999.000 -9999.000 -9999.000 -9999.000 -9999.000 -9999.000
-9999.000 -9999.000 -9999.000 -9999.000 -9999.000 -9999.000 -9999.000 -9999.000 -9999.000 -9999.000 -9999.000 -9999.000 -9999.000 -9999.000 -9999.000 0.7598627E-01 0.6486515E-01 0.6688233E-01 0.7284874E-01 0.8128835E-01 0.9108329E-01 0.1013768 0.1115655 0.1213332 0.1303604 0.1397912 0.1522801 0.1739322 0.2185088 0.2902655 0.2902655 -9999.000 -9999.000 -9999.000 -9999.000 -9999.000 -9999.000 -9999.000 -9999.000 -9999.000 -9999.000 -9999.000 -9999.000 -9999.000 -9999.000 -9999.000 -9999.000 -9999.000 -9999.000 -9999.000 -9999.000 -9999.000 -9999.000 -9999.000 -9999.000 -9999.000 -9999.000 -9999.000 -9999.000 -9999.000
-9999.000 -9999.000 -9999.000 -9999.000 -9999.000 -9999.000 -9999.000 -9999.000 -9999.000 -9999.000 -9999.000 -9999.000 -9999.000 -9999.000 -9999.000 0.6700784E-01 0.5615410E-01 0.5901214E-01 0.6613071E-01 0.7583057E-01 0.8688409E-01 0.9839649E-01 0.1097477 0.1206204 0.1306695 0.1412023 0.1552252 0.1797329 0.2310474 0.3250144 0.3250144 -9999.000 -9999.000 -9999.000 -9999.000 -9999.000 -9999.000 -9999.000 -9999.000 -9999.000 -9999.000 -9999.000 -9999.000 -9999.000 -9999.000 -9999.000 -9999.000 -9999.000 -9999.000 -9999.000 -9999.000 -9999.000 -9999.000 -9999.000 -9999.000 -9999.000 -9999.000 -9999.000 -9999.000 -9999.000
-9999.000 -9999.000 -9999.000 -9999.000 -9999.000 -9999.000 -9999.000 -9999.000 -9999.000 -9999.000 -9999.000 -9999.000 -9999.000 -9999.000 -9999.000 0.5697590E-01 0.4700733E-01 0.5122092E-01 0.5985907E-01 0.7100962E-01 0.8340280E-01 0.9616729E-01 0.1086979 0.1206902 0.1317814 0.1434441 0.1590375 0.1865050 0.2452047 0.3695386 0.3695386 -9999.000 -9999.000 -9999.000 -9999.000 -9999.000 -9999.000 -9999.000 -9999.000 -9999.000 -9999.000 -9999.000 -9999.000 -9999.000 -9999.000 -9999.000 -9999.000 -9999.000 -9999.000 -9999.000 -9999.000 -9999.000 -9999.000 -9999.000 -9999.000 -9999.000 -9999.000 -9999.000 -9999.000 -9999.000
-9999.000 -9999.000 -9999.000 -9999.000 -9999.000 -9999.000 -9999.000 -9999.000 -9999.000 -9999.000 -9999.000 -9999.000 -9999.000 -9999.000 -9999.000 0.4365272E-01 0.4713596E-01 0.5980675E-01 0.7249770E-01 0.8477725E-01 0.9670223E-01 0.1082907 0.1194513 0.1301391 0.1400974 0.1509099 0.1662581 0.1952104 0.2610045 0.4264279 0.4264279 -9999.000 -9999.000 -9999.000 -9999.000 -9999.000 -9999.000 -9999.000 -9999.000 -9999.000 -9999.000 -9999.000 -9999.000 -9999.000 -9999.000 -9999.000 -9999.000 -9999.000 -9999.000 -9999.000 -9999.000 -9999.000 -9999.000 -9999.000 -9999.000 -9999.000 -9999.000 -9999.000 -9999.000 -9999.000
2.276705 2.276705 2.325435 2.369482 2.376657 2.376657 2.381319 2.386411 2.386411 2.388020 2.388020 2.387292 2.386253 2.384841 2.383104 2.383104 2.218736 2.185168 2.144393 2.091982 2.025550 1.944161 1.847950 1.738064 1.617274 1.489993 1.363780 1.253315 1.188876 1.241735 1.241735 2.049742 2.190749 2.231847 2.232041 2.232041 2.211752 2.211752 2.124406 2.124406 2.039747 1.570999 1.570999 1.398874 1.398874 1.389967 1.389967 1.389967 1.438290 1.438290 1.490271 1.490271 1.538781 1.538781 1.579632 1.579632 1.610495 1.610495 1.610495 1.630753
2.291530 2.291530 2.355190 2.412682 2.429618 2.429618 2.444031 2.468509 2.468509 2.489342 2.489342 2.507688 2.516130 2.524162 2.531830 2.531830 2.445206 2.435271 2.431072 2.424927 2.412400 2.390612 2.357423 2.311231 2.248454 2.172253 2.085838 1.996830 1.923694 1.915980 1.915980 2.375133 2.521534 2.640057 2.665068 2.665068 2.676268 2.676268 2.634288 2.634288 2.587191 2.316621 2.316621 2.111329 2.111329 2.093220 2.093220 2.093220 2.139508 2.139508 2.188688 2.188688 2.235921 2.235921 2.277966 2.277966 2.313500 2.313500 2.313500 2.340379
2.294786 2.294786 2.359226 2.412934 2.430027 2.430027 2.444668 2.469642 2.469642 2.491012 2.491012 2.509967 2.518745 2.527133 2.535178 2.535178 2.471864 2.465390 2.471573 2.481177 2.488902 2.491926 2.488429 2.476914 2.454959 2.422871 2.381318 2.333528 2.289397 2.279391 2.279391 2.587564 2.719543 2.857810 2.891177 2.891177 2.907007 2.907007 2.863978 2.863978 2.822694 2.649898 2.649898 2.468454 2.468454 2.423334 2.423334 2.423334 2.458480 2.458480 2.499622 2.499622 2.539715 2.539715 2.576014 2.576014 2.606161 2.606161 2.606161 2.628927
2.297374 2.297374 2.362306 2.412861 2.429894 2.429894 2.444580 2.469644 2.469644 2.491041 2.491041 2.510001 2.518782 2.527178 2.535231 2.535231 2.489397 2.484411 2.494541 2.510557 2.526366 2.538948 2.546844 2.549197 2.544683 2.533421 2.515867 2.493973 2.474154 2.476987 2.476987 2.674556 2.796835 2.937588 2.971027 2.971027 2.977657 2.977657 2.927369 2.927369 2.892021 2.783682 2.783682 2.640749 2.640749 2.571322 2.571322 2.571322 2.596406 2.596406 2.632709 2.632709 2.669612 2.669612 2.702740 2.702740 2.729897 2.729897 2.729897 2.750269
2.299351 2.299351 2.364632 2.412823 2.429763 2.429763 2.444480 2.469628 2.469628 2.491048 2.491048 2.510001 2.518779 2.527172 2.535223 2.535223 2.506821 2.506020 2.519902 2.540503 2.561584 2.579801 2.593611 2.602371 2.605430 2.603105 2.596182 2.586478 2.578845 2.587750 2.587750 2.720777 2.828305 2.955069 2.977842 2.977842 2.960901 2.960901 2.909818 2.909818 2.887078 2.833879 2.833879 2.741964 2.741964 2.659563 2.659563 2.659563 2.671555 2.671555 2.701239 2.701239 2.734396 2.734396 2.764599 2.764599 2.789297 2.789297 2.789297 2.807538
2.300741 2.300741 2.366258 2.412813 2.429656 2.429656 2.444393 2.469615 2.469615 2.491055 2.491055 2.510003 2.518777 2.527167 2.535217 2.535217 2.524493 2.530725 2.549403 2.574245 2.599664 2.622313 2.640501 2.653513 2.660922 2.663041 2.660789 2.656003 2.652754 2.661651 2.661651 2.752087 2.839775 2.929701 2.929549 2.929549 2.886786 2.886786 2.854231 2.854231 2.850304 2.844132 2.844132 2.802172 2.802172 2.724822 2.724822 2.724822 2.723324 2.723324 2.743930 2.743930 2.771611 2.771611 2.798166 2.798166 2.819947 2.819947 2.819947 2.835728
2.301567 2.301567 2.367221 2.412814 2.429587 2.429587 2.444335 2.469605 2.469605 2.491059 2.491059 2.510004 2.518776 2.527164 2.535213 2.535213 2.543122 2.558683 2.583467 2.612669 2.641882 2.668189 2.689949 2.706367 2.717040 2.722136 2.722447 2.719639 2.717123 2.722620 2.722620 2.780475 2.840073 2.859342 2.829517 2.829517 2.782315 2.782315 2.788806 2.788806 2.804572 2.834555 2.834555 2.832937 2.832937 2.776689 2.776689 2.776689 2.765613 2.765613 2.776151 2.776151 2.796612 2.796612 2.818119 2.818119 2.836020 2.836020 2.836020 2.848753
2.301840 2.301840 2.367540 2.412817 2.429563 2.429563 2.444315 2.469603 2.469603 2.491061 2.491061 2.510004 2.518775 2.527163 2.535212 2.535212 2.563986 2.590557 2.622622 2.656489 2.689121 2.718381 2.742933 2.762041 2.775308 2.782753 2.784930 2.783164 2.780100 2.780517 2.780517 2.808256 2.823337 2.735370 2.688562 2.688562 2.675980 2.675980 2.727966 2.727966 2.759416 2.814621 2.814621 2.842318 2.842318 2.815829 2.815829 2.815829 2.801779 2.801779 2.803521 2.803521 2.815659 2.815659 2.830647 2.830647 2.843522 2.843522 2.843522 2.852533
2.301567 2.301567 2.367221 2.412814 2.429587 2.429587 2.444335 2.469606 2.469606 2.491059 2.491059 2.510003 2.518776 2.527164 2.535213 2.535213 2.588923 2.627640 2.667771 2.706548 2.742280 2.773795 2.800291 2.821259 2.836386 2.845611 2.849259 2.848255 2.844254 2.837671 2.837671 2.827303 2.765071 2.565490 2.536541 2.536541 2.586870 2.586870 2.674946 2.674946 2.716842 2.788944 2.788944 2.837085 2.837085 2.841504 2.841504 2.841504 2.830990 2.830990 2.827032 2.827032 2.830888 2.830888 2.838251 2.838251 2.845018 2.845018 2.845018 2.849692
2.300741 2.300741 2.366258 2.412813 2.429656 2.429656 2.444394 2.469615 2.469615 2.491053 2.491053 2.510002 2.518776 2.527167 2.535216 2.535216 2.620445 2.671955 2.720368 2.763983 2.802373 2.835385 2.862885 2.884742 2.900833 2.911112 2.915745 2.915260 2.909732 2.890229 2.890229 2.810654 2.624650 2.388286 2.408110 2.408110 2.516871 2.516871 2.627307 2.627307 2.675731 2.759416 2.759416 2.821738 2.821738 2.853439 2.853439 2.853439 2.850862 2.850862 2.844930 2.844930 2.841708 2.841708 2.841027 2.841027 2.840941 2.840941 2.840941 2.840864
2.299351 2.299351 2.364632 2.412823 2.429763 2.429763 2.444481 2.469628 2.469628 2.491047 2.491047 2.510001 2.518780 2.527172 2.535223 2.535223 2.662065 2.726443 2.782614 2.830403 2.870649 2.904189 2.931605 2.953235 2.969229 2.979642 2.984578 2.984102 2.974627 2.921457 2.921457 2.698781 2.380710 2.251135 2.309350 2.309350 2.456522 2.456522 2.580275 2.580275 2.632958 2.725211 2.725211 2.797539 2.797539 2.851121 2.851121 2.851121 2.858246 2.858246 2.853477 2.853477 2.845093 2.845093 2.836766 2.836766 2.829651 2.829651 2.829651 2.824768
2.297374 2.297374 2.362306 2.412860 2.429895 2.429895 2.444581 2.469643 2.469643 2.491040 2.491040 2.510001 2.518783 2.527177 2.535230 2.535230 2.718949 2.795352 2.857697 2.908081 2.948721 2.981399 3.007379 3.027475 3.042143 3.051601 3.055962 3.054333 3.030903 2.877296 2.877296 2.416371 2.088931 2.149691 2.229884 2.229884 2.394960 2.394960 2.528328 2.528328 2.584106 2.683508 2.683508 2.763169 2.763169 2.833376 2.833376 2.833376 2.849864 2.849864 2.848079 2.848079 2.836475 2.836475 2.821562 2.821562 2.807899 2.807899 2.807899 2.798597
