cruce_test.gid/Rasters/Hydraulic/Velocity____288.0.asc
NCOLS        79
NROWS        79
XLLCENTER         -1.500000
YLLCENTER         -4.800000
CELLSIZE           0.100
NODATA_VALUE     -9999.0
[rows 0 to 26 of 79, columns 0 to 59 of 79]
-9999.000 -9999.000 -9999.000 -9999.000 -9999.000 -9999.000 -9999.000 -9999.000 -9999.000 -9999.000 -9999.000 -9999.000 -9999.000 -9999.000 -9999.000 0.9444316E-01 0.9198554E-01 0.9132747E-01 0.9172127E-01 0.9265011E-01 0.9370468E-01 0.9470455E-01 0.9553891E-01 0.9613935E-01 0.9654766E-01 0.9678749E-01 0.9692852E-01 0.9717594E-01 0.9812178E-01 0.9913726E-01 0.9913726E-01 -9999.000 -9999.000 -9999.000 -9999.000 -9999.000 -9999.000 -9999.000 -9999.000 -9999.000 -9999.000 -9999.000 -9999.000 -9999.000 -9999.000 -9999.000 -9999.000 -9999.000 -9999.000 -9999.000 -9999.000 -9999.000 -9999.000 -9999.000 -9999.000 -9999.000 -9999.000 -9999.000 -9999.000 -9999.000
-9999.000 -9999.000 -9999.000 -9999.000 -9999.000 -9999.000 -9999.000 -9999.000 -9999.000 -9999.000 -9999.000 -9999.000 -9999.000 -9999.000 -9999.000 0.9379520E-01 0.8874947E-01 0.8743480E-01 0.8829076E-01 0.9022795E-01 0.9243076E-01 0.9455276E-01 0.9637637E-01 0.9775117E-01 0.9874931E-01 0.9940928E-01 0.9987503E-01 0.1006005 0.1028962 0.1056521 0.1056521 -9999.000 -9999.000 -9999.000 -9999.000 -9999.000 -9999.000 -9999.000 -9999.000 -9999.000 -9999.000 -9999.000 -9999.000 -9999.000 -9999.000 -9999.000 -9999.000 -9999.000 -9999.000 -9999.000 -9999.000 -9999.000 -9999.000 -9999.000 -9999.000 -9999.000 -9999.000 -9999.000 -9999.000 -9999.000
-9999.000 -9999.000 -9999.000 -9999.000 -9999.000 -9999.000 -9999.000 -9999.000 -9999.000 -9999.000 -9999.000 -9999.000 -9999.000 -9999.000 -9999.000 0.9190198E-01 0.8409284E-01 0.8199016E-01 0.8334688E-01 0.8642428E-01 0.8995260E-01 0.9341792E-01 0.9650040E-01 0.9896739E-01 0.1009259 0.1024179 0.1036490 0.1053229 0.1095217 0.1148558 0.1148558 -9999.000 -9999.000 -9999.000 -9999.000 -9999.000 -9999.000 -9999.000 -9999.000 -9999.000 -9999.000 -9999.000 -9999.000 -9999.000 -9999.000 -9999.000 -9999.000 -9999.000 -9999.000 -9999.000 -9999.000 -9999.000 -9999.000 -9999.000 -9999.000 -9999.000 -9999.000 -9999.000 -9999.000 -9999.000
-9999.000 -9999.000 -9999.000 -9999.000 -9999.000 -9999.000 -9999.000 -9999.000 -9999.000 -9999.000 -9999.000 -9999.000 -9999.000 -9999.000 -9999.000 0.8939045E-01 0.7888085E-01 0.7599051E-01 0.7787362E-01 0.8211583E-01 0.8699412E-01 0.9184263E-01 0.9625142E-01 0.9991113E-01 0.1029635 0.1054445 0.1076093 0.1104064 0.1167135 0.1251750 0.1251750 -9999.000 -9999.000 -9999.000 -9999.000 -9999.000 -9999.000 -9999.000 -9999.000 -9999.000 -9999.000 -9999.000 -9999.000 -9999.000 -9999.000 -9999.000 -9999.000 -9999.000 -9999.000 -9999.000 -9999.000 -9999.000 -9999.000 -9999.000 -9999.000 -9999.000 -9999.000 -9999.000 -9999.000 -9999.000
-9999.000 -9999.000 -9999.000 -9999.000 -9999.000 -9999.000 -9999.000 -9999.000 -9999.000 -9999.000 -9999.000 -9999.000 -9999.000 -9999.000 -9999.000 0.8648933E-01 0.7330825E-01 0.6964197E-01 0.7209256E-01 0.7753289E-01 0.8378220E-01 0.9003931E-01 0.9581476E-01 0.1007241 0.1049468 0.1085054 0.1117001 0.1157300 0.1243107 0.1364655 0.1364655 -9999.000 -9999.000 -9999.000 -9999.000 -9999.000 -9999.000 -9999.000 -9999.000 -9999.000 -9999.000 -9999.000 -9999.000 -9999.000 -9999.000 -9999.000 -9999.000 -9999.000 -9999.000 -9999.000 -9999.000 -9999.000 -9999.000 -9999.000 -9999.000 -9999.000 -9999.000 -9999.000 -9999.000 -9999.000
-9999.000 -9999.000 -9999.000 -9999.000 -9999.000 -9999.000 -9999.000 -9999.000 -9999.000 -9999.000 -9999.000 -9999.000 -9999.000 -9999.000 -9999.000 0.8327683E-01 0.6745420E-01 0.6304658E-01 0.6613058E-01 0.7281078E-01 0.8044953E-01 0.8813135E-01 0.9529719E-01 0.1014894 0.1069303 0.1116207 0.1159052 0.1212468 0.1322555 0.1487468 0.1487468 -9999.000 -9999.000 -9999.000 -9999.000 -9999.000 -9999.000 -9999.000 -9999.000 -9999.000 -9999.000 -9999.000 -9999.000 -9999.000 -9999.000 -9999.000 -9999.000 -9999.000 -9999.000 -9999.000 -9999.000 -9999.000 -9999.000 -9999.000 -9999.000 -9999.000 -9999.000 -9999.000 -9999.000 -9999.000
-9999.000 -9999.000 -9999.000 -9999.000 -9999.000 -9999.000 -9999.000 -9999.000 -9999.000 -9999.000 -9999.000 -9999.000 -9999.000 -9999.000 -9999.000 0.7976180E-01 0.6134360E-01 0.5626244E-01 0.6007290E-01 0.6803852E-01 0.7707687E-01 0.8618878E-01 0.9475753E-01 0.1022529 0.1089435 0.1148022 0.1202187 0.1269374 0.1405364 0.1621365 0.1621365 -9999.000 -9999.000 -9999.000 -9999.000 -9999.000 -9999.000 -9999.000 -9999.000 -9999.000 -9999.000 -9999.000 -9999.000 -9999.000 -9999.000 -9999.000 -9999.000 -9999.000 -9999.000 -9999.000 -9999.000 -9999.000 -9999.000 -9999.000 -9999.000 -9999.000 -9999.000 -9999.000 -9999.000 -9999.000
-9999.000 -9999.000 -9999.000 -9999.000 -9999.000 -9999.000 -9999.000 -9999.000 -9999.000 -9999.000 -9999.000 -9999.000 -9999.000 -9999.000 -9999.000 0.7591941E-01 0.5497783E-01 0.4933992E-01 0.5400334E-01 0.6329299E-01 0.7372513E-01 0.8425863E-01 0.9423193E-01 0.1030398 0.1110029 0.1180563 0.1246376 0.1327958 0.1491645 0.1768268 0.1768268 -9999.000 -9999.000 -9999.000 -9999.000 -9999.000 -9999.000 -9999.000 -9999.000 -9999.000 -9999.000 -9999.000 -9999.000 -9999.000 -9999.000 -9999.000 -9999.000 -9999.000 -9999.000 -9999.000 -9999.000 -9999.000 -9999.000 -9999.000 -9999.000 -9999.000 -9999.000 -9999.000 -9999.000 -9999.000
-9999.000 -9999.000 -9999.000 -9999.000 -9999.000 -9999.000 -9999.000 -9999.000 -9999.000 -9999.000 -9999.000 -9999.000 -9999.000 -9999.000 -9999.000 0.7170582E-01 0.4835082E-01 0.4235485E-01 0.4803768E-01 0.5866430E-01 0.7045437E-01 0.8238127E-01 0.9374835E-01 0.1038687 0.1131203 0.1213873 0.1291602 0.1388195 0.1581618 0.1930850 0.1930850 -9999.000 -9999.000 -9999.000 -9999.000 -9999.000 -9999.000 -9999.000 -9999.000 -9999.000 -9999.000 -9999.000 -9999.000 -9999.000 -9999.000 -9999.000 -9999.000 -9999.000 -9999.000 -9999.000 -9999.000 -9999.000 -9999.000 -9999.000 -9999.000 -9999.000 -9999.000 -9999.000 -9999.000 -9999.000
-9999.000 -9999.000 -9999.000 -9999.000 -9999.000 -9999.000 -9999.000 -9999.000 -9999.000 -9999.000 -9999.000 -9999.000 -9999.000 -9999.000 -9999.000 0.6706364E-01 0.4146084E-01 0.3545789E-01 0.4236423E-01 0.5427517E-01 0.6733678E-01 0.8060117E-01 0.9333563E-01 0.1047585 0.1153068 0.1247998 0.1337851 0.1450094 0.1675585 0.2112715 0.2112715 -9999.000 -9999.000 -9999.000 -9999.000 -9999.000 -9999.000 -9999.000 -9999.000 -9999.000 -9999.000 -9999.000 -9999.000 -9999.000 -9999.000 -9999.000 -9999.000 -9999.000 -9999.000 -9999.000 -9999.000 -9999.000 -9999.000 -9999.000 -9999.000 -9999.000 -9999.000 -9999.000 -9999.000 -9999.000
-9999.000 -9999.000 -9999.000 -9999.000 -9999.000 -9999.000 -9999.000 -9999.000 -9999.000 -9999.000 -9999.000 -9999.000 -9999.000 -9999.000 -9999.000 0.6192377E-01 0.3433120E-01 0.2898401E-01 0.3730754E-01 0.5030503E-01 0.6447072E-01 0.7897656E-01 0.9303189E-01 0.1057341 0.1175796 0.1283024 0.1385143 0.1513682 0.1773908 0.2318744 0.2318744 -9999.000 -9999.000 -9999.000 -9999.000 -9999.000 -9999.000 -9999.000 -9999.000 -9999.000 -9999.000 -9999.000 -9999.000 -9999.000 -9999.000 -9999.000 -9999.000 -9999.000 -9999.000 -9999.000 -9999.000 -9999.000 -9999.000 -9999.000 -9999.000 -9999.000 -9999.000 -9999.000 -9999.000 -9999.000
-9999.000 -9999.000 -9999.000 -9999.000 -9999.000 -9999.000 -9999.000 -9999.000 -9999.000 -9999.000 -9999.000 -9999.000 -9999.000 -9999.000 -9999.000 0.5620261E-01 0.2706398E-01 0.2369897E-01 0.3341375E-01 0.4701788E-01 0.6199487E-01 0.7759010E-01 0.9289252E-01 0.1068345 0.1199665 0.1319128 0.1433568 0.1579046 0.1877027 0.2555652 0.2555652 -9999.000 -9999.000 -9999.000 -9999.000 -9999.000 -9999.000 -9999.000 -9999.000 -9999.000 -9999.000 -9999.000 -9999.000 -9999.000 -9999.000 -9999.000 -9999.000 -9999.000 -9999.000 -9999.000 -9999.000 -9999.000 -9999.000 -9999.000 -9999.000 -9999.000 -9999.000 -9999.000 -9999.000 -9999.000
-9999.000 -9999.000 -9999.000 -9999.000 -9999.000 -9999.000 -9999.000 -9999.000 -9999.000 -9999.000 -9999.000 -9999.000 -9999.000 -9999.000 -9999.000 0.4980017E-01 0.2003084E-01 0.2114397E-01 0.3149373E-01 0.4479615E-01 0.6011597E-01 0.7657064E-01 0.9300795E-01 0.1081273 0.1225208 0.1356691 0.1483380 0.1646399 0.1985510 0.2832948 0.2832948 -9999.000 -9999.000 -9999.000 -9999.000 -9999.000 -9999.000 -9999.000 -9999.000 -9999.000 -9999.000 -9999.000 -9999.000 -9999.000 -9999.000 -9999.000 -9999.000 -9999.000 -9999.000 -9999.000 -9999.000 -9999.000 -9999.000 -9999.000 -9999.000 -9999.000 -9999.000 -9999.000 -9999.000 -9999.000
-9999.000 -9999.000 -9999.000 -9999.000 -9999.000 -9999.000 -9999.000 -9999.000 -9999.000 -9999.000 -9999.000 -9999.000 -9999.000 -9999.000 -9999.000 0.4233766E-01 0.1530742E-01 0.2434994E-01 0.3360479E-01 0.4517216E-01 0.5994552E-01 0.7673031E-01 0.9398160E-01 0.1100672 0.1255857 0.1398280 0.1536468 0.1717129 0.2100710 0.3164994 0.3164994 -9999.000 -9999.000 -9999.000 -9999.000 -9999.000 -9999.000 -9999.000 -9999.000 -9999.000 -9999.000 -9999.000 -9999.000 -9999.000 -9999.000 -9999.000 -9999.000 -9999.000 -9999.000 -9999.000 -9999.000 -9999.000 -9999.000 -9999.000 -9999.000 -9999.000 -9999.000 -9999.000 -9999.000 -9999.000
-9999.000 -9999.000 -9999.000 -9999.000 -9999.000 -9999.000 -9999.000 -9999.000 -9999.000 -9999.000 -9999.000 -9999.000 -9999.000 -9999.000 -9999.000 0.6678461E-01 0.1016753 0.1161266 0.1079354 0.1017970 0.1003727 0.1039361 0.1118554 0.1219759 0.1340079 0.1463813 0.1595257 0.1784034 0.2212117 0.3544433 0.3544433 -9999.000 -9999.000 -9999.000 -9999.000 -9999.000 -9999.000 -9999.000 -9999.000 -9999.000 -9999.000 -9999.000 -9999.000 -9999.000 -9999.000 -9999.000 -9999.000 -9999.000 -9999.000 -9999.000 -9999.000 -9999.000 -9999.000 -9999.000 -9999.000 -9999.000 -9999.000 -9999.000 -9999.000 -9999.000
2.782936 2.782936 2.784431 2.800845 2.819805 2.819805 2.822711 2.823122 2.823122 2.820061 2.820061 2.814492 2.810997 2.807135 2.803169 2.803169 2.921436 2.924795 2.925755 2.906357 2.865627 2.803681 2.719265 2.611900 2.485214 2.340158 2.180923 2.017508 1.876393 1.832370 1.832370 2.654024 2.823934 2.920108 2.943727 2.943727 2.973582 2.973582 2.949989 2.949989 2.902266 2.711557 2.711557 2.293385 2.293385 2.032637 2.032637 2.032637 2.025412 2.025412 2.060751 2.060751 2.109456 2.109456 2.159152 2.159152 2.202919 2.202919 2.202919 2.236916
2.804289 2.804289 2.814190 2.853209 2.879184 2.879184 2.893973 2.916943 2.916943 2.935944 2.935944 2.952232 2.959604 2.966564 2.973362 2.973362 3.061798 3.078550 3.093284 3.102879 3.107010 3.104524 3.092927 3.069350 3.032027 2.978515 2.907618 2.820490 2.723906 2.654919 2.654919 3.092620 3.245179 3.392766 3.432789 3.432789 3.477135 3.477135 3.474588 3.474588 3.450898 3.343222 3.343222 3.113800 3.113800 2.859412 2.859412 2.859412 2.850473 2.850473 2.887791 2.887791 2.939602 2.939602 2.991868 2.991868 3.038802 3.038802 3.038802 3.077611
2.808873 2.808873 2.812194 2.854723 2.878800 2.878800 2.894418 2.918371 2.918371 2.937965 2.937965 2.954886 2.962617 2.969970 2.977219 2.977219 3.056909 3.085004 3.110600 3.132243 3.149701 3.162896 3.171187 3.173450 3.168735 3.155333 3.131571 3.096772 3.053705 3.022763 3.022763 3.270700 3.416370 3.585044 3.634121 3.634121 3.682452 3.682452 3.667876 3.667876 3.637036 3.537053 3.537053 3.382148 3.382148 3.155251 3.155251 3.155251 3.129829 3.129829 3.155484 3.155484 3.199061 3.199061 3.245222 3.245222 3.287546 3.287546 3.287546 3.322973
2.811851 2.811851 2.814139 2.854956 2.877644 2.877644 2.893705 2.918167 2.918167 2.937849 2.937849 2.954814 2.962575 2.969957 2.977282 2.977282 3.052075 3.089876 3.125629 3.157233 3.183892 3.205481 3.221931 3.233068 3.238895 3.239052 3.232970 3.220395 3.202986 3.193284 3.193284 3.345809 3.474724 3.647476 3.699608 3.699608 3.739712 3.739712 3.701246 3.701246 3.661625 3.574669 3.574669 3.479173 3.479173 3.298136 3.298136 3.298136 3.257473 3.257473 3.269352 3.269352 3.304723 3.304723 3.346189 3.346189 3.385432 3.385432 3.385432 3.418482
2.813250 2.813250 2.817453 2.854919 2.876780 2.876780 2.893209 2.918144 2.918144 2.937867 2.937867 2.954808 2.962564 2.969945 2.977347 2.977347 3.051394 3.097688 3.142733 3.183507 3.218704 3.247924 3.271105 3.288300 3.299780 3.305779 3.306477 3.302279 3.294793 3.292513 3.292513 3.389730 3.497450 3.658683 3.703690 3.703690 3.712539 3.712539 3.644797 3.644797 3.605556 3.550657 3.550657 3.509811 3.509811 3.386370 3.386370 3.386370 3.337353 3.337353 3.334153 3.334153 3.358808 3.358808 3.393986 3.393986 3.429251 3.429251 3.429251 3.459292
2.811474 2.811474 2.824041 2.855616 2.877051 2.877051 2.893760 2.919068 2.919068 2.938790 2.938790 2.955642 2.963348 2.970677 2.978137 2.978137 3.056386 3.110500 3.163913 3.212893 3.255816 3.292076 3.321539 3.344276 3.360567 3.370781 3.375348 3.374938 3.371094 3.369845 3.369845 3.430553 3.514275 3.644094 3.665934 3.665934 3.619426 3.619426 3.539786 3.539786 3.516511 3.507328 3.507328 3.511900 3.511900 3.446637 3.446637 3.446637 3.399493 3.399493 3.383861 3.383861 3.396087 3.396087 3.422650 3.422650 3.452071 3.452071 3.452071 3.477688
2.811368 2.811368 2.826851 2.855386 2.876622 2.876622 2.893515 2.919076 2.919076 2.938823 2.938823 2.955661 2.963364 2.970692 2.978314 2.978314 3.066851 3.128822 3.189963 3.246266 3.296027 3.338580 3.373760 3.401640 3.422460 3.436574 3.444438 3.446716 3.444715 3.442584 3.442584 3.477691 3.535230 3.603234 3.579794 3.579794 3.475146 3.475146 3.422567 3.422567 3.426313 3.462042 3.462042 3.499962 3.499962 3.485703 3.485703 3.485703 3.449816 3.449816 3.427731 3.427731 3.428101 3.428101 3.444300 3.444300 3.465871 3.465871 3.465871 3.485415
2.811333 2.811333 2.827780 2.855304 2.876477 2.876477 2.893429 2.919076 2.919076 2.938831 2.938831 2.955664 2.963367 2.970694 2.978545 2.978545 3.084399 3.154621 3.222943 3.285605 3.341099 3.388884 3.428868 3.461160 3.485990 3.503680 3.514626 3.519385 3.518929 3.515693 3.515693 3.531590 3.558456 3.515259 3.430430 3.430430 3.310102 3.310102 3.319228 3.319228 3.349572 3.419226 3.419226 3.479936 3.479936 3.506855 3.506855 3.506855 3.488021 3.488021 3.466517 3.466517 3.457910 3.457910 3.463217 3.463217 3.475250 3.475250 3.475250 3.487080
2.811368 2.811368 2.826851 2.855386 2.876623 2.876623 2.893515 2.919076 2.919076 2.938823 2.938823 2.955661 2.963366 2.970692 2.978862 2.978862 3.110588 3.189736 3.264791 3.332810 3.392802 3.444541 3.488128 3.523788 3.551794 3.572448 3.586094 3.593157 3.594182 3.589499 3.589499 3.587114 3.568944 3.351760 3.224171 3.224171 3.163751 3.163751 3.240835 3.240835 3.289171 3.379959 3.379959 3.455729 3.455729 3.514013 3.514013 3.514013 3.513854 3.513854 3.498748 3.498748 3.485451 3.485451 3.480734 3.480734 3.482201 3.482201 3.482201 3.484902
2.811473 2.811473 2.824041 2.855617 2.877050 2.877050 2.893760 2.919069 2.919069 2.938789 2.938789 2.955642 2.963349 2.970678 2.979288 2.979288 3.147731 3.236537 3.317812 3.390043 3.453094 3.507266 3.552985 3.590669 3.620694 3.643388 3.659060 3.668004 3.670081 3.661510 3.661510 3.630052 3.528182 3.113838 3.007949 3.007949 3.057961 3.057961 3.179678 3.179678 3.237703 3.340960 3.340960 3.427136 3.427136 3.508759 3.508759 3.508759 3.525965 3.525965 3.520700 3.520700 3.507046 3.507046 3.494400 3.494400 3.485261 3.485261 3.485261 3.478015
2.813251 2.813251 2.817453 2.854919 2.876780 2.876780 2.893208 2.918144 2.918144 2.937867 2.937867 2.954808 2.962565 2.969946 2.979223 2.979223 3.198890 3.297875 3.384562 3.459557 3.523945 3.578763 3.624880 3.662983 3.693599 3.717126 3.733869 3.743932 3.745465 3.722860 3.722860 3.620954 3.370521 2.860832 2.842471 2.842471 2.983831 2.983831 3.125916 3.125916 3.188764 3.299723 3.299723 3.393374 3.393374 3.491882 3.491882 3.491882 3.523524 3.523524 3.528989 3.528989 3.517981 3.517981 3.500035 3.500035 3.481188 3.481188 3.481188 3.463941
2.811851 2.811851 2.814139 2.854956 2.877645 2.877645 2.893705 2.918167 2.918167 2.937848 2.937848 2.954813 2.962575 2.969957 2.980078 2.980078 3.270709 3.379339 3.469590 3.545023 3.608314 3.661417 3.705734 3.742265 3.771709 3.794548 3.811094 3.820966 3.816073 3.740269 3.740269 3.471775 3.056715 2.681056 2.735671 2.735671 2.917440 2.917440 3.068013 3.068013 3.133647 3.250155 3.250155 3.349456 3.349456 3.460011 3.460011 3.460011 3.502745 3.502745 3.517923 3.517923 3.511063 3.511063 3.490181 3.490181 3.463227 3.463227 3.463227 3.436809
