cruce_test.gid/Rasters/Hydraulic/Velocity____35.0.asc
NCOLS        79
NROWS        79
XLLCENTER         -1.500000
YLLCENTER         -4.800000
CELLSIZE           0.100
NODATA_VALUE     -9999.0
[rows 0 to 26 of 79, columns 0 to 59 of 79]
-9999.000 -9999.000 -9999.000 -9999.000 -9999.000 -9999.000 -9999.000 -9999.000 -9999.000 -9999.000 -9999.000 -9999.000 -9999.000 -9999.000 -9999.000 0.3300274 0.3294671 0.3298074 0.3303884 0.3310894 0.3318765 0.3327289 0.3336279 0.3345565 0.3355002 0.3364502 0.3374083 0.3383909 0.3393331 0.3356683 0.3356683 -9999.000 -9999.000 -9999.000 -9999.000 -9999.000 -9999.000 -9999.000 -9999.000 -9999.000 -9999.000 -9999.000 -9999.000 -9999.000 -9999.000 -9999.000 -9999.000 -9999.000 -9999.000 -9999.000 -9999.000 -9999.000 -9999.000 -9999.000 -9999.000 -9999.000 -9999.000 -9999.000 -9999.000 -9999.000
-9999.000 -9999.000 -9999.000 -9999.000 -9999.000 -9999.000 -9999.000 -9999.000 -9999.000 -9999.000 -9999.000 -9999.000 -9999.000 -9999.000 -9999.000 0.3239585 0.3221259 0.3226956 0.3236988 0.3248812 0.3261757 0.3275481 0.3289731 0.3304334 0.3319216 0.3334461 0.3350380 0.3367531 0.3384596 0.3314635 0.3314635 -9999.000 -9999.000 -9999.000 -9999.000 -9999.000 -9999.000 -9999.000 -9999.000 -9999.000 -9999.000 -9999.000 -9999.000 -9999.000 -9999.000 -9999.000 -9999.000 -9999.000 -9999.000 -9999.000 -9999.000 -9999.000 -9999.000 -9999.000 -9999.000 -9999.000 -9999.000 -9999.000 -9999.000 -9999.000
-9999.000 -9999.000 -9999.000 -9999.000 -9999.000 -9999.000 -9999.000 -9999.000 -9999.000 -9999.000 -9999.000 -9999.000 -9999.000 -9999.000 -9999.000 0.3158759 0.3123565 0.3133075 0.3150196 0.3170445 0.3192560 0.3215907 0.3240044 0.3264719 0.3289849 0.3315589 0.3342358 0.3370743 0.3397695 0.3288583 0.3288583 -9999.000 -9999.000 -9999.000 -9999.000 -9999.000 -9999.000 -9999.000 -9999.000 -9999.000 -9999.000 -9999.000 -9999.000 -9999.000 -9999.000 -9999.000 -9999.000 -9999.000 -9999.000 -9999.000 -9999.000 -9999.000 -9999.000 -9999.000 -9999.000 -9999.000 -9999.000 -9999.000 -9999.000 -9999.000
-9999.000 -9999.000 -9999.000 -9999.000 -9999.000 -9999.000 -9999.000 -9999.000 -9999.000 -9999.000 -9999.000 -9999.000 -9999.000 -9999.000 -9999.000 0.3066493 0.3011641 0.3026279 0.3052687 0.3084053 0.3118384 0.3154627 0.3192067 0.3230269 0.3269069 0.3308621 0.3349388 0.3391945 0.3431314 0.3284146 0.3284146 -9999.000 -9999.000 -9999.000 -9999.000 -9999.000 -9999.000 -9999.000 -9999.000 -9999.000 -9999.000 -9999.000 -9999.000 -9999.000 -9999.000 -9999.000 -9999.000 -9999.000 -9999.000 -9999.000 -9999.000 -9999.000 -9999.000 -9999.000 -9999.000 -9999.000 -9999.000 -9999.000 -9999.000 -9999.000
-9999.000 -9999.000 -9999.000 -9999.000 -9999.000 -9999.000 -9999.000 -9999.000 -9999.000 -9999.000 -9999.000 -9999.000 -9999.000 -9999.000 -9999.000 0.2962576 0.2886087 0.2907192 0.2945024 0.2990085 0.3039507 0.3091725 0.3145673 0.3200680 0.3256456 0.3313127 0.3371201 0.3431258 0.3486158 0.3303058 0.3303058 -9999.000 -9999.000 -9999.000 -9999.000 -9999.000 -9999.000 -9999.000 -9999.000 -9999.000 -9999.000 -9999.000 -9999.000 -9999.000 -9999.000 -9999.000 -9999.000 -9999.000 -9999.000 -9999.000 -9999.000 -9999.000 -9999.000 -9999.000 -9999.000 -9999.000 -9999.000 -9999.000 -9999.000 -9999.000
-9999.000 -9999.000 -9999.000 -9999.000 -9999.000 -9999.000 -9999.000 -9999.000 -9999.000 -9999.000 -9999.000 -9999.000 -9999.000 -9999.000 -9999.000 0.2845965 0.2747128 0.2776161 0.2827572 0.2888866 0.2956174 0.3027344 0.3100908 0.3175928 0.3251988 0.3329207 0.3408183 0.3489550 0.3563828 0.3348069 0.3348069 -9999.000 -9999.000 -9999.000 -9999.000 -9999.000 -9999.000 -9999.000 -9999.000 -9999.000 -9999.000 -9999.000 -9999.000 -9999.000 -9999.000 -9999.000 -9999.000 -9999.000 -9999.000 -9999.000 -9999.000 -9999.000 -9999.000 -9999.000 -9999.000 -9999.000 -9999.000 -9999.000 -9999.000 -9999.000
-9999.000 -9999.000 -9999.000 -9999.000 -9999.000 -9999.000 -9999.000 -9999.000 -9999.000 -9999.000 -9999.000 -9999.000 -9999.000 -9999.000 -9999.000 0.2714781 0.2594724 0.2633415 0.2700651 0.2780741 0.2868710 0.2961764 0.3058002 0.3156238 0.3255968 0.3357378 0.3461249 0.3568390 0.3666885 0.3423155 0.3423155 -9999.000 -9999.000 -9999.000 -9999.000 -9999.000 -9999.000 -9999.000 -9999.000 -9999.000 -9999.000 -9999.000 -9999.000 -9999.000 -9999.000 -9999.000 -9999.000 -9999.000 -9999.000 -9999.000 -9999.000 -9999.000 -9999.000 -9999.000 -9999.000 -9999.000 -9999.000 -9999.000 -9999.000 -9999.000
-9999.000 -9999.000 -9999.000 -9999.000 -9999.000 -9999.000 -9999.000 -9999.000 -9999.000 -9999.000 -9999.000 -9999.000 -9999.000 -9999.000 -9999.000 0.2566332 0.2428672 0.2479197 0.2564690 0.2666218 0.2777638 0.2895477 0.3017421 0.3142090 0.3268990 0.3398511 0.3531800 0.3670054 0.3798975 0.3533829 0.3533829 -9999.000 -9999.000 -9999.000 -9999.000 -9999.000 -9999.000 -9999.000 -9999.000 -9999.000 -9999.000 -9999.000 -9999.000 -9999.000 -9999.000 -9999.000 -9999.000 -9999.000 -9999.000 -9999.000 -9999.000 -9999.000 -9999.000 -9999.000 -9999.000 -9999.000 -9999.000 -9999.000 -9999.000 -9999.000
-9999.000 -9999.000 -9999.000 -9999.000 -9999.000 -9999.000 -9999.000 -9999.000 -9999.000 -9999.000 -9999.000 -9999.000 -9999.000 -9999.000 -9999.000 0.2397134 0.2248668 0.2313907 0.2420390 0.2546140 0.2683827 0.2829315 0.2979946 0.3134265 0.3291959 0.3453849 0.3621743 0.3797610 0.3965101 0.3687764 0.3687764 -9999.000 -9999.000 -9999.000 -9999.000 -9999.000 -9999.000 -9999.000 -9999.000 -9999.000 -9999.000 -9999.000 -9999.000 -9999.000 -9999.000 -9999.000 -9999.000 -9999.000 -9999.000 -9999.000 -9999.000 -9999.000 -9999.000 -9999.000 -9999.000 -9999.000 -9999.000 -9999.000 -9999.000 -9999.000
-9999.000 -9999.000 -9999.000 -9999.000 -9999.000 -9999.000 -9999.000 -9999.000 -9999.000 -9999.000 -9999.000 -9999.000 -9999.000 -9999.000 -9999.000 0.2202996 0.2054404 0.2138270 0.2268949 0.2421900 0.2588693 0.2764619 0.2946818 0.3133960 0.3326177 0.3525064 0.3733577 0.3955122 0.4172119 0.3895955 0.3895955 -9999.000 -9999.000 -9999.000 -9999.000 -9999.000 -9999.000 -9999.000 -9999.000 -9999.000 -9999.000 -9999.000 -9999.000 -9999.000 -9999.000 -9999.000 -9999.000 -9999.000 -9999.000 -9999.000 -9999.000 -9999.000 -9999.000 -9999.000 -9999.000 -9999.000 -9999.000 -9999.000 -9999.000 -9999.000
-9999.000 -9999.000 -9999.000 -9999.000 -9999.000 -9999.000 -9999.000 -9999.000 -9999.000 -9999.000 -9999.000 -9999.000 -9999.000 -9999.000 -9999.000 0.1979225 0.1845717 0.1953610 0.2112377 0.2295773 0.2494499 0.2703496 0.2919954 0.3142970 0.3373491 0.3614401 0.3870558 0.4147967 0.4429582 0.4174975 0.4174975 -9999.000 -9999.000 -9999.000 -9999.000 -9999.000 -9999.000 -9999.000 -9999.000 -9999.000 -9999.000 -9999.000 -9999.000 -9999.000 -9999.000 -9999.000 -9999.000 -9999.000 -9999.000 -9999.000 -9999.000 -9999.000 -9999.000 -9999.000 -9999.000 -9999.000 -9999.000 -9999.000 -9999.000 -9999.000
-9999.000 -9999.000 -9999.000 -9999.000 -9999.000 -9999.000 -9999.000 -9999.000 -9999.000 -9999.000 -9999.000 -9999.000 -9999.000 -9999.000 -9999.000 0.1721036 0.1622964 0.1762343 0.1954028 0.2171396 0.2404793 0.2649220 0.2902323 0.3164032 0.3436614 0.3724951 0.4036979 0.4383336 0.4751164 0.4551563 0.4551563 -9999.000 -9999.000 -9999.000 -9999.000 -9999.000 -9999.000 -9999.000 -9999.000 -9999.000 -9999.000 -9999.000 -9999.000 -9999.000 -9999.000 -9999.000 -9999.000 -9999.000 -9999.000 -9999.000 -9999.000 -9999.000 -9999.000 -9999.000 -9999.000 -9999.000 -9999.000 -9999.000 -9999.000 -9999.000
-9999.000 -9999.000 -9999.000 -9999.000 -9999.000 -9999.000 -9999.000 -9999.000 -9999.000 -9999.000 -9999.000 -9999.000 -9999.000 -9999.000 -9999.000 0.1424358 0.1387899 0.1568968 0.1799483 0.2054525 0.2325064 0.2606862 0.2898572 0.3201469 0.3519747 0.3861246 0.4238737 0.4671046 0.5157138 0.5073037 0.5073037 -9999.000 -9999.000 -9999.000 -9999.000 -9999.000 -9999.000 -9999.000 -9999.000 -9999.000 -9999.000 -9999.000 -9999.000 -9999.000 -9999.000 -9999.000 -9999.000 -9999.000 -9999.000 -9999.000 -9999.000 -9999.000 -9999.000 -9999.000 -9999.000 -9999.000 -9999.000 -9999.000 -9999.000 -9999.000
-9999.000 -9999.000 -9999.000 -9999.000 -9999.000 -9999.000 -9999.000 -9999.000 -9999.000 -9999.000 -9999.000 -9999.000 -9999.000 -9999.000 -9999.000 0.1087252 0.1146414 0.1382970 0.1659104 0.1955205 0.2264647 0.2585019 0.2916680 0.3262830 0.3630259 0.4030905 0.4484840 0.5025108 0.5678823 0.5835341 0.5835341 -9999.000 -9999.000 -9999.000 -9999.000 -9999.000 -9999.000 -9999.000 -9999.000 -9999.000 -9999.000 -9999.000 -9999.000 -9999.000 -9999.000 -9999.000 -9999.000 -9999.000 -9999.000 -9999.000 -9999.000 -9999.000 -9999.000 -9999.000 -9999.000 -9999.000 -9999.000 -9999.000 -9999.000 -9999.000
-9999.000 -9999.000 -9999.000 -9999.000 -9999.000 -9999.000 -9999.000 -9999.000 -9999.000 -9999.000 -9999.000 -9999.000 -9999.000 -9999.000 -9999.000 0.7220306E-01 0.9748197E-01 0.1299914 0.1626806 0.1956563 0.2292621 0.2638661 0.2999159 0.3380564 0.3793077 0.4253719 0.4792508 0.5465761 0.6363492 0.7067986 0.7067986 -9999.000 -9999.000 -9999.000 -9999.000 -9999.000 -9999.000 -9999.000 -9999.000 -9999.000 -9999.000 -9999.000 -9999.000 -9999.000 -9999.000 -9999.000 -9999.000 -9999.000 -9999.000 -9999.000 -9999.000 -9999.000 -9999.000 -9999.000 -9999.000 -9999.000 -9999.000 -9999.000 -9999.000 -9999.000
1.230196 1.230196 1.168244 1.130050 1.111705 1.111705 1.093333 1.054833 1.054833 1.010484 1.010484 0.9534742 0.9159640 0.8679150 0.8035162 0.8035162 0.6621950 0.6058338 0.5525069 0.5061536 0.4699793 0.4463573 0.4367280 0.4417536 0.4618163 0.4978926 0.5529434 0.6345199 0.7596833 0.9786057 0.9786057 1.419965 1.592202 1.690088 1.679151 1.679151 1.551342 1.551342 1.327221 1.327221 0.9763119 0.6179360 0.6179360 0.6159661 0.6159661 0.6569766 0.6569766 0.6569766 0.7111931 0.7111931 0.7541164 0.7541164 0.7907130 0.7907130 0.8354735 0.8354735 0.8659350 0.8659350 0.8659350 0.8903757
1.244799 1.244799 1.183401 1.155806 1.142536 1.142536 1.129026 1.099397 1.099397 1.062388 1.062388 1.012033 0.9800156 0.9433109 0.9034803 0.9034803 0.8425453 0.8117223 0.7760349 0.7371860 0.6977471 0.6610322 0.6308672 0.6113039 0.6063733 0.6200468 0.6566765 0.7223312 0.8268085 0.9863428 0.9863428 1.310413 1.437634 1.525390 1.538380 1.538380 1.525989 1.525989 1.467318 1.467318 1.346904 0.9492304 0.9492304 0.9397814 0.9397814 0.9742082 0.9742082 0.9742082 1.026027 1.026027 1.066277 1.066277 1.084963 1.084963 1.136276 1.136276 1.168735 1.168735 1.168735 1.195685
1.249523 1.249523 1.183708 1.156629 1.143770 1.143770 1.130820 1.103046 1.103046 1.069884 1.069884 1.027957 1.003210 0.9765378 0.9495741 0.9495741 0.9171159 0.9033726 0.8862097 0.8652809 0.8411713 0.8154171 0.7905250 0.7699389 0.7579466 0.7595562 0.7804768 0.8275297 0.9096905 1.040497 1.040497 1.322954 1.441172 1.526184 1.543973 1.543973 1.547456 1.547456 1.516658 1.516658 1.468065 1.194723 1.194723 1.115334 1.115334 1.130337 1.130337 1.130337 1.184264 1.184264 1.220132 1.220132 1.247088 1.247088 1.283791 1.283791 1.311183 1.311183 1.311183 1.333395
1.253839 1.253839 1.183965 1.157327 1.144829 1.144829 1.132384 1.106333 1.106333 1.076648 1.076648 1.041534 1.022035 1.001963 0.9825928 0.9825928 0.9646773 0.9598265 0.9536425 0.9452724 0.9344353 0.9215167 0.9077044 0.8951100 0.8868487 0.8870776 0.9010408 0.9353002 0.9984533 1.104215 1.104215 1.342217 1.454198 1.536180 1.551608 1.551608 1.551085 1.551085 1.532498 1.532498 1.515871 1.372885 1.372885 1.254981 1.254981 1.256364 1.256364 1.256364 1.297162 1.297162 1.328498 1.328498 1.352645 1.352645 1.381298 1.381298 1.404728 1.404728 1.404728 1.423450
1.257773 1.257773 1.184296 1.158223 1.146165 1.146165 1.134322 1.110239 1.110239 1.084220 1.084220 1.055530 1.040537 1.025751 1.012042 1.012042 1.004133 1.004340 1.004332 1.003493 1.001460 0.9982002 0.9941571 0.9904347 0.9889664 0.9926606 1.005552 1.033070 1.082753 1.167914 1.167914 1.363494 1.465361 1.535138 1.543071 1.543071 1.534370 1.534370 1.529209 1.529209 1.530696 1.481789 1.481789 1.382070 1.382070 1.352548 1.352548 1.352548 1.381205 1.381205 1.408228 1.408228 1.429995 1.429995 1.453114 1.453114 1.472953 1.472953 1.472953 1.488742
1.261258 1.261258 1.184684 1.159269 1.147707 1.147707 1.136531 1.114564 1.114564 1.092305 1.092305 1.069851 1.059065 1.049111 1.040493 1.040493 1.041644 1.045403 1.049077 1.052524 1.055674 1.058531 1.061283 1.064464 1.069151 1.077153 1.091239 1.115469 1.155974 1.225093 1.225093 1.382847 1.470193 1.516877 1.515062 1.515062 1.505220 1.505220 1.519625 1.519625 1.533827 1.539190 1.539190 1.485095 1.485095 1.435824 1.435824 1.435824 1.450758 1.450758 1.471753 1.471753 1.490583 1.490583 1.509411 1.509411 1.525870 1.525870 1.525870 1.539013
1.264208 1.264208 1.185105 1.160408 1.149371 1.149371 1.138893 1.119088 1.119088 1.100559 1.100559 1.084163 1.077469 1.072285 1.068861 1.068861 1.079800 1.086679 1.092854 1.098709 1.104598 1.110785 1.117491 1.125017 1.133899 1.145090 1.160237 1.182076 1.215289 1.270874 1.270874 1.394302 1.462394 1.477995 1.469836 1.469836 1.472840 1.472840 1.509887 1.509887 1.533330 1.567361 1.567361 1.556348 1.556348 1.509698 1.509698 1.509698 1.512223 1.512223 1.525563 1.525563 1.540292 1.540292 1.555130 1.555130 1.568332 1.568332 1.568332 1.578718
1.266527 1.266527 1.185539 1.161584 1.151075 1.151075 1.141293 1.123607 1.123607 1.108671 1.108671 1.098116 1.095466 1.095209 1.097542 1.097542 1.120197 1.130219 1.138330 1.145497 1.152549 1.160090 1.168516 1.178082 1.188985 1.201476 1.216153 1.234470 1.259715 1.301161 1.301161 1.390177 1.433681 1.420751 1.415361 1.415361 1.444090 1.444090 1.501588 1.501588 1.531446 1.580810 1.580810 1.599039 1.599039 1.571683 1.571683 1.571683 1.567167 1.567167 1.572959 1.572959 1.582561 1.582561 1.593135 1.593135 1.602797 1.602797 1.602797 1.610115
1.268114 1.268114 1.185968 1.162741 1.152745 1.152745 1.143628 1.127945 1.127945 1.116371 1.116371 1.111352 1.112695 1.117608 1.126630 1.126630 1.164312 1.177658 1.187345 1.195064 1.202181 1.209676 1.218167 1.227937 1.238909 1.250561 1.262264 1.274036 1.287852 1.311308 1.311308 1.361888 1.377183 1.354543 1.361359 1.361359 1.420831 1.420831 1.493924 1.493924 1.528154 1.586274 1.586274 1.621802 1.621802 1.618838 1.618838 1.618838 1.614153 1.614153 1.614698 1.614698 1.619051 1.619051 1.625000 1.625000 1.630633 1.630633 1.630633 1.634612
1.268866 1.268866 1.186376 1.163833 1.154311 1.154311 1.145807 1.131949 1.131949 1.123424 1.123424 1.123516 1.128717 1.138984 1.155851 1.155851 1.213888 1.230718 1.241583 1.249132 1.255376 1.261718 1.269011 1.277575 1.286982 1.295482 1.300516 1.300225 1.295846 1.295490 1.295490 1.306398 1.294618 1.291074 1.308893 1.308893 1.399758 1.399758 1.484750 1.484750 1.522332 1.586342 1.586342 1.632111 1.632111 1.651062 1.651062 1.651062 1.651452 1.651452 1.650247 1.650247 1.650373 1.650373 1.651683 1.651683 1.652976 1.652976 1.652976 1.653340
1.268687 1.268687 1.186749 1.164816 1.155714 1.155714 1.147749 1.135490 1.135490 1.129631 1.129631 1.134277 1.143056 1.158617 1.184301 1.184301 1.271197 1.291483 1.302919 1.309413 1.313769 1.317895 1.322905 1.329146 1.335640 1.338167 1.330555 1.308863 1.276200 1.243929 1.243929 1.217250 1.200858 1.236577 1.275791 1.275791 1.381505 1.381505 1.476552 1.476552 1.516649 1.584538 1.584538 1.636258 1.636258 1.671605 1.671605 1.671605 1.679185 1.679185 1.679285 1.679285 1.676907 1.676907 1.674107 1.674107 1.671021 1.671021 1.671021 1.667603
1.267493 1.267493 1.187076 1.165656 1.156904 1.156904 1.149390 1.138463 1.138463 1.134833 1.134833 1.143356 1.155272 1.175655 1.209993 1.209993 1.339384 1.362656 1.373699 1.377970 1.379133 1.379799 1.381395 1.384336 1.386826 1.379052 1.348192 1.291549 1.221730 1.156681 1.156681 1.107840 1.108190 1.189679 1.242960 1.242960 1.362350 1.362350 1.468402 1.468402 1.510352 1.580718 1.580718 1.635935 1.635935 1.682459 1.682459 1.682459 1.696965 1.696965 1.700116 1.700116 1.696984 1.696984 1.691064 1.691064 1.684011 1.684011 1.684011 1.676971
