cruce_test.gid/Rasters/Hydraulic/Velocity__y_180.0.asc
NCOLS        79
NROWS        79
XLLCENTER         -1.500000
YLLCENTER         -4.800000
CELLSIZE           0.100
NODATA_VALUE     -9999.0
[rows 0 to 26 of 79, columns 0 to 58 of 79]
-9999.000 -9999.000 -9999.000 -9999.000 -9999.000 -9999.000 -9999.000 -9999.000 -9999.000 -9999.000 -9999.000 -9999.000 -9999.000 -9999.000 -9999.000 -0.9608359E-01 -0.9360524E-01 -0.9265925E-01 -0.9247087E-01 -0.9290427E-01 -0.9354208E-01 -0.9421999E-01 -0.9489650E-01 -0.9549561E-01 -0.9601384E-01 -0.9647746E-01 -0.9691411E-01 -0.9748290E-01 -0.9874972E-01 -0.9997464E-01 -0.9997464E-01 -9999.000 -9999.000 -9999.000 -9999.000 -9999.000 -9999.000 -9999.000 -9999.000 -9999.000 -9999.000 -9999.000 -9999.000 -9999.000 -9999.000 -9999.000 -9999.000 -9999.000 -9999.000 -9999.000 -9999.000 -9999.000 -9999.000 -9999.000 -9999.000 -9999.000 -9999.000 -9999.000 -9999.000
-9999.000 -9999.000 -9999.000 -9999.000 -9999.000 -9999.000 -9999.000 -9999.000 -9999.000 -9999.000 -9999.000 -9999.000 -9999.000 -9999.000 -9999.000 -0.9546015E-01 -0.9028095E-01 -0.8826298E-01 -0.8788179E-01 -0.8886123E-01 -0.9031456E-01 -0.9188399E-01 -0.9347079E-01 -0.9490538E-01 -0.9617230E-01 -0.9732083E-01 -0.9840489E-01 -0.9975335E-01 -0.1025474 -0.1055437 -0.1055437 -9999.000 -9999.000 -9999.000 -9999.000 -9999.000 -9999.000 -9999.000 -9999.000 -9999.000 -9999.000 -9999.000 -9999.000 -9999.000 -9999.000 -9999.000 -9999.000 -9999.000 -9999.000 -9999.000 -9999.000 -9999.000 -9999.000 -9999.000 -9999.000 -9999.000 -9999.000 -9999.000 -9999.000
-9999.000 -9999.000 -9999.000 -9999.000 -9999.000 -9999.000 -9999.000 -9999.000 -9999.000 -9999.000 -9999.000 -9999.000 -9999.000 -9999.000 -9999.000 -0.9361369E-01 -0.8551853E-01 -0.8227943E-01 -0.8173139E-01 -0.8344975E-01 -0.8600175E-01 -0.8879598E-01 -0.9165686E-01 -0.9429442E-01 -0.9666824E-01 -0.9884484E-01 -0.1008977 -0.1033432 -0.1080601 -0.1135605 -0.1135605 -9999.000 -9999.000 -9999.000 -9999.000 -9999.000 -9999.000 -9999.000 -9999.000 -9999.000 -9999.000 -9999.000 -9999.000 -9999.000 -9999.000 -9999.000 -9999.000 -9999.000 -9999.000 -9999.000 -9999.000 -9999.000 -9999.000 -9999.000 -9999.000 -9999.000 -9999.000 -9999.000 -9999.000
-9999.000 -9999.000 -9999.000 -9999.000 -9999.000 -9999.000 -9999.000 -9999.000 -9999.000 -9999.000 -9999.000 -9999.000 -9999.000 -9999.000 -9999.000 -0.9121700E-01 -0.8024069E-01 -0.7578278E-01 -0.7510703E-01 -0.7764487E-01 -0.8139421E-01 -0.8552309E-01 -0.8977649E-01 -0.9373675E-01 -0.9733439E-01 -0.1006508 -0.1037744 -0.1074136 -0.1141788 -0.1226709 -0.1226709 -9999.000 -9999.000 -9999.000 -9999.000 -9999.000 -9999.000 -9999.000 -9999.000 -9999.000 -9999.000 -9999.000 -9999.000 -9999.000 -9999.000 -9999.000 -9999.000 -9999.000 -9999.000 -9999.000 -9999.000 -9999.000 -9999.000 -9999.000 -9999.000 -9999.000 -9999.000 -9999.000 -9999.000
-9999.000 -9999.000 -9999.000 -9999.000 -9999.000 -9999.000 -9999.000 -9999.000 -9999.000 -9999.000 -9999.000 -9999.000 -9999.000 -9999.000 -9999.000 -0.8850162E-01 -0.7463194E-01 -0.6893829E-01 -0.6814940E-01 -0.7156102E-01 -0.7657456E-01 -0.8211000E-01 -0.8783296E-01 -0.9319106E-01 -0.9808465E-01 -0.1026106 -0.1068704 -0.1117743 -0.1207104 -0.1327145 -0.1327145 -9999.000 -9999.000 -9999.000 -9999.000 -9999.000 -9999.000 -9999.000 -9999.000 -9999.000 -9999.000 -9999.000 -9999.000 -9999.000 -9999.000 -9999.000 -9999.000 -9999.000 -9999.000 -9999.000 -9999.000 -9999.000 -9999.000 -9999.000 -9999.000 -9999.000 -9999.000 -9999.000 -9999.000
-9999.000 -9999.000 -9999.000 -9999.000 -9999.000 -9999.000 -9999.000 -9999.000 -9999.000 -9999.000 -9999.000 -9999.000 -9999.000 -9999.000 -9999.000 -0.8555580E-01 -0.6876637E-01 -0.6181439E-01 -0.6091632E-01 -0.6524522E-01 -0.7157531E-01 -0.7857199E-01 -0.8582277E-01 -0.9263343E-01 -0.9887464E-01 -0.1046614 -0.1101072 -0.1163376 -0.1275744 -0.1436898 -0.1436898 -9999.000 -9999.000 -9999.000 -9999.000 -9999.000 -9999.000 -9999.000 -9999.000 -9999.000 -9999.000 -9999.000 -9999.000 -9999.000 -9999.000 -9999.000 -9999.000 -9999.000 -9999.000 -9999.000 -9999.000 -9999.000 -9999.000 -9999.000 -9999.000 -9999.000 -9999.000 -9999.000 -9999.000
-9999.000 -9999.000 -9999.000 -9999.000 -9999.000 -9999.000 -9999.000 -9999.000 -9999.000 -9999.000 -9999.000 -9999.000 -9999.000 -9999.000 -9999.000 -0.8240180E-01 -0.6266491E-01 -0.5443166E-01 -0.5342439E-01 -0.5871187E-01 -0.6640607E-01 -0.7491104E-01 -0.8373942E-01 -0.9204785E-01 -0.9967839E-01 -0.1067686 -0.1134430 -0.1210594 -0.1347421 -0.1556877 -0.1556877 -9999.000 -9999.000 -9999.000 -9999.000 -9999.000 -9999.000 -9999.000 -9999.000 -9999.000 -9999.000 -9999.000 -9999.000 -9999.000 -9999.000 -9999.000 -9999.000 -9999.000 -9999.000 -9999.000 -9999.000 -9999.000 -9999.000 -9999.000 -9999.000 -9999.000 -9999.000 -9999.000 -9999.000
-9999.000 -9999.000 -9999.000 -9999.000 -9999.000 -9999.000 -9999.000 -9999.000 -9999.000 -9999.000 -9999.000 -9999.000 -9999.000 -9999.000 -9999.000 -0.7902859E-01 -0.5632283E-01 -0.4678696E-01 -0.4567014E-01 -0.5195925E-01 -0.6106364E-01 -0.7112096E-01 -0.8157341E-01 -0.9142004E-01 -0.1004763 -0.1089085 -0.1168504 -0.1259138 -0.1422078 -0.1688661 -0.1688661 -9999.000 -9999.000 -9999.000 -9999.000 -9999.000 -9999.000 -9999.000 -9999.000 -9999.000 -9999.000 -9999.000 -9999.000 -9999.000 -9999.000 -9999.000 -9999.000 -9999.000 -9999.000 -9999.000 -9999.000 -9999.000 -9999.000 -9999.000 -9999.000 -9999.000 -9999.000 -9999.000 -9999.000
-9999.000 -9999.000 -9999.000 -9999.000 -9999.000 -9999.000 -9999.000 -9999.000 -9999.000 -9999.000 -9999.000 -9999.000 -9999.000 -9999.000 -9999.000 -0.7540625E-01 -0.4972073E-01 -0.3886423E-01 -0.3763838E-01 -0.4497608E-01 -0.5553789E-01 -0.6719041E-01 -0.7931203E-01 -0.9073422E-01 -0.1012488 -0.1110586 -0.1203052 -0.1308796 -0.1499758 -0.1834476 -0.1834476 -9999.000 -9999.000 -9999.000 -9999.000 -9999.000 -9999.000 -9999.000 -9999.000 -9999.000 -9999.000 -9999.000 -9999.000 -9999.000 -9999.000 -9999.000 -9999.000 -9999.000 -9999.000 -9999.000 -9999.000 -9999.000 -9999.000 -9999.000 -9999.000 -9999.000 -9999.000 -9999.000 -9999.000
-9999.000 -9999.000 -9999.000 -9999.000 -9999.000 -9999.000 -9999.000 -9999.000 -9999.000 -9999.000 -9999.000 -9999.000 -9999.000 -9999.000 -9999.000 -0.7149180E-01 -0.4282865E-01 -0.3063830E-01 -0.2930633E-01 -0.3774454E-01 -0.4981280E-01 -0.6310294E-01 -0.7693847E-01 -0.8997086E-01 -0.1019726 -0.1131938 -0.1237799 -0.1359336 -0.1580530 -0.1997305 -0.1997305 -9999.000 -9999.000 -9999.000 -9999.000 -9999.000 -9999.000 -9999.000 -9999.000 -9999.000 -9999.000 -9999.000 -9999.000 -9999.000 -9999.000 -9999.000 -9999.000 -9999.000 -9999.000 -9999.000 -9999.000 -9999.000 -9999.000 -9999.000 -9999.000 -9999.000 -9999.000 -9999.000 -9999.000
-9999.000 -9999.000 -9999.000 -9999.000 -9999.000 -9999.000 -9999.000 -9999.000 -9999.000 -9999.000 -9999.000 -9999.000 -9999.000 -9999.000 -9999.000 -0.6722992E-01 -0.3560727E-01 -0.2207528E-01 -0.2064335E-01 -0.3024061E-01 -0.4386625E-01 -0.5883646E-01 -0.7442972E-01 -0.8910410E-01 -0.1026181 -0.1152807 -0.1272389 -0.1410447 -0.1664439 -0.2181150 -0.2181150 -9999.000 -9999.000 -9999.000 -9999.000 -9999.000 -9999.000 -9999.000 -9999.000 -9999.000 -9999.000 -9999.000 -9999.000 -9999.000 -9999.000 -9999.000 -9999.000 -9999.000 -9999.000 -9999.000 -9999.000 -9999.000 -9999.000 -9999.000 -9999.000 -9999.000 -9999.000 -9999.000 -9999.000
-9999.000 -9999.000 -9999.000 -9999.000 -9999.000 -9999.000 -9999.000 -9999.000 -9999.000 -9999.000 -9999.000 -9999.000 -9999.000 -9999.000 -9999.000 -0.6255053E-01 -0.2800604E-01 -0.1313115E-01 -0.1160978E-01 -0.2243237E-01 -0.3766936E-01 -0.5436072E-01 -0.7175467E-01 -0.8809868E-01 -0.1031444 -0.1172753 -0.1306329 -0.1461678 -0.1751449 -0.2391451 -0.2391451 -9999.000 -9999.000 -9999.000 -9999.000 -9999.000 -9999.000 -9999.000 -9999.000 -9999.000 -9999.000 -9999.000 -9999.000 -9999.000 -9999.000 -9999.000 -9999.000 -9999.000 -9999.000 -9999.000 -9999.000 -9999.000 -9999.000 -9999.000 -9999.000 -9999.000 -9999.000 -9999.000 -9999.000
-9999.000 -9999.000 -9999.000 -9999.000 -9999.000 -9999.000 -9999.000 -9999.000 -9999.000 -9999.000 -9999.000 -9999.000 -9999.000 -9999.000 -9999.000 -0.5735918E-01 -0.1995493E-01 -0.3744271E-02 -0.2152869E-02 -0.1427853E-01 -0.3118298E-01 -0.4963598E-01 -0.6887203E-01 -0.8690746E-01 -0.1034961 -0.1191146 -0.1338913 -0.1512352 -0.1841378 -0.2635756 -0.2635756 -9999.000 -9999.000 -9999.000 -9999.000 -9999.000 -9999.000 -9999.000 -9999.000 -9999.000 -9999.000 -9999.000 -9999.000 -9999.000 -9999.000 -9999.000 -9999.000 -9999.000 -9999.000 -9999.000 -9999.000 -9999.000 -9999.000 -9999.000 -9999.000 -9999.000 -9999.000 -9999.000 -9999.000
-9999.000 -9999.000 -9999.000 -9999.000 -9999.000 -9999.000 -9999.000 -9999.000 -9999.000 -9999.000 -9999.000 -9999.000 -9999.000 -9999.000 -9999.000 -0.5099044E-01 -0.1094864E-01 0.6394196E-02 0.7768552E-02 -0.5858474E-02 -0.2449789E-01 -0.4474659E-01 -0.6585142E-01 -0.8557531E-01 -0.1036899 -0.1207905 -0.1369812 -0.1562038 -0.1934315 -0.2925543 -0.2925543 -9999.000 -9999.000 -9999.000 -9999.000 -9999.000 -9999.000 -9999.000 -9999.000 -9999.000 -9999.000 -9999.000 -9999.000 -9999.000 -9999.000 -9999.000 -9999.000 -9999.000 -9999.000 -9999.000 -9999.000 -9999.000 -9999.000 -9999.000 -9999.000 -9999.000 -9999.000 -9999.000 -9999.000
-9999.000 -9999.000 -9999.000 -9999.000 -9999.000 -9999.000 -9999.000 -9999.000 -9999.000 -9999.000 -9999.000 -9999.000 -9999.000 -9999.000 -9999.000 -0.4749055E-02 0.1319269E-01 0.1765137E-01 0.9914853E-02 -0.7194594E-02 -0.2615382E-01 -0.4673203E-01 -0.6831718E-01 -0.8845989E-01 -0.1070027 -0.1246806 -0.1415319 -0.1620706 -0.2033938 -0.3257742 -0.3257742 -9999.000 -9999.000 -9999.000 -9999.000 -9999.000 -9999.000 -9999.000 -9999.000 -9999.000 -9999.000 -9999.000 -9999.000 -9999.000 -9999.000 -9999.000 -9999.000 -9999.000 -9999.000 -9999.000 -9999.000 -9999.000 -9999.000 -9999.000 -9999.000 -9999.000 -9999.000 -9999.000 -9999.000
-0.3712662E-02 -0.3712662E-02 -0.4881725E-02 -0.6571021E-02 -0.6442350E-02 -0.6442350E-02 -0.6392310E-02 -0.6364841E-02 -0.6364841E-02 -0.6344567E-02 -0.6344567E-02 -0.6314594E-02 -0.6297548E-02 -0.6279608E-02 -0.6261146E-02 -0.6261146E-02 0.2874828E-01 0.2509687E-01 0.1197985E-01 -0.8221206E-02 -0.3276704E-01 -0.6070653E-01 -0.9093864E-01 -0.1217543 -0.1518506 -0.1804880 -0.2070621 -0.2327053 -0.2643348 -0.3338483 -0.3338483 -0.1876552 -0.1022805 -0.3691860E-01 -0.2819373E-01 -0.2819373E-01 -0.2219273E-01 -0.2219273E-01 -0.1159635E-01 -0.1159635E-01 -0.1523288E-02 0.2380705E-01 0.2380705E-01 0.2837532E-01 0.2837532E-01 -0.3360012E-02 -0.3360012E-02 -0.3360012E-02 -0.7557527E-03 -0.7557527E-03 0.1493270E-03 0.1493270E-03 -0.4380927E-03 -0.4380927E-03 -0.1548698E-02 -0.1548698E-02 -0.2708086E-02 -0.2708086E-02 -0.2708086E-02
-0.5215276E-02 -0.5215276E-02 -0.7549568E-02 -0.9423591E-02 -0.9076918E-02 -0.9076918E-02 -0.8955125E-02 -0.8931793E-02 -0.8931793E-02 -0.8937152E-02 -0.8937152E-02 -0.8919493E-02 -0.8905887E-02 -0.8890997E-02 -0.8875394E-02 -0.8875394E-02 0.2348894E-01 0.2080270E-01 0.7427962E-02 -0.1550246E-01 -0.4714013E-01 -0.8540260E-01 -0.1283878 -0.1745224 -0.2219445 -0.2687409 -0.3133130 -0.3538693 -0.3881786 -0.4117424 -0.4117424 -0.2816436 -0.1891868 -0.1008369 -0.8349256E-01 -0.8349256E-01 -0.6233112E-01 -0.6233112E-01 -0.2535672E-01 -0.2535672E-01 0.5267616E-02 0.7580416E-01 0.7580416E-01 0.9856947E-01 0.9856947E-01 0.2172969E-01 0.2172969E-01 0.2172969E-01 0.8469089E-02 0.8469089E-02 0.2046710E-02 0.2046710E-02 -0.2579163E-02 -0.2579163E-02 -0.6351213E-02 -0.6351213E-02 -0.9261973E-02 -0.9261973E-02 -0.9261973E-02
-0.3220740E-02 -0.3220740E-02 -0.7161513E-02 -0.8145161E-02 -0.7695619E-02 -0.7695619E-02 -0.7520337E-02 -0.7508223E-02 -0.7508223E-02 -0.7555208E-02 -0.7555208E-02 -0.7568635E-02 -0.7568073E-02 -0.7566189E-02 -0.7563731E-02 -0.7563731E-02 0.1504942E-01 0.1245642E-01 -0.9205379E-03 -0.2421440E-01 -0.5665037E-01 -0.9671234E-01 -0.1428421 -0.1937164 -0.2478629 -0.3036290 -0.3594143 -0.4132892 -0.4624156 -0.5006220 -0.5006220 -0.4169832 -0.3373049 -0.2275366 -0.1926881 -0.1926881 -0.1324101 -0.1324101 -0.4169001E-01 -0.4169001E-01 0.2118370E-01 0.1474724 0.1474724 0.1989496 0.1989496 0.8438750E-01 0.8438750E-01 0.8438750E-01 0.3401913E-01 0.3401913E-01 0.7682240E-02 0.7682240E-02 -0.6987364E-02 -0.6987364E-02 -0.1600525E-01 -0.1600525E-01 -0.2146903E-01 -0.2146903E-01 -0.2146903E-01
-0.1220193E-02 -0.1220193E-02 -0.6823592E-02 -0.6726184E-02 -0.6215428E-02 -0.6215428E-02 -0.6002712E-02 -0.5976773E-02 -0.5976773E-02 -0.6030330E-02 -0.6030330E-02 -0.6046798E-02 -0.6047101E-02 -0.6045791E-02 -0.6044146E-02 -0.6044146E-02 0.6740716E-02 0.2076128E-02 -0.1267876E-01 -0.3698158E-01 -0.7008584E-01 -0.1108291 -0.1579352 -0.2102706 -0.2666857 -0.3259151 -0.3866717 -0.4473693 -0.5054815 -0.5551769 -0.5551769 -0.5185711 -0.4630789 -0.3576658 -0.3108841 -0.3108841 -0.2033592 -0.2033592 -0.4269109E-01 -0.4269109E-01 0.5106396E-01 0.2096055 0.2096055 0.2730423 0.2730423 0.1503900 0.1503900 0.1503900 0.6715006E-01 0.6715006E-01 0.1703274E-01 0.1703274E-01 -0.1119609E-01 -0.1119609E-01 -0.2721937E-01 -0.2721937E-01 -0.3573262E-01 -0.3573262E-01 -0.3573262E-01
-0.1855487E-03 -0.1855487E-03 -0.5715325E-02 -0.5161553E-02 -0.4694763E-02 -0.4694763E-02 -0.4492555E-02 -0.4463417E-02 -0.4463417E-02 -0.4513951E-02 -0.4513951E-02 -0.4529858E-02 -0.4529998E-02 -0.4528826E-02 -0.4527373E-02 -0.4527373E-02 -0.1460942E-02 -0.1008620E-01 -0.2786222E-01 -0.5439900E-01 -0.8901228E-01 -0.1307864 -0.1787018 -0.2318025 -0.2891508 -0.3497490 -0.4125679 -0.4763682 -0.5391459 -0.5961145 -0.5961145 -0.5942890 -0.5640436 -0.4736657 -0.4161797 -0.4161797 -0.2491594 -0.2491594 -0.1858217E-01 -0.1858217E-01 0.9181938E-01 0.2502547 0.2502547 0.3108251 0.3108251 0.2031990 0.2031990 0.2031990 0.1018954 0.1018954 0.3061336E-01 0.3061336E-01 -0.1251666E-01 -0.1251666E-01 -0.3698399E-01 -0.3698399E-01 -0.4928394E-01 -0.4928394E-01 -0.4928394E-01
-0.1172834E-03 -0.1172834E-03 -0.3792973E-02 -0.3468289E-02 -0.3139377E-02 -0.3139377E-02 -0.2991005E-02 -0.2969623E-02 -0.2969623E-02 -0.3008539E-02 -0.3008539E-02 -0.3020753E-02 -0.3020766E-02 -0.3019638E-02 -0.3018423E-02 -0.3018423E-02 -0.1005879E-01 -0.2429014E-01 -0.4677671E-01 -0.7698846E-01 -0.1142350 -0.1577642 -0.2067956 -0.2605905 -0.3184315 -0.3795612 -0.4431718 -0.5082930 -0.5733681 -0.6346433 -0.6346433 -0.6563650 -0.6473352 -0.5675508 -0.4911819 -0.4911819 -0.2483262 -0.2483262 0.2328619E-01 0.2328619E-01 0.1290094 0.2640185 0.2640185 0.3164656 0.3164656 0.2359572 0.2359572 0.2359572 0.1330321 0.1330321 0.4743987E-01 0.4743987E-01 -0.9839944E-02 -0.9839944E-02 -0.4365435E-01 -0.4365435E-01 -0.6052940E-01 -0.6052940E-01 -0.6052940E-01
-0.5670381E-04 -0.5670381E-04 -0.1889711E-02 -0.1742544E-02 -0.1572719E-02 -0.1572719E-02 -0.1494205E-02 -0.1482965E-02 -0.1482965E-02 -0.1504019E-02 -0.1504019E-02 -0.1510433E-02 -0.1510567E-02 -0.1509824E-02 -0.1509159E-02 -0.1509159E-02 -0.1981185E-01 -0.4123762E-01 -0.7013860E-01 -0.1055761 -0.1467384 -0.1929506 -0.2436314 -0.2982777 -0.3564257 -0.4175850 -0.4812018 -0.5465688 -0.6125040 -0.6760458 -0.6760458 -0.7127392 -0.7185955 -0.6283882 -0.5146814 -0.5146814 -0.1984412 -0.1984412 0.6245434E-01 0.6245434E-01 0.1482470 0.2535376 0.2535376 0.2991135 0.2991135 0.2479290 0.2479290 0.2479290 0.1559851 0.1559851 0.6510594E-01 0.6510594E-01 -0.3308550E-02 -0.3308550E-02 -0.4637256E-01 -0.4637256E-01 -0.6836128E-01 -0.6836128E-01 -0.6836128E-01
0.5030370E-07 0.5030370E-07 -0.4170879E-07 0.2110048E-07 -0.3244574E-07 -0.3244574E-07 0.3874194E-07 -0.6657700E-07 -0.6657700E-07 -0.3833157E-07 -0.3833157E-07 0.1340156E-06 0.1584823E-06 0.2036655E-06 0.1514815E-06 0.1514815E-06 -0.3180334E-01 -0.6216034E-01 -0.9924614E-01 -0.1415163 -0.1879376 -0.2378483 -0.2908281 -0.3466086 -0.4049979 -0.4658019 -0.5287632 -0.5934730 -0.6590859 -0.7230706 -0.7230706 -0.7674814 -0.7785442 -0.6338578 -0.4660584 -0.4660584 -0.1250512 -0.1250512 0.8227248E-01 0.8227248E-01 0.1454454 0.2265083 0.2265083 0.2678587 0.2678587 0.2419892 0.2419892 0.2419892 0.1676659 0.1676659 0.8036540E-01 0.8036540E-01 0.5850594E-02 0.5850594E-02 -0.4494697E-01 -0.4494697E-01 -0.7198195E-01 -0.7198195E-01 -0.7198195E-01
0.5680232E-04 0.5680232E-04 0.1889690E-02 0.1742476E-02 0.1572685E-02 0.1572685E-02 0.1494240E-02 0.1482978E-02 0.1482978E-02 0.1504167E-02 0.1504167E-02 0.1510613E-02 0.1510608E-02 0.1510140E-02 0.1509421E-02 0.1509421E-02 -0.4760895E-01 -0.8900015E-01 -0.1361878 -0.1869184 -0.2399023 -0.2944809 -0.3503896 -0.4075989 -0.4661997 -0.5263090 -0.5879925 -0.6511669 -0.7152476 -0.7773566 -0.7773566 -0.8207492 -0.8181373 -0.5566956 -0.3520527 -0.3520527 -0.6355889E-01 -0.6355889E-01 0.8026689E-01 0.8026689E-01 0.1262110 0.1910955 0.1910955 0.2295628 0.2295628 0.2224654 0.2224654 0.2224654 0.1671052 0.1671052 0.9013314E-01 0.9013314E-01 0.1562178E-01 0.1562178E-01 -0.3983571E-01 -0.3983571E-01 -0.7092083E-01 -0.7092083E-01 -0.7092083E-01
0.1172534E-03 0.1172534E-03 0.3792952E-02 0.3468064E-02 0.3139187E-02 0.3139187E-02 0.2990911E-02 0.2969813E-02 0.2969813E-02 0.3008845E-02 0.3008845E-02 0.3020706E-02 0.3020800E-02 0.3019769E-02 0.3018636E-02 0.3018636E-02 -0.6966931E-01 -0.1247985 -0.1842161 -0.2449980 -0.3056802 -0.3656848 -0.4249580 -0.4837426 -0.5424309 -0.6014589 -0.6612234 -0.7219570 -0.7830389 -0.8388861 -0.8388861 -0.8641203 -0.8068569 -0.4031638 -0.2216633 -0.2216633 -0.3097191E-01 -0.3097191E-01 0.6450930E-01 0.6450930E-01 0.9933594E-01 0.1532169 0.1532169 0.1885153 0.1885153 0.1935446 0.1935446 0.1935446 0.1551968 0.1551968 0.9233385E-01 0.9233385E-01 0.2373358E-01 0.2373358E-01 -0.3205321E-01 -0.3205321E-01 -0.6511380E-01 -0.6511380E-01 -0.6511380E-01
0.1855593E-03 0.1855593E-03 0.5715267E-02 0.5161292E-02 0.4694571E-02 0.4694571E-02 0.4492453E-02 0.4463732E-02 0.4463732E-02 0.4514207E-02 0.4514207E-02 0.4529941E-02 0.4530026E-02 0.4528862E-02 0.4527512E-02 0.4527512E-02 -0.1020331 -0.1744440 -0.2484178 -0.3206542 -0.3897896 -0.4555334 -0.5181781 -0.5783190 -0.6366884 -0.6940522 -0.7511323 -0.8083891 -0.8640040 -0.9012456 -0.9012456 -0.8638974 -0.6880234 -0.2375902 -0.1265209 -0.1265209 -0.2120681E-01 -0.2120681E-01 0.4426221E-01 0.4426221E-01 0.7147829E-01 0.1161469 0.1161469 0.1471015 0.1471015 0.1586529 0.1586529 0.1586529 0.1340062 0.1340062 0.8633772E-01 0.8633772E-01 0.2834057E-01 0.2834057E-01 -0.2289359E-01 -0.2289359E-01 -0.5491883E-01 -0.5491883E-01 -0.5491883E-01
0.1220108E-02 0.1220108E-02 0.6823738E-02 0.6726088E-02 0.6215414E-02 0.6215414E-02 0.6002611E-02 0.5977018E-02 0.5977018E-02 0.6030449E-02 0.6030449E-02 0.6046969E-02 0.6047193E-02 0.6045838E-02 0.6044335E-02 0.6044335E-02 -0.1519084 -0.2461395 -0.3369616 -0.4214942 -0.4990582 -0.5700322 -0.6352862 -0.6958972 -0.7529988 -0.8076999 -0.8610352 -0.9133204 -0.9565122 -0.9312301 -0.9312301 -0.7398214 -0.4464704 -0.1246435 -0.7797145E-01 -0.7797145E-01 -0.2077936E-01 -0.2077936E-01 0.2519558E-01 0.2519558E-01 0.4606457E-01 0.8139589E-01 0.8139589E-01 0.1066805 0.1066805 0.1204636 0.1204636 0.1204636 0.1061008 0.1061008 0.7291412E-01 0.7291412E-01 0.2851448E-01 0.2851448E-01 -0.1357968E-01 -0.1357968E-01 -0.4108229E-01 -0.4108229E-01 -0.4108229E-01
