cruce_test.gid/Rasters/Hydraulic/Velocity__y_307.0.asc
NCOLS        79
NROWS        79
XLLCENTER         -1.500000
YLLCENTER         -4.800000
CELLSIZE           0.100
NODATA_VALUE     -9999.0
[rows 0 to 26 of 79, columns 0 to 58 of 79]
-9999.000 -9999.000 -9999.000 -9999.000 -9999.000 -9999.000 -9999.000 -9999.000 -9999.000 -9999.000 -9999.000 -9999.000 -9999.000 -9999.000 -9999.000 -0.9621897E-01 -0.9403642E-01 -0.9348766E-01 -0.9371387E-01 -0.9420552E-01 -0.9477524E-01 -0.9537819E-01 -0.9594483E-01 -0.9645712E-01 -0.9692242E-01 -0.9733839E-01 -0.9775072E-01 -0.9835991E-01 -0.9977726E-01 -0.1011160 -0.1011160 -9999.000 -9999.000 -9999.000 -9999.000 -9999.000 -9999.000 -9999.000 -9999.000 -9999.000 -9999.000 -9999.000 -9999.000 -9999.000 -9999.000 -9999.000 -9999.000 -9999.000 -9999.000 -9999.000 -9999.000 -9999.000 -9999.000 -9999.000 -9999.000 -9999.000 -9999.000 -9999.000 -9999.000
-9999.000 -9999.000 -9999.000 -9999.000 -9999.000 -9999.000 -9999.000 -9999.000 -9999.000 -9999.000 -9999.000 -9999.000 -9999.000 -9999.000 -9999.000 -0.9510620E-01 -0.9060685E-01 -0.8945293E-01 -0.8997354E-01 -0.9109457E-01 -0.9241375E-01 -0.9382764E-01 -0.9518098E-01 -0.9642883E-01 -0.9758051E-01 -0.9862672E-01 -0.9965962E-01 -0.1010972 -0.1042141 -0.1074681 -0.1074681 -9999.000 -9999.000 -9999.000 -9999.000 -9999.000 -9999.000 -9999.000 -9999.000 -9999.000 -9999.000 -9999.000 -9999.000 -9999.000 -9999.000 -9999.000 -9999.000 -9999.000 -9999.000 -9999.000 -9999.000 -9999.000 -9999.000 -9999.000 -9999.000 -9999.000 -9999.000 -9999.000 -9999.000
-9999.000 -9999.000 -9999.000 -9999.000 -9999.000 -9999.000 -9999.000 -9999.000 -9999.000 -9999.000 -9999.000 -9999.000 -9999.000 -9999.000 -9999.000 -0.9265009E-01 -0.8572438E-01 -0.8391389E-01 -0.8485640E-01 -0.8683304E-01 -0.8918802E-01 -0.9174158E-01 -0.9422924E-01 -0.9656528E-01 -0.9875237E-01 -0.1007635 -0.1027376 -0.1053345 -0.1105828 -0.1165297 -0.1165297 -9999.000 -9999.000 -9999.000 -9999.000 -9999.000 -9999.000 -9999.000 -9999.000 -9999.000 -9999.000 -9999.000 -9999.000 -9999.000 -9999.000 -9999.000 -9999.000 -9999.000 -9999.000 -9999.000 -9999.000 -9999.000 -9999.000 -9999.000 -9999.000 -9999.000 -9999.000 -9999.000 -9999.000
-9999.000 -9999.000 -9999.000 -9999.000 -9999.000 -9999.000 -9999.000 -9999.000 -9999.000 -9999.000 -9999.000 -9999.000 -9999.000 -9999.000 -9999.000 -0.8953881E-01 -0.8027887E-01 -0.7783711E-01 -0.7926536E-01 -0.8218107E-01 -0.8566965E-01 -0.8947353E-01 -0.9321185E-01 -0.9675556E-01 -0.1000967 -0.1031851 -0.1062036 -0.1100625 -0.1175839 -0.1267465 -0.1267465 -9999.000 -9999.000 -9999.000 -9999.000 -9999.000 -9999.000 -9999.000 -9999.000 -9999.000 -9999.000 -9999.000 -9999.000 -9999.000 -9999.000 -9999.000 -9999.000 -9999.000 -9999.000 -9999.000 -9999.000 -9999.000 -9999.000 -9999.000 -9999.000 -9999.000 -9999.000 -9999.000 -9999.000
-9999.000 -9999.000 -9999.000 -9999.000 -9999.000 -9999.000 -9999.000 -9999.000 -9999.000 -9999.000 -9999.000 -9999.000 -9999.000 -9999.000 -9999.000 -0.8600241E-01 -0.7445957E-01 -0.7139678E-01 -0.7335211E-01 -0.7726080E-01 -0.8194476E-01 -0.8706911E-01 -0.9212941E-01 -0.9695323E-01 -0.1015204 -0.1057544 -0.1098836 -0.1150835 -0.1250207 -0.1379669 -0.1379669 -9999.000 -9999.000 -9999.000 -9999.000 -9999.000 -9999.000 -9999.000 -9999.000 -9999.000 -9999.000 -9999.000 -9999.000 -9999.000 -9999.000 -9999.000 -9999.000 -9999.000 -9999.000 -9999.000 -9999.000 -9999.000 -9999.000 -9999.000 -9999.000 -9999.000 -9999.000 -9999.000 -9999.000
-9999.000 -9999.000 -9999.000 -9999.000 -9999.000 -9999.000 -9999.000 -9999.000 -9999.000 -9999.000 -9999.000 -9999.000 -9999.000 -9999.000 -9999.000 -0.8212303E-01 -0.6834105E-01 -0.6466413E-01 -0.6717987E-01 -0.7212266E-01 -0.7804739E-01 -0.8454327E-01 -0.9097604E-01 -0.9713060E-01 -0.1029751 -0.1084032 -0.1136936 -0.1203052 -0.1328139 -0.1502065 -0.1502065 -9999.000 -9999.000 -9999.000 -9999.000 -9999.000 -9999.000 -9999.000 -9999.000 -9999.000 -9999.000 -9999.000 -9999.000 -9999.000 -9999.000 -9999.000 -9999.000 -9999.000 -9999.000 -9999.000 -9999.000 -9999.000 -9999.000 -9999.000 -9999.000 -9999.000 -9999.000 -9999.000 -9999.000
-9999.000 -9999.000 -9999.000 -9999.000 -9999.000 -9999.000 -9999.000 -9999.000 -9999.000 -9999.000 -9999.000 -9999.000 -9999.000 -9999.000 -9999.000 -0.7791317E-01 -0.6194282E-01 -0.5766113E-01 -0.6076957E-01 -0.6678250E-01 -0.7398599E-01 -0.8189649E-01 -0.8974214E-01 -0.9726779E-01 -0.1044311 -0.1110924 -0.1175868 -0.1256806 -0.1409381 -0.1635827 -0.1635827 -9999.000 -9999.000 -9999.000 -9999.000 -9999.000 -9999.000 -9999.000 -9999.000 -9999.000 -9999.000 -9999.000 -9999.000 -9999.000 -9999.000 -9999.000 -9999.000 -9999.000 -9999.000 -9999.000 -9999.000 -9999.000 -9999.000 -9999.000 -9999.000 -9999.000 -9999.000 -9999.000 -9999.000
-9999.000 -9999.000 -9999.000 -9999.000 -9999.000 -9999.000 -9999.000 -9999.000 -9999.000 -9999.000 -9999.000 -9999.000 -9999.000 -9999.000 -9999.000 -0.7335068E-01 -0.5525649E-01 -0.5038429E-01 -0.5412038E-01 -0.6123859E-01 -0.6975604E-01 -0.7912084E-01 -0.8841454E-01 -0.9734625E-01 -0.1058643 -0.1137928 -0.1215305 -0.1311814 -0.1493926 -0.1782914 -0.1782914 -9999.000 -9999.000 -9999.000 -9999.000 -9999.000 -9999.000 -9999.000 -9999.000 -9999.000 -9999.000 -9999.000 -9999.000 -9999.000 -9999.000 -9999.000 -9999.000 -9999.000 -9999.000 -9999.000 -9999.000 -9999.000 -9999.000 -9999.000 -9999.000 -9999.000 -9999.000 -9999.000 -9999.000
-9999.000 -9999.000 -9999.000 -9999.000 -9999.000 -9999.000 -9999.000 -9999.000 -9999.000 -9999.000 -9999.000 -9999.000 -9999.000 -9999.000 -9999.000 -0.6839376E-01 -0.4825846E-01 -0.4281675E-01 -0.4721952E-01 -0.5547912E-01 -0.6534405E-01 -0.7620146E-01 -0.8697525E-01 -0.9734451E-01 -0.1072500 -0.1164761 -0.1254945 -0.1367828 -0.1581876 -0.1946064 -0.1946064 -9999.000 -9999.000 -9999.000 -9999.000 -9999.000 -9999.000 -9999.000 -9999.000 -9999.000 -9999.000 -9999.000 -9999.000 -9999.000 -9999.000 -9999.000 -9999.000 -9999.000 -9999.000 -9999.000 -9999.000 -9999.000 -9999.000 -9999.000 -9999.000 -9999.000 -9999.000 -9999.000 -9999.000
-9999.000 -9999.000 -9999.000 -9999.000 -9999.000 -9999.000 -9999.000 -9999.000 -9999.000 -9999.000 -9999.000 -9999.000 -9999.000 -9999.000 -9999.000 -0.6298723E-01 -0.4091414E-01 -0.3493119E-01 -0.4004525E-01 -0.4948353E-01 -0.6072965E-01 -0.7311699E-01 -0.8539999E-01 -0.9723508E-01 -0.1085582 -0.1191080 -0.1294424 -0.1424566 -0.1673356 -0.2128989 -0.2128989 -9999.000 -9999.000 -9999.000 -9999.000 -9999.000 -9999.000 -9999.000 -9999.000 -9999.000 -9999.000 -9999.000 -9999.000 -9999.000 -9999.000 -9999.000 -9999.000 -9999.000 -9999.000 -9999.000 -9999.000 -9999.000 -9999.000 -9999.000 -9999.000 -9999.000 -9999.000 -9999.000 -9999.000
-9999.000 -9999.000 -9999.000 -9999.000 -9999.000 -9999.000 -9999.000 -9999.000 -9999.000 -9999.000 -9999.000 -9999.000 -9999.000 -9999.000 -9999.000 -0.5706270E-01 -0.3317819E-01 -0.2669033E-01 -0.3256655E-01 -0.4322310E-01 -0.5588336E-01 -0.6983792E-01 -0.8365607E-01 -0.9698219E-01 -0.1097487 -0.1216437 -0.1333263 -0.1481628 -0.1768464 -0.2336727 -0.2336727 -9999.000 -9999.000 -9999.000 -9999.000 -9999.000 -9999.000 -9999.000 -9999.000 -9999.000 -9999.000 -9999.000 -9999.000 -9999.000 -9999.000 -9999.000 -9999.000 -9999.000 -9999.000 -9999.000 -9999.000 -9999.000 -9999.000 -9999.000 -9999.000 -9999.000 -9999.000 -9999.000 -9999.000
-9999.000 -9999.000 -9999.000 -9999.000 -9999.000 -9999.000 -9999.000 -9999.000 -9999.000 -9999.000 -9999.000 -9999.000 -9999.000 -9999.000 -9999.000 -0.5053737E-01 -0.2499266E-01 -0.1804471E-01 -0.2474131E-01 -0.3665774E-01 -0.5076525E-01 -0.6632365E-01 -0.8169857E-01 -0.9653600E-01 -0.1107668 -0.1240208 -0.1370778 -0.1538419 -0.1867194 -0.2576231 -0.2576231 -9999.000 -9999.000 -9999.000 -9999.000 -9999.000 -9999.000 -9999.000 -9999.000 -9999.000 -9999.000 -9999.000 -9999.000 -9999.000 -9999.000 -9999.000 -9999.000 -9999.000 -9999.000 -9999.000 -9999.000 -9999.000 -9999.000 -9999.000 -9999.000 -9999.000 -9999.000 -9999.000 -9999.000
-9999.000 -9999.000 -9999.000 -9999.000 -9999.000 -9999.000 -9999.000 -9999.000 -9999.000 -9999.000 -9999.000 -9999.000 -9999.000 -9999.000 -9999.000 -0.4330783E-01 -0.1628175E-01 -0.8928360E-02 -0.1651234E-01 -0.2973252E-01 -0.4531959E-01 -0.6251714E-01 -0.7946486E-01 -0.9582665E-01 -0.1115341 -0.1261496 -0.1405981 -0.1594015 -0.1969321 -0.2857351 -0.2857351 -9999.000 -9999.000 -9999.000 -9999.000 -9999.000 -9999.000 -9999.000 -9999.000 -9999.000 -9999.000 -9999.000 -9999.000 -9999.000 -9999.000 -9999.000 -9999.000 -9999.000 -9999.000 -9999.000 -9999.000 -9999.000 -9999.000 -9999.000 -9999.000 -9999.000 -9999.000 -9999.000 -9999.000
-9999.000 -9999.000 -9999.000 -9999.000 -9999.000 -9999.000 -9999.000 -9999.000 -9999.000 -9999.000 -9999.000 -9999.000 -9999.000 -9999.000 -9999.000 -0.3505634E-01 -0.6828479E-02 0.7909410E-03 -0.7814026E-02 -0.2239913E-01 -0.3950313E-01 -0.5837419E-01 -0.7689919E-01 -0.9478375E-01 -0.1119630 -0.1279195 -0.1437557 -0.1647119 -0.2074370 -0.3194823 -0.3194823 -9999.000 -9999.000 -9999.000 -9999.000 -9999.000 -9999.000 -9999.000 -9999.000 -9999.000 -9999.000 -9999.000 -9999.000 -9999.000 -9999.000 -9999.000 -9999.000 -9999.000 -9999.000 -9999.000 -9999.000 -9999.000 -9999.000 -9999.000 -9999.000 -9999.000 -9999.000 -9999.000 -9999.000
-9999.000 -9999.000 -9999.000 -9999.000 -9999.000 -9999.000 -9999.000 -9999.000 -9999.000 -9999.000 -9999.000 -9999.000 -9999.000 -9999.000 -9999.000 -0.1400641E-02 0.1055412E-01 0.9231012E-02 -0.3967843E-02 -0.1964627E-01 -0.3779241E-01 -0.5775323E-01 -0.7720250E-01 -0.9597111E-01 -0.1140267 -0.1307737 -0.1475322 -0.1703340 -0.2183149 -0.3587460 -0.3587460 -9999.000 -9999.000 -9999.000 -9999.000 -9999.000 -9999.000 -9999.000 -9999.000 -9999.000 -9999.000 -9999.000 -9999.000 -9999.000 -9999.000 -9999.000 -9999.000 -9999.000 -9999.000 -9999.000 -9999.000 -9999.000 -9999.000 -9999.000 -9999.000 -9999.000 -9999.000 -9999.000 -9999.000
-0.4382396E-02 -0.4382396E-02 -0.5179117E-02 -0.6702791E-02 -0.6481547E-02 -0.6481547E-02 -0.6390201E-02 -0.6329410E-02 -0.6329410E-02 -0.6284908E-02 -0.6284908E-02 -0.6242261E-02 -0.6223450E-02 -0.6205599E-02 -0.6190334E-02 -0.6190334E-02 0.2045362E-01 0.1464474E-01 -0.1504755E-03 -0.2052750E-01 -0.4541405E-01 -0.7362166E-01 -0.1034066 -0.1334188 -0.1626229 -0.1900234 -0.2153802 -0.2406925 -0.2743767 -0.3577947 -0.3577947 -0.1962043 -0.1041434 -0.3491490E-01 -0.2578387E-01 -0.2578387E-01 -0.1857065E-01 -0.1857065E-01 -0.5433131E-02 -0.5433131E-02 0.5765331E-02 0.2698781E-01 0.2698781E-01 -0.1394460E-02 -0.1394460E-02 -0.3302793E-02 -0.3302793E-02 -0.3302793E-02 0.9720508E-03 0.9720508E-03 0.1569539E-02 0.1569539E-02 0.5164701E-03 0.5164701E-03 -0.8379380E-03 -0.8379380E-03 -0.2099426E-02 -0.2099426E-02 -0.2099426E-02
-0.6754351E-02 -0.6754351E-02 -0.7191723E-02 -0.9579092E-02 -0.9158995E-02 -0.9158995E-02 -0.8993210E-02 -0.8923311E-02 -0.8923311E-02 -0.8882718E-02 -0.8882718E-02 -0.8836816E-02 -0.8816446E-02 -0.8797393E-02 -0.8791920E-02 -0.8791920E-02 0.1631550E-01 0.1071317E-01 -0.5272587E-02 -0.3110863E-01 -0.6474404E-01 -0.1042723 -0.1480631 -0.1941828 -0.2407468 -0.2861011 -0.3285636 -0.3663745 -0.3975683 -0.4215806 -0.4215806 -0.2838784 -0.1871710 -0.9567148E-01 -0.7745726E-01 -0.7745726E-01 -0.5232477E-01 -0.5232477E-01 -0.7868270E-02 -0.7868270E-02 0.2541533E-01 0.8682144E-01 0.8682144E-01 0.5519961E-01 0.5519961E-01 0.1150233E-01 0.1150233E-01 0.1150233E-01 0.6554141E-02 0.6554141E-02 0.2644146E-02 0.2644146E-02 -0.1399544E-02 -0.1399544E-02 -0.4982871E-02 -0.4982871E-02 -0.7733224E-02 -0.7733224E-02 -0.7733224E-02
-0.5588842E-02 -0.5588842E-02 -0.5225502E-02 -0.8029335E-02 -0.7765068E-02 -0.7765068E-02 -0.7629635E-02 -0.7591357E-02 -0.7591357E-02 -0.7568215E-02 -0.7568215E-02 -0.7528222E-02 -0.7511063E-02 -0.7496743E-02 -0.7516900E-02 -0.7516900E-02 0.9351173E-02 0.3442817E-02 -0.1292728E-01 -0.3936397E-01 -0.7440544E-01 -0.1164796 -0.1642209 -0.2161111 -0.2705498 -0.3259831 -0.3807036 -0.4326425 -0.4789589 -0.5121472 -0.5121472 -0.4215215 -0.3370188 -0.2213599 -0.1835706 -0.1835706 -0.1130223 -0.1130223 -0.8276681E-02 -0.8276681E-02 0.5742461E-01 0.1687796 0.1687796 0.1672779 0.1672779 0.5526849E-01 0.5526849E-01 0.5526849E-01 0.2133324E-01 0.2133324E-01 0.3561090E-02 0.3561090E-02 -0.7349562E-02 -0.7349562E-02 -0.1461498E-01 -0.1461498E-01 -0.1901214E-01 -0.1901214E-01 -0.1901214E-01
-0.4418224E-02 -0.4418224E-02 -0.3315490E-02 -0.6587388E-02 -0.6332043E-02 -0.6332043E-02 -0.6185533E-02 -0.6120317E-02 -0.6120317E-02 -0.6075914E-02 -0.6075914E-02 -0.6020818E-02 -0.6000349E-02 -0.5985628E-02 -0.6029207E-02 -0.6029207E-02 0.2095155E-02 -0.5871562E-02 -0.2371583E-01 -0.5110393E-01 -0.8697200E-01 -0.1300368 -0.1791180 -0.2330034 -0.2904341 -0.3501666 -0.4108281 -0.4706436 -0.5268917 -0.5720419 -0.5720419 -0.5273028 -0.4660495 -0.3515698 -0.2988000 -0.2988000 -0.1723407 -0.1723407 0.4325534E-02 0.4325534E-02 0.9688912E-01 0.2338358 0.2338358 0.2536549 0.2536549 0.1092884 0.1092884 0.1092884 0.4302193E-01 0.4302193E-01 0.6135251E-02 0.6135251E-02 -0.1471859E-01 -0.1471859E-01 -0.2679998E-01 -0.2679998E-01 -0.3287825E-01 -0.3287825E-01 -0.3287825E-01
-0.3271695E-02 -0.3271695E-02 -0.1601874E-02 -0.5217178E-02 -0.4886742E-02 -0.4886742E-02 -0.4694456E-02 -0.4592878E-02 -0.4592878E-02 -0.4552156E-02 -0.4552156E-02 -0.4506925E-02 -0.4490837E-02 -0.4480345E-02 -0.4555276E-02 -0.4555276E-02 -0.5464536E-02 -0.1713235E-01 -0.3785942E-01 -0.6730687E-01 -0.1046506 -0.1488644 -0.1989464 -0.2538956 -0.3126883 -0.3743085 -0.4376679 -0.5013673 -0.5631549 -0.6166987 -0.6166987 -0.6072329 -0.5704651 -0.4664481 -0.3981996 -0.3981996 -0.2038921 -0.2038921 0.3402713E-01 0.3402713E-01 0.1367162 0.2707748 0.2707748 0.2998772 0.2998772 0.1594601 0.1594601 0.1594601 0.6917281E-01 0.6917281E-01 0.1251157E-01 0.1251157E-01 -0.2027119E-01 -0.2027119E-01 -0.3837930E-01 -0.3837930E-01 -0.4653654E-01 -0.4653654E-01 -0.4653654E-01
-0.2161684E-02 -0.2161684E-02 -0.4627106E-03 -0.3660707E-02 -0.3333949E-02 -0.3333949E-02 -0.3150465E-02 -0.3056109E-02 -0.3056109E-02 -0.3035094E-02 -0.3035094E-02 -0.3005564E-02 -0.2993907E-02 -0.2985860E-02 -0.3099240E-02 -0.3099240E-02 -0.1373093E-01 -0.3062708E-01 -0.5575872E-01 -0.8859617E-01 -0.1283988 -0.1743390 -0.2256150 -0.2814444 -0.3410311 -0.4035658 -0.4681798 -0.5337703 -0.5985396 -0.6574673 -0.6574673 -0.6725791 -0.6563445 -0.5550724 -0.4609863 -0.4609863 -0.1909216 -0.1909216 0.7029773E-01 0.7029773E-01 0.1642629 0.2783207 0.2783207 0.3106798 0.3106798 0.1967723 0.1967723 0.1967723 0.9617316E-01 0.9617316E-01 0.2303458E-01 0.2303458E-01 -0.2233958E-01 -0.2233958E-01 -0.4755840E-01 -0.4755840E-01 -0.5838696E-01 -0.5838696E-01 -0.5838696E-01
-0.1077931E-02 -0.1077931E-02 -0.1067856E-03 -0.1857282E-02 -0.1684131E-02 -0.1684131E-02 -0.1586226E-02 -0.1533195E-02 -0.1533195E-02 -0.1520851E-02 -0.1520851E-02 -0.1503669E-02 -0.1497138E-02 -0.1492651E-02 -0.1657558E-02 -0.1657558E-02 -0.2337389E-01 -0.4704349E-01 -0.7818578E-01 -0.1158791 -0.1593140 -0.2077793 -0.2606649 -0.3174245 -0.3775199 -0.4403892 -0.5053993 -0.5717171 -0.6379296 -0.7000529 -0.7000529 -0.7311528 -0.7285138 -0.6026936 -0.4654679 -0.4654679 -0.1402180 -0.1402180 0.9589992E-01 0.9589992E-01 0.1709948 0.2624410 0.2624410 0.2964961 0.2964961 0.2168335 0.2168335 0.2168335 0.1195354 0.1195354 0.3639470E-01 0.3639470E-01 -0.2038667E-01 -0.2038667E-01 -0.5321489E-01 -0.5321489E-01 -0.6726062E-01 -0.6726062E-01 -0.6726062E-01
0.1213515E-07 0.1213515E-07 -0.3933806E-07 -0.3864468E-07 0.5717287E-07 0.5717287E-07 0.1395698E-06 0.2091408E-06 0.2091408E-06 0.1451116E-07 0.1451116E-07 -0.2438264E-07 0.7636915E-07 -0.4072541E-07 -0.2346946E-03 -0.2346946E-03 -0.3538639E-01 -0.6756031E-01 -0.1064393 -0.1505433 -0.1988787 -0.2507821 -0.3058150 -0.3636738 -0.4241027 -0.4868306 -0.5515090 -0.6175989 -0.6840239 -0.7473687 -0.7473687 -0.7867261 -0.7858623 -0.5854566 -0.4005403 -0.4005403 -0.8069426E-01 -0.8069426E-01 0.1011711 0.1011711 0.1578374 0.2319634 0.2319634 0.2672685 0.2672685 0.2194503 0.2194503 0.2194503 0.1351260 0.1351260 0.5003214E-01 0.5003214E-01 -0.1488947E-01 -0.1488947E-01 -0.5474645E-01 -0.5474645E-01 -0.7221263E-01 -0.7221263E-01 -0.7221263E-01
0.1077847E-02 0.1077847E-02 0.1067492E-03 0.1857318E-02 0.1684332E-02 0.1684332E-02 0.1586482E-02 0.1533429E-02 0.1533429E-02 0.1520987E-02 0.1520987E-02 0.1503777E-02 0.1497028E-02 0.1492493E-02 0.1162658E-02 0.1162658E-02 -0.5126212E-01 -0.9405275E-01 -0.1425763 -0.1946973 -0.2491955 -0.3054377 -0.3631582 -0.4223061 -0.4829244 -0.5450611 -0.6086925 -0.6736045 -0.7389627 -0.8009543 -0.8009543 -0.8382959 -0.8147339 -0.4874313 -0.2898002 -0.2898002 -0.3955976E-01 -0.3955976E-01 0.8885627E-01 0.8885627E-01 0.1322659 0.1947164 0.1947164 0.2301969 0.2301969 0.2071885 0.2071885 0.2071885 0.1403484 0.1403484 0.6090545E-01 0.6090545E-01 -0.7177369E-02 -0.7177369E-02 -0.5208734E-01 -0.5208734E-01 -0.7254679E-01 -0.7254679E-01 -0.7254679E-01
0.2161600E-02 0.2161600E-02 0.4625003E-03 0.3661040E-02 0.3334441E-02 0.3334441E-02 0.3150632E-02 0.3056142E-02 0.3056142E-02 0.3035273E-02 0.3035273E-02 0.3005648E-02 0.2993730E-02 0.2985652E-02 0.2525661E-02 0.2525661E-02 -0.7336316E-01 -0.1294845 -0.1897915 -0.2515232 -0.3133077 -0.3746120 -0.4353972 -0.4958996 -0.5564825 -0.6175289 -0.6793596 -0.7420816 -0.8047485 -0.8603354 -0.8603354 -0.8739269 -0.7773497 -0.3380865 -0.1843989 -0.1843989 -0.2309384E-01 -0.2309384E-01 0.6773525E-01 0.6773525E-01 0.1023065 0.1559024 0.1559024 0.1897736 0.1897736 0.1837147 0.1837147 0.1837147 0.1346362 0.1346362 0.6642356E-01 0.6642356E-01 0.9340134E-03 0.9340134E-03 -0.4569227E-01 -0.4569227E-01 -0.6789683E-01 -0.6789683E-01 -0.6789683E-01
0.3271717E-02 0.3271717E-02 0.1601664E-02 0.5217475E-02 0.4886860E-02 0.4886860E-02 0.4694529E-02 0.4592803E-02 0.4592803E-02 0.4552154E-02 0.4552154E-02 0.4506733E-02 0.4490687E-02 0.4480234E-02 0.3840912E-02 0.3840912E-02 -0.1056515 -0.1786478 -0.2530848 -0.3258517 -0.3956905 -0.4623668 -0.5261993 -0.5877891 -0.6478564 -0.7071337 -0.7662863 -0.8256441 -0.8827600 -0.9175573 -0.9175573 -0.8518531 -0.6230284 -0.2050502 -0.1173898 -0.1173898 -0.2136122E-01 -0.2136122E-01 0.4532112E-01 0.4532112E-01 0.7313614E-01 0.1182698 0.1182698 0.1485765 0.1485765 0.1526411 0.1526411 0.1526411 0.1191564 0.1191564 0.6516895E-01 0.6516895E-01 0.7649970E-02 0.7649970E-02 -0.3642910E-01 -0.3642910E-01 -0.5831927E-01 -0.5831927E-01 -0.5831927E-01
0.4418324E-02 0.4418324E-02 0.3315573E-02 0.6587740E-02 0.6331769E-02 0.6331769E-02 0.6185419E-02 0.6120422E-02 0.6120422E-02 0.6075848E-02 0.6075848E-02 0.6020704E-02 0.6000245E-02 0.5985565E-02 0.5096101E-02 0.5096101E-02 -0.1552309 -0.2496285 -0.3405119 -0.4251926 -0.5030968 -0.5746608 -0.6407863 -0.7025637 -0.7611267 -0.8175694 -0.8728905 -0.9271884 -0.9705147 -0.9347220 -0.9347220 -0.6908052 -0.3749519 -0.1251379 -0.8435764E-01 -0.8435764E-01 -0.2326814E-01 -0.2326814E-01 0.2566132E-01 0.2566132E-01 0.4722243E-01 0.8314509E-01 0.8314509E-01 0.1081804 0.1081804 0.1170918 0.1170918 0.1170918 0.9614985E-01 0.9614985E-01 0.5716348E-01 0.5716348E-01 0.1172585E-01 0.1172585E-01 -0.2536614E-01 -0.2536614E-01 -0.4436634E-01 -0.4436634E-01 -0.4436634E-01
