cruce_test.gid/Rasters/Hydraulic/Velocity____281.0.asc
NCOLS        79
NROWS        79
XLLCENTER         -1.500000
YLLCENTER         -4.800000
CELLSIZE           0.100
NODATA_VALUE     -9999.0
[rows 0 to 26 of 79, columns 0 to 59 of 79]
-9999.000 -9999.000 -9999.000 -9999.000 -9999.000 -9999.000 -9999.000 -9999.000 -9999.000 -9999.000 -9999.000 -9999.000 -9999.000 -9999.000 -9999.000 0.9383157E-01 0.9127178E-01 0.9052607E-01 0.9083953E-01 0.9178098E-01 0.9288268E-01 0.9392817E-01 0.9480379E-01 0.9542646E-01 0.9584627E-01 0.9608916E-01 0.9622584E-01 0.9646046E-01 0.9738584E-01 0.9839832E-01 0.9839832E-01 -9999.000 -9999.000 -9999.000 -9999.000 -9999.000 -9999.000 -9999.000 -9999.000 -9999.000 -9999.000 -9999.000 -9999.000 -9999.000 -9999.000 -9999.000 -9999.000 -9999.000 -9999.000 -9999.000 -9999.000 -9999.000 -9999.000 -9999.000 -9999.000 -9999.000 -9999.000 -9999.000 -9999.000 -9999.000
-9999.000 -9999.000 -9999.000 -9999.000 -9999.000 -9999.000 -9999.000 -9999.000 -9999.000 -9999.000 -9999.000 -9999.000 -9999.000 -9999.000 -9999.000 0.9337303E-01 0.8810278E-01 0.8660784E-01 0.8729618E-01 0.8924998E-01 0.9153523E-01 0.9373840E-01 0.9563989E-01 0.9705971E-01 0.9808605E-01 0.9876066E-01 0.9922727E-01 0.9993690E-01 0.1022006 0.1049559 0.1049559 -9999.000 -9999.000 -9999.000 -9999.000 -9999.000 -9999.000 -9999.000 -9999.000 -9999.000 -9999.000 -9999.000 -9999.000 -9999.000 -9999.000 -9999.000 -9999.000 -9999.000 -9999.000 -9999.000 -9999.000 -9999.000 -9999.000 -9999.000 -9999.000 -9999.000 -9999.000 -9999.000 -9999.000 -9999.000
-9999.000 -9999.000 -9999.000 -9999.000 -9999.000 -9999.000 -9999.000 -9999.000 -9999.000 -9999.000 -9999.000 -9999.000 -9999.000 -9999.000 -9999.000 0.9171207E-01 0.8353516E-01 0.8114169E-01 0.8222581E-01 0.8531795E-01 0.8896217E-01 0.9254248E-01 0.9573970E-01 0.9827559E-01 0.1002821 0.1018055 0.1030490 0.1047088 0.1088661 0.1142014 0.1142014 -9999.000 -9999.000 -9999.000 -9999.000 -9999.000 -9999.000 -9999.000 -9999.000 -9999.000 -9999.000 -9999.000 -9999.000 -9999.000 -9999.000 -9999.000 -9999.000 -9999.000 -9999.000 -9999.000 -9999.000 -9999.000 -9999.000 -9999.000 -9999.000 -9999.000 -9999.000 -9999.000 -9999.000 -9999.000
-9999.000 -9999.000 -9999.000 -9999.000 -9999.000 -9999.000 -9999.000 -9999.000 -9999.000 -9999.000 -9999.000 -9999.000 -9999.000 -9999.000 -9999.000 0.8944996E-01 0.7842049E-01 0.7512644E-01 0.7662982E-01 0.8088454E-01 0.8590959E-01 0.9090366E-01 0.9546205E-01 0.9921202E-01 0.1023318 0.1048613 0.1070505 0.1098358 0.1160912 0.1245518 0.1245518 -9999.000 -9999.000 -9999.000 -9999.000 -9999.000 -9999.000 -9999.000 -9999.000 -9999.000 -9999.000 -9999.000 -9999.000 -9999.000 -9999.000 -9999.000 -9999.000 -9999.000 -9999.000 -9999.000 -9999.000 -9999.000 -9999.000 -9999.000 -9999.000 -9999.000 -9999.000 -9999.000 -9999.000 -9999.000
-9999.000 -9999.000 -9999.000 -9999.000 -9999.000 -9999.000 -9999.000 -9999.000 -9999.000 -9999.000 -9999.000 -9999.000 -9999.000 -9999.000 -9999.000 0.8681397E-01 0.7295177E-01 0.6876617E-01 0.7073017E-01 0.7618166E-01 0.8260822E-01 0.8903920E-01 0.9499702E-01 0.1000164 0.1043252 0.1079488 0.1111796 0.1151991 0.1237160 0.1358630 0.1358630 -9999.000 -9999.000 -9999.000 -9999.000 -9999.000 -9999.000 -9999.000 -9999.000 -9999.000 -9999.000 -9999.000 -9999.000 -9999.000 -9999.000 -9999.000 -9999.000 -9999.000 -9999.000 -9999.000 -9999.000 -9999.000 -9999.000 -9999.000 -9999.000 -9999.000 -9999.000 -9999.000 -9999.000 -9999.000
-9999.000 -9999.000 -9999.000 -9999.000 -9999.000 -9999.000 -9999.000 -9999.000 -9999.000 -9999.000 -9999.000 -9999.000 -9999.000 -9999.000 -9999.000 0.8388076E-01 0.6720581E-01 0.6216127E-01 0.6465328E-01 0.7134669E-01 0.7919221E-01 0.8707410E-01 0.9445355E-01 0.1007740 0.1063186 0.1110900 0.1154218 0.1207529 0.1316841 0.1481550 0.1481550 -9999.000 -9999.000 -9999.000 -9999.000 -9999.000 -9999.000 -9999.000 -9999.000 -9999.000 -9999.000 -9999.000 -9999.000 -9999.000 -9999.000 -9999.000 -9999.000 -9999.000 -9999.000 -9999.000 -9999.000 -9999.000 -9999.000 -9999.000 -9999.000 -9999.000 -9999.000 -9999.000 -9999.000 -9999.000
-9999.000 -9999.000 -9999.000 -9999.000 -9999.000 -9999.000 -9999.000 -9999.000 -9999.000 -9999.000 -9999.000 -9999.000 -9999.000 -9999.000 -9999.000 0.8065716E-01 0.6120541E-01 0.5536778E-01 0.5848721E-01 0.6647163E-01 0.7574488E-01 0.8507968E-01 0.9389168E-01 0.1015313 0.1083429 0.1142981 0.1197723 0.1264796 0.1399844 0.1615442 0.1615442 -9999.000 -9999.000 -9999.000 -9999.000 -9999.000 -9999.000 -9999.000 -9999.000 -9999.000 -9999.000 -9999.000 -9999.000 -9999.000 -9999.000 -9999.000 -9999.000 -9999.000 -9999.000 -9999.000 -9999.000 -9999.000 -9999.000 -9999.000 -9999.000 -9999.000 -9999.000 -9999.000 -9999.000 -9999.000
-9999.000 -9999.000 -9999.000 -9999.000 -9999.000 -9999.000 -9999.000 -9999.000 -9999.000 -9999.000 -9999.000 -9999.000 -9999.000 -9999.000 -9999.000 0.7711603E-01 0.5494959E-01 0.4843514E-01 0.5232122E-01 0.6163881E-01 0.7232923E-01 0.8310422E-01 0.9334838E-01 0.1023150 0.1104155 0.1175802 0.1242290 0.1323732 0.1486281 0.1762215 0.1762215 -9999.000 -9999.000 -9999.000 -9999.000 -9999.000 -9999.000 -9999.000 -9999.000 -9999.000 -9999.000 -9999.000 -9999.000 -9999.000 -9999.000 -9999.000 -9999.000 -9999.000 -9999.000 -9999.000 -9999.000 -9999.000 -9999.000 -9999.000 -9999.000 -9999.000 -9999.000 -9999.000 -9999.000 -9999.000
-9999.000 -9999.000 -9999.000 -9999.000 -9999.000 -9999.000 -9999.000 -9999.000 -9999.000 -9999.000 -9999.000 -9999.000 -9999.000 -9999.000 -9999.000 0.7321087E-01 0.4842891E-01 0.4143906E-01 0.4628173E-01 0.5694509E-01 0.6900845E-01 0.8118942E-01 0.9285232E-01 0.1031431 0.1125479 0.1209412 0.1287905 0.1384323 0.1576382 0.1924518 0.1924518 -9999.000 -9999.000 -9999.000 -9999.000 -9999.000 -9999.000 -9999.000 -9999.000 -9999.000 -9999.000 -9999.000 -9999.000 -9999.000 -9999.000 -9999.000 -9999.000 -9999.000 -9999.000 -9999.000 -9999.000 -9999.000 -9999.000 -9999.000 -9999.000 -9999.000 -9999.000 -9999.000 -9999.000 -9999.000
-9999.000 -9999.000 -9999.000 -9999.000 -9999.000 -9999.000 -9999.000 -9999.000 -9999.000 -9999.000 -9999.000 -9999.000 -9999.000 -9999.000 -9999.000 0.6888101E-01 0.4163705E-01 0.3453390E-01 0.4058074E-01 0.5252651E-01 0.6586034E-01 0.7938126E-01 0.9243290E-01 0.1040348 0.1147519 0.1243863 0.1334566 0.1446580 0.1670448 0.2105918 0.2105918 -9999.000 -9999.000 -9999.000 -9999.000 -9999.000 -9999.000 -9999.000 -9999.000 -9999.000 -9999.000 -9999.000 -9999.000 -9999.000 -9999.000 -9999.000 -9999.000 -9999.000 -9999.000 -9999.000 -9999.000 -9999.000 -9999.000 -9999.000 -9999.000 -9999.000 -9999.000 -9999.000 -9999.000 -9999.000
-9999.000 -9999.000 -9999.000 -9999.000 -9999.000 -9999.000 -9999.000 -9999.000 -9999.000 -9999.000 -9999.000 -9999.000 -9999.000 -9999.000 -9999.000 0.6405348E-01 0.3458993E-01 0.2807013E-01 0.3558913E-01 0.4858227E-01 0.6298937E-01 0.7773999E-01 0.9212800E-01 0.1050143 0.1170439 0.1279233 0.1382288 0.1510533 0.1768839 0.2311228 0.2311228 -9999.000 -9999.000 -9999.000 -9999.000 -9999.000 -9999.000 -9999.000 -9999.000 -9999.000 -9999.000 -9999.000 -9999.000 -9999.000 -9999.000 -9999.000 -9999.000 -9999.000 -9999.000 -9999.000 -9999.000 -9999.000 -9999.000 -9999.000 -9999.000 -9999.000 -9999.000 -9999.000 -9999.000 -9999.000
-9999.000 -9999.000 -9999.000 -9999.000 -9999.000 -9999.000 -9999.000 -9999.000 -9999.000 -9999.000 -9999.000 -9999.000 -9999.000 -9999.000 -9999.000 0.5864135E-01 0.2737476E-01 0.2286398E-01 0.3192924E-01 0.4540474E-01 0.6054350E-01 0.7635109E-01 0.9199382E-01 0.1061200 0.1194514 0.1315694 0.1431153 0.1576256 0.1871983 0.2547065 0.2547065 -9999.000 -9999.000 -9999.000 -9999.000 -9999.000 -9999.000 -9999.000 -9999.000 -9999.000 -9999.000 -9999.000 -9999.000 -9999.000 -9999.000 -9999.000 -9999.000 -9999.000 -9999.000 -9999.000 -9999.000 -9999.000 -9999.000 -9999.000 -9999.000 -9999.000 -9999.000 -9999.000 -9999.000 -9999.000
-9999.000 -9999.000 -9999.000 -9999.000 -9999.000 -9999.000 -9999.000 -9999.000 -9999.000 -9999.000 -9999.000 -9999.000 -9999.000 -9999.000 -9999.000 0.5253863E-01 0.2032154E-01 0.2056004E-01 0.3049306E-01 0.4341123E-01 0.5874357E-01 0.7534997E-01 0.9212366E-01 0.1074206 0.1220268 0.1353612 0.1481397 0.1643947 0.1980426 0.2822761 0.2822761 -9999.000 -9999.000 -9999.000 -9999.000 -9999.000 -9999.000 -9999.000 -9999.000 -9999.000 -9999.000 -9999.000 -9999.000 -9999.000 -9999.000 -9999.000 -9999.000 -9999.000 -9999.000 -9999.000 -9999.000 -9999.000 -9999.000 -9999.000 -9999.000 -9999.000 -9999.000 -9999.000 -9999.000 -9999.000
-9999.000 -9999.000 -9999.000 -9999.000 -9999.000 -9999.000 -9999.000 -9999.000 -9999.000 -9999.000 -9999.000 -9999.000 -9999.000 -9999.000 -9999.000 0.4529079E-01 0.1550070E-01 0.2450826E-01 0.3368372E-01 0.4448274E-01 0.5897180E-01 0.7574582E-01 0.9326035E-01 0.1094706 0.1251840 0.1396041 0.1535228 0.1715184 0.2095628 0.3152504 0.3152504 -9999.000 -9999.000 -9999.000 -9999.000 -9999.000 -9999.000 -9999.000 -9999.000 -9999.000 -9999.000 -9999.000 -9999.000 -9999.000 -9999.000 -9999.000 -9999.000 -9999.000 -9999.000 -9999.000 -9999.000 -9999.000 -9999.000 -9999.000 -9999.000 -9999.000 -9999.000 -9999.000 -9999.000 -9999.000
-9999.000 -9999.000 -9999.000 -9999.000 -9999.000 -9999.000 -9999.000 -9999.000 -9999.000 -9999.000 -9999.000 -9999.000 -9999.000 -9999.000 -9999.000 0.7137314E-01 0.1088866 0.1249858 0.1166275 0.1077183 0.1043195 0.1062773 0.1132173 0.1226488 0.1343757 0.1466308 0.1596984 0.1783832 0.2207638 0.3528897 0.3528897 -9999.000 -9999.000 -9999.000 -9999.000 -9999.000 -9999.000 -9999.000 -9999.000 -9999.000 -9999.000 -9999.000 -9999.000 -9999.000 -9999.000 -9999.000 -9999.000 -9999.000 -9999.000 -9999.000 -9999.000 -9999.000 -9999.000 -9999.000 -9999.000 -9999.000 -9999.000 -9999.000 -9999.000 -9999.000
2.796649 2.796649 2.794507 2.814053 2.832273 2.832273 2.834654 2.834262 2.834262 2.830838 2.830838 2.825177 2.821685 2.817835 2.813908 2.813908 2.937552 2.941104 2.942131 2.924612 2.884806 2.823546 2.739861 2.632656 2.506111 2.360970 2.201359 2.037122 1.894531 1.848463 1.848463 2.670051 2.840687 2.938132 2.962248 2.962248 2.993264 2.993264 2.971659 2.971659 2.925050 2.737159 2.737159 2.331860 2.331860 2.052048 2.052048 2.052048 2.042155 2.042155 2.076462 2.076462 2.124973 2.124973 2.174822 2.174822 2.218911 2.218911 2.218911 2.253347
2.819050 2.819050 2.822281 2.867302 2.892662 2.892662 2.906933 2.929072 2.929072 2.947700 2.947700 2.963912 2.971295 2.978274 2.985114 2.985114 3.077429 3.094606 3.109513 3.119592 3.123987 3.121773 3.110599 3.087414 3.050579 2.997577 2.927142 2.840341 2.743931 2.673218 2.673218 3.110457 3.263126 3.411355 3.451721 3.451721 3.496890 3.496890 3.495514 3.495514 3.472578 3.366648 3.366648 3.143403 3.143403 2.880634 2.880634 2.880634 2.868757 2.868757 2.905077 2.905077 2.956715 2.956715 3.009111 3.009111 3.056329 3.056329 3.056329 3.095506
2.823309 2.823309 2.824100 2.868472 2.891988 2.891988 2.907124 2.930339 2.930339 2.949660 2.949660 2.966590 2.974369 2.981774 2.989091 2.989091 3.072138 3.100886 3.126821 3.148830 3.166507 3.179846 3.188323 3.190761 3.186285 3.173196 3.149788 3.115341 3.072569 3.041052 3.041052 3.287822 3.433656 3.602978 3.652442 3.652442 3.701742 3.701742 3.688231 3.688231 3.657902 3.558544 3.558544 3.406412 3.406412 3.175966 3.175966 3.175966 3.147628 3.147628 3.172045 3.172045 3.215326 3.215326 3.261611 3.261611 3.304236 3.304236 3.304236 3.340045
2.825479 2.825479 2.827842 2.868882 2.891015 2.891015 2.906587 2.930304 2.930304 2.949657 2.949657 2.966551 2.974323 2.981730 2.989114 2.989114 3.066809 3.105408 3.141656 3.173684 3.200657 3.222466 3.239110 3.250400 3.256380 3.256711 3.250827 3.238457 3.221234 3.211205 3.211205 3.362775 3.491683 3.665078 3.717705 3.717705 3.759050 3.759050 3.721494 3.721494 3.681936 3.594549 3.594549 3.500215 3.500215 3.318539 3.318539 3.318539 3.275419 3.275419 3.285820 3.285820 3.320674 3.320674 3.362160 3.362160 3.401659 3.401659 3.401659 3.435074
2.823431 2.823431 2.834179 2.869244 2.890503 2.890503 2.906413 2.930614 2.930614 2.950021 2.950021 2.966877 2.974629 2.982016 2.989462 2.989462 3.065988 3.113117 3.158726 3.199950 3.235506 3.264998 3.288410 3.305790 3.317425 3.323565 3.324405 3.320335 3.312945 3.310424 3.310424 3.406836 3.514384 3.676298 3.721995 3.721995 3.732289 3.732289 3.664663 3.664663 3.624886 3.568929 3.568929 3.528621 3.528621 3.406252 3.406252 3.406252 3.355623 3.355623 3.350906 3.350906 3.374809 3.374809 3.409832 3.409832 3.445270 3.445270 3.445270 3.475626
2.823141 2.823141 2.838461 2.869212 2.889908 2.889908 2.906043 2.930618 2.930618 2.950066 2.950066 2.966895 2.974637 2.982019 2.989587 2.989587 3.070183 3.125214 3.179316 3.228860 3.272254 3.308905 3.338702 3.361716 3.378240 3.388650 3.393387 3.393113 3.389361 3.387955 3.387955 3.448012 3.531469 3.662206 3.685023 3.685023 3.639560 3.639560 3.558608 3.558608 3.534417 3.524225 3.524225 3.529233 3.529233 3.465795 3.465795 3.465795 3.417970 3.417970 3.401062 3.401062 3.412386 3.412386 3.438615 3.438615 3.468086 3.468086 3.468086 3.493950
2.823193 2.823193 2.840765 2.869180 2.889546 2.889546 2.905806 2.930617 2.930617 2.950093 2.950093 2.966903 2.974639 2.982018 2.989761 2.989761 3.080464 3.143334 3.205185 3.262081 3.312347 3.355335 3.390894 3.419099 3.440199 3.454555 3.462623 3.465066 3.463179 3.460986 3.460986 3.495621 3.552951 3.622559 3.600234 3.600234 3.494942 3.494942 3.439920 3.439920 3.442820 3.478006 3.478006 3.516402 3.516402 3.504085 3.504085 3.504085 3.468282 3.468282 3.445360 3.445360 3.444843 3.444843 3.460560 3.460560 3.482046 3.482046 3.482046 3.501740
2.823208 2.823208 2.841534 2.869170 2.889427 2.889427 2.905726 2.930618 2.930618 2.950103 2.950103 2.966905 2.974639 2.982016 2.990008 2.990008 3.097931 3.169025 3.238063 3.301334 3.357358 3.405610 3.446006 3.478661 3.503808 3.521770 3.532954 3.537914 3.537610 3.534401 3.534401 3.550056 3.577036 3.536625 3.452121 3.452121 3.328404 3.328404 3.334918 3.334918 3.364844 3.434496 3.434496 3.495746 3.495746 3.524457 3.524457 3.524457 3.506210 3.506210 3.484375 3.484375 3.475068 3.475068 3.479846 3.479846 3.491682 3.491682 3.491682 3.503545
2.823184 2.823184 2.840786 2.869179 2.889547 2.889547 2.905806 2.930618 2.930618 2.950092 2.950092 2.966902 2.974639 2.982017 2.990355 2.990355 3.124136 3.204119 3.279879 3.348511 3.409044 3.461266 3.505287 3.541332 3.569680 3.590640 3.604553 3.611849 3.613067 3.608506 3.608506 3.606219 3.589010 3.375273 3.245667 3.245667 3.179880 3.179880 3.255473 3.255473 3.303781 3.394897 3.394897 3.471213 3.471213 3.531034 3.531034 3.531034 3.531701 3.531701 3.516710 3.516710 3.503044 3.503044 3.497849 3.497849 3.499039 3.499039 3.499039 3.501647
2.823124 2.823124 2.838500 2.869212 2.889909 2.889909 2.906043 2.930619 2.930619 2.950066 2.950066 2.966894 2.974638 2.982019 2.990837 2.990837 3.161387 3.250986 3.332944 3.405780 3.469371 3.524030 3.570188 3.608271 3.638654 3.661674 3.677640 3.686845 3.689155 3.680824 3.680824 3.650119 3.550940 3.137772 3.027036 3.027036 3.072390 3.072390 3.193836 3.193836 3.252033 3.355741 3.355741 3.442439 3.442439 3.525367 3.525367 3.525367 3.543467 3.543467 3.538640 3.538640 3.524916 3.524916 3.511958 3.511958 3.502524 3.502524 3.502524 3.495067
2.823407 2.823407 2.834229 2.869246 2.890505 2.890505 2.906413 2.930614 2.930614 2.950020 2.950020 2.966877 2.974629 2.982015 2.991500 2.991500 3.213248 3.312922 3.400197 3.475715 3.540573 3.595816 3.642324 3.680789 3.711742 3.735579 3.752606 3.762936 3.764748 3.742594 3.742594 3.642927 3.397193 2.882073 2.858239 2.858239 2.997611 2.997611 3.139979 3.139979 3.203048 3.314472 3.314472 3.408615 3.408615 3.508231 3.508231 3.508231 3.540740 3.540740 3.546838 3.546838 3.536058 3.536058 3.518016 3.518016 3.498913 3.498913 3.498913 3.481356
2.825450 2.825450 2.827886 2.868882 2.891014 2.891014 2.906585 2.930302 2.930302 2.949656 2.949656 2.966551 2.974325 2.981733 2.992157 2.992157 3.285208 3.394550 3.485405 3.561364 3.625126 3.678653 3.723354 3.760238 3.790011 3.813154 3.829986 3.840132 3.835637 3.760798 3.760798 3.497125 3.086639 2.697417 2.749941 2.749941 2.931272 2.931272 3.082177 3.082177 3.148003 3.264940 3.264940 3.364688 3.364688 3.476191 3.476191 3.476191 3.519722 3.519722 3.535627 3.535627 3.529228 3.529228 3.508479 3.508479 3.481358 3.481358 3.481358 3.454551
