cruce_test.gid/Rasters/Hydraulic/Velocity__x_228.0.asc
NCOLS        79
NROWS        79
XLLCENTER         -1.500000
YLLCENTER         -4.800000
CELLSIZE           0.100
NODATA_VALUE     -9999.0
[rows 0 to 25 of 79, columns 0 to 57 of 79]
-9999.000 -9999.000 -9999.000 -9999.000 -9999.000 -9999.000 -9999.000 -9999.000 -9999.000 -9999.000 -9999.000 -9999.000 -9999.000 -9999.000 -9999.000 -0.1558927E-02 -0.1156420E-02 0.2225839E-02 0.7014126E-02 0.1188581E-01 0.1585602E-01 0.1864760E-01 0.2024857E-01 0.2074254E-01 0.2027895E-01 0.1899360E-01 0.1696985E-01 0.1414778E-01 0.9925968E-02 0.4861780E-02 0.4861780E-02 -9999.000 -9999.000 -9999.000 -9999.000 -9999.000 -9999.000 -9999.000 -9999.000 -9999.000 -9999.000 -9999.000 -9999.000 -9999.000 -9999.000 -9999.000 -9999.000 -9999.000 -9999.000 -9999.000 -9999.000 -9999.000 -9999.000 -9999.000 -9999.000 -9999.000 -9999.000 -9999.000
-9999.000 -9999.000 -9999.000 -9999.000 -9999.000 -9999.000 -9999.000 -9999.000 -9999.000 -9999.000 -9999.000 -9999.000 -9999.000 -9999.000 -9999.000 -0.2953873E-03 0.1329841E-02 0.5761214E-02 0.1144772E-01 0.1712185E-01 0.2180251E-01 0.2514669E-01 0.2707190E-01 0.2760832E-01 0.2686866E-01 0.2497331E-01 0.2201326E-01 0.1796993E-01 0.1237141E-01 0.6040184E-02 0.6040184E-02 -9999.000 -9999.000 -9999.000 -9999.000 -9999.000 -9999.000 -9999.000 -9999.000 -9999.000 -9999.000 -9999.000 -9999.000 -9999.000 -9999.000 -9999.000 -9999.000 -9999.000 -9999.000 -9999.000 -9999.000 -9999.000 -9999.000 -9999.000 -9999.000 -9999.000 -9999.000 -9999.000
-9999.000 -9999.000 -9999.000 -9999.000 -9999.000 -9999.000 -9999.000 -9999.000 -9999.000 -9999.000 -9999.000 -9999.000 -9999.000 -9999.000 -9999.000 0.1534270E-03 0.2310833E-02 0.7365797E-02 0.1364507E-01 0.1983877E-01 0.2493124E-01 0.2856243E-01 0.3063751E-01 0.3117893E-01 0.3029893E-01 0.2812189E-01 0.2474872E-01 0.2017342E-01 0.1392217E-01 0.6835731E-02 0.6835731E-02 -9999.000 -9999.000 -9999.000 -9999.000 -9999.000 -9999.000 -9999.000 -9999.000 -9999.000 -9999.000 -9999.000 -9999.000 -9999.000 -9999.000 -9999.000 -9999.000 -9999.000 -9999.000 -9999.000 -9999.000 -9999.000 -9999.000 -9999.000 -9999.000 -9999.000 -9999.000 -9999.000
-9999.000 -9999.000 -9999.000 -9999.000 -9999.000 -9999.000 -9999.000 -9999.000 -9999.000 -9999.000 -9999.000 -9999.000 -9999.000 -9999.000 -9999.000 0.3734289E-03 0.2824556E-02 0.8261068E-02 0.1492343E-01 0.2146084E-01 0.2682802E-01 0.3065531E-01 0.3284303E-01 0.3341189E-01 0.3247621E-01 0.3016386E-01 0.2657974E-01 0.2171880E-01 0.1508214E-01 0.7460015E-02 0.7460015E-02 -9999.000 -9999.000 -9999.000 -9999.000 -9999.000 -9999.000 -9999.000 -9999.000 -9999.000 -9999.000 -9999.000 -9999.000 -9999.000 -9999.000 -9999.000 -9999.000 -9999.000 -9999.000 -9999.000 -9999.000 -9999.000 -9999.000 -9999.000 -9999.000 -9999.000 -9999.000 -9999.000
-9999.000 -9999.000 -9999.000 -9999.000 -9999.000 -9999.000 -9999.000 -9999.000 -9999.000 -9999.000 -9999.000 -9999.000 -9999.000 -9999.000 -9999.000 0.5180295E-03 0.3179113E-02 0.8905439E-02 0.1586655E-01 0.2267452E-01 0.2825825E-01 0.3224449E-01 0.3453213E-01 0.3514178E-01 0.3419103E-01 0.3180952E-01 0.2810287E-01 0.2306169E-01 0.1614907E-01 0.8056457E-02 0.8056457E-02 -9999.000 -9999.000 -9999.000 -9999.000 -9999.000 -9999.000 -9999.000 -9999.000 -9999.000 -9999.000 -9999.000 -9999.000 -9999.000 -9999.000 -9999.000 -9999.000 -9999.000 -9999.000 -9999.000 -9999.000 -9999.000 -9999.000 -9999.000 -9999.000 -9999.000 -9999.000 -9999.000
-9999.000 -9999.000 -9999.000 -9999.000 -9999.000 -9999.000 -9999.000 -9999.000 -9999.000 -9999.000 -9999.000 -9999.000 -9999.000 -9999.000 -9999.000 0.6488546E-03 0.3502926E-02 0.9495822E-02 0.1673094E-01 0.2378463E-01 0.2956387E-01 0.3369601E-01 0.3608067E-01 0.3673957E-01 0.3579473E-01 0.3337642E-01 0.2958981E-01 0.2441697E-01 0.1727098E-01 0.8701016E-02 0.8701016E-02 -9999.000 -9999.000 -9999.000 -9999.000 -9999.000 -9999.000 -9999.000 -9999.000 -9999.000 -9999.000 -9999.000 -9999.000 -9999.000 -9999.000 -9999.000 -9999.000 -9999.000 -9999.000 -9999.000 -9999.000 -9999.000 -9999.000 -9999.000 -9999.000 -9999.000 -9999.000 -9999.000
-9999.000 -9999.000 -9999.000 -9999.000 -9999.000 -9999.000 -9999.000 -9999.000 -9999.000 -9999.000 -9999.000 -9999.000 -9999.000 -9999.000 -9999.000 0.7949028E-03 0.3855075E-02 0.1012209E-01 0.1763343E-01 0.2493055E-01 0.3090153E-01 0.3517812E-01 0.3766260E-01 0.3837894E-01 0.3745412E-01 0.3501920E-01 0.3117756E-01 0.2589894E-01 0.1853522E-01 0.9441151E-02 0.9441151E-02 -9999.000 -9999.000 -9999.000 -9999.000 -9999.000 -9999.000 -9999.000 -9999.000 -9999.000 -9999.000 -9999.000 -9999.000 -9999.000 -9999.000 -9999.000 -9999.000 -9999.000 -9999.000 -9999.000 -9999.000 -9999.000 -9999.000 -9999.000 -9999.000 -9999.000 -9999.000 -9999.000
-9999.000 -9999.000 -9999.000 -9999.000 -9999.000 -9999.000 -9999.000 -9999.000 -9999.000 -9999.000 -9999.000 -9999.000 -9999.000 -9999.000 -9999.000 0.9712625E-03 0.4266419E-02 0.1083084E-01 0.1863435E-01 0.2618456E-01 0.3235210E-01 0.3677820E-01 0.3936929E-01 0.4015299E-01 0.3926236E-01 0.3682840E-01 0.3295144E-01 0.2758702E-01 0.2001037E-01 0.1031855E-01 0.1031855E-01 -9999.000 -9999.000 -9999.000 -9999.000 -9999.000 -9999.000 -9999.000 -9999.000 -9999.000 -9999.000 -9999.000 -9999.000 -9999.000 -9999.000 -9999.000 -9999.000 -9999.000 -9999.000 -9999.000 -9999.000 -9999.000 -9999.000 -9999.000 -9999.000 -9999.000 -9999.000 -9999.000
-9999.000 -9999.000 -9999.000 -9999.000 -9999.000 -9999.000 -9999.000 -9999.000 -9999.000 -9999.000 -9999.000 -9999.000 -9999.000 -9999.000 -9999.000 0.1188286E-02 0.4758103E-02 0.1165340E-01 0.1977407E-01 0.2759322E-01 0.3396793E-01 0.3855329E-01 0.4126212E-01 0.4212626E-01 0.4128657E-01 0.3887399E-01 0.3498397E-01 0.2955433E-01 0.2176799E-01 0.1137866E-01 0.1137866E-01 -9999.000 -9999.000 -9999.000 -9999.000 -9999.000 -9999.000 -9999.000 -9999.000 -9999.000 -9999.000 -9999.000 -9999.000 -9999.000 -9999.000 -9999.000 -9999.000 -9999.000 -9999.000 -9999.000 -9999.000 -9999.000 -9999.000 -9999.000 -9999.000 -9999.000 -9999.000 -9999.000
-9999.000 -9999.000 -9999.000 -9999.000 -9999.000 -9999.000 -9999.000 -9999.000 -9999.000 -9999.000 -9999.000 -9999.000 -9999.000 -9999.000 -9999.000 0.1455526E-02 0.5349207E-02 0.1261822E-01 0.2108842E-01 0.2919944E-01 0.3579708E-01 0.4055611E-01 0.4339840E-01 0.4436133E-01 0.4359499E-01 0.4122913E-01 0.3735485E-01 0.3188721E-01 0.2389754E-01 0.1268100E-01 0.1268100E-01 -9999.000 -9999.000 -9999.000 -9999.000 -9999.000 -9999.000 -9999.000 -9999.000 -9999.000 -9999.000 -9999.000 -9999.000 -9999.000 -9999.000 -9999.000 -9999.000 -9999.000 -9999.000 -9999.000 -9999.000 -9999.000 -9999.000 -9999.000 -9999.000 -9999.000 -9999.000 -9999.000
-9999.000 -9999.000 -9999.000 -9999.000 -9999.000 -9999.000 -9999.000 -9999.000 -9999.000 -9999.000 -9999.000 -9999.000 -9999.000 -9999.000 -9999.000 0.1783702E-02 0.6061460E-02 0.1375734E-01 0.2261882E-01 0.3105178E-01 0.3789401E-01 0.4284747E-01 0.4584530E-01 0.4693216E-01 0.4626955E-01 0.4398612E-01 0.4016672E-01 0.3469967E-01 0.2652148E-01 0.1430749E-01 0.1430749E-01 -9999.000 -9999.000 -9999.000 -9999.000 -9999.000 -9999.000 -9999.000 -9999.000 -9999.000 -9999.000 -9999.000 -9999.000 -9999.000 -9999.000 -9999.000 -9999.000 -9999.000 -9999.000 -9999.000 -9999.000 -9999.000 -9999.000 -9999.000 -9999.000 -9999.000 -9999.000 -9999.000
-9999.000 -9999.000 -9999.000 -9999.000 -9999.000 -9999.000 -9999.000 -9999.000 -9999.000 -9999.000 -9999.000 -9999.000 -9999.000 -9999.000 -9999.000 0.2187611E-02 0.6925918E-02 0.1511808E-01 0.2442781E-01 0.3322062E-01 0.4033681E-01 0.4551283E-01 0.4869604E-01 0.4994140E-01 0.4942462E-01 0.4727242E-01 0.4356341E-01 0.3815343E-01 0.2981502E-01 0.1637681E-01 0.1637681E-01 -9999.000 -9999.000 -9999.000 -9999.000 -9999.000 -9999.000 -9999.000 -9999.000 -9999.000 -9999.000 -9999.000 -9999.000 -9999.000 -9999.000 -9999.000 -9999.000 -9999.000 -9999.000 -9999.000 -9999.000 -9999.000 -9999.000 -9999.000 -9999.000 -9999.000 -9999.000 -9999.000
-9999.000 -9999.000 -9999.000 -9999.000 -9999.000 -9999.000 -9999.000 -9999.000 -9999.000 -9999.000 -9999.000 -9999.000 -9999.000 -9999.000 -9999.000 0.2721490E-02 0.8056580E-02 0.1688210E-01 0.2673929E-01 0.3592467E-01 0.4334042E-01 0.4876238E-01 0.5215742E-01 0.5359528E-01 0.5327037E-01 0.5130804E-01 0.4777967E-01 0.4250280E-01 0.3404996E-01 0.1907101E-01 0.1907101E-01 -9999.000 -9999.000 -9999.000 -9999.000 -9999.000 -9999.000 -9999.000 -9999.000 -9999.000 -9999.000 -9999.000 -9999.000 -9999.000 -9999.000 -9999.000 -9999.000 -9999.000 -9999.000 -9999.000 -9999.000 -9999.000 -9999.000 -9999.000 -9999.000 -9999.000 -9999.000 -9999.000
-9999.000 -9999.000 -9999.000 -9999.000 -9999.000 -9999.000 -9999.000 -9999.000 -9999.000 -9999.000 -9999.000 -9999.000 -9999.000 -9999.000 -9999.000 0.4952654E-02 0.1279480E-01 0.2429247E-01 0.3524854E-01 0.4418845E-01 0.5128175E-01 0.5634113E-01 0.5937916E-01 0.6050876E-01 0.5995812E-01 0.5784928E-01 0.5424082E-01 0.4889361E-01 0.4012114E-01 0.2290772E-01 0.2290772E-01 -9999.000 -9999.000 -9999.000 -9999.000 -9999.000 -9999.000 -9999.000 -9999.000 -9999.000 -9999.000 -9999.000 -9999.000 -9999.000 -9999.000 -9999.000 -9999.000 -9999.000 -9999.000 -9999.000 -9999.000 -9999.000 -9999.000 -9999.000 -9999.000 -9999.000 -9999.000 -9999.000
-9999.000 -9999.000 -9999.000 -9999.000 -9999.000 -9999.000 -9999.000 -9999.000 -9999.000 -9999.000 -9999.000 -9999.000 -9999.000 -9999.000 -9999.000 0.1045348 0.1602724 0.1879624 0.1801613 0.1533284 0.1341004 0.1173009 0.1028299 0.9046520E-01 0.7984834E-01 0.7045175E-01 0.6180164E-01 0.5312653E-01 0.4213784E-01 0.2033717E-01 0.2033717E-01 -9999.000 -9999.000 -9999.000 -9999.000 -9999.000 -9999.000 -9999.000 -9999.000 -9999.000 -9999.000 -9999.000 -9999.000 -9999.000 -9999.000 -9999.000 -9999.000 -9999.000 -9999.000 -9999.000 -9999.000 -9999.000 -9999.000 -9999.000 -9999.000 -9999.000 -9999.000 -9999.000
2.877793 2.877793 2.888305 2.898815 2.917515 2.917515 2.920120 2.919947 2.919947 2.916075 2.916075 2.909607 2.905669 2.901370 2.897162 2.897162 3.057806 3.062571 3.063925 3.059945 3.026778 2.970116 2.889950 2.784669 2.656255 2.508186 2.342982 2.169241 2.010731 1.937300 1.937300 2.782294 2.963130 3.071130 3.098668 3.098668 3.137260 3.137260 3.128846 3.128846 3.089842 2.921153 2.921153 2.616671 2.616671 2.195707 2.195707 2.195707 2.165165 2.165165 2.190931 2.190931 2.237616 2.237616 2.288007 2.288007 2.334040 2.334040
2.900596 2.900596 2.918603 2.953007 2.979274 2.979274 2.994107 3.017141 3.017141 3.035945 3.035945 3.051942 3.059165 3.065978 3.072799 3.072799 3.191820 3.212053 3.228238 3.241753 3.247808 3.246742 3.236738 3.214535 3.177574 3.124002 3.051970 2.962079 2.860742 2.774565 2.774565 3.227848 3.388855 3.545728 3.588922 3.588922 3.640031 3.640031 3.646971 3.646971 3.629262 3.534284 3.534284 3.351882 3.351882 3.035531 3.035531 3.035531 3.001308 3.001308 3.029265 3.029265 3.078725 3.078725 3.131672 3.131672 3.180663 3.180663
2.905623 2.905623 2.917993 2.954877 2.979090 2.979090 2.994599 3.018404 3.018404 3.037789 3.037789 3.054468 3.062082 3.069311 3.076619 3.076619 3.182465 3.215796 3.244190 3.268816 3.287805 3.301345 3.309262 3.310456 3.303655 3.287544 3.260338 3.221122 3.172486 3.130806 3.130806 3.384961 3.542346 3.726149 3.780515 3.780515 3.839332 3.839332 3.835591 3.835591 3.809110 3.710828 3.710828 3.573344 3.573344 3.325989 3.325989 3.325989 3.277294 3.277294 3.291997 3.291997 3.332505 3.332505 3.379263 3.379263 3.423748 3.423748
2.909161 2.909161 2.920463 2.955596 2.978334 2.978334 2.994228 3.018405 3.018405 3.037796 3.037796 3.054462 3.062079 3.069313 3.076714 3.076714 3.173994 3.218040 3.257675 3.292509 3.321165 3.343404 3.359303 3.368697 3.371383 3.367169 3.355548 3.336238 3.310917 3.290156 3.290156 3.443738 3.582445 3.774405 3.835173 3.835173 3.893219 3.893219 3.867691 3.867691 3.828769 3.732143 3.732143 3.639557 3.639557 3.463045 3.463045 3.463045 3.405686 3.405686 3.405549 3.405549 3.436152 3.436152 3.477274 3.477274 3.518307 3.518307
2.911356 2.911356 2.923604 2.955989 2.977748 2.977748 2.993912 3.018419 3.018419 3.037813 3.037813 3.054464 3.062088 3.069337 3.076890 3.076890 3.170521 3.223531 3.273183 3.317506 3.355075 3.385316 3.408141 3.423561 3.431670 3.432701 3.426860 3.414540 3.397401 3.382949 3.382949 3.475904 3.589245 3.771477 3.829654 3.829654 3.866471 3.866471 3.809720 3.809720 3.765020 3.692798 3.692798 3.649604 3.649604 3.543694 3.543694 3.543694 3.487258 3.487258 3.473087 3.473087 3.491242 3.491242 3.524595 3.524595 3.560848 3.560848
2.912350 2.912350 2.927016 2.956084 2.977303 2.977303 2.993693 3.018537 3.018537 3.038030 3.038030 3.054760 3.062422 3.069703 3.077470 3.077470 3.173239 3.234171 3.292533 3.345234 3.390672 3.428108 3.457310 3.478274 3.491130 3.496171 3.493790 3.484608 3.470174 3.455998 3.455998 3.508355 3.593239 3.746405 3.788170 3.788170 3.777185 3.777185 3.696359 3.696359 3.662920 3.636569 3.636569 3.639061 3.639061 3.595186 3.595186 3.595186 3.549312 3.549312 3.526010 3.526010 3.530964 3.530964 3.554165 3.554165 3.583492 3.583492
2.912489 2.912489 2.930249 2.956308 2.977364 2.977364 2.993939 3.018967 3.018967 3.038383 3.038383 3.054994 3.062604 3.069843 3.077846 3.077846 3.182353 3.250873 3.316900 3.376789 3.428887 3.472440 3.507186 3.533100 3.550303 3.559045 3.559697 3.552851 3.539776 3.524355 3.524355 3.548613 3.604288 3.704090 3.709352 3.709352 3.634555 3.634555 3.566410 3.566410 3.559966 3.584084 3.584084 3.621618 3.621618 3.627033 3.627033 3.627033 3.598233 3.598233 3.572964 3.572964 3.566755 3.566755 3.578457 3.578457 3.598727 3.598727
2.911122 2.911122 2.932367 2.956469 2.977417 2.977417 2.993991 3.019010 3.019010 3.038402 3.038402 3.055000 3.062608 3.069846 3.078226 3.078226 3.199173 3.275465 3.348277 3.414061 3.471370 3.519627 3.558670 3.588533 3.609348 3.621326 3.624762 3.620118 3.608295 3.591689 3.591689 3.595937 3.621483 3.630721 3.577648 3.577648 3.461937 3.461937 3.450112 3.450112 3.474055 3.538357 3.538357 3.600006 3.600006 3.642916 3.642916 3.642916 3.633807 3.633807 3.613448 3.613448 3.600461 3.600461 3.600976 3.600976 3.610693 3.610693
2.912484 2.912484 2.930319 2.956298 2.977361 2.977361 2.993941 3.018971 3.018971 3.038386 3.038386 3.054994 3.062604 3.069843 3.078745 3.078745 3.225234 3.309731 3.388494 3.458744 3.519588 3.570840 3.612592 3.645030 3.668357 3.682777 3.688514 3.685877 3.675347 3.657600 3.657600 3.645400 3.634511 3.498068 3.385529 3.385529 3.299766 3.299766 3.362064 3.362064 3.408215 3.498084 3.498084 3.575686 3.575686 3.646547 3.646547 3.646547 3.656484 3.656484 3.645752 3.645752 3.630827 3.630827 3.622067 3.622067 3.620660 3.620660
2.912341 2.912341 2.927159 2.956064 2.977300 2.977300 2.993700 3.018551 3.018551 3.038045 3.038045 3.054771 3.062432 3.069712 3.079362 3.079362 3.262706 3.355817 3.439508 3.512514 3.574904 3.627119 3.669663 3.702966 3.727363 3.743090 3.750331 3.749243 3.739729 3.719443 3.719443 3.686382 3.616772 3.287874 3.163442 3.163442 3.179604 3.179604 3.297064 3.297064 3.355313 3.459865 3.459865 3.548347 3.548347 3.639916 3.639916 3.639916 3.666367 3.666367 3.667288 3.667288 3.654566 3.654566 3.639443 3.639443 3.627435 3.627435
2.911348 2.911348 2.923823 2.955968 2.977743 2.977743 2.993917 3.018427 3.018427 3.037818 3.037818 3.054464 3.062087 3.069336 3.079946 3.079946 3.314667 3.416264 3.503257 3.576747 3.638217 3.688988 3.730088 3.762267 3.786027 3.801672 3.809364 3.809077 3.799473 3.770185 3.770185 3.692090 3.514311 3.033826 2.975990 2.975990 3.099113 3.099113 3.242566 3.242566 3.306534 3.419784 3.419784 3.516103 3.516103 3.622845 3.622845 3.622845 3.662529 3.662529 3.674861 3.674861 3.666972 3.666972 3.648527 3.648527 3.627394 3.627394
