cruce_test.gid/Rasters/Hydraulic/Velocity____25.0.asc
NCOLS        79
NROWS        79
XLLCENTER         -1.500000
YLLCENTER         -4.800000
CELLSIZE           0.100
NODATA_VALUE     -9999.0
[rows 0 to 26 of 79, columns 0 to 59 of 79]
-9999.000 -9999.000 -9999.000 -9999.000 -9999.000 -9999.000 -9999.000 -9999.000 -9999.000 -9999.000 -9999.000 -9999.000 -9999.000 -9999.000 -9999.000 0.4070533 0.4074824 0.4080514 0.4089397 0.4100214 0.4112365 0.4125379 0.4138824 0.4152287 0.4165387 0.4177786 0.4189230 0.4199604 0.4208310 0.4167326 0.4167326 -9999.000 -9999.000 -9999.000 -9999.000 -9999.000 -9999.000 -9999.000 -9999.000 -9999.000 -9999.000 -9999.000 -9999.000 -9999.000 -9999.000 -9999.000 -9999.000 -9999.000 -9999.000 -9999.000 -9999.000 -9999.000 -9999.000 -9999.000 -9999.000 -9999.000 -9999.000 -9999.000 -9999.000 -9999.000
-9999.000 -9999.000 -9999.000 -9999.000 -9999.000 -9999.000 -9999.000 -9999.000 -9999.000 -9999.000 -9999.000 -9999.000 -9999.000 -9999.000 -9999.000 0.3968345 0.3964714 0.3973187 0.3986503 0.4002201 0.4019320 0.4037233 0.4055436 0.4073527 0.4091189 0.4108234 0.4124646 0.4140643 0.4155237 0.4080425 0.4080425 -9999.000 -9999.000 -9999.000 -9999.000 -9999.000 -9999.000 -9999.000 -9999.000 -9999.000 -9999.000 -9999.000 -9999.000 -9999.000 -9999.000 -9999.000 -9999.000 -9999.000 -9999.000 -9999.000 -9999.000 -9999.000 -9999.000 -9999.000 -9999.000 -9999.000 -9999.000 -9999.000 -9999.000 -9999.000
-9999.000 -9999.000 -9999.000 -9999.000 -9999.000 -9999.000 -9999.000 -9999.000 -9999.000 -9999.000 -9999.000 -9999.000 -9999.000 -9999.000 -9999.000 0.3841309 0.3825771 0.3839844 0.3861502 0.3886474 0.3913178 0.3940677 0.3968301 0.3995578 0.4022197 0.4048013 0.4073043 0.4097410 0.4118524 0.4001366 0.4001366 -9999.000 -9999.000 -9999.000 -9999.000 -9999.000 -9999.000 -9999.000 -9999.000 -9999.000 -9999.000 -9999.000 -9999.000 -9999.000 -9999.000 -9999.000 -9999.000 -9999.000 -9999.000 -9999.000 -9999.000 -9999.000 -9999.000 -9999.000 -9999.000 -9999.000 -9999.000 -9999.000 -9999.000 -9999.000
-9999.000 -9999.000 -9999.000 -9999.000 -9999.000 -9999.000 -9999.000 -9999.000 -9999.000 -9999.000 -9999.000 -9999.000 -9999.000 -9999.000 -9999.000 0.3705234 0.3673087 0.3694811 0.3727852 0.3765512 0.3805377 0.3846067 0.3886646 0.3926507 0.3965280 0.4002810 0.4039081 0.4074054 0.4103277 0.3942996 0.3942996 -9999.000 -9999.000 -9999.000 -9999.000 -9999.000 -9999.000 -9999.000 -9999.000 -9999.000 -9999.000 -9999.000 -9999.000 -9999.000 -9999.000 -9999.000 -9999.000 -9999.000 -9999.000 -9999.000 -9999.000 -9999.000 -9999.000 -9999.000 -9999.000 -9999.000 -9999.000 -9999.000 -9999.000 -9999.000
-9999.000 -9999.000 -9999.000 -9999.000 -9999.000 -9999.000 -9999.000 -9999.000 -9999.000 -9999.000 -9999.000 -9999.000 -9999.000 -9999.000 -9999.000 0.3559846 0.3506947 0.3538340 0.3585785 0.3639524 0.3696074 0.3753481 0.3810468 0.3866238 0.3920341 0.3972591 0.4022938 0.4071173 0.4110651 0.3907506 0.3907506 -9999.000 -9999.000 -9999.000 -9999.000 -9999.000 -9999.000 -9999.000 -9999.000 -9999.000 -9999.000 -9999.000 -9999.000 -9999.000 -9999.000 -9999.000 -9999.000 -9999.000 -9999.000 -9999.000 -9999.000 -9999.000 -9999.000 -9999.000 -9999.000 -9999.000 -9999.000 -9999.000 -9999.000 -9999.000
-9999.000 -9999.000 -9999.000 -9999.000 -9999.000 -9999.000 -9999.000 -9999.000 -9999.000 -9999.000 -9999.000 -9999.000 -9999.000 -9999.000 -9999.000 0.3403755 0.3327196 0.3370370 0.3435325 0.3508601 0.3585409 0.3663092 0.3739973 0.3815032 0.3887736 0.3957901 0.4025472 0.4090092 0.4142590 0.3897948 0.3897948 -9999.000 -9999.000 -9999.000 -9999.000 -9999.000 -9999.000 -9999.000 -9999.000 -9999.000 -9999.000 -9999.000 -9999.000 -9999.000 -9999.000 -9999.000 -9999.000 -9999.000 -9999.000 -9999.000 -9999.000 -9999.000 -9999.000 -9999.000 -9999.000 -9999.000 -9999.000 -9999.000 -9999.000 -9999.000
-9999.000 -9999.000 -9999.000 -9999.000 -9999.000 -9999.000 -9999.000 -9999.000 -9999.000 -9999.000 -9999.000 -9999.000 -9999.000 -9999.000 -9999.000 0.3234480 0.3133431 0.3190725 0.3276437 0.3372825 0.3473563 0.3575177 0.3675528 0.3773379 0.3868151 0.3959713 0.4048094 0.4132838 0.4201942 0.3918490 0.3918490 -9999.000 -9999.000 -9999.000 -9999.000 -9999.000 -9999.000 -9999.000 -9999.000 -9999.000 -9999.000 -9999.000 -9999.000 -9999.000 -9999.000 -9999.000 -9999.000 -9999.000 -9999.000 -9999.000 -9999.000 -9999.000 -9999.000 -9999.000 -9999.000 -9999.000 -9999.000 -9999.000 -9999.000 -9999.000
-9999.000 -9999.000 -9999.000 -9999.000 -9999.000 -9999.000 -9999.000 -9999.000 -9999.000 -9999.000 -9999.000 -9999.000 -9999.000 -9999.000 -9999.000 0.3048449 0.2925153 0.2999322 0.3109219 0.3232419 0.3360857 0.3490142 0.3617651 0.3741960 0.3862516 0.3979353 0.4092712 0.4202158 0.4292636 0.3974738 0.3974738 -9999.000 -9999.000 -9999.000 -9999.000 -9999.000 -9999.000 -9999.000 -9999.000 -9999.000 -9999.000 -9999.000 -9999.000 -9999.000 -9999.000 -9999.000 -9999.000 -9999.000 -9999.000 -9999.000 -9999.000 -9999.000 -9999.000 -9999.000 -9999.000 -9999.000 -9999.000 -9999.000 -9999.000 -9999.000
-9999.000 -9999.000 -9999.000 -9999.000 -9999.000 -9999.000 -9999.000 -9999.000 -9999.000 -9999.000 -9999.000 -9999.000 -9999.000 -9999.000 -9999.000 0.2841007 0.2701909 0.2796389 0.2934132 0.3087943 0.3247892 0.3408624 0.3567053 0.3721643 0.3871992 0.4018476 0.4161764 0.4301668 0.4420002 0.4074310 0.4074310 -9999.000 -9999.000 -9999.000 -9999.000 -9999.000 -9999.000 -9999.000 -9999.000 -9999.000 -9999.000 -9999.000 -9999.000 -9999.000 -9999.000 -9999.000 -9999.000 -9999.000 -9999.000 -9999.000 -9999.000 -9999.000 -9999.000 -9999.000 -9999.000 -9999.000 -9999.000 -9999.000 -9999.000 -9999.000
-9999.000 -9999.000 -9999.000 -9999.000 -9999.000 -9999.000 -9999.000 -9999.000 -9999.000 -9999.000 -9999.000 -9999.000 -9999.000 -9999.000 -9999.000 0.2606511 0.2463416 0.2582710 0.2752278 0.2940552 0.3135765 0.3331645 0.3524740 0.3713543 0.3898002 0.4079099 0.4258294 0.4436074 0.4591326 0.4227887 0.4227887 -9999.000 -9999.000 -9999.000 -9999.000 -9999.000 -9999.000 -9999.000 -9999.000 -9999.000 -9999.000 -9999.000 -9999.000 -9999.000 -9999.000 -9999.000 -9999.000 -9999.000 -9999.000 -9999.000 -9999.000 -9999.000 -9999.000 -9999.000 -9999.000 -9999.000 -9999.000 -9999.000 -9999.000 -9999.000
-9999.000 -9999.000 -9999.000 -9999.000 -9999.000 -9999.000 -9999.000 -9999.000 -9999.000 -9999.000 -9999.000 -9999.000 -9999.000 -9999.000 -9999.000 0.2338601 0.2209742 0.2359936 0.2565747 0.2792313 0.3026328 0.3260816 0.3492167 0.3719133 0.3942302 0.4163679 0.4386109 0.4611557 0.4816800 0.4451268 0.4451268 -9999.000 -9999.000 -9999.000 -9999.000 -9999.000 -9999.000 -9999.000 -9999.000 -9999.000 -9999.000 -9999.000 -9999.000 -9999.000 -9999.000 -9999.000 -9999.000 -9999.000 -9999.000 -9999.000 -9999.000 -9999.000 -9999.000 -9999.000 -9999.000 -9999.000 -9999.000 -9999.000 -9999.000 -9999.000
-9999.000 -9999.000 -9999.000 -9999.000 -9999.000 -9999.000 -9999.000 -9999.000 -9999.000 -9999.000 -9999.000 -9999.000 -9999.000 -9999.000 -9999.000 0.2030802 0.1941667 0.2131026 0.2378042 0.2646565 0.2922487 0.3198588 0.3471447 0.3740413 0.4007126 0.4275236 0.4549981 0.4836359 0.5111192 0.4769592 0.4769592 -9999.000 -9999.000 -9999.000 -9999.000 -9999.000 -9999.000 -9999.000 -9999.000 -9999.000 -9999.000 -9999.000 -9999.000 -9999.000 -9999.000 -9999.000 -9999.000 -9999.000 -9999.000 -9999.000 -9999.000 -9999.000 -9999.000 -9999.000 -9999.000 -9999.000 -9999.000 -9999.000 -9999.000 -9999.000
-9999.000 -9999.000 -9999.000 -9999.000 -9999.000 -9999.000 -9999.000 -9999.000 -9999.000 -9999.000 -9999.000 -9999.000 -9999.000 -9999.000 -9999.000 0.1677708 0.1661547 0.1900990 0.2194621 0.2508306 0.2828505 0.3148517 0.3465614 0.3780165 0.4095414 0.4417570 0.4755937 0.5121642 0.5496927 0.5227123 0.5227123 -9999.000 -9999.000 -9999.000 -9999.000 -9999.000 -9999.000 -9999.000 -9999.000 -9999.000 -9999.000 -9999.000 -9999.000 -9999.000 -9999.000 -9999.000 -9999.000 -9999.000 -9999.000 -9999.000 -9999.000 -9999.000 -9999.000 -9999.000 -9999.000 -9999.000 -9999.000 -9999.000 -9999.000 -9999.000
-9999.000 -9999.000 -9999.000 -9999.000 -9999.000 -9999.000 -9999.000 -9999.000 -9999.000 -9999.000 -9999.000 -9999.000 -9999.000 -9999.000 -9999.000 0.1277194 0.1375813 0.1678839 0.2024241 0.2385139 0.2750729 0.3115898 0.3479208 0.3842535 0.4211379 0.4595759 0.5011759 0.5482726 0.6010115 0.5914326 0.5914326 -9999.000 -9999.000 -9999.000 -9999.000 -9999.000 -9999.000 -9999.000 -9999.000 -9999.000 -9999.000 -9999.000 -9999.000 -9999.000 -9999.000 -9999.000 -9999.000 -9999.000 -9999.000 -9999.000 -9999.000 -9999.000 -9999.000 -9999.000 -9999.000 -9999.000 -9999.000 -9999.000 -9999.000 -9999.000
-9999.000 -9999.000 -9999.000 -9999.000 -9999.000 -9999.000 -9999.000 -9999.000 -9999.000 -9999.000 -9999.000 -9999.000 -9999.000 -9999.000 -9999.000 0.8428542E-01 0.1142023 0.1529302 0.1925088 0.2324418 0.2725446 0.3127465 0.3531540 0.3941558 0.4365718 0.4819030 0.5328004 0.5939440 0.6710558 0.7055136 0.7055136 -9999.000 -9999.000 -9999.000 -9999.000 -9999.000 -9999.000 -9999.000 -9999.000 -9999.000 -9999.000 -9999.000 -9999.000 -9999.000 -9999.000 -9999.000 -9999.000 -9999.000 -9999.000 -9999.000 -9999.000 -9999.000 -9999.000 -9999.000 -9999.000 -9999.000 -9999.000 -9999.000 -9999.000 -9999.000
1.043328 1.043328 0.9752654 0.9254664 0.9045945 0.9045945 0.8852260 0.8475835 0.8475835 0.8054093 0.8054093 0.7503736 0.7137014 0.6666948 0.6045513 0.6045513 0.4820705 0.4420279 0.4113669 0.3929532 0.3877453 0.3951931 0.4138843 0.4423599 0.4798785 0.5271477 0.5873592 0.6683812 0.7871175 0.9874520 0.9874520 1.368603 1.532980 1.543360 1.487323 1.487323 1.155039 1.155039 0.2336837 0.2336837 0.1577536 0.1704771 0.1704771 0.2590395 0.2590395 0.3733180 0.3733180 0.3733180 0.4513630 0.4513630 0.5189543 0.5189543 0.5766142 0.5766142 0.6262127 0.6262127 0.6820663 0.6820663 0.6820663 0.7204717
1.056418 1.056418 0.9877204 0.9462379 0.9291889 0.9291889 0.9133120 0.8813765 0.8813765 0.8430033 0.8430033 0.7920230 0.7606897 0.7256833 0.6883065 0.6883065 0.6317892 0.6053945 0.5782256 0.5531298 0.5332109 0.5213885 0.5199997 0.5306371 0.5543637 0.5923301 0.6467543 0.7223511 0.8276386 0.9729535 0.9729535 1.232030 1.336937 1.396794 1.401792 1.401792 1.365848 1.365848 0.9140832 0.9140832 0.8495453 0.8315327 0.8315327 0.8255642 0.8255642 0.8331469 0.8331469 0.8331469 0.8647291 0.8647291 0.8994589 0.8994589 0.9339094 0.9339094 0.9469218 0.9469218 0.9983748 0.9983748 0.9983748 1.028904
1.061540 1.061540 0.9879400 0.9472416 0.9308580 0.9308580 0.9158437 0.8865411 0.8865411 0.8531497 0.8531497 0.8118821 0.7881618 0.7630480 0.7378661 0.7378661 0.7063299 0.6932665 0.6784921 0.6627062 0.6475437 0.6353413 0.6288582 0.6309640 0.6444033 0.6717855 0.7159461 0.7808150 0.8724488 0.9982131 0.9982131 1.235578 1.335571 1.397907 1.407437 1.407437 1.393245 1.393245 1.216637 1.216637 1.150598 1.106786 1.106786 1.095209 1.095209 1.074459 1.074459 1.074459 1.086294 1.086294 1.103634 1.103634 1.123504 1.123504 1.138404 1.138404 1.166680 1.166680 1.166680 1.186816
1.067011 1.067011 0.9881398 0.9482058 0.9325016 0.9325016 0.9183519 0.8915635 0.8915635 0.8625681 0.8625681 0.8290508 0.8109004 0.7925136 0.7749037 0.7749037 0.7575101 0.7526609 0.7470911 0.7404925 0.7333474 0.7269018 0.7231036 0.7244664 0.7338835 0.7544720 0.7895808 0.8431648 0.9205478 1.029385 1.029385 1.239596 1.338547 1.402295 1.410686 1.410686 1.394666 1.394666 1.310558 1.310558 1.261478 1.219495 1.219495 1.215478 1.215478 1.199188 1.199188 1.199188 1.203292 1.203292 1.212647 1.212647 1.225244 1.225244 1.235759 1.235759 1.254252 1.254252 1.254252 1.269500
1.072844 1.072844 0.9884347 0.9494576 0.9345672 0.9345672 0.9214221 0.8973707 0.8973707 0.8727103 0.8727103 0.8460606 0.8324707 0.8192915 0.8072107 0.8072107 0.7997009 0.8000563 0.8005508 0.8006709 0.8003826 0.8002025 0.8012629 0.8053228 0.8147171 0.8322602 0.8611946 0.9053403 0.9696531 1.062083 1.062083 1.243076 1.338104 1.394721 1.396713 1.396713 1.373628 1.373628 1.329704 1.329704 1.305830 1.285182 1.285182 1.289470 1.289470 1.281478 1.281478 1.281478 1.282464 1.282464 1.286836 1.286836 1.294411 1.294411 1.301665 1.301665 1.313974 1.313974 1.313974 1.325497
1.078894 1.078894 0.9887878 0.9509197 0.9369407 0.9369407 0.9248981 0.9037306 0.9037306 0.8833746 0.8833746 0.8631566 0.8536648 0.8450388 0.8376616 0.8376616 0.8384928 0.8425169 0.8469852 0.8515703 0.8561640 0.8609524 0.8665289 0.8739840 0.8849564 0.9016304 0.9267288 0.9636164 1.016770 1.094028 1.094028 1.245837 1.331687 1.368904 1.361553 1.361553 1.338652 1.338652 1.328786 1.328786 1.326511 1.330644 1.330644 1.343818 1.343818 1.345037 1.345037 1.345037 1.345667 1.345667 1.346709 1.346709 1.350030 1.350030 1.353993 1.353993 1.361417 1.361417 1.361417 1.369305
1.084958 1.084958 0.9891702 0.9525062 0.9394947 0.9394947 0.9286037 0.9103702 0.9103702 0.8942500 0.8942500 0.8802284 0.8746665 0.8704243 0.8676131 0.8676131 0.8766745 0.8836581 0.8908316 0.8982226 0.9058942 0.9139876 0.9228263 0.9330350 0.9456407 0.9621428 0.9845688 1.015607 1.059065 1.122208 1.122208 1.245052 1.314544 1.322316 1.308831 1.308831 1.301152 1.301152 1.322857 1.322857 1.335891 1.360366 1.360366 1.382889 1.382889 1.394429 1.394429 1.394429 1.397344 1.397344 1.397125 1.397125 1.397243 1.397243 1.397996 1.397996 1.401187 1.401187 1.401187 1.405404
1.090785 1.090785 0.9895608 0.9541386 0.9421086 0.9421086 0.9323738 0.9170344 0.9170344 0.9050300 0.9050300 0.8970670 0.8954451 0.8957446 0.8978775 0.8978775 0.9161001 0.9257563 0.9348530 0.9438717 0.9531786 0.9630360 0.9736887 0.9854719 0.9989241 1.014887 1.034616 1.059966 1.093898 1.142643 1.142643 1.234874 1.278484 1.259285 1.249006 1.249006 1.269407 1.269407 1.316945 1.316945 1.339908 1.378752 1.378752 1.409670 1.409670 1.431650 1.431650 1.431650 1.438811 1.438811 1.439542 1.439542 1.437968 1.437968 1.436008 1.436008 1.435452 1.435452 1.435452 1.435985
1.096092 1.096092 0.9899452 0.9557468 0.9446723 0.9446723 0.9360551 0.9234864 0.9234864 0.9154134 0.9154134 0.9133899 0.9158201 0.9210644 0.9290211 0.9290211 0.9584480 0.9706551 0.9810961 0.9908322 1.000617 1.010924 1.022022 1.034060 1.047153 1.061464 1.077343 1.095611 1.118268 1.151170 1.151170 1.209471 1.213207 1.190593 1.192826 1.192826 1.244817 1.244817 1.311538 1.311538 1.340847 1.389448 1.389448 1.427164 1.427164 1.458617 1.458617 1.458617 1.470938 1.470938 1.474415 1.474415 1.472867 1.472867 1.469144 1.469144 1.465446 1.465446 1.465446 1.462398
1.100575 1.100575 0.9903178 0.9572699 0.9470872 0.9470872 0.9395084 0.9295059 0.9295059 0.9251000 0.9251000 0.9288335 0.9354442 0.9461920 0.9613962 0.9613962 1.005649 1.020241 1.031411 1.041001 1.050239 1.059848 1.070161 1.081156 1.092461 1.103359 1.112934 1.120578 1.127177 1.137898 1.137898 1.154164 1.137091 1.129959 1.142190 1.142190 1.224267 1.224267 1.306108 1.306108 1.339711 1.395163 1.395163 1.438221 1.438221 1.477645 1.477645 1.477645 1.495054 1.495054 1.502230 1.502230 1.502164 1.502164 1.497845 1.497845 1.491815 1.491815 1.491815 1.485498
1.103928 1.103928 0.9906776 0.9586555 0.9492657 0.9492657 0.9426100 0.9348907 0.9348907 0.9337914 0.9337914 0.9429501 0.9537751 0.9705692 0.9949314 0.9949314 1.060260 1.076775 1.087775 1.096187 1.103807 1.111627 1.120029 1.128730 1.136617 1.141513 1.140438 1.130933 1.113528 1.093961 1.093961 1.071612 1.051789 1.081415 1.115268 1.115268 1.206897 1.206897 1.303005 1.303005 1.339403 1.399287 1.399287 1.446043 1.446043 1.491362 1.491362 1.491362 1.512967 1.512967 1.523808 1.523808 1.525985 1.525985 1.522073 1.522073 1.514607 1.514607 1.514607 1.505552
1.105857 1.105857 0.9910344 0.9598614 0.9511342 0.9511342 0.9452526 0.9394622 0.9394622 0.9412076 0.9412076 0.9552346 0.9700798 0.9931267 1.028508 1.028508 1.125937 1.143233 1.152567 1.158355 1.163052 1.167905 1.173308 1.178496 1.180995 1.175854 1.156755 1.120365 1.070845 1.018741 1.018741 0.9722951 0.9685138 1.041546 1.090292 1.090292 1.185531 1.185531 1.300395 1.300395 1.338730 1.401478 1.401478 1.450742 1.450742 1.500224 1.500224 1.500224 1.524982 1.524982 1.538906 1.538906 1.543438 1.543438 1.540550 1.540550 1.532456 1.532456 1.532456 1.521332
