cruce_test.gid/Rasters/Hydraulic/Velocity__x_14.0.asc
NCOLS        79
NROWS        79
XLLCENTER         -1.500000
YLLCENTER         -4.800000
CELLSIZE           0.100
NODATA_VALUE     -9999.0
[rows 0 to 25 of 79, columns 0 to 57 of 79]
-9999.000 -9999.000 -9999.000 -9999.000 -9999.000 -9999.000 -9999.000 -9999.000 -9999.000 -9999.000 -9999.000 -9999.000 -9999.000 -9999.000 -9999.000 0.8586053E-03 0.1037197E-02 0.3844430E-03 0.1418738E-03 0.5221994E-04 0.1897211E-04 0.6170198E-05 -0.1950828E-07 -0.6151296E-05 -0.1894351E-04 -0.5225349E-04 -0.1418839E-03 -0.3844219E-03 -0.1037194E-02 -0.8586011E-03 -0.8586011E-03 -9999.000 -9999.000 -9999.000 -9999.000 -9999.000 -9999.000 -9999.000 -9999.000 -9999.000 -9999.000 -9999.000 -9999.000 -9999.000 -9999.000 -9999.000 -9999.000 -9999.000 -9999.000 -9999.000 -9999.000 -9999.000 -9999.000 -9999.000 -9999.000 -9999.000 -9999.000 -9999.000
-9999.000 -9999.000 -9999.000 -9999.000 -9999.000 -9999.000 -9999.000 -9999.000 -9999.000 -9999.000 -9999.000 -9999.000 -9999.000 -9999.000 -9999.000 0.1932568E-02 0.2440730E-02 0.1146653E-02 0.5114550E-03 0.2204494E-03 0.9115198E-04 0.3253825E-04 -0.9871735E-08 -0.3251999E-04 -0.9113533E-04 -0.2205093E-03 -0.5115034E-03 -0.1146603E-02 -0.2440696E-02 -0.1932571E-02 -0.1932571E-02 -9999.000 -9999.000 -9999.000 -9999.000 -9999.000 -9999.000 -9999.000 -9999.000 -9999.000 -9999.000 -9999.000 -9999.000 -9999.000 -9999.000 -9999.000 -9999.000 -9999.000 -9999.000 -9999.000 -9999.000 -9999.000 -9999.000 -9999.000 -9999.000 -9999.000 -9999.000 -9999.000
-9999.000 -9999.000 -9999.000 -9999.000 -9999.000 -9999.000 -9999.000 -9999.000 -9999.000 -9999.000 -9999.000 -9999.000 -9999.000 -9999.000 -9999.000 0.2906079E-02 0.3812592E-02 0.2135094E-02 0.1106700E-02 0.5430275E-03 0.2501337E-03 0.9642661E-04 0.1236331E-08 -0.9640764E-04 -0.2501303E-03 -0.5430944E-03 -0.1106777E-02 -0.2135077E-02 -0.3812557E-02 -0.2906061E-02 -0.2906061E-02 -9999.000 -9999.000 -9999.000 -9999.000 -9999.000 -9999.000 -9999.000 -9999.000 -9999.000 -9999.000 -9999.000 -9999.000 -9999.000 -9999.000 -9999.000 -9999.000 -9999.000 -9999.000 -9999.000 -9999.000 -9999.000 -9999.000 -9999.000 -9999.000 -9999.000 -9999.000 -9999.000
-9999.000 -9999.000 -9999.000 -9999.000 -9999.000 -9999.000 -9999.000 -9999.000 -9999.000 -9999.000 -9999.000 -9999.000 -9999.000 -9999.000 -9999.000 0.3656778E-02 0.4956799E-02 0.3179388E-02 0.1861871E-02 0.1017968E-02 0.5132523E-03 0.2109053E-03 0.2163697E-07 -0.2109002E-03 -0.5133236E-03 -0.1018034E-02 -0.1861903E-02 -0.3179422E-02 -0.4956783E-02 -0.3656731E-02 -0.3656731E-02 -9999.000 -9999.000 -9999.000 -9999.000 -9999.000 -9999.000 -9999.000 -9999.000 -9999.000 -9999.000 -9999.000 -9999.000 -9999.000 -9999.000 -9999.000 -9999.000 -9999.000 -9999.000 -9999.000 -9999.000 -9999.000 -9999.000 -9999.000 -9999.000 -9999.000 -9999.000 -9999.000
-9999.000 -9999.000 -9999.000 -9999.000 -9999.000 -9999.000 -9999.000 -9999.000 -9999.000 -9999.000 -9999.000 -9999.000 -9999.000 -9999.000 -9999.000 0.4167845E-02 0.5809509E-02 0.4147182E-02 0.2684613E-02 0.1607340E-02 0.8745749E-03 0.3788305E-03 0.4697844E-08 -0.3788638E-03 -0.8746495E-03 -0.1607386E-02 -0.2684613E-02 -0.4147186E-02 -0.5809496E-02 -0.4167824E-02 -0.4167824E-02 -9999.000 -9999.000 -9999.000 -9999.000 -9999.000 -9999.000 -9999.000 -9999.000 -9999.000 -9999.000 -9999.000 -9999.000 -9999.000 -9999.000 -9999.000 -9999.000 -9999.000 -9999.000 -9999.000 -9999.000 -9999.000 -9999.000 -9999.000 -9999.000 -9999.000 -9999.000 -9999.000
-9999.000 -9999.000 -9999.000 -9999.000 -9999.000 -9999.000 -9999.000 -9999.000 -9999.000 -9999.000 -9999.000 -9999.000 -9999.000 -9999.000 -9999.000 0.4471607E-02 0.6381460E-02 0.4958457E-02 0.3485455E-02 0.2251771E-02 0.1305980E-02 0.5910264E-03 -0.1966541E-07 -0.5910607E-03 -0.1306017E-02 -0.2251797E-02 -0.3485451E-02 -0.4958457E-02 -0.6381425E-02 -0.4471586E-02 -0.4471586E-02 -9999.000 -9999.000 -9999.000 -9999.000 -9999.000 -9999.000 -9999.000 -9999.000 -9999.000 -9999.000 -9999.000 -9999.000 -9999.000 -9999.000 -9999.000 -9999.000 -9999.000 -9999.000 -9999.000 -9999.000 -9999.000 -9999.000 -9999.000 -9999.000 -9999.000 -9999.000 -9999.000
-9999.000 -9999.000 -9999.000 -9999.000 -9999.000 -9999.000 -9999.000 -9999.000 -9999.000 -9999.000 -9999.000 -9999.000 -9999.000 -9999.000 -9999.000 0.4616240E-02 0.6716970E-02 0.5579090E-02 0.4194316E-02 0.2886408E-02 0.1765201E-02 0.8281360E-03 -0.4434406E-07 -0.8281817E-03 -0.1765184E-02 -0.2886435E-02 -0.4194346E-02 -0.5579033E-02 -0.6716916E-02 -0.4616222E-02 -0.4616222E-02 -9999.000 -9999.000 -9999.000 -9999.000 -9999.000 -9999.000 -9999.000 -9999.000 -9999.000 -9999.000 -9999.000 -9999.000 -9999.000 -9999.000 -9999.000 -9999.000 -9999.000 -9999.000 -9999.000 -9999.000 -9999.000 -9999.000 -9999.000 -9999.000 -9999.000 -9999.000 -9999.000
-9999.000 -9999.000 -9999.000 -9999.000 -9999.000 -9999.000 -9999.000 -9999.000 -9999.000 -9999.000 -9999.000 -9999.000 -9999.000 -9999.000 -9999.000 0.4812413E-01 0.8427096E-01 0.7285976E-01 0.4081278E-01 0.1392407E-01 0.4395729E-02 0.1526232E-02 0.9792822E-04 -0.1044932E-02 -0.2201359E-02 -0.3452564E-02 -0.4765831E-02 -0.6006903E-02 -0.6869119E-02 -0.4648624E-02 -0.4648624E-02 -9999.000 -9999.000 -9999.000 -9999.000 -9999.000 -9999.000 -9999.000 -9999.000 -9999.000 -9999.000 -9999.000 -9999.000 -9999.000 -9999.000 -9999.000 -9999.000 -9999.000 -9999.000 -9999.000 -9999.000 -9999.000 -9999.000 -9999.000 -9999.000 -9999.000 -9999.000 -9999.000
-9999.000 -9999.000 -9999.000 -9999.000 -9999.000 -9999.000 -9999.000 -9999.000 -9999.000 -9999.000 -9999.000 -9999.000 -9999.000 -9999.000 -9999.000 0.3556482E-01 0.7182921E-01 0.1013079 0.1271990 0.1531467 0.1686846 0.1641565 0.1302242 0.6844228E-01 0.1774435E-01 0.7741440E-03 -0.4086107E-02 -0.6002075E-02 -0.6827584E-02 -0.4595104E-02 -0.4595104E-02 -9999.000 -9999.000 -9999.000 -9999.000 -9999.000 -9999.000 -9999.000 -9999.000 -9999.000 -9999.000 -9999.000 -9999.000 -9999.000 -9999.000 -9999.000 -9999.000 -9999.000 -9999.000 -9999.000 -9999.000 -9999.000 -9999.000 -9999.000 -9999.000 -9999.000 -9999.000 -9999.000
-9999.000 -9999.000 -9999.000 -9999.000 -9999.000 -9999.000 -9999.000 -9999.000 -9999.000 -9999.000 -9999.000 -9999.000 -9999.000 -9999.000 -9999.000 0.2865419E-01 0.6354826E-01 0.1022236 0.1343576 0.1593856 0.1751438 0.1820510 0.1832564 0.1868055 0.1921690 0.1782493 0.1375155 0.7468469E-01 -0.9048353E-02 -0.2889729E-01 -0.2889729E-01 -9999.000 -9999.000 -9999.000 -9999.000 -9999.000 -9999.000 -9999.000 -9999.000 -9999.000 -9999.000 -9999.000 -9999.000 -9999.000 -9999.000 -9999.000 -9999.000 -9999.000 -9999.000 -9999.000 -9999.000 -9999.000 -9999.000 -9999.000 -9999.000 -9999.000 -9999.000 -9999.000
-9999.000 -9999.000 -9999.000 -9999.000 -9999.000 -9999.000 -9999.000 -9999.000 -9999.000 -9999.000 -9999.000 -9999.000 -9999.000 -9999.000 -9999.000 0.2685369E-01 0.6169877E-01 0.1029495 0.1365098 0.1611302 0.1772563 0.1869072 0.1928243 0.1955950 0.1899059 0.1695652 0.1360777 0.9309442E-01 0.4511526E-01 0.1452187E-01 0.1452187E-01 -9999.000 -9999.000 -9999.000 -9999.000 -9999.000 -9999.000 -9999.000 -9999.000 -9999.000 -9999.000 -9999.000 -9999.000 -9999.000 -9999.000 -9999.000 -9999.000 -9999.000 -9999.000 -9999.000 -9999.000 -9999.000 -9999.000 -9999.000 -9999.000 -9999.000 -9999.000 -9999.000
-9999.000 -9999.000 -9999.000 -9999.000 -9999.000 -9999.000 -9999.000 -9999.000 -9999.000 -9999.000 -9999.000 -9999.000 -9999.000 -9999.000 -9999.000 0.2625242E-01 0.6099588E-01 0.1030085 0.1376819 0.1636608 0.1817424 0.1936143 0.2003455 0.1998834 0.1887086 0.1671663 0.1384442 0.1046901 0.6792878E-01 0.3302698E-01 0.3302698E-01 -9999.000 -9999.000 -9999.000 -9999.000 -9999.000 -9999.000 -9999.000 -9999.000 -9999.000 -9999.000 -9999.000 -9999.000 -9999.000 -9999.000 -9999.000 -9999.000 -9999.000 -9999.000 -9999.000 -9999.000 -9999.000 -9999.000 -9999.000 -9999.000 -9999.000 -9999.000 -9999.000
-9999.000 -9999.000 -9999.000 -9999.000 -9999.000 -9999.000 -9999.000 -9999.000 -9999.000 -9999.000 -9999.000 -9999.000 -9999.000 -9999.000 -9999.000 0.2573025E-01 0.6028209E-01 0.1029592 0.1393976 0.1678408 0.1886372 0.2027616 0.2102956 0.2093224 0.1985938 0.1798160 0.1545651 0.1227683 0.8459056E-01 0.4265486E-01 0.4265486E-01 -9999.000 -9999.000 -9999.000 -9999.000 -9999.000 -9999.000 -9999.000 -9999.000 -9999.000 -9999.000 -9999.000 -9999.000 -9999.000 -9999.000 -9999.000 -9999.000 -9999.000 -9999.000 -9999.000 -9999.000 -9999.000 -9999.000 -9999.000 -9999.000 -9999.000 -9999.000 -9999.000
-9999.000 -9999.000 -9999.000 -9999.000 -9999.000 -9999.000 -9999.000 -9999.000 -9999.000 -9999.000 -9999.000 -9999.000 -9999.000 -9999.000 -9999.000 0.2522663E-01 0.5967348E-01 0.1033646 0.1421730 0.1737105 0.1977273 0.2145949 0.2240586 0.2250516 0.2175828 0.2028703 0.1806372 0.1490612 0.1064203 0.5436925E-01 0.5436925E-01 -9999.000 -9999.000 -9999.000 -9999.000 -9999.000 -9999.000 -9999.000 -9999.000 -9999.000 -9999.000 -9999.000 -9999.000 -9999.000 -9999.000 -9999.000 -9999.000 -9999.000 -9999.000 -9999.000 -9999.000 -9999.000 -9999.000 -9999.000 -9999.000 -9999.000 -9999.000 -9999.000
-9999.000 -9999.000 -9999.000 -9999.000 -9999.000 -9999.000 -9999.000 -9999.000 -9999.000 -9999.000 -9999.000 -9999.000 -9999.000 -9999.000 -9999.000 0.2991099E-01 0.6515683E-01 0.1097235 0.1501391 0.1839764 0.2107072 0.2303646 0.2427095 0.2474433 0.2451109 0.2361747 0.2189784 0.1898419 0.1429232 0.7166883E-01 0.7166883E-01 -9999.000 -9999.000 -9999.000 -9999.000 -9999.000 -9999.000 -9999.000 -9999.000 -9999.000 -9999.000 -9999.000 -9999.000 -9999.000 -9999.000 -9999.000 -9999.000 -9999.000 -9999.000 -9999.000 -9999.000 -9999.000 -9999.000 -9999.000 -9999.000 -9999.000 -9999.000 -9999.000
0.7081581 0.7081581 0.7023901 0.6854685 0.6764573 0.6764573 0.6667775 0.6441894 0.6441894 0.6142501 0.6142501 0.5701709 0.5387262 0.4974343 0.4427749 0.4427749 0.3260952 0.2971512 0.2823835 0.2775567 0.2788813 0.2831021 0.2875457 0.2906855 0.2925694 0.2939251 0.2956527 0.3010693 0.3201402 0.3687543 0.3687543 0.9516695 1.145091 0.2277599 0.7465064 0.7465064 0.1313137 0.1313137 -0.3031284E-01 -0.3031284E-01 -0.4963379E-01 0.4663007E-01 0.4663007E-01 0.1485156 0.1485156 0.2609955 0.2609955 0.2609955 0.3224144 0.3224144 0.3761790 0.3761790 0.4249122 0.4249122 0.4694742 0.4694742 0.5097337 0.5097337
0.7159579 0.7159579 0.7106048 0.6993007 0.6926760 0.6926760 0.6850257 0.6651820 0.6651820 0.6361845 0.6361845 0.5936577 0.5660856 0.5341201 0.4982663 0.4982663 0.4304683 0.4047499 0.3841126 0.3684120 0.3575354 0.3509473 0.3477573 0.3474890 0.3505786 0.3579226 0.3710662 0.3944489 0.4394062 0.5291541 0.5291541 0.9327954 1.087220 1.140035 1.080819 1.080819 0.9376170 0.9376170 0.8073667 0.8073667 0.7995809 0.7450537 0.7450537 0.6688914 0.6688914 0.6619887 0.6619887 0.6619887 0.6782126 0.6782126 0.6970791 0.6970791 0.7175350 0.7175350 0.7388954 0.7388954 0.7607052 0.7607052
0.7184103 0.7184103 0.7108593 0.7002391 0.6941496 0.6941496 0.6872225 0.6697012 0.6697012 0.6450472 0.6450472 0.6104745 0.5888337 0.5643426 0.5375275 0.5375275 0.4896009 0.4704786 0.4535887 0.4386494 0.4260171 0.4162509 0.4098874 0.4077382 0.4110415 0.4211680 0.4400572 0.4721245 0.5275164 0.6290709 0.6290709 0.9424447 1.079032 1.161196 1.172766 1.172766 1.138585 1.138585 1.067251 1.067251 1.048324 0.9977072 0.9977072 0.9437435 0.9437435 0.9170750 0.9170750 0.9170750 0.9219967 0.9219967 0.9273989 0.9273989 0.9327929 0.9327929 0.9379966 0.9379966 0.9430890 0.9430890
0.7211612 0.7211612 0.7112968 0.7013639 0.6958266 0.6958266 0.6896415 0.6744347 0.6744347 0.6538340 0.6538340 0.6260248 0.6090439 0.5900577 0.5694003 0.5694003 0.5340455 0.5195510 0.5063680 0.4941576 0.4831165 0.4738954 0.4674728 0.4652320 0.4688734 0.4801669 0.5013744 0.5366801 0.5946310 0.6950279 0.6950279 0.9503806 1.077666 1.176759 1.199644 1.199644 1.193707 1.193707 1.148605 1.148605 1.126613 1.086626 1.086626 1.062528 1.062528 1.050964 1.050964 1.050964 1.055742 1.055742 1.059088 1.059088 1.061376 1.061376 1.062697 1.062697 1.062919 1.062919
0.7242281 0.7242281 0.7119440 0.7028444 0.6979425 0.6979425 0.6925846 0.6798264 0.6798264 0.6631982 0.6631982 0.6414753 0.6284383 0.6139235 0.5980574 0.5980574 0.5721459 0.5610530 0.5506479 0.5408233 0.5317734 0.5241011 0.5188260 0.5174111 0.5216227 0.5333651 0.5550442 0.5905572 0.6470287 0.7409620 0.7409620 0.9540583 1.074272 1.177162 1.200932 1.200932 1.200204 1.200204 1.164063 1.164063 1.146836 1.128854 1.128854 1.128631 1.128631 1.134304 1.134304 1.134304 1.142204 1.142204 1.145640 1.145640 1.146086 1.146086 1.144670 1.144670 1.141798 1.141798
0.7275217 0.7275217 0.7127303 0.7045849 0.7003773 0.7003773 0.6959041 0.6856806 0.6856806 0.6729881 0.6729881 0.6570155 0.6475744 0.6370398 0.6253244 0.6253244 0.6073615 0.5989743 0.5905883 0.5824245 0.5748431 0.5684889 0.5643615 0.5638348 0.5685420 0.5803068 0.6014740 0.6355882 0.6886231 0.7742642 0.7742642 0.9542014 1.067374 1.163718 1.182426 1.182426 1.176935 1.176935 1.154254 1.154254 1.149404 1.155494 1.155494 1.171433 1.171433 1.190096 1.190096 1.190096 1.202614 1.202614 1.208337 1.208337 1.208643 1.208643 1.205280 1.205280 1.199492 1.199492
0.7309258 0.7309258 0.7135991 0.7064942 0.7030156 0.7030156 0.6994568 0.6918036 0.6918036 0.6830226 0.6830226 0.6726761 0.6667237 0.6600320 0.6522856 0.6522856 0.6416485 0.6355174 0.6285635 0.6213531 0.6144981 0.6087747 0.6052046 0.6050695 0.6098306 0.6211354 0.6411244 0.6729260 0.7215727 0.7984104 0.7984104 0.9504972 1.054906 1.132559 1.142076 1.142076 1.137353 1.137353 1.139827 1.139827 1.148778 1.173877 1.173877 1.200057 1.200057 1.227564 1.227564 1.227564 1.244595 1.244595 1.253923 1.253923 1.256108 1.256108 1.252562 1.252562 1.244879 1.244879
0.7343037 0.7343037 0.7145038 0.7084868 0.7057484 0.7057484 0.7031084 0.6980131 0.6980131 0.6931140 0.6931140 0.6884133 0.6860248 0.6833279 0.6797670 0.6797670 0.6764711 0.6722158 0.6661531 0.6592203 0.6523206 0.6464096 0.6425729 0.6420370 0.6461195 0.6562737 0.6743698 0.7030832 0.7466285 0.8141913 0.8141913 0.9403259 1.031546 1.080428 1.084206 1.084206 1.096629 1.096629 1.128549 1.128549 1.147975 1.185641 1.185641 1.218381 1.218381 1.252144 1.252144 1.252144 1.272904 1.272904 1.285880 1.285880 1.291066 1.291066 1.289129 1.289129 1.281270 1.281270
0.7375017 0.7375017 0.7154051 0.7104834 0.7084727 0.7084727 0.7067304 0.7041284 0.7041284 0.7030537 0.7030537 0.7041001 0.7054964 0.7072203 0.7085107 0.7085107 0.7132229 0.7103949 0.7045928 0.6972061 0.6894605 0.6825067 0.6775053 0.6756433 0.6781097 0.6861566 0.7013451 0.7258812 0.7632978 0.8215308 0.8215308 0.9176205 0.9877253 1.013569 1.022045 1.022045 1.062715 1.062715 1.119182 1.119182 1.145287 1.191047 1.191047 1.228435 1.228435 1.267212 1.267212 1.267212 1.291053 1.291053 1.307161 1.307161 1.315442 1.315442 1.316080 1.316080 1.309623 1.309623
0.7403566 0.7403566 0.7162718 0.7124105 0.7110901 0.7110901 0.7101972 0.7099640 0.7099640 0.7125963 0.7125963 0.7194946 0.7249933 0.7318314 0.7392244 0.7392244 0.7534914 0.7514039 0.7449867 0.7362394 0.7267487 0.7178500 0.7107508 0.7065656 0.7063060 0.7109472 0.7216404 0.7400265 0.7689179 0.8148293 0.8148293 0.8816120 0.9205557 0.9476652 0.9672871 0.9672871 1.031799 1.031799 1.108030 1.108030 1.138603 1.190270 1.190270 1.231556 1.231556 1.275006 1.275006 1.275006 1.301623 1.301623 1.320397 1.320397 1.331404 1.331404 1.334728 1.334728 1.330490 1.330490
0.7427006 0.7427006 0.7170824 0.7142024 0.7135110 0.7135110 0.7133915 0.7153337 0.7153337 0.7214633 0.7214633 0.7342185 0.7441478 0.7569976 0.7725103 0.7725103 0.7993340 0.7967758 0.7884049 0.7770628 0.7647316 0.7528884 0.7427095 0.7351243 0.7308030 0.7302102 0.7338102 0.7424408 0.7580475 0.7849804 0.7849804 0.8187271 0.8416517 0.8941080 0.9289379 0.9289379 0.9999558 0.9999558 1.096490 1.096490 1.130226 1.186243 1.186243 1.230711 1.230711 1.278266 1.278266 1.278266 1.307258 1.307258 1.328182 1.328182 1.341343 1.341343 1.346923 1.346923 1.344900 1.344900
