cruce_test.gid/Rasters/Hydraulic/Velocity__x_330.0.asc
NCOLS        79
NROWS        79
XLLCENTER         -1.500000
YLLCENTER         -4.800000
CELLSIZE           0.100
NODATA_VALUE     -9999.0
[rows 0 to 25 of 79, columns 0 to 57 of 79]
-9999.000 -9999.000 -9999.000 -9999.000 -9999.000 -9999.000 -9999.000 -9999.000 -9999.000 -9999.000 -9999.000 -9999.000 -9999.000 -9999.000 -9999.000 0.4222169E-03 0.2262690E-02 0.5698146E-02 0.9153109E-02 0.1214779E-01 0.1449815E-01 0.1612564E-01 0.1704074E-01 0.1729798E-01 0.1694641E-01 0.1604727E-01 0.1462429E-01 0.1251026E-01 0.8942860E-02 0.4398771E-02 0.4398771E-02 -9999.000 -9999.000 -9999.000 -9999.000 -9999.000 -9999.000 -9999.000 -9999.000 -9999.000 -9999.000 -9999.000 -9999.000 -9999.000 -9999.000 -9999.000 -9999.000 -9999.000 -9999.000 -9999.000 -9999.000 -9999.000 -9999.000 -9999.000 -9999.000 -9999.000 -9999.000 -9999.000
-9999.000 -9999.000 -9999.000 -9999.000 -9999.000 -9999.000 -9999.000 -9999.000 -9999.000 -9999.000 -9999.000 -9999.000 -9999.000 -9999.000 -9999.000 0.1602642E-02 0.4633605E-02 0.9213232E-02 0.1372620E-01 0.1766461E-01 0.2079024E-01 0.2297342E-01 0.2418105E-01 0.2443421E-01 0.2376288E-01 0.2221879E-01 0.1983010E-01 0.1646624E-01 0.1149381E-01 0.5638493E-02 0.5638493E-02 -9999.000 -9999.000 -9999.000 -9999.000 -9999.000 -9999.000 -9999.000 -9999.000 -9999.000 -9999.000 -9999.000 -9999.000 -9999.000 -9999.000 -9999.000 -9999.000 -9999.000 -9999.000 -9999.000 -9999.000 -9999.000 -9999.000 -9999.000 -9999.000 -9999.000 -9999.000 -9999.000
-9999.000 -9999.000 -9999.000 -9999.000 -9999.000 -9999.000 -9999.000 -9999.000 -9999.000 -9999.000 -9999.000 -9999.000 -9999.000 -9999.000 -9999.000 0.2187727E-02 0.5868827E-02 0.1115353E-01 0.1630788E-01 0.2079430E-01 0.2435213E-01 0.2683223E-01 0.2818882E-01 0.2843553E-01 0.2759987E-01 0.2573880E-01 0.2289139E-01 0.1893713E-01 0.1323420E-01 0.6530552E-02 0.6530552E-02 -9999.000 -9999.000 -9999.000 -9999.000 -9999.000 -9999.000 -9999.000 -9999.000 -9999.000 -9999.000 -9999.000 -9999.000 -9999.000 -9999.000 -9999.000 -9999.000 -9999.000 -9999.000 -9999.000 -9999.000 -9999.000 -9999.000 -9999.000 -9999.000 -9999.000 -9999.000 -9999.000
-9999.000 -9999.000 -9999.000 -9999.000 -9999.000 -9999.000 -9999.000 -9999.000 -9999.000 -9999.000 -9999.000 -9999.000 -9999.000 -9999.000 -9999.000 0.2551395E-02 0.6643150E-02 0.1237983E-01 0.1795008E-01 0.2279444E-01 0.2663765E-01 0.2931986E-01 0.3078920E-01 0.3105684E-01 0.3014914E-01 0.2812713E-01 0.2503362E-01 0.2074565E-01 0.1458685E-01 0.7254792E-02 0.7254792E-02 -9999.000 -9999.000 -9999.000 -9999.000 -9999.000 -9999.000 -9999.000 -9999.000 -9999.000 -9999.000 -9999.000 -9999.000 -9999.000 -9999.000 -9999.000 -9999.000 -9999.000 -9999.000 -9999.000 -9999.000 -9999.000 -9999.000 -9999.000 -9999.000 -9999.000 -9999.000 -9999.000
-9999.000 -9999.000 -9999.000 -9999.000 -9999.000 -9999.000 -9999.000 -9999.000 -9999.000 -9999.000 -9999.000 -9999.000 -9999.000 -9999.000 -9999.000 0.2826236E-02 0.7228210E-02 0.1330554E-01 0.1919113E-01 0.2430967E-01 0.2837611E-01 0.3122322E-01 0.3279614E-01 0.3310488E-01 0.3217494E-01 0.3006962E-01 0.2683306E-01 0.2233155E-01 0.1583927E-01 0.7950281E-02 0.7950281E-02 -9999.000 -9999.000 -9999.000 -9999.000 -9999.000 -9999.000 -9999.000 -9999.000 -9999.000 -9999.000 -9999.000 -9999.000 -9999.000 -9999.000 -9999.000 -9999.000 -9999.000 -9999.000 -9999.000 -9999.000 -9999.000 -9999.000 -9999.000 -9999.000 -9999.000 -9999.000 -9999.000
-9999.000 -9999.000 -9999.000 -9999.000 -9999.000 -9999.000 -9999.000 -9999.000 -9999.000 -9999.000 -9999.000 -9999.000 -9999.000 -9999.000 -9999.000 0.3074251E-02 0.7753539E-02 0.1413134E-01 0.2029437E-01 0.2565582E-01 0.2992373E-01 0.3292502E-01 0.3460385E-01 0.3496994E-01 0.3404781E-01 0.3190248E-01 0.2857788E-01 0.2392446E-01 0.1715103E-01 0.8698826E-02 0.8698826E-02 -9999.000 -9999.000 -9999.000 -9999.000 -9999.000 -9999.000 -9999.000 -9999.000 -9999.000 -9999.000 -9999.000 -9999.000 -9999.000 -9999.000 -9999.000 -9999.000 -9999.000 -9999.000 -9999.000 -9999.000 -9999.000 -9999.000 -9999.000 -9999.000 -9999.000 -9999.000 -9999.000
-9999.000 -9999.000 -9999.000 -9999.000 -9999.000 -9999.000 -9999.000 -9999.000 -9999.000 -9999.000 -9999.000 -9999.000 -9999.000 -9999.000 -9999.000 0.3326450E-02 0.8283449E-02 0.1495658E-01 0.2139064E-01 0.2699006E-01 0.3145800E-01 0.3461672E-01 0.3641101E-01 0.3685085E-01 0.3595955E-01 0.3380459E-01 0.3042744E-01 0.2565830E-01 0.1862527E-01 0.9557049E-02 0.9557049E-02 -9999.000 -9999.000 -9999.000 -9999.000 -9999.000 -9999.000 -9999.000 -9999.000 -9999.000 -9999.000 -9999.000 -9999.000 -9999.000 -9999.000 -9999.000 -9999.000 -9999.000 -9999.000 -9999.000 -9999.000 -9999.000 -9999.000 -9999.000 -9999.000 -9999.000 -9999.000 -9999.000
-9999.000 -9999.000 -9999.000 -9999.000 -9999.000 -9999.000 -9999.000 -9999.000 -9999.000 -9999.000 -9999.000 -9999.000 -9999.000 -9999.000 -9999.000 0.3599025E-02 0.8852141E-02 0.1583403E-01 0.2254948E-01 0.2839638E-01 0.3307513E-01 0.3640389E-01 0.3832931E-01 0.3886264E-01 0.3802533E-01 0.3588776E-01 0.3248857E-01 0.2763197E-01 0.2034769E-01 0.1057671E-01 0.1057671E-01 -9999.000 -9999.000 -9999.000 -9999.000 -9999.000 -9999.000 -9999.000 -9999.000 -9999.000 -9999.000 -9999.000 -9999.000 -9999.000 -9999.000 -9999.000 -9999.000 -9999.000 -9999.000 -9999.000 -9999.000 -9999.000 -9999.000 -9999.000 -9999.000 -9999.000 -9999.000 -9999.000
-9999.000 -9999.000 -9999.000 -9999.000 -9999.000 -9999.000 -9999.000 -9999.000 -9999.000 -9999.000 -9999.000 -9999.000 -9999.000 -9999.000 -9999.000 0.3902211E-02 0.9480892E-02 0.1679720E-01 0.2381536E-01 0.2992935E-01 0.3483821E-01 0.3835691E-01 0.4043570E-01 0.4108724E-01 0.4033133E-01 0.3824218E-01 0.3485461E-01 0.2994069E-01 0.2241044E-01 0.1181661E-01 0.1181661E-01 -9999.000 -9999.000 -9999.000 -9999.000 -9999.000 -9999.000 -9999.000 -9999.000 -9999.000 -9999.000 -9999.000 -9999.000 -9999.000 -9999.000 -9999.000 -9999.000 -9999.000 -9999.000 -9999.000 -9999.000 -9999.000 -9999.000 -9999.000 -9999.000 -9999.000 -9999.000 -9999.000
-9999.000 -9999.000 -9999.000 -9999.000 -9999.000 -9999.000 -9999.000 -9999.000 -9999.000 -9999.000 -9999.000 -9999.000 -9999.000 -9999.000 -9999.000 0.4244214E-02 0.1018711E-01 0.1787365E-01 0.2522512E-01 0.3163467E-01 0.3680164E-01 0.4053844E-01 0.4280040E-01 0.4360274E-01 0.4296382E-01 0.4096285E-01 0.3762994E-01 0.3269781E-01 0.2493120E-01 0.1335374E-01 0.1335374E-01 -9999.000 -9999.000 -9999.000 -9999.000 -9999.000 -9999.000 -9999.000 -9999.000 -9999.000 -9999.000 -9999.000 -9999.000 -9999.000 -9999.000 -9999.000 -9999.000 -9999.000 -9999.000 -9999.000 -9999.000 -9999.000 -9999.000 -9999.000 -9999.000 -9999.000 -9999.000 -9999.000
-9999.000 -9999.000 -9999.000 -9999.000 -9999.000 -9999.000 -9999.000 -9999.000 -9999.000 -9999.000 -9999.000 -9999.000 -9999.000 -9999.000 -9999.000 0.4633210E-02 0.1098893E-01 0.1909252E-01 0.2681891E-01 0.3356266E-01 0.3902555E-01 0.4301855E-01 0.4550451E-01 0.4650188E-01 0.4602815E-01 0.4416901E-01 0.4094968E-01 0.3605502E-01 0.2807259E-01 0.1529767E-01 0.1529767E-01 -9999.000 -9999.000 -9999.000 -9999.000 -9999.000 -9999.000 -9999.000 -9999.000 -9999.000 -9999.000 -9999.000 -9999.000 -9999.000 -9999.000 -9999.000 -9999.000 -9999.000 -9999.000 -9999.000 -9999.000 -9999.000 -9999.000 -9999.000 -9999.000 -9999.000 -9999.000 -9999.000
-9999.000 -9999.000 -9999.000 -9999.000 -9999.000 -9999.000 -9999.000 -9999.000 -9999.000 -9999.000 -9999.000 -9999.000 -9999.000 -9999.000 -9999.000 0.5080381E-02 0.1191016E-01 0.2049215E-01 0.2864885E-01 0.3577909E-01 0.4158945E-01 0.4589113E-01 0.4865690E-01 0.4991056E-01 0.4966895E-01 0.4802763E-01 0.4500594E-01 0.4023092E-01 0.3207405E-01 0.1780980E-01 0.1780980E-01 -9999.000 -9999.000 -9999.000 -9999.000 -9999.000 -9999.000 -9999.000 -9999.000 -9999.000 -9999.000 -9999.000 -9999.000 -9999.000 -9999.000 -9999.000 -9999.000 -9999.000 -9999.000 -9999.000 -9999.000 -9999.000 -9999.000 -9999.000 -9999.000 -9999.000 -9999.000 -9999.000
-9999.000 -9999.000 -9999.000 -9999.000 -9999.000 -9999.000 -9999.000 -9999.000 -9999.000 -9999.000 -9999.000 -9999.000 -9999.000 -9999.000 -9999.000 0.5601501E-02 0.1298518E-01 0.2212807E-01 0.3079083E-01 0.3837979E-01 0.4460943E-01 0.4929271E-01 0.5241712E-01 0.5401325E-01 0.5409956E-01 0.5278579E-01 0.5008565E-01 0.4555599E-01 0.3730261E-01 0.2113986E-01 0.2113986E-01 -9999.000 -9999.000 -9999.000 -9999.000 -9999.000 -9999.000 -9999.000 -9999.000 -9999.000 -9999.000 -9999.000 -9999.000 -9999.000 -9999.000 -9999.000 -9999.000 -9999.000 -9999.000 -9999.000 -9999.000 -9999.000 -9999.000 -9999.000 -9999.000 -9999.000 -9999.000 -9999.000
-9999.000 -9999.000 -9999.000 -9999.000 -9999.000 -9999.000 -9999.000 -9999.000 -9999.000 -9999.000 -9999.000 -9999.000 -9999.000 -9999.000 -9999.000 0.6334298E-02 0.1446889E-01 0.2434667E-01 0.3364055E-01 0.4178186E-01 0.4850793E-01 0.5364532E-01 0.5720900E-01 0.5924346E-01 0.5977382E-01 0.5893131E-01 0.5672503E-01 0.5262578E-01 0.4440746E-01 0.2574334E-01 0.2574334E-01 -9999.000 -9999.000 -9999.000 -9999.000 -9999.000 -9999.000 -9999.000 -9999.000 -9999.000 -9999.000 -9999.000 -9999.000 -9999.000 -9999.000 -9999.000 -9999.000 -9999.000 -9999.000 -9999.000 -9999.000 -9999.000 -9999.000 -9999.000 -9999.000 -9999.000 -9999.000 -9999.000
-9999.000 -9999.000 -9999.000 -9999.000 -9999.000 -9999.000 -9999.000 -9999.000 -9999.000 -9999.000 -9999.000 -9999.000 -9999.000 -9999.000 -9999.000 0.4150526E-01 0.6319374E-01 0.7268858E-01 0.7446027E-01 0.7619113E-01 0.7652620E-01 0.7571313E-01 0.7410301E-01 0.7180670E-01 0.6892110E-01 0.6555251E-01 0.6159867E-01 0.5632881E-01 0.4715756E-01 0.2365242E-01 0.2365242E-01 -9999.000 -9999.000 -9999.000 -9999.000 -9999.000 -9999.000 -9999.000 -9999.000 -9999.000 -9999.000 -9999.000 -9999.000 -9999.000 -9999.000 -9999.000 -9999.000 -9999.000 -9999.000 -9999.000 -9999.000 -9999.000 -9999.000 -9999.000 -9999.000 -9999.000 -9999.000 -9999.000
2.718792 2.718792 2.697767 2.735378 2.751038 2.751038 2.752820 2.751299 2.751299 2.747435 2.747435 2.741996 2.738773 2.735257 2.731579 2.731579 2.816791 2.819274 2.811028 2.783864 2.737553 2.670596 2.580651 2.470901 2.341475 2.194726 2.035325 1.873998 1.737263 1.691022 1.691022 2.545801 2.716997 2.806882 2.827368 2.827368 2.849653 2.849653 2.812951 2.812951 2.757974 2.548559 2.548559 2.085408 2.085408 1.913684 1.913684 1.913684 1.922336 1.922336 1.963622 1.963622 2.013330 2.013330 2.062026 2.062026 2.103801 2.103801
2.741250 2.741250 2.727945 2.787469 2.810169 2.810169 2.823308 2.843795 2.843795 2.861527 2.861527 2.877462 2.884857 2.891911 2.898755 2.898755 2.963315 2.977494 2.989201 2.996414 2.998163 2.992261 2.975577 2.946363 2.901970 2.840562 2.761547 2.666900 2.564262 2.502640 2.502640 2.966193 3.126218 3.274004 3.312352 3.312352 3.351927 3.351927 3.342173 3.342173 3.313505 3.193312 3.193312 2.931200 2.931200 2.729763 2.729763 2.729763 2.737906 2.737906 2.780700 2.780700 2.833376 2.833376 2.884803 2.884803 2.929969 2.929969
2.744208 2.744208 2.729272 2.788862 2.809931 2.809931 2.823689 2.845150 2.845150 2.863563 2.863563 2.880157 2.887910 2.895344 2.902611 2.902611 2.962019 2.986072 3.008583 3.027928 3.043377 3.054060 3.058614 3.056178 3.045200 3.023981 2.991118 2.946559 2.894068 2.861524 2.861524 3.135436 3.291037 3.465647 3.514489 3.514489 3.559624 3.559624 3.540183 3.540183 3.505629 3.397940 3.397940 3.224897 3.224897 3.028517 3.028517 3.028517 3.020924 3.020924 3.053477 3.053477 3.098505 3.098505 3.143738 3.143738 3.184146 3.184146
2.743686 2.743686 2.731139 2.789259 2.809360 2.809360 2.823338 2.845131 2.845131 2.863660 2.863660 2.880319 2.888093 2.895542 2.902845 2.902845 2.960309 2.993152 3.025186 3.053797 3.077767 3.096404 3.109048 3.115495 3.115355 3.108075 3.093089 3.070459 3.042599 3.027369 3.027369 3.197445 3.337312 3.520716 3.574676 3.574676 3.615246 3.615246 3.575071 3.575071 3.533793 3.442944 3.442944 3.336993 3.336993 3.171602 3.171602 3.171602 3.147862 3.147862 3.168472 3.168472 3.206460 3.206460 3.247478 3.247478 3.284940 3.284940
2.745157 2.745157 2.732739 2.789226 2.808700 2.808700 2.822829 2.844908 2.844908 2.863533 2.863533 2.880257 2.888064 2.895542 2.902918 2.902918 2.962085 3.002967 3.043773 3.080903 3.112648 3.138173 3.156955 3.168893 3.173988 3.172275 3.163874 3.149337 3.130818 3.120572 3.120572 3.227637 3.345057 3.519476 3.568728 3.568728 3.584902 3.584902 3.522038 3.522038 3.483581 3.427052 3.427052 3.378947 3.378947 3.260613 3.260613 3.260613 3.225454 3.225454 3.231941 3.231941 3.260660 3.260660 3.296247 3.296247 3.330139 3.330139
2.746270 2.746270 2.733708 2.789226 2.808300 2.808300 2.822521 2.844801 2.844801 2.863472 2.863472 2.880197 2.888005 2.895487 2.902934 2.902934 2.968246 3.016855 3.065698 3.110512 3.149301 3.181121 3.205473 3.222230 3.231458 3.233351 3.228255 3.216917 3.201297 3.190098 3.190098 3.254246 3.345143 3.489378 3.519056 3.519056 3.491007 3.491007 3.423681 3.423681 3.402611 3.391817 3.391817 3.390015 3.390015 3.322965 3.322965 3.322965 3.285356 3.285356 3.278917 3.278917 3.296291 3.296291 3.324270 3.324270 3.352952 3.352952
2.746963 2.746963 2.734223 2.789224 2.808078 2.808078 2.822348 2.844752 2.844752 2.863461 2.863461 2.880189 2.887994 2.895473 2.903013 2.903013 2.979770 3.036188 3.092388 3.143924 3.188775 3.226016 3.255211 3.276237 3.289152 3.294152 3.291588 3.282154 3.267459 3.253571 3.253571 3.286794 3.348370 3.432968 3.424064 3.424064 3.351898 3.351898 3.315078 3.315078 3.320625 3.353439 3.353439 3.385288 3.385288 3.365435 3.365435 3.365435 3.334667 3.334667 3.319945 3.319945 3.325706 3.325706 3.344148 3.344148 3.365723 3.365723
2.747199 2.747199 2.734383 2.789224 2.808006 2.808006 2.822293 2.844738 2.844738 2.863461 2.863461 2.880192 2.887995 2.895473 2.903148 2.903148 2.997765 3.062379 3.125338 3.182544 3.232252 3.273743 3.306736 3.331183 3.347162 3.354845 3.354519 3.346717 3.332610 3.316028 3.316028 3.325778 3.353713 3.334545 3.275034 3.275034 3.198340 3.198340 3.221826 3.221826 3.252027 3.317123 3.317123 3.371909 3.371909 3.391311 3.391311 3.391311 3.373811 3.373811 3.357049 3.357049 3.353107 3.353107 3.361036 3.361036 3.373752 3.373752
2.746963 2.746963 2.734223 2.789224 2.808077 2.808077 2.822348 2.844752 2.844752 2.863461 2.863461 2.880189 2.887993 2.895472 2.903339 2.903339 3.023737 3.097067 3.166151 3.227816 3.280941 3.325215 3.360641 3.387332 3.405441 3.415138 3.416639 3.410306 3.396796 3.377573 3.377573 3.366254 3.348057 3.172258 3.081652 3.081652 3.065712 3.065712 3.149625 3.149625 3.196232 3.281995 3.281995 3.352428 3.352428 3.402736 3.402736 3.402736 3.401195 3.401195 3.388084 3.388084 3.377933 3.377933 3.375689 3.375689 3.378382 3.378382
2.746269 2.746269 2.733708 2.789227 2.808300 2.808300 2.822521 2.844801 2.844801 2.863472 2.863472 2.880197 2.888004 2.895487 2.903624 2.903624 3.059899 3.142330 3.216650 3.281256 3.336023 3.381281 3.417442 3.444875 3.463863 3.474609 3.477286 3.472073 3.458918 3.435501 3.435501 3.395432 3.297852 2.950310 2.888510 2.888510 2.969623 2.969623 3.091613 3.091613 3.147242 3.246015 3.246015 3.327574 3.327574 3.401443 3.401443 3.401443 3.415531 3.415531 3.409814 3.409814 3.397361 3.397361 3.386468 3.386468 3.378803 3.378803
2.745157 2.745157 2.732740 2.789227 2.808701 2.808701 2.822828 2.844908 2.844908 2.863533 2.863533 2.880257 2.888064 2.895543 2.904044 2.904044 3.109520 3.200871 3.278899 3.344339 3.398473 3.442497 3.477353 3.503726 3.522065 3.532639 3.535586 3.530878 3.516936 3.481990 3.481990 3.379721 3.144439 2.726448 2.746001 2.746001 2.898978 2.898978 3.038804 3.038804 3.099165 3.206812 3.206812 3.296507 3.296507 3.387802 3.387802 3.387802 3.415383 3.415383 3.418505 3.418505 3.406910 3.406910 3.389585 3.389585 3.372157 3.372157
