cruce_test.gid/Rasters/Hydraulic/Velocity__x_176.0.asc
NCOLS        79
NROWS        79
XLLCENTER         -1.500000
YLLCENTER         -4.800000
CELLSIZE           0.100
NODATA_VALUE     -9999.0
[rows 0 to 25 of 79, columns 0 to 57 of 79]
-9999.000 -9999.000 -9999.000 -9999.000 -9999.000 -9999.000 -9999.000 -9999.000 -9999.000 -9999.000 -9999.000 -9999.000 -9999.000 -9999.000 -9999.000 -0.3140390E-03 0.8792601E-03 0.4115695E-02 0.7869788E-02 0.1130824E-01 0.1404782E-01 0.1597292E-01 0.1705406E-01 0.1734955E-01 0.1695862E-01 0.1595032E-01 0.1436960E-01 0.1211995E-01 0.8573282E-02 0.4200971E-02 0.4200971E-02 -9999.000 -9999.000 -9999.000 -9999.000 -9999.000 -9999.000 -9999.000 -9999.000 -9999.000 -9999.000 -9999.000 -9999.000 -9999.000 -9999.000 -9999.000 -9999.000 -9999.000 -9999.000 -9999.000 -9999.000 -9999.000 -9999.000 -9999.000 -9999.000 -9999.000 -9999.000 -9999.000
-9999.000 -9999.000 -9999.000 -9999.000 -9999.000 -9999.000 -9999.000 -9999.000 -9999.000 -9999.000 -9999.000 -9999.000 -9999.000 -9999.000 -9999.000 0.8308489E-03 0.3177505E-02 0.7492495E-02 0.1223142E-01 0.1656392E-01 0.2005865E-01 0.2253900E-01 0.2392651E-01 0.2424077E-01 0.2355569E-01 0.2193278E-01 0.1942397E-01 0.1596865E-01 0.1105827E-01 0.5407840E-02 0.5407840E-02 -9999.000 -9999.000 -9999.000 -9999.000 -9999.000 -9999.000 -9999.000 -9999.000 -9999.000 -9999.000 -9999.000 -9999.000 -9999.000 -9999.000 -9999.000 -9999.000 -9999.000 -9999.000 -9999.000 -9999.000 -9999.000 -9999.000 -9999.000 -9999.000 -9999.000 -9999.000 -9999.000
-9999.000 -9999.000 -9999.000 -9999.000 -9999.000 -9999.000 -9999.000 -9999.000 -9999.000 -9999.000 -9999.000 -9999.000 -9999.000 -9999.000 -9999.000 0.1349324E-02 0.4290210E-02 0.9277321E-02 0.1464553E-01 0.1952389E-01 0.2345098E-01 0.2623092E-01 0.2777057E-01 0.2808273E-01 0.2724028E-01 0.2530919E-01 0.2235261E-01 0.1832338E-01 0.1271053E-01 0.6253602E-02 0.6253602E-02 -9999.000 -9999.000 -9999.000 -9999.000 -9999.000 -9999.000 -9999.000 -9999.000 -9999.000 -9999.000 -9999.000 -9999.000 -9999.000 -9999.000 -9999.000 -9999.000 -9999.000 -9999.000 -9999.000 -9999.000 -9999.000 -9999.000 -9999.000 -9999.000 -9999.000 -9999.000 -9999.000
-9999.000 -9999.000 -9999.000 -9999.000 -9999.000 -9999.000 -9999.000 -9999.000 -9999.000 -9999.000 -9999.000 -9999.000 -9999.000 -9999.000 -9999.000 0.1644523E-02 0.4942196E-02 0.1035674E-01 0.1614014E-01 0.2138482E-01 0.2560487E-01 0.2859279E-01 0.3024777E-01 0.3058056E-01 0.2966640E-01 0.2757405E-01 0.2437231E-01 0.2001551E-01 0.1396861E-01 0.6925902E-02 0.6925902E-02 -9999.000 -9999.000 -9999.000 -9999.000 -9999.000 -9999.000 -9999.000 -9999.000 -9999.000 -9999.000 -9999.000 -9999.000 -9999.000 -9999.000 -9999.000 -9999.000 -9999.000 -9999.000 -9999.000 -9999.000 -9999.000 -9999.000 -9999.000 -9999.000 -9999.000 -9999.000 -9999.000
-9999.000 -9999.000 -9999.000 -9999.000 -9999.000 -9999.000 -9999.000 -9999.000 -9999.000 -9999.000 -9999.000 -9999.000 -9999.000 -9999.000 -9999.000 0.1847702E-02 0.5401112E-02 0.1113468E-01 0.1723786E-01 0.2276987E-01 0.2722355E-01 0.3038326E-01 0.3214277E-01 0.3251333E-01 0.3157290E-01 0.2939150E-01 0.2604078E-01 0.2147125E-01 0.1511061E-01 0.7559249E-02 0.7559249E-02 -9999.000 -9999.000 -9999.000 -9999.000 -9999.000 -9999.000 -9999.000 -9999.000 -9999.000 -9999.000 -9999.000 -9999.000 -9999.000 -9999.000 -9999.000 -9999.000 -9999.000 -9999.000 -9999.000 -9999.000 -9999.000 -9999.000 -9999.000 -9999.000 -9999.000 -9999.000 -9999.000
-9999.000 -9999.000 -9999.000 -9999.000 -9999.000 -9999.000 -9999.000 -9999.000 -9999.000 -9999.000 -9999.000 -9999.000 -9999.000 -9999.000 -9999.000 0.2019393E-02 0.5792490E-02 0.1180505E-01 0.1819233E-01 0.2398276E-01 0.2864897E-01 0.3196914E-01 0.3383339E-01 0.3425468E-01 0.3331398E-01 0.3108229E-01 0.2763231E-01 0.2290717E-01 0.1628539E-01 0.8229153E-02 0.8229153E-02 -9999.000 -9999.000 -9999.000 -9999.000 -9999.000 -9999.000 -9999.000 -9999.000 -9999.000 -9999.000 -9999.000 -9999.000 -9999.000 -9999.000 -9999.000 -9999.000 -9999.000 -9999.000 -9999.000 -9999.000 -9999.000 -9999.000 -9999.000 -9999.000 -9999.000 -9999.000 -9999.000
-9999.000 -9999.000 -9999.000 -9999.000 -9999.000 -9999.000 -9999.000 -9999.000 -9999.000 -9999.000 -9999.000 -9999.000 -9999.000 -9999.000 -9999.000 0.2188759E-02 0.6177802E-02 0.1246288E-01 0.1912835E-01 0.2517297E-01 0.3004966E-01 0.3353215E-01 0.3550765E-01 0.3599202E-01 0.3507011E-01 0.3281293E-01 0.2929400E-01 0.2444541E-01 0.1758486E-01 0.8985755E-02 0.8985755E-02 -9999.000 -9999.000 -9999.000 -9999.000 -9999.000 -9999.000 -9999.000 -9999.000 -9999.000 -9999.000 -9999.000 -9999.000 -9999.000 -9999.000 -9999.000 -9999.000 -9999.000 -9999.000 -9999.000 -9999.000 -9999.000 -9999.000 -9999.000 -9999.000 -9999.000 -9999.000 -9999.000
-9999.000 -9999.000 -9999.000 -9999.000 -9999.000 -9999.000 -9999.000 -9999.000 -9999.000 -9999.000 -9999.000 -9999.000 -9999.000 -9999.000 -9999.000 0.2371637E-02 0.6589578E-02 0.1315830E-01 0.2011180E-01 0.2641942E-01 0.3151520E-01 0.3516963E-01 0.3726789E-01 0.3782973E-01 0.3694476E-01 0.3468330E-01 0.3111946E-01 0.2617097E-01 0.1908166E-01 0.9871898E-02 0.9871898E-02 -9999.000 -9999.000 -9999.000 -9999.000 -9999.000 -9999.000 -9999.000 -9999.000 -9999.000 -9999.000 -9999.000 -9999.000 -9999.000 -9999.000 -9999.000 -9999.000 -9999.000 -9999.000 -9999.000 -9999.000 -9999.000 -9999.000 -9999.000 -9999.000 -9999.000 -9999.000 -9999.000
-9999.000 -9999.000 -9999.000 -9999.000 -9999.000 -9999.000 -9999.000 -9999.000 -9999.000 -9999.000 -9999.000 -9999.000 -9999.000 -9999.000 -9999.000 0.2578145E-02 0.7048665E-02 0.1392302E-01 0.2118401E-01 0.2777185E-01 0.3310212E-01 0.3694409E-01 0.3918123E-01 0.3983884E-01 0.3901181E-01 0.3676965E-01 0.3318596E-01 0.2816118E-01 0.2084924E-01 0.1093428E-01 0.1093428E-01 -9999.000 -9999.000 -9999.000 -9999.000 -9999.000 -9999.000 -9999.000 -9999.000 -9999.000 -9999.000 -9999.000 -9999.000 -9999.000 -9999.000 -9999.000 -9999.000 -9999.000 -9999.000 -9999.000 -9999.000 -9999.000 -9999.000 -9999.000 -9999.000 -9999.000 -9999.000 -9999.000
-9999.000 -9999.000 -9999.000 -9999.000 -9999.000 -9999.000 -9999.000 -9999.000 -9999.000 -9999.000 -9999.000 -9999.000 -9999.000 -9999.000 -9999.000 0.2816120E-02 0.7572000E-02 0.1478301E-01 0.2237889E-01 0.2927114E-01 0.3485757E-01 0.3890831E-01 0.4130575E-01 0.4208281E-01 0.4134045E-01 0.3914665E-01 0.3557467E-01 0.3050303E-01 0.2297722E-01 0.1223219E-01 0.1223219E-01 -9999.000 -9999.000 -9999.000 -9999.000 -9999.000 -9999.000 -9999.000 -9999.000 -9999.000 -9999.000 -9999.000 -9999.000 -9999.000 -9999.000 -9999.000 -9999.000 -9999.000 -9999.000 -9999.000 -9999.000 -9999.000 -9999.000 -9999.000 -9999.000 -9999.000 -9999.000 -9999.000
-9999.000 -9999.000 -9999.000 -9999.000 -9999.000 -9999.000 -9999.000 -9999.000 -9999.000 -9999.000 -9999.000 -9999.000 -9999.000 -9999.000 -9999.000 0.3094391E-02 0.8177389E-02 0.1576654E-01 0.2373323E-01 0.3096117E-01 0.3683226E-01 0.4112002E-01 0.4370633E-01 0.4463413E-01 0.4401217E-01 0.4190555E-01 0.3838750E-01 0.3330998E-01 0.2558727E-01 0.1384693E-01 0.1384693E-01 -9999.000 -9999.000 -9999.000 -9999.000 -9999.000 -9999.000 -9999.000 -9999.000 -9999.000 -9999.000 -9999.000 -9999.000 -9999.000 -9999.000 -9999.000 -9999.000 -9999.000 -9999.000 -9999.000 -9999.000 -9999.000 -9999.000 -9999.000 -9999.000 -9999.000 -9999.000 -9999.000
-9999.000 -9999.000 -9999.000 -9999.000 -9999.000 -9999.000 -9999.000 -9999.000 -9999.000 -9999.000 -9999.000 -9999.000 -9999.000 -9999.000 -9999.000 0.3423529E-02 0.8887637E-02 0.1690801E-01 0.2529301E-01 0.3289840E-01 0.3909177E-01 0.4365360E-01 0.4646722E-01 0.4758830E-01 0.4713482E-01 0.4516913E-01 0.4176438E-01 0.3674033E-01 0.2885198E-01 0.1589559E-01 0.1589559E-01 -9999.000 -9999.000 -9999.000 -9999.000 -9999.000 -9999.000 -9999.000 -9999.000 -9999.000 -9999.000 -9999.000 -9999.000 -9999.000 -9999.000 -9999.000 -9999.000 -9999.000 -9999.000 -9999.000 -9999.000 -9999.000 -9999.000 -9999.000 -9999.000 -9999.000 -9999.000 -9999.000
-9999.000 -9999.000 -9999.000 -9999.000 -9999.000 -9999.000 -9999.000 -9999.000 -9999.000 -9999.000 -9999.000 -9999.000 -9999.000 -9999.000 -9999.000 0.3820219E-02 0.9738048E-02 0.1826315E-01 0.2713107E-01 0.3516976E-01 0.4173579E-01 0.4662181E-01 0.4971426E-01 0.5108610E-01 0.5086725E-01 0.4911720E-01 0.4591056E-01 0.4102795E-01 0.3303025E-01 0.1855445E-01 0.1855445E-01 -9999.000 -9999.000 -9999.000 -9999.000 -9999.000 -9999.000 -9999.000 -9999.000 -9999.000 -9999.000 -9999.000 -9999.000 -9999.000 -9999.000 -9999.000 -9999.000 -9999.000 -9999.000 -9999.000 -9999.000 -9999.000 -9999.000 -9999.000 -9999.000 -9999.000 -9999.000 -9999.000
-9999.000 -9999.000 -9999.000 -9999.000 -9999.000 -9999.000 -9999.000 -9999.000 -9999.000 -9999.000 -9999.000 -9999.000 -9999.000 -9999.000 -9999.000 0.4739442E-02 0.1166478E-01 0.2126468E-01 0.3064180E-01 0.3904367E-01 0.4589740E-01 0.5101684E-01 0.5430911E-01 0.5587934E-01 0.5587520E-01 0.5435337E-01 0.5139010E-01 0.4671507E-01 0.3864623E-01 0.2217173E-01 0.2217173E-01 -9999.000 -9999.000 -9999.000 -9999.000 -9999.000 -9999.000 -9999.000 -9999.000 -9999.000 -9999.000 -9999.000 -9999.000 -9999.000 -9999.000 -9999.000 -9999.000 -9999.000 -9999.000 -9999.000 -9999.000 -9999.000 -9999.000 -9999.000 -9999.000 -9999.000 -9999.000 -9999.000
-9999.000 -9999.000 -9999.000 -9999.000 -9999.000 -9999.000 -9999.000 -9999.000 -9999.000 -9999.000 -9999.000 -9999.000 -9999.000 -9999.000 -9999.000 0.6556886E-01 0.1001774 0.1164687 0.1108737 0.1016159 0.9436742E-01 0.8746412E-01 0.8083697E-01 0.7457305E-01 0.6854276E-01 0.6257195E-01 0.5649789E-01 0.4975586E-01 0.4025631E-01 0.1969941E-01 0.1969941E-01 -9999.000 -9999.000 -9999.000 -9999.000 -9999.000 -9999.000 -9999.000 -9999.000 -9999.000 -9999.000 -9999.000 -9999.000 -9999.000 -9999.000 -9999.000 -9999.000 -9999.000 -9999.000 -9999.000 -9999.000 -9999.000 -9999.000 -9999.000 -9999.000 -9999.000 -9999.000 -9999.000
2.752546 2.752546 2.737051 2.803609 2.810931 2.810931 2.814390 2.816261 2.816261 2.814332 2.814332 2.809939 2.807061 2.803819 2.800267 2.800267 2.902638 2.905133 2.905431 2.890373 2.853996 2.796813 2.718135 2.615548 2.492908 2.351453 2.194319 2.029993 1.881686 1.816003 1.816003 2.624094 2.793686 2.892228 2.917248 2.917248 2.952138 2.952138 2.941783 2.941783 2.903363 2.740338 2.740338 2.425488 2.425488 2.056322 2.056322 2.056322 2.030922 2.030922 2.056743 2.056743 2.100721 2.100721 2.148171 2.148171 2.191271 2.191271
2.775209 2.775209 2.763340 2.852789 2.871565 2.871565 2.886340 2.910490 2.910490 2.930576 2.930576 2.948016 2.955988 2.963550 2.970756 2.970756 3.043869 3.058137 3.070990 3.080336 3.084494 3.082248 3.071298 3.048232 3.011320 2.958302 2.887704 2.800316 2.702446 2.621673 2.621673 3.055722 3.209003 3.356752 3.397010 3.397010 3.444016 3.444016 3.448978 3.448978 3.431317 3.339510 3.339510 3.157481 3.157481 2.867342 2.867342 2.867342 2.839036 2.839036 2.866829 2.866829 2.913980 2.913980 2.964041 2.964041 3.010151 3.010151
2.780059 2.780059 2.765401 2.852757 2.871816 2.871816 2.886992 2.911792 2.911792 2.932477 2.932477 2.950601 2.958952 2.966923 2.974558 2.974558 3.038612 3.062962 3.085995 3.106412 3.123067 3.135395 3.142616 3.143226 3.136204 3.120014 3.092991 3.054393 3.006861 2.967113 2.967113 3.210895 3.360707 3.534393 3.585312 3.585312 3.639575 3.639575 3.634607 3.634607 3.608964 3.515223 3.515223 3.381212 3.381212 3.149752 3.149752 3.149752 3.107591 3.107591 3.123179 3.123179 3.161846 3.161846 3.205845 3.205845 3.247474 3.247474
2.783011 2.783011 2.768534 2.852358 2.871427 2.871427 2.886817 2.911830 2.911830 2.932535 2.932535 2.950653 2.959007 2.966983 2.974627 2.974627 3.033365 3.066299 3.098887 3.128710 3.154192 3.174590 3.189484 3.198298 3.200798 3.196609 3.185172 3.166242 3.141499 3.121688 3.121688 3.269014 3.401219 3.582940 3.640007 3.640007 3.693620 3.693620 3.668411 3.668411 3.631396 3.539994 3.539994 3.450484 3.450484 3.282696 3.282696 3.282696 3.231570 3.231570 3.233470 3.233470 3.263061 3.263061 3.301826 3.301826 3.340185 3.340185
2.784034 2.784034 2.772925 2.851882 2.870987 2.870987 2.886593 2.911819 2.911819 2.932523 2.932523 2.950605 2.958948 2.966918 2.974560 2.974560 3.032008 3.072560 3.113911 3.152401 3.185982 3.213632 3.234881 3.249389 3.257116 3.258135 3.252540 3.240675 3.224150 3.210525 3.210525 3.299975 3.408285 3.581080 3.635748 3.635748 3.669473 3.669473 3.615415 3.615415 3.573388 3.505432 3.505432 3.463379 3.463379 3.360819 3.360819 3.360819 3.309403 3.309403 3.298073 3.298073 3.316246 3.316246 3.347904 3.347904 3.381865 3.381865
2.780250 2.780250 2.779550 2.851436 2.870628 2.870628 2.886434 2.911869 2.911869 2.932600 2.932600 2.950680 2.959027 2.967001 2.974652 2.974652 3.035671 3.083503 3.132831 3.179073 3.219870 3.254053 3.281083 3.300679 3.312810 3.317627 3.315400 3.306667 3.292907 3.279616 3.279616 3.330362 3.411801 3.557202 3.596328 3.596328 3.585350 3.585350 3.509678 3.509678 3.478544 3.453867 3.453867 3.455269 3.455269 3.410933 3.410933 3.410933 3.368354 3.368354 3.348061 3.348061 3.353982 3.353982 3.376319 3.376319 3.403918 3.403918
2.779678 2.779678 2.783118 2.851103 2.870370 2.870370 2.886310 2.911884 2.911884 2.932626 2.932626 2.950694 2.959037 2.967009 2.974659 2.974659 3.044891 3.100219 3.156857 3.209837 3.256760 3.296473 3.328461 3.352495 3.368551 3.376750 3.377354 3.370855 3.358437 3.343947 3.343947 3.367848 3.421582 3.516264 3.520857 3.520857 3.450721 3.450721 3.387913 3.387913 3.382235 3.405010 3.405010 3.439700 3.439700 3.442131 3.442131 3.442131 3.414824 3.414824 3.392107 3.392107 3.387486 3.387486 3.399190 3.399190 3.418453 3.418453
2.779486 2.779486 2.784307 2.850993 2.870282 2.870282 2.886268 2.911889 2.911889 2.932636 2.932636 2.950698 2.959039 2.967011 2.974661 2.974661 3.060820 3.124232 3.187618 3.246246 3.298003 3.341958 3.377743 3.405242 3.424469 3.435534 3.438639 3.434153 3.422896 3.407221 3.407221 3.411930 3.436903 3.445234 3.395063 3.395063 3.288110 3.288110 3.278652 3.278652 3.301478 3.362061 3.362061 3.419697 3.419697 3.457954 3.457954 3.457954 3.448742 3.448742 3.430054 3.430054 3.418815 3.418815 3.420076 3.420076 3.429579 3.429579
2.779675 2.779675 2.783120 2.851103 2.870370 2.870370 2.886310 2.911884 2.911884 2.932627 2.932627 2.950694 2.959037 2.967009 2.974659 2.974659 3.084966 3.157195 3.226748 3.289799 3.344887 3.391528 3.429648 3.459315 3.480648 3.493779 3.498860 3.496126 3.485999 3.469140 3.469140 3.457968 3.447876 3.317616 3.212598 3.212598 3.135550 3.135550 3.195563 3.195563 3.239240 3.323972 3.323972 3.396834 3.396834 3.461911 3.461911 3.461911 3.470466 3.470466 3.460353 3.460353 3.446943 3.446943 3.439436 3.439436 3.438609 3.438609
2.780245 2.780245 2.779553 2.851437 2.870629 2.870629 2.886435 2.911870 2.911870 2.932601 2.932601 2.950681 2.959027 2.967000 2.974652 2.974652 3.119547 3.201175 3.276071 3.342023 3.398631 3.446096 3.484777 3.515020 3.537096 3.551199 3.557460 3.555990 3.546667 3.527253 3.527253 3.495832 3.428906 3.117051 3.002953 3.002953 3.022222 3.022222 3.133809 3.133809 3.188910 3.287585 3.287585 3.370862 3.370862 3.455855 3.455855 3.455855 3.479963 3.479963 3.480485 3.480485 3.468773 3.468773 3.455132 3.455132 3.444412 3.444412
2.784027 2.784027 2.772928 2.851883 2.870986 2.870986 2.886593 2.911818 2.911818 2.932523 2.932523 2.950605 2.958947 2.966917 2.974560 2.974560 3.167794 3.258801 3.337559 3.404311 3.460145 3.506177 3.543324 3.572271 3.593480 3.607225 3.613640 3.612684 3.603074 3.574939 3.574939 3.499800 3.328282 2.876616 2.826677 2.826677 2.945588 2.945588 3.081657 3.081657 3.142232 3.249211 3.249211 3.340014 3.340014 3.439632 3.439632 3.439632 3.476291 3.476291 3.487371 3.487371 3.479874 3.479874 3.462891 3.462891 3.443599 3.443599
