cruce_test.gid/Rasters/Hydraulic/Velocity__y_102.0.asc
NCOLS        79
NROWS        79
XLLCENTER         -1.500000
YLLCENTER         -4.800000
CELLSIZE           0.100
NODATA_VALUE     -9999.0
[rows 0 to 26 of 79, columns 0 to 58 of 79]
-9999.000 -9999.000 -9999.000 -9999.000 -9999.000 -9999.000 -9999.000 -9999.000 -9999.000 -9999.000 -9999.000 -9999.000 -9999.000 -9999.000 -9999.000 -0.1844108 -0.1831960 -0.1832398 -0.1833853 -0.1835369 -0.1836764 -0.1838056 -0.1839406 -0.1841154 -0.1843866 -0.1848411 -0.1856097 -0.1868923 -0.1888711 -0.1873033 -0.1873033 -9999.000 -9999.000 -9999.000 -9999.000 -9999.000 -9999.000 -9999.000 -9999.000 -9999.000 -9999.000 -9999.000 -9999.000 -9999.000 -9999.000 -9999.000 -9999.000 -9999.000 -9999.000 -9999.000 -9999.000 -9999.000 -9999.000 -9999.000 -9999.000 -9999.000 -9999.000 -9999.000 -9999.000
-9999.000 -9999.000 -9999.000 -9999.000 -9999.000 -9999.000 -9999.000 -9999.000 -9999.000 -9999.000 -9999.000 -9999.000 -9999.000 -9999.000 -9999.000 -0.1818446 -0.1792058 -0.1792749 -0.1795751 -0.1799017 -0.1802128 -0.1805109 -0.1808320 -0.1812518 -0.1818943 -0.1829461 -0.1846791 -0.1874943 -0.1917318 -0.1890442 -0.1890442 -9999.000 -9999.000 -9999.000 -9999.000 -9999.000 -9999.000 -9999.000 -9999.000 -9999.000 -9999.000 -9999.000 -9999.000 -9999.000 -9999.000 -9999.000 -9999.000 -9999.000 -9999.000 -9999.000 -9999.000 -9999.000 -9999.000 -9999.000 -9999.000 -9999.000 -9999.000 -9999.000 -9999.000
-9999.000 -9999.000 -9999.000 -9999.000 -9999.000 -9999.000 -9999.000 -9999.000 -9999.000 -9999.000 -9999.000 -9999.000 -9999.000 -9999.000 -9999.000 -0.1778299 -0.1735979 -0.1737012 -0.1742343 -0.1748563 -0.1754934 -0.1761472 -0.1768794 -0.1778188 -0.1791738 -0.1812493 -0.1844775 -0.1894718 -0.1967065 -0.1934024 -0.1934024 -9999.000 -9999.000 -9999.000 -9999.000 -9999.000 -9999.000 -9999.000 -9999.000 -9999.000 -9999.000 -9999.000 -9999.000 -9999.000 -9999.000 -9999.000 -9999.000 -9999.000 -9999.000 -9999.000 -9999.000 -9999.000 -9999.000 -9999.000 -9999.000 -9999.000 -9999.000 -9999.000 -9999.000
-9999.000 -9999.000 -9999.000 -9999.000 -9999.000 -9999.000 -9999.000 -9999.000 -9999.000 -9999.000 -9999.000 -9999.000 -9999.000 -9999.000 -9999.000 -0.1729476 -0.1671540 -0.1673300 -0.1681657 -0.1691768 -0.1702553 -0.1714006 -0.1726995 -0.1743355 -0.1766047 -0.1799360 -0.1849298 -0.1924306 -0.2030779 -0.1998379 -0.1998379 -9999.000 -9999.000 -9999.000 -9999.000 -9999.000 -9999.000 -9999.000 -9999.000 -9999.000 -9999.000 -9999.000 -9999.000 -9999.000 -9999.000 -9999.000 -9999.000 -9999.000 -9999.000 -9999.000 -9999.000 -9999.000 -9999.000 -9999.000 -9999.000 -9999.000 -9999.000 -9999.000 -9999.000
-9999.000 -9999.000 -9999.000 -9999.000 -9999.000 -9999.000 -9999.000 -9999.000 -9999.000 -9999.000 -9999.000 -9999.000 -9999.000 -9999.000 -9999.000 -0.1673313 -0.1600186 -0.1603006 -0.1614976 -0.1629747 -0.1645854 -0.1663251 -0.1683059 -0.1707692 -0.1741053 -0.1788787 -0.1858774 -0.1962069 -0.2107216 -0.2082979 -0.2082979 -9999.000 -9999.000 -9999.000 -9999.000 -9999.000 -9999.000 -9999.000 -9999.000 -9999.000 -9999.000 -9999.000 -9999.000 -9999.000 -9999.000 -9999.000 -9999.000 -9999.000 -9999.000 -9999.000 -9999.000 -9999.000 -9999.000 -9999.000 -9999.000 -9999.000 -9999.000 -9999.000 -9999.000
-9999.000 -9999.000 -9999.000 -9999.000 -9999.000 -9999.000 -9999.000 -9999.000 -9999.000 -9999.000 -9999.000 -9999.000 -9999.000 -9999.000 -9999.000 -0.1610560 -0.1522837 -0.1527000 -0.1543048 -0.1563077 -0.1585196 -0.1609301 -0.1636779 -0.1670675 -0.1715937 -0.1779740 -0.1872098 -0.2007098 -0.2196169 -0.2188973 -0.2188973 -9999.000 -9999.000 -9999.000 -9999.000 -9999.000 -9999.000 -9999.000 -9999.000 -9999.000 -9999.000 -9999.000 -9999.000 -9999.000 -9999.000 -9999.000 -9999.000 -9999.000 -9999.000 -9999.000 -9999.000 -9999.000 -9999.000 -9999.000 -9999.000 -9999.000 -9999.000 -9999.000 -9999.000
-9999.000 -9999.000 -9999.000 -9999.000 -9999.000 -9999.000 -9999.000 -9999.000 -9999.000 -9999.000 -9999.000 -9999.000 -9999.000 -9999.000 -9999.000 -0.1541457 -0.1439979 -0.1445731 -0.1466219 -0.1491959 -0.1520605 -0.1551979 -0.1587751 -0.1631673 -0.1689878 -0.1771293 -0.1888413 -0.2058914 -0.2298155 -0.2318975 -0.2318975 -9999.000 -9999.000 -9999.000 -9999.000 -9999.000 -9999.000 -9999.000 -9999.000 -9999.000 -9999.000 -9999.000 -9999.000 -9999.000 -9999.000 -9999.000 -9999.000 -9999.000 -9999.000 -9999.000 -9999.000 -9999.000 -9999.000 -9999.000 -9999.000 -9999.000 -9999.000 -9999.000 -9999.000
-9999.000 -9999.000 -9999.000 -9999.000 -9999.000 -9999.000 -9999.000 -9999.000 -9999.000 -9999.000 -9999.000 -9999.000 -9999.000 -9999.000 -9999.000 -0.1465816 -0.1351736 -0.1359313 -0.1384521 -0.1416317 -0.1451865 -0.1490899 -0.1535406 -0.1589934 -0.1661983 -0.1762513 -0.1906946 -0.2117282 -0.2414275 -0.2477216 -0.2477216 -9999.000 -9999.000 -9999.000 -9999.000 -9999.000 -9999.000 -9999.000 -9999.000 -9999.000 -9999.000 -9999.000 -9999.000 -9999.000 -9999.000 -9999.000 -9999.000 -9999.000 -9999.000 -9999.000 -9999.000 -9999.000 -9999.000 -9999.000 -9999.000 -9999.000 -9999.000 -9999.000 -9999.000
-9999.000 -9999.000 -9999.000 -9999.000 -9999.000 -9999.000 -9999.000 -9999.000 -9999.000 -9999.000 -9999.000 -9999.000 -9999.000 -9999.000 -9999.000 -0.1383078 -0.1257918 -0.1267564 -0.1297712 -0.1335819 -0.1378526 -0.1425466 -0.1478979 -0.1544529 -0.1631196 -0.1752332 -0.1926855 -0.2182054 -0.2546135 -0.2670000 -0.2670000 -9999.000 -9999.000 -9999.000 -9999.000 -9999.000 -9999.000 -9999.000 -9999.000 -9999.000 -9999.000 -9999.000 -9999.000 -9999.000 -9999.000 -9999.000 -9999.000 -9999.000 -9999.000 -9999.000 -9999.000 -9999.000 -9999.000 -9999.000 -9999.000 -9999.000 -9999.000 -9999.000 -9999.000
-9999.000 -9999.000 -9999.000 -9999.000 -9999.000 -9999.000 -9999.000 -9999.000 -9999.000 -9999.000 -9999.000 -9999.000 -9999.000 -9999.000 -9999.000 -0.1292331 -0.1158030 -0.1170013 -0.1205272 -0.1249863 -0.1299876 -0.1354828 -0.1417451 -0.1494256 -0.1596172 -0.1739385 -0.1947037 -0.2252998 -0.2695824 -0.2906619 -0.2906619 -9999.000 -9999.000 -9999.000 -9999.000 -9999.000 -9999.000 -9999.000 -9999.000 -9999.000 -9999.000 -9999.000 -9999.000 -9999.000 -9999.000 -9999.000 -9999.000 -9999.000 -9999.000 -9999.000 -9999.000 -9999.000 -9999.000 -9999.000 -9999.000 -9999.000 -9999.000 -9999.000 -9999.000
-9999.000 -9999.000 -9999.000 -9999.000 -9999.000 -9999.000 -9999.000 -9999.000 -9999.000 -9999.000 -9999.000 -9999.000 -9999.000 -9999.000 -9999.000 -0.1192283 -0.1051239 -0.1065857 -0.1106345 -0.1157512 -0.1214863 -0.1277771 -0.1349404 -0.1437476 -0.1555078 -0.1721782 -0.1965884 -0.2329567 -0.2865863 -0.3201048 -0.3201048 -9999.000 -9999.000 -9999.000 -9999.000 -9999.000 -9999.000 -9999.000 -9999.000 -9999.000 -9999.000 -9999.000 -9999.000 -9999.000 -9999.000 -9999.000 -9999.000 -9999.000 -9999.000 -9999.000 -9999.000 -9999.000 -9999.000 -9999.000 -9999.000 -9999.000 -9999.000 -9999.000 -9999.000
-9999.000 -9999.000 -9999.000 -9999.000 -9999.000 -9999.000 -9999.000 -9999.000 -9999.000 -9999.000 -9999.000 -9999.000 -9999.000 -9999.000 -9999.000 -0.1081167 -0.9362874E-01 -0.9538597E-01 -0.9996384E-01 -0.1057367 -0.1121935 -0.1192538 -0.1272815 -0.1371851 -0.1505278 -0.1696727 -0.1980840 -0.2410453 -0.3059033 -0.3575129 -0.3575129 -9999.000 -9999.000 -9999.000 -9999.000 -9999.000 -9999.000 -9999.000 -9999.000 -9999.000 -9999.000 -9999.000 -9999.000 -9999.000 -9999.000 -9999.000 -9999.000 -9999.000 -9999.000 -9999.000 -9999.000 -9999.000 -9999.000 -9999.000 -9999.000 -9999.000 -9999.000 -9999.000 -9999.000
-9999.000 -9999.000 -9999.000 -9999.000 -9999.000 -9999.000 -9999.000 -9999.000 -9999.000 -9999.000 -9999.000 -9999.000 -9999.000 -9999.000 -9999.000 -0.9565306E-01 -0.8113018E-01 -0.8321559E-01 -0.8831890E-01 -0.9473170E-01 -0.1018767 -0.1096499 -0.1184656 -0.1293875 -0.1442763 -0.1659821 -0.1987565 -0.2492669 -0.3277758 -0.4065027 -0.4065027 -9999.000 -9999.000 -9999.000 -9999.000 -9999.000 -9999.000 -9999.000 -9999.000 -9999.000 -9999.000 -9999.000 -9999.000 -9999.000 -9999.000 -9999.000 -9999.000 -9999.000 -9999.000 -9999.000 -9999.000 -9999.000 -9999.000 -9999.000 -9999.000 -9999.000 -9999.000 -9999.000 -9999.000
-9999.000 -9999.000 -9999.000 -9999.000 -9999.000 -9999.000 -9999.000 -9999.000 -9999.000 -9999.000 -9999.000 -9999.000 -9999.000 -9999.000 -9999.000 -0.8141658E-01 -0.6730153E-01 -0.6975679E-01 -0.7537880E-01 -0.8240140E-01 -0.9017374E-01 -0.9856071E-01 -0.1080271 -0.1198101 -0.1361150 -0.1603751 -0.1978211 -0.2569392 -0.3522049 -0.4735942 -0.4735942 -9999.000 -9999.000 -9999.000 -9999.000 -9999.000 -9999.000 -9999.000 -9999.000 -9999.000 -9999.000 -9999.000 -9999.000 -9999.000 -9999.000 -9999.000 -9999.000 -9999.000 -9999.000 -9999.000 -9999.000 -9999.000 -9999.000 -9999.000 -9999.000 -9999.000 -9999.000 -9999.000 -9999.000
-9999.000 -9999.000 -9999.000 -9999.000 -9999.000 -9999.000 -9999.000 -9999.000 -9999.000 -9999.000 -9999.000 -9999.000 -9999.000 -9999.000 -9999.000 -0.5821017E-01 -0.4892116E-01 -0.5318377E-01 -0.6027927E-01 -0.6852469E-01 -0.7727242E-01 -0.8641264E-01 -0.9650669E-01 -0.1090099 -0.1265319 -0.1531916 -0.1954165 -0.2640613 -0.3796057 -0.5709145 -0.5709145 -9999.000 -9999.000 -9999.000 -9999.000 -9999.000 -9999.000 -9999.000 -9999.000 -9999.000 -9999.000 -9999.000 -9999.000 -9999.000 -9999.000 -9999.000 -9999.000 -9999.000 -9999.000 -9999.000 -9999.000 -9999.000 -9999.000 -9999.000 -9999.000 -9999.000 -9999.000 -9999.000 -9999.000
-0.2923829E-02 -0.2923829E-02 -0.4041635E-02 -0.4668863E-02 -0.4725652E-02 -0.4725652E-02 -0.4735531E-02 -0.4720754E-02 -0.4720754E-02 -0.4699343E-02 -0.4699343E-02 -0.4670943E-02 -0.4653641E-02 -0.4635081E-02 -0.1713780E-01 -0.1713780E-01 -0.5901289E-01 -0.6738862E-01 -0.7924896E-01 -0.9288294E-01 -0.1069847 -0.1207831 -0.1341596 -0.1478621 -0.1638241 -0.1856178 -0.2192847 -0.2751747 -0.3719928 -0.5776932 -0.5776932 -0.3190707 -0.1681894 -0.2862730E-01 -0.5232275E-02 -0.5232275E-02 0.1044039E-01 0.1044039E-01 -0.1506074E-02 -0.1506074E-02 -0.2902677E-01 -0.1172564E-01 -0.1172564E-01 0.4844567E-02 0.4844567E-02 0.1074329E-01 0.1074329E-01 0.1074329E-01 0.9573233E-02 0.9573233E-02 0.7458555E-02 0.7458555E-02 0.6616073E-02 0.6616073E-02 0.4115426E-02 0.4115426E-02 0.2489578E-02 0.2489578E-02 0.2489578E-02
-0.4423940E-02 -0.4423940E-02 -0.5938780E-02 -0.6663700E-02 -0.6696652E-02 -0.6696652E-02 -0.6683732E-02 -0.6651295E-02 -0.6651295E-02 -0.6633806E-02 -0.6633806E-02 -0.6609473E-02 -0.6592457E-02 -0.6573388E-02 -0.2420920E-01 -0.2420920E-01 -0.8764613E-01 -0.1018194 -0.1213035 -0.1439560 -0.1678556 -0.1914841 -0.2137729 -0.2342457 -0.2532772 -0.2724202 -0.2948710 -0.3261286 -0.3743347 -0.4554921 -0.4554921 -0.2880333 -0.1684542 -0.3813404E-01 -0.7791919E-02 -0.7791919E-02 0.2758074E-01 0.2758074E-01 0.3006849E-01 0.3006849E-01 -0.1230751E-01 -0.1640043E-01 -0.1640043E-01 0.1218318E-01 0.1218318E-01 0.2256622E-01 0.2256622E-01 0.2256622E-01 0.1968798E-01 0.1968798E-01 0.1530340E-01 0.1530340E-01 0.1064813E-01 0.1064813E-01 0.8250661E-02 0.8250661E-02 0.5595827E-02 0.5595827E-02 0.5595827E-02
-0.3534934E-02 -0.3534934E-02 -0.4916444E-02 -0.5650990E-02 -0.5679338E-02 -0.5679338E-02 -0.5659246E-02 -0.5626224E-02 -0.5626224E-02 -0.5624631E-02 -0.5624631E-02 -0.5620538E-02 -0.5613570E-02 -0.5604270E-02 -0.1778129E-01 -0.1778129E-01 -0.9234247E-01 -0.1114195 -0.1362096 -0.1652984 -0.1969674 -0.2296320 -0.2618714 -0.2925426 -0.3209975 -0.3472618 -0.3721705 -0.3974598 -0.4252127 -0.4568116 -0.4568116 -0.3546043 -0.2586758 -0.1150391 -0.6128039E-01 -0.6128039E-01 0.2994585E-01 0.2994585E-01 0.8967948E-01 0.8967948E-01 0.6715891E-01 0.1126094E-01 0.1126094E-01 0.2316208E-01 0.2316208E-01 0.3137298E-01 0.3137298E-01 0.3137298E-01 0.2671414E-01 0.2671414E-01 0.2021848E-01 0.2021848E-01 0.1164325E-01 0.1164325E-01 0.9395114E-02 0.9395114E-02 0.6635920E-02 0.6635920E-02 0.6635920E-02
-0.2723084E-02 -0.2723084E-02 -0.3897196E-02 -0.4561579E-02 -0.4579554E-02 -0.4579554E-02 -0.4551085E-02 -0.4507617E-02 -0.4507617E-02 -0.4503666E-02 -0.4503666E-02 -0.4501091E-02 -0.4495251E-02 -0.4486973E-02 -0.1252419E-01 -0.1252419E-01 -0.9132285E-01 -0.1146397 -0.1429492 -0.1759302 -0.2122967 -0.2507121 -0.2897923 -0.3281705 -0.3646945 -0.3985798 -0.4293919 -0.4569368 -0.4804001 -0.4959066 -0.4959066 -0.4271232 -0.3482092 -0.1974272 -0.1241628 -0.1241628 0.2033970E-01 0.2033970E-01 0.1311659 0.1311659 0.1399516 0.7326975E-01 0.7326975E-01 0.4335704E-01 0.4335704E-01 0.3586262E-01 0.3586262E-01 0.3586262E-01 0.2822392E-01 0.2822392E-01 0.1962326E-01 0.1962326E-01 0.9983299E-02 0.9983299E-02 0.5947307E-02 0.5947307E-02 0.3519401E-02 0.3519401E-02 0.3519401E-02
-0.1981010E-02 -0.1981010E-02 -0.2900460E-02 -0.3445606E-02 -0.3456573E-02 -0.3456573E-02 -0.3427600E-02 -0.3384044E-02 -0.3384044E-02 -0.3379264E-02 -0.3379264E-02 -0.3377561E-02 -0.3372714E-02 -0.3365691E-02 -0.8615925E-02 -0.8615925E-02 -0.8747485E-01 -0.1167232 -0.1485029 -0.1846148 -0.2243680 -0.2666779 -0.3103060 -0.3539216 -0.3962207 -0.4360433 -0.4723748 -0.5042084 -0.5296683 -0.5426192 -0.5426192 -0.4917205 -0.4241855 -0.2634755 -0.1722745 -0.1722745 0.1189833E-01 0.1189833E-01 0.1500999 0.1500999 0.1797496 0.1376114 0.1376114 0.7469351E-01 0.7469351E-01 0.4045735E-01 0.4045735E-01 0.4045735E-01 0.2716521E-01 0.2716521E-01 0.1586315E-01 0.1586315E-01 0.5392414E-02 0.5392414E-02 0.2645496E-03 0.2645496E-03 -0.1527487E-02 -0.1527487E-02 -0.1527487E-02
-0.1291304E-02 -0.1291304E-02 -0.1922523E-02 -0.2308885E-02 -0.2315222E-02 -0.2315222E-02 -0.2292100E-02 -0.2257552E-02 -0.2257552E-02 -0.2253705E-02 -0.2253705E-02 -0.2252535E-02 -0.2249083E-02 -0.2243963E-02 -0.5653489E-02 -0.5653489E-02 -0.8070245E-01 -0.1183334 -0.1545966 -0.1941652 -0.2371833 -0.2828085 -0.3299472 -0.3773966 -0.4238729 -0.4680606 -0.5087399 -0.5446368 -0.5733780 -0.5871318 -0.5871318 -0.5457217 -0.4815752 -0.3000572 -0.1927212 -0.1927212 0.9764525E-02 0.9764525E-02 0.1507695 0.1507695 0.1888057 0.1799474 0.1799474 0.1105269 0.1105269 0.4752757E-01 0.4752757E-01 0.4752757E-01 0.2595024E-01 0.2595024E-01 0.1088978E-01 0.1088978E-01 -0.5892768E-03 -0.5892768E-03 -0.6214293E-02 -0.6214293E-02 -0.7156718E-02 -0.7156718E-02 -0.7156718E-02
-0.6366931E-03 -0.6366931E-03 -0.9578061E-03 -0.1157981E-02 -0.1160851E-02 -0.1160851E-02 -0.1148156E-02 -0.1129230E-02 -0.1129230E-02 -0.1127191E-02 -0.1127191E-02 -0.1126581E-02 -0.1124775E-02 -0.1122179E-02 -0.3327814E-02 -0.3327814E-02 -0.7266641E-01 -0.1193188 -0.1618469 -0.2058891 -0.2526015 -0.3015683 -0.3519119 -0.4025655 -0.4523083 -0.4998333 -0.5438525 -0.5829531 -0.6141388 -0.6271622 -0.6271622 -0.5874724 -0.5151210 -0.3021205 -0.1861211 -0.1861211 0.1008074E-01 0.1008074E-01 0.1384850 0.1384850 0.1774288 0.1940922 0.1940922 0.1403046 0.1403046 0.5762514E-01 0.5762514E-01 0.5762514E-01 0.2622897E-01 0.2622897E-01 0.6226319E-02 0.6226319E-02 -0.6734289E-02 -0.6734289E-02 -0.1256371E-01 -0.1256371E-01 -0.1250350E-01 -0.1250350E-01 -0.1250350E-01
-0.1055384E-07 -0.1055384E-07 0.1374086E-06 -0.1514487E-07 0.1811123E-07 0.1811123E-07 -0.2817337E-07 0.3485343E-07 0.3485343E-07 -0.1534501E-06 -0.1534501E-06 -0.1150955E-06 -0.1674506E-06 -0.1717650E-06 -0.1423436E-02 -0.1423436E-02 -0.6581504E-01 -0.1202214 -0.1708375 -0.2207991 -0.2719823 -0.3245853 -0.3780985 -0.4316777 -0.4842268 -0.5344869 -0.5811476 -0.6226821 -0.6549103 -0.6623892 -0.6623892 -0.6106610 -0.5164375 -0.2759315 -0.1641934 -0.1641934 0.7776878E-02 0.7776878E-02 0.1184333 0.1184333 0.1550775 0.1862980 0.1862980 0.1558813 0.1558813 0.6886011E-01 0.6886011E-01 0.6886011E-01 0.2851644E-01 0.2851644E-01 0.2972163E-02 0.2972163E-02 -0.1199171E-01 -0.1199171E-01 -0.1796994E-01 -0.1796994E-01 -0.1686774E-01 -0.1686774E-01 -0.1686774E-01
0.6368087E-03 0.6368087E-03 0.9579980E-03 0.1158034E-02 0.1160821E-02 0.1160821E-02 0.1148193E-02 0.1129344E-02 0.1129344E-02 0.1127025E-02 0.1127025E-02 0.1126368E-02 0.1124493E-02 0.1121882E-02 0.2051417E-03 0.2051417E-03 -0.6261052E-01 -0.1230785 -0.1827127 -0.2401227 -0.2968092 -0.3535171 -0.4102546 -0.4665503 -0.5215487 -0.5741100 -0.6229320 -0.6662609 -0.6969386 -0.6878593 -0.6878593 -0.6043038 -0.4812994 -0.2375522 -0.1404068 -0.1404068 0.1808022E-02 0.1808022E-02 0.9532059E-01 0.9532059E-01 0.1284115 0.1655528 0.1655528 0.1553787 0.1553787 0.7779284E-01 0.7779284E-01 0.7779284E-01 0.3204773E-01 0.3204773E-01 0.1629806E-02 0.1629806E-02 -0.1549417E-01 -0.1549417E-01 -0.2165759E-01 -0.2165759E-01 -0.1963701E-01 -0.1963701E-01 -0.1963701E-01
0.1291365E-02 0.1291365E-02 0.1922552E-02 0.2309009E-02 0.2315172E-02 0.2315172E-02 0.2292188E-02 0.2257595E-02 0.2257595E-02 0.2253599E-02 0.2253599E-02 0.2252358E-02 0.2248853E-02 0.2243922E-02 0.1654806E-02 0.1654806E-02 -0.6555375E-01 -0.1312962 -0.1999005 -0.2658320 -0.3290412 -0.3903884 -0.4504125 -0.5091562 -0.5661595 -0.6205219 -0.6710150 -0.7152999 -0.7381667 -0.6899587 -0.6899587 -0.5597047 -0.4208058 -0.2009900 -0.1205899 -0.1205899 -0.5379512E-02 -0.5379512E-02 0.7261011E-01 0.7261011E-01 0.1014238 0.1386801 0.1386801 0.1418136 0.1418136 0.8117779E-01 0.8117779E-01 0.8117779E-01 0.3515580E-01 0.3515580E-01 0.2033307E-02 0.2033307E-02 -0.1668415E-01 -0.1668415E-01 -0.2298393E-01 -0.2298393E-01 -0.2032357E-01 -0.2032357E-01 -0.2032357E-01
0.1981056E-02 0.1981056E-02 0.2900527E-02 0.3445704E-02 0.3456725E-02 0.3456725E-02 0.3427664E-02 0.3383987E-02 0.3383987E-02 0.3379321E-02 0.3379321E-02 0.3377377E-02 0.3372488E-02 0.3365587E-02 0.2989262E-02 0.2989262E-02 -0.7770140E-01 -0.1496431 -0.2267269 -0.3013670 -0.3716269 -0.4379365 -0.5011755 -0.5619430 -0.6203067 -0.6757541 -0.7272182 -0.7706277 -0.7681711 -0.6485478 -0.6485478 -0.4884160 -0.3556406 -0.1700449 -0.1049833 -0.1049833 -0.1098333E-01 -0.1098333E-01 0.5227917E-01 0.5227917E-01 0.7619916E-01 0.1098513 0.1098513 0.1197756 0.1197756 0.7736595E-01 0.7736595E-01 0.7736595E-01 0.3604773E-01 0.3604773E-01 0.3504726E-02 0.3504726E-02 -0.1540231E-01 -0.1540231E-01 -0.2155166E-01 -0.2155166E-01 -0.1862826E-01 -0.1862826E-01 -0.1862826E-01
0.2723302E-02 0.2723302E-02 0.3897168E-02 0.4561671E-02 0.4579726E-02 0.4579726E-02 0.4551157E-02 0.4507530E-02 0.4507530E-02 0.4503743E-02 0.4503743E-02 0.4501035E-02 0.4495116E-02 0.4486815E-02 0.4250406E-02 0.4250406E-02 -0.1038973 -0.1848202 -0.2700673 -0.3525643 -0.4293489 -0.5002316 -0.5661595 -0.6281857 -0.6869442 -0.7424276 -0.7937548 -0.8307624 -0.7562411 -0.5727423 -0.5727423 -0.4132194 -0.2943036 -0.1409217 -0.8954493E-01 -0.8954493E-01 -0.1387931E-01 -0.1387931E-01 0.3498837E-01 0.3498837E-01 0.5353291E-01 0.8128480E-01 0.8128480E-01 0.9318154E-01 0.9318154E-01 0.6655192E-01 0.6655192E-01 0.6655192E-01 0.3353746E-01 0.3353746E-01 0.5191954E-02 0.5191954E-02 -0.1186072E-01 -0.1186072E-01 -0.1730296E-01 -0.1730296E-01 -0.1452076E-01 -0.1452076E-01 -0.1452076E-01
