cruce_test.gid/Rasters/Hydraulic/Velocity__y_254.0.asc
NCOLS        79
NROWS        79
XLLCENTER         -1.500000
YLLCENTER         -4.800000
CELLSIZE           0.100
NODATA_VALUE     -9999.0
[rows 0 to 26 of 79, columns 0 to 58 of 79]
-9999.000 -9999.000 -9999.000 -9999.000 -9999.000 -9999.000 -9999.000 -9999.000 -9999.000 -9999.000 -9999.000 -9999.000 -9999.000 -9999.000 -9999.000 -0.9158443E-01 -0.8866261E-01 -0.8753577E-01 -0.8725565E-01 -0.8774330E-01 -0.8848098E-01 -0.8925621E-01 -0.9001739E-01 -0.9066814E-01 -0.9124253E-01 -0.9175035E-01 -0.9222610E-01 -0.9284598E-01 -0.9420698E-01 -0.9558519E-01 -0.9558519E-01 -9999.000 -9999.000 -9999.000 -9999.000 -9999.000 -9999.000 -9999.000 -9999.000 -9999.000 -9999.000 -9999.000 -9999.000 -9999.000 -9999.000 -9999.000 -9999.000 -9999.000 -9999.000 -9999.000 -9999.000 -9999.000 -9999.000 -9999.000 -9999.000 -9999.000 -9999.000 -9999.000 -9999.000
-9999.000 -9999.000 -9999.000 -9999.000 -9999.000 -9999.000 -9999.000 -9999.000 -9999.000 -9999.000 -9999.000 -9999.000 -9999.000 -9999.000 -9999.000 -0.9181987E-01 -0.8570727E-01 -0.8330474E-01 -0.8273087E-01 -0.8382899E-01 -0.8550088E-01 -0.8728618E-01 -0.8906423E-01 -0.9062058E-01 -0.9201926E-01 -0.9327433E-01 -0.9445210E-01 -0.9591894E-01 -0.9892107E-01 -0.1022462 -0.1022462 -9999.000 -9999.000 -9999.000 -9999.000 -9999.000 -9999.000 -9999.000 -9999.000 -9999.000 -9999.000 -9999.000 -9999.000 -9999.000 -9999.000 -9999.000 -9999.000 -9999.000 -9999.000 -9999.000 -9999.000 -9999.000 -9999.000 -9999.000 -9999.000 -9999.000 -9999.000 -9999.000 -9999.000
-9999.000 -9999.000 -9999.000 -9999.000 -9999.000 -9999.000 -9999.000 -9999.000 -9999.000 -9999.000 -9999.000 -9999.000 -9999.000 -9999.000 -9999.000 -0.9099922E-01 -0.8142629E-01 -0.7757349E-01 -0.7672125E-01 -0.7863215E-01 -0.8153851E-01 -0.8468696E-01 -0.8786465E-01 -0.9070802E-01 -0.9330569E-01 -0.9566472E-01 -0.9787901E-01 -0.1005240 -0.1055827 -0.1116117 -0.1116117 -9999.000 -9999.000 -9999.000 -9999.000 -9999.000 -9999.000 -9999.000 -9999.000 -9999.000 -9999.000 -9999.000 -9999.000 -9999.000 -9999.000 -9999.000 -9999.000 -9999.000 -9999.000 -9999.000 -9999.000 -9999.000 -9999.000 -9999.000 -9999.000 -9999.000 -9999.000 -9999.000 -9999.000
-9999.000 -9999.000 -9999.000 -9999.000 -9999.000 -9999.000 -9999.000 -9999.000 -9999.000 -9999.000 -9999.000 -9999.000 -9999.000 -9999.000 -9999.000 -0.8963504E-01 -0.7663289E-01 -0.7133660E-01 -0.7025090E-01 -0.7305512E-01 -0.7729153E-01 -0.8190766E-01 -0.8659810E-01 -0.9084038E-01 -0.9474929E-01 -0.9831937E-01 -0.1016682 -0.1055859 -0.1128292 -0.1220537 -0.1220537 -9999.000 -9999.000 -9999.000 -9999.000 -9999.000 -9999.000 -9999.000 -9999.000 -9999.000 -9999.000 -9999.000 -9999.000 -9999.000 -9999.000 -9999.000 -9999.000 -9999.000 -9999.000 -9999.000 -9999.000 -9999.000 -9999.000 -9999.000 -9999.000 -9999.000 -9999.000 -9999.000 -9999.000
-9999.000 -9999.000 -9999.000 -9999.000 -9999.000 -9999.000 -9999.000 -9999.000 -9999.000 -9999.000 -9999.000 -9999.000 -9999.000 -9999.000 -9999.000 -0.8795229E-01 -0.7150765E-01 -0.6475835E-01 -0.6346197E-01 -0.6721466E-01 -0.7284365E-01 -0.7899398E-01 -0.8526801E-01 -0.9097523E-01 -0.9626291E-01 -0.1011084 -0.1056531 -0.1109141 -0.1204700 -0.1334212 -0.1334212 -9999.000 -9999.000 -9999.000 -9999.000 -9999.000 -9999.000 -9999.000 -9999.000 -9999.000 -9999.000 -9999.000 -9999.000 -9999.000 -9999.000 -9999.000 -9999.000 -9999.000 -9999.000 -9999.000 -9999.000 -9999.000 -9999.000 -9999.000 -9999.000 -9999.000 -9999.000 -9999.000 -9999.000
-9999.000 -9999.000 -9999.000 -9999.000 -9999.000 -9999.000 -9999.000 -9999.000 -9999.000 -9999.000 -9999.000 -9999.000 -9999.000 -9999.000 -9999.000 -0.8602080E-01 -0.6611396E-01 -0.5790013E-01 -0.5641075E-01 -0.6115813E-01 -0.6822884E-01 -0.7596225E-01 -0.8387220E-01 -0.9108973E-01 -0.9780399E-01 -0.1039712 -0.1097580 -0.1164243 -0.1284311 -0.1457292 -0.1457292 -9999.000 -9999.000 -9999.000 -9999.000 -9999.000 -9999.000 -9999.000 -9999.000 -9999.000 -9999.000 -9999.000 -9999.000 -9999.000 -9999.000 -9999.000 -9999.000 -9999.000 -9999.000 -9999.000 -9999.000 -9999.000 -9999.000 -9999.000 -9999.000 -9999.000 -9999.000 -9999.000 -9999.000
-9999.000 -9999.000 -9999.000 -9999.000 -9999.000 -9999.000 -9999.000 -9999.000 -9999.000 -9999.000 -9999.000 -9999.000 -9999.000 -9999.000 -9999.000 -0.8384263E-01 -0.6046157E-01 -0.5077625E-01 -0.4911258E-01 -0.5490075E-01 -0.6345734E-01 -0.7281597E-01 -0.8240595E-01 -0.9116846E-01 -0.9934811E-01 -0.1068749 -0.1139430 -0.1220759 -0.1366906 -0.1590888 -0.1590888 -9999.000 -9999.000 -9999.000 -9999.000 -9999.000 -9999.000 -9999.000 -9999.000 -9999.000 -9999.000 -9999.000 -9999.000 -9999.000 -9999.000 -9999.000 -9999.000 -9999.000 -9999.000 -9999.000 -9999.000 -9999.000 -9999.000 -9999.000 -9999.000 -9999.000 -9999.000 -9999.000 -9999.000
-9999.000 -9999.000 -9999.000 -9999.000 -9999.000 -9999.000 -9999.000 -9999.000 -9999.000 -9999.000 -9999.000 -9999.000 -9999.000 -9999.000 -9999.000 -0.8138555E-01 -0.5453491E-01 -0.4337727E-01 -0.4156282E-01 -0.4844200E-01 -0.5852808E-01 -0.6955037E-01 -0.8086129E-01 -0.9119736E-01 -0.1008763 -0.1097961 -0.1181816 -0.1278449 -0.1452497 -0.1736819 -0.1736819 -9999.000 -9999.000 -9999.000 -9999.000 -9999.000 -9999.000 -9999.000 -9999.000 -9999.000 -9999.000 -9999.000 -9999.000 -9999.000 -9999.000 -9999.000 -9999.000 -9999.000 -9999.000 -9999.000 -9999.000 -9999.000 -9999.000 -9999.000 -9999.000 -9999.000 -9999.000 -9999.000 -9999.000
-9999.000 -9999.000 -9999.000 -9999.000 -9999.000 -9999.000 -9999.000 -9999.000 -9999.000 -9999.000 -9999.000 -9999.000 -9999.000 -9999.000 -9999.000 -0.7859910E-01 -0.4830403E-01 -0.3568167E-01 -0.3374619E-01 -0.4177226E-01 -0.5343255E-01 -0.6615581E-01 -0.7922644E-01 -0.9115973E-01 -0.1023692 -0.1127121 -0.1224493 -0.1337117 -0.1541180 -0.1897593 -0.1897593 -9999.000 -9999.000 -9999.000 -9999.000 -9999.000 -9999.000 -9999.000 -9999.000 -9999.000 -9999.000 -9999.000 -9999.000 -9999.000 -9999.000 -9999.000 -9999.000 -9999.000 -9999.000 -9999.000 -9999.000 -9999.000 -9999.000 -9999.000 -9999.000 -9999.000 -9999.000 -9999.000 -9999.000
-9999.000 -9999.000 -9999.000 -9999.000 -9999.000 -9999.000 -9999.000 -9999.000 -9999.000 -9999.000 -9999.000 -9999.000 -9999.000 -9999.000 -9999.000 -0.7541816E-01 -0.4172869E-01 -0.2765846E-01 -0.2563939E-01 -0.3487563E-01 -0.4815651E-01 -0.6261700E-01 -0.7748518E-01 -0.9103444E-01 -0.1038028 -0.1155963 -0.1267168 -0.1396525 -0.1633074 -0.2076566 -0.2076566 -9999.000 -9999.000 -9999.000 -9999.000 -9999.000 -9999.000 -9999.000 -9999.000 -9999.000 -9999.000 -9999.000 -9999.000 -9999.000 -9999.000 -9999.000 -9999.000 -9999.000 -9999.000 -9999.000 -9999.000 -9999.000 -9999.000 -9999.000 -9999.000 -9999.000 -9999.000 -9999.000 -9999.000
-9999.000 -9999.000 -9999.000 -9999.000 -9999.000 -9999.000 -9999.000 -9999.000 -9999.000 -9999.000 -9999.000 -9999.000 -9999.000 -9999.000 -9999.000 -0.7176321E-01 -0.3475775E-01 -0.1926702E-01 -0.1721062E-01 -0.2772914E-01 -0.4267925E-01 -0.5891252E-01 -0.7561491E-01 -0.9079315E-01 -0.1051456 -0.1184124 -0.1309447 -0.1456333 -0.1728266 -0.2278238 -0.2278238 -9999.000 -9999.000 -9999.000 -9999.000 -9999.000 -9999.000 -9999.000 -9999.000 -9999.000 -9999.000 -9999.000 -9999.000 -9999.000 -9999.000 -9999.000 -9999.000 -9999.000 -9999.000 -9999.000 -9999.000 -9999.000 -9999.000 -9999.000 -9999.000 -9999.000 -9999.000 -9999.000 -9999.000
-9999.000 -9999.000 -9999.000 -9999.000 -9999.000 -9999.000 -9999.000 -9999.000 -9999.000 -9999.000 -9999.000 -9999.000 -9999.000 -9999.000 -9999.000 -0.6753797E-01 -0.2732767E-01 -0.1045555E-01 -0.8417976E-02 -0.2030155E-01 -0.3697214E-01 -0.5501232E-01 -0.7358387E-01 -0.9039624E-01 -0.1063539 -0.1211105 -0.1350774 -0.1516046 -0.1826757 -0.2508749 -0.2508749 -9999.000 -9999.000 -9999.000 -9999.000 -9999.000 -9999.000 -9999.000 -9999.000 -9999.000 -9999.000 -9999.000 -9999.000 -9999.000 -9999.000 -9999.000 -9999.000 -9999.000 -9999.000 -9999.000 -9999.000 -9999.000 -9999.000 -9999.000 -9999.000 -9999.000 -9999.000 -9999.000 -9999.000
-9999.000 -9999.000 -9999.000 -9999.000 -9999.000 -9999.000 -9999.000 -9999.000 -9999.000 -9999.000 -9999.000 -9999.000 -9999.000 -9999.000 -9999.000 -0.6261253E-01 -0.1934765E-01 -0.1149218E-02 0.7956363E-03 -0.1255195E-01 -0.3099768E-01 -0.5087734E-01 -0.7135032E-01 -0.8979133E-01 -0.1073682 -0.1236213 -0.1390361 -0.1574913 -0.1928385 -0.2776692 -0.2776692 -9999.000 -9999.000 -9999.000 -9999.000 -9999.000 -9999.000 -9999.000 -9999.000 -9999.000 -9999.000 -9999.000 -9999.000 -9999.000 -9999.000 -9999.000 -9999.000 -9999.000 -9999.000 -9999.000 -9999.000 -9999.000 -9999.000 -9999.000 -9999.000 -9999.000 -9999.000 -9999.000 -9999.000
-9999.000 -9999.000 -9999.000 -9999.000 -9999.000 -9999.000 -9999.000 -9999.000 -9999.000 -9999.000 -9999.000 -9999.000 -9999.000 -9999.000 -9999.000 -0.5609597E-01 -0.1015837E-01 0.9041895E-02 0.1047195E-01 -0.4594347E-02 -0.2488370E-01 -0.4662922E-01 -0.6901858E-01 -0.8905047E-01 -0.1082314 -0.1259547 -0.1427995 -0.1632605 -0.2033431 -0.3095398 -0.3095398 -9999.000 -9999.000 -9999.000 -9999.000 -9999.000 -9999.000 -9999.000 -9999.000 -9999.000 -9999.000 -9999.000 -9999.000 -9999.000 -9999.000 -9999.000 -9999.000 -9999.000 -9999.000 -9999.000 -9999.000 -9999.000 -9999.000 -9999.000 -9999.000 -9999.000 -9999.000 -9999.000 -9999.000
-9999.000 -9999.000 -9999.000 -9999.000 -9999.000 -9999.000 -9999.000 -9999.000 -9999.000 -9999.000 -9999.000 -9999.000 -9999.000 -9999.000 -9999.000 -0.4824158E-02 0.1581489E-01 0.2026842E-01 0.1130516E-01 -0.7619638E-02 -0.2812906E-01 -0.5004419E-01 -0.7274706E-01 -0.9290475E-01 -0.1124789 -0.1306511 -0.1480957 -0.1699619 -0.2145722 -0.3462895 -0.3462895 -9999.000 -9999.000 -9999.000 -9999.000 -9999.000 -9999.000 -9999.000 -9999.000 -9999.000 -9999.000 -9999.000 -9999.000 -9999.000 -9999.000 -9999.000 -9999.000 -9999.000 -9999.000 -9999.000 -9999.000 -9999.000 -9999.000 -9999.000 -9999.000 -9999.000 -9999.000 -9999.000 -9999.000
-0.4312233E-02 -0.4312233E-02 -0.5496566E-02 -0.7051990E-02 -0.6644727E-02 -0.6644727E-02 -0.6507243E-02 -0.6440760E-02 -0.6440760E-02 -0.6419734E-02 -0.6419734E-02 -0.6398902E-02 -0.6386889E-02 -0.6373747E-02 -0.6363599E-02 -0.6363599E-02 0.3285618E-01 0.2805199E-01 0.1288262E-01 -0.9649267E-02 -0.3635032E-01 -0.6617332E-01 -0.9798332E-01 -0.1297956 -0.1608273 -0.1901177 -0.2171706 -0.2434410 -0.2765853 -0.3523966 -0.3523966 -0.1971522 -0.1069026 -0.3779968E-01 -0.2849431E-01 -0.2849431E-01 -0.2164749E-01 -0.2164749E-01 -0.9476950E-02 -0.9476950E-02 0.1615342E-02 0.2688164E-01 0.2688164E-01 0.1981575E-01 0.1981575E-01 -0.3795200E-02 -0.3795200E-02 -0.3795200E-02 -0.3794755E-03 -0.3794755E-03 0.4170249E-03 0.4170249E-03 -0.3396565E-03 -0.3396565E-03 -0.1559657E-02 -0.1559657E-02 -0.2775567E-02 -0.2775567E-02 -0.2775567E-02
-0.6643301E-02 -0.6643301E-02 -0.7864411E-02 -0.1018374E-01 -0.9413831E-02 -0.9413831E-02 -0.9130318E-02 -0.9029008E-02 -0.9029008E-02 -0.9032132E-02 -0.9032132E-02 -0.9034088E-02 -0.9032683E-02 -0.9028647E-02 -0.9043893E-02 -0.9043893E-02 0.2725501E-01 0.2334052E-01 0.7876538E-02 -0.1759618E-01 -0.5196531E-01 -0.9286398E-01 -0.1382403 -0.1865720 -0.2356231 -0.2837037 -0.3291471 -0.3701294 -0.4044666 -0.4287132 -0.4287132 -0.2922072 -0.1953924 -0.1028107 -0.8441360E-01 -0.8441360E-01 -0.6075661E-01 -0.6075661E-01 -0.1909081E-01 -0.1909081E-01 0.1414987E-01 0.8477968E-01 0.8477968E-01 0.8880906E-01 0.8880906E-01 0.1770774E-01 0.1770774E-01 0.1770774E-01 0.7234752E-02 0.7234752E-02 0.1634387E-02 0.1634387E-02 -0.2815683E-02 -0.2815683E-02 -0.6571506E-02 -0.6571506E-02 -0.9452358E-02 -0.9452358E-02 -0.9452358E-02
-0.5510339E-02 -0.5510339E-02 -0.6195187E-02 -0.8616365E-02 -0.8025839E-02 -0.8025839E-02 -0.7701711E-02 -0.7583559E-02 -0.7583559E-02 -0.7624790E-02 -0.7624790E-02 -0.7666657E-02 -0.7683576E-02 -0.7696540E-02 -0.7759548E-02 -0.7759548E-02 0.1777305E-01 0.1412666E-01 -0.1127422E-02 -0.2677810E-01 -0.6186405E-01 -0.1046596 -0.1534572 -0.2069330 -0.2633328 -0.3210562 -0.3784433 -0.4334705 -0.4832040 -0.5208887 -0.5208887 -0.4322898 -0.3485110 -0.2331423 -0.1960110 -0.1960110 -0.1295332 -0.1295332 -0.2935764E-01 -0.2935764E-01 0.3752637E-01 0.1634519 0.1634519 0.1972544 0.1972544 0.7486338E-01 0.7486338E-01 0.7486338E-01 0.2880452E-01 0.2880452E-01 0.5078603E-02 0.5078603E-02 -0.8398805E-02 -0.8398805E-02 -0.1687541E-01 -0.1687541E-01 -0.2196756E-01 -0.2196756E-01 -0.2196756E-01
-0.4387684E-02 -0.4387684E-02 -0.4629569E-02 -0.6973244E-02 -0.6492861E-02 -0.6492861E-02 -0.6166263E-02 -0.6037015E-02 -0.6037015E-02 -0.6091831E-02 -0.6091831E-02 -0.6140827E-02 -0.6157388E-02 -0.6168733E-02 -0.6267190E-02 -0.6267190E-02 0.8293716E-02 0.2681903E-02 -0.1371871E-01 -0.4012321E-01 -0.7566537E-01 -0.1190422 -0.1688480 -0.2239115 -0.2828878 -0.3444749 -0.4073301 -0.4697669 -0.5291085 -0.5788295 -0.5788295 -0.5382372 -0.4790299 -0.3671342 -0.3166359 -0.3166359 -0.1979278 -0.1979278 -0.2421457E-01 -0.2421457E-01 0.7292861E-01 0.2286937 0.2286937 0.2775546 0.2775546 0.1385632 0.1385632 0.1385632 0.5820763E-01 0.5820763E-01 0.1164612E-01 0.1164612E-01 -0.1435827E-01 -0.1435827E-01 -0.2912107E-01 -0.2912107E-01 -0.3674684E-01 -0.3674684E-01 -0.3674684E-01
-0.3278490E-02 -0.3278490E-02 -0.3224847E-02 -0.5294367E-02 -0.4905641E-02 -0.4905641E-02 -0.4620751E-02 -0.4512540E-02 -0.4512540E-02 -0.4573048E-02 -0.4573048E-02 -0.4615183E-02 -0.4625152E-02 -0.4629912E-02 -0.4770140E-02 -0.4770140E-02 -0.1138702E-02 -0.1068874E-01 -0.2991175E-01 -0.5829529E-01 -0.9510081E-01 -0.1393330 -0.1898734 -0.2457081 -0.3057549 -0.3689365 -0.4341584 -0.5000886 -0.5645701 -0.6221912 -0.6221912 -0.6175901 -0.5840902 -0.4860464 -0.4226847 -0.4226847 -0.2387718 -0.2387718 0.3879049E-02 0.3879049E-02 0.1151136 0.2686073 0.2686073 0.3186465 0.3186465 0.1924244 0.1924244 0.1924244 0.9071950E-01 0.9071950E-01 0.2258063E-01 0.2258063E-01 -0.1768479E-01 -0.1768479E-01 -0.4016640E-01 -0.4016640E-01 -0.5095971E-01 -0.5095971E-01 -0.5095971E-01
-0.2178447E-02 -0.2178447E-02 -0.1997972E-02 -0.3567269E-02 -0.3284250E-02 -0.3284250E-02 -0.3077829E-02 -0.3008073E-02 -0.3008073E-02 -0.3057918E-02 -0.3057918E-02 -0.3081802E-02 -0.3084136E-02 -0.3083743E-02 -0.3282250E-02 -0.3282250E-02 -0.1100771E-01 -0.2621725E-01 -0.5000984E-01 -0.8184651E-01 -0.1210423 -0.1668179 -0.2183321 -0.2747900 -0.3353647 -0.3992023 -0.4654146 -0.5329363 -0.6000653 -0.6625280 -0.6625280 -0.6825767 -0.6706784 -0.5806156 -0.4948594 -0.4948594 -0.2317164 -0.2317164 0.4542504E-01 0.4542504E-01 0.1495278 0.2795666 0.2795666 0.3254990 0.3254990 0.2283130 0.2283130 0.2283130 0.1215109 0.1215109 0.3742301E-01 0.3742301E-01 -0.1699194E-01 -0.1699194E-01 -0.4825605E-01 -0.4825605E-01 -0.6297161E-01 -0.6297161E-01 -0.6297161E-01
-0.1086168E-02 -0.1086168E-02 -0.9404167E-03 -0.1796074E-02 -0.1646418E-02 -0.1646418E-02 -0.1540668E-02 -0.1508790E-02 -0.1508790E-02 -0.1533941E-02 -0.1533941E-02 -0.1540742E-02 -0.1539717E-02 -0.1538282E-02 -0.1818721E-02 -0.1818721E-02 -0.2206608E-01 -0.4459107E-01 -0.7472917E-01 -0.1116269 -0.1545272 -0.2027698 -0.2557504 -0.3129279 -0.3737605 -0.4376683 -0.5040072 -0.5719703 -0.6402326 -0.7053964 -0.7053964 -0.7412869 -0.7442879 -0.6380039 -0.5107021 -0.5107021 -0.1785077 -0.1785077 0.8026320E-01 0.8026320E-01 0.1638024 0.2659219 0.2659219 0.3081670 0.3081670 0.2439486 0.2439486 0.2439486 0.1457474 0.1457474 0.5410969E-01 0.5410969E-01 -0.1213950E-01 -0.1213950E-01 -0.5238866E-01 -0.5238866E-01 -0.7161324E-01 -0.7161324E-01 -0.7161324E-01
0.2702243E-06 0.2702243E-06 -0.1988224E-05 0.8818441E-06 0.5937933E-06 0.5937933E-06 0.3008100E-06 0.6770473E-07 0.6770473E-07 -0.1695134E-06 -0.1695134E-06 0.1067011E-06 0.6738129E-07 0.5068684E-07 -0.3913490E-03 -0.3913490E-03 -0.3538681E-01 -0.6702701E-01 -0.1053621 -0.1490005 -0.1970008 -0.2487479 -0.3038300 -0.3619668 -0.4229206 -0.4864291 -0.5521513 -0.6195799 -0.6877266 -0.7536615 -0.7536615 -0.7977663 -0.8049571 -0.6340671 -0.4523028 -0.4523028 -0.1078438 -0.1078438 0.9417557E-01 0.9417557E-01 0.1560765 0.2362182 0.2362182 0.2763477 0.2763477 0.2411581 0.2411581 0.2411581 0.1597094 0.1597094 0.6951497E-01 0.6951497E-01 -0.4093557E-02 -0.4093557E-02 -0.5218350E-01 -0.5218350E-01 -0.7598584E-01 -0.7598584E-01 -0.7598584E-01
0.1086691E-02 0.1086691E-02 0.9365395E-03 0.1797870E-02 0.1647740E-02 0.1647740E-02 0.1541310E-02 0.1508868E-02 0.1508868E-02 0.1533517E-02 0.1533517E-02 0.1540826E-02 0.1539832E-02 0.1538232E-02 0.9961876E-03 0.9961876E-03 -0.5254402E-01 -0.9546921E-01 -0.1440071 -0.1960980 -0.2505687 -0.3068300 -0.3646528 -0.4240210 -0.4850116 -0.5477021 -0.6120960 -0.6780228 -0.7447555 -0.8089654 -0.8089654 -0.8517238 -0.8415802 -0.5443730 -0.3341523 -0.3341523 -0.5320831E-01 -0.5320831E-01 0.8722711E-01 0.8722711E-01 0.1331793 0.1987271 0.1987271 0.2371487 0.2371487 0.2237892 0.2237892 0.2237892 0.1616805 0.1616805 0.8039385E-01 0.8039385E-01 0.5357800E-02 0.5357800E-02 -0.4787096E-01 -0.4787096E-01 -0.7549145E-01 -0.7549145E-01 -0.7549145E-01
0.2178786E-02 0.2178786E-02 0.1994217E-02 0.3568843E-02 0.3285469E-02 0.3285469E-02 0.3078534E-02 0.3008191E-02 0.3008191E-02 0.3057694E-02 0.3057694E-02 0.3081863E-02 0.3084363E-02 0.3083763E-02 0.2336756E-02 0.2336756E-02 -0.7599752E-01 -0.1329871 -0.1939514 -0.2561751 -0.3183254 -0.3799107 -0.4409348 -0.5016775 -0.5625461 -0.6239675 -0.6863047 -0.7497237 -0.8134437 -0.8711283 -0.8711283 -0.8931539 -0.8195662 -0.3853329 -0.2093308 -0.2093308 -0.2713818E-01 -0.2713818E-01 0.6836474E-01 0.6836474E-01 0.1039616 0.1591925 0.1591925 0.1949802 0.1949802 0.1960035 0.1960035 0.1960035 0.1519903 0.1519903 0.8431853E-01 0.8431853E-01 0.1402250E-01 0.1402250E-01 -0.4026063E-01 -0.4026063E-01 -0.6991784E-01 -0.6991784E-01 -0.6991784E-01
0.3278589E-02 0.3278589E-02 0.3221553E-02 0.5295627E-02 0.4906543E-02 0.4906543E-02 0.4621358E-02 0.4512736E-02 0.4512736E-02 0.4573069E-02 0.4573069E-02 0.4615217E-02 0.4625253E-02 0.4630053E-02 0.3606142E-02 0.3606142E-02 -0.1098576 -0.1845426 -0.2603574 -0.3342039 -0.4048593 -0.4721342 -0.5363986 -0.5983059 -0.6586280 -0.7181505 -0.7775920 -0.8373595 -0.8953695 -0.9329557 -0.9329557 -0.8840930 -0.6816018 -0.2268629 -0.1238274 -0.1238274 -0.2110770E-01 -0.2110770E-01 0.4639294E-01 0.4639294E-01 0.7459794E-01 0.1207031 0.1207031 0.1523230 0.1523230 0.1614354 0.1614354 0.1614354 0.1324457 0.1324457 0.8028071E-01 0.8028071E-01 0.1994289E-01 0.1994289E-01 -0.3052844E-01 -0.3052844E-01 -0.5948992E-01 -0.5948992E-01 -0.5948992E-01
0.4387684E-02 0.4387684E-02 0.4626828E-02 0.6974037E-02 0.6493605E-02 0.6493605E-02 0.6166724E-02 0.6037083E-02 0.6037083E-02 0.6091778E-02 0.6091778E-02 0.6140857E-02 0.6157396E-02 0.6168835E-02 0.4765627E-02 0.4765627E-02 -0.1614835 -0.2585047 -0.3515520 -0.4379349 -0.5171251 -0.5896200 -0.6563871 -0.7185815 -0.7773979 -0.8339899 -0.8894160 -0.9439018 -0.9886311 -0.9582517 -0.9582517 -0.7405562 -0.4270876 -0.1256185 -0.8159109E-01 -0.8159109E-01 -0.2203987E-01 -0.2203987E-01 0.2639704E-01 0.2639704E-01 0.4814703E-01 0.8469488E-01 0.8469488E-01 0.1106322 0.1106322 0.1230210 0.1230210 0.1230210 0.1055995 0.1055995 0.6876386E-01 0.6876386E-01 0.2199446E-01 0.2199446E-01 -0.1989486E-01 -0.1989486E-01 -0.4489480E-01 -0.4489480E-01 -0.4489480E-01
