cruce_test.gid/Rasters/Hydraulic/Velocity____94.0.asc
NCOLS        79
NROWS        79
XLLCENTER         -1.500000
YLLCENTER         -4.800000
CELLSIZE           0.100
NODATA_VALUE     -9999.0
[rows 0 to 26 of 79, columns 0 to 59 of 79]
-9999.000 -9999.000 -9999.000 -9999.000 -9999.000 -9999.000 -9999.000 -9999.000 -9999.000 -9999.000 -9999.000 -9999.000 -9999.000 -9999.000 -9999.000 0.1936046 0.1924846 0.1926197 0.1928610 0.1931188 0.1933768 0.1936367 0.1939133 0.1942345 0.1946432 0.1952016 0.1960051 0.1972075 0.1989572 0.1970361 0.1970361 -9999.000 -9999.000 -9999.000 -9999.000 -9999.000 -9999.000 -9999.000 -9999.000 -9999.000 -9999.000 -9999.000 -9999.000 -9999.000 -9999.000 -9999.000 -9999.000 -9999.000 -9999.000 -9999.000 -9999.000 -9999.000 -9999.000 -9999.000 -9999.000 -9999.000 -9999.000 -9999.000 -9999.000 -9999.000
-9999.000 -9999.000 -9999.000 -9999.000 -9999.000 -9999.000 -9999.000 -9999.000 -9999.000 -9999.000 -9999.000 -9999.000 -9999.000 -9999.000 -9999.000 0.1912201 0.1887848 0.1890595 0.1895763 0.1901409 0.1907117 0.1912868 0.1918931 0.1925859 0.1934551 0.1946356 0.1963353 0.1988875 0.2025861 0.1991198 0.1991198 -9999.000 -9999.000 -9999.000 -9999.000 -9999.000 -9999.000 -9999.000 -9999.000 -9999.000 -9999.000 -9999.000 -9999.000 -9999.000 -9999.000 -9999.000 -9999.000 -9999.000 -9999.000 -9999.000 -9999.000 -9999.000 -9999.000 -9999.000 -9999.000 -9999.000 -9999.000 -9999.000 -9999.000 -9999.000
-9999.000 -9999.000 -9999.000 -9999.000 -9999.000 -9999.000 -9999.000 -9999.000 -9999.000 -9999.000 -9999.000 -9999.000 -9999.000 -9999.000 -9999.000 0.1874470 0.1835544 0.1840165 0.1849284 0.1859615 0.1870392 0.1881522 0.1893429 0.1907051 0.1923908 0.1946263 0.1977504 0.2022832 0.2086265 0.2040139 0.2040139 -9999.000 -9999.000 -9999.000 -9999.000 -9999.000 -9999.000 -9999.000 -9999.000 -9999.000 -9999.000 -9999.000 -9999.000 -9999.000 -9999.000 -9999.000 -9999.000 -9999.000 -9999.000 -9999.000 -9999.000 -9999.000 -9999.000 -9999.000 -9999.000 -9999.000 -9999.000 -9999.000 -9999.000 -9999.000
-9999.000 -9999.000 -9999.000 -9999.000 -9999.000 -9999.000 -9999.000 -9999.000 -9999.000 -9999.000 -9999.000 -9999.000 -9999.000 -9999.000 -9999.000 0.1827169 0.1774189 0.1781292 0.1795284 0.1811463 0.1828671 0.1846728 0.1866211 0.1888451 0.1915619 0.1950940 0.1999196 0.2067610 0.2161550 0.2110250 0.2110250 -9999.000 -9999.000 -9999.000 -9999.000 -9999.000 -9999.000 -9999.000 -9999.000 -9999.000 -9999.000 -9999.000 -9999.000 -9999.000 -9999.000 -9999.000 -9999.000 -9999.000 -9999.000 -9999.000 -9999.000 -9999.000 -9999.000 -9999.000 -9999.000 -9999.000 -9999.000 -9999.000 -9999.000 -9999.000
-9999.000 -9999.000 -9999.000 -9999.000 -9999.000 -9999.000 -9999.000 -9999.000 -9999.000 -9999.000 -9999.000 -9999.000 -9999.000 -9999.000 -9999.000 0.1771269 0.1705004 0.1715172 0.1734871 0.1757908 0.1782696 0.1808955 0.1837416 0.1869828 0.1909070 0.1959418 0.2027200 0.2121945 0.2250793 0.2201245 0.2201245 -9999.000 -9999.000 -9999.000 -9999.000 -9999.000 -9999.000 -9999.000 -9999.000 -9999.000 -9999.000 -9999.000 -9999.000 -9999.000 -9999.000 -9999.000 -9999.000 -9999.000 -9999.000 -9999.000 -9999.000 -9999.000 -9999.000 -9999.000 -9999.000 -9999.000 -9999.000 -9999.000 -9999.000 -9999.000
-9999.000 -9999.000 -9999.000 -9999.000 -9999.000 -9999.000 -9999.000 -9999.000 -9999.000 -9999.000 -9999.000 -9999.000 -9999.000 -9999.000 -9999.000 0.1707205 0.1628773 0.1642607 0.1668787 0.1699588 0.1732958 0.1768505 0.1807128 0.1851040 0.1903896 0.1971151 0.2060903 0.2185369 0.2354135 0.2314443 0.2314443 -9999.000 -9999.000 -9999.000 -9999.000 -9999.000 -9999.000 -9999.000 -9999.000 -9999.000 -9999.000 -9999.000 -9999.000 -9999.000 -9999.000 -9999.000 -9999.000 -9999.000 -9999.000 -9999.000 -9999.000 -9999.000 -9999.000 -9999.000 -9999.000 -9999.000 -9999.000 -9999.000 -9999.000 -9999.000
-9999.000 -9999.000 -9999.000 -9999.000 -9999.000 -9999.000 -9999.000 -9999.000 -9999.000 -9999.000 -9999.000 -9999.000 -9999.000 -9999.000 -9999.000 0.1634913 0.1545900 0.1564071 0.1597506 0.1636936 0.1679815 0.1725630 0.1775470 0.1832066 0.1899945 0.1985910 0.2100110 0.2257981 0.2472541 0.2452652 0.2452652 -9999.000 -9999.000 -9999.000 -9999.000 -9999.000 -9999.000 -9999.000 -9999.000 -9999.000 -9999.000 -9999.000 -9999.000 -9999.000 -9999.000 -9999.000 -9999.000 -9999.000 -9999.000 -9999.000 -9999.000 -9999.000 -9999.000 -9999.000 -9999.000 -9999.000 -9999.000 -9999.000 -9999.000 -9999.000
-9999.000 -9999.000 -9999.000 -9999.000 -9999.000 -9999.000 -9999.000 -9999.000 -9999.000 -9999.000 -9999.000 -9999.000 -9999.000 -9999.000 -9999.000 0.1553885 0.1456471 0.1479797 0.1521321 0.1570274 0.1623581 0.1680602 0.1742651 0.1813035 0.1897276 0.2003723 0.2144962 0.2340342 0.2607742 0.2620381 0.2620381 -9999.000 -9999.000 -9999.000 -9999.000 -9999.000 -9999.000 -9999.000 -9999.000 -9999.000 -9999.000 -9999.000 -9999.000 -9999.000 -9999.000 -9999.000 -9999.000 -9999.000 -9999.000 -9999.000 -9999.000 -9999.000 -9999.000 -9999.000 -9999.000 -9999.000 -9999.000 -9999.000 -9999.000 -9999.000
-9999.000 -9999.000 -9999.000 -9999.000 -9999.000 -9999.000 -9999.000 -9999.000 -9999.000 -9999.000 -9999.000 -9999.000 -9999.000 -9999.000 -9999.000 0.1463225 0.1360321 0.1389837 0.1440433 0.1499903 0.1564620 0.1633810 0.1709046 0.1794293 0.1896199 0.2024911 0.2195926 0.2433454 0.2762276 0.2824394 0.2824394 -9999.000 -9999.000 -9999.000 -9999.000 -9999.000 -9999.000 -9999.000 -9999.000 -9999.000 -9999.000 -9999.000 -9999.000 -9999.000 -9999.000 -9999.000 -9999.000 -9999.000 -9999.000 -9999.000 -9999.000 -9999.000 -9999.000 -9999.000 -9999.000 -9999.000 -9999.000 -9999.000 -9999.000 -9999.000
-9999.000 -9999.000 -9999.000 -9999.000 -9999.000 -9999.000 -9999.000 -9999.000 -9999.000 -9999.000 -9999.000 -9999.000 -9999.000 -9999.000 -9999.000 0.1361681 0.1257072 0.1294160 0.1355060 0.1426244 0.1503492 0.1585904 0.1675357 0.1776557 0.1897422 0.2050194 0.2253877 0.2538815 0.2939649 0.3074754 0.3074754 -9999.000 -9999.000 -9999.000 -9999.000 -9999.000 -9999.000 -9999.000 -9999.000 -9999.000 -9999.000 -9999.000 -9999.000 -9999.000 -9999.000 -9999.000 -9999.000 -9999.000 -9999.000 -9999.000 -9999.000 -9999.000 -9999.000 -9999.000 -9999.000 -9999.000 -9999.000 -9999.000 -9999.000 -9999.000
-9999.000 -9999.000 -9999.000 -9999.000 -9999.000 -9999.000 -9999.000 -9999.000 -9999.000 -9999.000 -9999.000 -9999.000 -9999.000 -9999.000 -9999.000 0.1247646 0.1146185 0.1192758 0.1265619 0.1350050 0.1441210 0.1538091 0.1642930 0.1761250 0.1902389 0.2080999 0.2320348 0.2658618 0.3144612 0.3386779 0.3386779 -9999.000 -9999.000 -9999.000 -9999.000 -9999.000 -9999.000 -9999.000 -9999.000 -9999.000 -9999.000 -9999.000 -9999.000 -9999.000 -9999.000 -9999.000 -9999.000 -9999.000 -9999.000 -9999.000 -9999.000 -9999.000 -9999.000 -9999.000 -9999.000 -9999.000 -9999.000 -9999.000 -9999.000 -9999.000
-9999.000 -9999.000 -9999.000 -9999.000 -9999.000 -9999.000 -9999.000 -9999.000 -9999.000 -9999.000 -9999.000 -9999.000 -9999.000 -9999.000 -9999.000 0.1119128 0.1027039 0.1085870 0.1173062 0.1272842 0.1379745 0.1492706 0.1614384 0.1751188 0.1913991 0.2120169 0.2398138 0.2796201 0.3383671 0.3784787 0.3784787 -9999.000 -9999.000 -9999.000 -9999.000 -9999.000 -9999.000 -9999.000 -9999.000 -9999.000 -9999.000 -9999.000 -9999.000 -9999.000 -9999.000 -9999.000 -9999.000 -9999.000 -9999.000 -9999.000 -9999.000 -9999.000 -9999.000 -9999.000 -9999.000 -9999.000 -9999.000 -9999.000 -9999.000 -9999.000
-9999.000 -9999.000 -9999.000 -9999.000 -9999.000 -9999.000 -9999.000 -9999.000 -9999.000 -9999.000 -9999.000 -9999.000 -9999.000 -9999.000 -9999.000 0.9736720E-01 0.8991438E-01 0.9745254E-01 0.1079636 0.1197822 0.1323074 0.1454403 0.1594975 0.1752110 0.1938228 0.2173644 0.2492846 0.2957227 0.3666030 0.4309886 0.4309886 -9999.000 -9999.000 -9999.000 -9999.000 -9999.000 -9999.000 -9999.000 -9999.000 -9999.000 -9999.000 -9999.000 -9999.000 -9999.000 -9999.000 -9999.000 -9999.000 -9999.000 -9999.000 -9999.000 -9999.000 -9999.000 -9999.000 -9999.000 -9999.000 -9999.000 -9999.000 -9999.000 -9999.000 -9999.000
-9999.000 -9999.000 -9999.000 -9999.000 -9999.000 -9999.000 -9999.000 -9999.000 -9999.000 -9999.000 -9999.000 -9999.000 -9999.000 -9999.000 -9999.000 0.8077959E-01 0.7630705E-01 0.8627941E-01 0.9920371E-01 0.1133584 0.1281281 0.1434550 0.1597242 0.1777562 0.1989306 0.2255632 0.2617753 0.3153581 0.4006103 0.5038527 0.5038527 -9999.000 -9999.000 -9999.000 -9999.000 -9999.000 -9999.000 -9999.000 -9999.000 -9999.000 -9999.000 -9999.000 -9999.000 -9999.000 -9999.000 -9999.000 -9999.000 -9999.000 -9999.000 -9999.000 -9999.000 -9999.000 -9999.000 -9999.000 -9999.000 -9999.000 -9999.000 -9999.000 -9999.000 -9999.000
-9999.000 -9999.000 -9999.000 -9999.000 -9999.000 -9999.000 -9999.000 -9999.000 -9999.000 -9999.000 -9999.000 -9999.000 -9999.000 -9999.000 -9999.000 0.6014341E-01 0.7013889E-01 0.8910678E-01 0.1077346 0.1254451 0.1424025 0.1590682 0.1761674 0.1947627 0.2164735 0.2440059 0.2823594 0.3415568 0.4423879 0.6110049 0.6110049 -9999.000 -9999.000 -9999.000 -9999.000 -9999.000 -9999.000 -9999.000 -9999.000 -9999.000 -9999.000 -9999.000 -9999.000 -9999.000 -9999.000 -9999.000 -9999.000 -9999.000 -9999.000 -9999.000 -9999.000 -9999.000 -9999.000 -9999.000 -9999.000 -9999.000 -9999.000 -9999.000 -9999.000 -9999.000
1.798462 1.798462 1.847844 1.893747 1.901715 1.901715 1.907158 1.913843 1.913843 1.917193 1.917193 1.918391 1.918363 1.917974 1.745158 1.745158 1.413164 1.352640 1.283074 1.205017 1.119943 1.030180 0.9389755 0.8506287 0.7706825 0.7063383 0.6675116 0.6695103 0.7396259 0.9442217 0.9442217 1.663333 1.841956 1.871340 1.834502 1.834502 1.729662 1.729662 1.463845 1.463845 1.180704 1.007747 1.007747 0.9971216 0.9971216 1.037062 1.037062 1.037062 1.088563 1.088563 1.135361 1.135361 1.175153 1.175153 1.218478 1.218478 1.244933 1.244933 1.244933 1.262654
1.808979 1.808979 1.874342 1.929927 1.946129 1.946129 1.959797 1.982842 1.982842 2.002419 2.002419 2.019701 2.027661 2.035227 1.960335 1.960335 1.670184 1.653250 1.628844 1.594625 1.549922 1.494861 1.430435 1.358690 1.283090 1.209172 1.145731 1.107007 1.117159 1.222362 1.222362 1.710260 1.867736 1.972503 1.986230 1.986230 1.963148 1.963148 1.844893 1.844893 1.656744 1.389616 1.389616 1.388642 1.388642 1.437758 1.437758 1.437758 1.491183 1.491183 1.540570 1.540570 1.571139 1.571139 1.623974 1.623974 1.656913 1.656913 1.656913 1.682258
1.811066 1.811066 1.878371 1.930163 1.946471 1.946471 1.960323 1.983798 1.983798 2.003857 2.003857 2.021678 2.029930 2.037804 1.995724 1.995724 1.719111 1.721043 1.720158 1.712529 1.697189 1.673638 1.641887 1.602705 1.557944 1.510953 1.467376 1.436723 1.436028 1.503035 1.503035 1.854692 1.996453 2.120175 2.146513 2.146513 2.144979 2.144979 2.070629 2.070629 1.963022 1.718069 1.718069 1.683088 1.683088 1.720858 1.720858 1.720858 1.766367 1.766367 1.807439 1.807439 1.840086 1.840086 1.877797 1.877797 1.904975 1.904975 1.904975 1.925257
1.812755 1.812755 1.881275 1.930180 1.946362 1.946362 1.960210 1.983747 1.983747 2.003854 2.003854 2.021699 2.029959 2.037840 2.013701 2.013701 1.745436 1.753221 1.762677 1.766931 1.765503 1.758326 1.745519 1.727561 1.705614 1.681791 1.659662 1.645243 1.649410 1.701064 1.701064 1.966373 2.085107 2.200442 2.224756 2.224756 2.225870 2.225870 2.177435 2.177435 2.118108 1.930865 1.930865 1.861341 1.861341 1.889469 1.889469 1.889469 1.928686 1.928686 1.964799 1.964799 1.994214 1.994214 2.024794 2.024794 2.048507 2.048507 2.048507 2.065861
1.814066 1.814066 1.883349 1.930269 1.946277 1.946277 1.960094 1.983680 1.983680 2.003832 2.003832 2.021693 2.029953 2.037834 2.025194 2.025194 1.776210 1.782503 1.798053 1.808674 1.813992 1.814516 1.810890 1.803906 1.794780 1.785203 1.777627 1.775829 1.786110 1.830744 1.830744 2.036922 2.134763 2.229663 2.244915 2.244915 2.239171 2.239171 2.212470 2.212470 2.186078 2.071571 2.071571 1.987565 1.987565 1.995665 1.995665 1.995665 2.029465 2.029465 2.062232 2.062232 2.089544 2.089544 2.115806 2.115806 2.136771 2.136771 2.136771 2.151979
1.815001 1.815001 1.884733 1.930381 1.946223 1.946223 1.959998 1.983620 1.983620 2.003814 2.003814 2.021689 2.029951 2.037832 2.032569 2.032569 1.820131 1.814630 1.834481 1.849921 1.859612 1.864323 1.865130 1.863134 1.859920 1.857349 1.857512 1.863104 1.878415 1.918105 1.918105 2.071170 2.150646 2.214341 2.217696 2.217696 2.209356 2.209356 2.208490 2.208490 2.205957 2.157287 2.157287 2.085918 2.085918 2.071077 2.071077 2.071077 2.097489 2.097489 2.126413 2.126413 2.151629 2.151629 2.174447 2.174447 2.192647 2.192647 2.192647 2.205763
1.815562 1.815562 1.885524 1.930470 1.946195 1.946195 1.959936 1.983579 1.983579 2.003801 2.003801 2.021688 2.029951 2.037830 2.037269 2.037269 1.873541 1.853292 1.874597 1.893634 1.906836 1.914571 1.917904 1.918190 1.917275 1.917277 1.920468 1.929240 1.945348 1.974709 1.974709 2.080624 2.135273 2.158403 2.153792 2.153792 2.157872 2.157872 2.186654 2.186654 2.201587 2.201720 2.201720 2.160076 2.160076 2.131079 2.131079 2.131079 2.148180 2.148180 2.171773 2.171773 2.193872 2.193872 2.213197 2.213197 2.228433 2.228433 2.228433 2.239331
1.815749 1.815749 1.885782 1.930505 1.946187 1.946187 1.959915 1.983564 1.983564 2.003797 2.003797 2.021688 2.029951 2.037831 2.040251 2.040251 1.928877 1.902430 1.920213 1.941449 1.957606 1.967854 1.972968 1.974329 1.973915 1.974076 1.977330 1.985837 1.997999 2.008488 2.008488 2.064012 2.083206 2.069868 2.068707 2.068707 2.101171 2.101171 2.158074 2.158074 2.185444 2.218207 2.218207 2.209324 2.209324 2.180933 2.180933 2.180933 2.189109 2.189109 2.206063 2.206063 2.223657 2.223657 2.239055 2.239055 2.251055 2.251055 2.251055 2.259614
1.815562 1.815562 1.885524 1.930471 1.946195 1.946195 1.959936 1.983579 1.983579 2.003802 2.003802 2.021688 2.029951 2.037830 2.042136 2.042136 1.982688 1.960776 1.974012 1.995278 2.013247 2.025374 2.031790 2.033659 2.032897 2.031953 2.033534 2.039361 2.041692 2.017344 2.017344 2.009276 1.988010 1.965446 1.980201 1.980201 2.047877 2.047877 2.127365 2.127365 2.163467 2.217486 2.217486 2.236089 2.236089 2.220878 2.220878 2.220878 2.223178 2.223178 2.233267 2.233267 2.245259 2.245259 2.256022 2.256022 2.264373 2.264373 2.264373 2.270458
1.815001 1.815001 1.884733 1.930381 1.946223 1.946223 1.959998 1.983620 1.983620 2.003814 2.003814 2.021689 2.029952 2.037831 2.043323 2.043323 2.034587 2.026077 2.037555 2.057160 2.075247 2.088155 2.095201 2.097104 2.095523 2.092824 2.091766 2.092829 2.074426 1.985507 1.985507 1.901884 1.855911 1.863986 1.899779 1.899779 2.000186 2.000186 2.096328 2.096328 2.138667 2.206746 2.206746 2.245524 2.245524 2.249761 2.249761 2.249761 2.250515 2.250515 2.254847 2.254847 2.260735 2.260735 2.266203 2.266203 2.270510 2.270510 2.270510 2.274040
1.814066 1.814066 1.883350 1.930269 1.946278 1.946278 1.960094 1.983680 1.983680 2.003832 2.003832 2.021693 2.029954 2.037835 2.044068 2.044068 2.087081 2.096914 2.111124 2.128845 2.145319 2.157424 2.164000 2.165247 2.162398 2.157544 2.153279 2.146354 2.080934 1.881563 1.881563 1.748166 1.716375 1.774276 1.824791 1.824791 1.955920 1.955920 2.064627 2.064627 2.111706 2.189544 2.189544 2.242404 2.242404 2.266715 2.266715 2.266715 2.269745 2.269745 2.270287 2.270287 2.270337 2.270337 2.270219 2.270219 2.270291 2.270291 2.270291 2.271321
1.812755 1.812755 1.881276 1.930181 1.946363 1.946363 1.960211 1.983747 1.983747 2.003854 2.003854 2.021700 2.029959 2.037840 2.044531 2.044531 2.145201 2.174242 2.194661 2.211421 2.225058 2.234571 2.239139 2.238661 2.233900 2.226513 2.218548 2.194617 2.010418 1.694553 1.694553 1.582829 1.585960 1.696602 1.765850 1.765850 1.914872 1.914872 2.033928 2.033928 2.084574 2.169024 2.169024 2.231257 2.231257 2.272607 2.272607 2.272607 2.280025 2.280025 2.278809 2.278809 2.273938 2.273938 2.268480 2.268480 2.264467 2.264467 2.264467 2.263228
