cruce_test.gid/Rasters/Hydraulic/Velocity__y_277.0.asc
NCOLS        79
NROWS        79
XLLCENTER         -1.500000
YLLCENTER         -4.800000
CELLSIZE           0.100
NODATA_VALUE     -9999.0
[rows 0 to 25 of 79, columns 0 to 58 of 79]
-9999.000 -9999.000 -9999.000 -9999.000 -9999.000 -9999.000 -9999.000 -9999.000 -9999.000 -9999.000 -9999.000 -9999.000 -9999.000 -9999.000 -9999.000 -0.9348322E-01 -0.9086741E-01 -0.8997789E-01 -0.8994912E-01 -0.9045114E-01 -0.9111630E-01 -0.9181534E-01 -0.9249593E-01 -0.9307852E-01 -0.9360350E-01 -0.9407018E-01 -0.9451626E-01 -0.9512854E-01 -0.9651163E-01 -0.9787389E-01 -0.9787389E-01 -9999.000 -9999.000 -9999.000 -9999.000 -9999.000 -9999.000 -9999.000 -9999.000 -9999.000 -9999.000 -9999.000 -9999.000 -9999.000 -9999.000 -9999.000 -9999.000 -9999.000 -9999.000 -9999.000 -9999.000 -9999.000 -9999.000 -9999.000 -9999.000 -9999.000 -9999.000 -9999.000 -9999.000
-9999.000 -9999.000 -9999.000 -9999.000 -9999.000 -9999.000 -9999.000 -9999.000 -9999.000 -9999.000 -9999.000 -9999.000 -9999.000 -9999.000 -9999.000 -0.9312576E-01 -0.8768190E-01 -0.8579263E-01 -0.8576096E-01 -0.8689689E-01 -0.8841722E-01 -0.9003896E-01 -0.9164124E-01 -0.9304709E-01 -0.9433476E-01 -0.9549644E-01 -0.9660707E-01 -0.9805477E-01 -0.1011019 -0.1043983 -0.1043983 -9999.000 -9999.000 -9999.000 -9999.000 -9999.000 -9999.000 -9999.000 -9999.000 -9999.000 -9999.000 -9999.000 -9999.000 -9999.000 -9999.000 -9999.000 -9999.000 -9999.000 -9999.000 -9999.000 -9999.000 -9999.000 -9999.000 -9999.000 -9999.000 -9999.000 -9999.000 -9999.000 -9999.000
-9999.000 -9999.000 -9999.000 -9999.000 -9999.000 -9999.000 -9999.000 -9999.000 -9999.000 -9999.000 -9999.000 -9999.000 -9999.000 -9999.000 -9999.000 -0.9158464E-01 -0.8310962E-01 -0.8009699E-01 -0.8013172E-01 -0.8211706E-01 -0.8478794E-01 -0.8767541E-01 -0.9056821E-01 -0.9316549E-01 -0.9557940E-01 -0.9778356E-01 -0.9988675E-01 -0.1025001 -0.1076328 -0.1136293 -0.1136293 -9999.000 -9999.000 -9999.000 -9999.000 -9999.000 -9999.000 -9999.000 -9999.000 -9999.000 -9999.000 -9999.000 -9999.000 -9999.000 -9999.000 -9999.000 -9999.000 -9999.000 -9999.000 -9999.000 -9999.000 -9999.000 -9999.000 -9999.000 -9999.000 -9999.000 -9999.000 -9999.000 -9999.000
-9999.000 -9999.000 -9999.000 -9999.000 -9999.000 -9999.000 -9999.000 -9999.000 -9999.000 -9999.000 -9999.000 -9999.000 -9999.000 -9999.000 -9999.000 -0.8945222E-01 -0.7800271E-01 -0.7388068E-01 -0.7403573E-01 -0.7695296E-01 -0.8087058E-01 -0.8513118E-01 -0.8942955E-01 -0.9333320E-01 -0.9698876E-01 -0.1003445 -0.1035405 -0.1074176 -0.1147696 -0.1239706 -0.1239706 -9999.000 -9999.000 -9999.000 -9999.000 -9999.000 -9999.000 -9999.000 -9999.000 -9999.000 -9999.000 -9999.000 -9999.000 -9999.000 -9999.000 -9999.000 -9999.000 -9999.000 -9999.000 -9999.000 -9999.000 -9999.000 -9999.000 -9999.000 -9999.000 -9999.000 -9999.000 -9999.000 -9999.000
-9999.000 -9999.000 -9999.000 -9999.000 -9999.000 -9999.000 -9999.000 -9999.000 -9999.000 -9999.000 -9999.000 -9999.000 -9999.000 -9999.000 -9999.000 -0.8695556E-01 -0.7254574E-01 -0.6731221E-01 -0.6761990E-01 -0.7152416E-01 -0.7675087E-01 -0.8245248E-01 -0.8822805E-01 -0.9350597E-01 -0.9847298E-01 -0.1030466 -0.1073990 -0.1126134 -0.1223185 -0.1352702 -0.1352702 -9999.000 -9999.000 -9999.000 -9999.000 -9999.000 -9999.000 -9999.000 -9999.000 -9999.000 -9999.000 -9999.000 -9999.000 -9999.000 -9999.000 -9999.000 -9999.000 -9999.000 -9999.000 -9999.000 -9999.000 -9999.000 -9999.000 -9999.000 -9999.000 -9999.000 -9999.000 -9999.000 -9999.000
-9999.000 -9999.000 -9999.000 -9999.000 -9999.000 -9999.000 -9999.000 -9999.000 -9999.000 -9999.000 -9999.000 -9999.000 -9999.000 -9999.000 -9999.000 -0.8416949E-01 -0.6680659E-01 -0.6045769E-01 -0.6094370E-01 -0.6587995E-01 -0.7246275E-01 -0.7965539E-01 -0.8696004E-01 -0.9365902E-01 -0.9998701E-01 -0.1058259 -0.1113822 -0.1179997 -0.1302032 -0.1475428 -0.1475428 -9999.000 -9999.000 -9999.000 -9999.000 -9999.000 -9999.000 -9999.000 -9999.000 -9999.000 -9999.000 -9999.000 -9999.000 -9999.000 -9999.000 -9999.000 -9999.000 -9999.000 -9999.000 -9999.000 -9999.000 -9999.000 -9999.000 -9999.000 -9999.000 -9999.000 -9999.000 -9999.000 -9999.000
-9999.000 -9999.000 -9999.000 -9999.000 -9999.000 -9999.000 -9999.000 -9999.000 -9999.000 -9999.000 -9999.000 -9999.000 -9999.000 -9999.000 -9999.000 -0.8109944E-01 -0.6079886E-01 -0.5333402E-01 -0.5402498E-01 -0.6003592E-01 -0.6801618E-01 -0.7674188E-01 -0.8561922E-01 -0.9377465E-01 -0.1015045 -0.1086471 -0.1154479 -0.1235330 -0.1384003 -0.1609021 -0.1609021 -9999.000 -9999.000 -9999.000 -9999.000 -9999.000 -9999.000 -9999.000 -9999.000 -9999.000 -9999.000 -9999.000 -9999.000 -9999.000 -9999.000 -9999.000 -9999.000 -9999.000 -9999.000 -9999.000 -9999.000 -9999.000 -9999.000 -9999.000 -9999.000 -9999.000 -9999.000 -9999.000 -9999.000
-9999.000 -9999.000 -9999.000 -9999.000 -9999.000 -9999.000 -9999.000 -9999.000 -9999.000 -9999.000 -9999.000 -9999.000 -9999.000 -9999.000 -9999.000 -0.7771687E-01 -0.5450982E-01 -0.4593461E-01 -0.4686105E-01 -0.5399115E-01 -0.6340843E-01 -0.7370617E-01 -0.8419529E-01 -0.9383699E-01 -0.1030044 -0.1114844 -0.1195675 -0.1291883 -0.1469101 -0.1755349 -0.1755349 -9999.000 -9999.000 -9999.000 -9999.000 -9999.000 -9999.000 -9999.000 -9999.000 -9999.000 -9999.000 -9999.000 -9999.000 -9999.000 -9999.000 -9999.000 -9999.000 -9999.000 -9999.000 -9999.000 -9999.000 -9999.000 -9999.000 -9999.000 -9999.000 -9999.000 -9999.000 -9999.000 -9999.000
-9999.000 -9999.000 -9999.000 -9999.000 -9999.000 -9999.000 -9999.000 -9999.000 -9999.000 -9999.000 -9999.000 -9999.000 -9999.000 -9999.000 -9999.000 -0.7397340E-01 -0.4791164E-01 -0.3823939E-01 -0.3943748E-01 -0.4773537E-01 -0.5862890E-01 -0.7053629E-01 -0.8267419E-01 -0.9382714E-01 -0.1044653 -0.1143131 -0.1237136 -0.1349435 -0.1557428 -0.1917018 -0.1917018 -9999.000 -9999.000 -9999.000 -9999.000 -9999.000 -9999.000 -9999.000 -9999.000 -9999.000 -9999.000 -9999.000 -9999.000 -9999.000 -9999.000 -9999.000 -9999.000 -9999.000 -9999.000 -9999.000 -9999.000 -9999.000 -9999.000 -9999.000 -9999.000 -9999.000 -9999.000 -9999.000 -9999.000
-9999.000 -9999.000 -9999.000 -9999.000 -9999.000 -9999.000 -9999.000 -9999.000 -9999.000 -9999.000 -9999.000 -9999.000 -9999.000 -9999.000 -9999.000 -0.6980656E-01 -0.4096587E-01 -0.3021877E-01 -0.3173230E-01 -0.4125101E-01 -0.5366082E-01 -0.6721456E-01 -0.8103655E-01 -0.9372122E-01 -0.1058609 -0.1171031 -0.1278543 -0.1407729 -0.1649103 -0.2097520 -0.2097520 -9999.000 -9999.000 -9999.000 -9999.000 -9999.000 -9999.000 -9999.000 -9999.000 -9999.000 -9999.000 -9999.000 -9999.000 -9999.000 -9999.000 -9999.000 -9999.000 -9999.000 -9999.000 -9999.000 -9999.000 -9999.000 -9999.000 -9999.000 -9999.000 -9999.000 -9999.000 -9999.000 -9999.000
-9999.000 -9999.000 -9999.000 -9999.000 -9999.000 -9999.000 -9999.000 -9999.000 -9999.000 -9999.000 -9999.000 -9999.000 -9999.000 -9999.000 -9999.000 -0.6514020E-01 -0.3362343E-01 -0.2183403E-01 -0.2371477E-01 -0.3451348E-01 -0.4848032E-01 -0.6371614E-01 -0.7925557E-01 -0.9348729E-01 -0.1071559 -0.1198150 -0.1319465 -0.1466404 -0.1744221 -0.2301574 -0.2301574 -9999.000 -9999.000 -9999.000 -9999.000 -9999.000 -9999.000 -9999.000 -9999.000 -9999.000 -9999.000 -9999.000 -9999.000 -9999.000 -9999.000 -9999.000 -9999.000 -9999.000 -9999.000 -9999.000 -9999.000 -9999.000 -9999.000 -9999.000 -9999.000 -9999.000 -9999.000 -9999.000 -9999.000
-9999.000 -9999.000 -9999.000 -9999.000 -9999.000 -9999.000 -9999.000 -9999.000 -9999.000 -9999.000 -9999.000 -9999.000 -9999.000 -9999.000 -9999.000 -0.5988221E-01 -0.2582276E-01 -0.1303413E-01 -0.1534389E-01 -0.2748860E-01 -0.4305404E-01 -0.6000686E-01 -0.7729440E-01 -0.9308071E-01 -0.1083020 -0.1223935 -0.1359296 -0.1524918 -0.1842776 -0.2535634 -0.2535634 -9999.000 -9999.000 -9999.000 -9999.000 -9999.000 -9999.000 -9999.000 -9999.000 -9999.000 -9999.000 -9999.000 -9999.000 -9999.000 -9999.000 -9999.000 -9999.000 -9999.000 -9999.000 -9999.000 -9999.000 -9999.000 -9999.000 -9999.000 -9999.000 -9999.000 -9999.000 -9999.000 -9999.000
-9999.000 -9999.000 -9999.000 -9999.000 -9999.000 -9999.000 -9999.000 -9999.000 -9999.000 -9999.000 -9999.000 -9999.000 -9999.000 -9999.000 -9999.000 -0.5391640E-01 -0.1748281E-01 -0.3751457E-02 -0.6564019E-02 -0.2012915E-01 -0.3733571E-01 -0.5603888E-01 -0.7510188E-01 -0.9244028E-01 -0.1092315 -0.1247599 -0.1397155 -0.1582444 -0.1944574 -0.2808784 -0.2808784 -9999.000 -9999.000 -9999.000 -9999.000 -9999.000 -9999.000 -9999.000 -9999.000 -9999.000 -9999.000 -9999.000 -9999.000 -9999.000 -9999.000 -9999.000 -9999.000 -9999.000 -9999.000 -9999.000 -9999.000 -9999.000 -9999.000 -9999.000 -9999.000 -9999.000 -9999.000 -9999.000 -9999.000
-9999.000 -9999.000 -9999.000 -9999.000 -9999.000 -9999.000 -9999.000 -9999.000 -9999.000 -9999.000 -9999.000 -9999.000 -9999.000 -9999.000 -9999.000 -0.4665657E-01 -0.8188494E-02 0.6241481E-02 0.2663233E-02 -0.1245910E-01 -0.3135905E-01 -0.5184252E-01 -0.7269517E-01 -0.9155936E-01 -0.1099164 -0.1268597 -0.1432241 -0.1638134 -0.2049478 -0.3134767 -0.3134767 -9999.000 -9999.000 -9999.000 -9999.000 -9999.000 -9999.000 -9999.000 -9999.000 -9999.000 -9999.000 -9999.000 -9999.000 -9999.000 -9999.000 -9999.000 -9999.000 -9999.000 -9999.000 -9999.000 -9999.000 -9999.000 -9999.000 -9999.000 -9999.000 -9999.000 -9999.000 -9999.000 -9999.000
-9999.000 -9999.000 -9999.000 -9999.000 -9999.000 -9999.000 -9999.000 -9999.000 -9999.000 -9999.000 -9999.000 -9999.000 -9999.000 -9999.000 -9999.000 -0.3120320E-02 0.1385039E-01 0.1593361E-01 0.4614117E-02 -0.1288804E-01 -0.3233670E-01 -0.5339443E-01 -0.7486505E-01 -0.9416121E-01 -0.1131659 -0.1307203 -0.1478320 -0.1700152 -0.2159836 -0.3511622 -0.3511622 -9999.000 -9999.000 -9999.000 -9999.000 -9999.000 -9999.000 -9999.000 -9999.000 -9999.000 -9999.000 -9999.000 -9999.000 -9999.000 -9999.000 -9999.000 -9999.000 -9999.000 -9999.000 -9999.000 -9999.000 -9999.000 -9999.000 -9999.000 -9999.000 -9999.000 -9999.000 -9999.000 -9999.000
-0.3700724E-02 -0.3700724E-02 -0.5234651E-02 -0.7180577E-02 -0.6618345E-02 -0.6618345E-02 -0.6430115E-02 -0.6365326E-02 -0.6365326E-02 -0.6359715E-02 -0.6359715E-02 -0.6339878E-02 -0.6325130E-02 -0.6308740E-02 -0.6294827E-02 -0.6294827E-02 0.2760487E-01 0.2238211E-01 0.7283011E-02 -0.1427822E-01 -0.4015948E-01 -0.6926966E-01 -0.1002626 -0.1312594 -0.1615282 -0.1900311 -0.2163657 -0.2422042 -0.2755547 -0.3542918 -0.3542918 -0.1965733 -0.1056568 -0.3657600E-01 -0.2735665E-01 -0.2735665E-01 -0.2037012E-01 -0.2037012E-01 -0.7774073E-02 -0.7774073E-02 0.3403722E-02 0.2712817E-01 0.2712817E-01 0.1063756E-01 0.1063756E-01 -0.3696723E-02 -0.3696723E-02 -0.3696723E-02 0.1622496E-03 0.1622496E-03 0.8900420E-03 0.8900420E-03 0.2175472E-05 0.2175472E-05 -0.1261479E-02 -0.1261479E-02 -0.2493465E-02 -0.2493465E-02 -0.2493465E-02
-0.5235737E-02 -0.5235737E-02 -0.7141954E-02 -0.1060990E-01 -0.9429372E-02 -0.9429372E-02 -0.9019024E-02 -0.8926061E-02 -0.8926061E-02 -0.8963454E-02 -0.8963454E-02 -0.8961979E-02 -0.8951174E-02 -0.8937650E-02 -0.8940195E-02 -0.8940195E-02 0.2265431E-01 0.1803025E-01 0.2424092E-02 -0.2322617E-01 -0.5728663E-01 -0.9759498E-01 -0.1422711 -0.1897017 -0.2376926 -0.2846288 -0.3288286 -0.3684885 -0.4015273 -0.4255610 -0.4255610 -0.2886110 -0.1918885 -0.9981594E-01 -0.8151433E-01 -0.8151433E-01 -0.5727263E-01 -0.5727263E-01 -0.1438789E-01 -0.1438789E-01 0.1897062E-01 0.8603163E-01 0.8603163E-01 0.7470828E-01 0.7470828E-01 0.1483216E-01 0.1483216E-01 0.1483216E-01 0.6815409E-02 0.6815409E-02 0.1992774E-02 0.1992774E-02 -0.2263016E-02 -0.2263016E-02 -0.5924130E-02 -0.5924130E-02 -0.8741627E-02 -0.8741627E-02 -0.8741627E-02
-0.3332848E-02 -0.3332848E-02 -0.5871650E-02 -0.9258797E-02 -0.8116879E-02 -0.8116879E-02 -0.7606938E-02 -0.7491306E-02 -0.7491306E-02 -0.7579481E-02 -0.7579481E-02 -0.7615832E-02 -0.7620054E-02 -0.7620797E-02 -0.7662492E-02 -0.7662492E-02 0.1425039E-01 0.9658131E-02 -0.6003005E-02 -0.3197818E-01 -0.6704178E-01 -0.1095203 -0.1578401 -0.2106552 -0.2662162 -0.3229688 -0.3792370 -0.4329768 -0.4812735 -0.5171070 -0.5171070 -0.4276772 -0.3436194 -0.2281881 -0.1908210 -0.1908210 -0.1227098 -0.1227098 -0.2051212E-01 -0.2051212E-01 0.4603487E-01 0.1661645 0.1661645 0.1852263 0.1852263 0.6624204E-01 0.6624204E-01 0.6624204E-01 0.2536871E-01 0.2536871E-01 0.4275141E-02 0.4275141E-02 -0.8045146E-02 -0.8045146E-02 -0.1597337E-01 -0.1597337E-01 -0.2075255E-01 -0.2075255E-01 -0.2075255E-01
-0.1428841E-02 -0.1428841E-02 -0.5765458E-02 -0.7568221E-02 -0.6582449E-02 -0.6582449E-02 -0.6080288E-02 -0.5954970E-02 -0.5954970E-02 -0.6053601E-02 -0.6053601E-02 -0.6096837E-02 -0.6103325E-02 -0.6105472E-02 -0.6178867E-02 -0.6178867E-02 0.5714009E-02 -0.8735987E-03 -0.1783424E-01 -0.4463071E-01 -0.8029887E-01 -0.1235309 -0.1730026 -0.2275603 -0.2858681 -0.3466580 -0.4085809 -0.4699159 -0.5279529 -0.5758020 -0.5758020 -0.5335088 -0.4734690 -0.3605752 -0.3091947 -0.3091947 -0.1873139 -0.1873139 -0.1212076E-01 -0.1212076E-01 0.8326199E-01 0.2312837 0.2312837 0.2680826 0.2680826 0.1259476 0.1259476 0.1259476 0.5144557E-01 0.5144557E-01 0.9077061E-02 0.9077061E-02 -0.1465319E-01 -0.1465319E-01 -0.2822382E-01 -0.2822382E-01 -0.3516165E-01 -0.3516165E-01 -0.3516165E-01
-0.4144857E-03 -0.4144857E-03 -0.4878595E-02 -0.5772436E-02 -0.4987372E-02 -0.4987372E-02 -0.4559515E-02 -0.4447237E-02 -0.4447237E-02 -0.4537612E-02 -0.4537612E-02 -0.4575410E-02 -0.4580143E-02 -0.4580822E-02 -0.4691511E-02 -0.4691511E-02 -0.2926162E-02 -0.1334423E-01 -0.3316110E-01 -0.6196410E-01 -0.9897929E-01 -0.1431897 -0.1935139 -0.2489610 -0.3084618 -0.3709663 -0.4353875 -0.5003698 -0.5637086 -0.6196542 -0.6196542 -0.6130583 -0.5782223 -0.4778149 -0.4125064 -0.4125064 -0.2241942 -0.2241942 0.1680906E-01 0.1680906E-01 0.1245308 0.2698265 0.2698265 0.3111469 0.3111469 0.1784159 0.1784159 0.1784159 0.8128948E-01 0.8128948E-01 0.1803756E-01 0.1803756E-01 -0.1896811E-01 -0.1896811E-01 -0.3952635E-01 -0.3952635E-01 -0.4915748E-01 -0.4915748E-01 -0.4915748E-01
-0.2839941E-03 -0.2839941E-03 -0.3205595E-02 -0.3862813E-02 -0.3337309E-02 -0.3337309E-02 -0.3035679E-02 -0.2955508E-02 -0.2955508E-02 -0.3024180E-02 -0.3024180E-02 -0.3052289E-02 -0.3055196E-02 -0.3055303E-02 -0.3215848E-02 -0.3215848E-02 -0.1212403E-01 -0.2801787E-01 -0.5234028E-01 -0.8456930E-01 -0.1240010 -0.1698315 -0.2212275 -0.2774067 -0.3375504 -0.4008220 -0.4663438 -0.5330390 -0.5991622 -0.6601638 -0.6601638 -0.6781877 -0.6645200 -0.5699922 -0.4808320 -0.4808320 -0.2144576 -0.2144576 0.5622553E-01 0.5622553E-01 0.1560246 0.2792099 0.2792099 0.3194748 0.3194748 0.2150447 0.2150447 0.2150447 0.1105631 0.1105631 0.3104551E-01 0.3104551E-01 -0.1948038E-01 -0.1948038E-01 -0.4811104E-01 -0.4811104E-01 -0.6112367E-01 -0.6112367E-01 -0.6112367E-01
-0.1442067E-03 -0.1442067E-03 -0.1587254E-02 -0.1935795E-02 -0.1671772E-02 -0.1671772E-02 -0.1516366E-02 -0.1474673E-02 -0.1474673E-02 -0.1511831E-02 -0.1511831E-02 -0.1526673E-02 -0.1528200E-02 -0.1528081E-02 -0.1755837E-02 -0.1755837E-02 -0.2258569E-01 -0.4556787E-01 -0.7609871E-01 -0.1133028 -0.1564051 -0.2047239 -0.2576470 -0.3146335 -0.3751419 -0.4385976 -0.5043617 -0.5716200 -0.6390091 -0.7029124 -0.7029124 -0.7368463 -0.7375713 -0.6234528 -0.4918951 -0.4918951 -0.1620507 -0.1620507 0.8716620E-01 0.8716620E-01 0.1670305 0.2645044 0.2645044 0.3033257 0.3033257 0.2326085 0.2326085 0.2326085 0.1345332 0.1345332 0.4635274E-01 0.4635274E-01 -0.1587777E-01 -0.1587777E-01 -0.5292334E-01 -0.5292334E-01 -0.6989131E-01 -0.6989131E-01 -0.6989131E-01
0.1075110E-07 0.1075110E-07 -0.2728876E-07 -0.4594622E-07 0.2526250E-07 0.2526250E-07 -0.8935872E-07 0.4256836E-08 0.4256836E-08 -0.2091712E-06 -0.2091712E-06 -0.5262453E-07 -0.1871084E-06 -0.2379417E-06 -0.3191280E-03 -0.3191280E-03 -0.3535170E-01 -0.6719655E-01 -0.1057361 -0.1495443 -0.1976612 -0.2494526 -0.3044942 -0.3624962 -0.4232130 -0.4863772 -0.5516453 -0.6184980 -0.6859110 -0.7507721 -0.7507721 -0.7929567 -0.7969512 -0.6139976 -0.4304550 -0.4304550 -0.9597091E-01 -0.9597091E-01 0.9731223E-01 0.9731223E-01 0.1568990 0.2344029 0.2344029 0.2725199 0.2725199 0.2321044 0.2321044 0.2321044 0.1492753 0.1492753 0.6106732E-01 0.6106732E-01 -0.8912671E-02 -0.8912671E-02 -0.5348171E-01 -0.5348171E-01 -0.7453734E-01 -0.7453734E-01 -0.7453734E-01
0.1442951E-03 0.1442951E-03 0.1587288E-02 0.1935757E-02 0.1671763E-02 0.1671763E-02 0.1516307E-02 0.1474624E-02 0.1474624E-02 0.1511517E-02 0.1511517E-02 0.1526549E-02 0.1527665E-02 0.1527615E-02 0.1084606E-02 0.1084606E-02 -0.5196643E-01 -0.9482137E-01 -0.1433341 -0.1954145 -0.2498725 -0.3061025 -0.3638597 -0.4231143 -0.4839290 -0.5463684 -0.6104245 -0.6759096 -0.7420540 -0.8053468 -0.8053468 -0.8459517 -0.8305405 -0.5204630 -0.3149944 -0.3149944 -0.4713050E-01 -0.4713050E-01 0.8795442E-01 0.8795442E-01 0.1327782 0.1969790 0.1969790 0.2341819 0.2341819 0.2168678 0.2168678 0.2168678 0.1526819 0.1526819 0.7201383E-01 0.7201383E-01 -0.1789732E-03 -0.1789732E-03 -0.4988671E-01 -0.4988671E-01 -0.7441895E-01 -0.7441895E-01 -0.7441895E-01
0.2841411E-03 0.2841411E-03 0.3205796E-02 0.3862795E-02 0.3337347E-02 0.3337347E-02 0.3035608E-02 0.2955263E-02 0.2955263E-02 0.3024069E-02 0.3024069E-02 0.3052025E-02 0.3054848E-02 0.3055000E-02 0.2441600E-02 0.2441600E-02 -0.7485460E-01 -0.1314704 -0.1921425 -0.2541381 -0.3161110 -0.3775538 -0.4384531 -0.4990716 -0.5597973 -0.6210401 -0.6831445 -0.7462525 -0.8095193 -0.8663481 -0.8663481 -0.8850815 -0.8023554 -0.3649335 -0.1982307 -0.1982307 -0.2530039E-01 -0.2530039E-01 0.6806244E-01 0.6806244E-01 0.1032026 0.1577326 0.1577326 0.1927295 0.1927295 0.1908642 0.1908642 0.1908642 0.1446941 0.1446941 0.7667053E-01 0.7667053E-01 0.8286441E-02 0.8286441E-02 -0.4279310E-01 -0.4279310E-01 -0.6925330E-01 -0.6925330E-01 -0.6925330E-01
0.4145637E-03 0.4145637E-03 0.4878851E-02 0.5772373E-02 0.4987345E-02 0.4987345E-02 0.4559268E-02 0.4447015E-02 0.4447015E-02 0.4537552E-02 0.4537552E-02 0.4575228E-02 0.4579936E-02 0.4580537E-02 0.3732625E-02 0.3732625E-02 -0.1080657 -0.1820345 -0.2572560 -0.3306290 -0.4009175 -0.4679157 -0.5319729 -0.5937213 -0.6539116 -0.7133070 -0.7726039 -0.8321786 -0.8898070 -0.9262912 -0.9262912 -0.8708405 -0.6573333 -0.2170368 -0.1207926 -0.1207926 -0.2122534E-01 -0.2122534E-01 0.4586795E-01 0.4586795E-01 0.7390216E-01 0.1195983 0.1195983 0.1506766 0.1506766 0.1577345 0.1577345 0.1577345 0.1268608 0.1268608 0.7384706E-01 0.7384706E-01 0.1458649E-01 0.1458649E-01 -0.3324252E-01 -0.3324252E-01 -0.5918589E-01 -0.5918589E-01 -0.5918589E-01
