cruce_test.gid/Rasters/Hydraulic/Velocity__y_289.0.asc
NCOLS        79
NROWS        79
XLLCENTER         -1.500000
YLLCENTER         -4.800000
CELLSIZE           0.100
NODATA_VALUE     -9999.0
[rows 0 to 26 of 79, columns 0 to 58 of 79]
-9999.000 -9999.000 -9999.000 -9999.000 -9999.000 -9999.000 -9999.000 -9999.000 -9999.000 -9999.000 -9999.000 -9999.000 -9999.000 -9999.000 -9999.000 -0.9453364E-01 -0.9208490E-01 -0.9132473E-01 -0.9142821E-01 -0.9193562E-01 -0.9256090E-01 -0.9321855E-01 -0.9385158E-01 -0.9440413E-01 -0.9490369E-01 -0.9534877E-01 -0.9578016E-01 -0.9638979E-01 -0.9778529E-01 -0.9913830E-01 -0.9913830E-01 -9999.000 -9999.000 -9999.000 -9999.000 -9999.000 -9999.000 -9999.000 -9999.000 -9999.000 -9999.000 -9999.000 -9999.000 -9999.000 -9999.000 -9999.000 -9999.000 -9999.000 -9999.000 -9999.000 -9999.000 -9999.000 -9999.000 -9999.000 -9999.000 -9999.000 -9999.000 -9999.000 -9999.000
-9999.000 -9999.000 -9999.000 -9999.000 -9999.000 -9999.000 -9999.000 -9999.000 -9999.000 -9999.000 -9999.000 -9999.000 -9999.000 -9999.000 -9999.000 -0.9386119E-01 -0.8878262E-01 -0.8717310E-01 -0.8742730E-01 -0.8857801E-01 -0.9001455E-01 -0.9154704E-01 -0.9304562E-01 -0.9438383E-01 -0.9561357E-01 -0.9672626E-01 -0.9780297E-01 -0.9924341E-01 -0.1023154 -0.1055950 -0.1055950 -9999.000 -9999.000 -9999.000 -9999.000 -9999.000 -9999.000 -9999.000 -9999.000 -9999.000 -9999.000 -9999.000 -9999.000 -9999.000 -9999.000 -9999.000 -9999.000 -9999.000 -9999.000 -9999.000 -9999.000 -9999.000 -9999.000 -9999.000 -9999.000 -9999.000 -9999.000 -9999.000 -9999.000
-9999.000 -9999.000 -9999.000 -9999.000 -9999.000 -9999.000 -9999.000 -9999.000 -9999.000 -9999.000 -9999.000 -9999.000 -9999.000 -9999.000 -9999.000 -0.9193705E-01 -0.8406249E-01 -0.8150807E-01 -0.8201144E-01 -0.8402794E-01 -0.8656764E-01 -0.8931252E-01 -0.9203700E-01 -0.9452248E-01 -0.9683983E-01 -0.9896199E-01 -0.1010089 -0.1036101 -0.1087840 -0.1147604 -0.1147604 -9999.000 -9999.000 -9999.000 -9999.000 -9999.000 -9999.000 -9999.000 -9999.000 -9999.000 -9999.000 -9999.000 -9999.000 -9999.000 -9999.000 -9999.000 -9999.000 -9999.000 -9999.000 -9999.000 -9999.000 -9999.000 -9999.000 -9999.000 -9999.000 -9999.000 -9999.000 -9999.000 -9999.000
-9999.000 -9999.000 -9999.000 -9999.000 -9999.000 -9999.000 -9999.000 -9999.000 -9999.000 -9999.000 -9999.000 -9999.000 -9999.000 -9999.000 -9999.000 -0.8939426E-01 -0.7879460E-01 -0.7531355E-01 -0.7612563E-01 -0.7909113E-01 -0.8283109E-01 -0.8689658E-01 -0.9096287E-01 -0.9471255E-01 -0.9823429E-01 -0.1014765 -0.1045949 -0.1084568 -0.1158692 -0.1250543 -0.1250543 -9999.000 -9999.000 -9999.000 -9999.000 -9999.000 -9999.000 -9999.000 -9999.000 -9999.000 -9999.000 -9999.000 -9999.000 -9999.000 -9999.000 -9999.000 -9999.000 -9999.000 -9999.000 -9999.000 -9999.000 -9999.000 -9999.000 -9999.000 -9999.000 -9999.000 -9999.000 -9999.000 -9999.000
-9999.000 -9999.000 -9999.000 -9999.000 -9999.000 -9999.000 -9999.000 -9999.000 -9999.000 -9999.000 -9999.000 -9999.000 -9999.000 -9999.000 -9999.000 -0.8646037E-01 -0.7316535E-01 -0.6876043E-01 -0.6991926E-01 -0.7388878E-01 -0.7889061E-01 -0.8434580E-01 -0.8982554E-01 -0.9490889E-01 -0.9970596E-01 -0.1041352 -0.1083896 -0.1135881 -0.1233760 -0.1363242 -0.1363242 -9999.000 -9999.000 -9999.000 -9999.000 -9999.000 -9999.000 -9999.000 -9999.000 -9999.000 -9999.000 -9999.000 -9999.000 -9999.000 -9999.000 -9999.000 -9999.000 -9999.000 -9999.000 -9999.000 -9999.000 -9999.000 -9999.000 -9999.000 -9999.000 -9999.000 -9999.000 -9999.000 -9999.000
-9999.000 -9999.000 -9999.000 -9999.000 -9999.000 -9999.000 -9999.000 -9999.000 -9999.000 -9999.000 -9999.000 -9999.000 -9999.000 -9999.000 -9999.000 -0.8321282E-01 -0.6724521E-01 -0.6191691E-01 -0.6345356E-01 -0.6847066E-01 -0.7478061E-01 -0.8167568E-01 -0.8862028E-01 -0.9508586E-01 -0.1012083 -0.1068726 -0.1123116 -0.1189138 -0.1312266 -0.1485846 -0.1485846 -9999.000 -9999.000 -9999.000 -9999.000 -9999.000 -9999.000 -9999.000 -9999.000 -9999.000 -9999.000 -9999.000 -9999.000 -9999.000 -9999.000 -9999.000 -9999.000 -9999.000 -9999.000 -9999.000 -9999.000 -9999.000 -9999.000 -9999.000 -9999.000 -9999.000 -9999.000 -9999.000 -9999.000
-9999.000 -9999.000 -9999.000 -9999.000 -9999.000 -9999.000 -9999.000 -9999.000 -9999.000 -9999.000 -9999.000 -9999.000 -9999.000 -9999.000 -9999.000 -0.7965967E-01 -0.6104973E-01 -0.5480182E-01 -0.5674789E-01 -0.6285308E-01 -0.7051029E-01 -0.7888766E-01 -0.8733955E-01 -0.9522460E-01 -0.1027134 -0.1096512 -0.1163167 -0.1243895 -0.1393968 -0.1619506 -0.1619506 -9999.000 -9999.000 -9999.000 -9999.000 -9999.000 -9999.000 -9999.000 -9999.000 -9999.000 -9999.000 -9999.000 -9999.000 -9999.000 -9999.000 -9999.000 -9999.000 -9999.000 -9999.000 -9999.000 -9999.000 -9999.000 -9999.000 -9999.000 -9999.000 -9999.000 -9999.000 -9999.000 -9999.000
-9999.000 -9999.000 -9999.000 -9999.000 -9999.000 -9999.000 -9999.000 -9999.000 -9999.000 -9999.000 -9999.000 -9999.000 -9999.000 -9999.000 -9999.000 -0.7577395E-01 -0.5456753E-01 -0.4740959E-01 -0.4980073E-01 -0.5703466E-01 -0.6607620E-01 -0.7597502E-01 -0.8597189E-01 -0.9530806E-01 -0.1041991 -0.1124446 -0.1203747 -0.1299884 -0.1478864 -0.1766123 -0.1766123 -9999.000 -9999.000 -9999.000 -9999.000 -9999.000 -9999.000 -9999.000 -9999.000 -9999.000 -9999.000 -9999.000 -9999.000 -9999.000 -9999.000 -9999.000 -9999.000 -9999.000 -9999.000 -9999.000 -9999.000 -9999.000 -9999.000 -9999.000 -9999.000 -9999.000 -9999.000 -9999.000 -9999.000
-9999.000 -9999.000 -9999.000 -9999.000 -9999.000 -9999.000 -9999.000 -9999.000 -9999.000 -9999.000 -9999.000 -9999.000 -9999.000 -9999.000 -9999.000 -0.7150925E-01 -0.4777270E-01 -0.3972130E-01 -0.4259888E-01 -0.5100487E-01 -0.6146672E-01 -0.7292452E-01 -0.8450148E-01 -0.9531618E-01 -0.1056427 -0.1152262 -0.1244569 -0.1356879 -0.1567052 -0.1928351 -0.1928351 -9999.000 -9999.000 -9999.000 -9999.000 -9999.000 -9999.000 -9999.000 -9999.000 -9999.000 -9999.000 -9999.000 -9999.000 -9999.000 -9999.000 -9999.000 -9999.000 -9999.000 -9999.000 -9999.000 -9999.000 -9999.000 -9999.000 -9999.000 -9999.000 -9999.000 -9999.000 -9999.000 -9999.000
-9999.000 -9999.000 -9999.000 -9999.000 -9999.000 -9999.000 -9999.000 -9999.000 -9999.000 -9999.000 -9999.000 -9999.000 -9999.000 -9999.000 -9999.000 -0.6680566E-01 -0.4062767E-01 -0.3170848E-01 -0.3512061E-01 -0.4474527E-01 -0.5666340E-01 -0.6971677E-01 -0.8290691E-01 -0.9522377E-01 -0.1070163 -0.1179645 -0.1285298 -0.1414607 -0.1658661 -0.2109767 -0.2109767 -9999.000 -9999.000 -9999.000 -9999.000 -9999.000 -9999.000 -9999.000 -9999.000 -9999.000 -9999.000 -9999.000 -9999.000 -9999.000 -9999.000 -9999.000 -9999.000 -9999.000 -9999.000 -9999.000 -9999.000 -9999.000 -9999.000 -9999.000 -9999.000 -9999.000 -9999.000 -9999.000 -9999.000
-9999.000 -9999.000 -9999.000 -9999.000 -9999.000 -9999.000 -9999.000 -9999.000 -9999.000 -9999.000 -9999.000 -9999.000 -9999.000 -9999.000 -9999.000 -0.6158891E-01 -0.3308454E-01 -0.2333288E-01 -0.2733601E-01 -0.3822972E-01 -0.5164040E-01 -0.6632552E-01 -0.8115944E-01 -0.9499698E-01 -0.1082826 -0.1206175 -0.1325481 -0.1472691 -0.1753777 -0.2315201 -0.2315201 -9999.000 -9999.000 -9999.000 -9999.000 -9999.000 -9999.000 -9999.000 -9999.000 -9999.000 -9999.000 -9999.000 -9999.000 -9999.000 -9999.000 -9999.000 -9999.000 -9999.000 -9999.000 -9999.000 -9999.000 -9999.000 -9999.000 -9999.000 -9999.000 -9999.000 -9999.000 -9999.000 -9999.000
-9999.000 -9999.000 -9999.000 -9999.000 -9999.000 -9999.000 -9999.000 -9999.000 -9999.000 -9999.000 -9999.000 -9999.000 -9999.000 -9999.000 -9999.000 -0.5577010E-01 -0.2508328E-01 -0.1454427E-01 -0.1920463E-01 -0.3142248E-01 -0.4636160E-01 -0.6271373E-01 -0.7921893E-01 -0.9458899E-01 -0.1093903 -0.1231270 -0.1364481 -0.1530570 -0.1852397 -0.2551297 -0.2551297 -9999.000 -9999.000 -9999.000 -9999.000 -9999.000 -9999.000 -9999.000 -9999.000 -9999.000 -9999.000 -9999.000 -9999.000 -9999.000 -9999.000 -9999.000 -9999.000 -9999.000 -9999.000 -9999.000 -9999.000 -9999.000 -9999.000 -9999.000 -9999.000 -9999.000 -9999.000 -9999.000 -9999.000
-9999.000 -9999.000 -9999.000 -9999.000 -9999.000 -9999.000 -9999.000 -9999.000 -9999.000 -9999.000 -9999.000 -9999.000 -9999.000 -9999.000 -9999.000 -0.4923832E-01 -0.1654498E-01 -0.5276108E-02 -0.1067105E-01 -0.2427366E-01 -0.4077721E-01 -0.5883000E-01 -0.7702924E-01 -0.9393515E-01 -0.1102675 -0.1254097 -0.1401370 -0.1587375 -0.1954310 -0.2827421 -0.2827421 -9999.000 -9999.000 -9999.000 -9999.000 -9999.000 -9999.000 -9999.000 -9999.000 -9999.000 -9999.000 -9999.000 -9999.000 -9999.000 -9999.000 -9999.000 -9999.000 -9999.000 -9999.000 -9999.000 -9999.000 -9999.000 -9999.000 -9999.000 -9999.000 -9999.000 -9999.000 -9999.000 -9999.000
-9999.000 -9999.000 -9999.000 -9999.000 -9999.000 -9999.000 -9999.000 -9999.000 -9999.000 -9999.000 -9999.000 -9999.000 -9999.000 -9999.000 -9999.000 -0.4154190E-01 -0.7159821E-02 0.4633571E-02 -0.1694962E-02 -0.1676788E-01 -0.3487931E-01 -0.5466450E-01 -0.7456935E-01 -0.9299458E-01 -0.1108549 -0.1273821 -0.1435086 -0.1642024 -0.2059197 -0.3157633 -0.3157633 -9999.000 -9999.000 -9999.000 -9999.000 -9999.000 -9999.000 -9999.000 -9999.000 -9999.000 -9999.000 -9999.000 -9999.000 -9999.000 -9999.000 -9999.000 -9999.000 -9999.000 -9999.000 -9999.000 -9999.000 -9999.000 -9999.000 -9999.000 -9999.000 -9999.000 -9999.000 -9999.000 -9999.000
-9999.000 -9999.000 -9999.000 -9999.000 -9999.000 -9999.000 -9999.000 -9999.000 -9999.000 -9999.000 -9999.000 -9999.000 -9999.000 -9999.000 -9999.000 -0.2166203E-02 0.1279012E-01 0.1354919E-01 0.9015839E-03 -0.1576745E-01 -0.3463524E-01 -0.5522728E-01 -0.7590249E-01 -0.9495851E-01 -0.1135770 -0.1308012 -0.1477537 -0.1701448 -0.2168625 -0.3540070 -0.3540070 -9999.000 -9999.000 -9999.000 -9999.000 -9999.000 -9999.000 -9999.000 -9999.000 -9999.000 -9999.000 -9999.000 -9999.000 -9999.000 -9999.000 -9999.000 -9999.000 -9999.000 -9999.000 -9999.000 -9999.000 -9999.000 -9999.000 -9999.000 -9999.000 -9999.000 -9999.000 -9999.000 -9999.000
-0.3831428E-02 -0.3831428E-02 -0.5005885E-02 -0.7128837E-02 -0.6587881E-02 -0.6587881E-02 -0.6405841E-02 -0.6335091E-02 -0.6335091E-02 -0.6320662E-02 -0.6320662E-02 -0.6297616E-02 -0.6283191E-02 -0.6267370E-02 -0.6254143E-02 -0.6254143E-02 0.2477071E-01 0.1931192E-01 0.4234887E-02 -0.1679821E-01 -0.4224567E-01 -0.7098139E-01 -0.1015020 -0.1321118 -0.1619668 -0.1900414 -0.2159922 -0.2416138 -0.2750773 -0.3555373 -0.3555373 -0.1963829 -0.1050525 -0.3593397E-01 -0.2675064E-01 -0.2675064E-01 -0.1967645E-01 -0.1967645E-01 -0.6857283E-02 -0.6857283E-02 0.4345053E-02 0.2714643E-01 0.2714643E-01 0.5849544E-02 0.5849544E-02 -0.3582791E-02 -0.3582791E-02 -0.3582791E-02 0.4615987E-03 0.4615987E-03 0.1141737E-02 0.1141737E-02 0.1918548E-03 0.1918548E-03 -0.1105359E-02 -0.1105359E-02 -0.2347160E-02 -0.2347160E-02 -0.2347160E-02
-0.5586943E-02 -0.5586943E-02 -0.6702630E-02 -0.1050879E-01 -0.9391002E-02 -0.9391002E-02 -0.8997662E-02 -0.8890020E-02 -0.8890020E-02 -0.8907110E-02 -0.8907110E-02 -0.8899665E-02 -0.8889426E-02 -0.8877302E-02 -0.8880396E-02 -0.8880396E-02 0.2014643E-01 0.1513110E-01 -0.5623583E-03 -0.2632342E-01 -0.6022633E-01 -0.1002246 -0.1445458 -0.1914610 -0.2388926 -0.2852109 -0.3287346 -0.3676749 -0.3999963 -0.4239785 -0.4239785 -0.2867573 -0.1900557 -0.9821857E-01 -0.7995315E-01 -0.7995315E-01 -0.5536682E-01 -0.5536682E-01 -0.1184106E-01 -0.1184106E-01 0.2152634E-01 0.8647970E-01 0.8647970E-01 0.6708831E-01 0.6708831E-01 0.1342984E-01 0.1342984E-01 0.1342984E-01 0.6652625E-02 0.6652625E-02 0.2207133E-02 0.2207133E-02 -0.1954211E-02 -0.1954211E-02 -0.5578557E-02 -0.5578557E-02 -0.8365169E-02 -0.8365169E-02 -0.8365169E-02
-0.3969782E-02 -0.3969782E-02 -0.5322883E-02 -0.9100378E-02 -0.8084264E-02 -0.8084264E-02 -0.7614306E-02 -0.7484050E-02 -0.7484050E-02 -0.7539852E-02 -0.7539852E-02 -0.7560854E-02 -0.7562499E-02 -0.7562535E-02 -0.7600729E-02 -0.7600729E-02 0.1231839E-01 0.7203421E-02 -0.8689239E-02 -0.3485585E-01 -0.6991950E-01 -0.1122376 -0.1603218 -0.2127685 -0.2678849 -0.3241181 -0.3797813 -0.4328201 -0.4803441 -0.5151537 -0.5151537 -0.4252683 -0.3410476 -0.2255451 -0.1880230 -0.1880230 -0.1189724 -0.1189724 -0.1572723E-01 -0.1572723E-01 0.5054534E-01 0.1673456 0.1673456 0.1783907 0.1783907 0.6180211E-01 0.6180211E-01 0.6180211E-01 0.2367062E-01 0.2367062E-01 0.3918027E-02 0.3918027E-02 -0.7824626E-02 -0.7824626E-02 -0.1547945E-01 -0.1547945E-01 -0.2010030E-01 -0.2010030E-01 -0.2010030E-01
-0.2420608E-02 -0.2420608E-02 -0.5022084E-02 -0.7365196E-02 -0.6552473E-02 -0.6552473E-02 -0.6107297E-02 -0.5970562E-02 -0.5970562E-02 -0.6031103E-02 -0.6031103E-02 -0.6051829E-02 -0.6053116E-02 -0.6053113E-02 -0.6118080E-02 -0.6118080E-02 0.4291763E-02 -0.2838723E-02 -0.2011481E-01 -0.4713860E-01 -0.8288836E-01 -0.1260540 -0.1753651 -0.2296517 -0.2876073 -0.3479758 -0.4094000 -0.4701398 -0.5274773 -0.5742877 -0.5742877 -0.5310594 -0.4705585 -0.3570748 -0.3051717 -0.3051717 -0.1815131 -0.1815131 -0.5653406E-02 -0.5653406E-02 0.8867908E-01 0.2324126 0.2324126 0.2626151 0.2626151 0.1193013 0.1193013 0.1193013 0.4800048E-01 0.4800048E-01 0.7819100E-02 0.7819100E-02 -0.1474919E-01 -0.1474919E-01 -0.2771531E-01 -0.2771531E-01 -0.3430342E-01 -0.3430342E-01 -0.3430342E-01
-0.9986679E-03 -0.9986679E-03 -0.4602389E-02 -0.5638985E-02 -0.4985924E-02 -0.4985924E-02 -0.4597166E-02 -0.4466807E-02 -0.4466807E-02 -0.4521588E-02 -0.4521588E-02 -0.4539003E-02 -0.4539848E-02 -0.4539722E-02 -0.4638107E-02 -0.4638107E-02 -0.3915115E-02 -0.1482022E-01 -0.3497218E-01 -0.6401636E-01 -0.1011575 -0.1453672 -0.1955901 -0.2508335 -0.3100464 -0.3721940 -0.4361902 -0.5006650 -0.5633943 -0.6184145 -0.6184145 -0.6107181 -0.5751439 -0.4733787 -0.4069536 -0.4069536 -0.2162708 -0.2162708 0.2363558E-01 0.2363558E-01 0.1294054 0.2702811 0.2702811 0.3068495 0.3068495 0.1709237 0.1709237 0.1709237 0.7640265E-01 0.7640265E-01 0.1575228E-01 0.1575228E-01 -0.1956304E-01 -0.1956304E-01 -0.3913505E-01 -0.3913505E-01 -0.4817153E-01 -0.4817153E-01 -0.4817153E-01
0.1709992E-03 0.1709992E-03 -0.3821061E-02 -0.3836693E-02 -0.3358047E-02 -0.3358047E-02 -0.3071522E-02 -0.2972418E-02 -0.2972418E-02 -0.3013790E-02 -0.3013790E-02 -0.3026295E-02 -0.3026791E-02 -0.3026627E-02 -0.3169138E-02 -0.3169138E-02 -0.1274058E-01 -0.2902039E-01 -0.5364342E-01 -0.8609714E-01 -0.1256663 -0.1715348 -0.2228775 -0.2789107 -0.3388247 -0.4017951 -0.4669489 -0.5332018 -0.5987884 -0.6589869 -0.6589869 -0.6758927 -0.6612445 -0.5641722 -0.4731155 -0.4731155 -0.2051850 -0.2051850 0.6185459E-01 0.6185459E-01 0.1593460 0.2789024 0.2789024 0.3160882 0.3160882 0.2078740 0.2078740 0.2078740 0.1048160 0.1048160 0.2778562E-01 0.2778562E-01 -0.2069560E-01 -0.2069560E-01 -0.4796211E-01 -0.4796211E-01 -0.6009763E-01 -0.6009763E-01 -0.6009763E-01
0.4331994E-03 0.4331994E-03 -0.2175437E-02 -0.1932296E-02 -0.1681733E-02 -0.1681733E-02 -0.1534817E-02 -0.1484440E-02 -0.1484440E-02 -0.1506756E-02 -0.1506756E-02 -0.1513336E-02 -0.1513562E-02 -0.1513240E-02 -0.1715236E-02 -0.1715236E-02 -0.2288334E-01 -0.4612964E-01 -0.7688895E-01 -0.1142738 -0.1574988 -0.2058700 -0.2587737 -0.3156651 -0.3760031 -0.4392182 -0.5046747 -0.5715523 -0.6384702 -0.7016781 -0.7016781 -0.7345207 -0.7339628 -0.6153975 -0.4815871 -0.4815871 -0.1533607 -0.1533607 0.9069709E-01 0.9069709E-01 0.1686472 0.2637040 0.2637040 0.3006668 0.3006668 0.2264442 0.2264442 0.2264442 0.1285851 0.1285851 0.4233928E-01 0.4233928E-01 -0.1774642E-01 -0.1774642E-01 -0.5311534E-01 -0.5311534E-01 -0.6891415E-01 -0.6891415E-01 -0.6891415E-01
0.6729709E-07 0.6729709E-07 -0.4146997E-07 0.1330486E-06 0.5845428E-07 0.5845428E-07 0.1069274E-06 0.8690478E-07 0.8690478E-07 0.4438621E-07 0.4438621E-07 0.3399784E-08 0.9968097E-07 0.1344344E-06 -0.2824529E-03 -0.2824529E-03 -0.3535698E-01 -0.6732786E-01 -0.1059920 -0.1499062 -0.1981001 -0.2499288 -0.3049613 -0.3629010 -0.4234981 -0.4864830 -0.5515101 -0.6180539 -0.6850705 -0.7493377 -0.7493377 -0.7904379 -0.7925957 -0.6029196 -0.4186819 -0.4186819 -0.8982468E-01 -0.8982468E-01 0.9888777E-01 0.9888777E-01 0.1572910 0.2334338 0.2334338 0.2704542 0.2704542 0.2271667 0.2271667 0.2271667 0.1436904 0.1436904 0.5664789E-01 0.5664789E-01 -0.1135924E-01 -0.1135924E-01 -0.5406481E-01 -0.5406481E-01 -0.7368827E-01 -0.7368827E-01 -0.7368827E-01
-0.4331925E-03 -0.4331925E-03 0.2175336E-02 0.1932445E-02 0.1681852E-02 0.1681852E-02 0.1535068E-02 0.1484667E-02 0.1484667E-02 0.1506862E-02 0.1506862E-02 0.1513381E-02 0.1513538E-02 0.1513463E-02 0.1120494E-02 0.1120494E-02 -0.5168743E-01 -0.9451686E-01 -0.1430282 -0.1951155 -0.2495800 -0.3058061 -0.3635413 -0.4227465 -0.4834766 -0.5457891 -0.6096700 -0.6749213 -0.7407488 -0.8035327 -0.8035327 -0.8428993 -0.8244256 -0.5075116 -0.3049371 -0.3049371 -0.4405082E-01 -0.4405082E-01 0.8831812E-01 0.8831812E-01 0.1325663 0.1960636 0.1960636 0.2325964 0.2325964 0.2130854 0.2130854 0.2130854 0.1478271 0.1478271 0.6758472E-01 0.6758472E-01 -0.3025229E-02 -0.3025229E-02 -0.5084483E-01 -0.5084483E-01 -0.7375462E-01 -0.7375462E-01 -0.7375462E-01
-0.1711002E-03 -0.1711002E-03 0.3821077E-02 0.3836697E-02 0.3358094E-02 0.3358094E-02 0.3071681E-02 0.2972597E-02 0.2972597E-02 0.3013763E-02 0.3013763E-02 0.3026227E-02 0.3026700E-02 0.3026637E-02 0.2481143E-02 0.2481143E-02 -0.7427368E-01 -0.1306969 -0.1912224 -0.2531072 -0.3149971 -0.3763759 -0.4372212 -0.4977851 -0.5584463 -0.6196033 -0.6815913 -0.7445388 -0.8075622 -0.8639079 -0.8639079 -0.8807101 -0.7927349 -0.3542167 -0.1925997 -0.1925997 -0.2439711E-01 -0.2439711E-01 0.6791040E-01 0.6791040E-01 0.1028172 0.1569743 0.1569743 0.1915344 0.1915344 0.1880566 0.1880566 0.1880566 0.1407363 0.1407363 0.7259583E-01 0.7259583E-01 0.5309592E-02 0.5309592E-02 -0.4402678E-01 -0.4402678E-01 -0.6879515E-01 -0.6879515E-01 -0.6879515E-01
0.9987468E-03 0.9987468E-03 0.4602507E-02 0.5638927E-02 0.4986088E-02 0.4986088E-02 0.4597237E-02 0.4466855E-02 0.4466855E-02 0.4521499E-02 0.4521499E-02 0.4538984E-02 0.4539730E-02 0.4539661E-02 0.3783988E-02 0.3783988E-02 -0.1071115 -0.1806979 -0.2556079 -0.3287360 -0.3988399 -0.4657028 -0.5296631 -0.5913414 -0.6514761 -0.7108181 -0.7700513 -0.8295339 -0.8869572 -0.9227955 -0.9227955 -0.8634835 -0.6439781 -0.2121060 -0.1193499 -0.1193499 -0.2129506E-01 -0.2129506E-01 0.4560989E-01 0.4560989E-01 0.7355423E-01 0.1190288 0.1190288 0.1498088 0.1498088 0.1557186 0.1557186 0.1557186 0.1238235 0.1238235 0.7040041E-01 0.7040041E-01 0.1178825E-01 0.1178825E-01 -0.3458234E-01 -0.3458234E-01 -0.5891808E-01 -0.5891808E-01 -0.5891808E-01
0.2420617E-02 0.2420617E-02 0.5022129E-02 0.7365262E-02 0.6552634E-02 0.6552634E-02 0.6107408E-02 0.5970771E-02 0.5970771E-02 0.6031047E-02 0.6031047E-02 0.6051768E-02 0.6053167E-02 0.6053006E-02 0.5007624E-02 0.5007624E-02 -0.1573812 -0.2526886 -0.3443170 -0.4295757 -0.5079085 -0.5797753 -0.6461020 -0.7080032 -0.7666339 -0.8231089 -0.8784482 -0.9327959 -0.9766374 -0.9429100 -0.9429100 -0.7086331 -0.3926933 -0.1249337 -0.8333573E-01 -0.8333573E-01 -0.2291695E-01 -0.2291695E-01 0.2581955E-01 0.2581955E-01 0.4744650E-01 0.8359191E-01 0.8359191E-01 0.1089526 0.1089526 0.1191377 0.1191377 0.1191377 0.9945520E-01 0.9945520E-01 0.6118372E-01 0.6118372E-01 0.1519482E-01 0.1519482E-01 -0.2363610E-01 -0.2363610E-01 -0.4471865E-01 -0.4471865E-01 -0.4471865E-01
