cruce_test.gid/Rasters/Hydraulic/Velocity__y_126.0.asc
NCOLS        79
NROWS        79
XLLCENTER         -1.500000
YLLCENTER         -4.800000
CELLSIZE           0.100
NODATA_VALUE     -9999.0
[rows 0 to 25 of 79, columns 0 to 58 of 79]
-9999.000 -9999.000 -9999.000 -9999.000 -9999.000 -9999.000 -9999.000 -9999.000 -9999.000 -9999.000 -9999.000 -9999.000 -9999.000 -9999.000 -9999.000 -0.1397471 -0.1385724 -0.1385164 -0.1386206 -0.1388078 -0.1390371 -0.1392770 -0.1395048 -0.1396962 -0.1398658 -0.1400726 -0.1404601 -0.1413365 -0.1432732 -0.1436700 -0.1436700 -9999.000 -9999.000 -9999.000 -9999.000 -9999.000 -9999.000 -9999.000 -9999.000 -9999.000 -9999.000 -9999.000 -9999.000 -9999.000 -9999.000 -9999.000 -9999.000 -9999.000 -9999.000 -9999.000 -9999.000 -9999.000 -9999.000 -9999.000 -9999.000 -9999.000 -9999.000 -9999.000 -9999.000
-9999.000 -9999.000 -9999.000 -9999.000 -9999.000 -9999.000 -9999.000 -9999.000 -9999.000 -9999.000 -9999.000 -9999.000 -9999.000 -9999.000 -9999.000 -0.1377416 -0.1352747 -0.1351433 -0.1353688 -0.1357885 -0.1363136 -0.1368750 -0.1374233 -0.1379075 -0.1383605 -0.1389090 -0.1398567 -0.1418438 -0.1460418 -0.1474106 -0.1474106 -9999.000 -9999.000 -9999.000 -9999.000 -9999.000 -9999.000 -9999.000 -9999.000 -9999.000 -9999.000 -9999.000 -9999.000 -9999.000 -9999.000 -9999.000 -9999.000 -9999.000 -9999.000 -9999.000 -9999.000 -9999.000 -9999.000 -9999.000 -9999.000 -9999.000 -9999.000 -9999.000 -9999.000
-9999.000 -9999.000 -9999.000 -9999.000 -9999.000 -9999.000 -9999.000 -9999.000 -9999.000 -9999.000 -9999.000 -9999.000 -9999.000 -9999.000 -9999.000 -0.1344538 -0.1306174 -0.1304122 -0.1308301 -0.1316080 -0.1325976 -0.1336817 -0.1347753 -0.1357924 -0.1367860 -0.1379620 -0.1398092 -0.1433486 -0.1504300 -0.1535510 -0.1535510 -9999.000 -9999.000 -9999.000 -9999.000 -9999.000 -9999.000 -9999.000 -9999.000 -9999.000 -9999.000 -9999.000 -9999.000 -9999.000 -9999.000 -9999.000 -9999.000 -9999.000 -9999.000 -9999.000 -9999.000 -9999.000 -9999.000 -9999.000 -9999.000 -9999.000 -9999.000 -9999.000 -9999.000
-9999.000 -9999.000 -9999.000 -9999.000 -9999.000 -9999.000 -9999.000 -9999.000 -9999.000 -9999.000 -9999.000 -9999.000 -9999.000 -9999.000 -9999.000 -0.1304810 -0.1253481 -0.1250998 -0.1257651 -0.1269785 -0.1285289 -0.1302472 -0.1320093 -0.1336889 -0.1353556 -0.1372946 -0.1401860 -0.1454517 -0.1556780 -0.1612141 -0.1612141 -9999.000 -9999.000 -9999.000 -9999.000 -9999.000 -9999.000 -9999.000 -9999.000 -9999.000 -9999.000 -9999.000 -9999.000 -9999.000 -9999.000 -9999.000 -9999.000 -9999.000 -9999.000 -9999.000 -9999.000 -9999.000 -9999.000 -9999.000 -9999.000 -9999.000 -9999.000 -9999.000 -9999.000
-9999.000 -9999.000 -9999.000 -9999.000 -9999.000 -9999.000 -9999.000 -9999.000 -9999.000 -9999.000 -9999.000 -9999.000 -9999.000 -9999.000 -9999.000 -0.1259771 -0.1196085 -0.1193393 -0.1202931 -0.1220001 -0.1241832 -0.1266173 -0.1291352 -0.1315666 -0.1339959 -0.1367919 -0.1408380 -0.1479872 -0.1616364 -0.1703230 -0.1703230 -9999.000 -9999.000 -9999.000 -9999.000 -9999.000 -9999.000 -9999.000 -9999.000 -9999.000 -9999.000 -9999.000 -9999.000 -9999.000 -9999.000 -9999.000 -9999.000 -9999.000 -9999.000 -9999.000 -9999.000 -9999.000 -9999.000 -9999.000 -9999.000 -9999.000 -9999.000 -9999.000 -9999.000
-9999.000 -9999.000 -9999.000 -9999.000 -9999.000 -9999.000 -9999.000 -9999.000 -9999.000 -9999.000 -9999.000 -9999.000 -9999.000 -9999.000 -9999.000 -0.1210181 -0.1134754 -0.1132024 -0.1144756 -0.1167211 -0.1195920 -0.1228036 -0.1261431 -0.1293919 -0.1326495 -0.1363748 -0.1416712 -0.1508600 -0.1682424 -0.1809426 -0.1809426 -9999.000 -9999.000 -9999.000 -9999.000 -9999.000 -9999.000 -9999.000 -9999.000 -9999.000 -9999.000 -9999.000 -9999.000 -9999.000 -9999.000 -9999.000 -9999.000 -9999.000 -9999.000 -9999.000 -9999.000 -9999.000 -9999.000 -9999.000 -9999.000 -9999.000 -9999.000 -9999.000 -9999.000
-9999.000 -9999.000 -9999.000 -9999.000 -9999.000 -9999.000 -9999.000 -9999.000 -9999.000 -9999.000 -9999.000 -9999.000 -9999.000 -9999.000 -9999.000 -0.1156267 -0.1069822 -0.1067205 -0.1083378 -0.1111580 -0.1147616 -0.1188004 -0.1230134 -0.1271305 -0.1312674 -0.1359818 -0.1426174 -0.1540105 -0.1754833 -0.1932504 -0.1932504 -9999.000 -9999.000 -9999.000 -9999.000 -9999.000 -9999.000 -9999.000 -9999.000 -9999.000 -9999.000 -9999.000 -9999.000 -9999.000 -9999.000 -9999.000 -9999.000 -9999.000 -9999.000 -9999.000 -9999.000 -9999.000 -9999.000 -9999.000 -9999.000 -9999.000 -9999.000 -9999.000 -9999.000
-9999.000 -9999.000 -9999.000 -9999.000 -9999.000 -9999.000 -9999.000 -9999.000 -9999.000 -9999.000 -9999.000 -9999.000 -9999.000 -9999.000 -9999.000 -0.1097891 -0.1001325 -0.9989757E-01 -0.1018801 -0.1053063 -0.1096809 -0.1145889 -0.1197184 -0.1247444 -0.1298008 -0.1355558 -0.1436184 -0.1573957 -0.1833774 -0.2075351 -0.2075351 -9999.000 -9999.000 -9999.000 -9999.000 -9999.000 -9999.000 -9999.000 -9999.000 -9999.000 -9999.000 -9999.000 -9999.000 -9999.000 -9999.000 -9999.000 -9999.000 -9999.000 -9999.000 -9999.000 -9999.000 -9999.000 -9999.000 -9999.000 -9999.000 -9999.000 -9999.000 -9999.000 -9999.000
-9999.000 -9999.000 -9999.000 -9999.000 -9999.000 -9999.000 -9999.000 -9999.000 -9999.000 -9999.000 -9999.000 -9999.000 -9999.000 -9999.000 -9999.000 -0.1034643 -0.9290802E-01 -0.9271735E-01 -0.9508425E-01 -0.9914479E-01 -0.1043244 -0.1101382 -0.1162201 -0.1221877 -0.1281949 -0.1350354 -0.1446135 -0.1609767 -0.1919633 -0.2242197 -0.2242197 -9999.000 -9999.000 -9999.000 -9999.000 -9999.000 -9999.000 -9999.000 -9999.000 -9999.000 -9999.000 -9999.000 -9999.000 -9999.000 -9999.000 -9999.000 -9999.000 -9999.000 -9999.000 -9999.000 -9999.000 -9999.000 -9999.000 -9999.000 -9999.000 -9999.000 -9999.000 -9999.000 -9999.000
-9999.000 -9999.000 -9999.000 -9999.000 -9999.000 -9999.000 -9999.000 -9999.000 -9999.000 -9999.000 -9999.000 -9999.000 -9999.000 -9999.000 -9999.000 -0.9658812E-01 -0.8527218E-01 -0.8514568E-01 -0.8791535E-01 -0.9263635E-01 -0.9865200E-01 -0.1054030 -0.1124674 -0.1194009 -0.1263809 -0.1343451 -0.1455298 -0.1647069 -0.2012929 -0.2439092 -0.2439092 -9999.000 -9999.000 -9999.000 -9999.000 -9999.000 -9999.000 -9999.000 -9999.000 -9999.000 -9999.000 -9999.000 -9999.000 -9999.000 -9999.000 -9999.000 -9999.000 -9999.000 -9999.000 -9999.000 -9999.000 -9999.000 -9999.000 -9999.000 -9999.000 -9999.000 -9999.000 -9999.000 -9999.000
-9999.000 -9999.000 -9999.000 -9999.000 -9999.000 -9999.000 -9999.000 -9999.000 -9999.000 -9999.000 -9999.000 -9999.000 -9999.000 -9999.000 -9999.000 -0.8907329E-01 -0.7716832E-01 -0.7712956E-01 -0.8031981E-01 -0.8572540E-01 -0.9260491E-01 -0.1003200 -0.1083891 -0.1163036 -0.1242673 -0.1333847 -0.1462690 -0.1685207 -0.2114236 -0.2674754 -0.2674754 -9999.000 -9999.000 -9999.000 -9999.000 -9999.000 -9999.000 -9999.000 -9999.000 -9999.000 -9999.000 -9999.000 -9999.000 -9999.000 -9999.000 -9999.000 -9999.000 -9999.000 -9999.000 -9999.000 -9999.000 -9999.000 -9999.000 -9999.000 -9999.000 -9999.000 -9999.000 -9999.000 -9999.000
-9999.000 -9999.000 -9999.000 -9999.000 -9999.000 -9999.000 -9999.000 -9999.000 -9999.000 -9999.000 -9999.000 -9999.000 -9999.000 -9999.000 -9999.000 -0.8080377E-01 -0.6851615E-01 -0.6859170E-01 -0.7221948E-01 -0.7833222E-01 -0.8609928E-01 -0.9479841E-01 -0.1038854 -0.1127828 -0.1217253 -0.1320120 -0.1466879 -0.1723118 -0.2224040 -0.2962070 -0.2962070 -9999.000 -9999.000 -9999.000 -9999.000 -9999.000 -9999.000 -9999.000 -9999.000 -9999.000 -9999.000 -9999.000 -9999.000 -9999.000 -9999.000 -9999.000 -9999.000 -9999.000 -9999.000 -9999.000 -9999.000 -9999.000 -9999.000 -9999.000 -9999.000 -9999.000 -9999.000 -9999.000 -9999.000
-9999.000 -9999.000 -9999.000 -9999.000 -9999.000 -9999.000 -9999.000 -9999.000 -9999.000 -9999.000 -9999.000 -9999.000 -9999.000 -9999.000 -9999.000 -0.7162338E-01 -0.5919958E-01 -0.5941968E-01 -0.6350079E-01 -0.7033990E-01 -0.7901217E-01 -0.8870608E-01 -0.9881005E-01 -0.1086728 -0.1185645 -0.1300138 -0.1465642 -0.1758970 -0.2342442 -0.3320815 -0.3320815 -9999.000 -9999.000 -9999.000 -9999.000 -9999.000 -9999.000 -9999.000 -9999.000 -9999.000 -9999.000 -9999.000 -9999.000 -9999.000 -9999.000 -9999.000 -9999.000 -9999.000 -9999.000 -9999.000 -9999.000 -9999.000 -9999.000 -9999.000 -9999.000 -9999.000 -9999.000 -9999.000 -9999.000
-9999.000 -9999.000 -9999.000 -9999.000 -9999.000 -9999.000 -9999.000 -9999.000 -9999.000 -9999.000 -9999.000 -9999.000 -9999.000 -9999.000 -9999.000 -0.6126480E-01 -0.4901716E-01 -0.4942417E-01 -0.5398196E-01 -0.6156974E-01 -0.7116186E-01 -0.8184955E-01 -0.9294865E-01 -0.1037279 -0.1144983 -0.1270608 -0.1455396 -0.1789480 -0.2468524 -0.3783196 -0.3783196 -9999.000 -9999.000 -9999.000 -9999.000 -9999.000 -9999.000 -9999.000 -9999.000 -9999.000 -9999.000 -9999.000 -9999.000 -9999.000 -9999.000 -9999.000 -9999.000 -9999.000 -9999.000 -9999.000 -9999.000 -9999.000 -9999.000 -9999.000 -9999.000 -9999.000 -9999.000 -9999.000 -9999.000
-9999.000 -9999.000 -9999.000 -9999.000 -9999.000 -9999.000 -9999.000 -9999.000 -9999.000 -9999.000 -9999.000 -9999.000 -9999.000 -9999.000 -9999.000 -0.4248935E-01 -0.3489728E-01 -0.3706874E-01 -0.4322090E-01 -0.5232597E-01 -0.6331982E-01 -0.7525581E-01 -0.8743213E-01 -0.9908877E-01 -0.1106271 -0.1241921 -0.1445682 -0.1822944 -0.2609022 -0.4388754 -0.4388754 -9999.000 -9999.000 -9999.000 -9999.000 -9999.000 -9999.000 -9999.000 -9999.000 -9999.000 -9999.000 -9999.000 -9999.000 -9999.000 -9999.000 -9999.000 -9999.000 -9999.000 -9999.000 -9999.000 -9999.000 -9999.000 -9999.000 -9999.000 -9999.000 -9999.000 -9999.000 -9999.000 -9999.000
-0.2279104E-02 -0.2279104E-02 -0.5367566E-02 -0.5446398E-02 -0.5421371E-02 -0.5421371E-02 -0.5401238E-02 -0.5374968E-02 -0.5374968E-02 -0.5351122E-02 -0.5351122E-02 -0.5321158E-02 -0.5304632E-02 -0.5287386E-02 -0.5269788E-02 -0.5269788E-02 -0.3813307E-01 -0.4448365E-01 -0.5431385E-01 -0.6827018E-01 -0.8545376E-01 -0.1045586 -0.1243199 -0.1432701 -0.1608409 -0.1778844 -0.1970088 -0.2250101 -0.2780273 -0.4137588 -0.4137588 -0.2075829 -0.9940230E-01 -0.2162191E-01 -0.1209074E-01 -0.1209074E-01 -0.4027697E-02 -0.4027697E-02 0.7372595E-02 0.7372595E-02 0.1030702E-01 -0.2737245E-01 -0.2737245E-01 -0.8076050E-02 -0.8076050E-02 0.8648966E-02 0.8648966E-02 0.8648966E-02 0.9063103E-02 0.9063103E-02 0.7581787E-02 0.7581787E-02 0.5447838E-02 0.5447838E-02 0.3261162E-02 0.3261162E-02 0.1339066E-02 0.1339066E-02 0.1339066E-02
-0.3489733E-02 -0.3489733E-02 -0.7956742E-02 -0.7763005E-02 -0.7652622E-02 -0.7652622E-02 -0.7592561E-02 -0.7554546E-02 -0.7554546E-02 -0.7543705E-02 -0.7543705E-02 -0.7523659E-02 -0.7509850E-02 -0.7494439E-02 -0.7477861E-02 -0.7477861E-02 -0.5118272E-01 -0.6312423E-01 -0.7881996E-01 -0.1001364 -0.1265291 -0.1565709 -0.1885867 -0.2206554 -0.2511651 -0.2790771 -0.3038929 -0.3264547 -0.3503017 -0.3851770 -0.3851770 -0.2429111 -0.1453678 -0.5570770E-01 -0.3790982E-01 -0.3790982E-01 -0.1013839E-01 -0.1013839E-01 0.2983298E-01 0.2983298E-01 0.4586536E-01 -0.7658830E-02 -0.7658830E-02 -0.4146764E-02 -0.4146764E-02 0.1500949E-01 0.1500949E-01 0.1500949E-01 0.1647715E-01 0.1647715E-01 0.1350234E-01 0.1350234E-01 0.9174868E-02 0.9174868E-02 0.4946265E-02 0.4946265E-02 0.1569037E-02 0.1569037E-02 0.1569037E-02
-0.2858027E-02 -0.2858027E-02 -0.6435829E-02 -0.6630255E-02 -0.6491558E-02 -0.6491558E-02 -0.6406465E-02 -0.6366457E-02 -0.6366457E-02 -0.6384491E-02 -0.6384491E-02 -0.6394012E-02 -0.6392838E-02 -0.6389074E-02 -0.6383335E-02 -0.6383335E-02 -0.4696126E-01 -0.6440324E-01 -0.8459181E-01 -0.1100041 -0.1409246 -0.1765473 -0.2155851 -0.2566894 -0.2981631 -0.3381352 -0.3749336 -0.4069560 -0.4327858 -0.4493994 -0.4493994 -0.3539981 -0.2679246 -0.1507650 -0.1100048 -0.1100048 -0.3051558E-01 -0.3051558E-01 0.6272055E-01 0.6272055E-01 0.1019418 0.7665672E-01 0.7665672E-01 0.3216806E-01 0.3216806E-01 0.2243697E-01 0.2243697E-01 0.2243697E-01 0.1979214E-01 0.1979214E-01 0.1413736E-01 0.1413736E-01 0.7631612E-02 0.7631612E-02 0.1991090E-02 0.1991090E-02 -0.1835260E-02 -0.1835260E-02 -0.1835260E-02
-0.2244989E-02 -0.2244989E-02 -0.5005053E-02 -0.5389004E-02 -0.5241773E-02 -0.5241773E-02 -0.5139432E-02 -0.5084077E-02 -0.5084077E-02 -0.5104932E-02 -0.5104932E-02 -0.5119121E-02 -0.5119398E-02 -0.5116676E-02 -0.5112102E-02 -0.5112102E-02 -0.4101398E-01 -0.6299022E-01 -0.8748525E-01 -0.1163453 -0.1502250 -0.1888536 -0.2314355 -0.2770252 -0.3242981 -0.3715704 -0.4170330 -0.4585437 -0.4933011 -0.5152244 -0.5152244 -0.4510128 -0.3815483 -0.2549657 -0.1931597 -0.1931597 -0.5332521E-01 -0.5332521E-01 0.9289627E-01 0.9289627E-01 0.1489772 0.1612891 0.1612891 0.9143782E-01 0.9143782E-01 0.3549683E-01 0.3549683E-01 0.3549683E-01 0.2091455E-01 0.2091455E-01 0.1010819E-01 0.1010819E-01 0.1169221E-02 0.1169221E-02 -0.5330387E-02 -0.5330387E-02 -0.8818034E-02 -0.8818034E-02 -0.8818034E-02
-0.1656965E-02 -0.1656965E-02 -0.3670125E-02 -0.4094077E-02 -0.3963293E-02 -0.3963293E-02 -0.3864175E-02 -0.3806285E-02 -0.3806285E-02 -0.3825903E-02 -0.3825903E-02 -0.3840372E-02 -0.3841207E-02 -0.3839175E-02 -0.3835320E-02 -0.3835320E-02 -0.3609366E-01 -0.6197535E-01 -0.9109950E-01 -0.1239191 -0.1609363 -0.2021572 -0.2471587 -0.2953359 -0.3457564 -0.3971027 -0.4477729 -0.4956592 -0.5376512 -0.5671163 -0.5671163 -0.5311881 -0.4779796 -0.3441664 -0.2596243 -0.2596243 -0.6153449E-01 -0.6153449E-01 0.1162512 0.1162512 0.1775730 0.2142921 0.2142921 0.1491898 0.1491898 0.5359611E-01 0.5359611E-01 0.5359611E-01 0.2343366E-01 0.2343366E-01 0.5205505E-02 0.5205505E-02 -0.6866078E-02 -0.6866078E-02 -0.1418239E-01 -0.1418239E-01 -0.1695475E-01 -0.1695475E-01 -0.1695475E-01
-0.1091009E-02 -0.1091009E-02 -0.2406936E-02 -0.2755255E-02 -0.2658911E-02 -0.2658911E-02 -0.2581405E-02 -0.2534024E-02 -0.2534024E-02 -0.2549020E-02 -0.2549020E-02 -0.2560944E-02 -0.2561741E-02 -0.2560137E-02 -0.2557392E-02 -0.2557392E-02 -0.3306056E-01 -0.6249811E-01 -0.9653827E-01 -0.1340096 -0.1748370 -0.2190360 -0.2664197 -0.3166550 -0.3691448 -0.4229316 -0.4767097 -0.5286162 -0.5756877 -0.6115483 -0.6115483 -0.5971404 -0.5558898 -0.4013281 -0.2890383 -0.2890383 -0.5011686E-01 -0.5011686E-01 0.1280506 0.1280506 0.1851866 0.2327093 0.2327093 0.1895536 0.1895536 0.7505930E-01 0.7505930E-01 0.7505930E-01 0.2899944E-01 0.2899944E-01 0.1612417E-02 0.1612417E-02 -0.1461323E-01 -0.1461323E-01 -0.2300822E-01 -0.2300822E-01 -0.2491542E-01 -0.2491542E-01 -0.2491542E-01
-0.5413009E-03 -0.5413009E-03 -0.1191651E-02 -0.1385587E-02 -0.1334787E-02 -0.1334787E-02 -0.1292568E-02 -0.1265839E-02 -0.1265839E-02 -0.1273921E-02 -0.1273921E-02 -0.1280665E-02 -0.1281152E-02 -0.1280311E-02 -0.1278915E-02 -0.1278915E-02 -0.3259831E-01 -0.6573326E-01 -0.1049721 -0.1477199 -0.1930840 -0.2408485 -0.2909219 -0.3431862 -0.3973431 -0.4527807 -0.5085137 -0.5629868 -0.6135233 -0.6540257 -0.6540257 -0.6531994 -0.6140300 -0.4118086 -0.2735440 -0.2735440 -0.2956330E-01 -0.2956330E-01 0.1254528 0.1254528 0.1746638 0.2253981 0.2253981 0.2067677 0.2067677 0.9593987E-01 0.9593987E-01 0.9593987E-01 0.3746118E-01 0.3746118E-01 0.5105092E-03 0.5105092E-03 -0.2073620E-01 -0.2073620E-01 -0.3061998E-01 -0.3061998E-01 -0.3172151E-01 -0.3172151E-01 -0.3172151E-01
0.6080489E-07 0.6080489E-07 0.1256130E-07 0.1246960E-07 -0.9260035E-07 -0.9260035E-07 -0.5671645E-07 0.9708266E-07 0.9708266E-07 0.2650491E-08 0.2650491E-08 0.4610269E-07 0.2295048E-07 -0.9600066E-07 -0.1027062E-06 -0.1027062E-06 -0.3546995E-01 -0.7310024E-01 -0.1180040 -0.1665871 -0.2171317 -0.2690354 -0.3221715 -0.3765723 -0.4322077 -0.4888081 -0.5457383 -0.6017891 -0.6545616 -0.6975412 -0.6975412 -0.7000584 -0.6437091 -0.3706451 -0.2258277 -0.2258277 -0.1440383E-01 -0.1440383E-01 0.1104512 0.1104512 0.1521884 0.2028073 0.2028073 0.2034132 0.2034132 0.1115103 0.1115103 0.1115103 0.4706715E-01 0.4706715E-01 0.2092578E-02 0.2092578E-02 -0.2434024E-01 -0.2434024E-01 -0.3604145E-01 -0.3604145E-01 -0.3655232E-01 -0.3655232E-01 -0.3655232E-01
0.5413706E-03 0.5413706E-03 0.1191585E-02 0.1385450E-02 0.1334643E-02 0.1334643E-02 0.1292469E-02 0.1265961E-02 0.1265961E-02 0.1273936E-02 0.1273936E-02 0.1280738E-02 0.1281093E-02 0.1280356E-02 0.1278894E-02 0.1278894E-02 -0.4275863E-01 -0.8642434E-01 -0.1378200 -0.1928000 -0.2490264 -0.3055011 -0.3619845 -0.4185969 -0.4755392 -0.5328705 -0.5903299 -0.6470857 -0.7008388 -0.7425117 -0.7425117 -0.7298623 -0.6241400 -0.2968318 -0.1731428 -0.1731428 -0.1063456E-01 -0.1063456E-01 0.8852859E-01 0.8852859E-01 0.1243369 0.1728690 0.1728690 0.1855695 0.1855695 0.1182469 0.1182469 0.1182469 0.5517547E-01 0.5517547E-01 0.5638974E-02 0.5638974E-02 -0.2503501E-01 -0.2503501E-01 -0.3852161E-01 -0.3852161E-01 -0.3871197E-01 -0.3871197E-01 -0.3871197E-01
0.1091048E-02 0.1091048E-02 0.2406974E-02 0.2755145E-02 0.2658776E-02 0.2658776E-02 0.2581472E-02 0.2533988E-02 0.2533988E-02 0.2549029E-02 0.2549029E-02 0.2560921E-02 0.2561782E-02 0.2560271E-02 0.2557476E-02 0.2557476E-02 -0.5622855E-01 -0.1082704 -0.1674482 -0.2294479 -0.2916688 -0.3528804 -0.4127545 -0.4714747 -0.5294352 -0.5869945 -0.6442658 -0.7007753 -0.7536222 -0.7845634 -0.7845634 -0.7173257 -0.5352702 -0.2252532 -0.1346819 -0.1346819 -0.1457330E-01 -0.1457330E-01 0.6517435E-01 0.6517435E-01 0.9592495E-01 0.1404435 0.1404435 0.1590396 0.1590396 0.1149155 0.1149155 0.1149155 0.5925897E-01 0.5925897E-01 0.9811001E-02 0.9811001E-02 -0.2293582E-01 -0.2293582E-01 -0.3759852E-01 -0.3759852E-01 -0.3768698E-01 -0.3768698E-01 -0.3768698E-01
0.1656955E-02 0.1656955E-02 0.3670210E-02 0.4094046E-02 0.3963239E-02 0.3963239E-02 0.3864178E-02 0.3806162E-02 0.3806162E-02 0.3825811E-02 0.3825811E-02 0.3840493E-02 0.3841445E-02 0.3839255E-02 0.3835357E-02 0.3835357E-02 -0.7895675E-01 -0.1425806 -0.2112719 -0.2809365 -0.3491837 -0.4148789 -0.4777623 -0.5381249 -0.5965393 -0.6536276 -0.7098479 -0.7648997 -0.8125966 -0.8047864 -0.8047864 -0.6204023 -0.3990431 -0.1750423 -0.1115974 -0.1115974 -0.1989933E-01 -0.1989933E-01 0.4385292E-01 0.4385292E-01 0.6962124E-01 0.1081857 0.1081857 0.1280974 0.1280974 0.1024291 0.1024291 0.1024291 0.5778087E-01 0.5778087E-01 0.1314510E-01 0.1314510E-01 -0.1856535E-01 -0.1856535E-01 -0.3316607E-01 -0.3316607E-01 -0.3324144E-01 -0.3324144E-01 -0.3324144E-01
