cruce_test.gid/Rasters/Hydraulic/Velocity____223.0.asc
NCOLS        79
NROWS        79
XLLCENTER         -1.500000
YLLCENTER         -4.800000
CELLSIZE           0.100
NODATA_VALUE     -9999.0
[rows 0 to 26 of 79, columns 0 to 59 of 79]
-9999.000 -9999.000 -9999.000 -9999.000 -9999.000 -9999.000 -9999.000 -9999.000 -9999.000 -9999.000 -9999.000 -9999.000 -9999.000 -9999.000 -9999.000 0.8924214E-01 0.8593270E-01 0.8451855E-01 0.8416042E-01 0.8516531E-01 0.8663451E-01 0.8805373E-01 0.8924447E-01 0.9010150E-01 0.9061749E-01 0.9088196E-01 0.9097973E-01 0.9111273E-01 0.9187265E-01 0.9285501E-01 0.9285501E-01 -9999.000 -9999.000 -9999.000 -9999.000 -9999.000 -9999.000 -9999.000 -9999.000 -9999.000 -9999.000 -9999.000 -9999.000 -9999.000 -9999.000 -9999.000 -9999.000 -9999.000 -9999.000 -9999.000 -9999.000 -9999.000 -9999.000 -9999.000 -9999.000 -9999.000 -9999.000 -9999.000 -9999.000 -9999.000
-9999.000 -9999.000 -9999.000 -9999.000 -9999.000 -9999.000 -9999.000 -9999.000 -9999.000 -9999.000 -9999.000 -9999.000 -9999.000 -9999.000 -9999.000 0.9022539E-01 0.8328377E-01 0.8041430E-01 0.7973050E-01 0.8175357E-01 0.8466893E-01 0.8751299E-01 0.8997607E-01 0.9185450E-01 0.9311053E-01 0.9390038E-01 0.9438134E-01 0.9498227E-01 0.9699964E-01 0.9974526E-01 0.9974526E-01 -9999.000 -9999.000 -9999.000 -9999.000 -9999.000 -9999.000 -9999.000 -9999.000 -9999.000 -9999.000 -9999.000 -9999.000 -9999.000 -9999.000 -9999.000 -9999.000 -9999.000 -9999.000 -9999.000 -9999.000 -9999.000 -9999.000 -9999.000 -9999.000 -9999.000 -9999.000 -9999.000 -9999.000 -9999.000
-9999.000 -9999.000 -9999.000 -9999.000 -9999.000 -9999.000 -9999.000 -9999.000 -9999.000 -9999.000 -9999.000 -9999.000 -9999.000 -9999.000 -9999.000 0.9032772E-01 0.7941144E-01 0.7480828E-01 0.7367807E-01 0.7680023E-01 0.8132073E-01 0.8579215E-01 0.8979017E-01 0.9301980E-01 0.9541208E-01 0.9718339E-01 0.9853967E-01 0.1001222 0.1039684 0.1093086 0.1093086 -9999.000 -9999.000 -9999.000 -9999.000 -9999.000 -9999.000 -9999.000 -9999.000 -9999.000 -9999.000 -9999.000 -9999.000 -9999.000 -9999.000 -9999.000 -9999.000 -9999.000 -9999.000 -9999.000 -9999.000 -9999.000 -9999.000 -9999.000 -9999.000 -9999.000 -9999.000 -9999.000 -9999.000 -9999.000
-9999.000 -9999.000 -9999.000 -9999.000 -9999.000 -9999.000 -9999.000 -9999.000 -9999.000 -9999.000 -9999.000 -9999.000 -9999.000 -9999.000 -9999.000 0.8994936E-01 0.7505374E-01 0.6869628E-01 0.6713121E-01 0.7137547E-01 0.7750653E-01 0.8361650E-01 0.8919258E-01 0.9385841E-01 0.9751146E-01 0.1004206 0.1028249 0.1055658 0.1114402 0.1198920 0.1198920 -9999.000 -9999.000 -9999.000 -9999.000 -9999.000 -9999.000 -9999.000 -9999.000 -9999.000 -9999.000 -9999.000 -9999.000 -9999.000 -9999.000 -9999.000 -9999.000 -9999.000 -9999.000 -9999.000 -9999.000 -9999.000 -9999.000 -9999.000 -9999.000 -9999.000 -9999.000 -9999.000 -9999.000 -9999.000
-9999.000 -9999.000 -9999.000 -9999.000 -9999.000 -9999.000 -9999.000 -9999.000 -9999.000 -9999.000 -9999.000 -9999.000 -9999.000 -9999.000 -9999.000 0.8931068E-01 0.7038786E-01 0.6226397E-01 0.6030838E-01 0.6572504E-01 0.7347903E-01 0.8123134E-01 0.8840786E-01 0.9455570E-01 0.9953665E-01 0.1036687 0.1072137 0.1112156 0.1192680 0.1313562 0.1313562 -9999.000 -9999.000 -9999.000 -9999.000 -9999.000 -9999.000 -9999.000 -9999.000 -9999.000 -9999.000 -9999.000 -9999.000 -9999.000 -9999.000 -9999.000 -9999.000 -9999.000 -9999.000 -9999.000 -9999.000 -9999.000 -9999.000 -9999.000 -9999.000 -9999.000 -9999.000 -9999.000 -9999.000 -9999.000
-9999.000 -9999.000 -9999.000 -9999.000 -9999.000 -9999.000 -9999.000 -9999.000 -9999.000 -9999.000 -9999.000 -9999.000 -9999.000 -9999.000 -9999.000 0.8847716E-01 0.6547500E-01 0.5559504E-01 0.5334235E-01 0.6000450E-01 0.6938823E-01 0.7877427E-01 0.8755766E-01 0.9521116E-01 0.1015577 0.1069629 0.1117044 0.1170368 0.1274026 0.1437221 0.1437221 -9999.000 -9999.000 -9999.000 -9999.000 -9999.000 -9999.000 -9999.000 -9999.000 -9999.000 -9999.000 -9999.000 -9999.000 -9999.000 -9999.000 -9999.000 -9999.000 -9999.000 -9999.000 -9999.000 -9999.000 -9999.000 -9999.000 -9999.000 -9999.000 -9999.000 -9999.000 -9999.000 -9999.000 -9999.000
-9999.000 -9999.000 -9999.000 -9999.000 -9999.000 -9999.000 -9999.000 -9999.000 -9999.000 -9999.000 -9999.000 -9999.000 -9999.000 -9999.000 -9999.000 0.8744739E-01 0.6032497E-01 0.4873205E-01 0.4634668E-01 0.5433986E-01 0.6533601E-01 0.7632624E-01 0.8670794E-01 0.9587643E-01 0.1036104 0.1103223 0.1162979 0.1230166 0.1358357 0.1571001 0.1571001 -9999.000 -9999.000 -9999.000 -9999.000 -9999.000 -9999.000 -9999.000 -9999.000 -9999.000 -9999.000 -9999.000 -9999.000 -9999.000 -9999.000 -9999.000 -9999.000 -9999.000 -9999.000 -9999.000 -9999.000 -9999.000 -9999.000 -9999.000 -9999.000 -9999.000 -9999.000 -9999.000 -9999.000 -9999.000
-9999.000 -9999.000 -9999.000 -9999.000 -9999.000 -9999.000 -9999.000 -9999.000 -9999.000 -9999.000 -9999.000 -9999.000 -9999.000 -9999.000 -9999.000 0.8618774E-01 0.5492477E-01 0.4171360E-01 0.3947866E-01 0.4887441E-01 0.6141284E-01 0.7394583E-01 0.8589966E-01 0.9658121E-01 0.1057138 0.1137563 0.1209952 0.1291512 0.1445787 0.1716665 0.1716665 -9999.000 -9999.000 -9999.000 -9999.000 -9999.000 -9999.000 -9999.000 -9999.000 -9999.000 -9999.000 -9999.000 -9999.000 -9999.000 -9999.000 -9999.000 -9999.000 -9999.000 -9999.000 -9999.000 -9999.000 -9999.000 -9999.000 -9999.000 -9999.000 -9999.000 -9999.000 -9999.000 -9999.000 -9999.000
-9999.000 -9999.000 -9999.000 -9999.000 -9999.000 -9999.000 -9999.000 -9999.000 -9999.000 -9999.000 -9999.000 -9999.000 -9999.000 -9999.000 -9999.000 0.8464641E-01 0.4924996E-01 0.3461205E-01 0.3302516E-01 0.4381185E-01 0.5772257E-01 0.7168909E-01 0.8516773E-01 0.9734805E-01 0.1078811 0.1172717 0.1257967 0.1354400 0.1536511 0.1876625 0.1876625 -9999.000 -9999.000 -9999.000 -9999.000 -9999.000 -9999.000 -9999.000 -9999.000 -9999.000 -9999.000 -9999.000 -9999.000 -9999.000 -9999.000 -9999.000 -9999.000 -9999.000 -9999.000 -9999.000 -9999.000 -9999.000 -9999.000 -9999.000 -9999.000 -9999.000 -9999.000 -9999.000 -9999.000 -9999.000
-9999.000 -9999.000 -9999.000 -9999.000 -9999.000 -9999.000 -9999.000 -9999.000 -9999.000 -9999.000 -9999.000 -9999.000 -9999.000 -9999.000 -9999.000 0.8275665E-01 0.4327299E-01 0.2760333E-01 0.2755786E-01 0.3946212E-01 0.5439861E-01 0.6962135E-01 0.8454932E-01 0.9819963E-01 0.1101261 0.1208748 0.1307028 0.1418840 0.1630790 0.2054083 0.2054083 -9999.000 -9999.000 -9999.000 -9999.000 -9999.000 -9999.000 -9999.000 -9999.000 -9999.000 -9999.000 -9999.000 -9999.000 -9999.000 -9999.000 -9999.000 -9999.000 -9999.000 -9999.000 -9999.000 -9999.000 -9999.000 -9999.000 -9999.000 -9999.000 -9999.000 -9999.000 -9999.000 -9999.000 -9999.000
-9999.000 -9999.000 -9999.000 -9999.000 -9999.000 -9999.000 -9999.000 -9999.000 -9999.000 -9999.000 -9999.000 -9999.000 -9999.000 -9999.000 -9999.000 0.8043766E-01 0.3696933E-01 0.2116402E-01 0.2414195E-01 0.3627979E-01 0.5162036E-01 0.6782775E-01 0.8409265E-01 0.9916641E-01 0.1124664 0.1245759 0.1357170 0.1484856 0.1728926 0.2253318 0.2253318 -9999.000 -9999.000 -9999.000 -9999.000 -9999.000 -9999.000 -9999.000 -9999.000 -9999.000 -9999.000 -9999.000 -9999.000 -9999.000 -9999.000 -9999.000 -9999.000 -9999.000 -9999.000 -9999.000 -9999.000 -9999.000 -9999.000 -9999.000 -9999.000 -9999.000 -9999.000 -9999.000 -9999.000 -9999.000
-9999.000 -9999.000 -9999.000 -9999.000 -9999.000 -9999.000 -9999.000 -9999.000 -9999.000 -9999.000 -9999.000 -9999.000 -9999.000 -9999.000 -9999.000 0.7758962E-01 0.3033426E-01 0.1662027E-01 0.2415702E-01 0.3485190E-01 0.4963226E-01 0.6642943E-01 0.8386905E-01 0.1002945 0.1149319 0.1283935 0.1408472 0.1552506 0.1831276 0.2480147 0.2480147 -9999.000 -9999.000 -9999.000 -9999.000 -9999.000 -9999.000 -9999.000 -9999.000 -9999.000 -9999.000 -9999.000 -9999.000 -9999.000 -9999.000 -9999.000 -9999.000 -9999.000 -9999.000 -9999.000 -9999.000 -9999.000 -9999.000 -9999.000 -9999.000 -9999.000 -9999.000 -9999.000 -9999.000 -9999.000
-9999.000 -9999.000 -9999.000 -9999.000 -9999.000 -9999.000 -9999.000 -9999.000 -9999.000 -9999.000 -9999.000 -9999.000 -9999.000 -9999.000 -9999.000 0.7406016E-01 0.2344433E-01 0.1667196E-01 0.2827791E-01 0.3587526E-01 0.4886300E-01 0.6568427E-01 0.8404824E-01 0.1017024 0.1176059 0.1323855 0.1461299 0.1622033 0.1938341 0.2742695 0.2742695 -9999.000 -9999.000 -9999.000 -9999.000 -9999.000 -9999.000 -9999.000 -9999.000 -9999.000 -9999.000 -9999.000 -9999.000 -9999.000 -9999.000 -9999.000 -9999.000 -9999.000 -9999.000 -9999.000 -9999.000 -9999.000 -9999.000 -9999.000 -9999.000 -9999.000 -9999.000 -9999.000 -9999.000 -9999.000
-9999.000 -9999.000 -9999.000 -9999.000 -9999.000 -9999.000 -9999.000 -9999.000 -9999.000 -9999.000 -9999.000 -9999.000 -9999.000 -9999.000 -9999.000 0.6853966E-01 0.1821809E-01 0.2732875E-01 0.4083523E-01 0.4483458E-01 0.5415883E-01 0.6919367E-01 0.8720517E-01 0.1052329 0.1218103 0.1374901 0.1522170 0.1697828 0.2053241 0.3054472 0.3054472 -9999.000 -9999.000 -9999.000 -9999.000 -9999.000 -9999.000 -9999.000 -9999.000 -9999.000 -9999.000 -9999.000 -9999.000 -9999.000 -9999.000 -9999.000 -9999.000 -9999.000 -9999.000 -9999.000 -9999.000 -9999.000 -9999.000 -9999.000 -9999.000 -9999.000 -9999.000 -9999.000 -9999.000 -9999.000
-9999.000 -9999.000 -9999.000 -9999.000 -9999.000 -9999.000 -9999.000 -9999.000 -9999.000 -9999.000 -9999.000 -9999.000 -9999.000 -9999.000 -9999.000 0.1077668 0.1659814 0.1954281 0.1869753 0.1576105 0.1392529 0.1281579 0.1255178 0.1295938 0.1376428 0.1485474 0.1608946 0.1781269 0.2170342 0.3408566 0.3408566 -9999.000 -9999.000 -9999.000 -9999.000 -9999.000 -9999.000 -9999.000 -9999.000 -9999.000 -9999.000 -9999.000 -9999.000 -9999.000 -9999.000 -9999.000 -9999.000 -9999.000 -9999.000 -9999.000 -9999.000 -9999.000 -9999.000 -9999.000 -9999.000 -9999.000 -9999.000 -9999.000 -9999.000 -9999.000
2.886137 2.886137 2.905122 2.905522 2.925901 2.925901 2.928658 2.928173 2.928173 2.923997 2.923997 2.917307 2.913278 2.908901 2.904639 2.904639 3.068796 3.073600 3.074818 3.071982 3.039599 2.983891 2.904980 2.801485 2.674891 2.529160 2.366642 2.196037 2.041929 1.979524 1.979524 2.799961 2.976170 3.083174 3.110880 3.110880 3.150027 3.150027 3.142610 3.142610 3.104213 2.937271 2.937271 2.631001 2.631001 2.208413 2.208413 2.208413 2.175956 2.175956 2.200900 2.200900 2.247390 2.247390 2.297828 2.297828 2.344042 2.344042 2.344042 2.381582
2.909635 2.909635 2.937536 2.960661 2.988427 2.988427 3.003280 3.025950 3.025950 3.044489 3.044489 3.060313 3.067469 3.074227 3.081024 3.081024 3.202525 3.222999 3.239196 3.252995 3.259531 3.259494 3.251290 3.231848 3.198487 3.149419 3.082628 2.998447 2.902790 2.820528 2.820528 3.252982 3.406473 3.559514 3.602391 3.602391 3.653461 3.653461 3.660555 3.660555 3.643211 3.550199 3.550199 3.368678 3.368678 3.050285 3.050285 3.050285 3.013587 3.013587 3.040612 3.040612 3.089812 3.089812 3.142788 3.142788 3.191937 3.191937 3.191937 3.233785
2.914473 2.914473 2.939867 2.962550 2.988113 2.988113 3.003654 3.027212 3.027212 3.046392 3.046392 3.062932 3.070490 3.077672 3.084965 3.084965 3.192848 3.226571 3.255131 3.280062 3.299623 3.314286 3.324150 3.328360 3.325710 3.314977 3.294322 3.262616 3.221917 3.186871 3.186871 3.424552 3.571528 3.745736 3.798077 3.798077 3.854517 3.854517 3.849192 3.849192 3.822953 3.728391 3.728391 3.593684 3.593684 3.341402 3.341402 3.341402 3.289738 3.289738 3.303211 3.303211 3.343375 3.343375 3.390168 3.390168 3.434838 3.434838 3.434838 3.473414
2.917480 2.917480 2.941865 2.963140 2.987163 2.987163 3.003140 3.027169 3.027169 3.046397 3.046397 3.062934 3.070495 3.077684 3.085072 3.085072 3.184051 3.228567 3.268517 3.303802 3.333233 3.356827 3.374918 3.387589 3.394778 3.396420 3.392045 3.381266 3.365351 3.353378 3.353378 3.497802 3.626558 3.804705 3.860964 3.860964 3.911663 3.911663 3.881303 3.881303 3.842795 3.752185 3.752185 3.663951 3.663951 3.480195 3.480195 3.480195 3.418701 3.418701 3.416836 3.416836 3.446938 3.446938 3.488077 3.488077 3.529301 3.529301 3.529301 3.565382
2.918705 2.918705 2.940806 2.963033 2.986192 2.986192 3.002597 3.027106 3.027106 3.046381 3.046381 3.062902 3.070457 3.077644 3.085166 3.085166 3.180203 3.233703 3.283789 3.328727 3.367311 3.399199 3.424546 3.443590 3.456595 3.463938 3.465894 3.462827 3.456120 3.452105 3.452105 3.542626 3.648777 3.815463 3.866162 3.866162 3.887829 3.887829 3.823036 3.823036 3.779467 3.714641 3.714641 3.676174 3.676174 3.562850 3.562850 3.562850 3.501099 3.501099 3.484575 3.484575 3.502042 3.502042 3.535396 3.535396 3.571853 3.571853 3.571853 3.604543
2.916879 2.916879 2.943941 2.962725 2.985450 2.985450 3.002191 3.027070 3.027070 3.046377 3.046377 3.062889 3.070444 3.077633 3.085356 3.085356 3.182389 3.243896 3.302900 3.356518 3.403357 3.442884 3.475086 3.500157 3.518400 3.530252 3.536203 3.536896 3.533704 3.531252 3.531252 3.586524 3.667821 3.804628 3.834646 3.834646 3.798689 3.798689 3.709071 3.709071 3.677623 3.658451 3.658451 3.665249 3.665249 3.615642 3.615642 3.615642 3.564012 3.564012 3.537764 3.537764 3.541821 3.541821 3.565014 3.565014 3.594570 3.594570 3.594570 3.622214
2.914757 2.914757 2.947698 2.962426 2.984901 2.984901 3.001876 3.027056 3.027056 3.046404 3.046404 3.062903 3.070451 3.077637 3.085638 3.085638 3.191410 3.260651 3.327601 3.388814 3.442820 3.489041 3.527386 3.558008 3.581178 3.597296 3.606845 3.610471 3.609341 3.606686 3.606686 3.637846 3.693300 3.773552 3.760189 3.760189 3.652963 3.652963 3.578644 3.578644 3.574437 3.604433 3.604433 3.645669 3.645669 3.647709 3.647709 3.647709 3.613654 3.613654 3.585107 3.585107 3.577796 3.577796 3.589483 3.589483 3.610015 3.610015 3.610015 3.630707
2.914516 2.914516 2.948633 2.962328 2.984731 2.984731 3.001780 3.027052 3.027052 3.046409 3.046409 3.062906 3.070454 3.077640 3.086030 3.086030 3.208312 3.285578 3.359762 3.427483 3.487428 3.539146 3.582597 3.617945 3.645459 3.665481 3.678432 3.684855 3.685619 3.682593 3.682593 3.696402 3.723629 3.702787 3.623153 3.623153 3.476309 3.476309 3.461733 3.461733 3.487570 3.556303 3.556303 3.621092 3.621092 3.662692 3.662692 3.662692 3.649497 3.649497 3.625944 3.625944 3.611744 3.611744 3.612240 3.612240 3.622255 3.622255 3.622255 3.634219
2.914606 2.914606 2.947950 2.962389 2.984884 2.984884 3.001866 3.027053 3.027053 3.046401 3.046401 3.062902 3.070452 3.077639 3.086569 3.086569 3.234619 3.320547 3.401409 3.474529 3.539062 3.594869 3.642101 3.681024 3.711944 3.735190 3.751117 3.760141 3.762752 3.759042 3.759042 3.757221 3.745945 3.559114 3.418399 3.418399 3.311165 3.311165 3.372732 3.372732 3.420308 3.513459 3.513459 3.593675 3.593675 3.664625 3.664625 3.664625 3.671842 3.671842 3.658416 3.658416 3.642254 3.642254 3.633472 3.633472 3.632388 3.632388 3.632388 3.634213
2.915058 2.915058 2.945777 2.962641 2.985365 2.985365 3.002125 3.027049 3.027049 3.046388 3.046388 3.062917 3.070474 3.077665 3.087335 3.087335 3.272691 3.368029 3.454987 3.532258 3.599834 3.658093 3.707510 3.748544 3.781606 3.807048 3.825191 3.836328 3.840333 3.833651 3.833651 3.807770 3.726504 3.328796 3.184389 3.184389 3.189323 3.189323 3.306956 3.306956 3.366202 3.473109 3.473109 3.563648 3.563648 3.656022 3.656022 3.656022 3.680956 3.680956 3.679942 3.679942 3.666162 3.666162 3.651025 3.651025 3.639332 3.639332 3.639332 3.630268
2.918434 2.918434 2.941263 2.962961 2.986146 2.986146 3.002569 3.027093 3.027093 3.046373 3.046373 3.062901 3.070459 3.077648 3.088326 3.088326 3.326079 3.431329 3.523458 3.603288 3.672025 3.730788 3.780501 3.821896 3.855530 3.881831 3.901114 3.913507 3.917327 3.898222 3.898222 3.813397 3.601088 3.057946 2.989784 2.989784 3.108164 3.108164 3.251976 3.251976 3.316589 3.431434 3.431434 3.529256 3.529256 3.637030 3.637030 3.637030 3.676090 3.676090 3.687301 3.687301 3.678696 3.678696 3.660275 3.660275 3.639414 3.639414 3.639414 3.619602
2.917237 2.917237 2.942272 2.963068 2.987110 2.987110 3.003105 3.027153 3.027153 3.046390 3.046390 3.062935 3.070498 3.077691 3.089753 3.089753 3.400712 3.515468 3.610945 3.690972 3.758379 3.815211 3.862935 3.902603 3.934951 3.960486 3.979545 3.991811 3.989884 3.921486 3.921486 3.691171 3.316624 2.839056 2.866487 2.866487 3.041852 3.041852 3.194993 3.194993 3.262205 3.382356 3.382356 3.485514 3.485514 3.604111 3.604111 3.604111 3.653670 3.653670 3.675267 3.675267 3.672733 3.672733 3.653430 3.653430 3.625374 3.625374 3.625374 3.595878
