cruce_test.gid/Rasters/Hydraulic/Velocity__x_186.0.asc
NCOLS        79
NROWS        79
XLLCENTER         -1.500000
YLLCENTER         -4.800000
CELLSIZE           0.100
NODATA_VALUE     -9999.0
[rows 0 to 25 of 79, columns 0 to 57 of 79]
-9999.000 -9999.000 -9999.000 -9999.000 -9999.000 -9999.000 -9999.000 -9999.000 -9999.000 -9999.000 -9999.000 -9999.000 -9999.000 -9999.000 -9999.000 -0.1339504E-02 -0.9355827E-03 0.2133124E-02 0.6472499E-02 0.1089558E-01 0.1451450E-01 0.1707521E-01 0.1855968E-01 0.1902447E-01 0.1860263E-01 0.1742754E-01 0.1557187E-01 0.1298214E-01 0.9099972E-02 0.4448478E-02 0.4448478E-02 -9999.000 -9999.000 -9999.000 -9999.000 -9999.000 -9999.000 -9999.000 -9999.000 -9999.000 -9999.000 -9999.000 -9999.000 -9999.000 -9999.000 -9999.000 -9999.000 -9999.000 -9999.000 -9999.000 -9999.000 -9999.000 -9999.000 -9999.000 -9999.000 -9999.000 -9999.000 -9999.000
-9999.000 -9999.000 -9999.000 -9999.000 -9999.000 -9999.000 -9999.000 -9999.000 -9999.000 -9999.000 -9999.000 -9999.000 -9999.000 -9999.000 -9999.000 -0.1642825E-03 0.1403120E-02 0.5508652E-02 0.1075930E-01 0.1600557E-01 0.2035085E-01 0.2347431E-01 0.2528997E-01 0.2580514E-01 0.2511890E-01 0.2335024E-01 0.2058021E-01 0.1679417E-01 0.1155467E-01 0.5636810E-02 0.5636810E-02 -9999.000 -9999.000 -9999.000 -9999.000 -9999.000 -9999.000 -9999.000 -9999.000 -9999.000 -9999.000 -9999.000 -9999.000 -9999.000 -9999.000 -9999.000 -9999.000 -9999.000 -9999.000 -9999.000 -9999.000 -9999.000 -9999.000 -9999.000 -9999.000 -9999.000 -9999.000 -9999.000
-9999.000 -9999.000 -9999.000 -9999.000 -9999.000 -9999.000 -9999.000 -9999.000 -9999.000 -9999.000 -9999.000 -9999.000 -9999.000 -9999.000 -9999.000 0.2868343E-03 0.2390523E-02 0.7127624E-02 0.1298504E-01 0.1876808E-01 0.2354150E-01 0.2696466E-01 0.2893830E-01 0.2946076E-01 0.2863064E-01 0.2657189E-01 0.2337564E-01 0.1904103E-01 0.1313139E-01 0.6444194E-02 0.6444194E-02 -9999.000 -9999.000 -9999.000 -9999.000 -9999.000 -9999.000 -9999.000 -9999.000 -9999.000 -9999.000 -9999.000 -9999.000 -9999.000 -9999.000 -9999.000 -9999.000 -9999.000 -9999.000 -9999.000 -9999.000 -9999.000 -9999.000 -9999.000 -9999.000 -9999.000 -9999.000 -9999.000
-9999.000 -9999.000 -9999.000 -9999.000 -9999.000 -9999.000 -9999.000 -9999.000 -9999.000 -9999.000 -9999.000 -9999.000 -9999.000 -9999.000 -9999.000 0.5113111E-03 0.2914056E-02 0.8042395E-02 0.1429919E-01 0.2044620E-01 0.2551230E-01 0.2914482E-01 0.3123852E-01 0.3178860E-01 0.3089636E-01 0.2869064E-01 0.2526672E-01 0.2062636E-01 0.1431247E-01 0.7076856E-02 0.7076856E-02 -9999.000 -9999.000 -9999.000 -9999.000 -9999.000 -9999.000 -9999.000 -9999.000 -9999.000 -9999.000 -9999.000 -9999.000 -9999.000 -9999.000 -9999.000 -9999.000 -9999.000 -9999.000 -9999.000 -9999.000 -9999.000 -9999.000 -9999.000 -9999.000 -9999.000 -9999.000 -9999.000
-9999.000 -9999.000 -9999.000 -9999.000 -9999.000 -9999.000 -9999.000 -9999.000 -9999.000 -9999.000 -9999.000 -9999.000 -9999.000 -9999.000 -9999.000 0.6501742E-03 0.3258651E-02 0.8678787E-02 0.1524665E-01 0.2168285E-01 0.2698362E-01 0.3078882E-01 0.3299093E-01 0.3358310E-01 0.3267026E-01 0.3038515E-01 0.2682411E-01 0.2198668E-01 0.1538271E-01 0.7672471E-02 0.7672471E-02 -9999.000 -9999.000 -9999.000 -9999.000 -9999.000 -9999.000 -9999.000 -9999.000 -9999.000 -9999.000 -9999.000 -9999.000 -9999.000 -9999.000 -9999.000 -9999.000 -9999.000 -9999.000 -9999.000 -9999.000 -9999.000 -9999.000 -9999.000 -9999.000 -9999.000 -9999.000 -9999.000
-9999.000 -9999.000 -9999.000 -9999.000 -9999.000 -9999.000 -9999.000 -9999.000 -9999.000 -9999.000 -9999.000 -9999.000 -9999.000 -9999.000 -9999.000 0.7637371E-03 0.3549807E-02 0.9229718E-02 0.1607915E-01 0.2277889E-01 0.2829309E-01 0.3225841E-01 0.3456710E-01 0.3521078E-01 0.3429971E-01 0.3196979E-01 0.2831631E-01 0.2333335E-01 0.1648767E-01 0.8304575E-02 0.8304575E-02 -9999.000 -9999.000 -9999.000 -9999.000 -9999.000 -9999.000 -9999.000 -9999.000 -9999.000 -9999.000 -9999.000 -9999.000 -9999.000 -9999.000 -9999.000 -9999.000 -9999.000 -9999.000 -9999.000 -9999.000 -9999.000 -9999.000 -9999.000 -9999.000 -9999.000 -9999.000 -9999.000
-9999.000 -9999.000 -9999.000 -9999.000 -9999.000 -9999.000 -9999.000 -9999.000 -9999.000 -9999.000 -9999.000 -9999.000 -9999.000 -9999.000 -9999.000 0.8810066E-03 0.3847003E-02 0.9786249E-02 0.1691579E-01 0.2387608E-01 0.2960067E-01 0.3372542E-01 0.3614453E-01 0.3684859E-01 0.3595433E-01 0.3360099E-01 0.2988135E-01 0.2478103E-01 0.1771323E-01 0.9020094E-02 0.9020094E-02 -9999.000 -9999.000 -9999.000 -9999.000 -9999.000 -9999.000 -9999.000 -9999.000 -9999.000 -9999.000 -9999.000 -9999.000 -9999.000 -9999.000 -9999.000 -9999.000 -9999.000 -9999.000 -9999.000 -9999.000 -9999.000 -9999.000 -9999.000 -9999.000 -9999.000 -9999.000 -9999.000
-9999.000 -9999.000 -9999.000 -9999.000 -9999.000 -9999.000 -9999.000 -9999.000 -9999.000 -9999.000 -9999.000 -9999.000 -9999.000 -9999.000 -9999.000 0.1016946E-02 0.4181576E-02 0.1039612E-01 0.1781826E-01 0.2504815E-01 0.3098866E-01 0.3527897E-01 0.3781625E-01 0.3859107E-01 0.3772783E-01 0.3536921E-01 0.3160379E-01 0.2640677E-01 0.1912526E-01 0.9858134E-02 0.9858134E-02 -9999.000 -9999.000 -9999.000 -9999.000 -9999.000 -9999.000 -9999.000 -9999.000 -9999.000 -9999.000 -9999.000 -9999.000 -9999.000 -9999.000 -9999.000 -9999.000 -9999.000 -9999.000 -9999.000 -9999.000 -9999.000 -9999.000 -9999.000 -9999.000 -9999.000 -9999.000 -9999.000
-9999.000 -9999.000 -9999.000 -9999.000 -9999.000 -9999.000 -9999.000 -9999.000 -9999.000 -9999.000 -9999.000 -9999.000 -9999.000 -9999.000 -9999.000 0.1181594E-02 0.4573634E-02 0.1108981E-01 0.1882629E-01 0.2634211E-01 0.3251009E-01 0.3697685E-01 0.3964429E-01 0.4050298E-01 0.3968685E-01 0.3734229E-01 0.3355268E-01 0.2827934E-01 0.2078985E-01 0.1086107E-01 0.1086107E-01 -9999.000 -9999.000 -9999.000 -9999.000 -9999.000 -9999.000 -9999.000 -9999.000 -9999.000 -9999.000 -9999.000 -9999.000 -9999.000 -9999.000 -9999.000 -9999.000 -9999.000 -9999.000 -9999.000 -9999.000 -9999.000 -9999.000 -9999.000 -9999.000 -9999.000 -9999.000 -9999.000
-9999.000 -9999.000 -9999.000 -9999.000 -9999.000 -9999.000 -9999.000 -9999.000 -9999.000 -9999.000 -9999.000 -9999.000 -9999.000 -9999.000 -9999.000 0.1383298E-02 0.5040729E-02 0.1189342E-01 0.1997366E-01 0.2779802E-01 0.3421020E-01 0.3886869E-01 0.4168237E-01 0.4264218E-01 0.4189394E-01 0.3958805E-01 0.3580065E-01 0.3047680E-01 0.2278801E-01 0.1208235E-01 0.1208235E-01 -9999.000 -9999.000 -9999.000 -9999.000 -9999.000 -9999.000 -9999.000 -9999.000 -9999.000 -9999.000 -9999.000 -9999.000 -9999.000 -9999.000 -9999.000 -9999.000 -9999.000 -9999.000 -9999.000 -9999.000 -9999.000 -9999.000 -9999.000 -9999.000 -9999.000 -9999.000 -9999.000
-9999.000 -9999.000 -9999.000 -9999.000 -9999.000 -9999.000 -9999.000 -9999.000 -9999.000 -9999.000 -9999.000 -9999.000 -9999.000 -9999.000 -9999.000 0.1631418E-02 0.5601800E-02 0.1283597E-01 0.2129777E-01 0.2945998E-01 0.3613864E-01 0.4100966E-01 0.4399132E-01 0.4507568E-01 0.4442350E-01 0.4218902E-01 0.3843965E-01 0.3310083E-01 0.2522823E-01 0.1359495E-01 0.1359495E-01 -9999.000 -9999.000 -9999.000 -9999.000 -9999.000 -9999.000 -9999.000 -9999.000 -9999.000 -9999.000 -9999.000 -9999.000 -9999.000 -9999.000 -9999.000 -9999.000 -9999.000 -9999.000 -9999.000 -9999.000 -9999.000 -9999.000 -9999.000 -9999.000 -9999.000 -9999.000 -9999.000
-9999.000 -9999.000 -9999.000 -9999.000 -9999.000 -9999.000 -9999.000 -9999.000 -9999.000 -9999.000 -9999.000 -9999.000 -9999.000 -9999.000 -9999.000 0.1938180E-02 0.6282405E-02 0.1395598E-01 0.2284933E-01 0.3138751E-01 0.3836215E-01 0.4347379E-01 0.4665294E-01 0.4789352E-01 0.4737544E-01 0.4525732E-01 0.4159556E-01 0.3629288E-01 0.2826478E-01 0.1550358E-01 0.1550358E-01 -9999.000 -9999.000 -9999.000 -9999.000 -9999.000 -9999.000 -9999.000 -9999.000 -9999.000 -9999.000 -9999.000 -9999.000 -9999.000 -9999.000 -9999.000 -9999.000 -9999.000 -9999.000 -9999.000 -9999.000 -9999.000 -9999.000 -9999.000 -9999.000 -9999.000 -9999.000 -9999.000
-9999.000 -9999.000 -9999.000 -9999.000 -9999.000 -9999.000 -9999.000 -9999.000 -9999.000 -9999.000 -9999.000 -9999.000 -9999.000 -9999.000 -9999.000 0.2347590E-02 0.7175620E-02 0.1540215E-01 0.2481808E-01 0.3376504E-01 0.4106289E-01 0.4644001E-01 0.4984380E-01 0.5127245E-01 0.5093061E-01 0.4898246E-01 0.4547173E-01 0.4027402E-01 0.3213428E-01 0.1796705E-01 0.1796705E-01 -9999.000 -9999.000 -9999.000 -9999.000 -9999.000 -9999.000 -9999.000 -9999.000 -9999.000 -9999.000 -9999.000 -9999.000 -9999.000 -9999.000 -9999.000 -9999.000 -9999.000 -9999.000 -9999.000 -9999.000 -9999.000 -9999.000 -9999.000 -9999.000 -9999.000 -9999.000 -9999.000
-9999.000 -9999.000 -9999.000 -9999.000 -9999.000 -9999.000 -9999.000 -9999.000 -9999.000 -9999.000 -9999.000 -9999.000 -9999.000 -9999.000 -9999.000 0.4207226E-02 0.1114191E-01 0.2176866E-01 0.3224532E-01 0.4100582E-01 0.4805766E-01 0.5315161E-01 0.5627288E-01 0.5744606E-01 0.5691608E-01 0.5485016E-01 0.5126997E-01 0.4600979E-01 0.3759398E-01 0.2142563E-01 0.2142563E-01 -9999.000 -9999.000 -9999.000 -9999.000 -9999.000 -9999.000 -9999.000 -9999.000 -9999.000 -9999.000 -9999.000 -9999.000 -9999.000 -9999.000 -9999.000 -9999.000 -9999.000 -9999.000 -9999.000 -9999.000 -9999.000 -9999.000 -9999.000 -9999.000 -9999.000 -9999.000 -9999.000
-9999.000 -9999.000 -9999.000 -9999.000 -9999.000 -9999.000 -9999.000 -9999.000 -9999.000 -9999.000 -9999.000 -9999.000 -9999.000 -9999.000 -9999.000 0.9758421E-01 0.1503758 0.1776294 0.1714676 0.1459700 0.1280056 0.1122568 0.9859478E-01 0.8671354E-01 0.7642216E-01 0.6721959E-01 0.5864817E-01 0.5005820E-01 0.3942125E-01 0.1894464E-01 0.1894464E-01 -9999.000 -9999.000 -9999.000 -9999.000 -9999.000 -9999.000 -9999.000 -9999.000 -9999.000 -9999.000 -9999.000 -9999.000 -9999.000 -9999.000 -9999.000 -9999.000 -9999.000 -9999.000 -9999.000 -9999.000 -9999.000 -9999.000 -9999.000 -9999.000 -9999.000 -9999.000 -9999.000
2.846328 2.846328 2.810274 2.877946 2.884352 2.884352 2.887256 2.888357 2.888357 2.885763 2.885763 2.880744 2.877571 2.874050 2.870233 2.870233 3.006857 3.010558 3.011151 3.008511 2.978277 2.925555 2.850116 2.751194 2.627934 2.485866 2.326369 2.157155 2.000264 1.922823 1.922823 2.729397 2.903837 3.010371 3.038208 3.038208 3.078917 3.078917 3.078179 3.078179 3.045745 2.896921 2.896921 2.616303 2.616303 2.183652 2.183652 2.183652 2.140147 2.140147 2.158025 2.158025 2.200095 2.200095 2.247833 2.247833 2.292454 2.292454
2.870060 2.870060 2.837614 2.928338 2.946537 2.946537 2.960969 2.984779 2.984779 3.004650 3.004650 3.021916 3.029820 3.037329 3.044493 3.044493 3.141965 3.159378 3.173631 3.186244 3.192274 3.191833 3.183115 3.163239 3.128896 3.078833 3.010945 2.925447 2.828009 2.743121 2.743121 3.165940 3.322137 3.474823 3.517206 3.517206 3.568693 3.568693 3.579679 3.579679 3.565718 3.483013 3.483013 3.317293 3.317293 3.005396 3.005396 3.005396 2.956248 2.956248 2.975799 2.975799 3.020621 3.020621 3.070994 3.070994 3.118536 3.118536
2.874934 2.874934 2.840122 2.928224 2.946824 2.946824 2.961666 2.986113 2.986113 3.006596 3.006596 3.024568 3.032864 3.040787 3.048392 3.048392 3.133069 3.162166 3.187850 3.210952 3.229327 3.242833 3.251136 3.253278 3.247652 3.233214 3.208209 3.171581 3.125452 3.084707 3.084707 3.319826 3.470794 3.648868 3.702115 3.702115 3.761711 3.761711 3.762971 3.762971 3.740659 3.650707 3.650707 3.522002 3.522002 3.283724 3.283724 3.283724 3.223726 3.223726 3.229952 3.229952 3.265651 3.265651 3.309799 3.309799 3.352898 3.352898
2.877568 2.877568 2.844064 2.927688 2.946429 2.946429 2.961500 2.986137 2.986137 3.006640 3.006640 3.024616 3.032916 3.040848 3.048463 3.048463 3.124816 3.163453 3.199707 3.232587 3.260321 3.282321 3.298431 3.308454 3.311950 3.308775 3.298457 3.280660 3.256778 3.236335 3.236335 3.377357 3.509234 3.694709 3.754479 3.754479 3.814910 3.814910 3.795949 3.795949 3.760601 3.667200 3.667200 3.577379 3.577379 3.411675 3.411675 3.411675 3.348252 3.348252 3.340488 3.340488 3.365869 3.365869 3.404027 3.404027 3.443538 3.443538
2.875000 2.875000 2.850506 2.927143 2.946026 2.946026 2.961345 2.986225 2.986225 3.006774 3.006774 3.024746 3.033038 3.040958 3.048558 3.048558 3.121228 3.167917 3.213611 3.255556 3.291854 3.321597 3.344469 3.360379 3.369238 3.371217 3.366479 3.355352 3.339272 3.324980 3.324980 3.409439 3.516215 3.691978 3.749940 3.749940 3.792029 3.792029 3.742143 3.742143 3.698450 3.623785 3.623785 3.579844 3.579844 3.484401 3.484401 3.484401 3.426900 3.426900 3.407129 3.407129 3.420037 3.420037 3.450014 3.450014 3.484503 3.484503
2.875187 2.875187 2.854539 2.926696 2.945641 2.945641 2.961116 2.986117 2.986117 3.006643 3.006643 3.024595 3.032891 3.040819 3.048433 3.048433 3.123050 3.177159 3.231232 3.281278 3.325181 3.361887 3.390960 3.412278 3.425834 3.431821 3.430559 3.422575 3.409222 3.395411 3.395411 3.442204 3.521378 3.669521 3.713006 3.713006 3.710255 3.710255 3.631999 3.631999 3.595903 3.563540 3.563540 3.564112 3.564112 3.528966 3.528966 3.528966 3.485530 3.485530 3.459318 3.459318 3.459731 3.459731 3.479375 3.479375 3.506707 3.506707
2.875303 2.875303 2.856941 2.926456 2.945433 2.945433 2.961013 2.986120 2.986120 3.006655 3.006655 3.024599 3.032891 3.040818 3.048429 3.048429 3.131298 3.192806 3.254344 3.311340 3.361629 3.404173 3.438535 3.464588 3.482347 3.491970 3.493747 3.488165 3.476317 3.461627 3.461627 3.482634 3.534088 3.633046 3.643313 3.643313 3.575804 3.575804 3.501231 3.501231 3.490008 3.507884 3.507884 3.543558 3.543558 3.555358 3.555358 3.555358 3.530661 3.530661 3.505079 3.505079 3.495904 3.495904 3.504296 3.504296 3.522480 3.522480
2.875343 2.875343 2.857738 2.926379 2.945362 2.945362 2.960979 2.986123 2.986123 3.006660 3.006660 3.024601 3.032892 3.040819 3.048432 3.048432 3.146907 3.216278 3.284558 3.347295 3.402572 3.449565 3.487967 3.517728 3.538902 3.551629 3.556133 3.552781 3.542327 3.526839 3.526839 3.529803 3.553511 3.570590 3.525231 3.525231 3.407337 3.407337 3.382562 3.382562 3.401819 3.461076 3.461076 3.520861 3.520861 3.567601 3.567601 3.567601 3.562753 3.562753 3.543986 3.543986 3.529709 3.529709 3.527730 3.527730 3.535550 3.535550
2.875304 2.875304 2.856941 2.926457 2.945432 2.945432 2.961013 2.986120 2.986120 3.006655 3.006655 3.024599 3.032890 3.040818 3.048429 3.048429 3.171344 3.249252 3.323577 3.390720 3.449378 3.499157 3.540034 3.572129 3.595592 3.610579 3.617261 3.615874 3.606798 3.590540 3.590540 3.579014 3.570452 3.454864 3.346709 3.346709 3.243059 3.243059 3.291266 3.291266 3.334093 3.420192 3.420192 3.495869 3.495869 3.568510 3.568510 3.568510 3.582102 3.582102 3.574032 3.574032 3.559442 3.559442 3.549443 3.549443 3.546696 3.546696
2.875187 2.875187 2.854539 2.926697 2.945642 2.945642 2.961116 2.986117 2.986117 3.006644 3.006644 3.024595 3.032890 3.040820 3.048433 3.048433 3.206833 3.293843 3.373304 3.443230 3.503351 3.553947 3.595425 3.628170 3.652481 3.668567 3.676584 3.676639 3.668589 3.650233 3.650233 3.620694 3.561507 3.262874 3.129936 3.129936 3.118147 3.118147 3.225768 3.225768 3.281617 3.382812 3.382812 3.469052 3.469052 3.560686 3.560686 3.560686 3.589824 3.589824 3.593714 3.593714 3.582657 3.582657 3.567726 3.567726 3.555238 3.555238
2.875000 2.875000 2.850505 2.927144 2.946027 2.946027 2.961345 2.986225 2.986225 3.006773 3.006773 3.024745 3.033037 3.040958 3.048558 3.048558 3.256798 3.352866 3.435900 3.506390 3.565558 3.614593 3.654460 3.685877 3.709327 3.725104 3.733353 3.734043 3.725891 3.699470 3.699470 3.631116 3.477642 3.017562 2.936225 2.936225 3.035546 3.035546 3.172437 3.172437 3.234272 3.344064 3.344064 3.437813 3.437813 3.543378 3.543378 3.543378 3.584807 3.584807 3.599956 3.599956 3.594607 3.594607 3.577741 3.577741 3.557223 3.557223
