cruce_test.gid/Rasters/Hydraulic/Velocity__x_128.0.asc
NCOLS        79
NROWS        79
XLLCENTER         -1.500000
YLLCENTER         -4.800000
CELLSIZE           0.100
NODATA_VALUE     -9999.0
[rows 0 to 25 of 79, columns 0 to 57 of 79]
-9999.000 -9999.000 -9999.000 -9999.000 -9999.000 -9999.000 -9999.000 -9999.000 -9999.000 -9999.000 -9999.000 -9999.000 -9999.000 -9999.000 -9999.000 0.1328185E-03 0.1144377E-02 0.3072395E-02 0.4978344E-02 0.6700860E-02 0.8157061E-02 0.9313034E-02 0.1017084E-01 0.1076162E-01 0.1112944E-01 0.1127758E-01 0.1107072E-01 0.1006088E-01 0.7175402E-02 0.3346178E-02 0.3346178E-02 -9999.000 -9999.000 -9999.000 -9999.000 -9999.000 -9999.000 -9999.000 -9999.000 -9999.000 -9999.000 -9999.000 -9999.000 -9999.000 -9999.000 -9999.000 -9999.000 -9999.000 -9999.000 -9999.000 -9999.000 -9999.000 -9999.000 -9999.000 -9999.000 -9999.000 -9999.000 -9999.000
-9999.000 -9999.000 -9999.000 -9999.000 -9999.000 -9999.000 -9999.000 -9999.000 -9999.000 -9999.000 -9999.000 -9999.000 -9999.000 -9999.000 -9999.000 0.9353852E-03 0.2828364E-02 0.5694386E-02 0.8514974E-02 0.1108409E-01 0.1327254E-01 0.1500363E-01 0.1624191E-01 0.1698340E-01 0.1723715E-01 0.1697256E-01 0.1602897E-01 0.1396816E-01 0.9823242E-02 0.4689172E-02 0.4689172E-02 -9999.000 -9999.000 -9999.000 -9999.000 -9999.000 -9999.000 -9999.000 -9999.000 -9999.000 -9999.000 -9999.000 -9999.000 -9999.000 -9999.000 -9999.000 -9999.000 -9999.000 -9999.000 -9999.000 -9999.000 -9999.000 -9999.000 -9999.000 -9999.000 -9999.000 -9999.000 -9999.000
-9999.000 -9999.000 -9999.000 -9999.000 -9999.000 -9999.000 -9999.000 -9999.000 -9999.000 -9999.000 -9999.000 -9999.000 -9999.000 -9999.000 -9999.000 0.1476474E-02 0.3997998E-02 0.7570495E-02 0.1104807E-01 0.1419790E-01 0.1686605E-01 0.1895459E-01 0.2041073E-01 0.2121832E-01 0.2137937E-01 0.2085986E-01 0.1949599E-01 0.1683749E-01 0.1187557E-01 0.5744510E-02 0.5744510E-02 -9999.000 -9999.000 -9999.000 -9999.000 -9999.000 -9999.000 -9999.000 -9999.000 -9999.000 -9999.000 -9999.000 -9999.000 -9999.000 -9999.000 -9999.000 -9999.000 -9999.000 -9999.000 -9999.000 -9999.000 -9999.000 -9999.000 -9999.000 -9999.000 -9999.000 -9999.000 -9999.000
-9999.000 -9999.000 -9999.000 -9999.000 -9999.000 -9999.000 -9999.000 -9999.000 -9999.000 -9999.000 -9999.000 -9999.000 -9999.000 -9999.000 -9999.000 0.1880680E-02 0.4874183E-02 0.8978935E-02 0.1295169E-01 0.1653812E-01 0.1956683E-01 0.2192634E-01 0.2355488E-01 0.2443093E-01 0.2455559E-01 0.2389458E-01 0.2227686E-01 0.1922640E-01 0.1366187E-01 0.6689752E-02 0.6689752E-02 -9999.000 -9999.000 -9999.000 -9999.000 -9999.000 -9999.000 -9999.000 -9999.000 -9999.000 -9999.000 -9999.000 -9999.000 -9999.000 -9999.000 -9999.000 -9999.000 -9999.000 -9999.000 -9999.000 -9999.000 -9999.000 -9999.000 -9999.000 -9999.000 -9999.000 -9999.000 -9999.000
-9999.000 -9999.000 -9999.000 -9999.000 -9999.000 -9999.000 -9999.000 -9999.000 -9999.000 -9999.000 -9999.000 -9999.000 -9999.000 -9999.000 -9999.000 0.2213233E-02 0.5592704E-02 0.1013085E-01 0.1450938E-01 0.1845788E-01 0.2179109E-01 0.2438773E-01 0.2618019E-01 0.2714450E-01 0.2728233E-01 0.2655791E-01 0.2478877E-01 0.2146302E-01 0.1540409E-01 0.7636098E-02 0.7636098E-02 -9999.000 -9999.000 -9999.000 -9999.000 -9999.000 -9999.000 -9999.000 -9999.000 -9999.000 -9999.000 -9999.000 -9999.000 -9999.000 -9999.000 -9999.000 -9999.000 -9999.000 -9999.000 -9999.000 -9999.000 -9999.000 -9999.000 -9999.000 -9999.000 -9999.000 -9999.000 -9999.000
-9999.000 -9999.000 -9999.000 -9999.000 -9999.000 -9999.000 -9999.000 -9999.000 -9999.000 -9999.000 -9999.000 -9999.000 -9999.000 -9999.000 -9999.000 0.2517066E-02 0.6244296E-02 0.1116845E-01 0.1591096E-01 0.2018860E-01 0.2380492E-01 0.2663101E-01 0.2859524E-01 0.2967225E-01 0.2986500E-01 0.2913539E-01 0.2728514E-01 0.2375647E-01 0.1725400E-01 0.8663326E-02 0.8663326E-02 -9999.000 -9999.000 -9999.000 -9999.000 -9999.000 -9999.000 -9999.000 -9999.000 -9999.000 -9999.000 -9999.000 -9999.000 -9999.000 -9999.000 -9999.000 -9999.000 -9999.000 -9999.000 -9999.000 -9999.000 -9999.000 -9999.000 -9999.000 -9999.000 -9999.000 -9999.000 -9999.000
-9999.000 -9999.000 -9999.000 -9999.000 -9999.000 -9999.000 -9999.000 -9999.000 -9999.000 -9999.000 -9999.000 -9999.000 -9999.000 -9999.000 -9999.000 0.2820976E-02 0.6889378E-02 0.1218537E-01 0.1728025E-01 0.2188093E-01 0.2578094E-01 0.2884521E-01 0.3099940E-01 0.3221796E-01 0.3250524E-01 0.3182038E-01 0.2994472E-01 0.2626402E-01 0.1933649E-01 0.9841441E-02 0.9841441E-02 -9999.000 -9999.000 -9999.000 -9999.000 -9999.000 -9999.000 -9999.000 -9999.000 -9999.000 -9999.000 -9999.000 -9999.000 -9999.000 -9999.000 -9999.000 -9999.000 -9999.000 -9999.000 -9999.000 -9999.000 -9999.000 -9999.000 -9999.000 -9999.000 -9999.000 -9999.000 -9999.000
-9999.000 -9999.000 -9999.000 -9999.000 -9999.000 -9999.000 -9999.000 -9999.000 -9999.000 -9999.000 -9999.000 -9999.000 -9999.000 -9999.000 -9999.000 0.3144767E-02 0.7569294E-02 0.1324630E-01 0.1870326E-01 0.2363932E-01 0.2783951E-01 0.3116354E-01 0.3353559E-01 0.3493084E-01 0.3535626E-01 0.3476693E-01 0.3291922E-01 0.2913008E-01 0.2177863E-01 0.1124613E-01 0.1124613E-01 -9999.000 -9999.000 -9999.000 -9999.000 -9999.000 -9999.000 -9999.000 -9999.000 -9999.000 -9999.000 -9999.000 -9999.000 -9999.000 -9999.000 -9999.000 -9999.000 -9999.000 -9999.000 -9999.000 -9999.000 -9999.000 -9999.000 -9999.000 -9999.000 -9999.000 -9999.000 -9999.000
-9999.000 -9999.000 -9999.000 -9999.000 -9999.000 -9999.000 -9999.000 -9999.000 -9999.000 -9999.000 -9999.000 -9999.000 -9999.000 -9999.000 -9999.000 0.3503902E-02 0.8316576E-02 0.1440179E-01 0.2024702E-01 0.2554640E-01 0.3007723E-01 0.3369520E-01 0.3632440E-01 0.3794156E-01 0.3855778E-01 0.3812360E-01 0.3636495E-01 0.3251492E-01 0.2473349E-01 0.1297282E-01 0.1297282E-01 -9999.000 -9999.000 -9999.000 -9999.000 -9999.000 -9999.000 -9999.000 -9999.000 -9999.000 -9999.000 -9999.000 -9999.000 -9999.000 -9999.000 -9999.000 -9999.000 -9999.000 -9999.000 -9999.000 -9999.000 -9999.000 -9999.000 -9999.000 -9999.000 -9999.000 -9999.000 -9999.000
-9999.000 -9999.000 -9999.000 -9999.000 -9999.000 -9999.000 -9999.000 -9999.000 -9999.000 -9999.000 -9999.000 -9999.000 -9999.000 -9999.000 -9999.000 0.3912699E-02 0.9161183E-02 0.1569868E-01 0.2197506E-01 0.2768144E-01 0.3258849E-01 0.3654939E-01 0.3948954E-01 0.4138907E-01 0.4226486E-01 0.4206283E-01 0.4047204E-01 0.3662403E-01 0.2840766E-01 0.1515467E-01 0.1515467E-01 -9999.000 -9999.000 -9999.000 -9999.000 -9999.000 -9999.000 -9999.000 -9999.000 -9999.000 -9999.000 -9999.000 -9999.000 -9999.000 -9999.000 -9999.000 -9999.000 -9999.000 -9999.000 -9999.000 -9999.000 -9999.000 -9999.000 -9999.000 -9999.000 -9999.000 -9999.000 -9999.000
-9999.000 -9999.000 -9999.000 -9999.000 -9999.000 -9999.000 -9999.000 -9999.000 -9999.000 -9999.000 -9999.000 -9999.000 -9999.000 -9999.000 -9999.000 0.4386919E-02 0.1013685E-01 0.1719062E-01 0.2396033E-01 0.3013689E-01 0.3548519E-01 0.3985764E-01 0.4318318E-01 0.4544833E-01 0.4667835E-01 0.4681453E-01 0.4550174E-01 0.4174760E-01 0.3310473E-01 0.1799019E-01 0.1799019E-01 -9999.000 -9999.000 -9999.000 -9999.000 -9999.000 -9999.000 -9999.000 -9999.000 -9999.000 -9999.000 -9999.000 -9999.000 -9999.000 -9999.000 -9999.000 -9999.000 -9999.000 -9999.000 -9999.000 -9999.000 -9999.000 -9999.000 -9999.000 -9999.000 -9999.000 -9999.000 -9999.000
-9999.000 -9999.000 -9999.000 -9999.000 -9999.000 -9999.000 -9999.000 -9999.000 -9999.000 -9999.000 -9999.000 -9999.000 -9999.000 -9999.000 -9999.000 0.4947195E-02 0.1128768E-01 0.1894877E-01 0.2630104E-01 0.3303755E-01 0.3891997E-01 0.4380217E-01 0.4761978E-01 0.5036906E-01 0.5208844E-01 0.5271553E-01 0.5184301E-01 0.4832673E-01 0.3929807E-01 0.2179343E-01 0.2179343E-01 -9999.000 -9999.000 -9999.000 -9999.000 -9999.000 -9999.000 -9999.000 -9999.000 -9999.000 -9999.000 -9999.000 -9999.000 -9999.000 -9999.000 -9999.000 -9999.000 -9999.000 -9999.000 -9999.000 -9999.000 -9999.000 -9999.000 -9999.000 -9999.000 -9999.000 -9999.000 -9999.000
-9999.000 -9999.000 -9999.000 -9999.000 -9999.000 -9999.000 -9999.000 -9999.000 -9999.000 -9999.000 -9999.000 -9999.000 -9999.000 -9999.000 -9999.000 0.5624699E-02 0.1268082E-01 0.2108062E-01 0.2914581E-01 0.3657478E-01 0.4312783E-01 0.4866420E-01 0.5313144E-01 0.5654074E-01 0.5895136E-01 0.6030042E-01 0.6011944E-01 0.5707766E-01 0.4777268E-01 0.2708937E-01 0.2708937E-01 -9999.000 -9999.000 -9999.000 -9999.000 -9999.000 -9999.000 -9999.000 -9999.000 -9999.000 -9999.000 -9999.000 -9999.000 -9999.000 -9999.000 -9999.000 -9999.000 -9999.000 -9999.000 -9999.000 -9999.000 -9999.000 -9999.000 -9999.000 -9999.000 -9999.000 -9999.000 -9999.000
-9999.000 -9999.000 -9999.000 -9999.000 -9999.000 -9999.000 -9999.000 -9999.000 -9999.000 -9999.000 -9999.000 -9999.000 -9999.000 -9999.000 -9999.000 0.6539075E-02 0.1455197E-01 0.2393787E-01 0.3294193E-01 0.4127381E-01 0.4870040E-01 0.5509735E-01 0.6043696E-01 0.6475849E-01 0.6815699E-01 0.7057760E-01 0.7148398E-01 0.6931604E-01 0.5998679E-01 0.3488854E-01 0.3488854E-01 -9999.000 -9999.000 -9999.000 -9999.000 -9999.000 -9999.000 -9999.000 -9999.000 -9999.000 -9999.000 -9999.000 -9999.000 -9999.000 -9999.000 -9999.000 -9999.000 -9999.000 -9999.000 -9999.000 -9999.000 -9999.000 -9999.000 -9999.000 -9999.000 -9999.000 -9999.000 -9999.000
-9999.000 -9999.000 -9999.000 -9999.000 -9999.000 -9999.000 -9999.000 -9999.000 -9999.000 -9999.000 -9999.000 -9999.000 -9999.000 -9999.000 -9999.000 0.2136265E-01 0.3580579E-01 0.5002563E-01 0.6119436E-01 0.6981798E-01 0.7631963E-01 0.8110075E-01 0.8452792E-01 0.8690777E-01 0.8850498E-01 0.8927628E-01 0.8860847E-01 0.8472925E-01 0.7294891E-01 0.3806766E-01 0.3806766E-01 -9999.000 -9999.000 -9999.000 -9999.000 -9999.000 -9999.000 -9999.000 -9999.000 -9999.000 -9999.000 -9999.000 -9999.000 -9999.000 -9999.000 -9999.000 -9999.000 -9999.000 -9999.000 -9999.000 -9999.000 -9999.000 -9999.000 -9999.000 -9999.000 -9999.000 -9999.000 -9999.000
2.255147 2.255147 2.301929 2.346223 2.353357 2.353357 2.357974 2.363134 2.363134 2.364938 2.364938 2.364409 2.363465 2.362145 2.360499 2.360499 2.179083 2.143310 2.100449 2.045924 1.977342 1.893792 1.795466 1.683697 1.561396 1.432881 1.305490 1.192906 1.121611 1.144665 1.144665 2.012651 2.161565 2.201937 2.200396 2.200396 2.176216 2.176216 2.084888 2.084888 1.997342 1.523150 1.523150 1.364699 1.364699 1.363125 1.363125 1.363125 1.413095 1.413095 1.465447 1.465447 1.513902 1.513902 1.554487 1.554487 1.584952 1.584952
2.269779 2.269779 2.331510 2.389055 2.405872 2.405872 2.420160 2.444556 2.444556 2.465435 2.465435 2.483832 2.492297 2.500349 2.508034 2.508034 2.410267 2.398551 2.392950 2.385002 2.369982 2.344916 2.307675 2.256294 2.187920 2.106870 2.015520 1.922336 1.846048 1.835959 1.835959 2.325387 2.480281 2.601074 2.625494 2.625494 2.634690 2.634690 2.589932 2.589932 2.540807 2.255891 2.255891 2.063153 2.063153 2.053676 2.053676 2.053676 2.101596 2.101596 2.151021 2.151021 2.198085 2.198085 2.239753 2.239753 2.274642 2.274642
2.272978 2.272978 2.335550 2.389309 2.406279 2.406279 2.420794 2.445684 2.445684 2.467097 2.467097 2.486097 2.494895 2.503301 2.511361 2.511361 2.439296 2.430577 2.435441 2.443571 2.449137 2.449078 2.441444 2.424489 2.396060 2.357075 2.308120 2.253272 2.203529 2.191772 2.191772 2.527689 2.669945 2.816051 2.850530 2.850530 2.866707 2.866707 2.821631 2.821631 2.778408 2.596924 2.596924 2.422440 2.422440 2.386989 2.386989 2.386989 2.423623 2.423623 2.464844 2.464844 2.504470 2.504470 2.540154 2.540154 2.569706 2.569706
2.275524 2.275524 2.338628 2.389241 2.406148 2.406148 2.420707 2.445685 2.445685 2.467126 2.467126 2.486133 2.494934 2.503347 2.511414 2.511414 2.458493 2.450596 2.458943 2.473289 2.486875 2.496359 2.500090 2.496963 2.485716 2.466816 2.440776 2.410233 2.382834 2.381962 2.381962 2.600726 2.734898 2.889162 2.926572 2.926572 2.938034 2.938034 2.886738 2.886738 2.849102 2.734195 2.734195 2.594947 2.594947 2.535893 2.535893 2.535893 2.563223 2.563223 2.599900 2.599900 2.636461 2.636461 2.668995 2.668995 2.695554 2.695554
2.277468 2.277468 2.340948 2.389211 2.406019 2.406019 2.420607 2.445672 2.445672 2.467136 2.467136 2.486136 2.494934 2.503343 2.511409 2.511409 2.477347 2.473227 2.484730 2.503195 2.521692 2.536498 2.545851 2.548872 2.544882 2.534391 2.518288 2.498917 2.482278 2.485550 2.485550 2.632860 2.752121 2.897602 2.928371 2.928371 2.922439 2.922439 2.871286 2.871286 2.845933 2.786771 2.786771 2.696224 2.696224 2.623904 2.623904 2.623904 2.639057 2.639057 2.669631 2.669631 2.702672 2.702672 2.732352 2.732352 2.756446 2.756446
2.278835 2.278835 2.342569 2.389206 2.405912 2.405912 2.420521 2.445659 2.445659 2.467145 2.467145 2.486140 2.494933 2.503340 2.511405 2.511405 2.496143 2.498933 2.514690 2.536797 2.559085 2.577813 2.591049 2.597860 2.597733 2.591084 2.578951 2.563603 2.550122 2.551567 2.551567 2.650311 2.748706 2.863836 2.876937 2.876937 2.850616 2.850616 2.818185 2.818185 2.811585 2.799805 2.799805 2.757238 2.757238 2.688454 2.688454 2.688454 2.690719 2.690719 2.712755 2.712755 2.740587 2.740587 2.766745 2.766745 2.788007 2.788007
2.279647 2.279647 2.343527 2.389210 2.405844 2.405844 2.420462 2.445651 2.445651 2.467150 2.467150 2.486141 2.494932 2.503338 2.511402 2.511402 2.515541 2.527719 2.549134 2.574924 2.600290 2.621983 2.638121 2.647706 2.650216 2.645849 2.635503 2.621204 2.607252 2.603557 2.603557 2.664946 2.734790 2.789906 2.778536 2.778536 2.749358 2.749358 2.755400 2.755400 2.768661 2.793518 2.793518 2.789889 2.789889 2.739756 2.739756 2.739756 2.732503 2.732503 2.744842 2.744842 2.765742 2.765742 2.787044 2.787044 2.804587 2.804587
2.279916 2.279916 2.343845 2.389214 2.405821 2.405821 2.420441 2.445647 2.445647 2.467152 2.467152 2.486142 2.494933 2.503337 2.511401 2.511401 2.536818 2.560101 2.588403 2.618111 2.646011 2.669751 2.687810 2.699275 2.703617 2.700824 2.691514 2.677299 2.661598 2.651221 2.651221 2.679287 2.707048 2.670325 2.643909 2.643909 2.646259 2.646259 2.696973 2.696973 2.726228 2.776955 2.776955 2.801961 2.801961 2.778893 2.778893 2.778893 2.768189 2.768189 2.771816 2.771816 2.784604 2.784604 2.799604 2.799604 2.812336 2.812336
2.279647 2.279647 2.343527 2.389211 2.405844 2.405844 2.420462 2.445651 2.445651 2.467151 2.467151 2.486142 2.494933 2.503339 2.511402 2.511402 2.561803 2.597216 2.633130 2.666887 2.696803 2.721653 2.740546 2.752856 2.758144 2.756273 2.747576 2.733179 2.715417 2.696885 2.696885 2.686683 2.646245 2.511440 2.499882 2.499882 2.559500 2.559500 2.645848 2.645848 2.685956 2.754344 2.754344 2.799714 2.799714 2.805260 2.805260 2.805260 2.797223 2.797223 2.794931 2.794931 2.799511 2.799511 2.807084 2.807084 2.813958 2.813958
2.278835 2.278835 2.342569 2.389206 2.405913 2.405913 2.420521 2.445659 2.445659 2.467145 2.467145 2.486139 2.494933 2.503340 2.511405 2.511405 2.592959 2.640873 2.684376 2.721873 2.753103 2.778026 2.796551 2.808509 2.813680 2.811916 2.803333 2.788568 2.768406 2.737291 2.737291 2.664957 2.517943 2.346974 2.377841 2.377841 2.490765 2.490765 2.599594 2.599594 2.646663 2.727419 2.727419 2.787248 2.787248 2.818479 2.818479 2.818479 2.817343 2.817343 2.812616 2.812616 2.810041 2.810041 2.809720 2.809720 2.809996 2.809996
2.277468 2.277468 2.340948 2.389211 2.406018 2.406018 2.420608 2.445672 2.445672 2.467136 2.467136 2.486136 2.494933 2.503343 2.511409 2.511409 2.633626 2.693608 2.743671 2.783815 2.815187 2.838896 2.855692 2.865963 2.869802 2.867157 2.858021 2.842511 2.818297 2.758950 2.758950 2.563060 2.300925 2.218950 2.282028 2.282028 2.430910 2.430910 2.553511 2.553511 2.605239 2.695299 2.695299 2.765589 2.765589 2.817799 2.817799 2.817799 2.825380 2.825380 2.821225 2.821225 2.813294 2.813294 2.805421 2.805421 2.798908 2.798908
