cruce_test.gid/Rasters/Hydraulic/Velocity____264.0.asc
NCOLS        79
NROWS        79
XLLCENTER         -1.500000
YLLCENTER         -4.800000
CELLSIZE           0.100
NODATA_VALUE     -9999.0
[rows 0 to 26 of 79, columns 0 to 59 of 79]
-9999.000 -9999.000 -9999.000 -9999.000 -9999.000 -9999.000 -9999.000 -9999.000 -9999.000 -9999.000 -9999.000 -9999.000 -9999.000 -9999.000 -9999.000 0.9239473E-01 0.8959959E-01 0.8864890E-01 0.8876750E-01 0.8973333E-01 0.9094462E-01 0.9209892E-01 0.9307361E-01 0.9375073E-01 0.9420007E-01 0.9445255E-01 0.9458037E-01 0.9478685E-01 0.9566551E-01 0.9667312E-01 0.9667312E-01 -9999.000 -9999.000 -9999.000 -9999.000 -9999.000 -9999.000 -9999.000 -9999.000 -9999.000 -9999.000 -9999.000 -9999.000 -9999.000 -9999.000 -9999.000 -9999.000 -9999.000 -9999.000 -9999.000 -9999.000 -9999.000 -9999.000 -9999.000 -9999.000 -9999.000 -9999.000 -9999.000 -9999.000 -9999.000
-9999.000 -9999.000 -9999.000 -9999.000 -9999.000 -9999.000 -9999.000 -9999.000 -9999.000 -9999.000 -9999.000 -9999.000 -9999.000 -9999.000 -9999.000 0.9237211E-01 0.8658203E-01 0.8466532E-01 0.8495148E-01 0.8693466E-01 0.8941074E-01 0.9180494E-01 0.9389108E-01 0.9541940E-01 0.9651585E-01 0.9722911E-01 0.9770207E-01 0.9837986E-01 0.1005716 0.1033304 0.1033304 -9999.000 -9999.000 -9999.000 -9999.000 -9999.000 -9999.000 -9999.000 -9999.000 -9999.000 -9999.000 -9999.000 -9999.000 -9999.000 -9999.000 -9999.000 -9999.000 -9999.000 -9999.000 -9999.000 -9999.000 -9999.000 -9999.000 -9999.000 -9999.000 -9999.000 -9999.000 -9999.000 -9999.000 -9999.000
-9999.000 -9999.000 -9999.000 -9999.000 -9999.000 -9999.000 -9999.000 -9999.000 -9999.000 -9999.000 -9999.000 -9999.000 -9999.000 -9999.000 -9999.000 0.9124529E-01 0.8221661E-01 0.7914413E-01 0.7957611E-01 0.8268966E-01 0.8660172E-01 0.9045128E-01 0.9391887E-01 0.9661938E-01 0.9874431E-01 0.1003473 0.1016258 0.1032607 0.1073247 0.1126704 0.1126704 -9999.000 -9999.000 -9999.000 -9999.000 -9999.000 -9999.000 -9999.000 -9999.000 -9999.000 -9999.000 -9999.000 -9999.000 -9999.000 -9999.000 -9999.000 -9999.000 -9999.000 -9999.000 -9999.000 -9999.000 -9999.000 -9999.000 -9999.000 -9999.000 -9999.000 -9999.000 -9999.000 -9999.000 -9999.000
-9999.000 -9999.000 -9999.000 -9999.000 -9999.000 -9999.000 -9999.000 -9999.000 -9999.000 -9999.000 -9999.000 -9999.000 -9999.000 -9999.000 -9999.000 0.8955526E-01 0.7732303E-01 0.7308653E-01 0.7368331E-01 0.7795119E-01 0.8331637E-01 0.8865029E-01 0.9355883E-01 0.9752493E-01 0.1008092 0.1034589 0.1057123 0.1084798 0.1146188 0.1230882 0.1230882 -9999.000 -9999.000 -9999.000 -9999.000 -9999.000 -9999.000 -9999.000 -9999.000 -9999.000 -9999.000 -9999.000 -9999.000 -9999.000 -9999.000 -9999.000 -9999.000 -9999.000 -9999.000 -9999.000 -9999.000 -9999.000 -9999.000 -9999.000 -9999.000 -9999.000 -9999.000 -9999.000 -9999.000 -9999.000
-9999.000 -9999.000 -9999.000 -9999.000 -9999.000 -9999.000 -9999.000 -9999.000 -9999.000 -9999.000 -9999.000 -9999.000 -9999.000 -9999.000 -9999.000 0.8752745E-01 0.7208985E-01 0.6669154E-01 0.6749437E-01 0.7295479E-01 0.7979134E-01 0.8662799E-01 0.9301192E-01 0.9829458E-01 0.1028119 0.1065953 0.1099183 0.1139248 0.1222979 0.1344408 0.1344408 -9999.000 -9999.000 -9999.000 -9999.000 -9999.000 -9999.000 -9999.000 -9999.000 -9999.000 -9999.000 -9999.000 -9999.000 -9999.000 -9999.000 -9999.000 -9999.000 -9999.000 -9999.000 -9999.000 -9999.000 -9999.000 -9999.000 -9999.000 -9999.000 -9999.000 -9999.000 -9999.000 -9999.000 -9999.000
-9999.000 -9999.000 -9999.000 -9999.000 -9999.000 -9999.000 -9999.000 -9999.000 -9999.000 -9999.000 -9999.000 -9999.000 -9999.000 -9999.000 -9999.000 0.8523492E-01 0.6658928E-01 0.6005496E-01 0.6113688E-01 0.6784227E-01 0.7616589E-01 0.8451295E-01 0.9239109E-01 0.9901829E-01 0.1048133 0.1097828 0.1142334 0.1195536 0.1303073 0.1467479 0.1467479 -9999.000 -9999.000 -9999.000 -9999.000 -9999.000 -9999.000 -9999.000 -9999.000 -9999.000 -9999.000 -9999.000 -9999.000 -9999.000 -9999.000 -9999.000 -9999.000 -9999.000 -9999.000 -9999.000 -9999.000 -9999.000 -9999.000 -9999.000 -9999.000 -9999.000 -9999.000 -9999.000 -9999.000 -9999.000
-9999.000 -9999.000 -9999.000 -9999.000 -9999.000 -9999.000 -9999.000 -9999.000 -9999.000 -9999.000 -9999.000 -9999.000 -9999.000 -9999.000 -9999.000 0.8268195E-01 0.6083970E-01 0.5322916E-01 0.5470451E-01 0.6271338E-01 0.7252777E-01 0.8237969E-01 0.9175872E-01 0.9974336E-01 0.1068462 0.1130367 0.1186548 0.1253501 0.1386376 0.1601246 0.1601246 -9999.000 -9999.000 -9999.000 -9999.000 -9999.000 -9999.000 -9999.000 -9999.000 -9999.000 -9999.000 -9999.000 -9999.000 -9999.000 -9999.000 -9999.000 -9999.000 -9999.000 -9999.000 -9999.000 -9999.000 -9999.000 -9999.000 -9999.000 -9999.000 -9999.000 -9999.000 -9999.000 -9999.000 -9999.000
-9999.000 -9999.000 -9999.000 -9999.000 -9999.000 -9999.000 -9999.000 -9999.000 -9999.000 -9999.000 -9999.000 -9999.000 -9999.000 -9999.000 -9999.000 0.7983892E-01 0.5483628E-01 0.4626065E-01 0.4830116E-01 0.5766403E-01 0.6894682E-01 0.8027934E-01 0.9115338E-01 0.1004976 0.1089287 0.1163656 0.1231820 0.1313099 0.1473000 0.1747568 0.1747568 -9999.000 -9999.000 -9999.000 -9999.000 -9999.000 -9999.000 -9999.000 -9999.000 -9999.000 -9999.000 -9999.000 -9999.000 -9999.000 -9999.000 -9999.000 -9999.000 -9999.000 -9999.000 -9999.000 -9999.000 -9999.000 -9999.000 -9999.000 -9999.000 -9999.000 -9999.000 -9999.000 -9999.000 -9999.000
-9999.000 -9999.000 -9999.000 -9999.000 -9999.000 -9999.000 -9999.000 -9999.000 -9999.000 -9999.000 -9999.000 -9999.000 -9999.000 -9999.000 -9999.000 0.7665700E-01 0.4856398E-01 0.3922530E-01 0.4208697E-01 0.5281466E-01 0.6549648E-01 0.7825730E-01 0.9060527E-01 0.1013005 0.1110736 0.1197751 0.1278146 0.1374317 0.1563169 0.1909026 0.1909026 -9999.000 -9999.000 -9999.000 -9999.000 -9999.000 -9999.000 -9999.000 -9999.000 -9999.000 -9999.000 -9999.000 -9999.000 -9999.000 -9999.000 -9999.000 -9999.000 -9999.000 -9999.000 -9999.000 -9999.000 -9999.000 -9999.000 -9999.000 -9999.000 -9999.000 -9999.000 -9999.000 -9999.000 -9999.000
-9999.000 -9999.000 -9999.000 -9999.000 -9999.000 -9999.000 -9999.000 -9999.000 -9999.000 -9999.000 -9999.000 -9999.000 -9999.000 -9999.000 -9999.000 0.7307305E-01 0.4200919E-01 0.3228627E-01 0.3634527E-01 0.4833882E-01 0.6226809E-01 0.7636488E-01 0.9014643E-01 0.1021717 0.1132936 0.1232713 0.1325531 0.1437176 0.1657174 0.2089067 0.2089067 -9999.000 -9999.000 -9999.000 -9999.000 -9999.000 -9999.000 -9999.000 -9999.000 -9999.000 -9999.000 -9999.000 -9999.000 -9999.000 -9999.000 -9999.000 -9999.000 -9999.000 -9999.000 -9999.000 -9999.000 -9999.000 -9999.000 -9999.000 -9999.000 -9999.000 -9999.000 -9999.000 -9999.000 -9999.000
-9999.000 -9999.000 -9999.000 -9999.000 -9999.000 -9999.000 -9999.000 -9999.000 -9999.000 -9999.000 -9999.000 -9999.000 -9999.000 -9999.000 -9999.000 0.6901079E-01 0.3517298E-01 0.2583184E-01 0.3158797E-01 0.4449371E-01 0.5938527E-01 0.7466925E-01 0.8981787E-01 0.1031370 0.1156060 0.1268631 0.1373998 0.1501702 0.1755355 0.2292331 0.2292331 -9999.000 -9999.000 -9999.000 -9999.000 -9999.000 -9999.000 -9999.000 -9999.000 -9999.000 -9999.000 -9999.000 -9999.000 -9999.000 -9999.000 -9999.000 -9999.000 -9999.000 -9999.000 -9999.000 -9999.000 -9999.000 -9999.000 -9999.000 -9999.000 -9999.000 -9999.000 -9999.000 -9999.000 -9999.000
-9999.000 -9999.000 -9999.000 -9999.000 -9999.000 -9999.000 -9999.000 -9999.000 -9999.000 -9999.000 -9999.000 -9999.000 -9999.000 -9999.000 -9999.000 0.6437843E-01 0.2810809E-01 0.2081003E-01 0.2865832E-01 0.4164866E-01 0.5702024E-01 0.7326499E-01 0.8967912E-01 0.1042357 0.1180388 0.1305680 0.1423629 0.1567968 0.1858124 0.2525165 0.2525165 -9999.000 -9999.000 -9999.000 -9999.000 -9999.000 -9999.000 -9999.000 -9999.000 -9999.000 -9999.000 -9999.000 -9999.000 -9999.000 -9999.000 -9999.000 -9999.000 -9999.000 -9999.000 -9999.000 -9999.000 -9999.000 -9999.000 -9999.000 -9999.000 -9999.000 -9999.000 -9999.000 -9999.000 -9999.000
-9999.000 -9999.000 -9999.000 -9999.000 -9999.000 -9999.000 -9999.000 -9999.000 -9999.000 -9999.000 -9999.000 -9999.000 -9999.000 -9999.000 -9999.000 0.5905825E-01 0.2104899E-01 0.1914570E-01 0.2861859E-01 0.4031769E-01 0.5543827E-01 0.7231009E-01 0.8983628E-01 0.1055440 0.1206495 0.1344255 0.1474676 0.1636165 0.1965998 0.2796487 0.2796487 -9999.000 -9999.000 -9999.000 -9999.000 -9999.000 -9999.000 -9999.000 -9999.000 -9999.000 -9999.000 -9999.000 -9999.000 -9999.000 -9999.000 -9999.000 -9999.000 -9999.000 -9999.000 -9999.000 -9999.000 -9999.000 -9999.000 -9999.000 -9999.000 -9999.000 -9999.000 -9999.000 -9999.000 -9999.000
-9999.000 -9999.000 -9999.000 -9999.000 -9999.000 -9999.000 -9999.000 -9999.000 -9999.000 -9999.000 -9999.000 -9999.000 -9999.000 -9999.000 -9999.000 0.5238507E-01 0.1603104E-01 0.2499473E-01 0.3463166E-01 0.4334283E-01 0.5680312E-01 0.7338170E-01 0.9143234E-01 0.1079030 0.1240554 0.1388823 0.1530302 0.1708491 0.2080781 0.3120094 0.3120094 -9999.000 -9999.000 -9999.000 -9999.000 -9999.000 -9999.000 -9999.000 -9999.000 -9999.000 -9999.000 -9999.000 -9999.000 -9999.000 -9999.000 -9999.000 -9999.000 -9999.000 -9999.000 -9999.000 -9999.000 -9999.000 -9999.000 -9999.000 -9999.000 -9999.000 -9999.000 -9999.000 -9999.000 -9999.000
-9999.000 -9999.000 -9999.000 -9999.000 -9999.000 -9999.000 -9999.000 -9999.000 -9999.000 -9999.000 -9999.000 -9999.000 -9999.000 -9999.000 -9999.000 0.8245545E-01 0.1263018 0.1464458 0.1378744 0.1223962 0.1142574 0.1122459 0.1166285 0.1242672 0.1351640 0.1470779 0.1599315 0.1781319 0.2193924 0.3488604 0.3488604 -9999.000 -9999.000 -9999.000 -9999.000 -9999.000 -9999.000 -9999.000 -9999.000 -9999.000 -9999.000 -9999.000 -9999.000 -9999.000 -9999.000 -9999.000 -9999.000 -9999.000 -9999.000 -9999.000 -9999.000 -9999.000 -9999.000 -9999.000 -9999.000 -9999.000 -9999.000 -9999.000 -9999.000 -9999.000
2.821802 2.821802 2.834237 2.840227 2.859707 2.859707 2.862489 2.862571 2.862571 2.859192 2.859192 2.853316 2.849670 2.845654 2.841604 2.841604 2.977596 2.981528 2.982624 2.969674 2.932154 2.872616 2.790792 2.684034 2.557885 2.412575 2.252065 2.085817 1.939574 1.888339 1.888339 2.709283 2.881604 2.982020 3.007267 3.007267 3.040855 3.040855 3.023706 3.023706 2.979622 2.798134 2.798134 2.423835 2.423835 2.098432 2.098432 2.098432 2.081992 2.081992 2.113656 2.113656 2.161628 2.161628 2.211680 2.211680 2.256408 2.256408 2.256408 2.291772
2.843478 2.843478 2.865253 2.893288 2.919993 2.919993 2.934787 2.957683 2.957683 2.976596 2.976596 2.992799 3.000125 3.007036 3.013845 3.013845 3.115057 3.133229 3.148505 3.159773 3.164851 3.163351 3.153252 3.131066 3.095473 3.043767 2.974514 2.888559 2.792403 2.717882 2.717882 3.153669 3.306510 3.456186 3.497328 3.497328 3.544339 3.544339 3.545594 3.545594 3.524372 3.422401 3.422401 3.213077 3.213077 2.931130 2.931130 2.931130 2.912152 2.912152 2.945949 2.945949 2.996982 2.996982 3.049587 3.049587 3.097395 3.097395 3.097395 3.137376
2.847705 2.847705 2.864286 2.894890 2.919644 2.919644 2.935270 2.959103 2.959103 2.978585 2.978585 2.995425 3.003121 3.010433 3.017705 3.017705 3.108289 3.138546 3.165258 3.188175 3.206428 3.220183 3.229167 3.232081 3.228241 3.215951 3.193454 3.159903 3.117808 3.085094 3.085094 3.328967 3.475146 3.645965 3.696324 3.696324 3.747837 3.747837 3.736791 3.736791 3.707662 3.609741 3.609741 3.463678 3.463678 3.225238 3.225238 3.225238 3.190024 3.190024 3.211425 3.211425 3.253923 3.253923 3.300427 3.300427 3.343692 3.343692 3.343692 3.380338
2.850096 2.850096 2.867341 2.894995 2.918345 2.918345 2.934482 2.958903 2.958903 2.978508 2.978508 2.995390 3.003106 3.010438 3.017790 3.017790 3.101919 3.142316 3.179676 3.212690 3.240404 3.262750 3.279871 3.291544 3.297909 3.298678 3.293297 3.281451 3.264656 3.253959 3.253959 3.403260 3.532130 3.707018 3.760786 3.760786 3.804998 3.804998 3.769552 3.769552 3.730214 3.641861 3.641861 3.549938 3.549938 3.366901 3.366901 3.366901 3.318130 3.318130 3.325029 3.325029 3.358624 3.358624 3.400098 3.400098 3.440160 3.440160 3.440160 3.474389
2.848900 2.848900 2.873857 2.895737 2.918235 2.918235 2.934777 2.959692 2.959692 2.979340 2.979340 2.996191 3.003895 3.011220 3.018666 3.018666 3.100754 3.149831 3.196789 3.239132 3.275588 3.305780 3.329764 3.347591 3.359597 3.366070 3.367218 3.363425 3.356209 3.353135 3.353135 3.447638 3.554744 3.718170 3.765432 3.765432 3.779097 3.779097 3.711982 3.711982 3.671006 3.612529 3.612529 3.573219 3.573219 3.453296 3.453296 3.453296 3.399038 3.399038 3.390819 3.390819 3.412937 3.412937 3.447571 3.447571 3.483371 3.483371 3.483371 3.514453
2.849329 2.849329 2.877198 2.895564 2.917559 2.917559 2.934394 2.959706 2.959706 2.979392 2.979392 2.996218 3.003915 3.011237 3.018824 3.018824 3.104319 3.161329 3.216922 3.267706 3.312147 3.349667 3.380193 3.403815 3.420837 3.431664 3.436748 3.436737 3.433112 3.431296 3.431296 3.489769 3.572531 3.705219 3.730244 3.730244 3.687334 3.687334 3.603483 3.603483 3.577146 3.564484 3.564484 3.570325 3.570325 3.511006 3.511006 3.511006 3.461723 3.461723 3.441926 3.441926 3.451151 3.451151 3.476572 3.476572 3.506134 3.506134 3.506134 3.532559
2.849590 2.849590 2.879146 2.895429 2.917141 2.917141 2.934146 2.959709 2.959709 2.979419 2.979419 2.996227 3.003918 3.011238 3.019029 3.019029 3.114196 3.179012 3.242419 3.300633 3.352041 3.396013 3.432421 3.461357 3.483074 3.497952 3.506457 3.509239 3.507552 3.505147 3.505147 3.538613 3.595341 3.668372 3.648638 3.648638 3.542136 3.542136 3.481260 3.481260 3.482155 3.516001 3.516001 3.555419 3.555419 3.547482 3.547482 3.547482 3.511951 3.511951 3.487174 3.487174 3.484623 3.484623 3.499218 3.499218 3.520492 3.520492 3.520492 3.540515
2.849677 2.849677 2.879786 2.895379 2.917001 2.917001 2.934061 2.959710 2.959710 2.979427 2.979427 2.996228 3.003918 3.011237 3.019312 3.019312 3.131469 3.204445 3.275053 3.339685 3.396910 3.446219 3.487547 3.521021 3.546883 3.565465 3.577177 3.582568 3.582568 3.579367 3.579367 3.594386 3.621465 3.587187 3.503642 3.503642 3.372319 3.372319 3.372772 3.372772 3.401615 3.471139 3.471139 3.533538 3.533538 3.566212 3.566212 3.566212 3.549322 3.549322 3.526790 3.526790 3.515902 3.515902 3.519446 3.519446 3.530797 3.530797 3.530797 3.542722
2.849588 2.849588 2.879152 2.895429 2.917142 2.917142 2.934145 2.959708 2.959708 2.979418 2.979418 2.996226 3.003918 3.011237 3.019708 3.019708 3.157692 3.239483 3.316800 3.386804 3.448561 3.501877 3.546880 3.583803 3.612934 3.634584 3.649103 3.656916 3.658544 3.654218 3.654218 3.652059 3.636822 3.430990 3.297115 3.297115 3.218797 3.218797 3.290637 3.290637 3.338813 3.430605 3.430605 3.508123 3.508123 3.571361 3.571361 3.571361 3.573911 3.573911 3.559235 3.559235 3.544762 3.544762 3.538476 3.538476 3.539013 3.539013 3.539013 3.541399
2.849324 2.849324 2.877210 2.895565 2.917561 2.917561 2.934395 2.959706 2.959706 2.979392 2.979392 2.996217 3.003914 3.011236 3.020256 3.020256 3.195177 3.286515 3.369998 3.444187 3.508995 3.564754 3.611908 3.650893 3.682093 3.705850 3.722475 3.732262 3.735088 3.727264 3.727264 3.698137 3.604786 3.194861 3.073227 3.073227 3.107242 3.107242 3.227856 3.227856 3.286402 3.391087 3.391087 3.478946 3.478946 3.564761 3.564761 3.564761 3.584887 3.584887 3.581095 3.581095 3.567242 3.567242 3.553585 3.553585 3.543476 3.543476 3.543476 3.535534
2.848895 2.848895 2.873875 2.895738 2.918237 2.918237 2.934779 2.959692 2.959692 2.979340 2.979340 2.996189 3.003892 3.011218 3.020995 3.020995 3.247504 3.348868 3.437621 3.514452 3.580493 3.636812 3.684299 3.723657 3.755427 3.780016 3.797728 3.808682 3.811128 3.789961 3.789961 3.695143 3.459917 2.933302 2.896691 2.896691 3.030815 3.030815 3.173729 3.173729 3.237266 3.349707 3.349707 3.444942 3.444942 3.547037 3.547037 3.547037 3.581513 3.581513 3.589080 3.589080 3.578855 3.578855 3.560623 3.560623 3.540954 3.540954 3.540954 3.522687
2.850090 2.850090 2.867363 2.894996 2.918348 2.918348 2.934484 2.958903 2.958903 2.978508 2.978508 2.995389 3.003106 3.010438 3.021264 3.021264 3.319755 3.430769 3.523066 3.600307 3.665226 3.719807 3.765475 3.803252 3.833848 3.857753 3.875292 3.886108 3.882531 3.809805 3.809805 3.556770 3.156922 2.736915 2.784500 2.784500 2.964477 2.964477 3.116082 3.116082 3.182325 3.300215 3.300215 3.400973 3.400973 3.514626 3.514626 3.514626 3.559982 3.559982 3.577565 3.577565 3.572258 3.572258 3.551854 3.551854 3.524379 3.524379 3.524379 3.496706
