cruce_test.gid/Rasters/Hydraulic/Velocity__y_53.0.asc
NCOLS        79
NROWS        79
XLLCENTER         -1.500000
YLLCENTER         -4.800000
CELLSIZE           0.100
NODATA_VALUE     -9999.0
[rows 0 to 25 of 79, columns 0 to 58 of 79]
-9999.000 -9999.000 -9999.000 -9999.000 -9999.000 -9999.000 -9999.000 -9999.000 -9999.000 -9999.000 -9999.000 -9999.000 -9999.000 -9999.000 -9999.000 -0.2622693 -0.2612281 -0.2614369 -0.2617877 -0.2621890 -0.2626365 -0.2631381 -0.2637031 -0.2643408 -0.2650644 -0.2658935 -0.2668611 -0.2680182 -0.2693097 -0.2661007 -0.2661007 -9999.000 -9999.000 -9999.000 -9999.000 -9999.000 -9999.000 -9999.000 -9999.000 -9999.000 -9999.000 -9999.000 -9999.000 -9999.000 -9999.000 -9999.000 -9999.000 -9999.000 -9999.000 -9999.000 -9999.000 -9999.000 -9999.000 -9999.000 -9999.000 -9999.000 -9999.000 -9999.000 -9999.000
-9999.000 -9999.000 -9999.000 -9999.000 -9999.000 -9999.000 -9999.000 -9999.000 -9999.000 -9999.000 -9999.000 -9999.000 -9999.000 -9999.000 -9999.000 -0.2582250 -0.2557214 -0.2560700 -0.2566956 -0.2574027 -0.2581850 -0.2590640 -0.2600673 -0.2612248 -0.2625743 -0.2641660 -0.2660725 -0.2683941 -0.2709902 -0.2648342 -0.2648342 -9999.000 -9999.000 -9999.000 -9999.000 -9999.000 -9999.000 -9999.000 -9999.000 -9999.000 -9999.000 -9999.000 -9999.000 -9999.000 -9999.000 -9999.000 -9999.000 -9999.000 -9999.000 -9999.000 -9999.000 -9999.000 -9999.000 -9999.000 -9999.000 -9999.000 -9999.000 -9999.000 -9999.000
-9999.000 -9999.000 -9999.000 -9999.000 -9999.000 -9999.000 -9999.000 -9999.000 -9999.000 -9999.000 -9999.000 -9999.000 -9999.000 -9999.000 -9999.000 -0.2524078 -0.2481344 -0.2486818 -0.2497392 -0.2509710 -0.2523599 -0.2539406 -0.2557613 -0.2578755 -0.2603453 -0.2632462 -0.2666749 -0.2707458 -0.2751332 -0.2658669 -0.2658669 -9999.000 -9999.000 -9999.000 -9999.000 -9999.000 -9999.000 -9999.000 -9999.000 -9999.000 -9999.000 -9999.000 -9999.000 -9999.000 -9999.000 -9999.000 -9999.000 -9999.000 -9999.000 -9999.000 -9999.000 -9999.000 -9999.000 -9999.000 -9999.000 -9999.000 -9999.000 -9999.000 -9999.000
-9999.000 -9999.000 -9999.000 -9999.000 -9999.000 -9999.000 -9999.000 -9999.000 -9999.000 -9999.000 -9999.000 -9999.000 -9999.000 -9999.000 -9999.000 -0.2454198 -0.2392944 -0.2401068 -0.2417108 -0.2436188 -0.2458021 -0.2483096 -0.2512098 -0.2545780 -0.2584981 -0.2630661 -0.2683973 -0.2746152 -0.2811926 -0.2692097 -0.2692097 -9999.000 -9999.000 -9999.000 -9999.000 -9999.000 -9999.000 -9999.000 -9999.000 -9999.000 -9999.000 -9999.000 -9999.000 -9999.000 -9999.000 -9999.000 -9999.000 -9999.000 -9999.000 -9999.000 -9999.000 -9999.000 -9999.000 -9999.000 -9999.000 -9999.000 -9999.000 -9999.000 -9999.000
-9999.000 -9999.000 -9999.000 -9999.000 -9999.000 -9999.000 -9999.000 -9999.000 -9999.000 -9999.000 -9999.000 -9999.000 -9999.000 -9999.000 -9999.000 -0.2372812 -0.2292954 -0.2304379 -0.2326911 -0.2354077 -0.2385479 -0.2421770 -0.2463861 -0.2512740 -0.2569474 -0.2635249 -0.2711421 -0.2799349 -0.2891608 -0.2749443 -0.2749443 -9999.000 -9999.000 -9999.000 -9999.000 -9999.000 -9999.000 -9999.000 -9999.000 -9999.000 -9999.000 -9999.000 -9999.000 -9999.000 -9999.000 -9999.000 -9999.000 -9999.000 -9999.000 -9999.000 -9999.000 -9999.000 -9999.000 -9999.000 -9999.000 -9999.000 -9999.000 -9999.000 -9999.000
-9999.000 -9999.000 -9999.000 -9999.000 -9999.000 -9999.000 -9999.000 -9999.000 -9999.000 -9999.000 -9999.000 -9999.000 -9999.000 -9999.000 -9999.000 -0.2279530 -0.2181913 -0.2197279 -0.2227194 -0.2263568 -0.2305932 -0.2355146 -0.2412388 -0.2478929 -0.2556126 -0.2645454 -0.2748561 -0.2867025 -0.2991248 -0.2832766 -0.2832766 -9999.000 -9999.000 -9999.000 -9999.000 -9999.000 -9999.000 -9999.000 -9999.000 -9999.000 -9999.000 -9999.000 -9999.000 -9999.000 -9999.000 -9999.000 -9999.000 -9999.000 -9999.000 -9999.000 -9999.000 -9999.000 -9999.000 -9999.000 -9999.000 -9999.000 -9999.000 -9999.000 -9999.000
-9999.000 -9999.000 -9999.000 -9999.000 -9999.000 -9999.000 -9999.000 -9999.000 -9999.000 -9999.000 -9999.000 -9999.000 -9999.000 -9999.000 -9999.000 -0.2173356 -0.2060004 -0.2079981 -0.2118025 -0.2164537 -0.2219044 -0.2282675 -0.2356951 -0.2443514 -0.2544104 -0.2660617 -0.2795146 -0.2949695 -0.3112608 -0.2945481 -0.2945481 -9999.000 -9999.000 -9999.000 -9999.000 -9999.000 -9999.000 -9999.000 -9999.000 -9999.000 -9999.000 -9999.000 -9999.000 -9999.000 -9999.000 -9999.000 -9999.000 -9999.000 -9999.000 -9999.000 -9999.000 -9999.000 -9999.000 -9999.000 -9999.000 -9999.000 -9999.000 -9999.000 -9999.000
-9999.000 -9999.000 -9999.000 -9999.000 -9999.000 -9999.000 -9999.000 -9999.000 -9999.000 -9999.000 -9999.000 -9999.000 -9999.000 -9999.000 -9999.000 -0.2052741 -0.1927095 -0.1952421 -0.1999206 -0.2056591 -0.2124211 -0.2203559 -0.2296601 -0.2405470 -0.2532454 -0.2680060 -0.2851094 -0.3048320 -0.3258394 -0.3092674 -0.3092674 -9999.000 -9999.000 -9999.000 -9999.000 -9999.000 -9999.000 -9999.000 -9999.000 -9999.000 -9999.000 -9999.000 -9999.000 -9999.000 -9999.000 -9999.000 -9999.000 -9999.000 -9999.000 -9999.000 -9999.000 -9999.000 -9999.000 -9999.000 -9999.000 -9999.000 -9999.000 -9999.000 -9999.000
-9999.000 -9999.000 -9999.000 -9999.000 -9999.000 -9999.000 -9999.000 -9999.000 -9999.000 -9999.000 -9999.000 -9999.000 -9999.000 -9999.000 -9999.000 -0.1915606 -0.1782752 -0.1814279 -0.1870285 -0.1939079 -0.2020556 -0.2116711 -0.2230094 -0.2363498 -0.2519972 -0.2702946 -0.2916343 -0.3164242 -0.3432395 -0.3281755 -0.3281755 -9999.000 -9999.000 -9999.000 -9999.000 -9999.000 -9999.000 -9999.000 -9999.000 -9999.000 -9999.000 -9999.000 -9999.000 -9999.000 -9999.000 -9999.000 -9999.000 -9999.000 -9999.000 -9999.000 -9999.000 -9999.000 -9999.000 -9999.000 -9999.000 -9999.000 -9999.000 -9999.000 -9999.000
-9999.000 -9999.000 -9999.000 -9999.000 -9999.000 -9999.000 -9999.000 -9999.000 -9999.000 -9999.000 -9999.000 -9999.000 -9999.000 -9999.000 -9999.000 -0.1759374 -0.1626211 -0.1664943 -0.1730519 -0.1811042 -0.1906881 -0.2020691 -0.2155790 -0.2315858 -0.2505022 -0.2728062 -0.2990646 -0.3299104 -0.3639739 -0.3523655 -0.3523655 -9999.000 -9999.000 -9999.000 -9999.000 -9999.000 -9999.000 -9999.000 -9999.000 -9999.000 -9999.000 -9999.000 -9999.000 -9999.000 -9999.000 -9999.000 -9999.000 -9999.000 -9999.000 -9999.000 -9999.000 -9999.000 -9999.000 -9999.000 -9999.000 -9999.000 -9999.000 -9999.000 -9999.000
-9999.000 -9999.000 -9999.000 -9999.000 -9999.000 -9999.000 -9999.000 -9999.000 -9999.000 -9999.000 -9999.000 -9999.000 -9999.000 -9999.000 -9999.000 -0.1580982 -0.1456290 -0.1503408 -0.1578777 -0.1671119 -0.1781538 -0.1913553 -0.2071474 -0.2260164 -0.2485245 -0.2753481 -0.3073251 -0.3454653 -0.3887239 -0.3835070 -0.3835070 -9999.000 -9999.000 -9999.000 -9999.000 -9999.000 -9999.000 -9999.000 -9999.000 -9999.000 -9999.000 -9999.000 -9999.000 -9999.000 -9999.000 -9999.000 -9999.000 -9999.000 -9999.000 -9999.000 -9999.000 -9999.000 -9999.000 -9999.000 -9999.000 -9999.000 -9999.000 -9999.000 -9999.000
-9999.000 -9999.000 -9999.000 -9999.000 -9999.000 -9999.000 -9999.000 -9999.000 -9999.000 -9999.000 -9999.000 -9999.000 -9999.000 -9999.000 -9999.000 -0.1376909 -0.1271271 -0.1328114 -0.1413357 -0.1517347 -0.1642230 -0.1792615 -0.1974067 -0.2193000 -0.2457090 -0.2775981 -0.3162230 -0.3632248 -0.4183823 -0.4242945 -0.4242945 -9999.000 -9999.000 -9999.000 -9999.000 -9999.000 -9999.000 -9999.000 -9999.000 -9999.000 -9999.000 -9999.000 -9999.000 -9999.000 -9999.000 -9999.000 -9999.000 -9999.000 -9999.000 -9999.000 -9999.000 -9999.000 -9999.000 -9999.000 -9999.000 -9999.000 -9999.000 -9999.000 -9999.000
-9999.000 -9999.000 -9999.000 -9999.000 -9999.000 -9999.000 -9999.000 -9999.000 -9999.000 -9999.000 -9999.000 -9999.000 -9999.000 -9999.000 -9999.000 -0.1143234 -0.1068746 -0.1136729 -0.1231730 -0.1346871 -0.1485664 -0.1654046 -0.1859121 -0.2109280 -0.2414961 -0.2789910 -0.3253092 -0.3831494 -0.4540611 -0.4794255 -0.4794255 -9999.000 -9999.000 -9999.000 -9999.000 -9999.000 -9999.000 -9999.000 -9999.000 -9999.000 -9999.000 -9999.000 -9999.000 -9999.000 -9999.000 -9999.000 -9999.000 -9999.000 -9999.000 -9999.000 -9999.000 -9999.000 -9999.000 -9999.000 -9999.000 -9999.000 -9999.000 -9999.000 -9999.000
-9999.000 -9999.000 -9999.000 -9999.000 -9999.000 -9999.000 -9999.000 -9999.000 -9999.000 -9999.000 -9999.000 -9999.000 -9999.000 -9999.000 -9999.000 -0.8749977E-01 -0.8450766E-01 -0.9256474E-01 -0.1030109 -0.1155537 -0.1307128 -0.1492353 -0.1720118 -0.2001217 -0.2349659 -0.2784882 -0.3335490 -0.4046187 -0.4968720 -0.5580972 -0.5580972 -9999.000 -9999.000 -9999.000 -9999.000 -9999.000 -9999.000 -9999.000 -9999.000 -9999.000 -9999.000 -9999.000 -9999.000 -9999.000 -9999.000 -9999.000 -9999.000 -9999.000 -9999.000 -9999.000 -9999.000 -9999.000 -9999.000 -9999.000 -9999.000 -9999.000 -9999.000 -9999.000 -9999.000
-9999.000 -9999.000 -9999.000 -9999.000 -9999.000 -9999.000 -9999.000 -9999.000 -9999.000 -9999.000 -9999.000 -9999.000 -9999.000 -9999.000 -9999.000 -0.5155769E-01 -0.5784229E-01 -0.6840900E-01 -0.8045450E-01 -0.9432770E-01 -0.1108198 -0.1308962 -0.1556804 -0.1865546 -0.2253788 -0.2748659 -0.3392890 -0.4260286 -0.5474408 -0.6813817 -0.6813817 -9999.000 -9999.000 -9999.000 -9999.000 -9999.000 -9999.000 -9999.000 -9999.000 -9999.000 -9999.000 -9999.000 -9999.000 -9999.000 -9999.000 -9999.000 -9999.000 -9999.000 -9999.000 -9999.000 -9999.000 -9999.000 -9999.000 -9999.000 -9999.000 -9999.000 -9999.000 -9999.000 -9999.000
-0.2486405E-02 -0.2486405E-02 -0.3416146E-02 -0.3989659E-02 -0.4058780E-02 -0.4058780E-02 -0.5469860E-02 -0.6276984E-02 -0.6276984E-02 -0.6257836E-02 -0.6257836E-02 -0.8566442E-02 -0.1126880E-01 -0.1626241E-01 -0.2575172E-01 -0.2575172E-01 -0.6548471E-01 -0.8221070E-01 -0.9816905E-01 -0.1140461 -0.1306655 -0.1491397 -0.1709528 -0.1980541 -0.2330096 -0.2792988 -0.3419967 -0.4295363 -0.5569969 -0.7848959 -0.7848959 -0.5595025 -0.3865114 -0.1248584 -0.4716327E-01 -0.4716327E-01 0.2707869E-01 0.2707869E-01 0.4197084E-01 0.4197084E-01 0.1609131E-01 -0.7260651E-02 -0.7260651E-02 0.5566405E-02 0.5566405E-02 0.1060723E-01 0.1060723E-01 0.1060723E-01 0.8508530E-02 0.8508530E-02 0.6344737E-02 0.6344737E-02 0.5926209E-02 0.5926209E-02 0.3674804E-02 0.3674804E-02 0.2326676E-02 0.2326676E-02 0.2326676E-02
-0.3814251E-02 -0.3814251E-02 -0.4981265E-02 -0.5697453E-02 -0.5770463E-02 -0.5770463E-02 -0.8088619E-02 -0.9604359E-02 -0.9604359E-02 -0.1066222E-01 -0.1066222E-01 -0.1626978E-01 -0.2211461E-01 -0.3189659E-01 -0.4844517E-01 -0.4844517E-01 -0.1040090 -0.1286693 -0.1518366 -0.1734598 -0.1936523 -0.2129384 -0.2324178 -0.2538770 -0.2798570 -0.3137082 -0.3596788 -0.4231073 -0.5093981 -0.6268329 -0.6268329 -0.4413121 -0.2978654 -0.9404898E-01 -0.2581091E-01 -0.2581091E-01 0.6284408E-01 0.6284408E-01 0.1020281 0.1020281 0.7222399E-01 -0.9583967E-04 -0.9583967E-04 0.1534045E-01 0.1534045E-01 0.2292788E-01 0.2292788E-01 0.2292788E-01 0.1821255E-01 0.1821255E-01 0.1371687E-01 0.1371687E-01 0.9153885E-02 0.9153885E-02 0.7541887E-02 0.7541887E-02 0.5270775E-02 0.5270775E-02 0.5270775E-02
-0.3123274E-02 -0.3123274E-02 -0.4059141E-02 -0.4821360E-02 -0.4910367E-02 -0.4910367E-02 -0.7136631E-02 -0.9664720E-02 -0.9664720E-02 -0.1256158E-01 -0.1256158E-01 -0.2147807E-01 -0.2991622E-01 -0.4273825E-01 -0.6183489E-01 -0.6183489E-01 -0.1201698 -0.1505781 -0.1808566 -0.2102877 -0.2382975 -0.2646122 -0.2894075 -0.3134432 -0.3381727 -0.3658113 -0.3993010 -0.4420463 -0.4962740 -0.5590739 -0.5590739 -0.4469852 -0.3403887 -0.1608971 -0.8503567E-01 -0.8503567E-01 0.4927603E-01 0.4927603E-01 0.1473342 0.1473342 0.1530820 0.4946858E-01 0.4946858E-01 0.3192245E-01 0.3192245E-01 0.3163246E-01 0.3163246E-01 0.3163246E-01 0.2676567E-01 0.2676567E-01 0.2033529E-01 0.2033529E-01 0.1111223E-01 0.1111223E-01 0.9673989E-02 0.9673989E-02 0.6827301E-02 0.6827301E-02 0.6827301E-02
-0.2444507E-02 -0.2444507E-02 -0.3186004E-02 -0.3883046E-02 -0.3969994E-02 -0.3969994E-02 -0.5907401E-02 -0.9319686E-02 -0.9319686E-02 -0.1362794E-01 -0.1362794E-01 -0.2478879E-01 -0.3473543E-01 -0.4909709E-01 -0.6922959E-01 -0.6922959E-01 -0.1287052 -0.1624141 -0.1972481 -0.2322235 -0.2664764 -0.2993285 -0.3303811 -0.3596146 -0.3874796 -0.4149460 -0.4434344 -0.4744918 -0.5084509 -0.5404784 -0.5404784 -0.4667468 -0.3838286 -0.2194294 -0.1368343 -0.1368343 0.2866468E-01 0.2866468E-01 0.1631792 0.1631792 0.1963631 0.1267728 0.1267728 0.6043980E-01 0.6043980E-01 0.3801053E-01 0.3801053E-01 0.3801053E-01 0.3155774E-01 0.3155774E-01 0.2322032E-01 0.2322032E-01 0.1255795E-01 0.1255795E-01 0.8315757E-02 0.8315757E-02 0.4821220E-02 0.4821220E-02 0.4821220E-02
-0.1793218E-02 -0.1793218E-02 -0.2358794E-02 -0.2927769E-02 -0.3004282E-02 -0.3004282E-02 -0.4597459E-02 -0.8772990E-02 -0.8772990E-02 -0.1408226E-01 -0.1408226E-01 -0.2668354E-01 -0.3748767E-01 -0.5265988E-01 -0.7335364E-01 -0.7335364E-01 -0.1346035 -0.1708859 -0.2090412 -0.2479470 -0.2866530 -0.3243592 -0.3604324 -0.3944459 -0.4262257 -0.4558634 -0.4835965 -0.5094608 -0.5323842 -0.5473694 -0.5473694 -0.4939940 -0.4242949 -0.2621966 -0.1707146 -0.1707146 0.1472807E-01 0.1472807E-01 0.1606259 0.1606259 0.2054731 0.1899247 0.1899247 0.1034021 0.1034021 0.4863839E-01 0.4863839E-01 0.4863839E-01 0.3468688E-01 0.3468688E-01 0.2312762E-01 0.2312762E-01 0.1106236E-01 0.1106236E-01 0.4452098E-02 0.4452098E-02 0.4553939E-03 0.4553939E-03 0.4553939E-03
-0.1173500E-02 -0.1173500E-02 -0.1559079E-02 -0.1959545E-02 -0.2018506E-02 -0.2018506E-02 -0.3267067E-02 -0.8007499E-02 -0.8007499E-02 -0.1393596E-01 -0.1393596E-01 -0.2728112E-01 -0.3845169E-01 -0.5394447E-01 -0.7496275E-01 -0.7496275E-01 -0.1393265 -0.1784132 -0.2197389 -0.2620127 -0.3042268 -0.3455678 -0.3853656 -0.4230631 -0.4582011 -0.4903757 -0.5190181 -0.5429516 -0.5599859 -0.5649598 -0.5649598 -0.5213304 -0.4560253 -0.2826971 -0.1819491 -0.1819491 0.8700126E-02 0.8700126E-02 0.1479932 0.1479932 0.1942057 0.2174895 0.2174895 0.1490340 0.1490340 0.6408362E-01 0.6408362E-01 0.6408362E-01 0.3859829E-01 0.3859829E-01 0.2177743E-01 0.2177743E-01 0.7695307E-02 0.7695307E-02 -0.8372632E-03 -0.8372632E-03 -0.5190460E-02 -0.5190460E-02 -0.5190460E-02
-0.5794652E-03 -0.5794652E-03 -0.7754528E-03 -0.9823067E-03 -0.1018418E-02 -0.1018418E-02 -0.1940755E-02 -0.6999193E-02 -0.6999193E-02 -0.1321607E-01 -0.1321607E-01 -0.2669894E-01 -0.3782347E-01 -0.5321705E-01 -0.7431833E-01 -0.7431833E-01 -0.1434677 -0.1860282 -0.2309460 -0.2767099 -0.3222208 -0.3666547 -0.4093763 -0.4498487 -0.4875592 -0.5219082 -0.5517786 -0.5747894 -0.5876914 -0.5851622 -0.5851622 -0.5416826 -0.4718780 -0.2781363 -0.1732475 -0.1732475 0.5998298E-02 0.5998298E-02 0.1295876 0.1295876 0.1726866 0.2147347 0.2147347 0.1800770 0.1800770 0.8353246E-01 0.8353246E-01 0.8353246E-01 0.4507577E-01 0.4507577E-01 0.2091174E-01 0.2091174E-01 0.3696118E-02 0.3696118E-02 -0.6630371E-02 -0.6630371E-02 -0.1124573E-01 -0.1124573E-01 -0.1124573E-01
0.6223095E-06 0.6223095E-06 0.5243598E-06 -0.2015628E-06 -0.1091753E-04 -0.1091753E-04 -0.6285796E-03 -0.5731527E-02 -0.5731527E-02 -0.1196478E-01 -0.1196478E-01 -0.2507311E-01 -0.3579482E-01 -0.5069070E-01 -0.7154887E-01 -0.7154887E-01 -0.1475764 -0.1945043 -0.2437067 -0.2934363 -0.3424738 -0.3899529 -0.4352761 -0.4779884 -0.5176539 -0.5536863 -0.5845012 -0.6059818 -0.6135593 -0.6014262 -0.6014262 -0.5487987 -0.4653296 -0.2534173 -0.1537368 -0.1537368 0.2567243E-02 0.2567243E-02 0.1083808 0.1083808 0.1469521 0.1948518 0.1948518 0.1886778 0.1886778 0.1022331 0.1022331 0.1022331 0.5389363E-01 0.5389363E-01 0.2169119E-01 0.2169119E-01 0.3059906E-03 0.3059906E-03 -0.1200012E-01 -0.1200012E-01 -0.1686613E-01 -0.1686613E-01 -0.1686613E-01
0.5806916E-03 0.5806916E-03 0.7764432E-03 0.9818298E-03 0.9970348E-03 0.9970348E-03 0.6602782E-03 -0.4203790E-02 -0.4203790E-02 -0.1023891E-01 -0.1023891E-01 -0.2254952E-01 -0.3256407E-01 -0.4658562E-01 -0.6678591E-01 -0.6678591E-01 -0.1524651 -0.2047946 -0.2590929 -0.3134219 -0.3664398 -0.4171973 -0.4651119 -0.5098261 -0.5510479 -0.5883509 -0.6195269 -0.6372232 -0.6352338 -0.6081002 -0.6081002 -0.5361385 -0.4342086 -0.2197181 -0.1326988 -0.1326988 -0.2331542E-02 -0.2331542E-02 0.8688875E-01 0.8688875E-01 0.1205650 0.1675127 0.1675127 0.1782905 0.1782905 0.1142236 0.1142236 0.1142236 0.6272514E-01 0.6272514E-01 0.2417317E-01 0.2417317E-01 -0.1571449E-02 -0.1571449E-02 -0.1601474E-01 -0.1601474E-01 -0.2117399E-01 -0.2117399E-01 -0.2117399E-01
0.1174708E-02 0.1174708E-02 0.1559951E-02 0.1959058E-02 0.1998428E-02 0.1998428E-02 0.1908952E-02 -0.2426963E-02 -0.2426963E-02 -0.8104722E-02 -0.8104722E-02 -0.1927682E-01 -0.2833610E-01 -0.4116186E-01 -0.6031393E-01 -0.6031393E-01 -0.1594495 -0.2182733 -0.2785197 -0.3381512 -0.3956817 -0.4500723 -0.5007220 -0.5473560 -0.5898576 -0.6280717 -0.6586188 -0.6677420 -0.6485302 -0.5986301 -0.5986301 -0.5005683 -0.3857122 -0.1885115 -0.1142092 -0.1142092 -0.7056011E-02 -0.7056011E-02 0.6700688E-01 0.6700688E-01 0.9557965E-01 0.1380223 0.1380223 0.1563052 0.1563052 0.1158287 0.1158287 0.1158287 0.6831624E-01 0.6831624E-01 0.2726957E-01 0.2726957E-01 -0.1645061E-02 -0.1645061E-02 -0.1791060E-01 -0.1791060E-01 -0.2335252E-01 -0.2335252E-01 -0.2335252E-01
0.1794257E-02 0.1794257E-02 0.2359570E-02 0.2927252E-02 0.2986383E-02 0.2986383E-02 0.3086764E-02 -0.4180774E-03 -0.4180774E-03 -0.5634402E-02 -0.5634402E-02 -0.1540011E-01 -0.2331612E-01 -0.3473058E-01 -0.5284252E-01 -0.5284252E-01 -0.1702314 -0.2371120 -0.3044047 -0.3700357 -0.4324782 -0.4907209 -0.5441720 -0.5926171 -0.6361127 -0.6747897 -0.7025769 -0.6942661 -0.6482045 -0.5690042 -0.5690042 -0.4473786 -0.3311504 -0.1610092 -0.9907944E-01 -0.9907944E-01 -0.1003345E-01 -0.1003345E-01 0.4962693E-01 0.4962693E-01 0.7286201E-01 0.1088540 0.1088540 0.1286406 0.1286406 0.1068131 0.1068131 0.1068131 0.6805915E-01 0.6805915E-01 0.2924851E-01 0.2924851E-01 -0.2600670E-03 -0.2600670E-03 -0.1727480E-01 -0.1727480E-01 -0.2278866E-01 -0.2278866E-01 -0.2278866E-01
