cruce_test.gid/Rasters/Hydraulic/Velocity__y_188.0.asc
NCOLS        79
NROWS        79
XLLCENTER         -1.500000
YLLCENTER         -4.800000
CELLSIZE           0.100
NODATA_VALUE     -9999.0
[rows 0 to 26 of 79, columns 0 to 58 of 79]
-9999.000 -9999.000 -9999.000 -9999.000 -9999.000 -9999.000 -9999.000 -9999.000 -9999.000 -9999.000 -9999.000 -9999.000 -9999.000 -9999.000 -9999.000 -0.9293434E-01 -0.8993794E-01 -0.8859546E-01 -0.8798082E-01 -0.8838230E-01 -0.8914113E-01 -0.8994721E-01 -0.9073843E-01 -0.9147146E-01 -0.9207118E-01 -0.9260172E-01 -0.9308988E-01 -0.9367885E-01 -0.9491812E-01 -0.9618086E-01 -0.9618086E-01 -9999.000 -9999.000 -9999.000 -9999.000 -9999.000 -9999.000 -9999.000 -9999.000 -9999.000 -9999.000 -9999.000 -9999.000 -9999.000 -9999.000 -9999.000 -9999.000 -9999.000 -9999.000 -9999.000 -9999.000 -9999.000 -9999.000 -9999.000 -9999.000 -9999.000 -9999.000 -9999.000 -9999.000
-9999.000 -9999.000 -9999.000 -9999.000 -9999.000 -9999.000 -9999.000 -9999.000 -9999.000 -9999.000 -9999.000 -9999.000 -9999.000 -9999.000 -9999.000 -0.9334671E-01 -0.8703494E-01 -0.8415900E-01 -0.8285818E-01 -0.8375727E-01 -0.8546320E-01 -0.8730753E-01 -0.8914653E-01 -0.9087624E-01 -0.9232774E-01 -0.9362963E-01 -0.9483153E-01 -0.9622910E-01 -0.9896889E-01 -0.1020404 -0.1020404 -9999.000 -9999.000 -9999.000 -9999.000 -9999.000 -9999.000 -9999.000 -9999.000 -9999.000 -9999.000 -9999.000 -9999.000 -9999.000 -9999.000 -9999.000 -9999.000 -9999.000 -9999.000 -9999.000 -9999.000 -9999.000 -9999.000 -9999.000 -9999.000 -9999.000 -9999.000 -9999.000 -9999.000
-9999.000 -9999.000 -9999.000 -9999.000 -9999.000 -9999.000 -9999.000 -9999.000 -9999.000 -9999.000 -9999.000 -9999.000 -9999.000 -9999.000 -9999.000 -0.9275589E-01 -0.8280107E-01 -0.7815855E-01 -0.7610659E-01 -0.7767126E-01 -0.8061561E-01 -0.8384883E-01 -0.8712026E-01 -0.9024221E-01 -0.9292344E-01 -0.9535692E-01 -0.9760782E-01 -0.1001362 -0.1047653 -0.1103705 -0.1103705 -9999.000 -9999.000 -9999.000 -9999.000 -9999.000 -9999.000 -9999.000 -9999.000 -9999.000 -9999.000 -9999.000 -9999.000 -9999.000 -9999.000 -9999.000 -9999.000 -9999.000 -9999.000 -9999.000 -9999.000 -9999.000 -9999.000 -9999.000 -9999.000 -9999.000 -9999.000 -9999.000 -9999.000
-9999.000 -9999.000 -9999.000 -9999.000 -9999.000 -9999.000 -9999.000 -9999.000 -9999.000 -9999.000 -9999.000 -9999.000 -9999.000 -9999.000 -9999.000 -0.9169067E-01 -0.7808677E-01 -0.7166900E-01 -0.6889152E-01 -0.7119697E-01 -0.7547643E-01 -0.8020414E-01 -0.8502191E-01 -0.8965418E-01 -0.9367698E-01 -0.9735097E-01 -0.1007492 -0.1045009 -0.1111377 -0.1197474 -0.1197474 -9999.000 -9999.000 -9999.000 -9999.000 -9999.000 -9999.000 -9999.000 -9999.000 -9999.000 -9999.000 -9999.000 -9999.000 -9999.000 -9999.000 -9999.000 -9999.000 -9999.000 -9999.000 -9999.000 -9999.000 -9999.000 -9999.000 -9999.000 -9999.000 -9999.000 -9999.000 -9999.000 -9999.000
-9999.000 -9999.000 -9999.000 -9999.000 -9999.000 -9999.000 -9999.000 -9999.000 -9999.000 -9999.000 -9999.000 -9999.000 -9999.000 -9999.000 -9999.000 -0.9037905E-01 -0.7307090E-01 -0.6485063E-01 -0.6134941E-01 -0.6444527E-01 -0.7012612E-01 -0.7641774E-01 -0.8285587E-01 -0.8907398E-01 -0.9450542E-01 -0.9948695E-01 -0.1040960 -0.1091378 -0.1178961 -0.1300124 -0.1300124 -9999.000 -9999.000 -9999.000 -9999.000 -9999.000 -9999.000 -9999.000 -9999.000 -9999.000 -9999.000 -9999.000 -9999.000 -9999.000 -9999.000 -9999.000 -9999.000 -9999.000 -9999.000 -9999.000 -9999.000 -9999.000 -9999.000 -9999.000 -9999.000 -9999.000 -9999.000 -9999.000 -9999.000
-9999.000 -9999.000 -9999.000 -9999.000 -9999.000 -9999.000 -9999.000 -9999.000 -9999.000 -9999.000 -9999.000 -9999.000 -9999.000 -9999.000 -9999.000 -0.8890228E-01 -0.6782044E-01 -0.5776588E-01 -0.5353425E-01 -0.5746152E-01 -0.6459706E-01 -0.7250568E-01 -0.8062005E-01 -0.8848064E-01 -0.9536763E-01 -0.1017066 -0.1075741 -0.1139634 -0.1249640 -0.1411658 -0.1411658 -9999.000 -9999.000 -9999.000 -9999.000 -9999.000 -9999.000 -9999.000 -9999.000 -9999.000 -9999.000 -9999.000 -9999.000 -9999.000 -9999.000 -9999.000 -9999.000 -9999.000 -9999.000 -9999.000 -9999.000 -9999.000 -9999.000 -9999.000 -9999.000 -9999.000 -9999.000 -9999.000 -9999.000
-9999.000 -9999.000 -9999.000 -9999.000 -9999.000 -9999.000 -9999.000 -9999.000 -9999.000 -9999.000 -9999.000 -9999.000 -9999.000 -9999.000 -9999.000 -0.8727520E-01 -0.6235070E-01 -0.5043104E-01 -0.4546040E-01 -0.5025905E-01 -0.5889912E-01 -0.6847061E-01 -0.7830959E-01 -0.8786117E-01 -0.9624007E-01 -0.1039781 -0.1111452 -0.1189375 -0.1323147 -0.1532971 -0.1532971 -9999.000 -9999.000 -9999.000 -9999.000 -9999.000 -9999.000 -9999.000 -9999.000 -9999.000 -9999.000 -9999.000 -9999.000 -9999.000 -9999.000 -9999.000 -9999.000 -9999.000 -9999.000 -9999.000 -9999.000 -9999.000 -9999.000 -9999.000 -9999.000 -9999.000 -9999.000 -9999.000 -9999.000
-9999.000 -9999.000 -9999.000 -9999.000 -9999.000 -9999.000 -9999.000 -9999.000 -9999.000 -9999.000 -9999.000 -9999.000 -9999.000 -9999.000 -9999.000 -0.8548096E-01 -0.5665245E-01 -0.4284002E-01 -0.3712368E-01 -0.4283646E-01 -0.5303064E-01 -0.6430827E-01 -0.7591675E-01 -0.8720459E-01 -0.9710550E-01 -0.1062806 -0.1147851 -0.1240365 -0.1399435 -0.1665595 -0.1665595 -9999.000 -9999.000 -9999.000 -9999.000 -9999.000 -9999.000 -9999.000 -9999.000 -9999.000 -9999.000 -9999.000 -9999.000 -9999.000 -9999.000 -9999.000 -9999.000 -9999.000 -9999.000 -9999.000 -9999.000 -9999.000 -9999.000 -9999.000 -9999.000 -9999.000 -9999.000 -9999.000 -9999.000
-9999.000 -9999.000 -9999.000 -9999.000 -9999.000 -9999.000 -9999.000 -9999.000 -9999.000 -9999.000 -9999.000 -9999.000 -9999.000 -9999.000 -9999.000 -0.8348449E-01 -0.5070232E-01 -0.3497488E-01 -0.2850916E-01 -0.3518376E-01 -0.4698389E-01 -0.6000937E-01 -0.7343094E-01 -0.8649836E-01 -0.9794632E-01 -0.1085944 -0.1184725 -0.1292417 -0.1478546 -0.1811660 -0.1811660 -9999.000 -9999.000 -9999.000 -9999.000 -9999.000 -9999.000 -9999.000 -9999.000 -9999.000 -9999.000 -9999.000 -9999.000 -9999.000 -9999.000 -9999.000 -9999.000 -9999.000 -9999.000 -9999.000 -9999.000 -9999.000 -9999.000 -9999.000 -9999.000 -9999.000 -9999.000 -9999.000 -9999.000
-9999.000 -9999.000 -9999.000 -9999.000 -9999.000 -9999.000 -9999.000 -9999.000 -9999.000 -9999.000 -9999.000 -9999.000 -9999.000 -9999.000 -9999.000 -0.8123755E-01 -0.4446767E-01 -0.2680897E-01 -0.1959461E-01 -0.2728497E-01 -0.4074566E-01 -0.5556048E-01 -0.7083805E-01 -0.8572713E-01 -0.9874193E-01 -0.1108970 -0.1221830 -0.1345319 -0.1560541 -0.1974011 -0.1974011 -9999.000 -9999.000 -9999.000 -9999.000 -9999.000 -9999.000 -9999.000 -9999.000 -9999.000 -9999.000 -9999.000 -9999.000 -9999.000 -9999.000 -9999.000 -9999.000 -9999.000 -9999.000 -9999.000 -9999.000 -9999.000 -9999.000 -9999.000 -9999.000 -9999.000 -9999.000 -9999.000 -9999.000
-9999.000 -9999.000 -9999.000 -9999.000 -9999.000 -9999.000 -9999.000 -9999.000 -9999.000 -9999.000 -9999.000 -9999.000 -9999.000 -9999.000 -9999.000 -0.7867929E-01 -0.3790624E-01 -0.1830731E-01 -0.1035045E-01 -0.1911831E-01 -0.3429758E-01 -0.5094307E-01 -0.6811859E-01 -0.8487007E-01 -0.9946512E-01 -0.1131595 -0.1258844 -0.1398787 -0.1645454 -0.2156425 -0.2156425 -9999.000 -9999.000 -9999.000 -9999.000 -9999.000 -9999.000 -9999.000 -9999.000 -9999.000 -9999.000 -9999.000 -9999.000 -9999.000 -9999.000 -9999.000 -9999.000 -9999.000 -9999.000 -9999.000 -9999.000 -9999.000 -9999.000 -9999.000 -9999.000 -9999.000 -9999.000 -9999.000 -9999.000
-9999.000 -9999.000 -9999.000 -9999.000 -9999.000 -9999.000 -9999.000 -9999.000 -9999.000 -9999.000 -9999.000 -9999.000 -9999.000 -9999.000 -9999.000 -0.7573151E-01 -0.3096320E-01 -0.9423474E-02 -0.7373277E-03 -0.1065520E-01 -0.2761565E-01 -0.4613154E-01 -0.6524641E-01 -0.8389925E-01 -0.1000795 -0.1153422 -0.1295332 -0.1452412 -0.1733248 -0.2364011 -0.2364011 -9999.000 -9999.000 -9999.000 -9999.000 -9999.000 -9999.000 -9999.000 -9999.000 -9999.000 -9999.000 -9999.000 -9999.000 -9999.000 -9999.000 -9999.000 -9999.000 -9999.000 -9999.000 -9999.000 -9999.000 -9999.000 -9999.000 -9999.000 -9999.000 -9999.000 -9999.000 -9999.000 -9999.000
-9999.000 -9999.000 -9999.000 -9999.000 -9999.000 -9999.000 -9999.000 -9999.000 -9999.000 -9999.000 -9999.000 -9999.000 -9999.000 -9999.000 -9999.000 -0.7226846E-01 -0.2354530E-01 -0.7860759E-04 0.9300656E-02 -0.1864032E-02 -0.2067582E-01 -0.4110102E-01 -0.6219429E-01 -0.8278365E-01 -0.1005414 -0.1173959 -0.1330717 -0.1505624 -0.1823784 -0.2603849 -0.2603849 -9999.000 -9999.000 -9999.000 -9999.000 -9999.000 -9999.000 -9999.000 -9999.000 -9999.000 -9999.000 -9999.000 -9999.000 -9999.000 -9999.000 -9999.000 -9999.000 -9999.000 -9999.000 -9999.000 -9999.000 -9999.000 -9999.000 -9999.000 -9999.000 -9999.000 -9999.000 -9999.000 -9999.000
-9999.000 -9999.000 -9999.000 -9999.000 -9999.000 -9999.000 -9999.000 -9999.000 -9999.000 -9999.000 -9999.000 -9999.000 -9999.000 -9999.000 -9999.000 -0.6699228E-01 -0.1462203E-01 0.1042411E-01 0.1986898E-01 0.7009035E-02 -0.1378058E-01 -0.3613992E-01 -0.5922136E-01 -0.8174302E-01 -0.1010191 -0.1194479 -0.1365868 -0.1559052 -0.1918033 -0.2887508 -0.2887508 -9999.000 -9999.000 -9999.000 -9999.000 -9999.000 -9999.000 -9999.000 -9999.000 -9999.000 -9999.000 -9999.000 -9999.000 -9999.000 -9999.000 -9999.000 -9999.000 -9999.000 -9999.000 -9999.000 -9999.000 -9999.000 -9999.000 -9999.000 -9999.000 -9999.000 -9999.000 -9999.000 -9999.000
-9999.000 -9999.000 -9999.000 -9999.000 -9999.000 -9999.000 -9999.000 -9999.000 -9999.000 -9999.000 -9999.000 -9999.000 -9999.000 -9999.000 -9999.000 -0.7719603E-02 0.1626599E-01 0.2449544E-01 0.2039675E-01 0.1506533E-02 -0.1932197E-01 -0.4137354E-01 -0.6433116E-01 -0.8690099E-01 -0.1060575 -0.1247755 -0.1423267 -0.1626792 -0.2022348 -0.3212939 -0.3212939 -9999.000 -9999.000 -9999.000 -9999.000 -9999.000 -9999.000 -9999.000 -9999.000 -9999.000 -9999.000 -9999.000 -9999.000 -9999.000 -9999.000 -9999.000 -9999.000 -9999.000 -9999.000 -9999.000 -9999.000 -9999.000 -9999.000 -9999.000 -9999.000 -9999.000 -9999.000 -9999.000 -9999.000
-0.4165545E-02 -0.4165545E-02 -0.4930145E-02 -0.6615987E-02 -0.6527099E-02 -0.6527099E-02 -0.6498232E-02 -0.6484120E-02 -0.6484120E-02 -0.6465472E-02 -0.6465472E-02 -0.6435206E-02 -0.6417487E-02 -0.6398825E-02 -0.6379557E-02 -0.6379557E-02 0.3736938E-01 0.3437557E-01 0.2102896E-01 -0.7470973E-03 -0.2676613E-01 -0.5597915E-01 -0.8741076E-01 -0.1197647 -0.1510822 -0.1809598 -0.2087004 -0.2351476 -0.2666966 -0.3342265 -0.3342265 -0.1895338 -0.1046154 -0.3894018E-01 -0.3001180E-01 -0.3001180E-01 -0.2404860E-01 -0.2404860E-01 -0.1400744E-01 -0.1400744E-01 -0.4089733E-02 0.2263999E-01 0.2263999E-01 0.3234607E-01 0.3234607E-01 -0.1921157E-02 -0.1921157E-02 -0.1921157E-02 -0.1225763E-02 -0.1225763E-02 -0.5125725E-03 -0.5125725E-03 -0.9770307E-03 -0.9770307E-03 -0.2034769E-02 -0.2034769E-02 -0.3174883E-02 -0.3174883E-02 -0.3174883E-02
-0.6020590E-02 -0.6020590E-02 -0.7432245E-02 -0.9458100E-02 -0.9193917E-02 -0.9193917E-02 -0.9113263E-02 -0.9110224E-02 -0.9110224E-02 -0.9114160E-02 -0.9114160E-02 -0.9094515E-02 -0.9079885E-02 -0.9063460E-02 -0.9046529E-02 -0.9046529E-02 0.3099227E-01 0.2944399E-01 0.1620583E-01 -0.6643915E-02 -0.3889414E-01 -0.7822371E-01 -0.1225259 -0.1700014 -0.2191863 -0.2677943 -0.3142798 -0.3568511 -0.3931754 -0.4183790 -0.4183790 -0.2882374 -0.1952778 -0.1057291 -0.8804385E-01 -0.8804385E-01 -0.6727117E-01 -0.6727117E-01 -0.3188586E-01 -0.3188586E-01 -0.1686996E-02 0.7236292E-01 0.7236292E-01 0.1058458 0.1058458 0.2874526E-01 0.2874526E-01 0.2874526E-01 0.1018659E-01 0.1018659E-01 0.1897001E-02 0.1897001E-02 -0.3289778E-02 -0.3289778E-02 -0.7293986E-02 -0.7293986E-02 -0.1033309E-01 -0.1033309E-01 -0.1033309E-01
-0.4052659E-02 -0.4052659E-02 -0.6756064E-02 -0.8132471E-02 -0.7785896E-02 -0.7785896E-02 -0.7664571E-02 -0.7677791E-02 -0.7677791E-02 -0.7719263E-02 -0.7719263E-02 -0.7727816E-02 -0.7725702E-02 -0.7721897E-02 -0.7717647E-02 -0.7717647E-02 0.2075592E-01 0.1966195E-01 0.6864135E-02 -0.1609884E-01 -0.4872791E-01 -0.8944464E-01 -0.1365404 -0.1884874 -0.2440414 -0.3013832 -0.3589165 -0.4147508 -0.4660527 -0.5064927 -0.5064927 -0.4251745 -0.3458734 -0.2356446 -0.2007648 -0.2007648 -0.1419883 -0.1419883 -0.5407104E-01 -0.5407104E-01 0.8662178E-02 0.1414596 0.1414596 0.2069459 0.2069459 0.9952836E-01 0.9952836E-01 0.9952836E-01 0.4104729E-01 0.4104729E-01 0.9888573E-02 0.9888573E-02 -0.7045113E-02 -0.7045113E-02 -0.1712512E-01 -0.1712512E-01 -0.2315475E-01 -0.2315475E-01 -0.2315475E-01
-0.1899820E-02 -0.1899820E-02 -0.6221796E-02 -0.6683155E-02 -0.6282602E-02 -0.6282602E-02 -0.6130176E-02 -0.6132461E-02 -0.6132461E-02 -0.6177746E-02 -0.6177746E-02 -0.6186838E-02 -0.6184542E-02 -0.6181174E-02 -0.6177397E-02 -0.6177397E-02 0.1087703E-01 0.7731164E-02 -0.6202690E-02 -0.3003204E-01 -0.6308884E-01 -0.1042118 -0.1520378 -0.2052684 -0.2628369 -0.3234041 -0.3856644 -0.4480718 -0.5081612 -0.5601025 -0.5601025 -0.5265219 -0.4724286 -0.3680958 -0.3221097 -0.3221097 -0.2181658 -0.2181658 -0.6021732E-01 -0.6021732E-01 0.3522886E-01 0.2037633 0.2037633 0.2809470 0.2809470 0.1698592 0.1698592 0.1698592 0.7921230E-01 0.7921230E-01 0.2233604E-01 0.2233604E-01 -0.9910415E-02 -0.9910415E-02 -0.2808180E-01 -0.2808180E-01 -0.3779499E-01 -0.3779499E-01 -0.3779499E-01
-0.2803675E-03 -0.2803675E-03 -0.5320013E-02 -0.5164780E-02 -0.4763593E-02 -0.4763593E-02 -0.4602095E-02 -0.4592579E-02 -0.4592579E-02 -0.4634129E-02 -0.4634129E-02 -0.4642407E-02 -0.4640194E-02 -0.4637483E-02 -0.4634628E-02 -0.4634628E-02 0.1357118E-02 -0.5949586E-02 -0.2285966E-01 -0.4885200E-01 -0.8326932E-01 -0.1252174 -0.1736432 -0.2274816 -0.2858042 -0.3475705 -0.4117214 -0.4770344 -0.5415705 -0.6006215 -0.6006215 -0.6018748 -0.5737129 -0.4862446 -0.4309067 -0.4309067 -0.2697329 -0.2697329 -0.3845307E-01 -0.3845307E-01 0.7646956E-01 0.2467888 0.2467888 0.3184806 0.3184806 0.2232646 0.2232646 0.2232646 0.1173943 0.1173943 0.3902298E-01 0.3902298E-01 -0.9447692E-02 -0.9447692E-02 -0.3719421E-01 -0.3719421E-01 -0.5146314E-01 -0.5146314E-01 -0.5146314E-01
0.2238439E-03 0.2238439E-03 -0.3748900E-02 -0.3514421E-02 -0.3201421E-02 -0.3201421E-02 -0.3070110E-02 -0.3058118E-02 -0.3058118E-02 -0.3090251E-02 -0.3090251E-02 -0.3096469E-02 -0.3095193E-02 -0.3093233E-02 -0.3091574E-02 -0.3091574E-02 -0.8357313E-02 -0.2159065E-01 -0.4332093E-01 -0.7301603E-01 -0.1100113 -0.1535841 -0.2029545 -0.2573273 -0.3159739 -0.3781105 -0.4429023 -0.5093790 -0.5760324 -0.6392094 -0.6392094 -0.6638467 -0.6573775 -0.5829617 -0.5107436 -0.5107436 -0.2737275 -0.2737275 0.5532450E-02 0.5532450E-02 0.1176382 0.2634475 0.2634475 0.3236302 0.3236302 0.2541178 0.2541178 0.2541178 0.1499487 0.1499487 0.5841571E-01 0.5841571E-01 -0.4802337E-02 -0.4802337E-02 -0.4288190E-01 -0.4288190E-01 -0.6255794E-01 -0.6255794E-01 -0.6255794E-01
0.1695027E-03 0.1695027E-03 -0.1923780E-02 -0.1761712E-02 -0.1600071E-02 -0.1600071E-02 -0.1532543E-02 -0.1527586E-02 -0.1527586E-02 -0.1545065E-02 -0.1545065E-02 -0.1548415E-02 -0.1547797E-02 -0.1546626E-02 -0.1545720E-02 -0.1545720E-02 -0.1908707E-01 -0.3989995E-01 -0.6827138E-01 -0.1033202 -0.1442702 -0.1904808 -0.2413896 -0.2964757 -0.3552686 -0.4172669 -0.4819007 -0.5484604 -0.6157997 -0.6810580 -0.6810580 -0.7204545 -0.7293499 -0.6483871 -0.5407978 -0.5407978 -0.2244217 -0.2244217 0.5021712E-01 0.5021712E-01 0.1420367 0.2551019 0.2551019 0.3055142 0.3055142 0.2630730 0.2630730 0.2630730 0.1724847 0.1724847 0.7770572E-01 0.7770572E-01 0.3612575E-02 0.3612575E-02 -0.4439231E-01 -0.4439231E-01 -0.6998801E-01 -0.6998801E-01 -0.6998801E-01
0.8362225E-07 0.8362225E-07 -0.6072352E-07 0.2269541E-07 -0.5432670E-07 -0.5432670E-07 0.3703405E-07 -0.8901563E-07 -0.8901563E-07 0.7304190E-07 0.7304190E-07 -0.9452003E-07 -0.7247827E-07 -0.4167767E-08 0.2878714E-07 0.2878714E-07 -0.3197347E-01 -0.6214329E-01 -0.9901156E-01 -0.1411078 -0.1874416 -0.2373869 -0.2905523 -0.3466763 -0.4055730 -0.4670514 -0.5308528 -0.5965725 -0.6633962 -0.7288973 -0.7288973 -0.7758529 -0.7907858 -0.6608709 -0.4979329 -0.4979329 -0.1455638 -0.1455638 0.7605950E-01 0.7605950E-01 0.1433612 0.2290546 0.2290546 0.2732874 0.2732874 0.2539826 0.2539826 0.2539826 0.1824552 0.1824552 0.9344976E-01 0.9344976E-01 0.1423973E-01 0.1423973E-01 -0.4171931E-01 -0.4171931E-01 -0.7301599E-01 -0.7301599E-01 -0.7301599E-01
-0.1694162E-03 -0.1694162E-03 0.1923663E-02 0.1761706E-02 0.1600070E-02 0.1600070E-02 0.1532549E-02 0.1527320E-02 0.1527320E-02 0.1545094E-02 0.1545094E-02 0.1548335E-02 0.1547729E-02 0.1546702E-02 0.1545741E-02 0.1545741E-02 -0.4865089E-01 -0.9031476E-01 -0.1376621 -0.1885060 -0.2415999 -0.2963221 -0.3524407 -0.4099486 -0.4689548 -0.5295919 -0.5919386 -0.6559259 -0.7210030 -0.7844212 -0.7844212 -0.8304683 -0.8336908 -0.5903143 -0.3829514 -0.3829514 -0.7535053E-01 -0.7535053E-01 0.7834313E-01 0.7834313E-01 0.1264504 0.1937537 0.1937537 0.2339654 0.2339654 0.2316615 0.2316615 0.2316615 0.1795216 0.1795216 0.1026092 0.1026092 0.2477173E-01 0.2477173E-01 -0.3555727E-01 -0.3555727E-01 -0.7127482E-01 -0.7127482E-01 -0.7127482E-01
-0.2237719E-03 -0.2237719E-03 0.3748884E-02 0.3514288E-02 0.3201308E-02 0.3201308E-02 0.3069999E-02 0.3057809E-02 0.3057809E-02 0.3090099E-02 0.3090099E-02 0.3096396E-02 0.3095174E-02 0.3093353E-02 0.3091353E-02 0.3091353E-02 -0.7163014E-01 -0.1275332 -0.1875436 -0.2487839 -0.3098309 -0.3701447 -0.4297074 -0.4887942 -0.5478250 -0.6072624 -0.6675265 -0.7288760 -0.7907289 -0.8477272 -0.8477272 -0.8766385 -0.8293621 -0.4350862 -0.2426739 -0.2426739 -0.3536823E-01 -0.3536823E-01 0.6465454E-01 0.6465454E-01 0.1004020 0.1555196 0.1555196 0.1919468 0.1919468 0.2004347 0.2004347 0.2004347 0.1650894 0.1650894 0.1033621 0.1033621 0.3282497E-01 0.3282497E-01 -0.2713013E-01 -0.2713013E-01 -0.6482795E-01 -0.6482795E-01 -0.6482795E-01
0.2803075E-03 0.2803075E-03 0.5320167E-02 0.5164553E-02 0.4763338E-02 0.4763338E-02 0.4602034E-02 0.4592358E-02 0.4592358E-02 0.4634070E-02 0.4634070E-02 0.4642132E-02 0.4640166E-02 0.4637396E-02 0.4634588E-02 0.4634588E-02 -0.1050659 -0.1788091 -0.2538598 -0.3269438 -0.3967367 -0.4629898 -0.5260391 -0.5865201 -0.6452021 -0.7028841 -0.7603201 -0.8180078 -0.8741731 -0.9126309 -0.9126309 -0.8824251 -0.7199763 -0.2564671 -0.1349924 -0.1349924 -0.2163069E-01 -0.2163069E-01 0.4501900E-01 0.4501900E-01 0.7257416E-01 0.1179253 0.1179253 0.1496543 0.1496543 0.1636726 0.1636726 0.1636726 0.1415045 0.1415045 0.9539198E-01 0.9539198E-01 0.3656761E-01 0.3656761E-01 -0.1789577E-01 -0.1789577E-01 -0.5416705E-01 -0.5416705E-01 -0.5416705E-01
0.1899842E-02 0.1899842E-02 0.6221890E-02 0.6683040E-02 0.6282534E-02 0.6282534E-02 0.6130169E-02 0.6132333E-02 0.6132333E-02 0.6177564E-02 0.6177564E-02 0.6186564E-02 0.6184357E-02 0.6180915E-02 0.6177541E-02 0.6177541E-02 -0.1563527 -0.2525532 -0.3449798 -0.4307718 -0.5092968 -0.5809876 -0.6467692 -0.7077686 -0.7651647 -0.8201078 -0.8736699 -0.9262229 -0.9697527 -0.9463999 -0.9463999 -0.7676959 -0.4791881 -0.1289969 -0.7768579E-01 -0.7768579E-01 -0.1983930E-01 -0.1983930E-01 0.2586999E-01 0.2586999E-01 0.4686730E-01 0.8260578E-01 0.8260578E-01 0.1084265 0.1084265 0.1239262 0.1239262 0.1239262 0.1114256 0.1114256 0.7973795E-01 0.7973795E-01 0.3520611E-01 0.3520611E-01 -0.9137433E-02 -0.9137433E-02 -0.4013646E-01 -0.4013646E-01 -0.4013646E-01
