cruce_test.gid/Rasters/Hydraulic/Velocity__x_13.0.asc
NCOLS        79
NROWS        79
XLLCENTER         -1.500000
YLLCENTER         -4.800000
CELLSIZE           0.100
NODATA_VALUE     -9999.0
[rows 0 to 24 of 79, columns 0 to 57 of 79]
-9999.000 -9999.000 -9999.000 -9999.000 -9999.000 -9999.000 -9999.000 -9999.000 -9999.000 -9999.000 -9999.000 -9999.000 -9999.000 -9999.000 -9999.000 0.8586121E-03 0.1037213E-02 0.3844329E-03 0.1418790E-03 0.5220729E-04 0.1895584E-04 0.6170927E-05 -0.1072168E-07 -0.6143066E-05 -0.1894566E-04 -0.5224304E-04 -0.1418808E-03 -0.3844386E-03 -0.1037200E-02 -0.8586046E-03 -0.8586046E-03 -9999.000 -9999.000 -9999.000 -9999.000 -9999.000 -9999.000 -9999.000 -9999.000 -9999.000 -9999.000 -9999.000 -9999.000 -9999.000 -9999.000 -9999.000 -9999.000 -9999.000 -9999.000 -9999.000 -9999.000 -9999.000 -9999.000 -9999.000 -9999.000 -9999.000 -9999.000 -9999.000
-9999.000 -9999.000 -9999.000 -9999.000 -9999.000 -9999.000 -9999.000 -9999.000 -9999.000 -9999.000 -9999.000 -9999.000 -9999.000 -9999.000 -9999.000 0.1932555E-02 0.2440709E-02 0.1146646E-02 0.5114805E-03 0.2204421E-03 0.9111589E-04 0.3252465E-04 -0.3830189E-08 -0.3250203E-04 -0.9110491E-04 -0.2204935E-03 -0.5115136E-03 -0.1146649E-02 -0.2440725E-02 -0.1932562E-02 -0.1932562E-02 -9999.000 -9999.000 -9999.000 -9999.000 -9999.000 -9999.000 -9999.000 -9999.000 -9999.000 -9999.000 -9999.000 -9999.000 -9999.000 -9999.000 -9999.000 -9999.000 -9999.000 -9999.000 -9999.000 -9999.000 -9999.000 -9999.000 -9999.000 -9999.000 -9999.000 -9999.000 -9999.000
-9999.000 -9999.000 -9999.000 -9999.000 -9999.000 -9999.000 -9999.000 -9999.000 -9999.000 -9999.000 -9999.000 -9999.000 -9999.000 -9999.000 -9999.000 0.2906107E-02 0.3812641E-02 0.2135081E-02 0.1106697E-02 0.5430562E-03 0.2500951E-03 0.9636921E-04 0.6871949E-08 -0.9635314E-04 -0.2500633E-03 -0.5430852E-03 -0.1106758E-02 -0.2135098E-02 -0.3812600E-02 -0.2906061E-02 -0.2906061E-02 -9999.000 -9999.000 -9999.000 -9999.000 -9999.000 -9999.000 -9999.000 -9999.000 -9999.000 -9999.000 -9999.000 -9999.000 -9999.000 -9999.000 -9999.000 -9999.000 -9999.000 -9999.000 -9999.000 -9999.000 -9999.000 -9999.000 -9999.000 -9999.000 -9999.000 -9999.000 -9999.000
-9999.000 -9999.000 -9999.000 -9999.000 -9999.000 -9999.000 -9999.000 -9999.000 -9999.000 -9999.000 -9999.000 -9999.000 -9999.000 -9999.000 -9999.000 0.3656763E-02 0.4956775E-02 0.3179372E-02 0.1861833E-02 0.1017988E-02 0.5132807E-03 0.2108427E-03 0.1783291E-07 -0.2108328E-03 -0.5132504E-03 -0.1018003E-02 -0.1861904E-02 -0.3179408E-02 -0.4956756E-02 -0.3656743E-02 -0.3656743E-02 -9999.000 -9999.000 -9999.000 -9999.000 -9999.000 -9999.000 -9999.000 -9999.000 -9999.000 -9999.000 -9999.000 -9999.000 -9999.000 -9999.000 -9999.000 -9999.000 -9999.000 -9999.000 -9999.000 -9999.000 -9999.000 -9999.000 -9999.000 -9999.000 -9999.000 -9999.000 -9999.000
-9999.000 -9999.000 -9999.000 -9999.000 -9999.000 -9999.000 -9999.000 -9999.000 -9999.000 -9999.000 -9999.000 -9999.000 -9999.000 -9999.000 -9999.000 0.4167832E-02 0.5809442E-02 0.4147124E-02 0.2684552E-02 0.1607336E-02 0.8745640E-03 0.3788001E-03 0.2395089E-07 -0.3788065E-03 -0.8745618E-03 -0.1607345E-02 -0.2684594E-02 -0.4147142E-02 -0.5809469E-02 -0.4167832E-02 -0.4167832E-02 -9999.000 -9999.000 -9999.000 -9999.000 -9999.000 -9999.000 -9999.000 -9999.000 -9999.000 -9999.000 -9999.000 -9999.000 -9999.000 -9999.000 -9999.000 -9999.000 -9999.000 -9999.000 -9999.000 -9999.000 -9999.000 -9999.000 -9999.000 -9999.000 -9999.000 -9999.000 -9999.000
-9999.000 -9999.000 -9999.000 -9999.000 -9999.000 -9999.000 -9999.000 -9999.000 -9999.000 -9999.000 -9999.000 -9999.000 -9999.000 -9999.000 -9999.000 0.4471577E-02 0.6381390E-02 0.4958380E-02 0.3485350E-02 0.2251714E-02 0.1305947E-02 0.5910620E-03 0.2764559E-07 -0.5910402E-03 -0.1305975E-02 -0.2251736E-02 -0.3485368E-02 -0.4958409E-02 -0.6381415E-02 -0.4471608E-02 -0.4471608E-02 -9999.000 -9999.000 -9999.000 -9999.000 -9999.000 -9999.000 -9999.000 -9999.000 -9999.000 -9999.000 -9999.000 -9999.000 -9999.000 -9999.000 -9999.000 -9999.000 -9999.000 -9999.000 -9999.000 -9999.000 -9999.000 -9999.000 -9999.000 -9999.000 -9999.000 -9999.000 -9999.000
-9999.000 -9999.000 -9999.000 -9999.000 -9999.000 -9999.000 -9999.000 -9999.000 -9999.000 -9999.000 -9999.000 -9999.000 -9999.000 -9999.000 -9999.000 0.4616244E-02 0.6716942E-02 0.5578993E-02 0.4194201E-02 0.2886327E-02 0.1765140E-02 0.8281815E-03 0.1693642E-07 -0.8281675E-03 -0.1765195E-02 -0.2886351E-02 -0.4194242E-02 -0.5579011E-02 -0.6716930E-02 -0.4616239E-02 -0.4616239E-02 -9999.000 -9999.000 -9999.000 -9999.000 -9999.000 -9999.000 -9999.000 -9999.000 -9999.000 -9999.000 -9999.000 -9999.000 -9999.000 -9999.000 -9999.000 -9999.000 -9999.000 -9999.000 -9999.000 -9999.000 -9999.000 -9999.000 -9999.000 -9999.000 -9999.000 -9999.000 -9999.000
-9999.000 -9999.000 -9999.000 -9999.000 -9999.000 -9999.000 -9999.000 -9999.000 -9999.000 -9999.000 -9999.000 -9999.000 -9999.000 -9999.000 -9999.000 0.4648673E-02 0.6869158E-02 0.6006889E-02 0.4765888E-02 0.3453342E-02 0.2205630E-02 0.1065660E-02 -0.2289103E-07 -0.1065709E-02 -0.2205682E-02 -0.3453339E-02 -0.4765889E-02 -0.6006959E-02 -0.6869202E-02 -0.4648659E-02 -0.4648659E-02 -9999.000 -9999.000 -9999.000 -9999.000 -9999.000 -9999.000 -9999.000 -9999.000 -9999.000 -9999.000 -9999.000 -9999.000 -9999.000 -9999.000 -9999.000 -9999.000 -9999.000 -9999.000 -9999.000 -9999.000 -9999.000 -9999.000 -9999.000 -9999.000 -9999.000 -9999.000 -9999.000
-9999.000 -9999.000 -9999.000 -9999.000 -9999.000 -9999.000 -9999.000 -9999.000 -9999.000 -9999.000 -9999.000 -9999.000 -9999.000 -9999.000 -9999.000 0.4283690E-01 0.6624054E-01 0.3623438E-01 0.1248035E-01 0.5550500E-02 0.2940021E-02 0.1351438E-02 0.1398679E-04 -0.1276570E-02 -0.2585430E-02 -0.3909843E-02 -0.5178473E-02 -0.6258551E-02 -0.6886932E-02 -0.4607076E-02 -0.4607076E-02 -9999.000 -9999.000 -9999.000 -9999.000 -9999.000 -9999.000 -9999.000 -9999.000 -9999.000 -9999.000 -9999.000 -9999.000 -9999.000 -9999.000 -9999.000 -9999.000 -9999.000 -9999.000 -9999.000 -9999.000 -9999.000 -9999.000 -9999.000 -9999.000 -9999.000 -9999.000 -9999.000
-9999.000 -9999.000 -9999.000 -9999.000 -9999.000 -9999.000 -9999.000 -9999.000 -9999.000 -9999.000 -9999.000 -9999.000 -9999.000 -9999.000 -9999.000 0.4155057E-01 0.8727443E-01 0.1303308 0.1632114 0.1752550 0.1570610 0.9639790E-01 0.3145947E-01 0.6589749E-02 -0.9001542E-03 -0.3755730E-02 -0.5316639E-02 -0.6332457E-02 -0.6803378E-02 -0.4518135E-02 -0.4518135E-02 -9999.000 -9999.000 -9999.000 -9999.000 -9999.000 -9999.000 -9999.000 -9999.000 -9999.000 -9999.000 -9999.000 -9999.000 -9999.000 -9999.000 -9999.000 -9999.000 -9999.000 -9999.000 -9999.000 -9999.000 -9999.000 -9999.000 -9999.000 -9999.000 -9999.000 -9999.000 -9999.000
-9999.000 -9999.000 -9999.000 -9999.000 -9999.000 -9999.000 -9999.000 -9999.000 -9999.000 -9999.000 -9999.000 -9999.000 -9999.000 -9999.000 -9999.000 0.3623315E-01 0.8080713E-01 0.1299059 0.1657970 0.1886311 0.2021900 0.2150858 0.2314039 0.2220608 0.1553766 0.5996015E-01 0.1363613E-01 -0.1088820E-02 -0.5294608E-02 -0.4100426E-02 -0.4100426E-02 -9999.000 -9999.000 -9999.000 -9999.000 -9999.000 -9999.000 -9999.000 -9999.000 -9999.000 -9999.000 -9999.000 -9999.000 -9999.000 -9999.000 -9999.000 -9999.000 -9999.000 -9999.000 -9999.000 -9999.000 -9999.000 -9999.000 -9999.000 -9999.000 -9999.000 -9999.000 -9999.000
-9999.000 -9999.000 -9999.000 -9999.000 -9999.000 -9999.000 -9999.000 -9999.000 -9999.000 -9999.000 -9999.000 -9999.000 -9999.000 -9999.000 -9999.000 0.3421497E-01 0.7772220E-01 0.1278065 0.1666145 0.1955994 0.2188664 0.2406580 0.2591830 0.2669517 0.2687077 0.2684798 0.2351933 0.1444044 0.4883841E-01 0.9681104E-02 0.9681104E-02 -9999.000 -9999.000 -9999.000 -9999.000 -9999.000 -9999.000 -9999.000 -9999.000 -9999.000 -9999.000 -9999.000 -9999.000 -9999.000 -9999.000 -9999.000 -9999.000 -9999.000 -9999.000 -9999.000 -9999.000 -9999.000 -9999.000 -9999.000 -9999.000 -9999.000 -9999.000 -9999.000
-9999.000 -9999.000 -9999.000 -9999.000 -9999.000 -9999.000 -9999.000 -9999.000 -9999.000 -9999.000 -9999.000 -9999.000 -9999.000 -9999.000 -9999.000 0.3303164E-01 0.7603708E-01 0.1274237 0.1703967 0.2053888 0.2347713 0.2594275 0.2765708 0.2854476 0.2913581 0.2931280 0.2770939 0.2370353 0.1534060 0.5512631E-01 0.5512631E-01 -9999.000 -9999.000 -9999.000 -9999.000 -9999.000 -9999.000 -9999.000 -9999.000 -9999.000 -9999.000 -9999.000 -9999.000 -9999.000 -9999.000 -9999.000 -9999.000 -9999.000 -9999.000 -9999.000 -9999.000 -9999.000 -9999.000 -9999.000 -9999.000 -9999.000 -9999.000 -9999.000
-9999.000 -9999.000 -9999.000 -9999.000 -9999.000 -9999.000 -9999.000 -9999.000 -9999.000 -9999.000 -9999.000 -9999.000 -9999.000 -9999.000 -9999.000 0.3217123E-01 0.7512454E-01 0.1284690 0.1757852 0.2159163 0.2494607 0.2757443 0.2927970 0.3015727 0.3039721 0.2950836 0.2678315 0.2216563 0.1520881 0.7116066E-01 0.7116066E-01 -9999.000 -9999.000 -9999.000 -9999.000 -9999.000 -9999.000 -9999.000 -9999.000 -9999.000 -9999.000 -9999.000 -9999.000 -9999.000 -9999.000 -9999.000 -9999.000 -9999.000 -9999.000 -9999.000 -9999.000 -9999.000 -9999.000 -9999.000 -9999.000 -9999.000 -9999.000 -9999.000
-9999.000 -9999.000 -9999.000 -9999.000 -9999.000 -9999.000 -9999.000 -9999.000 -9999.000 -9999.000 -9999.000 -9999.000 -9999.000 -9999.000 -9999.000 0.3651929E-01 0.8001626E-01 0.1347961 0.1849140 0.2282689 0.2643507 0.2920305 0.3102068 0.3198157 0.3206733 0.3084809 0.2807663 0.2371339 0.1718604 0.8324598E-01 0.8324598E-01 -9999.000 -9999.000 -9999.000 -9999.000 -9999.000 -9999.000 -9999.000 -9999.000 -9999.000 -9999.000 -9999.000 -9999.000 -9999.000 -9999.000 -9999.000 -9999.000 -9999.000 -9999.000 -9999.000 -9999.000 -9999.000 -9999.000 -9999.000 -9999.000 -9999.000 -9999.000 -9999.000
0.7004791 0.7004791 0.6562423 0.6373194 0.6278781 0.6278781 0.6181368 0.5965351 0.5965351 0.5690975 0.5690975 0.5294862 0.5013617 0.4643273 0.4149636 0.4149636 0.3117804 0.2951740 0.2948651 0.3047305 0.3194819 0.3343243 0.3460475 0.3537332 0.3561282 0.3514656 0.3427833 0.3371577 0.3447301 0.3846961 0.3846961 0.9615807 1.168884 -9999.000 0.5524297 0.5524297 0.1007436 0.1007436 -0.7297609E-01 -0.7297609E-01 -0.5644764E-01 0.2297309E-01 0.2297309E-01 0.1030281 0.1030281 0.2086764 0.2086764 0.2086764 0.2732270 0.2732270 0.3302600 0.3302600 0.3814794 0.3814794 0.4282160 0.4282160 0.4706514 0.4706514
0.7087598 0.7087598 0.6640792 0.6501468 0.6426608 0.6426608 0.6344513 0.6144190 0.6144190 0.5866745 0.5866745 0.5476510 0.5230289 0.4948418 0.4633863 0.4633863 0.4058391 0.3896134 0.3813775 0.3796605 0.3826163 0.3878390 0.3934623 0.3986573 0.4022857 0.4039661 0.4080496 0.4223537 0.4586311 0.5425251 0.5425251 0.9397831 1.093993 1.137384 1.095633 1.095633 0.8979894 0.8979894 0.7874273 0.7874273 0.6731832 0.5152345 0.5152345 0.5038838 0.5038838 0.5292972 0.5292972 0.5292972 0.5573410 0.5573410 0.5858677 0.5858677 0.6140112 0.6140112 0.6417734 0.6417734 0.6704499 0.6704499
0.7114109 0.7114109 0.6642808 0.6511884 0.6442945 0.6442945 0.6368638 0.6192515 0.6192515 0.5958143 0.5958143 0.5642279 0.5449781 0.5235143 0.5002340 0.5002340 0.4604980 0.4487046 0.4417872 0.4386584 0.4383625 0.4399237 0.4427874 0.4467921 0.4514933 0.4574786 0.4690643 0.4933280 0.5414085 0.6385428 0.6385428 0.9468827 1.082829 1.170216 1.176423 1.176423 1.118659 1.118659 1.042637 1.042637 0.9871278 0.9185975 0.9185975 0.8771840 0.8771840 0.8287987 0.8287987 0.8287987 0.8164592 0.8164592 0.8102892 0.8102892 0.8093306 0.8093306 0.8123801 0.8123801 0.8202189 0.8202189
0.7144622 0.7144622 0.6646945 0.6524277 0.6461492 0.6461492 0.6395198 0.6243229 0.6243229 0.6049376 0.6049376 0.5797839 0.5648294 0.5483825 0.5307133 0.5307133 0.5022286 0.4935510 0.4884055 0.4859767 0.4855190 0.4865345 0.4889900 0.4930912 0.4989756 0.5078637 0.5236536 0.5523784 0.6039885 0.7009044 0.7009044 0.9527861 1.079078 1.178720 1.196908 1.196908 1.188737 1.188737 1.132172 1.132172 1.090369 1.038161 1.038161 1.029124 1.029124 1.015883 1.015883 1.015883 1.002135 1.002135 0.9843792 0.9843792 0.9677588 0.9677588 0.9545581 0.9545581 0.9463703 0.9463703
0.7179321 0.7179321 0.6653376 0.6540261 0.6484368 0.6484368 0.6426803 0.6299850 0.6299850 0.6145181 0.6145181 0.5951391 0.5838274 0.5714653 0.5581658 0.5581658 0.5381539 0.5318258 0.5280045 0.5263195 0.5263031 0.5276981 0.5306253 0.5353933 0.5424481 0.5532951 0.5713316 0.6016065 0.6527287 0.7439194 0.7439194 0.9546101 1.073542 1.176855 1.200544 1.200544 1.203725 1.203725 1.153115 1.153115 1.122623 1.095207 1.095207 1.106508 1.106508 1.119897 1.119897 1.119897 1.117631 1.117631 1.103160 1.103160 1.082725 1.082725 1.061644 1.061644 1.043584 1.043584
0.7217129 0.7217129 0.6661275 0.6558837 0.6510368 0.6510368 0.6462014 0.6360679 0.6360679 0.6244590 0.6244590 0.6105308 0.6025413 0.5938083 0.5842700 0.5842700 0.5713317 0.5669363 0.5640517 0.5627611 0.5629595 0.5646285 0.5679730 0.5733237 0.5812483 0.5932720 0.6122944 0.6425446 0.6913282 0.7749506 0.7749506 0.9531949 1.065128 1.165551 1.187734 1.187734 1.183329 1.183329 1.142726 1.142726 1.128151 1.130822 1.130822 1.156716 1.156716 1.184377 1.184377 1.184377 1.192252 1.192252 1.185698 1.185698 1.167958 1.167958 1.144236 1.144236 1.119798 1.119798
0.7256751 0.7256751 0.6670107 0.6579253 0.6538571 0.6538571 0.6499755 0.6424448 0.6424448 0.6346818 0.6346818 0.6261142 0.6213610 0.6161315 0.6101640 0.6101640 0.6036304 0.6008589 0.5985740 0.5972672 0.5972137 0.5986583 0.6019173 0.6073583 0.6155878 0.6280051 0.6470424 0.6762640 0.7218184 0.7974979 0.7974979 0.9487687 1.052662 1.138907 1.151712 1.151712 1.139736 1.139736 1.125746 1.125746 1.129713 1.156771 1.156771 1.191471 1.191471 1.226885 1.226885 1.226885 1.241398 1.241398 1.242493 1.242493 1.230902 1.230902 1.209299 1.209299 1.182265 1.182265
0.7296608 0.7296608 0.6679404 0.6600695 0.6567973 0.6567973 0.6538819 0.6489679 0.6489679 0.6450648 0.6450648 0.6419442 0.6405343 0.6389720 0.6367644 0.6367644 0.6365229 0.6350506 0.6329769 0.6311893 0.6303329 0.6309213 0.6334138 0.6382439 0.6460276 0.6579813 0.6761063 0.7034022 0.7450221 0.8124669 0.8124669 0.9393650 1.031248 1.088786 1.092002 1.092002 1.092425 1.092425 1.114740 1.114740 1.133260 1.175351 1.175351 1.215259 1.215259 1.255661 1.255661 1.255661 1.274396 1.274396 1.280989 1.280989 1.275571 1.275571 1.258850 1.258850 1.233181 1.233181
0.7334930 0.7334930 0.6688789 0.6622376 0.6597546 0.6597546 0.6577947 0.6554686 0.6554686 0.6554317 0.6554317 0.6579592 0.6601656 0.6627234 0.6649054 0.6649054 0.6714188 0.6708056 0.6683988 0.6655414 0.6632462 0.6622839 0.6632602 0.6666790 0.6731378 0.6836378 0.6997594 0.7239553 0.7604764 0.8186614 0.8186614 0.9191480 0.9904149 1.018236 1.023063 1.023063 1.055453 1.055453 1.108811 1.108811 1.135945 1.186583 1.186583 1.230136 1.230136 1.274589 1.274589 1.274589 1.296436 1.296436 1.306862 1.306862 1.306161 1.306161 1.294492 1.294492 1.272557 1.272557
0.7369746 0.7369746 0.6697935 0.6643457 0.6626174 0.6626174 0.6615720 0.6617465 0.6617465 0.6655374 0.6655374 0.6739591 0.6801882 0.6876258 0.6954203 0.6954203 0.7099074 0.7094510 0.7058816 0.7011411 0.6966261 0.6933387 0.6920006 0.6931423 0.6972713 0.7050909 0.7176700 0.7367908 0.7657903 0.8123528 0.8123528 0.8833503 0.9221559 0.9453174 0.9567614 0.9567614 1.026976 1.026976 1.102022 1.102022 1.134112 1.190458 1.190458 1.237287 1.237287 1.285683 1.285683 1.285683 1.310276 1.310276 1.323711 1.323711 1.326496 1.326496 1.318872 1.318872 1.300994 1.300994
