cruce_test.gid/Rasters/Hydraulic/Velocity__x_113.0.asc
NCOLS        79
NROWS        79
XLLCENTER         -1.500000
YLLCENTER         -4.800000
CELLSIZE           0.100
NODATA_VALUE     -9999.0
[rows 0 to 25 of 79, columns 0 to 57 of 79]
-9999.000 -9999.000 -9999.000 -9999.000 -9999.000 -9999.000 -9999.000 -9999.000 -9999.000 -9999.000 -9999.000 -9999.000 -9999.000 -9999.000 -9999.000 0.5591327E-06 0.7615353E-03 0.2345861E-02 0.3938739E-02 0.5388274E-02 0.6649535E-02 0.7724911E-02 0.8640252E-02 0.9424500E-02 0.1007841E-01 0.1052054E-01 0.1050034E-01 0.9459386E-02 0.6355176E-02 0.2707429E-02 0.2707429E-02 -9999.000 -9999.000 -9999.000 -9999.000 -9999.000 -9999.000 -9999.000 -9999.000 -9999.000 -9999.000 -9999.000 -9999.000 -9999.000 -9999.000 -9999.000 -9999.000 -9999.000 -9999.000 -9999.000 -9999.000 -9999.000 -9999.000 -9999.000 -9999.000 -9999.000 -9999.000 -9999.000
-9999.000 -9999.000 -9999.000 -9999.000 -9999.000 -9999.000 -9999.000 -9999.000 -9999.000 -9999.000 -9999.000 -9999.000 -9999.000 -9999.000 -9999.000 0.6943500E-03 0.2264703E-02 0.4757189E-02 0.7256841E-02 0.9567902E-02 0.1159944E-01 0.1331145E-01 0.1468962E-01 0.1572102E-01 0.1636045E-01 0.1647704E-01 0.1577763E-01 0.1369801E-01 0.9286634E-02 0.4207386E-02 0.4207386E-02 -9999.000 -9999.000 -9999.000 -9999.000 -9999.000 -9999.000 -9999.000 -9999.000 -9999.000 -9999.000 -9999.000 -9999.000 -9999.000 -9999.000 -9999.000 -9999.000 -9999.000 -9999.000 -9999.000 -9999.000 -9999.000 -9999.000 -9999.000 -9999.000 -9999.000 -9999.000 -9999.000
-9999.000 -9999.000 -9999.000 -9999.000 -9999.000 -9999.000 -9999.000 -9999.000 -9999.000 -9999.000 -9999.000 -9999.000 -9999.000 -9999.000 -9999.000 0.1227412E-02 0.3442392E-02 0.6685024E-02 0.9895504E-02 0.1284812E-01 0.1542593E-01 0.1756595E-01 0.1923366E-01 0.2039856E-01 0.2099997E-01 0.2089148E-01 0.1976119E-01 0.1701495E-01 0.1164430E-01 0.5406139E-02 0.5406139E-02 -9999.000 -9999.000 -9999.000 -9999.000 -9999.000 -9999.000 -9999.000 -9999.000 -9999.000 -9999.000 -9999.000 -9999.000 -9999.000 -9999.000 -9999.000 -9999.000 -9999.000 -9999.000 -9999.000 -9999.000 -9999.000 -9999.000 -9999.000 -9999.000 -9999.000 -9999.000 -9999.000
-9999.000 -9999.000 -9999.000 -9999.000 -9999.000 -9999.000 -9999.000 -9999.000 -9999.000 -9999.000 -9999.000 -9999.000 -9999.000 -9999.000 -9999.000 0.1659588E-02 0.4397098E-02 0.8247280E-02 0.1203114E-01 0.1549737E-01 0.1850992E-01 0.2099112E-01 0.2289546E-01 0.2418423E-01 0.2478908E-01 0.2455279E-01 0.2314146E-01 0.1991621E-01 0.1377736E-01 0.6512104E-02 0.6512104E-02 -9999.000 -9999.000 -9999.000 -9999.000 -9999.000 -9999.000 -9999.000 -9999.000 -9999.000 -9999.000 -9999.000 -9999.000 -9999.000 -9999.000 -9999.000 -9999.000 -9999.000 -9999.000 -9999.000 -9999.000 -9999.000 -9999.000 -9999.000 -9999.000 -9999.000 -9999.000 -9999.000
-9999.000 -9999.000 -9999.000 -9999.000 -9999.000 -9999.000 -9999.000 -9999.000 -9999.000 -9999.000 -9999.000 -9999.000 -9999.000 -9999.000 -9999.000 0.2034131E-02 0.5220100E-02 0.9588506E-02 0.1386400E-01 0.1777465E-01 0.2116887E-01 0.2395892E-01 0.2609227E-01 0.2752534E-01 0.2818421E-01 0.2789974E-01 0.2631044E-01 0.2271903E-01 0.1590659E-01 0.7638537E-02 0.7638537E-02 -9999.000 -9999.000 -9999.000 -9999.000 -9999.000 -9999.000 -9999.000 -9999.000 -9999.000 -9999.000 -9999.000 -9999.000 -9999.000 -9999.000 -9999.000 -9999.000 -9999.000 -9999.000 -9999.000 -9999.000 -9999.000 -9999.000 -9999.000 -9999.000 -9999.000 -9999.000 -9999.000
-9999.000 -9999.000 -9999.000 -9999.000 -9999.000 -9999.000 -9999.000 -9999.000 -9999.000 -9999.000 -9999.000 -9999.000 -9999.000 -9999.000 -9999.000 0.2386350E-02 0.5986915E-02 0.1082788E-01 0.1555497E-01 0.1987924E-01 0.2363679E-01 0.2673208E-01 0.2910811E-01 0.3071762E-01 0.3148122E-01 0.3121597E-01 0.2952586E-01 0.2564138E-01 0.1819257E-01 0.8870330E-02 0.8870330E-02 -9999.000 -9999.000 -9999.000 -9999.000 -9999.000 -9999.000 -9999.000 -9999.000 -9999.000 -9999.000 -9999.000 -9999.000 -9999.000 -9999.000 -9999.000 -9999.000 -9999.000 -9999.000 -9999.000 -9999.000 -9999.000 -9999.000 -9999.000 -9999.000 -9999.000 -9999.000 -9999.000
-9999.000 -9999.000 -9999.000 -9999.000 -9999.000 -9999.000 -9999.000 -9999.000 -9999.000 -9999.000 -9999.000 -9999.000 -9999.000 -9999.000 -9999.000 0.2744003E-02 0.6755736E-02 0.1205649E-01 0.1722508E-01 0.2195924E-01 0.2608515E-01 0.2950119E-01 0.3214731E-01 0.3397389E-01 0.3489591E-01 0.3471331E-01 0.3298865E-01 0.2886358E-01 0.2078002E-01 0.1028817E-01 0.1028817E-01 -9999.000 -9999.000 -9999.000 -9999.000 -9999.000 -9999.000 -9999.000 -9999.000 -9999.000 -9999.000 -9999.000 -9999.000 -9999.000 -9999.000 -9999.000 -9999.000 -9999.000 -9999.000 -9999.000 -9999.000 -9999.000 -9999.000 -9999.000 -9999.000 -9999.000 -9999.000 -9999.000
-9999.000 -9999.000 -9999.000 -9999.000 -9999.000 -9999.000 -9999.000 -9999.000 -9999.000 -9999.000 -9999.000 -9999.000 -9999.000 -9999.000 -9999.000 0.3128945E-02 0.7572139E-02 0.1334493E-01 0.1896821E-01 0.2412970E-01 0.2864751E-01 0.3241577E-01 0.3537309E-01 0.3746798E-01 0.3860962E-01 0.3857823E-01 0.3688604E-01 0.3256647E-01 0.2382710E-01 0.1198520E-01 0.1198520E-01 -9999.000 -9999.000 -9999.000 -9999.000 -9999.000 -9999.000 -9999.000 -9999.000 -9999.000 -9999.000 -9999.000 -9999.000 -9999.000 -9999.000 -9999.000 -9999.000 -9999.000 -9999.000 -9999.000 -9999.000 -9999.000 -9999.000 -9999.000 -9999.000 -9999.000 -9999.000 -9999.000
-9999.000 -9999.000 -9999.000 -9999.000 -9999.000 -9999.000 -9999.000 -9999.000 -9999.000 -9999.000 -9999.000 -9999.000 -9999.000 -9999.000 -9999.000 0.3560159E-02 0.8475784E-02 0.1475433E-01 0.2086575E-01 0.2649100E-01 0.3144201E-01 0.3561067E-01 0.3893584E-01 0.4136564E-01 0.4280334E-01 0.4300596E-01 0.4142540E-01 0.3696319E-01 0.2753384E-01 0.1408410E-01 0.1408410E-01 -9999.000 -9999.000 -9999.000 -9999.000 -9999.000 -9999.000 -9999.000 -9999.000 -9999.000 -9999.000 -9999.000 -9999.000 -9999.000 -9999.000 -9999.000 -9999.000 -9999.000 -9999.000 -9999.000 -9999.000 -9999.000 -9999.000 -9999.000 -9999.000 -9999.000 -9999.000 -9999.000
-9999.000 -9999.000 -9999.000 -9999.000 -9999.000 -9999.000 -9999.000 -9999.000 -9999.000 -9999.000 -9999.000 -9999.000 -9999.000 -9999.000 -9999.000 0.4056270E-02 0.9505499E-02 0.1634582E-01 0.2299994E-01 0.2914606E-01 0.3459197E-01 0.3922994E-01 0.4300129E-01 0.4585532E-01 0.4768975E-01 0.4823517E-01 0.4687123E-01 0.4233832E-01 0.3218171E-01 0.1676238E-01 0.1676238E-01 -9999.000 -9999.000 -9999.000 -9999.000 -9999.000 -9999.000 -9999.000 -9999.000 -9999.000 -9999.000 -9999.000 -9999.000 -9999.000 -9999.000 -9999.000 -9999.000 -9999.000 -9999.000 -9999.000 -9999.000 -9999.000 -9999.000 -9999.000 -9999.000 -9999.000 -9999.000 -9999.000
-9999.000 -9999.000 -9999.000 -9999.000 -9999.000 -9999.000 -9999.000 -9999.000 -9999.000 -9999.000 -9999.000 -9999.000 -9999.000 -9999.000 -9999.000 0.4638586E-02 0.1070652E-01 0.1819088E-01 0.2546881E-01 0.3221935E-01 0.3824945E-01 0.4345442E-01 0.4778149E-01 0.5118399E-01 0.5355517E-01 0.5459585E-01 0.5359924E-01 0.4910748E-01 0.3819748E-01 0.2029506E-01 0.2029506E-01 -9999.000 -9999.000 -9999.000 -9999.000 -9999.000 -9999.000 -9999.000 -9999.000 -9999.000 -9999.000 -9999.000 -9999.000 -9999.000 -9999.000 -9999.000 -9999.000 -9999.000 -9999.000 -9999.000 -9999.000 -9999.000 -9999.000 -9999.000 -9999.000 -9999.000 -9999.000 -9999.000
-9999.000 -9999.000 -9999.000 -9999.000 -9999.000 -9999.000 -9999.000 -9999.000 -9999.000 -9999.000 -9999.000 -9999.000 -9999.000 -9999.000 -9999.000 0.5335669E-02 0.1213961E-01 0.2038678E-01 0.2840677E-01 0.3588385E-01 0.4262767E-01 0.4854126E-01 0.5358253E-01 0.5771326E-01 0.6082504E-01 0.6258585E-01 0.6218626E-01 0.5792367E-01 0.4627330E-01 0.2513495E-01 0.2513495E-01 -9999.000 -9999.000 -9999.000 -9999.000 -9999.000 -9999.000 -9999.000 -9999.000 -9999.000 -9999.000 -9999.000 -9999.000 -9999.000 -9999.000 -9999.000 -9999.000 -9999.000 -9999.000 -9999.000 -9999.000 -9999.000 -9999.000 -9999.000 -9999.000 -9999.000 -9999.000 -9999.000
-9999.000 -9999.000 -9999.000 -9999.000 -9999.000 -9999.000 -9999.000 -9999.000 -9999.000 -9999.000 -9999.000 -9999.000 -9999.000 -9999.000 -9999.000 0.6190985E-02 0.1389783E-01 0.2308378E-01 0.3202241E-01 0.4040889E-01 0.4806120E-01 0.5489647E-01 0.6089097E-01 0.6602253E-01 0.7018717E-01 0.7301907E-01 0.7358800E-01 0.6988724E-01 0.5761112E-01 0.3207969E-01 0.3207969E-01 -9999.000 -9999.000 -9999.000 -9999.000 -9999.000 -9999.000 -9999.000 -9999.000 -9999.000 -9999.000 -9999.000 -9999.000 -9999.000 -9999.000 -9999.000 -9999.000 -9999.000 -9999.000 -9999.000 -9999.000 -9999.000 -9999.000 -9999.000 -9999.000 -9999.000 -9999.000 -9999.000
-9999.000 -9999.000 -9999.000 -9999.000 -9999.000 -9999.000 -9999.000 -9999.000 -9999.000 -9999.000 -9999.000 -9999.000 -9999.000 -9999.000 -9999.000 0.7360107E-02 0.1628972E-01 0.2674612E-01 0.3691572E-01 0.4651379E-01 0.5537896E-01 0.6345860E-01 0.7076465E-01 0.7730905E-01 0.8300794E-01 0.8746945E-01 0.8962835E-01 0.8710489E-01 0.7456795E-01 0.4275214E-01 0.4275214E-01 -9999.000 -9999.000 -9999.000 -9999.000 -9999.000 -9999.000 -9999.000 -9999.000 -9999.000 -9999.000 -9999.000 -9999.000 -9999.000 -9999.000 -9999.000 -9999.000 -9999.000 -9999.000 -9999.000 -9999.000 -9999.000 -9999.000 -9999.000 -9999.000 -9999.000 -9999.000 -9999.000
-9999.000 -9999.000 -9999.000 -9999.000 -9999.000 -9999.000 -9999.000 -9999.000 -9999.000 -9999.000 -9999.000 -9999.000 -9999.000 -9999.000 -9999.000 0.2243043E-01 0.3822459E-01 0.5414628E-01 0.6725378E-01 0.7804392E-01 0.8697209E-01 0.9445346E-01 0.1008363 0.1063511 0.1110362 0.1145157 0.1156302 0.1116855 0.9632180E-01 0.5089649E-01 0.5089649E-01 -9999.000 -9999.000 -9999.000 -9999.000 -9999.000 -9999.000 -9999.000 -9999.000 -9999.000 -9999.000 -9999.000 -9999.000 -9999.000 -9999.000 -9999.000 -9999.000 -9999.000 -9999.000 -9999.000 -9999.000 -9999.000 -9999.000 -9999.000 -9999.000 -9999.000 -9999.000 -9999.000
2.054392 2.054392 2.103833 2.150222 2.158690 2.158690 2.164485 2.171499 2.171499 2.174809 2.174809 2.175689 2.175426 2.174769 2.173862 2.173862 1.849369 1.798524 1.741798 1.674342 1.594982 1.504034 1.402800 1.293641 1.180363 1.068621 0.9669440 0.8888159 0.8580722 0.9163983 0.9163983 1.807133 1.963739 1.986042 1.968990 1.968990 1.913251 1.913251 1.794894 1.794894 1.491483 1.218779 1.218779 1.155077 1.155077 1.182783 1.182783 1.182783 1.233695 1.233695 1.283729 1.283729 1.336507 1.336507 1.374751 1.374751 1.403177 1.403177
2.067203 2.067203 2.132047 2.190134 2.207644 2.207644 2.222491 2.247524 2.247524 2.268705 2.268705 2.287314 2.295863 2.303984 2.311806 2.311806 2.112135 2.088338 2.075458 2.057609 2.029788 1.990016 1.937240 1.871298 1.793348 1.706839 1.617282 1.535114 1.481239 1.504776 1.504776 2.018706 2.179067 2.291390 2.309180 2.309180 2.300932 2.300932 2.237951 2.237951 2.101758 1.804198 1.804198 1.726222 1.726222 1.755721 1.755721 1.755721 1.804180 1.804180 1.841455 1.841455 1.897826 1.897826 1.938177 1.938177 1.970752 1.970752
2.069858 2.069858 2.136083 2.190387 2.208011 2.208011 2.223063 2.248570 2.248570 2.270264 2.270264 2.289443 2.298305 2.306757 2.314918 2.314918 2.161104 2.135987 2.136906 2.140502 2.138655 2.128832 2.109658 2.080218 2.038934 1.989063 1.933966 1.880819 1.843726 1.860510 1.860510 2.214749 2.360744 2.499207 2.528514 2.528514 2.533287 2.533287 2.477811 2.477811 2.402249 2.185791 2.185791 2.078713 2.078713 2.092256 2.092256 2.092256 2.131665 2.131665 2.168327 2.168327 2.209597 2.209597 2.242661 2.242661 2.269128 2.269128
2.071966 2.071966 2.139090 2.190372 2.207880 2.207880 2.222950 2.248547 2.248547 2.270286 2.270286 2.289476 2.298341 2.306798 2.314954 2.314954 2.195293 2.163602 2.165578 2.176590 2.185064 2.187662 2.183217 2.171133 2.150532 2.123210 2.091345 2.059865 2.039054 2.056669 2.056669 2.308834 2.439797 2.581677 2.613041 2.613041 2.617034 2.617034 2.565094 2.565094 2.517677 2.370738 2.370738 2.257822 2.257822 2.253393 2.253393 2.253393 2.287252 2.287252 2.320959 2.320959 2.356380 2.356380 2.386364 2.386364 2.410051 2.410051
2.073576 2.073576 2.141309 2.190413 2.207761 2.207761 2.222828 2.248507 2.248507 2.270286 2.270286 2.289479 2.298340 2.306793 2.314936 2.314936 2.227938 2.194848 2.194947 2.208618 2.222116 2.230712 2.232978 2.228561 2.217179 2.200413 2.180394 2.161227 2.151000 2.170109 2.170109 2.347290 2.465194 2.596609 2.621784 2.621784 2.615418 2.615418 2.573333 2.573333 2.547194 2.465017 2.465017 2.371347 2.371347 2.345637 2.345637 2.345637 2.372541 2.372541 2.403217 2.403217 2.434964 2.434964 2.462343 2.462343 2.483747 2.483747
2.074708 2.074708 2.142830 2.190477 2.207672 2.207672 2.222724 2.248471 2.248471 2.270287 2.270287 2.289482 2.298340 2.306790 2.314920 2.314920 2.258245 2.230527 2.229762 2.244145 2.260444 2.272708 2.278851 2.278350 2.271173 2.258772 2.243431 2.229034 2.222459 2.238846 2.238846 2.363767 2.462964 2.565558 2.577369 2.577369 2.562554 2.562554 2.543917 2.543917 2.538141 2.509665 2.509665 2.450077 2.450077 2.410442 2.410442 2.410442 2.427865 2.427865 2.453686 2.453686 2.481418 2.481418 2.505752 2.505752 2.524706 2.524706
2.075382 2.075382 2.143718 2.190531 2.207618 2.207618 2.222656 2.248445 2.248445 2.270288 2.270288 2.289485 2.298340 2.306788 2.314908 2.314908 2.286106 2.269198 2.270470 2.285027 2.302640 2.317138 2.325818 2.327760 2.322840 2.312222 2.298124 2.284270 2.276720 2.286452 2.286452 2.369579 2.440694 2.493094 2.490917 2.490917 2.484629 2.484629 2.500957 2.500957 2.513373 2.524938 2.524938 2.501564 2.501564 2.462038 2.462038 2.462038 2.469625 2.469625 2.488715 2.488715 2.511276 2.511276 2.531809 2.531809 2.547850 2.547850
2.075606 2.075606 2.144011 2.190552 2.207600 2.207600 2.222632 2.248436 2.248436 2.270288 2.270288 2.289485 2.298341 2.306788 2.314899 2.314899 2.312684 2.309964 2.316632 2.331970 2.349882 2.365278 2.375312 2.378714 2.375109 2.365248 2.351025 2.335822 2.324812 2.324471 2.324471 2.366234 2.392980 2.382339 2.378260 2.378260 2.403979 2.403979 2.456492 2.456492 2.483018 2.522584 2.522584 2.530057 2.530057 2.503690 2.503690 2.503690 2.504153 2.504153 2.515753 2.515753 2.532034 2.532034 2.547740 2.547740 2.560158 2.560158
2.075382 2.075382 2.143718 2.190531 2.207618 2.207618 2.222655 2.248445 2.248445 2.270288 2.270288 2.289484 2.298340 2.306788 2.314894 2.314894 2.340051 2.353037 2.367766 2.385139 2.402877 2.417930 2.428010 2.431785 2.428661 2.418957 2.404085 2.386870 2.371078 2.355897 2.355897 2.343807 2.302226 2.248870 2.263128 2.263128 2.333069 2.333069 2.414187 2.414187 2.450705 2.509626 2.509626 2.540663 2.540663 2.534908 2.534908 2.534908 2.532809 2.532809 2.537742 2.537742 2.547063 2.547063 2.556952 2.556952 2.564998 2.564998
2.074709 2.074709 2.142830 2.190477 2.207672 2.207672 2.222725 2.248471 2.248471 2.270287 2.270287 2.289482 2.298340 2.306790 2.314892 2.314892 2.370998 2.399805 2.423879 2.444416 2.461887 2.475560 2.484313 2.487174 2.483514 2.473312 2.457458 2.438025 2.416022 2.374802 2.374802 2.275291 2.150446 2.121105 2.164178 2.164178 2.273063 2.273063 2.373737 2.373737 2.417275 2.489915 2.489915 2.538068 2.538068 2.554561 2.554561 2.554561 2.554354 2.554354 2.554669 2.554669 2.557150 2.557150 2.560581 2.560581 2.563677 2.563677
2.073576 2.073576 2.141309 2.190413 2.207761 2.207761 2.222828 2.248507 2.248507 2.270287 2.270287 2.289479 2.298340 2.306793 2.314894 2.314894 2.409103 2.452716 2.485747 2.509671 2.526702 2.538113 2.544210 2.544754 2.539345 2.527794 2.510535 2.488639 2.456362 2.358106 2.358106 2.120714 1.952839 2.016951 2.078561 2.078561 2.218550 2.218550 2.332674 2.332674 2.381549 2.464458 2.464458 2.524944 2.524944 2.561670 2.561670 2.561670 2.566357 2.566357 2.564473 2.564473 2.561025 2.561025 2.557945 2.557945 2.555873 2.555873
