cruce_test.gid/Rasters/Hydraulic/Velocity__x_207.0.asc
NCOLS        79
NROWS        79
XLLCENTER         -1.500000
YLLCENTER         -4.800000
CELLSIZE           0.100
NODATA_VALUE     -9999.0
[rows 0 to 25 of 79, columns 0 to 57 of 79]
-9999.000 -9999.000 -9999.000 -9999.000 -9999.000 -9999.000 -9999.000 -9999.000 -9999.000 -9999.000 -9999.000 -9999.000 -9999.000 -9999.000 -9999.000 -0.1957047E-02 -0.1914110E-02 0.1274472E-02 0.6148858E-02 0.1133649E-01 0.1568249E-01 0.1879669E-01 0.2063598E-01 0.2126356E-01 0.2083474E-01 0.1951366E-01 0.1739507E-01 0.1444242E-01 0.1009866E-01 0.4942634E-02 0.4942634E-02 -9999.000 -9999.000 -9999.000 -9999.000 -9999.000 -9999.000 -9999.000 -9999.000 -9999.000 -9999.000 -9999.000 -9999.000 -9999.000 -9999.000 -9999.000 -9999.000 -9999.000 -9999.000 -9999.000 -9999.000 -9999.000 -9999.000 -9999.000 -9999.000 -9999.000 -9999.000 -9999.000
-9999.000 -9999.000 -9999.000 -9999.000 -9999.000 -9999.000 -9999.000 -9999.000 -9999.000 -9999.000 -9999.000 -9999.000 -9999.000 -9999.000 -9999.000 -0.6975764E-03 0.5572813E-03 0.4767145E-02 0.1049887E-01 0.1644308E-01 0.2146530E-01 0.2511619E-01 0.2727865E-01 0.2795918E-01 0.2727288E-01 0.2536367E-01 0.2233327E-01 0.1818577E-01 0.1249165E-01 0.6094635E-02 0.6094635E-02 -9999.000 -9999.000 -9999.000 -9999.000 -9999.000 -9999.000 -9999.000 -9999.000 -9999.000 -9999.000 -9999.000 -9999.000 -9999.000 -9999.000 -9999.000 -9999.000 -9999.000 -9999.000 -9999.000 -9999.000 -9999.000 -9999.000 -9999.000 -9999.000 -9999.000 -9999.000 -9999.000
-9999.000 -9999.000 -9999.000 -9999.000 -9999.000 -9999.000 -9999.000 -9999.000 -9999.000 -9999.000 -9999.000 -9999.000 -9999.000 -9999.000 -9999.000 -0.2809051E-03 0.1476207E-02 0.6284480E-02 0.1258974E-01 0.1903997E-01 0.2446485E-01 0.2839713E-01 0.3070840E-01 0.3139732E-01 0.3057836E-01 0.2839965E-01 0.2497224E-01 0.2031252E-01 0.1398973E-01 0.6863968E-02 0.6863968E-02 -9999.000 -9999.000 -9999.000 -9999.000 -9999.000 -9999.000 -9999.000 -9999.000 -9999.000 -9999.000 -9999.000 -9999.000 -9999.000 -9999.000 -9999.000 -9999.000 -9999.000 -9999.000 -9999.000 -9999.000 -9999.000 -9999.000 -9999.000 -9999.000 -9999.000 -9999.000 -9999.000
-9999.000 -9999.000 -9999.000 -9999.000 -9999.000 -9999.000 -9999.000 -9999.000 -9999.000 -9999.000 -9999.000 -9999.000 -9999.000 -9999.000 -9999.000 -0.8946223E-04 0.1936750E-02 0.7108753E-02 0.1378567E-01 0.2057361E-01 0.2626879E-01 0.3039425E-01 0.3281754E-01 0.3353514E-01 0.3266441E-01 0.3035785E-01 0.2672950E-01 0.2179686E-01 0.1510631E-01 0.7465910E-02 0.7465910E-02 -9999.000 -9999.000 -9999.000 -9999.000 -9999.000 -9999.000 -9999.000 -9999.000 -9999.000 -9999.000 -9999.000 -9999.000 -9999.000 -9999.000 -9999.000 -9999.000 -9999.000 -9999.000 -9999.000 -9999.000 -9999.000 -9999.000 -9999.000 -9999.000 -9999.000 -9999.000 -9999.000
-9999.000 -9999.000 -9999.000 -9999.000 -9999.000 -9999.000 -9999.000 -9999.000 -9999.000 -9999.000 -9999.000 -9999.000 -9999.000 -9999.000 -9999.000 0.3102422E-04 0.2248465E-02 0.7699479E-02 0.1466999E-01 0.2172653E-01 0.2763669E-01 0.3191882E-01 0.3444064E-01 0.3519820E-01 0.3431305E-01 0.3194052E-01 0.2819476E-01 0.2308960E-01 0.1613525E-01 0.8042434E-02 0.8042434E-02 -9999.000 -9999.000 -9999.000 -9999.000 -9999.000 -9999.000 -9999.000 -9999.000 -9999.000 -9999.000 -9999.000 -9999.000 -9999.000 -9999.000 -9999.000 -9999.000 -9999.000 -9999.000 -9999.000 -9999.000 -9999.000 -9999.000 -9999.000 -9999.000 -9999.000 -9999.000 -9999.000
-9999.000 -9999.000 -9999.000 -9999.000 -9999.000 -9999.000 -9999.000 -9999.000 -9999.000 -9999.000 -9999.000 -9999.000 -9999.000 -9999.000 -9999.000 0.1412521E-03 0.2537002E-02 0.8248727E-02 0.1549252E-01 0.2279641E-01 0.2890202E-01 0.3332744E-01 0.3594343E-01 0.3674711E-01 0.3586553E-01 0.3345661E-01 0.2963264E-01 0.2439970E-01 0.1722142E-01 0.8667370E-02 0.8667370E-02 -9999.000 -9999.000 -9999.000 -9999.000 -9999.000 -9999.000 -9999.000 -9999.000 -9999.000 -9999.000 -9999.000 -9999.000 -9999.000 -9999.000 -9999.000 -9999.000 -9999.000 -9999.000 -9999.000 -9999.000 -9999.000 -9999.000 -9999.000 -9999.000 -9999.000 -9999.000 -9999.000
-9999.000 -9999.000 -9999.000 -9999.000 -9999.000 -9999.000 -9999.000 -9999.000 -9999.000 -9999.000 -9999.000 -9999.000 -9999.000 -9999.000 -9999.000 0.2685082E-03 0.2858607E-02 0.8842473E-02 0.1636519E-01 0.2391651E-01 0.3021385E-01 0.3478036E-01 0.3749210E-01 0.3834771E-01 0.3748167E-01 0.3505407E-01 0.3117372E-01 0.2583675E-01 0.1844775E-01 0.9386251E-02 0.9386251E-02 -9999.000 -9999.000 -9999.000 -9999.000 -9999.000 -9999.000 -9999.000 -9999.000 -9999.000 -9999.000 -9999.000 -9999.000 -9999.000 -9999.000 -9999.000 -9999.000 -9999.000 -9999.000 -9999.000 -9999.000 -9999.000 -9999.000 -9999.000 -9999.000 -9999.000 -9999.000 -9999.000
-9999.000 -9999.000 -9999.000 -9999.000 -9999.000 -9999.000 -9999.000 -9999.000 -9999.000 -9999.000 -9999.000 -9999.000 -9999.000 -9999.000 -9999.000 0.4274716E-03 0.3242773E-02 0.9524913E-02 0.1734533E-01 0.2515482E-01 0.3164893E-01 0.3636015E-01 0.3917266E-01 0.4008799E-01 0.3924896E-01 0.3681805E-01 0.3289909E-01 0.2747531E-01 0.1987947E-01 0.1023843E-01 0.1023843E-01 -9999.000 -9999.000 -9999.000 -9999.000 -9999.000 -9999.000 -9999.000 -9999.000 -9999.000 -9999.000 -9999.000 -9999.000 -9999.000 -9999.000 -9999.000 -9999.000 -9999.000 -9999.000 -9999.000 -9999.000 -9999.000 -9999.000 -9999.000 -9999.000 -9999.000 -9999.000 -9999.000
-9999.000 -9999.000 -9999.000 -9999.000 -9999.000 -9999.000 -9999.000 -9999.000 -9999.000 -9999.000 -9999.000 -9999.000 -9999.000 -9999.000 -9999.000 0.6277826E-03 0.3709519E-02 0.1032583E-01 0.1847099E-01 0.2655622E-01 0.3325727E-01 0.3812141E-01 0.4104349E-01 0.4202883E-01 0.4123098E-01 0.3881439E-01 0.3487654E-01 0.2938451E-01 0.2158420E-01 0.1126725E-01 0.1126725E-01 -9999.000 -9999.000 -9999.000 -9999.000 -9999.000 -9999.000 -9999.000 -9999.000 -9999.000 -9999.000 -9999.000 -9999.000 -9999.000 -9999.000 -9999.000 -9999.000 -9999.000 -9999.000 -9999.000 -9999.000 -9999.000 -9999.000 -9999.000 -9999.000 -9999.000 -9999.000 -9999.000
-9999.000 -9999.000 -9999.000 -9999.000 -9999.000 -9999.000 -9999.000 -9999.000 -9999.000 -9999.000 -9999.000 -9999.000 -9999.000 -9999.000 -9999.000 0.8788641E-03 0.4277561E-02 0.1127284E-01 0.1977702E-01 0.2816146E-01 0.3508476E-01 0.4011427E-01 0.4315909E-01 0.4422929E-01 0.4349139E-01 0.4111236E-01 0.3718113E-01 0.3164552E-01 0.2364627E-01 0.1252874E-01 0.1252874E-01 -9999.000 -9999.000 -9999.000 -9999.000 -9999.000 -9999.000 -9999.000 -9999.000 -9999.000 -9999.000 -9999.000 -9999.000 -9999.000 -9999.000 -9999.000 -9999.000 -9999.000 -9999.000 -9999.000 -9999.000 -9999.000 -9999.000 -9999.000 -9999.000 -9999.000 -9999.000 -9999.000
-9999.000 -9999.000 -9999.000 -9999.000 -9999.000 -9999.000 -9999.000 -9999.000 -9999.000 -9999.000 -9999.000 -9999.000 -9999.000 -9999.000 -9999.000 0.1191248E-02 0.4967955E-02 0.1239704E-01 0.2130382E-01 0.3001847E-01 0.3718462E-01 0.4239763E-01 0.4558396E-01 0.4676030E-01 0.4610898E-01 0.4379898E-01 0.3990974E-01 0.3436570E-01 0.2618074E-01 0.1410034E-01 0.1410034E-01 -9999.000 -9999.000 -9999.000 -9999.000 -9999.000 -9999.000 -9999.000 -9999.000 -9999.000 -9999.000 -9999.000 -9999.000 -9999.000 -9999.000 -9999.000 -9999.000 -9999.000 -9999.000 -9999.000 -9999.000 -9999.000 -9999.000 -9999.000 -9999.000 -9999.000 -9999.000 -9999.000
-9999.000 -9999.000 -9999.000 -9999.000 -9999.000 -9999.000 -9999.000 -9999.000 -9999.000 -9999.000 -9999.000 -9999.000 -9999.000 -9999.000 -9999.000 0.1581869E-02 0.5816021E-02 0.1375233E-01 0.2312368E-01 0.3220539E-01 0.3964084E-01 0.4506077E-01 0.4841366E-01 0.4972409E-01 0.4919486E-01 0.4699742E-01 0.4319947E-01 0.3769802E-01 0.2935319E-01 0.1609363E-01 0.1609363E-01 -9999.000 -9999.000 -9999.000 -9999.000 -9999.000 -9999.000 -9999.000 -9999.000 -9999.000 -9999.000 -9999.000 -9999.000 -9999.000 -9999.000 -9999.000 -9999.000 -9999.000 -9999.000 -9999.000 -9999.000 -9999.000 -9999.000 -9999.000 -9999.000 -9999.000 -9999.000 -9999.000
-9999.000 -9999.000 -9999.000 -9999.000 -9999.000 -9999.000 -9999.000 -9999.000 -9999.000 -9999.000 -9999.000 -9999.000 -9999.000 -9999.000 -9999.000 0.2129103E-02 0.6988924E-02 0.1560657E-01 0.2557304E-01 0.3506492E-01 0.4277091E-01 0.4840003E-01 0.5192450E-01 0.5338096E-01 0.5299947E-01 0.5095440E-01 0.4729963E-01 0.4190037E-01 0.3342939E-01 0.1868412E-01 0.1868412E-01 -9999.000 -9999.000 -9999.000 -9999.000 -9999.000 -9999.000 -9999.000 -9999.000 -9999.000 -9999.000 -9999.000 -9999.000 -9999.000 -9999.000 -9999.000 -9999.000 -9999.000 -9999.000 -9999.000 -9999.000 -9999.000 -9999.000 -9999.000 -9999.000 -9999.000 -9999.000 -9999.000
-9999.000 -9999.000 -9999.000 -9999.000 -9999.000 -9999.000 -9999.000 -9999.000 -9999.000 -9999.000 -9999.000 -9999.000 -9999.000 -9999.000 -9999.000 0.4825999E-02 0.1273710E-01 0.2476230E-01 0.3626873E-01 0.4543579E-01 0.5250767E-01 0.5748719E-01 0.6037195E-01 0.6124600E-01 0.6038833E-01 0.5797566E-01 0.5403826E-01 0.4839022E-01 0.3945710E-01 0.2245193E-01 0.2245193E-01 -9999.000 -9999.000 -9999.000 -9999.000 -9999.000 -9999.000 -9999.000 -9999.000 -9999.000 -9999.000 -9999.000 -9999.000 -9999.000 -9999.000 -9999.000 -9999.000 -9999.000 -9999.000 -9999.000 -9999.000 -9999.000 -9999.000 -9999.000 -9999.000 -9999.000 -9999.000 -9999.000
-9999.000 -9999.000 -9999.000 -9999.000 -9999.000 -9999.000 -9999.000 -9999.000 -9999.000 -9999.000 -9999.000 -9999.000 -9999.000 -9999.000 -9999.000 0.1156794 0.1783340 0.2109639 0.2042825 0.1731090 0.1490871 0.1284672 0.1108492 0.9590389E-01 0.8330637E-01 0.7239425E-01 0.6256650E-01 0.5302295E-01 0.4152479E-01 0.1986673E-01 0.1986673E-01 -9999.000 -9999.000 -9999.000 -9999.000 -9999.000 -9999.000 -9999.000 -9999.000 -9999.000 -9999.000 -9999.000 -9999.000 -9999.000 -9999.000 -9999.000 -9999.000 -9999.000 -9999.000 -9999.000 -9999.000 -9999.000 -9999.000 -9999.000 -9999.000 -9999.000 -9999.000 -9999.000
2.924711 2.924711 2.919118 2.939185 2.956989 2.956989 2.959277 2.958712 2.958712 2.954780 2.954780 2.948442 2.944611 2.940447 2.936294 2.936294 3.105032 3.110163 3.111605 3.111202 3.081752 3.027678 2.949590 2.846761 2.718701 2.571052 2.405406 2.229904 2.067569 1.988072 1.988072 2.828324 3.010595 3.122247 3.151331 3.151331 3.193659 3.193659 3.192350 3.192350 3.157980 3.001661 3.001661 2.708085 2.708085 2.262827 2.262827 2.262827 2.219656 2.219656 2.239597 2.239597 2.284554 2.284554 2.335136 2.335136 2.382490 2.382490
2.948445 2.948445 2.950460 2.994459 3.019831 3.019831 3.034363 3.057171 3.057171 3.076148 3.076148 3.092525 3.099981 3.107057 3.114073 3.114073 3.238001 3.258951 3.275438 3.289954 3.297024 3.296952 3.288155 3.267696 3.232220 3.180402 3.110073 3.021528 2.920781 2.833468 2.833468 3.276181 3.438490 3.597505 3.641736 3.641736 3.695472 3.695472 3.706743 3.706743 3.692115 3.605007 3.605007 3.431486 3.431486 3.109164 3.109164 3.109164 3.059849 3.059849 3.081358 3.081358 3.128745 3.128745 3.181738 3.181738 3.231793 3.231793
2.953817 2.953817 2.951954 2.996148 3.019534 3.019534 3.034788 3.058502 3.058502 3.078124 3.078124 3.095215 3.103072 3.110576 3.118083 3.118083 3.227521 3.261856 3.290862 3.316294 3.336103 3.350363 3.358991 3.361141 3.355236 3.340218 3.314266 3.276313 3.228644 3.186896 3.186896 3.433894 3.591147 3.776575 3.832061 3.832061 3.894078 3.894078 3.894990 3.894990 3.871342 3.777107 3.777107 3.643076 3.643076 3.396495 3.396495 3.396495 3.335453 3.335453 3.342989 3.342989 3.380877 3.380877 3.427423 3.427423 3.472867 3.472867
2.957509 2.957509 2.952645 2.996293 3.018403 3.018403 3.034160 3.058451 3.058451 3.078166 3.078166 3.095266 3.103129 3.110641 3.118230 3.118230 3.218036 3.263190 3.303687 3.339456 3.369071 3.392188 3.408880 3.419113 3.422543 3.419086 3.408274 3.389783 3.365115 3.344311 3.344311 3.492875 3.630547 3.823724 3.885889 3.885889 3.948371 3.948371 3.927865 3.927865 3.890690 3.793674 3.793674 3.700951 3.700951 3.529433 3.529433 3.529433 3.464269 3.464269 3.457035 3.457035 3.484150 3.484150 3.524467 3.524467 3.566178 3.566178
2.959614 2.959614 2.951176 2.996479 3.017802 3.017802 3.033891 3.058531 3.058531 3.078218 3.078218 3.095272 3.103124 3.110632 3.118325 3.118325 3.213577 3.267655 3.318303 3.363654 3.402275 3.433526 3.457295 3.473639 3.482589 3.484398 3.479289 3.467639 3.450989 3.436463 3.436463 3.525732 3.637456 3.820596 3.880718 3.880718 3.923531 3.923531 3.870785 3.870785 3.825356 3.748821 3.748821 3.704210 3.704210 3.605499 3.605499 3.605499 3.546016 3.546016 3.526016 3.526016 3.540074 3.540074 3.571879 3.571879 3.608372 3.608372
2.960167 2.960167 2.953592 2.996162 3.017053 3.017053 3.033431 3.058463 3.058463 3.078228 3.078228 3.095324 3.103201 3.110736 3.118610 3.118610 3.215392 3.277379 3.336855 3.390706 3.437314 3.475889 3.506175 3.528179 3.542000 3.547919 3.546335 3.537847 3.523912 3.509747 3.509747 3.559421 3.642458 3.796801 3.841554 3.841554 3.837178 3.837178 3.755486 3.755486 3.718726 3.686841 3.686841 3.688475 3.688475 3.652352 3.652352 3.652352 3.607214 3.607214 3.580256 3.580256 3.581188 3.581188 3.602216 3.602216 3.631264 3.631264
2.956707 2.956707 2.958237 2.996168 3.016865 3.016865 3.033436 3.058700 3.058700 3.078438 3.078438 3.095460 3.103305 3.110814 3.118895 3.118895 3.224008 3.293560 3.360757 3.421863 3.475191 3.519956 3.555869 3.582908 3.601176 3.610904 3.612459 3.606407 3.593941 3.578718 3.578718 3.601189 3.655260 3.757968 3.767661 3.767661 3.696211 3.696211 3.620286 3.620286 3.609767 3.629917 3.629917 3.667707 3.667707 3.680334 3.680334 3.680334 3.654574 3.654574 3.628073 3.628073 3.618833 3.618833 3.628088 3.628088 3.647595 3.647595
2.956399 2.956399 2.959499 2.996078 3.016718 3.016718 3.033353 3.058702 3.058702 3.078447 3.078447 3.095464 3.103308 3.110816 3.119214 3.119214 3.240532 3.317860 3.391876 3.458912 3.517478 3.566974 3.607226 3.638262 3.660207 3.673255 3.677692 3.673953 3.662884 3.646715 3.646715 3.650071 3.674961 3.691277 3.642757 3.642757 3.520957 3.520957 3.498070 3.498070 3.519110 3.581755 3.581755 3.644367 3.644367 3.693385 3.693385 3.693385 3.688304 3.688304 3.668810 3.668810 3.654178 3.654178 3.652537 3.652537 3.661207 3.661207
2.956707 2.956707 2.958237 2.996168 3.016865 3.016865 3.033436 3.058700 3.058700 3.078438 3.078438 3.095460 3.103305 3.110814 3.119653 3.119653 3.266474 3.352053 3.432044 3.503556 3.565657 3.618142 3.661101 3.694718 3.719194 3.734725 3.741525 3.739886 3.730245 3.713193 3.713193 3.701135 3.691821 3.568218 3.455249 3.455249 3.351591 3.351591 3.404654 3.404654 3.449732 3.539752 3.539752 3.618709 3.618709 3.694687 3.694687 3.694687 3.708850 3.708850 3.700477 3.700477 3.685438 3.685438 3.675340 3.675340 3.672933 3.672933
2.960167 2.960167 2.953591 2.996162 3.017053 3.017053 3.033431 3.058463 3.058463 3.078228 3.078228 3.095324 3.103202 3.110736 3.120206 3.120206 3.304037 3.398299 3.483236 3.557488 3.621101 3.674512 3.718223 3.752671 3.778196 3.795034 3.803364 3.803327 3.794807 3.775510 3.775510 3.744247 3.681009 3.365960 3.229990 3.229990 3.223836 3.223836 3.337352 3.337352 3.395627 3.501100 3.501100 3.590981 3.590981 3.686770 3.686770 3.686770 3.717187 3.717187 3.721313 3.721313 3.709937 3.709937 3.694628 3.694628 3.681999 3.681999
2.959613 2.959613 2.951176 2.996479 3.017802 3.017802 3.033890 3.058532 3.058532 3.078218 3.078218 3.095271 3.103124 3.110632 3.120920 3.120920 3.356523 3.459350 3.547570 3.622241 3.684845 3.736712 3.778881 3.812116 3.836930 3.853631 3.862381 3.863153 3.854615 3.826807 3.826807 3.754197 3.590885 3.110611 3.031435 3.031435 3.139439 3.139439 3.282307 3.282307 3.346671 3.461023 3.461023 3.558693 3.558693 3.669007 3.669007 3.669007 3.712277 3.712277 3.728188 3.728188 3.722781 3.722781 3.705420 3.705420 3.684345 3.684345
