cruce_test.gid/Rasters/Hydraulic/Velocity__y_25.0.asc
NCOLS        79
NROWS        79
XLLCENTER         -1.500000
YLLCENTER         -4.800000
CELLSIZE           0.100
NODATA_VALUE     -9999.0
[rows 0 to 25 of 79, columns 0 to 58 of 79]
-9999.000 -9999.000 -9999.000 -9999.000 -9999.000 -9999.000 -9999.000 -9999.000 -9999.000 -9999.000 -9999.000 -9999.000 -9999.000 -9999.000 -9999.000 -0.4070517 -0.4074730 -0.4080253 -0.4088925 -0.4099533 -0.4111512 -0.4124418 -0.4137835 -0.4151354 -0.4164589 -0.4177187 -0.4188864 -0.4199461 -0.4208303 -0.4167323 -0.4167323 -9999.000 -9999.000 -9999.000 -9999.000 -9999.000 -9999.000 -9999.000 -9999.000 -9999.000 -9999.000 -9999.000 -9999.000 -9999.000 -9999.000 -9999.000 -9999.000 -9999.000 -9999.000 -9999.000 -9999.000 -9999.000 -9999.000 -9999.000 -9999.000 -9999.000 -9999.000 -9999.000 -9999.000
-9999.000 -9999.000 -9999.000 -9999.000 -9999.000 -9999.000 -9999.000 -9999.000 -9999.000 -9999.000 -9999.000 -9999.000 -9999.000 -9999.000 -9999.000 -0.3968292 -0.3964395 -0.3972254 -0.3984785 -0.3999696 -0.4016165 -0.4033668 -0.4051763 -0.4070063 -0.4088230 -0.4106001 -0.4123247 -0.4140026 -0.4155140 -0.4080423 -0.4080423 -9999.000 -9999.000 -9999.000 -9999.000 -9999.000 -9999.000 -9999.000 -9999.000 -9999.000 -9999.000 -9999.000 -9999.000 -9999.000 -9999.000 -9999.000 -9999.000 -9999.000 -9999.000 -9999.000 -9999.000 -9999.000 -9999.000 -9999.000 -9999.000 -9999.000 -9999.000 -9999.000 -9999.000
-9999.000 -9999.000 -9999.000 -9999.000 -9999.000 -9999.000 -9999.000 -9999.000 -9999.000 -9999.000 -9999.000 -9999.000 -9999.000 -9999.000 -9999.000 -0.3841202 -0.3825102 -0.3837835 -0.3857772 -0.3881010 -0.3906280 -0.3932871 -0.3960248 -0.3987974 -0.4015677 -0.4043053 -0.4069869 -0.4095913 -0.4118199 -0.4001346 -0.4001346 -9999.000 -9999.000 -9999.000 -9999.000 -9999.000 -9999.000 -9999.000 -9999.000 -9999.000 -9999.000 -9999.000 -9999.000 -9999.000 -9999.000 -9999.000 -9999.000 -9999.000 -9999.000 -9999.000 -9999.000 -9999.000 -9999.000 -9999.000 -9999.000 -9999.000 -9999.000 -9999.000 -9999.000
-9999.000 -9999.000 -9999.000 -9999.000 -9999.000 -9999.000 -9999.000 -9999.000 -9999.000 -9999.000 -9999.000 -9999.000 -9999.000 -9999.000 -9999.000 -0.3705049 -0.3671916 -0.3691244 -0.3721204 -0.3755762 -0.3793060 -0.3832121 -0.3872246 -0.3912886 -0.3953556 -0.3993819 -0.4033227 -0.4071174 -0.4102546 -0.3942922 -0.3942922 -9999.000 -9999.000 -9999.000 -9999.000 -9999.000 -9999.000 -9999.000 -9999.000 -9999.000 -9999.000 -9999.000 -9999.000 -9999.000 -9999.000 -9999.000 -9999.000 -9999.000 -9999.000 -9999.000 -9999.000 -9999.000 -9999.000 -9999.000 -9999.000 -9999.000 -9999.000 -9999.000 -9999.000
-9999.000 -9999.000 -9999.000 -9999.000 -9999.000 -9999.000 -9999.000 -9999.000 -9999.000 -9999.000 -9999.000 -9999.000 -9999.000 -9999.000 -9999.000 -0.3559548 -0.3505051 -0.3532559 -0.3575021 -0.3623760 -0.3676181 -0.3730972 -0.3787219 -0.3844210 -0.3901310 -0.3957891 -0.4013227 -0.4066241 -0.4109265 -0.3907330 -0.3907330 -9999.000 -9999.000 -9999.000 -9999.000 -9999.000 -9999.000 -9999.000 -9999.000 -9999.000 -9999.000 -9999.000 -9999.000 -9999.000 -9999.000 -9999.000 -9999.000 -9999.000 -9999.000 -9999.000 -9999.000 -9999.000 -9999.000 -9999.000 -9999.000 -9999.000 -9999.000 -9999.000 -9999.000
-9999.000 -9999.000 -9999.000 -9999.000 -9999.000 -9999.000 -9999.000 -9999.000 -9999.000 -9999.000 -9999.000 -9999.000 -9999.000 -9999.000 -9999.000 -0.3403287 -0.3324238 -0.3361437 -0.3418786 -0.3484475 -0.3555052 -0.3628799 -0.3704564 -0.3781439 -0.3858614 -0.3935254 -0.4010323 -0.4082197 -0.4140198 -0.3897595 -0.3897595 -9999.000 -9999.000 -9999.000 -9999.000 -9999.000 -9999.000 -9999.000 -9999.000 -9999.000 -9999.000 -9999.000 -9999.000 -9999.000 -9999.000 -9999.000 -9999.000 -9999.000 -9999.000 -9999.000 -9999.000 -9999.000 -9999.000 -9999.000 -9999.000 -9999.000 -9999.000 -9999.000 -9999.000
-9999.000 -9999.000 -9999.000 -9999.000 -9999.000 -9999.000 -9999.000 -9999.000 -9999.000 -9999.000 -9999.000 -9999.000 -9999.000 -9999.000 -9999.000 -0.3233748 -0.3128878 -0.3177260 -0.3251776 -0.3337099 -0.3428817 -0.3524772 -0.3623536 -0.3724011 -0.3825216 -0.3926111 -0.4025358 -0.4120719 -0.4198045 -0.3917849 -0.3917849 -9999.000 -9999.000 -9999.000 -9999.000 -9999.000 -9999.000 -9999.000 -9999.000 -9999.000 -9999.000 -9999.000 -9999.000 -9999.000 -9999.000 -9999.000 -9999.000 -9999.000 -9999.000 -9999.000 -9999.000 -9999.000 -9999.000 -9999.000 -9999.000 -9999.000 -9999.000 -9999.000 -9999.000
-9999.000 -9999.000 -9999.000 -9999.000 -9999.000 -9999.000 -9999.000 -9999.000 -9999.000 -9999.000 -9999.000 -9999.000 -9999.000 -9999.000 -9999.000 -0.3047289 -0.2918153 -0.2979270 -0.3073081 -0.3180591 -0.3296371 -0.3417793 -0.3543159 -0.3671193 -0.3800782 -0.3930737 -0.4059454 -0.4184064 -0.4286522 -0.3973645 -0.3973645 -9999.000 -9999.000 -9999.000 -9999.000 -9999.000 -9999.000 -9999.000 -9999.000 -9999.000 -9999.000 -9999.000 -9999.000 -9999.000 -9999.000 -9999.000 -9999.000 -9999.000 -9999.000 -9999.000 -9999.000 -9999.000 -9999.000 -9999.000 -9999.000 -9999.000 -9999.000 -9999.000 -9999.000
-9999.000 -9999.000 -9999.000 -9999.000 -9999.000 -9999.000 -9999.000 -9999.000 -9999.000 -9999.000 -9999.000 -9999.000 -9999.000 -9999.000 -9999.000 -0.2839139 -0.2691075 -0.2766635 -0.2881672 -0.3013717 -0.3156347 -0.3306468 -0.3462133 -0.3621945 -0.3784750 -0.3949327 -0.4113930 -0.4275133 -0.4410637 -0.4072518 -0.4072518 -9999.000 -9999.000 -9999.000 -9999.000 -9999.000 -9999.000 -9999.000 -9999.000 -9999.000 -9999.000 -9999.000 -9999.000 -9999.000 -9999.000 -9999.000 -9999.000 -9999.000 -9999.000 -9999.000 -9999.000 -9999.000 -9999.000 -9999.000 -9999.000 -9999.000 -9999.000 -9999.000 -9999.000
-9999.000 -9999.000 -9999.000 -9999.000 -9999.000 -9999.000 -9999.000 -9999.000 -9999.000 -9999.000 -9999.000 -9999.000 -9999.000 -9999.000 -9999.000 -0.2603446 -0.2446464 -0.2538470 -0.2676415 -0.2835053 -0.3007092 -0.3189027 -0.3378721 -0.3574766 -0.3776134 -0.3981810 -0.4190190 -0.4397541 -0.4577173 -0.4225028 -0.4225028 -9999.000 -9999.000 -9999.000 -9999.000 -9999.000 -9999.000 -9999.000 -9999.000 -9999.000 -9999.000 -9999.000 -9999.000 -9999.000 -9999.000 -9999.000 -9999.000 -9999.000 -9999.000 -9999.000 -9999.000 -9999.000 -9999.000 -9999.000 -9999.000 -9999.000 -9999.000 -9999.000 -9999.000
-9999.000 -9999.000 -9999.000 -9999.000 -9999.000 -9999.000 -9999.000 -9999.000 -9999.000 -9999.000 -9999.000 -9999.000 -9999.000 -9999.000 -9999.000 -0.2333476 -0.2182863 -0.2293766 -0.2456028 -0.2642938 -0.2846607 -0.3063224 -0.3290584 -0.3527454 -0.3773230 -0.4027534 -0.4289489 -0.4555705 -0.4795470 -0.4446756 -0.4446756 -9999.000 -9999.000 -9999.000 -9999.000 -9999.000 -9999.000 -9999.000 -9999.000 -9999.000 -9999.000 -9999.000 -9999.000 -9999.000 -9999.000 -9999.000 -9999.000 -9999.000 -9999.000 -9999.000 -9999.000 -9999.000 -9999.000 -9999.000 -9999.000 -9999.000 -9999.000 -9999.000 -9999.000
-9999.000 -9999.000 -9999.000 -9999.000 -9999.000 -9999.000 -9999.000 -9999.000 -9999.000 -9999.000 -9999.000 -9999.000 -9999.000 -9999.000 -9999.000 -0.2022045 -0.1898411 -0.2031216 -0.2218935 -0.2435346 -0.2672399 -0.2926156 -0.3194526 -0.3476746 -0.3773120 -0.4084674 -0.4412398 -0.4754777 -0.5078699 -0.4762439 -0.4762439 -9999.000 -9999.000 -9999.000 -9999.000 -9999.000 -9999.000 -9999.000 -9999.000 -9999.000 -9999.000 -9999.000 -9999.000 -9999.000 -9999.000 -9999.000 -9999.000 -9999.000 -9999.000 -9999.000 -9999.000 -9999.000 -9999.000 -9999.000 -9999.000 -9999.000 -9999.000 -9999.000 -9999.000
-9999.000 -9999.000 -9999.000 -9999.000 -9999.000 -9999.000 -9999.000 -9999.000 -9999.000 -9999.000 -9999.000 -9999.000 -9999.000 -9999.000 -9999.000 -0.1662299 -0.1590759 -0.1748973 -0.1963018 -0.2209657 -0.2481248 -0.2773962 -0.3086074 -0.3417699 -0.3770784 -0.4149038 -0.4557489 -0.4999954 -0.5445913 -0.5215461 -0.5215461 -9999.000 -9999.000 -9999.000 -9999.000 -9999.000 -9999.000 -9999.000 -9999.000 -9999.000 -9999.000 -9999.000 -9999.000 -9999.000 -9999.000 -9999.000 -9999.000 -9999.000 -9999.000 -9999.000 -9999.000 -9999.000 -9999.000 -9999.000 -9999.000 -9999.000 -9999.000 -9999.000 -9999.000
-9999.000 -9999.000 -9999.000 -9999.000 -9999.000 -9999.000 -9999.000 -9999.000 -9999.000 -9999.000 -9999.000 -9999.000 -9999.000 -9999.000 -9999.000 -0.1248416 -0.1256916 -0.1444312 -0.1685322 -0.1962396 -0.2268923 -0.2601444 -0.2958871 -0.3342687 -0.3757452 -0.4211519 -0.4717854 -0.5293298 -0.5924600 -0.5893916 -0.5893916 -9999.000 -9999.000 -9999.000 -9999.000 -9999.000 -9999.000 -9999.000 -9999.000 -9999.000 -9999.000 -9999.000 -9999.000 -9999.000 -9999.000 -9999.000 -9999.000 -9999.000 -9999.000 -9999.000 -9999.000 -9999.000 -9999.000 -9999.000 -9999.000 -9999.000 -9999.000 -9999.000 -9999.000
-9999.000 -9999.000 -9999.000 -9999.000 -9999.000 -9999.000 -9999.000 -9999.000 -9999.000 -9999.000 -9999.000 -9999.000 -9999.000 -9999.000 -9999.000 -0.7506536E-01 -0.8888418E-01 -0.1114888 -0.1385947 -0.1693913 -0.2034576 -0.2405576 -0.2806973 -0.3242199 -0.3719472 -0.4254261 -0.4873703 -0.5623765 -0.6551788 -0.7019156 -0.7019156 -9999.000 -9999.000 -9999.000 -9999.000 -9999.000 -9999.000 -9999.000 -9999.000 -9999.000 -9999.000 -9999.000 -9999.000 -9999.000 -9999.000 -9999.000 -9999.000 -9999.000 -9999.000 -9999.000 -9999.000 -9999.000 -9999.000 -9999.000 -9999.000 -9999.000 -9999.000 -9999.000 -9999.000
-0.3457993E-02 -0.3457993E-02 -0.3632254E-02 -0.3801367E-02 -0.3982118E-02 -0.3982118E-02 -0.4280950E-02 -0.5364744E-02 -0.5364744E-02 -0.7573691E-02 -0.7573691E-02 -0.1246155E-01 -0.1708098E-01 -0.2434294E-01 -0.3564008E-01 -0.3564008E-01 -0.8768620E-01 -0.1111464 -0.1367434 -0.1653683 -0.1974948 -0.2334538 -0.2735825 -0.3183997 -0.3688672 -0.4268239 -0.4958199 -0.5829903 -0.7023589 -0.8967996 -0.8967996 -0.8127549 -0.7440500 -0.4797671 -0.3046207 -0.3046207 -0.5262751E-01 -0.5262751E-01 -0.5713978E-01 -0.5713978E-01 -0.2036078E-01 0.2953019E-01 0.2953019E-01 0.4174685E-01 0.4174685E-01 0.3363699E-01 0.3363699E-01 0.3363699E-01 0.2690595E-01 0.2690595E-01 0.2147979E-01 0.2147979E-01 0.1689336E-01 0.1689336E-01 0.1546221E-01 0.1546221E-01 0.1127936E-01 0.1127936E-01 0.1127936E-01
-0.5942933E-02 -0.5942933E-02 -0.5964217E-02 -0.6363811E-02 -0.6905821E-02 -0.6905821E-02 -0.7756240E-02 -0.1066755E-01 -0.1066755E-01 -0.1617127E-01 -0.1617127E-01 -0.2695248E-01 -0.3605736E-01 -0.4922429E-01 -0.6808338E-01 -0.6808338E-01 -0.1264675 -0.1502755 -0.1736395 -0.1979528 -0.2244578 -0.2543151 -0.2885801 -0.3282284 -0.3742843 -0.4280705 -0.4915866 -0.5679839 -0.6604590 -0.7660472 -0.7660472 -0.6032023 -0.4714914 -0.2533216 -0.1618923 -0.1618923 -0.1736081E-01 -0.1736081E-01 -0.6747771E-01 -0.6747771E-01 -0.2956829E-01 0.4946637E-01 0.4946637E-01 0.7656498E-01 0.7656498E-01 0.6491142E-01 0.6491142E-01 0.6491142E-01 0.5221527E-01 0.5221527E-01 0.4164750E-01 0.4164750E-01 0.3272732E-01 0.3272732E-01 0.2509944E-01 0.2509944E-01 0.2117193E-01 0.2117193E-01 0.2117193E-01
-0.6363458E-02 -0.6363458E-02 -0.6541689E-02 -0.7445483E-02 -0.8469978E-02 -0.8469978E-02 -0.1001660E-01 -0.1513064E-01 -0.1513064E-01 -0.2428439E-01 -0.2428439E-01 -0.4052509E-01 -0.5288788E-01 -0.6926580E-01 -0.9066848E-01 -0.9066848E-01 -0.1500519 -0.1778788 -0.2046570 -0.2308886 -0.2573532 -0.2851165 -0.3154493 -0.3497083 -0.3892376 -0.4353359 -0.4892733 -0.5522116 -0.6235027 -0.6913714 -0.6913714 -0.5872956 -0.4866901 -0.3029106 -0.2178760 -0.2178760 -0.5184437E-01 -0.5184437E-01 -0.7655886E-02 -0.7655886E-02 0.1921367E-01 0.8269344E-01 0.8269344E-01 0.1063160 0.1063160 0.8856528E-01 0.8856528E-01 0.8856528E-01 0.7110760E-01 0.7110760E-01 0.5625274E-01 0.5625274E-01 0.4374519E-01 0.4374519E-01 0.3005225E-01 0.3005225E-01 0.2612041E-01 0.2612041E-01 0.2612041E-01
-0.6720524E-02 -0.6720524E-02 -0.6963791E-02 -0.8229638E-02 -0.9631431E-02 -0.9631431E-02 -0.1172420E-01 -0.1852065E-01 -0.1852065E-01 -0.3028112E-01 -0.3028112E-01 -0.5008626E-01 -0.6442539E-01 -0.8264187E-01 -0.1053968 -0.1053968 -0.1655586 -0.1965360 -0.2270014 -0.2566842 -0.2856903 -0.3145259 -0.3440671 -0.3754665 -0.4100073 -0.4489287 -0.4932127 -0.5432047 -0.5969689 -0.6424619 -0.6424619 -0.5733878 -0.4957426 -0.3344967 -0.2501252 -0.2501252 -0.6778267E-01 -0.6778267E-01 0.5056109E-01 0.5056109E-01 0.7928335E-01 0.1199871 0.1199871 0.1338020 0.1338020 0.1085486 0.1085486 0.1085486 0.8588964E-01 0.8588964E-01 0.6642397E-01 0.6642397E-01 0.5025512E-01 0.5025512E-01 0.3434687E-01 0.3434687E-01 0.2660152E-01 0.2660152E-01 0.2660152E-01
-0.6952623E-02 -0.6952623E-02 -0.7210315E-02 -0.8719793E-02 -0.1040100E-01 -0.1040100E-01 -0.1290024E-01 -0.2092082E-01 -0.2092082E-01 -0.3448322E-01 -0.3448322E-01 -0.5661780E-01 -0.7222049E-01 -0.9163881E-01 -0.1153846 -0.1153846 -0.1768557 -0.2102488 -0.2437978 -0.2767799 -0.3088204 -0.3399169 -0.3704414 -0.4010955 -0.4328001 -0.4665121 -0.5029467 -0.5420941 -0.5817989 -0.6119792 -0.6119792 -0.5633050 -0.5010664 -0.3501125 -0.2607853 -0.2607853 -0.6652698E-01 -0.6652698E-01 0.7592780E-01 0.7592780E-01 0.1117995 0.1462968 0.1462968 0.1551237 0.1551237 0.1273156 0.1273156 0.1273156 0.1000781 0.1000781 0.7566888E-01 0.7566888E-01 0.5533257E-01 0.5533257E-01 0.3688912E-01 0.3688912E-01 0.2544013E-01 0.2544013E-01 0.2544013E-01
-0.6986694E-02 -0.6986694E-02 -0.7228237E-02 -0.8871680E-02 -0.1073337E-01 -0.1073337E-01 -0.1349899E-01 -0.2231173E-01 -0.2231173E-01 -0.3699898E-01 -0.3699898E-01 -0.6056434E-01 -0.7698322E-01 -0.9727937E-01 -0.1219713 -0.1219713 -0.1858222 -0.2214855 -0.2577490 -0.2936460 -0.3285316 -0.3620727 -0.3942468 -0.4253189 -0.4557706 -0.4861524 -0.5168298 -0.5475262 -0.5761733 -0.5948210 -0.5948210 -0.5563357 -0.5009099 -0.3450103 -0.2481804 -0.2481804 -0.5533830E-01 -0.5533830E-01 0.8002383E-01 0.8002383E-01 0.1182329 0.1561091 0.1561091 0.1666735 0.1666735 0.1423670 0.1423670 0.1423670 0.1131860 0.1131860 0.8472417E-01 0.8472417E-01 0.6017646E-01 0.6017646E-01 0.3880234E-01 0.3880234E-01 0.2386431E-01 0.2386431E-01 0.2386431E-01
-0.6766414E-02 -0.6766414E-02 -0.6974820E-02 -0.8657342E-02 -0.1060389E-01 -0.1060389E-01 -0.1349937E-01 -0.2269327E-01 -0.2269327E-01 -0.3789726E-01 -0.3789726E-01 -0.6214023E-01 -0.7902861E-01 -0.9999192E-01 -0.1257148 -0.1257148 -0.1934916 -0.2317940 -0.2708199 -0.3094561 -0.3469343 -0.3827604 -0.4166760 -0.4486265 -0.4787038 -0.5070315 -0.5335558 -0.5576649 -0.5773057 -0.5860909 -0.5860909 -0.5496994 -0.4912539 -0.3185609 -0.2185619 -0.2185619 -0.4342304E-01 -0.4342304E-01 0.7345127E-01 0.7345127E-01 0.1099950 0.1515969 0.1515969 0.1670945 0.1670945 0.1508794 0.1508794 0.1508794 0.1232527 0.1232527 0.9290596E-01 0.9290596E-01 0.6495888E-01 0.6495888E-01 0.4061586E-01 0.4061586E-01 0.2243728E-01 0.2243728E-01 0.2243728E-01
-0.6251949E-02 -0.6251949E-02 -0.6421178E-02 -0.8066207E-02 -0.1000911E-01 -0.1000911E-01 -0.1290555E-01 -0.2209176E-01 -0.2209176E-01 -0.3724271E-01 -0.3724271E-01 -0.6145154E-01 -0.7847008E-01 -0.9988606E-01 -0.1267504 -0.1267504 -0.2005932 -0.2423228 -0.2845393 -0.3260258 -0.3659893 -0.4039071 -0.4394309 -0.4723184 -0.5023600 -0.5292654 -0.5524833 -0.5708988 -0.5821829 -0.5807738 -0.5807738 -0.5385237 -0.4663133 -0.2778970 -0.1836263 -0.1836263 -0.3536747E-01 -0.3536747E-01 0.6227569E-01 0.6227569E-01 0.9546204E-01 0.1379663 0.1379663 0.1578529 0.1578529 0.1511763 0.1511763 0.1511763 0.1280608 0.1280608 0.9869359E-01 0.9869359E-01 0.6910871E-01 0.6910871E-01 0.4242692E-01 0.4242692E-01 0.2146741E-01 0.2146741E-01 0.2146741E-01
-0.5419601E-02 -0.5419601E-02 -0.5553414E-02 -0.7103811E-02 -0.8964280E-02 -0.8964280E-02 -0.1174282E-01 -0.2055700E-01 -0.2055700E-01 -0.3510891E-01 -0.3510891E-01 -0.5855503E-01 -0.7531012E-01 -0.9686772E-01 -0.1249071 -0.1249071 -0.2078555 -0.2541794 -0.3003233 -0.3450146 -0.3875228 -0.4274050 -0.4643446 -0.4980252 -0.5280064 -0.5535610 -0.5734783 -0.5858192 -0.5874907 -0.5729342 -0.5729342 -0.5157385 -0.4253609 -0.2347449 -0.1523429 -0.1523429 -0.3048806E-01 -0.3048806E-01 0.5017940E-01 0.5017940E-01 0.7929446E-01 0.1197815 0.1197815 0.1418372 0.1418372 0.1433506 0.1433506 0.1433506 0.1261726 0.1261726 0.1003565 0.1003565 0.7147634E-01 0.7147634E-01 0.4384143E-01 0.4384143E-01 0.2098644E-01 0.2098644E-01 0.2098644E-01
-0.4261221E-02 -0.4261221E-02 -0.4372631E-02 -0.5790257E-02 -0.7499716E-02 -0.7499716E-02 -0.1005361E-01 -0.1816006E-01 -0.1816006E-01 -0.3158875E-01 -0.3158875E-01 -0.5350215E-01 -0.6950603E-01 -0.9070989E-01 -0.1197280 -0.1197280 -0.2162561 -0.2687258 -0.3197775 -0.3681883 -0.4134046 -0.4551732 -0.4933180 -0.5275372 -0.5571792 -0.5809444 -0.5966071 -0.6008611 -0.5892689 -0.5553566 -0.5553566 -0.4754782 -0.3747629 -0.1968584 -0.1291680 -0.1291680 -0.2638217E-01 -0.2638217E-01 0.3910946E-01 0.3910946E-01 0.6374132E-01 0.1000108 0.1000108 0.1218884 0.1218884 0.1288611 0.1288611 0.1288611 0.1174596 0.1174596 0.9669196E-01 0.9669196E-01 0.7075505E-01 0.7075505E-01 0.4406913E-01 0.4406913E-01 0.2071606E-01 0.2071606E-01 0.2071606E-01
-0.2782657E-02 -0.2782657E-02 -0.2894906E-02 -0.4158169E-02 -0.5658670E-02 -0.5658670E-02 -0.7894257E-02 -0.1499077E-01 -0.1499077E-01 -0.2680341E-01 -0.2680341E-01 -0.4638131E-01 -0.6104190E-01 -0.8114418E-01 -0.1104845 -0.1104845 -0.2273328 -0.2879129 -0.3450325 -0.3977359 -0.4458203 -0.4893579 -0.5284338 -0.5628307 -0.5916236 -0.6125895 -0.6218133 -0.6140204 -0.5837027 -0.5250011 -0.5250011 -0.4231154 -0.3192788 -0.1635002 -0.1099343 -0.1099343 -0.2205885E-01 -0.2205885E-01 0.2954175E-01 0.2954175E-01 0.4947528E-01 0.8010360E-01 0.8010360E-01 0.9994210E-01 0.9994210E-01 0.1095153 0.1095153 0.1095153 0.1027778 0.1027778 0.8736879E-01 0.8736879E-01 0.6594656E-01 0.6594656E-01 0.4218052E-01 0.4218052E-01 0.2012146E-01 0.2012146E-01 0.2012146E-01
