cruce_test.gid/Rasters/Hydraulic/Velocity__x_131.0.asc
NCOLS        79
NROWS        79
XLLCENTER         -1.500000
YLLCENTER         -4.800000
CELLSIZE           0.100
NODATA_VALUE     -9999.0
[rows 0 to 25 of 79, columns 0 to 57 of 79]
-9999.000 -9999.000 -9999.000 -9999.000 -9999.000 -9999.000 -9999.000 -9999.000 -9999.000 -9999.000 -9999.000 -9999.000 -9999.000 -9999.000 -9999.000 0.1637105E-03 0.1221664E-02 0.3205909E-02 0.5160509E-02 0.6920930E-02 0.8399512E-02 0.9558149E-02 0.1039804E-01 0.1094663E-01 0.1125022E-01 0.1132940E-01 0.1107335E-01 0.1006044E-01 0.7227791E-02 0.3407861E-02 0.3407861E-02 -9999.000 -9999.000 -9999.000 -9999.000 -9999.000 -9999.000 -9999.000 -9999.000 -9999.000 -9999.000 -9999.000 -9999.000 -9999.000 -9999.000 -9999.000 -9999.000 -9999.000 -9999.000 -9999.000 -9999.000 -9999.000 -9999.000 -9999.000 -9999.000 -9999.000 -9999.000 -9999.000
-9999.000 -9999.000 -9999.000 -9999.000 -9999.000 -9999.000 -9999.000 -9999.000 -9999.000 -9999.000 -9999.000 -9999.000 -9999.000 -9999.000 -9999.000 0.9837871E-03 0.2934693E-02 0.5861628E-02 0.8731808E-02 0.1133603E-01 0.1354045E-01 0.1526454E-01 0.1647162E-01 0.1715542E-01 0.1732907E-01 0.1698108E-01 0.1597837E-01 0.1391128E-01 0.9825337E-02 0.4721251E-02 0.4721251E-02 -9999.000 -9999.000 -9999.000 -9999.000 -9999.000 -9999.000 -9999.000 -9999.000 -9999.000 -9999.000 -9999.000 -9999.000 -9999.000 -9999.000 -9999.000 -9999.000 -9999.000 -9999.000 -9999.000 -9999.000 -9999.000 -9999.000 -9999.000 -9999.000 -9999.000 -9999.000 -9999.000
-9999.000 -9999.000 -9999.000 -9999.000 -9999.000 -9999.000 -9999.000 -9999.000 -9999.000 -9999.000 -9999.000 -9999.000 -9999.000 -9999.000 -9999.000 0.1529365E-02 0.4109761E-02 0.7740304E-02 0.1126353E-01 0.1444369E-01 0.1712237E-01 0.1919763E-01 0.2061558E-01 0.2135763E-01 0.2143019E-01 0.2082011E-01 0.1939343E-01 0.1673152E-01 0.1184147E-01 0.5758395E-02 0.5758395E-02 -9999.000 -9999.000 -9999.000 -9999.000 -9999.000 -9999.000 -9999.000 -9999.000 -9999.000 -9999.000 -9999.000 -9999.000 -9999.000 -9999.000 -9999.000 -9999.000 -9999.000 -9999.000 -9999.000 -9999.000 -9999.000 -9999.000 -9999.000 -9999.000 -9999.000 -9999.000 -9999.000
-9999.000 -9999.000 -9999.000 -9999.000 -9999.000 -9999.000 -9999.000 -9999.000 -9999.000 -9999.000 -9999.000 -9999.000 -9999.000 -9999.000 -9999.000 0.1931821E-02 0.4978711E-02 0.9132563E-02 0.1314266E-01 0.1675247E-01 0.1978596E-01 0.2212725E-01 0.2371301E-01 0.2451924E-01 0.2455086E-01 0.2379511E-01 0.2211328E-01 0.1906456E-01 0.1358718E-01 0.6683598E-02 0.6683598E-02 -9999.000 -9999.000 -9999.000 -9999.000 -9999.000 -9999.000 -9999.000 -9999.000 -9999.000 -9999.000 -9999.000 -9999.000 -9999.000 -9999.000 -9999.000 -9999.000 -9999.000 -9999.000 -9999.000 -9999.000 -9999.000 -9999.000 -9999.000 -9999.000 -9999.000 -9999.000 -9999.000
-9999.000 -9999.000 -9999.000 -9999.000 -9999.000 -9999.000 -9999.000 -9999.000 -9999.000 -9999.000 -9999.000 -9999.000 -9999.000 -9999.000 -9999.000 0.2259479E-02 0.5683866E-02 0.1025942E-01 0.1466497E-01 0.1862853E-01 0.2196034E-01 0.2453440E-01 0.2628080E-01 0.2717222E-01 0.2721328E-01 0.2639075E-01 0.2455705E-01 0.2123853E-01 0.1528376E-01 0.7607300E-02 0.7607300E-02 -9999.000 -9999.000 -9999.000 -9999.000 -9999.000 -9999.000 -9999.000 -9999.000 -9999.000 -9999.000 -9999.000 -9999.000 -9999.000 -9999.000 -9999.000 -9999.000 -9999.000 -9999.000 -9999.000 -9999.000 -9999.000 -9999.000 -9999.000 -9999.000 -9999.000 -9999.000 -9999.000
-9999.000 -9999.000 -9999.000 -9999.000 -9999.000 -9999.000 -9999.000 -9999.000 -9999.000 -9999.000 -9999.000 -9999.000 -9999.000 -9999.000 -9999.000 0.2557132E-02 0.6319543E-02 0.1126822E-01 0.1602626E-01 0.2031010E-01 0.2391852E-01 0.2671740E-01 0.2863240E-01 0.2963379E-01 0.2972593E-01 0.2889423E-01 0.2697791E-01 0.2346171E-01 0.1708144E-01 0.8608545E-02 0.8608545E-02 -9999.000 -9999.000 -9999.000 -9999.000 -9999.000 -9999.000 -9999.000 -9999.000 -9999.000 -9999.000 -9999.000 -9999.000 -9999.000 -9999.000 -9999.000 -9999.000 -9999.000 -9999.000 -9999.000 -9999.000 -9999.000 -9999.000 -9999.000 -9999.000 -9999.000 -9999.000 -9999.000
-9999.000 -9999.000 -9999.000 -9999.000 -9999.000 -9999.000 -9999.000 -9999.000 -9999.000 -9999.000 -9999.000 -9999.000 -9999.000 -9999.000 -9999.000 0.2854027E-02 0.6947062E-02 0.1225408E-01 0.1735223E-01 0.2194874E-01 0.2583309E-01 0.2886478E-01 0.3096558E-01 0.3210439E-01 0.3228613E-01 0.3149358E-01 0.2954923E-01 0.2588606E-01 0.1910130E-01 0.9755119E-02 0.9755119E-02 -9999.000 -9999.000 -9999.000 -9999.000 -9999.000 -9999.000 -9999.000 -9999.000 -9999.000 -9999.000 -9999.000 -9999.000 -9999.000 -9999.000 -9999.000 -9999.000 -9999.000 -9999.000 -9999.000 -9999.000 -9999.000 -9999.000 -9999.000 -9999.000 -9999.000 -9999.000 -9999.000
-9999.000 -9999.000 -9999.000 -9999.000 -9999.000 -9999.000 -9999.000 -9999.000 -9999.000 -9999.000 -9999.000 -9999.000 -9999.000 -9999.000 -9999.000 0.3169861E-02 0.7607841E-02 0.1328139E-01 0.1872786E-01 0.2364767E-01 0.2782197E-01 0.3110518E-01 0.3341696E-01 0.3472608E-01 0.3503807E-01 0.3433302E-01 0.3241252E-01 0.2864621E-01 0.2146204E-01 0.1111859E-01 0.1111859E-01 -9999.000 -9999.000 -9999.000 -9999.000 -9999.000 -9999.000 -9999.000 -9999.000 -9999.000 -9999.000 -9999.000 -9999.000 -9999.000 -9999.000 -9999.000 -9999.000 -9999.000 -9999.000 -9999.000 -9999.000 -9999.000 -9999.000 -9999.000 -9999.000 -9999.000 -9999.000 -9999.000
-9999.000 -9999.000 -9999.000 -9999.000 -9999.000 -9999.000 -9999.000 -9999.000 -9999.000 -9999.000 -9999.000 -9999.000 -9999.000 -9999.000 -9999.000 0.3520022E-02 0.8333878E-02 0.1439998E-01 0.2021901E-01 0.2548705E-01 0.2997819E-01 0.3354281E-01 0.3610010E-01 0.3762014E-01 0.3811070E-01 0.3754867E-01 0.3571046E-01 0.3188889E-01 0.2430498E-01 0.1278784E-01 0.1278784E-01 -9999.000 -9999.000 -9999.000 -9999.000 -9999.000 -9999.000 -9999.000 -9999.000 -9999.000 -9999.000 -9999.000 -9999.000 -9999.000 -9999.000 -9999.000 -9999.000 -9999.000 -9999.000 -9999.000 -9999.000 -9999.000 -9999.000 -9999.000 -9999.000 -9999.000 -9999.000 -9999.000
-9999.000 -9999.000 -9999.000 -9999.000 -9999.000 -9999.000 -9999.000 -9999.000 -9999.000 -9999.000 -9999.000 -9999.000 -9999.000 -9999.000 -9999.000 0.3918307E-02 0.9154770E-02 0.1565585E-01 0.2188771E-01 0.2754387E-01 0.3239221E-01 0.3628121E-01 0.3913121E-01 0.4091574E-01 0.4164651E-01 0.4129760E-01 0.3961594E-01 0.3580139E-01 0.2782062E-01 0.1488594E-01 0.1488594E-01 -9999.000 -9999.000 -9999.000 -9999.000 -9999.000 -9999.000 -9999.000 -9999.000 -9999.000 -9999.000 -9999.000 -9999.000 -9999.000 -9999.000 -9999.000 -9999.000 -9999.000 -9999.000 -9999.000 -9999.000 -9999.000 -9999.000 -9999.000 -9999.000 -9999.000 -9999.000 -9999.000
-9999.000 -9999.000 -9999.000 -9999.000 -9999.000 -9999.000 -9999.000 -9999.000 -9999.000 -9999.000 -9999.000 -9999.000 -9999.000 -9999.000 -9999.000 0.4379773E-02 0.1010249E-01 0.1710076E-01 0.2380434E-01 0.2990695E-01 0.3517157E-01 0.3944593E-01 0.4265444E-01 0.4477667E-01 0.4583121E-01 0.4579121E-01 0.4436855E-01 0.4065002E-01 0.3228879E-01 0.1759729E-01 0.1759729E-01 -9999.000 -9999.000 -9999.000 -9999.000 -9999.000 -9999.000 -9999.000 -9999.000 -9999.000 -9999.000 -9999.000 -9999.000 -9999.000 -9999.000 -9999.000 -9999.000 -9999.000 -9999.000 -9999.000 -9999.000 -9999.000 -9999.000 -9999.000 -9999.000 -9999.000 -9999.000 -9999.000
-9999.000 -9999.000 -9999.000 -9999.000 -9999.000 -9999.000 -9999.000 -9999.000 -9999.000 -9999.000 -9999.000 -9999.000 -9999.000 -9999.000 -9999.000 0.4924236E-02 0.1121932E-01 0.1880228E-01 0.2606252E-01 0.3269587E-01 0.3846196E-01 0.4321017E-01 0.4687225E-01 0.4943786E-01 0.5093627E-01 0.5134261E-01 0.5032802E-01 0.4684144E-01 0.3814597E-01 0.2121129E-01 0.2121129E-01 -9999.000 -9999.000 -9999.000 -9999.000 -9999.000 -9999.000 -9999.000 -9999.000 -9999.000 -9999.000 -9999.000 -9999.000 -9999.000 -9999.000 -9999.000 -9999.000 -9999.000 -9999.000 -9999.000 -9999.000 -9999.000 -9999.000 -9999.000 -9999.000 -9999.000 -9999.000 -9999.000
-9999.000 -9999.000 -9999.000 -9999.000 -9999.000 -9999.000 -9999.000 -9999.000 -9999.000 -9999.000 -9999.000 -9999.000 -9999.000 -9999.000 -9999.000 0.5580209E-02 0.1256722E-01 0.2086127E-01 0.2880214E-01 0.3609017E-01 0.4248390E-01 0.4783799E-01 0.5209585E-01 0.5526320E-01 0.5738682E-01 0.5844740E-01 0.5806991E-01 0.5503442E-01 0.4611282E-01 0.2621028E-01 0.2621028E-01 -9999.000 -9999.000 -9999.000 -9999.000 -9999.000 -9999.000 -9999.000 -9999.000 -9999.000 -9999.000 -9999.000 -9999.000 -9999.000 -9999.000 -9999.000 -9999.000 -9999.000 -9999.000 -9999.000 -9999.000 -9999.000 -9999.000 -9999.000 -9999.000 -9999.000 -9999.000 -9999.000
-9999.000 -9999.000 -9999.000 -9999.000 -9999.000 -9999.000 -9999.000 -9999.000 -9999.000 -9999.000 -9999.000 -9999.000 -9999.000 -9999.000 -9999.000 0.6461306E-02 0.1436963E-01 0.2361030E-01 0.3244540E-01 0.4058443E-01 0.4779240E-01 0.5394010E-01 0.5899489E-01 0.6299095E-01 0.6600533E-01 0.6803434E-01 0.6865231E-01 0.6643204E-01 0.5751840E-01 0.3351484E-01 0.3351484E-01 -9999.000 -9999.000 -9999.000 -9999.000 -9999.000 -9999.000 -9999.000 -9999.000 -9999.000 -9999.000 -9999.000 -9999.000 -9999.000 -9999.000 -9999.000 -9999.000 -9999.000 -9999.000 -9999.000 -9999.000 -9999.000 -9999.000 -9999.000 -9999.000 -9999.000 -9999.000 -9999.000
-9999.000 -9999.000 -9999.000 -9999.000 -9999.000 -9999.000 -9999.000 -9999.000 -9999.000 -9999.000 -9999.000 -9999.000 -9999.000 -9999.000 -9999.000 0.2123982E-01 0.3547734E-01 0.4942032E-01 0.6025806E-01 0.6850508E-01 0.7459455E-01 0.7893611E-01 0.8190246E-01 0.8380283E-01 0.8488055E-01 0.8517599E-01 0.8418100E-01 0.8026723E-01 0.6903563E-01 0.3591756E-01 0.3591756E-01 -9999.000 -9999.000 -9999.000 -9999.000 -9999.000 -9999.000 -9999.000 -9999.000 -9999.000 -9999.000 -9999.000 -9999.000 -9999.000 -9999.000 -9999.000 -9999.000 -9999.000 -9999.000 -9999.000 -9999.000 -9999.000 -9999.000 -9999.000 -9999.000 -9999.000 -9999.000 -9999.000
2.293820 2.293820 2.337291 2.381065 2.388292 2.388292 2.393003 2.398086 2.398086 2.399586 2.399586 2.398738 2.397640 2.396170 2.394376 2.394376 2.238239 2.205611 2.165598 2.113739 2.047545 1.965959 1.869006 1.757709 1.634662 1.504158 1.373245 1.255176 1.176542 1.192117 1.192117 2.054070 2.202928 2.247772 2.249022 2.249022 2.230814 2.230814 2.145533 2.145533 2.062268 1.595610 1.595610 1.416341 1.416341 1.403143 1.403143 1.403143 1.450463 1.450463 1.502144 1.502144 1.550644 1.550644 1.591650 1.591650 1.622761 1.622761
2.308774 2.308774 2.367224 2.424469 2.441498 2.441498 2.455996 2.480539 2.480539 2.501335 2.501335 2.519630 2.528048 2.536057 2.543701 2.543701 2.462084 2.452712 2.448643 2.442361 2.429369 2.406660 2.371989 2.323684 2.258837 2.178790 2.088226 1.994156 1.914648 1.898542 1.898542 2.381777 2.536233 2.659208 2.685072 2.685072 2.697757 2.697757 2.656988 2.656988 2.610382 2.347014 2.347014 2.135167 2.135167 2.112142 2.112142 2.112142 2.157530 2.157530 2.206535 2.206535 2.253834 2.253834 2.296126 2.296126 2.331942 2.331942
2.312044 2.312044 2.371307 2.424723 2.441913 2.441913 2.456640 2.481680 2.481680 2.503015 2.503015 2.521920 2.530676 2.539043 2.547067 2.547067 2.487667 2.481850 2.487926 2.496940 2.503583 2.504903 2.498951 2.484149 2.458310 2.421034 2.373773 2.319862 2.269672 2.255145 2.255145 2.580087 2.723706 2.872265 2.908070 2.908070 2.927039 2.927039 2.884635 2.884635 2.842427 2.673756 2.673756 2.490658 2.490658 2.440763 2.440763 2.440763 2.475169 2.475169 2.516272 2.516272 2.556560 2.556560 2.593071 2.593071 2.623457 2.623457
2.314641 2.314641 2.374429 2.424649 2.441784 2.441784 2.456558 2.481685 2.481685 2.503047 2.503047 2.521959 2.530718 2.539090 2.547122 2.547122 2.504477 2.500383 2.510458 2.525740 2.540179 2.550636 2.555495 2.553782 2.544258 2.526631 2.501813 2.472081 2.444549 2.441684 2.441684 2.652159 2.786759 2.943679 2.982593 2.982593 2.996457 2.996457 2.945973 2.945973 2.908056 2.799865 2.799865 2.660072 2.660072 2.588201 2.588201 2.588201 2.612455 2.612455 2.648648 2.648648 2.685698 2.685698 2.719031 2.719031 2.746421 2.746421
2.316622 2.316622 2.376789 2.424612 2.441654 2.441654 2.456461 2.481673 2.481673 2.503056 2.503056 2.521961 2.530717 2.539087 2.547117 2.547117 2.521256 2.521466 2.535377 2.555166 2.574668 2.590457 2.600840 2.605028 2.602362 2.592876 2.577575 2.558625 2.541620 2.542989 2.542989 2.683858 2.802726 2.951019 2.983390 2.983390 2.978716 2.978716 2.926055 2.926055 2.899696 2.843816 2.843816 2.756887 2.756887 2.676076 2.676076 2.676076 2.687339 2.687339 2.716734 2.716734 2.749900 2.749900 2.780260 2.780260 2.805176 2.805176
2.318014 2.318014 2.378439 2.424601 2.441549 2.441549 2.456377 2.481661 2.481661 2.503063 2.503063 2.521964 2.530716 2.539085 2.547114 2.547114 2.538395 2.545603 2.564311 2.588216 2.611795 2.631659 2.646005 2.653979 2.655091 2.649442 2.638019 2.622934 2.608943 2.608517 2.608517 2.702020 2.799468 2.917426 2.931584 2.931584 2.903883 2.903883 2.868241 2.868241 2.860707 2.850916 2.850916 2.813062 2.813062 2.740810 2.740810 2.740810 2.739130 2.739130 2.759305 2.759305 2.786804 2.786804 2.813400 2.813400 2.835349 2.835349
2.318840 2.318840 2.379417 2.424602 2.441481 2.441481 2.456320 2.481653 2.481653 2.503069 2.503069 2.521965 2.530716 2.539083 2.547112 2.547112 2.556618 2.572981 2.597651 2.625670 2.652660 2.675700 2.693082 2.703906 2.707686 2.704429 2.694905 2.680958 2.666590 2.661251 2.661251 2.718541 2.787454 2.844763 2.832425 2.832425 2.798422 2.798422 2.801378 2.801378 2.814303 2.840886 2.840886 2.841538 2.841538 2.791878 2.791878 2.791878 2.781516 2.781516 2.791654 2.791654 2.811733 2.811733 2.833122 2.833122 2.851110 2.851110
2.319114 2.319114 2.379741 2.424604 2.441458 2.441458 2.456300 2.481650 2.481650 2.503071 2.503071 2.521967 2.530716 2.539083 2.547111 2.547111 2.577192 2.604265 2.635878 2.668120 2.697956 2.723277 2.742738 2.755542 2.761219 2.759659 2.751348 2.737706 2.721862 2.710335 2.710335 2.735967 2.763760 2.725888 2.694882 2.694882 2.690722 2.690722 2.740080 2.740080 2.769595 2.822012 2.822012 2.850453 2.850453 2.830134 2.830134 2.830134 2.817671 2.817671 2.819259 2.819259 2.830883 2.830883 2.845581 2.845581 2.858434 2.858434
2.318840 2.318840 2.379417 2.424602 2.441482 2.441482 2.456320 2.481653 2.481653 2.503069 2.503069 2.521966 2.530716 2.539083 2.547112 2.547112 2.601913 2.640679 2.679762 2.716189 2.748276 2.774927 2.795387 2.809143 2.815838 2.815305 2.807775 2.794200 2.776668 2.757819 2.757819 2.748236 2.709476 2.564207 2.545247 2.545247 2.600437 2.600437 2.687218 2.687218 2.727900 2.797898 2.797898 2.845938 2.845938 2.855149 2.855149 2.855149 2.846729 2.846729 2.842981 2.842981 2.846314 2.846314 2.853245 2.853245 2.859864 2.859864
2.318015 2.318015 2.378440 2.424601 2.441549 2.441549 2.456377 2.481661 2.481661 2.503063 2.503063 2.521964 2.530716 2.539085 2.547114 2.547114 2.633203 2.684068 2.730476 2.770611 2.804127 2.831011 2.851248 2.864761 2.871410 2.871064 2.863783 2.850069 2.830566 2.800620 2.800620 2.734950 2.588129 2.392213 2.417387 2.417387 2.529774 2.529774 2.639884 2.639884 2.687607 2.769867 2.769867 2.831817 2.831817 2.866831 2.866831 2.866831 2.866389 2.866389 2.861002 2.861002 2.857374 2.857374 2.856183 2.856183 2.855815 2.855815
2.316622 2.316622 2.376789 2.424611 2.441654 2.441654 2.456461 2.481673 2.481673 2.503056 2.503056 2.521961 2.530717 2.539088 2.547118 2.547118 2.674378 2.736976 2.789624 2.832235 2.865869 2.891603 2.910207 2.922120 2.927503 2.926336 2.918599 2.904332 2.881336 2.826366 2.826366 2.647443 2.368987 2.257050 2.318951 2.318951 2.469147 2.469147 2.593083 2.593083 2.645423 2.736880 2.736880 2.808900 2.808900 2.864645 2.864645 2.864645 2.873614 2.873614 2.869588 2.869588 2.860988 2.860988 2.852153 2.852153 2.844629 2.844629
