cruce_test.gid/Rasters/Hydraulic/Velocity____208.0.asc
NCOLS        79
NROWS        79
XLLCENTER         -1.500000
YLLCENTER         -4.800000
CELLSIZE           0.100
NODATA_VALUE     -9999.0
[rows 0 to 26 of 79, columns 0 to 59 of 79]
-9999.000 -9999.000 -9999.000 -9999.000 -9999.000 -9999.000 -9999.000 -9999.000 -9999.000 -9999.000 -9999.000 -9999.000 -9999.000 -9999.000 -9999.000 0.8821999E-01 0.8479472E-01 0.8324303E-01 0.8270442E-01 0.8363158E-01 0.8514979E-01 0.8666005E-01 0.8793828E-01 0.8887729E-01 0.8942993E-01 0.8970963E-01 0.8980431E-01 0.8991468E-01 0.9062732E-01 0.9160305E-01 0.9160305E-01 -9999.000 -9999.000 -9999.000 -9999.000 -9999.000 -9999.000 -9999.000 -9999.000 -9999.000 -9999.000 -9999.000 -9999.000 -9999.000 -9999.000 -9999.000 -9999.000 -9999.000 -9999.000 -9999.000 -9999.000 -9999.000 -9999.000 -9999.000 -9999.000 -9999.000 -9999.000 -9999.000 -9999.000 -9999.000
-9999.000 -9999.000 -9999.000 -9999.000 -9999.000 -9999.000 -9999.000 -9999.000 -9999.000 -9999.000 -9999.000 -9999.000 -9999.000 -9999.000 -9999.000 0.8953256E-01 0.8231620E-01 0.7916027E-01 0.7811631E-01 0.7997611E-01 0.8296108E-01 0.8594987E-01 0.8855715E-01 0.9058753E-01 0.9192245E-01 0.9276129E-01 0.9326375E-01 0.9384809E-01 0.9579480E-01 0.9854019E-01 0.9854019E-01 -9999.000 -9999.000 -9999.000 -9999.000 -9999.000 -9999.000 -9999.000 -9999.000 -9999.000 -9999.000 -9999.000 -9999.000 -9999.000 -9999.000 -9999.000 -9999.000 -9999.000 -9999.000 -9999.000 -9999.000 -9999.000 -9999.000 -9999.000 -9999.000 -9999.000 -9999.000 -9999.000 -9999.000 -9999.000
-9999.000 -9999.000 -9999.000 -9999.000 -9999.000 -9999.000 -9999.000 -9999.000 -9999.000 -9999.000 -9999.000 -9999.000 -9999.000 -9999.000 -9999.000 0.9004892E-01 0.7867257E-01 0.7360916E-01 0.7190409E-01 0.7475611E-01 0.7935876E-01 0.8402324E-01 0.8821715E-01 0.9166908E-01 0.9418412E-01 0.9604453E-01 0.9745605E-01 0.9903526E-01 0.1027875 0.1081293 0.1081293 -9999.000 -9999.000 -9999.000 -9999.000 -9999.000 -9999.000 -9999.000 -9999.000 -9999.000 -9999.000 -9999.000 -9999.000 -9999.000 -9999.000 -9999.000 -9999.000 -9999.000 -9999.000 -9999.000 -9999.000 -9999.000 -9999.000 -9999.000 -9999.000 -9999.000 -9999.000 -9999.000 -9999.000 -9999.000
-9999.000 -9999.000 -9999.000 -9999.000 -9999.000 -9999.000 -9999.000 -9999.000 -9999.000 -9999.000 -9999.000 -9999.000 -9999.000 -9999.000 -9999.000 0.9011739E-01 0.7456206E-01 0.6756780E-01 0.6521049E-01 0.6907962E-01 0.7530423E-01 0.8164942E-01 0.8746641E-01 0.9241989E-01 0.9623532E-01 0.9927170E-01 0.1017630 0.1045124 0.1102662 0.1187129 0.1187129 -9999.000 -9999.000 -9999.000 -9999.000 -9999.000 -9999.000 -9999.000 -9999.000 -9999.000 -9999.000 -9999.000 -9999.000 -9999.000 -9999.000 -9999.000 -9999.000 -9999.000 -9999.000 -9999.000 -9999.000 -9999.000 -9999.000 -9999.000 -9999.000 -9999.000 -9999.000 -9999.000 -9999.000 -9999.000
-9999.000 -9999.000 -9999.000 -9999.000 -9999.000 -9999.000 -9999.000 -9999.000 -9999.000 -9999.000 -9999.000 -9999.000 -9999.000 -9999.000 -9999.000 0.8995353E-01 0.7015619E-01 0.6121309E-01 0.5824769E-01 0.6319170E-01 0.7105189E-01 0.7907757E-01 0.8653463E-01 0.9303254E-01 0.9821180E-01 0.1025068 0.1061687 0.1101881 0.1180890 0.1301552 0.1301552 -9999.000 -9999.000 -9999.000 -9999.000 -9999.000 -9999.000 -9999.000 -9999.000 -9999.000 -9999.000 -9999.000 -9999.000 -9999.000 -9999.000 -9999.000 -9999.000 -9999.000 -9999.000 -9999.000 -9999.000 -9999.000 -9999.000 -9999.000 -9999.000 -9999.000 -9999.000 -9999.000 -9999.000 -9999.000
-9999.000 -9999.000 -9999.000 -9999.000 -9999.000 -9999.000 -9999.000 -9999.000 -9999.000 -9999.000 -9999.000 -9999.000 -9999.000 -9999.000 -9999.000 0.8961838E-01 0.6551068E-01 0.5462185E-01 0.5114561E-01 0.5725206E-01 0.6675582E-01 0.7644773E-01 0.8554575E-01 0.9360919E-01 0.1001860 0.1057881 0.1106746 0.1160307 0.1262087 0.1424781 0.1424781 -9999.000 -9999.000 -9999.000 -9999.000 -9999.000 -9999.000 -9999.000 -9999.000 -9999.000 -9999.000 -9999.000 -9999.000 -9999.000 -9999.000 -9999.000 -9999.000 -9999.000 -9999.000 -9999.000 -9999.000 -9999.000 -9999.000 -9999.000 -9999.000 -9999.000 -9999.000 -9999.000 -9999.000 -9999.000
-9999.000 -9999.000 -9999.000 -9999.000 -9999.000 -9999.000 -9999.000 -9999.000 -9999.000 -9999.000 -9999.000 -9999.000 -9999.000 -9999.000 -9999.000 0.8910856E-01 0.6063173E-01 0.4782981E-01 0.4402041E-01 0.5139706E-01 0.6252395E-01 0.7384358E-01 0.8456667E-01 0.9420247E-01 0.1021942 0.1091357 0.1152832 0.1220286 0.1346183 0.1557912 0.1557912 -9999.000 -9999.000 -9999.000 -9999.000 -9999.000 -9999.000 -9999.000 -9999.000 -9999.000 -9999.000 -9999.000 -9999.000 -9999.000 -9999.000 -9999.000 -9999.000 -9999.000 -9999.000 -9999.000 -9999.000 -9999.000 -9999.000 -9999.000 -9999.000 -9999.000 -9999.000 -9999.000 -9999.000 -9999.000
-9999.000 -9999.000 -9999.000 -9999.000 -9999.000 -9999.000 -9999.000 -9999.000 -9999.000 -9999.000 -9999.000 -9999.000 -9999.000 -9999.000 -9999.000 0.8838892E-01 0.5550212E-01 0.4086838E-01 0.3704320E-01 0.4579276E-01 0.5845745E-01 0.7132773E-01 0.8364058E-01 0.9484326E-01 0.1042568 0.1125602 0.1199963 0.1281793 0.1433289 0.1702672 0.1702672 -9999.000 -9999.000 -9999.000 -9999.000 -9999.000 -9999.000 -9999.000 -9999.000 -9999.000 -9999.000 -9999.000 -9999.000 -9999.000 -9999.000 -9999.000 -9999.000 -9999.000 -9999.000 -9999.000 -9999.000 -9999.000 -9999.000 -9999.000 -9999.000 -9999.000 -9999.000 -9999.000 -9999.000 -9999.000
-9999.000 -9999.000 -9999.000 -9999.000 -9999.000 -9999.000 -9999.000 -9999.000 -9999.000 -9999.000 -9999.000 -9999.000 -9999.000 -9999.000 -9999.000 0.8740654E-01 0.5009455E-01 0.3379959E-01 0.3054392E-01 0.4068604E-01 0.5467617E-01 0.6896164E-01 0.8280387E-01 0.9555562E-01 0.1063876 0.1160691 0.1248151 0.1344831 0.1523601 0.1861421 0.1861421 -9999.000 -9999.000 -9999.000 -9999.000 -9999.000 -9999.000 -9999.000 -9999.000 -9999.000 -9999.000 -9999.000 -9999.000 -9999.000 -9999.000 -9999.000 -9999.000 -9999.000 -9999.000 -9999.000 -9999.000 -9999.000 -9999.000 -9999.000 -9999.000 -9999.000 -9999.000 -9999.000 -9999.000 -9999.000
-9999.000 -9999.000 -9999.000 -9999.000 -9999.000 -9999.000 -9999.000 -9999.000 -9999.000 -9999.000 -9999.000 -9999.000 -9999.000 -9999.000 -9999.000 0.8609466E-01 0.4437656E-01 0.2678283E-01 0.2521129E-01 0.3646098E-01 0.5133685E-01 0.6681805E-01 0.8209664E-01 0.9636422E-01 0.1086006 0.1196696 0.1297414 0.1409410 0.1617373 0.2037276 0.2037276 -9999.000 -9999.000 -9999.000 -9999.000 -9999.000 -9999.000 -9999.000 -9999.000 -9999.000 -9999.000 -9999.000 -9999.000 -9999.000 -9999.000 -9999.000 -9999.000 -9999.000 -9999.000 -9999.000 -9999.000 -9999.000 -9999.000 -9999.000 -9999.000 -9999.000 -9999.000 -9999.000 -9999.000 -9999.000
-9999.000 -9999.000 -9999.000 -9999.000 -9999.000 -9999.000 -9999.000 -9999.000 -9999.000 -9999.000 -9999.000 -9999.000 -9999.000 -9999.000 -9999.000 0.8437110E-01 0.3831590E-01 0.2027132E-01 0.2233296E-01 0.3367320E-01 0.4864804E-01 0.6499054E-01 0.8157009E-01 0.9730071E-01 0.1109143 0.1233726 0.1347787 0.1475556 0.1714892 0.2234388 0.2234388 -9999.000 -9999.000 -9999.000 -9999.000 -9999.000 -9999.000 -9999.000 -9999.000 -9999.000 -9999.000 -9999.000 -9999.000 -9999.000 -9999.000 -9999.000 -9999.000 -9999.000 -9999.000 -9999.000 -9999.000 -9999.000 -9999.000 -9999.000 -9999.000 -9999.000 -9999.000 -9999.000 -9999.000 -9999.000
-9999.000 -9999.000 -9999.000 -9999.000 -9999.000 -9999.000 -9999.000 -9999.000 -9999.000 -9999.000 -9999.000 -9999.000 -9999.000 -9999.000 -9999.000 0.8213501E-01 0.3189088E-01 0.1560990E-01 0.2337149E-01 0.3298687E-01 0.4689096E-01 0.6361460E-01 0.8130219E-01 0.9841557E-01 0.1133605 0.1271981 0.1399363 0.1543329 0.1816499 0.2458373 0.2458373 -9999.000 -9999.000 -9999.000 -9999.000 -9999.000 -9999.000 -9999.000 -9999.000 -9999.000 -9999.000 -9999.000 -9999.000 -9999.000 -9999.000 -9999.000 -9999.000 -9999.000 -9999.000 -9999.000 -9999.000 -9999.000 -9999.000 -9999.000 -9999.000 -9999.000 -9999.000 -9999.000 -9999.000 -9999.000
-9999.000 -9999.000 -9999.000 -9999.000 -9999.000 -9999.000 -9999.000 -9999.000 -9999.000 -9999.000 -9999.000 -9999.000 -9999.000 -9999.000 -9999.000 0.7921736E-01 0.2512730E-01 0.1576243E-01 0.2865562E-01 0.3512319E-01 0.4659293E-01 0.6301572E-01 0.8150723E-01 0.9985729E-01 0.1160424 0.1312179 0.1452597 0.1613031 0.1922716 0.2717099 0.2717099 -9999.000 -9999.000 -9999.000 -9999.000 -9999.000 -9999.000 -9999.000 -9999.000 -9999.000 -9999.000 -9999.000 -9999.000 -9999.000 -9999.000 -9999.000 -9999.000 -9999.000 -9999.000 -9999.000 -9999.000 -9999.000 -9999.000 -9999.000 -9999.000 -9999.000 -9999.000 -9999.000 -9999.000 -9999.000
-9999.000 -9999.000 -9999.000 -9999.000 -9999.000 -9999.000 -9999.000 -9999.000 -9999.000 -9999.000 -9999.000 -9999.000 -9999.000 -9999.000 -9999.000 0.7406642E-01 0.1967946E-01 0.2773529E-01 0.4306079E-01 0.4644696E-01 0.5378172E-01 0.6775499E-01 0.8544202E-01 0.1039357 0.1206087 0.1365974 0.1515556 0.1690073 0.2037285 0.3024096 0.3024096 -9999.000 -9999.000 -9999.000 -9999.000 -9999.000 -9999.000 -9999.000 -9999.000 -9999.000 -9999.000 -9999.000 -9999.000 -9999.000 -9999.000 -9999.000 -9999.000 -9999.000 -9999.000 -9999.000 -9999.000 -9999.000 -9999.000 -9999.000 -9999.000 -9999.000 -9999.000 -9999.000 -9999.000 -9999.000
-9999.000 -9999.000 -9999.000 -9999.000 -9999.000 -9999.000 -9999.000 -9999.000 -9999.000 -9999.000 -9999.000 -9999.000 -9999.000 -9999.000 -9999.000 0.1155569 0.1785299 0.2116544 0.2043162 0.1719939 0.1495353 0.1349172 0.1293155 0.1317023 0.1384467 0.1488456 0.1609553 0.1777704 0.2155678 0.3372766 0.3372766 -9999.000 -9999.000 -9999.000 -9999.000 -9999.000 -9999.000 -9999.000 -9999.000 -9999.000 -9999.000 -9999.000 -9999.000 -9999.000 -9999.000 -9999.000 -9999.000 -9999.000 -9999.000 -9999.000 -9999.000 -9999.000 -9999.000 -9999.000 -9999.000 -9999.000 -9999.000 -9999.000 -9999.000 -9999.000
2.922863 2.922863 2.920108 2.935638 2.954212 2.954212 2.956652 2.956069 2.956069 2.952049 2.952049 2.945630 2.941758 2.937555 2.933386 2.933386 3.102692 3.107761 3.109039 3.108387 3.078756 3.024898 2.947468 2.845732 2.719398 2.573980 2.411165 2.239298 2.082362 2.015149 2.015149 2.832701 3.010011 3.119696 3.148541 3.148541 3.190418 3.190418 3.188152 3.188152 3.153025 2.995012 2.995012 2.699222 2.699222 2.256354 2.256354 2.256354 2.214823 2.214823 2.235591 2.235591 2.280840 2.280840 2.331395 2.331395 2.378523 2.378523 2.378523 2.417607
2.946567 2.946567 2.951873 2.991069 3.017082 3.017082 3.031686 3.054443 3.054443 3.073335 3.073335 3.089629 3.097047 3.104077 3.111072 3.111072 3.235563 3.256502 3.272880 3.287307 3.294547 3.295170 3.287777 3.269524 3.237192 3.189361 3.123799 3.040621 2.945455 2.862781 2.862781 3.287185 3.441767 3.596374 3.640002 3.640002 3.692983 3.692983 3.703202 3.703202 3.688098 3.600679 3.600679 3.426452 3.426452 3.102616 3.102616 3.102616 3.055121 3.055121 3.077547 3.077547 3.125274 3.125274 3.178279 3.178279 3.228173 3.228173 3.228173 3.271263
2.951752 2.951752 2.953837 2.993055 3.016858 3.016858 3.032108 3.055743 3.055743 3.075293 3.075293 3.092310 3.100128 3.107589 3.115072 3.115072 3.225026 3.259384 3.288333 3.313769 3.333874 3.349006 3.359325 3.364150 3.362085 3.352082 3.332297 3.301496 3.261532 3.226665 3.226665 3.459389 3.606350 3.781732 3.834883 3.834883 3.893659 3.893659 3.891626 3.891626 3.867294 3.775440 3.775440 3.643897 3.643897 3.391707 3.391707 3.391707 3.330994 3.330994 3.339316 3.339316 3.377621 3.377621 3.424274 3.424274 3.469625 3.469625 3.469625 3.509383
2.955104 2.955104 2.955446 2.993712 3.015990 3.015990 3.031634 3.055723 3.055723 3.075326 3.075326 3.092347 3.100169 3.107640 3.115205 3.115205 3.215511 3.260709 3.301206 3.337086 3.367146 3.391310 3.409908 3.423106 3.430754 3.432867 3.429011 3.418778 3.403334 3.391473 3.391473 3.532622 3.660804 3.839949 3.897271 3.897271 3.951281 3.951281 3.924288 3.924288 3.886755 3.795642 3.795642 3.707979 3.707979 3.527886 3.527886 3.527886 3.460378 3.460378 3.453302 3.453302 3.480915 3.480915 3.521501 3.521501 3.563225 3.563225 3.563225 3.600411
2.956583 2.956583 2.954037 2.993625 3.015140 3.015140 3.031197 3.055781 3.055781 3.075432 3.075432 3.092411 3.100210 3.107660 3.115320 3.115320 3.211065 3.265219 3.315957 3.361584 3.400879 3.433453 3.459425 3.479069 3.492602 3.500413 3.502807 3.500141 3.493735 3.489721 3.489721 3.577904 3.683129 3.850777 3.903056 3.903056 3.929233 3.929233 3.866702 3.866702 3.822249 3.754239 3.754239 3.715327 3.715327 3.607564 3.607564 3.607564 3.543158 3.543158 3.522204 3.522204 3.536697 3.536697 3.568958 3.568958 3.605608 3.605608 3.605608 3.639261
2.953657 2.953657 2.958266 2.993347 3.014513 3.014513 3.030884 3.055845 3.055845 3.075540 3.075540 3.092514 3.100313 3.107763 3.115592 3.115592 3.212880 3.275006 3.334711 3.389077 3.436683 3.476966 3.509873 3.535615 3.554467 3.566862 3.573294 3.574397 3.571495 3.569057 3.569057 3.622660 3.702919 3.841209 3.873775 3.873775 3.842572 3.842572 3.751262 3.751262 3.717170 3.694099 3.694099 3.700698 3.700698 3.657156 3.657156 3.657156 3.605699 3.605699 3.576494 3.576494 3.577562 3.577562 3.599206 3.599206 3.628595 3.628595 3.628595 3.656996
2.953483 2.953483 2.960162 2.993032 3.014021 3.014021 3.030580 3.055770 3.055770 3.075496 3.075496 3.092487 3.100302 3.107772 3.115861 3.115861 3.221624 3.291480 3.359182 3.421197 3.476016 3.523040 3.562151 3.593502 3.617352 3.634087 3.644185 3.648283 3.647506 3.644967 3.644967 3.675049 3.729707 3.813266 3.803667 3.803667 3.698061 3.698061 3.617095 3.617095 3.609860 3.637126 3.637126 3.678790 3.678790 3.686448 3.686448 3.686448 3.654398 3.654398 3.624625 3.624625 3.614969 3.614969 3.624887 3.624887 3.644907 3.644907 3.644907 3.666090
2.953430 2.953430 2.960778 2.992933 3.013866 3.013866 3.030491 3.055763 3.055763 3.075495 3.075495 3.092481 3.100294 3.107763 3.116187 3.116187 3.238297 3.316188 3.391159 3.459714 3.520504 3.573053 3.617308 3.653430 3.681677 3.702380 3.715953 3.722931 3.724144 3.721386 3.721386 3.734729 3.761984 3.748281 3.672129 3.672129 3.519225 3.519225 3.496049 3.496049 3.519784 3.587408 3.587408 3.653015 3.653015 3.699327 3.699327 3.699327 3.688984 3.688984 3.665776 3.665776 3.650172 3.650172 3.649069 3.649069 3.658368 3.658368 3.658368 3.670549
2.953483 2.953483 2.960162 2.993032 3.014021 3.014021 3.030580 3.055769 3.055769 3.075495 3.075495 3.092487 3.100302 3.107771 3.116660 3.116660 3.264520 3.351119 3.432792 3.506758 3.572139 3.628779 3.676818 3.716524 3.748198 3.772158 3.788757 3.798402 3.801556 3.798290 3.798290 3.796785 3.787516 3.612288 3.470436 3.470436 3.348646 3.348646 3.403309 3.403309 3.450113 3.543406 3.543406 3.624654 3.624654 3.699492 3.699492 3.699492 3.709774 3.709774 3.697853 3.697853 3.681389 3.681389 3.671556 3.671556 3.669778 3.669778 3.669778 3.671592
2.953657 2.953657 2.958267 2.993347 3.014511 3.014511 3.030884 3.055844 3.055844 3.075539 3.075539 3.092515 3.100313 3.107763 3.117270 3.117270 3.302554 3.398630 3.486423 3.564547 3.632961 3.692038 3.742247 3.784054 3.817865 3.844033 3.862877 3.874679 3.879304 3.873298 3.873298 3.849167 3.774148 3.387246 3.233263 3.233263 3.221220 3.221220 3.335935 3.335935 3.395198 3.502773 3.502773 3.594341 3.594341 3.689870 3.689870 3.689870 3.717701 3.717701 3.718881 3.718881 3.705874 3.705874 3.690491 3.690491 3.678350 3.678350 3.678350 3.669108
2.956583 2.956583 2.954037 2.993625 3.015139 3.015139 3.031197 3.055781 3.055781 3.075432 3.075432 3.092411 3.100210 3.107659 3.118049 3.118049 3.356077 3.462169 3.555161 3.635838 3.705391 3.764937 3.815406 3.857536 3.891889 3.918891 3.938864 3.951932 3.956431 3.938453 3.938453 3.858744 3.658935 3.114253 3.030008 3.030008 3.137198 3.137198 3.280565 3.280565 3.345456 3.461087 3.461087 3.559883 3.559883 3.670282 3.670282 3.670282 3.711954 3.711954 3.725674 3.725674 3.718708 3.718708 3.700949 3.700949 3.680107 3.680107 3.680107 3.660073
2.955104 2.955104 2.955446 2.993712 3.015990 3.015990 3.031634 3.055723 3.055723 3.075325 3.075325 3.092347 3.100170 3.107641 3.119266 3.119266 3.431113 3.546823 3.643189 3.724042 3.792218 3.849774 3.898190 3.938529 3.971536 3.997721 4.017426 4.030355 4.029190 3.963179 3.963179 3.744757 3.385710 2.885476 2.899892 2.899892 3.070812 3.070812 3.224131 3.224131 3.291583 3.412449 3.412449 3.516483 3.516483 3.637289 3.637289 3.637289 3.689147 3.689147 3.713321 3.713321 3.713024 3.713024 3.695227 3.695227 3.667768 3.667768 3.667768 3.638103
