cruce_test.gid/Rasters/Hydraulic/Velocity__y_214.0.asc
NCOLS        79
NROWS        79
XLLCENTER         -1.500000
YLLCENTER         -4.800000
CELLSIZE           0.100
NODATA_VALUE     -9999.0
[rows 0 to 26 of 79, columns 0 to 58 of 79]
-9999.000 -9999.000 -9999.000 -9999.000 -9999.000 -9999.000 -9999.000 -9999.000 -9999.000 -9999.000 -9999.000 -9999.000 -9999.000 -9999.000 -9999.000 -0.8858855E-01 -0.8519789E-01 -0.8369505E-01 -0.8299097E-01 -0.8341288E-01 -0.8425045E-01 -0.8514649E-01 -0.8602167E-01 -0.8681436E-01 -0.8747389E-01 -0.8805231E-01 -0.8858199E-01 -0.8922020E-01 -0.9054636E-01 -0.9195276E-01 -0.9195276E-01 -9999.000 -9999.000 -9999.000 -9999.000 -9999.000 -9999.000 -9999.000 -9999.000 -9999.000 -9999.000 -9999.000 -9999.000 -9999.000 -9999.000 -9999.000 -9999.000 -9999.000 -9999.000 -9999.000 -9999.000 -9999.000 -9999.000 -9999.000 -9999.000 -9999.000 -9999.000 -9999.000 -9999.000
-9999.000 -9999.000 -9999.000 -9999.000 -9999.000 -9999.000 -9999.000 -9999.000 -9999.000 -9999.000 -9999.000 -9999.000 -9999.000 -9999.000 -9999.000 -0.8979648E-01 -0.8265700E-01 -0.7944083E-01 -0.7795236E-01 -0.7889815E-01 -0.8077636E-01 -0.8281942E-01 -0.8484563E-01 -0.8671194E-01 -0.8830071E-01 -0.8971487E-01 -0.9101425E-01 -0.9252452E-01 -0.9545549E-01 -0.9883215E-01 -0.9883215E-01 -9999.000 -9999.000 -9999.000 -9999.000 -9999.000 -9999.000 -9999.000 -9999.000 -9999.000 -9999.000 -9999.000 -9999.000 -9999.000 -9999.000 -9999.000 -9999.000 -9999.000 -9999.000 -9999.000 -9999.000 -9999.000 -9999.000 -9999.000 -9999.000 -9999.000 -9999.000 -9999.000 -9999.000
-9999.000 -9999.000 -9999.000 -9999.000 -9999.000 -9999.000 -9999.000 -9999.000 -9999.000 -9999.000 -9999.000 -9999.000 -9999.000 -9999.000 -9999.000 -0.9015844E-01 -0.7889806E-01 -0.7371570E-01 -0.7136913E-01 -0.7301140E-01 -0.7623411E-01 -0.7978927E-01 -0.8336648E-01 -0.8671363E-01 -0.8962304E-01 -0.9224473E-01 -0.9465902E-01 -0.9737425E-01 -0.1023148 -0.1084038 -0.1084038 -9999.000 -9999.000 -9999.000 -9999.000 -9999.000 -9999.000 -9999.000 -9999.000 -9999.000 -9999.000 -9999.000 -9999.000 -9999.000 -9999.000 -9999.000 -9999.000 -9999.000 -9999.000 -9999.000 -9999.000 -9999.000 -9999.000 -9999.000 -9999.000 -9999.000 -9999.000 -9999.000 -9999.000
-9999.000 -9999.000 -9999.000 -9999.000 -9999.000 -9999.000 -9999.000 -9999.000 -9999.000 -9999.000 -9999.000 -9999.000 -9999.000 -9999.000 -9999.000 -0.9005717E-01 -0.7466590E-01 -0.6751297E-01 -0.6433901E-01 -0.6675309E-01 -0.7141316E-01 -0.7658090E-01 -0.8181694E-01 -0.8675491E-01 -0.9109072E-01 -0.9502245E-01 -0.9864520E-01 -0.1026548 -0.1097242 -0.1189949 -0.1189949 -9999.000 -9999.000 -9999.000 -9999.000 -9999.000 -9999.000 -9999.000 -9999.000 -9999.000 -9999.000 -9999.000 -9999.000 -9999.000 -9999.000 -9999.000 -9999.000 -9999.000 -9999.000 -9999.000 -9999.000 -9999.000 -9999.000 -9999.000 -9999.000 -9999.000 -9999.000 -9999.000 -9999.000
-9999.000 -9999.000 -9999.000 -9999.000 -9999.000 -9999.000 -9999.000 -9999.000 -9999.000 -9999.000 -9999.000 -9999.000 -9999.000 -9999.000 -9999.000 -0.8971286E-01 -0.7013354E-01 -0.6098833E-01 -0.5699599E-01 -0.6023374E-01 -0.6639415E-01 -0.7323857E-01 -0.8020114E-01 -0.8679669E-01 -0.9262083E-01 -0.9792431E-01 -0.1028141 -0.1081834 -0.1174993 -0.1304589 -0.1304589 -9999.000 -9999.000 -9999.000 -9999.000 -9999.000 -9999.000 -9999.000 -9999.000 -9999.000 -9999.000 -9999.000 -9999.000 -9999.000 -9999.000 -9999.000 -9999.000 -9999.000 -9999.000 -9999.000 -9999.000 -9999.000 -9999.000 -9999.000 -9999.000 -9999.000 -9999.000 -9999.000 -9999.000
-9999.000 -9999.000 -9999.000 -9999.000 -9999.000 -9999.000 -9999.000 -9999.000 -9999.000 -9999.000 -9999.000 -9999.000 -9999.000 -9999.000 -9999.000 -0.8918948E-01 -0.6535684E-01 -0.5419619E-01 -0.4939054E-01 -0.5349731E-01 -0.6120959E-01 -0.6977864E-01 -0.7851823E-01 -0.8681972E-01 -0.9417488E-01 -0.1008946 -0.1070955 -0.1138816 -0.1255710 -0.1428118 -0.1428118 -9999.000 -9999.000 -9999.000 -9999.000 -9999.000 -9999.000 -9999.000 -9999.000 -9999.000 -9999.000 -9999.000 -9999.000 -9999.000 -9999.000 -9999.000 -9999.000 -9999.000 -9999.000 -9999.000 -9999.000 -9999.000 -9999.000 -9999.000 -9999.000 -9999.000 -9999.000 -9999.000 -9999.000
-9999.000 -9999.000 -9999.000 -9999.000 -9999.000 -9999.000 -9999.000 -9999.000 -9999.000 -9999.000 -9999.000 -9999.000 -9999.000 -9999.000 -9999.000 -0.8848505E-01 -0.6034014E-01 -0.4714516E-01 -0.4153338E-01 -0.4655693E-01 -0.5586972E-01 -0.6620502E-01 -0.7676450E-01 -0.8681163E-01 -0.9573079E-01 -0.1039043 -0.1114541 -0.1197127 -0.1339197 -0.1561605 -0.1561605 -9999.000 -9999.000 -9999.000 -9999.000 -9999.000 -9999.000 -9999.000 -9999.000 -9999.000 -9999.000 -9999.000 -9999.000 -9999.000 -9999.000 -9999.000 -9999.000 -9999.000 -9999.000 -9999.000 -9999.000 -9999.000 -9999.000 -9999.000 -9999.000 -9999.000 -9999.000 -9999.000 -9999.000
-9999.000 -9999.000 -9999.000 -9999.000 -9999.000 -9999.000 -9999.000 -9999.000 -9999.000 -9999.000 -9999.000 -9999.000 -9999.000 -9999.000 -9999.000 -0.8756556E-01 -0.5506445E-01 -0.3982257E-01 -0.3341769E-01 -0.3941137E-01 -0.5037424E-01 -0.6251459E-01 -0.7493395E-01 -0.8676226E-01 -0.9727242E-01 -0.1069331 -0.1158668 -0.1256556 -0.1425463 -0.1706767 -0.1706767 -9999.000 -9999.000 -9999.000 -9999.000 -9999.000 -9999.000 -9999.000 -9999.000 -9999.000 -9999.000 -9999.000 -9999.000 -9999.000 -9999.000 -9999.000 -9999.000 -9999.000 -9999.000 -9999.000 -9999.000 -9999.000 -9999.000 -9999.000 -9999.000 -9999.000 -9999.000 -9999.000 -9999.000
-9999.000 -9999.000 -9999.000 -9999.000 -9999.000 -9999.000 -9999.000 -9999.000 -9999.000 -9999.000 -9999.000 -9999.000 -9999.000 -9999.000 -9999.000 -0.8637877E-01 -0.4949686E-01 -0.3220438E-01 -0.2502626E-01 -0.3205187E-01 -0.4471727E-01 -0.5870008E-01 -0.7301740E-01 -0.8665938E-01 -0.9878304E-01 -0.1099617 -0.1203123 -0.1316928 -0.1514599 -0.1865960 -0.1865960 -9999.000 -9999.000 -9999.000 -9999.000 -9999.000 -9999.000 -9999.000 -9999.000 -9999.000 -9999.000 -9999.000 -9999.000 -9999.000 -9999.000 -9999.000 -9999.000 -9999.000 -9999.000 -9999.000 -9999.000 -9999.000 -9999.000 -9999.000 -9999.000 -9999.000 -9999.000 -9999.000 -9999.000
-9999.000 -9999.000 -9999.000 -9999.000 -9999.000 -9999.000 -9999.000 -9999.000 -9999.000 -9999.000 -9999.000 -9999.000 -9999.000 -9999.000 -9999.000 -0.8485747E-01 -0.4359456E-01 -0.2425739E-01 -0.1633483E-01 -0.2446391E-01 -0.3888794E-01 -0.5474980E-01 -0.7100201E-01 -0.8648696E-01 -0.1002421 -0.1129671 -0.1247650 -0.1378032 -0.1606710 -0.2042310 -0.2042310 -9999.000 -9999.000 -9999.000 -9999.000 -9999.000 -9999.000 -9999.000 -9999.000 -9999.000 -9999.000 -9999.000 -9999.000 -9999.000 -9999.000 -9999.000 -9999.000 -9999.000 -9999.000 -9999.000 -9999.000 -9999.000 -9999.000 -9999.000 -9999.000 -9999.000 -9999.000 -9999.000 -9999.000
-9999.000 -9999.000 -9999.000 -9999.000 -9999.000 -9999.000 -9999.000 -9999.000 -9999.000 -9999.000 -9999.000 -9999.000 -9999.000 -9999.000 -9999.000 -0.8291957E-01 -0.3730460E-01 -0.1594000E-01 -0.7311307E-02 -0.1662694E-01 -0.3286999E-01 -0.5064651E-01 -0.6886934E-01 -0.8622322E-01 -0.1016216 -0.1159180 -0.1291910 -0.1439572 -0.1701875 -0.2239978 -0.2239978 -9999.000 -9999.000 -9999.000 -9999.000 -9999.000 -9999.000 -9999.000 -9999.000 -9999.000 -9999.000 -9999.000 -9999.000 -9999.000 -9999.000 -9999.000 -9999.000 -9999.000 -9999.000 -9999.000 -9999.000 -9999.000 -9999.000 -9999.000 -9999.000 -9999.000 -9999.000 -9999.000 -9999.000
-9999.000 -9999.000 -9999.000 -9999.000 -9999.000 -9999.000 -9999.000 -9999.000 -9999.000 -9999.000 -9999.000 -9999.000 -9999.000 -9999.000 -9999.000 -0.8046257E-01 -0.3055921E-01 -0.7196987E-02 0.2086869E-02 -0.8514539E-02 -0.2664179E-01 -0.4636702E-01 -0.6659422E-01 -0.8583808E-01 -0.1028837 -0.1187724 -0.1335424 -0.1501108 -0.1800098 -0.2464599 -0.2464599 -9999.000 -9999.000 -9999.000 -9999.000 -9999.000 -9999.000 -9999.000 -9999.000 -9999.000 -9999.000 -9999.000 -9999.000 -9999.000 -9999.000 -9999.000 -9999.000 -9999.000 -9999.000 -9999.000 -9999.000 -9999.000 -9999.000 -9999.000 -9999.000 -9999.000 -9999.000 -9999.000 -9999.000
-9999.000 -9999.000 -9999.000 -9999.000 -9999.000 -9999.000 -9999.000 -9999.000 -9999.000 -9999.000 -9999.000 -9999.000 -9999.000 -9999.000 -9999.000 -0.7731929E-01 -0.2323915E-01 0.2069180E-02 0.1192377E-01 -0.9779305E-04 -0.2018515E-01 -0.4189107E-01 -0.6415349E-01 -0.8530084E-01 -0.1039853 -0.1214786 -0.1377580 -0.1562041 -0.1901281 -0.2724045 -0.2724045 -9999.000 -9999.000 -9999.000 -9999.000 -9999.000 -9999.000 -9999.000 -9999.000 -9999.000 -9999.000 -9999.000 -9999.000 -9999.000 -9999.000 -9999.000 -9999.000 -9999.000 -9999.000 -9999.000 -9999.000 -9999.000 -9999.000 -9999.000 -9999.000 -9999.000 -9999.000 -9999.000 -9999.000
-9999.000 -9999.000 -9999.000 -9999.000 -9999.000 -9999.000 -9999.000 -9999.000 -9999.000 -9999.000 -9999.000 -9999.000 -9999.000 -9999.000 -9999.000 -0.7191130E-01 -0.1411583E-01 0.1267123E-01 0.2232368E-01 0.8341012E-02 -0.1385361E-01 -0.3756224E-01 -0.6186084E-01 -0.8487951E-01 -0.1051408 -0.1242028 -0.1419575 -0.1623302 -0.2006770 -0.3031460 -0.3031460 -9999.000 -9999.000 -9999.000 -9999.000 -9999.000 -9999.000 -9999.000 -9999.000 -9999.000 -9999.000 -9999.000 -9999.000 -9999.000 -9999.000 -9999.000 -9999.000 -9999.000 -9999.000 -9999.000 -9999.000 -9999.000 -9999.000 -9999.000 -9999.000 -9999.000 -9999.000 -9999.000 -9999.000
-9999.000 -9999.000 -9999.000 -9999.000 -9999.000 -9999.000 -9999.000 -9999.000 -9999.000 -9999.000 -9999.000 -9999.000 -9999.000 -9999.000 -9999.000 -0.7856973E-02 0.1862469E-01 0.2689425E-01 0.2176634E-01 0.1256909E-02 -0.2094938E-01 -0.4423746E-01 -0.6827053E-01 -0.9109417E-01 -0.1111718 -0.1303997 -0.1484959 -0.1699537 -0.2123044 -0.3385382 -0.3385382 -9999.000 -9999.000 -9999.000 -9999.000 -9999.000 -9999.000 -9999.000 -9999.000 -9999.000 -9999.000 -9999.000 -9999.000 -9999.000 -9999.000 -9999.000 -9999.000 -9999.000 -9999.000 -9999.000 -9999.000 -9999.000 -9999.000 -9999.000 -9999.000 -9999.000 -9999.000 -9999.000 -9999.000
-0.3846380E-02 -0.3846380E-02 -0.5758639E-02 -0.7268156E-02 -0.6787023E-02 -0.6787023E-02 -0.6630764E-02 -0.6575163E-02 -0.6575163E-02 -0.6563623E-02 -0.6563623E-02 -0.6539950E-02 -0.6524369E-02 -0.6507240E-02 -0.6494287E-02 -0.6494287E-02 0.4122991E-01 0.3721439E-01 0.2203409E-01 -0.1855987E-02 -0.2984379E-01 -0.6081353E-01 -0.9375560E-01 -0.1271725 -0.1594476 -0.1900358 -0.2183134 -0.2453742 -0.2782467 -0.3499111 -0.3499111 -0.1982237 -0.1090277 -0.3989440E-01 -0.3043502E-01 -0.3043502E-01 -0.2379488E-01 -0.2379488E-01 -0.1243521E-01 -0.1243521E-01 -0.1642856E-02 0.2571760E-01 0.2571760E-01 0.3152298E-01 0.3152298E-01 -0.3121598E-02 -0.3121598E-02 -0.3121598E-02 -0.1142091E-02 -0.1142091E-02 -0.3759443E-03 -0.3759443E-03 -0.9419465E-03 -0.9419465E-03 -0.2090877E-02 -0.2090877E-02 -0.3282680E-02 -0.3282680E-02 -0.3282680E-02
-0.5445173E-02 -0.5445173E-02 -0.8156289E-02 -0.1066902E-01 -0.9657394E-02 -0.9657394E-02 -0.9310277E-02 -0.9228026E-02 -0.9228026E-02 -0.9250255E-02 -0.9250255E-02 -0.9243911E-02 -0.9232617E-02 -0.9219444E-02 -0.9231370E-02 -0.9231370E-02 0.3455534E-01 0.3191775E-01 0.1681335E-01 -0.8281712E-02 -0.4299901E-01 -0.8475646E-01 -0.1313095 -0.1808853 -0.2317296 -0.2817016 -0.3291985 -0.3723876 -0.4089409 -0.4340945 -0.4340945 -0.2982885 -0.2013308 -0.1078826 -0.8929107E-01 -0.8929107E-01 -0.6655402E-01 -0.6655402E-01 -0.2720463E-01 -0.2720463E-01 0.5444504E-02 0.8107205E-01 0.8107205E-01 0.1067087 0.1067087 0.2429586E-01 0.2429586E-01 0.2429586E-01 0.8625548E-02 0.8625548E-02 0.1269725E-02 0.1269725E-02 -0.3676003E-02 -0.3676003E-02 -0.7651373E-02 -0.7651373E-02 -0.1066942E-01 -0.1066942E-01 -0.1066942E-01
-0.3490343E-02 -0.3490343E-02 -0.6032023E-02 -0.9464058E-02 -0.8372460E-02 -0.8372460E-02 -0.7893352E-02 -0.7769804E-02 -0.7769804E-02 -0.7831352E-02 -0.7831352E-02 -0.7856701E-02 -0.7858604E-02 -0.7858527E-02 -0.7923558E-02 -0.7923558E-02 0.2336843E-01 0.2135255E-01 0.6881334E-02 -0.1816994E-01 -0.5317939E-01 -0.9638984E-01 -0.1459601 -0.2003454 -0.2580904 -0.3173900 -0.3765934 -0.4337245 -0.4858428 -0.5264796 -0.5264796 -0.4398493 -0.3566765 -0.2414149 -0.2046217 -0.2046217 -0.1408424 -0.1408424 -0.4469770E-01 -0.4469770E-01 0.2210227E-01 0.1566957 0.1566957 0.2125479 0.2125479 0.9143655E-01 0.9143655E-01 0.9143655E-01 0.3605080E-01 0.3605080E-01 0.7179573E-02 0.7179573E-02 -0.8646096E-02 -0.8646096E-02 -0.1823604E-01 -0.1823604E-01 -0.2395173E-01 -0.2395173E-01 -0.2395173E-01
-0.1559928E-02 -0.1559928E-02 -0.4984566E-02 -0.7942619E-02 -0.6873145E-02 -0.6873145E-02 -0.6354015E-02 -0.6198944E-02 -0.6198944E-02 -0.6263705E-02 -0.6263705E-02 -0.6288862E-02 -0.6290278E-02 -0.6289320E-02 -0.6401401E-02 -0.6401401E-02 0.1241655E-01 0.8446706E-02 -0.6955433E-02 -0.3265974E-01 -0.6791091E-01 -0.1114332 -0.1617505 -0.2175184 -0.2775235 -0.3403805 -0.4047320 -0.4689445 -0.5304128 -0.5830563 -0.5830563 -0.5456338 -0.4880211 -0.3778762 -0.3288038 -0.3288038 -0.2156098 -0.2156098 -0.4564338E-01 -0.4564338E-01 0.5377081E-01 0.2220874 0.2220874 0.2900458 0.2900458 0.1612747 0.1612747 0.1612747 0.7144094E-01 0.7144094E-01 0.1720381E-01 0.1720381E-01 -0.1317290E-01 -0.1317290E-01 -0.3026443E-01 -0.3026443E-01 -0.3923068E-01 -0.3923068E-01 -0.3923068E-01
-0.5247822E-03 -0.5247822E-03 -0.4280140E-02 -0.6056588E-02 -0.5215213E-02 -0.5215213E-02 -0.4774223E-02 -0.4635644E-02 -0.4635644E-02 -0.4695422E-02 -0.4695422E-02 -0.4717359E-02 -0.4718025E-02 -0.4716286E-02 -0.4886621E-02 -0.4886621E-02 0.1741596E-02 -0.6370628E-02 -0.2457639E-01 -0.5223152E-01 -0.8863450E-01 -0.1328285 -0.1836757 -0.2400517 -0.3009157 -0.3651538 -0.4316464 -0.4990910 -0.5654137 -0.6256343 -0.6256343 -0.6245023 -0.5933959 -0.4993327 -0.4392024 -0.4392024 -0.2635278 -0.2635278 -0.1978010E-01 -0.1978010E-01 0.9705489E-01 0.2646940 0.2646940 0.3291142 0.3291142 0.2166573 0.2166573 0.2166573 0.1083869 0.1083869 0.3178293E-01 0.3178293E-01 -0.1450739E-01 -0.1450739E-01 -0.4063810E-01 -0.4063810E-01 -0.5365891E-01 -0.5365891E-01 -0.5365891E-01
-0.3621927E-03 -0.3621927E-03 -0.2821051E-02 -0.4053312E-02 -0.3494899E-02 -0.3494899E-02 -0.3184206E-02 -0.3083572E-02 -0.3083572E-02 -0.3129642E-02 -0.3129642E-02 -0.3146457E-02 -0.3147107E-02 -0.3145961E-02 -0.3392552E-02 -0.3392552E-02 -0.9190141E-02 -0.2328394E-01 -0.4619630E-01 -0.7737565E-01 -0.1161574 -0.1617980 -0.2134662 -0.2703138 -0.3315239 -0.3962302 -0.4635246 -0.5323560 -0.6010907 -0.6658163 -0.6658163 -0.6892557 -0.6803879 -0.5976369 -0.5177527 -0.5177527 -0.2620421 -0.2620421 0.2487333E-01 0.2487333E-01 0.1364899 0.2788913 0.2788913 0.3344035 0.3344035 0.2506526 0.2506526 0.2506526 0.1413532 0.1413532 0.4980954E-01 0.4980954E-01 -0.1153158E-01 -0.1153158E-01 -0.4766079E-01 -0.4766079E-01 -0.6558658E-01 -0.6558658E-01 -0.6558658E-01
-0.1846970E-03 -0.1846970E-03 -0.1400196E-02 -0.2031165E-02 -0.1752583E-02 -0.1752583E-02 -0.1592380E-02 -0.1539506E-02 -0.1539506E-02 -0.1564480E-02 -0.1564480E-02 -0.1573502E-02 -0.1573801E-02 -0.1573272E-02 -0.1920250E-02 -0.1920250E-02 -0.2117191E-01 -0.4296678E-01 -0.7247803E-01 -0.1088867 -0.1514569 -0.1995581 -0.2526086 -0.3100539 -0.3713604 -0.4359514 -0.5031804 -0.5722526 -0.6419000 -0.7090164 -0.7090164 -0.7481037 -0.7548661 -0.6613749 -0.5421536 -0.5421536 -0.2087282 -0.2087282 0.6648493E-01 0.6648493E-01 0.1568124 0.2675657 0.2675657 0.3156533 0.3156533 0.2627011 0.2627011 0.2627011 0.1655299 0.1655299 0.6869351E-01 0.6869351E-01 -0.4434803E-02 -0.4434803E-02 -0.5044777E-01 -0.5044777E-01 -0.7385843E-01 -0.7385843E-01 -0.7385843E-01
0.8235241E-07 0.8235241E-07 -0.2500414E-07 0.1334268E-06 0.7972764E-07 0.7972764E-07 0.6167227E-07 0.1905281E-07 0.1905281E-07 -0.3438366E-07 -0.3438366E-07 -0.6298113E-07 -0.1942224E-06 -0.5694188E-07 -0.4818852E-03 -0.4818852E-03 -0.3533936E-01 -0.6667813E-01 -0.1047236 -0.1481267 -0.1959662 -0.2476509 -0.3027955 -0.3611282 -0.4224273 -0.4864466 -0.5528594 -0.6211789 -0.6904731 -0.7580619 -0.7580619 -0.8052308 -0.8175352 -0.6670145 -0.4905165 -0.4905165 -0.1307609 -0.1307609 0.8745123E-01 0.8745123E-01 0.1537916 0.2388988 0.2388988 0.2824414 0.2824414 0.2559567 0.2559567 0.2559567 0.1777084 0.1777084 0.8497501E-01 0.8497501E-01 0.5460323E-02 0.5460323E-02 -0.4880633E-01 -0.4880633E-01 -0.7763422E-01 -0.7763422E-01 -0.7763422E-01
0.1848585E-03 0.1848585E-03 0.1400143E-02 0.2031333E-02 0.1752670E-02 0.1752670E-02 0.1592481E-02 0.1539547E-02 0.1539547E-02 0.1564350E-02 0.1564350E-02 0.1573303E-02 0.1573585E-02 0.1573286E-02 0.9086836E-03 0.9086836E-03 -0.5333610E-01 -0.9642531E-01 -0.1450736 -0.1972509 -0.2517997 -0.3081505 -0.3660998 -0.4256514 -0.4869052 -0.5499644 -0.6148595 -0.6814520 -0.7490770 -0.8146692 -0.8146692 -0.8607721 -0.8589156 -0.5855870 -0.3697872 -0.3697872 -0.6565828E-01 -0.6565828E-01 0.8528464E-01 0.8528464E-01 0.1334458 0.2014979 0.2014979 0.2419492 0.2419492 0.2350222 0.2350222 0.2350222 0.1769262 0.1769262 0.9538352E-01 0.9538352E-01 0.1600006E-01 0.1600006E-01 -0.4323120E-01 -0.4323120E-01 -0.7641394E-01 -0.7641394E-01 -0.7641394E-01
0.3622993E-03 0.3622993E-03 0.2821155E-02 0.4053256E-02 0.3494897E-02 0.3494897E-02 0.3184254E-02 0.3083617E-02 0.3083617E-02 0.3129569E-02 0.3129569E-02 0.3146233E-02 0.3147005E-02 0.3146174E-02 0.2233577E-02 0.2233577E-02 -0.7770645E-01 -0.1353690 -0.1968955 -0.2595784 -0.3220968 -0.3839768 -0.4452473 -0.5062136 -0.5673115 -0.6289994 -0.6916746 -0.7555456 -0.8199067 -0.8788272 -0.8788272 -0.9058945 -0.8470319 -0.4233288 -0.2317707 -0.2317707 -0.3131807E-01 -0.3131807E-01 0.6861361E-01 0.6861361E-01 0.1050916 0.1615652 0.1615652 0.1986430 0.1986430 0.2043035 0.2043035 0.2043035 0.1641769 0.1641769 0.9773555E-01 0.9773555E-01 0.2475734E-01 0.2475734E-01 -0.3480794E-01 -0.3480794E-01 -0.7012679E-01 -0.7012679E-01 -0.7012679E-01
0.5247943E-03 0.5247943E-03 0.4280265E-02 0.6056445E-02 0.5215194E-02 0.5215194E-02 0.4774257E-02 0.4635685E-02 0.4635685E-02 0.4695407E-02 0.4695407E-02 0.4717285E-02 0.4718097E-02 0.4716473E-02 0.3465957E-02 0.3465957E-02 -0.1126743 -0.1886024 -0.2654791 -0.3401959 -0.4115401 -0.4793440 -0.5440064 -0.6062118 -0.6667661 -0.7264888 -0.7861367 -0.8461708 -0.9046097 -0.9437384 -0.9437384 -0.9052398 -0.7222402 -0.2480901 -0.1312212 -0.1312212 -0.2117304E-01 -0.2117304E-01 0.4722768E-01 0.4722768E-01 0.7572914E-01 0.1225089 0.1225089 0.1549964 0.1549964 0.1673863 0.1673863 0.1673863 0.1416698 0.1416698 0.9138714E-01 0.9138714E-01 0.2976941E-01 0.2976941E-01 -0.2491716E-01 -0.2491716E-01 -0.5914909E-01 -0.5914909E-01 -0.5914909E-01
0.1559820E-02 0.1559820E-02 0.4984626E-02 0.7942519E-02 0.6873098E-02 0.6873098E-02 0.6353972E-02 0.6198915E-02 0.6198915E-02 0.6263818E-02 0.6263818E-02 0.6289044E-02 0.6290400E-02 0.6289303E-02 0.4577951E-02 0.4577951E-02 -0.1657529 -0.2646737 -0.3593294 -0.4470147 -0.5272213 -0.6004816 -0.6678023 -0.7303787 -0.7894444 -0.8461918 -0.9017185 -0.9563307 -1.001394 -0.9741634 -0.9741634 -0.7745777 -0.4680215 -0.1286729 -0.8009929E-01 -0.8009929E-01 -0.2092559E-01 -0.2092559E-01 0.2707580E-01 0.2707580E-01 0.4893455E-01 0.8588588E-01 0.8588588E-01 0.1124122 0.1124122 0.1270539 0.1270539 0.1270539 0.1121178 0.1121178 0.7716931E-01 0.7716931E-01 0.3004974E-01 0.3004974E-01 -0.1486654E-01 -0.1486654E-01 -0.4427283E-01 -0.4427283E-01 -0.4427283E-01
