cruce_test.gid/Rasters/Hydraulic/Velocity__y_248.0.asc
NCOLS        79
NROWS        79
XLLCENTER         -1.500000
YLLCENTER         -4.800000
CELLSIZE           0.100
NODATA_VALUE     -9999.0
[rows 0 to 26 of 79, columns 0 to 58 of 79]
-9999.000 -9999.000 -9999.000 -9999.000 -9999.000 -9999.000 -9999.000 -9999.000 -9999.000 -9999.000 -9999.000 -9999.000 -9999.000 -9999.000 -9999.000 -0.9111149E-01 -0.8811206E-01 -0.8692469E-01 -0.8657922E-01 -0.8706226E-01 -0.8781812E-01 -0.8861258E-01 -0.8939102E-01 -0.9006294E-01 -0.9064969E-01 -0.9116762E-01 -0.9165089E-01 -0.9227288E-01 -0.9362895E-01 -0.9501118E-01 -0.9501118E-01 -9999.000 -9999.000 -9999.000 -9999.000 -9999.000 -9999.000 -9999.000 -9999.000 -9999.000 -9999.000 -9999.000 -9999.000 -9999.000 -9999.000 -9999.000 -9999.000 -9999.000 -9999.000 -9999.000 -9999.000 -9999.000 -9999.000 -9999.000 -9999.000 -9999.000 -9999.000 -9999.000 -9999.000
-9999.000 -9999.000 -9999.000 -9999.000 -9999.000 -9999.000 -9999.000 -9999.000 -9999.000 -9999.000 -9999.000 -9999.000 -9999.000 -9999.000 -9999.000 -0.9149903E-01 -0.8521656E-01 -0.8268305E-01 -0.8196820E-01 -0.8305471E-01 -0.8476423E-01 -0.8659086E-01 -0.8840690E-01 -0.9000974E-01 -0.9143623E-01 -0.9271399E-01 -0.9390899E-01 -0.9538095E-01 -0.9837312E-01 -0.1017059 -0.1017059 -9999.000 -9999.000 -9999.000 -9999.000 -9999.000 -9999.000 -9999.000 -9999.000 -9999.000 -9999.000 -9999.000 -9999.000 -9999.000 -9999.000 -9999.000 -9999.000 -9999.000 -9999.000 -9999.000 -9999.000 -9999.000 -9999.000 -9999.000 -9999.000 -9999.000 -9999.000 -9999.000 -9999.000
-9999.000 -9999.000 -9999.000 -9999.000 -9999.000 -9999.000 -9999.000 -9999.000 -9999.000 -9999.000 -9999.000 -9999.000 -9999.000 -9999.000 -9999.000 -0.9086258E-01 -0.8101129E-01 -0.7694402E-01 -0.7586105E-01 -0.7774987E-01 -0.8071480E-01 -0.8392879E-01 -0.8716813E-01 -0.9008718E-01 -0.9273060E-01 -0.9512770E-01 -0.9737054E-01 -0.1000241 -0.1050660 -0.1111039 -0.1111039 -9999.000 -9999.000 -9999.000 -9999.000 -9999.000 -9999.000 -9999.000 -9999.000 -9999.000 -9999.000 -9999.000 -9999.000 -9999.000 -9999.000 -9999.000 -9999.000 -9999.000 -9999.000 -9999.000 -9999.000 -9999.000 -9999.000 -9999.000 -9999.000 -9999.000 -9999.000 -9999.000 -9999.000
-9999.000 -9999.000 -9999.000 -9999.000 -9999.000 -9999.000 -9999.000 -9999.000 -9999.000 -9999.000 -9999.000 -9999.000 -9999.000 -9999.000 -9999.000 -0.8969557E-01 -0.7629951E-01 -0.7070342E-01 -0.6929492E-01 -0.7206579E-01 -0.7638147E-01 -0.8108681E-01 -0.8586180E-01 -0.9020887E-01 -0.9418096E-01 -0.9780349E-01 -0.1011913 -0.1051202 -0.1123391 -0.1215700 -0.1215700 -9999.000 -9999.000 -9999.000 -9999.000 -9999.000 -9999.000 -9999.000 -9999.000 -9999.000 -9999.000 -9999.000 -9999.000 -9999.000 -9999.000 -9999.000 -9999.000 -9999.000 -9999.000 -9999.000 -9999.000 -9999.000 -9999.000 -9999.000 -9999.000 -9999.000 -9999.000 -9999.000 -9999.000
-9999.000 -9999.000 -9999.000 -9999.000 -9999.000 -9999.000 -9999.000 -9999.000 -9999.000 -9999.000 -9999.000 -9999.000 -9999.000 -9999.000 -9999.000 -0.8822180E-01 -0.7126082E-01 -0.6412460E-01 -0.6241090E-01 -0.6611878E-01 -0.7184768E-01 -0.7811060E-01 -0.8449175E-01 -0.9033322E-01 -0.9570057E-01 -0.1006125 -0.1052063 -0.1104803 -0.1200020 -0.1329538 -0.1329538 -9999.000 -9999.000 -9999.000 -9999.000 -9999.000 -9999.000 -9999.000 -9999.000 -9999.000 -9999.000 -9999.000 -9999.000 -9999.000 -9999.000 -9999.000 -9999.000 -9999.000 -9999.000 -9999.000 -9999.000 -9999.000 -9999.000 -9999.000 -9999.000 -9999.000 -9999.000 -9999.000 -9999.000
-9999.000 -9999.000 -9999.000 -9999.000 -9999.000 -9999.000 -9999.000 -9999.000 -9999.000 -9999.000 -9999.000 -9999.000 -9999.000 -9999.000 -9999.000 -0.8651058E-01 -0.6595766E-01 -0.5726803E-01 -0.5526441E-01 -0.5995575E-01 -0.6714752E-01 -0.7501664E-01 -0.8305571E-01 -0.9043762E-01 -0.9724694E-01 -0.1034946 -0.1093403 -0.1160209 -0.1279820 -0.1452702 -0.1452702 -9999.000 -9999.000 -9999.000 -9999.000 -9999.000 -9999.000 -9999.000 -9999.000 -9999.000 -9999.000 -9999.000 -9999.000 -9999.000 -9999.000 -9999.000 -9999.000 -9999.000 -9999.000 -9999.000 -9999.000 -9999.000 -9999.000 -9999.000 -9999.000 -9999.000 -9999.000 -9999.000 -9999.000
-9999.000 -9999.000 -9999.000 -9999.000 -9999.000 -9999.000 -9999.000 -9999.000 -9999.000 -9999.000 -9999.000 -9999.000 -9999.000 -9999.000 -9999.000 -0.8456279E-01 -0.6039906E-01 -0.5014699E-01 -0.4787007E-01 -0.5359159E-01 -0.6229114E-01 -0.7180832E-01 -0.8154954E-01 -0.9050691E-01 -0.9879629E-01 -0.1064174 -0.1135542 -0.1217016 -0.1362574 -0.1586301 -0.1586301 -9999.000 -9999.000 -9999.000 -9999.000 -9999.000 -9999.000 -9999.000 -9999.000 -9999.000 -9999.000 -9999.000 -9999.000 -9999.000 -9999.000 -9999.000 -9999.000 -9999.000 -9999.000 -9999.000 -9999.000 -9999.000 -9999.000 -9999.000 -9999.000 -9999.000 -9999.000 -9999.000 -9999.000
-9999.000 -9999.000 -9999.000 -9999.000 -9999.000 -9999.000 -9999.000 -9999.000 -9999.000 -9999.000 -9999.000 -9999.000 -9999.000 -9999.000 -9999.000 -0.8234686E-01 -0.5456902E-01 -0.4275176E-01 -0.4022289E-01 -0.4702564E-01 -0.5727755E-01 -0.6848142E-01 -0.7996529E-01 -0.9052782E-01 -0.1003302 -0.1093581 -0.1178219 -0.1274992 -0.1448288 -0.1732128 -0.1732128 -9999.000 -9999.000 -9999.000 -9999.000 -9999.000 -9999.000 -9999.000 -9999.000 -9999.000 -9999.000 -9999.000 -9999.000 -9999.000 -9999.000 -9999.000 -9999.000 -9999.000 -9999.000 -9999.000 -9999.000 -9999.000 -9999.000 -9999.000 -9999.000 -9999.000 -9999.000 -9999.000 -9999.000
-9999.000 -9999.000 -9999.000 -9999.000 -9999.000 -9999.000 -9999.000 -9999.000 -9999.000 -9999.000 -9999.000 -9999.000 -9999.000 -9999.000 -9999.000 -0.7981083E-01 -0.4843714E-01 -0.3506033E-01 -0.3230752E-01 -0.4024871E-01 -0.5209851E-01 -0.6502599E-01 -0.7829139E-01 -0.9048413E-01 -0.1018295 -0.1122948 -0.1221191 -0.1333939 -0.1537062 -0.1892670 -0.1892670 -9999.000 -9999.000 -9999.000 -9999.000 -9999.000 -9999.000 -9999.000 -9999.000 -9999.000 -9999.000 -9999.000 -9999.000 -9999.000 -9999.000 -9999.000 -9999.000 -9999.000 -9999.000 -9999.000 -9999.000 -9999.000 -9999.000 -9999.000 -9999.000 -9999.000 -9999.000 -9999.000 -9999.000
-9999.000 -9999.000 -9999.000 -9999.000 -9999.000 -9999.000 -9999.000 -9999.000 -9999.000 -9999.000 -9999.000 -9999.000 -9999.000 -9999.000 -9999.000 -0.7688913E-01 -0.4196241E-01 -0.2704128E-01 -0.2410021E-01 -0.3324487E-01 -0.4674037E-01 -0.6142774E-01 -0.7651192E-01 -0.9035555E-01 -0.1032707 -0.1152005 -0.1264172 -0.1393622 -0.1629012 -0.2071247 -0.2071247 -9999.000 -9999.000 -9999.000 -9999.000 -9999.000 -9999.000 -9999.000 -9999.000 -9999.000 -9999.000 -9999.000 -9999.000 -9999.000 -9999.000 -9999.000 -9999.000 -9999.000 -9999.000 -9999.000 -9999.000 -9999.000 -9999.000 -9999.000 -9999.000 -9999.000 -9999.000 -9999.000 -9999.000
-9999.000 -9999.000 -9999.000 -9999.000 -9999.000 -9999.000 -9999.000 -9999.000 -9999.000 -9999.000 -9999.000 -9999.000 -9999.000 -9999.000 -9999.000 -0.7350124E-01 -0.3509376E-01 -0.1865461E-01 -0.1556958E-01 -0.2599202E-01 -0.4118364E-01 -0.5766573E-01 -0.7460526E-01 -0.9011478E-01 -0.1046228 -0.1180404 -0.1306780 -0.1453715 -0.1724221 -0.2272298 -0.2272298 -9999.000 -9999.000 -9999.000 -9999.000 -9999.000 -9999.000 -9999.000 -9999.000 -9999.000 -9999.000 -9999.000 -9999.000 -9999.000 -9999.000 -9999.000 -9999.000 -9999.000 -9999.000 -9999.000 -9999.000 -9999.000 -9999.000 -9999.000 -9999.000 -9999.000 -9999.000 -9999.000 -9999.000
-9999.000 -9999.000 -9999.000 -9999.000 -9999.000 -9999.000 -9999.000 -9999.000 -9999.000 -9999.000 -9999.000 -9999.000 -9999.000 -9999.000 -9999.000 -0.6955001E-01 -0.2776697E-01 -0.9848122E-02 -0.6674114E-02 -0.1845979E-01 -0.3540026E-01 -0.5371111E-01 -0.7254090E-01 -0.8972378E-01 -0.1058427 -0.1207659 -0.1348470 -0.1513727 -0.1822693 -0.2501885 -0.2501885 -9999.000 -9999.000 -9999.000 -9999.000 -9999.000 -9999.000 -9999.000 -9999.000 -9999.000 -9999.000 -9999.000 -9999.000 -9999.000 -9999.000 -9999.000 -9999.000 -9999.000 -9999.000 -9999.000 -9999.000 -9999.000 -9999.000 -9999.000 -9999.000 -9999.000 -9999.000 -9999.000 -9999.000
-9999.000 -9999.000 -9999.000 -9999.000 -9999.000 -9999.000 -9999.000 -9999.000 -9999.000 -9999.000 -9999.000 -9999.000 -9999.000 -9999.000 -9999.000 -0.6489971E-01 -0.1988803E-01 -0.5446738E-03 0.2643539E-02 -0.1060963E-01 -0.2935552E-01 -0.4952724E-01 -0.7027940E-01 -0.8913314E-01 -0.1068737 -0.1233099 -0.1388476 -0.1572928 -0.1924271 -0.2768482 -0.2768482 -9999.000 -9999.000 -9999.000 -9999.000 -9999.000 -9999.000 -9999.000 -9999.000 -9999.000 -9999.000 -9999.000 -9999.000 -9999.000 -9999.000 -9999.000 -9999.000 -9999.000 -9999.000 -9999.000 -9999.000 -9999.000 -9999.000 -9999.000 -9999.000 -9999.000 -9999.000 -9999.000 -9999.000
-9999.000 -9999.000 -9999.000 -9999.000 -9999.000 -9999.000 -9999.000 -9999.000 -9999.000 -9999.000 -9999.000 -9999.000 -9999.000 -9999.000 -9999.000 -0.5856917E-01 -0.1072457E-01 0.9695878E-02 0.1242661E-01 -0.2581959E-02 -0.2320525E-01 -0.4526269E-01 -0.6794980E-01 -0.8843835E-01 -0.1077790 -0.1257011 -0.1426759 -0.1631147 -0.2029366 -0.3085331 -0.3085331 -9999.000 -9999.000 -9999.000 -9999.000 -9999.000 -9999.000 -9999.000 -9999.000 -9999.000 -9999.000 -9999.000 -9999.000 -9999.000 -9999.000 -9999.000 -9999.000 -9999.000 -9999.000 -9999.000 -9999.000 -9999.000 -9999.000 -9999.000 -9999.000 -9999.000 -9999.000 -9999.000 -9999.000
-9999.000 -9999.000 -9999.000 -9999.000 -9999.000 -9999.000 -9999.000 -9999.000 -9999.000 -9999.000 -9999.000 -9999.000 -9999.000 -9999.000 -9999.000 -0.5308396E-02 0.1627712E-01 0.2134210E-01 0.1298987E-01 -0.6266597E-02 -0.2703661E-01 -0.4916456E-01 -0.7207423E-01 -0.9264082E-01 -0.1122882 -0.1306185 -0.1481551 -0.1699507 -0.2142209 -0.3450510 -0.3450510 -9999.000 -9999.000 -9999.000 -9999.000 -9999.000 -9999.000 -9999.000 -9999.000 -9999.000 -9999.000 -9999.000 -9999.000 -9999.000 -9999.000 -9999.000 -9999.000 -9999.000 -9999.000 -9999.000 -9999.000 -9999.000 -9999.000 -9999.000 -9999.000 -9999.000 -9999.000 -9999.000 -9999.000
-0.4018008E-02 -0.4018008E-02 -0.5699694E-02 -0.7121159E-02 -0.6671906E-02 -0.6671906E-02 -0.6523699E-02 -0.6466358E-02 -0.6466358E-02 -0.6453871E-02 -0.6453871E-02 -0.6432118E-02 -0.6417803E-02 -0.6401867E-02 -0.6389400E-02 -0.6389400E-02 0.3418062E-01 0.2949389E-01 0.1431588E-01 -0.8452695E-02 -0.3535779E-01 -0.6535948E-01 -0.9734526E-01 -0.1294061 -0.1606278 -0.1901157 -0.2173524 -0.2437375 -0.2768366 -0.3519201 -0.3519201 -0.1972931 -0.1072123 -0.3810626E-01 -0.2877884E-01 -0.2877884E-01 -0.2196220E-01 -0.2196220E-01 -0.9896983E-02 -0.9896983E-02 0.1167652E-02 0.2677850E-01 0.2677850E-01 0.2211897E-01 0.2211897E-01 -0.3796555E-02 -0.3796555E-02 -0.3796555E-02 -0.5131424E-03 -0.5131424E-03 0.2944726E-03 0.2944726E-03 -0.4300829E-03 -0.4300829E-03 -0.1638686E-02 -0.1638686E-02 -0.2850521E-02 -0.2850521E-02 -0.2850521E-02
-0.5774805E-02 -0.5774805E-02 -0.8066371E-02 -0.1041967E-01 -0.9499937E-02 -0.9499937E-02 -0.9166777E-02 -0.9073289E-02 -0.9073289E-02 -0.9092844E-02 -0.9092844E-02 -0.9089856E-02 -0.9081420E-02 -0.9070449E-02 -0.9080398E-02 -0.9080398E-02 0.2842533E-01 0.2470277E-01 0.9284710E-02 -0.1613430E-01 -0.5057495E-01 -0.9161908E-01 -0.1371854 -0.1857159 -0.2350466 -0.2834195 -0.3291777 -0.3704963 -0.4051675 -0.4294851 -0.4294851 -0.2930993 -0.1962658 -0.1035601 -0.8513701E-01 -0.8513701E-01 -0.6161276E-01 -0.6161276E-01 -0.2024520E-01 -0.2024520E-01 0.1295132E-01 0.8439183E-01 0.8439183E-01 0.9224853E-01 0.9224853E-01 0.1846952E-01 0.1846952E-01 0.1846952E-01 0.7359289E-02 0.7359289E-02 0.1548217E-02 0.1548217E-02 -0.2956702E-02 -0.2956702E-02 -0.6738195E-02 -0.6738195E-02 -0.9635675E-02 -0.9635675E-02 -0.9635675E-02
-0.3891003E-02 -0.3891003E-02 -0.6007227E-02 -0.9153940E-02 -0.8230097E-02 -0.8230097E-02 -0.7776421E-02 -0.7635148E-02 -0.7635148E-02 -0.7692761E-02 -0.7692761E-02 -0.7722886E-02 -0.7728582E-02 -0.7731488E-02 -0.7788879E-02 -0.7788879E-02 0.1867815E-01 0.1528154E-01 0.1395529E-03 -0.2542316E-01 -0.6051086E-01 -0.1033845 -0.1523130 -0.2059387 -0.2625534 -0.3205246 -0.3781943 -0.4335460 -0.4836437 -0.5218030 -0.5218030 -0.4334258 -0.3497252 -0.2343763 -0.1972986 -0.1972986 -0.1312040 -0.1312040 -0.3152815E-01 -0.3152815E-01 0.3541392E-01 0.1626922 0.1626922 0.2000702 0.2000702 0.7705869E-01 0.7705869E-01 0.7705869E-01 0.2970934E-01 0.2970934E-01 0.5303878E-02 0.5303878E-02 -0.8477977E-02 -0.8477977E-02 -0.1709958E-01 -0.1709958E-01 -0.2227217E-01 -0.2227217E-01 -0.2227217E-01
-0.2009742E-02 -0.2009742E-02 -0.3926479E-02 -0.7827604E-02 -0.6822737E-02 -0.6822737E-02 -0.6287295E-02 -0.6090845E-02 -0.6090845E-02 -0.6149644E-02 -0.6149644E-02 -0.6182352E-02 -0.6188558E-02 -0.6191717E-02 -0.6289875E-02 -0.6289875E-02 0.8956647E-02 0.3598081E-02 -0.1265436E-01 -0.3895465E-01 -0.7446055E-01 -0.1178707 -0.1677659 -0.2229467 -0.2820884 -0.3438768 -0.4069667 -0.4696797 -0.5293489 -0.5795437 -0.5795437 -0.5393903 -0.4804018 -0.3687575 -0.3184689 -0.3184689 -0.2005209 -0.2005209 -0.2720005E-01 -0.2720005E-01 0.7034738E-01 0.2279739 0.2279739 0.2797484 0.2797484 0.1417178 0.1417178 0.1417178 0.5995001E-01 0.5995001E-01 0.1233074E-01 0.1233074E-01 -0.1426042E-01 -0.1426042E-01 -0.2933351E-01 -0.2933351E-01 -0.3713556E-01 -0.3713556E-01 -0.3713556E-01
-0.1286159E-03 -0.1286159E-03 -0.2983788E-02 -0.6222935E-02 -0.5273261E-02 -0.5273261E-02 -0.4758899E-02 -0.4555701E-02 -0.4555701E-02 -0.4608028E-02 -0.4608028E-02 -0.4637951E-02 -0.4643469E-02 -0.4646076E-02 -0.4793927E-02 -0.4793927E-02 -0.6871325E-03 -0.1001396E-01 -0.2908167E-01 -0.5735355E-01 -0.9410000E-01 -0.1383323 -0.1889268 -0.2448514 -0.3050297 -0.3683789 -0.4338009 -0.4999679 -0.5647352 -0.6227772 -0.6227772 -0.6186860 -0.5855302 -0.4880712 -0.4251766 -0.4251766 -0.2423457 -0.2423457 0.6558562E-03 0.6558562E-03 0.1127399 0.2682490 0.2682490 0.3203998 0.3203998 0.1958812 0.1958812 0.1958812 0.9311337E-01 0.9311337E-01 0.2376593E-01 0.2376593E-01 -0.1732705E-01 -0.1732705E-01 -0.4030196E-01 -0.4030196E-01 -0.5139310E-01 -0.5139310E-01 -0.5139310E-01
0.6437366E-03 0.6437366E-03 -0.2455840E-02 -0.4234390E-02 -0.3560932E-02 -0.3560932E-02 -0.3182999E-02 -0.3028725E-02 -0.3028725E-02 -0.3068220E-02 -0.3068220E-02 -0.3090634E-02 -0.3094285E-02 -0.3095788E-02 -0.3307782E-02 -0.3307782E-02 -0.1073338E-01 -0.2576722E-01 -0.4942167E-01 -0.8115403E-01 -0.1202850 -0.1660420 -0.2175836 -0.2741063 -0.3347838 -0.3987600 -0.4651432 -0.5328708 -0.6002502 -0.6630784 -0.6630784 -0.6836402 -0.6721907 -0.5832170 -0.4982878 -0.4982878 -0.2359920 -0.2359920 0.4270137E-01 0.4270137E-01 0.1478733 0.2796229 0.2796229 0.3269300 0.3269300 0.2315518 0.2315518 0.2315518 0.1242524 0.1242524 0.3905940E-01 0.3905940E-01 -0.1632760E-01 -0.1632760E-01 -0.4825863E-01 -0.4825863E-01 -0.6340757E-01 -0.6340757E-01 -0.6340757E-01
0.3158722E-03 0.3158722E-03 -0.1215434E-02 -0.2125580E-02 -0.1788050E-02 -0.1788050E-02 -0.1592340E-02 -0.1510967E-02 -0.1510967E-02 -0.1532163E-02 -0.1532163E-02 -0.1543777E-02 -0.1545419E-02 -0.1546126E-02 -0.1843556E-02 -0.1843556E-02 -0.2194237E-01 -0.4434947E-01 -0.7438564E-01 -0.1112026 -0.1540481 -0.2022681 -0.2552613 -0.3124835 -0.3733938 -0.4374115 -0.5038924 -0.5720313 -0.6405108 -0.7059891 -0.7059891 -0.7423719 -0.7459412 -0.6415597 -0.5153257 -0.5153257 -0.1826453 -0.1826453 0.7849905E-01 0.7849905E-01 0.1629672 0.2662563 0.2662563 0.3093303 0.3093303 0.2466911 0.2466911 0.2466911 0.1485190 0.1485190 0.5606965E-01 0.5606965E-01 -0.1116691E-01 -0.1116691E-01 -0.5221651E-01 -0.5221651E-01 -0.7201001E-01 -0.7201001E-01 -0.7201001E-01
-0.1237919E-06 -0.1237919E-06 -0.6147654E-07 0.6148311E-07 0.6669001E-07 0.6669001E-07 -0.1321588E-07 -0.3684154E-07 -0.3684154E-07 -0.6023453E-07 -0.6023453E-07 -0.8236857E-07 0.6769826E-07 -0.1648648E-06 -0.4130381E-03 -0.4130381E-03 -0.3539846E-01 -0.6698664E-01 -0.1052696 -0.1488645 -0.1968338 -0.2485670 -0.3036575 -0.3618255 -0.4228357 -0.4864274 -0.5522610 -0.6198320 -0.6881608 -0.7543622 -0.7543622 -0.7989447 -0.8069181 -0.6389931 -0.4577495 -0.4577495 -0.1108777 -0.1108777 0.9335858E-01 0.9335858E-01 0.1558506 0.2366571 0.2366571 0.2772706 0.2772706 0.2433294 0.2433294 0.2433294 0.1622562 0.1622562 0.7162049E-01 0.7162049E-01 -0.2858838E-02 -0.2858838E-02 -0.5181821E-01 -0.5181821E-01 -0.7630862E-01 -0.7630862E-01 -0.7630862E-01
-0.3159221E-03 -0.3159221E-03 0.1215457E-02 0.2125582E-02 0.1788129E-02 0.1788129E-02 0.1592457E-02 0.1511026E-02 0.1511026E-02 0.1532013E-02 0.1532013E-02 0.1543676E-02 0.1545366E-02 0.1545889E-02 0.9757347E-03 0.9757347E-03 -0.5268800E-01 -0.9563313E-01 -0.1441800 -0.1962754 -0.2507507 -0.3070195 -0.3648581 -0.4242532 -0.4852852 -0.5480357 -0.6125110 -0.6785454 -0.7454218 -0.8098557 -0.8098557 -0.8531384 -0.8442646 -0.5503297 -0.3390223 -0.3390223 -0.5479012E-01 -0.5479012E-01 0.8702342E-01 0.8702342E-01 0.1332648 0.1991497 0.1991497 0.2378622 0.2378622 0.2254381 0.2254381 0.2254381 0.1638543 0.1638543 0.8245811E-01 0.8245811E-01 0.6757014E-02 0.6757014E-02 -0.4732943E-01 -0.4732943E-01 -0.7571696E-01 -0.7571696E-01 -0.7571696E-01
-0.6436396E-03 -0.6436396E-03 0.2455793E-02 0.4234460E-02 0.3561018E-02 0.3561018E-02 0.3183185E-02 0.3028732E-02 0.3028732E-02 0.3068183E-02 0.3068183E-02 0.3090463E-02 0.3094045E-02 0.3095639E-02 0.2311126E-02 0.2311126E-02 -0.7628632E-01 -0.1333742 -0.1944168 -0.2567019 -0.3189000 -0.3805233 -0.4415802 -0.5023544 -0.5632573 -0.6247210 -0.6871136 -0.7506067 -0.8144343 -0.8723201 -0.8723201 -0.8951303 -0.8237582 -0.3905332 -0.2122201 -0.2122201 -0.2763332E-01 -0.2763332E-01 0.6842557E-01 0.6842557E-01 0.1041384 0.1595418 0.1595418 0.1955183 0.1955183 0.1972224 0.1972224 0.1972224 0.1537394 0.1537394 0.8618430E-01 0.8618430E-01 0.1545306E-01 0.1545306E-01 -0.3959849E-01 -0.3959849E-01 -0.7004224E-01 -0.7004224E-01 -0.7004224E-01
0.1287871E-03 0.1287871E-03 0.2983779E-02 0.6223093E-02 0.5273268E-02 0.5273268E-02 0.4758943E-02 0.4555734E-02 0.4555734E-02 0.4607869E-02 0.4607869E-02 0.4637744E-02 0.4643254E-02 0.4645789E-02 0.3568184E-02 0.3568184E-02 -0.1103234 -0.1851944 -0.2611638 -0.3351345 -0.4058861 -0.4732343 -0.5375535 -0.5995021 -0.6598582 -0.7194118 -0.7788876 -0.8386998 -0.8967904 -0.9346252 -0.9346252 -0.8873360 -0.6876265 -0.2294440 -0.1246473 -0.1246473 -0.2109218E-01 -0.2109218E-01 0.4651152E-01 0.4651152E-01 0.7475854E-01 0.1209628 0.1209628 0.1527133 0.1527133 0.1623103 0.1623103 0.1623103 0.1337767 0.1337767 0.8183789E-01 0.8183789E-01 0.2126653E-01 0.2126653E-01 -0.2983080E-01 -0.2983080E-01 -0.5953022E-01 -0.5953022E-01 -0.5953022E-01
0.2009953E-02 0.2009953E-02 0.3926493E-02 0.7827863E-02 0.6822830E-02 0.6822830E-02 0.6287304E-02 0.6090722E-02 0.6090722E-02 0.6149594E-02 0.6149594E-02 0.6182177E-02 0.6188436E-02 0.6191527E-02 0.4711089E-02 0.4711089E-02 -0.1621855 -0.2594934 -0.3527784 -0.4393503 -0.5186848 -0.5912867 -0.6581304 -0.7203770 -0.7792277 -0.8358424 -0.8912852 -0.9457933 -0.9906182 -0.9607107 -0.9607107 -0.7456341 -0.4328782 -0.1258312 -0.8132270E-01 -0.8132270E-01 -0.2190051E-01 -0.2190051E-01 0.2648206E-01 0.2648206E-01 0.4825060E-01 0.8486196E-01 0.8486196E-01 0.1108906 0.1108906 0.1236143 0.1236143 0.1236143 0.1065435 0.1065435 0.6994904E-01 0.6994904E-01 0.2308790E-01 0.2308790E-01 -0.1926046E-01 -0.1926046E-01 -0.4488205E-01 -0.4488205E-01 -0.4488205E-01
