cruce_test.gid/Rasters/Hydraulic/Velocity__y_196.0.asc
NCOLS        79
NROWS        79
XLLCENTER         -1.500000
YLLCENTER         -4.800000
CELLSIZE           0.100
NODATA_VALUE     -9999.0
[rows 0 to 26 of 79, columns 0 to 58 of 79]
-9999.000 -9999.000 -9999.000 -9999.000 -9999.000 -9999.000 -9999.000 -9999.000 -9999.000 -9999.000 -9999.000 -9999.000 -9999.000 -9999.000 -9999.000 -0.9016944E-01 -0.8677840E-01 -0.8512491E-01 -0.8415577E-01 -0.8425961E-01 -0.8502601E-01 -0.8596030E-01 -0.8688791E-01 -0.8776262E-01 -0.8847805E-01 -0.8909060E-01 -0.8964238E-01 -0.9026470E-01 -0.9149043E-01 -0.9279948E-01 -0.9279948E-01 -9999.000 -9999.000 -9999.000 -9999.000 -9999.000 -9999.000 -9999.000 -9999.000 -9999.000 -9999.000 -9999.000 -9999.000 -9999.000 -9999.000 -9999.000 -9999.000 -9999.000 -9999.000 -9999.000 -9999.000 -9999.000 -9999.000 -9999.000 -9999.000 -9999.000 -9999.000 -9999.000 -9999.000
-9999.000 -9999.000 -9999.000 -9999.000 -9999.000 -9999.000 -9999.000 -9999.000 -9999.000 -9999.000 -9999.000 -9999.000 -9999.000 -9999.000 -9999.000 -0.9160956E-01 -0.8442569E-01 -0.8087248E-01 -0.7880072E-01 -0.7905018E-01 -0.8076104E-01 -0.8287502E-01 -0.8500724E-01 -0.8704604E-01 -0.8875359E-01 -0.9024002E-01 -0.9158594E-01 -0.9306094E-01 -0.9577726E-01 -0.9894136E-01 -0.9894136E-01 -9999.000 -9999.000 -9999.000 -9999.000 -9999.000 -9999.000 -9999.000 -9999.000 -9999.000 -9999.000 -9999.000 -9999.000 -9999.000 -9999.000 -9999.000 -9999.000 -9999.000 -9999.000 -9999.000 -9999.000 -9999.000 -9999.000 -9999.000 -9999.000 -9999.000 -9999.000 -9999.000 -9999.000
-9999.000 -9999.000 -9999.000 -9999.000 -9999.000 -9999.000 -9999.000 -9999.000 -9999.000 -9999.000 -9999.000 -9999.000 -9999.000 -9999.000 -9999.000 -0.9229098E-01 -0.8088984E-01 -0.7513526E-01 -0.7181513E-01 -0.7230247E-01 -0.7522964E-01 -0.7888291E-01 -0.8262164E-01 -0.8624360E-01 -0.8934407E-01 -0.9208269E-01 -0.9457200E-01 -0.9722909E-01 -0.1018206 -0.1075561 -0.1075561 -9999.000 -9999.000 -9999.000 -9999.000 -9999.000 -9999.000 -9999.000 -9999.000 -9999.000 -9999.000 -9999.000 -9999.000 -9999.000 -9999.000 -9999.000 -9999.000 -9999.000 -9999.000 -9999.000 -9999.000 -9999.000 -9999.000 -9999.000 -9999.000 -9999.000 -9999.000 -9999.000 -9999.000
-9999.000 -9999.000 -9999.000 -9999.000 -9999.000 -9999.000 -9999.000 -9999.000 -9999.000 -9999.000 -9999.000 -9999.000 -9999.000 -9999.000 -9999.000 -0.9258331E-01 -0.7691666E-01 -0.6894567E-01 -0.6439250E-01 -0.6517391E-01 -0.6940734E-01 -0.7470200E-01 -0.8015613E-01 -0.8547517E-01 -0.9007628E-01 -0.9417067E-01 -0.9789815E-01 -0.1018249 -0.1084033 -0.1171634 -0.1171634 -9999.000 -9999.000 -9999.000 -9999.000 -9999.000 -9999.000 -9999.000 -9999.000 -9999.000 -9999.000 -9999.000 -9999.000 -9999.000 -9999.000 -9999.000 -9999.000 -9999.000 -9999.000 -9999.000 -9999.000 -9999.000 -9999.000 -9999.000 -9999.000 -9999.000 -9999.000 -9999.000 -9999.000
-9999.000 -9999.000 -9999.000 -9999.000 -9999.000 -9999.000 -9999.000 -9999.000 -9999.000 -9999.000 -9999.000 -9999.000 -9999.000 -9999.000 -9999.000 -0.9270996E-01 -0.7267718E-01 -0.6245575E-01 -0.5666142E-01 -0.5776746E-01 -0.6336919E-01 -0.7037424E-01 -0.7761518E-01 -0.8470465E-01 -0.9087177E-01 -0.9638581E-01 -0.1014118 -0.1066719 -0.1153436 -0.1276128 -0.1276128 -9999.000 -9999.000 -9999.000 -9999.000 -9999.000 -9999.000 -9999.000 -9999.000 -9999.000 -9999.000 -9999.000 -9999.000 -9999.000 -9999.000 -9999.000 -9999.000 -9999.000 -9999.000 -9999.000 -9999.000 -9999.000 -9999.000 -9999.000 -9999.000 -9999.000 -9999.000 -9999.000 -9999.000
-9999.000 -9999.000 -9999.000 -9999.000 -9999.000 -9999.000 -9999.000 -9999.000 -9999.000 -9999.000 -9999.000 -9999.000 -9999.000 -9999.000 -9999.000 -0.9274641E-01 -0.6823154E-01 -0.5572172E-01 -0.4867198E-01 -0.5012370E-01 -0.5714499E-01 -0.6591489E-01 -0.7499741E-01 -0.8391365E-01 -0.9169321E-01 -0.9867370E-01 -0.1050446 -0.1116922 -0.1225702 -0.1389080 -0.1389080 -9999.000 -9999.000 -9999.000 -9999.000 -9999.000 -9999.000 -9999.000 -9999.000 -9999.000 -9999.000 -9999.000 -9999.000 -9999.000 -9999.000 -9999.000 -9999.000 -9999.000 -9999.000 -9999.000 -9999.000 -9999.000 -9999.000 -9999.000 -9999.000 -9999.000 -9999.000 -9999.000 -9999.000
-9999.000 -9999.000 -9999.000 -9999.000 -9999.000 -9999.000 -9999.000 -9999.000 -9999.000 -9999.000 -9999.000 -9999.000 -9999.000 -9999.000 -9999.000 -0.9270524E-01 -0.6359017E-01 -0.4875568E-01 -0.4043612E-01 -0.4225307E-01 -0.5074372E-01 -0.6132764E-01 -0.7229920E-01 -0.8309096E-01 -0.9252016E-01 -0.1010064 -0.1087623 -0.1168494 -0.1300594 -0.1511385 -0.1511385 -9999.000 -9999.000 -9999.000 -9999.000 -9999.000 -9999.000 -9999.000 -9999.000 -9999.000 -9999.000 -9999.000 -9999.000 -9999.000 -9999.000 -9999.000 -9999.000 -9999.000 -9999.000 -9999.000 -9999.000 -9999.000 -9999.000 -9999.000 -9999.000 -9999.000 -9999.000 -9999.000 -9999.000
-9999.000 -9999.000 -9999.000 -9999.000 -9999.000 -9999.000 -9999.000 -9999.000 -9999.000 -9999.000 -9999.000 -9999.000 -9999.000 -9999.000 -9999.000 -0.9256911E-01 -0.5874066E-01 -0.4154921E-01 -0.3194823E-01 -0.3415138E-01 -0.4416331E-01 -0.5660954E-01 -0.6951463E-01 -0.8222761E-01 -0.9333799E-01 -0.1033650 -0.1125433 -0.1221226 -0.1378075 -0.1644526 -0.1644526 -9999.000 -9999.000 -9999.000 -9999.000 -9999.000 -9999.000 -9999.000 -9999.000 -9999.000 -9999.000 -9999.000 -9999.000 -9999.000 -9999.000 -9999.000 -9999.000 -9999.000 -9999.000 -9999.000 -9999.000 -9999.000 -9999.000 -9999.000 -9999.000 -9999.000 -9999.000 -9999.000 -9999.000
-9999.000 -9999.000 -9999.000 -9999.000 -9999.000 -9999.000 -9999.000 -9999.000 -9999.000 -9999.000 -9999.000 -9999.000 -9999.000 -9999.000 -9999.000 -0.9230293E-01 -0.5365846E-01 -0.3408282E-01 -0.2319307E-01 -0.2580763E-01 -0.3739657E-01 -0.5175358E-01 -0.6663527E-01 -0.8131369E-01 -0.9413232E-01 -0.1057324 -0.1163686 -0.1274948 -0.1458185 -0.1790551 -0.1790551 -9999.000 -9999.000 -9999.000 -9999.000 -9999.000 -9999.000 -9999.000 -9999.000 -9999.000 -9999.000 -9999.000 -9999.000 -9999.000 -9999.000 -9999.000 -9999.000 -9999.000 -9999.000 -9999.000 -9999.000 -9999.000 -9999.000 -9999.000 -9999.000 -9999.000 -9999.000 -9999.000 -9999.000
-9999.000 -9999.000 -9999.000 -9999.000 -9999.000 -9999.000 -9999.000 -9999.000 -9999.000 -9999.000 -9999.000 -9999.000 -9999.000 -9999.000 -9999.000 -0.9185880E-01 -0.4830958E-01 -0.2632853E-01 -0.1414796E-01 -0.1720399E-01 -0.3043166E-01 -0.4674933E-01 -0.6364979E-01 -0.8033697E-01 -0.9488565E-01 -0.1080886 -0.1202164 -0.1329472 -0.1540984 -0.1952169 -0.1952169 -9999.000 -9999.000 -9999.000 -9999.000 -9999.000 -9999.000 -9999.000 -9999.000 -9999.000 -9999.000 -9999.000 -9999.000 -9999.000 -9999.000 -9999.000 -9999.000 -9999.000 -9999.000 -9999.000 -9999.000 -9999.000 -9999.000 -9999.000 -9999.000 -9999.000 -9999.000 -9999.000 -9999.000
-9999.000 -9999.000 -9999.000 -9999.000 -9999.000 -9999.000 -9999.000 -9999.000 -9999.000 -9999.000 -9999.000 -9999.000 -9999.000 -9999.000 -9999.000 -0.9117456E-01 -0.4265118E-01 -0.1825001E-01 -0.4782874E-02 -0.8316962E-02 -0.2325238E-01 -0.4158213E-01 -0.6054266E-01 -0.7928029E-01 -0.9557547E-01 -0.1104075 -0.1240583 -0.1384538 -0.1626498 -0.2132963 -0.2132963 -9999.000 -9999.000 -9999.000 -9999.000 -9999.000 -9999.000 -9999.000 -9999.000 -9999.000 -9999.000 -9999.000 -9999.000 -9999.000 -9999.000 -9999.000 -9999.000 -9999.000 -9999.000 -9999.000 -9999.000 -9999.000 -9999.000 -9999.000 -9999.000 -9999.000 -9999.000 -9999.000 -9999.000
-9999.000 -9999.000 -9999.000 -9999.000 -9999.000 -9999.000 -9999.000 -9999.000 -9999.000 -9999.000 -9999.000 -9999.000 -9999.000 -9999.000 -9999.000 -0.9016735E-01 -0.3662513E-01 -0.9796380E-02 0.4943633E-02 0.8833749E-03 -0.1583875E-01 -0.3623359E-01 -0.5729397E-01 -0.7812242E-01 -0.9617272E-01 -0.1126554 -0.1278562 -0.1439781 -0.1714698 -0.2337750 -0.2337750 -9999.000 -9999.000 -9999.000 -9999.000 -9999.000 -9999.000 -9999.000 -9999.000 -9999.000 -9999.000 -9999.000 -9999.000 -9999.000 -9999.000 -9999.000 -9999.000 -9999.000 -9999.000 -9999.000 -9999.000 -9999.000 -9999.000 -9999.000 -9999.000 -9999.000 -9999.000 -9999.000 -9999.000
-9999.000 -9999.000 -9999.000 -9999.000 -9999.000 -9999.000 -9999.000 -9999.000 -9999.000 -9999.000 -9999.000 -9999.000 -9999.000 -9999.000 -9999.000 -0.8866627E-01 -0.3009840E-01 -0.8504645E-03 0.1511241E-01 0.1042788E-01 -0.8188024E-02 -0.3070358E-01 -0.5390066E-01 -0.7685512E-01 -0.9665644E-01 -0.1148021 -0.1315708 -0.1494790 -0.1805540 -0.2573242 -0.2573242 -9999.000 -9999.000 -9999.000 -9999.000 -9999.000 -9999.000 -9999.000 -9999.000 -9999.000 -9999.000 -9999.000 -9999.000 -9999.000 -9999.000 -9999.000 -9999.000 -9999.000 -9999.000 -9999.000 -9999.000 -9999.000 -9999.000 -9999.000 -9999.000 -9999.000 -9999.000 -9999.000 -9999.000
-9999.000 -9999.000 -9999.000 -9999.000 -9999.000 -9999.000 -9999.000 -9999.000 -9999.000 -9999.000 -9999.000 -9999.000 -9999.000 -9999.000 -9999.000 -0.8456899E-01 -0.2134952E-01 0.9873651E-02 0.2609395E-01 0.1995950E-01 -0.8966707E-03 -0.2557956E-01 -0.5090717E-01 -0.7596224E-01 -0.9743483E-01 -0.1171861 -0.1354780 -0.1551880 -0.1901469 -0.2851844 -0.2851844 -9999.000 -9999.000 -9999.000 -9999.000 -9999.000 -9999.000 -9999.000 -9999.000 -9999.000 -9999.000 -9999.000 -9999.000 -9999.000 -9999.000 -9999.000 -9999.000 -9999.000 -9999.000 -9999.000 -9999.000 -9999.000 -9999.000 -9999.000 -9999.000 -9999.000 -9999.000 -9999.000 -9999.000
-9999.000 -9999.000 -9999.000 -9999.000 -9999.000 -9999.000 -9999.000 -9999.000 -9999.000 -9999.000 -9999.000 -9999.000 -9999.000 -9999.000 -9999.000 -0.1203842E-01 0.1732225E-01 0.2862523E-01 0.2754704E-01 0.1153262E-01 -0.1139758E-01 -0.3523190E-01 -0.5969568E-01 -0.8414584E-01 -0.1049552 -0.1244517 -0.1427961 -0.1631900 -0.2013510 -0.3174557 -0.3174557 -9999.000 -9999.000 -9999.000 -9999.000 -9999.000 -9999.000 -9999.000 -9999.000 -9999.000 -9999.000 -9999.000 -9999.000 -9999.000 -9999.000 -9999.000 -9999.000 -9999.000 -9999.000 -9999.000 -9999.000 -9999.000 -9999.000 -9999.000 -9999.000 -9999.000 -9999.000 -9999.000 -9999.000
-0.4434748E-02 -0.4434748E-02 -0.4996247E-02 -0.6677086E-02 -0.6618059E-02 -0.6618059E-02 -0.6606296E-02 -0.6603492E-02 -0.6603492E-02 -0.6585476E-02 -0.6585476E-02 -0.6553538E-02 -0.6535066E-02 -0.6515464E-02 -0.6496076E-02 -0.6496076E-02 0.4508271E-01 0.4273044E-01 0.2921889E-01 0.6749027E-02 -0.2098022E-01 -0.5163431E-01 -0.8429825E-01 -0.1179382 -0.1505692 -0.1815519 -0.2103436 -0.2375643 -0.2691421 -0.3350405 -0.3350405 -0.1915212 -0.1068706 -0.4079803E-01 -0.3167050E-01 -0.3167050E-01 -0.2572789E-01 -0.2572789E-01 -0.1623577E-01 -0.1623577E-01 -0.6509046E-02 0.2115460E-01 0.2115460E-01 0.3528815E-01 0.3528815E-01 -0.1557369E-03 -0.1557369E-03 -0.1557369E-03 -0.1542916E-02 -0.1542916E-02 -0.1091630E-02 -0.1091630E-02 -0.1466338E-02 -0.1466338E-02 -0.2477753E-02 -0.2477753E-02 -0.3603580E-02 -0.3603580E-02 -0.3603580E-02
-0.6629200E-02 -0.6629200E-02 -0.7433092E-02 -0.9501623E-02 -0.9305555E-02 -0.9305555E-02 -0.9261625E-02 -0.9280081E-02 -0.9280081E-02 -0.9283790E-02 -0.9283790E-02 -0.9261714E-02 -0.9246046E-02 -0.9228833E-02 -0.9214937E-02 -0.9214937E-02 0.3762011E-01 0.3715063E-01 0.2410061E-01 0.8555784E-03 -0.3161584E-01 -0.7176435E-01 -0.1172359 -0.1660145 -0.2166708 -0.2669820 -0.3152215 -0.3596306 -0.3978128 -0.4245809 -0.4245809 -0.2943398 -0.2008576 -0.1101597 -0.9215144E-01 -0.9215144E-01 -0.7170571E-01 -0.7170571E-01 -0.3788609E-01 -0.3788609E-01 -0.8236152E-02 0.6830677E-01 0.6830677E-01 0.1111962 0.1111962 0.3598438E-01 0.3598438E-01 0.3598438E-01 0.1221324E-01 0.1221324E-01 0.1971300E-02 0.1971300E-02 -0.3848348E-02 -0.3848348E-02 -0.8112153E-02 -0.8112153E-02 -0.1129494E-01 -0.1129494E-01 -0.1129494E-01
-0.5026346E-02 -0.5026346E-02 -0.6546143E-02 -0.8085765E-02 -0.7841110E-02 -0.7841110E-02 -0.7775925E-02 -0.7822296E-02 -0.7822296E-02 -0.7863423E-02 -0.7863423E-02 -0.7869746E-02 -0.7867008E-02 -0.7862815E-02 -0.7868261E-02 -0.7868261E-02 0.2574606E-01 0.2602847E-01 0.1381217E-01 -0.9170610E-02 -0.4187570E-01 -0.8306320E-01 -0.1309847 -0.1839593 -0.2407210 -0.2995160 -0.3586548 -0.4162716 -0.4695516 -0.5120464 -0.5120464 -0.4327171 -0.3537157 -0.2430026 -0.2080547 -0.2080547 -0.1505783 -0.1505783 -0.6549875E-01 -0.6549875E-01 -0.3267776E-02 0.1346704 0.1346704 0.2127494 0.2127494 0.1143458 0.1143458 0.1143458 0.4843514E-01 0.4843514E-01 0.1247735E-01 0.1247735E-01 -0.6806302E-02 -0.6806302E-02 -0.1800165E-01 -0.1800165E-01 -0.2462666E-01 -0.2462666E-01 -0.2462666E-01
-0.3391860E-02 -0.3391860E-02 -0.5625742E-02 -0.6568888E-02 -0.6294909E-02 -0.6294909E-02 -0.6207807E-02 -0.6248331E-02 -0.6248331E-02 -0.6293118E-02 -0.6293118E-02 -0.6299522E-02 -0.6296877E-02 -0.6293235E-02 -0.6306963E-02 -0.6306963E-02 0.1446113E-01 0.1268077E-01 -0.4750654E-03 -0.2406398E-01 -0.5709206E-01 -0.9849562E-01 -0.1469259 -0.2009941 -0.2595825 -0.3213789 -0.3850311 -0.4490078 -0.5108980 -0.5648887 -0.5648887 -0.5339530 -0.4810818 -0.3776162 -0.3322689 -0.3322689 -0.2315320 -0.2315320 -0.7669897E-01 -0.7669897E-01 0.1979734E-01 0.1970473 0.1970473 0.2869495 0.2869495 0.1883794 0.1883794 0.1883794 0.9143071E-01 0.9143071E-01 0.2806433E-01 0.2806433E-01 -0.8225146E-02 -0.8225146E-02 -0.2859589E-01 -0.2859589E-01 -0.3954443E-01 -0.3954443E-01 -0.3954443E-01
-0.1736708E-02 -0.1736708E-02 -0.4713084E-02 -0.5021553E-02 -0.4743886E-02 -0.4743886E-02 -0.4648466E-02 -0.4678079E-02 -0.4678079E-02 -0.4718855E-02 -0.4718855E-02 -0.4723853E-02 -0.4721391E-02 -0.4718310E-02 -0.4742098E-02 -0.4742098E-02 0.3770842E-02 -0.2370538E-02 -0.1848819E-01 -0.4410528E-01 -0.7840388E-01 -0.1205003 -0.1693604 -0.2238762 -0.2830738 -0.3459111 -0.4112976 -0.4780102 -0.5441589 -0.6051112 -0.6051112 -0.6090867 -0.5827689 -0.4977599 -0.4442467 -0.4442467 -0.2885933 -0.2885933 -0.5769848E-01 -0.5769848E-01 0.6107356E-01 0.2425012 0.2425012 0.3247416 0.3247416 0.2420117 0.2420117 0.2420117 0.1327094 0.1327094 0.4777421E-01 0.4777421E-01 -0.5939411E-02 -0.5939411E-02 -0.3697660E-01 -0.3697660E-01 -0.5324003E-01 -0.5324003E-01 -0.5324003E-01
-0.5761414E-04 -0.5761414E-04 -0.3828548E-02 -0.3450951E-02 -0.3192324E-02 -0.3192324E-02 -0.3101499E-02 -0.3117166E-02 -0.3117166E-02 -0.3149214E-02 -0.3149214E-02 -0.3153387E-02 -0.3151316E-02 -0.3148943E-02 -0.3185370E-02 -0.3185370E-02 -0.6940721E-02 -0.1930692E-01 -0.4036684E-01 -0.6967822E-01 -0.1065201 -0.1501629 -0.1998413 -0.2547472 -0.3141258 -0.3771853 -0.4430711 -0.5108058 -0.5789150 -0.6438323 -0.6438323 -0.6710653 -0.6668626 -0.5970249 -0.5284752 -0.5284752 -0.2976458 -0.2976458 -0.1224991E-01 -0.1224991E-01 0.1058505 0.2622407 0.2622407 0.3298814 0.3298814 0.2709037 0.2709037 0.2709037 0.1663353 0.1663353 0.6954735E-01 0.6954735E-01 0.6674930E-03 0.6674930E-03 -0.4162391E-01 -0.4162391E-01 -0.6410569E-01 -0.6410569E-01 -0.6410569E-01
0.5253752E-03 0.5253752E-03 -0.2265193E-02 -0.1775171E-02 -0.1611157E-02 -0.1611157E-02 -0.1553806E-02 -0.1559644E-02 -0.1559644E-02 -0.1578285E-02 -0.1578285E-02 -0.1580990E-02 -0.1579859E-02 -0.1578276E-02 -0.1632411E-02 -0.1632411E-02 -0.1855161E-01 -0.3884687E-01 -0.6676968E-01 -0.1015366 -0.1423732 -0.1886377 -0.2397801 -0.2952845 -0.3546728 -0.4174423 -0.4830160 -0.5506821 -0.6193186 -0.6861501 -0.6861501 -0.7279579 -0.7395066 -0.6665056 -0.5646955 -0.5646955 -0.2497956 -0.2497956 0.3752467E-01 0.3752467E-01 0.1353380 0.2562673 0.2562673 0.3113679 0.3113679 0.2770112 0.2770112 0.2770112 0.1882125 0.1882125 0.9022138E-01 0.9022138E-01 0.1087839E-01 0.1087839E-01 -0.4191222E-01 -0.4191222E-01 -0.7107297E-01 -0.7107297E-01 -0.7107297E-01
0.1326751E-06 0.1326751E-06 -0.1698720E-06 -0.3990495E-07 0.3074331E-06 0.3074331E-06 0.1888991E-06 0.9548298E-07 0.9548298E-07 -0.2411926E-06 -0.2411926E-06 -0.9028211E-07 -0.7008079E-07 -0.5659851E-07 -0.8003330E-04 -0.8003330E-04 -0.3225191E-01 -0.6228855E-01 -0.9900272E-01 -0.1410106 -0.1873477 -0.2373980 -0.2907832 -0.3472551 -0.4066352 -0.4687410 -0.5333195 -0.5999734 -0.6679140 -0.7348008 -0.7348008 -0.7840072 -0.8022040 -0.6854312 -0.5279400 -0.5279400 -0.1664467 -0.1664467 0.6931556E-01 0.6931556E-01 0.1409202 0.2314175 0.2314175 0.2784338 0.2784338 0.2650483 0.2650483 0.2650483 0.1963950 0.1963950 0.1062284 0.1062284 0.2282006E-01 0.2282006E-01 -0.3802368E-01 -0.3802368E-01 -0.7347053E-01 -0.7347053E-01 -0.7347053E-01
-0.5251130E-03 -0.5251130E-03 0.2264783E-02 0.1775163E-02 0.1611592E-02 0.1611592E-02 0.1554244E-02 0.1559907E-02 0.1559907E-02 0.1577823E-02 0.1577823E-02 0.1580705E-02 0.1579740E-02 0.1578111E-02 0.1462553E-02 0.1462553E-02 -0.4973330E-01 -0.9167773E-01 -0.1392204 -0.1902387 -0.2435189 -0.2984565 -0.3548373 -0.4126716 -0.4720852 -0.5332282 -0.5961955 -0.6609365 -0.7269306 -0.7915355 -0.7915355 -0.8398697 -0.8477723 -0.6218925 -0.4134153 -0.4134153 -0.8789954E-01 -0.8789954E-01 0.7610503E-01 0.7610503E-01 0.1265396 0.1963676 0.1963676 0.2382380 0.2382380 0.2401926 0.2401926 0.2401926 0.1911377 0.1911377 0.1146232 0.1146232 0.3395801E-01 0.3395801E-01 -0.3087285E-01 -0.3087285E-01 -0.7104245E-01 -0.7104245E-01 -0.7104245E-01
0.5777080E-04 0.5777080E-04 0.3828142E-02 0.3450797E-02 0.3192504E-02 0.3192504E-02 0.3101830E-02 0.3117362E-02 0.3117362E-02 0.3148993E-02 0.3148993E-02 0.3153134E-02 0.3151163E-02 0.3148723E-02 0.2984928E-02 0.2984928E-02 -0.7357500E-01 -0.1302075 -0.1908092 -0.2525408 -0.3140087 -0.3746959 -0.4346075 -0.4940415 -0.5534408 -0.6132913 -0.6740373 -0.7359650 -0.7985291 -0.8565469 -0.8565469 -0.8884929 -0.8489686 -0.4671710 -0.2645946 -0.2645946 -0.4030295E-01 -0.4030295E-01 0.6475409E-01 0.6475409E-01 0.1014888 0.1578500 0.1578500 0.1953256 0.1953256 0.2068634 0.2068634 0.2068634 0.1742993 0.1742993 0.1138574 0.1138574 0.4181219E-01 0.4181219E-01 -0.2188997E-01 -0.2188997E-01 -0.6398065E-01 -0.6398065E-01 -0.6398065E-01
0.1736893E-02 0.1736893E-02 0.4712683E-02 0.5021509E-02 0.4743981E-02 0.4743981E-02 0.4648610E-02 0.4678105E-02 0.4678105E-02 0.4718743E-02 0.4718743E-02 0.4723746E-02 0.4721029E-02 0.4718200E-02 0.4486687E-02 0.4486687E-02 -0.1080245 -0.1830003 -0.2590845 -0.3330164 -0.4034995 -0.4703147 -0.5338277 -0.5947040 -0.6537418 -0.7117693 -0.7695700 -0.8276764 -0.8843527 -0.9238241 -0.9238241 -0.8993857 -0.7473534 -0.2779835 -0.1443789 -0.1443789 -0.2221127E-01 -0.2221127E-01 0.4585850E-01 0.4585850E-01 0.7375841E-01 0.1197505 0.1197505 0.1521855 0.1521855 0.1683759 0.1683759 0.1683759 0.1484634 0.1484634 0.1039297 0.1039297 0.4459933E-01 0.4459933E-01 -0.1267575E-01 -0.1267575E-01 -0.5291105E-01 -0.5291105E-01 -0.5291105E-01
0.3391968E-02 0.3391968E-02 0.5625329E-02 0.6568954E-02 0.6295041E-02 0.6295041E-02 0.6207885E-02 0.6248279E-02 0.6248279E-02 0.6293076E-02 0.6293076E-02 0.6299393E-02 0.6296658E-02 0.6293303E-02 0.5965862E-02 0.5965862E-02 -0.1606385 -0.2586541 -0.3526001 -0.4396204 -0.5191174 -0.5915650 -0.6579300 -0.7193794 -0.7771284 -0.8323616 -0.8861844 -0.9390183 -0.9828600 -0.9609527 -0.9609527 -0.7928112 -0.5076516 -0.1354299 -0.7814628E-01 -0.7814628E-01 -0.1893677E-01 -0.1893677E-01 0.2666062E-01 0.2666062E-01 0.4776776E-01 0.8386004E-01 0.8386004E-01 0.1101627 0.1101627 0.1271778 0.1271778 0.1271778 0.1163580 0.1163580 0.8613100E-01 0.8613100E-01 0.4168034E-01 0.4168034E-01 -0.4551109E-02 -0.4551109E-02 -0.3877253E-01 -0.3877253E-01 -0.3877253E-01
