cruce_test.gid/Rasters/Hydraulic/Velocity__y_346.0.asc
NCOLS        79
NROWS        79
XLLCENTER         -1.500000
YLLCENTER         -4.800000
CELLSIZE           0.100
NODATA_VALUE     -9999.0
[rows 0 to 26 of 79, columns 0 to 58 of 79]
-9999.000 -9999.000 -9999.000 -9999.000 -9999.000 -9999.000 -9999.000 -9999.000 -9999.000 -9999.000 -9999.000 -9999.000 -9999.000 -9999.000 -9999.000 -0.1003768 -0.9881769E-01 -0.9877943E-01 -0.9903035E-01 -0.9941254E-01 -0.9987627E-01 -0.1003676 -0.1008326 -0.1012752 -0.1016777 -0.1020402 -0.1024215 -0.1030371 -0.1045222 -0.1058223 -0.1058223 -9999.000 -9999.000 -9999.000 -9999.000 -9999.000 -9999.000 -9999.000 -9999.000 -9999.000 -9999.000 -9999.000 -9999.000 -9999.000 -9999.000 -9999.000 -9999.000 -9999.000 -9999.000 -9999.000 -9999.000 -9999.000 -9999.000 -9999.000 -9999.000 -9999.000 -9999.000 -9999.000 -9999.000
-9999.000 -9999.000 -9999.000 -9999.000 -9999.000 -9999.000 -9999.000 -9999.000 -9999.000 -9999.000 -9999.000 -9999.000 -9999.000 -9999.000 -9999.000 -0.9845687E-01 -0.9530375E-01 -0.9524249E-01 -0.9582467E-01 -0.9671536E-01 -0.9780467E-01 -0.9897212E-01 -0.1000978 -0.1011847 -0.1021912 -0.1031142 -0.1040747 -0.1055223 -0.1087805 -0.1119629 -0.1119629 -9999.000 -9999.000 -9999.000 -9999.000 -9999.000 -9999.000 -9999.000 -9999.000 -9999.000 -9999.000 -9999.000 -9999.000 -9999.000 -9999.000 -9999.000 -9999.000 -9999.000 -9999.000 -9999.000 -9999.000 -9999.000 -9999.000 -9999.000 -9999.000 -9999.000 -9999.000 -9999.000 -9999.000
-9999.000 -9999.000 -9999.000 -9999.000 -9999.000 -9999.000 -9999.000 -9999.000 -9999.000 -9999.000 -9999.000 -9999.000 -9999.000 -9999.000 -9999.000 -0.9504540E-01 -0.9031311E-01 -0.9027785E-01 -0.9133631E-01 -0.9294979E-01 -0.9493364E-01 -0.9708256E-01 -0.9919200E-01 -0.1012563 -0.1031976 -0.1050019 -0.1068555 -0.1094701 -0.1149533 -0.1208097 -0.1208097 -9999.000 -9999.000 -9999.000 -9999.000 -9999.000 -9999.000 -9999.000 -9999.000 -9999.000 -9999.000 -9999.000 -9999.000 -9999.000 -9999.000 -9999.000 -9999.000 -9999.000 -9999.000 -9999.000 -9999.000 -9999.000 -9999.000 -9999.000 -9999.000 -9999.000 -9999.000 -9999.000 -9999.000
-9999.000 -9999.000 -9999.000 -9999.000 -9999.000 -9999.000 -9999.000 -9999.000 -9999.000 -9999.000 -9999.000 -9999.000 -9999.000 -9999.000 -9999.000 -0.9090905E-01 -0.8473445E-01 -0.8476849E-01 -0.8636700E-01 -0.8878604E-01 -0.9176427E-01 -0.9500686E-01 -0.9821878E-01 -0.1013837 -0.1043815 -0.1071821 -0.1100358 -0.1139261 -0.1217880 -0.1308656 -0.1308656 -9999.000 -9999.000 -9999.000 -9999.000 -9999.000 -9999.000 -9999.000 -9999.000 -9999.000 -9999.000 -9999.000 -9999.000 -9999.000 -9999.000 -9999.000 -9999.000 -9999.000 -9999.000 -9999.000 -9999.000 -9999.000 -9999.000 -9999.000 -9999.000 -9999.000 -9999.000 -9999.000 -9999.000
-9999.000 -9999.000 -9999.000 -9999.000 -9999.000 -9999.000 -9999.000 -9999.000 -9999.000 -9999.000 -9999.000 -9999.000 -9999.000 -9999.000 -9999.000 -0.8627703E-01 -0.7875951E-01 -0.7889059E-01 -0.8106944E-01 -0.8434640E-01 -0.8838277E-01 -0.9278971E-01 -0.9717752E-01 -0.1015195 -0.1056481 -0.1095156 -0.1134397 -0.1186916 -0.1290897 -0.1419852 -0.1419852 -9999.000 -9999.000 -9999.000 -9999.000 -9999.000 -9999.000 -9999.000 -9999.000 -9999.000 -9999.000 -9999.000 -9999.000 -9999.000 -9999.000 -9999.000 -9999.000 -9999.000 -9999.000 -9999.000 -9999.000 -9999.000 -9999.000 -9999.000 -9999.000 -9999.000 -9999.000 -9999.000 -9999.000
-9999.000 -9999.000 -9999.000 -9999.000 -9999.000 -9999.000 -9999.000 -9999.000 -9999.000 -9999.000 -9999.000 -9999.000 -9999.000 -9999.000 -9999.000 -0.8123856E-01 -0.7246879E-01 -0.7272067E-01 -0.7550924E-01 -0.7968186E-01 -0.8482283E-01 -0.9044503E-01 -0.9606051E-01 -0.1016337 -0.1069456 -0.1119303 -0.1169787 -0.1236701 -0.1367775 -0.1541885 -0.1541885 -9999.000 -9999.000 -9999.000 -9999.000 -9999.000 -9999.000 -9999.000 -9999.000 -9999.000 -9999.000 -9999.000 -9999.000 -9999.000 -9999.000 -9999.000 -9999.000 -9999.000 -9999.000 -9999.000 -9999.000 -9999.000 -9999.000 -9999.000 -9999.000 -9999.000 -9999.000 -9999.000 -9999.000
-9999.000 -9999.000 -9999.000 -9999.000 -9999.000 -9999.000 -9999.000 -9999.000 -9999.000 -9999.000 -9999.000 -9999.000 -9999.000 -9999.000 -9999.000 -0.7581465E-01 -0.6588741E-01 -0.6628446E-01 -0.6970781E-01 -0.7480755E-01 -0.8109199E-01 -0.8797146E-01 -0.9485544E-01 -0.1017036 -0.1082407 -0.1143828 -0.1206021 -0.1288113 -0.1448251 -0.1676013 -0.1676013 -9999.000 -9999.000 -9999.000 -9999.000 -9999.000 -9999.000 -9999.000 -9999.000 -9999.000 -9999.000 -9999.000 -9999.000 -9999.000 -9999.000 -9999.000 -9999.000 -9999.000 -9999.000 -9999.000 -9999.000 -9999.000 -9999.000 -9999.000 -9999.000 -9999.000 -9999.000 -9999.000 -9999.000
-9999.000 -9999.000 -9999.000 -9999.000 -9999.000 -9999.000 -9999.000 -9999.000 -9999.000 -9999.000 -9999.000 -9999.000 -9999.000 -9999.000 -9999.000 -0.6999099E-01 -0.5901237E-01 -0.5958157E-01 -0.6366404E-01 -0.6971960E-01 -0.7718324E-01 -0.8535760E-01 -0.9354565E-01 -0.1017075 -0.1095059 -0.1168400 -0.1242731 -0.1340835 -0.1532332 -0.1824330 -0.1824330 -9999.000 -9999.000 -9999.000 -9999.000 -9999.000 -9999.000 -9999.000 -9999.000 -9999.000 -9999.000 -9999.000 -9999.000 -9999.000 -9999.000 -9999.000 -9999.000 -9999.000 -9999.000 -9999.000 -9999.000 -9999.000 -9999.000 -9999.000 -9999.000 -9999.000 -9999.000 -9999.000 -9999.000
-9999.000 -9999.000 -9999.000 -9999.000 -9999.000 -9999.000 -9999.000 -9999.000 -9999.000 -9999.000 -9999.000 -9999.000 -9999.000 -9999.000 -9999.000 -0.6373364E-01 -0.5182423E-01 -0.5259667E-01 -0.5736291E-01 -0.6440231E-01 -0.7307988E-01 -0.8258445E-01 -0.9210855E-01 -0.1016199 -0.1107116 -0.1192679 -0.1279565 -0.1394590 -0.1620133 -0.1989801 -0.1989801 -9999.000 -9999.000 -9999.000 -9999.000 -9999.000 -9999.000 -9999.000 -9999.000 -9999.000 -9999.000 -9999.000 -9999.000 -9999.000 -9999.000 -9999.000 -9999.000 -9999.000 -9999.000 -9999.000 -9999.000 -9999.000 -9999.000 -9999.000 -9999.000 -9999.000 -9999.000 -9999.000 -9999.000
-9999.000 -9999.000 -9999.000 -9999.000 -9999.000 -9999.000 -9999.000 -9999.000 -9999.000 -9999.000 -9999.000 -9999.000 -9999.000 -9999.000 -9999.000 -0.5699544E-01 -0.4429206E-01 -0.4530312E-01 -0.5077868E-01 -0.5883024E-01 -0.6875610E-01 -0.7962529E-01 -0.9051485E-01 -0.1014087 -0.1118218 -0.1216264 -0.1316103 -0.1449053 -0.1711809 -0.2176469 -0.2176469 -9999.000 -9999.000 -9999.000 -9999.000 -9999.000 -9999.000 -9999.000 -9999.000 -9999.000 -9999.000 -9999.000 -9999.000 -9999.000 -9999.000 -9999.000 -9999.000 -9999.000 -9999.000 -9999.000 -9999.000 -9999.000 -9999.000 -9999.000 -9999.000 -9999.000 -9999.000 -9999.000 -9999.000
-9999.000 -9999.000 -9999.000 -9999.000 -9999.000 -9999.000 -9999.000 -9999.000 -9999.000 -9999.000 -9999.000 -9999.000 -9999.000 -9999.000 -9999.000 -0.4971738E-01 -0.3637380E-01 -0.3766382E-01 -0.4387607E-01 -0.5296789E-01 -0.6417704E-01 -0.7644368E-01 -0.8872493E-01 -0.1010316 -0.1127893 -0.1238625 -0.1351787 -0.1503763 -0.1807477 -0.2389867 -0.2389867 -9999.000 -9999.000 -9999.000 -9999.000 -9999.000 -9999.000 -9999.000 -9999.000 -9999.000 -9999.000 -9999.000 -9999.000 -9999.000 -9999.000 -9999.000 -9999.000 -9999.000 -9999.000 -9999.000 -9999.000 -9999.000 -9999.000 -9999.000 -9999.000 -9999.000 -9999.000 -9999.000 -9999.000
-9999.000 -9999.000 -9999.000 -9999.000 -9999.000 -9999.000 -9999.000 -9999.000 -9999.000 -9999.000 -9999.000 -9999.000 -9999.000 -9999.000 -9999.000 -0.4182671E-01 -0.2801444E-01 -0.2962925E-01 -0.3660681E-01 -0.4676778E-01 -0.5929482E-01 -0.7299012E-01 -0.8668479E-01 -0.1004302 -0.1135489 -0.1259026 -0.1385823 -0.1558037 -0.1907140 -0.2637710 -0.2637710 -9999.000 -9999.000 -9999.000 -9999.000 -9999.000 -9999.000 -9999.000 -9999.000 -9999.000 -9999.000 -9999.000 -9999.000 -9999.000 -9999.000 -9999.000 -9999.000 -9999.000 -9999.000 -9999.000 -9999.000 -9999.000 -9999.000 -9999.000 -9999.000 -9999.000 -9999.000 -9999.000 -9999.000
-9999.000 -9999.000 -9999.000 -9999.000 -9999.000 -9999.000 -9999.000 -9999.000 -9999.000 -9999.000 -9999.000 -9999.000 -9999.000 -9999.000 -9999.000 -0.3323168E-01 -0.1914083E-01 -0.2113098E-01 -0.2890429E-01 -0.4016355E-01 -0.5404304E-01 -0.6919504E-01 -0.8431860E-01 -0.9952246E-01 -0.1140076 -0.1276403 -0.1417049 -0.1610799 -0.2010553 -0.2931060 -0.2931060 -9999.000 -9999.000 -9999.000 -9999.000 -9999.000 -9999.000 -9999.000 -9999.000 -9999.000 -9999.000 -9999.000 -9999.000 -9999.000 -9999.000 -9999.000 -9999.000 -9999.000 -9999.000 -9999.000 -9999.000 -9999.000 -9999.000 -9999.000 -9999.000 -9999.000 -9999.000 -9999.000 -9999.000
-9999.000 -9999.000 -9999.000 -9999.000 -9999.000 -9999.000 -9999.000 -9999.000 -9999.000 -9999.000 -9999.000 -9999.000 -9999.000 -9999.000 -9999.000 -0.2376002E-01 -0.9625071E-02 -0.1205958E-01 -0.2067109E-01 -0.3306539E-01 -0.4833506E-01 -0.6496899E-01 -0.8152707E-01 -0.9819685E-01 -0.1140351 -0.1289221 -0.1443726 -0.1660356 -0.2117016 -0.3286551 -0.3286551 -9999.000 -9999.000 -9999.000 -9999.000 -9999.000 -9999.000 -9999.000 -9999.000 -9999.000 -9999.000 -9999.000 -9999.000 -9999.000 -9999.000 -9999.000 -9999.000 -9999.000 -9999.000 -9999.000 -9999.000 -9999.000 -9999.000 -9999.000 -9999.000 -9999.000 -9999.000 -9999.000 -9999.000
-9999.000 -9999.000 -9999.000 -9999.000 -9999.000 -9999.000 -9999.000 -9999.000 -9999.000 -9999.000 -9999.000 -9999.000 -9999.000 -9999.000 -9999.000 -0.1572279E-02 0.3484572E-02 -0.2909102E-02 -0.1333642E-01 -0.2737860E-01 -0.4426174E-01 -0.6236432E-01 -0.8017933E-01 -0.9805691E-01 -0.1149257 -0.1307324 -0.1472761 -0.1710650 -0.2226655 -0.3705890 -0.3705890 -9999.000 -9999.000 -9999.000 -9999.000 -9999.000 -9999.000 -9999.000 -9999.000 -9999.000 -9999.000 -9999.000 -9999.000 -9999.000 -9999.000 -9999.000 -9999.000 -9999.000 -9999.000 -9999.000 -9999.000 -9999.000 -9999.000 -9999.000 -9999.000 -9999.000 -9999.000 -9999.000 -9999.000
-0.3804459E-02 -0.3804459E-02 -0.4588224E-02 -0.6997082E-02 -0.6397130E-02 -0.6397130E-02 -0.6187273E-02 -0.6125057E-02 -0.6125057E-02 -0.6127596E-02 -0.6127596E-02 -0.6111716E-02 -0.6098086E-02 -0.6082819E-02 -0.6067515E-02 -0.6067515E-02 0.1018855E-01 0.3593676E-02 -0.9773259E-02 -0.2893967E-01 -0.5275492E-01 -0.7967193E-01 -0.1080061 -0.1366290 -0.1643078 -0.1901548 -0.2141992 -0.2386896 -0.2735991 -0.3642320 -0.3642320 -0.1964727 -0.1024407 -0.3267334E-01 -0.2360489E-01 -0.2360489E-01 -0.1604619E-01 -0.1604619E-01 -0.2370107E-02 -0.2370107E-02 0.8616873E-02 0.2568754E-01 0.2568754E-01 -0.1067775E-01 -0.1067775E-01 -0.1944306E-02 -0.1944306E-02 -0.1944306E-02 0.2286773E-02 0.2286773E-02 0.2570138E-02 0.2570138E-02 0.1243433E-02 0.1243433E-02 -0.2520737E-03 -0.2520737E-03 -0.1565565E-02 -0.1565565E-02 -0.1565565E-02
-0.5400891E-02 -0.5400891E-02 -0.6923951E-02 -0.1010433E-01 -0.9022233E-02 -0.9022233E-02 -0.8628719E-02 -0.8567277E-02 -0.8567277E-02 -0.8635957E-02 -0.8635957E-02 -0.8654051E-02 -0.8647290E-02 -0.8635573E-02 -0.8626764E-02 -0.8626764E-02 0.7068127E-02 0.1463464E-03 -0.1678550E-01 -0.4247240E-01 -0.7536982E-01 -0.1138789 -0.1562865 -0.2006144 -0.2451660 -0.2882576 -0.3282251 -0.3632740 -0.3921923 -0.4165627 -0.4165627 -0.2776237 -0.1807623 -0.8983652E-01 -0.7167834E-01 -0.7167834E-01 -0.4528399E-01 -0.4528399E-01 0.8497463E-03 0.8497463E-03 0.3345577E-01 0.8572783E-01 0.8572783E-01 0.3460776E-01 0.3460776E-01 0.9032050E-02 0.9032050E-02 0.9032050E-02 0.7020391E-02 0.7020391E-02 0.3877146E-02 0.3877146E-02 -0.7153917E-04 -0.7153917E-04 -0.3623306E-02 -0.3623306E-02 -0.6322173E-02 -0.6322173E-02 -0.6322173E-02
-0.3475715E-02 -0.3475715E-02 -0.6275422E-02 -0.8581297E-02 -0.7685390E-02 -0.7685390E-02 -0.7235361E-02 -0.7166214E-02 -0.7166214E-02 -0.7304069E-02 -0.7304069E-02 -0.7369785E-02 -0.7377615E-02 -0.7376903E-02 -0.7386104E-02 -0.7386104E-02 0.2084747E-02 -0.5655870E-02 -0.2338219E-01 -0.5029462E-01 -0.8515350E-01 -0.1266707 -0.1735136 -0.2241178 -0.2769834 -0.3305307 -0.3830101 -0.4324278 -0.4756773 -0.5053151 -0.5053151 -0.4130116 -0.3278197 -0.2116501 -0.1731635 -0.1731635 -0.9923463E-01 -0.9923463E-01 0.8063226E-02 0.8063226E-02 0.7176023E-01 0.1697251 0.1697251 0.1402104 0.1402104 0.4317097E-01 0.4317097E-01 0.4317097E-01 0.1753231E-01 0.1753231E-01 0.3439174E-02 0.3439174E-02 -0.5974715E-02 -0.5974715E-02 -0.1252442E-01 -0.1252442E-01 -0.1649530E-01 -0.1649530E-01 -0.1649530E-01
-0.1559435E-02 -0.1559435E-02 -0.5662631E-02 -0.7006517E-02 -0.6232814E-02 -0.6232814E-02 -0.5777666E-02 -0.5685191E-02 -0.5685191E-02 -0.5835151E-02 -0.5835151E-02 -0.5905789E-02 -0.5913396E-02 -0.5911066E-02 -0.5929187E-02 -0.5929187E-02 -0.3347624E-02 -0.1327917E-01 -0.3261754E-01 -0.6081619E-01 -0.9686473E-01 -0.1396735 -0.1881551 -0.2411004 -0.2973204 -0.3555724 -0.4144307 -0.4721276 -0.5256004 -0.5669205 -0.5669205 -0.5186434 -0.4556305 -0.3386939 -0.2838396 -0.2838396 -0.1513382 -0.1513382 0.2573681E-01 0.2573681E-01 0.1136966 0.2349551 0.2349551 0.2291300 0.2291300 0.8884130E-01 0.8884130E-01 0.8884130E-01 0.3369990E-01 0.3369990E-01 0.3459159E-02 0.3459159E-02 -0.1405099E-01 -0.1405099E-01 -0.2440752E-01 -0.2440752E-01 -0.2947723E-01 -0.2947723E-01 -0.2947723E-01
0.3367458E-03 0.3367458E-03 -0.5139691E-02 -0.5424752E-02 -0.4754549E-02 -0.4754549E-02 -0.4340866E-02 -0.4236511E-02 -0.4236511E-02 -0.4367548E-02 -0.4367548E-02 -0.4428044E-02 -0.4433491E-02 -0.4430646E-02 -0.4462810E-02 -0.4462810E-02 -0.9309032E-02 -0.2279877E-01 -0.4500448E-01 -0.7542453E-01 -0.1131995 -0.1573988 -0.2071070 -0.2613537 -0.3191725 -0.3795749 -0.4414459 -0.5033714 -0.5627997 -0.6128387 -0.6128387 -0.5991759 -0.5595896 -0.4501309 -0.3776743 -0.3776743 -0.1762493 -0.1762493 0.5565879E-01 0.5565879E-01 0.1512742 0.2703894 0.2703894 0.2806067 0.2806067 0.1346026 0.1346026 0.1346026 0.5472038E-01 0.5472038E-01 0.6625762E-02 0.6625762E-02 -0.2097684E-01 -0.2097684E-01 -0.3612977E-01 -0.3612977E-01 -0.4251257E-01 -0.4251257E-01 -0.4251257E-01
0.1019090E-02 0.1019090E-02 -0.3906947E-02 -0.3717320E-02 -0.3216286E-02 -0.3216286E-02 -0.2902386E-02 -0.2811985E-02 -0.2811985E-02 -0.2905369E-02 -0.2905369E-02 -0.2947089E-02 -0.2950005E-02 -0.2947415E-02 -0.2999558E-02 -0.2999558E-02 -0.1618463E-01 -0.3458393E-01 -0.6103209E-01 -0.9484656E-01 -0.1352098 -0.1813159 -0.2324143 -0.2877520 -0.3465731 -0.4081002 -0.4714590 -0.5355313 -0.5982898 -0.6541495 -0.6541495 -0.6649553 -0.6449184 -0.5336130 -0.4329465 -0.4329465 -0.1602238 -0.1602238 0.8727999E-01 0.8727999E-01 0.1737189 0.2762025 0.2762025 0.2963203 0.2963203 0.1716550 0.1716550 0.1716550 0.7808419E-01 0.7808419E-01 0.1383001E-01 0.1383001E-01 -0.2491965E-01 -0.2491965E-01 -0.4588424E-01 -0.4588424E-01 -0.5402978E-01 -0.5402978E-01 -0.5402978E-01
0.5063087E-03 0.5063087E-03 -0.1930342E-02 -0.1869465E-02 -0.1613031E-02 -0.1613031E-02 -0.1448493E-02 -0.1400189E-02 -0.1400189E-02 -0.1451273E-02 -0.1451273E-02 -0.1474163E-02 -0.1475716E-02 -0.1474276E-02 -0.1552900E-02 -0.1552900E-02 -0.2460493E-01 -0.4934885E-01 -0.8152038E-01 -0.1200540 -0.1640494 -0.2127719 -0.2656256 -0.3220780 -0.3816113 -0.4436829 -0.5076596 -0.5726919 -0.6371953 -0.6966684 -0.6966684 -0.7235157 -0.7157886 -0.5730895 -0.4294233 -0.4294233 -0.1131468 -0.1131468 0.1059638 0.1059638 0.1752819 0.2593486 0.2593486 0.2859861 0.2859861 0.1944144 0.1944144 0.1944144 0.9988914E-01 0.9988914E-01 0.2435876E-01 0.2435876E-01 -0.2507860E-01 -0.2507860E-01 -0.5248049E-01 -0.5248049E-01 -0.6287117E-01 -0.6287117E-01 -0.6287117E-01
-0.1773233E-07 -0.1773233E-07 -0.6211481E-07 -0.3358775E-07 -0.7636924E-07 -0.7636924E-07 -0.7755939E-07 0.2214313E-07 0.2214313E-07 0.1642785E-07 0.1642785E-07 -0.6310562E-07 -0.1515882E-07 0.8318493E-08 -0.1147848E-03 -0.1147848E-03 -0.3549663E-01 -0.6824794E-01 -0.1077711 -0.1524608 -0.2012360 -0.2533877 -0.3084636 -0.3661539 -0.4262039 -0.4883451 -0.5522219 -0.6172730 -0.6822838 -0.7433515 -0.7433515 -0.7783527 -0.7699895 -0.5461000 -0.3619720 -0.3619720 -0.6276313E-01 -0.6276313E-01 0.1053549 0.1053549 0.1586909 0.2287574 0.2287574 0.2595940 0.2595940 0.2010721 0.2010721 0.2010721 0.1159720 0.1159720 0.3617316E-01 0.3617316E-01 -0.2157818E-01 -0.2157818E-01 -0.5518182E-01 -0.5518182E-01 -0.6808420E-01 -0.6808420E-01 -0.6808420E-01
-0.5062702E-03 -0.5062702E-03 0.1930291E-02 0.1869548E-02 0.1613027E-02 0.1613027E-02 0.1448642E-02 0.1400201E-02 0.1400201E-02 0.1451229E-02 0.1451229E-02 0.1474031E-02 0.1475649E-02 0.1474183E-02 0.1310367E-02 0.1310367E-02 -0.5028685E-01 -0.9310584E-01 -0.1418096 -0.1941661 -0.2488802 -0.3052661 -0.3630254 -0.4220841 -0.4824691 -0.5442151 -0.6072792 -0.6714156 -0.7356554 -0.7956317 -0.7956317 -0.8277264 -0.7916593 -0.4446628 -0.2596025 -0.2596025 -0.3123456E-01 -0.3123456E-01 0.8969716E-01 0.8969716E-01 0.1316517 0.1919454 0.1919454 0.2245783 0.2245783 0.1929609 0.1929609 0.1929609 0.1232267 0.1232267 0.4652557E-01 0.4652557E-01 -0.1537084E-01 -0.1537084E-01 -0.5371898E-01 -0.5371898E-01 -0.6892417E-01 -0.6892417E-01 -0.6892417E-01
-0.1019240E-02 -0.1019240E-02 0.3906899E-02 0.3717348E-02 0.3216266E-02 0.3216266E-02 0.2902639E-02 0.2812001E-02 0.2812001E-02 0.2905366E-02 0.2905366E-02 0.2946814E-02 0.2949879E-02 0.2947238E-02 0.2716685E-02 0.2716685E-02 -0.7125459E-01 -0.1268017 -0.1867572 -0.2482987 -0.3099945 -0.3712576 -0.4320048 -0.4924363 -0.5528846 -0.6137060 -0.6751902 -0.7374014 -0.7992125 -0.8526831 -0.8526831 -0.8577609 -0.7414309 -0.3063195 -0.1694225 -0.1694225 -0.2094947E-01 -0.2094947E-01 0.6730649E-01 0.6730649E-01 0.1014956 0.1537575 0.1537575 0.1856739 0.1856739 0.1731593 0.1731593 0.1731593 0.1204243 0.1204243 0.5283882E-01 0.5283882E-01 -0.7956381E-02 -0.7956381E-02 -0.4830134E-01 -0.4830134E-01 -0.6493807E-01 -0.6493807E-01 -0.6493807E-01
-0.3368689E-03 -0.3368689E-03 0.5139644E-02 0.5424769E-02 0.4754586E-02 0.4754586E-02 0.4340985E-02 0.4236589E-02 0.4236589E-02 0.4367731E-02 0.4367731E-02 0.4427995E-02 0.4433232E-02 0.4430382E-02 0.4107872E-02 0.4107872E-02 -0.1022345 -0.1739896 -0.2474847 -0.3195809 -0.3889715 -0.4553661 -0.5190304 -0.5805178 -0.6405056 -0.6996877 -0.7586911 -0.8177827 -0.8741391 -0.9055187 -0.9055187 -0.8235235 -0.5774191 -0.1929778 -0.1146715 -0.1146715 -0.2169494E-01 -0.2169494E-01 0.4476230E-01 0.4476230E-01 0.7274340E-01 0.1167106 0.1167106 0.1456436 0.1456436 0.1451272 0.1451272 0.1451272 0.1081467 0.1081467 0.5345226E-01 0.5345226E-01 -0.9527074E-03 -0.9527074E-03 -0.3956961E-01 -0.3956961E-01 -0.5608601E-01 -0.5608601E-01 -0.5608601E-01
0.1559559E-02 0.1559559E-02 0.5662451E-02 0.7006586E-02 0.6232812E-02 0.6232812E-02 0.5777807E-02 0.5685149E-02 0.5685149E-02 0.5835228E-02 0.5835228E-02 0.5905797E-02 0.5913287E-02 0.5911013E-02 0.5462210E-02 0.5462210E-02 -0.1501412 -0.2425407 -0.3318403 -0.4153393 -0.4924131 -0.5634332 -0.6292365 -0.6908536 -0.7493645 -0.8058155 -0.8611604 -0.9153803 -0.9573525 -0.9136705 -0.9136705 -0.6490164 -0.3415387 -0.1273633 -0.8704893E-01 -0.8704893E-01 -0.2404589E-01 -0.2404589E-01 0.2540973E-01 0.2540973E-01 0.4750601E-01 0.8205906E-01 0.8205906E-01 0.1062342 0.1062342 0.1120758 0.1120758 0.1120758 0.8828196E-01 0.8828196E-01 0.4803687E-01 0.4803687E-01 0.4387891E-02 0.4387891E-02 -0.2844616E-01 -0.2844616E-01 -0.4282653E-01 -0.4282653E-01 -0.4282653E-01
