cruce_test.gid/Rasters/Hydraulic/Velocity____96.0.asc
NCOLS        79
NROWS        79
XLLCENTER         -1.500000
YLLCENTER         -4.800000
CELLSIZE           0.100
NODATA_VALUE     -9999.0
[rows 0 to 26 of 79, columns 0 to 59 of 79]
-9999.000 -9999.000 -9999.000 -9999.000 -9999.000 -9999.000 -9999.000 -9999.000 -9999.000 -9999.000 -9999.000 -9999.000 -9999.000 -9999.000 -9999.000 0.1914518 0.1903142 0.1904387 0.1906707 0.1909186 0.1911651 0.1914114 0.1916716 0.1919742 0.1923632 0.1929039 0.1936939 0.1948929 0.1966588 0.1948002 0.1948002 -9999.000 -9999.000 -9999.000 -9999.000 -9999.000 -9999.000 -9999.000 -9999.000 -9999.000 -9999.000 -9999.000 -9999.000 -9999.000 -9999.000 -9999.000 -9999.000 -9999.000 -9999.000 -9999.000 -9999.000 -9999.000 -9999.000 -9999.000 -9999.000 -9999.000 -9999.000 -9999.000 -9999.000 -9999.000
-9999.000 -9999.000 -9999.000 -9999.000 -9999.000 -9999.000 -9999.000 -9999.000 -9999.000 -9999.000 -9999.000 -9999.000 -9999.000 -9999.000 -9999.000 0.1890943 0.1866266 0.1868824 0.1873850 0.1879361 0.1884919 0.1890483 0.1896310 0.1902963 0.1911358 0.1922889 0.1939696 0.1965225 0.2002631 0.1969295 0.1969295 -9999.000 -9999.000 -9999.000 -9999.000 -9999.000 -9999.000 -9999.000 -9999.000 -9999.000 -9999.000 -9999.000 -9999.000 -9999.000 -9999.000 -9999.000 -9999.000 -9999.000 -9999.000 -9999.000 -9999.000 -9999.000 -9999.000 -9999.000 -9999.000 -9999.000 -9999.000 -9999.000 -9999.000 -9999.000
-9999.000 -9999.000 -9999.000 -9999.000 -9999.000 -9999.000 -9999.000 -9999.000 -9999.000 -9999.000 -9999.000 -9999.000 -9999.000 -9999.000 -9999.000 0.1853475 0.1814084 0.1818409 0.1827318 0.1837470 0.1848043 0.1858920 0.1870498 0.1883721 0.1900139 0.1922081 0.1953043 0.1998410 0.2062576 0.2018696 0.2018696 -9999.000 -9999.000 -9999.000 -9999.000 -9999.000 -9999.000 -9999.000 -9999.000 -9999.000 -9999.000 -9999.000 -9999.000 -9999.000 -9999.000 -9999.000 -9999.000 -9999.000 -9999.000 -9999.000 -9999.000 -9999.000 -9999.000 -9999.000 -9999.000 -9999.000 -9999.000 -9999.000 -9999.000 -9999.000
-9999.000 -9999.000 -9999.000 -9999.000 -9999.000 -9999.000 -9999.000 -9999.000 -9999.000 -9999.000 -9999.000 -9999.000 -9999.000 -9999.000 -9999.000 0.1806565 0.1752985 0.1759666 0.1773363 0.1789294 0.1806230 0.1823945 0.1842985 0.1864675 0.1891236 0.1925981 0.1973839 0.2042308 0.2137290 0.2089238 0.2089238 -9999.000 -9999.000 -9999.000 -9999.000 -9999.000 -9999.000 -9999.000 -9999.000 -9999.000 -9999.000 -9999.000 -9999.000 -9999.000 -9999.000 -9999.000 -9999.000 -9999.000 -9999.000 -9999.000 -9999.000 -9999.000 -9999.000 -9999.000 -9999.000 -9999.000 -9999.000 -9999.000 -9999.000 -9999.000
-9999.000 -9999.000 -9999.000 -9999.000 -9999.000 -9999.000 -9999.000 -9999.000 -9999.000 -9999.000 -9999.000 -9999.000 -9999.000 -9999.000 -9999.000 0.1751292 0.1684259 0.1693856 0.1713148 0.1735845 0.1760264 0.1786060 0.1813924 0.1845604 0.1884028 0.1933593 0.2000819 0.2095594 0.2225778 0.2180545 0.2180545 -9999.000 -9999.000 -9999.000 -9999.000 -9999.000 -9999.000 -9999.000 -9999.000 -9999.000 -9999.000 -9999.000 -9999.000 -9999.000 -9999.000 -9999.000 -9999.000 -9999.000 -9999.000 -9999.000 -9999.000 -9999.000 -9999.000 -9999.000 -9999.000 -9999.000 -9999.000 -9999.000 -9999.000 -9999.000
-9999.000 -9999.000 -9999.000 -9999.000 -9999.000 -9999.000 -9999.000 -9999.000 -9999.000 -9999.000 -9999.000 -9999.000 -9999.000 -9999.000 -9999.000 0.1688151 0.1608721 0.1621805 0.1647443 0.1677784 0.1710662 0.1745597 0.1783437 0.1826387 0.1878171 0.1944382 0.2033361 0.2157776 0.2328137 0.2293895 0.2293895 -9999.000 -9999.000 -9999.000 -9999.000 -9999.000 -9999.000 -9999.000 -9999.000 -9999.000 -9999.000 -9999.000 -9999.000 -9999.000 -9999.000 -9999.000 -9999.000 -9999.000 -9999.000 -9999.000 -9999.000 -9999.000 -9999.000 -9999.000 -9999.000 -9999.000 -9999.000 -9999.000 -9999.000 -9999.000
-9999.000 -9999.000 -9999.000 -9999.000 -9999.000 -9999.000 -9999.000 -9999.000 -9999.000 -9999.000 -9999.000 -9999.000 -9999.000 -9999.000 -9999.000 0.1617113 0.1526773 0.1543986 0.1576719 0.1615552 0.1657791 0.1702815 0.1751653 0.1807017 0.1873516 0.1958119 0.2071263 0.2228933 0.2445300 0.2432071 0.2432071 -9999.000 -9999.000 -9999.000 -9999.000 -9999.000 -9999.000 -9999.000 -9999.000 -9999.000 -9999.000 -9999.000 -9999.000 -9999.000 -9999.000 -9999.000 -9999.000 -9999.000 -9999.000 -9999.000 -9999.000 -9999.000 -9999.000 -9999.000 -9999.000 -9999.000 -9999.000 -9999.000 -9999.000 -9999.000
-9999.000 -9999.000 -9999.000 -9999.000 -9999.000 -9999.000 -9999.000 -9999.000 -9999.000 -9999.000 -9999.000 -9999.000 -9999.000 -9999.000 -9999.000 0.1537700 0.1438489 0.1460609 0.1501251 0.1549449 0.1601949 0.1657974 0.1718764 0.1787610 0.1870116 0.1974823 0.2114652 0.2309597 0.2578952 0.2599560 0.2599560 -9999.000 -9999.000 -9999.000 -9999.000 -9999.000 -9999.000 -9999.000 -9999.000 -9999.000 -9999.000 -9999.000 -9999.000 -9999.000 -9999.000 -9999.000 -9999.000 -9999.000 -9999.000 -9999.000 -9999.000 -9999.000 -9999.000 -9999.000 -9999.000 -9999.000 -9999.000 -9999.000 -9999.000 -9999.000
-9999.000 -9999.000 -9999.000 -9999.000 -9999.000 -9999.000 -9999.000 -9999.000 -9999.000 -9999.000 -9999.000 -9999.000 -9999.000 -9999.000 -9999.000 0.1449057 0.1343684 0.1371705 0.1421213 0.1479751 0.1543467 0.1611430 0.1685120 0.1768479 0.1868248 0.1994784 0.2163960 0.2400728 0.2731573 0.2803092 0.2803092 -9999.000 -9999.000 -9999.000 -9999.000 -9999.000 -9999.000 -9999.000 -9999.000 -9999.000 -9999.000 -9999.000 -9999.000 -9999.000 -9999.000 -9999.000 -9999.000 -9999.000 -9999.000 -9999.000 -9999.000 -9999.000 -9999.000 -9999.000 -9999.000 -9999.000 -9999.000 -9999.000 -9999.000 -9999.000
-9999.000 -9999.000 -9999.000 -9999.000 -9999.000 -9999.000 -9999.000 -9999.000 -9999.000 -9999.000 -9999.000 -9999.000 -9999.000 -9999.000 -9999.000 0.1349989 0.1241965 0.1277212 0.1336788 0.1406838 0.1482867 0.1563792 0.1651374 0.1750298 0.1868578 0.2018680 0.2220018 0.2503769 0.2906573 0.3052669 0.3052669 -9999.000 -9999.000 -9999.000 -9999.000 -9999.000 -9999.000 -9999.000 -9999.000 -9999.000 -9999.000 -9999.000 -9999.000 -9999.000 -9999.000 -9999.000 -9999.000 -9999.000 -9999.000 -9999.000 -9999.000 -9999.000 -9999.000 -9999.000 -9999.000 -9999.000 -9999.000 -9999.000 -9999.000 -9999.000
-9999.000 -9999.000 -9999.000 -9999.000 -9999.000 -9999.000 -9999.000 -9999.000 -9999.000 -9999.000 -9999.000 -9999.000 -9999.000 -9999.000 -9999.000 0.1238962 0.1132784 0.1177093 0.1248355 0.1331419 0.1421115 0.1516215 0.1618821 0.1734434 0.1872496 0.2047885 0.2284300 0.2620825 0.3108565 0.3363482 0.3363482 -9999.000 -9999.000 -9999.000 -9999.000 -9999.000 -9999.000 -9999.000 -9999.000 -9999.000 -9999.000 -9999.000 -9999.000 -9999.000 -9999.000 -9999.000 -9999.000 -9999.000 -9999.000 -9999.000 -9999.000 -9999.000 -9999.000 -9999.000 -9999.000 -9999.000 -9999.000 -9999.000 -9999.000 -9999.000
-9999.000 -9999.000 -9999.000 -9999.000 -9999.000 -9999.000 -9999.000 -9999.000 -9999.000 -9999.000 -9999.000 -9999.000 -9999.000 -9999.000 -9999.000 0.1114061 0.1015493 0.1071546 0.1156812 0.1254956 0.1360116 0.1470967 0.1590011 0.1723644 0.1882833 0.2085184 0.2359533 0.2755125 0.3343849 0.3759598 0.3759598 -9999.000 -9999.000 -9999.000 -9999.000 -9999.000 -9999.000 -9999.000 -9999.000 -9999.000 -9999.000 -9999.000 -9999.000 -9999.000 -9999.000 -9999.000 -9999.000 -9999.000 -9999.000 -9999.000 -9999.000 -9999.000 -9999.000 -9999.000 -9999.000 -9999.000 -9999.000 -9999.000 -9999.000 -9999.000
-9999.000 -9999.000 -9999.000 -9999.000 -9999.000 -9999.000 -9999.000 -9999.000 -9999.000 -9999.000 -9999.000 -9999.000 -9999.000 -9999.000 -9999.000 0.9728954E-01 0.8895504E-01 0.9615147E-01 0.1064314 0.1180553 0.1303750 0.1432603 0.1570111 0.1723577 0.1905518 0.2136450 0.2451241 0.2912202 0.3621334 0.4281601 0.4281601 -9999.000 -9999.000 -9999.000 -9999.000 -9999.000 -9999.000 -9999.000 -9999.000 -9999.000 -9999.000 -9999.000 -9999.000 -9999.000 -9999.000 -9999.000 -9999.000 -9999.000 -9999.000 -9999.000 -9999.000 -9999.000 -9999.000 -9999.000 -9999.000 -9999.000 -9999.000 -9999.000 -9999.000 -9999.000
-9999.000 -9999.000 -9999.000 -9999.000 -9999.000 -9999.000 -9999.000 -9999.000 -9999.000 -9999.000 -9999.000 -9999.000 -9999.000 -9999.000 -9999.000 0.8119793E-01 0.7553853E-01 0.8509049E-01 0.9773868E-01 0.1116638 0.1261937 0.1412349 0.1571537 0.1747690 0.1954688 0.2215837 0.2572637 0.3103797 0.3955031 0.5004727 0.5004727 -9999.000 -9999.000 -9999.000 -9999.000 -9999.000 -9999.000 -9999.000 -9999.000 -9999.000 -9999.000 -9999.000 -9999.000 -9999.000 -9999.000 -9999.000 -9999.000 -9999.000 -9999.000 -9999.000 -9999.000 -9999.000 -9999.000 -9999.000 -9999.000 -9999.000 -9999.000 -9999.000 -9999.000 -9999.000
-9999.000 -9999.000 -9999.000 -9999.000 -9999.000 -9999.000 -9999.000 -9999.000 -9999.000 -9999.000 -9999.000 -9999.000 -9999.000 -9999.000 -9999.000 0.6090590E-01 0.6943998E-01 0.8800609E-01 0.1063751 0.1238556 0.1405601 0.1569179 0.1736345 0.1917662 0.2129315 0.2398407 0.2775099 0.3360324 0.4364419 0.6064669 0.6064669 -9999.000 -9999.000 -9999.000 -9999.000 -9999.000 -9999.000 -9999.000 -9999.000 -9999.000 -9999.000 -9999.000 -9999.000 -9999.000 -9999.000 -9999.000 -9999.000 -9999.000 -9999.000 -9999.000 -9999.000 -9999.000 -9999.000 -9999.000 -9999.000 -9999.000 -9999.000 -9999.000 -9999.000 -9999.000
1.819655 1.819655 1.870646 1.904409 1.913219 1.913219 1.919417 1.926931 1.926931 1.930470 1.930470 1.931593 1.931490 1.931022 1.774092 1.774092 1.434957 1.375196 1.306212 1.228453 1.143311 1.053023 0.9607509 0.8707331 0.7885022 0.7213107 0.6791885 0.6776356 0.7443150 0.9459529 0.9459529 1.671275 1.848558 1.876691 1.840372 1.840372 1.737334 1.737334 1.468289 1.468289 1.188989 1.014577 1.014577 1.002898 1.002898 1.042668 1.042668 1.042668 1.094329 1.094329 1.141439 1.141439 1.181561 1.181561 1.224977 1.224977 1.251502 1.251502 1.251502 1.269186
1.835530 1.835530 1.892490 1.941087 1.958017 1.958017 1.972419 1.996340 1.996340 2.016148 2.016148 2.033384 2.041281 2.048779 1.984567 1.984567 1.691943 1.675902 1.652444 1.619086 1.575122 1.520619 1.456481 1.384663 1.308526 1.233498 1.168262 1.126988 1.133937 1.235878 1.235878 1.725122 1.882637 1.987665 2.001407 2.001407 1.978305 1.978305 1.858447 1.858447 1.670745 1.403833 1.403833 1.401901 1.401901 1.450810 1.450810 1.450810 1.504266 1.504266 1.553846 1.553846 1.584719 1.584719 1.637513 1.637513 1.670425 1.670425 1.670425 1.695671
1.839190 1.839190 1.894341 1.941480 1.958429 1.958429 1.972982 1.997326 1.997326 2.017606 2.017606 2.035365 2.043550 2.051356 2.015453 2.015453 1.739506 1.742023 1.742012 1.735171 1.720545 1.697633 1.666395 1.627541 1.582854 1.535624 1.491408 1.459605 1.457157 1.522038 1.522038 1.873449 2.015137 2.139246 2.165537 2.165537 2.163714 2.163714 2.088298 2.088298 1.980576 1.736741 1.736741 1.700876 1.700876 1.738334 1.738334 1.738334 1.783670 1.783670 1.824761 1.824761 1.857493 1.857493 1.895116 1.895116 1.922232 1.922232 1.922232 1.942417
1.841973 1.841973 1.895974 1.941532 1.958355 1.958355 1.972912 1.997332 1.997332 2.017645 2.017645 2.035405 2.043589 2.051397 2.031266 2.031266 1.765905 1.773456 1.783659 1.788580 1.787695 1.780983 1.768534 1.750815 1.728943 1.705030 1.682614 1.667632 1.670817 1.721134 1.721134 1.986062 2.104672 2.220445 2.244769 2.244769 2.245513 2.245513 2.196099 2.196099 2.136302 1.949843 1.949843 1.880046 1.880046 1.907805 1.907805 1.907805 1.946873 1.946873 1.982971 1.982971 2.012423 2.012423 2.042923 2.042923 2.066545 2.066545 2.066545 2.083793
1.844048 1.844048 1.897357 1.941558 1.958257 1.958257 1.972820 1.997321 1.997321 2.017664 2.017664 2.035416 2.043592 2.051393 2.041333 2.041333 1.798121 1.802495 1.818648 1.829922 1.835732 1.836637 1.833230 1.826318 1.817081 1.807277 1.799392 1.797193 1.806828 1.850486 1.850486 2.056319 2.154130 2.249463 2.264701 2.264701 2.258497 2.258497 2.230902 2.230902 2.204013 2.089680 2.089680 2.005905 2.005905 2.013735 2.013735 2.013735 2.047415 2.047415 2.080161 2.080161 2.107487 2.107487 2.133676 2.133676 2.154546 2.154546 2.154546 2.169646
1.845500 1.845500 1.898381 1.941573 1.958164 1.958164 1.972734 1.997310 1.997310 2.017681 2.017681 2.035426 2.043596 2.051391 2.047765 2.047765 1.844389 1.834521 1.854697 1.870807 1.881001 1.886147 1.887185 1.885264 1.881837 1.878853 1.878573 1.883812 1.898819 1.937750 1.937750 2.089620 2.169389 2.233339 2.236559 2.236559 2.227673 2.227673 2.226159 2.226159 2.223284 2.174484 2.174484 2.103473 2.103473 2.088575 2.088575 2.088575 2.114888 2.114888 2.143780 2.143780 2.168986 2.168986 2.191733 2.191733 2.209837 2.209837 2.209837 2.222845
1.846349 1.846349 1.899017 1.941581 1.958100 1.958100 1.972674 1.997302 1.997302 2.017693 2.017693 2.035432 2.043597 2.051390 2.051849 2.051849 1.897983 1.874097 1.894605 1.914205 1.928009 1.936267 1.939912 1.940297 1.939167 1.938728 1.941383 1.949670 1.965503 1.994458 1.994458 2.098972 2.153574 2.176316 2.171434 2.171434 2.175055 2.175055 2.203533 2.203533 2.218311 2.218294 2.218294 2.176901 2.176901 2.148021 2.148021 2.148021 2.165050 2.165050 2.188596 2.188596 2.210654 2.210654 2.229901 2.229901 2.245034 2.245034 2.245034 2.255827
1.846627 1.846627 1.899234 1.941584 1.958077 1.958077 1.972653 1.997299 1.997299 2.017698 2.017698 2.035435 2.043599 2.051389 2.054435 2.054435 1.952181 1.924027 1.940447 1.961933 1.978672 1.989502 1.995028 1.996576 1.996017 1.995753 1.998412 2.006352 2.018414 2.028913 2.028913 2.082605 2.100924 2.086436 2.085036 2.085036 2.117342 2.117342 2.174264 2.174264 2.201623 2.234346 2.234346 2.225596 2.225596 2.197382 2.197382 2.197382 2.205512 2.205512 2.222403 2.222403 2.239926 2.239926 2.255230 2.255230 2.267122 2.267122 2.267122 2.275586
1.846348 1.846348 1.899017 1.941581 1.958100 1.958100 1.972674 1.997303 1.997303 2.017694 2.017694 2.035432 2.043598 2.051389 2.056066 2.056066 2.004252 1.982577 1.994689 2.015886 2.034309 2.047019 2.053930 2.056095 2.055308 2.054015 2.055005 2.060265 2.062970 2.039134 2.039134 2.027961 2.004546 1.980625 1.995378 1.995378 2.063236 2.063236 2.142965 2.142965 2.179155 2.233266 2.233266 2.251961 2.251961 2.236900 2.236900 2.236900 2.239165 2.239165 2.249174 2.249174 2.261068 2.261068 2.271717 2.271717 2.279959 2.279959 2.279959 2.285964
1.845500 1.845500 1.898381 1.941572 1.958164 1.958164 1.972733 1.997310 1.997310 2.017682 2.017682 2.035426 2.043595 2.051391 2.057093 2.057093 2.054400 2.047421 2.058576 2.078045 2.096431 2.109856 2.117431 2.119727 2.118258 2.115332 2.113750 2.114385 2.097494 2.009055 2.009055 1.919500 1.870537 1.878060 1.914101 1.914101 2.014894 2.014894 2.111410 2.111410 2.153898 2.222183 2.222183 2.261079 2.261079 2.265417 2.265417 2.265417 2.266122 2.266122 2.270349 2.270349 2.276109 2.276109 2.281446 2.281446 2.285648 2.285648 2.285648 2.289123
1.844048 1.844048 1.897357 1.941558 1.958257 1.958257 1.972820 1.997321 1.997321 2.017664 2.017664 2.035416 2.043592 2.051393 2.057739 2.057739 2.105487 2.117402 2.132170 2.150009 2.166730 2.179267 2.186352 2.188047 2.185432 2.180497 2.175828 2.168914 2.107484 1.905653 1.905653 1.762465 1.729222 1.787558 1.838477 1.838477 1.970052 1.970052 2.079211 2.079211 2.126482 2.204614 2.204614 2.257643 2.257643 2.282028 2.282028 2.282028 2.284977 2.284977 2.285380 2.285380 2.285269 2.285269 2.285006 2.285006 2.284986 2.284986 2.284986 2.285991
1.841972 1.841972 1.895974 1.941532 1.958356 1.958356 1.972912 1.997332 1.997332 2.017645 2.017645 2.035405 2.043589 2.051396 2.058139 2.058139 2.162693 2.193831 2.215423 2.232722 2.246717 2.256627 2.261661 2.261643 2.257204 2.249873 2.241667 2.219013 2.045108 1.712032 1.712032 1.594820 1.597785 1.709210 1.778848 1.778848 1.928419 1.928419 2.047981 2.047981 2.098855 2.183664 2.183664 2.246122 2.246122 2.287551 2.287551 2.287551 2.294851 2.294851 2.293452 2.293452 2.288383 2.288383 2.282769 2.282769 2.278683 2.278683 2.278683 2.277454
