cruce_test.gid/Rasters/Hydraulic/Velocity____250.0.asc
NCOLS        79
NROWS        79
XLLCENTER         -1.500000
YLLCENTER         -4.800000
CELLSIZE           0.100
NODATA_VALUE     -9999.0
[rows 0 to 26 of 79, columns 0 to 59 of 79]
-9999.000 -9999.000 -9999.000 -9999.000 -9999.000 -9999.000 -9999.000 -9999.000 -9999.000 -9999.000 -9999.000 -9999.000 -9999.000 -9999.000 -9999.000 0.9127454E-01 0.8829503E-01 0.8718217E-01 0.8714037E-01 0.8812401E-01 0.8942607E-01 0.9067169E-01 0.9172029E-01 0.9245760E-01 0.9292928E-01 0.9318537E-01 0.9330254E-01 0.9348321E-01 0.9432065E-01 0.9531984E-01 0.9531984E-01 -9999.000 -9999.000 -9999.000 -9999.000 -9999.000 -9999.000 -9999.000 -9999.000 -9999.000 -9999.000 -9999.000 -9999.000 -9999.000 -9999.000 -9999.000 -9999.000 -9999.000 -9999.000 -9999.000 -9999.000 -9999.000 -9999.000 -9999.000 -9999.000 -9999.000 -9999.000 -9999.000 -9999.000 -9999.000
-9999.000 -9999.000 -9999.000 -9999.000 -9999.000 -9999.000 -9999.000 -9999.000 -9999.000 -9999.000 -9999.000 -9999.000 -9999.000 -9999.000 -9999.000 0.9160426E-01 0.8540440E-01 0.8315386E-01 0.8311080E-01 0.8511455E-01 0.8774580E-01 0.9029683E-01 0.9251424E-01 0.9416129E-01 0.9531178E-01 0.9604986E-01 0.9652407E-01 0.9717343E-01 0.9930368E-01 0.1020579 0.1020579 -9999.000 -9999.000 -9999.000 -9999.000 -9999.000 -9999.000 -9999.000 -9999.000 -9999.000 -9999.000 -9999.000 -9999.000 -9999.000 -9999.000 -9999.000 -9999.000 -9999.000 -9999.000 -9999.000 -9999.000 -9999.000 -9999.000 -9999.000 -9999.000 -9999.000 -9999.000 -9999.000 -9999.000 -9999.000
-9999.000 -9999.000 -9999.000 -9999.000 -9999.000 -9999.000 -9999.000 -9999.000 -9999.000 -9999.000 -9999.000 -9999.000 -9999.000 -9999.000 -9999.000 0.9090811E-01 0.8120830E-01 0.7759891E-01 0.7749875E-01 0.8062458E-01 0.8475226E-01 0.8882014E-01 0.9247396E-01 0.9535500E-01 0.9757115E-01 0.9923010E-01 0.1005331 0.1021465 0.1061326 0.1114763 0.1114763 -9999.000 -9999.000 -9999.000 -9999.000 -9999.000 -9999.000 -9999.000 -9999.000 -9999.000 -9999.000 -9999.000 -9999.000 -9999.000 -9999.000 -9999.000 -9999.000 -9999.000 -9999.000 -9999.000 -9999.000 -9999.000 -9999.000 -9999.000 -9999.000 -9999.000 -9999.000 -9999.000 -9999.000 -9999.000
-9999.000 -9999.000 -9999.000 -9999.000 -9999.000 -9999.000 -9999.000 -9999.000 -9999.000 -9999.000 -9999.000 -9999.000 -9999.000 -9999.000 -9999.000 0.8967738E-01 0.7649820E-01 0.7151781E-01 0.7137696E-01 0.7564809E-01 0.8128510E-01 0.8689261E-01 0.9203698E-01 0.9624239E-01 0.9965300E-01 0.1023901 0.1046925 0.1074462 0.1134904 0.1219535 0.1219535 -9999.000 -9999.000 -9999.000 -9999.000 -9999.000 -9999.000 -9999.000 -9999.000 -9999.000 -9999.000 -9999.000 -9999.000 -9999.000 -9999.000 -9999.000 -9999.000 -9999.000 -9999.000 -9999.000 -9999.000 -9999.000 -9999.000 -9999.000 -9999.000 -9999.000 -9999.000 -9999.000 -9999.000 -9999.000
-9999.000 -9999.000 -9999.000 -9999.000 -9999.000 -9999.000 -9999.000 -9999.000 -9999.000 -9999.000 -9999.000 -9999.000 -9999.000 -9999.000 -9999.000 0.8813605E-01 0.7145920E-01 0.6510504E-01 0.6496553E-01 0.7042386E-01 0.7758657E-01 0.8474714E-01 0.9141266E-01 0.9699160E-01 0.1016687 0.1055700 0.1089660 0.1129657 0.1212239 0.1333477 0.1333477 -9999.000 -9999.000 -9999.000 -9999.000 -9999.000 -9999.000 -9999.000 -9999.000 -9999.000 -9999.000 -9999.000 -9999.000 -9999.000 -9999.000 -9999.000 -9999.000 -9999.000 -9999.000 -9999.000 -9999.000 -9999.000 -9999.000 -9999.000 -9999.000 -9999.000 -9999.000 -9999.000 -9999.000 -9999.000
-9999.000 -9999.000 -9999.000 -9999.000 -9999.000 -9999.000 -9999.000 -9999.000 -9999.000 -9999.000 -9999.000 -9999.000 -9999.000 -9999.000 -9999.000 0.8635378E-01 0.6615958E-01 0.5845265E-01 0.5839380E-01 0.6509834E-01 0.7379977E-01 0.8251573E-01 0.9071747E-01 0.9769630E-01 0.1036821 0.1087997 0.1133466 0.1186647 0.1292801 0.1456788 0.1456788 -9999.000 -9999.000 -9999.000 -9999.000 -9999.000 -9999.000 -9999.000 -9999.000 -9999.000 -9999.000 -9999.000 -9999.000 -9999.000 -9999.000 -9999.000 -9999.000 -9999.000 -9999.000 -9999.000 -9999.000 -9999.000 -9999.000 -9999.000 -9999.000 -9999.000 -9999.000 -9999.000 -9999.000 -9999.000
-9999.000 -9999.000 -9999.000 -9999.000 -9999.000 -9999.000 -9999.000 -9999.000 -9999.000 -9999.000 -9999.000 -9999.000 -9999.000 -9999.000 -9999.000 0.8433253E-01 0.6061444E-01 0.5160962E-01 0.5176172E-01 0.5977913E-01 0.7001688E-01 0.8027549E-01 0.9001495E-01 0.9840561E-01 0.1057272 0.1120957 0.1178327 0.1245291 0.1376498 0.1590598 0.1590598 -9999.000 -9999.000 -9999.000 -9999.000 -9999.000 -9999.000 -9999.000 -9999.000 -9999.000 -9999.000 -9999.000 -9999.000 -9999.000 -9999.000 -9999.000 -9999.000 -9999.000 -9999.000 -9999.000 -9999.000 -9999.000 -9999.000 -9999.000 -9999.000 -9999.000 -9999.000 -9999.000 -9999.000 -9999.000
-9999.000 -9999.000 -9999.000 -9999.000 -9999.000 -9999.000 -9999.000 -9999.000 -9999.000 -9999.000 -9999.000 -9999.000 -9999.000 -9999.000 -9999.000 0.8204079E-01 0.5481550E-01 0.4462055E-01 0.4518855E-01 0.5457568E-01 0.6631458E-01 0.7807993E-01 0.8934519E-01 0.9914790E-01 0.1078229 0.1154668 0.1224240 0.1305537 0.1463441 0.1736734 0.1736734 -9999.000 -9999.000 -9999.000 -9999.000 -9999.000 -9999.000 -9999.000 -9999.000 -9999.000 -9999.000 -9999.000 -9999.000 -9999.000 -9999.000 -9999.000 -9999.000 -9999.000 -9999.000 -9999.000 -9999.000 -9999.000 -9999.000 -9999.000 -9999.000 -9999.000 -9999.000 -9999.000 -9999.000 -9999.000
-9999.000 -9999.000 -9999.000 -9999.000 -9999.000 -9999.000 -9999.000 -9999.000 -9999.000 -9999.000 -9999.000 -9999.000 -9999.000 -9999.000 -9999.000 0.7942799E-01 0.4874456E-01 0.3756098E-01 0.3886945E-01 0.4963245E-01 0.6277540E-01 0.7597835E-01 0.8873976E-01 0.9994365E-01 0.1099816 0.1189187 0.1271201 0.1367375 0.1553844 0.1897715 0.1897715 -9999.000 -9999.000 -9999.000 -9999.000 -9999.000 -9999.000 -9999.000 -9999.000 -9999.000 -9999.000 -9999.000 -9999.000 -9999.000 -9999.000 -9999.000 -9999.000 -9999.000 -9999.000 -9999.000 -9999.000 -9999.000 -9999.000 -9999.000 -9999.000 -9999.000 -9999.000 -9999.000 -9999.000 -9999.000
-9999.000 -9999.000 -9999.000 -9999.000 -9999.000 -9999.000 -9999.000 -9999.000 -9999.000 -9999.000 -9999.000 -9999.000 -9999.000 -9999.000 -9999.000 0.7642938E-01 0.4238237E-01 0.3060038E-01 0.3316392E-01 0.4516112E-01 0.5950402E-01 0.7402674E-01 0.8823289E-01 0.1008139 0.1122169 0.1224581 0.1319217 0.1430823 0.1647987 0.2076905 0.2076905 -9999.000 -9999.000 -9999.000 -9999.000 -9999.000 -9999.000 -9999.000 -9999.000 -9999.000 -9999.000 -9999.000 -9999.000 -9999.000 -9999.000 -9999.000 -9999.000 -9999.000 -9999.000 -9999.000 -9999.000 -9999.000 -9999.000 -9999.000 -9999.000 -9999.000 -9999.000 -9999.000 -9999.000 -9999.000
-9999.000 -9999.000 -9999.000 -9999.000 -9999.000 -9999.000 -9999.000 -9999.000 -9999.000 -9999.000 -9999.000 -9999.000 -9999.000 -9999.000 -9999.000 0.7296617E-01 0.3571978E-01 0.2415944E-01 0.2873360E-01 0.4147589E-01 0.5664121E-01 0.7229814E-01 0.8786829E-01 0.1017858 0.1145460 0.1260940 0.1368313 0.1495902 0.1746194 0.2278819 0.2278819 -9999.000 -9999.000 -9999.000 -9999.000 -9999.000 -9999.000 -9999.000 -9999.000 -9999.000 -9999.000 -9999.000 -9999.000 -9999.000 -9999.000 -9999.000 -9999.000 -9999.000 -9999.000 -9999.000 -9999.000 -9999.000 -9999.000 -9999.000 -9999.000 -9999.000 -9999.000 -9999.000 -9999.000 -9999.000
-9999.000 -9999.000 -9999.000 -9999.000 -9999.000 -9999.000 -9999.000 -9999.000 -9999.000 -9999.000 -9999.000 -9999.000 -9999.000 -9999.000 -9999.000 0.6894383E-01 0.2878721E-01 0.1930539E-01 0.2662139E-01 0.3901542E-01 0.5438054E-01 0.7089446E-01 0.8770837E-01 0.1029008 0.1169974 0.1298439 0.1418568 0.1562679 0.1848856 0.2509615 0.2509615 -9999.000 -9999.000 -9999.000 -9999.000 -9999.000 -9999.000 -9999.000 -9999.000 -9999.000 -9999.000 -9999.000 -9999.000 -9999.000 -9999.000 -9999.000 -9999.000 -9999.000 -9999.000 -9999.000 -9999.000 -9999.000 -9999.000 -9999.000 -9999.000 -9999.000 -9999.000 -9999.000 -9999.000 -9999.000
-9999.000 -9999.000 -9999.000 -9999.000 -9999.000 -9999.000 -9999.000 -9999.000 -9999.000 -9999.000 -9999.000 -9999.000 -9999.000 -9999.000 -9999.000 0.6423365E-01 0.2175862E-01 0.1821431E-01 0.2793287E-01 0.3837775E-01 0.5303741E-01 0.7000334E-01 0.8787786E-01 0.1042464 0.1196353 0.1337526 0.1470261 0.1631357 0.1956480 0.2777935 0.2777935 -9999.000 -9999.000 -9999.000 -9999.000 -9999.000 -9999.000 -9999.000 -9999.000 -9999.000 -9999.000 -9999.000 -9999.000 -9999.000 -9999.000 -9999.000 -9999.000 -9999.000 -9999.000 -9999.000 -9999.000 -9999.000 -9999.000 -9999.000 -9999.000 -9999.000 -9999.000 -9999.000 -9999.000 -9999.000
-9999.000 -9999.000 -9999.000 -9999.000 -9999.000 -9999.000 -9999.000 -9999.000 -9999.000 -9999.000 -9999.000 -9999.000 -9999.000 -9999.000 -9999.000 0.5798001E-01 0.1663680E-01 0.2564849E-01 0.3623910E-01 0.4321267E-01 0.5551260E-01 0.7174578E-01 0.8990486E-01 0.1069362 0.1232687 0.1384004 0.1527469 0.1704722 0.2071221 0.3097390 0.3097390 -9999.000 -9999.000 -9999.000 -9999.000 -9999.000 -9999.000 -9999.000 -9999.000 -9999.000 -9999.000 -9999.000 -9999.000 -9999.000 -9999.000 -9999.000 -9999.000 -9999.000 -9999.000 -9999.000 -9999.000 -9999.000 -9999.000 -9999.000 -9999.000 -9999.000 -9999.000 -9999.000 -9999.000 -9999.000
-9999.000 -9999.000 -9999.000 -9999.000 -9999.000 -9999.000 -9999.000 -9999.000 -9999.000 -9999.000 -9999.000 -9999.000 -9999.000 -9999.000 -9999.000 0.9126269E-01 0.1401170 0.1634725 0.1548575 0.1344291 0.1226444 0.1174740 0.1195106 0.1259894 0.1359702 0.1475660 0.1602507 0.1781112 0.2185642 0.3460737 0.3460737 -9999.000 -9999.000 -9999.000 -9999.000 -9999.000 -9999.000 -9999.000 -9999.000 -9999.000 -9999.000 -9999.000 -9999.000 -9999.000 -9999.000 -9999.000 -9999.000 -9999.000 -9999.000 -9999.000 -9999.000 -9999.000 -9999.000 -9999.000 -9999.000 -9999.000 -9999.000 -9999.000 -9999.000 -9999.000
2.842772 2.842772 2.857716 2.861856 2.882095 2.882095 2.885106 2.885142 2.885142 2.881460 2.881460 2.875245 2.871443 2.867285 2.863146 2.863146 3.009034 3.013265 3.014406 3.004978 2.969214 2.910977 2.830176 2.724434 2.598139 2.452646 2.291396 2.123591 1.974593 1.919516 1.919516 2.740402 2.914064 3.016753 3.042861 3.042861 3.078419 3.078419 3.064697 3.064697 3.022584 2.846102 2.846102 2.497907 2.497907 2.135925 2.135925 2.135925 2.114207 2.114207 2.143731 2.143731 2.191293 2.191293 2.241529 2.241529 2.286805 2.286805 2.286805 2.322939
2.866048 2.866048 2.889272 2.916404 2.943788 2.943788 2.958744 2.981648 2.981648 3.000400 3.000400 3.016426 3.023674 3.030517 3.037308 3.037308 3.145650 3.164629 3.180223 3.192390 3.197972 3.196969 3.187528 3.166253 3.131415 3.080590 3.012146 2.926753 2.830718 2.753302 2.753302 3.188183 3.341214 3.492044 3.533791 3.533791 3.582220 3.582220 3.585506 3.585506 3.565619 3.466723 3.466723 3.268233 3.268233 2.971864 2.971864 2.971864 2.947068 2.947068 2.978716 2.978716 3.029197 3.029197 3.081964 3.081964 3.130252 3.130252 3.130252 3.170889
2.871213 2.871213 2.890889 2.918384 2.943500 2.943500 2.959116 2.982896 2.982896 3.002280 3.002280 3.019010 3.026654 3.033919 3.041194 3.041194 3.137865 3.169344 3.196710 3.220337 3.239040 3.253108 3.262403 3.265757 3.262329 3.250574 3.228705 3.195772 3.154133 3.120498 3.120498 3.362232 3.508698 3.680693 3.731741 3.731741 3.784957 3.784957 3.775841 3.775841 3.747665 3.650838 3.650838 3.509294 3.509294 3.265062 3.265062 3.265062 3.224272 3.224272 3.243103 3.243103 3.284883 3.284883 3.331524 3.331524 3.375291 3.375291 3.375291 3.412611
2.874783 2.874783 2.891802 2.919103 2.942605 2.942605 2.958621 2.982849 2.982849 3.002275 3.002275 3.018996 3.026641 3.033910 3.041259 3.041259 3.130596 3.172441 3.210708 3.244509 3.272809 3.295578 3.313030 3.325042 3.331692 3.332767 3.327738 3.316264 3.299774 3.288578 3.288578 3.436165 3.565010 3.741045 3.795685 3.795685 3.842122 3.842122 3.808313 3.808313 3.769187 3.680015 3.680015 3.589722 3.589722 3.405920 3.405920 3.405920 3.352686 3.352686 3.356659 3.356659 3.389144 3.389144 3.430554 3.430554 3.471038 3.471038 3.471038 3.505917
2.876811 2.876811 2.889227 2.919166 2.941709 2.941709 2.958103 2.982793 2.982793 3.002263 3.002263 3.018971 3.026615 3.033889 3.041356 3.041356 3.128025 3.178681 3.226752 3.270018 3.307227 3.338024 3.362503 3.380774 3.393151 3.399953 3.401410 3.397896 3.390883 3.387471 3.387471 3.480588 3.587388 3.752007 3.800479 3.800479 3.816835 3.816835 3.750322 3.750322 3.708398 3.647781 3.647781 3.609008 3.609008 3.491162 3.491162 3.491162 3.434148 3.434148 3.423091 3.423091 3.443682 3.443682 3.477939 3.477939 3.514003 3.514003 3.514003 3.545652
2.877313 2.877313 2.890984 2.918957 2.940984 2.940984 2.957690 2.982769 2.982769 3.002274 3.002274 3.018966 3.026606 3.033875 3.041502 3.041502 3.131083 3.189695 3.246491 3.298270 3.343547 3.381767 3.412878 3.437008 3.454463 3.465659 3.471062 3.471319 3.467870 3.465839 3.465839 3.523208 3.605495 3.739723 3.766484 3.766484 3.725770 3.725770 3.639757 3.639757 3.611682 3.596910 3.596910 3.603254 3.603254 3.547255 3.547255 3.547255 3.496981 3.496981 3.474914 3.474914 3.482410 3.482410 3.507125 3.507125 3.536727 3.536727 3.536727 3.563593
2.873441 2.873441 2.895017 2.918723 2.940505 2.940505 2.957410 2.982741 2.982741 3.002273 3.002273 3.018954 3.026593 3.033863 3.041725 3.041725 3.140657 3.207051 3.271713 3.330982 3.383298 3.428054 3.465137 3.494659 3.516883 3.532193 3.541065 3.544148 3.542665 3.540173 3.540173 3.572843 3.629166 3.704851 3.687233 3.687233 3.580119 3.580119 3.514625 3.514625 3.513860 3.546529 3.546529 3.586679 3.586679 3.582222 3.582222 3.582222 3.547063 3.547063 3.520898 3.520898 3.516717 3.516717 3.530366 3.530366 3.551430 3.551430 3.551430 3.571713
2.873101 2.873101 2.896114 2.918624 2.940342 2.940342 2.957319 2.982741 2.982741 3.002281 3.002281 3.018959 3.026597 3.033867 3.042053 3.042053 3.157809 3.232309 3.304183 3.369900 3.428078 3.478231 3.520301 3.554429 3.580867 3.599952 3.612093 3.617846 3.618115 3.614974 3.614974 3.629574 3.656752 3.627240 3.544726 3.544726 3.407747 3.407747 3.403259 3.403259 3.431177 3.500541 3.500541 3.563828 3.563828 3.599643 3.599643 3.599643 3.583941 3.583941 3.560962 3.560962 3.548878 3.548878 3.551404 3.551404 3.562343 3.562343 3.562343 3.574309
2.873436 2.873436 2.895018 2.918721 2.940504 2.940504 2.957409 2.982740 2.982740 3.002272 3.002272 3.018954 3.026592 3.033864 3.042495 3.042495 3.184057 3.267313 3.345884 3.416984 3.479715 3.533906 3.579690 3.617315 3.647073 3.669281 3.684293 3.692529 3.694505 3.690395 3.690395 3.688366 3.674591 3.475135 3.338372 3.338372 3.250211 3.250211 3.318862 3.318862 3.366904 3.459226 3.459226 3.537707 3.537707 3.603664 3.603664 3.603664 3.607782 3.607782 3.593454 3.593454 3.578373 3.578373 3.571225 3.571225 3.571232 3.571232 3.571232 3.573442
2.877305 2.877305 2.890987 2.918955 2.940982 2.940982 2.957688 2.982768 2.982768 3.002275 3.002275 3.018966 3.026606 3.033876 3.043123 3.043123 3.221738 3.314487 3.399191 3.474466 3.540244 3.596879 3.644827 3.684533 3.716388 3.740736 3.757895 3.768157 3.771406 3.763993 3.763993 3.736043 3.647033 3.240361 3.110582 3.110582 3.135283 3.135283 3.255104 3.255104 3.313928 3.419415 3.419415 3.508221 3.508221 3.596353 3.596353 3.596353 3.618125 3.618125 3.615231 3.615231 3.601350 3.601350 3.587159 3.587159 3.576515 3.576515 3.576515 3.568195
2.876800 2.876800 2.889232 2.919162 2.941705 2.941705 2.958100 2.982792 2.982792 3.002263 3.002263 3.018971 3.026616 3.033890 3.043990 3.043990 3.274456 3.377185 3.467121 3.545004 3.611991 3.669165 3.717432 3.757503 3.789929 3.815115 3.833378 3.844839 3.847792 3.827375 3.827375 3.736129 3.508941 2.974539 2.927933 2.927933 3.057440 3.057440 3.200748 3.200748 3.264672 3.377959 3.377959 3.474098 3.474098 3.578191 3.578191 3.578191 3.614252 3.614252 3.623040 3.623040 3.613325 3.613325 3.594988 3.594988 3.574889 3.574889 3.574889 3.556083
2.874770 2.874770 2.891809 2.919100 2.942600 2.942600 2.958616 2.982847 2.982847 3.002274 3.002274 3.018995 3.026639 3.033909 3.045169 3.045169 3.347930 3.460218 3.553589 3.631768 3.697520 3.752853 3.799211 3.837620 3.868805 3.893261 3.911314 3.922624 3.919718 3.848512 3.848512 3.603427 3.212151 2.768768 2.812441 2.812441 2.991142 2.991142 3.143297 3.143297 3.209886 3.328565 3.328565 3.430160 3.430160 3.545546 3.545546 3.545546 3.592363 3.592363 3.611317 3.611317 3.606928 3.606928 3.586854 3.586854 3.559137 3.559137 3.559137 3.530807
